x,y,z,q0,q1,q2,q3
-0.550702691078186,-0.0593070462346077,1.52091813087463,0.0625520348548889,0.184240192174911,0.782906293869019,0.590932071208954
-0.550628781318665,-0.0584877282381057,1.5208352804184,0.0616275444626808,0.18410661816597,0.783983707427979,0.589640974998474
-0.550771653652191,-0.0576425194740295,1.52099859714508,0.0622140318155288,0.184915453195572,0.783957839012146,0.589360654354095
-0.550844013690948,-0.0569597706198692,1.52096271514893,0.0621602535247802,0.18572424352169,0.784047901630402,0.58899199962616
-0.55085825920105,-0.0561400093138217,1.52092862129211,0.0620849020779132,0.185952514410019,0.784454047679901,0.58838677406311
-0.550776064395905,-0.055553488433361,1.52096581459045,0.061112243682146,0.186642602086067,0.784448087215424,0.58827805519104
-0.55088073015213,-0.0546389184892177,1.52096021175385,0.0614268258213996,0.186830759048462,0.784612357616425,0.58796626329422
-0.55080509185791,-0.0539987012743949,1.52090549468994,0.0609403252601623,0.187404587864876,0.784976065158844,0.587348759174347
-0.550694346427917,-0.053334143012762,1.52090620994568,0.0606376193463802,0.188073113560676,0.784593880176544,0.587676823139191
-0.550660789012909,-0.0524530112743377,1.52094709873199,0.0608127936720848,0.18840891122818,0.785157740116119,0.58679735660553
-0.550608575344086,-0.0517881959676742,1.52095091342926,0.0605559200048446,0.188818380236626,0.785506308078766,0.586225628852844
-0.55051451921463,-0.0513640977442264,1.52094626426697,0.0597377344965934,0.190031290054321,0.785818576812744,0.585498750209808
-0.55043351650238,-0.0506092756986618,1.52093029022217,0.0596167109906673,0.190368860960007,0.786272287368774,0.584791898727417
-0.550334393978119,-0.0499303713440895,1.52098643779755,0.0594533756375312,0.19087041914463,0.78644871711731,0.58440762758255
-0.550225436687469,-0.0493313819169998,1.52095711231232,0.0592443384230136,0.191817492246628,0.786549031734467,0.583983659744263
-0.550105214118958,-0.0485584177076816,1.52090752124786,0.0592522770166397,0.191931068897247,0.787045538425446,0.583276212215424
-0.549955487251282,-0.0479883663356304,1.52079033851624,0.0589430630207061,0.192257925868034,0.787405252456665,0.582714200019836
-0.549817562103271,-0.0474476143717765,1.52082407474518,0.0586054027080535,0.193142682313919,0.787460207939148,0.582381248474121
-0.549610614776611,-0.0469054765999317,1.52087879180908,0.0581697188317775,0.193819731473923,0.787706792354584,0.581866264343262
-0.549454987049103,-0.0463918410241603,1.5209059715271,0.0582019127905368,0.194902822375297,0.788125395774841,0.580933511257172
-0.549204230308533,-0.0458720289170742,1.52085387706757,0.0579306446015834,0.195500254631042,0.789064109325409,0.579483985900879
-0.549019694328308,-0.0453747361898422,1.52092778682709,0.0579007267951965,0.196361973881721,0.789556622505188,0.578523874282837
-0.548761487007141,-0.0449171587824821,1.52092921733856,0.0576883852481842,0.197065189480781,0.789981544017792,0.577725350856781
-0.548478662967682,-0.0444779284298419,1.5208842754364,0.0574262291193008,0.197674036026001,0.790612280368805,0.576679766178131
-0.548311829566956,-0.0438506305217742,1.52078628540039,0.0577532611787319,0.198105841875076,0.791848719120026,0.574799299240112
-0.547983527183533,-0.0435423403978347,1.52081727981567,0.0566208101809024,0.199099659919739,0.792054295539856,0.57428514957428
-0.547582745552063,-0.0431165993213653,1.52068746089935,0.0566982999444007,0.199518755078316,0.79315596818924,0.57260924577713
-0.547288060188293,-0.0427320189774036,1.52073180675507,0.0566904842853546,0.200461804866791,0.793318450450897,0.572055280208588
-0.546956539154053,-0.0423097684979438,1.52069592475891,0.0568999201059341,0.201057627797127,0.794164478778839,0.570649743080139
-0.546696424484253,-0.0420470684766769,1.52076315879822,0.0569395162165164,0.202144667506218,0.794104874134064,0.570344567298889
-0.546382546424866,-0.0415953174233436,1.52073466777802,0.0577918775379657,0.202743217349052,0.795177698135376,0.568548738956451
-0.545917630195618,-0.041239071637392,1.52060461044312,0.0579948425292968,0.203011959791183,0.796246767044067,0.566933810710907
-0.545611262321472,-0.0408181324601173,1.52040135860443,0.0581756457686424,0.203503727912903,0.796592712402344,0.566252470016479
-0.545178294181824,-0.0404620468616485,1.52042996883392,0.0591679103672504,0.203993380069733,0.798078060150146,0.563876986503601
-0.544732809066772,-0.0403762534260749,1.52037024497986,0.0594702884554863,0.205373138189316,0.797913789749146,0.563576877117157
-0.544264256954193,-0.0401178300380706,1.52035510540009,0.0600721351802349,0.205726876854896,0.798757135868073,0.562187492847443
-0.543825268745422,-0.0399247035384178,1.5202819108963,0.0607447959482669,0.206352293491363,0.79942387342453,0.56093692779541
-0.54347163438797,-0.039858341217041,1.52023839950562,0.0611861310899257,0.207794159650803,0.79900062084198,0.560959875583649
-0.542929649353027,-0.0395832248032093,1.52013516426086,0.0624740347266197,0.208101898431778,0.800189912319183,0.559005200862885
-0.542428195476532,-0.0394342355430126,1.51997697353363,0.0630475878715515,0.208575680851936,0.800596833229065,0.558181047439575
-0.541834950447083,-0.0393296182155609,1.51973974704742,0.0638509318232536,0.208778321743011,0.801733076572418,0.556380271911621
-0.541360855102539,-0.0391126126050949,1.5195894241333,0.0651531666517257,0.209112271666527,0.802755415439606,0.554627001285553
-0.540800213813782,-0.0390634126961231,1.51949167251587,0.0661799535155296,0.209833174943924,0.802832782268524,0.554120719432831
-0.540195643901825,-0.038933377712965,1.51937544345856,0.0674007013440132,0.210124596953392,0.803205251693726,0.553323030471802
-0.539619624614716,-0.0389541313052177,1.51919674873352,0.0684965699911117,0.21080493927002,0.803578197956085,0.552387356758118
-0.538975179195404,-0.0389897264540195,1.51904559135437,0.0692988708615303,0.211061254143715,0.80388480424881,0.551742851734161
-0.538496613502502,-0.0388893671333789,1.51901590824127,0.0711300000548362,0.211515247821808,0.804451942443848,0.550507962703705
-0.537827432155609,-0.0391375757753849,1.51875185966492,0.0720102041959762,0.212454184889793,0.804247200489044,0.550330996513367
-0.537223637104034,-0.0391997545957565,1.51869487762451,0.0735143274068832,0.213045388460159,0.80416476726532,0.550023972988129
-0.536371290683746,-0.0392788872122764,1.51837742328644,0.074700228869915,0.212977305054665,0.804232656955719,0.549791216850281
-0.535824835300446,-0.0394142344594001,1.51840150356293,0.0764018073678016,0.213387235999107,0.804240703582764,0.549386560916901
-0.534966647624969,-0.0394127890467643,1.51813054084778,0.0777660235762596,0.212713286280632,0.80471670627594,0.54875910282135
-0.534648656845093,-0.0398981273174285,1.51809465885162,0.0796427428722381,0.214177265763283,0.804793536663055,0.547807097434998
-0.533927381038666,-0.0402055978775024,1.51795244216919,0.0807168334722518,0.214395120739937,0.804604470729828,0.547842383384705
-0.533927381038666,-0.0402055978775024,1.51795244216919,0.0807168334722518,0.214395120739937,0.804604470729828,0.547842383384705
-0.531760931015015,-0.041240319609642,1.51745629310608,0.0825395286083221,0.214506223797798,0.802189886569977,0.551058709621429
-0.531411468982697,-0.0410766042768955,1.51730561256409,0.0852579697966575,0.214309230446815,0.802758514881134,0.54989218711853
-0.530589938163757,-0.0415640398859977,1.5171240568161,0.0868644341826438,0.214483052492142,0.802625238895416,0.549767553806305
-0.530243694782257,-0.0423272624611854,1.51709914207458,0.0892519354820251,0.215967997908592,0.80184280872345,0.549945592880249
-0.529386758804321,-0.042876549065113,1.51692450046539,0.0908102691173553,0.215977653861046,0.801772892475128,0.549788653850555
-0.528649032115936,-0.0434007085859775,1.51673007011414,0.092544600367546,0.215882435441017,0.800878405570984,0.550839364528656
-0.52788257598877,-0.0439337417483329,1.51658427715302,0.0948078110814094,0.215916961431503,0.800524055957794,0.550956308841705
-0.527361631393433,-0.0444032698869705,1.5165137052536,0.0976019576191902,0.216261833906174,0.799221038818359,0.552223265171051
-0.526383817195892,-0.0452919080853462,1.51628959178925,0.0988594442605972,0.216649293899536,0.797961115837097,0.553667783737183
-0.52567183971405,-0.0459697470068931,1.51613056659698,0.101205997169018,0.216848537325859,0.796479523181915,0.555296778678894
-0.524824023246765,-0.046691283583641,1.51593434810638,0.103608176112175,0.216897964477539,0.795131504535675,0.556764483451843
-0.524072706699371,-0.0473719015717506,1.51585102081299,0.106342069804668,0.216838508844376,0.793278396129608,0.558911442756653
-0.523382484912872,-0.0480532497167587,1.5156843662262,0.109123863279819,0.216497212648392,0.791930615901947,0.560416758060455
-0.522332370281219,-0.0492212176322937,1.51532053947449,0.110688760876655,0.217281371355057,0.789329588413239,0.563467562198639
-0.521751403808594,-0.0498427078127861,1.51531898975372,0.114311173558235,0.21723248064518,0.786623120307922,0.566539585590363
-0.520889818668365,-0.0509016886353492,1.51499497890472,0.116710044443607,0.217349767684936,0.784284949302673,0.569240927696228
-0.519990265369415,-0.0518741235136985,1.51482582092285,0.119143769145012,0.216783493757248,0.781827807426453,0.572324395179749
-0.51918488740921,-0.0529617294669151,1.51455938816071,0.122167028486729,0.217335090041161,0.778482854366302,0.576025307178497
-0.518440902233124,-0.0540348291397094,1.5145423412323,0.125108554959297,0.217853769659996,0.773983061313629,0.581238269805908
-0.51763790845871,-0.0549642778933048,1.51427698135376,0.12830950319767,0.217322319746017,0.770624816417694,0.585188210010529
-0.515565514564514,-0.0566550977528095,1.51408982276917,0.128519177436829,0.217999875545502,0.760570526123047,0.59790575504303
-0.515958786010742,-0.0574553199112415,1.51390755176544,0.13409548997879,0.217967361211777,0.761572539806366,0.59541255235672
-0.514168798923492,-0.0587880462408065,1.51361286640167,0.136196598410606,0.217486038804054,0.751017212867737,0.608377814292908
-0.514583706855774,-0.059779118746519,1.51363825798035,0.141147181391716,0.217847436666489,0.752040207386017,0.605851173400879
-0.512685239315033,-0.0615891143679618,1.51338982582092,0.141532450914383,0.218588903546333,0.739677250385284,0.620535969734192
-0.513230204582214,-0.0623671039938926,1.51327180862427,0.147901698946953,0.218212708830833,0.740412771701813,0.61830198764801
-0.511090457439423,-0.0641340836882591,1.51262652873993,0.148585304617882,0.217798009514809,0.729225039482117,0.631440758705139
-0.511716783046722,-0.0652004033327102,1.51300179958344,0.155015408992767,0.218706950545311,0.727712094783783,0.631326079368591
-0.509694993495941,-0.0670671835541725,1.51266694068909,0.156242191791534,0.218440651893616,0.716405808925629,0.643921434879303
-0.510195672512054,-0.0682502314448356,1.51263654232025,0.162632077932358,0.219271138310432,0.716004729270935,0.642501592636108
-0.508192479610443,-0.0700684562325477,1.51227188110352,0.163628309965134,0.218315690755844,0.703526079654694,0.656212747097015
-0.508752465248108,-0.0713671967387199,1.51222729682922,0.169460788369179,0.219403550028801,0.702400326728821,0.655575335025787
-0.508058071136475,-0.0729628950357437,1.51208138465881,0.173218637704849,0.219476610422134,0.696022629737854,0.661345660686493
-0.507289588451385,-0.074618399143219,1.51189684867859,0.176731511950493,0.219435468316078,0.68923431634903,0.667510449886322
-0.506609439849854,-0.0762760415673255,1.51164376735687,0.180481165647507,0.219523891806602,0.682032942771912,0.673844933509827
-0.505951523780823,-0.0780258476734161,1.51134169101715,-0.183772996068001,-0.219811096787453,-0.675982892513275,-0.678938746452332
-0.505300939083099,-0.0797299370169639,1.51121973991394,-0.187961980700493,-0.220308870077133,-0.669010281562805,-0.684514164924622
-0.504647552967072,-0.0814873874187469,1.51083695888519,-0.191260188817978,-0.220241367816925,-0.662526309490204,-0.689907491207123
-0.503953456878662,-0.0833129733800888,1.51057410240173,-0.194774359464645,-0.22099506855011,-0.655042946338654,-0.695803880691528
-0.503320872783661,-0.0849727615714073,1.51054716110229,-0.198934212327003,-0.220779493451118,-0.649253606796265,-0.700107991695404
-0.502050817012787,-0.087395891547203,1.51034832000732,-0.198016762733459,-0.22094888985157,-0.638269603252411,-0.710339963436127
-0.502541720867157,-0.0890219137072563,1.51028096675873,-0.204711616039276,-0.222321227192879,-0.63757050037384,-0.708639740943909
-0.501648485660553,-0.0904313027858734,1.50994884967804,-0.209443032741547,-0.221376672387123,-0.630833446979523,-0.713565051555634
-0.501028656959534,-0.0922695696353912,1.50947213172913,-0.212655201554298,-0.221384808421135,-0.625459969043732,-0.71733283996582
-0.500468373298645,-0.0939612761139869,1.5092681646347,-0.21581868827343,-0.221017569303512,-0.620770573616028,-0.720567464828491
-0.499948501586914,-0.0959355607628822,1.50913107395172,-0.218719586730003,-0.221086636185646,-0.614897489547729,-0.724695324897766
-0.499525189399719,-0.097673512995243,1.50873208045959,-0.221802443265915,-0.220829457044601,-0.610847473144531,-0.727257490158081
-0.497463703155518,-0.0998917892575264,1.50846564769745,-0.222026258707047,-0.218559235334396,-0.601793050765991,-0.735378444194794
-0.497321307659149,-0.101739443838596,1.50843834877014,-0.225310623645782,-0.218743994832039,-0.597260236740112,-0.738015234470367
-0.496930032968521,-0.103583917021751,1.5083841085434,-0.228000998497009,-0.218677073717117,-0.593657553195953,-0.740112602710724
-0.496390223503113,-0.105754338204861,1.50801622867584,-0.229890495538711,-0.218039512634277,-0.590667963027954,-0.742105484008789
-0.49601936340332,-0.107137233018875,1.50790572166443,-0.232951045036316,-0.217174038290977,-0.587053120136261,-0.744270205497742
-0.495709627866745,-0.109073929488659,1.5076230764389,-0.234942749142647,-0.216623142361641,-0.584381222724915,-0.74590539932251
-0.495413184165955,-0.110956057906151,1.50751185417175,-0.237165614962578,-0.216071397066116,-0.581212162971497,-0.747835636138916
-0.495087295770645,-0.1128064468503,1.50740230083466,-0.239090085029602,-0.215824142098427,-0.578751444816589,-0.749201416969299
-0.494815737009048,-0.114558696746826,1.50706899166107,-0.241070717573166,-0.214783176779747,-0.577147603034973,-0.750102579593658
-0.494573950767517,-0.116380363702774,1.50699150562286,-0.243208885192871,-0.214311644434929,-0.574947118759155,-0.751236140727997
-0.494305282831192,-0.118226207792759,1.50709545612335,-0.245304107666016,-0.213726133108139,-0.572570443153381,-0.752535879611969
-0.494046926498413,-0.120057761669159,1.50680077075958,-0.246727809309959,-0.212894439697266,-0.571154177188873,-0.753381967544556
-0.49390059709549,-0.12190505862236,1.50684881210327,-0.24876657128334,-0.212081268429756,-0.569340646266937,-0.754312932491302
-0.493550598621368,-0.12406874448061,1.50648498535156,-0.249525740742683,-0.211215540766716,-0.568508267402649,-0.754932641983032
-0.493345677852631,-0.125829607248306,1.50633811950684,-0.251411736011505,-0.210065096616745,-0.567654132843018,-0.755270540714264
-0.493263840675354,-0.127467066049576,1.50633335113525,-0.253136903047562,-0.20939402282238,-0.566497981548309,-0.755748629570007
-0.493037045001984,-0.129065915942192,1.50621128082275,-0.255045801401138,-0.208015561103821,-0.565176367759705,-0.756476700305939
-0.492798388004303,-0.131286114454269,1.50593483448029,-0.255526185035706,-0.20758356153965,-0.564841151237488,-0.756683528423309
-0.492475926876068,-0.132897317409515,1.50572180747986,-0.256905823945999,-0.205779492855072,-0.563915431499481,-0.757399201393127
-0.49260014295578,-0.134840473532677,1.50569558143616,-0.258796572685242,-0.205782547593117,-0.563767671585083,-0.756864428520203
-0.49239319562912,-0.136533558368683,1.50556123256683,-0.260195851325989,-0.204502031207085,-0.563220083713531,-0.757139623165131
-0.492329716682434,-0.13795180618763,1.50559318065643,-0.262157559394836,-0.20346163213253,-0.562548756599426,-0.757242143154144
-0.49213445186615,-0.139668539166451,1.50537824630737,-0.263267606496811,-0.202119991183281,-0.561631739139557,-0.757896721363068
-0.49191826581955,-0.141347527503967,1.50534439086914,-0.264634042978287,-0.201083928346634,-0.561040699481964,-0.758134067058563
-0.49199178814888,-0.143264546990395,1.50521504878998,-0.265899837017059,-0.200778424739838,-0.560739815235138,-0.757994949817657
-0.491927325725555,-0.144939601421356,1.50510656833649,-0.267483979463577,-0.199872180819511,-0.560717105865479,-0.757693827152252
-0.491941154003143,-0.146764546632767,1.50501561164856,-0.268703937530518,-0.199290499091148,-0.560432374477386,-0.757625937461853
-0.491928517818451,-0.148665621876717,1.50479698181152,-0.269384652376175,-0.198668867349625,-0.560494005680084,-0.757501900196075
-0.491717845201492,-0.150210201740265,1.50484824180603,-0.271101117134094,-0.197568714618683,-0.560030043125153,-0.757520377635956
-0.491667300462723,-0.151906386017799,1.50475287437439,-0.272312790155411,-0.196474641561508,-0.559600949287415,-0.757687449455261
-0.491663873195648,-0.153804451227188,1.50448143482208,-0.272698849439621,-0.195760414004326,-0.559956848621368,-0.757470488548279
-0.491566002368927,-0.155306175351143,1.50436162948608,-0.274278104305267,-0.194319024682045,-0.560177326202393,-0.757108449935913
-0.491472482681274,-0.156985938549042,1.50427567958832,-0.275406837463379,-0.193241000175476,-0.560367584228516,-0.756833553314209
-0.491559147834778,-0.15860353410244,1.50417733192444,-0.276854395866394,-0.192114159464836,-0.56050169467926,-0.756492972373962
-0.49148029088974,-0.160212934017181,1.50417459011078,-0.278110504150391,-0.191328540444374,-0.560204446315765,-0.756451606750488
-0.491621315479279,-0.162233382463455,1.50404322147369,-0.27747654914856,-0.191132009029388,-0.561052799224854,-0.756105065345764
-0.491408586502075,-0.163587242364883,1.50395750999451,-0.279819518327713,-0.18956333398819,-0.560328006744385,-0.756174266338348
-0.491407811641693,-0.165149092674255,1.50380110740662,-0.280906200408935,-0.188577950000763,-0.560866117477417,-0.755618512630463
-0.491382867097855,-0.166776612401009,1.50370943546295,-0.281974077224731,-0.187526479363441,-0.561395227909088,-0.755089282989502
-0.491236060857773,-0.168662041425705,1.50344276428223,-0.282377332448959,-0.186575949192047,-0.561981499195099,-0.754737973213196
-0.491220951080322,-0.169939875602722,1.50349760055542,-0.283554315567017,-0.185619965195656,-0.561986684799194,-0.7545285820961
-0.491320461034775,-0.171509742736816,1.5035320520401,-0.284753799438477,-0.184997543692589,-0.561973690986633,-0.75423926115036
-0.491187214851379,-0.172986939549446,1.50339376926422,-0.285372316837311,-0.183772712945938,-0.562397599220276,-0.753988862037659
-0.490947127342224,-0.174480110406876,1.50335133075714,-0.286072134971619,-0.182620599865913,-0.562825500965118,-0.753684163093567
-0.491098701953888,-0.176453545689583,1.50300538539886,-0.286050796508789,-0.183233693242073,-0.564339220523834,-0.752410650253296
-0.490942358970642,-0.177446007728577,1.50319063663483,-0.28786289691925,-0.180985406041145,-0.563292443752289,-0.7530477643013
-0.490989923477173,-0.17893736064434,1.50316953659058,-0.288858413696289,-0.180289059877396,-0.564192652702332,-0.752159118652344
-0.49092048406601,-0.180390015244484,1.50301349163055,-0.289421737194061,-0.179396167397499,-0.5638347864151,-0.752424478530884
-0.490713328123093,-0.182103127241135,1.50281572341919,-0.289532154798508,-0.178743347525597,-0.564588010311127,-0.751972436904907
-0.490566372871399,-0.183120742440224,1.50283086299896,-0.290269285440445,-0.177638724446297,-0.564700782299042,-0.751865208148956
-0.490504801273346,-0.184512376785278,1.50285243988037,-0.291184186935425,-0.176822558045387,-0.56429249048233,-0.75201028585434
-0.490650773048401,-0.18618294596672,1.50265979766846,-0.291020810604095,-0.176856651902199,-0.565631628036499,-0.751058995723724
-0.490520715713501,-0.187591269612312,1.50259518623352,-0.291252315044403,-0.176494300365448,-0.56620991230011,-0.750618517398834
-0.490160405635834,-0.188613742589951,1.50254726409912,-0.292211383581161,-0.175165310502052,-0.566225171089172,-0.750545740127563
-0.489938944578171,-0.189842656254768,1.50255489349365,-0.292549908161163,-0.174230828881264,-0.566545903682709,-0.750389218330383
-0.489941120147705,-0.19149374961853,1.50242102146149,-0.292354166507721,-0.174514710903168,-0.568003118038177,-0.749297142028809
-0.489805847406387,-0.192798063158989,1.50230181217194,-0.292476922273636,-0.174198940396309,-0.56902003288269,-0.748550772666931
-0.489450007677078,-0.19380609691143,1.50228941440582,-0.293053299188614,-0.173644497990608,-0.568945825099945,-0.748510539531708
-0.489210784435272,-0.195056736469269,1.50213551521301,-0.292890191078186,-0.173164024949074,-0.569929957389832,-0.747936844825745
-0.48913836479187,-0.196468159556389,1.50200569629669,-0.292656660079956,-0.173433229327202,-0.570836901664734,-0.747273921966553
-0.489025622606277,-0.197799503803253,1.50187826156616,-0.292529284954071,-0.173982620239258,-0.572237193584442,-0.74612420797348
-0.488856643438339,-0.198395565152168,1.50207126140594,-0.294155120849609,-0.173646301031113,-0.572537362575531,-0.745332598686218
-0.488571465015411,-0.199614018201828,1.50203216075897,-0.294141829013824,-0.174039393663406,-0.573565900325775,-0.74445503950119
-0.488183587789536,-0.201120838522911,1.50169217586517,-0.293006122112274,-0.174049735069275,-0.575182974338531,-0.743652284145355
-0.487728476524353,-0.202256336808205,1.50155639648438,-0.292833417654037,-0.173968479037285,-0.57642126083374,-0.742779970169067
-0.487630903720856,-0.203519344329834,1.50145125389099,-0.293052226305008,-0.174626722931862,-0.577897787094116,-0.741390705108643
-0.487402230501175,-0.20404589176178,1.50168240070343,-0.294637650251388,-0.17494960129261,-0.578359842300415,-0.740325033664703
-0.48769274353981,-0.205217331647873,1.50153505802155,-0.295059382915497,-0.176081746816635,-0.58162397146225,-0.737325489521027
-0.487293362617493,-0.206255182623863,1.50145280361176,-0.295176446437836,-0.176506608724594,-0.582808911800385,-0.73624050617218
-0.486445665359497,-0.207142680883408,1.50128066539764,-0.294913917779922,-0.176439464092255,-0.581343233585358,-0.737519443035126
-0.486117899417877,-0.208157241344452,1.50102996826172,-0.294854193925857,-0.176904529333115,-0.582987546920776,-0.736132740974426
-0.48586642742157,-0.209228411316872,1.50087547302246,-0.295018166303635,-0.177642494440079,-0.58401620388031,-0.735073208808899
-0.48557186126709,-0.21027934551239,1.5009959936142,-0.295549094676971,-0.178513139486313,-0.585192561149597,-0.733712136745453
-0.485208928585052,-0.21132005751133,1.50082540512085,-0.295600205659866,-0.179171055555344,-0.586240351200104,-0.732694029808044
-0.484967410564423,-0.2124083340168,1.5005829334259,-0.29551899433136,-0.179879054427147,-0.587103307247162,-0.731861770153046
-0.484773516654968,-0.213405400514603,1.50051975250244,-0.295931190252304,-0.180665284395218,-0.588228344917297,-0.730597257614136
-0.484397977590561,-0.214359819889069,1.50045931339264,-0.296109676361084,-0.1809301674366,-0.588807463645935,-0.729992687702179
-0.48415470123291,-0.215447440743446,1.50047504901886,-0.296313345432281,-0.181548237800598,-0.589075922966003,-0.729539811611176
-0.483888328075409,-0.216512739658356,1.50028657913208,-0.29620435833931,-0.181971848011017,-0.589807033538818,-0.728887498378754
-0.483620792627335,-0.217513278126717,1.50012648105621,-0.296107053756714,-0.182346880435944,-0.590360522270203,-0.728385031223297
-0.483412325382233,-0.218431666493416,1.49995267391205,-0.296275317668915,-0.182793989777565,-0.590916037559509,-0.727753937244415
-0.483110815286636,-0.219382286071777,1.49979674816132,-0.296320855617523,-0.182891517877579,-0.591289758682251,-0.727407038211823
-0.482891321182251,-0.220337107777595,1.5000433921814,-0.297128677368164,-0.183612480759621,-0.591147601604462,-0.727011382579803
-0.48272493481636,-0.221324145793915,1.49992215633392,-0.297257125377655,-0.183910086750984,-0.591629147529602,-0.726491630077362
-0.482585906982422,-0.222275048494339,1.49995601177216,-0.297712534666061,-0.184368282556534,-0.591576635837555,-0.726231873035431
-0.482385069131851,-0.223223775625229,1.49987637996674,-0.297753661870956,-0.184332609176636,-0.591618418693542,-0.726190030574799
-0.482207179069519,-0.224170058965683,1.49983632564545,-0.297962665557861,-0.184503257274628,-0.591593325138092,-0.726081430912018
-0.482502073049545,-0.225103169679642,1.49992823600769,-0.298763751983643,-0.185292676091194,-0.593470692634583,-0.724016129970551
-0.481847047805786,-0.225997775793076,1.49977278709412,-0.298193752765656,-0.184761941432953,-0.59192156791687,-0.725653171539307
-0.481699883937836,-0.226874113082886,1.49956154823303,-0.298051446676254,-0.184671431779861,-0.592262327671051,-0.725456655025482
-0.481507420539856,-0.227639406919479,1.49965155124664,-0.298498660326004,-0.184579327702522,-0.592367053031921,-0.725210666656494
-0.481432020664215,-0.228512197732925,1.4995801448822,-0.298618584871292,-0.18459540605545,-0.591963708400726,-0.725486397743225
-0.481118202209473,-0.229169130325317,1.49956822395325,-0.298649609088898,-0.183902889490128,-0.591812074184418,-0.725773274898529
-0.481125712394714,-0.230098083615303,1.49963998794556,-0.298779547214508,-0.184281125664711,-0.592274844646454,-0.725246012210846
-0.480975747108459,-0.230872720479965,1.49945390224457,-0.298626691102982,-0.184246465563774,-0.592473089694977,-0.725155830383301
-0.480878889560699,-0.231555491685867,1.49944674968719,-0.298822164535522,-0.184034138917923,-0.592511177062988,-0.725098192691803
-0.480788707733154,-0.23223651945591,1.49965143203735,-0.299363225698471,-0.184003919363022,-0.592560291290283,-0.724842548370361
-0.480773448944092,-0.233082100749016,1.49957501888275,-0.299180954694748,-0.184271603822708,-0.592842042446136,-0.724619328975677
-0.480663388967514,-0.233702823519707,1.49940729141235,-0.29900199174881,-0.183872058987617,-0.593135893344879,-0.724554240703583
-0.480423718690872,-0.234161347150803,1.49936091899872,-0.299102574586868,-0.183315932750702,-0.593101739883423,-0.724681437015533
-0.480507791042328,-0.234905630350113,1.49942815303802,-0.299251645803451,-0.183690100908279,-0.593506693840027,-0.724193513393402
-0.480356305837631,-0.235476195812225,1.49944531917572,-0.299292147159576,-0.183537140488624,-0.59347528219223,-0.724241375923157
-0.480248034000397,-0.236044406890869,1.49945449829102,-0.299295723438263,-0.183563560247421,-0.593612432479858,-0.724120676517487
-0.4801384806633,-0.236566439270973,1.49943494796753,-0.299201190471649,-0.183513149619102,-0.593717396259308,-0.72408652305603
-0.480041563510895,-0.237061619758606,1.49939107894897,-0.299055904150009,-0.18359312415123,-0.593862295150757,-0.724007546901703
-0.479957044124603,-0.237618997693062,1.49937570095062,-0.298862636089325,-0.183823406696319,-0.594096064567566,-0.723837018013
-0.479931831359863,-0.238255098462105,1.49946963787079,-0.29880890250206,-0.184529989957809,-0.594223916530609,-0.72357451915741
-0.479832828044891,-0.238671079277992,1.49925565719604,-0.298479408025742,-0.184560239315033,-0.594467282295227,-0.723502814769745
-0.479760766029358,-0.239160016179085,1.49918913841248,-0.298239886760712,-0.184748604893684,-0.594854772090912,-0.723235011100769
-0.479603767395019,-0.239566713571548,1.49936366081238,-0.29847252368927,-0.184950917959213,-0.594946920871735,-0.723011553287506
-0.479488611221313,-0.239953607320785,1.49932789802551,-0.298431575298309,-0.18516418337822,-0.595343172550201,-0.722647607326508
-0.47938135266304,-0.240365907549858,1.4992094039917,-0.298138946294784,-0.185497179627418,-0.595752835273743,-0.722345292568207
-0.479308545589447,-0.240782767534256,1.49917793273926,-0.298053354024887,-0.185935690999031,-0.595913469791412,-0.722135245800018
-0.479202479124069,-0.24119159579277,1.49922847747803,-0.298131048679352,-0.186382248997688,-0.596032619476318,-0.721889853477478
-0.479083627462387,-0.241548240184784,1.49911248683929,-0.297924429178238,-0.18667821586132,-0.59634131193161,-0.721643447875977
-0.478932291269302,-0.241895079612732,1.49903655052185,-0.297747135162354,-0.186826854944229,-0.596172988414764,-0.721817255020142
-0.478772103786469,-0.242216497659683,1.49907577037811,-0.29787015914917,-0.186996176838875,-0.596246838569641,-0.721661627292633
-0.478656589984894,-0.242560625076294,1.49902236461639,-0.297819703817367,-0.187297821044922,-0.596466422080994,-0.721422851085663
-0.478559792041779,-0.242940902709961,1.49898719787598,-0.297725170850754,-0.187721133232117,-0.596508681774139,-0.721316695213318
-0.478456020355225,-0.243263214826584,1.49893307685852,-0.297668695449829,-0.187918603420258,-0.596691250801086,-0.721137762069702
-0.478342622518539,-0.243617460131645,1.49886655807495,-0.297537684440613,-0.188262313604355,-0.597005546092987,-0.720841884613037
-0.478211224079132,-0.2439786195755,1.49892818927765,-0.297568172216415,-0.188626930117607,-0.59722375869751,-0.720553278923035
-0.478048950433731,-0.24431362748146,1.49888622760773,-0.297436714172363,-0.188823834061623,-0.597555994987488,-0.720280408859253
-0.47788006067276,-0.244634374976158,1.49884986877441,-0.297371476888657,-0.188992604613304,-0.597686648368835,-0.720154702663422
-0.477738082408905,-0.244973629713058,1.49866378307343,-0.296947568655014,-0.189293399453163,-0.597889006137848,-0.720082700252533
-0.477502107620239,-0.245293155312538,1.49874770641327,-0.29706022143364,-0.189463198184967,-0.5980384349823,-0.719867408275604
-0.477329254150391,-0.245614066720009,1.49858808517456,-0.296878188848495,-0.189659059047699,-0.598336279392242,-0.719643473625183
-0.477094292640686,-0.245857954025268,1.498406291008,-0.296756118535995,-0.189620435237884,-0.598710894584656,-0.7193922996521
-0.476959854364395,-0.246250450611115,1.49836111068726,-0.296791255474091,-0.18991094827652,-0.599277973175049,-0.718828678131104
-0.476720780134201,-0.246497690677643,1.49828290939331,-0.296869099140167,-0.190013721585274,-0.599622666835785,-0.7184818983078
-0.476577788591385,-0.246895745396614,1.4983344078064,-0.297096014022827,-0.190396428108215,-0.599905610084534,-0.718050599098206
-0.476387947797775,-0.247300013899803,1.49810945987701,-0.296804428100586,-0.190783187747002,-0.600369274616241,-0.717680811882019
-0.476145923137665,-0.247647807002068,1.49809467792511,-0.29689833521843,-0.191134169697762,-0.600565433502197,-0.717384397983551
-0.475896894931793,-0.247972771525383,1.49802446365356,-0.296882212162018,-0.191289812326431,-0.600997149944305,-0.716988027095795
-0.475673913955688,-0.248358204960823,1.49809491634369,-0.297188341617584,-0.191811695694923,-0.601148128509521,-0.716594994068146
-0.475425481796265,-0.248718857765198,1.49810564517975,-0.297342896461487,-0.192192390561104,-0.601449131965637,-0.716176152229309
-0.475142866373062,-0.24912428855896,1.49804759025574,-0.297360986471176,-0.192539691925049,-0.601912677288055,-0.715685725212097
-0.474864095449448,-0.249461203813553,1.49793124198914,-0.297384142875671,-0.192759439349174,-0.602422118186951,-0.715188205242157
-0.474524676799774,-0.249747425317764,1.49788427352905,-0.297684609889984,-0.192903742194176,-0.602895557880402,-0.714625000953674
-0.474194228649139,-0.250081956386566,1.49772572517395,-0.297715365886688,-0.193221285939217,-0.603176712989807,-0.714289307594299
-0.473813027143478,-0.250466823577881,1.49752414226532,-0.297578275203705,-0.193455725908279,-0.603477299213409,-0.714028835296631
-0.473511785268784,-0.250857442617416,1.49774694442749,-0.298277139663696,-0.194144859910011,-0.60354608297348,-0.713491857051849
-0.473118245601654,-0.251171350479126,1.49757647514343,-0.298624694347382,-0.194187477231026,-0.604021906852722,-0.712932109832764
-0.472744315862656,-0.251577705144882,1.49747848510742,-0.29886394739151,-0.194495677947998,-0.6048703789711,-0.712027788162231
-0.472426176071167,-0.251895397901535,1.49749994277954,-0.299577593803406,-0.194788962602615,-0.605062186717987,-0.711484611034393
-0.472030222415924,-0.252232849597931,1.49742674827576,-0.300191909074783,-0.195007368922233,-0.60537576675415,-0.710898697376251
-0.471680998802185,-0.252611398696899,1.49722766876221,-0.300503849983215,-0.195457056164741,-0.605614006519318,-0.710440516471863
-0.471383541822433,-0.253029644489288,1.49709045886993,-0.300881266593933,-0.196031451225281,-0.605617940425873,-0.710119187831879
-0.471064805984497,-0.253434479236603,1.49687302112579,-0.301179379224777,-0.196429923176765,-0.605742633342743,-0.709776222705841
-0.470653116703033,-0.253783583641052,1.49698317050934,-0.301970154047012,-0.19661408662796,-0.605915248394012,-0.709241569042206
-0.470282077789307,-0.25411593914032,1.49686598777771,-0.302440494298935,-0.196883469820022,-0.605892896652222,-0.708985567092896
-0.469976127147675,-0.254474282264709,1.49667310714722,-0.302887856960297,-0.197134390473366,-0.606090486049652,-0.70855575799942
-0.469594538211823,-0.254776418209076,1.49652671813965,-0.303503632545471,-0.197267517447472,-0.606631934642792,-0.70779150724411
-0.469223141670227,-0.25508850812912,1.49622738361359,-0.303830623626709,-0.197407931089401,-0.606730699539185,-0.707527339458466
-0.468900322914123,-0.255392670631409,1.49603188037872,-0.304327070713043,-0.197530999779701,-0.607107043266296,-0.706956624984741
-0.468443632125854,-0.255632430315018,1.49584209918976,-0.304881930351257,-0.197543188929558,-0.607231080532074,-0.706607460975647
-0.46812978386879,-0.25599592924118,1.49576413631439,-0.305361181497574,-0.198082193732262,-0.606959044933319,-0.706483423709869
-0.46812978386879,-0.25599592924118,1.49576413631439,-0.305361181497574,-0.198082193732262,-0.606959044933319,-0.706483423709869
-0.467520534992218,-0.256524860858917,1.49538218975067,-0.306269854307175,-0.198840945959091,-0.607186317443848,-0.705681324005127
-0.467152655124664,-0.256740391254425,1.49540424346924,-0.307309180498123,-0.199181362986565,-0.607209146022797,-0.705113530158997
-0.466864436864853,-0.257006913423538,1.49524569511414,-0.307990372180939,-0.199386224150658,-0.607719838619232,-0.704317986965179
-0.466612011194229,-0.257224678993225,1.49517798423767,-0.308762848377228,-0.19958470761776,-0.608216285705566,-0.703494429588318
-0.466318190097809,-0.257459789514542,1.4949951171875,-0.309260845184326,-0.199766457080841,-0.608453989028931,-0.703018546104431
-0.466110199689865,-0.257567197084427,1.49481880664825,-0.310078918933868,-0.199659928679466,-0.607457399368286,-0.703549921512604
-0.465760469436646,-0.25785881280899,1.49468946456909,-0.310553401708603,-0.20006100833416,-0.608968555927277,-0.701918482780457
-0.465474277734756,-0.258039116859436,1.49454772472382,-0.311086148023605,-0.200299113988876,-0.609121382236481,-0.701481938362122
-0.46523779630661,-0.258074164390564,1.49444901943207,-0.311992973089218,-0.200145810842514,-0.608188331127167,-0.7019322514534
-0.464934349060059,-0.258413404226303,1.49428200721741,-0.312049508094788,-0.200936570763588,-0.609426200389862,-0.700606405735016
-0.464768171310425,-0.258532673120499,1.49421358108521,-0.312957018613815,-0.201261028647423,-0.610006928443909,-0.699602484703064
-0.46456977725029,-0.258751899003982,1.49407172203064,-0.313480645418167,-0.201647385954857,-0.61039924621582,-0.698914289474487
-0.464421570301056,-0.258741766214371,1.49410939216614,-0.314756512641907,-0.201546728610992,-0.609490156173706,-0.699163138866425
-0.464110344648361,-0.258765935897827,1.49388992786407,-0.3149773478508,-0.201576322317123,-0.609962582588196,-0.698642909526825
-0.463878333568573,-0.258968323469162,1.49393057823181,-0.315412104129791,-0.202253133058548,-0.610843181610107,-0.697480797767639
-0.463711202144623,-0.25910484790802,1.49378311634064,-0.315657377243042,-0.20264995098114,-0.610924065113068,-0.697184026241302
-0.464282751083374,-0.259315282106399,1.49388778209686,-0.317087888717651,-0.203791335225105,-0.612618327140808,-0.694710850715637
-0.464118242263794,-0.259321957826614,1.49377572536469,-0.317527890205383,-0.203777119517326,-0.612851977348328,-0.694307804107666
-0.4640132188797,-0.259368032217026,1.49366199970245,-0.317854017019272,-0.204129204154015,-0.61300140619278,-0.693923234939575
-0.46390962600708,-0.259349554777145,1.49353659152985,-0.318367958068848,-0.204454004764557,-0.612824559211731,-0.69374817609787
-0.463750034570694,-0.259464859962463,1.49339759349823,-0.31835463643074,-0.204898998141289,-0.613810539245605,-0.692750513553619
-0.463684558868408,-0.259487241506576,1.49331605434418,-0.31863209605217,-0.20519046485424,-0.614030957221985,-0.692341387271881
-0.463114947080612,-0.259316205978393,1.49285078048706,-0.317829042673111,-0.204155743122101,-0.612872898578644,-0.694040298461914
-0.463020026683807,-0.259286195039749,1.49289560317993,-0.318305939435959,-0.204247996211052,-0.613090217113495,-0.693602681159973
-0.462997496128082,-0.259241700172424,1.49284398555756,-0.318554252386093,-0.204343408346176,-0.613286137580872,-0.693287253379822
-0.462996065616608,-0.259190827608109,1.49279451370239,-0.318690687417984,-0.204434111714363,-0.613444805145264,-0.693057537078857
-0.463003754615784,-0.259137213230133,1.49274659156799,-0.318723559379578,-0.204497158527374,-0.613651752471924,-0.692840397357941
-0.463029086589813,-0.25908175110817,1.49271249771118,-0.318712919950485,-0.204571902751923,-0.61386376619339,-0.692635476589203
-0.463067412376404,-0.259029537439346,1.49267494678497,-0.318639039993286,-0.204678028821945,-0.613999366760254,-0.692517995834351
-0.463097512722015,-0.258948236703873,1.49265110492706,-0.318539083003998,-0.204699024558067,-0.614237368106842,-0.692346572875977
-0.46317982673645,-0.258892863988876,1.49258720874786,-0.318293064832687,-0.204816669225693,-0.614406406879425,-0.692274928092957
-0.46317982673645,-0.258892863988876,1.49258720874786,-0.318293064832687,-0.204816669225693,-0.614406406879425,-0.692274928092957
-0.46329203248024,-0.25874587893486,1.49255084991455,-0.317829877138138,-0.204931899905205,-0.614697575569153,-0.692195177078247
-0.463326126337051,-0.258685678243637,1.49260067939758,-0.317544490098953,-0.20501783490181,-0.614848136901855,-0.692166805267334
-0.463399231433868,-0.258621752262115,1.49256908893585,-0.317184448242188,-0.205133736133575,-0.615034699440002,-0.692131817340851
-0.463471382856369,-0.258577346801758,1.49256980419159,-0.316792041063309,-0.205266654491425,-0.615216851234436,-0.692110359668732
-0.463625282049179,-0.258331805467606,1.49254941940308,-0.316750198602676,-0.2049340903759,-0.614724934101105,-0.692664682865143
-0.463707596063614,-0.258276164531708,1.49253606796265,-0.316249430179596,-0.205168262124062,-0.61501944065094,-0.692562878131866
-0.463792681694031,-0.258216828107834,1.49252462387085,-0.315711289644241,-0.205472752451897,-0.615270376205444,-0.692495405673981
-0.463872969150543,-0.258198589086533,1.49251043796539,-0.31511178612709,-0.205831408500671,-0.615767240524292,-0.692220151424408
-0.463927567005157,-0.258152425289154,1.49251127243042,-0.314619302749634,-0.206088334321976,-0.616305291652679,-0.691888868808746
-0.463894337415695,-0.258232533931732,1.49252462387085,-0.313805341720581,-0.206552356481552,-0.617602944374084,-0.690962374210358
-0.463973790407181,-0.258222430944443,1.49246740341187,-0.313015878200531,-0.206953406333923,-0.618254721164703,-0.690617620944977
-0.463980972766876,-0.258188784122467,1.49246788024902,-0.312496244907379,-0.207025542855263,-0.619071245193481,-0.690099477767944
-0.464131385087967,-0.258041709661484,1.49250841140747,-0.312314242124557,-0.207209631800651,-0.618801176548004,-0.690368831157684
-0.464047372341156,-0.257914692163467,1.49250411987305,-0.311760872602463,-0.207450419664383,-0.618918538093567,-0.690441489219666
-0.464050114154816,-0.257912546396255,1.49242758750916,-0.311139941215515,-0.207759261131287,-0.619578242301941,-0.690036833286285
-0.464054852724075,-0.257933557033539,1.49250173568726,-0.310848623514175,-0.208222404122353,-0.620023012161255,-0.689628958702087
-0.464049786329269,-0.25806924700737,1.49243342876434,-0.310026943683624,-0.209022596478462,-0.62149178981781,-0.688433587551117
-0.464807868003845,-0.258353799581528,1.49257826805115,-0.310288399457932,-0.210691019892693,-0.624370694160461,-0.685194730758667
-0.464878916740417,-0.258369088172913,1.49252998828888,-0.309734046459198,-0.211294382810593,-0.624896645545959,-0.684780120849609
-0.464910686016083,-0.258392035961151,1.49252259731293,-0.309194326400757,-0.211888551712036,-0.625415444374084,-0.684366643428802
-0.464318126440048,-0.258229911327362,1.49231910705566,-0.307793974876404,-0.211365342140198,-0.62442409992218,-0.686062812805176
-0.464410245418549,-0.25824385881424,1.49214482307434,-0.306799620389938,-0.211996346712112,-0.625241875648499,-0.685568511486053
-0.464545905590057,-0.258139669895172,1.49217414855957,-0.306470066308975,-0.212465420365334,-0.624885976314545,-0.685895323753357
-0.464649945497513,-0.258201539516449,1.49202907085419,-0.305324792861938,-0.213501647114754,-0.626177132129669,-0.684905886650085
-0.464644849300385,-0.258277833461761,1.49194252490997,-0.304215550422668,-0.214404284954071,-0.627604365348816,-0.683810472488403
-0.464620232582092,-0.258281946182251,1.49212372303009,-0.303758174180984,-0.215010836720467,-0.628241300582886,-0.68323814868927
-0.464760720729828,-0.258103907108307,1.49212253093719,-0.30336582660675,-0.215342864394188,-0.628147065639496,-0.683394432067871
-0.464841902256012,-0.25801408290863,1.49210703372955,-0.302714586257935,-0.216019481420517,-0.628711223602295,-0.682950794696808
-0.464974164962768,-0.257934421300888,1.49220848083496,-0.302198261022568,-0.216927871108055,-0.629265964031219,-0.682380259037018
-0.464910209178925,-0.257673889398575,1.492227435112,-0.301535367965698,-0.217321798205376,-0.629262030124664,-0.682551801204681
-0.465623140335083,-0.257836937904358,1.49222183227539,-0.301007747650146,-0.219212517142296,-0.632963478565216,-0.678747057914734
-0.464989483356476,-0.257700622081757,1.49188923835754,-0.298658043146133,-0.218427792191505,-0.631238520145416,-0.681638360023499
-0.465277910232544,-0.257134586572647,1.49216139316559,-0.299282163381576,-0.219518855214119,-0.631627798080444,-0.680652499198914
-0.46542152762413,-0.257419615983963,1.49194741249084,-0.297284513711929,-0.220590114593506,-0.632929503917694,-0.679972350597382
-0.465619206428528,-0.256776511669159,1.49219000339508,-0.297649562358856,-0.221276432275772,-0.633761823177338,-0.678813278675079
-0.46513620018959,-0.257128894329071,1.49577462673187,-0.302696526050568,-0.223932430148125,-0.631543636322021,-0.677776992321014
-0.465831816196442,-0.256917357444763,1.49605393409729,-0.302893906831741,-0.225697562098503,-0.633811175823212,-0.674980938434601
-0.465233266353607,-0.256920218467712,1.49568510055542,-0.299893826246262,-0.225254356861115,-0.634819209575653,-0.67552125453949
-0.465495944023132,-0.256378203630447,1.49572992324829,-0.299245327711105,-0.225415393710136,-0.63467925786972,-0.675886273384094
-0.465475678443909,-0.255979090929031,1.49576365947723,-0.298205435276031,-0.226079851388931,-0.637067496776581,-0.673874258995056
-0.465641051530838,-0.255293786525726,1.49581289291382,-0.297713041305542,-0.226044490933418,-0.637799561023712,-0.673411190509796
-0.46588322520256,-0.25453993678093,1.49595725536346,-0.297297924757004,-0.226238340139389,-0.637715458869934,-0.673609018325806
-0.466032356023788,-0.253815770149231,1.49607336521149,-0.296736806631088,-0.226263448596001,-0.638813972473145,-0.672806859016418
-0.46624219417572,-0.253126055002213,1.49617314338684,-0.295726507902145,-0.226550564169884,-0.639926731586456,-0.672097265720367
-0.46624967455864,-0.252122789621353,1.49631941318512,-0.294951885938644,-0.226524993777275,-0.640716791152954,-0.67169326543808
-0.467193573713303,-0.251613736152649,1.49667048454285,-0.294784814119339,-0.228413343429565,-0.643595993518829,-0.668366253376007
-0.46664422750473,-0.250614702701569,1.4965705871582,-0.292404413223267,-0.227793261408806,-0.643316805362701,-0.669890582561493
-0.467124879360199,-0.249737113714218,1.49685215950012,-0.29155832529068,-0.229052394628525,-0.642953634262085,-0.670178651809692
-0.468855261802673,-0.248761534690857,1.49746692180634,-0.293113619089127,-0.233225673437119,-0.647191882133484,-0.663952469825745
-0.467509120702743,-0.247651681303978,1.4971809387207,-0.289300978183746,-0.22992730140686,-0.645238280296326,-0.668659746646881
-0.467667996883392,-0.246425494551659,1.49734914302826,-0.288028120994568,-0.230049908161163,-0.645922660827637,-0.668506443500519
-0.46783834695816,-0.245335027575493,1.49755299091339,-0.286405146121979,-0.230801716446876,-0.647224187850952,-0.667685329914093
-0.467848807573318,-0.244108319282532,1.49766337871552,-0.284430742263794,-0.231253489851952,-0.648163139820099,-0.667462110519409
-0.468364536762237,-0.242934122681618,1.49798285961151,-0.283498227596283,-0.232525289058685,-0.648097455501556,-0.667480826377869
-0.468453168869018,-0.241819739341736,1.49816405773163,-0.281512647867203,-0.233681082725525,-0.649972021579742,-0.666093349456787
-0.46877321600914,-0.240421518683434,1.49845314025879,-0.280241191387177,-0.234244480729103,-0.649509370326996,-0.666882276535034
-0.468882709741592,-0.23900106549263,1.49862086772919,-0.278599202632904,-0.234597608447075,-0.650518476963043,-0.666462421417236
-0.469083160161972,-0.23759526014328,1.4987565279007,-0.276734083890915,-0.235294073820114,-0.651073634624481,-0.666451811790466
-0.469881743192673,-0.236479595303535,1.49931669235229,-0.275900959968567,-0.237750455737114,-0.653930723667145,-0.663119912147522
-0.469619244337082,-0.234861135482788,1.4993793964386,-0.273552507162094,-0.237939521670341,-0.652261972427368,-0.665663838386536
-0.469870150089264,-0.233356237411499,1.4997341632843,-0.272275626659393,-0.23890970647335,-0.652774572372437,-0.665337204933167
-0.47051864862442,-0.232036545872688,1.50024139881134,-0.271072506904602,-0.240785747766495,-0.655056476593018,-0.662904977798462
-0.470258116722107,-0.230321735143661,1.50029945373535,-0.268701642751694,-0.240491420030594,-0.65391731262207,-0.665098249912262
-0.470232337713242,-0.22872419655323,1.50048458576202,-0.266720682382584,-0.240888401865959,-0.655096769332886,-0.664591073989868
-0.47212165594101,-0.227315112948418,1.50134885311127,0.26811870932579,0.245377585291862,0.659236133098602,0.658262968063354
-0.470841526985168,-0.225691050291061,1.50113499164581,-0.263574659824371,-0.242944642901421,-0.655943691730499,-0.664262115955353
-0.472432971000671,-0.224276900291443,1.50185906887054,0.264222353696823,0.247337639331818,0.66032600402832,0.658012568950653
-0.471323519945145,-0.222488477826118,1.50176179409027,-0.260691821575165,-0.244570568203926,-0.657166659832001,-0.663594245910645
-0.471453875303268,-0.22081732749939,1.50206315517426,-0.259192675352097,-0.245208472013474,-0.658239185810089,-0.662882506847382
-0.472134292125702,-0.219410240650177,1.50238013267517,0.257653802633286,0.246922269463539,0.660979568958282,0.660113632678986
-0.47185617685318,-0.217568576335907,1.50254881381989,-0.255398541688919,-0.246904149651527,-0.658417403697968,-0.663548529148102
-0.473522245883942,-0.21598282456398,1.50327122211456,0.256690263748169,0.251281708478928,0.662387371063232,0.657427489757538
-0.472247749567032,-0.214285686612129,1.50311517715454,-0.252478629350662,-0.248707830905914,-0.659047484397888,-0.663366913795471
-0.47228941321373,-0.212670058012009,1.50344824790955,-0.250797033309937,-0.249630808830261,-0.659940838813782,-0.662769615650177
-0.47251695394516,-0.210956752300262,1.50371026992798,-0.249318465590477,-0.25031977891922,-0.65959221124649,-0.663414299488068
-0.47251695394516,-0.210956752300262,1.50371026992798,-0.249318465590477,-0.25031977891922,-0.65959221124649,-0.663414299488068
-0.47334086894989,-0.20679759979248,1.50040864944458,-0.240915149450302,-0.249081686139107,-0.662008285522461,-0.664577543735504
-0.474952340126038,-0.20545282959938,1.50110566616058,0.241772189736366,0.253077656030655,0.666733801364899,0.65800005197525
-0.474376440048218,-0.204246193170547,1.50136029720306,0.2371826171875,0.252727061510086,0.665065884590149,0.661483943462372
-0.475271880626678,-0.202048942446709,1.50154757499695,0.238795354962349,0.254614591598511,0.666170239448547,0.65906435251236
-0.47546574473381,-0.200743436813354,1.50190901756287,0.23458531498909,0.255456894636154,0.668767809867859,0.657617926597595
-0.475776195526123,-0.19898633658886,1.50222301483154,0.234991610050201,0.256122887134552,0.668750166893005,0.657231569290161
-0.476039886474609,-0.197317034006119,1.50255942344666,0.234029844403267,0.256618469953537,0.670451462268829,0.655646204948425
-0.474805355072021,-0.195734411478043,1.50257468223572,0.230286434292793,0.255071640014648,0.667952060699463,0.660111248493195
-0.476449191570282,-0.193922340869904,1.5031795501709,0.231539085507393,0.257952570915222,0.671305954456329,0.655132532119751
-0.476545393466949,-0.192236721515655,1.50331652164459,0.229999557137489,0.258335739374161,0.673103868961334,0.653677523136139
-0.475389540195465,-0.190538763999939,1.5034806728363,0.225255936384201,0.25602975487709,0.670245885848999,0.659150242805481
-0.475673496723175,-0.18884614109993,1.50371527671814,0.225190088152885,0.256574332714081,0.671112060546875,0.658078968524933
-0.475873053073883,-0.187124535441399,1.50370752811432,0.223522856831551,0.256677597761154,0.672091722488403,0.657606959342957
-0.476180255413055,-0.185486197471619,1.50412392616272,0.222008883953094,0.257539451122284,0.672991752624512,0.656862020492554
-0.477728486061096,-0.183691188693046,1.50473976135254,0.223133638501167,0.260051816701889,0.677465200424194,0.650865197181702
-0.476675480604172,-0.18202768266201,1.50459790229797,0.219154238700867,0.257861495018005,0.675411880016327,0.655208110809326
-0.477270662784576,-0.180295377969742,1.50501084327698,0.218613818287849,0.258621424436569,0.679187059402466,0.651174306869507
-0.478489100933075,-0.178526982665062,1.50538432598114,0.21819244325161,0.260501056909561,0.68143355846405,0.648212552070618
-0.477614611387253,-0.176870211958885,1.50539696216583,0.213316932320595,0.258926242589951,0.679945349693298,0.652018070220947
-0.479184657335281,-0.174949258565903,1.50604403018951,0.215872764587402,0.26103276014328,0.68439781665802,0.645647346973419
-0.479532271623611,-0.173246383666992,1.50608241558075,0.214211612939835,0.261178076267242,0.686150312423706,0.64428037405014
-0.478683531284332,-0.171521127223969,1.5062255859375,0.210328787565231,0.259466052055359,0.683156490325928,0.649412393569946
-0.480462968349457,-0.169675320386887,1.50664675235748,0.211225107312202,0.261035829782486,0.689012050628662,0.642266988754272
-0.47967129945755,-0.168093249201775,1.50654077529907,0.207225725054741,0.259485453367233,0.686779320240021,0.646574914455414
-0.481272399425507,-0.166165053844452,1.50711822509766,0.208535328507423,0.261364579200745,0.692144274711609,0.639639019966125
-0.481817781925201,-0.164383381605148,1.50732576847076,0.207033157348633,0.26136240363121,0.69310986995697,0.639082074165344
-0.482363313436508,-0.16250091791153,1.50753545761108,0.204313844442367,0.260305613279343,0.695320785045624,0.637985825538635
-0.481755793094635,-0.161105081439018,1.50737369060516,0.201628521084785,0.25935223698616,0.692403852939606,0.642385721206665
-0.483515739440918,-0.159065067768097,1.5079745054245,0.203330561518669,0.261048823595047,0.696616291999817,0.636581480503082
-0.484103262424469,-0.157207742333412,1.50814437866211,0.201814696192741,0.260119140148163,0.698112845420837,0.63580447435379
-0.484657734632492,-0.155450060963631,1.50833857059479,0.200443267822266,0.259714365005493,0.700008928775787,0.634317517280579
-0.484118521213531,-0.153838068246841,1.50832891464233,0.196661815047264,0.258159399032593,0.696789741516113,0.639657557010651
-0.486309230327606,-0.151898398995399,1.5086886882782,0.197803825139999,0.259510457515716,0.701378881931305,0.633715867996216
-0.485722571611404,-0.150237739086151,1.50860714912415,0.194262653589249,0.257641047239304,0.697997272014618,0.639283299446106
-0.487616032361984,-0.148462876677513,1.50897479057312,0.19531823694706,0.259119302034378,0.703750014305115,0.632015764713287
-0.487174332141876,-0.146703973412514,1.5090651512146,0.190501570701599,0.256765186786652,0.700394809246063,0.638144195079803
-0.489288628101349,-0.144889861345291,1.5093287229538,0.192575976252556,0.257941603660583,0.705600321292877,0.631275832653046
-0.488848268985748,-0.143215656280517,1.50926756858826,0.188835233449936,0.256021052598953,0.70164680480957,0.637562811374664
-0.491162002086639,-0.14129464328289,1.50981223583221,0.190425381064415,0.2574263215065,0.706808745861053,0.630786240100861
-0.490749269723892,-0.139686822891235,1.50976061820984,0.186398342251778,0.255255252122879,0.702412247657776,0.637744188308716
-0.492932379245758,-0.137816235423088,1.51023471355438,0.187700793147087,0.256448805332184,0.707740783691406,0.630956053733826
-0.492501378059387,-0.136135429143906,1.50988006591797,0.183232709765434,0.253953605890274,0.704464733600616,0.636916637420654
-0.494679093360901,-0.134329438209534,1.51053392887115,0.184370517730713,0.255264908075333,0.709663987159729,0.630257487297058
-0.494536340236664,-0.1329056173563,1.51043081283569,0.180205523967743,0.253655850887299,0.705726504325867,0.636502265930176
-0.494536340236664,-0.1329056173563,1.51043081283569,0.180205523967743,0.253655850887299,0.705726504325867,0.636502265930176
-0.496430665254593,-0.129186823964119,1.5109156370163,0.177790701389313,0.252334117889404,0.707262217998505,0.636001706123352
-0.498512059450149,-0.127277359366417,1.51118099689484,0.178028807044029,0.252484828233719,0.713124215602875,0.629294097423553
-0.498468101024628,-0.125928640365601,1.51131761074066,0.173880487680435,0.25158616900444,0.708862781524658,0.635596930980682
-0.500637233257294,-0.123989209532738,1.51176822185516,0.174779519438744,0.25250318646431,0.713927865028381,0.629286348819733
-0.500430941581726,-0.122367039322853,1.51174342632294,0.170717686414719,0.250447183847427,0.710493206977844,0.635083496570587
-0.502751111984253,-0.120376273989677,1.5119194984436,0.171427875757217,0.250695616006851,0.716558933258057,0.627939105033875
-0.502397298812866,-0.118996612727642,1.51209843158722,0.167057901620865,0.249387130141258,0.711659908294678,0.63516765832901
-0.504638612270355,-0.117059133946896,1.51222729682922,0.167786210775375,0.249694913625717,0.718092381954193,0.627569794654846
-0.504638612270355,-0.117059133946896,1.51222729682922,0.167786210775375,0.249694913625717,0.718092381954193,0.627569794654846
-0.506586253643036,-0.113580822944641,1.51271307468414,0.164545238018036,0.248103529214859,0.720586121082306,0.626199185848236
-0.506412267684937,-0.11228908598423,1.51275444030762,0.16032563149929,0.247272059321404,0.715523421764374,0.633386611938477
-0.508294403553009,-0.110108003020287,1.51281845569611,0.16205920279026,0.246966376900673,0.721680700778961,0.626036286354065
-0.507978737354279,-0.108668021857738,1.51287794113159,0.157920852303505,0.245443105697632,0.717676758766174,0.632264792919159
-0.510170876979828,-0.106760784983635,1.51316106319427,0.158767178654671,0.245502024888992,0.724124073982239,0.624632775783539
-0.509994387626648,-0.105603337287903,1.51287937164307,0.154206663370132,0.244487583637237,0.720417082309723,0.630432844161987
-0.512012183666229,-0.103531397879124,1.51348555088043,0.155943334102631,0.244641810655594,0.725989103317261,0.623515665531158
-0.511606335639954,-0.10225123912096,1.51330125331879,0.1515823751688,0.243476122617722,0.722112059593201,0.629520893096924
-0.513778865337372,-0.100363589823246,1.51374864578247,0.153003230690956,0.243465095758438,0.729899168014526,0.620130717754364
-0.513778865337372,-0.100363589823246,1.51374864578247,0.153003230690956,0.243465095758438,0.729899168014526,0.620130717754364
-0.515416860580444,-0.0972683131694793,1.51394665241241,0.150221616029739,0.243175432085991,0.731107771396637,0.619500458240509
-0.515023589134216,-0.0959490984678268,1.51394164562225,0.14652918279171,0.241935208439827,0.727095663547516,0.62556266784668
-0.517324268817902,-0.093991070985794,1.51430416107178,0.148419961333275,0.242576867341995,0.733441591262817,0.617406964302063
-0.517295479774475,-0.0928564146161079,1.5143951177597,0.144510388374329,0.242352709174156,0.728047728538513,0.624762713909149
-0.519100904464722,-0.0909155383706092,1.51427900791168,0.145413726568222,0.24200177192688,0.734623908996582,0.616942226886749
-0.519100904464722,-0.0909155383706092,1.51427900791168,0.145413726568222,0.24200177192688,0.734623908996582,0.616942226886749
-0.520355224609375,-0.0879724398255348,1.51453566551208,0.142861887812614,0.241232767701149,0.737794160842896,0.614049792289734
-0.519842267036438,-0.0868824794888496,1.5146027803421,0.138801008462906,0.240718826651573,0.733138501644135,0.620722770690918
-0.521894335746765,-0.0850477442145347,1.51472342014313,0.13965716958046,0.240796029567719,0.739216387271881,0.613247513771057
-0.521309614181519,-0.0839674770832061,1.51477837562561,0.135617583990097,0.240029767155647,0.734636843204498,0.619921326637268
-0.523273706436157,-0.0821580290794372,1.5149210691452,0.136978805065155,0.240174517035484,0.742060899734497,0.610654354095459
-0.522772192955017,-0.0811923965811729,1.51500940322876,0.133111715316772,0.240110114216805,0.737267255783081,0.617304980754852
-0.524629950523376,-0.0794193893671035,1.51511538028717,0.133807897567749,0.240214318037033,0.743120849132538,0.610052525997162
-0.52402538061142,-0.0784026831388473,1.51498746871948,0.129527717828751,0.239523217082024,0.739077091217041,0.61613005399704
-0.525906264781952,-0.0766189992427825,1.51516616344452,0.130931690335274,0.239391729235649,0.746481418609619,0.606888771057129
-0.525235652923584,-0.0758040994405746,1.51544713973999,0.126524716615677,0.239680349826813,0.740199744701385,0.615344882011414
-0.527039110660553,-0.0739679262042045,1.51552402973175,0.127681508660316,0.239277824759483,0.747294425964355,0.60662567615509
-0.526371896266937,-0.072968415915966,1.51558899879456,0.124962776899338,0.238447189331055,0.744002282619476,0.611545622348785
-0.528063535690308,-0.0713413506746292,1.5157333612442,0.125018507242203,0.238852068781853,0.750295877456665,0.603636026382446
-0.52747768163681,-0.0705331116914749,1.51567959785461,0.120617538690567,0.23857444524765,0.745104491710663,0.611026048660278
-0.529157996177673,-0.0689658969640731,1.51590800285339,0.121558509767055,0.238741964101791,0.751906931400299,0.602380275726318
-0.528393447399139,-0.0680563002824783,1.51579976081848,0.117183983325958,0.237825229763985,0.747749269008636,0.60875129699707
-0.53024160861969,-0.0663128569722175,1.51595985889435,0.118301756680012,0.237163096666336,0.754805088043213,0.600022971630096
-0.529438555240631,-0.0656146183609962,1.51604795455933,0.114280723035335,0.237151712179184,0.750102341175079,0.606667578220367
-0.531099259853363,-0.0639728009700775,1.51614606380463,0.114786490797996,0.236820250749588,0.756316721439362,0.598936855792999
-0.530296683311462,-0.0633078143000602,1.51604628562927,0.110495485365391,0.236263319849968,0.752706348896027,0.604486167430878
-0.531786262989044,-0.0616115555167198,1.5161155462265,0.111331015825272,0.235150352120399,0.75945520401001,0.59626978635788
-0.531110286712646,-0.0611276924610137,1.51634049415588,0.106783710420132,0.235621765255928,0.753668189048767,0.604205131530762
-0.532760500907898,-0.059383600950241,1.51651811599731,0.108633130788803,0.234793901443481,0.76166182756424,0.594089329242706
-0.533219993114471,-0.0583267621695995,1.51640295982361,0.106889583170414,0.234621629118919,0.761947154998779,0.594107687473297
-0.533581614494324,-0.0571613870561122,1.51670742034912,0.105975016951561,0.234235376119614,0.763631761074066,0.592258214950562
-0.533581614494324,-0.0571613870561122,1.51670742034912,0.105975016951561,0.234235376119614,0.763631761074066,0.592258214950562
-0.534228026866913,-0.0551875531673431,1.51659393310547,0.102707095444202,0.233795449137688,0.764873087406158,0.591405272483826
-0.534252643585205,-0.0540360286831855,1.5164510011673,0.100268088281155,0.232562035322189,0.764733374118805,0.592489659786224
-0.534536182880402,-0.0528897568583488,1.51651132106781,0.0995729938149452,0.23170879483223,0.76697188615799,0.59004271030426
-0.534793078899384,-0.0519520118832588,1.51635372638702,0.0978980511426925,0.231416761875153,0.767428934574127,0.589843511581421
-0.535409450531006,-0.0510901734232902,1.51659429073334,0.0974880754947662,0.23201160132885,0.768957257270813,0.587683200836182
-0.535639405250549,-0.0501688756048679,1.51662886142731,0.0964261442422866,0.231807395815849,0.769493162631989,0.587237417697906
-0.535942852497101,-0.049382884055376,1.51643764972687,0.0946384593844413,0.231930747628212,0.769299447536469,0.587732970714569
-0.536000072956085,-0.0483773052692413,1.5165069103241,0.0938344523310661,0.231532156467438,0.77030223608017,0.586704850196838
-0.536287069320679,-0.0473880879580974,1.51657092571259,0.0938255563378334,0.231370091438293,0.770854115486145,0.58604496717453
-0.53613555431366,-0.0465209037065506,1.51629769802094,0.0910491049289703,0.230536758899689,0.771181523799896,0.586380362510681
-0.536351799964905,-0.0457918420433998,1.5164201259613,0.0900397896766662,0.230935528874397,0.771464705467224,0.586006641387939
-0.536636888980865,-0.0450881421566009,1.51642143726349,0.0888848379254341,0.231087550520897,0.771783351898193,0.585703492164612
-0.536781847476959,-0.044263482093811,1.51644051074982,0.0882758572697639,0.23108072578907,0.772491633892059,0.584863841533661
-0.536911964416504,-0.0434391014277935,1.51620674133301,0.0872797742486,0.230707228183746,0.773375749588013,0.583991706371307
-0.536911964416504,-0.0434391014277935,1.51620674133301,0.0872797742486,0.230707228183746,0.773375749588013,0.583991706371307
-0.537163734436035,-0.0418795458972454,1.51652133464813,0.0859722942113876,0.230539843440056,0.773863196372986,0.583606004714966
-0.537178218364716,-0.0409025773406028,1.51648986339569,0.0856687054038047,0.229585602879524,0.775149762630463,0.582318067550659
-0.537286102771759,-0.040252462029457,1.51648771762848,0.0848934203386306,0.229740127921104,0.775526821613312,0.581868350505829
-0.537325918674469,-0.0396264567971229,1.51648426055908,0.0841549783945083,0.22966992855072,0.775915443897247,0.581485033035278
-0.537450551986694,-0.039004772901535,1.51645767688751,0.0844237953424453,0.229379698634148,0.776820957660675,0.580350756645203
-0.537612617015839,-0.0381353460252285,1.51644361019135,0.0843370109796524,0.229294508695602,0.776896238327026,0.580296099185944
-0.537753462791443,-0.0378740988671779,1.51641511917114,0.0824859738349914,0.230406984686852,0.77677994966507,0.580277323722839
-0.537824749946594,-0.0373136922717094,1.51650178432465,0.0820474922657013,0.230538219213486,0.776606917381287,0.580518841743469
-0.537633419036865,-0.036633837968111,1.51623427867889,0.0809624642133712,0.229639038443565,0.776991128921509,0.580513477325439
-0.537728607654572,-0.0361127033829689,1.51631259918213,0.0805352330207824,0.229714334011078,0.777031242847443,0.58048939704895
-0.537782669067383,-0.035719022154808,1.51632475852966,0.0795777961611747,0.230190247297287,0.776167392730713,0.581587433815002
-0.537807583808899,-0.0352543555200099,1.51632654666901,0.0789004489779472,0.230332374572754,0.775932610034943,0.581936657428741
-0.537807047367096,-0.0347215197980403,1.51622724533081,0.0782580822706222,0.230114385485649,0.776123642921448,0.581854999065399
-0.537807047367096,-0.0342793054878711,1.51625990867615,0.0781632959842681,0.23011702299118,0.776295840740204,0.581636965274811
-0.538009583950043,-0.033974640071392,1.51645481586456,0.0783873349428176,0.2310731112957,0.776219129562378,0.581329822540283
-0.537785291671753,-0.0334655009210109,1.51620328426361,0.0775843486189842,0.230207905173302,0.776295006275177,0.581679463386536
-0.537210166454315,-0.0335586890578269,1.51619589328766,0.0757691487669944,0.230420365929603,0.773891448974609,0.585028111934662
-0.537221074104309,-0.0331902131438255,1.51651251316071,0.0759444460272789,0.230782121419907,0.773636400699615,0.585200011730194
-0.537960708141327,-0.03248256072402,1.51651990413666,0.0774847567081451,0.23137241601944,0.775494635105133,0.582298219203949
-0.537302017211914,-0.0327651277184486,1.51650547981262,0.0753206089138984,0.231533676385879,0.773127198219299,0.585656344890594
-0.538063406944275,-0.031860627233982,1.51651287078857,0.0770275071263313,0.231554687023163,0.774300813674927,0.58387291431427
-0.537836968898773,-0.0314019136130809,1.51640343666077,0.0766778513789177,0.230637848377228,0.774126708507538,0.584512233734131
-0.537877142429352,-0.0311143994331359,1.51654446125031,0.0768708959221839,0.230677738785744,0.773756563663483,0.584961175918579
-0.537712037563324,-0.0309316888451576,1.51652610301971,0.076321005821228,0.230448082089424,0.77367639541626,0.585229575634003
-0.53787237405777,-0.0305860172957181,1.51654934883118,0.0768625810742378,0.230573073029518,0.773149192333221,0.585805833339691
-0.537854492664337,-0.0303930193185806,1.51661419868469,0.0768498480319976,0.230936497449875,0.772296667098999,0.586788356304169
-0.537580251693726,-0.0302875842899084,1.51649403572083,0.0763150006532669,0.230519816279411,0.772654950618744,0.586550056934357
-0.537611424922943,-0.0300498716533184,1.51667308807373,0.0766208916902542,0.230664223432541,0.77211332321167,0.587166547775269
-0.537750840187073,-0.0297352112829685,1.5167328119278,0.0772731602191925,0.230683729052544,0.771409332752228,0.587998032569885
-0.537708044052124,-0.0294707026332616,1.51661276817322,0.0780095979571342,0.230104565620422,0.771485388278961,0.588027954101562
-0.537692129611969,-0.0293718427419662,1.51667273044586,0.0780365318059921,0.230379819869995,0.770784258842468,0.588835299015045
-0.537647187709808,-0.0292211417108774,1.51677274703979,0.0781792774796485,0.230391219258308,0.770326554775238,0.589410722255707
-0.537695944309235,-0.0290778037160635,1.51688647270203,0.0783895179629325,0.23058694601059,0.769757926464081,0.590048789978027
-0.537664592266083,-0.028914114460349,1.51692759990692,0.0785627886652946,0.230523526668549,0.769465386867523,0.590431869029999
-0.537632822990417,-0.0288280099630355,1.51696360111237,0.0786090642213821,0.230597004294395,0.769054234027863,0.590932667255402
-0.5378497838974,-0.0288617834448814,1.51725912094116,0.0792311653494834,0.23159883916378,0.768488585948944,0.591193437576294
-0.53782045841217,-0.0287772957235574,1.51727890968323,0.0793373510241508,0.231666162610054,0.768195033073425,0.59153425693512
-0.537720859050751,-0.0287027955055236,1.51722526550293,0.0792618691921234,0.231583699584007,0.768070936203003,0.591737926006317
-0.537700116634369,-0.0286465380340814,1.51738691329956,0.0794800296425819,0.231796741485596,0.767733812332153,0.592062592506409
-0.537661910057068,-0.028615303337574,1.51727652549744,0.0794137492775917,0.231813624501228,0.767619550228119,0.592213034629822
-0.537652850151062,-0.0285635404288768,1.51742041110992,0.0796716213226318,0.232015624642372,0.767432630062103,0.592341542243958
-0.537566423416138,-0.0285508334636688,1.51735973358154,0.0795413926243782,0.23194445669651,0.767365336418152,0.592473983764648
-0.537532687187195,-0.0285136811435222,1.51742374897003,0.0796696320176124,0.231983199715614,0.767288029193878,0.592541873455048
-0.53747683763504,-0.0284666344523429,1.51736831665039,0.07963777333498,0.231949105858803,0.767180025577545,0.59269917011261
-0.537425100803375,-0.0285242404788732,1.51736569404602,0.0795725286006927,0.23200486600399,0.76712691783905,0.59275484085083
-0.537366032600403,-0.0286655630916357,1.51738560199738,0.0786644890904426,0.232413306832314,0.766670346260071,0.593306481838226
-0.537363409996033,-0.0286156684160232,1.51744103431702,0.0788124203681945,0.232447266578674,0.766609132289886,0.593352735042572
-0.537367880344391,-0.0286848489195108,1.51744091510773,0.0784922689199447,0.23249064385891,0.766150057315826,0.593970835208893
-0.5372394323349,-0.0286948662251234,1.51744019985199,0.0783267840743064,0.232199281454086,0.766219139099121,0.594017386436462
-0.537339568138123,-0.0287080332636833,1.51752233505249,0.0786273777484893,0.232508093118668,0.766234219074249,0.593837559223175
-0.537339568138123,-0.0287080332636833,1.51752233505249,0.0786273777484893,0.232508093118668,0.766234219074249,0.593837559223175
-0.537205696105957,-0.0287326425313949,1.51767957210541,0.078646682202816,0.232177689671516,0.766384482383728,0.593770265579224
-0.537175357341766,-0.028747858479619,1.51771807670593,0.0786287188529968,0.232102960348129,0.766480088233948,0.59367835521698
-0.53703248500824,-0.0286579076200723,1.51771950721741,0.0785824358463287,0.231624498963356,0.766634464263916,0.593672096729279
-0.537015378475189,-0.0286509301513433,1.51777422428131,0.0786648616194725,0.231497049331665,0.766761124134064,0.593547344207764
-0.536853015422821,-0.0287396367639303,1.51784753799438,0.0782446786761283,0.231231793761253,0.767020225524902,0.593371450901031
-0.536841630935669,-0.0287437047809362,1.51788187026978,0.0783326551318168,0.231003135442734,0.767222881317139,0.593186855316162
-0.536942899227142,-0.0286335945129394,1.51793622970581,0.078951396048069,0.230860128998756,0.767191290855408,0.593201220035553
-0.536780476570129,-0.0287161786109209,1.51790821552277,0.0785050019621849,0.230181768536568,0.767889738082886,0.592620193958282
-0.536972522735596,-0.028839636594057,1.51800286769867,0.078885406255722,0.230540052056313,0.76802784204483,0.592251420021057
-0.536819994449615,-0.0285364650189876,1.5178986787796,0.0793256387114524,0.229222044348717,0.768330693244934,0.592311263084412
-0.53677362203598,-0.0285300314426422,1.51787054538727,0.0794150903820991,0.228802338242531,0.768687129020691,0.591999053955078
-0.536701440811157,-0.0285389348864555,1.5176967382431,0.0793701037764549,0.228243142366409,0.7690589427948,0.591738104820251
-0.536665320396423,-0.0284906290471553,1.51774859428406,0.0797134414315223,0.227815210819244,0.769600391387939,0.591152608394623
-0.536611020565033,-0.028497889637947,1.51763367652893,0.0797366127371788,0.227325677871704,0.77015882730484,0.590610265731812
-0.536448359489441,-0.0284528508782386,1.51746451854706,0.0800470188260078,0.226530373096466,0.771529197692871,0.589083433151245
-0.536403477191925,-0.0283945128321647,1.51742088794708,0.080107994377613,0.226056158542633,0.772105157375336,0.588502466678619
-0.536258518695831,-0.0284533351659774,1.51705777645111,0.0795992463827133,0.225457936525345,0.772855341434479,0.587815821170807
-0.536157429218292,-0.0284269414842128,1.51691722869873,0.0795124769210815,0.224943071603775,0.773677468299866,0.586942553520203
-0.535895705223083,-0.0286287702620029,1.51677215099335,0.0786805376410484,0.224618509411812,0.774482607841492,0.586116552352905
-0.535993993282318,-0.0287567861378192,1.51668071746826,0.0788122341036796,0.22503274679184,0.775032579898834,0.585212349891663
-0.535879909992218,-0.0287536028772592,1.51657867431641,0.0787706524133682,0.224754109978676,0.775766372680664,0.584352195262909
-0.535658359527588,-0.0286609418690204,1.51653742790222,0.0786596089601516,0.224088981747627,0.776262283325195,0.583963930606842
-0.535580456256866,-0.0287335626780986,1.51633632183075,0.0781214162707328,0.224067345261574,0.776321828365326,0.583965182304382
-0.535475850105286,-0.0287979394197464,1.51621234416962,0.0780321210622787,0.224082544445991,0.776772022247314,0.583372473716736
-0.535332381725311,-0.0288582388311624,1.51608109474182,0.0778634473681449,0.224099144339561,0.777264177799225,0.582732617855072
-0.535154759883881,-0.0288875009864568,1.51586604118347,0.0780318677425384,0.223925366997719,0.778358459472656,0.58131468296051
-0.534934520721436,-0.0289524644613266,1.51572549343109,0.0778647735714912,0.223828077316284,0.778795540332794,0.580788910388947
-0.535082459449768,-0.0302529726177454,1.51773953437805,0.079922966659069,0.226923048496246,0.77893078327179,0.579124391078949
-0.535134434700012,-0.0304290186613798,1.51783728599548,0.0802563801407814,0.22775998711586,0.779249131679535,0.578320980072021
-0.535040020942688,-0.0303600542247295,1.51769483089447,0.0805099159479141,0.227743893861771,0.77964586019516,0.577757239341736
-0.535040020942688,-0.0303600542247295,1.51769483089447,0.0805099159479141,0.227743893861771,0.77964586019516,0.577757239341736
-0.534570753574371,-0.0305772311985492,1.5174914598465,0.0799345895648002,0.227808177471161,0.780652403831482,0.576451063156128
-0.534178078174591,-0.0306510291993618,1.51729965209961,0.0793761909008026,0.227332636713982,0.781320810317993,0.575810015201569
-0.532119572162628,-0.02976506203413,1.51391327381134,0.0747364088892936,0.221883997321129,0.783108949661255,0.576127111911774
-0.531811535358429,-0.0298529677093029,1.51376402378082,0.0746042355895042,0.22175832092762,0.783895313739777,0.57512241601944
-0.531558334827423,-0.0300393141806125,1.51372706890106,0.0744190216064453,0.221928179264069,0.784407794475555,0.574381709098816
-0.531338036060333,-0.0301664005964994,1.51358783245087,0.0744935497641563,0.222070589661598,0.785043954849243,0.573446929454803
-0.530919671058655,-0.0303909312933683,1.5134209394455,0.0740381330251693,0.221829622983932,0.785694599151611,0.572707653045654
-0.53062242269516,-0.0307709537446498,1.51347136497498,0.0737737417221069,0.222111463546753,0.786440193653107,0.571608006954193
-0.530378699302673,-0.0308627486228942,1.51345443725586,0.0739413350820541,0.222067669034004,0.786535918712616,0.571471810340881
-0.52995228767395,-0.0310482122004032,1.51337742805481,0.07420065253973,0.221683233976364,0.787831902503967,0.569799721240997
-0.530834019184113,-0.0343301780521869,1.51940941810608,0.0810205340385437,0.229647397994995,0.786372601985931,0.567728817462921
-0.530455887317657,-0.0346455909311771,1.51935434341431,0.0808904692530632,0.229467436671257,0.787058413028717,0.566869080066681
-0.530091166496277,-0.0350280180573463,1.51933693885803,0.0804058313369751,0.229264691472054,0.787416219711304,0.566523015499115
-0.529302835464478,-0.0351623483002185,1.51934921741486,0.0804302841424942,0.227846160531044,0.788665950298309,0.565352320671082
-0.528849303722382,-0.0355794727802276,1.51936006546021,0.0802336707711219,0.227470919489861,0.789462625980377,0.56441855430603
-0.528753042221069,-0.0362289249897003,1.51946365833282,0.0801781266927719,0.228149026632309,0.789852261543274,0.563607156276703
-0.52804434299469,-0.0365083366632461,1.51932799816132,0.0800313130021095,0.226790443062782,0.791189730167389,0.562298774719238
-0.52804434299469,-0.0365083366632461,1.51932799816132,0.0800313130021095,0.226790443062782,0.791189730167389,0.562298774719238
-0.527503728866577,-0.0377543233335018,1.51951968669891,0.0801433771848678,0.227048322558403,0.792763471603394,0.559957206249237
-0.526685178279877,-0.0380505844950675,1.51946949958801,0.0798033326864242,0.225491940975189,0.793651282787323,0.559376895427704
-0.52570503950119,-0.0390203818678855,1.51947045326233,0.078408382833004,0.22492253780365,0.792986989021301,0.560743868350983
-0.526058733463287,-0.0394112430512905,1.51953101158142,0.0800147429108619,0.225504294037819,0.79541403055191,0.556832075119019
-0.525550186634064,-0.0400460697710514,1.5192459821701,0.0795112401247024,0.224536538124084,0.796064913272858,0.556365013122559
-0.524563848972321,-0.0411416590213775,1.51938056945801,0.0779582783579826,0.224082186818123,0.794714391231537,0.558693885803223
-0.525121092796326,-0.0415288805961608,1.51967096328735,0.0811368972063064,0.224850922822952,0.797924280166626,0.553331732749939
-0.522555410861969,-0.0394167974591255,1.51358246803284,0.0719780549407005,0.215340077877045,0.798209369182587,0.5579514503479
-0.52236270904541,-0.040297657251358,1.5134824514389,0.0727840662002563,0.215940982103348,0.799404859542847,0.555899143218994
-0.522090971469879,-0.0410919412970542,1.51379859447479,0.0739481598138809,0.216093435883522,0.799368619918823,0.555738270282745
-0.521145403385162,-0.0417826287448406,1.51351809501648,0.0729465931653976,0.214623630046844,0.799907624721527,0.555664777755737
-0.520648896694183,-0.0425591841340065,1.51348841190338,0.0733141899108886,0.214147865772247,0.800441861152649,0.555030286312103
-0.52081310749054,-0.0431261509656906,1.51364064216614,0.0754783749580383,0.214048340916634,0.802786946296692,0.551379799842834
-0.519903361797333,-0.0443290881812572,1.51345157623291,0.074510358273983,0.213620021939278,0.801691770553589,0.553267598152161
-0.520017147064209,-0.0448121353983879,1.51381659507751,0.0770978555083274,0.213381990790367,0.804291367530823,0.549217224121094
-0.51985627412796,-0.0459771193563938,1.51394081115723,0.0780516862869262,0.214457094669342,0.804567575454712,0.548258244991302
-0.519415020942688,-0.046911098062992,1.51376211643219,0.0784765928983688,0.214163213968277,0.804946482181549,0.547756135463715
-0.519038438796997,-0.0478477254509925,1.51405024528503,0.0795175433158874,0.214207857847214,0.805419564247131,0.546892404556274
-0.519038438796997,-0.0478477254509925,1.51405024528503,0.0795175433158874,0.214207857847214,0.805419564247131,0.546892404556274
-0.517963945865631,-0.0493935048580169,1.51397800445557,0.0809379145503044,0.212410420179367,0.806891798973083,0.545212268829346
-0.517607867717743,-0.050458051264286,1.51408004760742,0.0818738117814064,0.212552323937416,0.807460367679596,0.544174611568451
-0.517201781272888,-0.0513209179043769,1.51385414600372,0.0819223374128341,0.211847990751266,0.807465732097626,0.544433951377869
-0.516710758209229,-0.0520988628268241,1.51375257968903,0.0833658352494239,0.210982963442802,0.808450996875763,0.54308694601059
-0.516161382198334,-0.0532427988946437,1.51380002498627,0.0840502083301544,0.211275041103363,0.806597054004669,0.545618534088135
-0.516161382198334,-0.0532427988946437,1.51380002498627,0.0840502083301544,0.211275041103363,0.806597054004669,0.545618534088135
-0.516090035438538,-0.0544523485004901,1.51391196250916,0.0885674133896827,0.210701614618301,0.809190154075623,0.541268885135651
-0.516009747982025,-0.055895484983921,1.51403021812439,0.0891924947500228,0.212093234062195,0.809478998184204,0.540189623832703
-0.515743911266327,-0.0567446239292621,1.51402163505554,0.0903673321008682,0.211485743522644,0.810098230838776,0.539303481578827
-0.51537299156189,-0.0577639378607273,1.51400029659271,0.0910445004701614,0.211559921503067,0.809828758239746,0.539565324783325
-0.51510226726532,-0.0585719682276248,1.51412737369537,0.0926915928721427,0.211505234241486,0.809591293334961,0.539662778377533
-0.514395356178284,-0.0594123005867004,1.51380038261414,0.09268768876791,0.21025812625885,0.810088217258453,0.53940486907959
-0.514266848564148,-0.0601610355079174,1.51401519775391,0.0945324227213859,0.210079222917557,0.810167908668518,0.539034724235535
-0.513940036296844,-0.0610744953155517,1.51376008987427,0.0952710211277008,0.20993372797966,0.810400068759918,0.538612246513367
-0.514081239700317,-0.062284305691719,1.51409471035004,0.0970795676112175,0.211023777723312,0.81035190820694,0.537935316562653
-0.514081239700317,-0.062284305691719,1.51409471035004,0.0970795676112175,0.211023777723312,0.81035190820694,0.537935316562653
-0.512666761875153,-0.0642462372779846,1.51384317874908,0.0973365977406501,0.20885768532753,0.809445142745972,0.540095150470734
-0.51298850774765,-0.0649299994111061,1.51379072666168,0.0990806221961975,0.209673255681991,0.809791147708893,0.538941979408264
-0.51298850774765,-0.0649299994111061,1.51379072666168,0.0990806221961975,0.209673255681991,0.809791147708893,0.538941979408264
-0.513260662555695,-0.0661452636122703,1.51422357559204,0.1015849635005,0.211012095212936,0.81004673242569,0.537567555904388
-0.512935876846313,-0.0679218843579292,1.51424646377563,0.103749684989452,0.210560202598572,0.809334397315979,0.538403391838074
-0.512898802757263,-0.0685437992215156,1.5142924785614,0.10572887212038,0.209975138306618,0.809312880039215,0.538279116153717
-0.512023329734802,-0.069925308227539,1.5141350030899,0.104839846491814,0.208878472447395,0.808255136013031,0.540464758872986
-0.512477219104767,-0.0705062299966812,1.5142936706543,0.107160218060017,0.209278777241707,0.809304535388947,0.538279950618744
-0.512477219104767,-0.0705062299966812,1.5142936706543,0.107160218060017,0.209278777241707,0.809304535388947,0.538279950618744
-0.512341618537903,-0.0712926834821701,1.51425862312317,0.108665689826012,0.208622485399246,0.809230804443359,0.538343727588654
-0.512411057949066,-0.072657935321331,1.5143381357193,0.111792050302029,0.207868069410324,0.808137536048889,0.539636135101318
-0.512251198291779,-0.0735774636268615,1.51430797576904,0.112377122044563,0.207184210419655,0.808311283588409,0.539517343044281
-0.51207047700882,-0.0743436515331268,1.51428890228271,0.1130066588521,0.206321105360985,0.808454871177673,0.539501547813416
-0.511950612068176,-0.075147271156311,1.51436710357666,0.113818496465683,0.205964475870132,0.807844042778015,0.540381371974945
-0.512003779411316,-0.0758033990859985,1.51429486274719,0.115070648491383,0.205565556883812,0.807262480258942,0.541136622428894
-0.511374473571777,-0.0769251585006713,1.51406002044678,0.114057295024395,0.204400703310966,0.805784404277802,0.543987929821014
-0.511820256710052,-0.0773377791047096,1.51435494422913,0.116438843309879,0.204637125134468,0.806646406650543,0.542113780975342
-0.511802911758423,-0.0779347196221351,1.51441192626953,0.117447942495346,0.203886717557907,0.806852757930756,0.541871786117554
-0.511738240718842,-0.0785860940814018,1.51442551612854,0.118336133658886,0.203236803412437,0.806582868099213,0.542324125766754
-0.511684715747833,-0.0791634023189544,1.51463270187378,0.119505070149899,0.202661976218223,0.806479573249817,0.542436540126801
-0.511684715747833,-0.0791634023189544,1.51463270187378,0.119505070149899,0.202661976218223,0.806479573249817,0.542436540126801
-0.511591672897339,-0.0804158672690391,1.51470863819122,0.121174283325672,0.202096715569496,0.805536210536957,0.543677508831024
-0.511431157588959,-0.0809913426637649,1.51470112800598,0.121654622256756,0.201628834009171,0.805154025554657,0.544309735298157
-0.511431157588959,-0.0809913426637649,1.51470112800598,0.121654622256756,0.201628834009171,0.805154025554657,0.544309735298157
-0.511450886726379,-0.0819100588560104,1.51455974578857,0.123204901814461,0.200428605079651,0.80462121963501,0.545191466808319
-0.511350810527802,-0.0824078768491745,1.51466727256775,0.123859874904156,0.200108706951141,0.804527580738068,0.54529857635498
-0.511350810527802,-0.0824078768491745,1.51466727256775,0.123859874904156,0.200108706951141,0.804527580738068,0.54529857635498
-0.511195838451385,-0.0833735987544059,1.51472043991089,0.125126302242279,0.199750334024429,0.803800940513611,0.546211719512939
-0.511131167411804,-0.083763800561428,1.51474130153656,0.125896796584129,0.199644491076469,0.803467750549316,0.546563625335693
-0.511055648326874,-0.084133893251419,1.51477110385895,0.126577988266945,0.199473738670349,0.803102493286133,0.547005295753479
-0.510986328125,-0.0845766440033912,1.51481950283051,0.127072170376778,0.199704378843307,0.802686035633087,0.547417521476746
-0.510986328125,-0.0845766440033912,1.51481950283051,0.127072170376778,0.199704378843307,0.802686035633087,0.547417521476746
-0.510845959186554,-0.0854449495673179,1.51484131813049,0.127759009599686,0.200156137347221,0.801975905895233,0.548133134841919
-0.510845959186554,-0.0854449495673179,1.51484131813049,0.127759009599686,0.200156137347221,0.801975905895233,0.548133134841919
-0.510261476039886,-0.0860989913344383,1.51464104652405,0.126588255167007,0.199838891625404,0.799213767051697,0.552536964416504
-0.510261476039886,-0.0860989913344383,1.51464104652405,0.126588255167007,0.199838891625404,0.799213767051697,0.552536964416504
-0.51073545217514,-0.0868589431047439,1.51485753059387,0.12959398329258,0.201637178659439,0.800106108188629,0.549889147281647
-0.51069051027298,-0.0872015357017517,1.51487076282501,0.129833474755287,0.202003106474876,0.799880683422089,0.550026297569275
-0.510649502277374,-0.0875196754932403,1.51485455036163,0.130081415176392,0.202262938022613,0.799698352813721,0.550137460231781
-0.510601282119751,-0.0878337025642395,1.51489722728729,0.130477994680405,0.202504381537437,0.799385905265808,0.550408542156219
-0.51057368516922,-0.0880660638213157,1.51505362987518,0.131125062704086,0.202660918235779,0.79920369386673,0.550461828708649
-0.510546207427979,-0.0882752314209938,1.51505410671234,0.131517693400383,0.202503085136413,0.799464106559753,0.550047934055328
-0.510586380958557,-0.0885152891278266,1.51506507396698,0.13186003267765,0.202595591545105,0.79925149679184,0.550240874290466
-0.510530292987823,-0.0886944755911827,1.51506161689758,0.132369115948677,0.20234589278698,0.799747109413147,0.549489974975586
-0.510532975196838,-0.0889247581362724,1.51487922668457,0.132421717047691,0.202364921569824,0.799750804901123,0.549464881420135
-0.510551869869232,-0.0890938267111778,1.51471555233002,0.132607474923134,0.202229782938957,0.79978084564209,0.549426019191742
-0.510551869869232,-0.0890938267111778,1.51471555233002,0.132607474923134,0.202229782938957,0.79978084564209,0.549426019191742
-0.510601103305817,-0.0893415212631225,1.51489651203156,0.133260801434517,0.202477142214775,0.799693465232849,0.549304187297821
-0.509972393512726,-0.089823417365551,1.5147590637207,0.132268756628036,0.201736316084862,0.798001766204834,0.55226856470108
-0.510670840740204,-0.0897864252328872,1.51489901542664,0.134090349078178,0.202594518661499,0.79934823513031,0.549561321735382
-0.510697662830353,-0.0899560004472732,1.51505708694458,0.134793251752853,0.202651828527451,0.799172103404999,0.549624562263489
-0.510821342468262,-0.0902198553085327,1.51485657691956,0.135442733764648,0.202433913946152,0.799011826515198,0.54977810382843
-0.510863542556763,-0.0904190465807914,1.51488983631134,0.135783612728119,0.20257131755352,0.798840641975403,0.54989218711853
-0.510888457298279,-0.0906128510832786,1.51500499248505,0.136183902621269,0.202716365456581,0.798582375049591,0.550114691257477
-0.510951697826385,-0.0907149985432624,1.51488828659058,0.136447176337242,0.202625632286072,0.798456370830536,0.550265848636627
-0.510990023612976,-0.0908234417438507,1.51483714580536,0.136811748147011,0.202688544988632,0.798297464847565,0.550382673740387
-0.510990023612976,-0.0908234417438507,1.51483714580536,0.136811748147011,0.202688544988632,0.798297464847565,0.550382673740387
-0.511049747467041,-0.0909480303525924,1.5150887966156,0.137662693858147,0.202852144837379,0.798105657100677,0.550388514995575
-0.51052051782608,-0.0913260132074356,1.51485884189606,0.137290403246879,0.202061206102371,0.79611474275589,0.55364602804184
-0.51052051782608,-0.0913260132074356,1.51485884189606,0.137290403246879,0.202061206102371,0.79611474275589,0.55364602804184
-0.510683119297028,-0.0915251597762107,1.51486206054688,0.138358011841774,0.202653661370277,0.795388996601105,0.554206490516663
-0.510683119297028,-0.0915251597762107,1.51486206054688,0.138358011841774,0.202653661370277,0.795388996601105,0.554206490516663
-0.510796368122101,-0.0915809348225593,1.51479053497314,0.138910681009293,0.202904641628265,0.79506504535675,0.554441273212433
-0.510951280593872,-0.0916732922196388,1.51462984085083,0.139954924583435,0.20326517522335,0.794185757637024,0.555306077003479
-0.511027932167053,-0.0916740894317627,1.5146472454071,0.14073820412159,0.203404277563095,0.793887555599213,0.555483758449554
-0.511027932167053,-0.0916740894317627,1.5146472454071,0.14073820412159,0.203404277563095,0.793887555599213,0.555483758449554
-0.511261940002441,-0.0917272642254829,1.51455914974213,0.142193555831909,0.204225748777389,0.79293304681778,0.556174457073212
-0.512085676193237,-0.0915082022547721,1.51460576057434,0.144113034009933,0.205463692545891,0.79404604434967,0.553630709648132
-0.512085676193237,-0.0915082022547721,1.51460576057434,0.144113034009933,0.205463692545891,0.79404604434967,0.553630709648132
-0.512188494205475,-0.0915073677897453,1.51455342769623,0.144709751009941,0.205692768096924,0.79374635219574,0.553819835186005
-0.512320041656494,-0.0915138497948646,1.51451146602631,0.145330131053925,0.205991849303245,0.793482780456543,0.553923904895782
-0.512447476387024,-0.0916052684187889,1.51444375514984,0.14631262421608,0.206442579627037,0.792835116386414,0.554424643516541
-0.512447476387024,-0.0916052684187889,1.51444375514984,0.14631262421608,0.206442579627037,0.792835116386414,0.554424643516541
-0.512536227703094,-0.0915868654847145,1.51455318927765,0.1470637768507,0.206782504916191,0.792342305183411,0.554803371429443
-0.512623727321625,-0.0916213542222976,1.51451826095581,0.147486165165901,0.207075282931328,0.7919762134552,0.555104970932007
-0.512713253498077,-0.0916319414973259,1.51446378231049,0.147914946079254,0.207184731960297,0.791718542575836,0.555317223072052
-0.512813746929169,-0.0916589424014091,1.51440143585205,0.148282930254936,0.207444339990616,0.791402339935303,0.555573105812073
-0.512878954410553,-0.0916321277618408,1.51434898376465,0.148658037185669,0.207549974322319,0.791161596775055,0.555776119232178
-0.512945830821991,-0.0916421636939048,1.51428735256195,0.148899555206299,0.207663789391518,0.790918469429016,0.556015074253082
-0.51302045583725,-0.0916243866086006,1.51425337791443,0.149262055754662,0.207749560475349,0.790779888629913,0.556082844734192
-0.51306813955307,-0.0915890112519264,1.51419746875763,0.149579927325249,0.207761630415916,0.790534496307373,0.556341946125031
-0.513138473033905,-0.0915352627635002,1.51415228843689,0.149939805269241,0.207783982157707,0.790407359600067,0.556417167186737
-0.513215959072113,-0.091514840722084,1.51411128044128,0.150324314832687,0.207904919981956,0.790199160575867,0.556563913822174
-0.513284862041473,-0.091524489223957,1.51409161090851,0.150662988424301,0.208119377493858,0.789865732192993,0.556865692138672
-0.513338804244995,-0.091494470834732,1.51406168937683,0.150983661413193,0.208272948861122,0.789577722549438,0.557129502296448
-0.513338804244995,-0.091494470834732,1.51406168937683,0.150983661413193,0.208272948861122,0.789577722549438,0.557129502296448
-0.51339727640152,-0.0914184302091598,1.51396691799164,0.15156477689743,0.208380803465843,0.789045214653015,0.557685613632202
-0.513561129570007,-0.0913722962141037,1.51391041278839,0.152362167835236,0.208751544356346,0.788607716560364,0.557948529720306
-0.513561129570007,-0.0913722962141037,1.51391041278839,0.152362167835236,0.208751544356346,0.788607716560364,0.557948529720306
-0.513547480106354,-0.0913534387946128,1.51384329795837,0.152677848935127,0.208815231919289,0.788225531578064,0.558378219604492
-0.513550639152527,-0.0913984924554824,1.51374101638794,0.153298914432526,0.209221795201301,0.787288010120392,0.559377729892731
-0.513587772846222,-0.0914497449994087,1.5135258436203,0.153531238436699,0.209642291069031,0.786446094512939,0.560339987277985
-0.513587772846222,-0.0914497449994087,1.5135258436203,0.153531238436699,0.209642291069031,0.786446094512939,0.560339987277985
-0.513600766658783,-0.0914846658706665,1.51347720623016,0.154045075178146,0.209906995296478,0.785714566707611,0.561125516891479
-0.513600766658783,-0.0914846658706665,1.51347720623016,0.154045075178146,0.209906995296478,0.785714566707611,0.561125516891479
-0.512368083000183,-0.0918062776327133,1.51314234733582,0.153088331222534,0.209641590714455,0.779123485088348,0.570597052574158
-0.513554096221924,-0.0916318818926811,1.51342225074768,0.1563321352005,0.210429206490517,0.782784819602966,0.564382672309875
-0.512324154376984,-0.0918715149164199,1.51312518119812,0.154879778623581,0.209677666425705,0.777116417884827,0.572833120822906
-0.513500809669495,-0.0917005389928817,1.51327466964722,0.158168882131577,0.210482522845268,0.78021115064621,0.5674067735672
-0.513362467288971,-0.0918569564819336,1.51301264762878,0.158660441637039,0.210407212376594,0.77845823764801,0.569700300693512
-0.513311862945557,-0.0919614285230636,1.512939453125,0.159960493445396,0.210570797324181,0.776198089122772,0.572354137897491
-0.513311862945557,-0.0919614285230636,1.512939453125,0.159960493445396,0.210570797324181,0.776198089122772,0.572354137897491
-0.513082265853882,-0.0922158360481262,1.51256322860718,0.162398517131805,0.210118353366852,0.771026253700256,0.578787982463837
-0.51286369562149,-0.092798501253128,1.51259970664978,0.165695264935493,0.211723774671555,0.762893617153168,0.587972342967987
-0.513032197952271,-0.0927725657820701,1.5124477148056,0.167890772223473,0.211815759539604,0.758658170700073,0.592776954174042
-0.513032197952271,-0.0927725657820701,1.5124477148056,0.167890772223473,0.211815759539604,0.758658170700073,0.592776954174042
-0.512821018695831,-0.0929922834038734,1.51236605644226,0.170268699526787,0.211678624153137,0.755060315132141,0.596728444099426
-0.512697577476501,-0.0932240635156631,1.51224994659424,0.172352641820908,0.212102651596069,0.749892055988312,0.602469086647034
-0.512551546096802,-0.093578040599823,1.5120986700058,0.174353897571564,0.212549060583115,0.744612336158752,0.608256876468658
-0.512551546096802,-0.093578040599823,1.5120986700058,0.174353897571564,0.212549060583115,0.744612336158752,0.608256876468658
-0.512220203876495,-0.0942548811435699,1.51157438755035,0.179017677903175,0.213364779949188,0.733909368515015,0.619520127773285
-0.510913133621216,-0.0950094610452652,1.51123714447021,0.179399982094765,0.213388159871101,0.722643435001373,0.632509171962738
-0.511940956115723,-0.0949852168560028,1.5113000869751,0.18524806201458,0.214644387364388,0.721903324127197,0.631242156028748
-0.5103839635849,-0.0953711494803428,1.51077938079834,0.186183422803879,0.213576599955559,0.709835827350616,0.644867241382599
-0.510064601898193,-0.0960459634661674,1.51057422161102,0.188755869865417,0.21435983479023,0.703819334506989,0.65043032169342
-0.511043548583984,-0.0964152812957763,1.51042628288269,0.193871647119522,0.215950489044189,0.702829480171204,0.649468839168549
-0.510843515396118,-0.0969513654708862,1.51029121875763,0.196996837854385,0.216787710785866,0.696154475212097,0.655411601066589
-0.510843515396118,-0.0969513654708862,1.51029121875763,0.196996837854385,0.216787710785866,0.696154475212097,0.655411601066589
-0.510266244411469,-0.0981429293751716,1.50974690914154,0.202748343348503,0.217852726578712,0.685584306716919,0.664385199546814
-0.510034322738647,-0.0987676531076431,1.50956964492798,0.205873534083366,0.218485549092293,0.679716110229492,0.669228136539459
-0.509727120399475,-0.0993078649044036,1.50912690162659,-0.208576023578644,-0.218496188521385,-0.673896968364716,-0.674253940582275
-0.508302867412567,-0.100198157131672,1.50875282287598,-0.209231376647949,-0.217912346124649,-0.662490904331207,-0.685450434684753
-0.50931441783905,-0.100772604346275,1.5085905790329,-0.213998168706894,-0.219651162624359,-0.663282036781311,-0.682652950286865
-0.508849263191223,-0.101239785552025,1.50852048397064,-0.217316627502441,-0.219220370054245,-0.658200919628143,-0.68664962053299
-0.508553624153137,-0.102008402347565,1.50828444957733,-0.219899281859398,-0.220295295119286,-0.652399778366089,-0.691005766391754
-0.507476150989532,-0.102853618562221,1.50791561603546,-0.220793396234512,-0.218735337257385,-0.645512104034424,-0.697652876377106
-0.508155047893524,-0.103489719331264,1.50777459144592,-0.224541902542114,-0.220179945230484,-0.645124673843384,-0.696358978748322
-0.507903873920441,-0.104238837957382,1.50764620304108,-0.227038115262985,-0.220617786049843,-0.639952778816223,-0.700172781944275
-0.507574379444122,-0.104724384844303,1.50745332241058,-0.230000212788582,-0.220270439982414,-0.635713994503021,-0.703170359134674
-0.506791055202484,-0.106096252799034,1.5072021484375,-0.2276241928339,-0.21939155459404,-0.631200194358826,-0.708266139030457
-0.506668388843536,-0.106833048164844,1.50697660446167,-0.229310065507889,-0.219086617231369,-0.628310918807983,-0.710382699966431
-0.506668388843536,-0.106833048164844,1.50697660446167,-0.229310065507889,-0.219086617231369,-0.628310918807983,-0.710382699966431
-0.505561232566833,-0.107937455177307,1.50629484653473,-0.234801650047302,-0.217694416642189,-0.618206024169922,-0.717843115329742
-0.505811870098114,-0.108667477965355,1.50651669502258,-0.237611055374146,-0.217676609754562,-0.617808043956757,-0.71726655960083
-0.505397021770477,-0.109626740217209,1.50622081756592,-0.2386434674263,-0.216995388269424,-0.615752995014191,-0.718895494937897
-0.505263209342957,-0.110165975987911,1.50616145133972,-0.240356594324112,-0.216522619128227,-0.612890839576721,-0.720910251140594
-0.504896283149719,-0.111349582672119,1.50589561462402,-0.24084061384201,-0.21654862165451,-0.61000645160675,-0.723183751106262
-0.504905223846436,-0.111872628331184,1.5058821439743,-0.242683783173561,-0.216280460357666,-0.607679665088654,-0.724605202674866
-0.505343198776245,-0.112964183092117,1.50580036640167,-0.244473502039909,-0.217690944671631,-0.608152449131012,-0.723183274269104
-0.504256129264832,-0.11395488679409,1.50547432899475,-0.243683129549026,-0.215684831142426,-0.603655993938446,-0.727803528308868
-0.503588438034058,-0.114754691720009,1.50529599189758,-0.244308605790138,-0.214726269245148,-0.599929869174957,-0.730951547622681
-0.503985285758972,-0.115380011498928,1.50546336174011,-0.246670946478844,-0.215149477124214,-0.600808441638947,-0.729310274124146
-0.504018425941467,-0.116197817027569,1.50547552108765,-0.248484283685684,-0.215506747364998,-0.599647045135498,-0.729544997215271
-0.504030227661133,-0.117052741348743,1.50552093982697,-0.250061810016632,-0.216028466820717,-0.597902774810791,-0.730282962322235
-0.503762245178223,-0.118033163249493,1.5054680109024,-0.25103822350502,-0.215915948152542,-0.596456825733185,-0.731163084506989
-0.502864062786102,-0.119431585073471,1.50506007671356,-0.250057995319366,-0.214267358183861,-0.594415068626404,-0.73364245891571
-0.502034604549408,-0.120519049465656,1.50483584403992,-0.249560073018074,-0.213706821203232,-0.590575098991394,-0.737068712711334
-0.502512454986572,-0.121486023068428,1.50491583347321,-0.25183966755867,-0.214641392230987,-0.591743409633636,-0.735082030296326
-0.501818358898163,-0.122309029102325,1.50474965572357,-0.25201016664505,-0.2135219424963,-0.589536190032959,-0.73712033033371
-0.501818358898163,-0.122309029102325,1.50474965572357,-0.25201016664505,-0.2135219424963,-0.589536190032959,-0.73712033033371
-0.500730752944946,-0.124220505356789,1.50464057922363,-0.252849757671356,-0.212462529540062,-0.584440946578979,-0.741185188293457
-0.501315593719482,-0.1254673153162,1.50470423698425,-0.254941701889038,-0.214309796690941,-0.586158156394958,-0.738576173782349
-0.501315593719482,-0.1254673153162,1.50470423698425,-0.254941701889038,-0.214309796690941,-0.586158156394958,-0.738576173782349
-0.500240981578827,-0.127635568380356,1.5045690536499,-0.255874156951904,-0.213174909353256,-0.583595633506775,-0.7406085729599
-0.499987602233887,-0.128881484270096,1.50449109077454,-0.256347417831421,-0.213204979896545,-0.582927227020264,-0.74096268415451
-0.499677538871765,-0.1301409304142,1.50438129901886,-0.256899118423462,-0.213588029146194,-0.581807076931,-0.74154144525528
-0.499184876680374,-0.131276428699493,1.50430905818939,-0.257547050714493,-0.213342800736427,-0.580625593662262,-0.742312908172607
-0.498263001441956,-0.132830411195755,1.50410151481628,-0.256894618272781,-0.212879538536072,-0.578269422054291,-0.744507968425751
-0.497891128063202,-0.133611097931862,1.50413525104523,-0.257963478565216,-0.212214633822441,-0.576701164245605,-0.745543897151947
-0.498346090316772,-0.134998545050621,1.50428295135498,-0.259791135787964,-0.214076220989227,-0.577650427818298,-0.743639826774597
-0.497470885515213,-0.136330544948578,1.5040385723114,-0.259132146835327,-0.213256940245628,-0.5752934217453,-0.745928585529327
-0.497118711471558,-0.137631058692932,1.50402331352234,-0.259866058826446,-0.21323136985302,-0.574344515800476,-0.746411740779877
-0.496814846992493,-0.138933449983597,1.50399625301361,-0.260706186294556,-0.213168442249298,-0.573383688926697,-0.746875286102295
-0.497076362371445,-0.140257850289345,1.50407016277313,-0.262108355760574,-0.214543908834457,-0.574262499809265,-0.745314002037048
-0.496232211589813,-0.141575828194618,1.50386452674866,-0.261531352996826,-0.21322101354599,-0.571590721607208,-0.747945368289948
-0.496086686849594,-0.142946630716324,1.50378727912903,-0.26213401556015,-0.213122710585594,-0.570791184902191,-0.748372852802277
-0.495508521795273,-0.144124805927277,1.50390148162842,-0.262854874134064,-0.212307497859001,-0.569719612598419,-0.749167859554291
-0.495388358831406,-0.145576193928719,1.50371444225311,-0.26311793923378,-0.212491363286972,-0.569246470928192,-0.74938303232193
-0.495151430368423,-0.146965458989143,1.50379693508148,-0.263934701681137,-0.212278246879578,-0.56791877746582,-0.75016313791275
-0.495056509971619,-0.148408144712448,1.50365912914276,-0.263963878154755,-0.212580174207687,-0.566722393035889,-0.750971734523773
-0.494643807411194,-0.149763435125351,1.50373232364655,-0.264740824699402,-0.212189793586731,-0.565835177898407,-0.751477539539337
-0.494506239891052,-0.151360869407654,1.50370740890503,-0.264892101287842,-0.212062850594521,-0.564760744571686,-0.752267837524414
-0.494222104549408,-0.152590125799179,1.50364828109741,-0.265688747167587,-0.2115318775177,-0.563879787921906,-0.75279712677002
-0.493971526622772,-0.154049634933472,1.50364887714386,-0.266067683696747,-0.211379870772362,-0.56297767162323,-0.753380835056305
-0.493721723556518,-0.155482560396194,1.50357985496521,-0.266623139381409,-0.211536943912506,-0.563173532485962,-0.752993881702423
-0.493671417236328,-0.157042056322098,1.50332403182983,-0.266352444887161,-0.21091203391552,-0.561576306819916,-0.754456460475922
-0.493249595165253,-0.158404111862183,1.50344717502594,-0.26730939745903,-0.210342690348625,-0.560898303985596,-0.754781246185303
-0.492981314659119,-0.159844666719437,1.50337994098663,-0.267680704593658,-0.20981627702713,-0.560247719287872,-0.755279302597046
-0.49273881316185,-0.161256074905396,1.50326681137085,-0.268114507198334,-0.209290280938148,-0.5591961145401,-0.756050169467926
-0.492341101169586,-0.162594482302666,1.50319051742554,-0.268472522497177,-0.208696722984314,-0.558535635471344,-0.756575226783752
-0.492283701896667,-0.164244130253792,1.50326085090637,-0.2691690325737,-0.208764940500259,-0.558016359806061,-0.756692290306091
-0.492140740156174,-0.165645942091942,1.50311934947968,-0.269621044397354,-0.208383589982986,-0.556655526161194,-0.757638156414032
-0.491721242666245,-0.167132720351219,1.50319135189056,-0.270204961299896,-0.208118960261345,-0.555894255638123,-0.758061766624451
-0.491423964500427,-0.16902469098568,1.50305163860321,-0.270073771476746,-0.208242401480675,-0.554739832878113,-0.758919537067413
-0.491423964500427,-0.16902469098568,1.50305163860321,-0.270073771476746,-0.208242401480675,-0.554739832878113,-0.758919537067413
-0.490913063287735,-0.171627923846245,1.50314509868622,-0.271819770336151,-0.207924529910088,-0.551726877689362,-0.760577917098999
-0.490643858909607,-0.173443764448166,1.5030654668808,-0.271606266498566,-0.208561971783638,-0.551962912082672,-0.760308444499969
-0.490170776844025,-0.17469684779644,1.50293517112732,-0.272525519132614,-0.207057297229767,-0.549158155918121,-0.762418866157532
-0.489780485630035,-0.176112160086632,1.50304102897644,-0.27349254488945,-0.207288488745689,-0.546532571315765,-0.763894975185394
-0.489884942770004,-0.178298503160477,1.50301599502563,-0.272308051586151,-0.207993239164352,-0.546889364719391,-0.763871133327484
-0.489657938480377,-0.180104196071625,1.50289499759674,-0.270851910114288,-0.208722665905952,-0.545910656452179,-0.764889359474182
-0.489126950502396,-0.181352764368057,1.50290381908417,-0.273513704538345,-0.208091169595718,-0.543344557285309,-0.765940606594086
-0.488913238048553,-0.183073163032532,1.50275540351868,-0.273625373840332,-0.208177462220192,-0.542096972465515,-0.76676082611084
-0.488060146570206,-0.183972477912903,1.50260996818542,-0.275957763195038,-0.206662699580193,-0.539657235145569,-0.768054664134979
-0.487843334674835,-0.185930237174034,1.50258302688599,-0.2751285135746,-0.207132756710052,-0.53916198015213,-0.76857316493988
-0.487373471260071,-0.187342926859856,1.5024106502533,-0.276933759450912,-0.207604900002479,-0.53840035200119,-0.768331348896027
-0.486889570951462,-0.18870010972023,1.50229525566101,-0.2779640853405,-0.20623305439949,-0.535863399505615,-0.770100235939026
-0.486883163452148,-0.190759986639023,1.50223910808563,-0.277355045080185,-0.207330077886581,-0.535529613494873,-0.770257353782654
-0.486392110586166,-0.192279055714607,1.50214600563049,-0.278303027153015,-0.207146465778351,-0.534697890281677,-0.770542740821838
-0.485717296600342,-0.193502843379974,1.50188863277435,-0.280007034540176,-0.206074431538582,-0.533039569854736,-0.771361291408539
-0.485470473766327,-0.195349022746086,1.50179839134216,-0.279437839984894,-0.206322982907295,-0.53333842754364,-0.771294772624969
-0.484847605228424,-0.196373641490936,1.5016485452652,-0.282217532396316,-0.205299600958824,-0.531221568584442,-0.772016227245331
-0.484822899103165,-0.198390632867813,1.50157761573792,-0.281619101762772,-0.206602513790131,-0.531678259372711,-0.771572649478912
-0.484822899103165,-0.198390632867813,1.50157761573792,-0.281619101762772,-0.206602513790131,-0.531678259372711,-0.771572649478912
-0.48406857252121,-0.201385349035263,1.50128996372223,-0.283311069011688,-0.206273123621941,-0.530219614505768,-0.772045075893402
-0.483626961708069,-0.202835589647293,1.50100898742676,-0.283815205097198,-0.20618736743927,-0.530144214630127,-0.771934568881989
-0.483292907476425,-0.204240515828133,1.5009218454361,-0.28481712937355,-0.206037372350693,-0.529685199260712,-0.771920740604401
-0.483292907476425,-0.204240515828133,1.5009218454361,-0.28481712937355,-0.206037372350693,-0.529685199260712,-0.771920740604401
-0.482621431350708,-0.207256644964218,1.50055301189423,-0.285716980695724,-0.205844715237617,-0.529453992843628,-0.771798133850098
-0.482316076755524,-0.208847463130951,1.50047254562378,-0.284634470939636,-0.206202641129494,-0.530166685581207,-0.771613299846649
-0.48175048828125,-0.209853589534759,1.50023150444031,-0.287007838487625,-0.205200657248497,-0.528830289840698,-0.771918296813965
-0.481779009103775,-0.211633533239365,1.50011086463928,-0.2857885658741,-0.206064805388451,-0.530116677284241,-0.771257638931274
-0.481314122676849,-0.212664172053337,1.50002312660217,-0.288420230150223,-0.205062553286552,-0.529162764549255,-0.771200239658356
-0.48096439242363,-0.213970646262169,1.49991929531097,-0.289067029953003,-0.205051437020302,-0.529076814651489,-0.771020233631134
-0.480426013469696,-0.215037375688553,1.49976313114166,-0.289574652910232,-0.204093903303146,-0.52929675579071,-0.770932793617249
-0.480275481939316,-0.216464668512344,1.49965107440948,-0.289881318807602,-0.204245999455452,-0.529061138629913,-0.770938873291016
-0.480350732803345,-0.218060821294784,1.49955654144287,-0.288426756858826,-0.205339372158051,-0.530312955379486,-0.770333588123322
-0.479887008666992,-0.219007700681686,1.4994215965271,-0.290591925382614,-0.204454809427261,-0.529495596885681,-0.770317494869232
-0.47961288690567,-0.220115780830383,1.49934029579163,-0.291046917438507,-0.204184800386429,-0.529786467552185,-0.770017266273499
-0.479248583316803,-0.221244841814041,1.49911761283875,-0.291200339794159,-0.203589275479317,-0.530280470848083,-0.769776821136475
-0.479230314493179,-0.222599133849144,1.49903833866119,-0.289544671773911,-0.20376580953598,-0.531699299812317,-0.769375920295715
-0.479230314493179,-0.222599133849144,1.49903833866119,-0.289544671773911,-0.20376580953598,-0.531699299812317,-0.769375920295715
-0.478715151548386,-0.22459015250206,1.49899625778198,-0.292509585618973,-0.203065663576126,-0.53199565410614,-0.768233835697174
-0.478578001260757,-0.225701108574867,1.4989058971405,-0.292622208595276,-0.203057318925857,-0.532256960868835,-0.76801198720932
-0.478578001260757,-0.225701108574867,1.4989058971405,-0.292622208595276,-0.203057318925857,-0.532256960868835,-0.76801198720932
-0.478259861469269,-0.227781057357788,1.49873042106628,-0.292770773172378,-0.202391982078552,-0.533655822277069,-0.767159938812256
-0.478032290935516,-0.228702664375305,1.49863064289093,-0.292998999357224,-0.202011406421661,-0.533895313739777,-0.767006397247314
-0.477854162454605,-0.229637548327446,1.49856424331665,-0.293127924203873,-0.201799228787422,-0.534717202186584,-0.766440212726593
-0.477705061435699,-0.23052142560482,1.49850654602051,-0.293404281139374,-0.201564610004425,-0.535403549671173,-0.765916883945465
-0.477533608675003,-0.231441721320152,1.49840033054352,-0.293381780385971,-0.201375752687454,-0.535995125770569,-0.76556134223938
-0.477479308843613,-0.232363164424896,1.49834060668945,-0.293317288160324,-0.201288893818855,-0.536758780479431,-0.765073716640472
-0.477348029613495,-0.233142703771591,1.49824392795563,-0.29365348815918,-0.200646504759789,-0.537445664405823,-0.76463109254837
-0.477201759815216,-0.2338477820158,1.49813628196716,-0.293900430202484,-0.200325772166252,-0.538128614425659,-0.764139890670776
-0.477118521928787,-0.234549731016159,1.49789571762085,-0.293887764215469,-0.199948862195015,-0.53877991437912,-0.763784408569336
-0.476961314678192,-0.235295295715332,1.4979795217514,-0.29421079158783,-0.199697628617287,-0.539237916469574,-0.763402462005615
-0.476860344409943,-0.235987320542336,1.49795985221863,-0.294307082891464,-0.199617251753807,-0.539932012557983,-0.76289564371109
-0.476838886737823,-0.236791342496872,1.49791347980499,-0.29398575425148,-0.199841350317001,-0.540819525718689,-0.762331962585449
-0.476393043994904,-0.236806824803352,1.49771821498871,-0.295414298772812,-0.198465198278427,-0.540318965911865,-0.762494266033173
-0.476273536682129,-0.237371474504471,1.49780166149139,-0.295582383871078,-0.198212251067162,-0.540506601333618,-0.762361824512482
-0.476273536682129,-0.237371474504471,1.49780166149139,-0.295582383871078,-0.198212251067162,-0.540506601333618,-0.762361824512482
-0.476096510887146,-0.238549798727035,1.49769127368927,-0.294963985681534,-0.19764544069767,-0.541624248027802,-0.761955082416534
-0.476285636425018,-0.239285349845886,1.49763333797455,-0.294682949781418,-0.198448643088341,-0.542311549186707,-0.761366128921509
-0.476206570863724,-0.239702731370926,1.49768650531769,-0.294744491577148,-0.198425203561783,-0.542777299880981,-0.761016368865967
-0.476156979799271,-0.240098655223846,1.4976818561554,-0.294518679380417,-0.198395296931267,-0.543162703514099,-0.760836601257324
-0.476151883602142,-0.2405024766922,1.49760758876801,-0.294135540723801,-0.19855372607708,-0.543662667274475,-0.760586321353912
-0.476182371377945,-0.240906208753586,1.49759912490845,-0.29384309053421,-0.198880553245544,-0.54417210817337,-0.760249733924866
-0.476071834564209,-0.241008639335632,1.49754559993744,-0.293759644031525,-0.198757648468017,-0.544402182102203,-0.760149300098419
-0.476052492856979,-0.241288483142853,1.49757051467896,-0.29343244433403,-0.199081674218178,-0.5449578166008,-0.759792625904083
-0.476044446229935,-0.241559118032455,1.49762499332428,-0.293062210083008,-0.199472993612289,-0.54569548368454,-0.759303390979767
-0.476041585206985,-0.241771370172501,1.49766683578491,-0.292648553848267,-0.199857532978058,-0.546229064464569,-0.758978009223938
-0.476034641265869,-0.2419473528862,1.49769818782806,-0.292210221290588,-0.200245335698128,-0.546820938587189,-0.758618474006653
-0.476490169763565,-0.242723777890205,1.49783027172089,-0.290141224861145,-0.202129766345024,-0.548583805561066,-0.757639408111572
-0.476085901260376,-0.242233887314796,1.497842669487,-0.291276693344116,-0.201459869742393,-0.548059463500977,-0.757761538028717
-0.476098656654358,-0.242369905114174,1.49793219566345,-0.290536314249039,-0.20220722258091,-0.548713147640228,-0.757373631000519
-0.475912630558014,-0.242276132106781,1.49784159660339,-0.289459049701691,-0.202262744307518,-0.54951000213623,-0.757193565368652
-0.4764384329319,-0.243071094155312,1.49816799163818,-0.287244707345963,-0.205013871192932,-0.551701903343201,-0.75570148229599
-0.476426899433136,-0.243119344115257,1.49810934066772,-0.285946041345596,-0.205802500247955,-0.552515506744385,-0.755385279655457
-0.475962370634079,-0.242524296045303,1.49834859371185,-0.286978036165237,-0.205410063266754,-0.551856935024261,-0.75558215379715
-0.475999742746353,-0.242674350738525,1.49834632873535,-0.285574704408646,-0.206333935260773,-0.552936255931854,-0.755072832107544
-0.475999742746353,-0.242674350738525,1.49834632873535,-0.285574704408646,-0.206333935260773,-0.552936255931854,-0.755072832107544
-0.475851893424988,-0.24241629242897,1.49858212471008,-0.283488512039185,-0.207918152213097,-0.554483473300934,-0.754289388656616
-0.475775390863419,-0.242263689637184,1.4986834526062,-0.282498389482498,-0.208577364683151,-0.555527985095978,-0.753710091114044
-0.475539475679398,-0.241960182785988,1.49874460697174,-0.281495630741119,-0.209282755851746,-0.556786358356476,-0.752960801124573
-0.47538360953331,-0.241748750209808,1.49877595901489,-0.280213892459869,-0.209992036223412,-0.557788252830505,-0.752499759197235
-0.475284814834595,-0.241455376148224,1.49886679649353,-0.279344856739044,-0.210573330521584,-0.558785378932953,-0.751920461654663
-0.475169092416763,-0.241159915924072,1.49901831150055,-0.278378695249557,-0.211171835660934,-0.559845983982086,-0.75132167339325
-0.475088059902191,-0.240983217954636,1.49906826019287,-0.277056753635406,-0.212374165654182,-0.560997068881989,-0.750612497329712
-0.474835395812988,-0.240754261612892,1.49908041954041,-0.275312751531601,-0.213368445634842,-0.562343597412109,-0.749964416027069
-0.474818676710129,-0.24058835208416,1.49913311004639,-0.27421236038208,-0.214688256382942,-0.563604414463043,-0.749043941497803
-0.47465181350708,-0.240201815962791,1.49915945529938,-0.27324652671814,-0.215344592928886,-0.564771771430969,-0.748328745365143
-0.474985063076019,-0.239623472094536,1.49938547611237,-0.273646831512451,-0.216810271143913,-0.56750363111496,-0.745687901973724
-0.474073529243469,-0.239087656140327,1.49916183948517,-0.271468430757523,-0.216451913118362,-0.566909909248352,-0.747038602828979
-0.47405481338501,-0.238841667771339,1.49921309947968,-0.270675659179688,-0.217849224805832,-0.56832093000412,-0.74584698677063
-0.47405481338501,-0.238841667771339,1.49921309947968,-0.270675659179688,-0.217849224805832,-0.56832093000412,-0.74584698677063
-0.474265098571777,-0.237938567996025,1.49939823150635,-0.269981533288956,-0.220571264624596,-0.57241952419281,-0.742155134677887
-0.474195599555969,-0.237710952758789,1.49931812286377,-0.268613517284393,-0.221830725669861,-0.574233889579773,-0.740873456001282
-0.473290801048279,-0.236833155155182,1.49934136867523,-0.267912000417709,-0.221410542726517,-0.57312935590744,-0.742107212543488
-0.473438680171966,-0.236299693584442,1.49954676628113,-0.267986118793487,-0.222686529159546,-0.575737774372101,-0.739675760269165
-0.473355114459991,-0.235838010907173,1.49964308738708,-0.267445147037506,-0.224723637104034,-0.578111112117767,-0.737400949001312
-0.473196089267731,-0.235253214836121,1.49974274635315,-0.267023086547852,-0.224871724843979,-0.578550636768341,-0.737163782119751
-0.472911983728409,-0.234937056899071,1.49971926212311,-0.265631377696991,-0.225924909114838,-0.57951831817627,-0.736584305763245
-0.472495347261429,-0.233990341424942,1.49966526031494,-0.265318870544434,-0.225836306810379,-0.580285668373108,-0.736119747161865
-0.473030984401703,-0.233375072479248,1.49994266033173,-0.266122877597809,-0.228915527462959,-0.583256125450134,-0.732522130012512
-0.472096383571625,-0.232763916254043,1.49983966350555,-0.264357089996338,-0.227440983057022,-0.583051800727844,-0.733782351016998
-0.471340537071228,-0.232040733098984,1.49984157085419,-0.263098776340485,-0.22749899327755,-0.581832766532898,-0.735183000564575
-0.471006482839584,-0.231395304203033,1.49993371963501,-0.262496471405029,-0.228184044361115,-0.583232998847961,-0.734075546264648
-0.471266537904739,-0.230709120631218,1.50007963180542,-0.262624353170395,-0.229783847928047,-0.586190462112427,-0.731169402599335
