x,y,z,q0,q1,q2,q3
-0.576788783073425,-0.0330885201692581,1.3648693561554,-0.047110378742218,-0.0422683618962764,0.857189536094666,0.511097013950348
-0.576309621334076,-0.0330079495906829,1.36478853225708,-0.0468241274356842,-0.0421032086014747,0.857178330421448,0.511155843734741
-0.575917720794678,-0.0329147912561893,1.36479580402374,-0.0467974282801151,-0.0422854200005531,0.856699585914612,0.511945128440857
-0.57552444934845,-0.0326814278960228,1.36474394798279,-0.046827558428049,-0.0424773655831813,0.856440603733063,0.512359619140625
-0.575038433074951,-0.0325438827276229,1.36468970775604,-0.0467146672308445,-0.0426966547966003,0.856132090091705,0.512867152690887
-0.574468612670898,-0.0325908958911895,1.36459839344025,-0.0464594587683677,-0.0429834350943565,0.855939388275146,0.513187825679779
-0.573961198329926,-0.0324522964656353,1.36444365978241,-0.0460879988968372,-0.043317761272192,0.855728507041931,0.513544797897339
-0.573460519313812,-0.0324272364377975,1.36449944972992,-0.0460518337786197,-0.0432949401438236,0.855303347110748,0.514257788658142
-0.572952449321747,-0.0323870405554771,1.36448454856873,-0.0459254570305347,-0.0434397496283054,0.854924082756042,0.514887094497681
-0.572516739368439,-0.0322977900505065,1.364422082901,-0.0454694405198097,-0.0433591268956661,0.854537904262543,0.515575051307678
-0.572074711322784,-0.0322952345013618,1.36428368091583,-0.0479023940861225,-0.0425616055727005,0.854021906852722,0.516275644302368
-0.571617662906647,-0.0321194753050804,1.36443877220154,-0.0460030511021614,-0.0441666319966316,0.853338897228241,0.517441630363464
-0.570997357368469,-0.0321196168661117,1.36413741111755,-0.0477346926927566,-0.0433678403496742,0.852912902832031,0.518054366111755
-0.570997357368469,-0.0321196168661117,1.36413741111755,-0.0477346926927566,-0.0433678403496742,0.852912902832031,0.518054366111755
-0.570055186748505,-0.032048512250185,1.36429440975189,-0.0456695891916751,-0.0445132739841938,0.851716876029968,0.520106971263885
-0.569466948509216,-0.0321913138031959,1.36430990695953,-0.0455974303185939,-0.0443229749798774,0.851171433925629,0.521021783351898
-0.568912506103516,-0.0321106165647506,1.36420750617981,-0.0452946573495864,-0.044829536229372,0.850530028343201,0.522051155567169
-0.568268835544586,-0.0321294143795967,1.36406648159027,-0.0443820245563983,-0.0447119623422622,0.849895298480988,0.523172080516815
-0.567688047885895,-0.0320921316742897,1.36405253410339,-0.0441408865153789,-0.0449469275772571,0.849224150180817,0.524261116981506
-0.567170083522797,-0.0320925116539001,1.36402869224548,-0.0439496114850044,-0.0450811684131622,0.848425984382629,0.52555650472641
-0.566598415374756,-0.0322526842355728,1.3639749288559,-0.0437912978231906,-0.0454289317131042,0.847617566585541,0.526842594146729
-0.566065728664398,-0.0321941003203392,1.36403548717499,-0.043804083019495,-0.0452143847942352,0.846702933311462,0.528328478336334
-0.565495848655701,-0.032258253544569,1.36402201652527,-0.043876152485609,-0.0452719032764434,0.845804214477539,0.529755413532257
-0.564868450164795,-0.0324413068592548,1.36391878128052,-0.0438722670078277,-0.0453860945999622,0.84478884935379,0.531363606452942
-0.564662754535675,-0.0325213745236396,1.36407363414764,-0.0431246049702167,-0.044039387255907,0.843415319919586,0.533714771270752
-0.564189553260803,-0.0325135737657547,1.36409628391266,-0.0430307239294052,-0.0439136698842048,0.842294871807098,0.535499274730682
-0.563482582569122,-0.0327630378305912,1.36406576633453,-0.0430405437946319,-0.0440847016870975,0.841215908527374,0.537177622318268
-0.562940239906311,-0.0328542925417423,1.36409640312195,-0.0428933389484882,-0.044055800884962,0.84013444185257,0.538881599903107
-0.561793327331543,-0.0329604819416999,1.36357438564301,-0.0445767119526863,-0.0447064898908138,0.839535176753998,0.539624929428101
-0.561305582523346,-0.0331468284130096,1.36395668983459,-0.0429830141365528,-0.0454973876476287,0.838172018527985,0.541802763938904
-0.560703575611115,-0.0332470759749412,1.36395466327667,-0.0429659895598888,-0.0455510653555393,0.836851894855499,0.543836414813995
-0.559949219226837,-0.0333449393510818,1.36358880996704,-0.0442370511591434,-0.044888149946928,0.835702300071716,0.545554578304291
-0.559599578380585,-0.0336047634482383,1.36402153968811,-0.0426990091800689,-0.0451265797019004,0.834213733673096,0.547930598258972
-0.559017181396484,-0.0338286161422729,1.36404943466187,-0.0423648655414581,-0.0451075844466686,0.83287501335144,0.549990832805634
-0.558492243289948,-0.0340883210301399,1.36423170566559,-0.0422821119427681,-0.0450150594115257,0.831345200538635,0.552314281463623
-0.557865083217621,-0.034264326095581,1.36422419548035,-0.0420538298785686,-0.0452925451099872,0.830087661743164,0.554197192192078
-0.55733859539032,-0.0344102531671524,1.36426496505737,-0.0417818240821361,-0.0455725267529487,0.828692197799683,0.556279420852661
-0.556753277778625,-0.03456462174654,1.36425018310547,-0.0413342677056789,-0.045732632279396,0.827225267887115,0.558478713035583
-0.556190252304077,-0.0348097532987594,1.36431562900543,-0.0411049872636795,-0.0459239706397056,0.825699090957642,0.560733795166016
-0.555669546127319,-0.0348759740591049,1.3643034696579,-0.040692176669836,-0.0460288487374782,0.824415564537048,0.562640726566315
-0.55517315864563,-0.0351305268704891,1.36433517932892,-0.0405279956758022,-0.0460431352257728,0.823022067546844,0.564687728881836
-0.55470073223114,-0.0353753305971622,1.36446189880371,-0.0402283482253551,-0.0456565432250499,0.82134073972702,0.567183136940002
-0.55418998003006,-0.0355666875839233,1.36451101303101,-0.039944339543581,-0.0458723902702331,0.81991708278656,0.56924170255661
-0.553749084472656,-0.0357907637953758,1.36457884311676,-0.0395618863403797,-0.0457100197672843,0.818386077880859,0.571480333805084
-0.553267657756805,-0.0359985679388046,1.36460530757904,-0.0391799099743366,-0.0458217337727546,0.816766381263733,0.573810338973999
-0.552777528762817,-0.035962663590908,1.3644357919693,-0.0383911468088626,-0.0467062182724475,0.815586090087891,0.575468599796295
-0.552315175533295,-0.0362122431397438,1.36446404457092,-0.0381353870034217,-0.0470461919903755,0.814171552658081,0.577457427978516
-0.55206960439682,-0.0364541225135326,1.36477720737457,-0.0384669043123722,-0.0471496917307376,0.812224507331848,0.580162525177002
-0.551634252071381,-0.0367673225700855,1.36475813388824,-0.0377140790224075,-0.0467870011925697,0.810819506645203,0.582203090190887
-0.551193177700043,-0.0369050167500972,1.36484313011169,-0.0377238057553768,-0.0471127368509769,0.809160172939301,0.584480345249176
-0.550818562507629,-0.0370993837714195,1.36460959911346,-0.0390959791839122,-0.046098668128252,0.807672917842865,0.586524486541748
-0.550527513027191,-0.0375002399086952,1.36464715003967,-0.0385259501636028,-0.0456113815307617,0.806080937385559,0.588786005973816
-0.550186216831207,-0.0376555621623992,1.364950299263,-0.0373132452368736,-0.0473993495106697,0.804404616355896,0.591011166572571
-0.549802482128143,-0.0377443730831146,1.36470127105713,-0.0386141166090965,-0.046625830233097,0.80295866727829,0.592952370643616
-0.549581170082092,-0.0380749776959419,1.36504888534546,-0.0369275137782096,-0.0472579225897789,0.801397979259491,0.595117211341858
-0.549548983573914,-0.0384834595024585,1.36532258987427,-0.0368536375463008,-0.0461592301726341,0.799507200717926,0.597745418548584
-0.549268305301666,-0.0387345813214778,1.36530888080597,-0.0364194586873054,-0.0463937669992446,0.797939419746399,0.599845051765442
-0.54914653301239,-0.0391194969415664,1.36542701721191,-0.0368684418499469,-0.046513807028532,0.795991659164429,0.602390646934509
-0.548888325691223,-0.0393231511116027,1.36501038074493,-0.0380220972001552,-0.0461703278124332,0.794619798660278,0.604154169559479
-0.548323094844818,-0.0392468869686126,1.36488401889801,-0.037031915038824,-0.0458047874271869,0.793266296386719,0.606019139289856
-0.54829478263855,-0.0395233668386936,1.36514163017273,-0.0378935299813747,-0.0457838587462902,0.791610717773438,0.608128666877747
-0.548076152801514,-0.0397604815661907,1.36517262458801,-0.0377781949937343,-0.0458046123385429,0.790282905101776,0.609858632087708
-0.547830045223236,-0.0399088747799396,1.36509943008423,-0.0374249368906021,-0.0461256355047225,0.789156556129456,0.611313104629517
-0.547689020633698,-0.0402326360344886,1.36521780490875,-0.0355321280658245,-0.0468029901385307,0.787996411323547,0.612869083881378
-0.547625422477722,-0.0405353568494319,1.365363240242,-0.0358079560101032,-0.0464197434484958,0.786534607410431,0.614757001399994
-0.547535836696625,-0.0408121906220912,1.36536610126495,-0.0355674512684345,-0.0467111878097057,0.7853684425354,0.616238236427307
-0.547438383102417,-0.0411446094512939,1.36540722846985,-0.035492155700922,-0.0467673540115356,0.783988475799561,0.617992997169495
-0.547296524047852,-0.0413130521774292,1.36529147624969,-0.035182312130928,-0.0471920222043991,0.783236086368561,0.618931770324707
-0.547345817089081,-0.0416602753102779,1.36542797088623,-0.0352097526192665,-0.0469446331262588,0.781727075576782,0.620853543281555
-0.547303974628448,-0.0420860983431339,1.36545920372009,-0.035356443375349,-0.046996247023344,0.780802607536316,0.622003793716431
-0.547157168388367,-0.0424002595245838,1.36547255516052,-0.0364075154066085,-0.047450728714466,0.780283331871033,0.62255996465683
-0.547133147716522,-0.0426485501229763,1.36553776264191,-0.0363797508180141,-0.0473556295037269,0.779208242893219,0.623913943767548
-0.547010123729706,-0.0427787564694881,1.36550629138947,-0.035809688270092,-0.047793474048376,0.777823388576508,0.625639140605927
-0.547195732593536,-0.0431712679564952,1.36564302444458,-0.0359482131898403,-0.0473689921200275,0.776899039745331,0.626810848712921
-0.547136425971985,-0.0435267090797424,1.36577689647675,-0.0360837914049625,-0.047298889607191,0.77629554271698,0.627555668354034
-0.547198057174683,-0.043845809996128,1.36577033996582,-0.0358122773468494,-0.0474664866924285,0.775288820266724,0.628801882266998
-0.547296047210693,-0.0444245710968971,1.36573016643524,-0.0359794571995735,-0.0479001775383949,0.774463593959808,0.62977534532547
-0.547500371932983,-0.0449124500155448,1.36589729785919,-0.0363611802458763,-0.0474843010306358,0.773593842983246,0.630853176116943
-0.547477900981903,-0.0452067069709301,1.36574566364288,-0.0361537560820579,-0.0478496216237545,0.773269355297089,0.631235182285309
-0.547295272350311,-0.0453662276268005,1.3657546043396,-0.0358958728611469,-0.0476591438055038,0.773380875587463,0.631127655506134
-0.547609388828278,-0.0459349676966667,1.36575484275818,-0.0363366417586803,-0.0479101464152336,0.772419810295105,0.632259428501129
-0.547670125961304,-0.046369019895792,1.36577463150024,-0.0364284291863441,-0.0478372871875762,0.771944463253021,0.632839858531952
-0.547462224960327,-0.0464971475303173,1.36579823493958,-0.0360144898295402,-0.0478010438382625,0.772203743457794,0.632550120353699
-0.547598421573639,-0.0470145419239997,1.36594641208649,-0.0362526811659336,-0.0472389459609985,0.771612584590912,0.63329952955246
-0.547590970993042,-0.0473993942141532,1.36584448814392,-0.03598153591156,-0.0471348240971565,0.771466135978699,0.633501052856445
-0.547596096992493,-0.0477209351956844,1.36572909355164,-0.0358412377536296,-0.0474698282778263,0.771219968795776,0.633783876895905
-0.547645807266235,-0.0481458529829978,1.36568534374237,-0.0357667692005634,-0.0475183576345443,0.770980775356293,0.634075403213501
-0.547809481620789,-0.0486549213528633,1.36581707000732,-0.0360717959702014,-0.0471771359443664,0.770600497722626,0.634545505046844
-0.547809481620789,-0.0486549213528633,1.36581707000732,-0.0360717959702014,-0.0471771359443664,0.770600497722626,0.634545505046844
-0.548078656196594,-0.0496528260409832,1.36543023586273,-0.0376918390393257,-0.0464796610176563,0.769869565963745,0.635389506816864
-0.548078656196594,-0.0496528260409832,1.36543023586273,-0.0376918390393257,-0.0464796610176563,0.769869565963745,0.635389506816864
-0.548134922981262,-0.0504129864275455,1.36579406261444,-0.0360297076404094,-0.0473208874464035,0.769984722137451,0.635284304618835
-0.548179805278778,-0.0508697107434272,1.36580896377563,-0.0360171310603618,-0.0471602641046047,0.769902944564819,0.635396122932434
-0.54825621843338,-0.0513089336454868,1.36589598655701,-0.0363796912133693,-0.0471266731619834,0.769723117351532,0.635595738887787
-0.548425197601318,-0.0518879108130931,1.36541295051575,-0.0378660783171653,-0.0463616251945495,0.769360959529877,0.63600355386734
-0.548524916172028,-0.0523453168570995,1.36552298069,-0.0382113941013813,-0.0463920310139656,0.769193708896637,0.636182963848114
-0.548347532749176,-0.0525610446929931,1.36579668521881,-0.0364907085895538,-0.0472504049539566,0.769704520702362,0.635602831840515
-0.548459410667419,-0.0531277246773242,1.36564242839813,-0.037852257490158,-0.0459184274077415,0.769569993019104,0.635783553123474
-0.548678278923035,-0.05370669439435,1.3654659986496,-0.0376786030828952,-0.0464506968855857,0.769136190414429,0.636280059814453
-0.548740148544312,-0.0541422329843044,1.36551511287689,-0.0379296094179153,-0.0464730747044086,0.769066751003265,0.636347353458405
-0.548870980739594,-0.0545820258557796,1.36557006835938,-0.0381173640489578,-0.0464118123054504,0.768979549407959,0.636445999145508
-0.548864841461182,-0.0549425221979618,1.366006731987,-0.0364696979522705,-0.0465894378721714,0.769227862358093,0.636229515075684
-0.548946678638458,-0.0554045923054218,1.36602210998535,-0.0364870876073837,-0.0466166026890277,0.769199848175049,0.636260330677032
-0.549115538597107,-0.0559613518416881,1.3658698797226,-0.0366088338196277,-0.0471938624978065,0.770798146724701,0.63427346944809
-0.549241721630096,-0.0565016716718673,1.36592149734497,-0.0368090383708477,-0.047022808343172,0.768916845321655,0.636553943157196
-0.549270153045654,-0.0569574758410453,1.36591029167175,-0.0368117429316043,-0.0469890758395195,0.769050598144531,0.636394560337067
-0.549132943153381,-0.0571132004261016,1.36594808101654,-0.0364537872374057,-0.0466309562325477,0.769785046577454,0.635553061962128
-0.54932689666748,-0.057699903845787,1.36597299575806,-0.0371988601982593,-0.0459743775427341,0.76982969045639,0.635503709316254
-0.549608886241913,-0.0584659129381179,1.36594927310944,-0.0366291515529155,-0.0463952347636222,0.769165337085724,0.636310040950775
-0.549647331237793,-0.0589122883975505,1.36587309837341,-0.0365455374121665,-0.0465760640799999,0.769286334514618,0.636155486106873
-0.549635350704193,-0.0593125410377979,1.36583316326141,-0.0364724844694137,-0.0466535948216915,0.769563376903534,0.635818719863892
-0.549462020397186,-0.0595314279198646,1.36584961414337,-0.0360340848565101,-0.0465388968586921,0.77019214630127,0.635090470314026
-0.549646973609924,-0.0601246766746044,1.3659679889679,-0.0362745486199855,-0.0462162308394908,0.770113229751587,0.635196030139923
-0.549971044063568,-0.060913473367691,1.36597275733948,-0.0368140414357185,-0.046154960989952,0.769862830638885,0.635472774505615
-0.550007224082947,-0.0613608956336975,1.36585545539856,-0.0365829989314079,-0.0463529862463474,0.770254254341125,0.634997248649597
-0.550107002258301,-0.0618919096887111,1.36585032939911,-0.036487191915512,-0.0462536960840225,0.770366191864014,0.634874165058136
-0.550197660923004,-0.0623356625437736,1.36583995819092,-0.0364221110939979,-0.0463235974311828,0.770483195781708,0.634730935096741
-0.55016964673996,-0.0626733154058456,1.3659952878952,-0.0361604504287242,-0.0458725988864898,0.771005272865295,0.634144365787506
-0.550468444824219,-0.0634713992476463,1.36604285240173,-0.0364741422235965,-0.0459612496197223,0.77068030834198,0.634514808654785
-0.550551354885101,-0.0640183836221695,1.36604166030884,-0.0364157520234584,-0.0458952859044075,0.771020114421844,0.63411009311676
-0.55062872171402,-0.0645259320735931,1.36604678630829,-0.0364414751529693,-0.0458753816783428,0.771336853504181,0.633724689483643
-0.55049455165863,-0.0648135021328926,1.36611115932465,-0.0363727584481239,-0.0457880236208438,0.771987915039062,0.632941782474518
-0.550814747810364,-0.0656449422240257,1.36614310741425,-0.0365577414631843,-0.0460820160806179,0.771566808223724,0.63342297077179
-0.550905346870422,-0.0662238299846649,1.36617946624756,-0.0364727526903152,-0.045993585139513,0.771696984767914,0.633275926113129
-0.550993680953979,-0.0667768120765686,1.3662257194519,-0.0364089272916317,-0.0458871684968471,0.771813750267029,0.633145034313202
-0.551005303859711,-0.067222312092781,1.36597323417664,-0.037106167525053,-0.0455396324396133,0.772375106811523,0.632444560527802
-0.55088198184967,-0.0674934387207031,1.36606276035309,-0.0361194163560867,-0.0458442457020282,0.773368299007416,0.631264746189117
-0.551232695579529,-0.0684635415673255,1.36628794670105,-0.0364938899874687,-0.0456651598215103,0.772969126701355,0.631744921207428
-0.551232695579529,-0.0684635415673255,1.36628794670105,-0.0364938899874687,-0.0456651598215103,0.772969126701355,0.631744921207428
-0.551459670066833,-0.0696658343076706,1.36640286445618,-0.0356267839670181,-0.045936532318592,0.772968173027039,0.631775856018066
-0.551518619060516,-0.0702390074729919,1.36646270751953,-0.0354209579527378,-0.0459101013839244,0.773150265216827,0.631566524505615
-0.5514035820961,-0.0705702900886535,1.36649560928345,-0.0348372124135494,-0.0459334999322891,0.773887157440186,0.630694270133972
-0.551781356334686,-0.0714758932590484,1.36651515960693,-0.0349926985800266,-0.0463013760745525,0.773610353469849,0.630998253822327
-0.551847040653229,-0.072046473622322,1.36631226539612,-0.0362719856202602,-0.0452825725078582,0.773752570152283,0.630825579166412
-0.551886677742004,-0.0726398006081581,1.36650347709656,-0.0341769643127918,-0.0468512251973152,0.774046838283539,0.630466878414154
-0.551692128181458,-0.0729910731315612,1.36656701564789,-0.0335901193320751,-0.046673446893692,0.774877667427063,0.629490256309509
-0.551729023456573,-0.0736047625541687,1.36639583110809,-0.0346958599984645,-0.0457411929965019,0.775102913379669,0.629221320152283
-0.551884710788727,-0.0742763727903366,1.36668825149536,-0.0330534093081951,-0.0469113066792488,0.77530962228775,0.628968894481659
-0.551970243453979,-0.0748532265424728,1.36674821376801,-0.0327313467860221,-0.0471445471048355,0.775557458400726,0.628662765026093
-0.552241742610931,-0.0757002606987953,1.36688697338104,-0.0330555588006973,-0.0466348379850387,0.776170074939728,0.627927184104919
-0.552208840847015,-0.0762945041060447,1.36694860458374,-0.0321885794401168,-0.0467025525867939,0.775698840618134,0.628549337387085
-0.552235007286072,-0.0770048946142196,1.36697399616241,-0.0315756164491176,-0.0469448156654834,0.77588415145874,0.628333508968353
-0.552292227745056,-0.0774744227528572,1.3669182062149,-0.0309439040720462,-0.0474410690367221,0.776044309139252,0.628129899501801
-0.552461087703705,-0.078120470046997,1.36705100536346,-0.0310251656919717,-0.0474750511348247,0.776026904582977,0.628144860267639
-0.552724659442902,-0.0789490491151809,1.36722278594971,-0.0313526019454002,-0.0469965189695358,0.776998996734619,0.626961708068848
-0.552684426307678,-0.079653687775135,1.36721897125244,-0.0308102816343307,-0.0471776314079761,0.777257263660431,0.626654863357544
-0.55287504196167,-0.0802274644374847,1.36723160743713,-0.0305176973342895,-0.0473724640905857,0.777141213417053,0.626798391342163
-0.552903294563293,-0.0808811038732528,1.36723589897156,-0.0298673752695322,-0.0473344177007675,0.777350246906281,0.626573204994202
-0.553001821041107,-0.081560805439949,1.36729443073273,-0.0293846484273672,-0.0476688854396343,0.777338862419128,0.626584947109222
-0.553138315677643,-0.082315444946289,1.36735701560974,-0.0291317962110042,-0.0476365871727466,0.777352094650269,0.62658280134201
-0.553160071372986,-0.0828248858451843,1.36728239059448,-0.0285250954329967,-0.0479604117572307,0.777637958526611,0.626231133937836
-0.553194165229797,-0.0835243239998817,1.36740911006927,-0.028284216299653,-0.0481672659516334,0.77766340970993,0.626194536685944
-0.553557753562927,-0.0844933688640594,1.36746621131897,-0.0282342266291379,-0.048590213060379,0.777295529842377,0.626620650291443
-0.553557753562927,-0.0844933688640594,1.36746621131897,-0.0282342266291379,-0.048590213060379,0.777295529842377,0.626620650291443
-0.553625285625458,-0.0856682732701301,1.36768758296967,-0.0273130796849727,-0.0484565161168575,0.777689099311829,0.626183331012726
-0.553694844245911,-0.0863442346453666,1.36772871017456,-0.0268664471805095,-0.0486164130270481,0.777742862701416,0.626123666763306
-0.553933620452881,-0.0872348025441169,1.36767482757568,-0.0265245828777551,-0.0492593981325626,0.777452945709229,0.626447975635529
-0.554054081439972,-0.0879052281379699,1.36774301528931,-0.0260659530758857,-0.0496447049081325,0.777476012706757,0.626408219337463
-0.554054081439972,-0.0879052281379699,1.36774301528931,-0.0260659530758857,-0.0496447049081325,0.777476012706757,0.626408219337463
-0.554045259952545,-0.0891690701246261,1.36791527271271,-0.0248872879892587,-0.0494844689965248,0.778223514556885,0.625539779663086
-0.554368555545807,-0.0901331305503845,1.36799299716949,-0.024864561855793,-0.0498936623334884,0.777668476104736,0.626198291778564
-0.554596185684204,-0.0910172164440155,1.36814701557159,-0.0250016674399375,-0.0495699159801006,0.777956783771515,0.625860154628754
-0.554426848888397,-0.0914251729846,1.36820793151855,-0.0241531170904636,-0.0497414395213127,0.778673589229584,0.624987959861755
-0.554420948028564,-0.0920931100845336,1.36817586421967,-0.0233302190899848,-0.0503044165670871,0.779010355472565,0.62455427646637
-0.554592430591583,-0.0929688587784767,1.36835551261902,-0.0231153629720211,-0.0501477941870689,0.778921604156494,0.624685645103455
-0.554702699184418,-0.0936911031603813,1.36842715740204,-0.0227117165923118,-0.0502699092030525,0.77890145778656,0.624715805053711
-0.554965019226074,-0.0947011783719062,1.36834514141083,-0.0235512629151344,-0.0499687828123569,0.778227508068085,0.625548005104065
-0.554769337177277,-0.0951075181365013,1.36826038360596,-0.0224958136677742,-0.0503383949398994,0.779020667076111,0.624569475650787
-0.554933190345764,-0.0960625261068344,1.36844873428345,-0.0218263827264308,-0.0503841303288936,0.778592824935913,0.625122547149658
-0.555296242237091,-0.0971209481358528,1.36861062049866,-0.0210336036980152,-0.0513814091682434,0.778109967708588,0.625669598579407
-0.55515855550766,-0.0976304486393928,1.36863911151886,-0.0202176552265882,-0.0513695143163204,0.778691589832306,0.624973356723785
-0.555357098579407,-0.0985545516014099,1.36875307559967,-0.0188441947102546,-0.0527830868959426,0.778029084205627,0.625723242759705
-0.555213451385498,-0.0990625545382499,1.36850500106812,-0.0197683554142713,-0.051573347300291,0.778884828090668,0.624730169773102
-0.555555999279022,-0.10015245527029,1.36883246898651,-0.0175605993717908,-0.0533369034528732,0.77839607000351,0.625257015228271
-0.555527865886688,-0.100705519318581,1.36874318122864,-0.0178831126540899,-0.0521394796669483,0.779128313064575,0.624436318874359
-0.555737614631653,-0.101867094635963,1.36880767345428,-0.0186490379273891,-0.0524569116532802,0.778521716594696,0.625143647193909
-0.555498778820038,-0.102317467331886,1.36875748634338,-0.0175557918846607,-0.0528470054268837,0.779239237308502,0.624247670173645
-0.555657744407654,-0.103112146258354,1.3690881729126,-0.0153832342475652,-0.054142702370882,0.779285073280334,0.624136745929718
-0.555785417556763,-0.104117535054684,1.3692866563797,-0.0149502772837877,-0.0541187860071659,0.77915221452713,0.624315142631531
-0.555756866931915,-0.104833289980888,1.36924934387207,-0.0142898932099342,-0.0547637715935707,0.779410302639008,0.623952209949493
-0.555976629257202,-0.105660051107407,1.36938524246216,-0.0134908631443977,-0.0549352951347827,0.779126763343811,0.624309062957764
-0.556062042713165,-0.106482431292534,1.36942172050476,-0.0129252597689628,-0.0551837980747222,0.779381990432739,0.623980283737183
-0.556094706058502,-0.107340767979622,1.36935472488403,-0.0135791534557938,-0.0548603869974613,0.77964723110199,0.623663604259491
-0.556101262569427,-0.108092434704304,1.369473695755,-0.0116839949041605,-0.0562245994806289,0.779652893543243,0.623573303222656
-0.5561763048172,-0.108898371458054,1.36953127384186,-0.0111356144770979,-0.0566466823220253,0.77964836359024,0.623550891876221
-0.556202292442322,-0.109723255038261,1.369624376297,-0.0102275991812348,-0.0569586046040058,0.779802024364471,0.623345851898193
-0.556252717971802,-0.110635355114937,1.3696882724762,-0.0099903494119644,-0.0572035685181617,0.779778838157654,0.62335604429245
-0.55632483959198,-0.111469134688377,1.36971664428711,-0.0092856856063008,-0.0574801377952098,0.779810965061188,0.623301386833191
-0.556398928165436,-0.112328097224236,1.36980652809143,-0.0084749311208724,-0.0576952621340751,0.779802083969116,0.62330436706543
-0.556456744670868,-0.113123521208763,1.3698582649231,-0.0079255411401391,-0.0579657740890979,0.779870390892029,0.6232008934021
-0.55651319026947,-0.113972947001457,1.36996340751648,-0.0072487290017306,-0.0583968646824359,0.780071377754211,0.622917234897614
-0.556620478630066,-0.114852093160152,1.37007761001587,-0.0067588915117084,-0.0584258213639259,0.779989898204803,0.623022258281708
-0.556672394275665,-0.115720018744469,1.3701890707016,-0.0061213192529976,-0.0587225630879402,0.780063450336456,0.622908592224121
-0.556678175926208,-0.116543456912041,1.3701343536377,-0.0053550922311842,-0.0591335520148277,0.780033826828003,0.622914016246796
-0.556646108627319,-0.117394156754017,1.37006270885468,-0.0049880156293511,-0.0591544918715953,0.780506789684296,0.62232232093811
-0.556771278381348,-0.118305929005146,1.37039947509766,-0.0040489989332854,-0.0592666827142238,0.780099332332611,0.622829079627991
-0.556661427021027,-0.119088672101498,1.37025785446167,-0.0036687674000859,-0.0594911314547061,0.780629813671112,0.622145056724548
-0.556791365146637,-0.119911707937717,1.37037575244904,-0.0013502609217539,-0.0592328943312168,0.780250668525696,0.622654497623444
-0.556937277317047,-0.120850950479507,1.37056028842926,-0.0015501903835684,-0.0587426908314228,0.780416131019592,0.622492909431458
-0.556860387325287,-0.121656998991966,1.37060928344727,-5.81949825573247e-06,-0.0596415139734745,0.780329942703247,0.622517704963684
-0.556864082813263,-0.122461065649986,1.37068712711334,0.0008115645614452,-0.0599691942334175,0.780479192733765,0.622298419475555
-0.557078182697296,-0.123447708785534,1.37097597122192,0.0011125868186354,-0.0598471015691757,0.780403316020966,0.622404813766479
-0.556974351406097,-0.124242827296257,1.37095165252686,0.0020123494323343,-0.0603589303791523,0.780624687671661,0.622075498104095
-0.556991398334503,-0.125145688652992,1.37110435962677,0.002901020925492,-0.0605197139084339,0.780650734901428,0.62202376127243
-0.557101786136627,-0.126118451356888,1.37136805057526,0.0032715294510126,-0.0602170042693614,0.780524134635925,0.622210025787354
-0.557089686393738,-0.12700355052948,1.37144589424133,0.0041033867746591,-0.0608829148113727,0.78040337562561,0.622291803359985
-0.557083129882812,-0.127812102437019,1.37160003185272,0.0046812328509986,-0.0610251016914844,0.780471563339233,0.6221883893013
-0.557134747505188,-0.12876532971859,1.37174618244171,0.0051671145483851,-0.0610358528792858,0.780405402183533,0.622266292572021
-0.557113528251648,-0.129660427570343,1.37187492847443,0.0060087158344686,-0.0613335482776165,0.780212759971619,0.622471034526825
-0.557178795337677,-0.130511209368706,1.37193834781647,0.0066832066513597,-0.0614310167729854,0.780027329921722,0.622686922550201
-0.557177603244781,-0.131362944841385,1.37206041812897,0.0074036624282598,-0.0616083890199661,0.779900968074799,0.622819662094116
-0.557146847248077,-0.13219353556633,1.37211120128632,0.0079235937446355,-0.0616274997591972,0.779832243919373,0.622897326946259
-0.557136416435242,-0.133035212755203,1.37227463722229,0.0085395025089383,-0.0613478794693946,0.779591619968414,0.623217880725861
-0.556975781917572,-0.133758381009102,1.37224411964417,0.0093591976910829,-0.0614854209125041,0.779775857925415,0.622961938381195
-0.556904375553131,-0.134515359997749,1.37228739261627,0.0100581878796219,-0.0614676550030708,0.779651820659637,0.62310791015625
-0.556938886642456,-0.135407283902168,1.3723578453064,0.0106263207271695,-0.0614999756217002,0.779319226741791,0.623511493206024
-0.556853234767914,-0.136126115918159,1.37233328819275,0.010921636596322,-0.0610745921730995,0.779602706432343,0.623193621635437
-0.556837260723114,-0.136919140815735,1.37239170074463,0.0114791970700025,-0.0609953217208385,0.779569327831268,0.623233258724213
-0.556827068328857,-0.137635082006454,1.37252497673035,0.0127683812752366,-0.0611117146909236,0.779192209243774,0.623668074607849
-0.557116389274597,-0.138703674077988,1.37260222434998,0.0132579784840345,-0.0608823895454406,0.778373599052429,0.62470155954361
-0.556800007820129,-0.139102056622505,1.37258660793304,0.0138010997325181,-0.0602310262620449,0.779395401477814,0.623477935791016
-0.556792020797729,-0.139800176024437,1.37278318405151,0.0149624217301607,-0.060386624187231,0.779201209545135,0.623678743839264
-0.556758165359497,-0.140517324209213,1.37259113788605,0.0141044575721025,-0.0591974034905433,0.779244124889374,0.623759210109711
-0.556758165359497,-0.140517324209213,1.37259113788605,0.0141044575721025,-0.0591974034905433,0.779244124889374,0.623759210109711
-0.55680251121521,-0.141909092664719,1.37285327911377,0.0163144301623106,-0.059590458869934,0.779778838157654,0.622999012470245
-0.556765079498291,-0.142481058835983,1.3730046749115,0.0172183103859424,-0.0594560131430625,0.779721319675446,0.623059630393982
-0.556833505630493,-0.143163442611694,1.37318408489227,0.0174093414098024,-0.0588489398360252,0.779846251010895,0.622955620288849
-0.556817471981049,-0.143757283687591,1.37303626537323,0.0177473723888397,-0.0585093535482883,0.780426621437073,0.622250854969025
-0.556827664375305,-0.144291117787361,1.37308752536774,0.0183142647147178,-0.0581606440246105,0.780862152576447,0.621720314025879
-0.556865811347961,-0.144850820302963,1.37314462661743,0.0189187210053205,-0.0577239468693733,0.781207978725433,0.621308445930481
-0.556960642337799,-0.145378395915031,1.37331330776215,0.0190294031053781,-0.0570704713463783,0.781401634216309,0.621122062206268
-0.556988060474396,-0.145857036113739,1.37344861030579,0.019978042691946,-0.056739006191492,0.781539916992188,0.620948433876038
-0.557056128978729,-0.146292760968208,1.37345123291016,0.0204942356795072,-0.0564685985445976,0.781916320323944,0.620482265949249
-0.557130515575409,-0.146693140268326,1.37345969676971,0.0211306922137737,-0.0563080124557018,0.782244980335236,0.620061218738556
-0.557518720626831,-0.147367522120476,1.3733743429184,0.0204564146697521,-0.0558357462286949,0.782186090946198,0.62020069360733
-0.557616770267487,-0.147693559527397,1.37340426445007,0.0209618993103504,-0.0552689284086227,0.782768607139587,0.619499206542969
-0.557394802570343,-0.147659450769424,1.37345480918884,0.0222741719335317,-0.0549223721027374,0.783594250679016,0.618439614772797
-0.557455718517303,-0.147874385118484,1.37345397472382,0.0226423665881156,-0.0544562377035617,0.784028768539429,0.617916464805603
-0.557520747184753,-0.147959053516388,1.37332129478455,0.0233025047928094,-0.0542986541986465,0.78449684381485,0.617311537265778
-0.557671248912811,-0.148031413555145,1.37325358390808,0.0236503351479768,-0.053969994187355,0.784813404083252,0.616924524307251
-0.557870209217072,-0.148011803627014,1.37310886383057,0.0235817804932594,-0.0532796159386634,0.785630881786346,0.615946054458618
-0.558025181293488,-0.147952035069466,1.37309551239014,0.0235489550977945,-0.0529662743210792,0.786019504070282,0.615478336811066
-0.558257281780243,-0.147822067141533,1.37300968170166,0.0237686056643724,-0.0526643544435501,0.786374866962433,0.615041553974152
-0.55842912197113,-0.147647812962532,1.37282824516296,0.0243223458528518,-0.0521920695900917,0.786839306354523,0.6144660115242
-0.55878096818924,-0.147404849529266,1.37280488014221,0.0237985756248235,-0.0518789552152156,0.787137150764465,0.614131271839142
-0.559100329875946,-0.147038832306862,1.37264060974121,0.0242406222969293,-0.0511638224124908,0.787617087364197,0.61355847120285
-0.559261202812195,-0.146453380584717,1.37243545055389,0.0245953127741813,-0.0506783910095691,0.788205802440643,0.612828195095062
-0.559694290161133,-0.146000191569328,1.37239241600037,0.0241958256810903,-0.0500883683562278,0.788360178470612,0.612694263458252
-0.560453414916992,-0.145663872361183,1.37231230735779,0.0233292002230882,-0.0498320832848548,0.788028299808502,0.613175272941589
-0.560778439044952,-0.144928023219108,1.37220549583435,0.0235868263989686,-0.0499765463173389,0.788020193576813,0.613164186477661
-0.56122362613678,-0.144187897443771,1.37202000617981,0.0226089600473642,-0.0493102744221687,0.788428246974945,0.612730205059052
-0.561343908309937,-0.143031805753708,1.37203943729401,0.0232659894973039,-0.0486422441899776,0.788977265357971,0.612051904201508
-0.562175333499908,-0.142389386892319,1.37196803092957,0.0222628377377986,-0.0488347634673118,0.78828227519989,0.612968683242798
-0.562175333499908,-0.142389386892319,1.37196803092957,0.0222628377377986,-0.0488347634673118,0.78828227519989,0.612968683242798
-0.562690854072571,-0.139823764562607,1.37156021595001,0.0218553636223077,-0.048493281006813,0.789082884788513,0.611979722976685
-0.562757551670074,-0.138259619474411,1.37145376205444,0.0214629657566547,-0.0476086102426052,0.789341628551483,0.611729264259338
-0.5633465051651,-0.136954933404922,1.37123930454254,0.0189524833112955,-0.0461670495569705,0.789078116416931,0.612262368202209
-0.563955724239349,-0.135749042034149,1.37120711803436,0.0191347636282444,-0.0467918217182159,0.788819849491119,0.612541973590851
-0.564485669136047,-0.134305581450462,1.37111008167267,0.018152741715312,-0.0468097068369388,0.788473427295685,0.613016307353973
-0.565036058425903,-0.132814288139343,1.37085175514221,0.0172970797866582,-0.0470930710434913,0.788040339946747,0.613575994968414
-0.565479874610901,-0.1312136054039,1.37079608440399,0.0165496915578842,-0.046737466007471,0.787696242332458,0.614065647125244
-0.56603741645813,-0.129538178443909,1.37061393260956,0.0154850129038095,-0.0469442307949066,0.787066102027893,0.614885032176971
-0.566656291484833,-0.128009125590324,1.37059664726257,0.0141238123178482,-0.046558991074562,0.786223828792572,0.616023480892181
-0.567058026790619,-0.126132100820541,1.37037074565887,0.0133326891809701,-0.0468749776482582,0.785703420639038,0.616680800914764
-0.567721605300903,-0.124348051846027,1.37036025524139,0.0119081335142254,-0.0463944226503372,0.784446060657501,0.618344724178314
-0.568021297454834,-0.122308671474457,1.37005269527435,0.010455104522407,-0.0457927882671356,0.783100306987762,0.620119214057922
-0.568579137325287,-0.120433501899242,1.37021124362946,0.0101408762857317,-0.0464040525257587,0.781761050224304,0.621766626834869
-0.568952918052673,-0.118523217737675,1.37017273902893,0.0083614103496074,-0.0469680689275264,0.780674636363983,0.623114168643951
-0.569481492042542,-0.116596847772598,1.37028419971466,0.0065595735795795,-0.0459720753133297,0.779825389385223,0.624272167682648
-0.569917380809784,-0.114574924111366,1.37035131454468,0.0054671876132488,-0.0456242822110652,0.778524041175842,0.625930547714233
-0.570242762565613,-0.112495735287666,1.37035191059113,0.0055327797308564,-0.04638347402215,0.777216017246246,0.627497732639313
-0.570863604545593,-0.110513940453529,1.37058043479919,0.0044036833569407,-0.0457242093980312,0.775815784931183,0.629285275936127
-0.571385741233826,-0.108596347272396,1.37073230743408,0.0029901128727942,-0.0449247919023036,0.774947583675385,0.630419731140137
-0.571755468845367,-0.106635168194771,1.37093687057495,0.0026691637467592,-0.0449340753257274,0.773472309112549,0.632229626178741
-0.572107970714569,-0.104530677199364,1.37089157104492,0.0016431144904345,-0.0447750352323055,0.772842407226562,0.633014321327209
-0.572691261768341,-0.10254979878664,1.37126898765564,0.0009260956430807,-0.0443961136043071,0.771273732185364,0.634952664375305
-0.573058903217316,-0.100473955273628,1.37112772464752,-1.68712704180507e-05,-0.0442482009530067,0.77078115940094,0.635561585426331
-0.573596894741058,-0.0985797196626663,1.37130987644196,-0.0009200606727972,-0.0435302667319774,0.769782483577728,0.636819660663605
-0.574154138565063,-0.0965307801961898,1.37133765220642,-0.0015110860113054,-0.0435207709670066,0.768667817115784,0.638164043426514
-0.5744549036026,-0.0945056602358818,1.37139391899109,-0.001640418311581,-0.0436599627137184,0.767574608325958,0.639468967914581
-0.574866831302643,-0.0924241468310356,1.37130916118622,-0.0028026872314512,-0.0430190376937389,0.767140865325928,0.640028476715088
-0.575361609458923,-0.090402215719223,1.37145292758942,-0.003922258503735,-0.0421200394630432,0.766371488571167,0.641003370285034
-0.575770020484924,-0.0884841829538345,1.37140512466431,-0.0046422132290899,-0.0419550724327564,0.765900373458862,0.641572296619415
-0.576190769672394,-0.0865260511636734,1.37153160572052,-0.0047640008851885,-0.0416778475046157,0.764922082424164,0.642755329608917
-0.576530039310455,-0.0843552350997924,1.37124133110046,-0.0057530151680111,-0.0414680317044258,0.76493114233017,0.642750144004822
-0.577047348022461,-0.0823785588145256,1.3714348077774,-0.0062643117271363,-0.0411769114434719,0.76392388343811,0.6439608335495
-0.577491402626038,-0.0803737044334411,1.37127268314362,-0.0074391807429492,-0.0405449792742729,0.763768255710602,0.644173085689545
-0.577960252761841,-0.078237771987915,1.37121200561523,-0.0080015109851956,-0.0402032025158405,0.763248682022095,0.64480322599411
-0.578369200229645,-0.0763240382075309,1.37124538421631,-0.0079324943944811,-0.0407457537949085,0.762567341327667,0.645575642585754
-0.578910291194916,-0.0743801593780517,1.37120890617371,-0.0089210793375968,-0.0402495227754116,0.762901842594147,0.645198583602905
-0.57914787530899,-0.0722789466381073,1.37084782123566,-0.0090621840208768,-0.0402591824531555,0.762214004993439,0.646008372306824
-0.579529285430908,-0.0702156201004982,1.37100434303284,-0.0093594947829842,-0.0406760573387146,0.761547029018402,0.646764397621155
-0.580036103725433,-0.0682179629802703,1.37101697921753,-0.0095042195171117,-0.0403999164700508,0.760968744754791,0.647459745407104
-0.58049201965332,-0.0662752613425254,1.37113893032074,-0.0103467535227537,-0.0403017625212669,0.760488033294678,0.648017585277557
-0.580792605876923,-0.0642053484916687,1.37073278427124,-0.0119133358821272,-0.0394205898046493,0.76009464263916,0.648506283760071
-0.581155061721802,-0.0621657222509384,1.37073123455048,-0.0123303942382335,-0.0392449609935283,0.759836554527283,0.648811459541321
-0.581577777862549,-0.0601118430495262,1.37078249454498,-0.0124506540596485,-0.0391882061958313,0.759066879749298,0.649712860584259
-0.581973254680634,-0.0581897720694541,1.37094354629517,-0.012172776274383,-0.0398926548659801,0.758849084377289,0.649929702281952
-0.582310676574707,-0.0561365038156509,1.37095499038696,-0.0119293462485075,-0.0403021797537803,0.75801956653595,0.650876224040985
-0.582639276981354,-0.0541822910308837,1.37097072601318,-0.012202757410705,-0.0402256958186626,0.757349848747253,0.65165501832962
-0.583011150360107,-0.0522611699998378,1.37069725990295,-0.0136080300435423,-0.0396010093390941,0.756907105445862,0.652179598808289
-0.58329451084137,-0.0501765683293342,1.37054109573364,-0.0144729269668459,-0.0390223674476146,0.756349980831146,0.652841866016388
-0.583622992038727,-0.0482172593474388,1.37064051628113,-0.0139666311442852,-0.0393963009119033,0.756125092506409,0.653090953826904
-0.583857774734497,-0.0462435036897659,1.37034165859222,-0.0150899123400449,-0.0385226495563983,0.755352258682251,0.654011726379395
-0.584215998649597,-0.0442333295941352,1.37043750286102,-0.0146736307069659,-0.0392510406672954,0.754921138286591,0.654475510120392
-0.58443295955658,-0.0423678681254386,1.37022423744202,-0.0144340321421623,-0.038534753024578,0.7544105052948,0.655111908912659
-0.58459460735321,-0.0402841791510582,1.37006533145905,-0.0151092931628227,-0.0386149883270263,0.753955125808716,0.655616044998169
-0.585347771644592,-0.038736380636692,1.37008190155029,-0.0153349684551358,-0.0384826734662056,0.75215357542038,0.657684504985809
-0.585975229740143,-0.0370690114796161,1.3697589635849,-0.0174606069922447,-0.037358958274126,0.750896811485291,0.659130871295929
-0.586172521114349,-0.0350837111473083,1.36961698532104,-0.0178611539304256,-0.0370092988014221,0.750383496284485,0.659724175930023
-0.586673855781555,-0.0331090465188026,1.36969757080078,-0.0167722683399915,-0.0380183868110179,0.749150574207306,0.661095201969147
-0.586667478084564,-0.031339731067419,1.36945354938507,-0.0188289042562246,-0.0359724573791027,0.749033570289612,0.6612868309021
-0.586943864822388,-0.0293434057384729,1.36940288543701,-0.0195351354777812,-0.0356138795614242,0.748203337192535,0.66222482919693
-0.587190210819244,-0.0275703370571136,1.36938405036926,-0.0199930034577846,-0.0349918082356452,0.74775767326355,0.66274756193161
-0.587436735630035,-0.0257289987057447,1.36936414241791,-0.0198675319552421,-0.0349822305142879,0.747438609600067,0.663111746311188
-0.587716162204742,-0.0239244606345891,1.369344830513,-0.01980004273355,-0.0346584022045135,0.746920764446259,0.663714051246643
-0.587865054607391,-0.0221424326300621,1.3689261674881,-0.0208644289523363,-0.0334942601621151,0.746095418930054,0.664668679237366
-0.588231205940247,-0.0201439540833234,1.36900782585144,-0.0198285728693008,-0.0346836224198341,0.745079338550568,0.66577821969986
-0.588230788707733,-0.0186332017183303,1.36879849433899,-0.0217180345207452,-0.0323373079299926,0.744989573955536,0.665937781333923
-0.588419675827026,-0.0168772973120212,1.36870110034943,-0.0221510250121355,-0.0320820957422256,0.744473159313202,0.66651326417923
-0.588734567165375,-0.0152173489332199,1.36870813369751,-0.0219705458730459,-0.0320033244788646,0.744034290313721,0.667012870311737
-0.588805019855499,-0.0135161541402339,1.3684093952179,-0.0235103294253349,-0.0307760257273912,0.743415176868439,0.667708039283752
-0.589052200317383,-0.0118832476437091,1.36845207214355,-0.0232542399317026,-0.0309674683958292,0.743165493011475,0.667986035346985
-0.589174926280975,-0.0102672204375267,1.36813879013062,-0.0243977326899766,-0.0297800991684198,0.742619216442108,0.668606340885162
-0.589355170726776,-0.0087121129035949,1.36797690391541,-0.0250950008630752,-0.0293112825602293,0.742112994194031,0.669163227081299
-0.589536666870117,-0.0072261989116668,1.36794638633728,-0.0252906512469053,-0.0289258509874343,0.741817891597748,0.669499814510345
-0.589742600917816,-0.0057719238102436,1.36778783798218,-0.0255331564694643,-0.0287903137505054,0.74155992269516,0.669781982898712
-0.590015113353729,-0.0043897069990634,1.36762726306915,-0.0261300355195999,-0.0281246434897184,0.740967631340027,0.670442521572113
-0.589992105960846,-0.002924233675003,1.36728322505951,-0.0274604987353086,-0.0268883761018514,0.740481197834015,0.670977294445038
-0.589815497398376,-0.0013863034546375,1.36709880828857,-0.0277846734970808,-0.0260267592966556,0.740772366523743,0.670676469802856
-0.59045022726059,-0.0005578510463237,1.36733090877533,-0.0279574524611234,-0.0266423318535089,0.73956310749054,0.671978354454041
-0.590430617332458,0.0007841996848583,1.36700761318207,-0.0283387526869773,-0.0268038790673017,0.739576160907745,0.671941637992859
-0.590756595134735,0.0018217414617538,1.36698222160339,-0.0295286476612091,-0.0256037339568138,0.738958120346069,0.672616899013519
-0.590826213359833,0.0028756745159626,1.36661446094513,-0.0313114672899246,-0.0244630109518766,0.738789558410645,0.67276394367218
-0.590987801551819,0.0038347281515598,1.36650097370148,-0.0306925307959318,-0.0247993990778923,0.738491117954254,0.6731076836586
-0.591142296791077,0.0046818070113658,1.36645686626434,-0.0318976007401943,-0.024261737242341,0.738269209861755,0.67331451177597
-0.591253936290741,0.0055820345878601,1.36624479293823,-0.0326455608010292,-0.0243002101778984,0.738127768039703,0.673432409763336
-0.591459214687347,0.0063380990177392,1.36607754230499,-0.0335699468851089,-0.0238644648343324,0.737888216972351,0.673665046691895
-0.591508746147156,0.006953127682209,1.36546528339386,-0.0357702188193798,-0.021558279171586,0.737653017044067,0.673887014389038
-0.591692864894867,0.0075993537902832,1.36535716056824,-0.0372218787670135,-0.0214075520634651,0.737442493438721,0.674043655395508
-0.591436862945557,0.0084899440407752,1.36505448818207,-0.0374046042561531,-0.0212971605360507,0.738242983818054,0.673160135746002
-0.591981709003448,0.0086530316621065,1.36497640609741,-0.0389702096581459,-0.0208082944154739,0.737262964248657,0.674160003662109
-0.592142701148987,0.0090485364198684,1.36478626728058,-0.039754245430231,-0.0206601433455944,0.737128555774689,0.674265682697296
-0.592818081378937,0.0093046724796295,1.36479294300079,-0.0400403775274753,-0.0219141412526369,0.741336166858673,0.669579863548279
-0.592445194721222,0.0097378008067607,1.36439657211304,-0.0414353236556053,-0.0205446295440197,0.737303256988525,0.673976957798004
-0.592627048492432,0.0098609048873186,1.36404025554657,-0.042170662432909,-0.0210901238024234,0.73741626739502,0.673790812492371
-0.59277617931366,0.0100476145744323,1.36387765407562,-0.0429613627493381,-0.0211685374379158,0.737727999687195,0.673397123813629
-0.592920243740082,0.0101478863507509,1.36371231079102,-0.0438513234257698,-0.0212145689874887,0.737982928752899,0.673058748245239
-0.593087136745453,0.0101496186107397,1.36349844932556,-0.0448058769106864,-0.0212908815592527,0.73811012506485,0.672854006290436
-0.593232989311218,0.0100842732936143,1.36334145069122,-0.0457631349563598,-0.0213522147387266,0.73853725194931,0.672318696975708
-0.593379974365234,0.010025018826127,1.36318624019623,-0.0466625541448593,-0.0215839482843875,0.738883256912231,0.671869218349457
-0.593379974365234,0.010025018826127,1.36318624019623,-0.0466625541448593,-0.0215839482843875,0.738883256912231,0.671869218349457
-0.59352844953537,0.0099070817232131,1.36299896240234,-0.0474992990493774,-0.0219418052583932,0.739308834075928,0.671330511569977
-0.593790769577026,0.009510476142168,1.36265969276428,-0.0496560260653495,-0.0226435717195272,0.740302085876465,0.670055508613586
-0.593915045261383,0.0092691183090209,1.36256730556488,-0.0507147386670112,-0.0227785557508468,0.740971446037292,0.669231176376343
-0.594055354595184,0.0090284682810306,1.36246192455292,-0.0516099520027637,-0.0232050381600856,0.741422414779663,0.668648421764374
-0.594128549098969,0.0087096393108367,1.36230897903442,-0.0521172471344471,-0.0237168837338686,0.742216110229492,0.66770988702774
-0.594194948673248,0.0083136707544326,1.36228275299072,-0.052831582725048,-0.0241195131093263,0.742976546287537,0.666792988777161
-0.593944132328033,0.0082780793309211,1.36242258548737,-0.0531217008829116,-0.023924846202135,0.744516968727112,0.665056526660919
-0.594382047653198,0.0077455528080463,1.36229825019836,-0.0539873652160167,-0.0252064689993858,0.744408369064331,0.665060997009277
-0.594497978687286,0.0072231888771057,1.36246204376221,-0.0546618849039077,-0.0251624193042516,0.74513179063797,0.664196848869324
-0.59447830915451,0.0068749450147151,1.36262536048889,-0.0552669428288936,-0.0253307800740003,0.745916366577148,0.663259327411652
-0.594634532928467,0.0064706280827522,1.36260414123535,-0.0556960925459861,-0.0260227378457784,0.746487200260162,0.662553906440735
-0.594738721847534,0.0059755258262157,1.36288392543793,-0.0567051582038402,-0.0262057017534971,0.747151434421539,0.661711931228638
-0.594598412513733,0.0056424066424369,1.3627997636795,-0.0565597899258136,-0.0269497483968734,0.747924327850342,0.660820484161377
-0.594477951526642,0.0052986443042755,1.36310374736786,-0.0568986423313617,-0.0268053319305181,0.749028503894806,0.659545600414276
-0.5947305560112,0.004639733582735,1.36298739910126,-0.0569557696580886,-0.0278198383748531,0.749220371246338,0.65928053855896
-0.594735443592072,0.0041985064744949,1.36309123039246,-0.0572669468820095,-0.0280882865190505,0.749632894992828,0.658773124217987
-0.594833791255951,0.0036036372184753,1.36329913139343,-0.0580645091831684,-0.0282559227198362,0.749764978885651,0.658545792102814
-0.5948246717453,0.0030610226094722,1.36334717273712,-0.0581758022308349,-0.0287189465016126,0.750229775905609,0.657986462116241
-0.594852209091187,0.0024984590709209,1.36344361305237,-0.0583331696689128,-0.0286677684634923,0.750570893287659,0.657585501670837
-0.595324814319611,0.0018123239278793,1.36365747451782,-0.0579742528498172,-0.0301144886761903,0.75474089384079,0.652761936187744
-0.594806730747223,0.0012822411954402,1.36346483230591,-0.0588637441396713,-0.0290621109306812,0.751374006271362,0.656602919101715
-0.594773709774017,0.0007501915097236,1.36343061923981,-0.0590534545481205,-0.0293233953416347,0.751674115657806,0.656230866909027
-0.594708442687988,0.0001150704920291,1.36342358589172,-0.0593257062137126,-0.0295349769294261,0.752022504806519,0.6557976603508
-0.594708442687988,0.0001150704920291,1.36342358589172,-0.0593257062137126,-0.0295349769294261,0.752022504806519,0.6557976603508
-0.594640791416168,-0.0011928677558898,1.36330997943878,-0.0595418810844421,-0.0296718757599592,0.75253289937973,0.65518581867218
-0.594588994979858,-0.0017829202115535,1.36323177814484,-0.059969026595354,-0.0300408285111188,0.752906322479248,0.654701054096222
-0.594621956348419,-0.0023784078657627,1.36318492889404,-0.0603018105030059,-0.0301954541355371,0.753098249435425,0.654442548751831
-0.594589650630951,-0.0029622428119182,1.363112449646,-0.0604032166302204,-0.0304981842637062,0.753594934940338,0.65384715795517
-0.594597280025482,-0.0037318579852581,1.36319255828857,-0.0606291256844997,-0.0303168129175901,0.753876805305481,0.653509676456451
-0.594580352306366,-0.0044046901166439,1.36316049098969,-0.0606649480760097,-0.0306293815374374,0.754067361354828,0.653271853923798
-0.594531297683716,-0.0049822926521301,1.36317825317383,-0.0608748011291027,-0.0307242013514041,0.75438666343689,0.652878880500793
-0.594523727893829,-0.0056148245930671,1.36315679550171,-0.0610697902739048,-0.0309532266110181,0.754598915576935,0.652604758739471
-0.594544649124146,-0.0062925182282924,1.36323976516724,-0.06160369515419,-0.0312406942248344,0.754894375801086,0.652199029922485
-0.594569444656372,-0.0071073099970817,1.36333155632019,-0.0614783987402915,-0.0314180850982666,0.755243480205536,0.651797950267792
-0.594538688659668,-0.0077521875500679,1.36335444450378,-0.0615031085908412,-0.0314618721604347,0.755484163761139,0.651514708995819
-0.594384789466858,-0.0082640089094638,1.36332225799561,-0.0610912106931209,-0.0313668586313724,0.756047606468201,0.65090399980545
-0.594431698322296,-0.0090265423059463,1.36328434944153,-0.0608138069510459,-0.0316195860505104,0.756280720233917,0.650646924972534
-0.594397902488708,-0.0097425878047943,1.36330318450928,-0.0603250451385974,-0.0313936509191989,0.756549060344696,0.650391399860382
-0.594478964805603,-0.0104027725756168,1.36335957050323,-0.0606501139700412,-0.0317049771547317,0.756871402263641,0.649970829486847
-0.594459176063538,-0.0110328719019889,1.3634147644043,-0.0608692616224288,-0.0319728814065456,0.757149219512939,0.649613559246063
-0.594443798065186,-0.0117520615458488,1.36360383033752,-0.0600557103753089,-0.032544445246458,0.757775664329529,0.648930191993713
-0.594623267650604,-0.012538868933916,1.36377620697021,-0.0592966526746749,-0.0334473773837089,0.758701384067535,0.647871315479279
-0.594653606414795,-0.0132721327245235,1.36373925209045,-0.0590192750096321,-0.0334956012666225,0.760372757911682,0.645931899547577
-0.594393908977509,-0.0138333551585674,1.36361420154572,-0.0607392266392707,-0.0326535180211067,0.758449196815491,0.648073494434357
-0.594336748123169,-0.0144828595221042,1.36365592479706,-0.0603150874376297,-0.0328118614852428,0.758912324905396,0.647562801837921
-0.594389498233795,-0.0151769630610942,1.36379170417786,-0.0603177100419998,-0.0326527990400791,0.759199678897858,0.647233664989471
-0.594025194644928,-0.0155669711530208,1.36366593837738,-0.0591002739965915,-0.0322030968964099,0.760411381721497,0.645944833755493
-0.594022929668427,-0.0162569358944892,1.36375713348389,-0.0589948669075965,-0.0324397310614585,0.760922729969025,0.645340323448181
-0.594397246837616,-0.0170966200530529,1.36375033855438,-0.0586980730295181,-0.0326153375208377,0.760380983352661,0.645996570587158
-0.594704329967499,-0.0180709101259708,1.36426174640656,-0.058337565511465,-0.0346408076584339,0.761714696884155,0.644350409507751
-0.59457141160965,-0.0185989551246166,1.36436533927917,-0.0577168241143226,-0.0347075723111629,0.760748744010925,0.645542860031128
-0.594483852386475,-0.0191907249391078,1.36403048038483,-0.0585091523826122,-0.0329877771437168,0.760950326919556,0.645323932170868
-0.594507575035095,-0.0197985544800758,1.36405515670776,-0.0582301504909992,-0.0330722145736217,0.76142817735672,0.644781053066254
-0.59460186958313,-0.0204676613211631,1.36418116092682,-0.0579993389546871,-0.0329728163778781,0.761881470680237,0.644271373748779
-0.594698786735535,-0.0212005637586116,1.36438405513763,-0.0584426783025264,-0.0335362777113914,0.761915981769562,0.644161403179169
-0.594749689102173,-0.0218144804239273,1.36445915699005,-0.0581485405564308,-0.0337467007339,0.762232542037964,0.643802523612976
-0.594790995121002,-0.0223977528512477,1.36447656154633,-0.0573757104575634,-0.0340416952967643,0.762650191783905,0.643361389636993
-0.594952762126923,-0.0230030678212642,1.36461889743805,-0.0573274344205856,-0.0342008844017982,0.762937605381012,0.643016338348389
-0.595001697540283,-0.0236229561269283,1.36463165283203,-0.0557624660432338,-0.034131608903408,0.763657987117767,0.642302095890045
-0.59518700838089,-0.0242302678525447,1.36485600471497,-0.0567199699580669,-0.0345913209021091,0.76379805803299,0.642027080059052
-0.59518700838089,-0.0242302678525447,1.36485600471497,-0.0567199699580669,-0.0345913209021091,0.76379805803299,0.642027080059052
-0.595429003238678,-0.025334283709526,1.364910364151,-0.0562488660216331,-0.0348511412739753,0.76448118686676,0.641240894794464
-0.595601379871368,-0.0258863531053066,1.36517584323883,-0.0553096979856491,-0.0356341078877449,0.764872848987579,0.640812456607819
-0.595601379871368,-0.0258863531053066,1.36517584323883,-0.0553096979856491,-0.0356341078877449,0.764872848987579,0.640812456607819
-0.595939815044403,-0.0268470905721187,1.36529457569122,-0.0552879683673381,-0.0356276035308837,0.765172302722931,0.640457093715668
-0.595939815044403,-0.0268470905721187,1.36529457569122,-0.0552879683673381,-0.0356276035308837,0.765172302722931,0.640457093715668
-0.596386909484863,-0.0277721844613552,1.36519193649292,-0.0571211464703083,-0.0342861898243427,0.765488982200623,0.639990925788879
-0.596652030944824,-0.0282773897051811,1.36545062065125,-0.056904137134552,-0.0348639488220214,0.765604853630066,0.639840364456177
-0.596898019313812,-0.0285380594432353,1.36542367935181,-0.057471428066492,-0.0344158485531806,0.765677988529205,0.639726400375366
-0.597110569477081,-0.0288908220827579,1.36547100543976,-0.0575325563549995,-0.0344058685004711,0.765805602073669,0.639568626880646
-0.597395837306976,-0.0293634012341499,1.36567854881287,-0.0566469095647335,-0.0351295210421085,0.766265451908112,0.639057457447052
-0.597395837306976,-0.0293634012341499,1.36567854881287,-0.0566469095647335,-0.0351295210421085,0.766265451908112,0.639057457447052
-0.597885251045227,-0.0299422107636928,1.36557757854462,-0.057914987206459,-0.0346199236810207,0.766327917575836,0.638896644115448
-0.597885251045227,-0.0299422107636928,1.36557757854462,-0.057914987206459,-0.0346199236810207,0.766327917575836,0.638896644115448
-0.598412752151489,-0.0304743945598602,1.36566138267517,-0.0577837862074375,-0.0351543352007865,0.76697713136673,0.638099730014801
-0.598412752151489,-0.0304743945598602,1.36566138267517,-0.0577837862074375,-0.0351543352007865,0.76697713136673,0.638099730014801
-0.599085927009583,-0.0310066603124141,1.36587119102478,-0.0568268746137619,-0.0360692664980888,0.767111122608185,0.637973546981812
-0.599085927009583,-0.0310066603124141,1.36587119102478,-0.0568268746137619,-0.0360692664980888,0.767111122608185,0.637973546981812
-0.59970223903656,-0.0314632020890712,1.36594271659851,-0.0570798069238662,-0.0360843054950237,0.767726063728333,0.637209832668304
-0.600014388561249,-0.0316336415708065,1.3659735918045,-0.0571837797760963,-0.0361384898424148,0.768067419528961,0.636786103248596
-0.600433766841888,-0.031839020550251,1.36601209640503,-0.0573382750153541,-0.0360984876751899,0.768262803554535,0.636538743972778
-0.600775897502899,-0.0320491306483745,1.36594593524933,-0.0579180084168911,-0.0358819179236888,0.768986344337463,0.635624170303345
-0.601064443588257,-0.0321548096835613,1.36604297161102,-0.0574608966708183,-0.0362769402563571,0.768987417221069,0.635641992092133
-0.601064443588257,-0.0321548096835613,1.36604297161102,-0.0574608966708183,-0.0362769402563571,0.768987417221069,0.635641992092133
-0.601850926876068,-0.032300304621458,1.36604142189026,-0.0570798367261886,-0.0363899245858192,0.77008843421936,0.634335517883301
-0.602138042449951,-0.0323841162025928,1.36579132080078,-0.0588681772351264,-0.0353126861155033,0.770587205886841,0.633626818656921
-0.602554619312286,-0.0324771739542484,1.36610472202301,-0.0570713989436626,-0.0366780348122119,0.77132374048233,0.632816851139069
-0.602554619312286,-0.0324771739542484,1.36610472202301,-0.0570713989436626,-0.0366780348122119,0.77132374048233,0.632816851139069
-0.60336035490036,-0.0326359681785106,1.36613023281097,-0.0575618706643581,-0.037012618035078,0.772459089756012,0.631366610527039
-0.60336035490036,-0.0326359681785106,1.36613023281097,-0.0575618706643581,-0.037012618035078,0.772459089756012,0.631366610527039
-0.603746950626373,-0.0326943583786487,1.36615514755249,-0.0572045370936393,-0.0373705774545669,0.773053526878357,0.630649864673615
-0.604677975177765,-0.0327680110931396,1.36610376834869,-0.0582011863589286,-0.0366893224418163,0.774303615093231,0.629063248634338
-0.605087041854858,-0.0328168161213398,1.36614596843719,-0.058280486613512,-0.0369025766849517,0.775349676609039,0.627753555774689
-0.605087041854858,-0.0328168161213398,1.36614596843719,-0.058280486613512,-0.0369025766849517,0.775349676609039,0.627753555774689
-0.605925679206848,-0.0326399616897106,1.36613368988037,-0.0589584521949291,-0.0371963456273078,0.776850998401642,0.625813841819763
-0.605925679206848,-0.0326399616897106,1.36613368988037,-0.0589584521949291,-0.0371963456273078,0.776850998401642,0.625813841819763
-0.606836497783661,-0.032584760338068,1.36647236347198,-0.0573407150804996,-0.0382096618413925,0.778669595718384,0.623639225959778
-0.606836497783661,-0.032584760338068,1.36647236347198,-0.0573407150804996,-0.0382096618413925,0.778669595718384,0.623639225959778
-0.607791125774384,-0.0324384570121765,1.36663770675659,-0.0579660199582576,-0.0382146947085857,0.780500173568726,0.621288478374481
-0.608249723911285,-0.0322828628122806,1.36664307117462,-0.0580785386264324,-0.0382265858352184,0.78175938129425,0.619691789150238
-0.608585178852081,-0.0322077237069606,1.36657023429871,-0.057578258216381,-0.0380276776850223,0.783127307891846,0.618021130561829
-0.608585178852081,-0.0322077237069606,1.36657023429871,-0.057578258216381,-0.0380276776850223,0.783127307891846,0.618021130561829
-0.609029352664948,-0.0320655964314937,1.36660349369049,-0.0576688721776008,-0.0381845198571682,0.784113168716431,0.616751909255981
-0.610049486160278,-0.0319324024021625,1.36672341823578,-0.0581934265792369,-0.0382890254259109,0.786160469055176,0.614084184169769
-0.61045914888382,-0.0316461026668548,1.36674308776855,-0.0582698658108711,-0.0382965914905071,0.787156343460083,0.612799227237701
-0.61045914888382,-0.0316461026668548,1.36674308776855,-0.0582698658108711,-0.0382965914905071,0.787156343460083,0.612799227237701
-0.61045914888382,-0.0316461026668548,1.36674308776855,-0.0582698658108711,-0.0382965914905071,0.787156343460083,0.612799227237701
-0.610481858253479,-0.0299857705831527,1.36636829376221,-0.0566371791064739,-0.037770003080368,0.793298780918121,0.605014622211456
-0.611490786075592,-0.0305166356265544,1.36633694171906,-0.057838849723339,-0.0385206937789917,0.793030023574829,0.60520601272583
-0.611222505569458,-0.0295411124825477,1.36656332015991,-0.0584043376147747,-0.0379958935081958,0.795600712299347,0.60180127620697
-0.611222505569458,-0.0295411124825477,1.36656332015991,-0.0584043376147747,-0.0379958935081958,0.795600712299347,0.60180127620697
-0.612169921398163,-0.0297984443604946,1.36630642414093,-0.0612374432384967,-0.0375920496881008,0.795395851135254,0.601815819740295
-0.611757516860962,-0.0289819911122322,1.36633503437042,-0.0606026574969291,-0.0364740714430809,0.798458933830261,0.597879886627197
-0.612765073776245,-0.0292525142431259,1.36656999588013,-0.0601463764905929,-0.0383402630686759,0.798029184341431,0.598382830619812
-0.613290548324585,-0.0285995565354824,1.36663579940796,-0.0604144744575023,-0.0378784649074077,0.800519526004791,0.595049321651459
-0.613290548324585,-0.0285995565354824,1.36663579940796,-0.0604144744575023,-0.0378784649074077,0.800519526004791,0.595049321651459
-0.613464713096619,-0.027609210461378,1.36654627323151,-0.059868685901165,-0.0366922207176685,0.803644239902496,0.590952932834625
-0.613464713096619,-0.027609210461378,1.36654627323151,-0.059868685901165,-0.0366922207176685,0.803644239902496,0.590952932834625
-0.613421201705933,-0.0264361090958118,1.36673724651337,-0.0610368475317955,-0.0361561328172683,0.806760370731354,0.586604595184326
-0.613421201705933,-0.0264361090958118,1.36673724651337,-0.0610368475317955,-0.0361561328172683,0.806760370731354,0.586604595184326
-0.613835990428925,-0.0256213843822479,1.36668288707733,-0.061427965760231,-0.0357525311410427,0.809169054031372,0.583261430263519
-0.613835990428925,-0.0256213843822479,1.36668288707733,-0.061427965760231,-0.0357525311410427,0.809169054031372,0.583261430263519
-0.614726424217224,-0.0257506482303142,1.36660170555115,-0.062598317861557,-0.0364898443222045,0.808540761470795,0.583962202072144
-0.614726424217224,-0.0257506482303142,1.36660170555115,-0.062598317861557,-0.0364898443222045,0.808540761470795,0.583962202072144
-0.614790022373199,-0.0247427783906459,1.36632597446442,-0.0629230141639709,-0.0365846157073974,0.810467183589935,0.58124440908432
-0.614130914211273,-0.0236693732440471,1.36628019809723,-0.0620810538530349,-0.0355037190020084,0.812950730323792,0.577924430370331
-0.614906787872314,-0.0239897891879081,1.3662371635437,-0.0629263818264007,-0.0355397947132587,0.81204742193222,0.579099476337433
-0.614286065101624,-0.0229081474244594,1.36614871025085,-0.0620614476501941,-0.0345921777188777,0.814850747585297,0.575299978256226
-0.614780604839325,-0.0223127417266368,1.36566698551178,-0.0623243227601051,-0.0348725989460945,0.813885450363159,0.576619446277618
-0.614034652709961,-0.0212376117706298,1.36570477485657,-0.0618668384850025,-0.0336173884570598,0.815839171409607,0.573976457118988
-0.614846408367157,-0.0212934054434299,1.36564719676971,-0.0633319839835167,-0.0344816297292709,0.814180493354797,0.576116442680359
-0.61396461725235,-0.0202351436018943,1.36552405357361,-0.0621502511203289,-0.0328655093908309,0.81605851650238,0.57367742061615
-0.61396461725235,-0.0202351436018943,1.36552405357361,-0.0621502511203289,-0.0328655093908309,0.81605851650238,0.57367742061615
-0.614569067955017,-0.0200986303389072,1.36546671390533,-0.063667207956314,-0.0340700484812259,0.814511239528656,0.575636446475983
-0.613628506660461,-0.0189545191824436,1.3651225566864,-0.0648433119058609,-0.0314973704516887,0.815705716609955,0.573957920074463
-0.614316999912262,-0.0190923102200031,1.36531829833984,-0.0638107731938362,-0.0334489122033119,0.814241051673889,0.576039016246796
-0.614235401153564,-0.0182195715606212,1.3654088973999,-0.0639425069093704,-0.0323827229440212,0.81356954574585,0.577033162117004
-0.614235401153564,-0.0182195715606212,1.3654088973999,-0.0639425069093704,-0.0323827229440212,0.81356954574585,0.577033162117004
-0.614102303981781,-0.0176551528275012,1.36521470546722,-0.0635057836771011,-0.0319897457957267,0.813581109046936,0.577087104320526
-0.614002823829651,-0.0169459730386734,1.36531281471252,-0.0643206760287284,-0.0319846533238887,0.813320457935333,0.577364563941956
-0.613858044147491,-0.0164543837308883,1.36525940895081,-0.0640709176659584,-0.0320672690868377,0.813783466815948,0.576734900474548
-0.613506257534027,-0.0160041153430938,1.36502349376678,-0.0634661838412284,-0.0310875959694385,0.812644183635712,0.5784592628479
-0.613224029541016,-0.0154594369232654,1.36502063274384,-0.0637300536036491,-0.0312704667448997,0.812569379806519,0.578525483608246
-0.612984001636505,-0.0150154642760753,1.36506044864655,-0.0632168501615524,-0.0309441573917865,0.812664389610291,0.57846587896347
-0.61259651184082,-0.0144885778427124,1.36501061916351,-0.0634353905916214,-0.0304335001856088,0.811805069446564,0.579674363136292
-0.612411499023438,-0.0142171047627925,1.36515939235687,-0.0634772032499313,-0.0301434658467769,0.811888933181763,0.579567492008209
-0.612474799156189,-0.0135846063494682,1.36494123935699,-0.0640070959925651,-0.0262809675186872,0.81080824136734,0.581207871437073
-0.611721754074097,-0.0132631920278072,1.36483597755432,-0.0644304603338241,-0.0274840779602527,0.810645580291748,0.581332087516785
-0.611319839954376,-0.0128561407327651,1.3650928735733,-0.0625051409006118,-0.0282132606953382,0.810038447380066,0.582352936267853
-0.610524356365204,-0.0122413598001003,1.36509990692139,-0.0618863850831985,-0.0274094324558973,0.810685217380524,0.581556916236877
-0.610505878925323,-0.0121036618947982,1.36482965946198,-0.0639414265751838,-0.0268422663211822,0.80918824672699,0.583442628383636
-0.61006760597229,-0.0117517374455928,1.36506474018097,-0.0627380609512329,-0.0269616041332483,0.808337390422821,0.584745824337006
-0.610063672065735,-0.0113797821104526,1.36523020267487,-0.0618637278676033,-0.0249842815101146,0.807404696941376,0.586213529109955
-0.609582781791687,-0.0111445449292659,1.36537766456604,-0.061046052724123,-0.024993410333991,0.806752443313599,0.587196230888367
-0.608611345291138,-0.0108298994600772,1.36500632762909,-0.0630624294281005,-0.0252824500203132,0.806681394577026,0.587068259716034
-0.60807853937149,-0.0105452351272106,1.36531567573547,-0.0611639320850372,-0.0260879714041948,0.805911183357239,0.588290452957153
-0.607524514198303,-0.0103032290935516,1.36532998085022,-0.0609819516539573,-0.0258548259735107,0.804962933063507,0.589616358280182
-0.606911599636078,-0.0102314539253711,1.36517083644867,-0.0626634731888771,-0.0243614539504051,0.804153919219971,0.590606689453125
-0.605764031410217,-0.0095262043178081,1.36516225337982,-0.0617403015494346,-0.0237663760781288,0.804451823234558,0.590322613716125
-0.605764031410217,-0.0095262043178081,1.36516225337982,-0.0617403015494346,-0.0237663760781288,0.804451823234558,0.590322613716125
-0.60544091463089,-0.0098246149718761,1.36559772491455,-0.060051966458559,-0.0240949764847755,0.80091792345047,0.595267653465271
-0.604780912399292,-0.0097049064934253,1.36563014984131,-0.0595334507524967,-0.0239005982875823,0.800570547580719,0.59579461812973
-0.604040861129761,-0.0094637386500835,1.365562915802,-0.0592561438679695,-0.0236053112894296,0.799481213092804,0.597294986248016
-0.602748334407806,-0.0090590491890907,1.36571896076202,-0.0581915192306041,-0.0222874637693166,0.79972380399704,0.59712541103363
-0.602687835693359,-0.0090101994574069,1.36557161808014,-0.0587229542434215,-0.0196489691734313,0.797839939594269,0.59968090057373
-0.601415872573853,-0.009045697748661,1.36567091941833,-0.0579035244882106,-0.0185488406568765,0.797793984413147,0.599856615066528
-0.600669860839844,-0.0092822685837745,1.3655116558075,-0.0584914535284042,-0.0207504574209451,0.796567738056183,0.601355135440826
-0.599833905696869,-0.0091273449361324,1.36552262306213,-0.0578007660806179,-0.0205602198839187,0.79613870382309,0.601996243000031
-0.598435819149017,-0.0090105459094047,1.36551547050476,-0.056680355221033,-0.0199128724634647,0.796253561973572,0.601972639560699
-0.598435819149017,-0.0090105459094047,1.36551547050476,-0.056680355221033,-0.0199128724634647,0.796253561973572,0.601972639560699
-0.596599698066711,-0.0092173814773559,1.36543273925781,-0.0553373880684375,-0.0195213761180639,0.794973254203796,0.603799939155579
-0.595877349376678,-0.0095120146870613,1.36560475826263,-0.0550509542226791,-0.0191050264984369,0.794042468070984,0.60506284236908
-0.595554769039154,-0.0099318139255046,1.36562275886536,-0.0550492890179157,-0.0195037145167589,0.792269289493561,0.60737019777298
-0.594175398349762,-0.0100970491766929,1.36593103408813,-0.0521023981273174,-0.0197986178100109,0.79265022277832,0.607123613357544
-0.593344449996948,-0.0104935057461261,1.36593627929688,-0.0514175333082675,-0.0196608733385801,0.791651725769043,0.608487606048584
-0.5919269323349,-0.0111802816390991,1.36593472957611,-0.0510686300694942,-0.0159218814224004,0.789385437965393,0.611562848091125
-0.5919269323349,-0.0111802816390991,1.36593472957611,-0.0510686300694942,-0.0159218814224004,0.789385437965393,0.611562848091125
-0.591218650341034,-0.0119595266878604,1.36600089073181,-0.0508149415254592,-0.0190882384777069,0.788063883781433,0.613195657730103
-0.588940262794495,-0.0127333588898181,1.36619400978088,-0.0507761500775814,-0.0167509783059358,0.787181258201599,0.614399671554565
-0.588940262794495,-0.0127333588898181,1.36619400978088,-0.0507761500775814,-0.0167509783059358,0.787181258201599,0.614399671554565
-0.587954163551331,-0.0133104249835014,1.36611580848694,-0.0495338551700115,-0.016380600631237,0.786301255226135,0.615636646747589
-0.587759494781494,-0.0142094306647777,1.36641228199005,-0.0479434467852115,-0.0179853830486536,0.783924520015717,0.618740916252136
-0.586123466491699,-0.0145041793584823,1.36632704734802,-0.0487513542175293,-0.0164489597082138,0.784395575523376,0.618123352527618
-0.585251867771149,-0.0152561217546463,1.36636018753052,-0.0480426810681819,-0.0161166563630104,0.783394455909729,0.619455754756927
-0.584334135055542,-0.0159943401813507,1.36672866344452,-0.0458574779331684,-0.0172882489860057,0.782650172710419,0.620529592037201
-0.584005951881409,-0.0170078985393047,1.36663126945496,-0.0472516864538192,-0.0160692073404788,0.780649185180664,0.622973501682281
-0.58257257938385,-0.0176084153354167,1.36671686172485,-0.0456332564353942,-0.0153534971177577,0.781156182289124,0.622476577758789
-0.581698000431061,-0.0184470564126968,1.36685705184937,-0.0448476076126098,-0.0150428535416722,0.780421018600464,0.623462498188019
-0.581388235092163,-0.0196118652820587,1.36700391769409,-0.044485293328762,-0.0155309131368994,0.7784024477005,0.625994801521301
-0.580490946769714,-0.0206011310219764,1.36718225479126,-0.0435667410492897,-0.0152930272743105,0.777752995491028,0.626871824264526
-0.579113960266113,-0.0214495360851287,1.36731386184692,-0.0417523384094238,-0.0147292483597993,0.778585493564606,0.625974833965302
-0.578764379024506,-0.0227541327476501,1.36759650707245,-0.0414534583687782,-0.0148302679881453,0.776848077774048,0.628147065639496
-0.577254593372345,-0.0236213989555835,1.36766529083252,-0.0396396368741989,-0.0145389242097735,0.777712643146515,0.627200424671173
-0.576914429664612,-0.025063082575798,1.36786818504333,-0.0392785556614398,-0.0151634933426976,0.776368021965027,0.628872156143188
-0.576020359992981,-0.0264070071280002,1.36810219287872,-0.0382965132594108,-0.0149365337565541,0.776010930538177,0.629378497600555
-0.575153231620789,-0.0277127735316753,1.36826574802399,-0.0369816422462463,-0.0151124512776732,0.775891900062561,0.629599809646606
-0.573664426803589,-0.0289340950548648,1.36849641799927,-0.0354530736804008,-0.014731265604496,0.777152359485626,0.628140389919281
-0.573330283164978,-0.0306271240115165,1.36870849132538,-0.0345959477126598,-0.015580927953124,0.776091456413269,0.629477977752686
-0.571898758411407,-0.0319659486413002,1.36896216869354,-0.0321188680827617,-0.0157173443585634,0.777501046657562,0.627864301204681
-0.570989847183228,-0.0335551761090755,1.36938321590424,-0.0298243686556816,-0.0166781358420848,0.777640402317047,0.627780079841614
-0.570088446140289,-0.0351828634738922,1.36954402923584,-0.0284546706825494,-0.0173535328358411,0.778026640415192,0.627346694469452
-0.569805324077606,-0.0371248610317707,1.36951339244843,-0.0289641078561544,-0.0173465088009834,0.776942312717438,0.628665924072266
-0.56881582736969,-0.0387549810111522,1.36971187591553,-0.0273548290133476,-0.0181940551847219,0.77749764919281,0.628027200698853
-0.567978918552399,-0.0406731180846691,1.3700498342514,-0.0249344818294048,-0.0194928515702486,0.778428256511688,0.626935362815857
-0.567006707191467,-0.0424942336976528,1.3703396320343,-0.0227051470428705,-0.0203870497643947,0.778470873832703,0.62693864107132
-0.565521538257599,-0.0442241877317428,1.37052118778229,-0.0205303113907575,-0.0205857995897531,0.780151307582855,0.62491500377655
-0.565279126167297,-0.0463924072682857,1.3706237077713,-0.0206080414354801,-0.0212168619036674,0.779442310333252,0.625775456428528
-0.565279126167297,-0.0463924072682857,1.3706237077713,-0.0206080414354801,-0.0212168619036674,0.779442310333252,0.625775456428528
-0.563335835933685,-0.0503969304263591,1.37114286422729,-0.0160698927938938,-0.0236721076071262,0.780431270599365,0.624586701393127
-0.561897754669189,-0.05231424421072,1.37120962142944,-0.0143941706046462,-0.023296233266592,0.782101154327393,0.622549593448639
-0.561737298965454,-0.054630197584629,1.37167072296143,-0.0120065277442336,-0.02468978241086,0.781194627285004,0.623683631420135
-0.560688495635986,-0.0566905252635479,1.3716481924057,-0.0116972457617521,-0.0247681345790624,0.781459510326385,0.623354434967041
-0.559765338897705,-0.059035301208496,1.37186145782471,-0.0075140995904803,-0.0267864819616079,0.782052099704742,0.622591853141785
-0.558976948261261,-0.0612773299217224,1.3721911907196,-0.0061476244591176,-0.0278966128826141,0.782301902770996,0.622244119644165
-0.558042228221893,-0.0635282695293426,1.37213468551636,-0.0036842438858002,-0.029088120907545,0.782638311386108,0.621785819530487
-0.557035982608795,-0.0658021122217178,1.37204313278198,-0.0031614701729267,-0.0290334057062864,0.783176183700562,0.621113538742065
-0.555188000202179,-0.0677864253520965,1.37207138538361,-0.0001904656674014,-0.0296469200402498,0.785498261451721,0.618153274059296
-0.555276095867157,-0.0705908983945846,1.37259066104889,0.0021455900277942,-0.0326509028673172,0.784027397632599,0.619863390922546
-0.554346323013306,-0.07298244535923,1.37268900871277,0.0039575714617967,-0.0338593609631061,0.784458816051483,0.619243383407593
-0.553393661975861,-0.0753091722726821,1.37278091907501,0.0063450639136135,-0.0355531759560108,0.784789204597473,0.618709802627563
-0.551798641681671,-0.0775676816701889,1.37297642230988,0.0090497080236673,-0.0360728204250335,0.786773145198822,0.616120874881744
-0.551012516021729,-0.0804570540785789,1.37312078475952,0.0102900378406047,-0.0369952730834484,0.787688910961151,0.614875316619873
-0.550868630409241,-0.0831121951341629,1.37329494953156,0.012182530015707,-0.0397912077605724,0.78635448217392,0.616372466087341
-0.549595057964325,-0.0852038860321044,1.37369072437286,0.0140157314017415,-0.0405805297195911,0.787464499473572,0.61486291885376
-0.549293875694275,-0.0882239416241645,1.37375020980835,0.0159447565674781,-0.0423185564577579,0.786603987216949,0.615799605846405
-0.548025608062744,-0.0907232165336608,1.37402248382568,0.0168834403157234,-0.0430086627602577,0.787903547286987,0.614063024520874
-0.548025608062744,-0.0907232165336608,1.37402248382568,0.0168834403157234,-0.0430086627602577,0.787903547286987,0.614063024520874
-0.546121776103973,-0.0952465385198593,1.37433433532715,0.0217479355633258,-0.0457979217171669,0.789203226566315,0.612035989761353
-0.545606255531311,-0.0977946519851684,1.37438774108887,0.0233250875025987,-0.0476670376956462,0.789021611213684,0.612069368362427
-0.544463992118835,-0.100121483206749,1.37425899505615,0.0250090435147285,-0.0487265139818191,0.790853381156921,0.609550058841705
-0.543670237064362,-0.102617412805557,1.37453842163086,0.0280265342444181,-0.0510273426771163,0.791181921958923,0.608803749084473
-0.543811917304993,-0.105426117777824,1.3746794462204,0.0292412228882312,-0.0530653968453407,0.789817273616791,0.610342383384705
-0.541930675506592,-0.107348687946796,1.37446367740631,0.0322220697999,-0.0546235032379627,0.792775571346283,0.606205403804779
-0.541203081607819,-0.109871678054333,1.37449109554291,0.0344833023846149,-0.0562425628304481,0.793305695056915,0.605238616466522
-0.541327655315399,-0.112923078238964,1.37453985214233,0.0355934798717498,-0.0582536496222019,0.792162537574768,0.606480062007904
-0.539886653423309,-0.114636436104774,1.37463295459747,0.0385263487696647,-0.0590219646692276,0.794499576091766,0.603160440921783
-0.539029955863953,-0.117071203887463,1.37448000907898,0.0409139171242713,-0.0610897913575172,0.795152842998505,0.60193544626236
-0.53937554359436,-0.119723707437515,1.37468671798706,0.0418488346040248,-0.0630113780498504,0.793727815151215,0.603551685810089
-0.537813901901245,-0.122006498277187,1.37449908256531,0.0442617051303386,-0.0638339966535568,0.796081364154816,0.60018390417099
-0.537159025669098,-0.124378986656666,1.37460899353027,0.0463185422122478,-0.065183512866497,0.796476244926453,0.599359214305878
-0.536239683628082,-0.126475557684898,1.37436378002167,0.0487011708319187,-0.066239520907402,0.797269940376282,0.597997605800629
-0.535484850406647,-0.128481119871139,1.3744455575943,0.0513516031205654,-0.0685748234391212,0.797880172729492,0.596697509288788
-0.534943163394928,-0.130726531147957,1.37462985515594,0.0533155463635921,-0.069613479077816,0.797916531562805,0.596356213092804
-0.534184813499451,-0.132892355322838,1.37455248832703,0.0552015304565429,-0.0708652436733245,0.798136472702026,0.595742642879486
-0.533646702766418,-0.135168328881264,1.37447071075439,0.058596808463335,-0.0737693831324577,0.797521829605103,0.595889031887054
-0.53347235918045,-0.137657716870308,1.37433218955994,0.0599791966378688,-0.0756586045026779,0.796830415725708,0.596439182758331
-0.532945454120636,-0.140074133872986,1.37435579299927,0.0612419657409191,-0.076539009809494,0.796555519104004,0.596565663814545
-0.532945454120636,-0.140074133872986,1.37435579299927,0.0612419657409191,-0.076539009809494,0.796555519104004,0.596565663814545
-0.530953824520111,-0.143800377845764,1.37432050704956,0.0678797215223312,-0.0801408141851425,0.798312187194824,0.593015611171722
-0.530216097831726,-0.145830407738686,1.37439465522766,0.0699342936277389,-0.0815814733505249,0.798643946647644,0.592132925987244
-0.529642403125763,-0.14792238175869,1.37425708770752,0.071719653904438,-0.0829223543405532,0.798965632915497,0.591298818588257
-0.529201745986938,-0.14987288415432,1.37431800365448,0.0736974775791168,-0.0842813774943351,0.798784017562866,0.591108679771423
-0.52849268913269,-0.152260154485702,1.3742790222168,0.0750887021422386,-0.0853244587779045,0.799054682254791,0.590417623519897
-0.527786016464233,-0.153926476836205,1.3742401599884,0.0782283693552017,-0.0878664180636406,0.799591600894928,0.588908493518829
-0.527176678180695,-0.155919775366783,1.37427592277527,0.0807063281536102,-0.0894291177392005,0.799652397632599,0.588256061077118
-0.526555120944977,-0.157861113548279,1.37431108951569,0.0826189890503883,-0.0908312425017356,0.799887359142303,0.587455749511719
-0.52595990896225,-0.159733265638351,1.374178647995,0.0849687755107879,-0.0924117118120193,0.800269067287445,0.586353003978729
-0.525162160396576,-0.161531776189804,1.37429261207581,0.0871900618076324,-0.0934197157621383,0.800707221031189,0.585267841815948
-0.525162160396576,-0.161531776189804,1.37429261207581,0.0871900618076324,-0.0934197157621383,0.800707221031189,0.585267841815948
-0.523950636386871,-0.165229618549347,1.37398171424866,0.090456299483776,-0.0962103679776191,0.802164971828461,0.582316637039185
-0.523950636386871,-0.165229618549347,1.37398171424866,0.090456299483776,-0.0962103679776191,0.802164971828461,0.582316637039185
-0.523586571216583,-0.169062212109566,1.37388205528259,0.0935732126235961,-0.0993997231125831,0.801499724388123,0.582204461097717
-0.522117674350739,-0.170161187648773,1.37366735935211,0.0950919613242149,-0.0993167981505394,0.803787052631378,0.578809261322021
-0.521709799766541,-0.171923369169235,1.3739128112793,0.0973956882953643,-0.100787371397018,0.804131090641022,0.577693164348602
-0.521999657154083,-0.173829287290573,1.37398850917816,0.0987097471952438,-0.102668292820454,0.802632868289948,0.579220354557037
-0.520545899868011,-0.175013422966003,1.37386119365692,0.101316407322884,-0.103432163596153,0.804826676845551,0.57557874917984
-0.520106554031372,-0.177268072962761,1.37380504608154,0.101557776331901,-0.10357603430748,0.805228173732758,0.57494854927063
-0.519367754459381,-0.178232133388519,1.3736252784729,0.102943241596222,-0.104545764625072,0.805911004543304,0.573568284511566
-0.519367754459381,-0.178232133388519,1.3736252784729,0.102943241596222,-0.104545764625072,0.805911004543304,0.573568284511566
-0.518329739570618,-0.180941328406334,1.37366938591003,0.10660245269537,-0.106928288936615,0.806890666484833,0.571077764034271
-0.517794907093048,-0.182205960154533,1.37361180782318,0.107641488313675,-0.107228435575962,0.80723112821579,0.570344924926758
-0.517257630825043,-0.183570921421051,1.37360382080078,0.108950383961201,-0.107888787984848,0.807656943798065,0.569368124008179
-0.516805589199066,-0.18489508330822,1.37365889549255,0.110752664506435,-0.10905697196722,0.807943165302277,0.568391084671021
-0.516241610050201,-0.186043471097946,1.37353885173798,0.111623428761959,-0.109109312295914,0.808132290840149,0.567941427230835
-0.515726327896118,-0.187191694974899,1.37340557575226,0.114112086594105,-0.109978131949901,0.808610856533051,0.566596865653992
-0.515199422836304,-0.188283920288086,1.37343466281891,0.11418417096138,-0.110494486987591,0.809109807014465,0.565768778324127
-0.514763474464417,-0.189418748021126,1.37342596054077,0.115428060293198,-0.111059248447418,0.809125483036041,0.565383195877075
-0.514310359954834,-0.190611764788628,1.3734644651413,0.11609660089016,-0.111828505992889,0.809456467628479,0.564620494842529
-0.513852298259735,-0.191603392362595,1.37358856201172,0.11735288053751,-0.112465731799602,0.80973756313324,0.563830554485321
-0.513511538505554,-0.192759841680527,1.37343204021454,0.11911728978157,-0.112534947693348,0.809786975383759,0.56337559223175
-0.51275223493576,-0.193464830517769,1.37334191799164,0.119898468255997,-0.113619655370712,0.81051367521286,0.561945378780365
-0.512475311756134,-0.194444432854652,1.37349164485931,0.120574727654457,-0.113702543079853,0.810573697090149,0.56169730424881
-0.512018740177155,-0.195894628763199,1.37338852882385,0.120425969362259,-0.114602871239185,0.810493290424347,0.561662316322327
-0.511461734771729,-0.196593165397644,1.37312197685242,0.120953604578972,-0.114856921136379,0.810660600662231,0.5612553358078
-0.510960400104523,-0.196731865406036,1.37314867973328,0.122855059802532,-0.115097038447857,0.811355888843536,0.55978661775589
-0.51056295633316,-0.197521179914474,1.37315320968628,0.123238757252693,-0.115440882742405,0.811593890190125,0.559286057949066
-0.510086596012115,-0.198221355676651,1.37309563159943,0.124564088881016,-0.11649128049612,0.811800956726074,0.558473706245422
-0.509923934936523,-0.199059471487999,1.37291061878204,0.1253841817379,-0.115572720766068,0.811542928218842,0.558855891227722
-0.509312272071838,-0.199572920799255,1.37291920185089,0.125648751854896,-0.116226270794868,0.812081456184387,0.557877957820892
-0.508996427059174,-0.200305819511413,1.37294375896454,0.126863703131676,-0.116742514073849,0.812276601791382,0.557210743427277
-0.508568406105042,-0.200998097658157,1.37284803390503,0.12671934068203,-0.117948994040489,0.812279939651489,0.556984484195709
-0.508568406105042,-0.200998097658157,1.37284803390503,0.12671934068203,-0.117948994040489,0.812279939651489,0.556984484195709
-0.507807612419128,-0.201900824904442,1.37284016609192,0.128422871232033,-0.117475926876068,0.812958121299744,0.555703401565552
-0.507400989532471,-0.202443078160286,1.37277817726135,0.128847286105156,-0.117352910339832,0.81319522857666,0.555284082889557
-0.507077097892761,-0.202961042523384,1.37275755405426,0.12955816090107,-0.117404155433178,0.813301742076874,0.554951608181
-0.506672024726868,-0.20333382487297,1.3726110458374,0.130111649632454,-0.11787187308073,0.813317239284515,0.554700136184692
-0.506305158138275,-0.204008549451828,1.3724091053009,0.130422621965408,-0.118071429431438,0.813268303871155,0.554656565189362
-0.506088256835938,-0.204226166009903,1.37254059314728,0.131396770477295,-0.117865286767483,0.81320184469223,0.554567873477936
-0.505692899227142,-0.204932317137718,1.37233006954193,0.1316988915205,-0.118002086877823,0.81345534324646,0.554095149040222
-0.505507290363312,-0.205092191696167,1.37243390083313,0.132318452000618,-0.117832146584988,0.813488960266113,0.553934454917908
-0.505243360996246,-0.205759465694427,1.37249982357025,0.132721841335297,-0.116917490959167,0.813243508338928,0.554391920566559
-0.50484824180603,-0.206030607223511,1.37237107753754,0.133234038949013,-0.117292247712612,0.813317954540253,0.554080545902252
-0.504583060741425,-0.206465989351272,1.37240052223206,0.133782282471657,-0.117299631237984,0.813222825527191,0.55408650636673
-0.504069685935974,-0.207041442394257,1.3720840215683,0.13445071876049,-0.117649644613266,0.813291668891907,0.553749203681946
-0.503852963447571,-0.20744688808918,1.3720920085907,0.134728729724884,-0.117605596780777,0.813047707080841,0.554049372673035
-0.503569841384888,-0.207771897315979,1.37200486660004,0.135278016328812,-0.117584362626076,0.812779545783997,0.5543133020401
-0.503237962722778,-0.208300977945328,1.37190461158752,0.135300070047379,-0.117826662957668,0.812567472457886,0.554567396640778
-0.503080904483795,-0.207975715398788,1.37201642990112,0.135779231786728,-0.117539212107658,0.812626302242279,0.554425060749054
-0.503320395946503,-0.208240061998367,1.37202072143555,0.139019772410393,-0.114351645112038,0.812465369701385,0.554524540901184
-0.503051996231079,-0.20842932164669,1.37191963195801,0.139463603496552,-0.114813208580017,0.812358558177948,0.554474115371704
-0.502785265445709,-0.208696454763412,1.37184906005859,0.1397994607687,-0.114695079624653,0.812163770198822,0.554699242115021
-0.503531575202942,-0.208474710583687,1.37134325504303,0.1426912099123,-0.114690735936165,0.810721457004547,0.556071996688843
-0.50245475769043,-0.209392815828323,1.37179398536682,0.140580579638481,-0.114094339311123,0.811595499515533,0.55545699596405
-0.502048552036285,-0.209590524435043,1.371666431427,0.141190260648727,-0.113936692476272,0.811698138713837,0.555184483528137
-0.501257240772247,-0.209903687238693,1.3715204000473,0.138098895549774,-0.117563620209694,0.811388313770294,0.555658578872681
-0.501143753528595,-0.210131615400314,1.3716287612915,0.138593077659607,-0.117264173924923,0.811281561851501,0.555754721164703
-0.501063227653503,-0.210288524627685,1.37158787250519,0.138815015554428,-0.11728873103857,0.810985922813416,0.556125581264496
-0.500951051712036,-0.210459336638451,1.37158465385437,0.138909846544266,-0.117211073637009,0.810825347900391,0.556352376937866
-0.500847160816193,-0.210626259446144,1.37162506580353,0.138923019170761,-0.117142327129841,0.810664057731628,0.556598603725433
-0.501069188117981,-0.210822731256485,1.3715592622757,0.139126196503639,-0.117107227444649,0.809972286224365,0.55756151676178
-0.501069188117981,-0.210822731256485,1.3715592622757,0.139126196503639,-0.117107227444649,0.809972286224365,0.55756151676178
-0.500965237617493,-0.211004078388214,1.37170934677124,0.138479441404343,-0.116996563971043,0.809861600399017,0.557906448841095
-0.500947177410126,-0.211044639348984,1.37174010276794,0.138271108269691,-0.116878867149353,0.809866905212402,0.557975172996521
-0.50098592042923,-0.211088761687279,1.37176132202148,0.13800698518753,-0.116854667663574,0.809788644313812,0.558159053325653
-0.501013457775116,-0.211137548089027,1.37174820899963,0.138483867049217,-0.116929516196251,0.809867739677429,0.55791038274765
-0.501287221908569,-0.210863828659058,1.37201833724976,0.13784196972847,-0.116969548165798,0.809663534164429,0.558357238769531
-0.501985609531403,-0.211013093590736,1.37199032306671,0.137083053588867,-0.117635414004326,0.808429419994354,0.560189425945282
-0.501547574996948,-0.210745617747307,1.37197506427765,0.13698148727417,-0.117358490824699,0.809506714344025,0.558714628219604
-0.501590311527252,-0.210943356156349,1.3718159198761,0.136427402496338,-0.117582470178604,0.809447467327118,0.558888792991638
-0.501737475395203,-0.210826158523559,1.37177920341492,0.13586875796318,-0.117649100720882,0.809455633163452,0.558999121189117
-0.501865386962891,-0.210618823766708,1.37168526649475,0.134951189160347,-0.11741329729557,0.809431135654449,0.559306442737579
-0.502163350582123,-0.210227102041245,1.37189960479736,0.135241776704788,-0.1178884729743,0.809535801410675,0.558984637260437
-0.502163350582123,-0.210227102041245,1.37189960479736,0.135241776704788,-0.1178884729743,0.809535801410675,0.558984637260437
-0.502539038658142,-0.209787353873253,1.3718124628067,0.134114935994148,-0.118019923567772,0.809634029865265,0.559086203575134
-0.502801597118378,-0.209602892398834,1.37180948257446,0.133572652935982,-0.118029341101646,0.809654235839844,0.559184551239014
-0.503055512905121,-0.209390297532082,1.37176358699799,0.133119150996208,-0.118097759783268,0.80968189239502,0.559238374233246
-0.503287255764008,-0.209125965833664,1.37170493602753,0.132430627942085,-0.118021883070469,0.8098104596138,0.559231638908386
-0.503607451915741,-0.208955064415932,1.37174725532532,0.132010012865067,-0.117608986794948,0.809917986392975,0.55926239490509
-0.503924548625946,-0.208601653575897,1.37156224250793,0.131163060665131,-0.116904951632023,0.810050308704376,0.55941766500473
-0.504101872444153,-0.208664357662201,1.37151825428009,0.130568787455559,-0.117378629744053,0.810212135314941,0.559223115444183
-0.504263818264008,-0.208178773522377,1.37126266956329,0.130412220954895,-0.117996074259281,0.810567378997803,0.558614611625671
-0.504566669464111,-0.207818016409874,1.3711314201355,0.129938557744026,-0.117776289582253,0.810916602611542,0.558264434337616
-0.504882633686066,-0.207410573959351,1.37101876735687,0.128698259592056,-0.117305718362331,0.81127667427063,0.558127701282501
-0.50521981716156,-0.207091569900513,1.37100327014923,0.128032118082047,-0.11711186170578,0.811484038829803,0.558019995689392
-0.505692064762115,-0.20683516561985,1.37110137939453,0.127102956175804,-0.116769522428513,0.811468720436096,0.558326363563538
-0.506077706813812,-0.206457063555717,1.37099409103394,0.126387163996696,-0.11712770909071,0.811727643013,0.558037459850311
-0.506413459777832,-0.205761939287186,1.37102842330933,0.125953882932663,-0.116511702537537,0.812099516391754,0.557723045349121
-0.506749272346497,-0.205433458089828,1.37101030349731,0.125820115208626,-0.116911575198173,0.812131524085999,0.557623028755188
-0.507038593292236,-0.205053016543388,1.37099146842957,0.125186517834663,-0.116804391145706,0.81245493888855,0.557316958904266
-0.507406055927277,-0.204713299870491,1.37095236778259,0.124479293823242,-0.116493321955204,0.8125941157341,0.557337641716003
-0.507748305797577,-0.204395204782486,1.37091386318207,0.123933345079422,-0.116357892751694,0.81273353099823,0.557284295558929
-0.508148670196533,-0.204422771930694,1.37090742588043,0.122842989861965,-0.11622030287981,0.812536895275116,0.557840824127197
-0.509025692939758,-0.204300969839096,1.37089407444,0.12198331952095,-0.116328701376915,0.811628460884094,0.559327363967896
-0.508496344089508,-0.203663647174835,1.37086355686188,0.121924713253975,-0.1155826151371,0.813450396060944,0.556842446327209
-0.50876259803772,-0.203247398138046,1.37079441547394,0.122233495116234,-0.115023136138916,0.813736021518707,0.556473076343536
-0.509066462516785,-0.203019231557846,1.3707537651062,0.121821478009224,-0.115007787942886,0.813849687576294,0.556400537490845
-0.509331703186035,-0.202772349119186,1.37072277069092,0.121589325368404,-0.1150077059865,0.814003467559814,0.556226193904877
-0.509627521038055,-0.202659279108047,1.37077760696411,0.121450215578079,-0.114325411617756,0.814157903194427,0.556171357631683
-0.509876310825348,-0.202443048357964,1.37073576450348,0.121260106563568,-0.114429339766502,0.814287066459656,0.556002378463745
-0.510099768638611,-0.202263668179512,1.37072253227234,0.121092200279236,-0.114465646445751,0.814448595046997,0.555794954299927
-0.511183083057404,-0.202429682016373,1.3707183599472,0.120410539209843,-0.115177266299724,0.813136160373688,0.557714402675629
-0.51053524017334,-0.201951861381531,1.37070822715759,0.120896831154823,-0.114693969488144,0.815016508102417,0.554957151412964
-0.51053524017334,-0.201951861381531,1.37070822715759,0.120896831154823,-0.114693969488144,0.815016508102417,0.554957151412964
-0.510905265808105,-0.201719269156456,1.37070822715759,0.120976649224758,-0.114745400846004,0.815405666828156,0.5543572306633
-0.510994851589203,-0.201526552438736,1.37059438228607,0.120519332587719,-0.114393055438995,0.815763354301453,0.554003179073334
-0.511161088943481,-0.201516434550285,1.37064838409424,0.121297001838684,-0.114950470626354,0.816048085689545,0.55329841375351
-0.512382209300995,-0.202013626694679,1.37087082862854,0.120514944195747,-0.114897720515728,0.814289808273315,0.556063771247864
-0.512515366077423,-0.201910063624382,1.37084269523621,0.120812922716141,-0.115012280642986,0.814484357833862,0.555690169334412
-0.513325273990631,-0.201855883002281,1.37102580070496,0.12384107708931,-0.110849283635616,0.814544677734375,0.555781245231628
-0.512838304042816,-0.201820507645607,1.37080574035645,0.121665947139263,-0.114793583750725,0.814700365066528,0.555232465267181
-0.512932479381561,-0.201742231845856,1.37078475952148,0.121995866298675,-0.114902295172214,0.814808368682861,0.554979026317596
-0.513003289699554,-0.201614633202553,1.37075781822205,0.122459135949612,-0.115146443247795,0.814742863178253,0.554922699928284
-0.512814223766327,-0.201155543327331,1.37083947658539,0.1260836571455,-0.110883161425591,0.816535472869873,0.552338480949402
-0.512814223766327,-0.201155543327331,1.37083947658539,0.1260836571455,-0.110883161425591,0.816535472869873,0.552338480949402
-0.512439250946045,-0.201159626245499,1.37061941623688,0.124170519411564,-0.115036569535732,0.816798985004425,0.55153226852417
-0.512439250946045,-0.201159626245499,1.37061941623688,0.124170519411564,-0.115036569535732,0.816798985004425,0.55153226852417
-0.512722074985504,-0.200988322496414,1.37059950828552,0.124216370284557,-0.114950373768806,0.816818237304688,0.551511406898499
-0.513772189617157,-0.201336860656738,1.37061083316803,0.12389812618494,-0.115611307322979,0.814991891384125,0.554140448570251
-0.513027191162109,-0.200934141874313,1.3705997467041,0.124693378806114,-0.115018911659718,0.816702544689178,0.551560699939728
-0.513208210468292,-0.200937166810036,1.37065291404724,0.124976269900799,-0.114578530192375,0.81670606136322,0.551583111286163
-0.513208210468292,-0.200937166810036,1.37065291404724,0.124976269900799,-0.114578530192375,0.81670606136322,0.551583111286163
-0.513529121875763,-0.200759649276733,1.37067580223083,0.125315710902214,-0.114403150975704,0.816768884658813,0.551449537277222
-0.513692498207092,-0.20069232583046,1.37068426609039,0.125404730439186,-0.114287927746773,0.816757440567017,0.551470220088959
-0.513692498207092,-0.20069232583046,1.37068426609039,0.125404730439186,-0.114287927746773,0.816757440567017,0.551470220088959
-0.514737665653229,-0.201037496328354,1.37050759792328,0.124982438981533,-0.115143559873104,0.815045356750488,0.553915679454803
-0.514935493469238,-0.20091900229454,1.37047350406647,0.125003561377525,-0.115220889449119,0.814954817295074,0.554028034210205
-0.515200316905975,-0.20083013176918,1.37046813964844,0.125029370188713,-0.115112222731113,0.814805209636688,0.554264724254608
-0.515475630760193,-0.200833112001419,1.37051773071289,0.125074937939644,-0.114549770951271,0.814854025840759,0.554299235343933
-0.515475630760193,-0.200833112001419,1.37051773071289,0.125074937939644,-0.114549770951271,0.814854025840759,0.554299235343933
-0.516076683998108,-0.200258478522301,1.37069845199585,0.124997980892658,-0.114109188318252,0.814879536628723,0.554369866847992
-0.516327738761902,-0.200014933943748,1.37071287631989,0.124800585210323,-0.113777220249176,0.814858615398407,0.554513275623322
-0.516053020954132,-0.199561759829521,1.37076365947723,0.124961994588375,-0.113232113420963,0.816010892391205,0.552891850471497
-0.515993595123291,-0.19948735833168,1.37071740627289,0.123913258314133,-0.113640919327736,0.81629890203476,0.552618741989136
-0.516299903392792,-0.199051231145859,1.37077808380127,0.124214805662632,-0.113090768456459,0.816447377204895,0.552444577217102
-0.516647398471832,-0.19883781671524,1.37084996700287,0.123923256993294,-0.112428784370422,0.81658548116684,0.55244106054306
-0.516922831535339,-0.198775589466095,1.37074673175812,0.123870842158794,-0.113221816718578,0.816469609737396,0.552462041378021
-0.517249226570129,-0.198445215821266,1.37071049213409,0.123609900474548,-0.1133888438344,0.816429257392883,0.552545785903931
-0.517249226570129,-0.198445215821266,1.37071049213409,0.123609900474548,-0.1133888438344,0.816429257392883,0.552545785903931
-0.517869174480438,-0.197753474116325,1.37049090862274,0.122454039752483,-0.112110815942287,0.81657201051712,0.552852988243103
-0.518428385257721,-0.197649002075195,1.37087321281433,0.121972918510437,-0.112437963485718,0.816225826740265,0.553403913974762
-0.518428385257721,-0.197649002075195,1.37087321281433,0.121972918510437,-0.112437963485718,0.816225826740265,0.553403913974762
-0.51911073923111,-0.196996420621872,1.37064898014069,0.12014090269804,-0.111494667828083,0.816105902194977,0.554171562194824
-0.519586741924286,-0.196553155779839,1.37067782878876,0.121017411351204,-0.11249690502882,0.815929412841797,0.554038524627686
-0.519979238510132,-0.195898860692978,1.37058067321777,0.121211476624012,-0.112223073840141,0.816150426864624,0.553725838661194
-0.520343542098999,-0.195563852787018,1.37060439586639,0.120719514787197,-0.111644379794598,0.816128373146057,0.553982734680176
-0.520930409431458,-0.195150941610336,1.37071800231934,0.119805581867695,-0.1117724776268,0.81590735912323,0.554480493068695
-0.521385371685028,-0.19481036067009,1.3707412481308,0.119251914322376,-0.111600205302238,0.815733909606934,0.554889738559723
-0.521768629550934,-0.194361105561256,1.37074434757233,0.11851904541254,-0.11137106269598,0.815737307071686,0.555087685585022
-0.522308826446533,-0.193806767463684,1.37062573432922,0.117031566798687,-0.110612191259861,0.815309286117554,0.55618292093277
-0.52274763584137,-0.193380549550056,1.37071895599365,0.117101028561592,-0.111144751310348,0.815253436565399,0.556143820285797
-0.523263275623322,-0.192864924669266,1.37077212333679,0.116285338997841,-0.111007452011108,0.815281271934509,0.556301653385162
-0.523769855499268,-0.192281186580658,1.37072265148163,0.11491484194994,-0.110324002802372,0.815025269985199,0.55709707736969
-0.524249732494354,-0.19174437224865,1.37075734138489,0.114680282771587,-0.109272576868534,0.814947009086609,0.557466983795166
-0.525610208511353,-0.191770762205124,1.37075638771057,0.112795077264309,-0.110051028430462,0.812804222106934,0.560816705226898
-0.526126027107239,-0.191219866275787,1.37078607082367,0.112196259200573,-0.11017744988203,0.812602639198303,0.561204075813293
-0.525753676891327,-0.190274223685265,1.37075543403625,0.112428590655327,-0.108765050768852,0.814410209655762,0.558807790279388
-0.526244282722473,-0.18979848921299,1.37069869041443,0.111693829298019,-0.108526118099689,0.814194917678833,0.559314966201782
-0.526798665523529,-0.189095556735992,1.37097835540771,0.110505439341068,-0.108147881925106,0.813649415969849,0.560416877269745
-0.527292132377625,-0.188571915030479,1.37092840671539,0.109894178807735,-0.107737354934216,0.813450634479523,0.560904681682587
-0.528556227684021,-0.188823074102402,1.37096405029297,0.108392983675003,-0.107432849705219,0.811122894287109,0.564613878726959
-0.528271734714508,-0.18757788836956,1.3709043264389,0.107579857110977,-0.106506526470184,0.813394486904144,0.56166934967041
-0.528765797615051,-0.186948269605637,1.37080693244934,0.106041401624679,-0.105871766805649,0.813249826431274,0.562291026115417
-0.529161930084229,-0.186424940824509,1.37064838409424,0.104557573795319,-0.105214864015579,0.813052535057068,0.562977135181427
-0.529668807983398,-0.185812398791313,1.37089467048645,0.10403960198164,-0.104517601430416,0.813153326511383,0.563057363033295
-0.531066656112671,-0.185786545276642,1.37095892429352,0.102536164224148,-0.104743510484695,0.811177670955658,0.566132545471191
-0.531066656112671,-0.185786545276642,1.37095892429352,0.102536164224148,-0.104743510484695,0.811177670955658,0.566132545471191
-0.531089782714844,-0.183904632925987,1.37086689472198,0.102144435048103,-0.103232078254223,0.812451243400574,0.564652860164642
-0.53248792886734,-0.183775842189789,1.37090671062469,0.100269831717014,-0.102660298347473,0.810731053352356,0.56755793094635
-0.532660484313965,-0.183218702673912,1.37099027633667,0.0985627546906471,-0.10247778147459,0.810768246650696,0.567836880683899
-0.53316468000412,-0.182584896683693,1.37107455730438,0.0970937684178352,-0.101518705487251,0.810480117797852,0.568673014640808
-0.532814979553223,-0.181258991360664,1.37100052833557,0.0957271009683609,-0.0998740866780281,0.812410771846771,0.566436469554901
-0.533195734024048,-0.180610850453377,1.37101900577545,0.0949369370937347,-0.0994940176606178,0.812281131744385,0.566822171211243
-0.534413874149323,-0.180550307035446,1.37113416194916,0.0930262953042984,-0.0986237078905105,0.810441434383392,0.569915950298309
-0.534734547138214,-0.179777905344963,1.37096118927002,0.0921418964862823,-0.0982503667473793,0.81048846244812,0.570057272911072
-0.535046398639679,-0.17891825735569,1.3708610534668,0.0910590067505836,-0.0975781977176666,0.810659348964691,0.570103824138641
-0.535545468330383,-0.17817710340023,1.37121295928955,0.089780069887638,-0.0967088565230369,0.810021638870239,0.571359753608704
-0.535972595214844,-0.177423596382141,1.37115907669067,0.0875450894236564,-0.0947838202118873,0.810115456581116,0.571895897388458
-0.535918056964874,-0.176145315170288,1.37116169929504,0.0884519815444946,-0.094065636396408,0.810886204242706,0.570781528949738
-0.536244571208954,-0.175303220748901,1.3710606098175,0.0868696719408035,-0.0930678471922874,0.810993611812592,0.571035504341125
-0.53670608997345,-0.174596473574638,1.37115168571472,0.0851220190525055,-0.0925298556685447,0.810568273067474,0.571989119052887
-0.539735972881317,-0.175865232944488,1.37622678279877,0.0897679850459098,-0.0590430572628974,0.810985445976257,0.575115978717804
-0.540153086185455,-0.175000518560409,1.37626552581787,0.0885587185621261,-0.0576199032366275,0.810689806938171,0.575863897800446
-0.540530622005463,-0.174026340246201,1.37620830535889,0.086879663169384,-0.0564151331782341,0.810401082038879,0.576644957065582
-0.540781736373901,-0.173058718442917,1.37598252296448,0.0855136215686798,-0.0547869466245174,0.809895217418671,0.577715754508972
-0.541349411010742,-0.17225493490696,1.37631225585938,0.0845895707607269,-0.0547897778451442,0.80974668264389,0.578059732913971
-0.538906335830688,-0.169188678264618,1.3712443113327,0.0766243115067482,-0.0867695212364196,0.809129536151886,0.576115608215332
-0.53937554359436,-0.168145179748535,1.37122440338135,0.0743624866008758,-0.0846779495477676,0.808557093143463,0.577525079250336
-0.540176689624786,-0.167520254850387,1.37126493453979,0.0728660151362419,-0.0839473605155944,0.807332575321198,0.579532206058502
-0.54050886631012,-0.166404381394386,1.37126219272614,0.0726765617728233,-0.0829525291919708,0.807311415672302,0.579728782176971
-0.540719032287598,-0.165204778313637,1.37136363983154,0.0707215145230293,-0.0822192355990409,0.807153880596161,0.580293953418732
-0.541099607944489,-0.16409720480442,1.37139165401459,0.0693553537130355,-0.081119954586029,0.806767880916595,0.581149935722351
-0.541761040687561,-0.163229912519455,1.37133574485779,0.0683267787098884,-0.0797753557562828,0.80584317445755,0.582738697528839
-0.542003333568573,-0.161916986107826,1.37143111228943,0.066242016851902,-0.0790477767586708,0.805579483509064,0.583442687988281
-0.54250568151474,-0.160868465900421,1.37148213386536,0.0645536854863166,-0.0776191726326942,0.804987132549286,0.58463990688324
-0.542951166629791,-0.159776538610458,1.37161183357239,0.063741385936737,-0.0765605866909027,0.804114937782288,0.586067140102386
-0.542951166629791,-0.159776538610458,1.37161183357239,0.063741385936737,-0.0765605866909027,0.804114937782288,0.586067140102386
-0.543847560882568,-0.157404139637947,1.37160682678223,0.0606182962656021,-0.0746563076972961,0.802849531173706,0.588374555110931
-0.543847560882568,-0.157404139637947,1.37160682678223,0.0606182962656021,-0.0746563076972961,0.802849531173706,0.588374555110931
-0.5449538230896,-0.154937580227852,1.371466755867,0.056903887540102,-0.0726420804858207,0.801529943943024,0.590791821479797
-0.545258224010468,-0.15381009876728,1.37156677246094,0.0555899441242218,-0.0712994933128357,0.801190733909607,0.591540098190308
-0.545932054519653,-0.152507290244102,1.3715546131134,0.0550520047545433,-0.0702704563736915,0.799979448318481,0.593349874019623
-0.546396732330322,-0.151201501488686,1.37147390842438,0.0527941025793552,-0.0691723972558975,0.799463093280792,0.594379305839539
-0.546954154968262,-0.149978742003441,1.3715603351593,0.0508086234331131,-0.0682465061545372,0.798720121383667,0.595657050609589
-0.547195017337799,-0.148852065205574,1.37139761447906,0.0498383417725563,-0.0672719180583953,0.798419296741486,0.596252679824829
-0.547780156135559,-0.147539734840393,1.37161767482758,0.0485452264547348,-0.0665087401866912,0.797409892082214,0.597793877124786
-0.548215746879578,-0.146248981356621,1.37153232097626,0.0471853651106357,-0.0655535534024238,0.796807825565338,0.598810076713562
-0.54877096414566,-0.144969269633293,1.37131881713867,0.0450896248221397,-0.0646856278181076,0.796347796916962,0.599677383899689
-0.54877096414566,-0.144969269633293,1.37131881713867,0.0450896248221397,-0.0646856278181076,0.796347796916962,0.599677383899689
-0.55009400844574,-0.142444416880608,1.3716424703598,0.042350485920906,-0.0628235712647438,0.794275641441345,0.602814972400665
-0.550355017185211,-0.140895143151283,1.37142312526703,0.0413456484675407,-0.0627871230244636,0.794150531291962,0.603053390979767
-0.551129698753357,-0.139637544751167,1.37153363227844,0.0395534038543701,-0.0618463233113288,0.793177366256714,0.604549646377563
-0.552235245704651,-0.13871830701828,1.37155783176422,0.0368830189108848,-0.0608770139515399,0.791746139526367,0.606689095497131
-0.552383899688721,-0.136940240859985,1.37151038646698,0.0365543290972709,-0.0602055303752422,0.791738867759705,0.606785535812378
-0.553094506263733,-0.135719388723373,1.37153708934784,0.0343331657350063,-0.0588449463248252,0.791256010532379,0.607677936553955
-0.55390989780426,-0.134541198611259,1.371413230896,0.0331190042197704,-0.0590939931571483,0.789826571941376,0.60957795381546
-0.554292261600494,-0.132927596569061,1.37144303321838,0.0315688662230968,-0.0576875284314155,0.790103435516357,0.609435856342316
-0.554292261600494,-0.132927596569061,1.37144303321838,0.0315688662230968,-0.0576875284314155,0.790103435516357,0.609435856342316
-0.555689096450806,-0.130295604467392,1.37149143218994,0.0291264690458774,-0.0565378591418266,0.788408160209656,0.611855983734131
-0.556271970272064,-0.129068821668625,1.37155890464783,0.0272308401763439,-0.0558459348976612,0.787781059741974,0.612813889980316
-0.556271970272064,-0.129068821668625,1.37155890464783,0.0272308401763439,-0.0558459348976612,0.787781059741974,0.612813889980316
-0.557960748672485,-0.126566410064697,1.37134492397308,0.0240749455988407,-0.0547079369425773,0.78654807806015,0.614629745483398
-0.558224678039551,-0.124883756041527,1.37134909629822,0.0228145699948072,-0.0541642419993877,0.786851465702057,0.61433732509613
-0.55920672416687,-0.123840808868408,1.37125968933105,0.0216150693595409,-0.0534053519368171,0.785711467266083,0.615904450416565
-0.559591472148895,-0.122293084859848,1.3713219165802,0.0209226123988628,-0.0533200241625309,0.785617649555206,0.616055369377136
-0.560163855552673,-0.120813265442848,1.37115895748138,0.0201672278344631,-0.0527909994125366,0.785347402095795,0.616470634937286
-0.560838043689728,-0.119548015296459,1.37105345726013,0.0180287733674049,-0.05216820910573,0.785306990146637,0.616641104221344
-0.561326146125793,-0.118119984865189,1.37099063396454,0.0167057923972606,-0.0531935691833496,0.784899711608887,0.617109298706055
-0.562087059020996,-0.11691028624773,1.37110781669617,0.0157100036740303,-0.0520241558551788,0.784490346908569,0.617755353450775
-0.562723577022552,-0.115633383393288,1.37096238136292,0.0145171415060758,-0.0517411157488822,0.784166395664215,0.618219494819641
-0.563428640365601,-0.114366203546524,1.37097358703613,0.0131610827520489,-0.0511416569352149,0.783853471279144,0.618696331977844
-0.564489245414734,-0.113470152020454,1.37104845046997,0.0115710543468594,-0.0506318472325801,0.782914996147156,0.619956970214844
-0.56473571062088,-0.111723877489567,1.37083172798157,0.0109471157193183,-0.0506264492869377,0.783466637134552,0.619271397590637
-0.56558358669281,-0.110667385160923,1.37086367607117,0.0090380143374204,-0.0493325553834438,0.783083438873291,0.619891166687012
-0.566072821617126,-0.109216161072254,1.37074065208435,0.0089568430557847,-0.0496217869222164,0.782865166664124,0.620144963264465
-0.566072821617126,-0.109216161072254,1.37074065208435,0.0089568430557847,-0.0496217869222164,0.782865166664124,0.620144963264465
-0.567502677440643,-0.106767863035202,1.37068569660187,0.0067320740781724,-0.0485625192523002,0.782422542572021,0.62081503868103
-0.568162679672241,-0.105586141347885,1.37070345878601,0.0054204985499382,-0.0480416230857372,0.782118439674377,0.621251583099365
-0.569094479084015,-0.104604616761207,1.37061631679535,0.0037905543576925,-0.048050258308649,0.781074225902557,0.622575223445892
-0.569376349449158,-0.102946102619171,1.37038266658783,0.0033530646469444,-0.0477337129414081,0.781842589378357,0.621636688709259
-0.569989800453186,-0.10159445554018,1.37020647525787,0.0030975411646068,-0.047343473881483,0.781677305698395,0.621876060962677
-0.570616245269775,-0.100464507937431,1.37018084526062,0.0017143308650702,-0.0469915457069873,0.781317889690399,0.62235951423645
-0.571267783641815,-0.0993862524628639,1.37028014659882,0.000421628501499,-0.0463808588683605,0.781016647815704,0.62278538942337
-0.571267783641815,-0.0993862524628639,1.37028014659882,0.000421628501499,-0.0463808588683605,0.781016647815704,0.62278538942337
-0.572657346725464,-0.0968633294105529,1.36991727352142,-0.0018387193558737,-0.0456001497805118,0.780519843101501,0.623462975025177
-0.573258519172668,-0.0956419706344604,1.36998641490936,-0.0020967577584087,-0.0455587953329086,0.780014336109161,0.624097585678101
-0.573635518550873,-0.0943883061408996,1.36983227729797,-0.0030850549228489,-0.0454240478575229,0.780043482780457,0.624066889286041
-0.574291408061981,-0.0932592898607254,1.36978852748871,-0.0041080680675804,-0.0448169074952602,0.779585003852844,0.624677419662476
-0.574991166591644,-0.092104434967041,1.36970937252045,-0.00488922605291,-0.0446091666817665,0.779118478298187,0.625268518924713
-0.575612127780914,-0.0909825339913368,1.36955976486206,-0.0064668790437281,-0.0437570884823799,0.77910441160202,0.625331699848175
-0.575612127780914,-0.0909825339913368,1.36955976486206,-0.0064668790437281,-0.0437570884823799,0.77910441160202,0.625331699848175
-0.576647758483887,-0.0886671170592308,1.36947309970856,-0.0074758161790668,-0.0433558598160743,0.77829784154892,0.62635201215744
-0.577509164810181,-0.0877770110964775,1.36942076683044,-0.0086778057739138,-0.043363869190216,0.77720057964325,0.627697110176086
-0.577823996543884,-0.0863970592617988,1.36935913562775,-0.0092730717733502,-0.042651642113924,0.777422904968262,0.627461910247803
-0.578355371952057,-0.0852484032511711,1.3692592382431,-0.0101264063268899,-0.0423928871750831,0.777180790901184,0.627766251564026
-0.578945934772491,-0.0841138213872909,1.36920082569122,-0.0110718421638011,-0.0424362309277057,0.777028679847717,0.627935588359833
-0.578945934772491,-0.0841138213872909,1.36920082569122,-0.0110718421638011,-0.0424362309277057,0.777028679847717,0.627935588359833
-0.579997897148132,-0.0818881094455719,1.36902523040771,-0.0124692320823669,-0.0419387705624103,0.776583671569824,0.628493070602417
-0.580446004867554,-0.0805855765938758,1.36871802806854,-0.0148095097392797,-0.0402012802660465,0.776037037372589,0.629230558872223
-0.581035673618317,-0.0795345455408096,1.36860322952271,-0.0155127374455332,-0.0400109440088272,0.775753140449524,0.629575848579407
-0.581552386283875,-0.0785454586148262,1.36851692199707,-0.016239320859313,-0.0397966541349887,0.775867521762848,0.629430115222931
-0.582047820091248,-0.0774246975779533,1.36835539340973,-0.0168444942682981,-0.0399252735078334,0.775831878185272,0.629449725151062
-0.582872748374939,-0.0766040757298469,1.36826586723328,-0.0180260743945837,-0.0400590561330318,0.775021851062775,0.630405902862549
-0.583445131778717,-0.0755560174584388,1.36826038360596,-0.0190691016614437,-0.0393650420010089,0.775028944015503,0.630410254001617
-0.583916068077087,-0.0745517611503601,1.36823427677155,-0.0200239960104227,-0.0393653884530067,0.775313377380371,0.630030810832977
-0.584430634975433,-0.0734510347247123,1.36821377277374,-0.0202034898102283,-0.0396553389728069,0.775889754295349,0.629296779632568
-0.584898591041565,-0.0723724514245987,1.36819243431091,-0.0214317850768566,-0.0391486622393131,0.775586605072021,0.629661440849304
-0.585259079933167,-0.0713837370276451,1.3680248260498,-0.0217142477631568,-0.0390481427311897,0.775399148464203,0.629888951778412
-0.585904061794281,-0.0703581720590591,1.36820638179779,-0.0220784116536378,-0.0394534245133399,0.775547564029694,0.629668235778809
-0.586291372776031,-0.0693786293268203,1.36798202991486,-0.0233693681657314,-0.0386319123208522,0.775473237037659,0.629764080047607
-0.586714327335358,-0.0684385821223259,1.36807024478912,-0.0232664104551076,-0.0390866361558437,0.775816738605499,0.629316627979279
-0.587120234966278,-0.0674226507544517,1.36796760559082,-0.0238682217895984,-0.0391380190849304,0.776014387607574,0.629047036170959
-0.587143540382385,-0.0662141293287277,1.36783146858215,-0.0234812032431364,-0.0387441739439964,0.777027726173401,0.627833724021912
-0.587143540382385,-0.0662141293287277,1.36783146858215,-0.0234812032431364,-0.0387441739439964,0.777027726173401,0.627833724021912
-0.587951838970184,-0.0643074139952659,1.36779356002808,-0.0249092131853103,-0.0385096408426761,0.777587413787842,0.627099931240082
-0.588556706905365,-0.0636571645736694,1.36761999130249,-0.02510492131114,-0.0385181605815887,0.777410328388214,0.627311170101166
-0.588966369628906,-0.0628221854567527,1.36761486530304,-0.0259784776717424,-0.0383552275598049,0.777710258960724,0.626913666725159
-0.589033305644989,-0.0616428665816783,1.36755752563477,-0.0259635653346776,-0.0379658006131649,0.778665065765381,0.625751674175262
-0.589647948741913,-0.0609639026224613,1.36742210388184,-0.0273432675749063,-0.0377450995147228,0.778301537036896,0.626158356666565
-0.589713454246521,-0.059929646551609,1.36747467517853,-0.0274532102048397,-0.0379289947450161,0.779265463352203,0.624942421913147
-0.590282738208771,-0.0593391060829162,1.36735141277313,-0.0279393065720796,-0.0380848459899425,0.778994619846344,0.625249087810516
-0.590612411499023,-0.0584880001842975,1.36737895011902,-0.0280619114637374,-0.0380621328949928,0.779087245464325,0.625129640102386
-0.590813815593719,-0.0576174482703208,1.36727857589722,-0.028644036501646,-0.0381143577396869,0.779396116733551,0.624714732170105
-0.591242969036102,-0.05689562484622,1.36732792854309,-0.0295647699385881,-0.0377226695418357,0.779418349266052,0.624667942523956
-0.591473698616028,-0.0560728423297405,1.36717474460602,-0.0296700578182935,-0.0377270244061946,0.779672384262085,0.624345481395721
-0.591836810112,-0.055314764380455,1.36702299118042,-0.0308139286935329,-0.0372413694858551,0.780132949352264,0.623743653297424
-0.592141032218933,-0.0545710399746894,1.36700618267059,-0.0315846800804138,-0.0369873382151126,0.780043482780457,0.623832225799561
-0.59237813949585,-0.0538157783448696,1.36699151992798,-0.0320670753717422,-0.0366879813373088,0.780226171016693,0.623596668243408
-0.592685103416443,-0.0530011057853698,1.36702978610992,-0.0325617305934429,-0.0367239750921726,0.779937088489532,0.623930633068085
-0.592691540718079,-0.0520651936531066,1.36698746681213,-0.0327540673315525,-0.0363276749849319,0.780819416046143,0.622839152812958
