x,y,z,q0,q1,q2,q3
-0.425657868385315,0.141826659440994,0.862622618675232,0.346137672662735,-0.493505716323852,-0.22885525226593,-0.764373004436493
-0.426757335662842,0.142147988080978,0.862387537956238,0.347172737121582,-0.493366271257401,-0.229732885956764,-0.763730049133301
-0.427667856216431,0.142492845654488,0.862319469451904,0.346954435110092,-0.493637174367905,-0.230727985501289,-0.763354241847992
-0.428710997104645,0.142964020371437,0.862210035324097,0.346504360437393,-0.494046777486801,-0.230550453066826,-0.763347268104553
-0.429746150970459,0.14350663125515,0.861967802047729,0.346001595258713,-0.494166284799576,-0.230699986219406,-0.763452768325806
-0.430723071098328,0.144059434533119,0.861875057220459,0.345735609531403,-0.495234102010727,-0.231762170791626,-0.762559175491333
-0.431729465723038,0.144720897078514,0.861708521842957,0.344626426696777,-0.495725184679031,-0.231650650501251,-0.762776017189026
-0.432673633098602,0.145320206880569,0.861508131027222,0.345705807209015,-0.496318459510803,-0.232553169131279,-0.761626183986664
-0.433609485626221,0.145969212055206,0.861403405666351,0.344282299280167,-0.496765911579132,-0.233448550105095,-0.761705338954926
-0.434555202722549,0.146798565983772,0.861228346824646,0.343509882688522,-0.497801899909973,-0.233609959483147,-0.761328279972076
-0.43620702624321,0.147824436426163,0.861176073551178,0.346997082233429,-0.512828409671783,-0.230807542800903,-0.750551819801331
-0.436385929584503,0.148401409387589,0.860886693000793,0.340898036956787,-0.499489963054657,-0.2350914478302,-0.760940372943878
-0.437152206897736,0.149431079626083,0.860701441764832,0.338165700435638,-0.500546514987946,-0.235710009932518,-0.761273920536041
-0.438174873590469,0.150286555290222,0.860544800758362,0.337698698043823,-0.502345025539398,-0.234541192650795,-0.760657250881195
-0.43880107998848,0.151269823312759,0.860352873802185,0.336609691381454,-0.501914083957672,-0.23725788295269,-0.760581851005554
-0.439634263515472,0.152300775051117,0.860197424888611,0.336282551288605,-0.504293024539948,-0.236518204212189,-0.759382545948029
-0.440262794494629,0.153393477201462,0.860008358955383,0.333274632692337,-0.503931403160095,-0.239118307828903,-0.760133922100067
-0.440970748662949,0.154527842998505,0.859787464141846,0.332005709409714,-0.504108726978302,-0.240137472748756,-0.760250449180603
-0.441584944725037,0.155594527721405,0.859665870666504,0.331576734781265,-0.504672229290009,-0.241854041814804,-0.759519219398499
-0.44215977191925,0.156763419508934,0.859460592269897,0.329982817173004,-0.505014777183533,-0.243439644575119,-0.759479224681854
-0.442805469036102,0.157894879579544,0.859383225440979,0.328320384025574,-0.506029784679413,-0.245844155550003,-0.758749127388
-0.443359673023224,0.159046337008476,0.859299123287201,0.326759874820709,-0.506085574626923,-0.247288897633552,-0.758916020393372
-0.443359673023224,0.159046337008476,0.859299123287201,0.326759874820709,-0.506085574626923,-0.247288897633552,-0.758916020393372
-0.444087624549866,0.161287143826485,0.858119606971741,0.331379890441894,-0.5012167096138,-0.247437939047813,-0.760094523429871
-0.444508731365204,0.162123546004295,0.858180165290833,0.33094111084938,-0.500897347927094,-0.252669155597687,-0.758774042129517
-0.444907069206238,0.163257300853729,0.858137428760529,0.330720096826553,-0.500833749771118,-0.255052596330643,-0.758114755153656
-0.445082277059555,0.164558634161949,0.857959508895874,0.328989565372467,-0.501157164573669,-0.254692763090134,-0.758774638175964
-0.445463955402374,0.165453642606735,0.858162999153137,0.329526752233505,-0.50067675113678,-0.259005606174469,-0.757397651672363
-0.445740848779678,0.166477769613266,0.858238935470581,0.327787727117538,-0.500207245349884,-0.261474579572678,-0.757613956928253
-0.445693403482437,0.167903080582619,0.858200550079346,0.325267404317856,-0.500443458557129,-0.261304378509521,-0.758602440357208
-0.445907831192017,0.168352216482162,0.858523845672607,0.326085537672043,-0.500291168689728,-0.267558217048645,-0.756167769432068
-0.445996761322021,0.169538095593452,0.858597993850708,0.324815630912781,-0.500752627849579,-0.266812801361084,-0.756672143936157
-0.446038812398911,0.170459806919098,0.858810186386108,0.324318945407867,-0.501161098480225,-0.267787963151932,-0.756270110607147
-0.445976614952087,0.171321421861649,0.859046995639801,0.324381738901138,-0.502142906188965,-0.268875449895859,-0.755205273628235
-0.445705443620682,0.172447383403778,0.859153270721436,0.32272258400917,-0.501932501792908,-0.2672338783741,-0.756637275218964
-0.44562041759491,0.172710537910461,0.859538435935974,0.323806375265121,-0.500823676586151,-0.272062212228775,-0.755186915397644
-0.445489943027496,0.173962846398353,0.860127925872803,0.319871187210083,-0.503531754016876,-0.269611150026321,-0.755941867828369
-0.445292353630066,0.174402609467506,0.860150337219238,0.321104824542999,-0.501226842403412,-0.270473718643188,-0.75664222240448
-0.444985866546631,0.175006613135338,0.860422194004059,0.321825176477432,-0.500293850898743,-0.271747291088104,-0.756497144699097
-0.444579780101776,0.175495088100433,0.860773086547852,0.322124540805817,-0.499855935573578,-0.272230297327042,-0.756485641002655
-0.444213271141052,0.176009282469749,0.861070871353149,0.322296649217606,-0.499238193035126,-0.271938323974609,-0.756925106048584
-0.44388410449028,0.176369816064835,0.861340761184692,0.322337627410889,-0.497545838356018,-0.272120922803879,-0.757955729961395
-0.443393796682358,0.177024036645889,0.861976504325867,0.319400191307068,-0.498546332120895,-0.272025436162949,-0.758575856685638
-0.44282329082489,0.177369385957718,0.862417340278625,0.319812685251236,-0.498203009366989,-0.271540433168411,-0.758801400661469
-0.442404866218567,0.177599847316742,0.86273866891861,0.320410668849945,-0.496837764978409,-0.27140599489212,-0.759491980075836
-0.441881060600281,0.177682191133499,0.86280357837677,0.32370126247406,-0.493245303630829,-0.271154165267944,-0.760527491569519
-0.441232085227966,0.178074881434441,0.863030314445496,0.323569238185883,-0.492385983467102,-0.268646121025085,-0.762029051780701
-0.441436529159546,0.178102612495422,0.863574266433716,0.328052282333374,-0.502628326416016,-0.274172097444534,-0.751382768154144
-0.440193057060242,0.177891984581947,0.863887965679169,0.326647907495499,-0.488706886768341,-0.271121263504028,-0.762207329273224
-0.439755201339722,0.178156793117523,0.864568829536438,0.325115203857422,-0.491166472434998,-0.269548833370209,-0.761839270591736
-0.439755201339722,0.178156793117523,0.864568829536438,0.325115203857422,-0.491166472434998,-0.269548833370209,-0.761839270591736
-0.438729524612427,0.178302213549614,0.865959286689758,0.321523219347,-0.491801917552948,-0.269892156124115,-0.762831509113312
-0.43817138671875,0.178071647882461,0.866247415542603,0.323044300079346,-0.489834249019623,-0.269889533519745,-0.763455510139465
-0.437449216842651,0.177393794059753,0.866250932216644,0.327059715986252,-0.485771209001541,-0.270866483449936,-0.763995885848999
-0.436749517917633,0.177113309502602,0.866185963153839,0.3307284116745,-0.482484489679336,-0.269022643566132,-0.765149891376495
-0.436175584793091,0.176596194505692,0.866282403469086,0.333969354629517,-0.480234801769257,-0.26970049738884,-0.764918804168701
-0.435798913240433,0.176211416721344,0.866570353507996,0.33446392416954,-0.4789077937603,-0.269086182117462,-0.765750467777252
-0.435901761054993,0.176110804080963,0.866892695426941,0.33910322189331,-0.490432530641556,-0.26979997754097,-0.756103694438934
-0.434791028499603,0.175451681017876,0.867090165615082,0.336502939462662,-0.477447122335434,-0.267088234424591,-0.766468465328217
-0.434332191944122,0.174922719597816,0.867339670658112,0.337453603744507,-0.47646364569664,-0.266015529632568,-0.767035305500031
-0.434332191944122,0.174922719597816,0.867339670658112,0.337453603744507,-0.47646364569664,-0.266015529632568,-0.767035305500031
-0.433264940977097,0.173763364553452,0.867833733558655,0.33758881688118,-0.476397812366486,-0.265590578317642,-0.767163991928101
-0.433264940977097,0.173763364553452,0.867833733558655,0.33758881688118,-0.476397812366486,-0.265590578317642,-0.767163991928101
-0.432706594467163,0.172780945897102,0.868819117546082,0.334777116775513,-0.479463428258896,-0.2641262114048,-0.766991913318634
-0.432297915220261,0.172080412507057,0.868990004062653,0.334886789321899,-0.47942703962326,-0.262958347797394,-0.767367899417877
-0.431984305381775,0.17132206261158,0.869044661521912,0.336074888706207,-0.479321122169495,-0.261776059865951,-0.767318904399872
-0.431726515293121,0.170597612857819,0.869174063205719,0.337403297424316,-0.480706602334976,-0.260310620069504,-0.766367077827454
-0.431286811828613,0.169722989201546,0.869282960891724,0.33647820353508,-0.478784680366516,-0.260309457778931,-0.767975628376007
-0.430991232395172,0.16895666718483,0.869266867637634,0.336998254060745,-0.479075163602829,-0.259233385324478,-0.767930567264557
-0.430739164352417,0.168080151081085,0.869254767894745,0.33766770362854,-0.478689879179001,-0.25793868303299,-0.768312573432922
-0.430545479059219,0.16722097992897,0.869284391403198,0.337651371955872,-0.47905683517456,-0.257029682397842,-0.768395662307739
-0.43033292889595,0.166364729404449,0.869254171848297,0.338122546672821,-0.479418605566025,-0.25649693608284,-0.768140733242035
-0.430188059806824,0.165509358048439,0.869160890579224,0.338330298662186,-0.478535026311874,-0.254923045635223,-0.769123554229736
-0.430041015148163,0.164634481072426,0.869121670722961,0.337970525026321,-0.479001760482788,-0.254117518663406,-0.769257843494415
-0.429878890514374,0.163619801402092,0.869044423103333,0.338628143072128,-0.47809362411499,-0.254099816083908,-0.769539296627045
-0.4297776222229,0.162792354822159,0.868962466716766,0.338412076234818,-0.478290528059006,-0.253020793199539,-0.769867479801178
-0.429725140333176,0.161951243877411,0.868901908397675,0.339199095964432,-0.480058133602142,-0.250565350055695,-0.769223749637604
-0.429725140333176,0.161951243877411,0.868901908397675,0.339199095964432,-0.480058133602142,-0.250565350055695,-0.769223749637604
-0.429815292358398,0.160255298018456,0.868751525878906,0.340201824903488,-0.483322620391846,-0.246125847101211,-0.768169224262238
-0.429717749357224,0.159331470727921,0.868600964546204,0.338198661804199,-0.482009053230286,-0.247290432453155,-0.769503891468048
-0.429644882678986,0.158503010869026,0.868505835533142,0.339259296655655,-0.482545614242554,-0.245491415262222,-0.769276857376099
-0.429618537425995,0.157798320055008,0.868415832519531,0.339163571596146,-0.48350727558136,-0.243770599365234,-0.769262492656708
-0.429675161838531,0.156949132680893,0.868325591087341,0.338679105043411,-0.484145760536194,-0.244366034865379,-0.768885254859924
-0.429695785045624,0.156161487102508,0.868263959884644,0.339205116033554,-0.48455947637558,-0.242226898670197,-0.769069731235504
-0.429695785045624,0.156161487102508,0.868263959884644,0.339205116033554,-0.48455947637558,-0.242226898670197,-0.769069731235504
-0.429899603128433,0.154822960495949,0.867972254753113,0.338781714439392,-0.485546708106995,-0.240874215960503,-0.769058465957642
-0.429899603128433,0.154822960495949,0.867972254753113,0.338781714439392,-0.485546708106995,-0.240874215960503,-0.769058465957642
-0.430241525173187,0.153511330485344,0.867878198623657,0.338490158319473,-0.486657440662384,-0.238504514098167,-0.769223392009735
-0.43034702539444,0.152865767478943,0.867814302444458,0.338969856500626,-0.487005710601807,-0.237514317035675,-0.769098043441772
-0.430483818054199,0.152346312999725,0.867737174034119,0.338510751724243,-0.488087296485901,-0.23726499080658,-0.768691539764404
-0.430647492408752,0.151920020580292,0.867661714553833,0.337927758693695,-0.48900443315506,-0.236314207315445,-0.768657982349396
-0.430814772844315,0.151396065950394,0.867670655250549,0.338212102651596,-0.489129543304443,-0.234614178538322,-0.768974006175995
-0.431052029132843,0.150999963283539,0.867626070976257,0.336738288402557,-0.489414662122726,-0.233850613236427,-0.769671738147736
-0.431210964918137,0.15056885778904,0.867741703987122,0.336880922317505,-0.491029173135757,-0.233467504382133,-0.768696665763855
-0.431350409984589,0.150283694267273,0.867752134799957,0.336655527353287,-0.491924166679382,-0.232397109270096,-0.768547534942627
-0.431564658880234,0.15006297826767,0.867724061012268,0.335689008235931,-0.493247956037521,-0.231935635209084,-0.768261194229126
-0.431897133588791,0.149772197008133,0.867794871330261,0.336326777935028,-0.495027512311935,-0.229179605841637,-0.767664432525635
-0.432036608457565,0.149541601538658,0.8677818775177,0.334069073200226,-0.493655830621719,-0.229979440569878,-0.769292712211609
-0.432197958230972,0.149423778057098,0.867828965187073,0.33331698179245,-0.494465827941894,-0.229039683938026,-0.769379138946533
-0.432197958230972,0.149423778057098,0.867828965187073,0.33331698179245,-0.494465827941894,-0.229039683938026,-0.769379138946533
-0.432576775550842,0.149374201893806,0.867959380149841,0.332152664661407,-0.496993124485016,-0.227344393730163,-0.768756747245789
-0.432720065116882,0.149406179785728,0.868007302284241,0.33150127530098,-0.497649520635605,-0.226854622364044,-0.768757998943329
-0.432843655347824,0.149496361613274,0.868122577667236,0.330062985420227,-0.498642593622208,-0.226081222295761,-0.768961191177368
-0.432843655347824,0.149496361613274,0.868122577667236,0.330062985420227,-0.498642593622208,-0.226081222295761,-0.768961191177368
-0.43313604593277,0.149847373366356,0.868161499500275,0.328524112701416,-0.499256670475006,-0.225233972072601,-0.76947021484375
-0.433295488357544,0.150122463703155,0.868187189102173,0.327982693910599,-0.499547362327576,-0.224618494510651,-0.769692242145538
-0.433464080095291,0.150347128510475,0.868257701396942,0.326885849237442,-0.499754011631012,-0.224743917584419,-0.769988119602203
-0.4335777759552,0.150653690099716,0.8683140873909,0.326553702354431,-0.500037014484406,-0.225004225969314,-0.769869267940521
-0.433798313140869,0.15100571513176,0.868402123451233,0.326846063137054,-0.501916110515594,-0.223410695791245,-0.768986105918884
-0.433798313140869,0.15100571513176,0.868402123451233,0.326846063137054,-0.501916110515594,-0.223410695791245,-0.768986105918884
-0.433835864067078,0.151845589280128,0.868447303771973,0.324180960655212,-0.500700116157532,-0.226030096411705,-0.770140588283539
-0.433986842632294,0.152326241135597,0.868415832519531,0.323311924934387,-0.500516891479492,-0.225975349545479,-0.770640909671783
-0.434059381484985,0.152798444032669,0.868416726589203,0.322904467582703,-0.500668585300446,-0.22668069601059,-0.770506024360657
-0.434059381484985,0.152798444032669,0.868416726589203,0.322904467582703,-0.500668585300446,-0.22668069601059,-0.770506024360657
-0.434146523475647,0.153855159878731,0.868446707725525,0.321619838476181,-0.500584006309509,-0.228208482265472,-0.770647287368774
-0.434258788824081,0.154397010803223,0.868454456329346,0.321547746658325,-0.500142216682434,-0.22831192612648,-0.770933568477631
-0.434369683265686,0.154967576265335,0.868430733680725,0.320813894271851,-0.499926149845123,-0.229242995381355,-0.771103084087372
-0.434558570384979,0.155499562621117,0.868522584438324,0.321617841720581,-0.50119811296463,-0.228514537215233,-0.770158231258392
-0.435218632221222,0.156297385692596,0.868668138980865,0.325329333543777,-0.515503406524658,-0.228039026260376,-0.759220123291016
-0.434584379196167,0.156658366322517,0.868500351905823,0.320227384567261,-0.500011205673218,-0.231496155261993,-0.770618438720703
-0.43468976020813,0.157245486974716,0.868464469909668,0.319305568933487,-0.499661326408386,-0.232016310095787,-0.771071255207062
-0.434731304645538,0.157899394631386,0.868457436561584,0.319154024124146,-0.500190913677216,-0.233290195465088,-0.770405948162079
-0.434902340173721,0.158392071723938,0.868491291999817,0.318200439214706,-0.499527961015701,-0.234059259295464,-0.770997166633606
-0.435032665729523,0.158918216824531,0.868510007858276,0.318346500396729,-0.499143004417419,-0.234520509839058,-0.771046042442322
-0.435304969549179,0.159424990415573,0.868590235710144,0.318548321723938,-0.500604629516602,-0.234143406152725,-0.770129144191742
-0.435262024402618,0.160036131739616,0.868500828742981,0.317200064659119,-0.499681085348129,-0.236149311065674,-0.770672738552094
-0.435518503189087,0.160514935851097,0.868585109710693,0.317895591259003,-0.501423299312592,-0.235030546784401,-0.769595742225647
-0.435550451278687,0.161017507314682,0.868560314178467,0.316934585571289,-0.499448299407959,-0.236558854579926,-0.770807266235352
-0.435722589492798,0.161421045660973,0.86862850189209,0.316534370183945,-0.499869734048843,-0.237387329339981,-0.770443737506866
-0.435909569263458,0.161804258823395,0.868630886077881,0.315837562084198,-0.499477177858353,-0.238652005791664,-0.770593523979187
-0.436073958873749,0.162160724401474,0.868665158748627,0.315498918294907,-0.499348342418671,-0.239243105053902,-0.77063250541687
-0.436271041631699,0.162595808506012,0.868723690509796,0.315283924341202,-0.499704569578171,-0.239657208323479,-0.770360887050629
-0.436449527740479,0.162914976477623,0.86877578496933,0.315056353807449,-0.500152170658112,-0.240188926458359,-0.769997715950012
-0.436632454395294,0.163264989852905,0.868802070617676,0.314937144517899,-0.500503420829773,-0.239785954356193,-0.769943952560425
-0.436825186014175,0.163559317588806,0.868856430053711,0.314667105674744,-0.500809371471405,-0.239473447203636,-0.769952714443207
-0.437030881643295,0.163816869258881,0.868860304355621,0.31428462266922,-0.501439869403839,-0.240723475813866,-0.76930844783783
-0.437243819236755,0.163981810212135,0.868864417076111,0.314190894365311,-0.50153374671936,-0.240949884057045,-0.769214630126953
-0.437243819236755,0.163981810212135,0.868864417076111,0.314190894365311,-0.50153374671936,-0.240949884057045,-0.769214630126953
-0.437733262777328,0.164261564612389,0.868872702121735,0.313457697629929,-0.502008140087128,-0.240846440196037,-0.76923680305481
-0.438054919242859,0.164374947547913,0.868788003921509,0.312625706195831,-0.501454532146454,-0.240445792675018,-0.770061373710632
-0.438282579183578,0.1644396930933,0.868799328804016,0.312331765890121,-0.501774072647095,-0.240369588136673,-0.769996225833893
-0.4385547041893,0.164518475532532,0.868758082389832,0.312546581029892,-0.502284049987793,-0.240876480937004,-0.769417881965637
-0.438775688409805,0.164534687995911,0.868743598461151,0.312220066785812,-0.50281149148941,-0.240776374936104,-0.769237339496613
-0.438990831375122,0.164519935846329,0.868733763694763,0.312012821435928,-0.503321290016174,-0.240610226988792,-0.769039988517761
-0.439239799976349,0.164423078298569,0.868668437004089,0.312514394521713,-0.503401637077332,-0.240614369511604,-0.768782377243042
-0.439239799976349,0.164423078298569,0.868668437004089,0.312514394521713,-0.503401637077332,-0.240614369511604,-0.768782377243042
-0.439793229103088,0.164208471775055,0.868563175201416,0.31053552031517,-0.504268407821655,-0.239823952317238,-0.769262969493866
-0.440008461475372,0.164096087217331,0.868498980998993,0.310002714395523,-0.505202829837799,-0.240087181329727,-0.768782496452332
-0.440199643373489,0.163954228162766,0.868453979492188,0.30965068936348,-0.505822777748108,-0.239881202578545,-0.768581032752991
-0.440441250801086,0.16376867890358,0.868391871452332,0.309739351272583,-0.506432294845581,-0.239545062184334,-0.768248617649078
-0.440626949071884,0.163519382476807,0.86838972568512,0.30961537361145,-0.507472932338715,-0.239056050777435,-0.767764091491699
-0.440786927938461,0.163248896598816,0.868370771408081,0.309515386819839,-0.508322775363922,-0.23877303302288,-0.767330169677734
-0.441108256578445,0.162950426340103,0.868232727050781,0.308614522218704,-0.508394479751587,-0.238334745168686,-0.767781734466553
-0.441903561353683,0.162819847464561,0.86835378408432,0.312986254692078,-0.522137999534607,-0.235171034932137,-0.757697999477386
-0.441436678171158,0.162309899926186,0.868150353431702,0.308151036500931,-0.509715676307678,-0.237876668572426,-0.767233788967133
-0.441544771194458,0.16197657585144,0.868095695972443,0.307779937982559,-0.510465443134308,-0.237197399139404,-0.767094433307648
-0.441688895225525,0.161633133888245,0.868040144443512,0.307633101940155,-0.511543214321136,-0.236757814884186,-0.76657110452652
-0.441795647144318,0.161195367574692,0.867975294589996,0.308015584945679,-0.511907815933228,-0.236818104982376,-0.766155302524567
-0.441947191953659,0.16077621281147,0.867940545082092,0.307972609996796,-0.512232303619385,-0.236178547143936,-0.76615309715271
-0.442713260650635,0.160502627491951,0.868106722831726,0.312101066112518,-0.52801775932312,-0.232764199376106,-0.754725754261017
-0.442173570394516,0.159861475229263,0.867947816848755,0.308696866035461,-0.514738917350769,-0.233148396015167,-0.765109121799469
-0.442091733217239,0.159453362226486,0.867839694023132,0.308006644248962,-0.514176487922668,-0.233954221010208,-0.765519320964813
-0.442182719707489,0.158861488103866,0.867831885814667,0.306647419929504,-0.514161467552185,-0.234549522399902,-0.765892922878265
-0.442162454128265,0.158397123217583,0.867802858352661,0.306404203176498,-0.514672040939331,-0.234229519963264,-0.765745162963867
-0.442123711109161,0.15792328119278,0.867794275283813,0.306056261062622,-0.515207588672638,-0.233680412173271,-0.765691995620728
-0.442012220621109,0.157423868775368,0.867854356765747,0.306070387363434,-0.516392230987549,-0.232460170984268,-0.765259563922882
-0.442012220621109,0.157423868775368,0.867854356765747,0.306070387363434,-0.516392230987549,-0.232460170984268,-0.765259563922882
-0.441866993904114,0.156347393989563,0.867884278297424,0.305977761745453,-0.517240703105927,-0.230654150247574,-0.765270233154297
-0.441804528236389,0.155815079808235,0.867936968803406,0.30569851398468,-0.517526388168335,-0.230692028999329,-0.765177130699158
-0.441612482070923,0.155220329761505,0.868048548698425,0.305735766887665,-0.51784759759903,-0.229024514555931,-0.765445947647095
-0.441612482070923,0.155220329761505,0.868048548698425,0.305735766887665,-0.51784759759903,-0.229024514555931,-0.765445947647095
-0.441173911094666,0.154238760471344,0.86820650100708,0.304603844881058,-0.519398152828217,-0.227593958377838,-0.765273213386536
-0.441326677799225,0.153590023517609,0.868100643157959,0.301085382699966,-0.518105804920197,-0.228217020630836,-0.767353236675262
-0.440635651350021,0.153072223067284,0.868424296379089,0.305824160575867,-0.520066320896149,-0.225933492183685,-0.764824569225311
-0.440394699573517,0.152599915862083,0.868490695953369,0.305729955434799,-0.520583689212799,-0.224994629621506,-0.764786958694458
-0.440073251724243,0.152200475335121,0.868628621101379,0.304642885923386,-0.521388649940491,-0.224083557724953,-0.764939904212952
-0.439781159162521,0.151672005653381,0.868722319602966,0.304597288370132,-0.521169364452362,-0.223618984222412,-0.765243530273438
-0.439370274543762,0.151121109724045,0.868975281715393,0.303945153951645,-0.522170424461365,-0.222485989332199,-0.765150725841522
-0.439061105251312,0.150618374347687,0.869088649749756,0.30410036444664,-0.521788418292999,-0.221748873591423,-0.765563488006592
-0.438706427812576,0.150197833776474,0.869183599948883,0.303979754447937,-0.522090375423431,-0.221326753497124,-0.765527606010437
-0.438625425100326,0.149714097380638,0.869255185127258,0.299631893634796,-0.520993292331696,-0.219834014773369,-0.768413841724396
-0.438205629587173,0.149283528327942,0.869443297386169,0.299026429653168,-0.52155214548111,-0.219353437423706,-0.768407881259918
-0.437741994857788,0.148768171668053,0.869679927825928,0.298669964075089,-0.521602392196655,-0.218776315450668,-0.768676936626434
-0.437354207038879,0.14835949242115,0.869871914386749,0.298483103513718,-0.521930873394012,-0.217444136738777,-0.768904507160187
-0.436955541372299,0.147918105125427,0.87001371383667,0.298869073390961,-0.521489381790161,-0.216629356145859,-0.769284009933472
-0.436401724815369,0.147604167461395,0.870227515697479,0.297546535730362,-0.522360861301422,-0.215990081429482,-0.769385099411011
-0.435936480760574,0.147173210978508,0.870494306087494,0.296903699636459,-0.522365033626556,-0.216230005025864,-0.769563257694244
-0.435433030128479,0.146766602993011,0.87074738740921,0.297114282846451,-0.521718323230743,-0.214346632361412,-0.770447134971619
-0.434908956289291,0.146509408950806,0.871026039123535,0.296209275722504,-0.522460222244263,-0.213326379656792,-0.770575881004333
-0.434324681758881,0.146202683448792,0.871301054954529,0.295210331678391,-0.522984385490417,-0.213387280702591,-0.770586848258972
-0.43384051322937,0.145817190408707,0.871582567691803,0.295213341712952,-0.52281665802002,-0.212558820843697,-0.770928502082825
-0.433332562446594,0.145522788167,0.871836125850677,0.295419991016388,-0.522676587104797,-0.211445063352585,-0.771250426769257
-0.432744383811951,0.145260572433472,0.872066259384155,0.294810265302658,-0.522842466831207,-0.211177781224251,-0.771444439888
-0.432144314050674,0.144937664270401,0.872410476207733,0.294253587722778,-0.52309912443161,-0.209745138883591,-0.771873831748962
-0.431630969047546,0.144632130861282,0.87265807390213,0.294151276350021,-0.522867619991302,-0.20897051692009,-0.772279679775238
-0.431102871894836,0.144345432519913,0.872928738594055,0.293480336666107,-0.522877991199493,-0.209091976284981,-0.772495031356812
-0.430549472570419,0.144055441021919,0.873196363449097,0.292806148529053,-0.522688865661621,-0.209574550390244,-0.772747874259949
-0.430075705051422,0.143802911043167,0.873465716838837,0.29271012544632,-0.52218097448349,-0.20813550055027,-0.773516297340393
-0.42949315905571,0.143652498722076,0.873794913291931,0.291482627391815,-0.522662937641144,-0.206387728452682,-0.774122357368469
-0.428948700428009,0.143377184867859,0.874138593673706,0.290812999010086,-0.523123383522034,-0.206676468253136,-0.773986220359802
-0.428478538990021,0.143062949180603,0.87446391582489,0.290618807077408,-0.523325681686401,-0.206519141793251,-0.773964464664459
-0.427927374839783,0.142930120229721,0.874812126159668,0.289662271738052,-0.523896872997284,-0.20428629219532,-0.774528861045837
-0.427442342042923,0.142642050981522,0.875189900398254,0.288656383752823,-0.524271130561829,-0.203616544604301,-0.774827420711517
-0.427014917135239,0.142418459057808,0.875481843948364,0.287929356098175,-0.524601995944977,-0.202926337718964,-0.775055110454559
-0.426479578018188,0.142239794135094,0.875870585441589,0.286269724369049,-0.524787604808807,-0.201379477977753,-0.775947153568268
-0.426044076681137,0.141941681504249,0.876311600208282,0.284938365221024,-0.525558292865753,-0.20131579041481,-0.775932133197784
-0.425629436969757,0.141684532165527,0.87669450044632,0.284405440092087,-0.525651335716248,-0.199905827641487,-0.776428997516632
-0.425138562917709,0.141564905643463,0.877118468284607,0.282348662614822,-0.52723240852356,-0.198464453220367,-0.776477336883545
-0.424748241901398,0.141289263963699,0.877568602561951,0.281239658594131,-0.527644157409668,-0.196656122803688,-0.777060091495514
-0.424411594867706,0.141045406460762,0.877970814704895,0.280076652765274,-0.528058469295502,-0.196601942181587,-0.777212262153625
-0.423975050449371,0.14089722931385,0.878494620323181,0.277998507022858,-0.529497504234314,-0.194769158959389,-0.777440905570984
-0.423643738031387,0.140626266598701,0.878950953483582,0.276620268821716,-0.529757678508759,-0.193223804235458,-0.778140485286713
-0.423341035842896,0.140369012951851,0.879450678825378,0.275260537862778,-0.529979705810547,-0.192509114742279,-0.778648555278778
-0.423011362552643,0.140088349580765,0.880092263221741,0.273492425680161,-0.531524240970612,-0.191593632102013,-0.778444468975067
-0.422727286815643,0.139888390898705,0.880600810050964,0.272050350904465,-0.531798660755157,-0.189708143472672,-0.779223799705505
-0.422532796859741,0.139678850769997,0.881101727485657,0.270713210105896,-0.532483518123627,-0.188954144716263,-0.779404997825623
-0.422261446714401,0.139406934380531,0.881744623184204,0.268562376499176,-0.53287398815155,-0.18810710310936,-0.780086696147919
-0.422060549259186,0.139182955026627,0.882358431816101,0.268143445253372,-0.533758401870728,-0.186937540769577,-0.779907524585724
-0.421903103590012,0.13899789750576,0.882975459098816,0.26688140630722,-0.534796714782715,-0.186164423823357,-0.779813826084137
-0.421680569648743,0.138612776994705,0.883708715438843,0.265717267990112,-0.535337150096893,-0.18521910905838,-0.780065655708313
-0.421517103910446,0.138505220413208,0.884428739547729,0.263810038566589,-0.53670072555542,-0.183689534664154,-0.780137598514557
-0.421517103910446,0.138505220413208,0.884428739547729,0.263810038566589,-0.53670072555542,-0.183689534664154,-0.780137598514557
-0.421405345201492,0.138016253709793,0.885928988456726,0.261954337358475,-0.537536919116974,-0.181662976741791,-0.780661642551422
-0.421312302350998,0.137869134545326,0.886705994606018,0.259708642959595,-0.538477540016174,-0.179501533508301,-0.781263530254364
-0.421335846185684,0.137568145990372,0.887545883655548,0.257919371128082,-0.53939813375473,-0.179536893963814,-0.781213045120239
-0.421285659074783,0.137465119361877,0.888373613357544,0.256127446889877,-0.541027128696442,-0.177545875310898,-0.781131148338318
-0.421285659074783,0.137465119361877,0.888373613357544,0.256127446889877,-0.541027128696442,-0.177545875310898,-0.781131148338318
-0.421272575855255,0.136886447668076,0.890191912651062,0.253808796405792,-0.543023109436035,-0.175340101122856,-0.781001269817352
-0.421323508024216,0.136679351329803,0.89116382598877,0.251284033060074,-0.544020235538483,-0.172854915261269,-0.781677424907684
-0.421491533517838,0.136360630393028,0.892035126686096,0.251260936260223,-0.544772267341614,-0.172890767455101,-0.781152963638306
-0.421497672796249,0.136276036500931,0.892971038818359,0.249264135956764,-0.54626190662384,-0.169691503047943,-0.781453967094421
-0.421645045280456,0.136002987623215,0.893874168395996,0.247234970331192,-0.547131657600403,-0.1692273914814,-0.781590700149536
-0.421747446060181,0.135863021016121,0.894856333732605,0.245194435119629,-0.548683166503906,-0.166815146803856,-0.781664490699768
-0.421812742948532,0.135610103607178,0.895818769931793,0.243741124868393,-0.550450444221497,-0.165704473853111,-0.781112432479858
-0.421956121921539,0.135485470294952,0.896786272525787,0.241325527429581,-0.551673650741577,-0.163362592458725,-0.781492710113525
-0.422088146209717,0.135276630520821,0.897730708122253,0.239171892404556,-0.553015947341919,-0.162526398897171,-0.781380474567413
-0.422088146209717,0.135276630520821,0.897730708122253,0.239171892404556,-0.553015947341919,-0.162526398897171,-0.781380474567413
-0.422371000051498,0.134967491030693,0.89959990978241,0.236052826046944,-0.55604875087738,-0.158680453896522,-0.780967116355896
-0.422371000051498,0.134967491030693,0.89959990978241,0.236052826046944,-0.55604875087738,-0.158680453896522,-0.780967116355896
-0.422696232795715,0.134713783860207,0.901477456092834,0.231229662895203,-0.558959722518921,-0.155300214886665,-0.781011402606964
-0.422696232795715,0.134713783860207,0.901477456092834,0.231229662895203,-0.558959722518921,-0.155300214886665,-0.781011402606964
-0.422940820455551,0.134518980979919,0.903470158576965,0.227549239993095,-0.562301874160767,-0.152064114809036,-0.780329823493958
-0.423046171665192,0.134454965591431,0.904510915279388,0.224490895867348,-0.564198970794678,-0.149640560150146,-0.780314743518829
-0.423183441162109,0.134396597743034,0.905498385429382,0.222926929593086,-0.565321803092957,-0.14833191037178,-0.780200302600861
-0.424572169780731,0.134021878242493,0.905759692192078,0.201217919588089,-0.557386040687561,-0.14599671959877,-0.792159914970398
-0.423386365175247,0.134418919682503,0.907490849494934,0.217917799949646,-0.56849992275238,-0.144559934735298,-0.780014276504517
-0.424873232841492,0.134136751294136,0.907777905464172,0.194621250033379,-0.559325516223907,-0.142475426197052,-0.79308158159256
-0.425033181905746,0.134236738085747,0.908644676208496,0.192237287759781,-0.559843301773071,-0.140971913933754,-0.793566107749939
-0.425023823976517,0.134368821978569,0.909771919250488,0.189731985330582,-0.562228381633759,-0.140242025256157,-0.792611658573151
-0.425023823976517,0.134368821978569,0.909771919250488,0.189731985330582,-0.562228381633759,-0.140242025256157,-0.792611658573151
-0.423675775527954,0.134777620434761,0.912753760814667,0.205659508705139,-0.574460566043854,-0.137872964143753,-0.780186057090759
-0.423650056123734,0.134925976395607,0.913844108581543,0.203290224075317,-0.575429260730743,-0.136320114135742,-0.780366063117981
-0.423535317182541,0.135104119777679,0.915033638477325,0.201331660151482,-0.577491581439972,-0.135536760091782,-0.779486238956451
-0.423907846212387,0.135364666581154,0.916192054748535,0.204250365495682,-0.595870494842529,-0.13196986913681,-0.765378415584564
-0.423389345407486,0.135371267795563,0.91711151599884,0.198691383004189,-0.580967366695404,-0.133094131946564,-0.778000354766846
-0.423383682966232,0.135595560073853,0.918185353279114,0.198122441768646,-0.581516563892365,-0.132862433791161,-0.777774810791016
-0.423254638910294,0.135782763361931,0.919268488883972,0.195710122585297,-0.582781374454498,-0.133168041706085,-0.777386546134949
-0.423254638910294,0.135782763361931,0.919268488883972,0.195710122585297,-0.582781374454498,-0.133168041706085,-0.777386546134949
-0.421267747879028,0.135036289691925,0.921498656272888,0.200481474399567,-0.587808072566986,-0.126298755407333,-0.773522853851318
-0.422367453575134,0.136656850576401,0.921534776687622,0.192509308457374,-0.583439469337463,-0.126242145895958,-0.778846263885498
-0.422775566577911,0.136671409010887,0.923145711421967,0.18795557320118,-0.583564698696136,-0.131078958511353,-0.779065728187561
-0.422594755887985,0.136964246630669,0.924174666404724,0.186017379164696,-0.584537506103516,-0.13116480410099,-0.778787076473236
-0.421852320432663,0.137440502643585,0.924336075782776,0.18750336766243,-0.584152638912201,-0.123976677656174,-0.779896140098572
-0.421897351741791,0.137463331222534,0.925386428833008,0.187186166644096,-0.584450423717499,-0.127042844891548,-0.779255509376526
-0.421431988477707,0.137888327240944,0.926169037818909,0.183923691511154,-0.584407329559326,-0.123854421079159,-0.780576825141907
-0.421181380748749,0.138140082359314,0.927029848098755,0.1831344217062,-0.585496783256531,-0.123681396245956,-0.779973328113556
-0.421126961708069,0.138194859027862,0.92795193195343,0.183455169200897,-0.585483610630035,-0.126057863235474,-0.779527187347412
-0.420985728502274,0.13849101960659,0.928370773792267,0.185817569494247,-0.584799945354462,-0.124485574662685,-0.779733419418335
-0.42047905921936,0.138706997036934,0.92959713935852,0.179745525121689,-0.586898446083069,-0.125114917755127,-0.779479324817657
-0.420018255710602,0.138986140489578,0.930673956871033,0.174792096018791,-0.588883101940155,-0.12549202144146,-0.779048323631287
-0.419576495885849,0.13930144906044,0.931390166282654,0.173631459474564,-0.588636159896851,-0.124627634882927,-0.779632985591888
-0.419540703296661,0.139210388064384,0.931639015674591,0.178526386618614,-0.586412250995636,-0.125854834914207,-0.780006170272827
-0.419341385364532,0.139499843120575,0.932181239128113,0.179144635796547,-0.585061013698578,-0.125038832426071,-0.78100973367691
-0.418597102165222,0.140026703476906,0.934354782104492,0.165481969714165,-0.591891348361969,-0.126727670431137,-0.77860164642334
-0.418067038059235,0.140241473913193,0.935067653656006,0.162849083542824,-0.591614186763763,-0.126677930355072,-0.779375076293945
-0.417670905590057,0.140454366803169,0.93567168712616,0.162556394934654,-0.591799199581146,-0.126775428652763,-0.779279947280884
-0.416859865188599,0.140438720583916,0.936673223972321,0.16658478975296,-0.593971431255341,-0.127821445465088,-0.776601016521454
-0.416317403316498,0.140621796250343,0.937321841716766,0.163974910974503,-0.593939125537872,-0.128568887710571,-0.777057647705078
-0.415961056947708,0.140857547521591,0.937879085540772,0.16249506175518,-0.592645764350891,-0.12756758928299,-0.778519749641418
-0.415568292140961,0.140920713543892,0.938587546348572,0.159583821892738,-0.592844843864441,-0.128717720508575,-0.778780937194824
-0.414972513914108,0.141009286046028,0.939161479473114,0.159587904810905,-0.592285513877869,-0.129052668809891,-0.779150247573853
-0.41445317864418,0.141102895140648,0.939792633056641,0.157784312963486,-0.592713713645935,-0.129562810063362,-0.779107272624969
-0.413809418678284,0.140974432229996,0.940280556678772,0.158165097236633,-0.591759383678436,-0.130127906799316,-0.779661118984222
-0.413190513849258,0.140842974185944,0.940968036651611,0.158329635858536,-0.591729760169983,-0.131067723035812,-0.779492795467377
-0.413190513849258,0.140842974185944,0.940968036651611,0.158329635858536,-0.591729760169983,-0.131067723035812,-0.779492795467377
-0.412500351667404,0.140633955597878,0.941994726657867,0.154691472649574,-0.589761316776276,-0.130939066410065,-0.781733453273773
-0.412030667066574,0.141092449426651,0.942589163780212,0.154794305562973,-0.592424929141998,-0.130796670913696,-0.779720425605774
-0.411491632461548,0.140930265188217,0.943047106266022,0.154995784163475,-0.589354276657104,-0.131508350372314,-0.781884551048279
-0.41099426150322,0.14069564640522,0.94358503818512,0.154477477073669,-0.589031398296356,-0.132933974266052,-0.781989336013794
-0.410575866699219,0.140486806631088,0.944040715694428,0.155250862240791,-0.587835550308228,-0.133389502763748,-0.782658159732819
-0.410148650407791,0.140203058719635,0.944561958312988,0.155563309788704,-0.586895942687988,-0.133363604545593,-0.783305466175079
-0.409633964300156,0.13932891190052,0.945242166519165,0.157320290803909,-0.58681982755661,-0.133690893650055,-0.782955765724182
-0.409514933824539,0.139010608196258,0.944247841835022,0.168330639600754,-0.580874800682068,-0.131188601255417,-0.785518229007721
-0.409311711788177,0.139052093029022,0.944490432739258,0.169073298573494,-0.578072905540466,-0.130317732691765,-0.787567973136902
-0.408167868852615,0.138890132308006,0.945794105529785,0.15978841483593,-0.583947598934174,-0.128851175308228,-0.78541100025177
-0.407825767993927,0.137959659099579,0.946456551551819,0.160291329026222,-0.583879888057709,-0.128437429666519,-0.785426557064056
-0.407625675201416,0.138105899095535,0.94689416885376,0.158936262130737,-0.583799958229065,-0.127732023596764,-0.785876333713531
-0.407403200864792,0.137591436505318,0.947356939315796,0.159223288297653,-0.583839535713196,-0.127968803048134,-0.785750210285187
-0.40712633728981,0.136397942900658,0.948004961013794,0.161616235971451,-0.582774937152863,-0.127384155988693,-0.786146938800812
-0.407164961099625,0.136127024888992,0.948048293590546,0.167760744690895,-0.581721305847168,-0.127322465181351,-0.78564989566803
-0.406877905130386,0.135567337274551,0.948621153831482,0.165754765272141,-0.581954538822174,-0.12625777721405,-0.786074638366699
-0.407103478908539,0.135238170623779,0.948919773101807,0.165499553084373,-0.580839872360229,-0.126442715525627,-0.786922633647919
-0.406787008047104,0.13400673866272,0.949587643146515,0.165263772010803,-0.581183016300201,-0.125489518046379,-0.786871314048767
-0.406909376382828,0.133739426732063,0.949838995933533,0.168634831905365,-0.581430733203888,-0.125289067625999,-0.786004602909088
-0.406927764415741,0.133164703845978,0.950161576271057,0.16951958835125,-0.581043243408203,-0.124807871878147,-0.786177337169647
-0.406891494989395,0.13219603896141,0.950488328933716,0.170143157243729,-0.581188380718231,-0.124294593930244,-0.786016643047333
-0.407660961151123,0.131342872977257,0.950724482536316,0.170259118080139,-0.578289926052094,-0.125886484980583,-0.787873864173889
-0.407513707876205,0.130368947982788,0.950987219810486,0.172306835651398,-0.57872861623764,-0.123272053897381,-0.787519931793213
-0.407782644033432,0.130272462964058,0.951042413711548,0.174062490463257,-0.57945990562439,-0.122967317700386,-0.786643207073212
-0.408247798681259,0.129455491900444,0.951309740543366,0.17472493648529,-0.580655932426453,-0.122193768620491,-0.785734534263611
-0.408267050981522,0.128719687461853,0.951436281204224,0.175535023212433,-0.580643773078918,-0.120721660554409,-0.785790503025055
-0.408481270074844,0.127835497260094,0.951600074768066,0.176285400986671,-0.581357896327972,-0.120101071894169,-0.785189270973206
-0.408436179161072,0.126811966300011,0.95183664560318,0.172398135066032,-0.581699848175049,-0.118423439562321,-0.786053538322449
-0.40886715054512,0.126089438796043,0.95185124874115,0.17333972454071,-0.582811772823334,-0.117953024804592,-0.785093009471893
-0.409148812294006,0.125670582056046,0.951882421970367,0.174023121595383,-0.584615349769592,-0.117480285465717,-0.783670425415039
-0.409613102674484,0.124814711511135,0.951789259910584,0.175267651677132,-0.582796812057495,-0.115998849272728,-0.784967184066772
-0.410333424806595,0.124190635979175,0.9515500664711,0.178619280457497,-0.583038091659546,-0.115666069090366,-0.784081041812897
-0.41047614812851,0.123422481119633,0.951665580272675,0.176135778427124,-0.584949195384979,-0.115345299243927,-0.783266425132751
-0.410881251096725,0.122729055583477,0.95154869556427,0.175849243998527,-0.585032165050507,-0.114951327443123,-0.783326685428619
-0.411421477794647,0.122083179652691,0.951390624046326,0.176251143217087,-0.58555281162262,-0.114146634936333,-0.782964944839478
-0.412234455347061,0.121362671256065,0.950972080230713,0.180912405252457,-0.583580136299133,-0.114110492169857,-0.783379793167114
-0.412448704242706,0.120840303599834,0.950951933860779,0.177254617214203,-0.585511803627014,-0.113095261156559,-0.782921731472015
-0.413095086812973,0.120332531630993,0.950737178325653,0.176185071468353,-0.586609184741974,-0.113575249910355,-0.782271802425385
-0.413586258888245,0.119597300887108,0.950535535812378,0.178566664457321,-0.586800932884216,-0.113308534026146,-0.781626403331757
-0.413586258888245,0.119597300887108,0.950535535812378,0.178566664457321,-0.586800932884216,-0.113308534026146,-0.781626403331757
-0.41501396894455,0.118577226996422,0.949925065040588,0.18273039162159,-0.587515234947205,-0.113946951925755,-0.780033051967621
-0.415067046880722,0.118209905922413,0.949903964996338,0.180185154080391,-0.59186178445816,-0.111810386180878,-0.77764481306076
-0.415639400482178,0.11781557649374,0.949583470821381,0.182162061333656,-0.591810286045074,-0.111398361623287,-0.777282476425171
-0.416134297847748,0.117467403411865,0.949337840080261,0.182216092944145,-0.592990279197693,-0.11084745824337,-0.776448845863342
-0.416134297847748,0.117467403411865,0.949337840080261,0.182216092944145,-0.592990279197693,-0.11084745824337,-0.776448845863342
-0.417634963989258,0.116979360580444,0.948377847671509,0.178568318486214,-0.591686189174652,-0.109019920229912,-0.778546988964081
-0.41813525557518,0.116655066609383,0.94809478521347,0.178775578737259,-0.593242168426514,-0.108262196183205,-0.777420341968536
-0.418559312820435,0.116467975080013,0.947839498519898,0.17840164899826,-0.593525648117065,-0.107766695320606,-0.777358710765839
-0.418969362974167,0.116309985518456,0.947561740875244,0.178267404437065,-0.593979716300964,-0.107403613626957,-0.77709287405014
-0.419599860906601,0.116216957569122,0.947145700454712,0.179809167981148,-0.594413578510284,-0.106985166668892,-0.776463449001312
-0.421020478010178,0.116020917892456,0.946261346340179,0.166835948824883,-0.586738169193268,-0.105715215206146,-0.785320699214935
-0.421441286802292,0.115984499454498,0.945923209190369,0.16666430234909,-0.586522042751312,-0.105515547096729,-0.785545229911804
-0.422136574983597,0.116064250469208,0.945383906364441,0.166628390550613,-0.585190176963806,-0.106394961476326,-0.786427080631256
-0.422568917274475,0.116132661700249,0.945033311843872,0.166365295648575,-0.584593951702118,-0.106173880398273,-0.786955952644348
-0.422927528619766,0.116267420351505,0.944700717926025,0.166933938860893,-0.584838926792145,-0.106906548142433,-0.786554336547852
-0.423403739929199,0.116412453353405,0.944243431091309,0.168976590037346,-0.583128273487091,-0.107796385884285,-0.787266492843628
-0.423979699611664,0.116563498973846,0.943709254264832,0.17318220436573,-0.581840872764587,-0.109994120895862,-0.787001013755798
-0.424229592084885,0.116780713200569,0.943383574485779,0.173868492245674,-0.581202268600464,-0.11082648485899,-0.787204682826996
-0.424755781888962,0.116925239562988,0.942999243736267,0.175202965736389,-0.579084575176239,-0.112162478268147,-0.78827953338623
-0.424969166517258,0.117242269217968,0.942674815654755,0.176298782229423,-0.578518688678741,-0.113263711333275,-0.788293242454529
-0.425151884555817,0.117752052843571,0.942227840423584,0.177207425236702,-0.578523516654968,-0.115506209433079,-0.787760376930237
-0.425450265407562,0.118239432573318,0.941826939582825,0.179291814565659,-0.577094614505768,-0.116292513906956,-0.788221061229706
-0.425719380378723,0.11869639903307,0.941370606422424,0.182131201028824,-0.576278924942017,-0.11882945895195,-0.787788391113281
-0.424836307764053,0.11930175870657,0.94152820110321,0.194339126348495,-0.581934928894043,-0.12007262557745,-0.780491292476654
-0.425043225288391,0.119866006076336,0.941124677658081,0.195102617144585,-0.580537617206573,-0.12140878289938,-0.781134426593781
-0.425583690404892,0.120202913880348,0.940560340881348,0.199948742985725,-0.577560126781464,-0.126043245196342,-0.781382143497467
-0.425895750522614,0.120741970837116,0.940117955207825,0.202743247151375,-0.575147390365601,-0.127637311816215,-0.782182514667511
-0.426961898803711,0.120901353657246,0.940482497215271,0.204757809638977,-0.573988258838654,-0.138468399643898,-0.780665278434753
-0.427392601966858,0.121461257338524,0.939974367618561,0.207073912024498,-0.57077968120575,-0.141247823834419,-0.781907975673676
-0.427392601966858,0.121461257338524,0.939974367618561,0.207073912024498,-0.57077968120575,-0.141247823834419,-0.781907975673676
-0.427990525960922,0.12270363420248,0.939090430736542,0.213708713650703,-0.567080318927765,-0.145645335316658,-0.78200775384903
-0.429401308298111,0.123266890645027,0.937998235225678,0.202113285660744,-0.55789041519165,-0.148548930883408,-0.791101515293121
-0.42889016866684,0.123944282531738,0.938056707382202,0.218055307865143,-0.561569213867188,-0.15123625099659,-0.783721625804901
-0.430128067731857,0.12448325753212,0.937196493148804,0.209209382534027,-0.554418504238129,-0.154062494635582,-0.790642976760864
-0.429711133241653,0.125343292951584,0.93719494342804,0.223092883825302,-0.55752432346344,-0.156054437160492,-0.784247040748596
-0.430140614509583,0.126011952757835,0.936729431152344,0.226009398698807,-0.555559098720551,-0.159274652600288,-0.784159064292908
-0.430568933486938,0.126595795154572,0.936250805854797,0.229347318410873,-0.553304970264435,-0.161271557211876,-0.784375488758087
-0.431136637926102,0.127364367246628,0.935730457305908,0.232083097100258,-0.551304459571838,-0.164071723818779,-0.78439873456955
-0.43162015080452,0.128070503473282,0.935291588306427,0.234520092606544,-0.548717796802521,-0.166066750884056,-0.785067439079285
-0.432306736707687,0.128789082169533,0.934697449207306,0.237997442483902,-0.54608017206192,-0.168999850749969,-0.785234212875366
-0.432910948991776,0.129573076963425,0.934151411056519,0.240007504820824,-0.543371796607971,-0.17098194360733,-0.786071836948395
-0.433592200279236,0.130164936184883,0.933589935302734,0.243365719914436,-0.54132068157196,-0.174302488565445,-0.785724937915802
-0.434268325567245,0.130970075726509,0.933016836643219,0.245768502354622,-0.538801908493042,-0.176951706409454,-0.786116063594818
-0.435162097215652,0.131661653518677,0.932369470596314,0.245979577302933,-0.535835981369019,-0.18014033138752,-0.787352204322815
-0.435926616191864,0.132373690605163,0.931764245033264,0.250244319438934,-0.53363162279129,-0.182716831564903,-0.786911487579346
-0.437604308128357,0.133050292730331,0.930656313896179,0.241508468985558,-0.525388240814209,-0.185683786869049,-0.794457376003265
-0.438492089509964,0.133586421608925,0.930145621299744,0.244782090187073,-0.523433208465576,-0.188589856028557,-0.794061243534088
-0.438279896974564,0.134594306349754,0.929978013038635,0.262416571378708,-0.528448760509491,-0.191025525331497,-0.784467220306396
-0.440093666315079,0.135190546512604,0.928774237632752,0.253705948591232,-0.520010113716125,-0.194165498018265,-0.792163252830505
-0.440189599990845,0.136000409722328,0.928570508956909,0.268629342317581,-0.52314293384552,-0.196415171027184,-0.78458970785141
-0.441169023513794,0.136736690998077,0.927870571613312,0.272029429674149,-0.521954655647278,-0.19950233399868,-0.783429801464081
-0.442178755998611,0.137440904974937,0.927144885063171,0.275158494710922,-0.519074261188507,-0.201852142810822,-0.783648908138275
-0.44336998462677,0.138237506151199,0.92626953125,0.278643518686295,-0.517136335372925,-0.204264983534813,-0.783073246479034
-0.444529682397842,0.138858050107956,0.92545211315155,0.282441586256027,-0.514759182929993,-0.207334667444229,-0.782471776008606
-0.445742338895798,0.139615848660469,0.924607276916504,0.285058885812759,-0.512665867805481,-0.209364384412766,-0.78235650062561
-0.446957886219025,0.140357747673988,0.923708081245422,0.287684202194214,-0.509706497192383,-0.2121891528368,-0.782568156719208
-0.448323667049408,0.141080498695374,0.922838807106018,0.290857672691345,-0.508297801017761,-0.215340182185173,-0.781449854373932
-0.449738830327988,0.141800507903099,0.921945571899414,0.294729739427566,-0.507540464401245,-0.216881096363068,-0.78006386756897
-0.450613617897034,0.14251708984375,0.921166777610779,0.301373571157455,-0.505794107913971,-0.219671458005905,-0.77787584066391
-0.452173471450806,0.143254339694977,0.920168399810791,0.303212344646454,-0.50372576713562,-0.222748279571533,-0.777628421783447
-0.453651279211044,0.14403809607029,0.919161975383758,0.306415230035782,-0.502266764640808,-0.225382208824158,-0.776557087898254
-0.455193758010864,0.144706293940544,0.918134391307831,0.309187591075897,-0.49993634223938,-0.228695169091225,-0.77599310874939
-0.45693102478981,0.145542174577713,0.917065858840942,0.311518520116806,-0.498360961675644,-0.23138926923275,-0.77527529001236
-0.458614140748978,0.146335586905479,0.915967881679535,0.313812285661697,-0.496596217155456,-0.234487965703011,-0.774551212787628
-0.460319429636002,0.147040858864784,0.914918780326843,0.317867308855057,-0.495098948478699,-0.237859725952148,-0.772826135158539
-0.460319429636002,0.147040858864784,0.914918780326843,0.317867308855057,-0.495098948478699,-0.237859725952148,-0.772826135158539
-0.463907241821289,0.148553073406219,0.912582993507385,0.322509169578552,-0.491797864437103,-0.244308054447174,-0.770996928215027
-0.465803563594818,0.149338081479072,0.911407053470612,0.325215041637421,-0.49037504196167,-0.247582927346229,-0.769720911979675
-0.465803563594818,0.149338081479072,0.911407053470612,0.325215041637421,-0.49037504196167,-0.247582927346229,-0.769720911979675
-0.470922887325287,0.150659441947937,0.908378183841705,0.31712007522583,-0.482480555772781,-0.256197154521942,-0.77524870634079
-0.472773134708404,0.151543229818344,0.907009065151215,0.320427656173706,-0.481535762548447,-0.259549558162689,-0.773358643054962
-0.474942535161972,0.152197390794754,0.905747711658478,0.322677910327911,-0.479808568954468,-0.26278093457222,-0.772404670715332
-0.476966887712479,0.153127789497375,0.904286980628967,0.325848668813705,-0.478356301784515,-0.266628324985504,-0.770653784275055
-0.479056656360626,0.153912514448166,0.902930498123169,0.328158974647522,-0.477414041757584,-0.270239979028702,-0.768998026847839
-0.479841619729996,0.154486104846001,0.901485919952393,0.349902272224426,-0.476451337337494,-0.272463977336883,-0.759161293506622
-0.482286483049393,0.155678167939186,0.90074098110199,0.347221821546555,-0.479832321405411,-0.275820970535278,-0.757047355175018
-0.484412938356399,0.155892983078957,0.898914575576782,0.353256583213806,-0.475391358137131,-0.28220722079277,-0.754699945449829
-0.48687481880188,0.156685546040535,0.896878123283386,0.359081000089645,-0.470553040504456,-0.283770859241486,-0.754397034645081
-0.490594327449799,0.157040536403656,0.894737541675568,0.347133308649063,-0.465087711811066,-0.291386991739273,-0.760450899600983
-0.493094265460968,0.157861590385437,0.893871307373047,0.344228357076645,-0.467667698860168,-0.298140585422516,-0.757565855979919
-0.495511829853058,0.158532634377479,0.892283916473389,0.34749773144722,-0.466374605894089,-0.301830589771271,-0.755406141281128
-0.496551930904388,0.159579455852508,0.891573131084442,0.364232033491135,-0.47096461057663,-0.303053677082062,-0.744100689888
-0.500421047210693,0.160113498568535,0.889386415481567,0.35301262140274,-0.466136902570724,-0.30922344326973,-0.749986350536346
-0.502772331237793,0.16033348441124,0.88742470741272,0.360045611858368,-0.461557894945145,-0.314841657876968,-0.747132062911987
-0.505518913269043,0.161597907543182,0.886662602424622,0.354443699121475,-0.465952575206757,-0.319027125835419,-0.745305061340332
-0.507893443107605,0.161740154027939,0.884666085243225,0.363262623548508,-0.462564200162888,-0.32213220000267,-0.741825759410858
-0.510567486286163,0.162428200244904,0.883215010166168,0.362503677606583,-0.460788518190384,-0.326986253261566,-0.741178393363953
-0.513342261314392,0.162930682301521,0.882024645805359,0.362472474575043,-0.462502807378769,-0.329232811927795,-0.739128410816193
-0.515849351882935,0.163721039891243,0.880667686462402,0.364551901817322,-0.463100165128708,-0.332048714160919,-0.736467182636261
-0.518396377563477,0.16436442732811,0.879562973976135,0.364754468202591,-0.464624762535095,-0.335270494222641,-0.733942687511444
-0.520932197570801,0.16501097381115,0.878311991691589,0.365825414657593,-0.46391424536705,-0.339030623435974,-0.732129454612732
-0.523599088191986,0.165607914328575,0.877215147018433,0.366298198699951,-0.466155678033829,-0.340867251157761,-0.729612350463867
-0.526376783847809,0.166635528206825,0.876697957515717,0.360253572463989,-0.471925675868988,-0.342711478471756,-0.728047013282776
-0.529055118560791,0.166646897792816,0.87500673532486,0.364477187395096,-0.466940701007843,-0.347180128097534,-0.727041184902191
-0.531582593917847,0.167217656970024,0.873950242996216,0.364241123199463,-0.466337323188782,-0.350952386856079,-0.725734293460846
-0.53389710187912,0.16787089407444,0.87298458814621,0.367170691490173,-0.468964695930481,-0.351857274770737,-0.722118020057678
-0.536510825157166,0.168929383158684,0.872735023498535,0.361421257257461,-0.475737780332565,-0.352903604507446,-0.720074415206909
-0.538835883140564,0.168930679559708,0.87099277973175,0.3682000041008,-0.469746500253677,-0.357019960880279,-0.718542873859406
-0.541509926319122,0.169322833418846,0.870237112045288,0.365994870662689,-0.470587521791458,-0.359969139099121,-0.71764725446701
-0.544006109237671,0.170336380600929,0.869960904121399,0.360482633113861,-0.47623410820961,-0.360392242670059,-0.716499149799347
-0.546310663223267,0.170310810208321,0.868502020835876,0.365903347730637,-0.470267593860626,-0.366497725248337,-0.714592576026917
-0.548334836959839,0.170826435089111,0.867822051048279,0.364305317401886,-0.466026127338409,-0.370621114969253,-0.716059625148773
-0.551177203655243,0.171427339315414,0.867064476013184,0.374857425689697,-0.483134090900421,-0.371888667345047,-0.698399841785431
-0.553382933139801,0.171899825334549,0.866367340087891,0.374631404876709,-0.483573406934738,-0.374325335025787,-0.696913719177246
-0.554898381233215,0.172126680612564,0.865613222122192,0.36673241853714,-0.467091858386993,-0.377688556909561,-0.710411190986633
-0.55706113576889,0.172533437609672,0.864907085895538,0.368607729673386,-0.471236348152161,-0.377683401107788,-0.706696510314941
-0.559080123901367,0.172968983650207,0.864290535449982,0.369021981954575,-0.471966862678528,-0.379585087299347,-0.70497190952301
-0.559241354465485,0.173742115497589,0.864345908164978,0.382701903581619,-0.471018493175507,-0.380858868360519,-0.697586894035339
-0.562757790088654,0.173733249306679,0.863135814666748,0.372769951820373,-0.474048435688019,-0.381187289953232,-0.700726091861725
-0.56506884098053,0.174222722649574,0.862715125083923,0.377039760351181,-0.484214335680008,-0.386696189641953,-0.688362956047058
-0.565972506999969,0.174704760313034,0.862110733985901,0.370724856853485,-0.469212204217911,-0.387818992137909,-0.701426684856415
-0.567517995834351,0.175044447183609,0.861753880977631,0.374396234750748,-0.475537002086639,-0.38553187251091,-0.696460485458374
-0.569292485713959,0.175832614302635,0.861657202243805,0.369887560606003,-0.476595908403397,-0.386500030755997,-0.697608232498169
-0.570571780204773,0.176203697919845,0.861177206039429,0.369188606739044,-0.472917854785919,-0.390246242284775,-0.698395669460297
-0.571828186511993,0.176588028669357,0.860727846622467,0.369756400585175,-0.473334014415741,-0.391467183828354,-0.697128772735596
-0.573678314685822,0.176998004317284,0.860419392585754,0.378229588270187,-0.4885413646698,-0.392480105161667,-0.681343555450439
-0.573678314685822,0.176998004317284,0.860419392585754,0.378229588270187,-0.4885413646698,-0.392480105161667,-0.681343555450439
-0.574984550476074,0.177977338433266,0.859428524971008,0.373933166265488,-0.472735464572906,-0.394105225801468,-0.693812906742096
-0.575770616531372,0.17831563949585,0.859119296073914,0.375219792127609,-0.471306264400482,-0.395269304513931,-0.69342827796936
-0.577069580554962,0.178764134645462,0.858866691589355,0.38376048207283,-0.485650300979614,-0.398019790649414,-0.67709082365036
-0.577258884906769,0.179159641265869,0.858504414558411,0.379444688558578,-0.470402359962463,-0.397066235542297,-0.690711081027985
-0.578502416610718,0.179636836051941,0.858283162117004,0.387668162584305,-0.484745591878891,-0.398771852254867,-0.675067484378815
-0.578270554542542,0.17997570335865,0.857970595359802,0.384589642286301,-0.471326947212219,-0.396999388933182,-0.687265157699585
-0.578270554542542,0.17997570335865,0.857970595359802,0.384589642286301,-0.471326947212219,-0.396999388933182,-0.687265157699585
-0.579146564006805,0.180716440081596,0.857447504997253,0.388975530862808,-0.469682037830353,-0.397848159074783,-0.685429632663727
-0.579426765441895,0.181299716234207,0.857125639915466,0.385994076728821,-0.463190346956253,-0.40274041891098,-0.688667953014374
-0.579623818397522,0.181737184524536,0.856932520866394,0.387664347887039,-0.461574494838715,-0.403586953878403,-0.688318967819214
-0.579749882221222,0.182055428624153,0.856712341308594,0.391418278217316,-0.462284058332443,-0.402485489845276,-0.686360418796539
-0.579904794692993,0.182502076029777,0.856458365917206,0.392619282007217,-0.461364716291428,-0.403499245643616,-0.685697555541992
-0.580018520355225,0.182978227734566,0.856229782104492,0.390810161828995,-0.455908566713333,-0.406810849905014,-0.68841826915741
-0.579859793186188,0.183448016643524,0.856042206287384,0.392792910337448,-0.454161584377289,-0.407329887151718,-0.688137650489807
-0.578473806381226,0.184029310941696,0.856605768203735,0.405014365911484,-0.453668683767319,-0.406580924987793,-0.68179190158844
-0.578269958496094,0.184444084763527,0.856397390365601,0.408288776874542,-0.455021411180496,-0.404906839132309,-0.679931163787842
-0.57797783613205,0.184856921434402,0.856275320053101,0.410099029541016,-0.453561961650848,-0.405856668949127,-0.679250180721283
-0.577556788921356,0.185406059026718,0.856107413768768,0.410131573677063,-0.448644399642944,-0.409018069505691,-0.680598735809326
-0.57724130153656,0.185773819684982,0.855970025062561,0.411393821239471,-0.446910619735718,-0.409530609846115,-0.680669486522675
-0.576789200305939,0.186173036694527,0.85577929019928,0.415138423442841,-0.447799831628799,-0.407911598682404,-0.678781092166901
-0.576318442821503,0.186631754040718,0.855582714080811,0.416356056928635,-0.44588178396225,-0.408229470252991,-0.679106771945953
-0.575834572315216,0.187106847763061,0.855560898780823,0.417385339736938,-0.440486431121826,-0.410723298788071,-0.680490732192993
-0.575212597846985,0.187495931982994,0.855291604995728,0.420709848403931,-0.441507935523987,-0.409398287534714,-0.678577303886414
-0.575212597846985,0.187495931982994,0.855291604995728,0.420709848403931,-0.441507935523987,-0.409398287534714,-0.678577303886414
-0.573989808559418,0.188231468200684,0.854924201965332,0.420360773801804,-0.433409154415131,-0.412640869617462,-0.682041585445404
-0.573289394378662,0.188690990209579,0.85481071472168,0.422785133123398,-0.432238072156906,-0.412517488002777,-0.681360721588135
-0.572588503360748,0.189065843820572,0.854637384414673,0.423395574092865,-0.430048823356628,-0.413942515850067,-0.68150269985199
-0.571783781051636,0.18946248292923,0.854475617408752,0.424926787614822,-0.428076505661011,-0.414373785257339,-0.68152928352356
-0.571077883243561,0.189855962991714,0.854393243789673,0.428430438041687,-0.429059952497482,-0.41269126534462,-0.679735898971558
-0.570292592048645,0.190264403820038,0.854325532913208,0.427847236394882,-0.423557996749878,-0.415327697992325,-0.681944489479065
-0.569598257541656,0.190596789121628,0.854168891906738,0.431209862232208,-0.424926161766052,-0.413702189922333,-0.679960489273071
-0.568722248077393,0.190928652882576,0.854082703590393,0.430789053440094,-0.420271903276443,-0.416171461343765,-0.681611061096191
-0.568002700805664,0.191215485334396,0.854058682918549,0.43220916390419,-0.417510449886322,-0.416971504688263,-0.681920289993286
-0.567091345787048,0.191530406475067,0.853946030139923,0.436228603124618,-0.41837003827095,-0.415181010961533,-0.679923593997955
-0.566317141056061,0.191750317811966,0.853903710842133,0.435261189937591,-0.412745922803879,-0.418096780776977,-0.682190358638763
-0.565543711185455,0.192012339830399,0.853778123855591,0.43681612610817,-0.409912914037704,-0.419009923934937,-0.682344377040863
-0.56467193365097,0.191943451762199,0.853476285934448,0.441064655780792,-0.405348837375641,-0.420714646577835,-0.681288182735443
-0.563902378082275,0.192153081297874,0.853435695171356,0.443009376525879,-0.402526766061783,-0.420526057481766,-0.68181574344635
-0.56317675113678,0.192306324839592,0.853365659713745,0.446558535099029,-0.403780311346054,-0.418927162885666,-0.679740488529205
-0.562540888786316,0.192692369222641,0.853591322898865,0.443139880895615,-0.401751786470413,-0.421433955430984,-0.681627571582794
-0.561700105667114,0.192786857485771,0.853501081466675,0.444939792156219,-0.399245530366898,-0.421603888273239,-0.68182235956192
-0.560745477676392,0.193122997879982,0.852653384208679,0.442164570093155,-0.397377014160156,-0.422927618026733,-0.683896422386169
-0.560125946998596,0.193127900362015,0.852556824684143,0.442552894353867,-0.395976573228836,-0.42312428355217,-0.684335708618164
-0.559441089630127,0.19308990240097,0.85247015953064,0.443102866411209,-0.393432229757309,-0.423289358615875,-0.685344457626343
-0.558859348297119,0.193000763654709,0.852420210838318,0.445872694253922,-0.395051330327988,-0.421737432479858,-0.68357127904892
-0.558358192443848,0.192940548062324,0.852363646030426,0.443899840116501,-0.390591382980347,-0.424580991268158,-0.685654699802399
-0.557988405227661,0.192793637514114,0.853274345397949,0.452057033777237,-0.390562295913696,-0.422395259141922,-0.681680083274841
-0.557405114173889,0.192700371146202,0.853235602378845,0.452443659305573,-0.388672471046448,-0.422206819057465,-0.68261981010437
-0.556844413280487,0.192645147442818,0.85218620300293,0.444265812635422,-0.387457072734833,-0.424156844615936,-0.687456071376801
-0.55649322271347,0.192512482404709,0.852150082588196,0.447299242019653,-0.391281425952911,-0.421426117420196,-0.684998095035553
-0.556030869483948,0.192449972033501,0.852067112922668,0.444391131401062,-0.387450397014618,-0.423505693674088,-0.687780380249023
-0.555610179901123,0.192308634519577,0.852042436599731,0.444884568452835,-0.3879314661026,-0.4228076338768,-0.687619566917419
-0.555234909057617,0.192151397466659,0.851987302303314,0.44476780295372,-0.388334929943085,-0.422602415084839,-0.687593638896942
-0.555033266544342,0.192026883363724,0.853085577487946,0.454208582639694,-0.391022533178329,-0.418507009744644,-0.682383835315704
-0.554476678371429,0.191980391740799,0.852101862430573,0.446582674980164,-0.389940589666367,-0.419462114572525,-0.687431275844574
-0.554122805595398,0.191844046115875,0.852023005485535,0.446440875530243,-0.390666157007217,-0.418679088354111,-0.68758887052536
-0.553878843784332,0.191719472408295,0.851983547210693,0.446464627981186,-0.391536504030228,-0.417623281478882,-0.687720417976379
-0.553694725036621,0.191592842340469,0.851944863796234,0.446154326200485,-0.39227032661438,-0.416862428188324,-0.687965154647827
-0.553501427173615,0.191481351852417,0.851914763450623,0.446060985326767,-0.392962425947189,-0.416162103414536,-0.68805468082428
-0.553501427173615,0.191481351852417,0.851914763450623,0.446060985326767,-0.392962425947189,-0.416162103414536,-0.68805468082428
-0.553155064582825,0.191236436367035,0.851848125457764,0.448745131492615,-0.398198753595352,-0.412709534168243,-0.685373306274414
-0.553029954433441,0.191163942217827,0.851820945739746,0.44861775636673,-0.398862242698669,-0.412264794111252,-0.68533855676651
-0.553303599357605,0.190805196762085,0.852688372135162,0.450326502323151,-0.396462172269821,-0.412129193544388,-0.685691952705383
-0.553226113319397,0.190731033682823,0.852644085884094,0.449997246265411,-0.397064357995987,-0.411803007125854,-0.685755729675293
-0.55316549539566,0.190658077597618,0.852589726448059,0.449414044618607,-0.397616326808929,-0.411627948284149,-0.685923218727112
-0.553117692470551,0.190598800778389,0.852545440196991,0.449062317609787,-0.398168295621872,-0.411462306976318,-0.685932755470276
-0.553087890148163,0.190562233328819,0.852512717247009,0.448656588792801,-0.398748219013214,-0.411333501338959,-0.685938596725464
-0.553058862686157,0.190543413162231,0.852497577667236,0.448619514703751,-0.399385243654251,-0.411075741052628,-0.685746848583221
-0.553051590919495,0.190528273582458,0.852474629878998,0.448205351829529,-0.399924129247665,-0.411011546850204,-0.685742139816284
-0.553059577941895,0.190531924366951,0.852460622787476,0.44756805896759,-0.400430053472519,-0.410999417304993,-0.685870230197906
-0.553059220314026,0.190531209111214,0.852481722831726,0.447226464748383,-0.40094068646431,-0.411162585020065,-0.685697019100189
-0.553072512149811,0.190565049648285,0.852496325969696,0.446875721216202,-0.40144944190979,-0.41110423207283,-0.685662984848022
-0.553089141845703,0.19061616063118,0.852512001991272,0.446449428796768,-0.401822775602341,-0.411087602376938,-0.685732007026672
-0.553116083145142,0.190693154931068,0.852552711963654,0.446014016866684,-0.402293652296066,-0.411069333553314,-0.685750186443329
-0.55314826965332,0.1907729357481,0.852593660354614,0.445422619581222,-0.402520090341568,-0.411177635192871,-0.685936808586121
-0.553108811378479,0.190693527460098,0.852391004562378,0.446853935718536,-0.400567263364792,-0.412138074636459,-0.685572564601898
-0.553229808807373,0.191042691469193,0.852711021900177,0.444645464420319,-0.40330296754837,-0.411413788795471,-0.685839533805847
-0.553261339664459,0.191211700439453,0.852828323841095,0.443882763385773,-0.404460310935974,-0.411933749914169,-0.685339748859406
-0.553322911262512,0.191437155008316,0.852970600128174,0.442744553089142,-0.405355274677277,-0.411656349897385,-0.685713887214661
-0.55338990688324,0.191630765795708,0.853121876716614,0.442205995321274,-0.405862957239151,-0.411635220050812,-0.68577378988266
-0.553493618965149,0.191834211349487,0.853285312652588,0.443706303834915,-0.409212678670883,-0.409440129995346,-0.684126079082489
-0.553513467311859,0.192049652338028,0.853416919708252,0.440848708152771,-0.405605792999268,-0.411811739206314,-0.68669319152832
-0.553543150424957,0.192284613847732,0.853567957878113,0.441054791212082,-0.405831784009933,-0.411778926849365,-0.686447024345398
-0.553561329841614,0.192519962787628,0.853716850280762,0.441026270389557,-0.405940860509872,-0.411942601203918,-0.686302542686462
-0.553597331047058,0.192772775888443,0.853894948959351,0.440859377384186,-0.406319290399551,-0.411901444196701,-0.686210572719574
-0.553659915924072,0.193061903119087,0.854101181030273,0.4402876496315,-0.406819522380829,-0.411890685558319,-0.686287820339203
-0.553718388080597,0.19340118765831,0.854260802268982,0.439471751451492,-0.407152771949768,-0.41167351603508,-0.686743080615997
-0.553757071495056,0.193661227822304,0.854413270950317,0.439319670200348,-0.407202690839767,-0.411784529685974,-0.686744391918182
-0.553757071495056,0.193661227822304,0.854413270950317,0.439319670200348,-0.407202690839767,-0.411784529685974,-0.686744391918182
-0.553808391094208,0.19420325756073,0.854684054851532,0.438100337982178,-0.407126933336258,-0.412562161684036,-0.687101483345032
-0.553831398487091,0.194439888000488,0.854837775230408,0.437404632568359,-0.407195061445236,-0.412940710783005,-0.687276840209961
-0.553831398487091,0.194439888000488,0.854837775230408,0.437404632568359,-0.407195061445236,-0.412940710783005,-0.687276840209961
-0.553869128227234,0.19507497549057,0.855189502239227,0.436206668615341,-0.408205270767212,-0.412818282842636,-0.687512397766113
-0.553877651691437,0.195407792925835,0.855381786823273,0.435303896665573,-0.409131228923798,-0.4126837849617,-0.687614858150482
-0.553903758525848,0.195659250020981,0.855525970458984,0.437025487422943,-0.41207155585289,-0.41081565618515,-0.685883581638336
-0.553918778896332,0.195984661579132,0.855595707893372,0.434457063674927,-0.408576458692551,-0.413669407367706,-0.687888026237488
-0.553942680358887,0.196198970079422,0.85575658082962,0.434145748615265,-0.408495992422104,-0.414524853229523,-0.687617540359497
-0.553952693939209,0.196463897824287,0.855826139450073,0.433370679616928,-0.408221513032913,-0.414815455675125,-0.688094019889832
-0.553983330726624,0.19669783115387,0.855905890464783,0.432857155799866,-0.408197790384293,-0.41538205742836,-0.688089549541473
-0.553986012935638,0.196926668286323,0.856046795845032,0.432383835315704,-0.408653676509857,-0.415806233882904,-0.687860250473022
-0.553959310054779,0.197116166353226,0.856205821037292,0.431980520486832,-0.409173488616943,-0.415990263223648,-0.687693238258362
-0.553958058357239,0.197258248925209,0.856308817863464,0.431661605834961,-0.409272432327271,-0.416344344615936,-0.687620460987091
-0.553924262523651,0.197405740618706,0.856397151947021,0.430747419595718,-0.408990383148193,-0.417433172464371,-0.687701344490051
-0.553891897201538,0.197496488690376,0.856510639190674,0.430375456809998,-0.409197717905045,-0.417854100465774,-0.687555253505707
-0.553849220275879,0.197611659765244,0.856607675552368,0.429836273193359,-0.409629672765732,-0.417846322059631,-0.687640249729156
-0.553745269775391,0.197679713368416,0.856744170188904,0.43012610077858,-0.409968793392181,-0.417214572429657,-0.687640309333801
-0.553674101829529,0.19770784676075,0.856841266155243,0.429807305335998,-0.410325884819031,-0.417385548353195,-0.687522888183594
-0.553560793399811,0.197736471891403,0.856981039047241,0.429177492856979,-0.411233872175217,-0.417452603578568,-0.687333106994629
-0.553461253643036,0.197685331106186,0.857089042663574,0.430743962526321,-0.414322257041931,-0.41564479470253,-0.685591995716095
-0.553339779376984,0.197580307722092,0.857246160507202,0.430374771356583,-0.414912849664688,-0.416212230920792,-0.68512225151062
-0.553146719932556,0.197467774152756,0.857377290725708,0.428055435419083,-0.411911576986313,-0.417806297540665,-0.687412083148956
-0.553006529808044,0.197353348135948,0.85746693611145,0.427696466445923,-0.412262469530106,-0.417660415172577,-0.687513649463654
-0.552833914756775,0.197144284844398,0.857560217380524,0.427339643239975,-0.412499606609344,-0.417927205562591,-0.687431335449219
-0.552538394927979,0.196729332208633,0.857416391372681,0.428794413805008,-0.410440891981125,-0.418671727180481,-0.687304735183716
-0.552411139011383,0.196737334132194,0.857729136943817,0.426294386386871,-0.413386911153793,-0.417535275220871,-0.687785446643829
-0.552113890647888,0.196514934301376,0.85785186290741,0.42568439245224,-0.41440412402153,-0.416983962059021,-0.687885463237762
-0.55190896987915,0.196263819932938,0.857935428619385,0.425455570220947,-0.415329307317734,-0.416209995746612,-0.68793773651123
-0.551690340042114,0.195943757891655,0.858041763305664,0.42512783408165,-0.415994435548782,-0.414856404066086,-0.688556015491486
-0.551307260990143,0.195541903376579,0.858151316642761,0.424637615680695,-0.416386634111404,-0.414602518081665,-0.688774168491364
-0.551050424575806,0.195186093449593,0.858190059661865,0.423772692680359,-0.417050153017044,-0.413869708776474,-0.689346015453339
-0.550739526748657,0.194776505231857,0.858209073543549,0.423027813434601,-0.41806498169899,-0.413430482149124,-0.689452409744263
-0.550324857234955,0.194424495100975,0.858198285102844,0.422336429357529,-0.41953381896019,-0.412361025810242,-0.689624428749084
-0.549934506416321,0.194047719240189,0.858290314674377,0.422160297632217,-0.421752870082855,-0.410465985536575,-0.689509212970734
-0.549526572227478,0.19363896548748,0.858327865600586,0.421588718891144,-0.422951400279999,-0.409621030092239,-0.689627289772034
-0.549526572227478,0.19363896548748,0.858327865600586,0.421588718891144,-0.422951400279999,-0.409621030092239,-0.689627289772034
-0.548514902591705,0.192654803395271,0.858256220817566,0.419960677623749,-0.425608545541763,-0.407904118299484,-0.690003454685211
-0.5497025847435,0.19189316034317,0.857525050640106,0.405805706977844,-0.424505144357681,-0.409335523843765,-0.698256134986877
-0.549140334129333,0.191558375954628,0.857606649398804,0.406065404415131,-0.426318854093552,-0.407778859138489,-0.697910964488983
-0.548524856567383,0.191091239452362,0.857505917549133,0.404853314161301,-0.427572458982468,-0.407108783721924,-0.698239326477051
-0.548625230789185,0.190610975027084,0.857516050338745,0.410648971796036,-0.442626178264618,-0.405586361885071,-0.686257481575012
-0.548090219497681,0.190179646015167,0.857388257980347,0.409590303897858,-0.443627029657364,-0.404517650604248,-0.686874389648438
-0.547372281551361,0.189738094806671,0.857327938079834,0.407936632633209,-0.445174425840378,-0.404004544019699,-0.687159240245819
-0.546722948551178,0.18928562104702,0.857261061668396,0.406583547592163,-0.446956306695938,-0.4030601978302,-0.687359035015106
-0.545915246009827,0.188825190067291,0.857208609580994,0.405843675136566,-0.447893768548965,-0.400954633951187,-0.688416838645935
-0.544408679008484,0.188427641987801,0.857097983360291,0.398956060409546,-0.436002552509308,-0.399404734373093,-0.700865030288696
-0.543391346931458,0.188006117939949,0.857101798057556,0.396772027015686,-0.438553780317307,-0.399057954549789,-0.700710535049438
-0.542283892631531,0.18692621588707,0.856264591217041,0.405119597911835,-0.435283958911896,-0.397169053554535,-0.699044227600098
-0.541346311569214,0.18639525771141,0.856208801269531,0.404367357492447,-0.436278820037842,-0.396375358104706,-0.699310183525085
-0.54022353887558,0.186039328575134,0.85606050491333,0.404114216566086,-0.43724849820137,-0.395495623350143,-0.6993488073349
-0.539136648178101,0.185693651437759,0.855864763259888,0.400573551654816,-0.434730052947998,-0.395788997411728,-0.702781438827515
-0.538129985332489,0.185137197375297,0.855846047401428,0.398841619491577,-0.436105787754059,-0.396123737096786,-0.702725470066071
-0.537136554718018,0.184638828039169,0.855839431285858,0.398492902517319,-0.436838716268539,-0.3934426009655,-0.703973233699799
-0.536115407943726,0.183644786477089,0.855656147003174,0.401582479476929,-0.434533655643463,-0.394864350557327,-0.702847242355347
-0.534816741943359,0.183389648795128,0.855663299560547,0.403307437896729,-0.437690913677216,-0.390935361385345,-0.702096402645111
-0.533353447914124,0.183347389101982,0.855878233909607,0.399798065423965,-0.441866040229797,-0.386626482009888,-0.703872084617615
-0.532237946987152,0.182797819375992,0.856008172035217,0.397934198379517,-0.44277811050415,-0.386016070842743,-0.704689800739288
-0.531017661094666,0.182362765073776,0.85612690448761,0.397323995828628,-0.443661093711853,-0.38460248708725,-0.705251336097717
-0.529679238796234,0.181917428970337,0.856257021427155,0.396856784820557,-0.443972259759903,-0.383526831865311,-0.705904126167297
-0.528180539608002,0.181555792689323,0.856258153915405,0.397874891757965,-0.444091498851776,-0.381203413009643,-0.706514179706573
-0.526759922504425,0.181044921278953,0.856372714042664,0.397643864154816,-0.444377571344376,-0.380216777324677,-0.706996142864227
-0.525444507598877,0.180663794279099,0.856484293937683,0.396760493516922,-0.444474637508392,-0.378385454416275,-0.708412289619446
-0.523897290229797,0.18022358417511,0.856682300567627,0.395923405885696,-0.44574636220932,-0.376801013946533,-0.708925843238831
-0.522400379180908,0.179784089326858,0.856897234916687,0.395204305648804,-0.446133702993393,-0.374991118907928,-0.710042297840118
-0.520922601222992,0.179401770234108,0.857071995735168,0.394259303808212,-0.447244107723236,-0.372820645570755,-0.711011350154877
-0.519416213035583,0.179004460573196,0.857231497764587,0.393269509077072,-0.447078794240951,-0.369950592517853,-0.713159382343292
-0.517877221107483,0.178580164909363,0.857436895370483,0.392535775899887,-0.447736650705338,-0.367803126573563,-0.714260816574097
-0.516461968421936,0.178726240992546,0.858315944671631,0.385218113660812,-0.4545738697052,-0.364721834659576,-0.715505182743073
-0.51472795009613,0.17787566781044,0.857947707176208,0.389043271541595,-0.449557989835739,-0.363497138023376,-0.717225730419159
-0.51311993598938,0.177520632743835,0.858209490776062,0.388077437877655,-0.450544685125351,-0.361540168523788,-0.718118488788605
-0.511545479297638,0.177156552672386,0.858468592166901,0.38706248998642,-0.45125076174736,-0.35934367775917,-0.719324469566345
-0.510014593601227,0.176887407898903,0.858819246292114,0.384894043207169,-0.452087074518204,-0.356127262115479,-0.72155898809433
-0.508426547050476,0.176574379205704,0.859242081642151,0.383697718381882,-0.453207731246948,-0.354089468717575,-0.722495377063751
-0.506673991680145,0.1762825101614,0.859724402427673,0.382384896278381,-0.454377323389053,-0.35223126411438,-0.723364591598511
-0.505029797554016,0.176127329468727,0.860087931156158,0.380883991718292,-0.455350965261459,-0.349892020225525,-0.724678158760071
-0.503419637680054,0.175963640213013,0.860558927059174,0.37968772649765,-0.456497997045517,-0.346606880426407,-0.726161539554596
-0.501677215099335,0.175683602690697,0.861106336116791,0.37883597612381,-0.458673179149628,-0.344040870666504,-0.726455926895142
-0.50011795759201,0.175455614924431,0.861577153205872,0.377528429031372,-0.458569765090942,-0.34162700176239,-0.728338658809662
-0.498685836791992,0.175206661224365,0.862106204032898,0.374350398778915,-0.458571791648865,-0.340127259492874,-0.730675876140594
-0.497053474187851,0.175112307071686,0.862669408321381,0.372552126646042,-0.459238588809967,-0.337355583906174,-0.732458889484406
-0.495384335517883,0.174947366118431,0.863197445869446,0.371228694915771,-0.459253787994385,-0.33566677570343,-0.733895838260651
-0.493470221757889,0.174968168139458,0.863706111907959,0.370796650648117,-0.458290040493011,-0.334311246871948,-0.735333979129791
-0.491800248622894,0.174921691417694,0.864440143108368,0.369641929864883,-0.459324359893799,-0.332104206085205,-0.736269533634186
-0.490119904279709,0.174760341644287,0.86490386724472,0.37056428194046,-0.460307985544205,-0.329957544803619,-0.736156761646271
-0.488633215427399,0.1752068400383,0.866033673286438,0.362748175859451,-0.464106261730194,-0.327583163976669,-0.738720774650574
-0.485472798347473,0.175396993756294,0.867021203041077,0.377706617116928,-0.466014951467514,-0.321748673915863,-0.732560932636261
-0.483798444271088,0.174733951687813,0.867192089557648,0.379798680543899,-0.461437255144119,-0.322608411312103,-0.733997642993927
-0.482443064451218,0.174965158104896,0.868266999721527,0.372413039207458,-0.46553710103035,-0.320595443248749,-0.736072242259979
-0.480877846479416,0.174859061837196,0.868775248527527,0.371067970991135,-0.464846014976501,-0.31871485710144,-0.738002479076385
-0.479300677776337,0.174457117915154,0.868745863437653,0.375426232814789,-0.462404817342758,-0.315048813819885,-0.738905429840088
-0.477819919586182,0.174229502677917,0.869098901748657,0.374737471342087,-0.461555510759354,-0.314369112253189,-0.740074574947357
-0.476449489593506,0.174562186002731,0.87017810344696,0.367837220430374,-0.466307729482651,-0.311676174402237,-0.741694629192352
-0.474960297346115,0.174378335475922,0.87062668800354,0.367330938577652,-0.466021299362183,-0.310480922460556,-0.742626249790192
-0.473345398902893,0.173943653702736,0.870567858219147,0.3707534968853,-0.462064117193222,-0.309905797243118,-0.74363774061203
-0.471917361021042,0.173723727464676,0.870841443538666,0.371070146560669,-0.461084306240082,-0.307814300060272,-0.744955480098724
-0.470583826303482,0.174160063266754,0.871473670005798,0.366172015666962,-0.464414805173874,-0.303330034017563,-0.747146487236023
-0.469280660152435,0.173915296792984,0.872196733951569,0.363527953624725,-0.466041713953018,-0.303197830915451,-0.747478246688843
-0.467896819114685,0.173755273222923,0.872116327285767,0.364910691976547,-0.464095890522003,-0.299884080886841,-0.749349653720856
-0.466633498668671,0.173498243093491,0.872861921787262,0.360917568206787,-0.466659635305405,-0.301376700401306,-0.74909234046936
-0.465447783470154,0.173277467489242,0.873129069805145,0.360158145427704,-0.467319935560226,-0.300097703933716,-0.74955952167511
-0.464249789714813,0.17299935221672,0.873307466506958,0.35896372795105,-0.467305123806,-0.298663944005966,-0.750713646411896
-0.463001847267151,0.17272724211216,0.873526215553284,0.358627736568451,-0.467448055744171,-0.296733915805817,-0.751550078392029
-0.461915999650955,0.172435432672501,0.87372875213623,0.356923788785934,-0.467974126338959,-0.296370208263397,-0.752177178859711
-0.460801064968109,0.172134816646576,0.873545408248901,0.35758039355278,-0.466529667377472,-0.292349249124527,-0.754332959651947
-0.459806174039841,0.171757876873016,0.87414824962616,0.35310360789299,-0.469438970088959,-0.293075650930405,-0.754355132579803
-0.458743065595627,0.171371057629585,0.874329566955566,0.352420181035995,-0.470441788434982,-0.291520595550537,-0.754652559757233
-0.457715421915054,0.170991435647011,0.874458312988281,0.349854499101639,-0.47118467092514,-0.289742797613144,-0.756066083908081
-0.456728875637054,0.16959123313427,0.873727083206177,0.358674943447113,-0.464063942432404,-0.29154235124588,-0.755645513534546
-0.455780327320099,0.169161036610603,0.873844623565674,0.35670667886734,-0.46569636464119,-0.289842575788498,-0.756226539611816
-0.454821646213531,0.169380992650986,0.874234020709991,0.349491119384766,-0.470751881599426,-0.283839583396912,-0.758738338947296
-0.453939110040665,0.168919995427132,0.874445259571075,0.347781479358673,-0.472244292497635,-0.28146630525589,-0.759480178356171
-0.453098475933075,0.168390616774559,0.874614238739014,0.345736265182495,-0.473590135574341,-0.279025495052338,-0.760475993156433
-0.452335208654404,0.16781859099865,0.874726891517639,0.3431596159935,-0.474321097135544,-0.277457058429718,-0.761760234832764
-0.451424717903137,0.167212188243866,0.875052332878113,0.341287612915039,-0.477157175540924,-0.276185303926468,-0.761291980743408
-0.450778931379318,0.166484698653221,0.875564455986023,0.338714212179184,-0.479479342699051,-0.275476068258286,-0.761239409446716
-0.450106382369995,0.166089832782745,0.875828564167023,0.335350930690765,-0.481668949127197,-0.27196678519249,-0.762606620788574
-0.449391841888428,0.165412157773972,0.876124262809753,0.333097219467163,-0.482919096946716,-0.269753336906433,-0.763589382171631
-0.449005782604217,0.164684906601906,0.876228332519531,0.333790779113769,-0.48253470659256,-0.266963720321655,-0.764509379863739
-0.448468208312988,0.164037197828293,0.876760482788086,0.333538979291916,-0.498702168464661,-0.268137127161026,-0.753757536411285
-0.447152554988861,0.162925168871879,0.876914501190186,0.328552275896072,-0.487007349729538,-0.265002846717834,-0.76462459564209
-0.446505069732666,0.161962017416954,0.877133011817932,0.327678620815277,-0.486766338348389,-0.262510687112808,-0.766011297702789
-0.445825695991516,0.161079600453377,0.877361297607422,0.32731905579567,-0.487371385097504,-0.260129243135452,-0.766592562198639
-0.445255279541016,0.160123586654663,0.87760591506958,0.326418787240982,-0.488451302051544,-0.258972257375717,-0.766680896282196
-0.444650739431381,0.15911765396595,0.877754151821136,0.325914949178696,-0.488430947065353,-0.256529927253723,-0.767728567123413
-0.444016873836517,0.158218830823898,0.87802129983902,0.324840545654297,-0.490115374326706,-0.253848940134048,-0.76800137758255
-0.443546056747437,0.157204061746597,0.878312110900879,0.324186265468597,-0.4916552901268,-0.251550167798996,-0.768050074577332
-0.442894011735916,0.156162038445473,0.878419637680054,0.323813945055008,-0.490144222974777,-0.249404489994049,-0.769870519638062
-0.442341923713684,0.155211716890335,0.878685235977173,0.322632014751434,-0.491647750139236,-0.247877225279808,-0.769901216030121
-0.441828638315201,0.154158622026443,0.878797650337219,0.321952611207962,-0.49136620759964,-0.244559183716774,-0.771425127983093
-0.441279172897339,0.153117001056671,0.879004120826721,0.320904016494751,-0.491617679595947,-0.242682039737701,-0.772294104099274
-0.441279172897339,0.153117001056671,0.879004120826721,0.320904016494751,-0.491617679595947,-0.242682039737701,-0.772294104099274
-0.440384298563003,0.151103034615517,0.879331707954407,0.320453375577927,-0.492485672235489,-0.2385124117136,-0.77322655916214
-0.439898610115051,0.150227636098862,0.879428863525391,0.319626480340958,-0.493021875619888,-0.236753433942795,-0.773767530918121
-0.439446628093719,0.149089604616165,0.879643201828003,0.319450557231903,-0.492816656827927,-0.234476432204246,-0.774663805961609
-0.439078360795975,0.148193493485451,0.879726409912109,0.319111704826355,-0.492929518222809,-0.233164757490158,-0.775127410888672
-0.438707590103149,0.14717361330986,0.879872798919678,0.319854855537414,-0.49233865737915,-0.231186226010322,-0.775788903236389
-0.43827623128891,0.146288305521011,0.879998683929443,0.31954038143158,-0.492474019527435,-0.229465901851654,-0.776343166828156
-0.437876999378204,0.145364001393318,0.880160212516785,0.319944798946381,-0.492551684379578,-0.228475719690323,-0.776419401168823
-0.437609910964966,0.144557535648346,0.880272626876831,0.320156544446945,-0.492630809545517,-0.227090656757355,-0.776688158512115
-0.437333256006241,0.143621817231178,0.880379140377045,0.319946497678757,-0.491957008838654,-0.226201519370079,-0.777460932731628
-0.437036126852036,0.142734736204147,0.880444526672363,0.321137577295303,-0.49121630191803,-0.225587412714958,-0.777616620063782
-0.43681389093399,0.142037600278854,0.880514442920685,0.320960968732834,-0.490632206201553,-0.223809033632278,-0.778571605682373
-0.436610490083694,0.141179502010345,0.880644559860229,0.322349429130554,-0.49082687497139,-0.22347266972065,-0.777971565723419
-0.436442941427231,0.140406757593155,0.880618214607239,0.32349893450737,-0.489815145730972,-0.222931727766991,-0.778287410736084
-0.43625807762146,0.139751404523849,0.880680978298187,0.323500514030456,-0.489090800285339,-0.222075968980789,-0.77898645401001
-0.436151266098022,0.139034777879715,0.880810678005219,0.324642062187195,-0.488900899887085,-0.222034111618996,-0.778642594814301
-0.436151266098022,0.139034777879715,0.880810678005219,0.324642062187195,-0.488900899887085,-0.222034111618996,-0.778642594814301
-0.436004430055618,0.137767925858498,0.880825042724609,0.326848328113556,-0.487168908119202,-0.220815271139145,-0.779151618480682
-0.436028003692627,0.137181416153908,0.880857169628143,0.326683193445206,-0.486514657735825,-0.220597818493843,-0.779691159725189
-0.436000496149063,0.136625275015831,0.880897760391235,0.328047305345535,-0.485861271619797,-0.220696330070496,-0.779497981071472
-0.436092585325241,0.136128768324852,0.880963921546936,0.328717440366745,-0.485289126634598,-0.220106333494186,-0.779738783836365
-0.436230301856995,0.135672077536583,0.880951166152954,0.329135149717331,-0.484633564949036,-0.219886228442192,-0.780032455921173
-0.436358958482742,0.135226100683212,0.880949020385742,0.330710560083389,-0.484331667423248,-0.219658255577087,-0.779617667198181
-0.436554670333862,0.134915173053741,0.880977869033813,0.331516623497009,-0.484406143426895,-0.21901623904705,-0.77940970659256
-0.436915934085846,0.134597897529602,0.880966782569885,0.331015944480896,-0.48358565568924,-0.21899525821209,-0.780137538909912
-0.437180697917938,0.134198561310768,0.880946815013885,0.33159989118576,-0.482309877872467,-0.218770116567612,-0.780742168426514
-0.437401950359344,0.133955255150795,0.880988597869873,0.332397937774658,-0.482097893953323,-0.218586057424545,-0.780585408210754
-0.437814176082611,0.13376596570015,0.881001710891724,0.332688510417938,-0.48215702176094,-0.21815413236618,-0.780545830726624
-0.438244789838791,0.133544996380806,0.880975663661957,0.333924293518066,-0.481686115264893,-0.218535929918289,-0.78020191192627
-0.438742458820343,0.133432865142822,0.880988240242004,0.333567917346954,-0.481599152088165,-0.219225019216537,-0.780214786529541
-0.439275830984116,0.133388340473175,0.880962908267975,0.334333837032318,-0.481438666582107,-0.218555390834808,-0.78017383813858
-0.439841568470001,0.133404761552811,0.880931675434113,0.334683626890182,-0.481357663869858,-0.218242436647415,-0.780161499977112
-0.440518081188202,0.133409932255745,0.880837321281433,0.335961878299713,-0.481052875518799,-0.218713566660881,-0.779668092727661
-0.441102683544159,0.133533209562302,0.880878090858459,0.336356818675995,-0.480775356292725,-0.218976020812988,-0.779595196247101
-0.441920340061188,0.133643954992294,0.880808591842651,0.337137967348099,-0.480253845453262,-0.219885632395744,-0.779323101043701
-0.442732989788055,0.133809372782707,0.880799412727356,0.336550801992416,-0.479638695716858,-0.220749214291572,-0.779711484909058
-0.44354784488678,0.134073674678802,0.880814671516418,0.337628483772278,-0.480391383171081,-0.221821397542953,-0.77847695350647
-0.44432133436203,0.134397104382515,0.880733489990234,0.337740838527679,-0.479790896177292,-0.223075777292252,-0.778440177440643
-0.445297598838806,0.134752750396728,0.88067352771759,0.338269799947739,-0.479262381792068,-0.222781971096992,-0.77862012386322
-0.446212381124496,0.135136231780052,0.880582511425018,0.338932812213898,-0.479059040546417,-0.224174976348877,-0.778057038784027
-0.446212381124496,0.135136231780052,0.880582511425018,0.338932812213898,-0.479059040546417,-0.224174976348877,-0.778057038784027
-0.448186278343201,0.136081829667091,0.880282163619995,0.340319931507111,-0.478688180446625,-0.226179733872414,-0.777098953723907
-0.449270308017731,0.136558502912521,0.880197763442993,0.339597314596176,-0.478288978338242,-0.227831140160561,-0.777178525924683
-0.450357556343079,0.137215331196785,0.880024909973145,0.340282529592514,-0.479092508554459,-0.229066550731659,-0.776019811630249
-0.451512396335602,0.137844502925873,0.879862904548645,0.340031057596207,-0.479041963815689,-0.230472087860107,-0.775745093822479
-0.45259091258049,0.138515681028366,0.879599094390869,0.341365963220596,-0.478232771158218,-0.232129380106926,-0.775163769721985
-0.453825205564499,0.139308407902718,0.879328370094299,0.340680629014969,-0.478210002183914,-0.233305692672729,-0.775126099586487
-0.455203771591187,0.14007169008255,0.879158020019531,0.340924590826034,-0.479892611503601,-0.233864054083824,-0.773809492588043
-0.456367164850235,0.140770241618156,0.878818273544312,0.340724468231201,-0.478071242570877,-0.236675798892975,-0.77417004108429
-0.457659065723419,0.141608685255051,0.8785719871521,0.341211318969727,-0.478501349687576,-0.238357126712799,-0.77317351102829
-0.459064036607742,0.142516419291496,0.878281593322754,0.340675473213196,-0.479923367500305,-0.239906460046768,-0.77204841375351
-0.460275828838348,0.143373683094978,0.877899587154388,0.340510666370392,-0.478369027376175,-0.242186546325684,-0.772373795509338
-0.461662471294403,0.144234508275986,0.877646088600159,0.340713262557983,-0.47868424654007,-0.244728103280067,-0.771287322044373
-0.463180422782898,0.145248830318451,0.877251982688904,0.340381652116776,-0.478689700365066,-0.246926203370094,-0.770729660987854
-0.464510053396225,0.146167159080505,0.876960873603821,0.340227246284485,-0.478679478168487,-0.249044716358185,-0.770122230052948
-0.466012984514236,0.147185176610947,0.876624226570129,0.34008264541626,-0.47956508398056,-0.250749200582504,-0.769081294536591
-0.467416286468506,0.148114189505577,0.876334011554718,0.340539634227753,-0.479599803686142,-0.253396838903427,-0.767988860607147
-0.468902409076691,0.14918914437294,0.876028001308441,0.339578866958618,-0.480242848396301,-0.255313009023666,-0.767377555370331
-0.470473527908325,0.150181710720062,0.875645041465759,0.339317321777344,-0.479749083518982,-0.257287681102753,-0.767142534255981
-0.471866488456726,0.151181265711784,0.875391006469727,0.338997513055801,-0.480916798114777,-0.260109484195709,-0.765599548816681
-0.47333762049675,0.152187123894691,0.875065803527832,0.33869606256485,-0.480689018964767,-0.261928796768188,-0.765255808830261
-0.474938333034515,0.15322396159172,0.874762773513794,0.33797487616539,-0.480954855680466,-0.263921111822128,-0.764722943305969
-0.476435720920563,0.15422460436821,0.874473452568054,0.337294816970825,-0.481737077236175,-0.266249775886536,-0.763722896575928
-0.477991640567779,0.15486752986908,0.873376846313477,0.345115423202515,-0.477844387292862,-0.268137902021408,-0.762011885643005
-0.477991640567779,0.15486752986908,0.873376846313477,0.345115423202515,-0.477844387292862,-0.268137902021408,-0.762011885643005
-0.480649560689926,0.156681060791016,0.872629642486572,0.34500840306282,-0.476525604724884,-0.274368137121201,-0.760667204856873
-0.482165038585663,0.157593861222267,0.872359275817871,0.345019459724426,-0.476839751005173,-0.276482582092285,-0.75969922542572
-0.483645617961883,0.15868204832077,0.872703313827515,0.340767115354538,-0.480955600738525,-0.279884606599808,-0.757775843143463
-0.484995871782303,0.15908570587635,0.871699690818787,0.346549242734909,-0.474910050630569,-0.283523947000503,-0.757613480091095
-0.487604975700378,0.159902349114418,0.870783388614655,0.334666520357132,-0.471460700035095,-0.28741118311882,-0.763621687889099
-0.488992542028427,0.16063791513443,0.870496213436127,0.335115909576416,-0.471079617738724,-0.289884477853775,-0.762724280357361
-0.490441739559174,0.161550596356392,0.870275557041168,0.334659606218338,-0.471707195043564,-0.291620343923569,-0.761874675750732
-0.49188232421875,0.162390276789665,0.87005215883255,0.33392995595932,-0.472110897302628,-0.293726801872253,-0.761135101318359
-0.49188232421875,0.162390276789665,0.87005215883255,0.33392995595932,-0.472110897302628,-0.293726801872253,-0.761135101318359
-0.494631409645081,0.164396733045578,0.869467616081238,0.33397051692009,-0.472802370786667,-0.293000757694244,-0.760967969894409
-0.494737565517425,0.16478756070137,0.870208024978638,0.349158346652985,-0.476046591997147,-0.295852363109589,-0.750959157943726
-0.494737565517425,0.16478756070137,0.870208024978638,0.349158346652985,-0.476046591997147,-0.295852363109589,-0.750959157943726
-0.498848736286163,0.165791183710098,0.869404673576355,0.333433419466019,-0.473264753818512,-0.302016735076904,-0.757382690906525
-0.498741239309311,0.16661836206913,0.869965553283691,0.347339898347855,-0.477726072072983,-0.301393240690231,-0.748528599739075
-0.501444220542908,0.166925013065338,0.869341015815735,0.332097977399826,-0.474122405052185,-0.305175393819809,-0.75616592168808
-0.502719163894653,0.167715445160866,0.869240999221802,0.33127224445343,-0.474736392498016,-0.303437411785126,-0.756841957569122
-0.503739058971405,0.168120488524437,0.869271874427795,0.332485765218735,-0.475470721721649,-0.306546658277512,-0.754592597484589
-0.503564953804016,0.169046849012375,0.869913816452026,0.346108287572861,-0.480728149414062,-0.303254038095474,-0.746422529220581
-0.505969643592834,0.169329673051834,0.869270205497742,0.33158078789711,-0.477195471525192,-0.305743873119354,-0.754227697849274
-0.506981313228607,0.169719338417053,0.869314432144165,0.330975323915482,-0.47780367732048,-0.306581676006317,-0.753768384456635
-0.508104860782623,0.169747084379196,0.86945903301239,0.330260306596756,-0.478066682815552,-0.309742510318756,-0.752622127532959
-0.509076595306396,0.170129433274269,0.869410037994385,0.329944908618927,-0.478117197751999,-0.310645461082458,-0.752356112003326
-0.510071814060211,0.170779421925545,0.869480550289154,0.328399240970612,-0.480153083801269,-0.308699101209641,-0.752536952495575
-0.510670602321625,0.171125665307045,0.8694207072258,0.330259919166565,-0.480205506086349,-0.308823972940445,-0.75163745880127
-0.510670602321625,0.171125665307045,0.8694207072258,0.330259919166565,-0.480205506086349,-0.308823972940445,-0.75163745880127
-0.510804712772369,0.171650692820549,0.870210766792297,0.344224542379379,-0.48458793759346,-0.309465378522873,-0.74223655462265
-0.512687504291534,0.17175130546093,0.869532704353333,0.33010396361351,-0.481439858675003,-0.312088787555695,-0.749565064907074
-0.513312578201294,0.172029435634613,0.869629621505737,0.329375386238098,-0.48223614692688,-0.312544018030167,-0.749183833599091
-0.513809561729431,0.172286570072174,0.869660198688507,0.328297287225723,-0.482518196105957,-0.31309512257576,-0.749245345592499
-0.512995958328247,0.172641023993492,0.870270192623138,0.341225773096085,-0.486024051904678,-0.311218380928039,-0.741949379444122
-0.513337850570679,0.172881633043289,0.870241761207581,0.341019093990326,-0.48662531375885,-0.311336994171143,-0.741600453853607
-0.514914870262146,0.172842279076576,0.869616389274597,0.32749530673027,-0.483085930347443,-0.313777655363083,-0.748944878578186
-0.515251040458679,0.172495365142822,0.869466304779053,0.330562084913254,-0.480413615703583,-0.317198187112808,-0.747874855995178
-0.515398621559143,0.172606557607651,0.869462847709656,0.330534338951111,-0.480437576770782,-0.317542254924774,-0.747725784778595
-0.515485405921936,0.172703489661217,0.869446218013763,0.330477029085159,-0.48044615983963,-0.318367600440979,-0.747394442558289
-0.515500783920288,0.173747017979622,0.870270371437073,0.320847272872925,-0.488278210163116,-0.314326494932175,-0.748224794864655
-0.515508055686951,0.173784554004669,0.87021803855896,0.320550262928009,-0.48798656463623,-0.314728766679764,-0.748373329639435
-0.515372455120087,0.17379005253315,0.87021815776825,0.321115016937256,-0.487998694181442,-0.314969480037689,-0.748021841049194
-0.51524031162262,0.173744410276413,0.870185971260071,0.320989847183227,-0.487743407487869,-0.315260469913483,-0.748119473457336
-0.514896273612976,0.173155009746552,0.869439005851746,0.327739536762237,-0.482303023338318,-0.316965669393539,-0.747999668121338
-0.514733135700226,0.172582939267159,0.869284152984619,0.331290245056152,-0.479156404733658,-0.319810032844543,-0.74724668264389
-0.514243006706238,0.172948464751244,0.869360268115997,0.327993780374527,-0.4817014336586,-0.316451132297516,-0.748493552207947
-0.513938426971436,0.17301319539547,0.869337677955627,0.327385246753693,-0.481834948062897,-0.314140170812607,-0.749646604061127
-0.513465166091919,0.172511845827103,0.869334042072296,0.327904909849167,-0.481089204549789,-0.31681415438652,-0.74877268075943
-0.512994885444641,0.172230929136276,0.869220972061157,0.328149229288101,-0.4803446829319,-0.31709212064743,-0.749025821685791
-0.512994885444641,0.172230929136276,0.869220972061157,0.328149229288101,-0.4803446829319,-0.31709212064743,-0.749025821685791
-0.511751294136047,0.171571165323257,0.869210779666901,0.329327136278152,-0.480134576559067,-0.315717875957489,-0.749224126338959
-0.511174917221069,0.171429812908173,0.869220376014709,0.329238295555115,-0.480485826730728,-0.31304195523262,-0.750160276889801
-0.509151458740234,0.171305537223816,0.870066285133362,0.342745721340179,-0.485155761241913,-0.309667974710464,-0.742465555667877
-0.509896576404572,0.170267194509506,0.869370520114899,0.329110026359558,-0.479446351528168,-0.313685923814774,-0.750612437725067
-0.508887588977814,0.169951692223549,0.869343280792236,0.329962760210037,-0.47974106669426,-0.312987178564072,-0.750341475009918
-0.508077383041382,0.169374674558639,0.8694167137146,0.33067375421524,-0.479292720556259,-0.311786264181137,-0.75081467628479
-0.507281899452209,0.169087037444115,0.869462609291077,0.330424338579178,-0.479604542255402,-0.308958560228348,-0.751893579959869
-0.505152761936188,0.168737545609474,0.870203852653503,0.344342648983002,-0.483495265245438,-0.305586814880371,-0.744497954845428
-0.50543600320816,0.167612627148628,0.869600296020508,0.332603752613068,-0.478511214256287,-0.308807015419006,-0.751691520214081
-0.504422187805176,0.167046830058098,0.869712710380554,0.332823246717453,-0.478780627250671,-0.30718457698822,-0.752087414264679
-0.503574669361115,0.166679382324219,0.869725942611694,0.333106249570847,-0.478617668151855,-0.303690940141678,-0.753483414649963
-0.502576947212219,0.165796488523483,0.869888544082642,0.333878636360168,-0.477814763784409,-0.304358035326004,-0.753381907939911
-0.500286936759949,0.165201872587204,0.870734512805939,0.347626060247421,-0.481488406658173,-0.302432149648666,-0.745560109615326
-0.500286936759949,0.165201872587204,0.870734512805939,0.347626060247421,-0.481488406658173,-0.302432149648666,-0.745560109615326
-0.498343527317047,0.164108693599701,0.870951771736145,0.347874373197555,-0.481543660163879,-0.297024607658386,-0.74757981300354
-0.497153103351593,0.163043260574341,0.871193468570709,0.349487006664276,-0.480994641780853,-0.298153758049011,-0.746731221675873
-0.496055394411087,0.162373766303062,0.871323943138123,0.34973868727684,-0.480629026889801,-0.296757012605667,-0.747404873371124
-0.496310591697693,0.161742582917213,0.870860576629639,0.335474491119385,-0.477227210998535,-0.294976323843002,-0.756769478321075
-0.493870794773102,0.160860314965248,0.871751546859741,0.350119352340698,-0.480518817901611,-0.293630510568619,-0.748531341552734
-0.494006544351578,0.159957572817802,0.871277153491974,0.335970371961594,-0.476520627737045,-0.293692737817764,-0.757493674755096
-0.491682767868042,0.159683421254158,0.87214982509613,0.349374890327454,-0.481553733348846,-0.287873804569244,-0.750447750091553
-0.491661369800568,0.158414468169212,0.871491312980652,0.337048232555389,-0.475931465625763,-0.290552377700806,-0.758595407009125
-0.489276528358459,0.157833442091942,0.8724285364151,0.350624620914459,-0.481082588434219,-0.28738921880722,-0.75035285949707
-0.489358305931091,0.156970322132111,0.87187260389328,0.336685836315155,-0.477224200963974,-0.28681081533432,-0.759367704391479
-0.486889690160751,0.156414344906807,0.872665643692017,0.349610865116119,-0.481508105993271,-0.282424449920654,-0.752435088157654
-0.486914753913879,0.156031832098961,0.871923923492432,0.334892868995667,-0.477532148361206,-0.277855515480042,-0.763286530971527
-0.485816895961761,0.155122578144073,0.872369766235352,0.335015922784805,-0.47834587097168,-0.278144389390945,-0.762617409229279
-0.484665334224701,0.15462589263916,0.872599840164185,0.333963125944138,-0.479420006275177,-0.274939566850662,-0.763566315174103
-0.483539044857025,0.153889074921608,0.873002648353577,0.332295089960098,-0.480977922677994,-0.274645388126373,-0.763420104980469
-0.481094300746918,0.153906241059303,0.874376893043518,0.34119725227356,-0.489554613828659,-0.268527507781982,-0.756183683872223
-0.479887008666992,0.153254225850105,0.874486088752747,0.339397400617599,-0.489444762468338,-0.267367005348206,-0.757474839687347
-0.478734731674194,0.152709171175957,0.8746497631073,0.339107781648636,-0.489538729190826,-0.264548122882843,-0.758532762527466
-0.477428257465362,0.152117729187012,0.8749178647995,0.338994860649109,-0.489246159791946,-0.262577027082443,-0.759456396102905
-0.477428257465362,0.152117729187012,0.8749178647995,0.338994860649109,-0.489246159791946,-0.262577027082443,-0.759456396102905
-0.475029528141022,0.15116859972477,0.875248312950134,0.338600248098373,-0.489195317029953,-0.25868883728981,-0.760998129844666
-0.473893940448761,0.150661438703537,0.875405192375183,0.338801145553589,-0.48908406496048,-0.257126092910767,-0.761509537696838
-0.472654044628143,0.150193691253662,0.875605225563049,0.338807314634323,-0.488703817129135,-0.255929112434387,-0.76215386390686
-0.471532225608826,0.149826526641846,0.87581193447113,0.337713658809662,-0.488658845424652,-0.254553109407425,-0.763128280639648
-0.470340669155121,0.149468705058098,0.87604296207428,0.338863670825958,-0.488325595855713,-0.253402173519135,-0.763214886188507
-0.469205677509308,0.1491489559412,0.876272141933441,0.338475495576859,-0.487797141075134,-0.251999258995056,-0.764188945293427
-0.468123137950897,0.148861467838287,0.876470327377319,0.33859971165657,-0.487071216106415,-0.250959068536758,-0.764938831329346
-0.468123137950897,0.148861467838287,0.876470327377319,0.33859971165657,-0.487071216106415,-0.250959068536758,-0.764938831329346
-0.465921193361282,0.148384809494018,0.876870036125183,0.339439660310745,-0.485802054405212,-0.248909741640091,-0.766042530536652
-0.464860916137695,0.148321136832237,0.877045869827271,0.339292824268341,-0.485389113426208,-0.247204840183258,-0.766920745372772
-0.463905423879623,0.148173406720161,0.877236008644104,0.339734047651291,-0.484952807426453,-0.247240647673607,-0.766990005970001
-0.46288251876831,0.148058295249939,0.877460718154907,0.340187251567841,-0.484568774700165,-0.246268942952156,-0.767344355583191
-0.46194726228714,0.147965997457504,0.877627015113831,0.339985013008118,-0.483195781707764,-0.245797947049141,-0.768450081348419
-0.461036562919617,0.147897765040398,0.877796411514282,0.34065705537796,-0.481811195611954,-0.245336666703224,-0.769168853759766
-0.460173070430756,0.147830292582512,0.877992630004883,0.34079185128212,-0.480601996183395,-0.244937554001808,-0.769992411136627
-0.459343492984772,0.147795423865318,0.878198266029358,0.34128075838089,-0.48009443283081,-0.24574701488018,-0.769834518432617
-0.458639353513718,0.147793978452682,0.878355503082275,0.342348009347916,-0.478923797607422,-0.245185524225235,-0.770268797874451
-0.458544492721558,0.147652044892311,0.877795934677124,0.351058632135391,-0.485584586858749,-0.247263252735138,-0.761463224887848
-0.457349359989166,0.147961378097534,0.87861305475235,0.342895746231079,-0.477308392524719,-0.245224773883819,-0.771015048027039
-0.457349359989166,0.147961378097534,0.87861305475235,0.342895746231079,-0.477308392524719,-0.245224773883819,-0.771015048027039
-0.456390678882599,0.148132890462875,0.878956973552704,0.344163209199905,-0.476873964071274,-0.244313046336174,-0.771008491516113
-0.455716878175735,0.148323386907577,0.879020929336548,0.344660371541977,-0.475153207778931,-0.245075911283493,-0.771606385707855
-0.455365985631943,0.148475646972656,0.879108667373657,0.345278561115265,-0.474283695220947,-0.244913697242737,-0.771916508674622
-0.455147236585617,0.148652583360672,0.879216194152832,0.346195787191391,-0.474411219358444,-0.244258880615234,-0.771634757518768
-0.454757571220398,0.148897960782051,0.879238545894623,0.345560103654861,-0.473073750734329,-0.245535254478455,-0.772335410118103
-0.454466223716736,0.149105802178383,0.879305183887482,0.346740961074829,-0.472686529159546,-0.245271101593971,-0.772127091884613
-0.454316884279251,0.149339139461517,0.879292368888855,0.346719890832901,-0.471960455179214,-0.245384737849236,-0.77254456281662
-0.454249978065491,0.149562388658524,0.879321217536926,0.347050338983536,-0.471585005521774,-0.245776265859604,-0.772500932216644
-0.454277962446213,0.149806067347526,0.879331469535828,0.347426652908325,-0.47104674577713,-0.245982259511948,-0.772594630718231
-0.454319447278976,0.150066047906876,0.879333734512329,0.347498059272766,-0.470722824335098,-0.246667206287384,-0.772541582584381
-0.454458624124527,0.150368586182594,0.87932300567627,0.347430974245071,-0.470858365297318,-0.247643053531647,-0.772176921367645
-0.454690605401993,0.150667816400528,0.879284381866455,0.347690284252167,-0.471129149198532,-0.248645350337029,-0.771572649478912
-0.454957991838455,0.151030048727989,0.879219055175781,0.347629636526108,-0.471136599779129,-0.248383238911629,-0.771679878234863
-0.455262392759323,0.151373490691185,0.879144549369812,0.347459107637405,-0.471345365047455,-0.248994946479797,-0.771431922912598
-0.455655544996262,0.151648744940758,0.879134654998779,0.347015291452408,-0.471767038106918,-0.249530375003815,-0.771201014518738
-0.456029713153839,0.152012720704079,0.879041194915771,0.34678927063942,-0.472324550151825,-0.250062137842178,-0.770788967609406
-0.456602990627289,0.152384892106056,0.878892302513123,0.346941441297531,-0.47245243191719,-0.25124916434288,-0.770255982875824
-0.457087874412537,0.152722477912903,0.878773927688599,0.34689199924469,-0.472804307937622,-0.251592427492142,-0.769950270652771
-0.457726448774338,0.153094038367271,0.878625631332397,0.346006810665131,-0.473096132278442,-0.251847565174103,-0.77008581161499
-0.458357572555542,0.15348270535469,0.878525674343109,0.346006721258163,-0.47372180223465,-0.253217279911041,-0.769251644611359
-0.45908522605896,0.15385901927948,0.878305435180664,0.345576584339142,-0.47412958741188,-0.254372477531433,-0.768812596797943
-0.459862232208252,0.154353722929955,0.878145098686218,0.344173043966293,-0.474961221218109,-0.254051238298416,-0.7690349817276
-0.460611790418625,0.154696598649025,0.877939283847809,0.344921112060547,-0.475393772125244,-0.255115240812302,-0.768079698085785
-0.461392462253571,0.155070155858994,0.877765417098999,0.344068855047226,-0.476485937833786,-0.256449788808823,-0.767340481281281
-0.462352901697159,0.15546803176403,0.877506494522095,0.343611240386963,-0.476748466491699,-0.257540285587311,-0.767017245292664
-0.463260024785995,0.155861586332321,0.87729024887085,0.343290090560913,-0.477624595165253,-0.258509933948517,-0.766289353370667
-0.464137583971024,0.156252786517143,0.877080798149109,0.342450439929962,-0.478538930416107,-0.259846419095993,-0.76564222574234
-0.465102434158325,0.156642198562622,0.876772880554199,0.342538297176361,-0.478393346071243,-0.259864449501038,-0.765687763690948
-0.466167628765106,0.157040625810623,0.87650603055954,0.341775476932526,-0.479902029037476,-0.261730164289474,-0.76444810628891
-0.466900706291199,0.156989023089409,0.875571966171265,0.347505241632461,-0.475643783807755,-0.263175815343857,-0.764029979705811
-0.468034446239471,0.157394990324974,0.875261545181274,0.346278548240662,-0.476199239492416,-0.26417002081871,-0.763897716999054
-0.469140470027924,0.157792076468468,0.875346183776855,0.344828248023987,-0.479013919830322,-0.267032563686371,-0.761795818805695
-0.470124840736389,0.158156931400299,0.874674081802368,0.346104621887207,-0.477401167154312,-0.266161859035492,-0.762533664703369
-0.471463859081268,0.159011676907539,0.87497353553772,0.340764999389648,-0.482657492160797,-0.266965597867966,-0.761347770690918
-0.472598075866699,0.159343212842941,0.874611020088196,0.340616434812546,-0.483171731233597,-0.268637984991074,-0.760499358177185
-0.473603338003159,0.159721031785011,0.874319136142731,0.339895576238632,-0.484277755022049,-0.26955446600914,-0.759793639183044
-0.474835127592087,0.160081803798676,0.873863756656647,0.339993923902512,-0.484681457281113,-0.270772933959961,-0.759058773517609
-0.477033287286758,0.160299450159073,0.872968673706055,0.326242566108704,-0.481736034154892,-0.273874580860138,-0.765825748443604
-0.476973950862885,0.160801634192467,0.873248338699341,0.339940875768661,-0.486894279718399,-0.273383527994156,-0.756726920604706
-0.476973950862885,0.160801634192467,0.873248338699341,0.339940875768661,-0.486894279718399,-0.273383527994156,-0.756726920604706
-0.479050576686859,0.160809054970741,0.871731877326965,0.344496816396713,-0.482707142829895,-0.276254057884216,-0.756306529045105
-0.48035079240799,0.161093533039093,0.871226966381073,0.34455880522728,-0.482805371284485,-0.27771270275116,-0.755681097507477
-0.481285065412521,0.160989582538605,0.87098491191864,0.345606118440628,-0.483139663934708,-0.281383186578751,-0.753628551959991
-0.482363283634186,0.161104887723923,0.870499908924103,0.345515817403793,-0.482833117246628,-0.283157229423523,-0.753201961517334
-0.483408153057098,0.161336004734039,0.870025455951691,0.346106648445129,-0.482976794242859,-0.283806383609772,-0.752593874931335
-0.484518647193909,0.161475598812103,0.869705438613892,0.34562274813652,-0.484016478061676,-0.285083889961243,-0.751664936542511
-0.485627889633179,0.161877900362015,0.869288384914398,0.344101697206497,-0.484695255756378,-0.284437298774719,-0.752170264720917
-0.486698687076569,0.162276387214661,0.869284391403198,0.34117841720581,-0.488237261772156,-0.284955322742462,-0.751014053821564
-0.487714827060699,0.162429869174957,0.868903815746307,0.341258138418198,-0.488831549882889,-0.285897493362427,-0.750232815742493
-0.489808768033981,0.161943092942238,0.86780172586441,0.330728262662888,-0.483713269233704,-0.291821479797363,-0.755963325500488
-0.49078643321991,0.161841541528702,0.867279767990112,0.332064390182495,-0.48342353105545,-0.293635606765747,-0.754859626293182
-0.491699159145355,0.161894172430038,0.866916954517365,0.331184983253479,-0.483972102403641,-0.294622302055359,-0.75450998544693
-0.492609292268753,0.161939904093742,0.866571068763733,0.330684959888458,-0.484329104423523,-0.295051902532578,-0.754332304000854
-0.493474125862122,0.161931246519089,0.866228461265564,0.330142021179199,-0.485072821378708,-0.296276569366455,-0.753611922264099
-0.494303464889526,0.161871671676636,0.865929245948792,0.330630838871002,-0.485865980386734,-0.297465294599533,-0.752417385578156
-0.495173454284668,0.16212959587574,0.865584790706635,0.329786896705627,-0.487000912427902,-0.295904129743576,-0.752669513225555
-0.49591389298439,0.16204422712326,0.865324378013611,0.329777032136917,-0.487363249063492,-0.296414911746979,-0.75223833322525
-0.496586799621582,0.161970019340515,0.86505538225174,0.329688996076584,-0.48823356628418,-0.296994596719742,-0.75148344039917
-0.495912611484528,0.161764934659004,0.865507245063782,0.344250172376633,-0.492300659418106,-0.298077285289764,-0.741809904575348
-0.497757911682129,0.161660373210907,0.864545345306396,0.330518335103989,-0.489472836256027,-0.298828482627869,-0.749583601951599
-0.498260915279388,0.161265149712563,0.864339470863342,0.330934226512909,-0.489815980195999,-0.301377415657043,-0.748154103755951
-0.498769044876099,0.16105180978775,0.864074230194092,0.330075800418854,-0.489809572696686,-0.302246600389481,-0.748186886310577
-0.499284327030182,0.160808265209198,0.863790392875671,0.330234229564667,-0.489904433488846,-0.302693009376526,-0.747874319553375
-0.499284327030182,0.160808265209198,0.863790392875671,0.330234229564667,-0.489904433488846,-0.302693009376526,-0.747874319553375
-0.499993562698364,0.160298615694046,0.863351404666901,0.330106109380722,-0.490009129047394,-0.303623557090759,-0.747484922409058
-0.50023478269577,0.159948647022247,0.86312472820282,0.331202566623688,-0.489888340234756,-0.303864896297455,-0.746980965137482
-0.500452935695648,0.159622579813004,0.862994492053986,0.331971108913422,-0.490295857191086,-0.304572612047195,-0.746083676815033
-0.500647962093353,0.159557193517685,0.862743854522705,0.332119554281235,-0.490614265203476,-0.302617937326431,-0.74660336971283
-0.49949437379837,0.159432411193848,0.863301038742065,0.346146285533905,-0.494836986064911,-0.300849288702011,-0.738111793994904
-0.500722110271454,0.158569604158401,0.862595319747925,0.333207219839096,-0.490603238344193,-0.305467337369919,-0.744964003562927
-0.499512761831284,0.158382698893547,0.863187074661255,0.347241818904877,-0.49433958530426,-0.303069531917572,-0.737021386623383
-0.499503970146179,0.157930195331573,0.863137006759644,0.347730398178101,-0.493769943714142,-0.303062677383423,-0.737175703048706
-0.499383211135864,0.157536715269089,0.863110899925232,0.34844559431076,-0.493755728006363,-0.302987188100815,-0.736878395080566
-0.499240279197693,0.157097265124321,0.863049983978271,0.348732262849808,-0.493455857038498,-0.303154706954956,-0.73687481880188
-0.499042183160782,0.156583547592163,0.862981200218201,0.349125862121582,-0.492970407009125,-0.303889065980911,-0.736710846424103
