x,y,z,q0,q1,q2,q3
0.564671277999878,-0.0373864844441413,1.32205617427826,-0.120459541678429,0.123655878007412,0.519041359424591,-0.837134897708893
0.564780533313751,-0.0376408770680427,1.32192814350128,-0.121841415762901,0.122449211776257,0.520392537117004,-0.836272954940796
0.565165877342224,-0.0373738445341587,1.32166767120361,-0.123583935201168,0.118838153779507,0.520214796066284,-0.83664870262146
0.565484642982483,-0.0371769517660141,1.32145822048187,-0.124742791056633,0.117323823273182,0.520981550216675,-0.836213231086731
0.565484642982483,-0.0371769517660141,1.32145822048187,-0.124742791056633,0.117323823273182,0.520981550216675,-0.836213231086731
0.566011488437653,-0.0373270213603973,1.32122945785522,-0.125793471932411,0.115026995539665,0.52229905128479,-0.83555281162262
0.566285133361816,-0.0371323153376579,1.32106864452362,-0.126601442694664,0.110191151499748,0.523441314697266,-0.835367739200592
0.566483736038208,-0.0375452525913715,1.32084035873413,-0.124673880636692,0.113847650587559,0.524636149406433,-0.834417223930359
0.566606223583221,-0.037527211010456,1.32062911987305,-0.126245200634003,0.111559718847275,0.525082468986511,-0.834209263324738
0.566877782344818,-0.0369581393897533,1.32057654857635,-0.128222271800041,0.10915569961071,0.525974631309509,-0.833663463592529
0.567157506942749,-0.0368292666971683,1.32040178775787,-0.12903755903244,0.106980353593826,0.526415109634399,-0.833541631698608
0.56716001033783,-0.0370623059570789,1.32014071941376,-0.12791109085083,0.103587321937084,0.52697879076004,-0.833787620067596
0.567883551120758,-0.0365832448005676,1.32122683525085,-0.130220860242844,0.102851569652557,0.527724504470825,-0.833049237728119
0.568682610988617,-0.0360240191221237,1.32133293151855,-0.133228346705437,0.103952884674072,0.530188798904419,-0.830869317054749
0.568846642971039,-0.0363500081002712,1.32151889801025,-0.131998151540756,0.102649286389351,0.531453967094421,-0.830419301986694
0.568784236907959,-0.0361028723418712,1.32142782211304,-0.130939364433288,0.100134029984474,0.531443893909454,-0.830900371074677
0.569023191928864,-0.0356876514852047,1.32134747505188,-0.131809398531914,0.0940887853503227,0.533104181289673,-0.830405652523041
0.569392502307892,-0.0349563769996166,1.32140982151031,-0.133976802229881,0.0916791036725044,0.533766686916351,-0.829902529716492
0.569221138954163,-0.0353253260254859,1.321368932724,-0.131653547286987,0.0903306379914283,0.535639405250549,-0.829215347766876
0.569785833358765,-0.0348288193345069,1.32129466533661,-0.132542014122009,0.0926803722977638,0.536067724227905,-0.828537464141846
0.569487929344177,-0.0348182320594787,1.32077026367188,-0.131510987877846,0.0920418947935104,0.538019239902496,-0.827507376670837
0.570025622844696,-0.0340803414583206,1.31978833675385,-0.132722407579422,0.0933854430913925,0.539835155010223,-0.825979351997375
0.569978475570679,-0.0334727242588996,1.31853091716766,-0.13213275372982,0.0911476761102676,0.540870487689972,-0.82564651966095
0.570131659507751,-0.0330743491649627,1.31834399700165,-0.131580859422684,0.0896858125925064,0.541790187358856,-0.825291633605957
0.570303320884705,-0.0327752716839313,1.31823289394379,-0.132297158241272,0.0891812443733215,0.544486701488495,-0.823455214500427
0.57049685716629,-0.0321629531681537,1.31818652153015,-0.13190034031868,0.0843539237976074,0.546382188796997,-0.822771668434143
0.570588707923889,-0.0318624973297119,1.31807196140289,-0.131359130144119,0.0835581719875335,0.548652350902557,-0.821427643299103
0.570588707923889,-0.0318624973297119,1.31807196140289,-0.131359130144119,0.0835581719875335,0.548652350902557,-0.821427643299103
0.571246266365051,-0.031215026974678,1.31826746463776,-0.133087813854218,0.0832579359412193,0.551670670509338,-0.819155156612396
0.571201920509338,-0.030862733721733,1.31827998161316,-0.131235793232918,0.0867213681340217,0.555146217346191,-0.816743075847626
0.571241140365601,-0.0304309614002704,1.31823229789734,-0.131200611591339,0.0862848386168479,0.557118952274323,-0.815450668334961
0.571241140365601,-0.0304309614002704,1.31823229789734,-0.131200611591339,0.0862848386168479,0.557118952274323,-0.815450668334961
0.57106477022171,-0.0310177877545356,1.31831431388855,-0.126885756850243,0.0867535099387168,0.559384763240814,-0.814532041549683
0.571257054805756,-0.0299752876162529,1.31822395324707,-0.128061920404434,0.0823354721069336,0.561537623405457,-0.813324391841888
0.571421205997467,-0.0304292198270559,1.31843221187592,-0.125968530774116,0.0856964588165283,0.564394474029541,-0.811324119567871
0.572169840335846,-0.0289757885038852,1.31862032413483,-0.127329587936401,0.0845795050263404,0.568352699279785,-0.808460772037506
0.572373688220978,-0.0288825873285532,1.31907415390015,-0.125976085662842,0.0851184129714965,0.571251928806305,-0.806570589542389
0.57246345281601,-0.0287074819207191,1.31920838356018,-0.125821560621262,0.0894456505775451,0.573026955127716,-0.804865539073944
0.572613596916199,-0.0282795131206512,1.31928205490112,-0.125451385974884,0.0898973867297172,0.575201332569122,-0.803320527076721
0.572828650474548,-0.0277516487985849,1.31930005550385,-0.124357990920544,0.0860745310783386,0.577947437763214,-0.801936984062195
0.572895228862762,-0.0272050891071558,1.31935012340546,-0.123975858092308,0.085733450949192,0.579649448394775,-0.800803601741791
0.572694063186646,-0.0269404575228691,1.31924033164978,-0.12176787853241,0.0858204364776611,0.582129955291748,-0.799332320690155
0.57292914390564,-0.0260184984654188,1.3190803527832,-0.122174568474293,0.0857411548495292,0.583177328109741,-0.798514842987061
0.573936522006989,-0.0252844654023647,1.31964433193207,-0.125171855092049,0.0878516286611557,0.585337102413177,-0.796237707138062
0.573908448219299,-0.0250997617840766,1.3195743560791,-0.124311320483684,0.089891143143177,0.586565852165222,-0.795240163803101
0.574038326740265,-0.0246932208538055,1.31947731971741,-0.122149884700775,0.0871833488345146,0.588926255702972,-0.79413115978241
0.574263274669647,-0.0243782252073287,1.31962764263153,-0.122117944061756,0.0922876000404357,0.590336799621582,-0.792510271072388
0.574602007865906,-0.0237875431776046,1.31965589523315,-0.122356168925762,0.0889736711978912,0.593633353710175,-0.790387332439423
0.574656188488007,-0.0232942793518304,1.31946468353271,-0.12318080663681,0.0886243432760238,0.596315145492554,-0.78827691078186
0.574656188488007,-0.0232942793518304,1.31946468353271,-0.12318080663681,0.0886243432760238,0.596315145492554,-0.78827691078186
0.575431823730469,-0.0226409193128347,1.319464802742,-0.120341077446938,0.0900609269738197,0.599806904792786,-0.785899996757507
0.57560259103775,-0.0227061621844768,1.31948363780975,-0.120097823441029,0.0947413891553878,0.602033197879791,-0.783681511878967
0.57560259103775,-0.0227061621844768,1.31948363780975,-0.120097823441029,0.0947413891553878,0.602033197879791,-0.783681511878967
0.576377213001251,-0.0216929093003273,1.31977713108063,-0.120177417993546,0.0952577963471412,0.605246126651764,-0.781127691268921
0.57681679725647,-0.0208899863064289,1.3195858001709,-0.11984445899725,0.0951878130435943,0.606195628643036,-0.780450820922852
0.576987445354462,-0.0206340923905372,1.3194534778595,-0.119150400161743,0.0957157909870147,0.608986556529999,-0.778316855430603
0.577408015727997,-0.0200118497014045,1.3195503950119,-0.11946427822113,0.0958642438054084,0.61002516746521,-0.777436673641205
0.577471554279327,-0.0195828042924404,1.31938469409943,-0.118214465677738,0.0937299579381942,0.611223340034485,-0.776946604251862
0.578022003173828,-0.0185800045728683,1.31938433647156,-0.11808180809021,0.0909999310970306,0.612564563751221,-0.776234805583954
0.578341245651245,-0.0183564517647027,1.31921207904816,-0.118158675730228,0.093477614223957,0.614334464073181,-0.774528086185455
0.57868504524231,-0.0178197883069515,1.31914401054382,-0.117629863321781,0.0938683822751045,0.615446448326111,-0.773677945137024
0.579102158546448,-0.0167667642235755,1.31933104991913,-0.119526818394661,0.0913995578885078,0.617281794548035,-0.77221941947937
0.579200565814972,-0.0162005238234996,1.31907749176025,-0.117658153176308,0.090605579316616,0.617576122283936,-0.772364497184753
0.579774558544159,-0.016060059890151,1.31918370723724,-0.117105878889561,0.0943630188703537,0.61858457326889,-0.771190702915192
0.580199778079987,-0.0149024836719036,1.31931042671204,-0.118791744112968,0.091623455286026,0.620246648788452,-0.769927144050598
0.580107390880585,-0.0145792812108993,1.31891667842865,-0.116638392210007,0.0908063799142837,0.621241509914398,-0.769550979137421
0.580471634864807,-0.0138983763754367,1.31890118122101,-0.116632781922817,0.0906856432557106,0.621849358081818,-0.7690749168396
0.581033825874329,-0.0135447205975651,1.31895995140076,-0.115348853170872,0.0916076153516769,0.622751235961914,-0.768429338932037
0.581325829029083,-0.0124680902808904,1.31894814968109,-0.11644821614027,0.0907159149646759,0.622643232345581,-0.768456757068634
0.581650674343109,-0.0119151175022125,1.31889665126801,-0.116591773927212,0.0901179611682891,0.623445153236389,-0.767855048179626
0.581693589687347,-0.0117402579635381,1.31861627101898,-0.114637807011604,0.0909756571054458,0.624402403831482,-0.767270088195801
0.581693589687347,-0.0117402579635381,1.31861627101898,-0.114637807011604,0.0909756571054458,0.624402403831482,-0.767270088195801
0.582607567310333,-0.010100370272994,1.31884670257568,-0.11474946141243,0.0913869068026542,0.624055206775665,-0.767486929893494
0.582859575748444,-0.0095524601638317,1.31898856163025,-0.115292705595493,0.0915189608931541,0.625380456447601,-0.766310095787048
0.583229541778564,-0.0090247187763452,1.31888723373413,-0.114796556532383,0.0919974073767662,0.625989615917206,-0.765829861164093
0.583764493465424,-0.0086941067129373,1.3189023733139,-0.113522939383984,0.0932022407650947,0.626614272594452,-0.765363037586212
0.58415812253952,-0.0081691648811101,1.31902956962585,-0.113558880984783,0.0939073860645294,0.626893937587738,-0.765042424201965
0.584198832511902,-0.007419248111546,1.31898212432861,-0.113781727850437,0.0932992845773696,0.626542329788208,-0.765371680259705
0.584791302680969,-0.0072100856341421,1.31908917427063,-0.114128731191158,0.0988225787878036,0.627274215221405,-0.7640261054039
0.584791302680969,-0.0072100856341421,1.31908917427063,-0.114128731191158,0.0988225787878036,0.627274215221405,-0.7640261054039
0.585176467895508,-0.0066890628077089,1.31909143924713,-0.113274477422237,0.0987592115998268,0.628451287746429,-0.763193607330322
0.585201799869537,-0.0058110104873776,1.31888628005981,-0.11276163905859,0.0959783717989921,0.629935562610626,-0.762400269508362
0.58588182926178,-0.0048749186098575,1.3190336227417,-0.11288295686245,0.09661216288805,0.629659414291382,-0.762530386447906
0.586073696613312,-0.005270542576909,1.31898951530457,-0.111443616449833,0.102175928652287,0.630337774753571,-0.761455774307251
0.586352646350861,-0.00408545602113,1.31898939609528,-0.113615147769451,0.101894736289978,0.63031017780304,-0.761195242404938
0.586482405662537,-0.0041708536446094,1.31872498989105,-0.111968189477921,0.10304357111454,0.632108271121979,-0.759792268276215
0.586605489253998,-0.0031679922249168,1.3188511133194,-0.113175727427006,0.0990540981292724,0.632870554924011,-0.759509265422821
0.587132275104523,-0.0023204078897833,1.31880521774292,-0.113062180578709,0.099289059638977,0.632560014724731,-0.759754240512848
0.587131142616272,-0.0025770170614123,1.31865680217743,-0.112350985407829,0.104520104825497,0.633856952190399,-0.758075416088104
0.587549030780792,-0.0014268434606492,1.31868982315063,-0.114284560084343,0.104722648859024,0.63386607170105,-0.757750689983368
0.587885916233063,-0.0015764441341161,1.31871426105499,-0.112791903316975,0.106725506484509,0.635327816009521,-0.75646960735321
0.588017642498016,-0.0006107091903686,1.31873714923859,-0.114178650081158,0.102680467069149,0.636706173419952,-0.755662143230438
0.588420987129211,0.0002937922254204,1.31865918636322,-0.113915950059891,0.102988302707672,0.636914551258087,-0.755484342575073
0.588748037815094,2.95364297926426e-05,1.31871831417084,-0.112510226666927,0.108850300312042,0.63694304227829,-0.754848837852478
0.589110910892487,0.0009891232475638,1.3187552690506,-0.113868251442909,0.108702190220356,0.637119650840759,-0.754517376422882
0.589374482631683,0.0017530368641018,1.31868600845337,-0.113817729055882,0.104724504053593,0.638611078262329,-0.753826320171356
0.589530229568481,0.0014468771405518,1.31855833530426,-0.112740606069565,0.110320553183556,0.639262557029724,-0.752636969089508
0.589866578578949,0.0022676312364637,1.31871366500854,-0.113850139081478,0.106869831681251,0.639866173267365,-0.752454817295074
0.590013206005096,0.0029445420950651,1.3187803030014,-0.114428646862507,0.107258431613445,0.640402615070343,-0.751855134963989
0.590224146842957,0.0035167089663445,1.31859731674194,-0.114583380520344,0.108974918723106,0.639664113521576,-0.752213299274445
0.590449213981628,0.0035173194482922,1.31846642494202,-0.112964235246181,0.112395517528057,0.640274405479431,-0.751435339450836
0.59082955121994,0.0039416253566741,1.31861281394958,-0.11341442912817,0.11286886036396,0.641015410423279,-0.750664472579956
0.59106969833374,0.0044395183213055,1.31861937046051,-0.113472260534763,0.113446600735188,0.641509473323822,-0.750146329402924
0.591231226921082,0.0051202494651079,1.31852674484253,-0.113132752478123,0.109320931136608,0.642954230308533,-0.749573111534119
0.591231226921082,0.0051202494651079,1.31852674484253,-0.113132752478123,0.109320931136608,0.642954230308533,-0.749573111534119
0.591601312160492,0.0055487458594143,1.3184472322464,-0.113956369459629,0.115869514644146,0.644385814666748,-0.747231602668762
0.591848313808441,0.0062677809037268,1.31840419769287,-0.114125020802021,0.111650295555591,0.645001649856567,-0.747316956520081
0.591875553131104,0.0066017797216773,1.31825697422028,-0.114629901945591,0.115942239761352,0.644447565078735,-0.747064113616943
0.59203565120697,0.0073646060191094,1.3182692527771,-0.11481649428606,0.111360415816307,0.645170569419861,-0.747108459472656
0.592248558998108,0.0073854429647326,1.31833004951477,-0.114925920963287,0.116813860833645,0.645127296447754,-0.746295750141144
0.592529714107513,0.0076526482589542,1.31827473640442,-0.115146592259407,0.118091970682144,0.64563250541687,-0.745623350143433
0.592762529850006,0.0088115278631448,1.31840431690216,-0.116996519267559,0.117338143289089,0.644844710826874,-0.746135950088501
0.592784285545349,0.0091692358255386,1.31833410263062,-0.116826809942722,0.117146819829941,0.645055949687958,-0.74601012468338
0.592755019664764,0.0096236318349838,1.31820917129517,-0.116721332073212,0.116594962775707,0.645123898983002,-0.746054291725159
0.593035519123077,0.0093692690134048,1.31837058067322,-0.115767195820808,0.118549257516861,0.645778894424438,-0.745327949523926
0.593274533748627,0.0102638639509677,1.31839907169342,-0.115424886345863,0.112819783389568,0.644371747970581,-0.747485160827637
0.593274533748627,0.0102638639509677,1.31839907169342,-0.115424886345863,0.112819783389568,0.644371747970581,-0.747485160827637
0.593385636806488,0.0107681006193161,1.31837952136993,-0.11673678457737,0.116540350019932,0.644759118556976,-0.746375739574432
0.593470692634583,0.0110488776117563,1.31822204589844,-0.116767406463623,0.116833992302418,0.644873738288879,-0.746226012706757
0.593621373176575,0.0113251153379678,1.31837439537048,-0.117374300956726,0.119337171316147,0.644522368907928,-0.746038198471069
0.593711137771606,0.0116006750613451,1.31839966773987,-0.117479622364044,0.119815453886986,0.644470989704132,-0.745989382266998
0.593794047832489,0.0118910754099488,1.31840145587921,-0.117548756301403,0.119710862636566,0.644406080245972,-0.74605131149292
0.593833267688751,0.0121916104108095,1.31838726997375,-0.117685191333294,0.11966123431921,0.644189953804016,-0.746224284172058
0.593787729740143,0.0124980853870511,1.31822204589844,-0.117549151182175,0.119443468749523,0.643542766571045,-0.746838808059692
0.593996286392212,0.0127093009650707,1.31835603713989,-0.118260025978088,0.119986727833748,0.643701374530792,-0.746502757072449
0.594025015830994,0.0131802605465054,1.31815600395203,-0.118193410336971,0.115294501185417,0.644409537315369,-0.746641755104065
0.594010412693024,0.0136281736195087,1.31831240653992,-0.119509570300579,0.115306325256824,0.643900573253632,-0.746869444847107
0.593973696231842,0.0137130543589591,1.31825864315033,-0.119131915271282,0.115550093352795,0.643865048885345,-0.746922850608826
0.594127058982849,0.0135106416419148,1.31823647022247,-0.11864623427391,0.12081391364336,0.643169820308685,-0.746766149997711
0.594229519367218,0.0137442136183381,1.31826865673065,-0.119120746850967,0.121010109782219,0.64306902885437,-0.746745765209198
0.59432065486908,0.0144610181450843,1.31832313537598,-0.12087307870388,0.120264619588852,0.642254650592804,-0.747285127639771
0.594365477561951,0.0146082965657114,1.31829762458801,-0.12114392966032,0.12040801346302,0.64207535982132,-0.747372269630432
0.594325959682465,0.014648669399321,1.31822228431702,-0.121055796742439,0.120488248765469,0.641898095607758,-0.747525930404663
0.594293534755707,0.0149246966466307,1.31811118125916,-0.121341332793236,0.120292738080025,0.641074776649475,-0.748217344284058
0.594356060028076,0.0149196553975343,1.31818890571594,-0.122439794242382,0.120342493057251,0.641153752803802,-0.747962594032288
0.594396412372589,0.0150258745998144,1.31808483600616,-0.122603163123131,0.12033274769783,0.640606224536896,-0.74840635061264
0.594327807426453,0.0150939850136637,1.31800663471222,-0.122122928500175,0.118558570742607,0.639971196651459,-0.749310910701752
0.594304978847504,0.0147737525403499,1.31810832023621,-0.121327079832554,0.119408823549747,0.639973998069763,-0.749302864074707
0.594421565532684,0.0155084580183029,1.31814074516296,-0.122405342757702,0.11645844578743,0.640141069889069,-0.749449074268341
0.59448230266571,0.0156781505793333,1.318199634552,-0.123142808675766,0.116279304027557,0.639566481113434,-0.749846458435059
0.594484567642212,0.0157514661550521,1.31818234920502,-0.123357355594635,0.116453938186169,0.639067411422729,-0.750209450721741
0.594491422176361,0.0160228535532951,1.31822121143341,-0.125146433711052,0.116399079561234,0.638472616672516,-0.750428140163422
0.594338834285736,0.0159495379775762,1.31803917884827,-0.125129535794258,0.116070374846458,0.638197839260101,-0.750715613365173
0.594154000282288,0.0153502514585852,1.31790518760681,-0.12358932197094,0.116784833371639,0.638434290885925,-0.750658750534058
0.594213962554932,0.0152421407401561,1.31794714927673,-0.123736932873726,0.117218166589737,0.638170123100281,-0.750791370868683
0.594324469566345,0.0159342512488365,1.31795692443848,-0.125716134905815,0.116452366113663,0.636484265327454,-0.752012073993683
0.594339907169342,0.0159263536334037,1.31785953044891,-0.126079872250557,0.116386100649834,0.635920643806458,-0.752438187599182
0.594328165054321,0.015881048515439,1.31785786151886,-0.126075357198715,0.11641600728035,0.635448575019836,-0.75283294916153
0.594107151031494,0.0153637621551752,1.31795370578766,-0.124610915780067,0.116979978978634,0.635497868061066,-0.752947747707367
0.59429007768631,0.0149993561208248,1.31800436973572,-0.12364399433136,0.117910452187061,0.635141372680664,-0.753262877464294
0.594184756278992,0.0151198245584964,1.31791853904724,-0.124000549316406,0.117499627172947,0.634454369544983,-0.753847122192383
0.594161093235016,0.0150267574936151,1.31789016723633,-0.124077446758747,0.117786154150963,0.634207844734192,-0.753997147083282
0.594131469726562,0.0149442581459879,1.31788969039917,-0.124311588704586,0.117973774671554,0.633820533752441,-0.754254817962646
0.594220995903015,0.0150275500491261,1.31782782077789,-0.126027286052704,0.122269585728645,0.632557570934296,-0.754346191883087
0.594037771224976,0.0144546283408999,1.31789147853851,-0.124952487647533,0.123074285686016,0.632874131202698,-0.754128634929657
0.59398877620697,0.0142688518390059,1.31793701648712,-0.124718300998211,0.123147025704384,0.632529139518738,-0.754444897174835
0.593960642814636,0.0141899408772587,1.31793117523193,-0.124952509999275,0.123187534511089,0.632493317127228,-0.754429638385773
0.593863070011139,0.0140959294512867,1.31783723831177,-0.125003784894943,0.123059123754501,0.632651925086975,-0.754309117794037
0.59392249584198,0.0139283258467912,1.31773579120636,-0.125215545296669,0.123574823141098,0.632821083068848,-0.754047572612762
0.593851566314697,0.0138061866164207,1.31773054599762,-0.125383585691452,0.123886480927467,0.632867395877838,-0.753929793834686
0.593725264072418,0.0139790903776884,1.31761491298676,-0.125413343310356,0.119282022118568,0.633223176002502,-0.754368484020233
0.593518257141113,0.0138880442827939,1.31764686107635,-0.12521231174469,0.119262136518955,0.632852971553802,-0.75471556186676
0.593526244163513,0.0141996154561638,1.31768763065338,-0.127335488796234,0.118379257619381,0.633103370666504,-0.754289269447327
0.593649089336395,0.0138157764449715,1.31763577461243,-0.127188950777054,0.123587846755981,0.632592082023621,-0.753907382488251
0.593594074249268,0.0136491898447275,1.31786227226257,-0.127267524600029,0.123717151582241,0.632625639438629,-0.753844678401947
0.593365907669067,0.0132565377280116,1.31776368618011,-0.125732138752937,0.119553603231907,0.634096920490265,-0.753538072109222
0.593413114547729,0.0133117791265249,1.31791794300079,-0.125513181090355,0.118868745863438,0.633196830749512,-0.754439234733582
0.593357980251312,0.0132162570953369,1.31794118881226,-0.125415578484535,0.119069658219814,0.633167266845703,-0.754448592662811
0.593163669109344,0.0125032002106308,1.31778335571289,-0.12591652572155,0.124129645526409,0.634709477424622,-0.752250611782074
0.5931636095047,0.0123205315321683,1.31796634197235,-0.126176357269287,0.124689072370529,0.635397672653198,-0.751533091068268
0.593103408813477,0.0122024491429328,1.31796073913574,-0.126441076397896,0.124510310590267,0.636527717113495,-0.750561475753784
0.593027293682098,0.0120453629642724,1.31797850131989,-0.126614049077034,0.124676041305065,0.637793123722076,-0.7494295835495
0.592913687229156,0.0119040245190262,1.3179829120636,-0.127032443881035,0.125030890107155,0.63903272151947,-0.748242735862732
0.592808902263641,0.0127096502110362,1.31796550750732,-0.129137575626373,0.118593446910381,0.639905571937561,-0.748184442520142
0.592639267444611,0.0123202055692672,1.31784689426422,-0.128676488995552,0.122057795524597,0.641129374504089,-0.746657490730286
0.592599153518677,0.0115562910214066,1.31791567802429,-0.12867958843708,0.128772929310799,0.643298208713531,-0.743657529354095
0.592175543308258,0.0118625313043594,1.31779754161835,-0.128303587436676,0.123475700616837,0.646263599395752,-0.742048144340515
0.592132389545441,0.01160529255867,1.31763577461243,-0.130567580461502,0.124414756894112,0.64830082654953,-0.739715695381165
0.592249751091003,0.0109450323507189,1.3176201581955,-0.128529667854309,0.129773482680321,0.650971114635468,-0.736800968647003
0.592118680477142,0.0112679731100797,1.31776034832001,-0.130351528525352,0.125251248478889,0.653189241886139,-0.735298871994019
0.591980934143066,0.0109424944967031,1.31755948066711,-0.130334720015526,0.12583115696907,0.656258523464203,-0.73246443271637
0.592054903507233,0.0103548374027013,1.31773841381073,-0.129471093416214,0.131431385874748,0.658962905406952,-0.729198813438416
0.591850638389587,0.0107007501646876,1.31774735450745,-0.132304251194,0.126576825976372,0.661249756813049,-0.727476894855499
0.591809809207916,0.0102633833885192,1.31771218776703,-0.130724638700485,0.131590723991394,0.664669394493103,-0.723746955394745
0.591913819313049,0.0102239456027746,1.31766426563263,-0.132157608866692,0.133006975054741,0.668176472187042,-0.719988703727722
0.591913819313049,0.0102239456027746,1.31766426563263,-0.132157608866692,0.133006975054741,0.668176472187042,-0.719988703727722
0.591758072376251,0.0091604907065629,1.31761085987091,-0.131539061665535,0.136633396148682,0.676855325698853,-0.711263477802277
0.591717302799225,0.0088935578241944,1.31761455535889,-0.133172139525414,0.138666898012161,0.679920196533203,-0.707633495330811
0.591852128505707,0.0090529797598719,1.31756579875946,-0.133622393012047,0.133253961801529,0.683577239513397,-0.70506078004837
0.591282367706299,0.0091583719477057,1.31755375862122,-0.132909089326858,0.134450808167457,0.686728537082672,-0.701898992061615
0.59174770116806,0.0086767971515655,1.31772029399872,-0.132649630308151,0.134548783302307,0.690789401531219,-0.69793313741684
0.591700375080109,0.008223133161664,1.31764793395996,-0.132120355963707,0.135666623711586,0.694783926010132,-0.693840086460114
0.591434359550476,0.0084033142775297,1.31766414642334,-0.132188111543655,0.136166751384735,0.697335064411163,-0.691164791584015
0.591257512569427,0.0081486292183399,1.31764030456543,-0.130408465862274,0.137855991721153,0.701231896877289,-0.687214136123657
0.591129541397095,0.0079311607405543,1.3176965713501,-0.131408050656319,0.138503208756447,0.704208731651306,-0.683841288089752
0.590989649295807,0.0077698193490505,1.31771147251129,-0.131417259573936,0.140173390507698,0.707274913787842,-0.6803258061409
0.590816974639893,0.0076511232182383,1.31770932674408,-0.131429344415665,0.140679940581322,0.710138499736786,-0.677228689193726
0.590594053268433,0.0076311817392706,1.31757211685181,-0.13015553355217,0.141260907053947,0.713542878627777,-0.673766672611237
0.590427279472351,0.0075075593777,1.31760692596436,-0.129785105586052,0.142367780208588,0.716171264648438,-0.670809984207153
0.590310215950012,0.0074066980741918,1.317626953125,-0.129579216241836,0.143640980124473,0.718932688236237,-0.667616963386536
0.590138494968414,0.0078233443200588,1.31756496429443,-0.131394162774086,0.143039375543594,0.720715463161469,-0.665465772151947
0.590190649032593,0.0076427115127444,1.31800580024719,-0.129644051194191,0.145755067467689,0.72294682264328,-0.662793934345245
0.589954435825348,0.0073840753175318,1.31795382499695,-0.130158022046089,0.146864160895348,0.724744200706482,-0.660481452941895
0.589954435825348,0.0073840753175318,1.31795382499695,-0.130158022046089,0.146864160895348,0.724744200706482,-0.660481452941895
0.589396774768829,0.0074607236310839,1.3178299665451,-0.128241986036301,0.148071423172951,0.728679835796356,-0.656242847442627
0.589273810386658,0.0075874803587794,1.31786715984344,-0.129334971308708,0.148770526051521,0.730172872543335,-0.654207468032837
0.589233219623566,0.0076800868846476,1.31788313388824,-0.13504122197628,0.151091143488884,0.730342447757721,-0.652330577373505
0.589410126209259,0.0078758243471384,1.31808853149414,-0.13557967543602,0.152274698019028,0.73186331987381,-0.650235772132874
0.589410126209259,0.0078758243471384,1.31808853149414,-0.13557967543602,0.152274698019028,0.73186331987381,-0.650235772132874
0.589191019535065,0.0081186993047595,1.31814181804657,-0.136262625455856,0.154362753033638,0.734431385993958,-0.646695554256439
0.589115381240845,0.008164532482624,1.31820356845856,-0.136226788163185,0.155367225408554,0.735717058181763,-0.644999086856842
0.588845193386078,0.0083018876612186,1.31809723377228,-0.135088384151459,0.156132698059082,0.737045705318451,-0.643535137176514
0.588845193386078,0.0083018876612186,1.31809723377228,-0.135088384151459,0.156132698059082,0.737045705318451,-0.643535137176514
0.588744699954987,0.0088371355086565,1.318195104599,-0.136855810880661,0.157735839486122,0.738506078720093,-0.641091763973236
0.588646769523621,0.0090175382792949,1.31820583343506,-0.137118771672249,0.159079924225807,0.739252328872681,-0.639842212200165
0.588646769523621,0.0090175382792949,1.31820583343506,-0.137118771672249,0.159079924225807,0.739252328872681,-0.639842212200165
0.588499248027802,0.0094600496813654,1.3182384967804,-0.137140601873398,0.160814955830574,0.7412970662117,-0.63703191280365
0.588427245616913,0.0097152898088097,1.3182600736618,-0.137545078992844,0.161461606621742,0.741876184940338,-0.636106371879578
0.58843857049942,0.0098692690953612,1.31835007667542,-0.137990325689316,0.162523731589317,0.742704689502716,-0.634771287441254
0.58843857049942,0.0098692690953612,1.31835007667542,-0.137990325689316,0.162523731589317,0.742704689502716,-0.634771287441254
0.587970733642578,0.0105185946449637,1.31835758686066,-0.129328832030296,0.162538021802902,0.747076034545898,-0.631453156471252
0.587913513183594,0.0107752513140439,1.31838750839233,-0.129850745201111,0.163603574037552,0.747951626777649,-0.630032777786255
0.58784955739975,0.0111221894621849,1.31839978694916,-0.131909415125847,0.164176866412163,0.747987389564514,-0.629412949085236
0.587763428688049,0.0114278839901089,1.31841123104095,-0.1320531219244,0.165803417563438,0.748346030712128,-0.628529608249664
0.587763249874115,0.0116450069472193,1.3184734582901,-0.132673636078835,0.166799545288086,0.74875020980835,-0.627653479576111
0.587543725967407,0.0120137454941868,1.318399310112,-0.132987052202225,0.167487233877182,0.748997867107391,-0.627108216285706
0.587535440921783,0.0124403284862637,1.31843864917755,-0.133374840021133,0.168653458356857,0.749131441116333,-0.626553595066071
0.587399959564209,0.0127721475437283,1.31843030452728,-0.133659318089485,0.169710427522659,0.7493976354599,-0.625888764858246
0.587399959564209,0.0127721475437283,1.31843030452728,-0.133659318089485,0.169710427522659,0.7493976354599,-0.625888764858246
0.58711713552475,0.013513246551156,1.31842589378357,-0.134345784783363,0.172130137681961,0.749331593513489,-0.625159740447998
0.586753308773041,0.0139358537271618,1.31829082965851,-0.134115934371948,0.172440230846405,0.749610722064972,-0.62478893995285
0.586645066738129,0.0142806656658649,1.31827700138092,-0.13447830080986,0.174096658825874,0.749546229839325,-0.624328792095184
0.586422383785248,0.0147495316341519,1.31828093528748,-0.135436058044434,0.175020933151245,0.749130547046661,-0.624362170696259
0.586422383785248,0.0147495316341519,1.31828093528748,-0.135436058044434,0.175020933151245,0.749130547046661,-0.624362170696259
0.585964322090149,0.0157678946852684,1.31837964057922,-0.135104537010193,0.178090199828148,0.748428344726562,-0.624408185482025
0.585714280605316,0.0163607932627201,1.31833124160767,-0.135751500725746,0.179074928164482,0.747793197631836,-0.624747216701508
0.585178732872009,0.0169062856584787,1.31827247142792,-0.134877145290375,0.180084347724914,0.747350215911865,-0.625176429748535
0.584994375705719,0.0174507237970829,1.31840121746063,-0.135587051510811,0.182022482156754,0.747419416904449,-0.624378323554993
0.584584355354309,0.0180825721472501,1.3183708190918,-0.135531365871429,0.183574736118317,0.747122824192047,-0.624290823936462
0.584584355354309,0.0180825721472501,1.3183708190918,-0.135531365871429,0.183574736118317,0.747122824192047,-0.624290823936462
0.584109961986542,0.0198222920298576,1.31842267513275,-0.138109520077705,0.183050021529198,0.741624295711517,-0.630406081676483
0.583629369735718,0.0205685943365097,1.31841444969177,-0.137790143489838,0.184587150812149,0.740934669971466,-0.630838632583618
0.582721173763275,0.0208486057817935,1.31833076477051,-0.134468287229538,0.190916210412979,0.745204925537109,-0.624611079692841
0.582346320152283,0.0214611459523439,1.31825923919678,-0.144167542457581,0.195590436458588,0.741999387741089,-0.624817609786987
0.58210426568985,0.0226455796509981,1.31827592849731,-0.130685016512871,0.196689456701279,0.743873715400696,-0.625209271907806
0.581262171268463,0.0233111307024955,1.31827187538147,-0.144612282514572,0.1998041421175,0.740806579589844,-0.62479692697525
0.581125974655151,0.024798322468996,1.31827962398529,-0.148399338126183,0.197773545980453,0.734895944595337,-0.631499230861664
0.580337882041931,0.0255668256431818,1.31811225414276,-0.148163929581642,0.19954776763916,0.734241247177124,-0.631757974624634
0.579112946987152,0.0261961538344621,1.31789779663086,-0.1437146961689,0.207174837589264,0.738563179969788,-0.625259280204773
0.578226506710052,0.0271832309663295,1.31782603263855,-0.132957398891449,0.207048311829567,0.740528464317322,-0.625356554985046
0.577815771102905,0.0282817836850881,1.31775569915771,-0.143498569726944,0.212543874979019,0.737045049667358,-0.625298202037811
0.577017545700073,0.0298193842172622,1.31764030456543,-0.136453837156296,0.207842543721199,0.734035015106201,-0.631960868835449
0.576589167118073,0.0309234261512756,1.31771063804626,-0.147438079118729,0.213994979858398,0.729954063892365,-0.632167220115662
0.575731158256531,0.032032087445259,1.31740486621857,-0.147035121917725,0.216833531856537,0.729251205921173,-0.632104933261871
0.574432849884033,0.0329521670937538,1.31737971305847,-0.143628180027008,0.223820298910141,0.732682347297668,-0.626459956169128
0.573818802833557,0.034307338297367,1.31695628166199,-0.138713955879211,0.228507593274116,0.731823265552521,-0.626879274845123
0.573818802833557,0.034307338297367,1.31695628166199,-0.138713955879211,0.228507593274116,0.731823265552521,-0.626879274845123
0.571850597858429,0.0371044427156448,1.31698799133301,-0.146016106009483,0.229457587003708,0.724115192890167,-0.633786916732788
0.570645034313202,0.0381111204624176,1.31651878356934,-0.138116598129272,0.237738490104675,0.728175699710846,-0.627825081348419
0.569639205932617,0.0393386706709861,1.31638503074646,-0.144369438290596,0.235505104064941,0.722950458526611,-0.633275389671326
0.568398714065552,0.0405887849628925,1.31593406200409,-0.137885227799416,0.237321496009827,0.723435699939728,-0.633488178253174
0.567030847072601,0.0414310544729232,1.3156955242157,-0.135119557380676,0.246408998966217,0.726716279983521,-0.626824498176575
0.566514909267426,0.0437916256487369,1.31533098220825,-0.139058113098145,0.24388313293457,0.719111621379852,-0.635658979415894
0.565319895744324,0.0446113422513008,1.31515085697174,-0.137616485357284,0.248452201485634,0.719148814678192,-0.634159505367279
0.563755989074707,0.0453004539012908,1.31488311290741,-0.133486464619637,0.256955683231354,0.722862005233765,-0.627396047115326
0.563755989074707,0.0453004539012908,1.31488311290741,-0.133486464619637,0.256955683231354,0.722862005233765,-0.627396047115326
0.56206476688385,0.04851745814085,1.31393694877625,-0.135865017771721,0.25866237282753,0.714844763278961,-0.635320067405701
0.56059992313385,0.0493675544857978,1.31351864337921,-0.131531178951263,0.266940712928772,0.718308687210083,-0.628868043422699
0.559665143489838,0.0505212694406509,1.313312292099,-0.127558052539825,0.272883832454681,0.716537237167358,-0.629156470298767
0.558779835700989,0.0519419647753238,1.3129962682724,-0.127453073859215,0.276029169559479,0.714886844158173,-0.629682838916779
0.557480752468109,0.053069107234478,1.3124897480011,-0.130262315273285,0.277456521987915,0.714013159275055,-0.629471957683563
0.556646764278412,0.0546480007469654,1.31193852424622,-0.126630708575249,0.281368613243103,0.711730122566223,-0.631060004234314
0.555836319923401,0.0560564547777175,1.31176173686981,-0.132055833935738,0.278631150722504,0.70674467086792,-0.636740207672119
0.554463148117065,0.056949183344841,1.31115436553955,-0.128145009279251,0.287014275789261,0.709279596805573,-0.63097083568573
0.553585469722748,0.058280311524868,1.31062686443329,-0.128033071756363,0.289631307125091,0.708117306232452,-0.631103098392487
0.552676677703857,0.0593901053071022,1.31034779548645,-0.127254530787468,0.293015629053116,0.706525146961212,-0.631482839584351
0.552676677703857,0.0593901053071022,1.31034779548645,-0.127254530787468,0.293015629053116,0.706525146961212,-0.631482839584351
0.550717890262604,0.0617018640041351,1.30927908420563,-0.126048058271408,0.298540145158768,0.703466832637787,-0.632550477981567
0.549782633781433,0.0627407729625701,1.30903351306915,-0.12526336312294,0.301559388637543,0.702231764793396,-0.632646501064301
0.549782633781433,0.0627407729625701,1.30903351306915,-0.12526336312294,0.301559388637543,0.702231764793396,-0.632646501064301
0.548325479030609,0.0651409327983856,1.30827558040619,-0.125225752592087,0.304491281509399,0.698695540428162,-0.635159969329834
0.547431528568268,0.0664369165897369,1.30804431438446,-0.124726645648479,0.308507323265076,0.697602093219757,-0.634521842002869
0.546501219272614,0.0671485662460327,1.30766320228577,-0.123335346579552,0.311820328235626,0.697281837463379,-0.633525490760803
0.545642912387848,0.0682923942804336,1.30702900886536,-0.122886665165424,0.312947869300842,0.695489346981049,-0.635025262832642
0.544815242290497,0.0692672431468963,1.30661273002625,-0.121492952108383,0.314942747354507,0.694533169269562,-0.635353684425354
0.543949127197266,0.0700864642858505,1.30639362335205,-0.12080541998148,0.317597538232803,0.693554401397705,-0.635232269763947
0.543116986751556,0.0710396915674209,1.30621719360352,-0.120568886399269,0.319160431623459,0.692774176597595,-0.635345458984375
0.542440831661224,0.0721076279878616,1.30571579933167,-0.119998224079609,0.321502387523651,0.691609621047974,-0.635541439056396
0.542440831661224,0.0721076279878616,1.30571579933167,-0.119998224079609,0.321502387523651,0.691609621047974,-0.635541439056396
0.541806399822235,0.0730596482753753,1.30540013313293,-0.120267063379288,0.322718501091003,0.690044283866882,-0.636574864387512
0.540162861347198,0.0746162161231041,1.30481064319611,-0.118372566998005,0.326159834861755,0.68774676322937,-0.637661457061768
0.539742708206177,0.0759835541248321,1.30472958087921,-0.120100863277912,0.327336013317108,0.686103940010071,-0.63850474357605
0.538900792598724,0.0765500217676162,1.30450248718262,-0.119678974151611,0.329413861036301,0.686510980129242,-0.637076318264008
0.537993192672729,0.0767817944288253,1.30391573905945,-0.117618091404438,0.331165105104446,0.685380876064301,-0.637768626213074
0.53759092092514,0.0780403167009353,1.30370712280273,-0.119007185101509,0.331546872854233,0.684522271156311,-0.638234555721283
0.537003099918365,0.0787655413150787,1.30365979671478,-0.119138799607754,0.333467960357666,0.684471070766449,-0.637263357639313
0.536318838596344,0.0795014053583145,1.30329298973083,-0.118693687021732,0.333833932876587,0.682873666286469,-0.638866424560547
0.535744309425354,0.0797992870211601,1.30307698249817,-0.117721140384674,0.335959792137146,0.682688236236572,-0.638129830360413
0.53541773557663,0.0806262046098709,1.30302047729492,-0.118937030434608,0.337565839290619,0.682853043079376,-0.636879205703735
0.53541773557663,0.0806262046098709,1.30302047729492,-0.118937030434608,0.337565839290619,0.682853043079376,-0.636879205703735
0.534629046916962,0.0809019207954406,1.30262768268585,-0.116737969219685,0.3386450111866,0.681645572185516,-0.638005554676056
0.534054100513458,0.0822198241949081,1.30218017101288,-0.11848870664835,0.340662747621536,0.680991411209106,-0.637306928634644
0.533599972724915,0.0827959030866622,1.30199289321899,-0.118419475853443,0.341086059808731,0.679715037345886,-0.638454914093018
0.533275842666626,0.0832603424787521,1.30187165737152,-0.118879221379757,0.342221140861511,0.680283606052399,-0.63715523481369
0.532770812511444,0.0835689455270767,1.30186688899994,-0.118060603737831,0.343180149793625,0.680170297622681,-0.636912643909454
0.532263875007629,0.0839935541152954,1.30168390274048,-0.116962663829327,0.343946009874344,0.679162502288818,-0.637776732444763
0.532118141651154,0.0847343802452087,1.30139553546906,-0.118710920214653,0.343957960605621,0.679473876953125,-0.637115240097046
0.531429827213287,0.0848649591207504,1.30131387710571,-0.116918742656708,0.344626724720001,0.678912997245789,-0.637682974338531
0.531429827213287,0.0848649591207504,1.30131387710571,-0.116918742656708,0.344626724720001,0.678912997245789,-0.637682974338531
0.531429827213287,0.0848649591207504,1.30131387710571,-0.116918742656708,0.344626724720001,0.678912997245789,-0.637682974338531
0.530494570732117,0.0860507488250732,1.30085897445679,-0.117931552231312,0.346252501010895,0.678944528102875,-0.636581361293793
0.530494570732117,0.0860507488250732,1.30085897445679,-0.117931552231312,0.346252501010895,0.678944528102875,-0.636581361293793
0.529760718345642,0.086684376001358,1.30051004886627,-0.117898859083652,0.346828639507294,0.678829371929169,-0.636396646499634
0.529541790485382,0.0872053056955337,1.30025005340576,-0.118521526455879,0.346295326948166,0.678251385688782,-0.637187242507935
0.5291668176651,0.0872982740402221,1.30029320716858,-0.117916025221348,0.346855401992798,0.678119301795959,-0.63713526725769
0.5291668176651,0.0872982740402221,1.30029320716858,-0.117916025221348,0.346855401992798,0.678119301795959,-0.63713526725769
0.5286865234375,0.087932139635086,1.30000793933868,-0.117968901991844,0.347343951463699,0.676495492458344,-0.638583898544312
0.5286865234375,0.087932139635086,1.30000793933868,-0.117968901991844,0.347343951463699,0.676495492458344,-0.638583898544312
0.528300523757935,0.088117241859436,1.29996192455292,-0.11906573921442,0.347674518823624,0.677269518375397,-0.637378811836243
0.528095245361328,0.0881844535470008,1.299964427948,-0.119376376271248,0.347771435976028,0.677060723304749,-0.637489557266235
0.527854859828949,0.0882178544998169,1.29995203018188,-0.119155257940292,0.347866326570511,0.676106035709381,-0.638491749763489
0.527742087841034,0.0882437229156494,1.29995739459991,-0.120252795517445,0.348187237977982,0.676743447780609,-0.637434899806976
0.527742087841034,0.0882437229156494,1.29995739459991,-0.120252795517445,0.348187237977982,0.676743447780609,-0.637434899806976
0.527600944042206,0.0882501602172851,1.29997181892395,-0.121007509529591,0.348385572433472,0.676564812660217,-0.637373208999634
0.527342259883881,0.0881451964378357,1.3000773191452,-0.122288823127746,0.347825318574905,0.67663449048996,-0.637360870838165
0.527162790298462,0.0878800600767135,1.3002667427063,-0.122514292597771,0.347855478525162,0.676987290382385,-0.636926233768463
0.527162790298462,0.0878800600767135,1.3002667427063,-0.122514292597771,0.347855478525162,0.676987290382385,-0.636926233768463
0.526804864406586,0.0877283737063407,1.30022001266479,-0.123285040259361,0.345901161432266,0.676620125770569,-0.638230562210083
0.526686370372772,0.0875928923487663,1.30024719238281,-0.124216273427009,0.345015436410904,0.677010834217072,-0.638115227222443
0.526686370372772,0.0875928923487663,1.30024719238281,-0.124216273427009,0.345015436410904,0.677010834217072,-0.638115227222443
0.526749968528748,0.0874159038066864,1.30052518844604,-0.127588003873825,0.343662440776825,0.678439080715179,-0.636661529541016
0.526482999324799,0.0868821665644645,1.3007218837738,-0.127534702420235,0.343072414398193,0.679529309272766,-0.635827243328094
0.526504397392273,0.0869461447000503,1.30082142353058,-0.12944008409977,0.342342764139175,0.679397583007812,-0.635976314544678
0.526504397392273,0.0869461447000503,1.30082142353058,-0.12944008409977,0.342342764139175,0.679397583007812,-0.635976314544678
0.526388049125671,0.0861032679677009,1.30102324485779,-0.129284501075745,0.339586645364761,0.680645525455475,-0.636151075363159
0.526388049125671,0.0861032679677009,1.30102324485779,-0.129284501075745,0.339586645364761,0.680645525455475,-0.636151075363159
0.526543140411377,0.0854642838239669,1.30134689807892,-0.131792977452278,0.337013989686966,0.682485044002533,-0.635032534599304
0.526639997959137,0.0854512602090835,1.30149638652802,-0.133433863520622,0.335323452949524,0.682443737983704,-0.635628998279572
0.526674270629883,0.0850172489881515,1.30159866809845,-0.133857518434525,0.333484768867493,0.683442950248718,-0.635433673858643
0.526674270629883,0.0850172489881515,1.30159866809845,-0.133857518434525,0.333484768867493,0.683442950248718,-0.635433673858643
0.526734292507172,0.0841346234083175,1.30219531059265,-0.135037615895271,0.330881863832474,0.683969855308533,-0.635977506637573
0.526829898357391,0.0835850983858108,1.3023179769516,-0.135937929153442,0.329179525375366,0.684067785739899,-0.636563539505005
0.526829898357391,0.0835850983858108,1.3023179769516,-0.135937929153442,0.329179525375366,0.684067785739899,-0.636563539505005
0.526829898357391,0.0835850983858108,1.3023179769516,-0.135937929153442,0.329179525375366,0.684067785739899,-0.636563539505005
0.527254581451416,0.0829941108822822,1.30268371105194,-0.13804991543293,0.324487417936325,0.683582067489624,-0.639035046100616
0.527098178863525,0.0812062174081802,1.30317115783691,-0.137418195605278,0.321590900421143,0.684192180633545,-0.639981746673584
0.527098178863525,0.0812062174081802,1.30317115783691,-0.137418195605278,0.321590900421143,0.684192180633545,-0.639981746673584
0.527572333812714,0.0807224065065383,1.30353331565857,-0.139640286564827,0.315483540296555,0.682181119918823,-0.644670009613037
0.527653515338898,0.0797872990369796,1.30406844615936,-0.139895543456077,0.31402787566185,0.682262659072876,-0.645239055156708
0.527906358242035,0.0794791579246521,1.3041729927063,-0.140942260622978,0.311453282833099,0.681959986686707,-0.646577715873718
0.528240323066711,0.0790400207042694,1.30445647239685,-0.141641840338707,0.308824747800827,0.68097710609436,-0.648718059062958
0.528616547584534,0.0785993188619613,1.30470049381256,-0.142118111252785,0.306383907794952,0.680257558822632,-0.650523662567139
0.528616547584534,0.0785993188619613,1.30470049381256,-0.142118111252785,0.306383907794952,0.680257558822632,-0.650523662567139
0.528643131256104,0.0777985751628875,1.3051176071167,-0.143164247274399,0.303557336330414,0.679270803928375,-0.652647197246552
0.528900742530823,0.0769409090280532,1.30564117431641,-0.144257739186287,0.302088558673859,0.678311765193939,-0.654083549976349
0.528900742530823,0.0769409090280532,1.30564117431641,-0.144257739186287,0.302088558673859,0.678311765193939,-0.654083549976349
0.529658734798431,0.0750128626823425,1.30645024776459,-0.144645288586616,0.294074416160583,0.675342261791229,-0.660689532756805
0.530231237411499,0.0746965482831001,1.30661189556122,-0.146906182169914,0.290909290313721,0.673434972763062,-0.663532793521881
0.530569911003113,0.0736711770296096,1.30747258663177,-0.146410375833511,0.289304912090302,0.672179400920868,-0.66561371088028
0.530569911003113,0.0736711770296096,1.30747258663177,-0.146410375833511,0.289304912090302,0.672179400920868,-0.66561371088028
0.531447231769562,0.0725858062505722,1.30815100669861,-0.148489475250244,0.283149629831314,0.669907987117767,-0.670074999332428
0.531447231769562,0.0725858062505722,1.30815100669861,-0.148489475250244,0.283149629831314,0.669907987117767,-0.670074999332428
0.531794011592865,0.0718164443969726,1.30851078033447,-0.148478582501411,0.279939383268356,0.668534636497498,-0.672792315483093
0.532678544521332,0.0716365724802017,1.30904674530029,-0.152432590723038,0.277423024177551,0.666526019573212,-0.674939930438995
0.533241152763367,0.0707499459385871,1.30937945842743,-0.150505393743515,0.274147659540176,0.666712284088135,-0.676525056362152
0.534325063228607,0.0690227225422859,1.31047093868256,-0.150374636054039,0.268964558839798,0.665547728538513,-0.679773390293121
0.535065829753876,0.0682666152715683,1.31092381477356,-0.150481581687927,0.265476375818253,0.665181696414948,-0.681477069854736
0.535859882831573,0.0674355328083038,1.31116533279419,-0.149651259183884,0.262685477733612,0.665031254291534,-0.682886838912964
0.535859882831573,0.0674355328083038,1.31116533279419,-0.149651259183884,0.262685477733612,0.665031254291534,-0.682886838912964
0.535859882831573,0.0674355328083038,1.31116533279419,-0.149651259183884,0.262685477733612,0.665031254291534,-0.682886838912964
0.537009179592133,0.0656104534864425,1.31206381320953,-0.149619221687317,0.256111234426498,0.66422563791275,-0.686167180538177
0.537929713726044,0.0646278783679008,1.31269037723541,-0.149711817502975,0.254591315984726,0.664060175418854,-0.686872601509094
0.538804352283478,0.0638627931475639,1.31295740604401,-0.1493960916996,0.250720798969269,0.663833916187286,-0.688581526279449
0.540468871593475,0.0618433654308319,1.31369304656982,-0.148365572094917,0.24456287920475,0.664280474185944,-0.690585255622864
0.540468871593475,0.0618433654308319,1.31369304656982,-0.148365572094917,0.24456287920475,0.664280474185944,-0.690585255622864
0.541541337966919,0.0611544698476791,1.31406676769257,-0.14914433658123,0.241366147994995,0.663533091545105,-0.692258775234222
0.54289311170578,0.0589243397116661,1.31470990180969,-0.148073107004166,0.235168576240539,0.664175510406494,-0.694003641605377
0.54289311170578,0.0589243397116661,1.31470990180969,-0.148073107004166,0.235168576240539,0.664175510406494,-0.694003641605377
0.544025540351868,0.0580351836979389,1.31506204605103,-0.146737322211266,0.23211832344532,0.664313495159149,-0.695181369781494
0.545891404151917,0.0560265332460403,1.31555581092834,-0.146346926689148,0.226028010249138,0.664081990718842,-0.697487592697144
0.545891404151917,0.0560265332460403,1.31555581092834,-0.146346926689148,0.226028010249138,0.664081990718842,-0.697487592697144
0.546165823936462,0.0549959540367126,1.31560873985291,-0.14240188896656,0.221413463354111,0.664203286170959,-0.699665486812592
0.547081291675568,0.0538297928869724,1.31576573848724,-0.138261213898659,0.219118013978004,0.66511744260788,-0.700349807739258
0.547829687595367,0.0531505644321441,1.31597030162811,-0.139210939407349,0.215259030461311,0.664580464363098,-0.701866626739502
0.549980878829956,0.0509680658578872,1.31643915176392,-0.138652607798576,0.211132019758224,0.663248479366302,-0.704485833644867
0.549980878829956,0.0509680658578872,1.31643915176392,-0.138652607798576,0.211132019758224,0.663248479366302,-0.704485833644867
0.55096048116684,0.0500159375369548,1.31665194034576,-0.138892889022827,0.208096638321876,0.662364065647125,-0.706171631813049
0.553202450275421,0.04847177490592,1.31706774234772,-0.135462149977684,0.202843204140663,0.661696076393127,-0.708987414836884
0.55373752117157,0.0470722094178199,1.31731855869293,-0.133575901389122,0.200776606798172,0.660838663578033,-0.710730969905853
0.55373752117157,0.0470722094178199,1.31731855869293,-0.133575901389122,0.200776606798172,0.660838663578033,-0.710730969905853
0.55440479516983,0.0464899726212024,1.31738579273224,-0.131885662674904,0.196487367153168,0.659752905368805,-0.713249564170837
0.555267572402954,0.0455924160778522,1.31754755973816,-0.131910517811775,0.193444117903709,0.658211410045624,-0.715497493743896
0.556685447692871,0.0451492518186569,1.31771814823151,-0.134239062666893,0.192318454384804,0.657364666461945,-0.716146171092987
0.55801796913147,0.0435914546251297,1.31788992881775,-0.134229689836502,0.192451044917107,0.651917099952698,-0.721075057983398
0.55801796913147,0.0435914546251297,1.31788992881775,-0.134229689836502,0.192451044917107,0.651917099952698,-0.721075057983398
0.558041095733643,0.0431102886795997,1.3178938627243,-0.133014068007469,0.18408066034317,0.649281442165375,-0.725847959518433
0.559215366840363,0.0413463674485683,1.31817352771759,-0.128936976194382,0.188088417053223,0.650350630283356,-0.724597871303558
0.559986233711243,0.0406526774168014,1.31817269325256,-0.129244893789291,0.185370817780495,0.64816802740097,-0.727194309234619
0.560547888278961,0.0403542481362819,1.31844234466553,-0.130496889352798,0.178114742040634,0.645303428173065,-0.731320261955261
0.561367630958557,0.0386073440313339,1.31845963001251,-0.122999019920826,0.17050738632679,0.642201781272888,-0.73714005947113
0.561367630958557,0.0386073440313339,1.31845963001251,-0.122999019920826,0.17050738632679,0.642201781272888,-0.73714005947113
0.562598586082458,0.0383423827588558,1.31852412223816,-0.124455884099007,0.168919742107391,0.639489591121674,-0.73961478471756
0.562975943088531,0.0370963066816329,1.31888508796692,-0.122872032225132,0.167446613311767,0.638441562652588,-0.741118431091309
0.563413798809052,0.0360904932022094,1.31884121894836,-0.120495393872261,0.164604440331459,0.636540114879608,-0.743776202201843
0.564191579818726,0.0354043915867805,1.31895864009857,-0.120144411921501,0.163339480757713,0.634185016155243,-0.746119976043701
0.564191579818726,0.0354043915867805,1.31895864009857,-0.120144411921501,0.163339480757713,0.634185016155243,-0.746119976043701
0.564878761768341,0.0335244946181774,1.31919658184052,-0.113444618880749,0.159038677811623,0.630742609500885,-0.750999808311462
0.565535485744476,0.032797422260046,1.31927573680878,-0.115913525223732,0.157950207591057,0.627349495887756,-0.753689825534821
0.565997242927551,0.0319891311228275,1.31946444511414,-0.114164918661117,0.156409978866577,0.625030517578125,-0.756200432777405
0.566488981246948,0.0311687514185905,1.31952095031738,-0.11156752705574,0.15531924366951,0.622667670249939,-0.758757948875427
0.566413342952728,0.0301571395248174,1.31953620910645,-0.107924453914165,0.152753785252571,0.62034410238266,-0.761703133583069
0.567688763141632,0.0283739231526851,1.31980538368225,-0.10904798656702,0.15165339410305,0.614713847637177,-0.76631373167038
0.567849218845367,0.0274510588496923,1.31994962692261,-0.103481449186802,0.150139063596725,0.612912654876709,-0.768822491168976
0.567849218845367,0.0274510588496923,1.31994962692261,-0.103481449186802,0.150139063596725,0.612912654876709,-0.768822491168976
0.568307936191559,0.0268973354250192,1.32003271579742,-0.105217956006527,0.148666203022003,0.609093070030212,-0.77190238237381
0.568644165992737,0.0256856549531221,1.32020902633667,-0.102180637419224,0.148972183465958,0.607552349567413,-0.773464024066925
0.569178462028503,0.0253138728439807,1.32031857967377,-0.107155621051788,0.148172467947006,0.603324472904205,-0.776248812675476
0.569281935691833,0.0243571493774652,1.32045590877533,-0.102815270423889,0.144068449735641,0.601212024688721,-0.779241502285004
0.569184839725494,0.0237020850181579,1.32027053833008,-0.10258162766695,0.14188352227211,0.598953068256378,-0.781409800052643
0.569184839725494,0.0237020850181579,1.32027053833008,-0.10258162766695,0.14188352227211,0.598953068256378,-0.781409800052643
0.569543540477753,0.0229439344257116,1.32029032707214,-0.103074863553047,0.138138607144356,0.591282784938812,-0.78783118724823
0.569863975048065,0.0219949483871459,1.31996536254883,-0.102432280778885,0.137867957353592,0.589256525039673,-0.789478838443756
0.569659650325775,0.0205663871020078,1.31994044780731,-0.099414587020874,0.137540698051453,0.586811900138855,-0.791739284992218
0.570158898830414,0.0201917067170143,1.32035231590271,-0.101123690605164,0.137003675103188,0.584118127822876,-0.793605744838715
0.570150136947632,0.0190601758658885,1.32022881507874,-0.0996441096067428,0.1373310983181,0.581624209880829,-0.795565485954285
0.570288121700287,0.0184436030685901,1.32047891616821,-0.0995671972632408,0.136613771319389,0.579124689102173,-0.797519624233246
0.570411086082458,0.0176623482257127,1.32055497169495,-0.101018488407135,0.135415241122246,0.576095581054688,-0.799732446670532
0.570048868656158,0.0167099777609109,1.3202497959137,-0.0978163853287696,0.134641453623772,0.573666393756866,-0.802004098892212
0.570048868656158,0.0167099777609109,1.3202497959137,-0.0978163853287696,0.134641453623772,0.573666393756866,-0.802004098892212
0.570309340953827,0.0150581179186701,1.32021677494049,-0.0983766764402389,0.133717596530914,0.568204522132874,-0.805968463420868
0.570194900035858,0.0141602773219347,1.32071697711945,-0.0974859297275543,0.132560804486275,0.566293001174927,-0.807611525058746
0.570319414138794,0.0134882573038339,1.3204231262207,-0.0980278775095939,0.133359581232071,0.563257694244385,-0.809534728527069
0.570367932319641,0.0127172227948904,1.32040476799011,-0.0993172749876976,0.132986664772034,0.56101530790329,-0.810994744300842
0.570123195648193,0.012094909325242,1.32067501544952,-0.0990876927971839,0.132112547755241,0.559270560741425,-0.812369585037231
0.570152342319489,0.0111958356574177,1.32048559188843,-0.0983118340373039,0.131620213389397,0.557037353515625,-0.81407642364502
0.570007681846619,0.010368525981903,1.3205748796463,-0.0988820046186447,0.131139844655991,0.555090248584747,-0.815413773059845
0.570019841194153,0.0096490979194641,1.32067835330963,-0.0995115339756012,0.13114470243454,0.553143322467804,-0.816658437252045
0.569975554943085,0.0085980501025915,1.32078289985657,-0.0991426259279251,0.131008565425873,0.552508950233459,-0.817154467105865
0.569823503494263,0.0081818168982863,1.32063126564026,-0.100088730454445,0.13017201423645,0.549547135829926,-0.81916755437851
0.569731831550598,0.0073574101552367,1.32063794136047,-0.0997636094689369,0.130492568016052,0.54798287153244,-0.820203423500061
0.569731831550598,0.0073574101552367,1.32063794136047,-0.0997636094689369,0.130492568016052,0.54798287153244,-0.820203423500061
0.569460868835449,0.0059264404699206,1.32070291042328,-0.1004698574543,0.129798471927643,0.544768631458282,-0.822365701198578
0.569396674633026,0.0051214713603258,1.32061815261841,-0.0979456454515457,0.130890026688576,0.543955087661743,-0.823035478591919
0.569131314754486,0.004417267628014,1.32071757316589,-0.0977170541882515,0.130254432559013,0.542383015155792,-0.82420015335083
0.569000244140625,0.0031437072902917,1.32081127166748,-0.0979057922959327,0.130278661847115,0.539411723613739,-0.826121687889099
0.568821787834167,0.0025880131870508,1.32084476947784,-0.1011071652174,0.128279387950897,0.537255942821503,-0.827452600002289
0.568821787834167,0.0025880131870508,1.32084476947784,-0.1011071652174,0.128279387950897,0.537255942821503,-0.827452600002289
0.568590939044952,0.0017458898946642,1.32090163230896,-0.0991545692086219,0.129549771547318,0.537062883377075,-0.827616274356842
0.568472266197205,0.0010632863268256,1.32087171077728,-0.0998497232794761,0.129479229450226,0.53555291891098,-0.82852178812027
0.568464577198029,0.0001559276133775,1.32105445861816,-0.101478539407253,0.129679605364799,0.534952640533447,-0.828680396080017
0.567893266677856,-0.0008420580998063,1.32082998752594,-0.0983828529715538,0.129302456974983,0.533728718757629,-0.829900860786438
0.568248987197876,-0.0015668263658881,1.32094991207123,-0.10121014714241,0.130358263850212,0.533309519290924,-0.829665124416351
0.568248987197876,-0.0015668263658881,1.32094991207123,-0.10121014714241,0.130358263850212,0.533309519290924,-0.829665124416351
0.567530333995819,-0.0032372642308473,1.32091665267944,-0.0996741503477096,0.129545122385025,0.531382977962494,-0.831213116645813
0.56722891330719,-0.0036033019423484,1.32078647613525,-0.100124426186085,0.128853067755699,0.529775500297546,-0.832292020320892
0.567113995552063,-0.0044523188844323,1.32088613510132,-0.100434295833111,0.128693506121635,0.529498040676117,-0.83245587348938
0.566784560680389,-0.0048863142728805,1.32082390785217,-0.0991399362683296,0.127855882048607,0.528094589710236,-0.833630800247192
0.566744387149811,-0.0054664276540279,1.32086277008057,-0.0997843667864799,0.128438159823418,0.527107656002045,-0.834088921546936
0.566538453102112,-0.0060741659253835,1.32089126110077,-0.0997100099921226,0.128287062048912,0.526290535926819,-0.834636867046356
0.566537082195282,-0.00627779122442,1.3209775686264,-0.102450102567673,0.127767577767372,0.52499121427536,-0.835202813148499
0.566438615322113,-0.0071776863187551,1.32107245922089,-0.102090276777744,0.128116279840469,0.524983823299408,-0.835198044776917
0.56688916683197,-0.0076975207775831,1.32147407531738,-0.103183194994926,0.129406735301018,0.524816691875458,-0.834969878196716
0.565602779388428,-0.0085981888696551,1.32093870639801,-0.0998390167951583,0.126699104905128,0.522577106952667,-0.837193310260773
0.565602779388428,-0.0085981888696551,1.32093870639801,-0.0998390167951583,0.126699104905128,0.522577106952667,-0.837193310260773
0.565670788288116,-0.0096596451476216,1.32113122940063,-0.101955346763134,0.127756297588348,0.522308707237244,-0.836945116519928
0.565670788288116,-0.0096596451476216,1.32113122940063,-0.101955346763134,0.127756297588348,0.522308707237244,-0.836945116519928
0.565138578414917,-0.0112520633265376,1.32110738754272,-0.100959971547127,0.127994254231453,0.520647883415222,-0.838063478469849
0.565138578414917,-0.0112520633265376,1.32110738754272,-0.100959971547127,0.127994254231453,0.520647883415222,-0.838063478469849
0.564572095870972,-0.0120289903134107,1.32100486755371,-0.100824773311615,0.126721262931824,0.517436027526855,-0.840259552001953
0.564732551574707,-0.0125463111326098,1.3210756778717,-0.10158734023571,0.1276795566082,0.517525911331177,-0.83996719121933
0.564524114131927,-0.0130689479410648,1.32102847099304,-0.100394189357757,0.127780914306641,0.517090201377869,-0.840363502502441
0.563866257667542,-0.0140881305560469,1.32107412815094,-0.0990922078490257,0.126878827810287,0.516686022281647,-0.840903222560883
0.563540101051331,-0.0143083641305565,1.32093858718872,-0.101151973009109,0.126380056142807,0.514475226402283,-0.84208756685257
0.563374698162079,-0.0148048251867294,1.32092809677124,-0.101661376655102,0.126257196068764,0.513440072536469,-0.842676341533661
0.56317013502121,-0.0152858663350343,1.32087314128876,-0.101212918758392,0.126138001680374,0.512255609035492,-0.843468606472015
0.563131034374237,-0.0160589534789323,1.32099580764771,-0.101214826107025,0.127013206481934,0.512346863746643,-0.843281626701355
0.562823355197906,-0.0163226146250963,1.32097351551056,-0.10232151299715,0.126886740326881,0.510447204113007,-0.844318568706512
0.562773048877716,-0.0171081107109785,1.32105910778046,-0.102584265172481,0.127563670277595,0.510874688625336,-0.843925952911377
0.562588036060333,-0.01752894744277,1.32097387313843,-0.102097906172276,0.127395644783974,0.510330975055695,-0.84433925151825
0.562489330768585,-0.0181226991117,1.32085239887238,-0.100467547774315,0.131652310490608,0.508005499839783,-0.845283567905426
0.56232613325119,-0.0185364782810211,1.32088458538055,-0.100917957723141,0.131991371512413,0.507523238658905,-0.845466792583466
0.562184691429138,-0.0189563240855932,1.32086384296417,-0.101510047912598,0.132281437516212,0.506963551044464,-0.845686256885529
0.562157273292542,-0.0193643029779195,1.32098913192749,-0.102308362722397,0.128034010529518,0.507105588912964,-0.846158564090729
0.562082707881927,-0.0199591387063264,1.32096898555756,-0.0994393154978752,0.132852122187614,0.5054692029953,-0.84673672914505
0.561886847019196,-0.0202565304934978,1.32092368602753,-0.101923920214176,0.130852743983269,0.504864156246185,-0.847113490104675
0.561771929264069,-0.0204593166708946,1.32096183300018,-0.102712504565716,0.12822325527668,0.504888951778412,-0.84740549325943
0.561467945575714,-0.0206621158868074,1.32090663909912,-0.102947637438774,0.1280178129673,0.503405153751373,-0.848290324211121
0.561409294605255,-0.0212226659059524,1.32085347175598,-0.102818600833416,0.133022755384445,0.502747118473053,-0.847926080226898
0.561332702636719,-0.0215197838842868,1.32094573974609,-0.102447330951691,0.132948830723763,0.501416862010956,-0.848769843578339
0.561204135417938,-0.0218641906976699,1.3209685087204,-0.102975182235241,0.132824212312698,0.500717520713806,-0.84913831949234
0.561204135417938,-0.0218641906976699,1.3209685087204,-0.102975182235241,0.132824212312698,0.500717520713806,-0.84913831949234
0.561081230640411,-0.0226837042719125,1.32110285758972,-0.104111902415752,0.128568038344383,0.501905679702759,-0.848953306674957
0.561005592346191,-0.0233671180903911,1.32106709480286,-0.103245720267296,0.133821964263916,0.501831889152527,-0.848290503025055
0.560897827148438,-0.0233968794345855,1.32106602191925,-0.104219250380993,0.128586500883102,0.501558303833008,-0.849142611026764
0.560915470123291,-0.0239274464547634,1.3210768699646,-0.102995879948139,0.133728489279747,0.500450551509857,-0.849151194095612
0.560826897621155,-0.0243066232651472,1.32115066051483,-0.104055918753147,0.13401985168457,0.501384079456329,-0.848425090312958
0.560780584812164,-0.0246475450694561,1.32117426395416,-0.103896178305149,0.134120970964432,0.501601576805115,-0.848300158977509
0.56069004535675,-0.025185415521264,1.32112383842468,-0.103436380624771,0.134470224380493,0.502147614955902,-0.847977876663208
0.56069004535675,-0.025185415521264,1.32112383842468,-0.103436380624771,0.134470224380493,0.502147614955902,-0.847977876663208
0.560620963573456,-0.0256344527006149,1.32126939296722,-0.102888435125351,0.134215205907822,0.50137996673584,-0.848538994789124
0.560435891151428,-0.0255603846162557,1.32110500335693,-0.103530310094356,0.133544310927391,0.500720977783203,-0.848955750465393
0.560667395591736,-0.0262569617480039,1.32135260105133,-0.103554248809814,0.134625852108002,0.503563821315765,-0.847098529338837
0.560279190540314,-0.0262980964034795,1.32113325595856,-0.104016184806824,0.133558049798012,0.502560377120972,-0.847806572914124
0.560271680355072,-0.0264402031898498,1.32120382785797,-0.103356547653675,0.132822275161743,0.502015292644501,-0.848325550556183
0.560219943523407,-0.026844460517168,1.3212194442749,-0.104143939912319,0.132699966430664,0.503450810909271,-0.847397267818451
0.560222506523132,-0.0271454472094774,1.32125270366669,-0.104000881314278,0.132474109530449,0.504054009914398,-0.847091495990753
0.560377717018127,-0.027689978480339,1.32137429714203,-0.103567399084568,0.132831946015358,0.505683720111847,-0.846116662025452
0.560287833213806,-0.0276926551014184,1.32124078273773,-0.10400415956974,0.131960421800613,0.505208194255829,-0.846483469009399
0.560132026672363,-0.0275390557944774,1.32126677036285,-0.106150172650814,0.126827210187912,0.506071865558624,-0.846485793590546
0.560351014137268,-0.0281640272587537,1.32153975963593,-0.105699598789215,0.127455070614815,0.507813692092896,-0.845404148101807
0.560351014137268,-0.0281640272587537,1.32153975963593,-0.105699598789215,0.127455070614815,0.507813692092896,-0.845404148101807
0.560539186000824,-0.0288887955248355,1.32146680355072,-0.103999011218548,0.130977913737297,0.508863389492035,-0.844444811344147
0.560742199420929,-0.0291299521923065,1.32162344455719,-0.106035225093365,0.126888900995254,0.511165380477905,-0.843425035476685
0.560907542705536,-0.0295375213027,1.32177901268005,-0.10595092177391,0.127041503787041,0.512289941310883,-0.842729985713959
0.561107456684113,-0.0296732075512409,1.32168340682983,-0.106729172170162,0.126305803656578,0.513072550296783,-0.842266201972961
0.561248660087585,-0.0299179162830114,1.32190704345703,-0.106057547032833,0.125757932662964,0.513942062854767,-0.841902911663055
0.561515271663666,-0.0301871821284294,1.32172286510468,-0.106396473944187,0.125061750411987,0.515029489994049,-0.841298937797546
0.56177693605423,-0.0308334566652774,1.32159447669983,-0.105656079947948,0.128634870052338,0.516029000282288,-0.840240478515625
0.56177693605423,-0.0308334566652774,1.32159447669983,-0.105656079947948,0.128634870052338,0.516029000282288,-0.840240478515625
0.562380313873291,-0.0316374599933624,1.32158422470093,-0.105978541076183,0.128359690308571,0.520033240318298,-0.837769508361816
0.56242823600769,-0.0314089581370353,1.32160580158234,-0.110630929470062,0.124155610799789,0.521308600902557,-0.837008714675903
0.562451660633087,-0.0313628390431404,1.32127678394318,-0.110728174448013,0.120815582573414,0.521517157554626,-0.83735466003418
0.562451660633087,-0.0313628390431404,1.32127678394318,-0.110728174448013,0.120815582573414,0.521517157554626,-0.83735466003418
0.563156008720398,-0.0322085209190845,1.32114887237549,-0.109247893095016,0.118280880153179,0.524617314338684,-0.83597320318222
0.563341915607452,-0.0323119722306728,1.32093834877014,-0.110066376626492,0.11708752065897,0.525272369384766,-0.835622370243073
0.563758730888367,-0.032250165939331,1.32076168060303,-0.113500237464905,0.119058191776276,0.526279270648956,-0.834249973297119
0.56406956911087,-0.0327045544981956,1.32064390182495,-0.114918917417526,0.11532835662365,0.528722286224365,-0.833034038543701
0.564308702945709,-0.0330013111233711,1.32048535346985,-0.115521803498268,0.114390462636948,0.53012228012085,-0.832189857959747
0.564637780189514,-0.0332279503345489,1.3202919960022,-0.11606452614069,0.113088048994541,0.531688690185547,-0.831292510032654
0.564637780189514,-0.0332279503345489,1.3202919960022,-0.11606452614069,0.113088048994541,0.531688690185547,-0.831292510032654
0.565138816833496,-0.0334784761071205,1.32007610797882,-0.118428170681,0.109968051314354,0.534471094608307,-0.829591810703278
0.56537139415741,-0.0337425917387008,1.31986320018768,-0.118752367794514,0.109585739672184,0.536342978477478,-0.828387022018433
0.565526843070984,-0.0343398004770278,1.31968939304352,-0.118099816143513,0.10906820744276,0.538206338882446,-0.827339351177216
0.565982758998871,-0.0339359156787395,1.31966578960419,-0.12188658863306,0.107077598571777,0.53934645652771,-0.826307117938995
0.566423356533051,-0.0345829129219055,1.31965160369873,-0.119966939091682,0.107996575534344,0.542094051837921,-0.824668884277344
0.566423356533051,-0.0345829129219055,1.31965160369873,-0.119966939091682,0.107996575534344,0.542094051837921,-0.824668884277344
0.566908359527588,-0.0347379669547081,1.3190666437149,-0.120944514870644,0.104579538106918,0.545439124107361,-0.822758555412292
0.56731104850769,-0.0343294441699981,1.3191499710083,-0.123161271214485,0.103866517543793,0.54719203710556,-0.821354985237122
0.567550718784332,-0.034398503601551,1.31896913051605,-0.123671695590019,0.103140205144882,0.549128234386444,-0.820076584815979
0.567681670188904,-0.0344869941473007,1.31882619857788,-0.125950619578362,0.101421758532524,0.550945937633514,-0.818723857402802
0.567970871925354,-0.0344425290822982,1.31871008872986,-0.12527859210968,0.101362988352776,0.553212285041809,-0.817304730415344
0.568308472633362,-0.034250870347023,1.31860196590424,-0.124924160540104,0.100566081702709,0.554340720176697,-0.816692590713501
0.56848818063736,-0.0345596522092819,1.31836891174316,-0.125383421778679,0.100462652742863,0.557144045829773,-0.814724981784821
0.568762183189392,-0.0344165414571762,1.31828308105469,-0.127204537391663,0.0991849824786186,0.558897793292999,-0.813396990299225
0.569047212600708,-0.0342826694250106,1.31821703910828,-0.125489264726639,0.0996840596199035,0.560590863227844,-0.812436759471893
0.569047212600708,-0.0342826694250106,1.31821703910828,-0.125489264726639,0.0996840596199035,0.560590863227844,-0.812436759471893
0.569455325603485,-0.0340671092271804,1.31801307201385,-0.126116469502449,0.101894207298756,0.564903199672699,-0.80907142162323
0.570003271102905,-0.0337643064558506,1.31806981563568,-0.127666637301445,0.10151931643486,0.567806124687195,-0.806840360164642
0.569852948188782,-0.0340824648737907,1.31816518306732,-0.127246648073196,0.100893802940845,0.570952832698822,-0.80476188659668
0.569852948188782,-0.0340824648737907,1.31816518306732,-0.127246648073196,0.100893802940845,0.570952832698822,-0.80476188659668
0.569948136806488,-0.0337540209293365,1.31805825233459,-0.126047149300575,0.0977163165807724,0.573982536792755,-0.803185999393463
0.569720089435577,-0.0339972302317619,1.31795263290405,-0.123796075582504,0.0973797664046287,0.576778292655945,-0.801572501659393
0.56952315568924,-0.033804215490818,1.31806528568268,-0.123128995299339,0.0961307287216186,0.578317046165466,-0.800716936588287
0.569617569446564,-0.0334397330880165,1.31815576553345,-0.123463459312916,0.0955417528748512,0.579911410808563,-0.799582064151764
0.569544553756714,-0.0336864478886127,1.31823587417603,-0.121829368174076,0.0990848913788795,0.581413209438324,-0.798309803009033
0.569325149059296,-0.0329722911119461,1.31829071044922,-0.123050540685654,0.0939410477876663,0.583223283290863,-0.797423541545868
0.569244563579559,-0.0324605852365493,1.31840455532074,-0.122866332530975,0.0925569087266922,0.583744049072266,-0.797232687473297
0.56997811794281,-0.0314683020114898,1.31880664825439,-0.124832339584827,0.093383215367794,0.583276569843292,-0.797173082828522
0.569630026817322,-0.0319821685552597,1.31892991065979,-0.122116252779961,0.0960556641221046,0.586214482784271,-0.795118629932404
0.56949371099472,-0.0316673703491687,1.31896245479584,-0.122490786015987,0.0955638289451599,0.588048815727234,-0.793764650821686
0.569599986076355,-0.0307877846062183,1.31890106201172,-0.123859874904156,0.0951935276389122,0.587795674800873,-0.793784141540527
0.569219708442688,-0.0303671360015869,1.31881594657898,-0.123461216688156,0.0935532972216606,0.589674532413483,-0.792646944522858
0.569552838802338,-0.0296372957527637,1.31916737556458,-0.1246687322855,0.091933473944664,0.591744899749756,-0.791102945804596
0.56998199224472,-0.0296557173132896,1.31948482990265,-0.124669700860977,0.0969866663217544,0.593416213989258,-0.789245367050171
0.569852292537689,-0.0291419103741645,1.31956160068512,-0.125142186880112,0.0964203104376792,0.594983160495758,-0.788059413433075
0.56972861289978,-0.0286214910447597,1.31942808628082,-0.124951019883156,0.0919990614056587,0.596564710140228,-0.78742241859436
0.569676995277405,-0.0279469639062881,1.31943869590759,-0.125320255756378,0.0927826166152954,0.597396612167358,-0.786640703678131
0.569599509239197,-0.0278750341385602,1.31957650184631,-0.124988913536072,0.0919116213917732,0.599934339523315,-0.784862279891968
0.56976580619812,-0.0268598031252622,1.31952583789825,-0.125087723135948,0.0926848948001861,0.599433958530426,-0.785137891769409
0.569816470146179,-0.0268165506422519,1.3195903301239,-0.124172143638134,0.0941795632243156,0.600936651229858,-0.783955872058868
0.569506943225861,-0.0264961346983909,1.31947028636932,-0.123627498745918,0.0958346799015998,0.601595282554626,-0.78333592414856
0.569776594638824,-0.0261913277208805,1.31958556175232,-0.123995833098888,0.096988208591938,0.603224515914917,-0.78188145160675
0.569776594638824,-0.0261913277208805,1.31958556175232,-0.123995833098888,0.096988208591938,0.603224515914917,-0.78188145160675
0.569974482059479,-0.0253497269004583,1.31929850578308,-0.12487531453371,0.0953466668725013,0.607000529766083,-0.779015719890594
0.570172429084778,-0.024718876928091,1.31947731971741,-0.124592021107674,0.0959992632269859,0.60710334777832,-0.778900802135468
0.569975137710571,-0.0247138235718011,1.31947648525238,-0.124100036919117,0.0984116569161415,0.60868501663208,-0.777442634105682
0.570131182670593,-0.0240614116191864,1.31926345825195,-0.123986266553402,0.0987663492560386,0.609533071517944,-0.776750981807709
0.570078492164612,-0.0235817171633243,1.31924080848694,-0.124548748135567,0.100409008562565,0.60998547077179,-0.776094973087311
0.57049685716629,-0.0230705961585044,1.3192526102066,-0.124847859144211,0.0968436524271965,0.612581372261047,-0.774453639984131
0.570564806461334,-0.022256214171648,1.319291472435,-0.125509679317474,0.0964152216911315,0.612856328487396,-0.774182558059692
0.570557713508606,-0.0220012255012989,1.31912744045258,-0.124455615878105,0.0965423062443733,0.614302337169647,-0.773190200328827
0.570557713508606,-0.0220012255012989,1.31912744045258,-0.124455615878105,0.0965423062443733,0.614302337169647,-0.773190200328827
0.570733368396759,-0.0212518386542797,1.31909942626953,-0.124544851481915,0.0998281612992286,0.615153014659882,-0.772081434726715
0.570851445198059,-0.0205787681043148,1.31901204586029,-0.124636128544807,0.0975132659077644,0.616934239864349,-0.770940482616425
0.5707927942276,-0.020511444658041,1.31894671916962,-0.123881608247757,0.101838476955891,0.616936802864075,-0.770500779151917
0.571182787418365,-0.0199565626680851,1.31922316551208,-0.123711228370667,0.0986183285713195,0.618063449859619,-0.770043909549713
0.571117341518402,-0.0192886665463447,1.31912803649902,-0.122486770153046,0.0981469973921775,0.618224918842316,-0.770170211791992
0.571374237537384,-0.0189728066325187,1.31910288333893,-0.122909933328628,0.102940835058689,0.618339478969574,-0.769384682178497
0.571428954601288,-0.0185745488852262,1.31910383701324,-0.122349128127098,0.103402525186539,0.618785262107849,-0.769053518772125
0.571586787700653,-0.0182200986891984,1.31925368309021,-0.122705526649952,0.104025103151798,0.619518101215363,-0.7683225274086
0.571799755096436,-0.0180932488292455,1.31937277317047,-0.121703453361988,0.10534929484129,0.620493531227112,-0.767513990402222
0.571885049343109,-0.0171986036002635,1.31916999816895,-0.120560206472874,0.0998676270246505,0.621132493019104,-0.767910361289978
0.571985006332397,-0.0167667083442211,1.31943511962891,-0.120097123086452,0.10024282336235,0.621461033821106,-0.767668128013611
0.572126090526581,-0.0169784929603338,1.31947326660156,-0.119048863649368,0.10575757920742,0.621869444847107,-0.766760230064392
0.572148084640503,-0.0166593231260776,1.3195081949234,-0.119149319827557,0.105757728219032,0.622586131095886,-0.766162693500519
0.572313249111176,-0.0159596893936395,1.31957364082336,-0.118694998323917,0.10172526538372,0.623474359512329,-0.766056895256042
0.572468280792236,-0.0156908426433801,1.31963682174683,-0.118129424750805,0.102336160838604,0.624089002609253,-0.765562415122986
0.572632551193237,-0.0149227362126111,1.3195686340332,-0.118602909147739,0.101607471704483,0.624276101589203,-0.765433609485626
0.572717428207397,-0.0146250538527965,1.31959736347198,-0.118069335818291,0.101715475320816,0.624795615673065,-0.765077829360962
0.572843313217163,-0.0145669467747211,1.31962883472443,-0.117870226502419,0.105975151062012,0.624778985977173,-0.764543771743774
0.573075175285339,-0.0140342283993959,1.31973135471344,-0.118269525468349,0.10613214224577,0.624970197677612,-0.764304041862488
0.57329124212265,-0.0134647786617279,1.31979584693909,-0.117515839636326,0.102671638131142,0.626209795475006,-0.763878226280212
0.573370754718781,-0.0136084668338298,1.31983351707458,-0.115143246948719,0.103478409349918,0.626981854438782,-0.763497233390808
0.573525130748749,-0.0132614448666572,1.31983995437622,-0.114782333374023,0.103597864508629,0.627514719963074,-0.763097584247589
0.573730230331421,-0.0127530079334974,1.31977295875549,-0.115737237036228,0.107304893434048,0.626388549804688,-0.763366103172302
0.573866546154022,-0.0125100947916507,1.31985640525818,-0.116062574088573,0.107467301189899,0.627790927886963,-0.762141048908234
0.574065387248993,-0.0127756223082542,1.31987190246582,-0.114066414535046,0.108628995716572,0.629277050495148,-0.761051297187805
0.574294984340668,-0.011864555068314,1.31986212730408,-0.11514450609684,0.107620187103748,0.62909460067749,-0.761183023452759
0.574493587017059,-0.0121372789144515,1.31990766525269,-0.113347724080086,0.108769059181213,0.630127668380737,-0.760434687137604
0.574677467346191,-0.0117494706064462,1.31977653503418,-0.112272292375565,0.108872696757317,0.630197703838348,-0.760521352291107
0.575073063373566,-0.0108557399362325,1.31999683380127,-0.11413698643446,0.108132503926754,0.630348265171051,-0.760224521160126
0.575394153594971,-0.0102459378540515,1.319908618927,-0.114152923226357,0.103586912155151,0.631306052207947,-0.760060250759125
0.575423657894135,-0.0102630173787474,1.31971502304077,-0.113815970718861,0.107959032058716,0.631193339824677,-0.75959575176239
0.575647413730621,-0.0099330488592386,1.31969606876373,-0.113442160189152,0.108020566403866,0.631870746612549,-0.759079575538635
0.575647413730621,-0.0099330488592386,1.31969606876373,-0.113442160189152,0.108020566403866,0.631870746612549,-0.759079575538635
0.576146841049194,-0.0088089294731616,1.31985223293304,-0.114845357835293,0.103334628045559,0.633688867092133,-0.758004546165466
0.576214969158173,-0.0088552515953779,1.31977534294128,-0.112552247941494,0.103932715952396,0.634389102458954,-0.757681012153625
0.576693713665009,-0.0085948221385478,1.31964528560638,-0.111858978867531,0.108349025249481,0.634130239486694,-0.757381737232208
0.576954662799835,-0.0081796273589134,1.31961572170258,-0.111448690295219,0.107616141438484,0.633795142173767,-0.75782698392868
0.577098309993744,-0.0081175798550248,1.31963992118835,-0.109922550618649,0.104432709515095,0.635792374610901,-0.756821632385254
0.577229976654053,-0.0079902056604623,1.31951200962067,-0.10926716029644,0.107956007122993,0.635288953781128,-0.756844997406006
0.577737152576447,-0.0072715217247605,1.31956768035889,-0.11164253205061,0.107734091579914,0.635594546794891,-0.756273090839386
0.577852547168732,-0.0074850786477327,1.31957983970642,-0.109895929694176,0.108553856611252,0.636273264884949,-0.755840837955475
0.578250586986542,-0.0064073931425809,1.31949210166931,-0.111103795468807,0.103412091732025,0.636971592903137,-0.75579708814621
0.578388750553131,-0.0065508261322975,1.31948518753052,-0.108978919684887,0.103962041437626,0.637447118759155,-0.755630075931549
0.57871013879776,-0.0060639511793851,1.31936180591583,-0.110334649682045,0.107609815895557,0.636765718460083,-0.755496978759766
0.578845024108887,-0.006035738158971,1.31942319869995,-0.10937750339508,0.107816591858864,0.63737428188324,-0.755093574523926
0.579179763793945,-0.0057978993281722,1.31944584846497,-0.109186813235283,0.108314529061317,0.637797892093658,-0.754692077636719
0.579179763793945,-0.0057978993281722,1.31944584846497,-0.109186813235283,0.108314529061317,0.637797892093658,-0.754692077636719
0.579424440860748,-0.0048307385295629,1.31941294670105,-0.110850386321545,0.103832721710205,0.639117777347565,-0.753962635993958
0.579994678497314,-0.0046038669534027,1.31930553913116,-0.111110500991344,0.108552992343903,0.638668715953827,-0.753639817237854
0.580267667770386,-0.0040518715977668,1.31930923461914,-0.110751703381538,0.104326993227005,0.63941502571106,-0.753656685352325
0.58043897151947,-0.0039146896451711,1.31935727596283,-0.110939390957355,0.10844624787569,0.638633906841278,-0.75370991230011
0.580595791339874,-0.0041511720046401,1.31948089599609,-0.108603820204735,0.109737455844879,0.639073431491852,-0.753490567207336
0.580850839614868,-0.0035095633938908,1.31937456130981,-0.108688108623028,0.105441197752953,0.639874696731567,-0.753411889076233
0.581134021282196,-0.0034757182002067,1.31948006153107,-0.10878998786211,0.109971292316914,0.638759553432465,-0.753695785999298
0.581226110458374,-0.0034075549338012,1.31940388679504,-0.108433082699776,0.110447406768799,0.639515280723572,-0.753036379814148
0.581323325634003,-0.0031530577689409,1.31932187080383,-0.108098678290844,0.109985128045082,0.639578878879547,-0.75309818983078
0.581591486930847,-0.0028167555574327,1.31940007209778,-0.108513742685318,0.109983198344707,0.639520227909088,-0.753088653087616
0.581760942935944,-0.0020468323491513,1.3194477558136,-0.110512733459473,0.106972888112068,0.638717532157898,-0.753912270069122
0.581974625587463,-0.001737060258165,1.31946551799774,-0.109943181276321,0.107351467013359,0.638436198234558,-0.754180133342743
0.582160830497742,-0.0016037181485444,1.31957316398621,-0.109766572713852,0.107603460550308,0.638515412807465,-0.754102766513824
0.582441866397858,-0.0012643146328628,1.31960892677307,-0.110534340143204,0.109391301870346,0.637716174125671,-0.754409551620483
0.582481861114502,-0.0009833162184804,1.31948447227478,-0.110373497009277,0.109161198139191,0.637370228767395,-0.754758715629578
0.582811594009399,-0.0008270272519439,1.31962954998016,-0.110815420746803,0.109748966991901,0.637682616710663,-0.754344701766968
0.582811594009399,-0.0008270272519439,1.31962954998016,-0.110815420746803,0.109748966991901,0.637682616710663,-0.754344701766968
0.582713067531586,-0.0002483134157955,1.31945300102234,-0.11132375150919,0.10468665510416,0.638626396656036,-0.754190981388092
0.582713067531586,-0.0002483134157955,1.31945300102234,-0.11132375150919,0.10468665510416,0.638626396656036,-0.754190981388092
0.583504617214203,-0.000371656846255,1.31972789764404,-0.1102554500103,0.106691360473633,0.638599097728729,-0.754090070724487
0.583534777164459,-0.0002979882992804,1.3196702003479,-0.110006287693977,0.106619939208031,0.638606190681458,-0.75413054227829
0.583540797233582,3.94759699702263e-05,1.31945776939392,-0.110128350555897,0.105929344892502,0.638042151927948,-0.754687368869781
0.583746433258057,0.0002695438452064,1.31953001022339,-0.110631383955479,0.106058098375797,0.637745797634125,-0.754846155643463
0.583867430686951,0.000412480905652,1.31953728199005,-0.110818482935429,0.105992190539837,0.637483417987823,-0.755049645900726
0.5839604139328,0.000490368809551,1.31951582431793,-0.111444741487503,0.106203332543373,0.637690901756287,-0.754752516746521
0.583910584449768,0.0004643560387194,1.31936931610107,-0.110727995634079,0.106207512319088,0.637357175350189,-0.755139172077179
0.583932459354401,0.0007130247540771,1.31926727294922,-0.110897518694401,0.105866193771362,0.636857330799103,-0.755583703517914
0.584014654159546,0.0007476671598851,1.31913900375366,-0.110919207334518,0.105845600366592,0.636939644813538,-0.755514085292816
0.584363579750061,0.0008215457201004,1.31949710845947,-0.111629195511341,0.10659784078598,0.636896014213562,-0.755340576171875
0.584469139575958,0.0009274631738662,1.31949043273926,-0.111949443817139,0.105827324092388,0.636580884456635,-0.75566703081131
0.584538638591766,0.0009804926812648,1.31947708129883,-0.111790850758552,0.106676012277603,0.63633918762207,-0.755774676799774
0.584558129310608,0.0017396654002368,1.31938934326172,-0.113404087722301,0.105120219290257,0.635200202465057,-0.756709933280945
0.584691882133484,0.0011104340665042,1.31946408748627,-0.112021163105965,0.106788836419582,0.635762453079224,-0.756210029125214
0.584610283374786,0.0012226779945194,1.31930792331696,-0.111788600683212,0.106340929865837,0.634975135326385,-0.75696873664856
0.584677696228027,0.0013050949200987,1.31929838657379,-0.111815169453621,0.106281779706478,0.634552657604218,-0.757327258586884
0.584854781627655,0.001147816888988,1.31931233406067,-0.112488709390163,0.111046776175499,0.633656919002533,-0.757293820381165
0.585054814815521,0.0012448108755052,1.3194568157196,-0.112921349704266,0.109441846609116,0.633431792259216,-0.757651269435883
0.585134387016296,0.0011851834133267,1.31945252418518,-0.113244190812111,0.111297637224197,0.633509576320648,-0.757267534732819
0.585134387016296,0.0011851834133267,1.31945252418518,-0.113244190812111,0.111297637224197,0.633509576320648,-0.757267534732819
0.585274517536163,0.0011725961230695,1.31943082809448,-0.113585136830807,0.111638933420181,0.632952451705933,-0.757632076740265
0.585270762443542,0.0011248285882174,1.31927716732025,-0.113461405038834,0.111477643251419,0.632808566093445,-0.757794737815857
0.585356891155243,0.0010734950192272,1.3192253112793,-0.113599352538586,0.111915364861488,0.632670223712921,-0.757824897766113
0.58529269695282,0.0009379340335726,1.31916320323944,-0.113374590873718,0.11115787178278,0.632697522640228,-0.757947385311127
0.585359394550323,0.0009834868833422,1.31914401054382,-0.113092869520187,0.111382856965065,0.63214385509491,-0.758418142795563
0.585444748401642,0.0011011981405317,1.31926167011261,-0.113296441733837,0.11145381629467,0.631136953830719,-0.759215533733368
0.585455238819122,0.0010660840198397,1.31923544406891,-0.113310962915421,0.112284772098064,0.631032228469849,-0.75917786359787
0.585497438907623,0.0010085422545671,1.3192310333252,-0.113514445722103,0.112508937716484,0.63088196516037,-0.759239375591278
0.585463762283325,0.000875967554748,1.31919693946838,-0.114322565495968,0.112401679158211,0.631779670715332,-0.7583869099617
0.585321009159088,0.0008421959355473,1.31902146339417,-0.113967947661877,0.11223754286766,0.631175935268402,-0.758967101573944
0.585334599018097,0.0007653413340449,1.31901657581329,-0.114207036793232,0.112547360360622,0.631172358989716,-0.758888185024261
0.585348963737488,0.000723264645785,1.3189994096756,-0.114431813359261,0.112693727016449,0.631152272224426,-0.758849322795868
0.585316956043243,0.0005801101215183,1.31883251667023,-0.114304475486279,0.112677171826363,0.631255209445953,-0.758785367012024
0.585464239120483,0.0005936650559306,1.31909954547882,-0.115090116858482,0.113362371921539,0.63077712059021,-0.758962213993073
0.585482835769653,0.0005287346430122,1.31910109519958,-0.115217782557011,0.113510064780712,0.630743026733398,-0.758949041366577
0.585404276847839,0.0011497130617499,1.31890952587128,-0.116472981870174,0.110208131372929,0.629516243934631,-0.760261535644531
0.585474789142609,0.0013212817721068,1.31893980503082,-0.116983443498611,0.108046554028988,0.630178689956665,-0.759944498538971
0.585459053516388,0.0012276247143745,1.31888854503632,-0.117078341543674,0.108105063438415,0.630347073078156,-0.759781837463379
0.585516214370728,0.0009817839600145,1.31887459754944,-0.116701543331146,0.112851485610008,0.62911593914032,-0.760170102119446
0.585476875305176,0.0011066664010286,1.31886792182922,-0.117482252418995,0.108328767120838,0.63044935464859,-0.759602725505829
0.585478961467743,0.0010558879002928,1.31885015964508,-0.117655299603939,0.108425825834274,0.630482196807861,-0.759534955024719
0.585374176502228,0.0007089632563292,1.31894838809967,-0.116992756724358,0.109316140413284,0.631142318248749,-0.758961200714111
0.585374176502228,0.0007089632563292,1.31894838809967,-0.116992756724358,0.109316140413284,0.631142318248749,-0.758961200714111
0.585426449775696,0.0010098693892359,1.31882357597351,-0.118530035018921,0.108570232987404,0.630859136581421,-0.7590651512146
0.585433423519135,0.0009552179835736,1.318812251091,-0.118847712874412,0.108731001615524,0.630985736846924,-0.758887350559235
0.58552747964859,0.0008159484714269,1.31880080699921,-0.118380546569824,0.10893327742815,0.630764245986938,-0.759115397930145
0.585637867450714,0.0006188945844769,1.31894850730896,-0.119520910084248,0.109292842447758,0.631987631320953,-0.757866382598877
0.585646271705627,0.0005562724545598,1.31893515586853,-0.119747973978519,0.109298966825008,0.632313549518585,-0.75755774974823
0.585580885410309,8.28499905765057e-05,1.31876659393311,-0.119706265628338,0.114053070545197,0.63242518901825,-0.756769955158234
0.585577607154846,1.91256403923035e-05,1.31875646114349,-0.119972825050354,0.114214427769184,0.632906198501587,-0.756301164627075
0.585577607154846,1.91256403923035e-05,1.31875646114349,-0.119972825050354,0.114214427769184,0.632906198501587,-0.756301164627075
0.585673213005066,-0.0003621205687522,1.31868863105774,-0.119919843971729,0.113506287336349,0.634739696979523,-0.754878282546997
0.585720658302307,-1.35572627186775e-05,1.3187210559845,-0.120917096734047,0.113250255584717,0.634436726570129,-0.755012273788452
0.585720658302307,-1.35572627186775e-05,1.3187210559845,-0.120917096734047,0.113250255584717,0.634436726570129,-0.755012273788452
0.585727572441101,-1.81589275598526e-05,1.31887805461884,-0.120688378810882,0.115936882793903,0.635275185108185,-0.75393533706665
0.585797965526581,0.0001818183809518,1.31888246536255,-0.12079768627882,0.111536547541618,0.636398613452911,-0.7536341547966
0.585721075534821,-1.96369364857674e-05,1.31885409355164,-0.120754063129425,0.111551567912102,0.637446343898773,-0.752752900123596
0.585770487785339,-0.0009967270307242,1.31886625289917,-0.119456574320793,0.117984391748905,0.638722956180573,-0.750894665718079
0.585770487785339,-0.0009967270307242,1.31886625289917,-0.119456574320793,0.117984391748905,0.638722956180573,-0.750894665718079
0.585952401161194,-0.0010253600776195,1.3189845085144,-0.12080156058073,0.114704288542271,0.641540586948395,-0.748782753944397
0.586056351661682,-0.001155924052,1.31899666786194,-0.12085098773241,0.11589153856039,0.642551302909851,-0.747724592685699
0.585975527763367,-0.0013774884864687,1.31885719299316,-0.120484612882137,0.118303693830967,0.642720103263855,-0.747260630130768
0.586157977581024,-0.0008991863578557,1.31883907318115,-0.121189996600151,0.119617648422718,0.642857134342194,-0.746819496154785
0.586219251155853,-0.0010813963599503,1.31881773471832,-0.121117673814297,0.120926834642887,0.644626379013062,-0.74509334564209
0.586223125457764,-0.0011942144483327,1.31877517700195,-0.120399489998817,0.117060326039791,0.646569430828094,-0.744143009185791
0.586039245128632,-0.001229447312653,1.31870794296265,-0.121539570391178,0.117774188518524,0.648033201694489,-0.742570221424103
0.586297929286957,-0.0019250223413109,1.31870698928833,-0.120125666260719,0.125269904732704,0.649436175823212,-0.740344524383545
0.586205244064331,-0.0016217418015003,1.31873202323914,-0.120172649621964,0.119506701827049,0.652243733406067,-0.73881995677948
0.586414575576782,-0.0011503552086651,1.31879758834839,-0.123697355389595,0.117162242531776,0.652982831001282,-0.737960517406464
0.586459338665009,-0.0017566308379173,1.31873965263367,-0.122837118804455,0.121401593089104,0.655567467212677,-0.735121965408325
0.586548030376434,-0.0018583144992589,1.31874632835388,-0.123258352279663,0.121889196336269,0.657851696014404,-0.732926666736603
0.5866659283638,-0.0021002111025154,1.31875061988831,-0.120619654655457,0.122730642557144,0.661473035812378,-0.729960143566132
0.58695250749588,-0.0025744582526385,1.31875157356262,-0.118481561541557,0.127757474780083,0.664167881011963,-0.726994633674622
0.587120831012726,-0.0020805452950298,1.31876516342163,-0.123998045921326,0.127667814493179,0.666122794151306,-0.724296748638153
0.587224423885345,-0.0023057046346366,1.31878161430359,-0.123946323990822,0.128764241933823,0.670183002948761,-0.720355331897736
0.587514877319336,-0.0024045500904321,1.31873154640198,-0.12605793774128,0.13014779984951,0.673682034015656,-0.716465950012207
0.587345123291016,-0.0031264175195246,1.31869328022003,-0.122013069689274,0.131241291761398,0.679278790950775,-0.711666285991669
0.587345123291016,-0.0031264175195246,1.31869328022003,-0.122013069689274,0.131241291761398,0.679278790950775,-0.711666285991669
0.587791562080383,-0.003130916506052,1.31856060028076,-0.123513348400593,0.125840753316879,0.68827748298645,-0.703692257404327
0.587610483169556,-0.0023277709260582,1.31852793693542,-0.126966670155525,0.1276725679636,0.691301703453064,-0.699772298336029
0.588333368301392,-0.0027529206126928,1.31863939762115,-0.127490133047104,0.128206580877304,0.696073114871979,-0.694832146167755
0.588028848171234,-0.0033978996798396,1.31856143474579,-0.120827451348305,0.129828304052353,0.702542901039124,-0.689187109470367
0.588044822216034,-0.0036014667712152,1.31852066516876,-0.12215306609869,0.130805447697639,0.707046031951904,-0.684145152568817
0.588100671768188,-0.003771016607061,1.31851446628571,-0.122363172471523,0.132205933332443,0.711540877819061,-0.679160177707672
0.588143408298492,-0.004018310457468,1.31846356391907,-0.124960415065289,0.133779317140579,0.715418040752411,-0.674288511276245
0.588272988796234,-0.0037100571207702,1.31837844848633,-0.124428480863571,0.134581759572029,0.719557642936707,-0.669807553291321
0.587589502334595,-0.0032531884498894,1.31844043731689,-0.12594823539257,0.14002950489521,0.722001731395721,-0.665764570236206
0.588350415229797,-0.00380952632986,1.31839382648468,-0.126540318131447,0.136827409267426,0.726464688777924,-0.661449134349823
0.588262617588043,-0.0038442637305706,1.31838309764862,-0.12417147308588,0.138024315237999,0.730533719062805,-0.657153785228729
0.588262617588043,-0.0038442637305706,1.31838309764862,-0.12417147308588,0.138024315237999,0.730533719062805,-0.657153785228729
0.588076949119568,-0.0040335617959499,1.31836628913879,-0.122357450425625,0.140427649021149,0.737306773662567,-0.649374723434448
0.588183879852295,-0.0039298785850405,1.31842875480652,-0.129796430468559,0.142467811703682,0.73802250623703,-0.64666748046875
0.588038980960846,-0.0041773030534386,1.31846225261688,-0.128521963953972,0.143780529499054,0.741019427776337,-0.643194794654846
0.587919533252716,-0.0041636014357209,1.31849336624146,-0.128752484917641,0.144233554601669,0.74295848608017,-0.640806078910828
0.587919533252716,-0.0041636014357209,1.31849336624146,-0.128752484917641,0.144233554601669,0.74295848608017,-0.640806078910828
0.587679445743561,-0.0041493377648293,1.3184986114502,-0.128519222140312,0.146504506468773,0.746581971645355,-0.636109113693237
0.587546288967133,-0.0041141579858958,1.31847453117371,-0.127772361040115,0.147715494036674,0.748133420944214,-0.634153664112091
0.587320923805237,-0.0041148168966174,1.31844294071198,-0.12947478890419,0.147938743233681,0.749686598777771,-0.63191819190979
0.587320923805237,-0.0041148168966174,1.31844294071198,-0.12947478890419,0.147938743233681,0.749686598777771,-0.63191819190979
0.587013065814972,-0.0038204635493457,1.31851708889008,-0.122817061841488,0.147837981581688,0.753707051277161,-0.628478825092316
0.586891829967499,-0.0037622828967869,1.31843996047974,-0.12092262506485,0.149704173207283,0.755169689655304,-0.626645863056183
0.586817920207977,-0.0035203583538532,1.31848788261414,-0.121273420751095,0.150449022650719,0.756152510643005,-0.625212907791138
0.586515605449677,-0.0034796877298504,1.31843733787537,-0.120978653430939,0.151511952280998,0.757908225059509,-0.622883141040802
0.586404263973236,-0.0032016211189329,1.31848287582397,-0.121651537716389,0.152324035763741,0.758762896060944,-0.621511936187744
0.586404263973236,-0.0032016211189329,1.31848287582397,-0.121651537716389,0.152324035763741,0.758762896060944,-0.621511936187744
0.586223363876343,-0.0023827247787266,1.31836497783661,-0.125627502799034,0.149800986051559,0.755083322525024,-0.625800788402557
0.586105048656464,-0.0021360090468078,1.31838536262512,-0.132276251912117,0.151734292507172,0.754175305366516,-0.625059604644775
0.585858285427094,-0.0022152478341013,1.31837427616119,-0.122953899204731,0.158628031611443,0.759885251522064,-0.618299186229706
0.585764110088348,-0.0015560621395707,1.31839394569397,-0.131760224699974,0.153816908597946,0.755769312381744,-0.62272983789444
0.585627317428589,-0.0012184204533696,1.31841552257538,-0.132471784949303,0.154042258858681,0.755805671215057,-0.622478902339935
0.585627317428589,-0.0012184204533696,1.31841552257538,-0.132471784949303,0.154042258858681,0.755805671215057,-0.622478902339935
0.585015773773193,-0.0011087320744991,1.3185031414032,-0.129002541303635,0.16083137691021,0.762324571609497,-0.613476097583771
0.585071563720703,-0.000806878786534,1.31851422786713,-0.125072166323662,0.163433521986008,0.763058602809906,-0.612689077854156
0.584876835346222,-0.0004763854667544,1.31850802898407,-0.125760793685913,0.164267241954803,0.763633966445923,-0.611607491970062
0.584649860858917,-0.0004297234117984,1.31854259967804,-0.119774259626865,0.163427799940109,0.765791594982147,-0.610334873199463
0.584420323371887,0.000162340234965,1.31849813461304,-0.120161153376102,0.163845047354698,0.766372680664062,-0.609417140483856
0.584252297878265,0.000496860127896,1.31852626800537,-0.120616167783737,0.164908602833748,0.767064094543457,-0.608169078826904
0.584066569805145,0.0009286664426326,1.31854319572449,-0.121295072138309,0.165734097361565,0.767413139343262,-0.60736882686615
0.58392608165741,0.0013279463164508,1.31857395172119,-0.122689679265022,0.166599601507187,0.767873167991638,-0.606269538402557
0.583789706230164,0.0016970820724964,1.31858587265015,-0.12295588105917,0.167926520109177,0.768505096435547,-0.605047583580017
0.583630800247192,0.0020598960109055,1.31856262683868,-0.123173229396343,0.168641477823257,0.769156336784363,-0.603975892066956
0.58345901966095,0.00249983696267,1.31855964660645,-0.124406605958939,0.169967830181122,0.76955634355545,-0.602840721607208
0.583159387111664,0.0028243078850209,1.31855821609497,-0.124131090939045,0.171908885240555,0.76985114812851,-0.601970195770264
0.583159387111664,0.0028243078850209,1.31855821609497,-0.124131090939045,0.171908885240555,0.76985114812851,-0.601970195770264
0.583046555519104,0.0037990608252584,1.31848514080048,-0.124299488961697,0.173665270209312,0.770842492580414,-0.60015994310379
0.582906544208527,0.004235706757754,1.31846988201141,-0.124461621046066,0.174342602491379,0.771069228649139,-0.599638521671295
0.582698404788971,0.0046805581077933,1.31844615936279,-0.124608248472214,0.175394922494888,0.771330773830414,-0.598964333534241
0.582578361034393,0.0051006646826863,1.31861352920532,-0.130072697997093,0.178853005170822,0.77034068107605,-0.598053693771362
0.582168698310852,0.0053628850728273,1.31856060028076,-0.123751908540726,0.177651211619377,0.772220730781555,-0.597328126430511
0.581949889659882,0.0059129716828465,1.31836259365082,-0.123931407928467,0.178692504763603,0.772077620029449,-0.597165048122406
0.581977963447571,0.0064364382997155,1.318363904953,-0.124262765049934,0.179995819926262,0.772016525268555,-0.596783876419067
0.581735074520111,0.00676123611629,1.31849980354309,-0.123598545789719,0.181094542145729,0.772486329078674,-0.595980763435364
0.581478416919708,0.0072287200018763,1.31848835945129,-0.123297683894634,0.182679906487465,0.772349953651428,-0.595735907554626
0.581118047237396,0.0080051580443978,1.31829559803009,-0.122793301939964,0.182888150215149,0.771734833717346,-0.596572756767273
0.580940663814545,0.0084729325026273,1.31838440895081,-0.122709535062313,0.18413670361042,0.771734535694122,-0.596206247806549
0.580605924129486,0.0090481163933873,1.31829559803009,-0.122192718088627,0.184921458363533,0.771884918212891,-0.595874786376953
0.580310225486755,0.0096382470801472,1.31832528114319,-0.122277349233627,0.1856499761343,0.77142858505249,-0.596221685409546
0.580049157142639,0.0102284932509064,1.31831419467926,-0.122115552425384,0.186833843588829,0.770955979824066,-0.596496284008026
0.57988703250885,0.0108593944460153,1.31834208965302,-0.122200176119804,0.188147664070129,0.770479023456573,-0.59668242931366
0.579681754112244,0.0116094294935464,1.31834602355957,-0.127926424145698,0.191170662641525,0.768471956253052,-0.597109496593475
0.57926082611084,0.0122416466474533,1.31826210021973,-0.127287447452545,0.192340195178986,0.767962515354156,-0.597525537014008
0.579023122787476,0.0130455670878291,1.31831014156342,-0.127319440245628,0.193907082080841,0.767318069934845,-0.597840189933777
0.578578293323517,0.0137240327894687,1.31826877593994,-0.121546410024166,0.19312085211277,0.76815527677536,-0.598221063613892
0.578353822231293,0.0142884366214275,1.31827127933502,-0.126409813761711,0.196659818291664,0.766183316707611,-0.598588764667511
0.577928245067596,0.0151498429477214,1.3182133436203,-0.122132949531078,0.196100741624832,0.766314387321472,-0.599491775035858
0.577575862407684,0.0161087624728679,1.31815409660339,-0.125151246786117,0.198408499360085,0.764445304870605,-0.600495398044586
0.577195644378662,0.0168758518993854,1.31819367408752,-0.121715754270554,0.197982758283615,0.764742434024811,-0.600963413715363
0.57673043012619,0.0177296064794063,1.31811320781708,-0.121830552816391,0.199422299861908,0.763581931591034,-0.601939141750336
0.576388597488403,0.0187146738171577,1.31808137893677,-0.122378833591938,0.200674146413803,0.762556910514832,-0.602710783481598
0.575790464878082,0.0195343382656574,1.31813502311707,-0.119918875396252,0.201727285981178,0.762051641941071,-0.603492379188538
0.575790464878082,0.0195343382656574,1.31813502311707,-0.119918875396252,0.201727285981178,0.762051641941071,-0.603492379188538
0.574921727180481,0.0215634573251009,1.31773316860199,-0.129779696464538,0.207199260592461,0.75664210319519,-0.606397867202759
0.57451057434082,0.022725174203515,1.31771683692932,-0.1304871737957,0.209206253290176,0.755237340927124,-0.607307553291321
0.573782444000244,0.0238708052784204,1.31754720211029,-0.121210463345051,0.206096097826958,0.756933271884918,-0.608181357383728
0.573782444000244,0.0238708052784204,1.31754720211029,-0.121210463345051,0.206096097826958,0.756933271884918,-0.608181357383728
0.572464942932129,0.0261191073805093,1.31738436222076,-0.118293091654777,0.208761543035507,0.75485759973526,-0.610422432422638
0.571994125843048,0.027453675866127,1.31732630729675,-0.118609219789505,0.212690994143486,0.752971231937408,-0.611333549022675
0.571165800094604,0.0286131091415882,1.31709027290344,-0.116456665098667,0.214551255106926,0.752052187919617,-0.612228095531464
0.570411920547485,0.0300600845366716,1.31684398651123,-0.116792470216751,0.216631427407265,0.749855637550354,-0.614122927188873
0.569723427295685,0.0314117670059204,1.31664419174194,-0.116159662604332,0.218408569693565,0.748757183551788,-0.614953100681305
0.569068312644958,0.0328194014728069,1.31664478778839,-0.116316549479961,0.221032336354256,0.747012794017792,-0.616106390953064
0.56828635931015,0.034078013151884,1.31642508506775,-0.121318832039833,0.225203603506088,0.743275821208954,-0.618147373199463
0.56828635931015,0.034078013151884,1.31642508506775,-0.121318832039833,0.225203603506088,0.743275821208954,-0.618147373199463
0.566881656646729,0.0371951237320899,1.31617832183838,-0.127435818314552,0.231610909104347,0.73785936832428,-0.621031403541565
0.566100239753723,0.0391242429614067,1.31590867042542,-0.133876100182533,0.227870315313339,0.731600761413574,-0.62842071056366
0.565060675144196,0.0409466102719306,1.31546473503113,-0.133177235722542,0.229951396584511,0.729065895080566,-0.630752921104431
0.565060675144196,0.0409466102719306,1.31546473503113,-0.133177235722542,0.229951396584511,0.729065895080566,-0.630752921104431
0.562716126441956,0.0438667088747024,1.31512486934662,-0.124983295798302,0.239608764648438,0.730990946292877,-0.626593291759491
0.561266303062439,0.0449956059455871,1.31492865085602,-0.123191550374031,0.243077576160431,0.730352461338043,-0.626356542110443
0.560402393341064,0.0469834133982658,1.31488955020905,-0.124967686831951,0.242466524243355,0.723645687103271,-0.633979499340057
0.55905419588089,0.0489615760743618,1.31399786472321,-0.124303504824638,0.244262158870697,0.722176909446716,-0.635094583034515
0.557619750499725,0.0503148734569549,1.31367564201355,-0.120711550116539,0.251933366060257,0.723982691764832,-0.630719661712646
0.556390762329102,0.0521644875407218,1.31340420246124,-0.120514608919621,0.25553286075592,0.721613764762878,-0.632022798061371
0.556390762329102,0.0521644875407218,1.31340420246124,-0.120514608919621,0.25553286075592,0.721613764762878,-0.632022798061371
0.553784549236298,0.0556818656623363,1.31227958202362,-0.118685968220234,0.261705636978149,0.717650949954987,-0.634350895881653
0.5525141954422,0.057411141693592,1.31194925308228,-0.118344247341156,0.265530169010162,0.715303838253021,-0.635475158691406
0.551111280918121,0.0590833276510238,1.31137466430664,-0.117022283375263,0.268919080495834,0.713600873947144,-0.63620924949646
0.549868285655975,0.0609144642949104,1.31073272228241,-0.116571746766567,0.272144466638565,0.711365044116974,-0.637423038482666
0.548611998558044,0.0626557916402816,1.31021130084991,-0.115484662353992,0.275900214910507,0.709128558635712,-0.638497471809387
0.54700231552124,0.0643406733870506,1.30955231189728,-0.112800404429436,0.279515296220779,0.707736790180206,-0.638949155807495
0.54602724313736,0.0664379149675369,1.30898749828339,-0.113127872347832,0.283259987831116,0.704530000686646,-0.640783429145813
0.544657468795776,0.067843958735466,1.30867624282837,-0.112363249063492,0.286687761545181,0.703045308589935,-0.641024112701416
0.543300926685333,0.0692604929208755,1.30792391300201,-0.111091487109661,0.290623784065247,0.700833082199097,-0.641895353794098
0.542061865329742,0.070895031094551,1.30719530582428,-0.110162027180195,0.294159501791,0.698749721050262,-0.642715573310852
0.540863513946533,0.0722656920552253,1.30679953098297,-0.109827898442745,0.298594564199448,0.697048246860504,-0.642575263977051
0.539583027362823,0.0737688988447189,1.30585145950317,-0.108103051781654,0.301208227872849,0.694922089576721,-0.643949210643768
0.538385570049286,0.0751657932996749,1.30514585971832,-0.107965655624866,0.305031180381775,0.693099439144135,-0.644137144088745
0.537006139755249,0.0762848705053329,1.30458700656891,-0.106320738792419,0.308323502540588,0.691735804080963,-0.644309163093567
0.535834193229675,0.0775960385799408,1.30389928817749,-0.104955293238163,0.312261313199997,0.689744293689728,-0.64477127790451
0.535834193229675,0.0775960385799408,1.30389928817749,-0.104955293238163,0.312261313199997,0.689744293689728,-0.64477127790451
0.533861398696899,0.0807363465428352,1.30290079116821,-0.106655716896057,0.317206740379333,0.685753703117371,-0.646332979202271
0.532877624034882,0.0819555670022964,1.30200684070587,-0.106135904788971,0.320113599300385,0.68409788608551,-0.646740019321442
0.531726360321045,0.0830529257655143,1.3012843132019,-0.103954300284386,0.323785543441772,0.682476103305817,-0.646979868412018
0.530526876449585,0.0841338336467742,1.30095338821411,-0.102933026850223,0.326027750968933,0.680864632129669,-0.647714614868164
0.529567241668701,0.0848833918571472,1.30044627189636,-0.103212147951126,0.327365010976791,0.679937899112701,-0.647969007492065
0.528660178184509,0.0859660059213638,1.30009913444519,-0.103130526840687,0.331538438796997,0.677965223789215,-0.647927165031433
0.527847409248352,0.0873137414455413,1.29954040050507,-0.103530503809452,0.333038121461868,0.676007747650146,-0.649138331413269
0.526984751224518,0.0878611057996749,1.29934847354889,-0.102408222854137,0.335726380348206,0.674670279026031,-0.649323225021362
0.52614951133728,0.088562473654747,1.29901111125946,-0.102209411561489,0.336527466773987,0.673830032348633,-0.649811983108521
0.525315165519714,0.0893778353929519,1.29838263988495,-0.101335898041725,0.338241845369339,0.672410070896149,-0.650529146194458
0.524604856967926,0.0902841240167617,1.29804384708405,-0.101059950888157,0.338357836008072,0.670189142227173,-0.652799785137177
0.523987650871277,0.0910680890083313,1.29792237281799,-0.101613834500313,0.341770321130753,0.668704092502594,-0.652459025382996
0.523165822029114,0.0911660939455032,1.29787838459015,-0.100165717303753,0.342377483844757,0.668448328971863,-0.652626514434814
0.522745251655579,0.0920686870813369,1.29760193824768,-0.102970913052559,0.344666689634323,0.666248202323914,-0.653234481811523
0.522108256816864,0.092213824391365,1.29748046398163,-0.100445225834846,0.345071166753769,0.665750563144684,-0.653921186923981
0.521612167358398,0.0927064716815948,1.29735803604126,-0.100749053061008,0.345337122678757,0.664940595626831,-0.654557824134827
0.521180033683777,0.0928172692656517,1.2974237203598,-0.101459994912147,0.347483724355698,0.663645207881927,-0.654626667499542
0.520710825920105,0.093168243765831,1.2973598241806,-0.100988917052746,0.348460495471954,0.663696348667145,-0.65412825345993
0.520312070846558,0.0932734310626983,1.29740905761719,-0.10122562199831,0.347769320011139,0.663352012634277,-0.654808461666107
0.520121216773987,0.0936759263277053,1.29753243923187,-0.102881327271461,0.348145365715027,0.662384450435638,-0.655329883098602
0.51989358663559,0.0938000380992889,1.29755747318268,-0.103194393217564,0.348151385784149,0.661792278289795,-0.655875444412231
0.519696235656738,0.093968391418457,1.29758131504059,-0.103600583970547,0.349350154399872,0.661074578762054,-0.655897796154022
0.519583344459534,0.094182088971138,1.29765713214874,-0.104042865335941,0.348636239767075,0.660594284534454,-0.656691014766693
0.519458532333374,0.0941303074359893,1.2976256608963,-0.104285776615143,0.348279297351837,0.660363495349884,-0.65707403421402
0.519458532333374,0.0941303074359893,1.2976256608963,-0.104285776615143,0.348279297351837,0.660363495349884,-0.65707403421402
0.519379198551178,0.094046875834465,1.29786419868469,-0.105463571846485,0.346246600151062,0.659306526184082,-0.659018814563751
0.519335925579071,0.0939898043870925,1.297847032547,-0.10546188056469,0.3446886241436,0.659403860569,-0.659737884998322
0.519208908081055,0.0936551243066787,1.29820930957794,-0.10599859058857,0.343759626150131,0.659663677215576,-0.659876823425293
0.51914644241333,0.0933255776762962,1.29846251010895,-0.106674499809742,0.343959420919418,0.66032874584198,-0.658998072147369
0.519240915775299,0.0931847691535949,1.29892718791962,-0.108118794858456,0.342185825109482,0.660555422306061,-0.659458637237549
0.519524574279785,0.0930594056844711,1.29917943477631,-0.109205365180969,0.340692102909088,0.65911203622818,-0.661494076251984
0.519522428512573,0.0925574302673339,1.2991349697113,-0.108654394745827,0.338841527700424,0.659508466720581,-0.662140011787415
0.519522428512573,0.0925574302673339,1.2991349697113,-0.108654394745827,0.338841527700424,0.659508466720581,-0.662140011787415
0.519556283950806,0.0913356244564056,1.29992651939392,-0.108431823551655,0.335834443569183,0.660441040992737,-0.662778556346893
0.519635081291199,0.0910589024424552,1.30021953582764,-0.109626770019531,0.334209799766541,0.659825682640076,-0.664015054702759
0.519533514976501,0.0900967344641685,1.30048155784607,-0.108479835093021,0.331722736358643,0.660918772220612,-0.664363443851471
0.519807636737823,0.0898180156946182,1.30085599422455,-0.11050883680582,0.329107999801636,0.66053181886673,-0.665712714195251
0.519858837127686,0.0891751497983932,1.30111980438232,-0.111125834286213,0.326919287443161,0.660639941692352,-0.666580736637115
0.52007794380188,0.0884614735841751,1.30168330669403,-0.11039873957634,0.325619846582413,0.660561382770538,-0.667414724826813
0.520140409469604,0.0879447758197784,1.30183804035187,-0.112052492797375,0.321967899799347,0.6600701212883,-0.669394195079803
0.520140409469604,0.0879447758197784,1.30183804035187,-0.112052492797375,0.321967899799347,0.6600701212883,-0.669394195079803
0.520229160785675,0.0861487388610839,1.3025176525116,-0.112183645367622,0.317061632871628,0.661015808582306,-0.670779407024384
0.520491540431976,0.0857085734605789,1.3028609752655,-0.114141270518303,0.31407156586647,0.660200893878937,-0.672655761241913
0.520714402198792,0.0848448872566223,1.30299997329712,-0.113905869424343,0.311400592327118,0.660610496997833,-0.673534870147705
0.520694851875305,0.0839235484600067,1.30346596240997,-0.114967823028564,0.308501958847046,0.66024386882782,-0.675046026706696
0.520940244197845,0.0830732583999633,1.30376160144806,-0.114865340292454,0.305708795785904,0.659018874168396,-0.677526593208313
0.521038115024567,0.082179307937622,1.30405962467194,-0.116019032895565,0.302467435598373,0.658713519573212,-0.67907989025116
0.521485209465027,0.0814977437257766,1.3043349981308,-0.118236266076565,0.299478679895401,0.660009026527405,-0.678764224052429
0.521719574928284,0.0805777311325073,1.30482614040375,-0.119265221059322,0.297526746988297,0.659217774868011,-0.680209934711456
0.521931529045105,0.0794321149587631,1.30514359474182,-0.119725525379181,0.293679028749466,0.660351932048798,-0.68070113658905
0.522231578826904,0.0788801461458206,1.30563580989838,-0.121745988726616,0.290564507246017,0.658663094043732,-0.683310449123383
0.522534728050232,0.0776840075850486,1.30572712421417,-0.121834442019463,0.287765324115753,0.658239603042603,-0.684885621070862
0.523061275482178,0.0768620073795318,1.30621719360352,-0.123594053089619,0.284804284572601,0.657414317131042,-0.686598598957062
0.523360371589661,0.0759845823049545,1.30641233921051,-0.12513242661953,0.282088905572891,0.656530439853668,-0.688284397125244
0.523449242115021,0.0749300047755241,1.30680787563324,-0.12427045404911,0.278523713350296,0.656000196933746,-0.690394997596741
0.524103462696075,0.0739657133817672,1.30717623233795,-0.126253947615623,0.276298105716705,0.655041694641113,-0.691837966442108
0.524358987808228,0.073087528347969,1.30745923519135,-0.127858102321625,0.272927433252335,0.653806030750275,-0.69404661655426
0.524708390235901,0.0715945661067962,1.30780899524689,-0.126615062355995,0.270573765039444,0.65351790189743,-0.695465803146362
0.525109767913818,0.0703934133052825,1.30865085124969,-0.127695202827454,0.268392086029053,0.652373313903809,-0.697186350822449
0.525773406028748,0.0696318447589874,1.30891454219818,-0.129701405763626,0.264754951000214,0.651563942432404,-0.698961198329926
0.525751054286957,0.0679309070110321,1.30932593345642,-0.127369716763496,0.262593537569046,0.65103679895401,-0.700694501399994
0.52629828453064,0.0669583827257156,1.30975735187531,-0.128287494182587,0.259439587593079,0.649869918823242,-0.702782154083252
0.527242958545685,0.0663727447390556,1.31010508537292,-0.131512299180031,0.256739199161529,0.648549854755402,-0.704395294189453
