x,y,z,q0,q1,q2,q3
-0.50133341550827,0.087541788816452,1.3233015537262,0.371061146259308,-0.42740598320961,-0.570798456668854,-0.594833552837372
-0.5008744597435,0.087343730032444,1.32348370552063,0.370913058519363,-0.427665203809738,-0.570998787879944,-0.594547271728516
-0.500459790229797,0.0870185941457748,1.32362282276154,0.371180176734924,-0.428011059761047,-0.574362754821777,-0.590880215167999
-0.500057458877563,0.0868699550628662,1.32360661029816,0.370716154575348,-0.42856952548027,-0.574092984199524,-0.591028809547424
-0.499577403068542,0.0865730345249176,1.32374131679535,0.369781285524368,-0.428738206624985,-0.57087767124176,-0.594595789909363
-0.499142736196518,0.0862409025430679,1.32413363456726,0.369255781173706,-0.429316401481628,-0.570602357387543,-0.594769358634949
-0.498656660318375,0.0858390182256698,1.32389938831329,0.368734210729599,-0.429172843694687,-0.570642530918121,-0.595158040523529
-0.498275548219681,0.0855526626110076,1.32400226593018,0.368442445993423,-0.429444998502731,-0.570343375205994,-0.595428824424744
-0.497769892215729,0.0851929783821106,1.32418501377106,0.367774575948715,-0.430017203092575,-0.57001793384552,-0.595740497112274
-0.497260689735413,0.0849088728427887,1.32422661781311,0.367239505052566,-0.430444180965424,-0.569456219673157,-0.596299052238464
-0.496833175420761,0.084550142288208,1.32427489757538,0.366750299930573,-0.430617719888687,-0.569079756736755,-0.596834182739258
-0.496356934309006,0.0841854959726333,1.32433915138245,0.366438299417496,-0.430753171443939,-0.56883978843689,-0.597156703472137
-0.49597355723381,0.0839726105332374,1.32448983192444,0.366099983453751,-0.431304782629013,-0.56786847114563,-0.597890079021454
-0.495537340641022,0.0835647359490394,1.32463777065277,0.365466147661209,-0.431730687618256,-0.567164123058319,-0.598638415336609
-0.495061606168747,0.0832939445972442,1.32476711273193,0.36500483751297,-0.432197690010071,-0.566295146942139,-0.599405288696289
-0.494653970003128,0.0829895883798599,1.3248735666275,0.364581078290939,-0.432403475046158,-0.565499067306519,-0.600265502929688
-0.49427404999733,0.0827220380306243,1.32489204406738,0.364234209060669,-0.432737529277802,-0.564795136451721,-0.600897908210754
-0.493948757648468,0.0824014246463775,1.32504940032959,0.364571154117584,-0.43353271484375,-0.562689661979675,-0.602094233036041
-0.493564367294312,0.0821079164743423,1.3251781463623,0.363630831241608,-0.433293402194977,-0.562810480594635,-0.602722108364105
-0.493224054574966,0.0819126069545745,1.3253527879715,0.363362640142441,-0.433707028627396,-0.561466693878174,-0.603838503360748
-0.492930322885513,0.0814278423786163,1.32537460327148,0.362523555755615,-0.434022098779678,-0.560560643672943,-0.604957342147827
-0.492620438337326,0.0811740607023239,1.32548928260803,0.362277805805206,-0.434194177389145,-0.559374392032623,-0.606078028678894
-0.492350518703461,0.080876313149929,1.32554459571838,0.361989170312881,-0.434353530406952,-0.558510422706604,-0.606932699680328
-0.491948634386063,0.0806160867214202,1.32581198215485,0.36157301068306,-0.434723496437073,-0.557329833507538,-0.607999980449677
-0.49167850613594,0.0802441388368606,1.32576274871826,0.361289113759995,-0.434688806533813,-0.556518077850342,-0.608936309814453
-0.491469234228134,0.0799273252487182,1.3258763551712,0.360940337181091,-0.434845060110092,-0.555157601833344,-0.610271990299225
-0.491241425275803,0.079624705016613,1.32595872879028,0.360685646533966,-0.434999942779541,-0.554215908050537,-0.611167371273041
-0.491005122661591,0.0793284550309181,1.32609796524048,0.360305905342102,-0.435108661651611,-0.552949130535126,-0.612460196018219
-0.490739613771439,0.0790065750479698,1.32623565196991,0.359946966171265,-0.435114413499832,-0.552121818065643,-0.613412857055664
-0.490739613771439,0.0790065750479698,1.32623565196991,0.359946966171265,-0.435114413499832,-0.552121818065643,-0.613412857055664
-0.490232527256012,0.0783539786934852,1.32639002799988,0.359643667936325,-0.43526616692543,-0.550049781799316,-0.615341365337372
-0.490232527256012,0.0783539786934852,1.32639002799988,0.359643667936325,-0.43526616692543,-0.550049781799316,-0.615341365337372
-0.489988774061203,0.0778094679117202,1.32659828662872,0.358429700136185,-0.436123758554459,-0.547053277492523,-0.618107736110687
-0.489988774061203,0.0778094679117202,1.32659828662872,0.358429700136185,-0.436123758554459,-0.547053277492523,-0.618107736110687
-0.489715367555618,0.0773273408412933,1.32685959339142,0.358643561601639,-0.436711400747299,-0.547907292842865,-0.616810917854309
-0.489619493484497,0.0771292895078659,1.32694590091705,0.358143359422684,-0.437103778123856,-0.546464085578918,-0.618102490901947
-0.489597052335739,0.0767548084259033,1.32709670066833,0.357074528932571,-0.436686724424362,-0.542113125324249,-0.622828781604767
-0.489572525024414,0.0765576064586639,1.32720625400543,0.356612592935562,-0.436994820833206,-0.5406454205513,-0.624151825904846
-0.48949784040451,0.0762986093759536,1.32745587825775,0.356431186199188,-0.437034487724304,-0.539625644683838,-0.625109493732452
-0.489382386207581,0.0760672092437744,1.32753753662109,0.357298284769058,-0.437222987413406,-0.542285919189453,-0.622173666954041
-0.489382386207581,0.0760672092437744,1.32753753662109,0.357298284769058,-0.437222987413406,-0.542285919189453,-0.622173666954041
-0.489314377307892,0.0756403431296348,1.32766056060791,0.356588989496231,-0.436287313699722,-0.537436962127686,-0.627422571182251
-0.489284247159958,0.075417473912239,1.32773590087891,0.356649041175842,-0.436115711927414,-0.536877632141113,-0.627986490726471
-0.489298611879349,0.0751979500055313,1.32779359817505,0.356597512960434,-0.436026364564896,-0.535918474197388,-0.628896236419678
-0.489578753709793,0.0748608186841011,1.32788240909576,0.356915771961212,-0.435625404119492,-0.534951508045197,-0.62981641292572
-0.489490985870361,0.0746743083000183,1.32791447639465,0.356454610824585,-0.435701340436935,-0.534461498260498,-0.630440652370453
-0.489492923021316,0.0744593963027,1.32796454429626,0.356586486101151,-0.435532301664352,-0.534119546413422,-0.630772471427917
-0.489402562379837,0.0745099633932113,1.32809340953827,0.357877373695373,-0.436433017253876,-0.536482453346252,-0.627404689788818
-0.489426016807556,0.0741387605667114,1.32804262638092,0.357788234949112,-0.435894101858139,-0.536385893821716,-0.627912521362305
-0.489428043365479,0.0739248394966125,1.32806003093719,0.35778272151947,-0.43572860956192,-0.536208629608154,-0.628182053565979
-0.489440858364105,0.0737965479493141,1.32809960842133,0.358112215995789,-0.435804843902588,-0.535707592964172,-0.62836891412735
-0.489455342292786,0.0736672356724739,1.32812750339508,0.358262687921524,-0.435771822929382,-0.535390436649323,-0.628576099872589
-0.489479452371597,0.0735448747873306,1.32813727855682,0.358437210321426,-0.43576043844223,-0.535046279430389,-0.628777503967285
-0.489505052566528,0.0734410509467125,1.32819151878357,0.358544707298279,-0.435802429914474,-0.534629046916962,-0.629042029380798
-0.489505052566528,0.0734410509467125,1.32819151878357,0.358544707298279,-0.435802429914474,-0.534629046916962,-0.629042029380798
-0.489451378583908,0.0733132511377334,1.32822966575623,0.358666449785232,-0.435881555080414,-0.534398674964905,-0.629113376140594
-0.489479064941406,0.0731671825051307,1.32824742794037,0.358879625797272,-0.435927391052246,-0.534202575683594,-0.629126667976379
-0.489501088857651,0.0728265270590782,1.32830345630646,0.358657836914062,-0.435828000307083,-0.534099042415619,-0.629409968852997
-0.48952504992485,0.0727328360080719,1.32837080955505,0.358909785747528,-0.435742944478989,-0.533938646316528,-0.629461228847504
-0.489537298679352,0.0725503861904144,1.32833552360535,0.358955651521683,-0.435421228408813,-0.534141004085541,-0.62948602437973
-0.489537298679352,0.0725503861904144,1.32833552360535,0.358955651521683,-0.435421228408813,-0.534141004085541,-0.62948602437973
-0.489574193954468,0.0722595155239105,1.32842218875885,0.359281599521637,-0.435147851705551,-0.534257292747498,-0.629390358924866
-0.489602237939835,0.0720479488372802,1.32839906215668,0.359378486871719,-0.434874594211578,-0.534490048885345,-0.629326343536377
-0.489711046218872,0.0718993321061134,1.32830142974854,0.359461039304733,-0.434617817401886,-0.534592986106873,-0.62936919927597
-0.489744871854782,0.0718123465776443,1.32826626300812,0.359556168317795,-0.434524536132812,-0.534611999988556,-0.629362821578979
-0.489772081375122,0.0717308744788169,1.32826685905457,0.359613448381424,-0.434533059597015,-0.534699618816376,-0.629250168800354
-0.48981848359108,0.0715913474559784,1.32823204994202,0.359760493040085,-0.434111297130585,-0.535175144672394,-0.629052758216858
-0.489836752414703,0.071516677737236,1.32822668552399,0.359729528427124,-0.434096246957779,-0.535290658473969,-0.628982603549957
-0.489836752414703,0.071516677737236,1.32822668552399,0.359729528427124,-0.434096246957779,-0.535290658473969,-0.628982603549957
-0.489878982305527,0.0712815970182418,1.32819938659668,0.359836965799332,-0.433979749679565,-0.535882115364075,-0.62849760055542
-0.489924758672714,0.0714996755123138,1.32825493812561,0.360265254974365,-0.434101104736328,-0.535880208015442,-0.628170073032379
-0.489967584609985,0.0714695155620575,1.32824873924255,0.360242128372192,-0.434124708175659,-0.536169052124023,-0.627920567989349
-0.489991217851639,0.0714263916015625,1.32824778556824,0.360149562358856,-0.43397980928421,-0.536503970623016,-0.6277876496315
-0.490015208721161,0.0713817253708839,1.32825303077698,0.360317289829254,-0.434077888727188,-0.536700010299683,-0.627455949783325
-0.490034997463226,0.0713939219713211,1.32825803756714,0.360295742750168,-0.433921158313751,-0.53726190328598,-0.627095878124237
-0.490072816610336,0.0713427364826202,1.32825171947479,0.360317587852478,-0.433815121650696,-0.537612080574036,-0.62685638666153
-0.490103155374527,0.071345567703247,1.32829546928406,0.360289543867111,-0.433876603841782,-0.537796676158905,-0.626671612262726
-0.490163028240204,0.0713206306099891,1.32830488681793,0.360274195671081,-0.433834969997406,-0.537989556789398,-0.626543641090393
-0.490231215953827,0.0713120624423027,1.32828736305237,0.360238999128342,-0.433617383241653,-0.53835129737854,-0.626404047012329
-0.490274250507355,0.0711593106389045,1.32824647426605,0.360298216342926,-0.433539539575577,-0.538681507110596,-0.62613981962204
-0.490327090024948,0.0711897835135459,1.32825458049774,0.360238552093506,-0.43340739607811,-0.539023399353027,-0.625971436500549
-0.490390598773956,0.0712074488401413,1.32824862003326,0.360296428203583,-0.433377414941788,-0.53938752412796,-0.62564492225647
-0.490452915430069,0.0712092220783233,1.32825100421906,0.360301345586777,-0.433300256729126,-0.539692640304565,-0.625432431697845
-0.490525871515274,0.0711907520890235,1.32820463180542,0.360251128673553,-0.432953536510467,-0.540155589580536,-0.625301778316498
-0.490594536066055,0.0711749047040939,1.32822942733765,0.36031237244606,-0.433120131492615,-0.540322721004486,-0.625006794929504
-0.490663915872574,0.0711258649826049,1.32822835445404,0.360172212123871,-0.432911217212677,-0.540638506412506,-0.624959230422974
-0.490739345550537,0.0711036026477813,1.32819175720215,0.360317945480347,-0.432590067386627,-0.541158556938171,-0.624647259712219
-0.490836828947067,0.0709794461727142,1.32818758487701,0.360396921634674,-0.432328671216965,-0.54164332151413,-0.624362528324127
-0.490960210561752,0.0709931179881095,1.32819366455078,0.359412491321564,-0.431625664234161,-0.538990378379822,-0.627703309059143
-0.491166561841965,0.0710142478346824,1.32824099063873,0.359615623950958,-0.431586921215057,-0.539326846599579,-0.627324283123016
-0.491250455379486,0.0710059255361557,1.3282482624054,0.359538435935974,-0.431339800357819,-0.539866626262665,-0.627074301242828
-0.491355687379837,0.0710524171590805,1.3282208442688,0.359383255243301,-0.43100705742836,-0.540436565876007,-0.626901149749756
-0.491437077522278,0.0710150599479675,1.3282231092453,0.359363526105881,-0.430912524461746,-0.540883183479309,-0.626591980457306
-0.491491913795471,0.0709629654884338,1.32822465896606,0.359150648117065,-0.430685102939606,-0.541526734828949,-0.626314759254456
-0.491588085889816,0.0710686147212982,1.32825589179993,0.358828067779541,-0.43075630068779,-0.541864097118378,-0.626158833503723
-0.491637945175171,0.0711219906806945,1.32829988002777,0.358736932277679,-0.430752635002136,-0.542462170124054,-0.625695645809174
-0.491692006587982,0.071132093667984,1.32831931114197,0.358745127916336,-0.430771589279175,-0.542753279209137,-0.625425338745117
-0.491728097200394,0.0711256340146064,1.32833611965179,0.358603984117508,-0.430624276399612,-0.543247282505035,-0.625178694725037
-0.49176824092865,0.071134515106678,1.32834959030151,0.358475506305695,-0.430518507957458,-0.543711245059967,-0.624921679496765
-0.491782486438751,0.0710672736167907,1.32835221290588,0.358318269252777,-0.430357486009598,-0.544281184673309,-0.624626576900482
-0.491782486438751,0.0710672736167907,1.32835221290588,0.358318269252777,-0.430357486009598,-0.544281184673309,-0.624626576900482
-0.4914630651474,0.0708588808774948,1.32837653160095,0.361409336328506,-0.426947027444839,-0.548276126384735,-0.621685564517975
-0.491486102342606,0.0708654671907424,1.32840609550476,0.361295789480209,-0.426907747983932,-0.548554539680481,-0.62153285741806
-0.491883635520935,0.0710420683026313,1.32840657234192,0.357810080051422,-0.430239856243133,-0.54578560590744,-0.623685657978058
-0.491883635520935,0.0710420683026313,1.32840657234192,0.357810080051422,-0.430239856243133,-0.54578560590744,-0.623685657978058
-0.491877287626266,0.0709756910800933,1.32840704917908,0.357824236154556,-0.429843038320541,-0.546787679195404,-0.623073041439056
-0.491877287626266,0.0709756910800933,1.32840704917908,0.357824236154556,-0.429843038320541,-0.546787679195404,-0.623073041439056
-0.491511702537537,0.0707180127501487,1.32847583293915,0.362011134624481,-0.426354080438614,-0.553890466690063,-0.61674576997757
-0.491482824087143,0.0706999972462654,1.32849192619324,0.362007915973663,-0.42628812789917,-0.554381608963013,-0.616351902484894
-0.491842031478882,0.0708594694733619,1.32850229740143,0.3586605489254,-0.42958527803421,-0.551954507827759,-0.618195295333862
-0.491812109947205,0.0709144324064254,1.32856559753418,0.35860350728035,-0.429740101099014,-0.55226331949234,-0.617844998836517
-0.491777688264847,0.070906676352024,1.32858264446259,0.358451545238495,-0.429660618305206,-0.55259895324707,-0.617688357830048
-0.491713911294937,0.0709339529275894,1.32861006259918,0.358730554580688,-0.429466217756271,-0.553121328353882,-0.617193579673767
-0.491658061742783,0.0709160789847374,1.32862198352814,0.358611077070236,-0.429571151733398,-0.553384065628052,-0.616954565048218
-0.491596251726151,0.070900022983551,1.32864367961884,0.35860151052475,-0.429611682891846,-0.553664267063141,-0.616680502891541
-0.49151822924614,0.0709249675273895,1.32867133617401,0.358728677034378,-0.429754972457886,-0.55384486913681,-0.616344332695007
-0.491458684206009,0.070926696062088,1.3286669254303,0.358769834041595,-0.429780334234238,-0.554071068763733,-0.616099536418915
-0.491369485855102,0.0708812326192855,1.32868444919586,0.358662635087967,-0.429847896099091,-0.554272413253784,-0.615933418273926
-0.4912890791893,0.0708988681435585,1.32870423793793,0.358640611171722,-0.429958015680313,-0.554405331611633,-0.615749835968018
-0.491214096546173,0.0708667486906051,1.3287205696106,0.35856968164444,-0.43002113699913,-0.554564952850342,-0.615603387355804
-0.491265147924423,0.0709852874279022,1.32891058921814,0.358486086130142,-0.430300682783127,-0.554299652576447,-0.615695595741272
-0.49118247628212,0.0711020231246948,1.32894265651703,0.358609706163406,-0.430477470159531,-0.554298758506775,-0.615500807762146
-0.491074025630951,0.0711251124739646,1.32900786399841,0.358587890863419,-0.430644661188126,-0.554394364356995,-0.615310251712799
-0.491008311510086,0.0710521191358566,1.32906651496887,0.358692407608032,-0.430710703134537,-0.554398000240326,-0.615199863910675
-0.490871220827103,0.0710589587688446,1.32903015613556,0.35854908823967,-0.430836945772171,-0.554470419883728,-0.615129947662354
-0.490710109472275,0.0711061134934425,1.32898569107056,0.358522593975067,-0.430982857942581,-0.554561734199524,-0.614960551261902
-0.490504384040833,0.0710006356239318,1.32900822162628,0.359623968601227,-0.429580241441727,-0.55595451593399,-0.614040851593018
-0.490441203117371,0.0710123777389526,1.32907211780548,0.359613984823227,-0.429704934358597,-0.55577278137207,-0.614123940467834
-0.49035856127739,0.0710738450288772,1.32904064655304,0.359639078378677,-0.429988831281662,-0.555585265159607,-0.614080190658569
-0.490326762199402,0.0710794180631637,1.32903516292572,0.359647005796432,-0.43005833029747,-0.555575609207153,-0.614035546779633
-0.490299016237259,0.0711660608649253,1.32898676395416,0.359620898962021,-0.430015444755554,-0.555530846118927,-0.614121437072754
-0.490303874015808,0.0714008808135986,1.32902538776398,0.359899431467056,-0.430336952209473,-0.555178582668304,-0.614051520824432
-0.490313500165939,0.0715091004967689,1.32902753353119,0.359987705945969,-0.430368483066559,-0.554955244064331,-0.614179491996765
-0.490332663059235,0.0715065822005271,1.32901120185852,0.360040247440338,-0.430315017700195,-0.554860532283783,-0.614271640777588
-0.49034833908081,0.071400947868824,1.32894420623779,0.360173672437668,-0.429971903562546,-0.55506694316864,-0.614247262477875
-0.490391254425049,0.0715355724096298,1.32893979549408,0.360341548919678,-0.430017948150635,-0.554768681526184,-0.614386141300201
-0.490439474582672,0.0715101882815361,1.32891428470612,0.360504299402237,-0.429835706949234,-0.554846405982971,-0.614348173141479
-0.490592449903488,0.0716175436973571,1.32894587516785,0.360909134149551,-0.429896533489227,-0.554377794265747,-0.614490509033203
-0.490683645009995,0.071791186928749,1.32897019386292,0.361112058162689,-0.429997146129608,-0.554206013679504,-0.614456236362457
-0.490683645009995,0.071791186928749,1.32897019386292,0.361112058162689,-0.429997146129608,-0.554206013679504,-0.614456236362457
-0.490763753652573,0.072059690952301,1.32883834838867,0.361285895109177,-0.430052995681763,-0.553874313831329,-0.614614069461823
-0.490831077098846,0.0721640735864639,1.32881188392639,0.361307919025421,-0.430032014846802,-0.553821682929993,-0.614663004875183
-0.490893840789795,0.0721751898527145,1.32877230644226,0.36125922203064,-0.429947942495346,-0.553807199001312,-0.61476343870163
-0.491010516881943,0.0724263340234756,1.32871854305267,0.361357241868973,-0.43009614944458,-0.553513169288635,-0.614866971969604
-0.491058200597763,0.0724138393998146,1.32864928245544,0.361275941133499,-0.429855197668076,-0.553609013557434,-0.614997208118439
-0.491113036870956,0.0725384950637817,1.3286007642746,0.361192792654037,-0.429924726486206,-0.553256034851074,-0.615314841270447
-0.491146922111511,0.0726573765277862,1.32855272293091,0.361176013946533,-0.429985970258713,-0.553166568279266,-0.615362346172333
-0.491173088550568,0.0727634578943252,1.32849287986755,0.361041039228439,-0.430023729801178,-0.553057670593262,-0.61551296710968
-0.491196900606155,0.0730507224798202,1.32846653461456,0.360694110393524,-0.430268317461014,-0.552417874336243,-0.616119682788849
-0.491170614957809,0.0731519013643264,1.32839167118073,0.360630303621292,-0.430351704359055,-0.552267849445343,-0.616233289241791
-0.491089880466461,0.0732195824384689,1.32832515239716,0.360487699508667,-0.43054273724556,-0.552105188369751,-0.6163290143013
-0.490985572338104,0.073385901749134,1.32818186283112,0.359748154878616,-0.430673331022263,-0.549121856689453,-0.619327962398529
-0.490985572338104,0.073385901749134,1.32818186283112,0.359748154878616,-0.430673331022263,-0.549121856689453,-0.619327962398529
-0.490580588579178,0.0735853835940361,1.32799196243286,0.358709156513214,-0.431505650281906,-0.548825740814209,-0.619613647460938
-0.490367740392685,0.0736634731292724,1.32789993286133,0.358338743448257,-0.43191733956337,-0.548690438270569,-0.619660973548889
-0.490014791488647,0.0736034512519836,1.32771551609039,0.357696652412414,-0.432281315326691,-0.548750877380371,-0.61972451210022
-0.490014791488647,0.0736034512519836,1.32771551609039,0.357696652412414,-0.432281315326691,-0.548750877380371,-0.61972451210022
-0.489320337772369,0.0735259056091308,1.32741808891296,0.355681836605072,-0.433535039424896,-0.548095345497131,-0.620587944984436
-0.488912284374237,0.0739029198884964,1.32733356952667,0.355213552713394,-0.434641480445862,-0.547407746315002,-0.620688855648041
-0.488396406173706,0.0738600343465805,1.32718050479889,0.354350298643112,-0.435351818799972,-0.547146379947662,-0.620915055274963
-0.487885177135467,0.0737745836377143,1.32691287994385,0.353284448385239,-0.436078786849976,-0.546513855457306,-0.621568977832794
-0.487885177135467,0.0737745836377143,1.32691287994385,0.353284448385239,-0.436078786849976,-0.546513855457306,-0.621568977832794
-0.486829906702042,0.0738027691841125,1.32674205303192,0.351391911506653,-0.438430786132812,-0.544377982616425,-0.622860074043274
-0.486321091651917,0.0736835300922393,1.3265346288681,0.351638197898865,-0.439823418855667,-0.547134518623352,-0.619313895702362
-0.485734432935715,0.0736002698540687,1.32629215717316,0.349631458520889,-0.440368711948395,-0.541657626628876,-0.624852299690247
-0.485157936811447,0.0735600739717483,1.3261626958847,0.350196152925491,-0.442204654216766,-0.543658792972565,-0.621492385864258
-0.484518796205521,0.073660597205162,1.3259140253067,0.348822921514511,-0.44389933347702,-0.536917269229889,-0.626893758773804
-0.483896404504776,0.0736650004982948,1.32573461532593,0.348359495401382,-0.445372074842453,-0.534512341022491,-0.628160893917084
-0.483142286539078,0.0734619200229644,1.32545125484467,0.348158270120621,-0.446736097335815,-0.536932945251465,-0.625232815742493
-0.482454806566238,0.0733768194913864,1.32515859603882,0.34729215502739,-0.448100358247757,-0.534973978996277,-0.626416087150574
-0.481634318828583,0.073406234383583,1.32497358322144,0.346838802099228,-0.450001358985901,-0.532306313514709,-0.627575993537903
-0.480883687734604,0.0732440501451492,1.3246260881424,0.346368044614792,-0.451329708099365,-0.529865086078644,-0.628946542739868
-0.47993004322052,0.0732439905405044,1.32448315620422,0.345822125673294,-0.453242242336273,-0.527349770069122,-0.629984855651855
-0.478921979665756,0.0731065943837165,1.32406651973724,0.345063418149948,-0.454951167106628,-0.524569809436798,-0.631488144397736
-0.478921979665756,0.0731065943837165,1.32406651973724,0.345063418149948,-0.454951167106628,-0.524569809436798,-0.631488144397736
-0.47698438167572,0.0728269591927528,1.32338237762451,0.34354630112648,-0.45916959643364,-0.518215239048004,-0.634501516819
-0.475873202085495,0.0726780891418457,1.32300162315369,0.342377245426178,-0.460989981889725,-0.515643060207367,-0.635907649993896
-0.474855661392212,0.0725660547614097,1.32261645793915,0.342213273048401,-0.463549137115479,-0.511578023433685,-0.637416899204254
-0.473973393440247,0.0723811388015747,1.32228016853333,0.341400414705276,-0.464841246604919,-0.508464276790619,-0.639400124549866
-0.473973393440247,0.0723811388015747,1.32228016853333,0.341400414705276,-0.464841246604919,-0.508464276790619,-0.639400124549866
-0.471689134836197,0.0721599832177162,1.32184684276581,0.340164452791214,-0.469787061214447,-0.500706851482391,-0.642558217048645
-0.470526367425919,0.0721179470419883,1.32145869731903,0.339543282985687,-0.472057819366455,-0.497153878211975,-0.643979668617249
-0.469379037618637,0.0717409253120422,1.32117593288422,0.338270962238312,-0.474379628896713,-0.492415636777878,-0.646578431129456
-0.468423962593079,0.0716197714209556,1.32092392444611,0.33799198269844,-0.476568251848221,-0.488033682107925,-0.648434400558472
-0.467208415269852,0.0714439004659652,1.32051002979279,0.337233662605286,-0.479060590267181,-0.48391979932785,-0.650073766708374
-0.465973019599914,0.0711948573589325,1.32017230987549,0.336517751216888,-0.481356859207153,-0.479875355958939,-0.651744544506073
-0.464847981929779,0.0709804743528366,1.31992018222809,0.336079478263855,-0.48341703414917,-0.474902778863907,-0.654084026813507
-0.463698744773865,0.070769116282463,1.31960535049438,0.335246831178665,-0.485649764537811,-0.468019932508469,-0.657807886600494
-0.463698744773865,0.070769116282463,1.31960535049438,0.335246831178665,-0.485649764537811,-0.468019932508469,-0.657807886600494
-0.461250364780426,0.0701942965388298,1.31905615329742,0.332699209451675,-0.489647626876831,-0.456270784139633,-0.664359450340271
-0.460175275802612,0.0698615759611129,1.31872749328613,0.331759393215179,-0.491870164871216,-0.450538218021393,-0.667094230651855
-0.459041148424149,0.0694162622094154,1.31851947307587,0.331041157245636,-0.494012385606766,-0.445539832115173,-0.669221758842468
-0.457846015691757,0.0691024214029312,1.31831669807434,0.330799579620361,-0.496559292078018,-0.440112799406052,-0.671044945716858
-0.456596940755844,0.0687543749809265,1.31807613372803,0.328970909118652,-0.498278260231018,-0.434770286083221,-0.674145340919495
-0.455524474382401,0.0684278458356857,1.31791281700134,0.32837450504303,-0.500829815864563,-0.428816646337509,-0.676354825496674
-0.454267263412476,0.0681498795747757,1.31767880916595,0.327243864536285,-0.502948343753815,-0.423545598983765,-0.678648471832275
-0.452971547842026,0.0679332464933395,1.31707012653351,0.327755779027939,-0.506717324256897,-0.421444237232208,-0.676903665065765
-0.451949536800385,0.0674076974391937,1.31693136692047,0.325542241334915,-0.507293522357941,-0.411177814006805,-0.683818995952606
-0.450757563114166,0.0670414865016937,1.31668317317963,0.324659377336502,-0.509741425514221,-0.404482215642929,-0.68640673160553
-0.448996871709824,0.0663344264030456,1.31568217277527,0.324701815843582,-0.514377593994141,-0.402597576379776,-0.684031903743744
-0.448279440402985,0.0661151930689811,1.31609070301056,0.32473024725914,-0.516385912895203,-0.394444584846497,-0.687247753143311
-0.447046220302582,0.0657266825437545,1.31592345237732,0.324124693870544,-0.519110441207886,-0.387523680925369,-0.689414858818054
-0.4459587931633,0.065256081521511,1.31560850143433,0.323556870222092,-0.52125608921051,-0.380229651927948,-0.69211882352829
-0.444785565137863,0.0648958832025528,1.31534039974213,0.323058784008026,-0.523830592632294,-0.372587263584137,-0.694559812545776
-0.443576455116272,0.0645643919706344,1.31509721279144,0.322295069694519,-0.52639627456665,-0.364583224058151,-0.697217345237732
-0.442443966865539,0.0639358311891555,1.31472444534302,0.321449965238571,-0.52875417470932,-0.357344806194305,-0.699566900730133
-0.441119402647018,0.0634097456932067,1.31446242332458,0.320359468460083,-0.531588077545166,-0.349249750375748,-0.702003240585327
-0.439816772937775,0.0630171075463295,1.31397950649261,0.319759875535965,-0.53421026468277,-0.341474711894989,-0.704107999801636
-0.438896238803864,0.0625243633985519,1.31369662284851,0.319505095481873,-0.536162257194519,-0.333339869976044,-0.706633687019348
-0.437464773654938,0.0619988739490509,1.31324434280396,0.318459331989288,-0.538928210735321,-0.325159609317779,-0.708809733390808
-0.436309784650803,0.0614313185214996,1.31275880336761,0.318197071552277,-0.541994452476501,-0.317434966564178,-0.710089981555939
-0.435171276330948,0.0610089153051376,1.31239593029022,0.317371249198914,-0.543856859207153,-0.308502227067947,-0.712966740131378
-0.433721303939819,0.0604650676250457,1.31181824207306,0.316323131322861,-0.546449720859528,-0.299698352813721,-0.715201497077942
-0.432538956403732,0.0600709617137908,1.31159210205078,0.31355020403862,-0.546432733535767,-0.28654545545578,-0.721795856952667
-0.431352704763412,0.0595305263996124,1.31113219261169,0.313089579343796,-0.548527300357819,-0.277654051780701,-0.723879158496857
-0.430132269859314,0.0588064193725585,1.31065404415131,0.312333017587662,-0.550785779953003,-0.269338101148605,-0.725630939006805
-0.428995460271835,0.0581813678145408,1.31027960777283,0.311995506286621,-0.552987992763519,-0.260983139276505,-0.727152705192566
-0.427630424499512,0.0577233582735061,1.30984616279602,0.311408311128616,-0.555647432804108,-0.252148061990738,-0.72849315404892
-0.426678776741028,0.057303749024868,1.30956435203552,0.311571806669235,-0.557567834854126,-0.243757411837578,-0.729810535907745
-0.425304055213928,0.0568142682313919,1.30924499034882,0.311278402805328,-0.560012757778168,-0.235448196530342,-0.730791091918945
-0.424062967300415,0.0560976639389991,1.30879020690918,0.313227027654648,-0.565074145793915,-0.231586679816246,-0.727287888526917
-0.423044383525848,0.055531620979309,1.30848932266235,0.313592880964279,-0.567665100097656,-0.224781483411789,-0.727247536182404
-0.421746075153351,0.0548333972692489,1.30798196792603,0.313109636306763,-0.569612562656403,-0.216554909944534,-0.728428363800049
-0.420644998550415,0.0543200895190238,1.30776011943817,0.312765955924988,-0.571686685085297,-0.208275228738785,-0.729365050792694
-0.419411659240723,0.0536894351243972,1.30737960338593,0.312736958265305,-0.573803544044495,-0.201218813657761,-0.729695796966553
-0.418319910764694,0.0531563311815261,1.30704784393311,0.312324911355972,-0.575727880001068,-0.193455725908279,-0.730455696582794
-0.417265176773071,0.052528291940689,1.30674386024475,0.312228590250015,-0.577481746673584,-0.18724100291729,-0.730731844902039
-0.415896892547607,0.0517197549343109,1.3064444065094,0.308395683765411,-0.57669872045517,-0.174559891223907,-0.736097574234009
-0.415007799863815,0.0511435717344284,1.30620896816254,0.308697938919067,-0.578346371650696,-0.168371468782425,-0.73611968755722
-0.413827568292618,0.0504482761025428,1.3059515953064,0.308365374803543,-0.580307364463806,-0.162302419543266,-0.736078917980194
-0.412963837385178,0.0498933047056198,1.30571353435516,0.308277308940887,-0.581619501113892,-0.155337288975716,-0.736582815647125
-0.411885529756546,0.0492113754153251,1.30547320842743,0.310886830091476,-0.586931109428406,-0.15511828660965,-0.731299936771393
-0.410801470279694,0.0485772937536239,1.30526173114777,0.308266341686249,-0.585113704204559,-0.144712418317795,-0.735983788967133
-0.410014420747757,0.0480792000889778,1.30508601665497,0.30731526017189,-0.586263537406921,-0.138634398579597,-0.736636281013489
-0.408883422613144,0.0473490953445434,1.30490398406982,0.309591889381409,-0.591413795948029,-0.138615950942039,-0.731551945209503
-0.408146649599075,0.0466142296791076,1.30468213558197,0.310031592845917,-0.592577993869781,-0.134558886289597,-0.731181025505066
-0.408146649599075,0.0466142296791076,1.30468213558197,0.310031592845917,-0.592577993869781,-0.134558886289597,-0.731181025505066
-0.406584173440933,0.0452921986579895,1.30430698394775,0.309594333171844,-0.595022201538086,-0.126078426837921,-0.730892717838287
-0.405850350856781,0.0447354093194007,1.30414009094238,0.307060688734055,-0.592361092567444,-0.117551013827324,-0.735529780387878
-0.405019879341125,0.0440472662448883,1.30400836467743,0.309898465871811,-0.597447216510773,-0.11943756788969,-0.729900419712067
-0.404321223497391,0.0434398502111434,1.30379319190979,0.309841811656952,-0.598706781864166,-0.116661556065082,-0.729341208934784
-0.403697431087494,0.0429636165499687,1.30371809005737,0.309345245361328,-0.599578320980072,-0.113000199198723,-0.729412257671356
-0.403697431087494,0.0429636165499687,1.30371809005737,0.309345245361328,-0.599578320980072,-0.113000199198723,-0.729412257671356
-0.402442753314972,0.0416337549686431,1.30354845523834,0.308744460344315,-0.601401090621948,-0.108584433794022,-0.728836834430695
-0.401960223913193,0.0410137698054313,1.3034256696701,0.309068888425827,-0.602030336856842,-0.106898486614227,-0.728429019451141
-0.401312261819839,0.0402371808886528,1.30342888832092,0.309028685092926,-0.602685809135437,-0.105953931808472,-0.72804182767868
-0.400723218917847,0.039748728275299,1.30328488349915,0.30901226401329,-0.603810966014862,-0.10475181043148,-0.727290034294128
-0.399884939193726,0.0386453345417976,1.30250883102417,0.308040112257004,-0.604849934577942,-0.104954898357391,-0.726809620857239
-0.399492681026459,0.0381703451275825,1.30247068405151,0.307805210351944,-0.60505223274231,-0.103107541799545,-0.727005124092102
-0.399664610624313,0.0377840399742126,1.30262625217438,0.305995643138885,-0.601029217243195,-0.0981201529502868,-0.731780707836151
-0.398722916841507,0.0368638038635253,1.30258512496948,0.307455122470856,-0.606322646141052,-0.103446133434772,-0.726046144962311
-0.398442566394806,0.0362200140953063,1.30263125896454,0.30687952041626,-0.60651683807373,-0.102592967450619,-0.726248562335968
-0.39863920211792,0.0358662977814674,1.30282962322235,0.307675689458847,-0.606137931346893,-0.102425888180733,-0.726251661777496
-0.39791077375412,0.0351104140281677,1.30269527435303,0.303601890802383,-0.603142976760864,-0.097701646387577,-0.731094241142273
-0.398121207952499,0.0350088626146316,1.30361497402191,0.304547846317291,-0.60322517156601,-0.0982142835855484,-0.73056423664093
-0.397941797971725,0.0345145389437675,1.30364048480988,0.304317533969879,-0.603463709354401,-0.0987218916416168,-0.730394721031189
-0.397670984268188,0.0340052917599678,1.30373358726501,0.304199546575546,-0.603945791721344,-0.0991786271333694,-0.729983508586884
-0.39742648601532,0.0335756540298461,1.30380189418793,0.303919017314911,-0.604096651077271,-0.0992335453629493,-0.729968070983887
-0.397349923849106,0.0329275429248809,1.30392825603485,0.303987383842468,-0.603920221328735,-0.1001281067729,-0.729963302612305
-0.397238880395889,0.0323263704776763,1.30403029918671,0.30379644036293,-0.603942811489105,-0.101084411144256,-0.729892313480377
-0.397144973278046,0.0317251533269882,1.30411660671234,0.303617864847183,-0.603798568248749,-0.101657494902611,-0.730006337165833
-0.396700143814087,0.0312106236815452,1.3037896156311,0.302702724933624,-0.604280412197113,-0.101677656173706,-0.729984819889069
-0.396366834640503,0.0302642881870269,1.30364573001862,0.301760882139206,-0.604380965232849,-0.102707773447037,-0.730147361755371
-0.396289885044098,0.0298455879092216,1.3037828207016,0.301437646150589,-0.604404509067535,-0.103067494928837,-0.730210661888123
-0.396267682313919,0.0292815715074539,1.30388164520264,0.304775357246399,-0.607603907585144,-0.109163820743561,-0.725267469882965
-0.396276563405991,0.0287891328334808,1.30398750305176,0.304797112941742,-0.607515752315521,-0.11017294973135,-0.725179553031921
-0.396531850099564,0.0284331813454628,1.30430769920349,0.30509153008461,-0.607074558734894,-0.110867902636528,-0.725319266319275
-0.396522879600525,0.0279673561453819,1.30443227291107,0.304936438798904,-0.60701984167099,-0.111697547137737,-0.725302994251251
-0.39666411280632,0.0277588963508605,1.3048802614212,0.302621006965637,-0.603486180305481,-0.107264593243599,-0.729876220226288
-0.396718621253967,0.0273753404617309,1.30496335029602,0.305118262767792,-0.606731951236725,-0.112975068390369,-0.725269675254822
-0.396737992763519,0.0271005630493164,1.30510592460632,0.302790015935898,-0.603192448616028,-0.108783178031444,-0.729824185371399
-0.396722823381424,0.0267143547534942,1.30518615245819,0.305683970451355,-0.606517136096954,-0.114943914115429,-0.724901556968689
-0.396771460771561,0.026148572564125,1.30526208877563,0.305582523345947,-0.606202900409698,-0.116118602454662,-0.725019872188568
-0.396821022033691,0.0258093923330307,1.30528318881989,0.306094080209732,-0.606117427349091,-0.117076858878136,-0.724721372127533
-0.398714005947113,0.0258405953645706,1.30413889884949,0.309629887342453,-0.602587163448334,-0.118606485426426,-0.725913524627686
-0.396592438220978,0.0246417671442031,1.30461490154266,0.30519226193428,-0.605725169181824,-0.119611740112305,-0.725015640258789
-0.396732479333878,0.0242562890052795,1.30466783046722,0.305170178413391,-0.605276763439178,-0.120474591851234,-0.725256681442261
-0.397332966327667,0.0245698988437652,1.30554282665253,0.306260466575623,-0.605080425739288,-0.12048065662384,-0.724959850311279
-0.397461980581284,0.0242287367582321,1.30560541152954,0.306528061628342,-0.604737758636475,-0.121617883443832,-0.724942743778229
-0.397598206996918,0.0239022076129913,1.30567121505737,0.306577861309052,-0.604402422904968,-0.122545793652534,-0.725045025348663
-0.397225588560104,0.0231841504573822,1.30510294437408,0.305531799793243,-0.604258835315704,-0.123967312276363,-0.725364446640015
-0.397809892892838,0.0233647897839546,1.3058363199234,0.306987166404724,-0.603901445865631,-0.124692790210247,-0.724923193454742
-0.398041099309921,0.0231215953826904,1.30593681335449,0.307251393795013,-0.603560090065002,-0.125935137271881,-0.724880814552307
-0.398238867521286,0.0228821188211441,1.30604016780853,0.307444483041763,-0.603173136711121,-0.127130895853043,-0.724912285804749
-0.398474335670471,0.0226790755987167,1.30618274211884,0.307580590248108,-0.602778434753418,-0.128405898809433,-0.724958121776581
-0.398766279220581,0.0226163044571876,1.30641615390778,0.307680755853653,-0.602342844009399,-0.129465267062187,-0.725089192390442
-0.399120807647705,0.0223954021930694,1.30660271644592,0.308151125907898,-0.601737856864929,-0.131450206041336,-0.725034832954407
-0.399524569511414,0.0223332494497299,1.3067113161087,0.30850824713707,-0.60101854801178,-0.132704868912697,-0.725250959396362
-0.399524569511414,0.0223332494497299,1.3067113161087,0.30850824713707,-0.60101854801178,-0.132704868912697,-0.725250959396362
-0.40008544921875,0.0218554586172103,1.30701267719269,0.309046864509583,-0.600318014621735,-0.136945381760597,-0.724813282489777
-0.400401800870895,0.0216372087597847,1.30714523792267,0.309018731117248,-0.599412262439728,-0.138602688908577,-0.725259840488434
-0.400762289762497,0.0216289237141609,1.3072829246521,0.309194952249527,-0.598765552043915,-0.139925315976143,-0.725464761257172
-0.401031643152237,0.0215614661574363,1.30748462677002,0.309067219495773,-0.598275661468506,-0.140973165631294,-0.725720524787903
-0.401031643152237,0.0215614661574363,1.30748462677002,0.309067219495773,-0.598275661468506,-0.140973165631294,-0.725720524787903
-0.401653826236725,0.0212724059820175,1.30790436267853,0.309600472450256,-0.597187459468842,-0.145157128572464,-0.72556471824646
-0.401948720216751,0.0211716815829277,1.30812311172485,0.309542119503021,-0.596674025058746,-0.146574348211288,-0.725727081298828
-0.402288794517517,0.0210960954427719,1.3082971572876,0.309624522924423,-0.595941483974457,-0.147583782672882,-0.726089179515839
-0.402538269758224,0.0210176706314086,1.30845355987549,0.309718161821365,-0.595514893531799,-0.149178847670555,-0.726073384284973
-0.402792870998383,0.0209995806217193,1.30863964557648,0.309847086668015,-0.595251560211182,-0.150635972619057,-0.725933432579041
-0.40306293964386,0.020833283662796,1.30877983570099,0.309997797012329,-0.594826877117157,-0.152461424469948,-0.725836038589478
-0.403409093618393,0.0208125710487365,1.30902373790741,0.306832671165466,-0.59053099155426,-0.148213937878609,-0.73154604434967
-0.403875380754471,0.0207642093300819,1.30921244621277,0.307022482156753,-0.589744389057159,-0.149428620934486,-0.731853604316711
-0.404104024171829,0.0208028480410575,1.30935740470886,0.310080975294113,-0.592678487300873,-0.155422493815422,-0.726929128170013
-0.404247641563416,0.0209861397743225,1.30950546264648,0.310299336910248,-0.592522501945496,-0.156382948160172,-0.726756989955902
-0.404541134834289,0.0207912996411323,1.30960631370544,0.31006270647049,-0.592035293579102,-0.157765001058578,-0.726956367492676
-0.404758036136627,0.0207345485687255,1.30964875221252,0.310273468494415,-0.591471910476685,-0.158954799175262,-0.727065920829773
-0.404976487159729,0.0207992121577262,1.3097722530365,0.307039320468903,-0.587734878063202,-0.154682770371437,-0.73237144947052
-0.405303388834,0.0207971706986427,1.30975937843323,0.307566225528717,-0.58709853887558,-0.156065210700035,-0.73236745595932
-0.405303388834,0.0207971706986427,1.30975937843323,0.307566225528717,-0.58709853887558,-0.156065210700035,-0.73236745595932
-0.405758917331696,0.0208834037184715,1.30987477302551,0.308098286390305,-0.586363136768341,-0.158698529005051,-0.732167065143585
-0.405758917331696,0.0208834037184715,1.30987477302551,0.308098286390305,-0.586363136768341,-0.158698529005051,-0.732167065143585
-0.406102687120438,0.0209736824035644,1.30986797809601,0.308371603488922,-0.585640609264374,-0.160562500357628,-0.732223749160767
-0.406205385923386,0.021095260977745,1.30979359149933,0.308580338954925,-0.585571050643921,-0.161921486258507,-0.731892168521881
-0.406417191028595,0.0211764276027679,1.30968630313873,0.308712035417557,-0.58537757396698,-0.16336116194725,-0.731671512126923
-0.406586498022079,0.0211643725633621,1.3095862865448,0.309066444635391,-0.585022687911987,-0.164954498410225,-0.731448233127594
-0.406751304864883,0.0211764574050903,1.30950427055359,0.309259355068207,-0.584699690341949,-0.166317775845528,-0.731316268444061
-0.406949609518051,0.0213810503482818,1.30937767028809,0.30969762802124,-0.584417402744293,-0.168008089065552,-0.730969846248627
-0.407084733247757,0.0213659107685089,1.30922698974609,0.310048431158066,-0.584153532981873,-0.170417711138725,-0.730474054813385
-0.407246619462967,0.0214561894536018,1.30902338027954,0.313330382108688,-0.587029814720154,-0.176937341690063,-0.725198864936829
-0.407353281974792,0.0215076059103012,1.30886471271515,0.313545644283295,-0.586775302886963,-0.179332688450813,-0.724723219871521
-0.407469928264618,0.0215950459241867,1.30870842933655,0.310959994792938,-0.58331835269928,-0.177059754729271,-0.729173243045807
-0.407638818025589,0.021689161658287,1.30849945545197,0.311219185590744,-0.582894265651703,-0.179131358861923,-0.728895723819733
-0.407893478870392,0.0218549221754074,1.30841612815857,0.314609289169312,-0.585774838924408,-0.18706339597702,-0.723115682601929
-0.408073633909225,0.0219447240233421,1.30828630924225,0.311803817749023,-0.582021355628967,-0.1842050999403,-0.728078424930573
-0.40825229883194,0.0220918878912925,1.30812835693359,0.310984998941422,-0.580721616744995,-0.183330073952675,-0.729685485363007
-0.408418476581573,0.0221987441182136,1.3080393075943,0.311086982488632,-0.580371558666229,-0.186379715800285,-0.729147791862488
-0.40859067440033,0.0223416611552238,1.30790257453918,0.31116396188736,-0.579940915107727,-0.189485862851143,-0.728656709194183
-0.408870428800583,0.0224910005927085,1.307736992836,0.311551600694656,-0.579285264015198,-0.192529961466789,-0.728214621543884
-0.409025490283966,0.0226625278592109,1.30764150619507,0.315161943435669,-0.582960188388824,-0.204435765743256,-0.720441877841949
-0.409339874982834,0.022903561592102,1.30759048461914,0.311901777982712,-0.578512132167816,-0.199413061141968,-0.726825654506683
-0.409599423408508,0.0230761170387268,1.30738306045532,0.312365263700485,-0.577722370624542,-0.203153848648071,-0.726218521595001
-0.409814476966858,0.0232745930552482,1.30730140209198,0.312508046627045,-0.577311515808105,-0.206996113061905,-0.725398361682892
-0.410035729408264,0.023470252752304,1.30724930763245,0.312278538942337,-0.576862573623657,-0.210573345422745,-0.724824547767639
-0.410277992486954,0.0236559510231018,1.30716240406036,0.312167972326279,-0.576248943805695,-0.214342132210732,-0.724255323410034
-0.410638123750687,0.023905798792839,1.30712974071503,0.312424719333649,-0.575486123561859,-0.218073129653931,-0.723637104034424
-0.410876721143722,0.024112656712532,1.30704879760742,0.312273681163788,-0.574741423130035,-0.22197113931179,-0.723108768463135
-0.411308646202087,0.0244391486048698,1.30701661109924,0.312297582626343,-0.573832511901855,-0.225504219532013,-0.722727000713348
-0.411308646202087,0.0244391486048698,1.30701661109924,0.312297582626343,-0.573832511901855,-0.225504219532013,-0.722727000713348
-0.411881536245346,0.0248632133007049,1.3067991733551,0.312437266111374,-0.572137773036957,-0.234036162495613,-0.721296429634094
-0.412194669246674,0.0251423716545104,1.30675911903381,0.312290161848068,-0.571223616600037,-0.237642645835876,-0.720905244350433
-0.412638485431671,0.0254779160022735,1.30679023265839,0.312211126089096,-0.570148825645447,-0.241580992937088,-0.720481336116791
-0.412638485431671,0.0254779160022735,1.30679023265839,0.312211126089096,-0.570148825645447,-0.241580992937088,-0.720481336116791
-0.413412243127823,0.0261328816413879,1.30676543712616,0.312630295753479,-0.567935466766357,-0.251132309436798,-0.718779563903809
-0.413738936185837,0.0263940691947937,1.30675148963928,0.312487602233887,-0.567022681236267,-0.254178553819656,-0.718491613864899
-0.414181977510452,0.0267411619424819,1.30682754516602,0.312493801116943,-0.565711677074432,-0.257948189973831,-0.718178689479828
-0.414784878492355,0.0272130221128463,1.30695486068726,0.312580287456512,-0.564564645290375,-0.261992812156677,-0.717579483985901
-0.415208071470261,0.0275849550962448,1.30699872970581,0.313033491373062,-0.563834488391876,-0.265542209148407,-0.716650664806366
-0.415568292140961,0.0279147773981094,1.30696630477905,0.312338560819626,-0.562248051166534,-0.271032154560089,-0.716144859790802
-0.415932655334473,0.0281752198934555,1.30693423748016,0.312470853328705,-0.561216294765472,-0.274080127477646,-0.715736389160156
-0.415932655334473,0.0281752198934555,1.30693423748016,0.312470853328705,-0.561216294765472,-0.274080127477646,-0.715736389160156
-0.416955262422562,0.0291968435049057,1.30705809593201,0.312099784612656,-0.559008955955505,-0.282325387001038,-0.714419484138489
-0.417273342609406,0.029590904712677,1.30709636211395,0.311908543109894,-0.55794769525528,-0.285210132598877,-0.714186668395996
-0.417273342609406,0.029590904712677,1.30709636211395,0.311908543109894,-0.55794769525528,-0.285210132598877,-0.714186668395996
-0.418203353881836,0.0302800238132476,1.30719470977783,0.311600893735886,-0.555053234100342,-0.293680816888809,-0.713142514228821
-0.418831318616867,0.0307420492172241,1.30734717845917,0.311985075473785,-0.553667068481445,-0.297345012426376,-0.712533593177795
-0.419342309236526,0.0312181040644645,1.30744922161102,0.311889708042145,-0.552294373512268,-0.301125913858414,-0.712052762508392
-0.419763773679733,0.0316823571920394,1.30753409862518,0.311869323253632,-0.550999581813812,-0.305650144815445,-0.711136519908905
-0.420302093029022,0.0322960615158081,1.30763220787048,0.311984777450562,-0.550045073032379,-0.308041661977768,-0.71079283952713
-0.420302093029022,0.0322960615158081,1.30763220787048,0.311984777450562,-0.550045073032379,-0.308041661977768,-0.71079283952713
-0.421319663524628,0.0333838239312171,1.30778324604034,0.312711536884308,-0.547657310962677,-0.314924657344818,-0.709299325942993
-0.421913534402847,0.0338227525353431,1.30790543556213,0.313089072704315,-0.54621434211731,-0.318453729152679,-0.708669483661652
-0.421913534402847,0.0338227525353431,1.30790543556213,0.313089072704315,-0.54621434211731,-0.318453729152679,-0.708669483661652
-0.4231898188591,0.0350647866725921,1.30825972557068,0.313156843185425,-0.544053018093109,-0.324023097753525,-0.707776963710785
-0.423814535140991,0.0356527715921402,1.30836546421051,0.313502758741379,-0.542708873748779,-0.327805429697037,-0.706913590431213
-0.423814535140991,0.0356527715921402,1.30836546421051,0.313502758741379,-0.542708873748779,-0.327805429697037,-0.706913590431213
-0.424843728542328,0.0369837433099746,1.30862319469452,0.314312666654587,-0.540862858295441,-0.332502394914627,-0.705774128437042
-0.425457566976547,0.0376075804233551,1.30874645709991,0.314630776643753,-0.539775550365448,-0.335260927677154,-0.705159664154053
-0.426078140735626,0.0383284986019134,1.30900907516479,0.315065115690231,-0.538867294788361,-0.337417423725128,-0.704631447792053
-0.426674783229828,0.0390799790620803,1.30915689468384,0.315711766481399,-0.538069546222687,-0.339749038219452,-0.703830897808075
-0.427334427833557,0.0397141873836517,1.30915975570679,0.317179709672928,-0.537277221679688,-0.338431298732758,-0.704410791397095
-0.427334427833557,0.0397141873836517,1.30915975570679,0.317179709672928,-0.537277221679688,-0.338431298732758,-0.704410791397095
-0.428466409444809,0.0411693155765533,1.30935323238373,0.315813779830933,-0.534224390983582,-0.34948655962944,-0.701943874359131
-0.429159790277481,0.0418215095996856,1.30935025215149,0.316199630498886,-0.533203780651093,-0.351805567741394,-0.701387524604797
-0.429799854755402,0.0425929576158523,1.30947351455688,0.316868185997009,-0.532187640666962,-0.354164928197861,-0.700669765472412
-0.430392503738403,0.0433877408504486,1.30960702896118,0.317235112190247,-0.531352579593658,-0.356562435626984,-0.699921131134033
-0.43115895986557,0.0441294088959693,1.30968201160431,0.318347543478012,-0.530149817466736,-0.358845323324203,-0.699160933494568
-0.431184649467468,0.0448238104581832,1.30902564525604,0.318028628826141,-0.529688596725464,-0.361778438091278,-0.698143362998962
-0.432408213615417,0.0458437800407409,1.30979073047638,0.321722447872162,-0.531295418739319,-0.367285966873169,-0.692330121994019
-0.433307528495789,0.0465190708637237,1.30990660190582,0.32025808095932,-0.527790009975433,-0.364793598651886,-0.696992158889771
-0.433840811252594,0.0473801046609878,1.30987274646759,0.323590070009232,-0.529782950878143,-0.371537744998932,-0.690347254276276
-0.433840811252594,0.0473801046609878,1.30987274646759,0.323590070009232,-0.529782950878143,-0.371537744998932,-0.690347254276276
-0.434628009796143,0.0480770468711853,1.30988705158234,0.321729123592377,-0.526335537433624,-0.368671625852585,-0.695372343063354
-0.436275869607925,0.0498893857002258,1.31007754802704,0.324474692344666,-0.52418315410614,-0.372409403324127,-0.693728685379028
-0.43707674741745,0.0507441163063049,1.31013166904449,0.32808580994606,-0.526048421859741,-0.379325240850449,-0.686837136745453
-0.437837094068527,0.0516547560691833,1.31014001369476,0.326301842927933,-0.52271294593811,-0.375510573387146,-0.692307889461517
-0.438662081956863,0.0523945912718772,1.31016778945923,0.329652458429336,-0.523975133895874,-0.382423102855682,-0.685953497886658
-0.43919911980629,0.0532755926251411,1.31010770797729,0.32800817489624,-0.520577669143677,-0.379951864480972,-0.690685451030731
-0.439928144216537,0.0541452765464782,1.31005465984344,0.329023808240891,-0.519760489463806,-0.38162887096405,-0.689892768859863
-0.439928144216537,0.0541452765464782,1.31005465984344,0.329023808240891,-0.519760489463806,-0.38162887096405,-0.689892768859863
-0.441542983055115,0.055955670773983,1.31034576892853,0.330548733472824,-0.518267273902893,-0.384644716978073,-0.688610911369324
-0.442298591136932,0.0569828450679779,1.31027603149414,0.331852823495865,-0.517457783222198,-0.386565685272217,-0.6875159740448
-0.442928075790405,0.0578150525689125,1.31024575233459,0.332431733608246,-0.517013967037201,-0.388056129217148,-0.686730206012726
-0.443572670221329,0.058649331331253,1.31021189689636,0.33326119184494,-0.516278564929962,-0.390241026878357,-0.68564236164093
-0.444309622049332,0.0595723539590835,1.31021320819855,0.334698975086212,-0.515247344970703,-0.392126947641373,-0.684640944004059
-0.445090979337692,0.060446597635746,1.31009244918823,0.335618495941162,-0.514463722705841,-0.39399528503418,-0.683706939220428
-0.445090979337692,0.060446597635746,1.31009244918823,0.335618495941162,-0.514463722705841,-0.39399528503418,-0.683706939220428
-0.446710884571075,0.0623740851879119,1.31029772758484,0.337392896413803,-0.513160169124603,-0.397089123725891,-0.682021200656891
-0.447475135326385,0.0633696168661117,1.31045007705688,0.338453561067581,-0.512396931648254,-0.39861124753952,-0.681181192398071
-0.44824293255806,0.0641450881958007,1.31033957004547,0.33916711807251,-0.511397182941437,-0.400629967451096,-0.680392801761627
-0.449050486087799,0.0650874078273773,1.3104555606842,0.340386092662811,-0.510319709777832,-0.402381032705307,-0.679559230804443
-0.449050486087799,0.0650874078273773,1.3104555606842,0.340386092662811,-0.510319709777832,-0.402381032705307,-0.679559230804443
-0.45047315955162,0.0668572038412094,1.31032991409302,0.34408888220787,-0.510684192180634,-0.410436689853668,-0.672566890716553
-0.451332032680511,0.0678310096263885,1.31050670146942,0.345250576734543,-0.509712934494019,-0.411816030740738,-0.671865046024323
-0.452202171087265,0.0687510967254638,1.31049692630768,0.346364945173263,-0.508756101131439,-0.414062261581421,-0.670634746551514
-0.452975422143936,0.0698308944702148,1.31064856052399,0.347558856010437,-0.508088290691376,-0.415724277496338,-0.669494330883026
-0.45376256108284,0.0707387626171112,1.3106461763382,0.348279118537903,-0.507193565368652,-0.417304068803787,-0.668815135955811
-0.454474925994873,0.0716416388750076,1.31077575683594,0.345551609992981,-0.50341385602951,-0.412370681762695,-0.676105797290802
-0.455351531505585,0.0726825296878814,1.31062722206116,0.346561789512634,-0.502330958843231,-0.414568454027176,-0.675049424171448
-0.455351531505585,0.0726825296878814,1.31062722206116,0.346561789512634,-0.502330958843231,-0.414568454027176,-0.675049424171448
-0.457016795873642,0.0744214802980423,1.31081962585449,0.34881654381752,-0.500551760196686,-0.418158888816833,-0.672991991043091
-0.457627981901169,0.0755212008953094,1.31090617179871,0.349851340055466,-0.499984413385391,-0.420070469379425,-0.671684861183167
-0.458777397871017,0.0763223320245742,1.3108549118042,0.350549042224884,-0.498437106609344,-0.421277225017548,-0.671715199947357
-0.458777397871017,0.0763223320245742,1.3108549118042,0.350549042224884,-0.498437106609344,-0.421277225017548,-0.671715199947357
-0.460348874330521,0.0782259404659271,1.31103992462158,0.352450042963028,-0.496821761131287,-0.424714297056198,-0.669750094413757
-0.460962146520615,0.0790958106517791,1.31096816062927,0.353261142969131,-0.496074289083481,-0.427128285169601,-0.668340086936951
-0.462047457695007,0.0800138711929321,1.31103014945984,0.354968547821045,-0.495276719331741,-0.429407119750977,-0.666564345359802
-0.462047457695007,0.0800138711929321,1.31103014945984,0.354968547821045,-0.495276719331741,-0.429407119750977,-0.666564345359802
-0.463708579540253,0.0818999111652374,1.31113946437836,0.355876982212067,-0.492984235286713,-0.432120472192764,-0.666025578975677
-0.463817059993744,0.0827648639678955,1.31029343605042,0.356208890676498,-0.493019074201584,-0.434379249811172,-0.664350926876068
-0.465397387742996,0.083697460591793,1.31123304367065,0.358977347612381,-0.491564005613327,-0.436279296875,-0.662692010402679
-0.466326147317886,0.0846454799175262,1.3112884759903,0.359856128692627,-0.490654110908508,-0.439055174589157,-0.661054372787476
-0.46720764040947,0.0857007279992103,1.31136870384216,0.360870033502579,-0.489862650632858,-0.440737336874008,-0.659968316555023
-0.468091815710068,0.0864332318305969,1.31145465373993,0.361687481403351,-0.488782376050949,-0.442055135965347,-0.659440279006958
-0.469079673290253,0.087405078113079,1.31138038635254,0.363001406192779,-0.487651497125626,-0.442269712686539,-0.659411609172821
-0.469870775938034,0.0882693529129028,1.31114161014557,0.363522678613663,-0.486374825239182,-0.445548743009567,-0.65785801410675
-0.469870775938034,0.0882693529129028,1.31114161014557,0.363522678613663,-0.486374825239182,-0.445548743009567,-0.65785801410675
-0.471822619438171,0.0902361422777175,1.31154847145081,0.36560195684433,-0.484641879796982,-0.44814458489418,-0.65621942281723
-0.471822619438171,0.0902361422777175,1.31154847145081,0.36560195684433,-0.484641879796982,-0.44814458489418,-0.65621942281723
-0.473729163408279,0.0920931249856948,1.31169855594635,0.369850546121597,-0.484444826841354,-0.455621182918549,-0.648793578147888
-0.474806189537048,0.0930042937397956,1.31170606613159,0.370890110731125,-0.483072489500046,-0.457066684961319,-0.648206532001495
-0.47562626004219,0.0939095690846443,1.31162106990814,0.37172344326973,-0.482116341590881,-0.45845690369606,-0.647458851337433
-0.476588755846024,0.0946545228362083,1.31139659881592,0.372317165136337,-0.480764180421829,-0.460287302732468,-0.646824061870575
-0.477627009153366,0.0956594198942184,1.31151735782623,0.373140841722488,-0.480026483535767,-0.460941970348358,-0.646431148052216
-0.47882804274559,0.0967652946710586,1.31205809116364,0.374846488237381,-0.478991061449051,-0.462504267692566,-0.645094931125641
-0.479919224977493,0.0976182073354721,1.31209075450897,0.376068860292435,-0.477855533361435,-0.463803648948669,-0.64429235458374
-0.480794459581375,0.0986104980111122,1.3120368719101,0.376807451248169,-0.477110952138901,-0.465298682451248,-0.643333911895752
-0.481872200965881,0.0994782671332359,1.31204199790955,0.376457720994949,-0.474942982196808,-0.461443513631821,-0.647903323173523
-0.482952803373337,0.100414127111435,1.31198012828827,0.377568662166595,-0.473831325769424,-0.462800085544586,-0.647102832794189
-0.484013885259628,0.101291418075561,1.31202828884125,0.379879206418991,-0.473815709352493,-0.469010412693024,-0.641264200210571
-0.48504713177681,0.102354422211647,1.31198382377625,0.380940288305283,-0.473150789737701,-0.470537483692169,-0.640005648136139
-0.486177057027817,0.103111453354359,1.31197834014893,0.380768954753876,-0.470963567495346,-0.466516494750977,-0.644648015499115
-0.487149983644485,0.104080051183701,1.31194508075714,0.382772862911224,-0.471168756484985,-0.472820281982422,-0.638691008090973
-0.488220572471619,0.105143174529076,1.31187319755554,0.382647544145584,-0.469415962696075,-0.468505352735519,-0.6432204246521
-0.488220572471619,0.105143174529076,1.31187319755554,0.382647544145584,-0.469415962696075,-0.468505352735519,-0.6432204246521
-0.490530073642731,0.10676946491003,1.31185257434845,0.385846734046936,-0.467630386352539,-0.476081848144531,-0.637016713619232
-0.491559505462646,0.107676088809967,1.31178295612335,0.386604100465774,-0.466605752706528,-0.477795213460922,-0.636025369167328
-0.491559505462646,0.107676088809967,1.31178295612335,0.386604100465774,-0.466605752706528,-0.477795213460922,-0.636025369167328
-0.493848413228989,0.10935814678669,1.31169712543488,0.38838317990303,-0.464516133069992,-0.47994926571846,-0.63484799861908
-0.494949698448181,0.110206961631775,1.31168103218079,0.38973405957222,-0.463142156600952,-0.481390655040741,-0.633932113647461
-0.49613618850708,0.11108772456646,1.31168699264526,0.390686541795731,-0.462060004472732,-0.482744187116623,-0.633105635643005
-0.49726927280426,0.111817672848701,1.31146287918091,0.390730082988739,-0.460478037595749,-0.478538185358047,-0.637409865856171
-0.498376667499542,0.112935058772564,1.31168484687805,0.391943722963333,-0.459406018257141,-0.480322539806366,-0.636094868183136
-0.499660789966583,0.113657020032406,1.31152451038361,0.39300948381424,-0.457989603281021,-0.481929153203964,-0.635242998600006
-0.500665724277496,0.114571124315262,1.31154775619507,0.394282877445221,-0.456970989704132,-0.483567237854004,-0.633941233158112
-0.501896023750305,0.115196906030178,1.31132531166077,0.395316123962402,-0.455396741628647,-0.484956055879593,-0.633369266986847
-0.503091752529144,0.116126947104931,1.31128871440887,0.396429866552353,-0.454351931810379,-0.48648676276207,-0.63224869966507
-0.503091752529144,0.116126947104931,1.31128871440887,0.396429866552353,-0.454351931810379,-0.48648676276207,-0.63224869966507
-0.505258083343506,0.117559634149074,1.3112940788269,0.400209188461304,-0.450312077999115,-0.491720646619797,-0.628699064254761
-0.506335020065308,0.118598498404026,1.31135809421539,0.401585191488266,-0.449623793363571,-0.492652028799057,-0.627584278583527
-0.507445216178894,0.119400531053543,1.31139206886292,0.402483850717545,-0.448249012231827,-0.495095014572143,-0.626067578792572
-0.507445216178894,0.119400531053543,1.31139206886292,0.402483850717545,-0.448249012231827,-0.495095014572143,-0.626067578792572
-0.509880363941193,0.12076498568058,1.31110799312592,0.403302401304245,-0.447102010250091,-0.501658022403717,-0.621117115020752
-0.5108363032341,0.121402680873871,1.31103003025055,0.405420780181885,-0.444198459386826,-0.500791788101196,-0.622518599033356
-0.511867046356201,0.122246779501438,1.31099486351013,0.406920969486237,-0.443355888128281,-0.506728529930115,-0.617314457893372
-0.512954413890839,0.123006224632263,1.31085121631622,0.407294690608978,-0.442406237125397,-0.503965497016907,-0.620005249977112
-0.51398766040802,0.123699247837067,1.31079816818237,0.408549129962921,-0.440972030162811,-0.505985915660858,-0.618554472923279
-0.515010356903076,0.124275140464306,1.31081438064575,0.409403920173645,-0.439606606960297,-0.507845401763916,-0.617436349391937
-0.515971124172211,0.124931283295155,1.31074810028076,0.409927904605865,-0.438362777233124,-0.510569930076599,-0.615723669528961
-0.515971124172211,0.124931283295155,1.31074810028076,0.409927904605865,-0.438362777233124,-0.510569930076599,-0.615723669528961
-0.517914891242981,0.12626114487648,1.31050336360931,0.411227256059647,-0.43603926897049,-0.513838469982147,-0.613784968852997
-0.518833160400391,0.126902550458908,1.31036126613617,0.412455201148987,-0.435245275497437,-0.520020425319672,-0.608293533325195
-0.519861280918121,0.127541393041611,1.31019842624664,0.413305282592773,-0.434003919363022,-0.522091388702393,-0.606827795505524
-0.520668864250183,0.128068715333939,1.3101395368576,0.413887500762939,-0.432985901832581,-0.519523441791534,-0.609356880187988
-0.521549999713898,0.12869256734848,1.31002044677734,0.414554953575134,-0.431931883096695,-0.521598279476166,-0.607876896858215
-0.522467255592346,0.129359781742096,1.30992603302002,0.415775656700134,-0.431258082389831,-0.523531019687653,-0.605856895446777
-0.523326396942139,0.129971399903297,1.30979156494141,0.41631269454956,-0.430347114801407,-0.524725317955017,-0.605102181434631
-0.523326396942139,0.129971399903297,1.30979156494141,0.41631269454956,-0.430347114801407,-0.524725317955017,-0.605102181434631
-0.524854719638824,0.130974769592285,1.30965054035187,0.417283207178116,-0.42828506231308,-0.528355538845062,-0.60273289680481
-0.525597155094147,0.131480738520622,1.30891418457031,0.41460195183754,-0.42798238992691,-0.530161798000336,-0.603212237358093
-0.526357889175415,0.132044613361359,1.30932259559631,0.418344438076019,-0.42637038230896,-0.536929070949554,-0.595737874507904
-0.527034759521484,0.132401958107948,1.30928993225098,0.418509751558304,-0.425377577543259,-0.53387439250946,-0.599067509174347
-0.527034759521484,0.132401958107948,1.30928993225098,0.418509751558304,-0.425377577543259,-0.53387439250946,-0.599067509174347
-0.528592467308044,0.133259788155556,1.30885827541351,0.417904257774353,-0.425068795681,-0.540767669677734,-0.59350061416626
-0.528947770595551,0.13364240527153,1.30883288383484,0.420013844966888,-0.422843933105469,-0.543809950351715,-0.590815186500549
-0.529554188251495,0.13400462269783,1.30878102779388,0.420330107212067,-0.422165393829346,-0.541496515274048,-0.593195080757141
-0.530325472354889,0.134494930505753,1.30850827693939,0.419213265180588,-0.422891348600388,-0.541650772094727,-0.593327820301056
-0.530859589576721,0.134912103414535,1.30848598480225,0.419770449399948,-0.422354936599731,-0.543635785579681,-0.591497600078583
-0.531341433525085,0.135230362415314,1.30845463275909,0.419971346855164,-0.421468406915665,-0.549631774425507,-0.586424171924591
-0.531603395938873,0.135589435696602,1.30845892429352,0.421883285045624,-0.419578075408935,-0.548347473144531,-0.587608754634857
-0.531603395938873,0.135589435696602,1.30845892429352,0.421883285045624,-0.419578075408935,-0.548347473144531,-0.587608754634857
-0.532654821872711,0.136323884129524,1.30852901935577,0.422914862632751,-0.418323427438736,-0.551120579242706,-0.585162281990051
-0.532654821872711,0.136323884129524,1.30852901935577,0.422914862632751,-0.418323427438736,-0.551120579242706,-0.585162281990051
-0.533316135406494,0.137126639485359,1.30821084976196,0.421815097332001,-0.416507810354233,-0.554821789264679,-0.583751857280731
-0.53372597694397,0.1374381929636,1.30802476406097,0.421927630901337,-0.418467223644257,-0.554470777511597,-0.5826016664505
-0.534081816673279,0.137913912534714,1.30803120136261,0.422307550907135,-0.418283402919769,-0.555111765861511,-0.581847548484802
-0.534508168697357,0.138225138187408,1.3085606098175,0.42450949549675,-0.41611698269844,-0.557238817214966,-0.579761624336243
-0.53471827507019,0.138312891125679,1.30863440036774,0.423917949199677,-0.41508486866951,-0.56348043680191,-0.574881017208099
-0.535128951072693,0.138827174901962,1.30847835540771,0.42409348487854,-0.414886921644211,-0.564102649688721,-0.57428377866745
-0.535478830337524,0.139192193746567,1.30842423439026,0.42153000831604,-0.415299832820892,-0.560873091220856,-0.57901656627655
-0.535478830337524,0.139192193746567,1.30842423439026,0.42153000831604,-0.415299832820892,-0.560873091220856,-0.57901656627655
-0.535865306854248,0.140039458870888,1.30832827091217,0.422808796167374,-0.415864646434784,-0.563021004199982,-0.575583755970001
-0.536001801490784,0.140489757061005,1.30828893184662,0.423848867416382,-0.416547685861588,-0.561998188495636,-0.575324535369873
-0.535914123058319,0.140730768442154,1.30826222896576,0.424274235963821,-0.414326876401901,-0.565852463245392,-0.572831213474274
-0.535747826099396,0.141061440110207,1.30763983726501,0.422838151454925,-0.413606405258179,-0.566475927829742,-0.57379674911499
-0.536206662654877,0.141352772712707,1.30796957015991,0.422953277826309,-0.415879994630814,-0.564668774604797,-0.573849737644196
-0.536153256893158,0.141391813755035,1.30786228179932,0.422511696815491,-0.415728181600571,-0.565526485443115,-0.573440372943878
-0.536108672618866,0.141722112894058,1.30778896808624,0.422723025083542,-0.416077435016632,-0.566373348236084,-0.572194278240204
-0.536160230636597,0.142269939184189,1.30771827697754,0.422873944044113,-0.416409432888031,-0.566393673419952,-0.571821093559265
-0.536160230636597,0.142269939184189,1.30771827697754,0.422873944044113,-0.416409432888031,-0.566393673419952,-0.571821093559265
-0.535943329334259,0.142902076244354,1.30756783485413,0.422742247581482,-0.416856169700623,-0.566172778606415,-0.571811556816101
-0.535630702972412,0.143075525760651,1.30725657939911,0.422058939933777,-0.416890323162079,-0.56637054681778,-0.572095692157745
-0.535392284393311,0.143375620245934,1.30726039409637,-0.421196460723877,0.417066425085068,0.570674359798431,0.568313181400299
-0.535392284393311,0.143375620245934,1.30726039409637,-0.421196460723877,0.417066425085068,0.570674359798431,0.568313181400299
-0.53476619720459,0.143859505653381,1.30742311477661,-0.422366887331009,0.416326314210892,0.571893930435181,0.566759407520294
-0.534512102603912,0.144126191735268,1.30740582942963,-0.422197908163071,0.416801542043686,0.571617901325226,0.566814363002777
-0.534221410751343,0.144313737750053,1.3073513507843,0.421003401279449,-0.41929891705513,-0.565617740154266,-0.571857929229736
-0.533600986003876,0.144547373056412,1.30743360519409,0.422012567520142,-0.418455272912979,-0.566570103168488,-0.570788145065308
-0.533104717731476,0.144735455513,1.3074746131897,0.421737611293793,-0.419313222169876,-0.566160678863525,-0.570767939090729
-0.532480955123901,0.144920587539673,1.30756068229675,0.421176642179489,-0.420175075531006,-0.565804362297058,-0.570901572704315
-0.531967163085938,0.145153820514679,1.30765581130981,-0.420123398303986,0.420512318611145,0.569456219673157,0.567789971828461
-0.531365394592285,0.145196840167046,1.3077107667923,0.420371651649475,-0.421763837337494,-0.564957618713379,-0.571162104606628
-0.530733466148376,0.14522959291935,1.30784642696381,0.418693542480469,-0.422421276569366,-0.56498783826828,-0.57187819480896
-0.53003191947937,0.145463272929192,1.30798470973969,0.418596476316452,-0.423111021518707,-0.567004442214966,-0.569438457489014
-0.52938187122345,0.145697802305222,1.30813705921173,0.417810201644897,-0.424339115619659,-0.563630878925323,-0.572443306446075
-0.528664529323578,0.14590060710907,1.30838942527771,0.417375683784485,-0.425479412078857,-0.565210223197937,-0.570352852344513
-0.528664529323578,0.14590060710907,1.30838942527771,0.417375683784485,-0.425479412078857,-0.565210223197937,-0.570352852344513
-0.527140259742737,0.146019816398621,1.30868542194366,0.416603982448578,-0.427777796983719,-0.559496641159058,-0.574813842773438
-0.527140259742737,0.146019816398621,1.30868542194366,0.416603982448578,-0.427777796983719,-0.559496641159058,-0.574813842773438
-0.525367558002472,0.146232441067696,1.30855417251587,0.413982361555099,-0.429408013820648,-0.558512628078461,-0.576447129249573
-0.524591863155365,0.146322622895241,1.30868482589722,0.413034290075302,-0.430075287818909,-0.562518835067749,-0.572722136974335
-0.524046361446381,0.146158546209335,1.30899560451508,0.410654008388519,-0.432211101055145,-0.55560976266861,-0.579529762268066
-0.523371815681458,0.146262794733047,1.30933654308319,0.41000235080719,-0.433178305625916,-0.554772555828094,-0.580070853233337
-0.522617816925049,0.146323472261429,1.30943322181702,0.409084886312485,-0.433882147073746,-0.554077804088593,-0.580856263637543
-0.521826148033142,0.14669081568718,1.30958271026611,0.40843603014946,-0.434901148080826,-0.552956223487854,-0.581618905067444
-0.520833611488342,0.146712601184845,1.30962109565735,0.409010499715805,-0.434184223413467,-0.553824603557587,-0.580924212932587
-0.520833611488342,0.146712601184845,1.30962109565735,0.409010499715805,-0.434184223413467,-0.553824603557587,-0.580924212932587
-0.519182085990906,0.14664289355278,1.30980157852173,0.407121360301971,-0.435807913541794,-0.552674174308777,-0.582129836082458
-0.518358111381531,0.146530419588089,1.30979323387146,0.406351685523987,-0.436274200677872,-0.552217185497284,-0.5827516913414
-0.517615854740143,0.146536961197853,1.30980980396271,0.405137091875076,-0.436670184135437,-0.555164754390717,-0.580495774745941
-0.516736626625061,0.146500527858734,1.30981779098511,0.404147922992706,-0.437788546085358,-0.549608170986176,-0.585607945919037
-0.516736626625061,0.146500527858734,1.30981779098511,0.404147922992706,-0.437788546085358,-0.549608170986176,-0.585607945919037
-0.515373826026917,0.146823510527611,1.30962729454041,0.400498300790787,-0.441540002822876,-0.546123027801514,-0.588551700115204
-0.514484584331512,0.146943271160126,1.30958998203278,0.399658203125,-0.442367345094681,-0.545352280139923,-0.589215934276581
-0.513505697250366,0.14698638021946,1.30969405174255,0.400039464235306,-0.441005766391754,-0.546498537063599,-0.588915586471558
-0.512803196907043,0.14715763926506,1.30972540378571,0.399157077074051,-0.442132413387299,-0.545348882675171,-0.58973491191864
-0.511991083621979,0.146983504295349,1.30953395366669,0.398221284151077,-0.442526698112488,-0.548828065395355,-0.586836874485016
-0.51116681098938,0.147068783640862,1.30963933467865,0.397313743829727,-0.443929761648178,-0.543738901615143,-0.591114461421967
-0.510460376739502,0.14697177708149,1.30928218364716,0.393937945365906,-0.445635855197906,-0.540789723396301,-0.594784379005432
-0.510460376739502,0.14697177708149,1.30928218364716,0.393937945365906,-0.445635855197906,-0.540789723396301,-0.594784379005432
-0.508867919445038,0.147030979394913,1.30914413928986,0.392155200242996,-0.44749715924263,-0.538799345493317,-0.596368789672852
-0.507993280887604,0.14699912071228,1.30909597873688,0.391127377748489,-0.448450803756714,-0.538029611110687,-0.597022354602814
-0.506937801837921,0.146798133850098,1.30895185470581,0.390178233385086,-0.449117869138718,-0.537440538406372,-0.597672045230865
-0.506049513816833,0.146827191114426,1.30879414081573,0.388761758804321,-0.449879676103592,-0.536810517311096,-0.598587512969971
-0.505164384841919,0.146670758724213,1.30860209465027,0.388072550296783,-0.450709074735641,-0.535949945449829,-0.599181950092316
-0.504230916500092,0.146630123257637,1.30879938602448,0.387028068304062,-0.451612770557404,-0.534986615180969,-0.600037157535553
-0.503362119197845,0.146496281027794,1.30872082710266,0.386021316051483,-0.452307671308517,-0.534652054309845,-0.600460410118103
-0.502172112464905,0.14629040658474,1.30857717990875,0.385159134864807,-0.453316807746887,-0.534087181091309,-0.600755572319031
-0.501305520534515,0.146070241928101,1.30850172042847,0.384293735027313,-0.453801900148392,-0.533614218235016,-0.601363480091095
-0.500370740890503,0.145942360162735,1.3085355758667,0.382550120353699,-0.454191714525223,-0.532061874866486,-0.603552341461182
-0.499356597661972,0.145730495452881,1.3084831237793,0.381570845842361,-0.454984575510025,-0.531647443771362,-0.60394024848938
-0.499356597661972,0.145730495452881,1.3084831237793,0.381570845842361,-0.454984575510025,-0.531647443771362,-0.60394024848938
-0.497514456510544,0.145343288779259,1.30837106704712,0.379376471042633,-0.456809878349304,-0.530225217342377,-0.605193853378296
-0.496512740850449,0.145182579755783,1.30832827091217,0.379030495882034,-0.457884401082992,-0.529390335083008,-0.605329573154449
-0.496512740850449,0.145182579755783,1.30832827091217,0.379030495882034,-0.457884401082992,-0.529390335083008,-0.605329573154449
-0.494469076395035,0.144368067383766,1.30820202827454,0.374909490346909,-0.457993060350418,-0.529858887195587,-0.607400119304657
-0.493521958589554,0.14408940076828,1.30820751190186,0.37549877166748,-0.459682524204254,-0.532777309417725,-0.603192567825317
-0.492648065090179,0.143793106079102,1.30817770957947,0.37458336353302,-0.460317313671112,-0.532472848892212,-0.603546261787415
-0.491657048463821,0.143292501568794,1.30813086032867,0.371793210506439,-0.459984809160232,-0.528565585613251,-0.608935475349426
-0.490631192922592,0.142841309309006,1.30818629264832,0.371583253145218,-0.461752593517303,-0.526681482791901,-0.609358131885529
-0.489577025175095,0.142435416579246,1.30806982517242,0.37053319811821,-0.462390631437302,-0.526463091373444,-0.609702408313751
-0.488595634698868,0.141959458589554,1.30804538726807,0.369762569665909,-0.463093489408493,-0.525787949562073,-0.61021900177002
-0.487610459327698,0.141437709331512,1.3080974817276,0.369430154561996,-0.463784158229828,-0.525783658027649,-0.609899461269379
-0.486437410116196,0.140912234783173,1.30818331241608,0.36775815486908,-0.464291632175446,-0.525745987892151,-0.610555827617645
-0.485454082489014,0.140314251184464,1.3082172870636,0.36668586730957,-0.464899778366089,-0.525511205196381,-0.610940217971802
-0.484541028738022,0.139508068561554,1.30822455883026,0.365097433328628,-0.465746849775314,-0.524971961975098,-0.611709296703339
-0.483422309160232,0.139244690537453,1.30815768241882,0.364302188158035,-0.466752648353577,-0.524518013000488,-0.611806333065033
-0.482400834560394,0.138597667217255,1.30824017524719,0.36319762468338,-0.467231512069702,-0.523772120475769,-0.612735748291016
-0.481469094753265,0.137672632932663,1.30829918384552,0.361954569816589,-0.467548489570618,-0.523589909076691,-0.613384962081909
-0.480316817760467,0.136860862374306,1.30769121646881,0.360818564891815,-0.468007475137711,-0.523914337158203,-0.613426983356476
-0.479531735181808,0.13629649579525,1.308438539505,0.360140234231949,-0.469050467014313,-0.522952675819397,-0.613849520683289
-0.478576838970184,0.135403499007225,1.30824530124664,0.359367877244949,-0.469425648450851,-0.522611021995544,-0.614306211471558
-0.477472096681595,0.13458588719368,1.30795049667358,0.357525944709778,-0.470469176769257,-0.522103548049927,-0.615013659000397
-0.476494550704956,0.133820682764053,1.30835151672363,0.356851547956467,-0.471105247735977,-0.521750867366791,-0.615217745304108
-0.475571036338806,0.132971107959747,1.3083633184433,0.355703800916672,-0.471268117427826,-0.521001577377319,-0.616391718387604
-0.474701076745987,0.132068693637848,1.30846345424652,0.355181783437729,-0.472103536128998,-0.520360171794891,-0.616594970226288
-0.473672658205032,0.130882605910301,1.30833184719086,0.354256927967071,-0.4719318151474,-0.520794451236725,-0.616891741752625
-0.472814112901688,0.129922643303871,1.30863797664642,0.353539824485779,-0.472269713878632,-0.520474791526794,-0.617314398288727
-0.472094893455505,0.1288872808218,1.30877077579498,0.352829396724701,-0.472565233707428,-0.519985795021057,-0.617906510829926
-0.471107721328735,0.127917245030403,1.30899882316589,0.351648896932602,-0.473876029253006,-0.518355488777161,-0.618944525718689
-0.470334261655807,0.126701414585113,1.3088310956955,0.3505899310112,-0.473722219467163,-0.518433392047882,-0.619597136974335
-0.469456702470779,0.125480264425278,1.30922675132751,0.349823564291,-0.473810940980911,-0.518259584903717,-0.62010794878006
-0.468697518110275,0.124228268861771,1.30945765972137,0.349256962537766,-0.473943173885345,-0.517708480358124,-0.620786309242249
-0.467857837677002,0.123356252908707,1.30969250202179,0.349124401807785,-0.475042730569839,-0.516774117946625,-0.620798707008362
-0.467857837677002,0.123356252908707,1.30969250202179,0.349124401807785,-0.475042730569839,-0.516774117946625,-0.620798707008362
-0.466274559497833,0.120732985436916,1.31007826328278,0.346849530935287,-0.47488197684288,-0.515877246856689,-0.622939348220825
-0.465532213449478,0.119393512606621,1.31018030643463,0.346044689416885,-0.474776268005371,-0.515767395496368,-0.623558163642883
-0.464887619018555,0.118208587169647,1.31057691574097,0.345412909984589,-0.475077897310257,-0.515040755271912,-0.624278664588928
-0.464012682437897,0.116942852735519,1.3105640411377,0.343798190355301,-0.475818067789078,-0.514140784740448,-0.625347495079041
-0.463520258665085,0.11549086868763,1.31097161769867,0.343763381242752,-0.475303471088409,-0.513783872127533,-0.626050770282745
-0.462882697582245,0.114086352288723,1.31136190891266,0.343054383993149,-0.475182414054871,-0.513352692127228,-0.626884758472443
-0.462164223194122,0.112664610147476,1.3115565776825,0.342358112335205,-0.475069999694824,-0.513083398342133,-0.627570569515228
-0.46166917681694,0.111334279179573,1.31188631057739,0.343384623527527,-0.475950121879578,-0.517770171165466,-0.622472941875458
-0.4610895216465,0.109817147254944,1.31224036216736,0.342438071966171,-0.476105600595474,-0.517127215862274,-0.623409450054169
-0.460429668426514,0.108331397175789,1.31231987476349,0.340001404285431,-0.474978387355804,-0.511493623256683,-0.630213379859924
-0.460012078285217,0.106794722378254,1.31278896331787,0.340568453073502,-0.475192874670029,-0.510945677757263,-0.630190014839172
-0.459367364645004,0.105426773428917,1.31316936016083,0.340733259916305,-0.475807577371597,-0.51608020067215,-0.625435173511505
-0.458952784538269,0.103742890059948,1.31346428394318,0.338732987642288,-0.474277645349503,-0.510036945343018,-0.63260018825531
-0.458576917648315,0.102326415479183,1.31381678581238,0.338035404682159,-0.474628239870071,-0.509569823741913,-0.633086681365967
-0.458047091960907,0.100659012794495,1.31419491767883,0.337620884180069,-0.474261313676834,-0.510732412338257,-0.632646143436432
-0.457669168710709,0.0990594029426574,1.31453049182892,0.337660491466522,-0.474038481712341,-0.509503841400146,-0.633781552314758
-0.457145720720291,0.0974255949258804,1.3147566318512,0.336828798055649,-0.473380506038666,-0.510341167449951,-0.634042084217072
-0.456779181957245,0.09575916826725,1.3154388666153,0.336254835128784,-0.473316073417664,-0.509859979152679,-0.634781539440155
-0.456494212150574,0.0940970331430435,1.31587553024292,0.335850268602371,-0.472885638475418,-0.509351789951324,-0.63572371006012
-0.456115871667862,0.0923717767000198,1.31623077392578,0.335487991571426,-0.472378253936768,-0.509466230869293,-0.636200368404388
-0.455774873495102,0.0907526165246963,1.31665146350861,0.335294187068939,-0.472165018320084,-0.509133756160736,-0.636726796627045
-0.455461531877518,0.0889564380049705,1.31708216667175,0.334946900606155,-0.47197613120079,-0.508948087692261,-0.63719767332077
-0.455153077840805,0.0872859135270118,1.31739234924316,0.333812803030014,-0.471830725669861,-0.508170187473297,-0.638520002365112
-0.454847723245621,0.0854192823171615,1.3176497220993,0.333671182394028,-0.47125181555748,-0.508324801921844,-0.638898491859436
-0.454389989376068,0.0835760831832885,1.31809830665588,0.334503978490829,-0.471460878849029,-0.51248687505722,-0.634971618652344
-0.456122606992722,0.0816083699464798,1.31733000278473,0.335005670785904,-0.466858506202698,-0.50847601890564,-0.641300737857819
-0.453854322433472,0.0799587666988372,1.31892549991608,0.332636535167694,-0.470201164484024,-0.508361577987671,-0.640181601047516
-0.453625857830048,0.0782458931207656,1.31932044029236,0.332069307565689,-0.470118939876556,-0.507713794708252,-0.641049981117249
-0.453227788209915,0.0762529969215393,1.31973874568939,0.331777423620224,-0.469543695449829,-0.508004069328308,-0.641392469406128
-0.452952772378922,0.07446750998497,1.32013475894928,0.332146793603897,-0.469732910394669,-0.507045865058899,-0.641821026802063
-0.452718734741211,0.0724566578865051,1.32043027877808,0.332161664962768,-0.469220519065857,-0.512131869792938,-0.638139367103577
-0.452390104532242,0.0706417709589004,1.32083582878113,0.331608265638351,-0.469494521617889,-0.512093901634216,-0.638255953788757
-0.452120244503021,0.0687558427453041,1.32128095626831,0.330815851688385,-0.469463258981705,-0.511941015720367,-0.638812661170959
-0.451845318078995,0.066848486661911,1.32164096832275,0.329743623733521,-0.469568818807602,-0.511202275753021,-0.639880180358887
-0.451748073101044,0.0651887282729148,1.32217955589294,0.328185707330704,-0.47062087059021,-0.509542465209961,-0.641230583190918
-0.451748073101044,0.0651887282729148,1.32217955589294,0.328185707330704,-0.47062087059021,-0.509542465209961,-0.641230583190918
-0.451000928878784,0.061279721558094,1.32287514209747,0.328210592269897,-0.469485372304916,-0.5115065574646,-0.640486180782318
-0.450638383626938,0.059241697192192,1.32328414916992,0.32722195982933,-0.469443440437317,-0.511410355567932,-0.641099095344543
-0.450429081916809,0.0572868436574935,1.32354342937469,0.326194792985916,-0.469317644834518,-0.511168897151947,-0.64190685749054
-0.450095862150192,0.0554372742772102,1.32423746585846,0.325791031122208,-0.469522178173065,-0.511185228824615,-0.64194929599762
-0.449458390474319,0.0533977746963501,1.32461082935333,0.328240513801575,-0.467066317796707,-0.514327943325043,-0.639979779720306
-0.449458390474319,0.0533977746963501,1.32461082935333,0.328240513801575,-0.467066317796707,-0.514327943325043,-0.639979779720306
-0.449165672063828,0.0497865974903106,1.3252934217453,0.324544191360474,-0.469071298837662,-0.511983096599579,-0.642274558544159
-0.448911845684052,0.0478631258010864,1.32561635971069,0.32459482550621,-0.468291074037552,-0.512779116630554,-0.642183303833008
-0.448691070079803,0.0456110015511512,1.32588946819305,0.323799788951874,-0.467955261468887,-0.513472616672516,-0.642275214195251
-0.448410719633102,0.0437940955162048,1.32615840435028,0.323252707719803,-0.46796327829361,-0.513358175754547,-0.642636239528656
-0.4484943151474,0.0416553989052772,1.32652795314789,0.323422819375992,-0.466880291700363,-0.514041721820831,-0.642791986465454
-0.4484943151474,0.0416553989052772,1.32652795314789,0.323422819375992,-0.466880291700363,-0.514041721820831,-0.642791986465454
-0.448132157325745,0.0379477962851524,1.32735311985016,0.323206216096878,-0.466866075992584,-0.514845550060272,-0.642267763614655
-0.447978645563126,0.036105029284954,1.32771778106689,0.322520762681961,-0.466591417789459,-0.514778256416321,-0.642865657806396
-0.447823852300644,0.0341773182153701,1.32796478271484,0.322227120399475,-0.46630010008812,-0.515465080738068,-0.642673909664154
-0.44783678650856,0.0323741734027862,1.32837808132172,0.321854948997498,-0.466486752033234,-0.515057563781738,-0.643051505088806
-0.447798013687134,0.030400201678276,1.32879853248596,0.322215557098389,-0.465827882289886,-0.51654851436615,-0.642152070999146
-0.447829395532608,0.0285553932189941,1.32902252674103,0.322334915399551,-0.465389490127563,-0.516989886760712,-0.642054796218872
-0.44773256778717,0.0267625972628593,1.32946395874023,0.322831720113754,-0.464307069778442,-0.517791450023651,-0.641943037509918
-0.447774261236191,0.0249859169125556,1.32989597320557,0.322094112634659,-0.464679569005966,-0.518018126487732,-0.641860902309418
-0.447714567184448,0.0231137573719024,1.33009374141693,0.322493463754654,-0.463837623596191,-0.519323289394379,-0.641214430332184
-0.447717934846878,0.0216239541769027,1.33045530319214,0.32357469201088,-0.462646067142487,-0.520362973213196,-0.64068740606308
-0.447646737098694,0.0199360027909278,1.33080685138702,0.32393804192543,-0.461961477994919,-0.521252274513245,-0.640275001525879
-0.447646737098694,0.0199360027909278,1.33080685138702,0.32393804192543,-0.461961477994919,-0.521252274513245,-0.640275001525879
-0.447650283575058,0.0165464431047439,1.33124101161957,0.324138283729553,-0.461028903722763,-0.523846805095673,-0.63872629404068
-0.447650283575058,0.0165464431047439,1.33124101161957,0.324138283729553,-0.461028903722763,-0.523846805095673,-0.63872629404068
-0.447735637426376,0.0131638199090957,1.33186876773834,0.3240627348423,-0.46005043387413,-0.525480389595032,-0.63812780380249
-0.447718769311905,0.0115633159875869,1.3320152759552,0.324472844600677,-0.459115862846375,-0.527633666992188,-0.636814773082733
-0.447745501995087,0.0100582093000411,1.33227348327637,0.32446625828743,-0.458920508623123,-0.528125166893005,-0.636551260948181
-0.447833150625229,0.0083226710557937,1.33244621753693,0.324891269207001,-0.457720100879669,-0.529667675495148,-0.635916709899902
-0.448033601045609,0.0069951117038726,1.33292436599731,0.324838876724243,-0.45860692858696,-0.52986216545105,-0.635142087936401
-0.448017597198486,0.0051431357860565,1.3329770565033,0.324808537960052,-0.456939160823822,-0.531511664390564,-0.634981393814087
-0.44812285900116,0.0037639886140823,1.33326530456543,0.324676066637039,-0.45677188038826,-0.531928181648254,-0.634820699691772
-0.448063910007477,0.0020474791526794,1.33348345756531,0.325342118740082,-0.455704152584076,-0.533821642398834,-0.63365650177002
-0.448197424411774,0.0006424784660339,1.33375084400177,0.325408071279526,-0.45527195930481,-0.534454226493835,-0.633400082588196
-0.448309630155563,-0.0008171796798706,1.33391296863556,0.324780374765396,-0.455782562494278,-0.535418689250946,-0.632540047168732
-0.448326706886292,-0.0022154450416564,1.33419513702393,0.324925035238266,-0.454919755458832,-0.536251366138458,-0.632381439208984
-0.448210448026657,-0.0037669837474823,1.33416843414307,0.324691265821457,-0.454300969839096,-0.53683340549469,-0.632452428340912
-0.448387950658798,-0.0050884187221527,1.3345935344696,0.325186640024185,-0.453719049692154,-0.538145184516907,-0.63150018453598
-0.448468774557114,-0.0065620988607406,1.33480525016785,0.326157361268997,-0.452908098697662,-0.54015439748764,-0.62986433506012
-0.448497861623764,-0.0079227089881896,1.33501875400543,0.325546979904175,-0.452481269836426,-0.540188789367676,-0.630456864833832
-0.448204308748245,-0.0093225240707397,1.33519101142883,0.327501118183136,-0.45010507106781,-0.542705595493317,-0.628982663154602
-0.448122471570969,-0.010621964931488,1.33533012866974,0.327549368143082,-0.449640452861786,-0.543888926506042,-0.628267288208008
-0.448370635509491,-0.0118660777807235,1.33542776107788,0.324948847293854,-0.451571732759476,-0.543093025684357,-0.628920912742615
-0.448302030563354,-0.01311856508255,1.33554029464722,0.325281262397766,-0.451136589050293,-0.544049978256226,-0.62823361158371
-0.448306143283844,-0.0143430531024932,1.33565855026245,0.325114488601685,-0.450686812400818,-0.544467926025391,-0.628280758857727
-0.448318868875503,-0.0155119150876998,1.33584535121918,0.325018316507339,-0.450320959091187,-0.545169413089752,-0.627984344959259
-0.447994321584701,-0.0169402062892913,1.33584558963776,0.327096432447433,-0.448088049888611,-0.547910213470459,-0.6261146068573
-0.447885364294052,-0.0181541144847869,1.335972905159,0.32714831829071,-0.447568446397781,-0.549051284790039,-0.625459313392639
-0.447851777076721,-0.0192692130804061,1.33616614341736,0.327363044023514,-0.448004633188248,-0.549703657627106,-0.624460697174072
-0.447712302207947,-0.0205371528863906,1.33622324466705,0.326988101005554,-0.447359412908554,-0.549794256687164,-0.625039577484131
-0.447893738746643,-0.0215908735990524,1.33636927604675,0.324789553880691,-0.448880702257156,-0.548318862915039,-0.626389801502228
-0.447839021682739,-0.0227152854204177,1.33653104305267,0.324543297290802,-0.448778569698334,-0.548784255981445,-0.626183032989502
-0.447691202163696,-0.0240301191806793,1.33657598495483,0.324844807386398,-0.448637634515762,-0.549777448177338,-0.625255882740021
-0.44732204079628,-0.0250346213579177,1.3367201089859,0.32642325758934,-0.446506828069687,-0.551626205444336,-0.624330163002014
-0.447151005268097,-0.0259316563606262,1.33687925338745,0.326508671045303,-0.446524828672409,-0.552263796329498,-0.623708784580231
-0.447151005268097,-0.0259316563606262,1.33687925338745,0.326508671045303,-0.446524828672409,-0.552263796329498,-0.623708784580231
-0.446926563978195,-0.0281307697296142,1.33703052997589,0.326166927814484,-0.445925533771515,-0.552536189556122,-0.624074995517731
-0.446926563978195,-0.0281307697296142,1.33703052997589,0.326166927814484,-0.445925533771515,-0.552536189556122,-0.624074995517731
-0.446898370981216,-0.0298483669757843,1.33723759651184,0.32322746515274,-0.448464512825012,-0.550138354301453,-0.625900447368622
-0.44666850566864,-0.030971348285675,1.33727836608887,0.323562890291214,-0.448190271854401,-0.551304042339325,-0.624897181987762
-0.446566432714462,-0.0317984670400619,1.33735203742981,0.323176205158234,-0.448327988386154,-0.550980389118195,-0.625283598899841
-0.446480929851532,-0.0326693654060363,1.3375278711319,0.323108494281769,-0.448423027992248,-0.550707697868347,-0.625490605831146
-0.446174055337906,-0.0335460007190704,1.33757722377777,0.322623282670975,-0.448252409696579,-0.546700596809387,-0.629366755485535
-0.445988982915878,-0.0343923419713974,1.33759307861328,0.323170334100723,-0.448008954524994,-0.551733791828156,-0.624851047992706
-0.445830106735229,-0.0353559553623199,1.33764898777008,0.322906285524368,-0.447659879922867,-0.551061689853668,-0.625829994678497
-0.445668518543243,-0.0361651629209518,1.3376749753952,0.322908103466034,-0.447193711996078,-0.550881326198578,-0.626321136951447
-0.445552855730057,-0.0368473082780838,1.33777284622192,0.322729557752609,-0.447902590036392,-0.550733268260956,-0.626036643981934
-0.445326060056686,-0.0376427620649337,1.33786118030548,0.321827977895737,-0.448302954435349,-0.550012528896332,-0.626847267150879
-0.444837242364883,-0.0385870039463043,1.33779120445251,0.324441730976105,-0.445383071899414,-0.55224084854126,-0.625620901584625
-0.444923728704453,-0.0392166823148727,1.33780181407928,0.321571558713913,-0.44802588224411,-0.549621105194092,-0.627519905567169
-0.444793850183487,-0.0399497598409652,1.33783936500549,0.321484059095383,-0.44797620177269,-0.549356877803802,-0.62783145904541
-0.444588452577591,-0.0406180769205093,1.33793711662292,0.322034180164337,-0.447490394115448,-0.549376964569092,-0.627878546714783
-0.44435927271843,-0.0412840992212295,1.33793759346008,0.322033584117889,-0.447897791862488,-0.549305081367493,-0.627651154994965
-0.444041103124618,-0.0419301241636276,1.33779501914978,0.321485310792923,-0.448392897844315,-0.548904240131378,-0.627929389476776
-0.443720787763596,-0.0427684932947158,1.33793890476227,0.323567003011703,-0.44592547416687,-0.550085544586182,-0.627583205699921
-0.443800926208496,-0.0433459132909774,1.33796489238739,0.320845663547516,-0.448430001735687,-0.547140717506409,-0.629766404628754
-0.443733185529709,-0.0439382195472717,1.33801698684692,0.320549815893173,-0.448474884033203,-0.546563327312469,-0.630385994911194
-0.443501025438309,-0.0445664227008819,1.33802592754364,0.320340216159821,-0.448637574911117,-0.546220242977142,-0.630674183368683
-0.443501025438309,-0.0445664227008819,1.33802592754364,0.320340216159821,-0.448637574911117,-0.546220242977142,-0.630674183368683
-0.442883014678955,-0.0457905083894729,1.33796501159668,0.320275753736496,-0.448790371417999,-0.545374512672424,-0.631329834461212
-0.442883014678955,-0.0457905083894729,1.33796501159668,0.320275753736496,-0.448790371417999,-0.545374512672424,-0.631329834461212
-0.442707985639572,-0.0470280349254608,1.33817005157471,0.32053479552269,-0.447923690080643,-0.544736325740814,-0.632363975048065
-0.442360043525696,-0.0475794970989227,1.33815622329712,0.32258152961731,-0.446134358644485,-0.545759260654449,-0.6317058801651
-0.442194372415543,-0.0480566918849945,1.33817625045776,0.322554558515549,-0.446248769760132,-0.544981360435486,-0.632309973239899
-0.441911995410919,-0.0485265552997589,1.33800148963928,0.322066009044647,-0.446516394615173,-0.544334769248962,-0.632926762104034
-0.441911995410919,-0.0485265552997589,1.33800148963928,0.322066009044647,-0.446516394615173,-0.544334769248962,-0.632926762104034
-0.441692352294922,-0.0494112819433212,1.33824515342712,0.32190665602684,-0.446932166814804,-0.542878448963165,-0.633964359760284
-0.44154691696167,-0.0498859137296676,1.33826279640198,0.322014153003693,-0.447056412696838,-0.542286396026611,-0.634328782558441
-0.441354095935821,-0.0504186898469924,1.33821582794189,0.322019010782242,-0.446912616491318,-0.541951894760132,-0.634713411331177
-0.441406041383743,-0.0508439391851425,1.33808147907257,0.319445103406906,-0.448865711688995,-0.539769411087036,-0.636492908000946
-0.441406041383743,-0.0508439391851425,1.33808147907257,0.319445103406906,-0.448865711688995,-0.539769411087036,-0.636492908000946
-0.440797537565231,-0.051633208990097,1.33785128593445,0.319096922874451,-0.44940447807312,-0.538645446300507,-0.637239277362823
-0.440497130155563,-0.0520386099815368,1.33799862861633,0.321570187807083,-0.447508633136749,-0.539692938327789,-0.636443495750427
-0.440563321113586,-0.0523975193500518,1.33798229694366,0.318724632263184,-0.449815362691879,-0.536803007125854,-0.638688743114471
-0.440369933843613,-0.0527569204568862,1.33799254894257,0.31883043050766,-0.449651420116425,-0.536596953868866,-0.638924539089203
-0.440219402313232,-0.0530308783054351,1.33802437782288,0.318686932325363,-0.450016468763351,-0.535917162895203,-0.639309585094452
-0.439761579036713,-0.0533788055181503,1.3380229473114,0.321404337882996,-0.448138803243637,-0.537115693092346,-0.638261556625366
-0.439563721418381,-0.0536748170852661,1.33800566196442,0.321586966514587,-0.448059916496277,-0.536510527133942,-0.638733685016632
-0.439563721418381,-0.0536748170852661,1.33800566196442,0.321586966514587,-0.448059916496277,-0.536510527133942,-0.638733685016632
-0.439207702875137,-0.0542284250259399,1.33787024021149,0.321175038814545,-0.448618322610855,-0.535212218761444,-0.639637351036072
-0.438903003931045,-0.0544547289609909,1.3376430273056,0.320992857217789,-0.448982179164886,-0.534684658050537,-0.639914870262146
-0.438732743263245,-0.0546851307153701,1.33763480186462,0.320982933044434,-0.449526786804199,-0.533612489700317,-0.640432357788086
-0.438732743263245,-0.0546851307153701,1.33763480186462,0.320982933044434,-0.449526786804199,-0.533612489700317,-0.640432357788086
-0.438616365194321,-0.0551436692476272,1.33743143081665,0.318693250417709,-0.452133506536484,-0.530329167842865,-0.642464816570282
-0.438585251569748,-0.0552382916212081,1.33751583099365,0.3187215924263,-0.452274739742279,-0.528936982154846,-0.643498122692108
-0.438358008861542,-0.0552772432565689,1.33741581439972,0.318869918584824,-0.452753096818924,-0.528261303901672,-0.643643319606781
-0.438358008861542,-0.0552772432565689,1.33741581439972,0.318869918584824,-0.452753096818924,-0.528261303901672,-0.643643319606781
-0.437786221504211,-0.0557144731283187,1.33690643310547,0.318762332201004,-0.452888309955597,-0.527490198612213,-0.644233465194702
-0.437767952680588,-0.0559149086475372,1.33696234226227,0.319060117006302,-0.452961146831512,-0.526581764221191,-0.644777834415436
-0.437767952680588,-0.0559149086475372,1.33696234226227,0.319060117006302,-0.452961146831512,-0.526581764221191,-0.644777834415436
-0.437494307756424,-0.0561315566301345,1.33678936958313,0.319543719291687,-0.4533571600914,-0.525005221366882,-0.645545244216919
-0.437292456626892,-0.0561706721782684,1.33669483661652,0.319522947072983,-0.453750252723694,-0.524345099925995,-0.645815789699554
-0.437130868434906,-0.0561395436525344,1.33660578727722,0.319862484931946,-0.4541916847229,-0.52374666929245,-0.645823001861572
-0.437130868434906,-0.0561395436525344,1.33660578727722,0.319862484931946,-0.4541916847229,-0.52374666929245,-0.645823001861572
-0.436724454164505,-0.0561821609735488,1.33614468574524,0.319384753704071,-0.455230206251144,-0.522100925445557,-0.646660208702087
-0.436631262302399,-0.0564171969890594,1.33576333522797,0.318148761987686,-0.456016391515732,-0.520825445652008,-0.647743165493011
-0.436603337526321,-0.0564290434122085,1.33574402332306,0.318575769662857,-0.456035733222961,-0.52006322145462,-0.648132026195526
-0.436498463153839,-0.0563987046480178,1.33563137054443,0.318961471319199,-0.456518799066544,-0.51964807510376,-0.647935271263123
-0.436069905757904,-0.0562576651573181,1.33561873435974,0.322536081075668,-0.454194486141205,-0.521641075611115,-0.646195411682129
-0.435957163572311,-0.05619977414608,1.33553576469421,0.322779625654221,-0.454383611679077,-0.521178722381592,-0.646313846111298
-0.43578839302063,-0.0561194866895675,1.33543717861176,0.32298544049263,-0.454612344503403,-0.520731151103973,-0.646411120891571
-0.435558557510376,-0.0560100525617599,1.33533012866974,0.322874963283539,-0.454759836196899,-0.519857466220856,-0.647065281867981
-0.435436993837357,-0.0558809041976928,1.33525145053864,0.323062062263489,-0.45520693063736,-0.519013583660126,-0.647335052490234
-0.43533182144165,-0.0555564314126968,1.33520448207855,0.323071658611298,-0.455719500780106,-0.518134534358978,-0.647673785686493
-0.435077160596847,-0.055460438132286,1.33493566513062,0.32142299413681,-0.455371260643005,-0.513609945774078,-0.652325868606567
-0.435077160596847,-0.055460438132286,1.33493566513062,0.32142299413681,-0.455371260643005,-0.513609945774078,-0.652325868606567
-0.434851676225662,-0.0552552193403244,1.33490860462189,0.322083413600922,-0.455676168203354,-0.512542963027954,-0.652626514434814
-0.434541553258896,-0.0548842102289199,1.33448910713196,0.321696788072586,-0.456254988908768,-0.511554718017578,-0.653187870979309
-0.434352815151215,-0.0547004789113998,1.33446574211121,0.321676075458527,-0.456568837165833,-0.510981142520905,-0.65342777967453
-0.434335917234421,-0.0544450730085372,1.33464205265045,0.321215331554413,-0.457500666379929,-0.509684801101685,-0.654014885425568
-0.434233635663986,-0.0544948577880859,1.33451545238495,0.321173042058945,-0.457320153713226,-0.509496450424194,-0.654308557510376
-0.434195518493652,-0.0541966259479522,1.33458495140076,0.321262240409851,-0.45761051774025,-0.508443713188171,-0.654880344867706
-0.434003829956055,-0.0541273653507232,1.33445632457733,0.321680158376694,-0.457307308912277,-0.508271396160126,-0.655020892620087
-0.433743834495544,-0.0538068264722824,1.33433365821838,0.323041647672653,-0.45869916677475,-0.511726915836334,-0.650672614574432
-0.433523088693619,-0.0534773766994476,1.33421349525452,0.323243319988251,-0.458997100591659,-0.511082708835602,-0.650868713855743
-0.433210015296936,-0.0534539818763732,1.33382248878479,0.322529256343841,-0.459395855665207,-0.510582983493805,-0.651333510875702
-0.433041006326675,-0.0532331317663192,1.33375203609467,0.322587221860886,-0.459683328866959,-0.509914636611938,-0.651625573635101
-0.432807385921478,-0.0530170798301696,1.3335394859314,0.322541415691376,-0.460066974163055,-0.509364902973175,-0.651807427406311
-0.432500422000885,-0.0527484565973281,1.33333742618561,0.322861403226852,-0.460666626691818,-0.509044528007507,-0.651475667953491
-0.432289332151413,-0.0524861365556716,1.33313393592834,0.323062032461166,-0.461123615503311,-0.508314073085785,-0.651623249053955
-0.432115882635117,-0.0522273182868957,1.33297026157379,0.322675853967667,-0.461243689060211,-0.506965696811676,-0.65277898311615
-0.432115882635117,-0.0522273182868957,1.33297026157379,0.322675853967667,-0.461243689060211,-0.506965696811676,-0.65277898311615
-0.431610256433487,-0.0517829954624176,1.33252668380737,0.322716891765594,-0.461987763643265,-0.505284309387207,-0.653535723686218
-0.431428492069244,-0.0514789968729019,1.33227002620697,0.323076128959656,-0.462860316038132,-0.504515171051025,-0.653335094451904
-0.431031972169876,-0.0510357767343521,1.33221304416656,0.324410408735275,-0.462199777364731,-0.504179239273071,-0.653400838375092
-0.430730521678925,-0.050797551870346,1.33197593688965,0.32431948184967,-0.462833046913147,-0.503240764141083,-0.65372109413147
-0.430571973323822,-0.0505644977092742,1.33183002471924,0.324438452720642,-0.463229268789291,-0.502160847187042,-0.654211640357971
-0.430571973323822,-0.0505644977092742,1.33183002471924,0.324438452720642,-0.463229268789291,-0.502160847187042,-0.654211640357971
-0.430216699838638,-0.0499168932437896,1.33148801326752,0.324712812900543,-0.464351773262024,-0.499891877174377,-0.655016958713531
-0.430220723152161,-0.0497544705867767,1.33132433891296,0.323508471250534,-0.465780079364777,-0.498002260923386,-0.656037449836731
-0.430029004812241,-0.0494541525840759,1.33119368553162,0.323775321245193,-0.466339081525803,-0.497292846441269,-0.656046748161316
-0.429838299751282,-0.049125850200653,1.33092355728149,0.323834657669067,-0.46678614616394,-0.496438443660736,-0.656346619129181
-0.42984077334404,-0.0487183630466461,1.33080089092255,0.324267268180847,-0.467090398073196,-0.495374351739883,-0.656720280647278
-0.429589599370956,-0.0484259873628616,1.33054637908936,0.324275553226471,-0.467603772878647,-0.494556069374084,-0.656967580318451
-0.429589599370956,-0.0484259873628616,1.33054637908936,0.324275553226471,-0.467603772878647,-0.494556069374084,-0.656967580318451
-0.429425358772278,-0.0476230829954147,1.3303257226944,0.324908882379532,-0.46856826543808,-0.492762595415115,-0.657314956188202
-0.429488033056259,-0.0472903996706008,1.3301522731781,0.325052231550217,-0.468830347061157,-0.49200376868248,-0.657625734806061
-0.429488033056259,-0.0472903996706008,1.3301522731781,0.325052231550217,-0.468830347061157,-0.49200376868248,-0.657625734806061
-0.429479271173477,-0.0465311706066131,1.32989764213562,0.326006859540939,-0.469487339258194,-0.491004317998886,-0.657431304454803
-0.429416745901108,-0.0459896773099899,1.32979965209961,0.326070368289948,-0.470132231712341,-0.490013301372528,-0.657678425312042
-0.429501801729202,-0.0456975847482681,1.32968628406525,0.326341658830643,-0.470082283020019,-0.489296674728393,-0.658112943172455
-0.42968288064003,-0.0451401323080062,1.32971620559692,0.32652935385704,-0.470154881477356,-0.487839639186859,-0.659048855304718
-0.429718494415283,-0.0446230769157409,1.32957816123962,0.32672905921936,-0.470433861017227,-0.487053096294403,-0.659332513809204
-0.4297975897789,-0.0443275272846221,1.32939517498016,0.326789319515228,-0.4703329205513,-0.48660534620285,-0.659705221652985
-0.429962188005447,-0.0438253283500671,1.32930171489716,0.327138066291809,-0.470491290092468,-0.485850721597672,-0.659975588321686
-0.429962188005447,-0.0438253283500671,1.32930171489716,0.327138066291809,-0.470491290092468,-0.485850721597672,-0.659975588321686
-0.429925739765167,-0.042811244726181,1.32918226718903,0.327362686395645,-0.471443176269531,-0.4846111536026,-0.660096406936646
-0.430137723684311,-0.0424104034900665,1.32906627655029,0.327762752771378,-0.471326142549515,-0.484166443347931,-0.660307765007019
-0.4302539229393,-0.0418449938297271,1.32902503013611,0.328025132417679,-0.471631377935409,-0.483667194843292,-0.660325229167938
-0.430488139390945,-0.0413981825113296,1.32894217967987,0.328489482402802,-0.471315056085586,-0.483467578887939,-0.660466372966766
-0.430707782506943,-0.0408255159854888,1.3289452791214,0.329140812158585,-0.47119402885437,-0.483155786991119,-0.660456836223602
-0.43085503578186,-0.0402198433876037,1.32890903949738,0.329698622226715,-0.47174260020256,-0.482930064201355,-0.65995180606842
-0.431011289358139,-0.0397613048553466,1.32880473136902,0.329795002937317,-0.47181561589241,-0.482849895954132,-0.659910261631012
-0.43134269118309,-0.0390307158231735,1.32879745960236,0.329952239990234,-0.471637219190597,-0.481683611869812,-0.660810828208923
-0.431690573692322,-0.0384853035211563,1.32878446578979,0.330499798059464,-0.471494793891907,-0.481118649244308,-0.661050319671631
-0.431967407464981,-0.0379220247268676,1.32870399951935,0.330886095762253,-0.471838176250458,-0.48124173283577,-0.660522282123566
-0.432231158018112,-0.0372730046510696,1.32866966724396,0.331056624650955,-0.471628308296204,-0.480528175830841,-0.661105871200562
-0.432377994060516,-0.0367446988821029,1.32861721515656,0.33303764462471,-0.470797747373581,-0.48235273361206,-0.659371852874756
-0.432377994060516,-0.0367446988821029,1.32861721515656,0.33303764462471,-0.470797747373581,-0.48235273361206,-0.659371852874756
-0.433411210775375,-0.035622015595436,1.32858538627625,0.332564622163773,-0.471191883087158,-0.481135070323944,-0.660218060016632
-0.433759152889252,-0.0349228829145431,1.32859861850739,0.33343106508255,-0.470974296331406,-0.481072574853897,-0.659982025623322
-0.434181421995163,-0.0341784358024597,1.32860028743744,0.334206312894821,-0.470865815877914,-0.481089890003204,-0.659654378890991
-0.434541672468185,-0.0335015803575515,1.32867658138275,0.335644870996475,-0.472238659858704,-0.478082090616226,-0.660129368305206
-0.43505859375,-0.0328494906425476,1.32845318317413,0.334934443235397,-0.470462054014206,-0.481153130531311,-0.659527063369751
-0.435545116662979,-0.0320181250572204,1.32867538928986,0.335686773061752,-0.470425873994827,-0.481092631816864,-0.659214556217194
-0.435545116662979,-0.0320181250572204,1.32867538928986,0.335686773061752,-0.470425873994827,-0.481092631816864,-0.659214556217194
-0.436347663402557,-0.0305699110031127,1.32847487926483,0.336578071117401,-0.469874560832977,-0.4815673828125,-0.658806622028351
-0.436994671821594,-0.0297793298959732,1.32847273349762,0.337426394224167,-0.469317436218262,-0.48202833533287,-0.658432483673096
-0.437456905841827,-0.0290160179138183,1.32815206050873,0.337575495243073,-0.469149321317673,-0.482015877962112,-0.658484995365143
-0.437868416309357,-0.0283140540122985,1.32811224460602,0.337662398815155,-0.469079494476318,-0.482535928487778,-0.658109188079834
-0.438523381948471,-0.0273460000753402,1.32820558547974,0.338457107543945,-0.468893975019455,-0.4830541908741,-0.657452702522278
-0.438989490270615,-0.02653768658638,1.3282322883606,0.339123427867889,-0.468785881996155,-0.483343601226807,-0.656973600387573
-0.439490020275116,-0.0256122201681137,1.32805693149567,0.339912325143814,-0.468475937843323,-0.484370529651642,-0.656029880046844
-0.439490020275116,-0.0256122201681137,1.32805693149567,0.339912325143814,-0.468475937843323,-0.484370529651642,-0.656029880046844
-0.441015988588333,-0.0239510685205459,1.32822751998901,0.341677606105804,-0.467384517192841,-0.485585302114487,-0.654992461204529
-0.441542774438858,-0.0230597853660583,1.32820904254913,0.342027872800827,-0.467269122600555,-0.486401498317719,-0.654286026954651
-0.44195431470871,-0.0221969038248062,1.32819485664368,0.342146188020706,-0.467254638671875,-0.487008333206177,-0.653782844543457
-0.44195431470871,-0.0221969038248062,1.32819485664368,0.342146188020706,-0.467254638671875,-0.487008333206177,-0.653782844543457
-0.443059295415878,-0.0204375833272933,1.32774436473846,0.343699485063553,-0.466012358665466,-0.489632219076157,-0.651892304420471
-0.44354572892189,-0.0194275826215744,1.32779383659363,0.344207584857941,-0.466246008872986,-0.489892184734344,-0.651261389255524
-0.443992048501968,-0.0183592140674591,1.327716588974,0.345843911170959,-0.465324699878693,-0.491906106472015,-0.649533271789551
-0.44464236497879,-0.0174998939037323,1.32778131961823,0.345365017652512,-0.465853482484818,-0.491995185613632,-0.649341464042664
-0.44523897767067,-0.0166166126728057,1.3277724981308,0.345806300640106,-0.465462207794189,-0.492879271507263,-0.648716390132904
-0.44523897767067,-0.0166166126728057,1.3277724981308,0.345806300640106,-0.465462207794189,-0.492879271507263,-0.648716390132904
-0.446496158838272,-0.0146701037883758,1.3276618719101,0.34711030125618,-0.464664310216904,-0.494685918092728,-0.647215068340302
-0.447012096643448,-0.0135808885097503,1.3276172876358,0.34782749414444,-0.464588433504105,-0.496065974235535,-0.645826756954193
-0.447012096643448,-0.0135808885097503,1.3276172876358,0.34782749414444,-0.464588433504105,-0.496065974235535,-0.645826756954193
-0.448366105556488,-0.0116512179374694,1.32734131813049,0.34960526227951,-0.463156044483185,-0.498763561248779,-0.643814921379089
-0.449073910713196,-0.0106313526630401,1.32726812362671,0.350444078445435,-0.462734550237656,-0.499497503042221,-0.643092393875122
-0.449073910713196,-0.0106313526630401,1.32726812362671,0.350444078445435,-0.462734550237656,-0.499497503042221,-0.643092393875122
-0.450404107570648,-0.0084492117166519,1.32706773281097,0.351551681756973,-0.462186425924301,-0.501520752906799,-0.641305029392242
-0.451082855463028,-0.0072719156742095,1.32693600654602,0.352352201938629,-0.461712330579758,-0.5026975274086,-0.64028525352478
-0.45179694890976,-0.0063069760799407,1.32687032222748,0.353062719106674,-0.461092203855515,-0.503707468509674,-0.639546394348145
-0.452411413192749,-0.0051480233669281,1.32690417766571,0.35386934876442,-0.460997462272644,-0.504779458045959,-0.638322472572327
-0.453043103218079,-0.0041720420122146,1.32659232616425,0.354234725236893,-0.460496425628662,-0.505926489830017,-0.637572884559631
-0.453845381736755,-0.0030844360589981,1.32657051086426,0.355063408613205,-0.459896117448807,-0.507246255874634,-0.63649570941925
-0.454393357038498,-0.0021130740642547,1.32642126083374,0.35617670416832,-0.459299027919769,-0.508680105209351,-0.635159254074097
-0.454393357038498,-0.0021130740642547,1.32642126083374,0.35617670416832,-0.459299027919769,-0.508680105209351,-0.635159254074097
-0.455805003643036,4.59402799606323e-05,1.32627415657043,0.357163727283478,-0.45864999294281,-0.510662317276001,-0.63348114490509
-0.456483632326126,0.0013311058282852,1.32630372047424,0.357761859893799,-0.458349108695984,-0.511699736118317,-0.632523357868195
-0.457155406475067,0.0023715496063232,1.32597267627716,0.358703464269638,-0.457463949918747,-0.513168394565582,-0.631440222263336
-0.457924455404282,0.0035192370414733,1.32619535923004,0.359736949205399,-0.456864267587662,-0.514422059059143,-0.630265295505524
-0.457924455404282,0.0035192370414733,1.32619535923004,0.359736949205399,-0.456864267587662,-0.514422059059143,-0.630265295505524
-0.459381550550461,0.0058897286653518,1.3260862827301,0.36116424202919,-0.456119686365128,-0.51671290397644,-0.628110647201538
-0.460111528635025,0.0070188641548156,1.32581388950348,0.36207839846611,-0.455320566892624,-0.517468452453613,-0.627542018890381
-0.460816442966461,0.008253589272499,1.32571613788605,0.362668842077255,-0.454955250024795,-0.518589496612549,-0.626539647579193
-0.460816442966461,0.008253589272499,1.32571613788605,0.362668842077255,-0.454955250024795,-0.518589496612549,-0.626539647579193
-0.462012827396393,0.0104703307151794,1.32518339157104,0.363570809364319,-0.45352491736412,-0.521324276924133,-0.624781906604767
-0.462828278541565,0.0115428119897842,1.32523798942566,0.364499479532242,-0.452553302049637,-0.522088408470154,-0.624307155609131
-0.463515281677246,0.012807548046112,1.32530188560486,0.365346044301987,-0.452381402254105,-0.52298504114151,-0.623185336589813
-0.464219212532043,0.0139474049210548,1.32500874996185,0.365809798240662,-0.451890647411346,-0.524028837680817,-0.622392117977142
-0.464882701635361,0.0151486098766326,1.32494449615479,0.366309106349945,-0.451523125171661,-0.524957239627838,-0.62158203125
-0.465472757816315,0.0162936076521873,1.32487392425537,0.367187052965164,-0.450571924448013,-0.526202440261841,-0.620701014995575
-0.465472757816315,0.0162936076521873,1.32487392425537,0.367187052965164,-0.450571924448013,-0.526202440261841,-0.620701014995575
-0.466899991035461,0.0187302827835083,1.3245438337326,0.3686263859272,-0.44978940486908,-0.52813446521759,-0.618771612644196
-0.467553347349167,0.019826240837574,1.32433807849884,0.36906573176384,-0.449154257774353,-0.529511272907257,-0.617793500423431
-0.468153566122055,0.0211293995380401,1.3242826461792,0.370047152042389,-0.448898643255234,-0.530385911464691,-0.61664080619812
-0.468812257051468,0.0221803188323974,1.32409560680389,0.370764136314392,-0.448064357042313,-0.531712055206299,-0.615674316883087
-0.468812257051468,0.0221803188323974,1.32409560680389,0.370764136314392,-0.448064357042313,-0.531712055206299,-0.615674316883087
-0.470143139362335,0.0245163738727569,1.3238627910614,0.371874362230301,-0.446931272745132,-0.53289669752121,-0.614803433418274
-0.470648735761642,0.0256773233413696,1.32376980781555,0.372782558202743,-0.446148037910461,-0.534227192401886,-0.613666534423828
-0.471432775259018,0.0268108174204826,1.32377147674561,0.373474895954132,-0.445467442274094,-0.53479677438736,-0.613243639469147
-0.471994668245315,0.0280548632144927,1.32361555099487,0.374278634786606,-0.445299476385117,-0.535668909549713,-0.612113475799561
-0.472522616386414,0.0291993916034698,1.32352077960968,0.374684244394302,-0.444766789674759,-0.536887288093567,-0.611184298992157
-0.473181754350662,0.0304679572582244,1.32355046272278,0.375577479600906,-0.444317102432251,-0.537413716316223,-0.61050009727478
-0.473718076944351,0.0315448492765426,1.32332217693329,0.376135140657425,-0.443521797657013,-0.538849532604218,-0.609468579292297
-0.474213004112244,0.0327873975038528,1.32331228256226,0.376383066177368,-0.443619281053543,-0.539261996746063,-0.608879506587982
-0.474888265132904,0.0339563488960266,1.32316958904266,0.377187848091125,-0.443226933479309,-0.53600549697876,-0.611537039279938
-0.475139111280441,0.0351893305778503,1.32311856746674,0.379684865474701,-0.441328853368759,-0.538592338562012,-0.609086811542511
-0.47567892074585,0.0362351685762405,1.32285845279694,0.378300219774246,-0.43971261382103,-0.540068864822388,-0.609809398651123
-0.476136356592178,0.0374425798654556,1.32289838790894,0.379267632961273,-0.439496248960495,-0.541083693504333,-0.608463525772095
-0.476897180080414,0.0385670959949493,1.32267141342163,0.379822015762329,-0.441540896892548,-0.539757788181305,-0.607814729213715
-0.477168649435043,0.0398685038089752,1.32273662090302,0.38209941983223,-0.439998537302017,-0.541796922683716,-0.605687856674194
-0.477619051933289,0.0409383624792099,1.32255244255066,0.380986958742142,-0.438473522663116,-0.543269455432892,-0.606175184249878
-0.478266566991806,0.0420935153961181,1.32233345508575,0.37984910607338,-0.439504355192184,-0.542498111724854,-0.606833219528198
-0.478811293840408,0.0432166084647178,1.32223904132843,0.381953179836273,-0.439923971891403,-0.546200394630432,-0.601867079734802
-0.479070216417313,0.0444857478141784,1.3221892118454,0.384496062994003,-0.438579946756363,-0.544520735740662,-0.602750182151794
-0.479070216417313,0.0444857478141784,1.3221892118454,0.384496062994003,-0.438579946756363,-0.544520735740662,-0.602750182151794
-0.479888647794724,0.0467287749052047,1.32190144062042,0.382003098726273,-0.438276559114456,-0.545018911361694,-0.604104042053223
-0.480271697044373,0.0479554533958435,1.32172214984894,0.382853299379349,-0.438174992799759,-0.545403778553009,-0.603291630744934
-0.480531066656113,0.049007199704647,1.32157158851624,0.384235441684723,-0.438735991716385,-0.546527981758118,-0.600983321666718
-0.480981349945068,0.0502306520938873,1.3214658498764,0.385574042797089,-0.438327550888062,-0.550003945827484,-0.597241520881653
-0.480981349945068,0.0502306520938873,1.3214658498764,0.385574042797089,-0.438327550888062,-0.550003945827484,-0.597241520881653
-0.481375575065613,0.0524689331650733,1.3209753036499,0.386053383350372,-0.438320845365524,-0.550908327102661,-0.596102058887482
-0.481618046760559,0.0535560846328735,1.32073974609375,0.385028302669525,-0.437553554773331,-0.5475794672966,-0.600380718708038
-0.481827765703201,0.0547704771161079,1.32068610191345,0.38698622584343,-0.438396424055099,-0.551095426082611,-0.595268189907074
-0.482091933488846,0.0558802932500839,1.32077836990356,0.389081120491028,-0.436706453561783,-0.552757561206818,-0.59360134601593
-0.48226073384285,0.0570517107844352,1.32068300247192,0.389612942934036,-0.437061190605164,-0.548585414886475,-0.596852958202362
-0.482442945241928,0.0579895004630088,1.32045793533325,0.389975935220718,-0.436647534370422,-0.548945903778076,-0.596587300300598
-0.482442945241928,0.0579895004630088,1.32045793533325,0.389975935220718,-0.436647534370422,-0.548945903778076,-0.596587300300598
