x,y,z,q0,q1,q2,q3
0.552553594112396,-0.101943507790565,1.31940412521362,-0.0539567619562149,0.0111941481009125,0.644676983356476,-0.762466371059418
0.552388370037079,-0.101911023259163,1.31919467449188,-0.053569559007883,0.0111108450219035,0.645599544048309,-0.761713922023773
0.552245497703552,-0.101943016052246,1.31893014907837,-0.0535405576229095,0.0108611108735203,0.64636093378067,-0.761073708534241
0.552084267139435,-0.10218346118927,1.31884574890137,-0.0536032803356647,0.0109147848561406,0.647018551826477,-0.760509550571442
0.552006781101227,-0.102354913949966,1.3185408115387,-0.0533302761614322,0.0115795517340302,0.64801150560379,-0.759672880172729
0.551751732826233,-0.102241612970829,1.31829047203064,-0.0529423542320728,0.0117721110582351,0.648649275302887,-0.75915253162384
0.551630318164825,-0.102193422615528,1.31808423995972,-0.0526874922215938,0.0118791405111551,0.64977765083313,-0.758203029632568
0.551475942134857,-0.102307289838791,1.3179053068161,-0.0528712086379528,0.0126931071281433,0.650588512420654,-0.757481455802917
0.551298201084137,-0.102243587374687,1.31779003143311,-0.0528089478611946,0.0129422368481755,0.651548504829407,-0.756656050682068
0.551172912120819,-0.102152206003666,1.31767737865448,-0.0525709427893161,0.0132551230490207,0.65258377790451,-0.75577437877655
0.550818383693695,-0.101984307169914,1.31774759292603,-0.0519712790846824,0.0141428858041763,0.653918325901031,-0.754645526409149
0.550931930541992,-0.101420409977436,1.31764507293701,-0.0505750253796577,0.013703835196793,0.655583739280701,-0.753302276134491
0.550931930541992,-0.101420409977436,1.31764507293701,-0.0505750253796577,0.013703835196793,0.655583739280701,-0.753302276134491
0.550352156162262,-0.101956427097321,1.31751728057861,-0.0503587163984775,0.0146905612200498,0.657006621360779,-0.752057611942291
0.550192773342133,-0.101950287818909,1.31748604774475,-0.0500301383435726,0.0151019776239991,0.65830785036087,-0.750932514667511
0.550131261348724,-0.101809591054916,1.31730961799622,-0.0498839505016803,0.0153930466622114,0.658983469009399,-0.750343501567841
0.549973130226135,-0.101739063858986,1.31719243526459,-0.0496315844357013,0.0151029648259282,0.660261213779449,-0.749242186546326
0.549973249435425,-0.101791083812714,1.3169983625412,-0.0487655512988567,0.0155875831842422,0.661868870258331,-0.747869431972504
0.54985910654068,-0.101784974336624,1.31691634654999,-0.0477586761116981,0.0155216176062822,0.663240015506744,-0.7467200756073
0.549530446529388,-0.101727575063705,1.31688821315765,-0.0471690483391284,0.0160515550523996,0.665810585021973,-0.744455337524414
0.549490332603455,-0.101559586822987,1.31689214706421,-0.0463262647390365,0.0165802091360092,0.666452407836914,-0.743922173976898
0.549408376216888,-0.100966915488243,1.31686806678772,-0.0454608313739299,0.0160814952105283,0.668310642242432,-0.742317676544189
0.54918646812439,-0.101343423128128,1.31675577163696,-0.0456821098923683,0.0158040691167116,0.668446600437164,-0.742187678813934
0.548969388008118,-0.101137697696686,1.31674480438232,-0.0447116717696189,0.0166229531168937,0.670857548713684,-0.740050435066223
0.548797607421875,-0.100979052484035,1.31663155555725,-0.0439748615026474,0.0165992211550474,0.672272145748138,-0.738810420036316
0.548657476902008,-0.101103693246841,1.3165271282196,-0.0438659191131591,0.0162725504487752,0.674404859542847,-0.736878037452698
0.548594951629639,-0.100802287459373,1.31644201278687,-0.0429692603647708,0.0163377188146114,0.675351142883301,-0.736062228679657
0.548498213291168,-0.100841030478477,1.31638669967651,-0.0424722470343112,0.0167541280388832,0.676994502544403,-0.734570503234863
0.548794448375702,-0.10045525431633,1.31648790836334,-0.0414398647844791,0.0157428011298179,0.67971283197403,-0.732137620449066
0.548386573791504,-0.100632041692734,1.31652927398682,-0.0410131514072418,0.0157491937279701,0.681247115135193,-0.73073410987854
0.548343181610107,-0.10002601146698,1.31639230251312,-0.0393220856785774,0.0150147145614027,0.683277547359467,-0.728944599628448
0.54810494184494,-0.100466161966324,1.31643581390381,-0.0399553254246711,0.0156193599104881,0.684910774230957,-0.727363049983978
0.547916293144226,-0.100456848740578,1.31628155708313,-0.0397412404417991,0.0151371788233518,0.687219381332397,-0.725204110145569
0.54773473739624,-0.100290536880493,1.31608414649963,-0.0387295112013816,0.0150992972776293,0.68847119808197,-0.724071383476257
0.547841668128967,-0.0997076034545898,1.31610703468323,-0.0374313369393348,0.0148582905530929,0.691222012042999,-0.721519470214844
0.54755711555481,-0.100093960762024,1.31611788272858,-0.0371620953083038,0.0147223928943276,0.692891895771027,-0.719932734966278
0.547448754310608,-0.100006096065044,1.31605696678162,-0.0365178324282169,0.0143174948170781,0.694816172122955,-0.718116939067841
0.547376990318298,-0.0997652262449264,1.31603693962097,-0.0358624756336212,0.0137604512274265,0.697165310382843,-0.715880692005157
0.547128796577454,-0.0997495353221893,1.31607747077942,-0.035722229629755,0.0135582936927676,0.699199855327606,-0.713904678821564
0.546994209289551,-0.099758468568325,1.31596732139587,-0.0354088470339775,0.0128009533509612,0.700886905193329,-0.712277889251709
0.547081112861633,-0.0991967767477035,1.31586050987244,-0.0343882590532302,0.0120699983090162,0.703434646129608,-0.709824979305267
0.546913921833038,-0.0991312563419342,1.31581008434296,-0.0339395180344581,0.0118872178718447,0.705208659172058,-0.708087384700775
0.54636824131012,-0.0996929183602333,1.315638422966,-0.0342035293579101,0.0124755930155515,0.707196712493896,-0.706079006195068
0.546207666397095,-0.0995873361825943,1.31562864780426,-0.0334972329437732,0.0125075643882155,0.70869517326355,-0.704608201980591
0.546028792858124,-0.099531315267086,1.31558573246002,-0.0331967249512672,0.0119809573516249,0.710555076599121,-0.70275604724884
0.545883119106293,-0.0998016446828842,1.31561458110809,-0.033231221139431,0.0110911186784505,0.712591469287872,-0.700703978538513
0.545657336711884,-0.099780723452568,1.31545209884644,-0.0328333415091037,0.0110517870634794,0.714160680770874,-0.699123978614807
0.545441210269928,-0.0999168828129768,1.31552350521088,-0.0329329408705234,0.0104718683287501,0.716805458068848,-0.696416258811951
0.545613467693329,-0.100064992904663,1.31519114971161,-0.0314497984945774,0.0111762816086411,0.71874475479126,-0.69447249174118
0.545894801616669,-0.0997995063662529,1.31535291671753,-0.0307937394827604,0.0095548620447516,0.721819519996643,-0.691329956054688
0.545713841915131,-0.100275978446007,1.31530070304871,-0.0308229438960552,0.0097504518926143,0.723819971084595,-0.689231157302856
0.54551750421524,-0.100485421717167,1.31516706943512,-0.0306585356593132,0.0090006636455655,0.725475370883942,-0.687505960464478
0.545228123664856,-0.100745096802711,1.31507956981659,-0.0309627540409564,0.0085734818130731,0.728291630744934,-0.684513807296753
0.545046865940094,-0.100755013525486,1.31491887569427,-0.0303592700511217,0.0084901927039027,0.730324625968933,-0.682372331619263
0.545070469379425,-0.100657947361469,1.31511056423187,-0.0298138950020074,0.0083939274773001,0.731545150279999,-0.681089103221893
0.545006155967712,-0.100703097879887,1.31505930423737,-0.0295383911579847,0.0077480189502239,0.733822286128998,-0.678654789924622
0.545208036899567,-0.100311152637005,1.31497979164124,-0.0288311187177896,0.00709387101233,0.735954701900482,-0.676379442214966
0.545063316822052,-0.10037337243557,1.31483280658722,-0.0283938348293304,0.0071718851104378,0.737808227539062,-0.67437481880188
0.544930636882782,-0.100509867072105,1.31470763683319,-0.0284659303724765,0.0065191490575671,0.739871144294739,-0.672114551067352
0.544555425643921,-0.100786358118057,1.3144828081131,-0.0286108553409576,0.0075382781215012,0.740325331687927,-0.671597361564636
0.544559597969055,-0.101071178913116,1.31447660923004,-0.0282031595706939,0.0068252249620854,0.742011189460754,-0.669759154319763
0.544481158256531,-0.101161256432533,1.31440138816833,-0.0278120227158069,0.0066057406365871,0.743609488010406,-0.668002903461456
0.544481158256531,-0.101161256432533,1.31440138816833,-0.0278120227158069,0.0066057406365871,0.743609488010406,-0.668002903461456
0.544810831546783,-0.100888319313526,1.3143652677536,-0.0267566293478012,0.0051194513216614,0.747117519378662,-0.664133429527283
0.544699490070343,-0.101092256605625,1.31418907642365,-0.0266513470560312,0.0046004331670701,0.749536097049713,-0.661410629749298
0.54466450214386,-0.101125992834568,1.31409025192261,-0.0263938754796981,0.0043477639555931,0.750756800174713,-0.660036861896515
0.544597804546356,-0.101163968443871,1.31395709514618,-0.026164511218667,0.0040927291847765,0.752319395542145,-0.658266067504883
0.54463255405426,-0.10105037689209,1.31398212909698,-0.0252839252352714,0.0043318923562765,0.752708971500397,-0.657853484153748
0.544663727283478,-0.101085007190704,1.3139750957489,-0.0251172333955764,0.0037255943752825,0.753977656364441,-0.656409025192261
0.54468160867691,-0.101000413298607,1.31359040737152,-0.0236989334225654,0.0036387837026268,0.754982709884644,-0.655306160449982
0.544528007507324,-0.101133450865746,1.3133956193924,-0.0241763722151517,0.0028575018513947,0.756846010684967,-0.653139770030975
0.544577896595001,-0.101062946021557,1.31334102153778,-0.0239358134567737,0.002562508219853,0.757810235023499,-0.65203058719635
0.544289946556091,-0.101113691926003,1.31306743621826,-0.0213476400822401,0.0020430914591997,0.757664203643799,-0.652292132377625
0.544230461120605,-0.101086333394051,1.31300902366638,-0.0213026776909828,0.0019270536722615,0.758319020271301,-0.651532590389252
0.544381678104401,-0.100897178053856,1.31312131881714,-0.0233659110963344,0.0033237822353839,0.759348690509796,-0.650255739688873
0.54428368806839,-0.101041167974472,1.3129608631134,-0.0237194243818521,0.0027037793770432,0.760334670543671,-0.649092614650726
0.544278800487518,-0.100996680557728,1.31292188167572,-0.0236974135041236,0.0025203030090779,0.760920584201813,-0.648407280445099
0.544191956520081,-0.100756824016571,1.31290102005005,-0.023821648210287,0.0023839387577027,0.761218667030334,-0.648053288459778
0.544186472892761,-0.100573718547821,1.31289768218994,-0.0229514017701149,0.0015221814392134,0.760942697525024,-0.648411273956299
0.544122993946075,-0.100555777549744,1.31284356117249,-0.0230045784264802,0.0014365457464009,0.761327564716339,-0.647957682609558
0.543890416622162,-0.100710645318031,1.31275653839111,-0.0231073461472988,0.001324625685811,0.762455105781555,-0.646627068519592
0.543745756149292,-0.10072560608387,1.31272304058075,-0.0231045484542846,0.0012490337248891,0.762586414813995,-0.6464723944664
0.543710470199585,-0.100646436214447,1.3126974105835,-0.0231128372251987,0.0009649075218476,0.762992799282074,-0.645993053913116
0.543764412403107,-0.100488945841789,1.31271612644196,-0.0229030381888151,0.0008187770145013,0.762546300888062,-0.646527588367462
0.543677866458893,-0.100389778614044,1.31273555755615,-0.0226643178611993,0.000884263543412,0.762988746166229,-0.646013736724854
0.543418705463409,-0.100608453154564,1.31269764900208,-0.0228138789534568,-0.0002443125704303,0.763605237007141,-0.645280241966248
0.543403148651123,-0.10038860887289,1.31277179718018,-0.0224380232393741,-1.20741106002242e-06,0.763239443302155,-0.645726144313812
0.543227255344391,-0.100314572453499,1.31261932849884,-0.022430321201682,0.0004690516507253,0.763227105140686,-0.645740747451782
0.543199837207794,-0.100203633308411,1.31272888183594,-0.0224280226975679,-0.0003571266424842,0.763572752475739,-0.645332157611847
0.542983829975128,-0.100010141730309,1.31258976459503,-0.0227008573710918,0.0001930376311065,0.763484954833984,-0.645426392555237
0.542832851409912,-0.0997767820954322,1.3126083612442,-0.0226515773683786,-0.0002515152445994,0.763541996479034,-0.645360708236694
0.542611956596375,-0.0997812449932098,1.31252813339233,-0.0229026935994625,-7.48709644540213e-05,0.763800323009491,-0.645046234130859
0.542461037635803,-0.0996316522359848,1.31251513957977,-0.023045215755701,-0.0001890257990453,0.764026165008545,-0.644773423671722
0.542304873466492,-0.0994543880224227,1.31251430511475,-0.0231021456420421,-0.0003796679957304,0.764081239700317,-0.644706189632416
0.542134165763855,-0.0994138494133949,1.31222152709961,-0.0232326705008745,0.0007753318641334,0.764122188091278,-0.644652605056763
0.541918396949768,-0.0992005243897438,1.31220519542694,-0.0235526729375123,0.00082772760652,0.764079868793488,-0.644690990447998
0.54175853729248,-0.0992396697402,1.31212091445923,-0.0240872986614704,0.0004048383270855,0.764159739017487,-0.644576966762543
0.541533231735229,-0.0990062206983566,1.3121325969696,-0.0245483703911304,0.0004917205660603,0.764137446880341,-0.644585967063904
0.541323125362396,-0.0987967997789383,1.31218481063843,-0.0243825931102037,0.0009209878626279,0.764407992362976,-0.644270956516266
0.541092753410339,-0.0986444652080535,1.31216621398926,-0.0246022529900074,0.0010331047233194,0.764647901058197,-0.643977701663971
0.540842771530151,-0.0984846949577331,1.31214725971222,-0.024994857609272,0.0011496422812342,0.765068829059601,-0.643462181091309
0.540614128112793,-0.098340094089508,1.31213521957397,-0.0253897476941347,0.0013117683120071,0.765189290046692,-0.643303275108337
0.540389060974121,-0.0981519520282745,1.31212854385376,-0.0258050933480262,0.0015113315312191,0.765289545059204,-0.643167018890381
0.540145695209503,-0.0979197099804878,1.31211352348328,-0.0261657126247882,0.0017701216274872,0.765363276004791,-0.643063962459564
0.539885401725769,-0.097683660686016,1.31213057041168,-0.0267206821590662,0.0021291081793606,0.765461266040802,-0.642923474311829
0.539560496807098,-0.0974902734160423,1.31210839748383,-0.0272411033511161,0.0023756672162562,0.765938997268677,-0.642331540584564
0.539620399475098,-0.0975118800997734,1.31221771240234,-0.0269629005342721,0.0013299670536071,0.766825139522552,-0.641288101673126
0.539354920387268,-0.0973927602171897,1.3121622800827,-0.0276442840695381,0.0012382103595882,0.766829669475555,-0.64125382900238
0.539217889308929,-0.0968533977866172,1.31198799610138,-0.0279028322547674,0.0013521106448024,0.768102586269379,-0.639717102050781
0.539072751998901,-0.0964889600872993,1.31202900409698,-0.0280554797500371,0.0016703403089195,0.767672181129456,-0.640226066112518
0.538740754127502,-0.0962685346603393,1.31202101707458,-0.0286396741867065,0.0016525293467566,0.768931925296783,-0.638686776161194
0.538105189800262,-0.0965105891227722,1.31212913990021,-0.0293359048664569,0.0021058067213743,0.768713653087616,-0.638916313648224
0.538076877593994,-0.0958463326096534,1.31187343597412,-0.0291688777506351,0.0029184448067098,0.769402801990509,-0.638090908527374
0.53790545463562,-0.0955388844013214,1.31204307079315,-0.0297930669039487,0.0028199341613799,0.769950270652771,-0.637401759624481
0.537509500980377,-0.0952868610620498,1.31207799911499,-0.0303768701851367,0.0030163624323904,0.770580232143402,-0.636611521244049
0.537169098854065,-0.0950151979923248,1.31208264827728,-0.0307879410684108,0.0030401614494621,0.771148085594177,-0.635903656482697
0.536966323852539,-0.0947388857603073,1.31218540668488,-0.0303713213652372,0.003749803174287,0.771194219589233,-0.635864078998566
0.536611616611481,-0.0944403856992721,1.31219172477722,-0.0307262986898422,0.0039229076355695,0.77167671918869,-0.635260164737701
0.536183655261993,-0.0943841859698295,1.31209933757782,-0.0315481573343277,0.0035640997812151,0.772968292236328,-0.633649706840515
0.535901963710785,-0.0938233882188797,1.3122091293335,-0.0315780825912952,0.0044910926371812,0.772915840148926,-0.633706271648407
0.535580635070801,-0.0934950038790702,1.31224775314331,-0.0319418720901012,0.004641025327146,0.773344695568085,-0.633163630962372
0.535163581371307,-0.0931879058480262,1.31225514411926,-0.0325059480965137,0.0047934469766914,0.774182915687561,-0.632108509540558
0.534747719764709,-0.0928654223680496,1.31213319301605,-0.0326640121638774,0.0053153005428612,0.774484217166901,-0.63172709941864
0.534365355968475,-0.092525839805603,1.31211125850677,-0.0330039747059345,0.0055264234542846,0.774870812892914,-0.631233215332031
0.53378826379776,-0.0923071131110191,1.31203138828278,-0.0341953821480274,0.0052291345782577,0.775989592075348,-0.62979644536972
0.533484041690826,-0.0918648540973663,1.31207156181335,-0.0343366116285324,0.0050717163830995,0.776430428028107,-0.629246354103088
0.533182680606842,-0.0913652703166008,1.31220138072968,-0.0341448709368705,0.0058941263705492,0.77646267414093,-0.629209816455841
0.53281956911087,-0.0909171998500824,1.31223666667938,-0.0350998044013977,0.006195590365678,0.777386605739594,-0.628012359142303
0.532298028469086,-0.0906093046069145,1.31217300891876,-0.0360410772264003,0.0063920430839061,0.777214050292969,-0.628170669078827
0.531796395778656,-0.0899876803159713,1.31213974952698,-0.0363266095519065,0.0076527227647602,0.777502417564392,-0.627783179283142
0.53159099817276,-0.0899340435862541,1.31216752529144,-0.0360872559249401,0.0067409975454211,0.778560638427734,-0.626494646072388
0.531090497970581,-0.0889174789190292,1.31219637393951,-0.0367245487868785,0.0067156152799725,0.778691053390503,-0.626295745372772
0.530580103397369,-0.0889033526182174,1.31216990947723,-0.0373993925750255,0.0064897611737251,0.778788864612579,-0.626136600971222
0.530185163021088,-0.0885655283927917,1.31220889091492,-0.0377995781600475,0.0066736438311636,0.779126167297363,-0.625690937042236
0.529823303222656,-0.0882488936185836,1.31201350688934,-0.0389656424522399,0.0083687668666243,0.780435502529144,-0.623964846134186
0.529593169689178,-0.0875831693410873,1.31203997135162,-0.0394202060997486,0.0092065902426838,0.78005051612854,-0.624405682086945
0.529383897781372,-0.0868230760097503,1.31200277805328,-0.0417016968131065,0.0130545357242226,0.780753493309021,-0.62330949306488
0.528925478458405,-0.086554005742073,1.31202912330627,-0.0422028489410877,0.0135350655764341,0.780859649181366,-0.623132407665253
0.528597474098206,-0.0859749466180801,1.31198835372925,-0.0427341312170028,0.0138417184352874,0.781490385532379,-0.622298181056976
0.527996957302094,-0.0856717228889465,1.31190240383148,-0.0436178110539913,0.0138996234163641,0.781990945339203,-0.621606349945068
0.527775228023529,-0.0849255174398422,1.31200909614563,-0.0434692539274692,0.0147260436788201,0.781993985176086,-0.621593952178955
0.527423858642578,-0.0845037922263145,1.31200754642487,-0.0435697361826896,0.0152246998623013,0.782572388648987,-0.620846450328827
0.527034997940063,-0.0838711559772491,1.31196570396423,-0.0440913960337638,0.0160915628075599,0.782967865467072,-0.620288968086243
0.526683449745178,-0.0833110511302948,1.31196570396423,-0.0443863198161125,0.0164571274071931,0.783516764640808,-0.619564831256866
0.526331722736359,-0.0828300565481185,1.31194877624512,-0.0441299155354499,0.0165979824960231,0.78403776884079,-0.618919909000397
0.525854527950287,-0.081694558262825,1.31158006191254,-0.0426794365048408,0.0164283290505409,0.784312605857849,-0.618677794933319
0.525351226329803,-0.0814590603113174,1.31143867969513,-0.0433809161186218,0.0165664181113243,0.785307884216309,-0.617361485958099
0.525048017501831,-0.0806258395314216,1.3115382194519,-0.0431729778647422,0.0176953393965959,0.78552907705307,-0.617063045501709
0.52473658323288,-0.0798998102545738,1.31150984764099,-0.043323028832674,0.0185159631073474,0.786051213741302,-0.61636346578598
0.524086534976959,-0.079244464635849,1.31130790710449,-0.042154598981142,0.018023369833827,0.786331951618195,-0.61610072851181
0.523718953132629,-0.0786021053791046,1.31145286560059,-0.0447709746658802,0.0194587688893079,0.787307500839233,-0.614624857902527
0.523377180099487,-0.0770612210035324,1.31162333488464,-0.0450695157051086,0.0206135176122188,0.787066280841827,-0.614874362945557
0.523031949996948,-0.0770232230424881,1.31151390075684,-0.0447791442275047,0.0212294068187475,0.787923991680145,-0.613775134086609
0.522541403770447,-0.0761137455701828,1.31147718429565,-0.0449061840772628,0.0223486740142107,0.788489758968353,-0.612999200820923
0.521943926811218,-0.0755672082304954,1.31130492687225,-0.0452820472419261,0.0219492223113775,0.789295256137848,-0.611948370933533
0.521392107009888,-0.074783556163311,1.31135296821594,-0.045832447707653,0.022717747837305,0.789587616920471,-0.61150199174881
0.520970344543457,-0.0738861113786697,1.31130027770996,-0.0463133230805397,0.0238162949681282,0.790081858634949,-0.610785245895386
0.520418405532837,-0.0729210302233696,1.31127977371216,-0.0466636940836906,0.0249248798936605,0.790439665317535,-0.610251128673553
0.519926488399506,-0.0721626728773117,1.31128001213074,-0.0468455664813518,0.0259343236684799,0.791133046150208,-0.609295904636383
0.519284725189209,-0.0711145550012588,1.3112598657608,-0.0476476661860942,0.0272023323923349,0.791107714176178,-0.609211266040802
0.518702805042267,-0.0703198611736297,1.31124639511108,-0.0477455928921699,0.0278496071696281,0.791688442230225,-0.608419418334961
0.51809561252594,-0.0692751109600067,1.31120753288269,-0.0484334304928779,0.0294657796621322,0.792024254798889,-0.607851564884186
0.517683625221252,-0.0682793855667114,1.31117045879364,-0.0491029620170593,0.0308817885816097,0.792446196079254,-0.607177317142487
0.517025768756866,-0.0672040656208992,1.311164021492,-0.0498084649443626,0.032199390232563,0.792862355709076,-0.606507658958435
0.515967428684235,-0.0658052340149879,1.31137084960938,-0.0509155988693237,0.0330822505056858,0.792368829250336,-0.607013046741486
0.515211880207062,-0.0652771294116973,1.3117663860321,-0.0506818778812885,0.0321080833673477,0.792960703372955,-0.606311678886414
0.514660656452179,-0.0637041553854942,1.31130194664001,-0.0518716014921665,0.0361001417040824,0.793102324008942,-0.605800986289978
0.513875544071198,-0.0626673400402069,1.31130182743073,-0.0521976947784423,0.0370929911732673,0.793140769004822,-0.605662763118744
0.513232469558716,-0.0614667981863021,1.31127047538757,-0.0522240921854972,0.0382336042821407,0.793722093105316,-0.604827344417572
0.512571573257446,-0.0604534298181533,1.31129133701324,-0.0522750653326511,0.0394725874066352,0.794316709041595,-0.603962242603302
0.511822044849396,-0.0591851696372032,1.31130111217499,-0.0531584173440933,0.041685614734888,0.794342041015625,-0.603703022003174
0.510927438735962,-0.0580257400870323,1.31109273433685,-0.0522464029490947,0.0420437939465045,0.794912040233612,-0.603006899356842
0.510210990905762,-0.0567908287048339,1.31113576889038,-0.0526987537741661,0.0434849895536899,0.795363366603851,-0.602269887924194
0.509412050247192,-0.0554400235414505,1.31111884117126,-0.0533052161335945,0.0447555966675281,0.795916736125946,-0.601391792297363
0.50866025686264,-0.054190207272768,1.31114137172699,-0.0536290109157562,0.0469212420284748,0.796474814414978,-0.600458443164825
0.507841885089874,-0.052908681333065,1.31113398075104,-0.0539686344563961,0.0477595403790473,0.7971431016922,-0.599474191665649
0.506978034973145,-0.051574882119894,1.31114506721497,-0.0547575168311595,0.0495591722428798,0.797347009181976,-0.598985373973846
0.506262898445129,-0.0503969937562942,1.31116831302643,-0.0550162233412265,0.0509385764598846,0.798213481903076,-0.597690403461456
0.505099654197693,-0.0490324199199676,1.31111371517181,-0.055560003966093,0.0530457608401775,0.798210382461548,-0.597460806369781
0.50421530008316,-0.0477147921919822,1.31117331981659,-0.0566836297512054,0.0548704415559768,0.798635065555573,-0.596622288227081
0.50334507226944,-0.046273685991764,1.31111443042755,-0.0573791116476058,0.0564937330782413,0.799314200878143,-0.595493972301483
0.502412140369415,-0.0448666177690029,1.31116139888763,-0.0584156699478626,0.057748157531023,0.799854636192322,-0.594546437263489
0.501435399055481,-0.043426975607872,1.3111424446106,-0.0586950592696666,0.0596773028373718,0.800220668315887,-0.593835353851318
0.500445127487183,-0.0421335138380527,1.31121742725372,-0.0600462667644023,0.0611927211284637,0.800955474376678,-0.592554032802582
0.499398678541183,-0.0405635349452495,1.31118988990784,-0.0608489289879798,0.0628366619348526,0.800981998443604,-0.592264235019684
0.498390316963196,-0.0391242578625679,1.31119453907013,-0.0620609559118747,0.0647571682929992,0.801635980606079,-0.591045618057251
0.497481852769852,-0.0376266501843929,1.31125009059906,-0.0628880411386489,0.0663125142455101,0.801997303962708,-0.59029495716095
0.496376693248749,-0.036313746124506,1.31120193004608,-0.0637725517153739,0.0680660158395767,0.802528619766235,-0.589277386665344
0.495320111513138,-0.0347078405320644,1.31139183044434,-0.0654629543423652,0.0698603987693786,0.802546918392181,-0.588856995105743
0.49431437253952,-0.0330674052238464,1.31134557723999,-0.0667222291231155,0.0715181231498718,0.803038120269775,-0.587846159934998
0.493238478899002,-0.0316749736666679,1.31122756004333,-0.0673408135771751,0.073741115629673,0.802937924861908,-0.587637841701508
0.492140233516693,-0.0300512798130512,1.31131637096405,-0.0687354654073715,0.0756313055753707,0.803308010101318,-0.58672958612442
0.491124182939529,-0.0285128448158502,1.31131744384766,-0.0698403641581535,0.0775837525725364,0.803225457668304,-0.586457312107086
0.489944249391556,-0.0267692431807518,1.31135749816895,-0.0715732872486114,0.0795354023575782,0.803195655345917,-0.586027324199677
0.488777875900268,-0.0258421953767538,1.31161642074585,-0.0720373913645744,0.0794022157788276,0.803457796573639,-0.585629045963287
0.488777875900268,-0.0258421953767538,1.31161642074585,-0.0720373913645744,0.0794022157788276,0.803457796573639,-0.585629045963287
0.486753523349762,-0.0223226211965084,1.31119608879089,-0.0747222676873207,0.0859796926379203,0.803067624568939,-0.584898889064789
0.486753523349762,-0.0223226211965084,1.31119608879089,-0.0747222676873207,0.0859796926379203,0.803067624568939,-0.584898889064789
0.484527945518494,-0.0189716126769781,1.3118953704834,-0.0794199630618095,0.0889321789145469,0.802465975284576,-0.584664106369019
0.483324438333511,-0.0176828950643539,1.3117173910141,-0.0804333984851837,0.0913131013512611,0.802203238010406,-0.584519028663635
0.483324438333511,-0.0176828950643539,1.3117173910141,-0.0804333984851837,0.0913131013512611,0.802203238010406,-0.584519028663635
0.480987906455994,-0.0148381497710943,1.31186878681183,-0.0824875757098198,0.0939330160617828,0.801502704620361,-0.584778487682343
0.480158448219299,-0.0130114890635013,1.311598777771,-0.0844587832689285,0.0979745984077453,0.800810635089874,-0.584782123565674
0.478841692209244,-0.0115031283348798,1.31140124797821,-0.0854529589414596,0.100304514169693,0.800006926059723,-0.585342347621918
0.477747797966003,-0.0101005025207996,1.31170988082886,-0.0866050496697425,0.100294776260853,0.79963743686676,-0.585679590702057
0.476733893156052,-0.0085330959409475,1.31151735782623,-0.0880928486585617,0.102814190089703,0.798937678337097,-0.585975646972656
0.475777119398117,-0.0065833944827318,1.31108903884888,-0.0899091437458992,0.10713142901659,0.797643601894379,-0.586688876152039
0.474585890769958,-0.0053438246250152,1.31066393852234,-0.0891765803098678,0.108548924326897,0.796919822692871,-0.587523281574249
0.473683267831802,-0.0033926740288734,1.31017339229584,-0.0908199921250343,0.112949259579182,0.795789480209351,-0.587973892688751
0.472718149423599,-0.0017452575266361,1.31070375442505,-0.0946871936321258,0.115090347826481,0.794610023498535,-0.58854353427887
0.471766948699951,-0.0001356415450572,1.30989694595337,-0.0952002480626106,0.119055077433586,0.7935910820961,-0.589046657085419
0.470410943031311,0.0010610185563564,1.31010770797729,-0.0962754786014556,0.119048267602921,0.792493164539337,-0.590350031852722
0.469366371631622,0.0025816578418016,1.30999755859375,-0.0983670428395271,0.121677428483963,0.791038155555725,-0.591419696807861
0.468531906604767,0.0045239683240652,1.30960559844971,-0.100690297782421,0.126148089766502,0.789619266986847,-0.59198784828186
0.467363953590393,0.0057885386049747,1.3096911907196,-0.100999921560287,0.126062110066414,0.788554430007935,-0.593371093273163
0.467067778110504,0.0075146555900573,1.3076399564743,-0.0992007628083229,0.13385446369648,0.787559270858765,-0.5932896733284
0.465913951396942,0.0087634306401014,1.30795991420746,-0.100222036242485,0.133574053645134,0.785780370235443,-0.595535635948181
0.464915603399277,0.0104124471545219,1.3072624206543,-0.102027356624603,0.138757526874542,0.78397011756897,-0.596429169178009
0.463386356830597,0.0122645106166601,1.30819582939148,-0.106512106955051,0.138734191656113,0.781798660755157,-0.598497152328491
0.462413847446442,0.0137623846530914,1.30818223953247,-0.10824029147625,0.140724450349808,0.780209541320801,-0.599794745445251
0.461330473423004,0.0149830728769302,1.30774593353271,-0.109046652913093,0.143207728862762,0.778195977210999,-0.601673781871796
0.46020382642746,0.0161836501210927,1.30784785747528,-0.111374460160732,0.145265713334084,0.776326775550842,-0.603166997432709
0.459200084209442,0.0177064575254917,1.30750954151154,-0.112868703901768,0.148280158638954,0.774336636066437,-0.604711949825287
0.457902878522873,0.0189899690449237,1.30720901489258,-0.114132031798363,0.15055026113987,0.771778166294098,-0.607179641723633
0.457175046205521,0.0207501072436571,1.30712103843689,-0.114979170262813,0.151751667261124,0.770153760910034,-0.608781039714813
0.451209127902985,0.0239926856011152,1.30344617366791,-0.127800703048706,0.179577335715294,0.751307487487793,-0.622057855129242
0.450240463018417,0.0255261603742837,1.30338406562805,-0.129287555813789,0.180884510278702,0.749136924743652,-0.623986721038818
0.449328601360321,0.0267191752791404,1.30288743972778,-0.130293652415275,0.183644011616707,0.746494710445404,-0.62613445520401
0.448302924633026,0.0276763867586851,1.30256497859955,-0.131705611944199,0.18641322851181,0.743880331516266,-0.628128826618195
0.447295874357224,0.0290902089327573,1.30231237411499,-0.133043587207794,0.187899887561798,0.741771817207336,-0.629894971847534
0.450769484043121,0.0282739605754613,1.30508697032928,-0.122989438474178,0.166994512081146,0.755422115325928,-0.621549785137177
0.450212895870209,0.029538195580244,1.30492460727692,-0.123215496540069,0.167435348033905,0.754017412662506,-0.623089909553528
0.449185132980347,0.0304523259401321,1.30459976196289,-0.124623171985149,0.170035645365715,0.751227974891663,-0.625470638275146
0.447908461093903,0.0316264852881431,1.3039538860321,-0.126348346471786,0.17362579703331,0.747604608535767,-0.628472447395325
0.446965634822845,0.0327279195189476,1.30338191986084,-0.127012491226196,0.17627277970314,0.744760751724243,-0.630973339080811
0.446341156959534,0.0336778201162815,1.30325400829315,-0.127999618649483,0.177153334021568,0.743334770202637,-0.63220739364624
0.445313662290573,0.0343434736132621,1.30269300937653,-0.129142537713051,0.180410444736481,0.740437030792236,-0.634450435638428
0.444039136171341,0.0356506183743476,1.30254983901978,-0.131815373897552,0.182345226407051,0.736919164657593,-0.63743644952774
0.443440079689026,0.0364298224449157,1.30205583572388,-0.132010012865067,0.184354171156883,0.735054314136505,-0.638969540596008
0.442395687103271,0.0373146645724773,1.30171167850494,-0.133481875061989,0.186407715082168,0.732031643390656,-0.641533136367798
0.441554069519043,0.0382363125681877,1.30113518238068,-0.134373098611832,0.188970759510994,0.729440450668335,-0.643545508384705
0.440599262714386,0.0386907011270523,1.30049955844879,-0.135466545820236,0.192191258072853,0.726319134235382,-0.645888566970825
0.439680367708206,0.039822369813919,1.30026912689209,-0.136976659297943,0.193350791931152,0.723933577537537,-0.64789891242981
0.438812643289566,0.0405230075120925,1.29976058006287,-0.138186737895012,0.195615723729134,0.721319854259491,-0.649874329566956
0.437860727310181,0.0409175753593444,1.29926466941833,-0.139571994543076,0.198487162590027,0.718238890171051,-0.652116119861603
0.437019765377045,0.0415795780718326,1.29874515533447,-0.140568733215332,0.200622275471687,0.715514302253723,-0.654240429401398
0.437019765377045,0.0415795780718326,1.29874515533447,-0.140568733215332,0.200622275471687,0.715514302253723,-0.654240429401398
0.435188412666321,0.0430735200643539,1.29795241355896,-0.14316138625145,0.20397461950779,0.709900259971619,-0.65874183177948
0.434274196624756,0.0432871729135513,1.29740059375763,-0.144784674048424,0.20677150785923,0.70693576335907,-0.660700261592865
0.433358669281006,0.0441236495971679,1.29683721065521,-0.145702138543129,0.208240911364555,0.704203367233276,-0.662951111793518
0.432395130395889,0.0443057641386985,1.29621195793152,-0.147106811404228,0.210929244756699,0.701198756694794,-0.66497278213501
0.431411892175674,0.044668897986412,1.29567694664001,-0.148971885442734,0.213411867618561,0.698347091674805,-0.666764080524445
0.431411892175674,0.044668897986412,1.29567694664001,-0.148971885442734,0.213411867618561,0.698347091674805,-0.666764080524445
0.429285019636154,0.045661374926567,1.29470074176788,-0.151989355683327,0.216237813234329,0.693298399448395,-0.670431077480316
0.428328186273575,0.0461189597845077,1.29422891139984,-0.154471158981323,0.218774899840355,0.690372884273529,-0.672057688236237
0.427373886108398,0.0462857149541378,1.29392611980438,-0.156751677393913,0.220357060432434,0.687910735607147,-0.673535883426666
0.426220893859863,0.0464917533099651,1.29332494735718,-0.158809468150139,0.222471132874489,0.684824585914612,-0.675500988960266
0.425250053405762,0.0469299107789993,1.2927371263504,-0.16061919927597,0.224463358521461,0.682348549365997,-0.676918148994446
0.424283385276794,0.0470854192972183,1.29209542274475,-0.161435440182686,0.225713923573494,0.680002987384796,-0.678666293621063
0.42333984375,0.047207586467266,1.29157626628876,-0.163538724184036,0.228033408522606,0.677398979663849,-0.679990112781525
0.422553658485413,0.0473225824534893,1.29118895530701,-0.164688482880592,0.229576274752617,0.672295093536377,-0.68424528837204
0.421637922525406,0.047449667006731,1.29053449630737,-0.165578946471214,0.231958091259003,0.670542478561401,-0.684946596622467
0.420650571584701,0.0476555228233337,1.29005551338196,-0.16717404127121,0.233315914869308,0.668323516845703,-0.686265408992767
0.419749796390533,0.0474245622754097,1.28935241699219,-0.169474005699158,0.234411329030991,0.666743218898773,-0.686864912509918
0.418616741895676,0.0476951263844966,1.28857111930847,-0.169696986675262,0.236409768462181,0.664583742618561,-0.688216507434845
0.417876958847046,0.0475232303142547,1.28808104991913,-0.171103775501251,0.237809374928474,0.663398027420044,-0.688529908657074
0.4170942902565,0.0475182458758354,1.28779709339142,-0.172836557030678,0.239144176244736,0.661598980426788,-0.689365267753601
0.416217744350433,0.0473743602633476,1.2872679233551,-0.174222812056541,0.240884259343147,0.659732937812805,-0.690198242664337
0.416217744350433,0.0473743602633476,1.2872679233551,-0.174222812056541,0.240884259343147,0.659732937812805,-0.690198242664337
0.4146568775177,0.0470886304974556,1.28672885894775,-0.176779180765152,0.242867708206177,0.657332122325897,-0.691143155097961
0.413726478815079,0.0467730686068534,1.28645443916321,-0.178289607167244,0.243807062506676,0.655682682991028,-0.691990733146667
0.4132379591465,0.0465455949306488,1.28593754768372,-0.178904816508293,0.244922205805779,0.654808223247528,-0.692266225814819
0.412493735551834,0.0463158711791038,1.28554654121399,-0.180021673440933,0.245931953191757,0.653218984603882,-0.693119525909424
0.412016689777374,0.0460283756256103,1.28528368473053,-0.180766969919205,0.246353045105934,0.652481138706207,-0.693470895290375
0.411484569311142,0.0457583032548427,1.28501427173615,-0.181634470820427,0.246912747621536,0.651432693004608,-0.69403064250946
0.411045223474503,0.0453579761087894,1.28473818302155,-0.182281762361526,0.247242748737335,0.650683045387268,-0.694446623325348
0.410558849573135,0.0450922325253486,1.28429317474365,-0.182286664843559,0.247428074479103,0.649971723556519,-0.695045232772827
0.410179764032364,0.0446635708212852,1.28407108783722,-0.182905837893486,0.247774124145508,0.649292767047882,-0.695393681526184
0.410112679004669,0.0442535616457462,1.28394138813019,-0.18355205655098,0.248093858361244,0.649180948734283,-0.695213854312897
0.409800857305527,0.043797068297863,1.28379774093628,-0.184229761362076,0.248067274689674,0.648631393909454,-0.695556879043579
0.409782707691193,0.0434826090931892,1.28378772735596,-0.184915795922279,0.247904509305954,0.64871871471405,-0.695351541042328
0.409579038619995,0.0428294315934181,1.28370428085327,-0.185394391417503,0.247915714979172,0.648518860340118,-0.695406436920166
0.409028589725494,0.0422313287854194,1.28417646884918,-0.187217190861702,0.246616840362549,0.647713541984558,-0.696130156517029
0.40907347202301,0.0418581366539001,1.2841010093689,-0.186777591705322,0.245780408382416,0.647890865802765,-0.696378827095032
0.409076333045959,0.041485883295536,1.28413271903992,-0.186860144138336,0.245495766401291,0.647704482078552,-0.696630597114563
0.409374743700027,0.0407493524253368,1.28358149528503,-0.185650393366814,0.246821224689484,0.647334098815918,-0.696829795837402
0.409476459026337,0.0401215776801109,1.28368175029755,-0.185843303799629,0.245953902602196,0.646622776985168,-0.697744965553284
0.40969854593277,0.0394979566335678,1.28396129608154,-0.186217963695526,0.246094301342964,0.647041976451874,-0.697206795215607
0.40969854593277,0.0394979566335678,1.28396129608154,-0.186217963695526,0.246094301342964,0.647041976451874,-0.697206795215607
0.409882366657257,0.0382324270904064,1.28434777259827,-0.186198174953461,0.245190680027008,0.646981596946716,-0.697586357593536
0.410078406333923,0.037671573460102,1.28446435928345,-0.185363858938217,0.244068488478661,0.647224962711334,-0.697976171970367
0.410332471132278,0.0370213724672794,1.28475832939148,-0.185141295194626,0.243466958403587,0.647322058677673,-0.698155224323273
0.410701751708984,0.036217987537384,1.28516864776611,-0.185142382979393,0.242879986763,0.647738873958588,-0.697972774505615
0.410810708999634,0.0354663878679275,1.2857985496521,-0.18590122461319,0.241724863648415,0.647909164428711,-0.698014080524445
0.411010682582855,0.0346976108849048,1.28594613075256,-0.185354560613632,0.241509363055229,0.648036003112793,-0.698116421699524
0.411465436220169,0.0341852121055126,1.28601598739624,-0.184331685304642,0.24163556098938,0.648641169071198,-0.697781383991241
0.411786377429962,0.0332945510745048,1.28644359111786,-0.183941319584846,0.24054192006588,0.649301111698151,-0.697648346424103
0.412138283252716,0.0326907187700271,1.28690338134766,-0.183522552251816,0.239435851573944,0.649774730205536,-0.697698295116425
0.412358164787292,0.031925655901432,1.28724133968353,-0.18303094804287,0.238761112093925,0.650224983692169,-0.697639226913452
0.412611782550812,0.030939232558012,1.28778493404388,-0.182765319943428,0.237332463264465,0.650896906852722,-0.697569668292999
0.41302815079689,0.0301784463226795,1.28768599033356,-0.181409448385239,0.237541392445564,0.651304125785828,-0.697472393512726
0.413437753915787,0.0294424444437026,1.28862929344177,-0.181833952665329,0.235288232564926,0.652672648429871,-0.696846008300781
0.413719892501831,0.0286972317844629,1.28885078430176,-0.180652007460594,0.234095200896263,0.653381884098053,-0.696890592575073
0.409449607133865,0.028378427028656,1.28469121456146,-0.192986503243446,0.257016330957413,0.632606029510498,-0.70463353395462
0.409449607133865,0.028378427028656,1.28469121456146,-0.192986503243446,0.257016330957413,0.632606029510498,-0.70463353395462
0.415060341358185,0.026245703920722,1.2904634475708,-0.179639130830765,0.230496883392334,0.656553745269775,-0.695369184017181
0.415278345346451,0.0252744480967521,1.29062497615814,-0.178032234311104,0.229722782969475,0.657763779163361,-0.694894850254059
0.415939807891846,0.0243831053376197,1.29095041751862,-0.177632853388786,0.228791803121567,0.658711910247803,-0.694405972957611
0.416483461856842,0.0233871638774871,1.29134368896484,-0.176835283637047,0.227972418069839,0.659945011138916,-0.693707704544067
0.417007327079773,0.0226133130490779,1.29171073436737,-0.175768151879311,0.226679801940918,0.661614656448364,-0.692811727523804
0.417543053627014,0.0220047030597925,1.29207062721252,-0.17431266605854,0.225500956177711,0.66453629732132,-0.690764844417572
0.417912721633911,0.0209062397480011,1.29242837429047,-0.173291340470314,0.224214121699333,0.665694296360016,-0.690325498580933
0.418476462364197,0.0198995117098093,1.29289615154266,-0.172460541129112,0.223153874278068,0.666699826717377,-0.689906656742096
0.419154465198517,0.0188104510307312,1.29358208179474,-0.172361418604851,0.221250146627426,0.667188167572021,-0.690072536468506
0.419679909944534,0.0180108565837144,1.29379022121429,-0.171632468700409,0.221241593360901,0.669611155986786,-0.687906563282013
0.419679909944534,0.0180108565837144,1.29379022121429,-0.171632468700409,0.221241593360901,0.669611155986786,-0.687906563282013
0.420793950557709,0.0159012544900178,1.29486155509949,-0.169491544365883,0.21722400188446,0.672346413135529,-0.687049329280853
0.421395182609558,0.0148387011140584,1.29534733295441,-0.169290646910667,0.216279581189155,0.673502683639526,-0.686264038085938
0.422028958797455,0.0136832129210233,1.29590940475464,-0.16834819316864,0.214488938450813,0.675360321998596,-0.685231387615204
0.422711789608002,0.012602362781763,1.29626142978668,-0.167477130889892,0.213235795497894,0.676873564720154,-0.684342086315155
0.422711789608002,0.012602362781763,1.29626142978668,-0.167477130889892,0.213235795497894,0.676873564720154,-0.684342086315155
0.424501001834869,0.0108673181384801,1.29721581935883,-0.164497762918472,0.210432916879654,0.679000735282898,-0.683824837207794
0.424996972084045,0.0092460010200738,1.29780578613281,-0.16461980342865,0.208255931735039,0.681731283664703,-0.681742072105408
0.425851434469223,0.0080885756760835,1.29829323291779,-0.163490563631058,0.206443935632706,0.683431923389435,-0.680861711502075
0.426645398139954,0.0072264820337295,1.29897832870483,-0.16247196495533,0.203903868794441,0.68518739938736,-0.680106103420258
0.42762815952301,0.0057624895125627,1.29908168315887,-0.160507693886757,0.202879652380943,0.687138974666595,-0.678908884525299
0.428543329238892,0.0048508197069168,1.2996609210968,-0.158180609345436,0.200808301568031,0.687530219554901,-0.679674327373505
0.429426789283752,0.0034452620893716,1.30032896995544,-0.157813504338264,0.198996305465698,0.68895435333252,-0.678850054740906
0.429426789283752,0.0034452620893716,1.30032896995544,-0.157813504338264,0.198996305465698,0.68895435333252,-0.678850054740906
0.43130224943161,0.0012837629765272,1.30120670795441,-0.155412554740906,0.193946614861488,0.693718135356903,-0.67600804567337
0.432257920503616,-0.0001548212021589,1.3019392490387,-0.155065789818764,0.191558331251144,0.695265889167786,-0.675178170204163
0.43323415517807,-0.0016463212668895,1.30197060108185,-0.152734532952309,0.190152302384376,0.696702539920807,-0.67462569475174
0.43323415517807,-0.0016463212668895,1.30197060108185,-0.152734532952309,0.190152302384376,0.696702539920807,-0.67462569475174
0.435488045215607,-0.0040714815258979,1.30298399925232,-0.150726318359375,0.185971811413765,0.699839055538177,-0.672994315624237
0.436900496482849,-0.0051575787365436,1.30399811267853,-0.149312615394592,0.182968303561211,0.700958371162415,-0.672967970371246
0.437818646430969,-0.0067368261516094,1.30413722991943,-0.148541316390038,0.180575206875801,0.703161060810089,-0.671485364437103
0.437818646430969,-0.0067368261516094,1.30413722991943,-0.148541316390038,0.180575206875801,0.703161060810089,-0.671485364437103
0.440151065587997,-0.0096739511936903,1.30478870868683,-0.14469276368618,0.175468266010284,0.706056773662567,-0.670640587806702
0.441655158996582,-0.011198054999113,1.30536985397339,-0.144116565585136,0.173792704939842,0.70803040266037,-0.669118463993073
0.442713528871536,-0.0126778222620487,1.3058305978775,-0.142840296030045,0.171272233128548,0.709346830844879,-0.668647587299347
0.444105803966522,-0.0141225568950176,1.30632627010345,-0.141647666692734,0.168229267001152,0.711275815963745,-0.66762387752533
0.444105803966522,-0.0141225568950176,1.30632627010345,-0.141647666692734,0.168229267001152,0.711275815963745,-0.66762387752533
0.446642994880676,-0.0167381316423416,1.30714988708496,-0.138935521245003,0.162835627794266,0.713936388492584,-0.666690528392792
0.447892278432846,-0.0185477584600448,1.30736589431763,-0.137796014547348,0.161301627755165,0.715052247047424,-0.666103959083557
0.449172109365463,-0.0197552163153886,1.30787777900696,-0.136259481310844,0.158110991120338,0.716383576393127,-0.665754497051239
0.449172109365463,-0.0197552163153886,1.30787777900696,-0.136259481310844,0.158110991120338,0.716383576393127,-0.665754497051239
0.45198518037796,-0.0227683559060096,1.30861711502075,-0.13353568315506,0.153093695640564,0.719225227832794,-0.664413809776306
0.4531409740448,-0.0245815888047218,1.3090113401413,-0.132865324616432,0.15088240802288,0.72007143497467,-0.664137482643127
0.454565465450287,-0.0257503781467676,1.3091607093811,-0.131184577941895,0.148261353373527,0.721689164638519,-0.663305521011353
0.454565465450287,-0.0257503781467676,1.3091607093811,-0.131184577941895,0.148261353373527,0.721689164638519,-0.663305521011353
0.457119405269623,-0.0288754738867282,1.30956327915192,-0.128580510616302,0.14454972743988,0.723443448543549,-0.662723243236542
0.458659112453461,-0.030623123049736,1.30978548526764,-0.126843944191933,0.142245799303055,0.72474205493927,-0.662137269973755
0.459825813770294,-0.0318664014339447,1.31004929542542,-0.125430688261986,0.139411553740501,0.725672662258148,-0.66198992729187
0.461163282394409,-0.0334300175309181,1.31025218963623,-0.124390989542007,0.137394905090332,0.726240277290344,-0.661985337734222
0.461163282394409,-0.0334300175309181,1.31025218963623,-0.124390989542007,0.137394905090332,0.726240277290344,-0.661985337734222
0.458440899848938,-0.034929621964693,1.30737912654877,-0.135099858045578,0.157805308699608,0.710177361965179,-0.67267644405365
0.459338307380676,-0.0365043431520462,1.30709886550903,-0.134247675538063,0.157865688204765,0.710926055908203,-0.672041893005371
0.460667073726654,-0.0380092784762382,1.3071540594101,-0.13263925909996,0.156072586774826,0.711526334285736,-0.672144770622253
0.462099075317383,-0.0392905995249748,1.30757319927216,-0.130976960062981,0.152242958545685,0.713567316532135,-0.671184718608856
0.463062077760696,-0.0408843271434307,1.30740165710449,-0.130079820752144,0.151447951793671,0.713055372238159,-0.672082483768463
0.464621096849441,-0.0421495884656906,1.30797576904297,-0.1288872808218,0.147828787565231,0.715272963047028,-0.6707603931427
0.465795695781708,-0.0438648872077465,1.30774593353271,-0.12718103826046,0.147018477320671,0.715618789196014,-0.670895218849182
0.466942667961121,-0.0452441945672035,1.30765414237976,-0.125394910573959,0.145131915807724,0.71649432182312,-0.670707821846008
0.468112200498581,-0.04636050760746,1.30800700187683,-0.12500824034214,0.141624942421913,0.717449426651001,-0.670508444309235
0.474350899457932,-0.0465752631425857,1.30069875717163,-0.13755264878273,0.190444454550743,0.713382661342621,-0.660223782062531
0.482752114534378,-0.058220200240612,1.30180478096008,-0.147673949599266,0.212432295084,0.724799871444702,-0.638537406921387
0.483827412128448,-0.0596094578504562,1.30195772647858,-0.147014066576958,0.209909677505493,0.725643575191498,-0.638565897941589
0.483827412128448,-0.0596094578504562,1.30195772647858,-0.147014066576958,0.209909677505493,0.725643575191498,-0.638565897941589
0.485927641391754,-0.062309842556715,1.30216312408447,-0.145878866314888,0.205066785216331,0.728542685508728,-0.63709682226181
0.48693984746933,-0.063695952296257,1.30230689048767,-0.145459428429603,0.202711313962936,0.729501962661743,-0.636849224567413
0.488101303577423,-0.0649832412600517,1.30248475074768,-0.144726723432541,0.200170859694481,0.731019973754883,-0.636078357696533
0.489139407873154,-0.0663571059703826,1.30268585681915,-0.144380822777748,0.197668790817261,0.731872975826263,-0.635958611965179
0.490088582038879,-0.0678906589746475,1.30247902870178,-0.143339872360229,0.195824652910232,0.732942521572113,-0.635532677173615
0.490088582038879,-0.0678906589746475,1.30247902870178,-0.143339872360229,0.195824652910232,0.732942521572113,-0.635532677173615
0.492590069770813,-0.0701887980103492,1.30329203605652,-0.142181679606438,0.18985016644001,0.735531449317932,-0.634613990783691
0.493205785751343,-0.0715367645025253,1.3029420375824,-0.140981063246727,0.18907305598259,0.735788702964783,-0.634815454483032
0.494306206703186,-0.0728241652250289,1.30287337303162,-0.140172049403191,0.187366664409637,0.736788153648376,-0.634341299533844
0.495403110980987,-0.0738038718700409,1.3027411699295,-0.138679265975952,0.184717655181885,0.737965762615204,-0.634077250957489
0.49632203578949,-0.0748640075325965,1.302898645401,-0.137858584523201,0.182570621371269,0.739025831222534,-0.633643269538879
0.497378885746002,-0.0763817131519317,1.30268394947052,-0.136158883571625,0.181268841028214,0.739955544471741,-0.63329952955246
0.498450636863708,-0.0774877816438674,1.30277788639069,-0.134955212473869,0.179111406207085,0.741072595119476,-0.632864713668823
0.49944132566452,-0.0784264802932739,1.30319619178772,-0.134905278682709,0.175986051559448,0.742283284664154,-0.632332980632782
0.500434637069702,-0.0797226130962371,1.30293226242065,-0.13332125544548,0.174669712781906,0.743033587932587,-0.632152915000916
0.501467049121857,-0.0806129872798919,1.30316603183746,-0.132274016737938,0.171980232000351,0.744289577007294,-0.631632387638092
0.50249844789505,-0.0816041827201843,1.30342471599579,-0.131283327937126,0.169388204813004,0.745587706565857,-0.631008148193359
0.503347635269165,-0.0829588919878006,1.30300450325012,-0.129845261573792,0.168494388461113,0.746668517589569,-0.630266606807709
0.503347635269165,-0.0829588919878006,1.30300450325012,-0.129845261573792,0.168494388461113,0.746668517589569,-0.630266606807709
0.505557835102081,-0.0846313834190368,1.30321443080902,-0.127674758434296,0.164093032479286,0.74892657995224,-0.629191219806671
0.506764352321625,-0.0855538547039032,1.30335462093353,-0.126562789082527,0.161257192492485,0.750071465969086,-0.628785371780396
0.507937729358673,-0.0866465419530868,1.30314302444458,-0.124749936163425,0.160559892654419,0.750123262405396,-0.629263997077942
0.509211361408234,-0.0873747169971466,1.3032751083374,-0.123134911060333,0.158322304487228,0.750375747680664,-0.629847824573517
0.510150671005249,-0.0881673097610473,1.30339670181274,-0.122806541621685,0.155959486961365,0.752825260162354,-0.62757420539856
0.511621415615082,-0.0890425145626068,1.3031861782074,-0.120505176484585,0.154734596610069,0.751739621162415,-0.629621684551239
0.512663781642914,-0.0899525582790374,1.30312252044678,-0.119321472942829,0.153437569737434,0.752374529838562,-0.629405915737152
0.513817608356476,-0.0907575637102127,1.3031599521637,-0.118003040552139,0.151138097047806,0.752896964550018,-0.629586219787598
0.514765024185181,-0.0915558487176895,1.30313348770142,-0.116712480783462,0.150363728404045,0.752791881561279,-0.630137741565704
0.515972793102264,-0.0923972651362419,1.303053855896,-0.115830719470978,0.148449614644051,0.753133714199066,-0.630345702171326
0.510603547096252,-0.0859872922301292,1.31277525424957,-0.0789719149470329,0.0496453791856765,0.756216824054718,-0.647638022899628
0.511586964130402,-0.0869586765766143,1.31268525123596,-0.0782504379749298,0.0484023950994014,0.756516695022583,-0.647469460964203
0.512959361076355,-0.0876158624887466,1.31270015239716,-0.076970636844635,0.0462397560477256,0.756887257099152,-0.647347748279572
0.514058470726013,-0.0880225077271461,1.3127533197403,-0.0764174684882164,0.0443189367651939,0.757315933704376,-0.647046446800232
0.514058470726013,-0.0880225077271461,1.3127533197403,-0.0764174684882164,0.0443189367651939,0.757315933704376,-0.647046446800232
0.516229391098022,-0.0898628234863281,1.31264102458954,-0.074925921857357,0.0423466973006725,0.756817698478699,-0.647935092449188
0.517396450042725,-0.0906010717153549,1.312952876091,-0.0744762048125267,0.0405823476612567,0.756588459014893,-0.648367404937744
0.51860111951828,-0.0909885019063949,1.31291699409485,-0.0732908099889755,0.0388776287436485,0.756331264972687,-0.648906826972961
0.519908487796783,-0.0915987491607666,1.31240677833557,-0.0712437108159065,0.0386123210191726,0.756245732307434,-0.649250328540802
0.521010279655457,-0.0926024466753006,1.31232571601868,-0.0709400698542594,0.0386562794446945,0.755442976951599,-0.650214791297913
0.522179424762726,-0.0930762514472007,1.3123744726181,-0.0699996426701545,0.0372313968837261,0.754826843738556,-0.651114702224731
0.523186087608337,-0.0938347280025482,1.31229841709137,-0.068870835006237,0.0367089584469795,0.754037499427795,-0.652178585529327
0.524544477462769,-0.0944446623325347,1.31222069263458,-0.0677103623747825,0.0359016098082065,0.753523826599121,-0.6529381275177
0.52551680803299,-0.0951179414987564,1.31209099292755,-0.0671267881989479,0.0357806086540222,0.752711772918701,-0.653940856456757
0.526785016059875,-0.0953948050737381,1.31211137771606,-0.0660221651196479,0.0341922603547573,0.752770841121674,-0.654070377349854
0.527799129486084,-0.0962192937731742,1.31209194660187,-0.0651905760169029,0.0336755327880382,0.751634776592255,-0.655485689640045
0.5288245677948,-0.0968586653470993,1.31202363967896,-0.0645190551877021,0.0334487780928611,0.751223742961884,-0.656034588813782
0.529876708984375,-0.0971644520759582,1.31200802326202,-0.0632353127002716,0.0324340425431728,0.750612378120422,-0.656910002231598
0.531141042709351,-0.0977805629372596,1.31203174591064,-0.061979804188013,0.0312981158494949,0.749670803546906,-0.658158481121063
0.532078444957733,-0.0983074009418487,1.31198000907898,-0.0613299645483493,0.030954847112298,0.748794615268707,-0.659232318401337
0.533014416694641,-0.0991306453943252,1.31203925609589,-0.0611428692936897,0.0313063338398933,0.747517883777618,-0.66068035364151
0.534093797206879,-0.0995198115706443,1.31213116645813,-0.0596663281321525,0.0299169011414051,0.746559023857117,-0.661962687969208
0.534093797206879,-0.0995198115706443,1.31213116645813,-0.0596663281321525,0.0299169011414051,0.746559023857117,-0.661962687969208
0.536029398441315,-0.100834593176842,1.31223690509796,-0.0583335533738136,0.02949726767838,0.744720339775085,-0.664167761802673
0.53720623254776,-0.101267427206039,1.31244897842407,-0.0567018836736679,0.0295891817659139,0.742079317569733,-0.667253851890564
0.53795063495636,-0.101821526885033,1.31234002113342,-0.0568795911967754,0.0280671678483486,0.742852628231049,-0.666443586349487
0.538986086845398,-0.102393768727779,1.3128604888916,-0.0548244453966617,0.0243824888020753,0.74189817905426,-0.667822599411011
0.539987981319427,-0.102881744503975,1.3130304813385,-0.0537493824958801,0.0235768612474203,0.740395903587341,-0.669603645801544
0.541062474250793,-0.103044837713241,1.31327998638153,-0.0524528101086616,0.0231916978955268,0.738599359989166,-0.671700835227966
0.54184478521347,-0.10368374735117,1.31337416172028,-0.0522176027297973,0.0232492368668317,0.73706990480423,-0.673395037651062
0.542100250720978,-0.104948148131371,1.31372690200806,-0.0529167316854,0.0220303740352392,0.734443843364716,-0.676244616508484
0.542871177196503,-0.105127848684788,1.31359803676605,-0.0518821403384208,0.021442761644721,0.733186006546021,-0.677707016468048
0.543888509273529,-0.104827046394348,1.31394076347351,-0.0510608367621898,0.0204591341316699,0.732315003871918,-0.678740859031677
0.544643521308899,-0.10551281273365,1.31396865844727,-0.0511607564985752,0.0191683992743492,0.731359422206879,-0.67980033159256
0.54568076133728,-0.105785697698593,1.31413292884827,-0.0499298311769962,0.018997699022293,0.729567587375641,-0.681819140911102
0.546519815921783,-0.106212042272091,1.31419444084167,-0.0493045933544635,0.0182530246675014,0.728539526462555,-0.68298327922821
0.547402441501617,-0.106581151485443,1.31430613994598,-0.0489558279514312,0.0175378713756799,0.726973295211792,-0.684693932533264
0.548152148723602,-0.106908299028873,1.31435132026672,-0.0483740270137786,0.0166994035243988,0.725578784942627,-0.686233639717102
0.548930883407593,-0.107341960072517,1.31434500217438,-0.0481333173811435,0.0156108830124139,0.724561154842377,-0.687350571155548
0.549775540828705,-0.107796840369701,1.31452143192291,-0.0474585331976413,0.0148547235876321,0.722844421863556,-0.689219236373901
0.550586581230164,-0.108030080795288,1.31448245048523,-0.0470375269651412,0.0141308372840285,0.721404612064362,-0.690769970417023
0.551333367824554,-0.108404740691185,1.31450271606445,-0.0467264093458652,0.0132704563438892,0.719997882843018,-0.692274212837219
0.552033305168152,-0.108537077903748,1.31466662883759,-0.0462428331375122,0.0129782808944582,0.718610405921936,-0.693752408027649
0.552842140197754,-0.108990207314491,1.3148238658905,-0.0459056347608566,0.0118027934804558,0.717251002788544,-0.69520103931427
0.553429305553436,-0.109012261033058,1.31476533412933,-0.0457814708352088,0.0112063400447368,0.715780138969421,-0.696733295917511
0.554385304450989,-0.108949683606625,1.31484878063202,-0.0449203960597515,0.0101701505482196,0.714707016944885,-0.697905778884888
0.554803013801575,-0.109484724700451,1.31496429443359,-0.0452339611947536,0.009658838622272,0.71254163980484,-0.700103640556335
0.555544257164001,-0.109681114554405,1.31503582000732,-0.0446881353855133,0.0088158613070845,0.711121022701263,-0.701592624187469
0.556074917316437,-0.109956115484238,1.3150407075882,-0.0443444997072219,0.0081801647320389,0.709356009960175,-0.703406572341919
0.55703330039978,-0.10973709821701,1.31505799293518,-0.0438426509499549,0.0064894719980657,0.708250045776367,-0.704569220542908
0.557542443275452,-0.109953701496124,1.31516647338867,-0.0434816591441631,0.0062062782235443,0.706472873687744,-0.706375956535339
0.558116376399994,-0.110269740223884,1.31517851352692,-0.0433180965483188,0.0053823920898139,0.704758584499359,-0.708103120326996
0.55805891752243,-0.111349284648895,1.31498599052429,-0.0442053191363811,0.0061365463770926,0.70141464471817,-0.711354911327362
0.558802425861359,-0.111160650849342,1.3149778842926,-0.0436274074018001,0.004988879431039,0.700329780578613,-0.712467610836029
0.559453964233398,-0.111135348677635,1.3148992061615,-0.0435040779411792,0.0052858288399875,0.698951721191406,-0.713824927806854
0.559585809707642,-0.111783996224403,1.31487202644348,-0.043738666921854,0.0051277414895594,0.696337044239044,-0.716362655162811
0.560122430324554,-0.112260654568672,1.31493031978607,-0.0441794656217098,0.0044958512298762,0.694645583629608,-0.717980206012726
0.560275554656982,-0.11268313229084,1.31483471393585,-0.0450241900980472,0.0036099657882004,0.693163990974426,-0.719363212585449
0.560275554656982,-0.11268313229084,1.31483471393585,-0.0450241900980472,0.0036099657882004,0.693163990974426,-0.719363212585449
0.560914397239685,-0.113188773393631,1.31483149528503,-0.0455106571316719,0.0031088357791304,0.688886642456055,-0.723432302474976
0.561218738555908,-0.113599613308906,1.31479060649872,-0.045837178826332,0.0027349868323653,0.687240242958069,-0.724977672100067
0.561761796474457,-0.113427273929119,1.31466042995453,-0.0457509234547615,0.0014900736277922,0.686278522014618,-0.725896954536438
0.561752676963806,-0.114177703857422,1.31464338302612,-0.0467419289052486,0.0014467621222138,0.683993995189667,-0.727987170219421
0.561943292617798,-0.114573448896408,1.31449413299561,-0.0478106513619422,0.0007936205947771,0.682298302650452,-0.729508519172668
0.562150061130524,-0.114817559719086,1.31452918052673,-0.0481260530650615,0.0004771802632603,0.680814981460571,-0.730872571468353
0.562445044517517,-0.11510993540287,1.31442379951477,-0.0486122407019138,-6.5869367972482e-05,0.6797194480896,-0.731859445571899
0.562569797039032,-0.115531340241432,1.31431758403778,-0.0493304617702961,-0.0005554350209422,0.677985310554504,-0.733418107032776
0.562659442424774,-0.11595644056797,1.31423830986023,-0.0500359386205673,-0.0016256354283541,0.676570057868958,-0.734674692153931
0.562910437583923,-0.116356827318668,1.31416487693787,-0.0505043938755989,-0.0023923451080918,0.675556540489197,-0.735572516918182
0.563038408756256,-0.11665228754282,1.31403744220734,-0.0512157417833805,-0.0027005977462977,0.674339175224304,-0.736638605594635
0.563081562519073,-0.116957515478134,1.31407225131989,-0.0515698231756687,-0.0028301619458943,0.673337578773499,-0.737529098987579
0.563262701034546,-0.117411829531193,1.31402194499969,-0.0516082718968391,-0.0036938646808266,0.672633826732635,-0.738164484500885
0.563529908657074,-0.117274805903435,1.31388735771179,-0.0519369840621948,-0.0043328744359314,0.671717345714569,-0.738972246646881
0.563605129718781,-0.117604076862335,1.31385612487793,-0.0523948855698108,-0.0047238492406904,0.670920550823212,-0.739660859107971
0.56356281042099,-0.118042692542076,1.31383883953094,-0.0530320070683956,-0.004846510477364,0.669913291931152,-0.740527153015137
0.563651978969574,-0.118335865437984,1.31384372711182,-0.0534133501350879,-0.0053104078397154,0.669337213039398,-0.74101734161377
0.563660204410553,-0.118799284100533,1.3138587474823,-0.0537041872739791,-0.0058516431599855,0.668199419975281,-0.742018401622772
0.563618063926697,-0.119786217808723,1.31376671791077,-0.0549964681267738,-0.0067319869995117,0.666301190853119,-0.743621528148651
0.563545346260071,-0.120078310370445,1.31383502483368,-0.0549050793051719,-0.0063782637007534,0.666421473026276,-0.743523597717285
0.563583791255951,-0.12053644657135,1.31389796733856,-0.0548538863658905,-0.00711165741086,0.666037738323212,-0.7438645362854
0.563614130020142,-0.120808832347393,1.31391394138336,-0.0550119429826736,-0.0075051812455058,0.665727317333221,-0.744126796722412
0.56365042924881,-0.121123254299164,1.3139181137085,-0.0554336979985237,-0.0074865324422717,0.665288686752319,-0.744487822055817
0.563743472099304,-0.12134812772274,1.31393873691559,-0.055491991341114,-0.0081238187849521,0.665144324302673,-0.744605720043182
0.563756823539734,-0.12187110632658,1.31384515762329,-0.0557126514613628,-0.0079967305064201,0.664716899394989,-0.744972288608551
0.563783645629883,-0.122164383530617,1.31386864185333,-0.0558540150523185,-0.0084482440724968,0.664364516735077,-0.745271027088165
0.563826322555542,-0.122596211731434,1.31388747692108,-0.0561080649495124,-0.0098401522263884,0.664737403392792,-0.744902312755585
0.563751518726349,-0.122743144631386,1.31400835514069,-0.056307528167963,-0.0104392394423484,0.664162814617157,-0.745391309261322
0.563941776752472,-0.123042225837708,1.31402921676636,-0.0559140741825103,-0.0101593118160963,0.663274884223938,-0.746215105056763
0.563952386379242,-0.123243272304535,1.31403529644012,-0.0562285929918289,-0.0102188736200332,0.662949562072754,-0.746479630470276
0.56376588344574,-0.123513720929623,1.31417441368103,-0.0567117817699909,-0.0116432914510369,0.662220597267151,-0.74706894159317
0.564012169837952,-0.123796045780182,1.31412351131439,-0.0565161854028701,-0.0124939596280455,0.66159451007843,-0.747624635696411
0.563814759254456,-0.124088808894157,1.31428837776184,-0.0566824600100517,-0.0120214018970727,0.661704242229462,-0.7475226521492
0.564097881317139,-0.123950868844986,1.31429600715637,-0.0563484542071819,-0.0125769106671214,0.662027597427368,-0.747252583503723
0.564124226570129,-0.124001279473305,1.31389474868774,-0.0545102581381797,-0.0128712160512804,0.661865472793579,-0.747527360916138
0.564351797103882,-0.124436102807522,1.31415855884552,-0.0559638924896717,-0.0131219187751412,0.662067770957947,-0.747236490249634
0.564094841480255,-0.125215366482735,1.31420159339905,-0.0567655526101589,-0.0128341065719723,0.661032319068909,-0.748097002506256
0.564139008522034,-0.125438913702965,1.31419408321381,-0.0568845495581626,-0.0131254456937313,0.660636067390442,-0.74843293428421
0.564169406890869,-0.125661551952362,1.31413912773132,-0.0572319030761718,-0.0136917373165488,0.660219371318817,-0.748764038085938
0.564195692539215,-0.125864014029503,1.31415128707886,-0.0573689341545105,-0.013904009014368,0.659978091716766,-0.748962223529816
0.564195692539215,-0.125864014029503,1.31415128707886,-0.0573689341545105,-0.013904009014368,0.659978091716766,-0.748962223529816
0.564233362674713,-0.126211196184158,1.31420576572418,-0.0576125420629978,-0.0142367901280522,0.659543037414551,-0.749320387840271
0.564270973205566,-0.126372918486595,1.31421840190887,-0.057601511478424,-0.0143670346587896,0.659440577030182,-0.749408900737762
0.564313530921936,-0.126477256417274,1.31423485279083,-0.0575466118752956,-0.0145152360200881,0.659348607063293,-0.749491393566132
0.564321994781494,-0.126606374979019,1.31426560878754,-0.0575411617755889,-0.0145615562796592,0.659120142459869,-0.749691724777222
0.564386963844299,-0.126729026436806,1.3142899274826,-0.0575525760650634,-0.0147498324513435,0.659157693386078,-0.749654114246368
0.564400434494019,-0.126876175403595,1.3142899274826,-0.0575534254312515,-0.0146467424929142,0.658973574638367,-0.749817967414856
0.564305245876312,-0.12686987221241,1.31438207626343,-0.0576973780989646,-0.0148654850199818,0.658666133880615,-0.750072658061981
0.564450800418854,-0.126888871192932,1.31434071063995,-0.0578335486352443,-0.0152735617011785,0.658090353012085,-0.750559329986572
0.564470827579498,-0.126965492963791,1.31435215473175,-0.0578826032578945,-0.0152944466099143,0.658069431781769,-0.750573396682739
0.564501523971558,-0.127026289701462,1.31432700157166,-0.0578544549643993,-0.0153307057917118,0.658050119876862,-0.750591814517975
0.564506113529205,-0.12707807123661,1.31433951854706,-0.0579315349459648,-0.0153595814481377,0.658021450042725,-0.7506103515625
0.56450617313385,-0.127129286527634,1.31434261798859,-0.0580232627689838,-0.0154024073854088,0.657979607582092,-0.750638961791992
0.564569234848022,-0.127061277627945,1.31432509422302,-0.0581962503492832,-0.0152744948863983,0.658102095127106,-0.750520825386047
0.564544796943665,-0.1271031498909,1.31432378292084,-0.0583247765898704,-0.0153591847047209,0.658085584640503,-0.750523567199707
0.564517855644226,-0.127174466848373,1.31430912017822,-0.058108028024435,-0.0156661234796047,0.65799081325531,-0.750617146492004
0.564622223377228,-0.127189293503761,1.31428146362305,-0.0583355911076068,-0.0154856862500309,0.658179998397827,-0.750437438488007
0.564685761928558,-0.1272913813591,1.31419277191162,-0.058342482894659,-0.0152975041419267,0.658261179924011,-0.750369489192963
0.564445495605469,-0.127202212810516,1.3142786026001,-0.0586774460971355,-0.0154323354363441,0.657768785953522,-0.75077223777771
0.564391732215881,-0.126835152506828,1.31416082382202,-0.0577823370695114,-0.0160379279404878,0.657846212387085,-0.750761210918427
0.564397096633911,-0.126791089773178,1.31414771080017,-0.0578277818858623,-0.0161095168441534,0.657839834690094,-0.750761747360229
0.56425541639328,-0.126838833093643,1.31410694122314,-0.0580547042191028,-0.0160361099988222,0.657546997070312,-0.751002371311188
0.564132273197174,-0.127125114202499,1.31419861316681,-0.0588699281215667,-0.0151987513527274,0.657835006713867,-0.750703930854797
0.564032793045044,-0.12717404961586,1.31412529945374,-0.0590451583266258,-0.0150110712274909,0.65766453742981,-0.750843346118927
0.564032793045044,-0.12717404961586,1.31412529945374,-0.0590451583266258,-0.0150110712274909,0.65766453742981,-0.750843346118927
0.56385725736618,-0.127111047506332,1.31408512592316,-0.0591421276330947,-0.0146205555647611,0.657773077487946,-0.7507483959198
0.563801407814026,-0.127113819122314,1.31401872634888,-0.0592474117875099,-0.0145639032125473,0.657855689525604,-0.75066876411438
0.563617289066315,-0.12704211473465,1.31396460533142,-0.0595369897782802,-0.0144370207563042,0.657707750797272,-0.750777900218964
0.56350439786911,-0.127021446824074,1.31391322612762,-0.0597077496349811,-0.014392590150237,0.657727360725403,-0.750748038291931
0.563319385051727,-0.127119809389114,1.31382393836975,-0.0599634461104869,-0.0140865063294768,0.657615840435028,-0.750831127166748
0.56322056055069,-0.127100571990013,1.31375253200531,-0.0600626021623611,-0.0140069164335727,0.657831430435181,-0.750635802745819
0.563346385955811,-0.126544862985611,1.31360840797424,-0.059472981840372,-0.014227982610464,0.658777892589569,-0.749848127365112
0.563219249248505,-0.126512944698334,1.3135381937027,-0.0596482455730438,-0.0141992531716823,0.659051060676575,-0.749594748020172
0.562731146812439,-0.12696261703968,1.31355929374695,-0.0603698939085006,-0.014083762653172,0.658483743667603,-0.750037491321564
0.562556087970734,-0.126936972141266,1.31347143650055,-0.0605525113642215,-0.0139675056561827,0.659037888050079,-0.749538064002991
0.562465250492096,-0.126855880022049,1.31339538097382,-0.0606252737343311,-0.0138589637354016,0.659610033035278,-0.749030888080597
0.562294840812683,-0.126778900623322,1.3133739233017,-0.0609075352549552,-0.0137957083061337,0.659991860389709,-0.748672604560852
0.562152624130249,-0.126728639006615,1.31327974796295,-0.0610592849552631,-0.0136470990255475,0.660594165325165,-0.74813175201416
0.562021374702454,-0.126568555831909,1.31326103210449,-0.0612411089241504,-0.0135509883984923,0.661250174045563,-0.747538685798645
0.561831653118134,-0.12666192650795,1.31313157081604,-0.0620654635131359,-0.0139165502041578,0.661077976226807,-0.747616410255432
0.56166660785675,-0.126487106084824,1.313143491745,-0.0613798350095748,-0.0129864979535341,0.662689924240112,-0.746261417865753
0.561355769634247,-0.126452624797821,1.3130955696106,-0.061868704855442,-0.0123423198238015,0.663081169128418,-0.745884299278259
0.561213552951813,-0.126432731747627,1.31304264068604,-0.0619194433093071,-0.0122063215821981,0.664136648178101,-0.744942605495453
0.561027646064758,-0.126264035701752,1.31294453144073,-0.0621470995247364,-0.0115572838112711,0.664846003055573,-0.744301021099091
0.560781419277191,-0.126120716333389,1.31291460990906,-0.0624726377427578,-0.0112264892086386,0.665389716625214,-0.743792831897736
0.560606479644775,-0.126076325774193,1.31275641918182,-0.062842957675457,-0.0112065328285098,0.666097819805145,-0.743127822875977
0.560312569141388,-0.126018598675728,1.31264996528625,-0.0629964247345924,-0.0106302862986922,0.666797757148743,-0.742495357990265
0.560312569141388,-0.126018598675728,1.31264996528625,-0.0629964247345924,-0.0106302862986922,0.666797757148743,-0.742495357990265
0.559843122959137,-0.125638470053673,1.31266760826111,-0.0631753951311111,-0.0096112731844186,0.668686747550964,-0.740793287754059
0.559767365455627,-0.124979205429554,1.31251311302185,-0.0626053139567375,-0.0095630222931504,0.670274257659912,-0.739406287670135
0.55916166305542,-0.125444710254669,1.312539935112,-0.0635305568575859,-0.0088427010923624,0.670024037361145,-0.73956310749054
0.559083640575409,-0.125225856900215,1.31227946281433,-0.0635329037904739,-0.0076236892491579,0.671153008937836,-0.738552033901215
0.55864292383194,-0.124779544770718,1.31231272220612,-0.0637223869562149,-0.0074208285659551,0.672013163566589,-0.737755298614502
0.558390498161316,-0.124614104628563,1.31213557720184,-0.0634940788149833,-0.0065621333196759,0.673201441764832,-0.736698925495148
0.558200478553772,-0.12426021695137,1.31210601329803,-0.0634621456265449,-0.0063630980439484,0.674606204032898,-0.735417366027832
0.557722985744476,-0.124063327908516,1.31205093860626,-0.0638042762875557,-0.0057205609045922,0.675169169902802,-0.734876275062561
0.55717134475708,-0.123758494853973,1.31219244003296,-0.0641091912984848,-0.0055438359268009,0.675983607769012,-0.734101831912994
0.556876957416534,-0.123399585485458,1.3121645450592,-0.0640256851911544,-0.004991025198251,0.677403628826141,-0.732802867889404
0.556371748447418,-0.121749095618725,1.30995655059814,-0.0480437241494655,-0.0113130789250135,0.679534792900085,-0.731981158256531
0.556371748447418,-0.121749095618725,1.30995655059814,-0.0480437241494655,-0.0113130789250135,0.679534792900085,-0.731981158256531
0.555689930915833,-0.12225192040205,1.31202983856201,-0.0641511306166648,-0.0033337192144244,0.681281447410583,-0.729197561740875
0.555505633354187,-0.121927440166473,1.31190145015717,-0.0638670697808265,-0.0027329381555318,0.682806968688965,-0.727796852588654
0.554945170879364,-0.121466435492039,1.31199133396149,-0.0641729161143302,-0.0024223504588007,0.683992207050323,-0.726657152175903
0.554579675197601,-0.121029928326607,1.31214118003845,-0.0642502754926681,-0.0022760853171348,0.685526847839355,-0.725203037261963
0.55420982837677,-0.120213501155376,1.31193280220032,-0.0639808848500251,-0.0014669959200546,0.68724125623703,-0.723604738712311
0.553763449192047,-0.119708992540836,1.31186008453369,-0.0642488002777099,-0.000751705316361,0.688681423664093,-0.722211539745331
0.553345203399658,-0.119201868772507,1.31169557571411,-0.064677707850933,0.0004315346886869,0.69055050611496,-0.720386445522308
0.552664041519165,-0.118830434978008,1.31155717372894,-0.0658232346177101,0.0014137920225039,0.691690385341644,-0.719186961650848
0.552011609077454,-0.118417978286743,1.31155049800873,-0.0660145282745361,0.0021426163148134,0.692683637142181,-0.718210875988007
0.551253080368042,-0.117707937955856,1.31151533126831,-0.0662516579031944,0.0032404051162302,0.694373250007629,-0.716551601886749
0.550687730312347,-0.11703185737133,1.31147360801697,-0.06684360653162,0.0038765359204262,0.69612979888916,-0.714786887168884
0.549836218357086,-0.116305217146873,1.31143844127655,-0.0674841850996017,0.0041616903617978,0.69760936498642,-0.713280975818634
0.549231052398682,-0.116342268884182,1.31168973445892,-0.0685069039463996,0.004365119151771,0.699503600597382,-0.711324572563171
0.548274219036102,-0.11557525396347,1.31153929233551,-0.0690506398677825,0.0053415237925946,0.700733006000519,-0.710053980350494
0.548147201538086,-0.114388644695282,1.3116774559021,-0.0685819834470748,0.0042594028636813,0.704268753528595,-0.706600308418274
0.547426044940948,-0.113634124398232,1.31167411804199,-0.0691695436835289,0.004591554403305,0.706499457359314,-0.704310357570648
0.546655237674713,-0.112891800701618,1.31142926216125,-0.0696581602096557,0.0051026623696088,0.708337128162384,-0.702410399913788
0.545880973339081,-0.112000599503517,1.31141948699951,-0.0695464462041854,0.0062012742273509,0.710590660572052,-0.700132846832275
0.545067667961121,-0.111273512244225,1.31119918823242,-0.0701166987419128,0.0064814793877303,0.713706433773041,-0.696896493434906
0.544362962245941,-0.110268220305443,1.31122541427612,-0.0698703303933143,0.0079414518550038,0.715144455432892,-0.695430517196655
0.543666541576385,-0.109387829899788,1.31127607822418,-0.0699203535914421,0.0083989202976226,0.717654764652252,-0.692829251289368
0.542850434780121,-0.108405932784081,1.31109189987183,-0.0698074772953987,0.0095817139372229,0.720095574855804,-0.690288007259369
0.541925489902496,-0.107870668172836,1.3110328912735,-0.0700063481926918,0.0113770887255668,0.722375988960266,-0.687853515148163
0.541484296321869,-0.106389731168747,1.31116104125977,-0.0696637853980064,0.0111104249954223,0.725405097007751,-0.684697806835175
0.541484296321869,-0.106389731168747,1.31116104125977,-0.0696637853980064,0.0111104249954223,0.725405097007751,-0.684697806835175
0.539411246776581,-0.105056092143059,1.31089186668396,-0.0703475475311279,0.0143016437068581,0.730586469173431,-0.679036140441895
0.538959264755249,-0.104204446077347,1.31110751628876,-0.0694311559200286,0.0153671447187662,0.733023583889008,-0.676475822925568
0.538639903068542,-0.102960854768753,1.31102752685547,-0.0690745040774345,0.0167478416115045,0.736671686172485,-0.672505140304565
0.537800848484039,-0.101957440376282,1.31114101409912,-0.0689077898859977,0.0176952462643384,0.739231884479523,-0.669682800769806
0.537047803401947,-0.100977391004562,1.31125330924988,-0.069054014980793,0.0188050400465726,0.741962134838104,-0.666611075401306
0.536298990249634,-0.0995925664901733,1.31120848655701,-0.0690896362066268,0.0187086630612611,0.745934665203094,-0.662161827087402
0.535428285598755,-0.0986335724592208,1.31135559082031,-0.0691920146346092,0.0200780034065246,0.748390793800354,-0.659333467483521
0.534552276134491,-0.0974983870983123,1.3113020658493,-0.0675887167453765,0.019488388672471,0.750925362110138,-0.656630337238312
0.5336953997612,-0.0962830707430839,1.31126379966736,-0.0676963105797767,0.0207969546318054,0.753478646278381,-0.653647184371948
0.532971143722534,-0.0951611250638961,1.31133842468262,-0.0668419152498245,0.0224349852651357,0.755428194999695,-0.651426911354065
0.532075643539429,-0.0942649990320205,1.31120657920837,-0.0674687698483467,0.0235142167657613,0.758221864700317,-0.648069977760315
0.531310737133026,-0.09307312220335,1.3112713098526,-0.0678474754095077,0.024770064279437,0.760414659976959,-0.645408868789673
0.530522704124451,-0.0917880833148956,1.31156444549561,-0.0680882781744003,0.0263478010892868,0.762129306793213,-0.643295228481293
0.53004777431488,-0.0901881605386734,1.3113853931427,-0.0692488104104995,0.0294287018477916,0.764671742916107,-0.640012323856354
0.529180467128754,-0.0889964550733566,1.31123518943787,-0.0685976445674896,0.0304742008447647,0.766573309898376,-0.637754678726196
0.528477966785431,-0.0877041444182396,1.31110548973083,-0.0690439045429229,0.0314446240663528,0.768650531768799,-0.635154068470001
0.527757227420807,-0.0864599347114563,1.3112381696701,-0.0688637346029281,0.0327933691442012,0.770862698554993,-0.632418394088745
0.527054190635681,-0.0850268602371215,1.31134653091431,-0.069633699953556,0.0333684906363487,0.772504925727844,-0.63029670715332
0.526436567306519,-0.0835190117359161,1.3116682767868,-0.0704002156853675,0.0335132703185081,0.775199174880981,-0.626886665821075
0.526436567306519,-0.0835190117359161,1.3116682767868,-0.0704002156853675,0.0335132703185081,0.775199174880981,-0.626886665821075
0.524910867214203,-0.0812025815248489,1.31169676780701,-0.0709559172391891,0.036176610738039,0.778683722019196,-0.622340977191925
0.524294257164001,-0.0793719291687011,1.31126749515533,-0.0698115974664688,0.0382933765649795,0.780148386955261,-0.620506703853607
0.523589432239532,-0.0781046077609062,1.31177067756653,-0.070928618311882,0.0383795611560344,0.781929731369019,-0.618127882480621
0.522948324680328,-0.076686605811119,1.3117927312851,-0.0709976479411125,0.0399222671985626,0.78336375951767,-0.616203486919403
0.522100031375885,-0.0752496495842933,1.31191897392273,-0.0722413510084152,0.0417970418930053,0.784714937210083,-0.614212393760681
0.521417260169983,-0.0737944841384887,1.31185841560364,-0.0717209428548812,0.0433726012706756,0.786096334457397,-0.612395048141479
0.520873963832855,-0.0723569393157959,1.31195640563965,-0.0735707804560661,0.0466654114425182,0.78756308555603,-0.610044419765472
0.520252704620361,-0.07094706594944,1.31196010112762,-0.0736284852027893,0.0482218340039253,0.789208829402924,-0.607785284519196
0.519613444805145,-0.0694546699523925,1.31197011470795,-0.0734904706478118,0.0495515391230583,0.790270447731018,-0.60631388425827
0.518895506858826,-0.0678888484835624,1.31197047233582,-0.0737031027674675,0.0513442754745483,0.791547060012817,-0.604470789432526
0.518384993076324,-0.0660120546817779,1.31237816810608,-0.0746382772922515,0.0523442439734935,0.79263699054718,-0.602839887142181
0.518384993076324,-0.0660120546817779,1.31237816810608,-0.0746382772922515,0.0523442439734935,0.79263699054718,-0.602839887142181
0.51696515083313,-0.0629814863204956,1.31232595443726,-0.0742274969816207,0.0558288283646106,0.795010626316071,-0.599442660808563
0.516295909881592,-0.0611349083483219,1.31227552890778,-0.0739807561039924,0.0573055744171142,0.796335458755493,-0.597572326660156
0.515719413757324,-0.0595885813236236,1.31238746643066,-0.0739079564809799,0.0580042153596878,0.797687351703644,-0.595708131790161
0.514901101589203,-0.0580662637948989,1.31253576278687,-0.0741166472434997,0.0598939843475818,0.79861456155777,-0.594250917434692
0.514262795448303,-0.056417167186737,1.31260311603546,-0.074287436902523,0.061673168092966,0.799544870853424,-0.592794954776764
0.513516426086426,-0.054736278951168,1.31258964538574,-0.0741971284151077,0.0637013539671897,0.80014830827713,-0.591776609420776
0.512849807739258,-0.0530490837991237,1.31273186206818,-0.074795015156269,0.0659023150801658,0.80113697052002,-0.590120613574982
0.512256920337677,-0.051308985799551,1.3127429485321,-0.0751093402504921,0.0680923610925674,0.80181473493576,-0.588910043239594
0.511458873748779,-0.049682080745697,1.31286132335663,-0.0753627493977546,0.0692254677414894,0.802670180797577,-0.587578773498535
0.510979175567627,-0.0481140613555908,1.31295073032379,-0.075784221291542,0.0713827088475227,0.803577184677124,-0.586024820804596
0.510391175746918,-0.0463069081306457,1.31295454502106,-0.0759695693850517,0.0735747441649437,0.804330289363861,-0.584694921970367
0.510391175746918,-0.0463069081306457,1.31295454502106,-0.0759695693850517,0.0735747441649437,0.804330289363861,-0.584694921970367
0.509137153625488,-0.0430663451552391,1.31312668323517,-0.0767452269792556,0.0771940872073173,0.80537474155426,-0.582685828208923
0.508478164672852,-0.0413432195782661,1.31314015388489,-0.0767542868852615,0.0795114338397979,0.805862188339233,-0.581698417663574
0.507950901985168,-0.0396261736750602,1.31318509578705,-0.0771433785557746,0.08158740401268,0.80618280172348,-0.580914735794067
0.506779909133911,-0.0382537208497524,1.31360220909119,-0.0760601088404655,0.0798679217696189,0.806405365467072,-0.580987334251404
0.506374537944794,-0.0362016297876834,1.31331014633179,-0.0766991004347801,0.0840467289090156,0.806187510490417,-0.580616354942322
0.505999445915222,-0.0343613624572753,1.31341052055359,-0.0782651528716087,0.0878327041864395,0.806468725204468,-0.579455137252808
0.505096018314362,-0.0325931161642074,1.31352639198303,-0.077670894563198,0.0878806859254837,0.806083977222443,-0.580062925815582
0.505096018314362,-0.0325931161642074,1.31352639198303,-0.077670894563198,0.0878806859254837,0.806083977222443,-0.580062925815582
0.504032075405121,-0.0291598998010158,1.31345748901367,-0.0790188983082771,0.0939788296818733,0.805654466152191,-0.579521298408508
0.50346052646637,-0.0274582654237747,1.31350648403168,-0.079235166311264,0.0959847420454025,0.805382549762726,-0.579540908336639
0.502851605415344,-0.0259356908500194,1.31371676921844,-0.0792513862252235,0.0970727503299713,0.804946959018707,-0.579962432384491
0.502269208431244,-0.0242002829909324,1.31442129611969,-0.0810671672224998,0.0976585820317268,0.804318189620972,-0.580485224723816
0.50151914358139,-0.0225643254816532,1.31426596641541,-0.0806433036923408,0.0990798026323318,0.803870677947998,-0.58092325925827
0.500934779644012,-0.0208531413227319,1.31435215473175,-0.0808270350098609,0.100908137857914,0.803261399269104,-0.581425607204437
0.500409007072449,-0.0191245395690202,1.31436371803284,-0.0813214853405952,0.103328190743923,0.802197456359863,-0.582399666309357
0.499875098466873,-0.0173973776400089,1.31430351734161,-0.081625148653984,0.105126559734344,0.801627635955811,-0.582819759845734
0.499300330877304,-0.015868604183197,1.31439256668091,-0.0820737555623054,0.107004538178444,0.800707936286926,-0.583678603172302
0.498878479003906,-0.0144191375002264,1.31439101696014,-0.082646794617176,0.108772344887257,0.799832582473755,-0.584470689296722
0.498327851295471,-0.0128153571859002,1.31441986560822,-0.0825581327080726,0.110484950244427,0.798848211765289,-0.585507154464722
0.497769594192505,-0.0111469719558954,1.31442892551422,-0.0829785019159317,0.112107843160629,0.797722697257996,-0.586672723293304
0.497484594583511,-0.009576303884387,1.31447207927704,-0.0834821984171867,0.113595068454742,0.796978056430817,-0.587326765060425
0.496972739696503,-0.0081820022314786,1.31448376178741,-0.0839817523956298,0.114902883768082,0.795967996120453,-0.588370084762573
0.496472507715225,-0.00682033598423,1.31378757953644,-0.0831122323870658,0.117577068507671,0.794678568840027,-0.589706659317017
0.495871007442474,-0.0057724975049495,1.31390261650085,-0.0825066789984703,0.117241725325584,0.793951570987701,-0.590836822986603
0.495640575885773,-0.0039787031710147,1.31356680393219,-0.0837126746773719,0.121161743998527,0.792138040065765,-0.592308580875397
0.495113283395767,-0.002582062035799,1.31444537639618,-0.0864360406994819,0.12075600028038,0.791068315505981,-0.593428730964661
0.494606226682663,-0.0013260189443826,1.31437039375305,-0.0869389474391937,0.122315354645252,0.789725422859192,-0.594822883605957
0.494240939617157,-7.55321234464645e-05,1.31435227394104,-0.0876511484384536,0.123545199632645,0.788493514060974,-0.59609717130661
0.493793219327927,0.0009827893227338,1.31420278549194,-0.088713452219963,0.126295670866966,0.787075698375702,-0.597236216068268
0.493307054042816,0.0022792983800172,1.31357431411743,-0.0881962701678276,0.128099888563156,0.785213351249695,-0.599376142024994
0.493104040622711,0.0036135371774435,1.31365323066711,-0.089191123843193,0.128826931118965,0.784460544586182,-0.600058436393738
0.492425680160522,0.0047313049435615,1.31353485584259,-0.0901609361171722,0.129811942577362,0.782743871212006,-0.601940035820007
0.492273807525635,0.0055063795298337,1.31359195709229,-0.0908901691436767,0.130461052060127,0.782166719436646,-0.602440178394318
0.491687804460526,0.006421398371458,1.31355011463165,-0.0916522517800331,0.130821451544762,0.78078293800354,-0.604039371013641
0.491031467914581,0.0074874591082334,1.3133692741394,-0.0918227434158325,0.130820140242577,0.779116213321686,-0.606162190437317
0.491031467914581,0.0074874591082334,1.3133692741394,-0.0918227434158325,0.130820140242577,0.779116213321686,-0.606162190437317
0.49025884270668,0.0082284118980169,1.31346142292023,-0.0934508368372917,0.130776420235634,0.777195692062378,-0.608384191989899
0.489989906549454,0.0092709120362997,1.31304919719696,-0.0950169190764427,0.133329451084137,0.775562047958374,-0.609670877456665
0.489291608333588,0.0095407888293266,1.31317794322968,-0.0949733927845954,0.131178975105286,0.774723649024963,-0.611208081245422
0.489291608333588,0.0095407888293266,1.31317794322968,-0.0949733927845954,0.131178975105286,0.774723649024963,-0.611208081245422
0.488733112812042,0.0108154769986867,1.31266796588898,-0.0985015779733657,0.134694159030914,0.771770000457764,-0.613617300987244
0.487944841384888,0.0112143959850072,1.31242537498474,-0.100444450974464,0.136284112930298,0.769372165203094,-0.615957736968994
0.487624377012253,0.0115829836577177,1.31196939945221,-0.101063787937164,0.136857971549034,0.76796567440033,-0.617482542991638
0.487222224473953,0.011914137750864,1.31179201602936,-0.102060422301292,0.136780992150307,0.76642370223999,-0.619249045848846
0.487010538578033,0.0121673513203859,1.31177508831024,-0.102915920317173,0.135978952050209,0.765442371368408,-0.620496511459351
0.486582487821579,0.0126878526061773,1.3114937543869,-0.103708229959011,0.136172890663147,0.763772189617157,-0.622377276420593
0.485984891653061,0.0128171816468238,1.31118226051331,-0.105608627200127,0.137183427810669,0.761857330799103,-0.624180257320404
0.485524296760559,0.0130497030913829,1.3111298084259,-0.107278592884541,0.137111857533455,0.760100901126862,-0.626049816608429
0.485138595104217,0.0132539384067058,1.3109804391861,-0.108709938824177,0.136704221367836,0.758451461791992,-0.627889811992645
0.484701037406921,0.0137093905359506,1.3106324672699,-0.109601497650146,0.136577770113945,0.756668925285339,-0.629909753799438
0.484222322702408,0.0129781700670719,1.31097888946533,-0.107304193079472,0.130258589982986,0.756855070590973,-0.631418287754059
0.479171872138977,0.0159532725811004,1.30731797218323,-0.123430468142033,0.158996179699898,0.737881660461426,-0.644217371940613
0.478815674781799,0.016308395192027,1.3071391582489,-0.124290443956852,0.158432066440582,0.736455082893372,-0.645821273326874
0.478292435407638,0.0160950124263763,1.30664134025574,-0.12542787194252,0.159760057926178,0.734541475772858,-0.647451460361481
0.477821797132492,0.016207005828619,1.30666303634644,-0.127031207084656,0.159336969256401,0.733006536960602,-0.648981034755707
0.477566242218018,0.0161441266536712,1.30635261535645,-0.127786502242088,0.159472838044167,0.731791496276855,-0.650169372558594
0.477157413959503,0.0167030580341815,1.30628275871277,-0.129194676876068,0.158576220273972,0.730320811271667,-0.651762187480927
0.47666671872139,0.0164581835269927,1.30580902099609,-0.130206316709518,0.159540802240372,0.728661715984344,-0.65318089723587
0.476296126842499,0.01680588722229,1.30589163303375,-0.131596460938454,0.158423870801926,0.727619647979736,-0.654334723949432
0.476296126842499,0.01680588722229,1.30589163303375,-0.131596460938454,0.158423870801926,0.727619647979736,-0.654334723949432
0.480703383684158,0.014829833060503,1.30843353271484,-0.121679820120335,0.135870456695557,0.741947174072266,-0.645172715187073
0.480271130800247,0.0149441808462142,1.30819451808929,-0.122910834848881,0.136086344718933,0.740816295146942,-0.64619243144989
0.479948729276657,0.0150628164410591,1.30790936946869,-0.123651534318924,0.136352106928825,0.739792466163635,-0.647167384624481
0.479444950819016,0.0154706500470638,1.30805838108063,-0.125532910227775,0.135394096374512,0.738475859165192,-0.648508608341217
0.479090213775635,0.0153888948261737,1.30750799179077,-0.126060172915459,0.136507302522659,0.737204730510712,-0.649618268013
0.478823781013489,0.0156826078891754,1.30740594863892,-0.126816630363464,0.135875687003136,0.736635446548462,-0.650248944759369
0.478659749031067,0.0156194493174552,1.30718398094177,-0.127720877528191,0.136461839079857,0.735865294933319,-0.650820910930634
0.478156268596649,0.0157758556306362,1.30693387985229,-0.128764882683754,0.137153565883636,0.734533309936523,-0.651973307132721
0.477822929620743,0.0159804746508598,1.30680072307587,-0.129753693938255,0.13750171661377,0.733582198619843,-0.652774512767792
0.477625846862793,0.0164618007838726,1.3067501783371,-0.130303338170051,0.137014329433441,0.73317164182663,-0.653228640556335
0.477335780858993,0.0167631208896636,1.30656147003174,-0.13093701004982,0.137377500534058,0.732444822788239,-0.653840601444244
0.477044880390167,0.0167941078543663,1.3062881231308,-0.131678849458694,0.138119325041771,0.731587469577789,-0.654494941234589
0.471369802951813,0.0193882100284099,1.30297112464905,-0.144897773861885,0.161341965198517,0.713229894638062,-0.666540622711182
0.471150070428848,0.0196226574480533,1.30284833908081,-0.145150423049927,0.161553651094437,0.712681412696838,-0.667020916938782
0.470660626888275,0.0198769383132457,1.302778840065,-0.146302238106728,0.162313565611839,0.711393356323242,-0.667959213256836
0.470438718795776,0.0202543549239635,1.30269610881805,-0.146645769476891,0.162851125001907,0.710822284221649,-0.668360948562622
0.470168113708496,0.0204107128083705,1.30255603790283,-0.147199675440788,0.164007842540741,0.709774732589722,-0.669069290161133
0.46967339515686,0.0211612395942211,1.30232632160187,-0.148180678486824,0.165177702903748,0.708296179771423,-0.670130848884583
0.469404667615891,0.0211179964244365,1.30188155174255,-0.14742973446846,0.166264206171036,0.707477748394012,-0.670891940593719
0.468951225280762,0.0218553505837917,1.3019905090332,-0.148239940404892,0.16622893512249,0.706653237342834,-0.671590745449066
0.468651711940765,0.0222196467220783,1.30192542076111,-0.148579940199852,0.167089954018593,0.705738127231598,-0.672263979911804
0.468489050865173,0.0228118374943733,1.30194103717804,-0.149115353822708,0.167437687516212,0.70502895116806,-0.672802746295929
0.468193829059601,0.0231139659881591,1.30154967308044,-0.149213597178459,0.169403672218323,0.703861713409424,-0.673510432243347
0.468193829059601,0.0231139659881591,1.30154967308044,-0.149213597178459,0.169403672218323,0.703861713409424,-0.673510432243347
0.467408001422882,0.0240008309483528,1.30139422416687,-0.149982675909996,0.171549767255783,0.701222479343414,-0.675546407699585
0.467042446136475,0.0247909016907215,1.30139708518982,-0.150501638650894,0.172065123915672,0.7000652551651,-0.676499426364899
0.466824859380722,0.0253543965518474,1.30131566524506,-0.15071128308773,0.172976776957512,0.699356973171234,-0.67695277929306
0.466189980506897,0.0256168618798255,1.30121326446533,-0.151241391897202,0.174514621496201,0.697475552558899,-0.678379416465759
0.466019511222839,0.0260438695549964,1.3010321855545,-0.150742322206497,0.176678344607353,0.695266127586365,-0.680196046829224
0.465576469898224,0.0268472395837306,1.30118489265442,-0.151821881532669,0.176294431090355,0.695252120494843,-0.680069863796234
0.465376168489456,0.0274520516395568,1.30102753639221,-0.15141324698925,0.177616074681282,0.694224178791046,-0.680866718292236
0.474773019552231,0.024121806025505,1.3046201467514,-0.140827730298042,0.162992715835571,0.717673718929291,-0.662227749824524
0.474573612213135,0.0246262624859809,1.30487895011902,-0.141708478331566,0.163906052708626,0.717860162258148,-0.661611914634705
0.474967002868652,0.0247825160622596,1.3047868013382,-0.141399219632149,0.166578724980354,0.717842519283295,-0.661029398441315
0.475506037473679,0.0252843014895916,1.30463433265686,-0.140340983867645,0.1686120480299,0.717946231365204,-0.660626649856567
0.475657731294632,0.0254994146525859,1.30451679229736,-0.140033885836601,0.171385705471039,0.717057824134827,-0.66094309091568
0.47599384188652,0.025892224162817,1.3045734167099,-0.139321491122246,0.173781380057335,0.716227054595947,-0.661368727684021
0.476107805967331,0.0263011381030082,1.30483186244965,-0.139559969305992,0.175597473978996,0.715053856372833,-0.662107646465302
0.476415932178497,0.0267649441957473,1.30544257164001,-0.140409126877785,0.176975682377815,0.714614748954773,-0.662035405635834
0.462697237730026,0.0315433368086814,1.30192947387695,-0.150035172700882,0.188679322600365,0.679977238178253,-0.692474246025085
0.462820142507553,0.0324965491890907,1.30240631103516,-0.149190291762352,0.188363641500473,0.679372727870941,-0.69333553314209
0.462322115898132,0.0328389853239059,1.3019722700119,-0.148864179849625,0.19190825521946,0.675802946090698,-0.69591760635376
0.462502032518387,0.0332534536719322,1.30221092700958,-0.14685982465744,0.192725867033005,0.675753951072693,-0.696164846420288
0.462502032518387,0.0332534536719322,1.30221092700958,-0.14685982465744,0.192725867033005,0.675753951072693,-0.696164846420288
0.462104856967926,0.0344876460731029,1.30251860618591,-0.145595014095306,0.193991973996162,0.672207951545715,-0.699504137039185
0.462098389863968,0.0348994880914688,1.30238699913025,-0.145442709326744,0.19588129222393,0.668873429298401,-0.702200293540955
0.46673384308815,0.0346271581947803,1.30602931976318,-0.131639048457146,0.174991697072983,0.686937630176544,-0.692940056324005
0.466844499111175,0.0351929925382137,1.30615150928497,-0.129950925707817,0.176893472671509,0.684219241142273,-0.695460617542267
0.466852486133575,0.0357542037963867,1.30626153945923,-0.129842609167099,0.177157536149025,0.68279093503952,-0.696816265583038
0.466897070407867,0.0360760241746902,1.3063417673111,-0.128137052059174,0.178539887070656,0.683040797710419,-0.696534097194672
0.466851085424423,0.0368373841047287,1.30666637420654,-0.127958223223686,0.178443536162376,0.681006968021393,-0.698580086231232
0.467148810625076,0.0372310243546962,1.30682861804962,-0.126941084861755,0.179449394345284,0.679272055625916,-0.700195372104645
0.467052757740021,0.0376940332353115,1.30690729618073,-0.126037016510963,0.1808160841465,0.678212523460388,-0.701033473014832
0.461922526359558,0.0389534011483192,1.30339407920837,-0.138001352548599,0.204307928681374,0.656920492649078,-0.712509155273438
0.466785937547684,0.0388046130537986,1.30752158164978,-0.124955430626869,0.182547643780708,0.674671769142151,-0.704187750816345
0.466995120048523,0.0395420752465724,1.3074859380722,-0.123455002903938,0.183552518486977,0.672491908073425,-0.706273376941681
0.467151403427124,0.040272083133459,1.30763459205627,-0.122054360806942,0.184613391757011,0.670636296272278,-0.70800244808197
0.467151403427124,0.040272083133459,1.30763459205627,-0.122054360806942,0.184613391757011,0.670636296272278,-0.70800244808197
0.466884851455688,0.0412336140871048,1.30783343315125,-0.120880365371704,0.186358749866486,0.669435977935791,-0.70888215303421
0.466941058635712,0.0416245535016059,1.30773377418518,-0.119313046336174,0.188170149922371,0.667865693569183,-0.710149168968201
0.467025578022003,0.0421217083930969,1.30775475502014,-0.117825053632259,0.189577892422676,0.666221141815186,-0.711566567420959
0.467310011386871,0.0429830700159072,1.3080712556839,-0.115948408842087,0.19061541557312,0.663110554218292,-0.714497148990631
0.467171102762222,0.0430645458400249,1.30806493759155,-0.115783162415028,0.191418901085853,0.663279235363007,-0.714152455329895
0.467210024595261,0.0436656810343265,1.30823349952698,-0.113989561796188,0.193060949444771,0.660354852676392,-0.716704547405243
0.467345744371414,0.0439900010824203,1.30840301513672,-0.113198302686214,0.193258106708527,0.659433126449585,-0.71762478351593
0.467237412929535,0.0446712747216224,1.30876219272614,-0.112613297998905,0.194203227758408,0.657816410064697,-0.718944251537323
0.467348664999008,0.0447702705860137,1.3086268901825,-0.1119085252285,0.194547697901726,0.657753825187683,-0.719018459320068
0.46729588508606,0.0450335815548896,1.30870521068573,-0.111162327229977,0.195536956191063,0.65656977891922,-0.719947576522827
0.467445313930511,0.0454070568084716,1.30885303020477,-0.109657220542431,0.197345852851868,0.654736399650574,-0.721353113651276
0.467528790235519,0.0457796230912208,1.30900609493256,-0.109367281198502,0.197372674942017,0.653988659381866,-0.722067713737488
0.467485249042511,0.0459963344037532,1.30909812450409,-0.108117409050465,0.198787406086922,0.653012216091156,-0.722751200199127
0.467484712600708,0.0461876019835472,1.30948317050934,-0.107871130108833,0.198739349842072,0.652215480804443,-0.723520219326019
0.467506289482117,0.0462715476751327,1.30957722663879,-0.107092976570129,0.199015036225319,0.651585221290588,-0.724127650260925
0.467681676149368,0.0463270545005798,1.30915343761444,-0.105384908616543,0.200521543622017,0.650905072689056,-0.724574208259583
0.46733096241951,0.0459853261709213,1.30941700935364,-0.102844163775444,0.198361039161682,0.650290369987488,-0.726084291934967
0.4673952460289,0.0459590256214141,1.30946838855743,-0.102654576301575,0.198267668485641,0.649867117404938,-0.726515531539917
0.467697024345398,0.0460465960204601,1.30957162380219,-0.10178828984499,0.198262020945549,0.650048613548279,-0.726476609706879
0.467827081680298,0.0459970757365226,1.30966937541962,-0.101263210177422,0.198311865329742,0.650021255016327,-0.726560711860657
0.467984139919281,0.0458855181932449,1.30979096889496,-0.100824795663357,0.198433741927147,0.650125920772552,-0.726494908332825
0.46813753247261,0.0457592532038688,1.30991554260254,-0.10043128579855,0.198251858353615,0.650297284126282,-0.726445615291595
0.468294382095337,0.0455422103404998,1.30998635292053,-0.0999990776181221,0.198183923959732,0.650506913661957,-0.726336061954498
0.46843358874321,0.0453513711690902,1.31009447574615,-0.0996316745877265,0.197962015867233,0.650716543197632,-0.726259410381317
0.468580543994904,0.0451117679476738,1.3101487159729,-0.0992479920387268,0.197806775569916,0.650863170623779,-0.726222813129425
0.468828022480011,0.0448301993310451,1.31027817726135,-0.098797932267189,0.197410836815834,0.651273548603058,-0.726023972034454
0.469098925590515,0.0447345934808254,1.31017851829529,-0.0975337699055671,0.196780443191528,0.651792168617249,-0.725900650024414
0.469366639852524,0.0441618114709854,1.31029558181763,-0.0977377817034721,0.197024062275887,0.651909291744232,-0.725701808929443
0.469602435827255,0.0435828268527984,1.31043183803558,-0.0968375653028488,0.197080463171005,0.651987671852112,-0.725736856460571
0.469564884901047,0.0432700812816619,1.3104944229126,-0.0972807854413986,0.197001695632934,0.651708662509918,-0.72594952583313
0.470157861709595,0.0427122600376606,1.310791015625,-0.0966347754001617,0.195515766739845,0.653197586536407,-0.725098848342896
0.470801442861557,0.0424077734351158,1.31086587905884,-0.0990590825676918,0.19652833044529,0.653835892677307,-0.723921597003937
0.470789879560471,0.0416533797979354,1.31109189987183,-0.0961111783981323,0.192475736141205,0.654962599277496,-0.724389314651489
0.471051603555679,0.0408598706126213,1.31139945983887,-0.0966842845082283,0.191826090216637,0.655463457107544,-0.724032342433929
0.471414774656296,0.0404543951153755,1.3117448091507,-0.0968574732542038,0.190209433436394,0.656835794448853,-0.723191320896149
0.471563994884491,0.0395446568727493,1.31179189682007,-0.0963806211948394,0.190177425742149,0.656955242156982,-0.723155081272125
0.472150564193726,0.0392133928835392,1.31205320358276,-0.0967086926102638,0.188019514083862,0.658504247665405,-0.722266137599945
0.472780078649521,0.038451574742794,1.31184613704681,-0.0979039072990417,0.189957022666931,0.659107267856598,-0.721047103404999
0.473137319087982,0.0377335995435714,1.31190586090088,-0.0979040637612342,0.189079448580742,0.660257697105408,-0.720224678516388
0.4733766913414,0.0369885712862014,1.3121223449707,-0.0985646247863769,0.187695071101189,0.66185450553894,-0.719030022621155
0.473841965198517,0.0360850319266319,1.31212222576141,-0.0971475839614868,0.187722861766815,0.662184715270996,-0.718911647796631
0.47440105676651,0.0354510694742202,1.31227815151215,-0.0969398543238639,0.186190873384476,0.663897752761841,-0.717757284641266
0.474827855825424,0.0343204960227012,1.31243467330933,-0.0983664616942405,0.18364155292511,0.665662705898285,-0.716584205627441
0.475294232368469,0.0336153954267501,1.31219923496246,-0.0974146202206611,0.183823868632317,0.667832553386688,-0.71464604139328
0.475661993026733,0.0324603207409381,1.31233692169189,-0.0973071902990341,0.182513162493706,0.669143915176392,-0.713769495487213
0.476207673549652,0.0317108035087585,1.31258320808411,-0.0970920920372009,0.180303275585175,0.669994354248047,-0.713562548160553
0.476868718862534,0.0307128299027681,1.31272923946381,-0.0966047272086143,0.179149761795998,0.670858860015869,-0.7131068110466
0.477251797914505,0.0297022797167301,1.31298208236694,-0.0969816669821739,0.177078366279602,0.672964334487915,-0.711587607860565
0.477716475725174,0.0287612248212099,1.31292366981506,-0.0958462134003639,0.176774367690086,0.67343544960022,-0.711371302604675
0.478244125843048,0.0276514645665884,1.31283831596375,-0.0959618687629699,0.175066187977791,0.675117969512939,-0.710182249546051
0.478701680898666,0.0268242377787828,1.31307911872864,-0.0963184610009193,0.17240409553051,0.677163064479828,-0.708836913108826
0.479203462600708,0.0257308576256036,1.31333780288696,-0.0969045981764793,0.170918181538582,0.679452121257782,-0.706923961639404
0.479765027761459,0.0244834143668413,1.31340980529785,-0.0964912548661232,0.169423431158066,0.681020438671112,-0.705830335617065
0.475219041109085,0.0241964776068925,1.3099912405014,-0.109011873602867,0.190139546990395,0.662600994110107,-0.716186702251434
0.475699007511139,0.02318069152534,1.31004500389099,-0.109179705381393,0.188908249139786,0.663796126842499,-0.71537983417511
0.475699007511139,0.02318069152534,1.31004500389099,-0.109179705381393,0.188908249139786,0.663796126842499,-0.71537983417511
0.476989984512329,0.0209133736789226,1.31046307086945,-0.108772210776806,0.184274166822433,0.669126272201538,-0.711675345897675
0.477509081363678,0.0195384472608566,1.3106701374054,-0.109227903187275,0.182695105671883,0.670825362205505,-0.710411906242371
0.477890521287918,0.0186277739703655,1.31076562404633,-0.109478875994682,0.181931838393211,0.670478165149689,-0.710896849632263
0.483864903450012,0.0165982954204082,1.31414890289307,-0.0949442237615585,0.156845584511757,0.692677736282349,-0.697554886341095
0.484328776597977,0.0152464006096124,1.31413102149963,-0.0947972759604454,0.155767560005188,0.694797456264496,-0.695705771446228
0.485020816326141,0.0140009764581918,1.31420564651489,-0.0945462137460708,0.153952017426491,0.696810483932495,-0.69412899017334
0.485784947872162,0.0130396597087383,1.3142728805542,-0.0934692323207855,0.152602389454842,0.697347819805145,-0.694033265113831
0.486267268657684,0.0116492118686437,1.31432926654816,-0.0941672474145889,0.150343105196953,0.700080871582031,-0.691676437854767
0.48684349656105,0.0105333793908357,1.31442332267761,-0.0938564240932464,0.148625567555427,0.70147180557251,-0.690679967403412
0.487403839826584,0.0093461964279413,1.31446123123169,-0.0935178995132446,0.147154808044434,0.703411459922791,-0.689066290855408
0.48807230591774,0.0082673411816358,1.31447553634644,-0.0929851680994033,0.145679295063019,0.7051602602005,-0.687663078308105
0.488751709461212,0.00741564668715,1.31463074684143,-0.0927266180515289,0.14343523979187,0.706733345985413,-0.68655389547348
0.48926842212677,0.0059937257319688,1.31451976299286,-0.0923412218689918,0.142533257603645,0.70809268951416,-0.685391843318939
0.489966511726379,0.0051053743809461,1.31456160545349,-0.0918568894267082,0.140452280640602,0.709849894046783,-0.684067666530609
0.490676045417786,0.0040047746151685,1.31467819213867,-0.0913976654410362,0.138418599963188,0.711890459060669,-0.682421207427979
0.491364806890488,0.0029172003269195,1.31478595733643,-0.0909619927406311,0.136744529008865,0.71306574344635,-0.681589424610138
0.491929918527603,0.0019603259861469,1.31489610671997,-0.0906449779868125,0.134825259447098,0.71452122926712,-0.68048882484436
0.492572009563446,0.0006697867065668,1.31484532356262,-0.0901755169034004,0.133635655045509,0.715742766857147,-0.679501533508301
0.493142604827881,-0.0004001278430223,1.31464374065399,-0.0892122238874435,0.132963433861732,0.715868175029755,-0.679628372192383
0.493696928024292,-0.0014890525490045,1.31496810913086,-0.0894494876265525,0.130700752139091,0.717300057411194,-0.678525507450104
0.49444904923439,-0.0024548098444938,1.31509041786194,-0.0880576074123382,0.12938317656517,0.718552947044373,-0.677633762359619
0.494934588670731,-0.0036587566137313,1.31511926651001,-0.0884115099906921,0.127107128500938,0.720613718032837,-0.67582780122757
0.49534061551094,-0.0047217570245265,1.31516027450562,-0.0880436077713966,0.125613287091255,0.72123658657074,-0.675490617752075
0.496054917573929,-0.005830556154251,1.31529271602631,-0.0875761434435844,0.123888440430164,0.722610414028168,-0.674400806427002
0.496521234512329,-0.0066562201827764,1.31545829772949,-0.0874645486474037,0.122186310589313,0.723372757434845,-0.673908233642578
0.497309625148773,-0.0077997036278247,1.31541955471039,-0.0859323665499687,0.121925778687,0.723420083522797,-0.674101710319519
0.497859328985214,-0.0089252665638923,1.31523275375366,-0.0856382548809051,0.120183326303959,0.72558456659317,-0.672122895717621
0.49840635061264,-0.0099916588515043,1.3152494430542,-0.0849907323718071,0.118624433875084,0.726254880428314,-0.671757996082306
0.4987972676754,-0.0111074037849903,1.315269947052,-0.0847333222627639,0.117523200809956,0.726727962493896,-0.671472311019897
0.499537527561188,-0.0120464041829109,1.31538653373718,-0.0839432701468467,0.115787677466869,0.728446960449219,-0.670008778572083
0.500130534172058,-0.0130687579512596,1.31548762321472,-0.0840528532862663,0.113717705011368,0.727280020713806,-0.671615421772003
0.495459318161011,-0.0127953626215457,1.31247007846832,-0.0957153141498565,0.135869294404983,0.712827026844025,-0.681363165378571
0.495879709720612,-0.0142340287566185,1.3122239112854,-0.0947573408484458,0.135012730956077,0.71352744102478,-0.680934190750122
0.496009826660156,-0.0150718539953231,1.31248342990875,-0.0937927216291427,0.131528288125992,0.713998436927795,-0.681255757808685
0.496493756771088,-0.0161960609257221,1.31255805492401,-0.093804158270359,0.129817709326744,0.714876115322113,-0.680661678314209
0.497011572122574,-0.0172235555946826,1.31243824958801,-0.093472883105278,0.12786166369915,0.71642130613327,-0.679451942443848
0.503290116786957,-0.0197867844253778,1.31545877456665,-0.0819641426205635,0.105793587863445,0.73276299238205,-0.667194128036499
0.503714382648468,-0.0208079330623149,1.31537890434265,-0.0802599042654037,0.103373050689697,0.733276546001434,-0.667216718196869
0.504436850547791,-0.0216767229139804,1.31544458866119,-0.080942578613758,0.103183940052986,0.733301937580109,-0.667135417461395
0.504754483699799,-0.0227437298744916,1.31546974182129,-0.0794023051857948,0.100667797029018,0.733347356319427,-0.667654752731323
0.505350947380066,-0.0240960475057363,1.31524860858917,-0.0799065679311752,0.100985966622829,0.733609080314636,-0.667258977890015
0.505838513374329,-0.0249336995184421,1.3151513338089,-0.0780348256230354,0.098306119441986,0.733461558818817,-0.668042480945587
0.506434679031372,-0.0259541794657707,1.31448972225189,-0.0762269049882888,0.098678171634674,0.733187615871429,-0.668496787548065
0.50693690776825,-0.0270041264593601,1.3146231174469,-0.0764193683862686,0.0975769236683845,0.733192265033722,-0.668631374835968
0.507429122924805,-0.0283345822244882,1.3150417804718,-0.076893001794815,0.0961326733231544,0.732659935951233,-0.669369459152222
0.508076310157776,-0.0290266033262014,1.31512856483459,-0.0756067261099815,0.0957028940320015,0.732020795345306,-0.67027622461319
0.508394360542297,-0.0302863512188196,1.31495678424835,-0.0757752805948257,0.0941628664731979,0.732870161533356,-0.669546723365784
0.50907951593399,-0.0311057083308696,1.31526386737823,-0.0773913115262985,0.0938066244125366,0.732206404209137,-0.670137882232666
0.509271860122681,-0.0323638133704662,1.31497895717621,-0.0755296722054481,0.0917028114199638,0.731598198413849,-0.671304702758789
0.509929120540619,-0.0330706760287284,1.31514191627502,-0.0748377293348312,0.0893654525279998,0.731839239597321,-0.671434640884399
0.510269045829773,-0.0346433222293853,1.31511199474335,-0.0723190978169441,0.0865009278059005,0.731613218784332,-0.672331571578979
0.510798394680023,-0.0355399288237094,1.31541562080383,-0.0724552646279335,0.0845473110675811,0.731584250926971,-0.672596871852875
0.511114656925201,-0.0365953594446182,1.31540107727051,-0.0724696367979049,0.0835202187299728,0.7308229804039,-0.673550546169281
0.511871993541718,-0.0376817062497139,1.31528067588806,-0.0721438974142074,0.0850474163889885,0.729319870471954,-0.67502224445343
0.511897385120392,-0.0388428010046482,1.31512343883514,-0.0720644071698188,0.0824929177761077,0.729509115219116,-0.675143122673035
0.512709498405457,-0.0393591597676277,1.31540942192078,-0.0722809582948684,0.0830725729465484,0.72846394777298,-0.676176488399506
0.51299923658371,-0.0408741310238838,1.31528174877167,-0.0736043900251388,0.0814183503389358,0.728339791297913,-0.676368713378906
0.513439059257507,-0.041644737124443,1.31531739234924,-0.0730539411306381,0.0801246017217636,0.727870643138885,-0.677087664604187
0.513761758804321,-0.0425491780042648,1.31531727313995,-0.072905533015728,0.0789606049656868,0.727112829685211,-0.678053855895996
0.514246106147766,-0.0438869707286357,1.3151524066925,-0.072579339146614,0.0785725638270378,0.726385295391083,-0.678913235664368
0.514524817466736,-0.0444560684263706,1.31552863121033,-0.0729352682828903,0.0761650279164314,0.725515961647034,-0.680078089237213
0.514763712882996,-0.0456720255315303,1.31510293483734,-0.0723164826631546,0.0768236592411995,0.724430203437805,-0.681226432323456
0.515044450759888,-0.0465602800250053,1.31501281261444,-0.0719419196248054,0.0761462375521659,0.723427951335907,-0.68240612745285
0.515274405479431,-0.0475626252591609,1.31499111652374,-0.0718728601932525,0.0752753764390945,0.722206652164459,-0.68380218744278
0.515684485435486,-0.047975018620491,1.315150141716,-0.0720006078481674,0.0732795223593711,0.721790850162506,-0.68444436788559
0.516186237335205,-0.0486439801752567,1.31501698493958,-0.0714829266071319,0.072526216506958,0.721356749534607,-0.685036242008209
0.516243398189545,-0.049294788390398,1.315070271492,-0.0712434649467468,0.0730201229453086,0.718754827976227,-0.687738418579102
0.516185283660889,-0.0504653677344322,1.3149631023407,-0.0710054188966751,0.0703104585409164,0.718483746051788,-0.688328385353088
0.516703128814697,-0.0512045919895172,1.31496238708496,-0.0714959353208541,0.0718663781881332,0.716627240180969,-0.690050005912781
0.516969978809357,-0.0517226941883564,1.31489634513855,-0.070928007364273,0.0706842765212059,0.71578586101532,-0.691103279590607
0.516980051994324,-0.0525789782404899,1.31486856937408,-0.0710858479142189,0.0702409893274307,0.71442312002182,-0.69254070520401
0.51735258102417,-0.0530901402235031,1.31485843658447,-0.0708799138665199,0.0687670782208442,0.713810205459595,-0.693341374397278
0.517549932003021,-0.0542368404567241,1.31479072570801,-0.0715303719043731,0.0681058838963508,0.713088810443878,-0.694081783294678
0.517472863197327,-0.0550535470247268,1.31472182273865,-0.0718578919768333,0.0672118738293647,0.712965846061707,-0.694261312484741
0.517624795436859,-0.055716261267662,1.3147087097168,-0.0714873671531677,0.0661074519157409,0.712117612361908,-0.695275485515594
0.517747223377228,-0.0563923008739948,1.31448364257812,-0.0710288360714912,0.0661932453513145,0.709754645824432,-0.69772607088089
0.517850875854492,-0.0571238845586776,1.3147748708725,-0.0716677904129028,0.0646881833672523,0.709233283996582,-0.698331892490387
0.517920315265656,-0.0579306408762931,1.31474506855011,-0.0718649700284004,0.0635288432240486,0.70964777469635,-0.697996973991394
0.518169939517975,-0.0585609897971153,1.31424295902252,-0.0708520635962486,0.0638542100787162,0.70889413356781,-0.698836088180542
0.517932415008545,-0.059524081647396,1.31479382514954,-0.0720845013856887,0.0618926621973514,0.707772850990295,-0.700021922588348
0.518052339553833,-0.0602933689951896,1.31477069854736,-0.07236909866333,0.0611124634742736,0.706977427005768,-0.700864613056183
0.518378853797913,-0.060429397970438,1.31489181518555,-0.0723130628466606,0.0595381744205951,0.706932544708252,-0.70105105638504
0.518596351146698,-0.0610356330871582,1.31532645225525,-0.0729568973183631,0.0576552487909793,0.706647455692291,-0.701429009437561
0.51844197511673,-0.0620226673781871,1.3149573802948,-0.0727768242359161,0.0573694370687007,0.706393957138062,-0.701726317405701
0.518423497676849,-0.0623235255479812,1.31458592414856,-0.071891114115715,0.0573485307395458,0.704658567905426,-0.703561842441559
0.518803238868713,-0.0628851726651191,1.31428229808807,-0.0709991306066513,0.0566789433360099,0.704529702663422,-0.703835666179657
0.51900440454483,-0.063433714210987,1.31435203552246,-0.0703528672456741,0.0563695356249809,0.702771127223969,-0.705681145191193
0.519572913646698,-0.0634461641311645,1.31435894966125,-0.0693558678030967,0.0543390549719333,0.703366458415985,-0.705345869064331
0.519871056079865,-0.0643798857927322,1.31501626968384,-0.0709854140877723,0.0522737987339496,0.703118145465851,-0.705587327480316
0.519822895526886,-0.0652577802538871,1.31420743465424,-0.0696752816438674,0.0533310025930404,0.70192551612854,-0.706825137138367
0.520045578479767,-0.065856821835041,1.31416940689087,-0.0693490430712699,0.0522186569869518,0.701245367527008,-0.707615077495575
0.520266532897949,-0.0663272142410278,1.31441342830658,-0.0694874078035354,0.0504215694963932,0.700907647609711,-0.70806622505188
0.521019339561462,-0.066502146422863,1.31440377235413,-0.0699150115251541,0.0490784235298633,0.701582849025726,-0.707449495792389
0.521332383155823,-0.0672042518854141,1.31436336040497,-0.0692101642489433,0.0479086488485336,0.701294779777527,-0.70788449048996
0.521649539470673,-0.0677122622728347,1.31431126594543,-0.0685307160019874,0.0475074499845504,0.700732111930847,-0.708534479141235
0.521710753440857,-0.0687498897314071,1.31411015987396,-0.0683764219284057,0.0472674891352653,0.699849367141724,-0.709437310695648
0.521957814693451,-0.0691554695367813,1.31394898891449,-0.0674644410610199,0.0464101582765579,0.699283301830292,-0.710139095783234
0.522321939468384,-0.0696711987257003,1.3139340877533,-0.0673876404762268,0.0449218116700649,0.698977887630463,-0.710542738437653
0.522651076316833,-0.0703004896640777,1.31407785415649,-0.0674510523676872,0.043714378029108,0.69860714673996,-0.710976481437683
0.52308976650238,-0.0709010660648346,1.31414890289307,-0.0666772052645683,0.0431108549237251,0.698211252689362,-0.711475014686584
0.52346283197403,-0.0714162811636924,1.31375217437744,-0.0654675140976905,0.0428889021277427,0.69790107011795,-0.711904942989349
0.523791909217834,-0.0719164758920669,1.31378507614136,-0.0650997534394264,0.0420428067445755,0.697434306144714,-0.712446391582489
