x,y,z,q0,q1,q2,q3
0.592923104763031,0.185564890503883,1.07552146911621,0.471903562545776,0.569919407367706,0.337368428707123,-0.58196359872818
0.593008756637573,0.183990567922592,1.0753493309021,0.472247570753097,0.569981157779694,0.337277740240097,-0.581676483154297
0.593429267406464,0.182949155569077,1.07528352737427,0.473567754030228,0.569268107414246,0.339142054319382,-0.580215632915497
0.595095098018646,0.182749629020691,1.07566320896149,0.476425111293793,0.567842602729797,0.337197691202164,-0.580406606197357
0.595272243022919,0.181627690792084,1.07541108131409,0.477892160415649,0.566787123680115,0.337140768766403,-0.580264925956726
0.592948198318481,0.178878724575043,1.07483410835266,0.473487734794617,0.568963348865509,0.34035536646843,-0.579869270324707
0.59350711107254,0.177600026130676,1.07464361190796,0.474994122982025,0.567855417728424,0.340659946203232,-0.579544544219971
0.595526397228241,0.177703320980072,1.07487678527832,0.47917577624321,0.565686285495758,0.33866274356842,-0.579393684864044
0.596297919750214,0.176521152257919,1.07474184036255,0.486745655536652,0.55791825056076,0.343832492828369,-0.577568292617798
0.595243453979492,0.174922913312912,1.07456588745117,0.48658686876297,0.558423638343811,0.345834493637085,-0.576016366481781
0.593524396419525,0.172677338123322,1.07427608966827,0.483717441558838,0.559542953968048,0.348413676023483,-0.575792670249939
0.593225359916687,0.171588078141212,1.07411575317383,0.484013885259628,0.559991180896759,0.348960667848587,-0.574775695800781
0.595572710037231,0.170640826225281,1.074223279953,0.486904203891754,0.556983709335327,0.347608357667923,-0.576074659824371
0.594049274921417,0.169392049312591,1.07378888130188,0.485732406377792,0.558381915092468,0.349466770887375,-0.574583947658539
0.593990445137024,0.16827580332756,1.07373702526093,0.486620336771011,0.557955265045166,0.350184559822083,-0.573809623718262
0.595779359340668,0.167522013187408,1.07417213916779,0.488970279693604,0.555232048034668,0.349226742982864,-0.575035750865936
0.594260513782501,0.16572031378746,1.07362794876099,0.487469464540482,0.556457221508026,0.351759314537048,-0.573580086231232
0.59465217590332,0.164590924978256,1.07362174987793,0.489751935005188,0.557472467422485,0.351123958826065,-0.571033775806427
0.596604883670807,0.164416760206223,1.07395720481873,0.492784440517425,0.553335011005402,0.350947290658951,-0.572555661201477
0.595056712627411,0.16257806122303,1.07356226444244,0.490437060594559,0.553954422473907,0.353176325559616,-0.572601675987244
0.597469210624695,0.160831227898598,1.0731760263443,0.488079339265823,0.555904865264893,0.344567447900772,-0.577946186065674
0.598982095718384,0.161656349897385,1.07382321357727,0.49332383275032,0.554062783718109,0.3435018658638,-0.575892865657806
0.599186599254608,0.160436511039734,1.07383418083191,0.500176072120667,0.547352612018585,0.352645725011826,-0.570850312709808
0.600045025348663,0.159078419208527,1.07401263713837,0.498976916074753,0.546272814273834,0.351788759231567,-0.573456823825836
0.599083065986633,0.158302962779999,1.07368159294128,0.493959903717041,0.551737368106842,0.345438629388809,-0.576421558856964
0.599467992782593,0.157223433256149,1.07376050949097,0.49875795841217,0.547008037567139,0.354425847530365,-0.571318805217743
0.600106835365295,0.156159937381744,1.07372748851776,0.499459028244018,0.545192658901215,0.353469640016556,-0.573031306266785
0.6009920835495,0.154971063137054,1.07358109951019,0.496844887733459,0.547996461391449,0.347110509872437,-0.57650625705719
0.601578950881958,0.154177933931351,1.07345068454742,0.502075970172882,0.542046368122101,0.354659795761108,-0.572993755340576
0.601513743400574,0.153047174215317,1.0733916759491,0.502390265464783,0.541865587234497,0.355732858181,-0.572223782539368
0.601653516292572,0.152042374014854,1.07343506813049,0.502468764781952,0.541767776012421,0.356479078531265,-0.571782886981964
0.602094829082489,0.150936216115952,1.07339322566986,0.503829121589661,0.540406763553619,0.357676982879639,-0.571125149726868
0.602540791034698,0.149845212697983,1.07337975502014,0.503893375396729,0.539680004119873,0.358030050992966,-0.571534335613251
0.603075921535492,0.148561149835586,1.07318890094757,0.504299998283386,0.53831535577774,0.35886749625206,-0.571937143802643
0.603141665458679,0.147045314311981,1.07305860519409,0.500042319297791,0.542453765869141,0.353887468576431,-0.574860990047455
0.604549705982208,0.145984411239624,1.07289040088654,0.502726674079895,0.539649069309235,0.355199694633484,-0.574349939823151
0.605026006698608,0.144934594631195,1.07268345355988,0.504066050052643,0.538991093635559,0.355741381645203,-0.573458254337311
0.606045961380005,0.143359765410423,1.07263803482056,0.50346040725708,0.537551820278168,0.35618793964386,-0.575061500072479
0.606474936008453,0.142397120594978,1.07249140739441,0.508568584918976,0.531611680984497,0.365864396095276,-0.569991528987885
0.607012271881104,0.140994638204575,1.07237637042999,0.50450611114502,0.535118401050568,0.359654903411865,-0.574256360530853
0.607486188411713,0.139643967151642,1.07247614860535,0.505054593086243,0.534063339233398,0.362043172121048,-0.573254644870758
0.60753858089447,0.138275653123856,1.07225012779236,0.50623220205307,0.534050166606903,0.363568514585495,-0.571259498596191
0.608241617679596,0.137142062187195,1.07202208042145,0.505067467689514,0.532726407051086,0.364405602216721,-0.572990417480469
0.608497858047485,0.135964065790176,1.0719301700592,0.504947006702423,0.532323241233826,0.366378664970398,-0.572212636470795
0.608972191810608,0.134608328342438,1.07177710533142,0.505667805671692,0.531234979629517,0.368547350168228,-0.571193933486938
0.610090792179108,0.133424580097198,1.07152414321899,0.506519019603729,0.529567301273346,0.369562447071075,-0.571332454681396
0.611707448959351,0.131557673215866,1.07147371768951,0.507252037525177,0.527025163173676,0.371800065040588,-0.571580767631531
0.611707448959351,0.131557673215866,1.07147371768951,0.507252037525177,0.527025163173676,0.371800065040588,-0.571580767631531
0.612313389778137,0.129297181963921,1.07164454460144,0.511433720588684,0.522486925125122,0.382404863834381,-0.564986646175385
0.613284111022949,0.127920985221863,1.07131505012512,0.512443542480469,0.520250558853149,0.385292023420334,-0.564172983169556
0.61582487821579,0.126662909984589,1.07197535037994,0.515860617160797,0.515966355800629,0.386816203594208,-0.56395012140274
0.615717351436615,0.124964624643326,1.07197046279907,0.511777937412262,0.520796775817871,0.383062243461609,-0.565789043903351
0.614255368709564,0.122524380683899,1.0713152885437,0.513007164001465,0.516848146915436,0.395892232656479,-0.559429228305817
0.615177273750305,0.121000833809376,1.07075428962708,0.512582719326019,0.51537013053894,0.397015869617462,-0.560384750366211
0.61875718832016,0.119976595044136,1.07175517082214,0.51505309343338,0.51263016462326,0.395503520965576,-0.561700642108917
0.620002508163452,0.118668772280216,1.07040190696716,0.513983428478241,0.514049828052521,0.391850888729095,-0.563938617706299
0.618642747402191,0.116757176816463,1.07004797458649,0.513307571411133,0.515635669231415,0.396812945604324,-0.559620261192322
0.622439503669739,0.11582325398922,1.07179117202759,0.517630279064178,0.509279012680054,0.400150746107101,-0.559082627296448
0.621495842933655,0.113992489874363,1.07100605964661,0.514479994773865,0.512052297592163,0.401671558618545,-0.558366119861603
0.622664570808411,0.112084411084652,1.07153618335724,0.514091014862061,0.509680449962616,0.404254138469696,-0.559030294418335
0.624207496643066,0.110925160348415,1.07172572612762,0.515955686569214,0.507012009620667,0.408211678266525,-0.556858956813812
0.625815451145172,0.109605729579925,1.07193410396576,0.516692280769348,0.50712662935257,0.407554388046265,-0.556552827358246
0.629825830459595,0.108823150396347,1.07261943817139,0.522327721118927,0.4994016289711,0.412544667720795,-0.554598033428192
0.629140973091125,0.107332199811935,1.07220375537872,0.521513998508453,0.500708520412445,0.416297823190689,-0.551371514797211
0.630867123603821,0.106128208339214,1.07230377197266,0.524072110652924,0.497381925582886,0.419945269823074,-0.54918646812439
0.632759392261505,0.104667030274868,1.07222962379456,0.522282421588898,0.498593807220459,0.417418539524078,-0.551712930202484
0.634206354618073,0.103005290031433,1.07214891910553,0.519464671611786,0.498906403779984,0.417028158903122,-0.554379403591156
0.636338531970978,0.102363266050815,1.07210767269135,0.523211538791656,0.496885418891907,0.418026387691498,-0.551913678646088
0.638111412525177,0.101062722504139,1.07275688648224,0.526091039180756,0.493191987276077,0.423935770988464,-0.547967672348022
0.639906466007233,0.0999170243740081,1.0729364156723,0.525714337825775,0.492709308862686,0.423004597425461,-0.549480795860291
0.641810178756714,0.0986464098095893,1.07281506061554,0.526903212070465,0.489957898855209,0.426818132400513,-0.547851026058197
0.644014954566956,0.0979627668857574,1.07383394241333,0.529921770095825,0.489094287157059,0.427257686853409,-0.545362889766693
0.646054029464722,0.0968895331025123,1.07431578636169,0.531525731086731,0.486783653497696,0.42972394824028,-0.543929576873779
0.647914528846741,0.095836266875267,1.0746169090271,0.535049855709076,0.481021195650101,0.43768447637558,-0.539233386516571
0.650081276893616,0.0949013605713844,1.07519006729126,0.537117063999176,0.478585481643677,0.440397679805756,-0.537132561206818
0.652135848999023,0.094043530523777,1.0757771730423,0.53560084104538,0.48237669467926,0.43580362200737,-0.53899884223938
0.65372908115387,0.0927292555570602,1.07617807388306,0.535513639450073,0.480758279561996,0.43851688504219,-0.538330674171448
0.656145215034485,0.0923301577568054,1.07709181308746,-0.54164046049118,-0.473981857299805,-0.447296530008316,0.530935823917389
0.658133804798126,0.0914789363741874,1.0776299238205,-0.542681694030762,-0.472218662500381,-0.449481397867203,0.529596865177155
0.66008049249649,0.0906207859516143,1.07827651500702,-0.543875455856323,-0.470595628023148,-0.452053934335709,0.527623414993286
0.661970436573029,0.0898983851075172,1.07888865470886,-0.545359075069427,-0.469289660453796,-0.455068230628967,0.524655640125275
0.663610577583313,0.0887357890605926,1.07934963703156,-0.541632354259491,-0.473092585802078,-0.451336681842804,0.528311610221863
0.665586292743683,0.0881502926349639,1.08005058765411,-0.545192301273346,-0.467391788959503,-0.459359049797058,0.522780895233154
0.667451024055481,0.0876034274697303,1.08072733879089,-0.548305332660675,-0.463681548833847,-0.462919175624847,0.519679486751556
0.668888032436371,0.0867205932736396,1.08150947093964,-0.544001817703247,-0.470352500677109,-0.459866613149643,0.520916163921356
0.670709609985352,0.0862682238221168,1.08173215389252,-0.544684529304504,-0.46603998541832,-0.468692123889923,0.516191482543945
0.672288060188293,0.0855939388275146,1.08218026161194,-0.543707549571991,-0.466817289590836,-0.470346421003342,0.515012502670288
0.673600196838379,0.0849518924951553,1.08303916454315,-0.546323478221893,-0.462123662233353,-0.476030111312866,0.511241614818573
0.674972236156464,0.084412895143032,1.08354532718658,-0.543487846851349,-0.466896116733551,-0.472440361976623,0.513253271579742
0.676477789878845,0.0841019302606582,1.08361256122589,-0.546242117881775,-0.461408197879791,-0.481064319610596,0.507246851921082
0.677774786949158,0.083471842110157,1.08397579193115,-0.544979929924011,-0.46209841966629,-0.483173757791519,0.50596958398819
0.678843140602112,0.0831027626991272,1.08437895774841,-0.543359875679016,-0.464530229568481,-0.483332008123398,0.505333423614502
0.682155549526215,0.0828650817275047,1.08581590652466,-0.548124313354492,-0.458157300949097,-0.486060291528702,0.503385424613953
0.680808424949646,0.0821989253163337,1.08489573001862,-0.541707098484039,-0.463861584663391,-0.490317970514297,0.500973045825958
0.681792140007019,0.0816743671894073,1.08515906333923,-0.539742052555084,-0.466381162405014,-0.489879190921783,0.501184165477753
0.681792140007019,0.0816743671894073,1.08515906333923,-0.539742052555084,-0.466381162405014,-0.489879190921783,0.501184165477753
0.683305084705353,0.0808857604861259,1.08508193492889,-0.537951111793518,-0.464664369821548,-0.500928997993469,0.493726372718811
0.683855414390564,0.0805223584175109,1.08610212802887,-0.539726078510284,-0.460938155651092,-0.505815744400024,0.490288347005844
0.686043262481689,0.0805514454841613,1.08665084838867,-0.546893537044525,-0.457115679979324,-0.507036983966827,0.484630227088928
0.687020421028137,0.0800094231963157,1.08687138557434,-0.54431140422821,-0.456099808216095,-0.509190499782562,0.48623389005661
0.687446594238281,0.0797152370214462,1.08729231357574,-0.543522357940674,-0.458552986383438,-0.512828946113586,0.480956524610519
0.687689304351807,0.079637199640274,1.08740878105164,-0.542083144187927,-0.457280993461609,-0.514964163303375,0.481510281562805
0.68811696767807,0.0796070620417594,1.08758687973022,-0.541101694107056,-0.457516938447952,-0.517593026161194,0.479567378759384
0.688442707061768,0.0794019326567649,1.08723711967468,-0.539601445198059,-0.461073994636536,-0.520336985588074,0.474858313798904
0.688606560230255,0.0793711990118026,1.08733284473419,-0.535137832164764,-0.463310569524765,-0.52043229341507,0.477620542049408
0.688700437545776,0.0793765932321548,1.08775579929352,-0.537308990955353,-0.459221094846725,-0.525057733058929,0.474056452512741
0.688882172107697,0.0793417543172836,1.08750033378601,-0.534197628498077,-0.462638229131699,-0.526265323162079,0.472909659147263
0.688889741897583,0.0793797299265861,1.08752870559692,-0.532986104488373,-0.463364094495773,-0.528455853462219,0.471119970083237
0.688866794109344,0.079487644135952,1.08790099620819,-0.534226298332214,-0.463550329208374,-0.53164154291153,0.465919017791748
0.688865423202515,0.0795975998044014,1.08785951137543,-0.529951930046082,-0.469321191310883,-0.526561856269836,0.470766961574554
0.688761651515961,0.0797574445605278,1.08778285980225,0.529246032238007,0.468414753675461,0.53038501739502,-0.468164712190628
0.687984824180603,0.0802011489868164,1.08752131462097,0.526840031147003,0.472707450389862,0.529150903224945,-0.467960238456726
0.687730133533478,0.0806273818016052,1.08719444274902,0.526117503643036,0.4738450050354,0.529966413974762,-0.466698288917542
0.688007354736328,0.0808140337467193,1.08767914772034,0.528278410434723,0.468174934387207,0.536545813083649,-0.462442368268967
0.687821209430695,0.0813258960843086,1.08788394927979,0.528216242790222,0.468812972307205,0.537139713764191,-0.461175680160522
0.687253832817078,0.0817874670028686,1.08779883384705,0.527711153030396,0.469715893268585,0.538077473640442,-0.459739774465561
0.686811089515686,0.0823462754487991,1.08736991882324,0.524750173091888,0.477206140756607,0.532559156417847,-0.461835741996765
0.686010539531708,0.08290646225214,1.08731544017792,0.526223599910736,0.472261399030685,0.538373410701752,-0.458489030599594
0.685311555862427,0.0834539681673049,1.08728456497192,0.523724555969238,0.478866249322891,0.532537996768951,-0.461305886507034
0.684625685214996,0.0841614082455635,1.0875837802887,0.524041056632996,0.479314178228378,0.532543778419495,-0.460473716259003
0.683037161827087,0.0850755274295806,1.08730208873749,0.523095190525055,0.4814433157444,0.532790243625641,-0.459040611982346
0.682417213916779,0.0857636630535125,1.08699381351471,0.522906422615051,0.482138484716415,0.532029688358307,-0.459408015012741
0.681405425071716,0.0866693258285522,1.0869220495224,0.525380611419678,0.477368414402008,0.537696123123169,-0.454947710037231
0.67960786819458,0.0878007858991622,1.08662867546082,0.521211862564087,0.486838132143021,0.529767513275146,-0.458991646766663
0.678500235080719,0.0885240361094474,1.08654189109802,0.521117985248566,0.487514019012451,0.528682291507721,-0.459631770849228
0.676771759986877,0.0895968452095985,1.08641934394836,0.52077853679657,0.488974899053574,0.528068959712982,-0.459169238805771
0.675240039825439,0.0908073037862777,1.08622121810913,0.520192921161652,0.490891546010971,0.526467621326447,-0.459626704454422
0.673360586166382,0.0918819904327392,1.08588063716888,0.519760429859161,0.492229908704758,0.525267004966736,-0.460058212280273
0.671326398849487,0.0932861715555191,1.08598327636719,0.521609842777252,0.488470822572708,0.529833674430847,-0.456723093986511
0.669378936290741,0.0944732874631881,1.08524310588837,0.519739031791687,0.49467408657074,0.523122608661652,-0.459904044866562
0.667127788066864,0.0958057716488838,1.08529627323151,0.518073856830597,0.49802440404892,0.519965767860413,-0.461743295192719
0.664864063262939,0.0972554311156272,1.08496022224426,0.51783561706543,0.49905788898468,0.518054008483887,-0.463041841983795
0.662544965744019,0.0988129451870918,1.0842559337616,-0.517132997512817,-0.50104683637619,-0.515964090824127,0.464011430740356
0.659953057765961,0.100293874740601,1.08423733711243,0.519085645675659,0.496539086103439,0.520762801170349,-0.461308538913727
0.657448530197144,0.101946637034416,1.08354198932648,-0.515995442867279,-0.504283607006073,-0.511624038219452,0.46657007932663
0.654628753662109,0.103311032056808,1.08303761482239,-0.515089511871338,-0.505432963371277,-0.509917080402374,0.468193382024765
0.651816606521606,0.105186499655247,1.08306527137756,-0.51475328207016,-0.50716644525528,-0.507586300373077,0.469219893217087
0.649281322956085,0.107129521667957,1.08248329162598,-0.517045319080353,-0.502624452114105,-0.510908484458923,0.467980086803436
0.64631199836731,0.108893640339375,1.08211815357208,-0.513602733612061,-0.509986102581024,-0.50122082233429,0.474240779876709
0.642599165439606,0.110901646316051,1.08165657520294,-0.51227068901062,-0.512333869934082,-0.499123841524124,0.475361347198486
0.637755274772644,0.112681210041046,1.08073663711548,-0.509682178497314,-0.515361189842224,-0.498311191797256,0.475723534822464
0.637201249599457,0.114981919527054,1.08155143260956,-0.514658689498901,-0.508380353450775,-0.499108463525772,0.477039515972137
0.634184956550598,0.117044687271118,1.08142066001892,-0.512438178062439,-0.514240324497223,-0.489875823259354,0.482686161994934
0.631291270256042,0.120179042220116,1.08201909065247,-0.513397753238678,-0.515720844268799,-0.485309273004532,0.484695494174957
0.627563953399658,0.121402576565742,1.08126330375671,-0.511854648590088,-0.511674642562866,-0.48834416270256,0.48755931854248
0.624476134777069,0.123764976859093,1.08129060268402,-0.510447204113007,-0.516810834407806,-0.479860007762909,0.492020815610886
0.621250033378601,0.126274988055229,1.08150768280029,-0.513497948646545,-0.513098359107971,-0.48172453045845,0.490908920764923
0.618608891963959,0.129770696163177,1.08090507984161,-0.51037734746933,-0.521033704280853,-0.467467308044434,0.49951297044754
0.615313649177551,0.13223323225975,1.08094501495361,-0.51129025220871,-0.522038757801056,-0.46360245347023,0.501129269599915
0.611795902252197,0.134516283869743,1.08104705810547,-0.509285926818848,-0.523965954780579,-0.45817631483078,0.50612461566925
0.608576953411102,0.137250036001205,1.08122777938843,-0.51022607088089,-0.524282336235046,-0.453839957714081,0.508750319480896
0.605162262916565,0.1399305164814,1.08147001266479,-0.510509848594666,-0.525278508663177,-0.449690848588943,0.511116802692413
0.60181850194931,0.142527461051941,1.08174669742584,-0.511879503726959,-0.526397883892059,-0.446138262748718,0.511708319187164
0.598143637180328,0.144779056310654,1.08326172828674,-0.512716114521027,-0.526021718978882,-0.444284349679947,0.512869119644165
0.594666421413422,0.147270649671555,1.08343839645386,-0.510199785232544,-0.528783321380615,-0.438421279191971,0.517562985420227
0.594666421413422,0.147270649671555,1.08343839645386,-0.510199785232544,-0.528783321380615,-0.438421279191971,0.517562985420227
0.588158369064331,0.152687788009643,1.08397018909454,-0.512980997562408,-0.52960592508316,-0.427981585264206,0.522685050964355
0.584678411483765,0.155087873339653,1.08412206172943,-0.512671589851379,-0.530781090259552,-0.422988414764404,0.525851905345917
0.581502497196198,0.157973557710647,1.08432459831238,-0.51387232542038,-0.531287670135498,-0.417986959218979,0.528162479400635
0.577812194824219,0.160727575421333,1.08458542823792,-0.517295300960541,-0.527896285057068,-0.420151978731155,0.5265012383461
0.574482440948486,0.163226783275604,1.084796667099,-0.514848113059998,-0.533273696899414,-0.408825039863586,0.532365143299103
0.571945607662201,0.165575549006462,1.08506405353546,0.515571117401123,0.531859755516052,0.407834202051163,-0.533838093280792
0.567574799060822,0.168440654873848,1.08534371852875,0.518064737319946,0.531240403652191,0.406084924936295,-0.533373773097992
0.564874887466431,0.170359224081039,1.085444688797,0.5154128074646,0.535461962223053,0.394630640745163,-0.540274977684021
0.56052428483963,0.173298791050911,1.08564674854279,0.515088379383087,0.537215709686279,0.395601958036423,-0.538128793239594
0.558083474636078,0.175560817122459,1.08590459823608,0.519131600856781,0.537308633327484,0.38896244764328,-0.538990020751953
0.553398072719574,0.178087323904037,1.08601045608521,0.515174090862274,0.539747178554535,0.389278829097748,-0.540120840072632
0.549779176712036,0.180615484714508,1.08587610721588,0.513897895812988,0.544209897518158,0.378889679908752,-0.544230937957764
0.546735823154449,0.182646900415421,1.08616840839386,0.515410900115967,0.540629506111145,0.381834268569946,-0.544310450553894
0.542437255382538,0.184560537338257,1.08610928058624,0.509887516498566,0.548218190670013,0.372391521930695,-0.548448979854584
0.539631605148315,0.187027230858803,1.08642494678497,0.513661623001099,0.544696092605591,0.375726610422134,-0.546157121658325
0.539631605148315,0.187027230858803,1.08642494678497,0.513661623001099,0.544696092605591,0.375726610422134,-0.546157121658325
0.532236695289612,0.191134184598923,1.0862911939621,-0.511002361774445,-0.549174666404724,-0.371371507644653,0.547144651412964
0.528885722160339,0.193350568413734,1.08603036403656,-0.509816348552704,-0.551437437534332,-0.368714660406113,0.547771513462067
0.525348365306854,0.195112884044647,1.08586740493774,-0.506728887557983,-0.55461174249649,-0.36558797955513,0.549524366855621
0.521785259246826,0.197044014930725,1.0853226184845,-0.502545952796936,-0.559442460536957,-0.360032975673675,0.552130401134491
0.517369389533997,0.198922052979469,1.08541011810303,-0.500515401363373,-0.561551034450531,-0.361035108566284,0.551179170608521
0.513798713684082,0.200524151325226,1.08503019809723,-0.497061908245087,-0.564997792243958,-0.35919663310051,0.551982522010803
0.510482788085938,0.202393397688866,1.08417057991028,-0.492830991744995,-0.573259711265564,-0.354305297136307,0.550416886806488
0.506982326507568,0.203403919935226,1.08373486995697,-0.485772758722305,-0.577179491519928,-0.352052807807922,0.554028511047363
0.503775656223297,0.2053162753582,1.08433508872986,-0.490885764360428,-0.57525372505188,-0.354605078697205,0.54988157749176
0.498665452003479,0.205380514264107,1.08310902118683,-0.479551494121552,-0.584317207336426,-0.353049218654633,0.551325619220734
0.495516300201416,0.206411466002464,1.0820848941803,-0.469680547714233,-0.58802729845047,-0.347561448812485,0.559307932853699
0.492173731327057,0.206901222467422,1.08194780349731,-0.464178532361984,-0.591646015644073,-0.346966087818146,0.560453355312347
0.489152103662491,0.207891717553139,1.08142161369324,-0.463024228811264,-0.595194339752197,-0.349300384521484,0.556184887886047
0.486359447240829,0.208702400326729,1.08130741119385,-0.455705642700195,-0.597688376903534,-0.344582170248032,0.562462747097015
0.483393758535385,0.209124594926834,1.08096766471863,-0.450772047042847,-0.600679695606232,-0.343175828456879,0.564109027385712
0.480564504861832,0.209443658590317,1.08097803592682,-0.446438908576965,-0.603640496730804,-0.344241321086883,0.563745081424713
0.481162458658218,0.210715115070343,1.0820494890213,-0.443946033716202,-0.604805946350098,-0.340322464704513,0.566835403442383
0.476047217845917,0.210078030824661,1.08092761039734,-0.438453704118729,-0.610115468502045,-0.349236458539963,0.559956669807434
0.473742246627808,0.210261344909668,1.08101713657379,-0.433716028928757,-0.612102568149567,-0.346215009689331,0.563343703746796
0.471216350793839,0.202986538410187,1.07642650604248,-0.578595757484436,-0.544211089611053,-0.447724729776382,0.410613924264908
0.469884037971497,0.21007251739502,1.08110666275024,-0.428113877773285,-0.615350544452667,-0.351991385221481,0.560503721237183
0.467183232307434,0.212512463331223,1.0826404094696,0.286426424980164,0.651838183403015,0.214516893029213,-0.668617486953735
0.469225078821182,0.210456892848015,1.0819605588913,-0.424760192632675,-0.615685284137726,-0.348580062389374,0.564802944660187
0.465188354253769,0.20957650244236,1.08148050308228,-0.419414550065994,-0.6192986369133,-0.353908658027649,0.561524271965027
0.463298678398132,0.211462080478668,1.08297681808472,-0.376909762620926,-0.630899310112,-0.30722188949585,0.604582369327545
0.462540298700333,0.209129363298416,1.08164429664612,-0.415389657020569,-0.621333360671997,-0.354852020740509,0.561672866344452
0.461216688156128,0.211032897233963,1.08316123485565,-0.376654118299484,-0.631324827671051,-0.311755657196045,0.601970851421356
0.460620671510696,0.208757698535919,1.08214938640594,-0.413584232330322,-0.62187135219574,-0.358053773641586,0.560376346111298
0.459357798099518,0.210446119308472,1.08365941047668,-0.374019712209701,-0.632181763648987,-0.314016848802566,0.601538896560669
0.462084919214249,0.208898395299911,1.08316040039062,-0.415272355079651,-0.619058668613434,-0.357270419597626,0.562737107276917
0.458471983671188,0.207775443792343,1.08251667022705,-0.412375569343567,-0.621290564537048,-0.36469829082489,0.557619571685791
0.457963496446609,0.209703728556633,1.08397078514099,-0.37261438369751,-0.632012784481049,-0.316723793745041,0.601169109344482
0.458142220973969,0.207473203539848,1.0828253030777,-0.411808997392654,-0.620250940322876,-0.362986743450165,0.560306072235107
0.457998663187027,0.207068011164665,1.08285009860992,-0.413658052682877,-0.619541704654694,-0.366559833288193,0.557394862174988
0.457889556884766,0.206785500049591,1.08301866054535,-0.414229154586792,-0.618927776813507,-0.366980761289597,0.557375848293304
0.458260655403137,0.206555917859077,1.08302223682404,-0.415806382894516,-0.617611050605774,-0.366975396871567,0.557665526866913
0.458006978034973,0.20608888566494,1.08316969871521,-0.416288286447525,-0.617070853710175,-0.367108702659607,0.55781614780426
0.458117544651031,0.205517619848251,1.08360731601715,-0.417249381542206,-0.615938663482666,-0.367891073226929,0.557833969593048
0.45861005783081,0.205096766352654,1.08394920825958,-0.415960192680359,-0.615232586860657,-0.363519757986069,0.562422752380371
0.45861005783081,0.205096766352654,1.08394920825958,-0.415960192680359,-0.615232586860657,-0.363519757986069,0.562422752380371
0.459719836711883,0.203810214996338,1.08468627929688,-0.422412633895874,-0.611036717891693,-0.369030863046646,0.558585643768311
0.463378965854645,0.204100787639618,1.08582842350006,-0.42830029129982,-0.605915665626526,-0.366406202316284,0.56140148639679
0.460712105035782,0.204778000712395,1.08689785003662,-0.379678875207901,-0.620627045631409,-0.316844344139099,0.608502984046936
0.461592555046081,0.201791703701019,1.08587670326233,-0.428165227174759,-0.605911672115326,-0.369793832302094,0.559283792972565
0.46234792470932,0.203363448381424,1.08771800994873,-0.389273405075073,-0.615079700946808,-0.322302550077438,0.605197727680206
0.465874046087265,0.201345652341843,1.08785510063171,-0.436642467975616,-0.599235355854034,-0.367229491472244,0.561607360839844
0.463860064744949,0.201693877577782,1.08891844749451,-0.393289506435394,-0.611206471920013,-0.3238325715065,0.605708241462708
0.466455221176147,0.202057152986526,1.09067225456238,0.244561329483986,0.638299882411957,0.189037397503853,-0.705002129077911
0.467812031507492,0.202379658818245,1.09145212173462,0.309253334999084,0.612267076969147,0.240626081824303,-0.686724364757538
0.469957917928696,0.201455518603325,1.09186446666718,0.302350997924805,0.607869982719421,0.230608284473419,-0.697063803672791
0.469318866729736,0.200887009501457,1.0921323299408,0.297664165496826,0.607847511768341,0.224929675459862,-0.700945258140564
0.468077898025513,0.199509918689728,1.09198772907257,0.291299134492874,0.608728587627411,0.220764696598053,-0.704171419143677
0.468655228614807,0.198943853378296,1.092360496521,0.293413072824478,0.60669869184494,0.21964356303215,-0.705395102500916
0.469726473093033,0.198582500219345,1.09273135662079,0.291343569755554,0.605094790458679,0.21413978934288,-0.709311902523041
0.470049649477005,0.197720646858215,1.09357690811157,0.291060119867325,0.603979527950287,0.212041929364204,-0.711007058620453
0.470956027507782,0.19685722887516,1.09347784519196,0.288911581039429,0.602608740329742,0.20767168700695,-0.714328527450562
0.473692923784256,0.196938902139664,1.09423339366913,0.295347929000854,0.598068296909332,0.206576228141785,-0.715828418731689
0.472762852907181,0.196000039577484,1.09395921230316,0.29521244764328,0.598856806755066,0.206049472093582,-0.715376675128937
0.475592255592346,0.196250528097153,1.09508395195007,0.297670423984528,0.59499728679657,0.201332867145538,-0.718912839889526
0.47512498497963,0.191044211387634,1.09213519096375,-0.476983964443207,-0.577489256858826,-0.363386690616608,0.55402398109436
0.475892454385757,0.190476328134537,1.09213900566101,-0.476977527141571,-0.577180206775665,-0.36195781826973,0.555285513401031
0.47697114944458,0.189831763505936,1.09238660335541,-0.479120314121246,-0.575660824775696,-0.360692024230957,0.555841445922852
0.479829519987106,0.189625024795532,1.09368860721588,-0.484374910593033,-0.571335792541504,-0.35901340842247,0.556835651397705
0.480792164802551,0.189150422811508,1.09408974647522,-0.48680055141449,-0.569999575614929,-0.358093351125717,0.556682229042053
0.481874644756317,0.188393205404282,1.09366273880005,-0.489504814147949,-0.568252146244049,-0.35778620839119,0.556294560432434
0.483252495527267,0.187432780861854,1.09424948692322,-0.491461515426636,-0.566058039665222,-0.35719096660614,0.557188153266907
0.483194887638092,0.186593949794769,1.09423851966858,-0.492587268352508,-0.56574535369873,-0.358228355646133,0.555843949317932
0.484175175428391,0.185906365513801,1.09431147575378,-0.494604974985123,-0.564274489879608,-0.357513278722763,0.556007862091064
0.484175175428391,0.185906365513801,1.09431147575378,-0.494604974985123,-0.564274489879608,-0.357513278722763,0.556007862091064
0.485242635011673,0.184377685189247,1.09469330310822,-0.50330126285553,-0.555499136447906,-0.361985504627228,0.554143488407135
0.48740291595459,0.183578103780746,1.0949273109436,0.506468057632446,0.552954971790314,0.36261922121048,-0.553387939929962
0.486290067434311,0.182760506868362,1.09387338161469,-0.503487169742584,-0.556310534477234,-0.35923033952713,0.554953217506409
0.485086292028427,0.181607902050018,1.09370398521423,-0.50450998544693,-0.554788649082184,-0.364371478557587,0.552188873291016
0.487062692642212,0.181185692548752,1.0946136713028,0.507086992263794,0.552519261837006,0.363700717687607,-0.55254602432251
0.485416203737259,0.179511085152626,1.0942929983139,-0.504198491573334,-0.554296791553497,-0.365537643432617,0.55219691991806
0.485306680202484,0.179054886102676,1.09322667121887,-0.503928601741791,-0.555450737476349,-0.364899307489395,0.551705658435822
0.487151563167572,0.179153680801392,1.09374666213989,-0.506599247455597,-0.553277611732483,-0.363139182329178,0.552604079246521
0.485398024320602,0.177938550710678,1.09305155277252,-0.504742383956909,-0.554706275463104,-0.365697532892227,0.551181852817535
0.487312972545624,0.177995666861534,1.09395241737366,-0.505970418453217,-0.553271234035492,-0.363026261329651,0.553260207176208
0.485665410757065,0.176888972520828,1.09352087974548,-0.505112290382385,-0.554482758045197,-0.366364628076553,0.55062460899353
0.485087871551514,0.17579448223114,1.09272909164429,-0.503017008304596,-0.556026875972748,-0.367525935173035,0.550211489200592
0.487380266189575,0.176145255565643,1.09277558326721,-0.506771564483643,-0.553271532058716,-0.365429162979126,0.550939917564392
0.485525071620941,0.175049737095833,1.09273529052734,-0.504496455192566,-0.554990172386169,-0.368289977312088,0.549392223358154
0.48774391412735,0.175602301955223,1.09247851371765,-0.501137495040894,-0.559326529502869,-0.36035481095314,0.553316831588745
0.487306386232376,0.174524873495102,1.0919361114502,-0.498718321323395,-0.560153186321259,-0.360396057367325,0.554637789726257
0.487393528223038,0.174106404185295,1.09230279922485,-0.504190385341644,-0.55396032333374,-0.365323543548584,0.552683234214783
0.487814903259277,0.174033284187317,1.09192442893982,-0.505117774009705,-0.553396165370941,-0.36521902680397,0.552470743656158
0.48797407746315,0.173137009143829,1.09152221679688,-0.503147304058075,-0.555207312107086,-0.363411039113998,0.553642570972443
0.489242434501648,0.172478556632996,1.09182691574097,0.505461931228638,0.552289485931396,0.365298241376877,-0.553210377693176
0.489266842603683,0.172611147165298,1.09208154678345,0.507262229919434,0.550255954265594,0.36764869093895,-0.552030622959137
0.489417046308517,0.171782612800598,1.0916748046875,0.507079541683197,0.549484193325043,0.368793666362762,-0.55220353603363
0.491617500782013,0.17176142334938,1.09177768230438,0.512485921382904,0.545818328857422,0.368498504161835,-0.551044166088104
0.492214262485504,0.17128250002861,1.09155797958374,0.50995284318924,0.544943034648895,0.367226898670196,-0.555094540119171
0.490639626979828,0.170405000448227,1.09108924865723,0.506957828998566,0.547067046165466,0.368817865848541,-0.554693341255188
0.491883516311646,0.170229643583298,1.09132671356201,0.510279536247253,0.54529470205307,0.371510952711105,-0.551586866378784
0.492457360029221,0.169935822486877,1.09180355072021,0.510382175445557,0.544225692749023,0.370351701974869,-0.5533247590065
0.493149608373642,0.169652938842773,1.09175646305084,0.511330246925354,0.543109476566315,0.370825111865997,-0.553228914737701
0.494026720523834,0.168634533882141,1.09122931957245,0.51231724023819,0.54085773229599,0.372484594583511,-0.553406834602356
0.494471132755279,0.168314903974533,1.09130001068115,0.512755215167999,0.540023326873779,0.373329401016235,-0.553247094154358
0.494605243206024,0.168704614043236,1.09101438522339,0.512645483016968,0.54097855091095,0.372197419404984,-0.553177952766418
0.494605243206024,0.168704614043236,1.09101438522339,0.512645483016968,0.54097855091095,0.372197419404984,-0.553177952766418
0.495605766773224,0.168027490377426,1.09080445766449,0.514241993427277,0.539409756660461,0.373543113470078,-0.55232048034668
0.496068358421326,0.167989954352379,1.09076988697052,0.515101253986359,0.53890186548233,0.373865723609924,-0.551797151565552
0.496456772089005,0.167935788631439,1.09078288078308,0.516000628471375,0.538577258586884,0.375075966119766,-0.55045074224472
0.495208293199539,0.167234823107719,1.09033358097076,0.513645172119141,0.540539383888245,0.376742094755173,-0.549592077732086
0.495522528886795,0.167185068130493,1.09027743339539,0.513603031635284,0.540073394775391,0.375414848327637,-0.550996005535126
0.495830923318863,0.167206987738609,1.09017252922058,0.513834834098816,0.540059268474579,0.375100821256638,-0.551007688045502
0.498249500989914,0.167990028858185,1.09102690219879,0.517652571201324,0.537295520305634,0.37380650639534,-0.551015555858612
0.498482942581177,0.167991101741791,1.09095025062561,0.517688155174255,0.537412106990814,0.373470366001129,-0.551096379756927
0.498682647943497,0.167833968997002,1.09089577198029,0.517201781272888,0.537658274173737,0.373147368431091,-0.551531553268433
0.498852699995041,0.167794048786163,1.09077572822571,0.517144501209259,0.537777304649353,0.372949004173279,-0.551603376865387
0.498639434576034,0.167506709694862,1.09025371074677,0.515690982341766,0.538725793361664,0.372364372014999,-0.552433133125305
0.499340534210205,0.167807638645172,1.09008920192719,0.517002105712891,0.538251876831055,0.371819734573364,-0.552036046981812
0.499662220478058,0.167904525995254,1.08991098403931,0.518368661403656,0.538110971450806,0.373370409011841,-0.549841105937958
0.499432027339935,0.167496412992477,1.08972465991974,0.516918003559113,0.538434684276581,0.372517019510269,-0.551466107368469
0.49956950545311,0.16735315322876,1.08957290649414,0.516809642314911,0.538376271724701,0.372801303863525,-0.551432549953461
0.497984319925308,0.166396617889404,1.08891725540161,0.51468163728714,0.539535045623779,0.375035673379898,-0.55077463388443
0.498436152935028,0.166323661804199,1.08958196640015,0.516019821166992,0.538297832012177,0.376385271549225,-0.549812078475952
0.498490661382675,0.166036248207092,1.08926701545715,0.515067338943481,0.53870564699173,0.376358896493912,-0.550323605537415
0.498490661382675,0.166036248207092,1.08926701545715,0.515067338943481,0.53870564699173,0.376358896493912,-0.550323605537415
0.49859419465065,0.165383219718933,1.08891010284424,0.513705134391785,0.539015352725983,0.373775631189346,-0.553047299385071
0.498547434806824,0.165156170725822,1.08882880210876,0.513475179672241,0.539026618003845,0.374224483966827,-0.5529465675354
0.50074714422226,0.165507167577744,1.08815801143646,0.515863597393036,0.536874353885651,0.37199792265892,-0.554317772388458
0.500585794448853,0.16595932841301,1.08852303028107,0.515914678573608,0.537802696228027,0.371618419885635,-0.553624629974365
0.500583410263062,0.164781481027603,1.08804559707642,0.514806509017944,0.537059962749481,0.37279412150383,-0.554585874080658
0.500671029090881,0.164843887090683,1.0882226228714,0.51557731628418,0.537433922290802,0.374842017889023,-0.552121877670288
0.500492990016937,0.164414584636688,1.08816885948181,0.514174163341522,0.538105070590973,0.374603718519211,-0.552937686443329
0.500446140766144,0.16421540081501,1.08817887306213,0.513729572296143,0.538360118865967,0.374581903219223,-0.553117156028748
0.499819576740265,0.164387822151184,1.088334441185,0.514264583587646,0.538145303726196,0.376651078462601,-0.551421642303467
0.499686002731323,0.164242267608642,1.08830440044403,0.513841331005096,0.538522481918335,0.376610726118088,-0.551475465297699
0.499836713075638,0.163753896951675,1.08804953098297,0.51302045583725,0.538381814956665,0.376462459564209,-0.552477478981018
0.499664545059204,0.163605093955994,1.08799946308136,0.512540578842163,0.538794159889221,0.376266121864319,-0.552654445171356
0.499055325984955,0.163820177316666,1.08815217018127,0.512425720691681,0.540164828300476,0.376330405473709,-0.551377594470978
0.496954917907715,0.162910327315331,1.08766794204712,0.509353220462799,0.542487382888794,0.37830325961113,-0.550593674182892
0.496815741062164,0.16279262304306,1.0876293182373,0.508642196655273,0.543287396430969,0.377582043409347,-0.550957202911377
0.496672064065933,0.162665218114853,1.08760845661163,0.508173584938049,0.543808162212372,0.377022683620453,-0.55125904083252
0.496459156274795,0.162518799304962,1.0875746011734,0.507994472980499,0.544018268585205,0.376581132411957,-0.551518380641937
0.496255218982696,0.162358373403549,1.08752179145813,0.507804453372955,0.544246673583984,0.376390129327774,-0.551598489284515
0.495968371629715,0.162079602479935,1.08764708042145,0.507212519645691,0.544553160667419,0.376272201538086,-0.551920771598816
0.495865911245346,0.162039294838905,1.08741116523743,0.507164895534515,0.544819056987762,0.375691324472427,-0.552097916603088
0.495672702789307,0.161901742219925,1.0873875617981,0.507048010826111,0.544929504394531,0.375241011381149,-0.552402317523956
0.495672702789307,0.161901742219925,1.0873875617981,0.507048010826111,0.544929504394531,0.375241011381149,-0.552402317523956
0.496885359287262,0.162069886922836,1.08766794204712,0.508765041828156,0.54362678527832,0.37286850810051,-0.55371218919754
0.498351752758026,0.161988139152527,1.08773171901703,0.510643005371094,0.541431665420532,0.371204376220703,-0.55525016784668
0.496732801198959,0.161973387002945,1.0877879858017,0.509192287921906,0.543640553951263,0.3716601729393,-0.55411821603775
0.496663719415665,0.160892307758331,1.08727133274078,0.508489489555359,0.542729556560516,0.371997058391571,-0.555428802967072
0.496523022651672,0.160722196102142,1.08729529380798,0.509125053882599,0.54274594783783,0.372150480747223,-0.554727375507355
0.496331036090851,0.160480439662933,1.08734393119812,0.508774220943451,0.54295414686203,0.371650159358978,-0.55518102645874
0.496175736188888,0.160403862595558,1.08740711212158,0.508694887161255,0.543139517307281,0.37093523144722,-0.555550277233124
0.495914489030838,0.160183817148209,1.0873966217041,0.508772373199463,0.543011903762817,0.370604813098907,-0.555824279785156
0.493418991565704,0.159709930419922,1.08716452121735,0.506606698036194,0.545569181442261,0.372652798891068,-0.553926110267639
0.49313947558403,0.159367680549621,1.0872106552124,0.505750417709351,0.545934677124023,0.3717001080513,-0.554987192153931
0.493007659912109,0.159271195530891,1.08746600151062,0.506756842136383,0.546043694019318,0.373004555702209,-0.553083479404449
0.492774665355682,0.159187763929367,1.08752346038818,0.506114423274994,0.545944154262543,0.370656281709671,-0.555344104766846
0.492557317018509,0.15902903676033,1.08757758140564,0.506145417690277,0.545937418937683,0.370201975107193,-0.555625557899475
0.492368042469025,0.159042507410049,1.08770143985748,0.500896394252777,0.549174964427948,0.369935125112534,-0.557366728782654
0.494122862815857,0.159981697797775,1.08831119537354,0.503822863101959,0.547529339790344,0.366892784833908,-0.558358192443848
0.493443816900253,0.159447073936462,1.0881222486496,0.508010923862457,0.5455721616745,0.366228848695755,-0.556913316249847
0.493182718753815,0.159273147583008,1.08820533752441,0.508073627948761,0.545572996139526,0.365657657384872,-0.557230532169342
0.493182718753815,0.159273147583008,1.08820533752441,0.508073627948761,0.545572996139526,0.365657657384872,-0.557230532169342
0.492492496967316,0.158645391464233,1.08826041221619,0.506925702095032,0.546023726463318,0.364486187696457,-0.558600425720215
0.492137879133224,0.158628523349762,1.08817839622498,0.507099390029907,0.546029686927795,0.365282982587814,-0.557915925979614
0.492137879133224,0.158628523349762,1.08817839622498,0.507099390029907,0.546029686927795,0.365282982587814,-0.557915925979614
0.491940557956696,0.158566504716873,1.08850848674774,0.507505238056183,0.546045005321503,0.362600237131119,-0.559280395507812
0.491696059703827,0.158458977937698,1.08857846260071,0.507086575031281,0.546136915683746,0.361769199371338,-0.560108065605164
0.491419970989227,0.158322751522064,1.088618516922,0.506893694400787,0.546296536922455,0.361165910959244,-0.560516059398651
0.490983158349991,0.158181697130203,1.08866429328918,0.506406724452972,0.546747922897339,0.360564708709717,-0.560903012752533
0.490701049566269,0.157988607883453,1.08869564533234,0.506270408630371,0.546732366085052,0.360177576541901,-0.561289846897125
0.490429699420929,0.157882183790207,1.08871114253998,0.506487011909485,0.54660552740097,0.359837651252747,-0.56143593788147
0.490078926086426,0.157699853181839,1.08874928951263,0.506210386753082,0.546745717525482,0.359648019075394,-0.561670362949371
0.489749670028687,0.15756031870842,1.08876597881317,0.505976796150208,0.546893417835236,0.359494119882584,-0.56183534860611
0.489659547805786,0.156746193766594,1.08845257759094,0.504914879798889,0.546252131462097,0.359449446201324,-0.563441097736359
0.486830294132233,0.155971795320511,1.08810353279114,0.497005254030228,0.551341652870178,0.362503528594971,-0.563559532165527
0.486472934484482,0.155854493379593,1.08792901039124,0.501329839229584,0.549197435379028,0.362417101860046,-0.561876118183136
0.488594889640808,0.157106071710586,1.0887463092804,0.505271136760712,0.547035992145538,0.358179807662964,-0.563169658184052
0.489626795053482,0.156796991825104,1.08873748779297,0.506350517272949,0.545054078102112,0.357420325279236,-0.564602255821228
0.487886488437653,0.156891703605652,1.08886742591858,0.504729807376862,0.547429859638214,0.357772767543793,-0.563530921936035
0.487688064575195,0.156793922185898,1.08892548084259,0.502807915210724,0.549802124500275,0.354836076498032,-0.564794838428497
0.487388700246811,0.156726852059364,1.08902490139008,0.504000961780548,0.54756486415863,0.356612116098404,-0.564786195755005
0.48709025979042,0.15650799870491,1.08929109573364,0.503576099872589,0.547618865966797,0.356635689735413,-0.56509792804718
0.486788302659988,0.156184211373329,1.08927798271179,0.503833591938019,0.546705365180969,0.357022047042847,-0.565509021282196
0.4862459897995,0.155738592147827,1.08913350105286,0.503063380718231,0.546863198280334,0.357483237981796,-0.565750479698181
0.486063450574875,0.155592411756516,1.08920431137085,0.503137946128845,0.546560049057007,0.357338458299637,-0.566068649291992
0.485943377017975,0.155548438429832,1.08926606178284,0.503130078315735,0.54645562171936,0.357087939977646,-0.566334307193756
0.485836118459701,0.155506446957588,1.08933424949646,0.503046989440918,0.546367526054382,0.356798261404037,-0.56667572259903
0.485751688480377,0.155467167496681,1.08942103385925,0.503028333187103,0.546263456344604,0.356477797031403,-0.566994190216064
0.485659301280975,0.155410498380661,1.08949828147888,0.502868473529816,0.546049416065216,0.355810850858688,-0.567760407924652
0.485668838024139,0.155439734458923,1.08961045742035,0.503170311450958,0.545682549476624,0.355181843042374,-0.568239390850067
0.48597839474678,0.15586331486702,1.08990550041199,0.503860294818878,0.545457243919373,0.353834092617035,-0.568685233592987
0.486041694879532,0.155931696295738,1.08998823165894,0.503966391086578,0.545359551906586,0.352918148040771,-0.56925356388092
0.486041694879532,0.155931696295738,1.08998823165894,0.503966391086578,0.545359551906586,0.352918148040771,-0.56925356388092
0.486322492361069,0.156112492084503,1.09016394615173,0.505233585834503,0.54485023021698,0.352300077676773,-0.569000780582428
0.484122842550278,0.155152425169945,1.08965694904327,0.502002775669098,0.546426475048065,0.352425634860992,-0.570269763469696
0.486548095941544,0.156118422746658,1.09028959274292,0.503636598587036,0.546082139015198,0.346042692661285,-0.573061108589172
0.486807852983475,0.156223744153976,1.09043288230896,0.506313860416412,0.543469965457916,0.348004102706909,-0.571996450424194
0.485649168491364,0.155892834067345,1.09027552604675,0.504970669746399,0.544177949428558,0.34633195400238,-0.573523700237274
0.488002836704254,0.155631273984909,1.09012532234192,0.507928252220154,0.539960622787476,0.34351310133934,-0.576585233211517
0.488269627094269,0.157057762145996,1.09098649024963,0.509822130203247,0.540527999401093,0.339946031570435,-0.576496005058289
0.488781869411469,0.157343864440918,1.0912070274353,0.511247575283051,0.539567649364471,0.337381660938263,-0.577638626098633
0.489502310752869,0.158003181219101,1.0916668176651,0.512840330600739,0.538894534111023,0.333623200654984,-0.579036235809326
0.489580392837524,0.158128798007965,1.09179544448853,0.514234662055969,0.538037240505219,0.331395030021667,-0.579875826835632
0.488865464925766,0.159403041005134,1.09265160560608,0.542197167873383,0.510746657848358,0.365091323852539,-0.558452010154724
0.491041332483292,0.159218609333038,1.09258341789246,0.519274652004242,0.535380601882935,0.324964970350266,-0.581480383872986
0.491140693426132,0.158990070223808,1.09251856803894,0.519509673118591,0.534977197647095,0.319927632808685,-0.58442747592926
0.491475313901901,0.159346714615822,1.09282433986664,0.52110892534256,0.533771157264709,0.315888851881027,-0.586300492286682
0.490152508020401,0.15932223200798,1.0929149389267,0.523173093795776,0.53353363275528,0.317063122987747,-0.584040105342865
0.492254078388214,0.159759283065796,1.09330558776855,0.52770334482193,0.529821813106537,0.313161551952362,-0.585446953773499
0.49255508184433,0.16075299680233,1.09405076503754,0.530497789382935,0.529070138931274,0.308665484189987,-0.585988581180573
0.493169754743576,0.161431759595871,1.09467172622681,0.532874405384064,0.527904331684113,0.303882151842117,-0.587382018566132
0.493436425924301,0.161736860871315,1.09502398967743,0.535889208316803,0.526158452033997,0.300477743148804,-0.587956845760345
0.493273735046387,0.161660626530647,1.09514927864075,0.537100195884705,0.525323033332825,0.296409785747528,-0.589661121368408
0.493266224861145,0.161820858716965,1.09540486335754,0.539191246032715,0.523906469345093,0.29261103272438,-0.59090918302536
0.493312001228333,0.162066221237183,1.09574127197266,0.541367948055267,0.522881984710693,0.288704633712768,-0.591747343540192
0.491483360528946,0.161667019128799,1.09561538696289,0.541457533836365,0.523442566394806,0.286301285028458,-0.592337191104889
0.491363883018494,0.161766290664673,1.09587216377258,0.543061971664429,0.522252321243286,0.281966537237167,-0.593995809555054
0.491243958473206,0.162243157625198,1.0955468416214,0.544945120811462,0.521425426006317,0.277265787124634,-0.595209181308746
0.490675359964371,0.162308484315872,1.09567546844482,0.546924412250519,0.521323263645172,0.274331271648407,-0.594843029975891
0.492357522249222,0.162884265184402,1.09705126285553,0.550657629966736,0.517092525959015,0.268663197755814,-0.597671926021576
0.490060180425644,0.162013739347458,1.09672975540161,0.548867762088776,0.518608868122101,0.266046315431595,-0.599173247814178
0.491753935813904,0.162990629673004,1.09749066829681,0.552959740161896,0.515320003032684,0.259754419326782,-0.601006269454956
0.491337031126022,0.162939995527267,1.09757876396179,0.554050266742706,0.514264643192291,0.255814731121063,-0.602593660354614
0.490865230560303,0.162848472595215,1.09760522842407,0.554928123950958,0.513306677341461,0.251634031534195,-0.604360163211823
0.490242302417755,0.161859944462776,1.09701299667358,0.557844698429108,0.509598255157471,0.248233765363693,-0.606216967105865
0.489747673273086,0.161793917417526,1.09702336788177,0.558535933494568,0.508848011493683,0.243854284286499,-0.60798567533493
0.488916605710983,0.161032378673553,1.09658002853394,0.559171557426453,0.507353961467743,0.240466311573982,-0.60999596118927
0.486729681491852,0.161783456802368,1.09711396694183,0.559169471263885,0.512017607688904,0.237234592437744,-0.607361018657684
0.486136585474014,0.161628216505051,1.09703195095062,0.55900365114212,0.511057674884796,0.23265352845192,-0.610088229179382
0.485171943902969,0.161752417683601,1.09702277183533,0.561073303222656,0.510946452617645,0.228828236460686,-0.60972797870636
0.485986351966858,0.162042379379272,1.09736156463623,0.563845276832581,0.508585453033447,0.223317667841911,-0.61118620634079
0.483094900846481,0.16103932261467,1.09677731990814,0.563300013542175,0.510078430175781,0.221903726458549,-0.610959768295288
0.48453414440155,0.162063777446747,1.09744143486023,0.566352069377899,0.507087349891663,0.21201890707016,-0.614130258560181
0.483499318361282,0.161944329738617,1.09747743606567,0.567167162895203,0.506329596042633,0.206827417016029,-0.615771234035492
0.482601851224899,0.161798119544983,1.09746742248535,0.569856941699982,0.505304753780365,0.202469438314438,-0.615578174591064
0.479225248098373,0.161173328757286,1.09725201129913,0.572644472122192,0.507851481437683,0.201927959918976,-0.611056566238403
0.479280352592468,0.160994082689285,1.09720039367676,0.576816916465759,0.503277003765106,0.193653583526611,-0.613590121269226
0.477593272924423,0.16073502600193,1.09718501567841,0.576697170734406,0.504198968410492,0.188308030366897,-0.614608883857727
0.474181562662125,0.160463392734528,1.09715473651886,0.577806055545807,0.505406856536865,0.18351848423481,-0.614023745059967
0.47262179851532,0.160546183586121,1.09700512886047,0.583263993263245,0.503272294998169,0.175541669130325,-0.61294811964035
0.470118850469589,0.159667700529099,1.0973287820816,0.580889225006104,0.504603743553162,0.169519618153572,-0.615796983242035
0.467429041862488,0.15942445397377,1.09763395786285,0.583231031894684,0.504919350147247,0.163712561130524,-0.614895224571228
0.464691370725632,0.158696234226227,1.09766638278961,0.584649324417114,0.502985775470734,0.153957366943359,-0.617646932601929
0.462092727422714,0.158061280846596,1.09773397445679,0.585632860660553,0.502152323722839,0.145471125841141,-0.619447588920593
0.458587408065796,0.157302707433701,1.09801423549652,0.587395787239075,0.500991344451904,0.135762974619865,-0.620920658111572
0.455320924520492,0.156419813632965,1.09831190109253,0.588378429412842,0.499412566423416,0.126428037881851,-0.62322872877121
0.451711118221283,0.155277222394943,1.09806108474731,0.587946951389313,0.496775925159454,0.116592869162559,-0.627645015716553
0.448686331510544,0.154428422451019,1.09826266765594,0.593394577503204,0.493528068065643,0.107903398573399,-0.626633822917938
0.444060176610947,0.152771919965744,1.09843993186951,0.599905788898468,0.492153942584991,0.0977405756711959,-0.623172700405121
0.439883828163147,0.151217237114906,1.09864842891693,0.596610128879547,0.490205019712448,0.0875521153211593,-0.629356861114502
0.436379849910736,0.150414884090424,1.09931266307831,0.586875319480896,0.478851705789566,0.0648495778441429,-0.649671494960785
0.431821405887604,0.148563086986542,1.09969067573547,0.588308811187744,0.47470435500145,0.0530749671161174,-0.652481198310852
0.428242295980453,0.148624747991562,1.1013435125351,0.568227469921112,0.465206354856491,0.0308900121599435,-0.678045988082886
0.423819601535797,0.147285044193268,1.10181713104248,0.550078094005585,0.456446349620819,0.0118434214964509,-0.699235677719116
0.418796539306641,0.145176157355309,1.10241854190826,0.539758861064911,0.44758328795433,-0.0026081767864525,-0.712967693805695
0.413492918014526,0.142138838768005,1.10302984714508,0.531492948532104,0.437521994113922,-0.0164277646690607,-0.725134491920471
0.408147364854813,0.13970148563385,1.1040164232254,0.531428933143616,0.430026561021805,-0.0258190147578716,-0.729379117488861
0.408147364854813,0.13970148563385,1.1040164232254,0.531428933143616,0.430026561021805,-0.0258190147578716,-0.729379117488861
0.395486384630203,0.131304681301117,1.10454940795898,0.60789293050766,0.447131663560867,-0.0219071507453918,-0.655789434909821
0.39098060131073,0.130249887704849,1.10625243186951,0.5826016664505,0.434233456850052,-0.0435907430946826,-0.685650408267975
0.385500758886337,0.127525806427002,1.10745620727539,0.566872000694275,0.421354830265045,-0.0595357827842235,-0.705387711524963
0.379800647497177,0.124304912984371,1.10877752304077,0.554616332054138,0.40941047668457,-0.0735502764582634,-0.720676183700562
0.37257981300354,0.118254378437996,1.10946249961853,0.608106672763824,0.422066152095795,-0.0710663795471191,-0.668592691421509
0.367815375328064,0.115924887359142,1.11122465133667,0.585098564624786,0.407179981470108,-0.0890518873929977,-0.69565361738205
0.360839188098907,0.109802007675171,1.11248660087585,0.600129425525665,0.409863084554672,-0.0931059345602989,-0.680579423904419
0.355129897594452,0.106047868728638,1.11416923999786,0.602738797664642,0.401825278997421,-0.106646716594696,-0.681079208850861
0.349387377500534,0.102004438638687,1.11598181724548,0.594148337841034,0.392251133918762,-0.11873422563076,-0.692119300365448
0.343689382076263,0.0978709384799003,1.11795663833618,0.590938210487366,0.383717268705368,-0.130226776003838,-0.697563052177429
0.343689382076263,0.0978709384799003,1.11795663833618,0.590938210487366,0.383717268705368,-0.130226776003838,-0.697563052177429
0.33217042684555,0.0897240042686462,1.12260782718658,0.58303701877594,0.366626530885696,-0.151390090584755,-0.709037184715271
0.326550543308258,0.0857244431972503,1.1251894235611,0.577791213989258,0.359683901071548,-0.161637082695961,-0.714603543281555
0.321181774139404,0.0812806561589241,1.12776291370392,0.573240578174591,0.351021438837051,-0.170784890651703,-0.720424711704254
0.315966159105301,0.0769894495606422,1.1306414604187,0.568010449409485,0.342206686735153,-0.178919315338135,-0.726805806159973
0.310941517353058,0.0730404406785965,1.13384592533112,0.562483012676239,0.336265861988068,-0.185260385274887,-0.732268154621124
0.305896878242493,0.0688530951738357,1.13723850250244,0.55691534280777,0.328863084316254,-0.191682100296021,-0.738208889961243
0.300734102725983,0.0640131384134292,1.14048671722412,0.547703802585602,0.320666939020157,-0.200193017721176,-0.746402084827423
0.295546531677246,0.0593564882874488,1.14374971389771,0.54438978433609,0.315847158432007,-0.201242968440056,-0.750587522983551
0.295546531677246,0.0593564882874488,1.14374971389771,0.54438978433609,0.315847158432007,-0.201242968440056,-0.750587522983551
0.285966128110886,0.0508032366633415,1.15163612365723,0.529569149017334,0.30706587433815,-0.208662807941437,-0.762710213661194
0.281083643436432,0.0468019805848598,1.15558350086212,0.52762907743454,0.306295484304428,-0.213572219014168,-0.763005614280701
0.276841104030609,0.042135514318943,1.15991282463074,0.519223988056183,0.304305583238602,-0.213426038622856,-0.76958042383194
0.272251605987549,0.0370589345693588,1.16447520256042,0.508552610874176,0.303276866674423,-0.214029520750046,-0.77690976858139
0.268324285745621,0.0329935513436794,1.16900372505188,0.491645663976669,0.296798169612885,-0.214972108602524,-0.789925694465637
0.264514029026031,0.0288365855813026,1.17366349697113,0.481855690479279,0.297878503799438,-0.211645320057869,-0.796423137187958
0.260608375072479,0.0243395119905471,1.17757391929626,0.471205800771713,0.29876971244812,-0.209663838148117,-0.802958905696869
0.260608375072479,0.0243395119905471,1.17757391929626,0.471205800771713,0.29876971244812,-0.209663838148117,-0.802958905696869
0.253618270158768,0.0152690038084983,1.18627977371216,0.4558065533638,0.312576979398727,-0.200883463025093,-0.808815062046051
0.250526249408722,0.0116218514740467,1.18996775150299,0.436366736888885,0.305991530418396,-0.202697440981865,-0.821502923965454
0.247888848185539,0.0077152624726295,1.19387519359589,0.426687687635422,0.310187071561813,-0.197156324982643,-0.826347947120667
0.245117709040642,0.0037795081734657,1.19703090190887,0.413053125143051,0.311951130628586,-0.195531517267227,-0.832971334457397
0.242813900113106,0.000278303399682,1.20005786418915,0.401985645294189,0.315194338560104,-0.192179724574089,-0.837930202484131
0.240709766745567,-0.0030265375971794,1.20278358459473,0.391611367464065,0.318377643823624,-0.188801884651184,-0.842395424842834
0.238674119114876,-0.0062872897833585,1.20500731468201,0.380450338125229,0.320164024829865,-0.186097487807274,-0.847419798374176
0.238674119114876,-0.0062872897833585,1.20500731468201,0.380450338125229,0.320164024829865,-0.186097487807274,-0.847419798374176
0.235443219542503,-0.011335864663124,1.20854163169861,0.36407682299614,0.327439844608307,-0.177864402532577,-0.853578090667725
0.23409703373909,-0.0133254919201135,1.20975291728973,0.355303227901459,0.329213559627533,-0.175396099686623,-0.857096493244171
0.233046650886536,-0.0154510326683521,1.21050763130188,0.347979992628097,0.330925524234772,-0.17322763800621,-0.859878122806549
0.232173681259155,-0.0167334377765655,1.21099376678467,0.343377619981766,0.333102136850357,-0.170315504074097,-0.861468255519867
0.231616571545601,-0.0182331353425979,1.21136355400085,0.33756485581398,0.334179192781448,-0.166600868105888,-0.864070773124695
0.230767130851746,-0.0190921835601329,1.21145594120026,0.334076642990112,0.336480885744095,-0.163471892476082,-0.865130305290222
0.230374172329903,-0.02000611461699,1.21089625358582,0.333695977926254,0.337998509407043,-0.157837212085724,-0.865731775760651
0.230430528521538,-0.0211644284427166,1.21031904220581,0.32950547337532,0.338007688522339,-0.155059427022934,-0.867832720279694
0.230688840150833,-0.0214639697223901,1.20926022529602,0.328819692134857,0.337222397327423,-0.152262404561043,-0.868892908096313
0.230703219771385,-0.0231464765965938,1.20829510688782,0.328230828046799,0.337701261043549,-0.145627170801163,-0.870066165924072
0.23124372959137,-0.0234514493495225,1.20709955692291,0.328427135944366,0.338998377323151,-0.139813631772995,-0.870441198348999
0.231714144349098,-0.0234297793358564,1.20590615272522,0.330244958400726,0.340520411729813,-0.134828582406044,-0.869945585727692
0.232210114598274,-0.0233081188052892,1.20496094226837,0.331373065710068,0.342546254396439,-0.128639966249466,-0.869658470153809
0.232830882072449,-0.0230144504457712,1.20373356342316,0.332147300243378,0.343292236328125,-0.125311061739921,-0.869554936885834
0.234396278858185,-0.0208317209035158,1.20190382003784,0.334975779056549,0.343784809112549,-0.123874597251415,-0.868480503559113
0.233984500169754,-0.023629168048501,1.20216512680054,0.354728102684021,0.359759926795959,-0.108498208224773,-0.85613602399826
0.234899371862411,-0.0225301515311002,1.20115482807159,0.335330992937088,0.350093156099319,-0.109274417161942,-0.867782950401306
0.237235829234123,-0.0191180035471916,1.19879424571991,0.34356290102005,0.349999666213989,-0.106833338737488,-0.864899694919586
0.237941756844521,-0.018755592405796,1.19778263568878,0.343687504529953,0.351482748985291,-0.104008056223392,-0.864593088626862
0.239018931984901,-0.0178223364055156,1.19669842720032,0.349673926830292,0.354470074176788,-0.0986383333802223,-0.861597180366516
0.240034326910973,-0.0170652195811271,1.19587528705597,0.356106758117676,0.357032567262649,-0.0904832407832145,-0.858794927597046
0.241479024291039,-0.0160230174660682,1.19443011283875,0.359921336174011,0.358128607273102,-0.0876558795571327,-0.857039749622345
0.242818608880043,-0.0151618681848049,1.19329786300659,0.364898920059204,0.359899193048477,-0.0817310288548469,-0.854775607585907
0.244082599878311,-0.0143154263496398,1.19220006465912,0.371833562850952,0.361790478229523,-0.0757570043206214,-0.851532876491547
0.245999306440353,-0.0132163129746913,1.19106209278107,0.38120499253273,0.363135933876038,-0.0691983699798584,-0.847364604473114
0.247135624289513,-0.0127588436007499,1.18995594978333,0.390330344438553,0.364604651927948,-0.060904823243618,-0.84320604801178
0.248567998409271,-0.0118563920259475,1.18854355812073,0.39989361166954,0.365390717983246,-0.0562426149845123,-0.838696300983429
0.250156164169312,-0.0108561031520366,1.18717443943024,0.407080680131912,0.364750176668167,-0.0520348399877548,-0.835784196853638
0.251544713973999,-0.0102915726602077,1.18559730052948,0.413432508707047,0.36404687166214,-0.0488795042037963,-0.833159267902374
0.253427267074585,-0.0083550438284873,1.18382596969604,0.419915348291397,0.362969309091568,-0.0493814833462238,-0.830352902412415
0.255181759595871,-0.0085879862308502,1.182412981987,0.422263503074646,0.35884565114975,-0.0458027645945549,-0.831159114837646
0.254835665225983,-0.0081904456019401,1.18328499794006,0.416828274726868,0.362829118967056,-0.0467199720442295,-0.832121729850769
0.256239175796509,-0.0073919855058193,1.18255829811096,0.414506196975708,0.362079203128815,-0.0500119961798191,-0.833415925502777
0.257544189691544,-0.0067296847701072,1.18216371536255,0.419262737035751,0.363761812448502,-0.050923902541399,-0.830242693424225
0.257544189691544,-0.0067296847701072,1.18216371536255,0.419262737035751,0.363761812448502,-0.050923902541399,-0.830242693424225
0.259900748729706,-0.005126666277647,1.1808830499649,0.413114070892334,0.361055016517639,-0.0563414841890335,-0.834147334098816
0.260989308357239,-0.0047547556459903,1.18064546585083,0.411225289106369,0.359810650348663,-0.0585013553500175,-0.835468530654907
0.262335479259491,-0.0038435757160186,1.18034875392914,0.410852670669556,0.359341531991959,-0.0600708462297916,-0.835742294788361
0.263466477394104,-0.0030946359038352,1.18028712272644,0.408870667219162,0.357585191726685,-0.0622554682195186,-0.837306380271912
0.264875948429108,-0.0020123943686485,1.18056201934814,0.412171572446823,0.357772588729858,-0.0626864805817604,-0.835573971271515
0.26626056432724,-0.0013030990958213,1.18061542510986,0.410755157470703,0.356087565422058,-0.0629884749650955,-0.836967349052429
0.267313480377197,-0.000245377421379,1.18050336837769,0.414428859949112,0.355522036552429,-0.0621071271598339,-0.835461318492889
0.271250009536743,0.0011378750205039,1.17694067955017,0.421636432409286,0.346529930830002,-0.0656640380620956,-0.835360944271088
0.272282809019089,0.0024301037192344,1.17655670642853,0.421514958143234,0.344722300767899,-0.0683611333370208,-0.835953652858734
0.273733258247375,0.0037736073136329,1.17614018917084,0.422655612230301,0.342880010604858,-0.069769449532032,-0.836018979549408
0.275027900934219,0.0053001418709754,1.17555046081543,0.425490170717239,0.341387569904327,-0.0712412372231483,-0.835067212581635
0.27632087469101,0.0065874829888343,1.17507994174957,0.428622275590897,0.340408027172089,-0.0720272660255432,-0.833796977996826
0.27632087469101,0.0065874829888343,1.17507994174957,0.428622275590897,0.340408027172089,-0.0720272660255432,-0.833796977996826
0.279244959354401,0.0101749300956726,1.173419713974,0.433815121650696,0.336476534605026,-0.0764794200658798,-0.832309424877167
0.282867431640625,0.0112078413367271,1.17649173736572,0.433694660663605,0.333604693412781,-0.0697027146816253,-0.834121346473694
0.284693837165833,0.0129452124238014,1.17605066299438,0.441791504621506,0.335631191730499,-0.070038117468357,-0.829015493392944
0.286826729774475,0.0147693380713462,1.1757105588913,0.444709420204163,0.334142357110977,-0.0702429413795471,-0.828038811683655
0.287952542304993,0.0137883201241493,1.17508006095886,0.4496810734272,0.331857919692993,-0.0633567124605178,-0.826827228069305
0.291059881448746,0.0193352028727531,1.17481553554535,0.454533636569977,0.33185663819313,-0.0704812258481979,-0.823591411113739
0.293607831001282,0.0217169523239135,1.17461574077606,0.460386097431183,0.331635534763336,-0.0694358795881271,-0.820512771606445
0.296099096536636,0.0245755985379219,1.1740015745163,0.46901261806488,0.33074101805687,-0.0665377900004386,-0.816217124462128
0.297305941581726,0.0242873504757881,1.17282056808472,0.471245318651199,0.328234642744064,-0.063398003578186,-0.816192746162415
0.299745202064514,0.0273756757378578,1.17202925682068,0.470424503087997,0.327259093523026,-0.0681902393698692,-0.81667160987854
0.302627742290497,0.0304571911692619,1.17143774032593,0.473520874977112,0.327087312936783,-0.0689862594008445,-0.814882159233093
0.306986898183823,0.0362346246838569,1.17133665084839,0.478476077318191,0.327529847621918,-0.0738538280129432,-0.811375617980957
0.309749722480774,0.039341889321804,1.17036986351013,0.485348135232925,0.326837569475174,-0.0760601982474327,-0.807359516620636
0.313114196062088,0.0434958487749099,1.16938066482544,0.47866353392601,0.320057272911072,-0.0767467021942138,-0.813974618911743
0.315208971500397,0.0465296581387519,1.1690137386322,0.480990171432495,0.321619957685471,-0.0774415507912635,-0.811918616294861
0.31967568397522,0.051212653517723,1.16705119609833,0.483909994363785,0.316656887531281,-0.0822926461696624,-0.811657190322876
0.323065102100372,0.0549699664115905,1.16559779644012,0.488051652908325,0.315211802721024,-0.0846437364816665,-0.809495270252228
0.325450301170349,0.0585151463747024,1.16528296470642,0.489599585533142,0.315702229738235,-0.0851510763168335,-0.808315336704254
0.330445796251297,0.0629608407616615,1.16262805461884,0.496340453624725,0.312285333871841,-0.0878688171505928,-0.805234849452972
0.33291944861412,0.0673344731330871,1.16169619560242,0.499761015176773,0.31268122792244,-0.089856706559658,-0.802742421627045
0.337373912334442,0.0719592496752739,1.15999698638916,0.505908012390137,0.310556054115295,-0.091415099799633,-0.799534499645233
0.341284155845642,0.076195128262043,1.15873336791992,0.510980069637299,0.310379654169083,-0.0915013775229454,-0.796361446380615
0.345324337482452,0.0802212506532669,1.15652799606323,0.519733130931854,0.314980983734131,-0.0883326232433319,-0.789215922355652
0.349968820810318,0.0849016830325126,1.15427303314209,0.526425182819366,0.313008636236191,-0.0896969959139823,-0.785402238368988
0.354668974876404,0.0894035473465919,1.15259456634521,0.530632257461548,0.310717612504959,-0.0902655199170112,-0.783413171768188
0.359557092189789,0.09406728297472,1.15063428878784,0.536655306816101,0.309684425592422,-0.0904473960399627,-0.779689729213715
0.36442020535469,0.0988852828741073,1.14828288555145,0.540449857711792,0.307933807373047,-0.0913696736097335,-0.777651786804199
0.369660019874573,0.103443764150143,1.14657402038574,0.541503548622131,0.304154098033905,-0.0906843245029449,-0.778486132621765
0.375192582607269,0.107890188694,1.14448571205139,0.544935643672943,0.302005767822266,-0.0903650894761085,-0.776963174343109
0.380657404661179,0.113611198961735,1.1425975561142,0.552873909473419,0.303648084402084,-0.0898759663105011,-0.770746827125549
0.386419832706451,0.118575215339661,1.14014279842377,0.55637925863266,0.302961528301239,-0.0898626074194908,-0.768492937088013
0.392076671123505,0.122958853840828,1.1384711265564,0.560297310352325,0.299598067998886,-0.0876513421535492,-0.767219126224518
0.397689342498779,0.127731904387474,1.13575303554535,0.564408719539642,0.29901996254921,-0.0868662446737289,-0.76451563835144
0.403481394052505,0.132492065429688,1.134357213974,0.569071710109711,0.298293113708496,-0.0834318250417709,-0.761720299720764
0.409302979707718,0.137087732553482,1.13230395317078,0.569054663181305,0.294088393449783,-0.0847176387906074,-0.763224601745605
0.414936572313309,0.141492962837219,1.13006234169006,0.572495698928833,0.293554693460464,-0.0813546627759933,-0.761219918727875
0.421015679836273,0.146216332912445,1.12838935852051,0.578849017620087,0.292393416166305,-0.0745413973927497,-0.757551074028015
0.426783382892609,0.150135383009911,1.12696695327759,0.578463137149811,0.287599444389343,-0.0724846720695495,-0.759876906871796
0.432516664266586,0.15487152338028,1.12571251392365,0.582858026027679,0.2886523604393,-0.0663789138197898,-0.756670475006104
0.438457041978836,0.158828258514404,1.12406766414642,0.585064470767975,0.28370589017868,-0.0614775754511356,-0.757252335548401
0.444305539131164,0.163858264684677,1.12246775627136,0.587993144989014,0.283209532499313,-0.0544908754527568,-0.755703151226044
0.449432969093323,0.167515605688095,1.1218353509903,0.589239358901978,0.280911475419998,-0.0484306290745735,-0.756002724170685
0.455863058567047,0.171871721744537,1.11994862556458,0.592843413352966,0.27669221162796,-0.0423842072486877,-0.755103766918182
0.461495041847229,0.176214069128036,1.11960363388062,0.594284534454346,0.276872962713242,-0.0328765362501144,-0.754378199577332
0.46716120839119,0.180529415607452,1.11907637119293,0.599234700202942,0.275510191917419,-0.0209368783980608,-0.751381039619446
0.473804444074631,0.183368533849716,1.11692845821381,0.598260223865509,0.268498927354813,-0.015394477173686,-0.754821956157684
0.479046255350113,0.187108725309372,1.11640119552612,0.599217534065247,0.265720248222351,-0.0046594166196882,-0.755188465118408
0.484372109174728,0.191032588481903,1.11559581756592,0.600620090961456,0.262949198484421,0.0043253856711089,-0.755046010017395
0.48937451839447,0.19473797082901,1.11506879329681,0.6004798412323,0.260854721069336,0.0141600612550973,-0.755763411521912
0.494065701961517,0.198047310113907,1.11418783664703,0.599773466587067,0.257641762495041,0.0242822654545307,-0.757167637348175
0.498600959777832,0.2015780210495,1.11386549472809,0.597566783428192,0.255106747150421,0.0348708406090736,-0.759353995323181
0.503061532974243,0.20511183142662,1.11325252056122,0.596755564212799,0.253251224756241,0.0445193760097026,-0.760108470916748
0.507216989994049,0.208630442619324,1.11277449131012,0.595322906970978,0.251539647579193,0.0548688508570194,-0.761122822761536
0.511019647121429,0.212111979722977,1.11239326000214,0.593003273010254,0.250056654214859,0.0659716054797172,-0.762539565563202
0.514050841331482,0.215095221996307,1.11175632476807,0.585666835308075,0.247398942708969,0.0777707695960998,-0.767945230007172
0.517717361450195,0.218567311763763,1.11144626140594,0.587451577186584,0.248784512281418,0.0887463614344596,-0.764938592910767
0.520991921424866,0.222268030047417,1.111004114151,0.585509240627289,0.24707604944706,0.0972273647785186,-0.765949964523315
0.523779273033142,0.225592225790024,1.11065649986267,0.581726968288422,0.247226059436798,0.108124598860741,-0.767321467399597
0.526213526725769,0.22882017493248,1.11015129089355,0.579912900924683,0.246652498841286,0.119562447071075,-0.767182230949402
0.528252065181732,0.231929063796997,1.10952353477478,0.57597017288208,0.248063281178474,0.132413923740387,-0.767586886882782
0.530126333236694,0.235086873173714,1.10886597633362,0.574087917804718,0.248071372509003,0.142696306109428,-0.767151594161987
0.531542301177979,0.237941071391106,1.10819840431213,0.570664763450623,0.248218044638634,0.153502494096756,-0.767571926116943
0.532986640930176,0.241126671433449,1.10738062858582,0.569119334220886,0.249675214290619,0.165294229984283,-0.765795767307281
0.532891035079956,0.243576481938362,1.10613179206848,0.566685199737549,0.249905824661255,0.176457777619362,-0.765034377574921
0.532891035079956,0.243576481938362,1.10613179206848,0.566685199737549,0.249905824661255,0.176457777619362,-0.765034377574921
0.534935235977173,0.250114440917969,1.10509526729584,0.563817381858826,0.253164917230606,0.195539578795433,-0.761434018611908
0.532857179641724,0.254544913768768,1.10529315471649,0.553580105304718,0.260294497013092,0.202065020799637,-0.764830410480499
0.532857179641724,0.254544913768768,1.10529315471649,0.553580105304718,0.260294497013092,0.202065020799637,-0.764830410480499
0.532906532287598,0.260219007730484,1.10369193553925,0.552457332611084,0.26543316245079,0.221265256404877,-0.758536696434021
0.532256424427032,0.263285249471664,1.1026885509491,0.550016283988953,0.269694179296493,0.229858502745628,-0.756248772144318
0.531203746795654,0.266099333763123,1.10146629810333,0.547023475170135,0.274697124958038,0.237437635660172,-0.754274666309357
0.52959531545639,0.268793135881424,1.10051953792572,0.546205759048462,0.280064731836319,0.246705114841461,-0.749906539916992
0.531976044178009,0.271396338939667,1.09948170185089,0.54688823223114,0.280334234237671,0.25025862455368,-0.748128771781921
0.527435064315796,0.274801313877106,1.09856152534485,0.541956603527069,0.29183641076088,0.258843839168549,-0.744388580322266
0.525692820549011,0.277592211961746,1.09741067886353,0.541174590587616,0.29968199133873,0.266661822795868,-0.739061832427979
0.524350583553314,0.280616879463196,1.0960818529129,0.539613425731659,0.304832547903061,0.269915044307709,-0.736912667751312
0.521796941757202,0.282855868339539,1.09459984302521,0.536795020103455,0.312346547842026,0.27574348449707,-0.733659565448761
0.519644975662231,0.285362988710403,1.09317922592163,0.535195887088776,0.320205211639404,0.281185537576675,-0.729361951351166
0.517432928085327,0.287814259529114,1.09182810783386,0.532798230648041,0.328281402587891,0.285751760005951,-0.725743293762207
0.515332579612732,0.290416717529297,1.09022974967957,0.532533526420593,0.334174275398254,0.288727849721909,-0.722060859203339
0.513080418109894,0.292699486017227,1.08854961395264,0.531648993492126,0.340328365564346,0.290992707014084,-0.718922317028046
0.510347723960876,0.294355750083923,1.08660221099854,0.522716462612152,0.351682722568512,0.28882497549057,-0.720879375934601
0.507582247257233,0.296212315559387,1.08481359481812,0.522450149059296,0.358238369226456,0.292512536048889,-0.716343224048615
0.505226373672485,0.29814338684082,1.082932472229,0.523967504501343,0.361844748258591,0.298927456140518,-0.710752427577972
0.502659738063812,0.299808174371719,1.0809223651886,0.523698091506958,0.367451339960098,0.301393508911133,-0.707023322582245
0.499746143817902,0.301285743713379,1.07895076274872,0.520930409431458,0.373419970273972,0.303170591592789,-0.705178380012512
0.500878512859344,0.303880631923675,1.0777348279953,0.524701178073883,0.374325513839722,0.301234006881714,-0.702728450298309
0.494446277618408,0.303813427686691,1.07466685771942,0.518598318099976,0.382523983716965,0.307659953832626,-0.700054705142975
0.492599368095398,0.305575370788574,1.07312119007111,0.488574713468552,0.389203429222107,0.293060511350632,-0.723830819129944
0.488757461309433,0.305587500333786,1.07034802436829,0.518172800540924,0.390541404485703,0.31305143237114,-0.693522334098816
0.485770285129547,0.306245148181915,1.06789457798004,0.522364735603333,0.393627375364304,0.316871702671051,-0.686865985393524
0.483011305332184,0.306669592857361,1.06457126140594,0.517036318778992,0.398814886808395,0.314952671527862,-0.688785254955292
0.480154395103455,0.307237088680267,1.06262683868408,0.515225470066071,0.402931928634643,0.316593378782272,-0.686991453170776
0.478405773639679,0.307573825120926,1.06055855751038,0.514175415039062,0.403201639652252,0.318600296974182,-0.68669205904007
0.474272400140762,0.307646661996841,1.05833745002747,0.511882543563843,0.407288879156113,0.323563486337662,-0.683665633201599
0.471696555614471,0.307723641395569,1.05728006362915,0.510818779468536,0.41164219379425,0.322071552276611,-0.68255752325058
0.469991743564606,0.308006227016449,1.05536603927612,0.509633660316467,0.413425803184509,0.322457909584045,-0.682183086872101
0.466052412986755,0.307698607444763,1.05338621139526,0.506672143936157,0.417594730854034,0.325716018676758,-0.68029922246933
0.463222175836563,0.30779492855072,1.0505987405777,0.503732323646545,0.419802606105804,0.328617483377457,-0.679728031158447
0.460379660129547,0.307579308748245,1.04950487613678,0.500925838947296,0.423459053039551,0.328187674283981,-0.679741680622101
0.45782470703125,0.307776570320129,1.04806697368622,0.500544309616089,0.425016045570373,0.33251741528511,-0.67694091796875
0.454796880483627,0.307519823312759,1.04644691944122,0.498262912034988,0.42853370308876,0.332502722740173,-0.676413297653198
0.452274560928345,0.307446837425232,1.04476702213287,0.494718164205551,0.430887073278427,0.334050476551056,-0.676757335662842
0.449559330940247,0.307522475719452,1.04360139369965,0.496616631746292,0.432876497507095,0.337481200695038,-0.672381162643433
0.44676747918129,0.307346343994141,1.04110932350159,0.491892158985138,0.434842735528946,0.340226083993912,-0.673201501369476
0.444139868021011,0.307285189628601,1.03990924358368,0.490107744932175,0.437804281711578,0.339828133583069,-0.672784447669983
0.441929876804352,0.307193577289581,1.03833031654358,0.489894330501556,0.438714504241943,0.343585520982742,-0.670434474945068
0.439251333475113,0.306949645280838,1.0369952917099,0.486380457878113,0.442202746868133,0.34289014339447,-0.671056807041168
0.437918066978455,0.307189345359802,1.03608059883118,0.487873494625091,0.441916584968567,0.346000134944916,-0.668560564517975
0.434342950582504,0.306946307420731,1.03399574756622,0.483825147151947,0.44532510638237,0.347804635763168,-0.668304562568665
0.432433307170868,0.307477563619614,1.03419101238251,0.482411950826645,0.447707742452621,0.349836766719818,-0.666671454906464
0.430069446563721,0.307291954755783,1.03444266319275,0.483641266822815,0.449442028999329,0.354481786489487,-0.662144780158997
0.427848368883133,0.307344764471054,1.03377115726471,0.481946915388107,0.451990008354187,0.355977863073349,-0.660841941833496
0.425785154104233,0.307436734437943,1.03282284736633,0.479350060224533,0.454710870981216,0.356571465730667,-0.660543978214264
0.423839807510376,0.307805418968201,1.03226852416992,0.477027237415314,0.457634627819061,0.357641071081161,-0.659627616405487
0.421989351511002,0.308015435934067,1.03190982341766,0.477159887552261,0.460135638713837,0.359752744436264,-0.656636595726013
0.424349993467331,0.309775114059448,1.03126752376556,0.479779988527298,0.458564460277557,0.353630274534225,-0.659147500991821
0.419669955968857,0.308444410562515,1.0304651260376,0.472350627183914,0.463697612285614,0.358264952898026,-0.658419013023376
0.416775912046432,0.308169633150101,1.02992987632751,0.468516677618027,0.467027187347412,0.360202103853226,-0.657747805118561
0.414991676807404,0.308219224214554,1.02829539775848,0.465801239013672,0.469647288322449,0.359875440597534,-0.657989621162415
0.413830667734146,0.308510333299637,1.02859032154083,0.468861937522888,0.470791101455688,0.36181503534317,-0.653922140598297
0.412387788295746,0.308732777833939,1.02831876277924,0.467878192663193,0.471633017063141,0.363254219293594,-0.653221845626831
0.410717755556107,0.308478713035583,1.02670514583588,0.465895026922226,0.473355531692505,0.362936705350876,-0.653569757938385
0.409870833158493,0.308746755123138,1.02699458599091,0.466885685920715,0.47422531247139,0.364490240812302,-0.651363909244537
0.409964263439178,0.308950841426849,1.02645659446716,0.466328769922256,0.4745192527771,0.362761080265045,-0.652513265609741
0.40931510925293,0.309092611074448,1.02590918540955,0.465707778930664,0.475503921508789,0.36210697889328,-0.652603268623352
0.408461093902588,0.309309750795364,1.02550184726715,0.46479931473732,0.476759552955627,0.361043155193329,-0.652924060821533
0.409075886011124,0.308611214160919,1.02445864677429,0.46405503153801,0.4748894572258,0.359185874462128,-0.655834197998047
0.409075886011124,0.308611214160919,1.02445864677429,0.46405503153801,0.4748894572258,0.359185874462128,-0.655834197998047
0.407240778207779,0.309614896774292,1.02393817901611,0.462572246789932,0.478494584560394,0.356151908636093,-0.655915915966034
0.406491547822952,0.309989631175995,1.0235595703125,0.461843222379684,0.48038700222969,0.353961288928986,-0.656232118606567
0.40577495098114,0.310262501239777,1.02316164970398,0.462234497070312,0.481084406375885,0.352536141872406,-0.656212985515594
0.404618829488754,0.31050717830658,1.02290022373199,0.45914489030838,0.482965588569641,0.351595431566238,-0.657503485679626
0.404594004154205,0.311097502708435,1.02258312702179,0.458083838224411,0.484644502401352,0.347539812326431,-0.65916234254837
0.403599202632904,0.311233371496201,1.02231001853943,0.457221657037735,0.485908925533295,0.345267176628113,-0.660023748874664
0.403599202632904,0.311233371496201,1.02231001853943,0.457221657037735,0.485908925533295,0.345267176628113,-0.660023748874664
0.401881158351898,0.311608791351318,1.02169632911682,0.44921863079071,0.490537017583847,0.337967038154602,-0.665848553180695
0.400663048028946,0.31165999174118,1.02143657207489,0.444185554981232,0.492870509624481,0.334597408771515,-0.669195413589478
0.400112122297287,0.312071532011032,1.02127850055695,0.441023349761963,0.495807409286499,0.329263627529144,-0.671758234500885
0.398946017026901,0.312176108360291,1.02087497711182,0.434533506631851,0.498539179563522,0.324481815099716,-0.676277339458466
0.396356076002121,0.311895430088043,1.02103900909424,0.426406115293503,0.50401496887207,0.320711344480515,-0.679184079170227
0.396169185638428,0.312321215867996,1.02069211006165,0.420705914497375,0.506365239620209,0.313381493091583,-0.684392273426056
0.394898265600204,0.312463849782944,1.02059769630432,0.413575291633606,0.510485172271729,0.306606858968735,-0.68873256444931
0.394898265600204,0.312463849782944,1.02059769630432,0.413575291633606,0.510485172271729,0.306606858968735,-0.68873256444931
0.390964537858963,0.312863051891327,1.02081918716431,0.398248195648193,0.519819915294647,0.293405622243881,-0.696490347385406
0.389636218547821,0.313450485467911,1.0210497379303,0.393843501806259,0.522964537143707,0.290078729391098,-0.698032796382904
0.388076215982437,0.313450336456299,1.02093195915222,0.387608408927917,0.526085257530212,0.285058230161667,-0.701238811016083
0.38584315776825,0.313645780086517,1.02115285396576,0.382834792137146,0.530040204524994,0.279363095760345,-0.703172206878662
0.386079728603363,0.314062833786011,1.02089333534241,0.381144195795059,0.52900505065918,0.276901543140411,-0.705838680267334
0.382964193820953,0.314181685447693,1.02144169807434,0.376403510570526,0.533413887023926,0.274231761693954,-0.706106960773468
0.381467700004578,0.314460217952728,1.02164125442505,0.37409582734108,0.535208582878113,0.271726787090302,-0.706943213939667
0.380088448524475,0.314542353153229,1.02170777320862,0.370380252599716,0.537380933761597,0.266883820295334,-0.709093391895294
0.378479480743408,0.314526051282883,1.02180755138397,0.368273496627808,0.5386563539505,0.263849377632141,-0.710357367992401
0.377209544181824,0.314718455076218,1.02169752120972,0.366510689258575,0.539910137653351,0.262313693761826,-0.710885763168335
0.377499163150787,0.31444838643074,1.02152872085571,0.365212857723236,0.538254976272583,0.259298175573349,-0.713908791542053
0.374744355678558,0.314410775899887,1.02199041843414,0.36278960108757,0.541315257549286,0.259328097105026,-0.712818622589111
0.373517990112305,0.314469993114471,1.02209115028381,0.361393123865128,0.541955769062042,0.257825225591659,-0.713586151599884
0.372183829545975,0.314444988965988,1.02205300331116,0.360286682844162,0.542535126209259,0.256582051515579,-0.714153230190277
0.371232837438583,0.31437361240387,1.02200484275818,0.359153151512146,0.542787253856659,0.255600780248642,-0.714884042739868
0.370357155799866,0.314301729202271,1.02204585075378,0.357474505901337,0.54337352514267,0.253977686166763,-0.715858042240143
0.371083855628967,0.314251095056534,1.02147579193115,0.356997281312943,0.540510654449463,0.252860903739929,-0.718653321266174
0.368521749973297,0.314332723617554,1.02186989784241,0.35434091091156,0.544024646282196,0.250392258167267,-0.718180596828461
0.367728024721146,0.314349889755249,1.02178776264191,0.352757424116135,0.544083833694458,0.248657509684563,-0.719516813755035
0.366697907447815,0.314074844121933,1.02190887928009,0.350547790527344,0.544239580631256,0.249097213149071,-0.720326483249664
0.365948438644409,0.313991546630859,1.02186441421509,0.349570691585541,0.544722735881805,0.245835363864899,-0.721555650234222
0.365212053060532,0.313814222812653,1.02182626724243,0.348567396402359,0.544515490531921,0.244994416832924,-0.722482740879059
0.364322662353516,0.313770711421966,1.02177453041077,0.347081989049911,0.54478245973587,0.243321105837822,-0.723561406135559
0.364322662353516,0.313770711421966,1.02177453041077,0.347081989049911,0.54478245973587,0.243321105837822,-0.723561406135559
0.363059967756271,0.313574075698852,1.0214387178421,0.346311062574387,0.543986201286316,0.242028743028641,-0.724961876869202
0.362419188022614,0.313270151615143,1.02144348621368,0.347434729337692,0.543923556804657,0.241799920797348,-0.724547445774078
0.3618243932724,0.313009768724441,1.02139008045197,0.346343249082565,0.543258428573608,0.242439284920692,-0.725355088710785
0.361357569694519,0.312724381685257,1.02131855487823,0.345878154039383,0.542317092418671,0.243830323219299,-0.725814819335938
0.360922008752823,0.312245428562164,1.02132797241211,0.345314145088196,0.542252779006958,0.241970002651215,-0.72675347328186
0.361230820417404,0.312023639678955,1.02102088928223,0.346194803714752,0.540769636631012,0.241427138447762,-0.727619528770447
0.36002567410469,0.311499893665314,1.02086341381073,0.347758680582047,0.540848791599274,0.245143294334412,-0.725569665431976
0.36002567410469,0.311499893665314,1.02086341381073,0.347758680582047,0.540848791599274,0.245143294334412,-0.725569665431976
0.359155774116516,0.310602784156799,1.02078890800476,0.344199061393738,0.542107462882996,0.242951557040215,-0.727063298225403
0.3587806224823,0.309941351413727,1.02068328857422,0.342973828315735,0.54079133272171,0.241654738783836,-0.729051887989044
0.358542203903198,0.309366554021835,1.02076649665833,0.342268705368042,0.540772080421448,0.242114439606667,-0.729245126247406
0.360357820987701,0.309059619903564,1.01995325088501,0.343833237886429,0.537427425384521,0.24132265150547,-0.731241345405579
0.358346849679947,0.308440506458282,1.02044343948364,0.341793686151505,0.540609657764435,0.242023184895515,-0.729618430137634
0.35805281996727,0.307303190231323,1.02059531211853,0.340840339660644,0.540243566036224,0.243464723229408,-0.729855954647064
0.358117640018463,0.3065185546875,1.02060258388519,0.339935392141342,0.53989964723587,0.243924200534821,-0.730378866195679
0.358397603034973,0.306404531002045,1.02068090438843,0.340405225753784,0.539586067199707,0.243676543235779,-0.730474531650543
0.358317077159882,0.305313944816589,1.02058291435242,0.339972943067551,0.538951456546783,0.245538040995598,-0.730520963668823
0.358594536781311,0.304645359516144,1.02069306373596,0.340971291065216,0.53809642791748,0.247100189328194,-0.730159103870392
0.359341323375702,0.304811120033264,1.02089929580688,0.343297898769379,0.538719117641449,0.250100046396255,-0.727583885192871
0.359341323375702,0.304811120033264,1.02089929580688,0.343297898769379,0.538719117641449,0.250100046396255,-0.727583885192871
0.360096544027328,0.302977055311203,1.02094066143036,0.344326108694076,0.535934567451477,0.253991335630417,-0.727806389331818
0.361353039741516,0.301937222480774,1.02083790302277,0.345733553171158,0.533006727695465,0.256550431251526,-0.728391408920288
0.362108945846558,0.30195564031601,1.02138841152191,0.348094820976257,0.531765043735504,0.257730782032013,-0.727757513523102
0.363327294588089,0.300583809614182,1.02087640762329,0.349223732948303,0.527700066566467,0.260290950536728,-0.729262709617615
0.364620089530945,0.299793660640716,1.02115905284882,0.351747661828995,0.524808406829834,0.263542979955673,-0.728968322277069
0.365973681211472,0.29987633228302,1.02146279811859,0.355189263820648,0.521756589412689,0.26587364077568,-0.728644013404846
0.367617875337601,0.298059403896332,1.02112436294556,0.356957346200943,0.515892148017883,0.272544771432877,-0.729490280151367
0.367617875337601,0.298059403896332,1.02112436294556,0.356957346200943,0.515892148017883,0.272544771432877,-0.729490280151367
0.371888637542725,0.296450674533844,1.0211216211319,0.364873856306076,0.504535496234894,0.280042380094528,-0.730675876140594
0.374057114124298,0.295380681753159,1.02099680900574,0.374162346124649,0.496297001838684,0.284217476844788,-0.730008363723755
0.376668900251388,0.29456627368927,1.0209527015686,0.375908315181732,0.488661617040634,0.285607874393463,-0.73371034860611
0.379702240228653,0.293192923069,1.02053844928741,0.382164418697357,0.480925172567367,0.290485024452209,-0.733675539493561
0.380703836679459,0.29255598783493,1.0209344625473,0.38360196352005,0.47684845328331,0.292853236198425,-0.73464423418045
0.380703836679459,0.29255598783493,1.0209344625473,0.38360196352005,0.47684845328331,0.292853236198425,-0.73464423418045
0.388926714658737,0.291540861129761,1.02102100849152,0.394187152385712,0.459505766630173,0.292671054601669,-0.740144968032837
0.392323791980743,0.29078808426857,1.02104365825653,0.398103356361389,0.451907694339752,0.292290776968002,-0.742872297763824
0.395813256502151,0.290013492107391,1.02138197422028,0.4017493724823,0.444357693195343,0.290542393922806,-0.746142745018005
0.399669766426086,0.290031313896179,1.02084803581238,0.407462000846863,0.435727149248123,0.28751078248024,-0.749302446842194
0.402898013591766,0.288609504699707,1.02204370498657,0.410557568073273,0.429031580686569,0.285492390394211,-0.75224232673645
0.406456023454666,0.287914663553238,1.02264618873596,0.414830833673477,0.421621799468994,0.28171294927597,-0.755505383014679
0.410700500011444,0.288165032863617,1.02236580848694,0.418925523757935,0.413732707500458,0.27146053314209,-0.761338174343109
0.414093255996704,0.286090850830078,1.02363610267639,0.422273218631744,0.405479282140732,0.268166393041611,-0.765087425708771
0.414067566394806,0.285447984933853,1.02469885349274,0.428605765104294,0.402281403541565,0.268892854452133,-0.76299637556076
0.417858809232712,0.285142213106155,1.02511262893677,0.437250256538391,0.393111735582352,0.261143565177917,-0.765558421611786
0.421385109424591,0.284963697195053,1.02590250968933,0.448281466960907,0.384547680616379,0.253405809402466,-0.766128182411194
0.424422264099121,0.284180998802185,1.0267037153244,0.462569832801819,0.376743078231812,0.248867943882942,-0.762993156909943
0.427748829126358,0.283269494771957,1.02591276168823,0.461261212825775,0.366109043359756,0.232049107551575,-0.77418053150177
0.430167108774185,0.282218515872955,1.02980959415436,0.47274124622345,0.360222011804581,0.225303515791893,-0.772006571292877
0.432701230049133,0.281558215618133,1.02946996688843,0.479101806879044,0.351467192173004,0.21121720969677,-0.776092529296875
0.434901535511017,0.28107225894928,1.0305163860321,0.488415598869324,0.344177186489105,0.198261648416519,-0.776971459388733
0.436807483434677,0.280784040689468,1.03307044506073,0.500544488430023,0.33896267414093,0.186172515153885,-0.774531722068787
0.438941448926926,0.279725730419159,1.03464329242706,0.507266104221344,0.332543939352036,0.171747416257858,-0.776272237300873
0.438588201999664,0.278634548187256,1.03600633144379,0.514777302742004,0.328946828842163,0.159947991371155,-0.775380611419678
0.439217299222946,0.277714133262634,1.03735709190369,0.521118521690369,0.324661761522293,0.144322872161865,-0.776016294956207
0.439713805913925,0.277142077684402,1.03891050815582,0.52634596824646,0.321087896823883,0.126953810453415,-0.777010440826416
0.443037539720535,0.275797247886658,1.03979742527008,0.526657819747925,0.313928157091141,0.10814294219017,-0.782550930976868
0.442569047212601,0.274847537279129,1.04134261608124,0.529923379421234,0.309505254030228,0.0892078205943107,-0.784493327140808
0.44162780046463,0.27385687828064,1.04279017448425,0.536918580532074,0.30838406085968,0.0715799406170845,-0.781980812549591
0.440278291702271,0.272633612155914,1.04402208328247,0.541304528713226,0.306863814592361,0.0537831969559192,-0.780981123447418
0.438552737236023,0.27123960852623,1.04544258117676,0.545875012874603,0.305077344179153,0.0358150973916053,-0.77952915430069
0.433619618415833,0.270560920238495,1.04739630222321,0.546545147895813,0.309844523668289,0.0164921656250953,-0.777825653553009
0.433848351240158,0.267983019351959,1.04799830913544,0.553082883358002,0.302317827939987,0.0007607307052239,-0.776339292526245
0.428120315074921,0.266981095075607,1.05003118515015,0.552678883075714,0.308339148759842,-0.0176447127014398,-0.774055480957031
0.428029537200928,0.26431080698967,1.05064070224762,0.556388258934021,0.302427649497986,-0.0339918546378612,-0.773184478282928
0.423632204532623,0.261493325233459,1.05158936977386,0.557739555835724,0.302597224712372,-0.0502869002521038,-0.771254062652588
0.418259710073471,0.259479492902756,1.05228126049042,0.555647850036621,0.304237395524979,-0.0702370107173919,-0.770559549331665
0.415153652429581,0.256298005580902,1.05371642112732,0.559013605117798,0.303524136543274,-0.0837074890732765,-0.76705276966095
0.41047540307045,0.253119260072708,1.05430686473846,0.558670997619629,0.303962260484695,-0.0997358188033104,-0.765210092067719
0.405472487211227,0.24975198507309,1.05593967437744,0.557507574558258,0.306890666484833,-0.114108666777611,-0.762877881526947
0.400907307863235,0.245513156056404,1.05676436424255,0.554956436157227,0.305142790079117,-0.128438606858253,-0.76316112279892
0.395896464586258,0.241698905825615,1.05816745758057,0.554647564888,0.307038158178329,-0.140742897987366,-0.760450601577759
0.39024493098259,0.238727554678917,1.05970060825348,0.551807641983032,0.308164477348328,-0.158356890082359,-0.758594751358032
0.38509413599968,0.23394501209259,1.060387134552,0.551555752754211,0.307982265949249,-0.170353069901466,-0.756249368190765
0.379389703273773,0.229344248771667,1.06053566932678,0.547608613967896,0.307951539754867,-0.185127064585686,-0.755657732486725
0.373873114585876,0.224573999643326,1.06260561943054,0.546537816524506,0.310022056102753,-0.194876745343208,-0.753130733966827
0.368574261665344,0.219412356615067,1.06422698497772,0.542350769042969,0.312488585710526,-0.20449660718441,-0.7525874376297
0.368574261665344,0.219412356615067,1.06422698497772,0.542350769042969,0.312488585710526,-0.20449660718441,-0.7525874376297
0.357580870389938,0.208380952477455,1.06479275226593,0.535884916782379,0.310515761375427,-0.227335169911384,-0.751482665538788
0.352303743362427,0.202823162078857,1.0657479763031,0.534108877182007,0.310824185609818,-0.236593097448349,-0.7497598528862
0.346760809421539,0.196985393762589,1.06704080104828,0.531142771244049,0.31229156255722,-0.244639798998833,-0.748674035072327
0.341307371854782,0.190820068120956,1.06813478469849,0.5275799036026,0.3132184445858,-0.252882808446884,-0.748066902160645
0.336231231689453,0.184435725212097,1.0689172744751,0.524788498878479,0.311313837766647,-0.261635363101959,-0.747815310955048
0.330728888511658,0.178178772330284,1.07057857513428,0.532972276210785,0.319960713386536,-0.265158146619797,-0.737059652805328
0.326300084590912,0.171762853860855,1.07120311260223,0.520396709442139,0.311648160219193,-0.272926330566406,-0.746708869934082
0.321186631917953,0.165428355336189,1.0726135969162,0.517969131469727,0.311908334493637,-0.278482645750046,-0.746236324310303
0.315640032291412,0.158546060323715,1.07414972782135,0.520413100719452,0.31855246424675,-0.28304848074913,-0.739985227584839
0.31111866235733,0.15243624150753,1.07535600662231,0.509784758090973,0.312131345272064,-0.289757013320923,-0.747485399246216
0.306597888469696,0.145700246095657,1.07693374156952,0.505339682102203,0.311271339654922,-0.295094907283783,-0.748772978782654
0.306597888469696,0.145700246095657,1.07693374156952,0.505339682102203,0.311271339654922,-0.295094907283783,-0.748772978782654
0.297420501708984,0.132354110479355,1.0799708366394,0.49823984503746,0.311117142438888,-0.302574694156647,-0.750607669353485
0.292675167322159,0.125155329704285,1.08165144920349,0.500885844230652,0.316904574632645,-0.302727878093719,-0.746351599693298
0.288459360599518,0.118779078125954,1.08342123031616,0.488719403743744,0.311235785484314,-0.307804197072983,-0.754680216312408
0.284213781356812,0.112115353345871,1.08517634868622,0.484484434127808,0.311430066823959,-0.309777766466141,-0.756520926952362
0.280106842517853,0.105462908744812,1.0870178937912,0.4792320728302,0.31161168217659,-0.311050146818161,-0.759264588356018
0.276267141103745,0.0991070568561554,1.08887124061584,0.474877536296844,0.312478512525558,-0.311779826879501,-0.761342227458954
0.272303819656372,0.0924426242709159,1.09089267253876,0.46749147772789,0.311890035867691,-0.311194747686386,-0.766377389431
0.26830267906189,0.0859626829624176,1.0930095911026,0.462897717952728,0.313925117254257,-0.310597836971283,-0.768573939800262
0.264881163835526,0.0795590430498123,1.0950493812561,0.459047615528107,0.315441906452179,-0.309297561645508,-0.770783305168152
0.26210680603981,0.0739670842885971,1.09624171257019,0.456341922283173,0.315142154693604,-0.308954954147339,-0.772647678852081
0.26210680603981,0.0739670842885971,1.09624171257019,0.456341922283173,0.315142154693604,-0.308954954147339,-0.772647678852081
0.25507852435112,0.0615843348205089,1.10021281242371,0.4511878490448,0.320811033248901,-0.304344952106476,-0.775167107582092
0.251960098743439,0.0553532764315605,1.10184216499329,0.444869697093964,0.320049792528152,-0.304048031568527,-0.779239416122437
0.249199450016022,0.0499400906264781,1.1031641960144,0.44308266043663,0.322139620780945,-0.302734345197678,-0.779907524585724
0.246513500809669,0.0440194606781005,1.10467255115509,0.438817888498306,0.323402613401413,-0.300454795360565,-0.782672822475433
0.243792563676834,0.0381215363740921,1.10601532459259,0.436380952596664,0.325914025306702,-0.29795777797699,-0.783947050571442
0.241781741380692,0.0333635695278644,1.106849193573,0.433182865381241,0.326516419649124,-0.296823978424072,-0.785897672176361
0.239266440272331,0.027882857248187,1.10819375514984,0.429526507854462,0.328885704278946,-0.294929653406143,-0.787627875804901
0.237280637025833,0.0226811543107032,1.10879838466644,0.423790633678436,0.32831683754921,-0.29414239525795,-0.791258454322815
0.235272884368896,0.0178938098251819,1.10957849025726,0.419556021690369,0.329403400421143,-0.292803436517715,-0.793556809425354
0.233624935150146,0.0131162721663713,1.10999143123627,0.414460450410843,0.329409867525101,-0.29145735502243,-0.7967209815979
0.231937944889069,0.0086670266464352,1.11044561862946,0.412848323583603,0.330919504165649,-0.288040012121201,-0.798173844814301
0.230393573641777,0.00415695970878,1.1106915473938,0.411216914653778,0.332296043634415,-0.286909282207489,-0.798851132392883
0.229038760066032,-7.3668546974659e-05,1.110844373703,0.402349889278412,0.331035852432251,-0.288046538829803,-0.803466975688934
0.22771380841732,-0.0042268177494406,1.11086797714233,0.403797179460526,0.334465563297272,-0.284131467342377,-0.802714169025421
0.226315259933472,-0.0080285249277949,1.11067414283752,0.396799623966217,0.334498316049576,-0.285921066999435,-0.805549621582031
0.225333109498024,-0.0116098150610923,1.11050391197205,0.393130153417587,0.337092041969299,-0.28423860669136,-0.806861877441406
0.224346905946732,-0.0155599014833569,1.11022925376892,0.390816748142242,0.338832765817642,-0.28155916929245,-0.808194994926453
0.223468437790871,-0.0189427845180034,1.10957479476929,0.390430510044098,0.340587615966797,-0.278760403394699,-0.808614194393158
0.222887650132179,-0.0219406336545944,1.10864841938019,0.393211543560028,0.342436760663986,-0.274014711380005,-0.808107435703278
0.222546994686127,-0.0258074253797531,1.10790836811066,0.390136986970901,0.341273456811905,-0.271665692329407,-0.810878098011017
0.222309336066246,-0.0286463666707277,1.10675585269928,0.389867067337036,0.340513855218887,-0.268725574016571,-0.812305808067322
0.222219407558441,-0.0313657037913799,1.10549926757812,0.388500213623047,0.338700354099274,-0.265947788953781,-0.81462961435318
0.222089767456055,-0.0342192612588405,1.10425317287445,0.386332303285599,0.336359232664108,-0.262757390737534,-0.817660391330719
0.222011774778366,-0.0370991602540016,1.10319972038269,0.385626196861267,0.335285872220993,-0.258328199386597,-0.819842934608459
0.221977919340134,-0.0399739071726799,1.10228204727173,0.381610035896301,0.333115816116333,-0.255034476518631,-0.823629260063171
0.221811681985855,-0.042597122490406,1.10118818283081,0.380308747291565,0.332680583000183,-0.251640766859055,-0.825448930263519
0.221611380577087,-0.0451838821172714,1.10048222541809,0.378786981105804,0.332084149122238,-0.24802602827549,-0.827480375766754
0.221523448824883,-0.0473320335149765,1.09964847564697,0.375777631998062,0.329885333776474,-0.244222089648247,-0.830856442451477
0.220207765698433,-0.0501032322645187,1.10021650791168,0.369820296764374,0.331892490386963,-0.240309238433838,-0.833865642547607
0.240883499383926,-0.0260328128933906,1.08189105987549,0.349672794342041,0.273187160491943,-0.290416121482849,-0.847794890403748
0.221004217863083,-0.0528978779911994,1.09784853458405,0.369838029146194,0.329259276390076,-0.236646950244904,-0.835946381092072
0.2209742218256,-0.0540596172213554,1.09729838371277,0.367009580135345,0.329344481229782,-0.236140698194504,-0.837301552295685
0.220927536487579,-0.0555219501256942,1.09700167179108,0.366653889417648,0.329977720975876,-0.233363911509514,-0.837986290454865
0.241160914301872,-0.03138218075037,1.07991135120392,0.342741578817367,0.272462785243988,-0.283723831176758,-0.853107929229736
0.220884531736374,-0.0575671941041946,1.09630417823792,0.363968521356583,0.329357445240021,-0.229420810937881,-0.840485990047455
0.24115052819252,-0.0331974178552627,1.0793092250824,0.33960086107254,0.271629959344864,-0.28065437078476,-0.855641067028046
0.221102759242058,-0.0591033995151519,1.09565484523773,0.361119568347931,0.327537477016449,-0.226007685065269,-0.843345999717712
0.241508156061172,-0.03407908603549,1.0788357257843,0.341920673847198,0.270940899848938,-0.274610430002213,-0.856895804405212
0.221236363053322,-0.060365229845047,1.09525060653687,0.363250255584717,0.326156854629517,-0.21883949637413,-0.84485524892807
0.241829305887222,-0.0349356085062027,1.07848000526428,0.340664029121399,0.26897594332695,-0.27202382683754,-0.858838200569153
0.22144615650177,-0.0607588216662406,1.09504985809326,0.363125771284103,0.324600607156753,-0.216671720147133,-0.846065938472748
0.242042303085327,-0.0350483655929565,1.07849776744843,0.340979278087616,0.268213242292404,-0.270579159259796,-0.859407782554626
0.221396014094353,-0.0606372505426406,1.09513187408447,0.358042180538177,0.322773665189743,-0.219939723610878,-0.848085880279541
0.242157831788063,-0.0347495265305042,1.0787798166275,0.338624596595764,0.266179591417313,-0.272712528705597,-0.860296368598938
0.221838891506195,-0.0598325543105602,1.09527134895325,0.361157238483429,0.320908695459366,-0.220156088471413,-0.847416341304779
0.242623776197433,-0.0342026203870773,1.07916355133057,0.338022112846375,0.264936953783035,-0.273895978927612,-0.860540866851807
0.222509279847145,-0.0585439801216125,1.09534001350403,0.361646682024002,0.318971365690231,-0.222761124372482,-0.84725821018219
0.243632286787033,-0.0329135432839393,1.07943177223206,0.341669142246246,0.261997759342194,-0.273882329463959,-0.860004544258118
0.223644077777862,-0.0568504743278026,1.09527373313904,0.367660611867905,0.315966606140137,-0.223559737205505,-0.845583736896515
0.224166601896286,-0.0561178550124168,1.09539914131165,0.367319673299789,0.313818663358688,-0.225375413894653,-0.846049785614014
0.224970579147339,-0.0550280772149562,1.09537529945374,0.369671076536179,0.311107039451599,-0.225987866520882,-0.845863521099091
0.225582793354988,-0.053794227540493,1.09542775154114,0.371153771877289,0.309371411800385,-0.227939650416374,-0.845327079296112
0.247027710080147,-0.0290003009140491,1.08003437519073,0.351451575756073,0.252986401319504,-0.275798857212067,-0.858146071434021
0.227032884955406,-0.0508118532598018,1.09557044506073,0.376456081867218,0.304890871047974,-0.231249451637268,-0.843709766864777
0.228016808629036,-0.0493440479040145,1.09557485580444,0.377486318349838,0.302135556936264,-0.232853829860687,-0.843799352645874
0.229031711816788,-0.0471849180757999,1.09563720226288,0.381094247102737,0.299589037895203,-0.234603151679039,-0.842600166797638
0.230004474520683,-0.0453087389469146,1.09558928012848,0.384274870157242,0.297626852989197,-0.236410543322563,-0.841344892978668
0.231066659092903,-0.043144803494215,1.09566414356232,0.385329693555832,0.294528245925903,-0.238823458552361,-0.841271460056305
0.232143327593803,-0.0406019166111946,1.09571838378906,0.386831134557724,0.292190074920654,-0.241491392254829,-0.840635895729065
0.233307957649231,-0.0383801758289337,1.09571087360382,0.386694550514221,0.28883758187294,-0.243597164750099,-0.841249465942383
0.234485417604446,-0.0357141345739364,1.09570813179016,0.388043344020844,0.28593698143959,-0.246264815330505,-0.840842485427856
0.235712394118309,-0.0329401865601539,1.0958206653595,0.389455825090408,0.283292472362518,-0.248771876096725,-0.840346455574036
0.236907735466957,-0.0302056856453418,1.0959300994873,0.391625076532364,0.281038254499435,-0.251423865556717,-0.839305281639099
0.238283604383469,-0.0270764604210853,1.0959324836731,0.393767774105072,0.278340131044388,-0.254287958145142,-0.838338434696198
0.2397590726614,-0.023988177999854,1.09593164920807,0.397384315729141,0.275882512331009,-0.25637212395668,-0.836808204650879
0.241256907582283,-0.0207601301372051,1.09597301483154,0.398441702127457,0.273238003253937,-0.259444326162338,-0.836225926876068
0.242952331900597,-0.0173173807561397,1.09599244594574,0.403830498456955,0.272141486406326,-0.26167568564415,-0.833298146724701
0.244754135608673,-0.0138450004160404,1.09587407112122,0.404227614402771,0.267950415611267,-0.26548445224762,-0.833259046077728
0.245952397584915,-0.0111815240234136,1.09607625007629,0.409708321094513,0.267648786306381,-0.266564339399338,-0.830329298973083
0.248587369918823,-0.0064271837472915,1.09561824798584,0.414057403802872,0.264323145151138,-0.270289957523346,-0.828029692173004
0.248587369918823,-0.0064271837472915,1.09561824798584,0.414057403802872,0.264323145151138,-0.270289957523346,-0.828029692173004
0.25305050611496,0.0016316715627908,1.09503483772278,0.421476364135742,0.259787231683731,-0.275705248117447,-0.823926448822021
0.255450844764709,0.0057733729481697,1.09458911418915,0.425742000341415,0.257310479879379,-0.277588814496994,-0.821875631809235
0.257788240909576,0.0102468766272068,1.09430265426636,0.42975440621376,0.255673617124557,-0.280245035886765,-0.819393038749695
0.260716468095779,0.0141722001135349,1.09354710578918,0.435831159353256,0.252581298351288,-0.280715674161911,-0.816977798938751
0.263197004795074,0.0188858993351459,1.09322488307953,0.441207617521286,0.251797288656235,-0.28227362036705,-0.813790917396545
0.266051530838013,0.0235335454344749,1.09259080886841,0.446612745523453,0.249458998441696,-0.283658474683762,-0.811076581478119
0.269722610712051,0.0275455377995967,1.09131193161011,0.452259510755539,0.244413927197456,-0.283274471759796,-0.809616446495056
0.272924900054932,0.0319176949560642,1.09057068824768,0.456282258033752,0.241878375411034,-0.283507406711578,-0.80803769826889
0.272924900054932,0.0319176949560642,1.09057068824768,0.456282258033752,0.241878375411034,-0.283507406711578,-0.80803769826889
0.279706954956055,0.0413777902722358,1.08901476860046,0.466302752494812,0.23627869784832,-0.283415228128433,-0.803996205329895
0.283317744731903,0.0461968705058097,1.08830273151398,0.470436215400696,0.234008893370628,-0.28308317065239,-0.802367448806763
0.286967992782593,0.0510159209370613,1.08742070198059,0.475348949432373,0.231385737657547,-0.282039433717728,-0.800598442554474
0.290968924760818,0.0560885593295097,1.08647835254669,0.479771256446838,0.228591471910477,-0.281375378370285,-0.798995316028595
0.294540762901306,0.0608014836907386,1.08569169044495,0.482178509235382,0.225809976458549,-0.280834227800369,-0.798527359962463
0.298691928386688,0.065999299287796,1.08488082885742,0.487813889980316,0.224102705717087,-0.279293209314346,-0.796122491359711
0.302811563014984,0.0707715451717376,1.08402252197266,0.49201175570488,0.221762746572495,-0.277532607316971,-0.79480904340744
0.306998252868652,0.075891837477684,1.08310174942017,0.493733376264572,0.218496099114418,-0.276287853717804,-0.795079708099365
0.311686038970947,0.0813919603824615,1.08447003364563,0.501112103462219,0.222176238894463,-0.270641714334488,-0.791376829147339
0.316121876239777,0.0866160467267036,1.08277201652527,0.501866281032562,0.216272905468941,-0.269221246242523,-0.793017208576202
0.320568084716797,0.0917414054274559,1.08274841308594,0.505068719387054,0.216220527887344,-0.26537749171257,-0.792293667793274
0.325215071439743,0.0966371595859527,1.08223617076874,0.506937205791473,0.213975936174393,-0.261522710323334,-0.792991101741791
0.32992959022522,0.102206289768219,1.08144688606262,0.512511134147644,0.212552323937416,-0.256759524345398,-0.791345953941345
0.334637880325317,0.107463106513023,1.08114039897919,0.516153454780579,0.212324321269989,-0.251702308654785,-0.790664374828339
0.339303284883499,0.112581476569176,1.0804443359375,0.519854307174683,0.211217015981674,-0.248024895787239,-0.789697766304016
0.344253659248352,0.117851473391056,1.07997596263885,0.520481944084167,0.20884995162487,-0.241992607712746,-0.791782736778259
0.349259376525879,0.123123712837696,1.07968783378601,0.524807274341583,0.208545610308647,-0.236999064683914,-0.790517270565033
0.349259376525879,0.123123712837696,1.07968783378601,0.524807274341583,0.208545610308647,-0.236999064683914,-0.790517270565033
0.359174311161041,0.133370816707611,1.07929480075836,0.528508067131042,0.205017447471619,-0.225235193967819,-0.792411744594574
0.364054381847382,0.138355851173401,1.07738828659058,0.524877607822418,0.196870416402817,-0.225367397069931,-0.796840786933899
0.369395107030868,0.143516659736633,1.07779037952423,0.528971433639526,0.199543312191963,-0.213579893112183,-0.796715378761292
0.374443382024765,0.148281812667847,1.07914960384369,0.52972424030304,0.199906244874,-0.206555709242821,-0.797975361347198
0.379348158836365,0.152789935469627,1.07748377323151,0.529694259166718,0.193192660808563,-0.202706083655357,-0.800631463527679
0.384519815444946,0.157730668783188,1.07936191558838,0.535126745700836,0.197592481970787,-0.188852906227112,-0.799331665039062
0.389577805995941,0.162520170211792,1.07963037490845,0.534432947635651,0.196899607777595,-0.18161740899086,-0.801640331745148
0.394487619400024,0.168204724788666,1.0798636674881,0.535920560359955,0.198596820235252,-0.173316478729248,-0.802066028118134
0.398689806461334,0.17240796983242,1.08049762248993,0.531035304069519,0.196243792772293,-0.168968856334686,-0.806808173656464
0.398689806461334,0.17240796983242,1.08049762248993,0.531035304069519,0.196243792772293,-0.168968856334686,-0.806808173656464
0.408142685890198,0.181837737560272,1.08224236965179,0.53046327829361,0.19790618121624,-0.150430887937546,-0.810439646244049
0.413629800081253,0.184590190649033,1.08010387420654,0.534366011619568,0.19071389734745,-0.136724382638931,-0.812026977539062
0.41796863079071,0.188627764582634,1.08198380470276,0.535657525062561,0.193092733621597,-0.124260149896145,-0.812616586685181
0.421496391296387,0.192596226930618,1.08112573623657,0.538435459136963,0.19442293047905,-0.114148885011673,-0.811946511268616
0.426344603300095,0.197193652391434,1.08224093914032,0.536510825157166,0.194490358233452,-0.104940362274647,-0.814442753791809
0.429548323154449,0.200874954462051,1.08245730400085,0.535912990570068,0.194602519273758,-0.0954675301909446,-0.81597375869751
0.432938456535339,0.204426765441895,1.0831001996994,0.529109716415405,0.195737406611443,-0.0882035121321678,-0.820944607257843
0.436725854873657,0.208692312240601,1.08422470092773,0.533502042293549,0.197899058461189,-0.0740212798118591,-0.818982660770416
0.439133614301682,0.211978018283844,1.08455991744995,0.548415124416351,0.200420156121254,-0.066939078271389,-0.809068500995636
0.441671550273895,0.215419679880142,1.08472657203674,0.553276181221008,0.204272150993347,-0.0567866563796997,-0.805564165115356
0.443996220827103,0.218805953860283,1.08546876907349,0.562947332859039,0.209485530853271,-0.0470723323523998,-0.79811680316925
0.445883512496948,0.221582323312759,1.0870007276535,0.571206033229828,0.21471531689167,-0.0338208451867103,-0.791503190994263
0.447852611541748,0.224882423877716,1.08743512630463,0.581221222877502,0.21771465241909,-0.0237060319632291,-0.783722043037415
