x,y,z,q0,q1,q2,q3
0.49522790312767,0.273096859455109,0.986218631267548,-0.644372582435608,-0.361864238977432,-0.229031383991241,0.633548021316528
0.493731915950775,0.273573756217956,0.986201047897339,0.633149087429047,0.363581359386444,0.224791213870048,-0.645290493965149
0.493264883756638,0.273507535457611,0.986588716506958,0.632961213588715,0.364084213972092,0.225504577159882,-0.644942224025726
0.492080271244049,0.273620992898941,0.986423373222351,0.633950650691986,0.363763630390167,0.22998671233654,-0.642564177513123
0.491642653942108,0.273616224527359,0.986779689788818,0.630009353160858,0.366971522569656,0.224820494651794,-0.646433353424072
0.490927636623383,0.273539990186691,0.986895322799683,0.63061511516571,0.36773544549942,0.225625962018967,-0.645126461982727
0.490054875612259,0.273240655660629,0.98723828792572,0.631668984889984,0.367353320121765,0.231182664632797,-0.642339944839478
0.489372313022614,0.273160338401794,0.987371921539307,0.633593261241913,0.366896659135818,0.234016373753548,-0.639673948287964
0.488695800304413,0.272937536239624,0.987443208694458,0.630704462528229,0.369544982910156,0.229818299412727,-0.642520010471344
0.48829197883606,0.273110151290893,0.987355351448059,0.632423520088196,0.369073510169983,0.2339818328619,-0.639591813087463
0.488033920526505,0.273074328899383,0.987369656562805,0.631245851516724,0.370276004076004,0.233614459633827,-0.640194416046143
0.487643480300903,0.2727872133255,0.987510144710541,0.631870925426483,0.370184481143951,0.235309064388275,-0.63900887966156
0.487270534038544,0.272745281457901,0.9875727891922,0.631412386894226,0.371160417795181,0.235714137554169,-0.638746678829193
0.486660838127136,0.272507339715958,0.987698674201965,0.628266930580139,0.373969435691833,0.232338294386864,-0.64144104719162
0.486285358667374,0.272600948810577,0.987720251083374,0.628247141838074,0.375236481428146,0.232628494501114,-0.640614569187164
0.485947668552399,0.272529453039169,0.987804293632507,0.627553939819336,0.376172870397568,0.232703402638435,-0.640717744827271
0.485570311546326,0.272308617830276,0.988003134727478,0.626081645488739,0.377363473176956,0.232799932360649,-0.64142256975174
0.485339403152466,0.272271990776062,0.987999856472015,0.625512778759003,0.378127962350845,0.232648581266403,-0.641582131385803
0.485068380832672,0.272165715694427,0.987965285778046,0.625709116458893,0.378722071647644,0.232734367251396,-0.641009032726288
0.484822422266006,0.271987587213516,0.988120794296265,0.622961103916168,0.3802809715271,0.231586202979088,-0.643174767494202
0.484562814235687,0.271907687187195,0.988062739372253,0.623618423938751,0.380103051662445,0.232175171375275,-0.642430067062378
0.484798938035965,0.272102564573288,0.987723886966705,0.624444544315338,0.379794389009476,0.231328159570694,-0.642115771770477
0.484656631946564,0.27225798368454,0.987475037574768,0.62602710723877,0.379189848899841,0.234128162264824,-0.639913499355316
0.484208226203918,0.271885514259338,0.987550616264343,0.625204980373383,0.379712015390396,0.234615921974182,-0.640229105949402
0.483661949634552,0.271831870079041,0.987578868865967,0.623146235942841,0.381597697734833,0.231206402182579,-0.642351686954498
0.483479201793671,0.271847873926163,0.98759937286377,0.623719334602356,0.381193220615387,0.233783707022667,-0.641101479530334
0.483242154121399,0.271776676177979,0.987593412399292,0.624859273433685,0.3815638422966,0.234815865755081,-0.639391481876373
0.482971757650375,0.271676152944565,0.987696409225464,0.623551189899445,0.382335662841797,0.234036833047867,-0.640492081642151
0.482275158166885,0.271115779876709,0.988587498664856,0.622384011745453,0.38404843211174,0.236117765307426,-0.639838457107544
0.48197066783905,0.271056413650513,0.988526105880737,0.62203061580658,0.384968489408493,0.23592720925808,-0.639699757099152
0.481350749731064,0.27105113863945,0.988140225410461,0.620677471160889,0.386546701192856,0.234447091817856,-0.640605807304382
0.481350749731064,0.27105113863945,0.988140225410461,0.620677471160889,0.386546701192856,0.234447091817856,-0.640605807304382
0.481219589710236,0.271016120910644,0.987553238868713,0.621323764324188,0.387520879507065,0.233060270547867,-0.639896214008331
0.481219589710236,0.271016120910644,0.987553238868713,0.621323764324188,0.387520879507065,0.233060270547867,-0.639896214008331
0.480571955442429,0.270495235919952,0.987285315990448,0.619976699352264,0.390424638986588,0.22998496890068,-0.640550136566162
0.480328977108002,0.270280838012695,0.987188220024109,0.618832409381866,0.392054557800293,0.228813767433167,-0.641080379486084
0.480098217725754,0.270055681467056,0.98711895942688,0.618162453174591,0.393010675907135,0.228409215807915,-0.641285538673401
0.479863733053207,0.269881546497345,0.986998736858368,0.620433568954468,0.392237216234207,0.23243436217308,-0.638111591339111
0.47955185174942,0.269630223512649,0.986889839172363,0.619698464870453,0.393042981624603,0.232119232416153,-0.638444840908051
0.479222476482391,0.269417285919189,0.98681503534317,0.619368135929108,0.393787503242493,0.232227548956871,-0.63826709985733
0.478838264942169,0.269363790750503,0.986726880073547,0.618271350860596,0.395040363073349,0.23160807788372,-0.638781368732452
0.478497982025146,0.269023984670639,0.986618161201477,0.617850184440613,0.395613461732864,0.231827944517136,-0.638754308223724
0.478361397981644,0.268781542778015,0.986572265625,0.618667602539062,0.395915657281876,0.232334315776825,-0.637590825557709
0.478125482797623,0.268605709075928,0.986502707004547,0.618603348731995,0.396350055932999,0.232586041092873,-0.637291550636292
0.47787007689476,0.268376469612122,0.98646479845047,0.618517816066742,0.39671465754509,0.233048439025879,-0.636978685855865
0.477696001529694,0.268268436193466,0.986423492431641,0.617469549179077,0.397560507059097,0.232588201761246,-0.637636125087738
0.477396428585052,0.268026977777481,0.986362814903259,0.615492820739746,0.398923635482788,0.229023680090904,-0.639981806278229
0.477229237556458,0.268026918172836,0.986322999000549,0.617533385753632,0.397960186004639,0.233892545104027,-0.63684743642807
0.475527167320251,0.267924517393112,0.986613035202026,0.616390526294708,0.400637298822403,0.235826075077057,-0.635561525821686
0.47644168138504,0.267800509929657,0.98624062538147,0.616524696350098,0.39954274892807,0.23474982380867,-0.636518180370331
0.475974947214127,0.267561852931976,0.98627495765686,0.613834321498871,0.401550531387329,0.233810842037201,-0.63819831609726
0.475801348686218,0.267584204673767,0.986267745494842,0.613124430179596,0.402294427156448,0.233430877327919,-0.638551354408264
0.475844591856003,0.267690479755402,0.986275553703308,0.612319350242615,0.403027683496475,0.229391977190971,-0.64032256603241
0.475678861141205,0.267668634653091,0.986248314380646,0.610500276088715,0.404494225978851,0.228049248456955,-0.641613125801086
0.475503653287888,0.267634809017181,0.986269950866699,0.611602246761322,0.404306560754776,0.229089885950089,-0.640309751033783
0.475455224514008,0.267821967601776,0.986279368400574,0.611208021640778,0.404976665973663,0.228432714939117,-0.64049756526947
0.475455224514008,0.267821967601776,0.986279368400574,0.611208021640778,0.404976665973663,0.228432714939117,-0.64049756526947
0.475107908248901,0.267732411623001,0.986145496368408,0.60906058549881,0.406181275844574,0.227278903126717,-0.642188847064972
0.474905371665955,0.267705410718918,0.986060738563538,0.608335554599762,0.406952708959579,0.226892352104187,-0.642524123191833
0.474784970283508,0.267678648233414,0.986078977584839,0.607951283454895,0.407581388950348,0.226956024765968,-0.64246678352356
0.474784970283508,0.267678648233414,0.986078977584839,0.607951283454895,0.407581388950348,0.226956024765968,-0.64246678352356
0.474388599395752,0.267603456974029,0.986036837100983,0.608605206012726,0.408476442098617,0.228376656770706,-0.640773713588715
0.474184185266495,0.267594754695892,0.985984683036804,0.607580125331879,0.409798055887222,0.228117525577545,-0.640994846820831
0.474063187837601,0.267517596483231,0.985877156257629,0.606940388679504,0.410556584596634,0.227823793888092,-0.641219973564148
0.474063187837601,0.267517596483231,0.985877156257629,0.606940388679504,0.410556584596634,0.227823793888092,-0.641219973564148
0.473885208368301,0.267253965139389,0.985742807388306,0.607227683067322,0.411368161439896,0.228144615888595,-0.64031308889389
0.473877906799316,0.267099529504776,0.985740661621094,0.607568860054016,0.411547660827637,0.230935245752335,-0.638872027397156
0.473729103803635,0.266854345798492,0.985673189163208,0.606650650501251,0.412069171667099,0.228336706757545,-0.640340864658356
0.473670899868011,0.266715794801712,0.985575795173645,0.604470729827881,0.413411140441894,0.226627424359322,-0.642141997814178
0.473598420619965,0.266468942165375,0.985498785972595,0.604125678539276,0.413830131292343,0.226512521505356,-0.642237424850464
0.473436832427979,0.266071230173111,0.98537278175354,0.604100942611694,0.414020359516144,0.227058455348015,-0.64194530248642
0.473397493362427,0.265929460525513,0.985326409339905,0.603206753730774,0.415197610855102,0.226111188530922,-0.642360031604767
0.473397493362427,0.265929460525513,0.985326409339905,0.603206753730774,0.415197610855102,0.226111188530922,-0.642360031604767
0.473329305648804,0.265616118907928,0.985170722007752,0.603644728660583,0.41558650135994,0.22596937417984,-0.641746580600739
0.473290532827377,0.265530437231064,0.985165596008301,0.603515803813934,0.415845155715942,0.225632190704346,-0.64181911945343
0.473199903964996,0.265372276306152,0.985187888145447,0.603805303573608,0.416018784046173,0.225864440202713,-0.641352415084839
0.473074525594711,0.265222191810608,0.985221147537231,0.605563402175903,0.415423452854156,0.227157264947891,-0.639621734619141
0.473017632961273,0.26518577337265,0.985223889350891,0.606865525245667,0.414824873209,0.227975070476532,-0.638484060764313
0.472898632287979,0.265120476484299,0.985274851322174,0.606021821498871,0.416063964366913,0.227230742573738,-0.638744533061981
0.472847908735275,0.265076339244842,0.985314011573792,0.607042253017426,0.415351957082748,0.228020802140236,-0.637956976890564
0.472873747348785,0.265065729618073,0.985341310501099,0.607227146625519,0.415589213371277,0.2279092669487,-0.63766622543335
0.472811251878738,0.264975279569626,0.985396504402161,0.607213795185089,0.415577530860901,0.227987512946129,-0.637658596038818
0.472672939300537,0.264679908752441,0.98535430431366,0.608116745948792,0.415426641702652,0.228808268904686,-0.636601626873016
0.472669780254364,0.26460987329483,0.985374271869659,0.608240902423859,0.415404140949249,0.229010447859764,-0.636424839496613
0.472671568393707,0.264484286308289,0.985378861427307,0.608902633190155,0.41534486413002,0.229604825377464,-0.635616302490234
0.472657561302185,0.264424860477448,0.985347986221314,0.609018862247467,0.415404468774795,0.2297253459692,-0.635422229766846
0.472666233778,0.264301747083664,0.985381782054901,0.608820736408234,0.415423095226288,0.230005919933319,-0.635498464107513
0.472735673189163,0.264218509197235,0.985300660133362,0.609323620796204,0.41522878408432,0.230376303195953,-0.635009109973907
0.47272002696991,0.264170527458191,0.985230505466461,0.609708487987518,0.415244847536087,0.230549499392509,-0.634566247463226
0.472461223602295,0.263852536678314,0.985262870788574,0.60826051235199,0.415817499160767,0.230336144566536,-0.635657429695129
0.472692757844925,0.263890743255615,0.985186457633972,0.609976947307587,0.415065795183182,0.230768233537674,-0.634345769882202
0.47271192073822,0.263716906309128,0.985226571559906,0.610214710235596,0.41483348608017,0.230993419885635,-0.6341872215271
0.472652226686478,0.26360821723938,0.985215425491333,0.61034768819809,0.414810836315155,0.231055930256844,-0.634051144123077
0.472609996795654,0.26347890496254,0.985165596008301,0.611298084259033,0.41457936167717,0.231294006109238,-0.633199572563171
0.472596555948257,0.263399869203568,0.985145449638367,0.611521422863007,0.414482206106186,0.231310337781906,-0.633041560649872
0.472442984580994,0.263183951377869,0.985026240348816,0.61143571138382,0.414475947618484,0.231235846877098,-0.633155643939972
0.47244581580162,0.26313778758049,0.985075116157532,0.611561357975006,0.414447724819183,0.230906531214714,-0.633173048496246
0.472454190254211,0.263142347335815,0.985084891319275,0.611444473266602,0.414589703083038,0.230217501521111,-0.633443713188171
0.472527682781219,0.263229370117188,0.985086917877197,0.612697303295135,0.413949549198151,0.232919752597809,-0.631661534309387
0.472564160823822,0.263240605592728,0.985132992267609,0.612590193748474,0.413986265659332,0.232405811548233,-0.631930530071259
0.472720980644226,0.263476133346558,0.985175311565399,0.612696290016174,0.414029568433762,0.231454148888588,-0.632148563861847
0.472702026367188,0.263444989919662,0.985093176364899,0.610909879207611,0.414874047040939,0.22685669362545,-0.634984195232391
0.472818344831467,0.263507574796677,0.985191583633423,0.60875278711319,0.415688335895538,0.224644035100937,-0.637305557727814
0.472856640815735,0.26353532075882,0.985236883163452,0.610411047935486,0.414739817380905,0.225316926836967,-0.636098742485046
0.472856640815735,0.26353532075882,0.985236883163452,0.610411047935486,0.414739817380905,0.225316926836967,-0.636098742485046
0.473133534193039,0.263825088739395,0.985316932201386,0.612105786800385,0.413605183362961,0.226460695266724,-0.634801626205444
0.473156213760376,0.264004498720169,0.985414624214172,0.611417770385742,0.413754433393478,0.225182563066482,-0.635821104049683
0.47314390540123,0.264030396938324,0.98542058467865,0.610252380371094,0.41454541683197,0.221361711621284,-0.63776421546936
0.473168969154358,0.264176189899445,0.98547750711441,0.610244631767273,0.414643704891205,0.220760449767113,-0.637916207313538
0.473266422748566,0.264316648244858,0.985564112663269,0.610438704490662,0.414596170186996,0.220387756824493,-0.637890160083771
0.473394155502319,0.264555215835571,0.985619723796844,0.611705303192139,0.414012312889099,0.222888708114624,-0.636184632778168
0.473432898521423,0.264674574136734,0.985621511936188,0.612009525299072,0.414168685674667,0.222598195075989,-0.63589209318161
0.473489105701446,0.264801979064941,0.985679864883423,0.611112773418427,0.414938688278198,0.218912616372108,-0.637529969215393
0.473597645759583,0.264847904443741,0.98560094833374,0.611660659313202,0.41442283987999,0.219491019845009,-0.637141168117523
0.472385227680206,0.264731973409653,0.985807180404663,0.611876666545868,0.415118157863617,0.224413216114044,-0.634761929512024
0.473737806081772,0.264379799365997,0.98529577255249,0.610190570354462,0.413209348917007,0.220029070973396,-0.639150023460388
0.473296821117401,0.264162987470627,0.985197424888611,0.609840512275696,0.412914305925369,0.223397254943848,-0.638506174087524
0.473342478275299,0.263995468616486,0.985070645809174,0.608971655368805,0.412877440452576,0.220674872398376,-0.640303373336792
0.473513722419739,0.264043271541595,0.984978914260864,0.610666036605835,0.411576330661774,0.223948419094086,-0.638387799263
0.473665803670883,0.264050781726837,0.9848872423172,0.612633228302002,0.410241603851318,0.225404307246208,-0.636847853660583
0.473913848400116,0.263928860425949,0.984801530838013,0.612294554710388,0.409957110881805,0.22227169573307,-0.638455927371979
0.474454402923584,0.263921588659286,0.985114216804504,0.612085282802582,0.409499883651733,0.221521973609924,-0.639209985733032
0.47456032037735,0.263829201459885,0.984993278980255,0.614157438278198,0.408374696969986,0.222640126943588,-0.637551665306091
0.474717319011688,0.263772815465927,0.984921097755432,0.616533815860748,0.407093495130539,0.223900750279426,-0.635633230209351
0.474864959716797,0.263739049434662,0.98493480682373,0.61890971660614,0.405321657657623,0.225173771381378,-0.634004831314087
0.475097119808197,0.26385173201561,0.984892845153809,0.61857932806015,0.404882580041885,0.224492579698563,-0.634848654270172
0.47520238161087,0.263710021972656,0.984916925430298,0.620730340480804,0.403199106454849,0.226095542311668,-0.633249759674072
0.475427806377411,0.263817369937897,0.984971284866333,0.62315309047699,0.401497691869736,0.230292543768883,-0.630432486534119
0.475610584020615,0.263836443424225,0.98506760597229,0.623643517494202,0.40097439289093,0.231103524565697,-0.629983723163605
0.475815951824188,0.263923943042755,0.985148251056671,0.623729169368744,0.400785356760025,0.231674119830132,-0.629809737205505
0.476109862327576,0.263926684856415,0.985223293304443,0.623717486858368,0.400664836168289,0.232035174965858,-0.629765033721924
0.47646027803421,0.264062225818634,0.985297083854675,0.622478783130646,0.400618761777878,0.232065424323082,-0.631007671356201
0.47646027803421,0.264062225818634,0.985297083854675,0.622478783130646,0.400618761777878,0.232065424323082,-0.631007671356201
0.477012127637863,0.264377325773239,0.985487759113312,0.620075464248657,0.401943534612656,0.228906139731407,-0.633679628372192
0.47737729549408,0.264564394950867,0.985587239265442,0.620378255844116,0.402044177055359,0.230233550071716,-0.632838070392609
0.477884382009506,0.264815211296081,0.985682368278503,0.619149208068848,0.402610540390015,0.22989672422409,-0.633803308010101
0.478517234325409,0.264845848083496,0.985758185386658,0.620004713535309,0.401709407567978,0.23115661740303,-0.633080244064331
0.479092627763748,0.264958649873734,0.985913276672363,0.619679868221283,0.401407986879349,0.232098087668419,-0.63324499130249
0.479971408843994,0.26536101102829,0.986061453819275,0.619437456130981,0.40124449133873,0.232106372714043,-0.633582532405853
0.480888873338699,0.265375912189484,0.986583948135376,0.619462251663208,0.400757282972336,0.233001083135605,-0.633538007736206
0.481559634208679,0.265723615884781,0.986367285251617,0.617695569992065,0.401490896940231,0.23148538172245,-0.635351717472076
0.482726573944092,0.265981674194336,0.986911177635193,0.618612229824066,0.40069305896759,0.232333526015282,-0.634653508663177
0.483508050441742,0.266233325004578,0.986596465110779,0.621125161647797,0.399449974298477,0.233697697520256,-0.6324782371521
0.484591603279114,0.266491860151291,0.986592292785644,0.620903432369232,0.398848384618759,0.233606800436973,-0.633108794689178
0.485832840204239,0.266928672790527,0.986505150794983,0.623569190502167,0.397403687238693,0.233922243118286,-0.631278276443481
0.487271010875702,0.267246425151825,0.986591637134552,0.62675142288208,0.395244807004929,0.239193737506866,-0.627495408058167
0.488766312599182,0.267359852790833,0.986619055271149,-0.629575908184052,-0.392827808856964,-0.240575343370438,0.625654816627502
0.490027189254761,0.267417639493942,0.986434459686279,-0.63054758310318,-0.391309916973114,-0.241109490394592,0.625421941280365
0.491288214921951,0.267562210559845,0.986295342445374,-0.630547404289246,-0.391031712293625,-0.239049583673477,0.626386284828186
0.492560684680939,0.267591238021851,0.986306190490723,-0.632839322090149,-0.388644725084305,-0.241214036941528,0.624728322029114
0.494269788265228,0.267280578613281,0.986008882522583,-0.635482132434845,-0.384980440139771,-0.245960488915443,0.622459769248962
0.493838548660278,0.268436640501022,0.986401915550232,-0.635990023612976,-0.388056099414825,-0.244866847991943,0.620459139347076
0.495237737894058,0.26849952340126,0.986640095710754,-0.639465510845184,-0.384432882070541,-0.251433074474335,0.616503536701202
0.496202856302261,0.268293559551239,0.98677396774292,-0.642173886299133,-0.384636968374252,-0.252333790063858,0.613184213638306
0.499599635601044,0.268381237983704,0.986348450183868,-0.652056276798248,-0.37900772690773,-0.2535021007061,0.605733036994934
0.500885128974915,0.268553853034973,0.986545920372009,-0.654665589332581,-0.375462293624878,-0.256306976079941,0.603943645954132
0.502776920795441,0.269356101751328,0.98654043674469,-0.658839821815491,-0.370426684617996,-0.262161254882812,0.599988102912903
0.503752827644348,0.26938846707344,0.986590504646301,-0.663602530956268,-0.369016021490097,-0.266067862510681,0.593857526779175
0.503085553646088,0.269865334033966,0.987091541290283,-0.655147135257721,-0.370932519435883,-0.267868489027023,0.601196944713593
0.504678070545197,0.270431041717529,0.987562417984009,-0.656609177589417,-0.36793377995491,-0.268398612737656,0.601208388805389
0.505630970001221,0.270485877990723,0.98743599653244,-0.660223305225372,-0.366374284029007,-0.274385422468185,0.595472753047943
0.506393432617188,0.270336866378784,0.987933456897736,-0.666921854019165,-0.362876981496811,-0.277496069669724,0.588669240474701
0.507506787776947,0.271064609289169,0.987922668457031,-0.663103759288788,-0.361998528242111,-0.279593646526337,0.592518329620361
0.508760035037994,0.271585047245026,0.988229870796204,-0.662434577941895,-0.359052002429962,-0.279162913560867,0.595256447792053
0.509102463722229,0.271398156881332,0.988106846809387,-0.666731178760529,-0.357408821582794,-0.286801606416702,0.587769746780396
0.509639978408813,0.27148699760437,0.987896382808685,-0.671395063400269,-0.355863660573959,-0.289183139801025,0.582205176353455
0.510906398296356,0.272188067436218,0.988170146942139,-0.666372120380402,-0.355104357004166,-0.291138917207718,0.587441444396973
0.511807441711426,0.272313207387924,0.988705575466156,-0.668021023273468,-0.352032274007797,-0.294628649950027,0.585675001144409
0.512401282787323,0.2723548412323,0.988915622234344,-0.667175531387329,-0.351506382226944,-0.297465085983276,0.58552086353302
0.51331627368927,0.272814035415649,0.989151477813721,-0.66808021068573,-0.347049385309219,-0.299022078514099,0.586354315280914
0.513800442218781,0.272854655981064,0.989318490028381,-0.668527781963348,-0.345603346824646,-0.302314132452011,0.58500874042511
0.514386177062988,0.273185312747955,0.989245772361755,-0.666348218917847,-0.346052914857864,-0.300922214984894,0.587939858436584
0.517351686954498,0.273234456777573,0.989360570907593,-0.672701954841614,-0.338092267513275,-0.307410031557083,0.581949174404144
0.517799973487854,0.27334401011467,0.989527940750122,-0.674764633178711,-0.335463881492615,-0.31134882569313,0.578980565071106
0.517790853977203,0.273178040981293,0.989261507987976,-0.679451823234558,-0.334872275590897,-0.316023111343384,0.571257472038269
0.516463398933411,0.273230254650116,0.989934086799622,-0.679309725761414,-0.333790063858032,-0.322262942790985,0.56856769323349
0.517089068889618,0.273342370986938,0.990049242973328,-0.680832803249359,-0.332415223121643,-0.325654536485672,0.565611243247986
0.517845988273621,0.2737757563591,0.990351259708404,-0.679325699806213,-0.328165233135223,-0.327699244022369,0.568715751171112
0.520350158214569,0.273688763380051,0.990631461143494,-0.681678950786591,-0.323245346546173,-0.32900258898735,0.567964494228363
0.518741011619568,0.273521900177002,0.990869283676148,-0.681466400623322,-0.325392067432404,-0.334615051746368,0.563698887825012
0.521012961864471,0.273569136857986,0.990478098392487,-0.682137966156006,-0.32282418012619,-0.331270962953568,0.566332042217255
0.52166885137558,0.273774862289429,0.991132140159607,-0.68432205915451,-0.319171011447906,-0.337464958429336,0.562094807624817
0.522003948688507,0.274296969175339,0.990534722805023,-0.683381140232086,-0.315761476755142,-0.337806910276413,0.564952492713928
0.522729337215424,0.274369060993195,0.990939378738403,-0.685146868228912,-0.313113391399383,-0.340768665075302,0.562503814697266
0.520800352096558,0.274146288633347,0.99114191532135,-0.683803498744965,-0.313753128051758,-0.346230685710907,0.560442745685577
0.52124160528183,0.274221003055573,0.991256833076477,-0.684023082256317,-0.312638312578201,-0.347954034805298,0.559730052947998
0.521776676177979,0.274301499128342,0.991353988647461,-0.685123682022095,-0.312897801399231,-0.350008994340897,0.556950867176056
0.524219334125519,0.274381756782532,0.991342127323151,-0.685249269008636,-0.310112059116364,-0.348807603120804,0.559103906154633
0.524648547172546,0.274513512849808,0.991616487503052,-0.683503746986389,-0.308737903833389,-0.348701775074005,0.56205940246582
0.522994816303253,0.274371415376663,0.991778194904327,-0.683021128177643,-0.310694843530655,-0.354146063327789,0.558150112628937
0.525754928588867,0.274688124656677,0.992252171039581,-0.684105575084686,-0.306855022907257,-0.35161966085434,0.560538291931152
0.526237666606903,0.274861097335815,0.992455184459686,-0.679675221443176,-0.30747777223587,-0.352323055267334,0.565126240253448
0.526355266571045,0.274719834327698,0.992355823516846,-0.685060083866119,-0.305911242961883,-0.355508178472519,0.557426989078522
0.526775300502777,0.274760246276855,0.992630481719971,-0.679282188415527,-0.307814031839371,-0.351213753223419,0.566105306148529
0.526971638202667,0.274631410837173,0.992608606815338,-0.684842884540558,-0.304908543825149,-0.357256859540939,0.557125329971313
0.527726471424103,0.274817883968353,0.992801487445831,-0.683099031448364,-0.303901880979538,-0.356192320585251,0.560487747192383
0.527769327163696,0.274972200393677,0.992190480232239,-0.682734072208405,-0.303996950387955,-0.356242060661316,0.560849070549011
0.526048481464386,0.274888873100281,0.992304682731628,-0.683366775512695,-0.304524481296539,-0.360613852739334,0.556985020637512
0.526281356811523,0.274852007627487,0.992380619049072,-0.683711409568787,-0.303746521472931,-0.361587196588516,0.556355535984039
0.528544068336487,0.27485516667366,0.99228447675705,-0.68459278345108,-0.302877366542816,-0.356278568506241,0.559163331985474
0.528730094432831,0.274808943271637,0.992349624633789,-0.68510228395462,-0.30244916677475,-0.357065051794052,0.558268845081329
0.528744161128998,0.274634003639221,0.992486596107483,-0.684686064720154,-0.302480638027191,-0.357646912336349,0.558389961719513
0.526947319507599,0.274515450000763,0.992685496807098,-0.684633791446686,-0.302359789609909,-0.364125818014145,0.554317116737366
0.526947319507599,0.274515450000763,0.992685496807098,-0.684633791446686,-0.302359789609909,-0.364125818014145,0.554317116737366
0.529752314090729,0.274327993392944,0.993067622184753,-0.687287509441376,-0.298453539609909,-0.363056123256683,0.553851783275604
0.529994010925293,0.274126350879669,0.993533372879028,-0.687783718109131,-0.29798948764801,-0.363948553800583,0.552899122238159
0.530277848243713,0.274177074432373,0.993469476699829,-0.688704192638397,-0.297396779060364,-0.36407682299614,0.551987171173096
0.530549824237823,0.274057805538177,0.993460297584534,-0.688919425010681,-0.297003984451294,-0.364187568426132,0.551856994628906
0.530667304992676,0.274005651473999,0.99355959892273,-0.689130187034607,-0.296908140182495,-0.364413887262344,0.551495850086212
0.530694425106049,0.273908019065857,0.993603587150574,-0.688991248607635,-0.296995967626572,-0.36457946896553,0.551512956619263
0.530783593654633,0.273856520652771,0.993647575378418,-0.689119756221771,-0.29694789648056,-0.364655017852783,0.551328122615814
0.530911207199097,0.273845493793487,0.993660807609558,-0.689454734325409,-0.296830892562866,-0.364615321159363,0.550998508930206
0.530942738056183,0.273736834526062,0.993716478347778,-0.689315736293793,-0.296932339668274,-0.364566177129745,0.551150143146515
0.531053304672241,0.273686319589615,0.99374657869339,-0.689437985420227,-0.296884745359421,-0.364379405975342,0.551146507263184
0.53115975856781,0.273626506328583,0.993759512901306,-0.689412534236908,-0.296991020441055,-0.364020109176636,0.55135840177536
0.531235575675964,0.273554801940918,0.99373996257782,-0.689618408679962,-0.296868354082107,-0.363848954439163,0.55128002166748
0.529183685779572,0.273263305425644,0.993821501731873,-0.688209593296051,-0.298600196838379,-0.366589695215225,0.550288617610931
0.529223024845123,0.273175925016403,0.993801951408386,-0.688617885112762,-0.298252582550049,-0.366594284772873,0.549963116645813
0.529268682003021,0.273087978363037,0.993789315223694,-0.688818573951721,-0.298087269067764,-0.366469740867615,0.549884557723999
0.529524266719818,0.272968679666519,0.993649244308472,-0.689556002616882,-0.297322124242783,-0.36612668633461,0.54960310459137
0.531603693962097,0.272842198610306,0.993399262428284,-0.691321313381195,-0.294791102409363,-0.363376498222351,0.55057293176651
0.531627237796783,0.272738963365555,0.993367433547974,-0.691458642482758,-0.294564247131348,-0.363190412521362,0.55064469575882
0.531687557697296,0.272656947374344,0.993327260017395,-0.691694617271423,-0.294320225715637,-0.362890988588333,0.550676345825195
0.531309366226196,0.272582739591599,0.993406474590302,-0.691466212272644,-0.294803857803345,-0.363000243902206,0.550632417201996
0.531298339366913,0.272508382797241,0.993390142917633,-0.691414892673492,-0.294795215129852,-0.362443119287491,0.551068305969238
0.531276345252991,0.272395968437195,0.993358373641968,-0.691045820713043,-0.295452564954758,-0.36152195930481,0.551783859729767
0.53161633014679,0.272110521793365,0.993402302265167,-0.690682291984558,-0.295071005821228,-0.360804438591003,0.552911698818207
0.531706094741821,0.272226393222809,0.993308782577515,-0.691524505615234,-0.294736862182617,-0.360390275716782,0.55230700969696
0.531530201435089,0.272034585475922,0.993459343910217,-0.690829455852509,-0.295101195573807,-0.360164999961853,0.553128600120544
0.531627237796783,0.271964132785797,0.993492722511292,-0.691028892993927,-0.294859290122986,-0.359892696142197,0.553185522556305
0.531748056411743,0.272033721208572,0.993404507637024,-0.691787421703339,-0.29440900683403,-0.359517633914948,0.552721202373505
0.529131054878235,0.271525353193283,0.993502140045166,-0.689777195453644,-0.296334385871887,-0.363035917282104,0.551904201507568
0.529374182224274,0.27167883515358,0.993582665920258,-0.690389394760132,-0.296082526445389,-0.362442463636398,0.551664173603058
0.529344856739044,0.271644949913025,0.993617117404938,-0.690528333187103,-0.295926779508591,-0.362364143133163,0.55162513256073
0.529301285743713,0.271591603755951,0.993643343448639,-0.690637946128845,-0.29569685459137,-0.362334161996841,0.551630854606628
0.529221653938293,0.271658182144165,0.993243455886841,-0.690791010856628,-0.295462936162949,-0.361735790967941,0.551957011222839
0.52913510799408,0.27151221036911,0.993292152881622,-0.689003646373749,-0.297166138887405,-0.358497530221939,0.555379033088684
0.529074013233185,0.271447211503982,0.993288516998291,-0.689666867256165,-0.29657045006752,-0.358055084943771,0.555159509181976
0.52916008234024,0.271461486816406,0.993331909179688,-0.691348791122437,-0.293670386075974,-0.361865341663361,0.55213063955307
0.529152154922485,0.271389424800873,0.993330359458923,-0.691767513751984,-0.292931586503982,-0.361967355012894,0.551931619644165
0.531126260757446,0.271304994821548,0.99314534664154,-0.692652344703674,-0.290904998779297,-0.359945088624954,0.553214848041534
0.529243767261505,0.271170675754547,0.993249237537384,-0.69178980588913,-0.292028725147247,-0.362369656562805,0.552118062973022
0.53111332654953,0.271241188049316,0.993182301521301,-0.694395244121552,-0.288862198591232,-0.359477400779724,0.552403807640076
0.531128287315369,0.271054446697235,0.993640899658203,-0.693602502346039,-0.288990169763565,-0.360559552907944,0.552627682685852
0.531026065349579,0.271157771348953,0.993252158164978,-0.693514883518219,-0.288849145174026,-0.359902590513229,0.553239166736603
0.531014859676361,0.271171033382416,0.993287682533264,-0.69349193572998,-0.288577705621719,-0.35978364944458,0.553486943244934
0.530983150005341,0.271175563335419,0.993394255638123,-0.693436324596405,-0.288353592157364,-0.359812468290329,0.553654670715332
0.530852735042572,0.271141141653061,0.99347048997879,-0.69161981344223,-0.290752768516541,-0.355799734592438,0.55725359916687
0.528819382190704,0.271166175603867,0.99374920129776,-0.689975440502167,-0.292788594961166,-0.358184605836868,0.556697905063629
0.528796851634979,0.27125757932663,0.993862986564636,-0.690688252449036,-0.291888654232025,-0.3575758934021,0.55667781829834
0.528724431991577,0.271051287651062,0.994557917118072,-0.690077602863312,-0.291817843914032,-0.358305066823959,0.557003319263458
0.528636336326599,0.271065205335617,0.9946608543396,-0.690254390239716,-0.291480839252472,-0.358450770378113,0.556867122650146
0.528564393520355,0.271255254745483,0.994349181652069,-0.691376507282257,-0.289647281169891,-0.361053705215454,0.554746210575104
0.528698623180389,0.271289706230164,0.994461953639984,-0.692031919956207,-0.28836464881897,-0.361672908067703,0.554193556308746
0.528663098812103,0.27134183049202,0.994556546211243,-0.69204968214035,-0.288164913654327,-0.36168697476387,0.554266214370728
0.528454303741455,0.271254241466522,0.994590818881988,-0.692255735397339,-0.28768202662468,-0.362116008996964,0.553979396820068
0.528389930725098,0.271299421787262,0.99469268321991,-0.692294955253601,-0.287516921758652,-0.362233400344849,0.553939342498779
0.528367519378662,0.27130988240242,0.994836390018463,-0.692413747310638,-0.287160873413086,-0.362460970878601,0.553826510906219
0.52822607755661,0.271400570869446,0.994673013687134,-0.691360890865326,-0.287871330976486,-0.361383676528931,0.555474638938904
0.52822607755661,0.271400570869446,0.994673013687134,-0.691360890865326,-0.287871330976486,-0.361383676528931,0.555474638938904
0.528195142745972,0.271457642316818,0.994748950004578,-0.692743957042694,-0.286642760038376,-0.361693978309631,0.554183483123779
0.530331015586853,0.271802872419357,0.994771480560303,-0.693688571453094,-0.286265045404434,-0.355499595403671,0.557196974754333
0.530197262763977,0.271690338850021,0.994881987571716,-0.692082524299622,-0.28746971487999,-0.355555325746536,0.558536887168884
0.529483020305634,0.270106494426727,0.994369089603424,-0.691224873065948,-0.284745573997498,-0.357851415872574,0.559527218341827
0.530301094055176,0.271760374307632,0.995091319084168,-0.69446724653244,-0.283684372901917,-0.359123736619949,0.55521947145462
0.530277609825134,0.271730244159698,0.995169639587402,-0.694635570049286,-0.282838642597198,-0.359108686447143,0.555450022220612
0.529884934425354,0.270082473754883,0.995012044906616,-0.694223761558533,-0.27973598241806,-0.361388742923737,0.556057095527649
0.52991110086441,0.27006921172142,0.995109796524048,-0.694766283035278,-0.27907720208168,-0.361308723688126,0.555762410163879
0.529915928840637,0.26982843875885,0.995762825012207,-0.694418966770172,-0.278702169656753,-0.361679375171661,0.556143462657928
0.530149638652802,0.270120084285736,0.995290517807007,-0.695880591869354,-0.277538925409317,-0.359191298484802,0.55651068687439
0.530099749565125,0.270013481378555,0.995529890060425,-0.694883525371552,-0.277978777885437,-0.359239131212234,0.557505130767822
0.530211210250854,0.270000457763672,0.995625197887421,-0.694861829280853,-0.278147757053375,-0.357655704021454,0.558465242385864
0.530328929424286,0.269998133182526,0.995840430259705,-0.695529162883759,-0.276990085840225,-0.356928050518036,0.558675408363342
0.53079891204834,0.269848257303238,0.996343374252319,-0.696954548358917,-0.274612337350845,-0.357093095779419,0.557966768741608
0.530970811843872,0.269994795322418,0.996053457260132,-0.697393655776978,-0.274102658033371,-0.355250328779221,0.558844327926636
0.531340479850769,0.269981861114502,0.996493518352508,-0.699164688587189,-0.273412346839905,-0.354651302099228,0.557348072528839
0.531433582305908,0.270105391740799,0.996212244033814,-0.698989868164062,-0.272918522357941,-0.352484464645386,0.559181034564972
0.531656980514526,0.269984155893326,0.996794819831848,-0.69925719499588,-0.273100465536117,-0.348773747682571,0.561081528663635
0.532150864601135,0.270278036594391,0.997002243995666,-0.700333535671234,-0.270006954669952,-0.349490970373154,0.560789823532104
0.532439053058624,0.270365387201309,0.997214019298554,-0.700536906719208,-0.269384801387787,-0.346769034862518,0.562522172927856
0.533037126064301,0.270361185073852,0.99724006652832,-0.700445830821991,-0.268354833126068,-0.3438441157341,0.564918220043182
0.533136010169983,0.270244807004929,0.997273683547974,-0.703742444515228,-0.267855525016785,-0.341302692890167,0.562594413757324
0.533600091934204,0.270519942045212,0.99742466211319,-0.703997433185577,-0.266601771116257,-0.338541448116302,0.564535975456238
0.534252882003784,0.270513772964477,0.997436344623566,-0.703743457794189,-0.265329748392105,-0.334628820419312,0.567775249481201
0.535246729850769,0.271805167198181,0.997944593429565,-0.704274892807007,-0.266304761171341,-0.329718977212906,0.569529831409454
0.535650968551636,0.272222965955734,0.998151302337646,-0.704026162624359,-0.265630215406418,-0.32513815164566,0.572776675224304
0.535715579986572,0.271218836307526,0.997783243656158,-0.703014314174652,-0.262778550386429,-0.323402196168899,0.576306700706482
0.536074936389923,0.271512478590012,0.997949123382568,-0.702460110187531,-0.262451708316803,-0.319047212600708,0.579549551010132
0.536640882492065,0.271844029426575,0.998609602451324,-0.702891826629639,-0.261704444885254,-0.315537333488464,0.581283211708069
0.536901950836182,0.272204786539078,0.998811602592468,-0.701582491397858,-0.260641872882843,-0.311851322650909,0.585317492485046
0.537283837795258,0.273172855377197,0.998906195163727,-0.702170789241791,-0.262100219726562,-0.306504935026169,0.586783289909363
0.536809623241425,0.273592799901962,0.998664617538452,-0.697806596755981,-0.26361221075058,-0.299305886030197,0.594970941543579
0.537067353725433,0.273809343576431,0.999374210834503,-0.699122130870819,-0.261063724756241,-0.299284875392914,0.594560921192169
0.537577152252197,0.274613916873932,0.999923408031464,-0.699356734752655,-0.261006593704224,-0.296467840671539,0.595720231533051
0.537456393241882,0.274809896945953,1.00021660327911,-0.698099434375763,-0.260884672403336,-0.293155908584595,0.598879098892212
0.536366105079651,0.273920983076096,1.00028908252716,-0.693765044212341,-0.262164801359177,-0.288308054208755,0.60567170381546
0.536520302295685,0.275052309036255,1.00106489658356,-0.692756831645966,-0.260192096233368,-0.287207931280136,0.608193755149841
0.535900175571442,0.274932295084,1.0019199848175,-0.692028105258942,-0.263470202684402,-0.283918380737305,0.60915595293045
0.535903215408325,0.274968862533569,1.00218987464905,-0.690954983234406,-0.259622931480408,-0.283496379852295,0.612214803695679
0.535593807697296,0.275215744972229,1.00256156921387,-0.690744876861572,-0.259115517139435,-0.281929522752762,0.613389313220978
0.535136699676514,0.276112914085388,1.00327229499817,-0.690696537494659,-0.260048806667328,-0.280080646276474,0.61389571428299
0.534732460975647,0.276289105415344,1.00356698036194,-0.690181076526642,-0.259770184755325,-0.278351038694382,0.615378081798553
0.534330248832703,0.276501148939133,1.00386905670166,-0.690650463104248,-0.258466184139252,-0.277535200119018,0.61576896905899
0.533442199230194,0.276266425848007,1.00401759147644,-0.689952790737152,-0.257837623357773,-0.277501821517944,0.616828858852386
0.532885134220123,0.276217460632324,1.00441491603851,-0.687300682067871,-0.259496510028839,-0.272744536399841,0.621200382709503
0.532504081726074,0.276635646820068,1.00388062000275,-0.689592003822327,-0.257150948047638,-0.274084061384201,0.619042992591858
0.531752049922943,0.276963174343109,1.00426173210144,-0.689184844493866,-0.257378548383713,-0.273575603961945,0.619626522064209
0.531221866607666,0.277054607868195,1.00446105003357,-0.688907206058502,-0.257192015647888,-0.273096829652786,0.620223581790924
0.530237019062042,0.277207106351852,1.00451672077179,-0.690935969352722,-0.258624315261841,-0.274621397256851,0.616688072681427
0.52977192401886,0.278325796127319,1.00444972515106,-0.692268550395966,-0.259417027235031,-0.272767513990402,0.615682542324066
0.529562294483185,0.278833031654358,1.00475704669952,-0.691942751407623,-0.259661376476288,-0.27214977145195,0.6162189245224
0.528196692466736,0.278182566165924,1.00464761257172,-0.69080001115799,-0.259407132863998,-0.27361473441124,0.616958856582642
0.527800798416138,0.27838546037674,1.00462293624878,-0.691031932830811,-0.259569734334946,-0.272823303937912,0.616981148719788
0.527352273464203,0.278469830751419,1.00472867488861,-0.690468311309814,-0.260143131017685,-0.272604554891586,0.617467224597931
0.526975035667419,0.279344499111175,1.0049786567688,-0.690702497959137,-0.261924117803574,-0.271422326564789,0.616973042488098
0.526482820510864,0.279336869716644,1.00518798828125,-0.689423501491547,-0.262972503900528,-0.271097332239151,0.618099510669708
0.526176333427429,0.279300779104233,1.005779504776,-0.688488125801086,-0.26403346657753,-0.270510107278824,0.618946552276611
0.525645017623901,0.279476523399353,1.00602793693542,-0.688762664794922,-0.264962166547775,-0.27147775888443,0.617819607257843
0.52536815404892,0.279000341892242,1.00653100013733,-0.688092947006226,-0.265730559825897,-0.272154361009598,0.617938101291656
0.525152146816254,0.279172420501709,1.0064982175827,-0.686851680278778,-0.266439348459244,-0.270708471536636,0.619646608829498
0.525152146816254,0.279172420501709,1.0064982175827,-0.686851680278778,-0.266439348459244,-0.270708471536636,0.619646608829498
0.524880230426788,0.279618620872498,1.00734388828278,-0.684487819671631,-0.270709544420242,-0.269816547632217,0.620799362659454
0.524477362632751,0.279380440711975,1.00694811344147,-0.684241414070129,-0.270735234022141,-0.269906550645828,0.621020674705505
0.524481296539307,0.279374003410339,1.00686883926392,-0.683302044868469,-0.272344440221786,-0.268230438232422,0.622076511383057
0.524724125862122,0.28000795841217,1.00643181800842,-0.683484613895416,-0.273559808731079,-0.265799403190613,0.62238621711731
0.524532914161682,0.279494881629944,1.00706577301025,-0.681692123413086,-0.274788677692413,-0.266191691160202,0.623641848564148
0.524519026279449,0.27877950668335,1.0068746805191,-0.681627869606018,-0.274251043796539,-0.266274183988571,0.623913407325745
0.525679707527161,0.279406130313873,1.00698304176331,-0.683315515518188,-0.274558633565903,-0.264431595802307,0.622714579105377
0.525170505046844,0.277988404035568,1.00636756420135,-0.682849109172821,-0.27308714389801,-0.265576869249344,0.623385488986969
0.525087475776672,0.277663767337799,1.00606274604797,-0.682096183300018,-0.272596925497055,-0.265475392341614,0.624466478824615
0.525370597839355,0.277450025081635,1.0057909488678,-0.68289715051651,-0.271979093551636,-0.265222638845444,0.623967826366425
0.525958299636841,0.277230054140091,1.00534808635712,-0.684948801994324,-0.270679891109466,-0.265258699655533,0.622266411781311
0.526351511478424,0.276962101459503,1.00504684448242,-0.685242474079132,-0.270494192838669,-0.264480859041214,0.622354865074158
0.526642322540283,0.27680242061615,1.00481510162354,-0.685746431350708,-0.269271016120911,-0.264886081218719,0.622157752513885
0.526963174343109,0.27661058306694,1.00453472137451,-0.686569929122925,-0.268535614013672,-0.264838337898254,0.621587574481964
0.527440190315247,0.276328206062317,1.00419056415558,-0.687097430229187,-0.268261581659317,-0.264141142368317,0.621419727802277
0.52783739566803,0.276155412197113,1.00391161441803,-0.687972962856293,-0.267568111419678,-0.264036595821381,0.620793998241425
0.528118252754211,0.276055753231049,1.00369679927826,-0.68918776512146,-0.267060458660126,-0.263952910900116,0.619699776172638
0.528422653675079,0.276011914014816,1.00352644920349,-0.690401971340179,-0.266776531934738,-0.264097929000854,0.618407309055328
0.528683185577393,0.275994628667831,1.00338804721832,-0.691240549087524,-0.266720443964005,-0.263839602470398,0.617604613304138
0.529037892818451,0.27604866027832,1.00331962108612,-0.692071735858917,-0.266530185937881,-0.263492614030838,0.616903603076935
0.529426455497742,0.276449739933014,1.00350427627563,-0.691960155963898,-0.267309933900833,-0.262784242630005,0.616993546485901
0.529401242733002,0.276112675666809,1.00335562229156,-0.691919505596161,-0.266779631376266,-0.263125777244568,0.617123067378998
0.529556393623352,0.276208102703094,1.00339722633362,-0.69211757183075,-0.266631156206131,-0.262904644012451,0.617059409618378
0.529765188694,0.276359587907791,1.00341320037842,-0.692633390426636,-0.266169905662537,-0.262526512145996,0.616840898990631
0.529765188694,0.276359587907791,1.00341320037842,-0.692633390426636,-0.266169905662537,-0.262526512145996,0.616840898990631
0.530069053173065,0.277041852474213,1.00368547439575,-0.693026840686798,-0.265697479248047,-0.261372596025467,0.617092430591583
0.529983758926392,0.277091145515442,1.00356841087341,-0.691263020038605,-0.266190260648727,-0.25748148560524,0.620484888553619
0.53004789352417,0.277248442173004,1.00349426269531,-0.693914413452148,-0.262724220752716,-0.260523676872253,0.617726743221283
0.530117630958557,0.277210533618927,1.00388550758362,-0.695254266262054,-0.260967165231705,-0.260989457368851,0.616767585277557
0.529786288738251,0.277356445789337,1.00379538536072,-0.695185363292694,-0.260293185710907,-0.259757101535797,0.617649555206299
0.52930748462677,0.27770271897316,1.00309038162231,-0.695250511169434,-0.258949130773544,-0.258615761995315,0.618619501590729
0.528933763504028,0.277950078248978,1.00239133834839,-0.694908559322357,-0.25730437040329,-0.257118344306946,0.620311856269836
0.528501510620117,0.277467012405396,1.00193083286285,-0.69327187538147,-0.255595952272415,-0.253244966268539,0.624429285526276
0.52804046869278,0.277746796607971,1.00187909603119,-0.696265161037445,-0.251833915710449,-0.25712040066719,0.621034502983093
0.528399050235748,0.278833925724029,1.0024596452713,-0.697244942188263,-0.25132417678833,-0.254370629787445,0.621273875236511
0.527812123298645,0.279039740562439,1.0024094581604,-0.698017597198486,-0.2497818171978,-0.253529191017151,0.621372222900391
0.52649861574173,0.278296709060669,1.00217807292938,-0.697306215763092,-0.246644511818886,-0.254797369241714,0.622903645038605
0.526032030582428,0.278499007225037,1.00218212604523,-0.697526693344116,-0.24446702003479,-0.253755897283554,0.623939454555511
0.525236189365387,0.278871178627014,1.00239717960358,-0.698230981826782,-0.243127182126045,-0.252412021160126,0.624220252037048
0.524660229682922,0.279188215732574,1.00258409976959,-0.696186184883118,-0.242854118347168,-0.247981131076813,0.628372609615326
0.523909568786621,0.280258536338806,1.00342226028442,-0.696759700775146,-0.241443455219269,-0.25016176700592,0.627415418624878
0.523009419441223,0.280361622571945,1.0037122964859,-0.695731401443481,-0.239982038736343,-0.248838052153587,0.629639804363251
0.522492527961731,0.281307846307755,1.0044629573822,-0.695921957492828,-0.238799825310707,-0.247647032141685,0.630347847938538
0.521664679050446,0.281600296497345,1.00477528572083,-0.695237040519714,-0.237141460180283,-0.246344909071922,0.632237017154694
0.52118855714798,0.282249987125397,1.0063738822937,-0.694697499275208,-0.237117871642113,-0.24571581184864,0.63308322429657
0.520432114601135,0.282400965690613,1.00686299800873,-0.692659497261047,-0.234404236078262,-0.244699031114578,0.636710286140442
0.519436895847321,0.283274382352829,1.00776791572571,-0.692890405654907,-0.233863860368729,-0.243518948554993,0.63711017370224
0.519000351428986,0.283873975276947,1.00848841667175,-0.690352082252502,-0.232821747660637,-0.241048336029053,0.641173660755157
0.517887353897095,0.285037338733673,1.00959491729736,-0.690033853054047,-0.232650622725487,-0.239385291934013,0.642200767993927
0.517584383487701,0.285990953445435,1.01070237159729,-0.688540279865265,-0.23159122467041,-0.237026497721672,0.64505523443222
0.516281485557556,0.285997033119202,1.01173806190491,-0.686673521995544,-0.229230806231499,-0.236254647374153,0.648163914680481
0.516142725944519,0.287325620651245,1.01282131671906,-0.68080723285675,-0.22838981449604,-0.232779532670975,0.655860722064972
0.515406131744385,0.287941455841064,1.01391112804413,-0.67848801612854,-0.227941304445267,-0.227547973394394,0.660241305828094
0.5141242146492,0.288596153259277,1.01504123210907,-0.679074048995972,-0.224735364317894,-0.229579210281372,0.660034954547882
0.513314306735992,0.289731472730637,1.01543927192688,-0.677938938140869,-0.223642274737358,-0.226484149694443,0.662637174129486
0.51262366771698,0.289913207292557,1.01746249198914,-0.676675856113434,-0.220903754234314,-0.22667384147644,0.664778351783752
0.511552453041077,0.290393352508545,1.01857471466064,-0.674088180065155,-0.219623118638992,-0.224662959575653,0.668503761291504
0.510748445987701,0.291093170642853,1.01947915554047,-0.674551069736481,-0.215695142745972,-0.221245557069778,0.670452833175659
0.507755100727081,0.291339516639709,1.0210040807724,-0.675671517848969,-0.216348126530647,-0.222885951399803,0.668568253517151
0.506451368331909,0.291957318782806,1.02212417125702,0.671407103538513,0.215907126665115,0.216850623488426,-0.674961149692535
0.506690680980682,0.292788207530975,1.0230085849762,0.673389613628387,0.211552679538727,0.216558143496513,-0.674458801746368
0.505644857883453,0.29370105266571,1.02362048625946,0.670969188213348,0.208754330873489,0.21326832473278,-0.67877721786499
0.503822565078735,0.293999075889587,1.02475142478943,0.669175028800964,0.205979779362679,0.212548211216926,-0.681616067886353
0.501161992549896,0.294487029314041,1.02636408805847,0.664953470230103,0.207925945520401,0.207528829574585,-0.686684370040894
0.500931024551392,0.294754177331924,1.02712965011597,0.665422558784485,0.202412337064743,0.207557424902916,-0.687867760658264
0.499522030353546,0.295452058315277,1.02818787097931,0.66501921415329,0.200076550245285,0.204543873667717,-0.689841032028198
0.497935205698013,0.295988738536835,1.02933955192566,0.662679016590118,0.198049008846283,0.201758787035942,-0.693488597869873
0.496099382638931,0.29678738117218,1.03092348575592,0.660453736782074,0.197009533643723,0.198983311653137,-0.696702063083649
0.49446702003479,0.297303378582001,1.03217828273773,0.656666934490204,0.194593340158462,0.195827811956406,-0.701835811138153
0.492627739906311,0.297927916049957,1.03364515304565,0.654481589794159,0.193049505352974,0.193055972456932,-0.705063939094543
0.490539342164993,0.298581063747406,1.03512787818909,0.651193559169769,0.192153677344322,0.189715072512627,-0.709247648715973
0.490539342164993,0.298581063747406,1.03512787818909,0.651193559169769,0.192153677344322,0.189715072512627,-0.709247648715973
0.484427392482758,0.300722062587738,1.03913938999176,0.647189378738403,0.194691762328148,0.183272540569305,-0.713899314403534
0.482078015804291,0.301482647657394,1.04067230224609,0.643694281578064,0.193882957100868,0.180303260684013,-0.718023657798767
0.479888200759888,0.30181223154068,1.04243004322052,0.640262603759766,0.192935094237327,0.177176624536514,-0.722113847732544
0.477566421031952,0.30242532491684,1.04393649101257,0.639138519763947,0.191586792469025,0.17296190559864,-0.724486529827118
0.475079774856567,0.303344398736954,1.0444233417511,0.634613692760468,0.189360916614532,0.167845264077187,-0.730230033397675
0.474391013383865,0.301245331764221,1.04494094848633,0.635227918624878,0.180665031075478,0.165923044085503,-0.73233550786972
0.472004890441894,0.305170089006424,1.04863464832306,0.634950995445251,0.187691405415535,0.15912464261055,-0.732317209243774
0.469195365905762,0.305949240922928,1.04934525489807,0.629077315330505,0.185811504721642,0.154045656323433,-0.73892217874527
0.466147631406784,0.30198872089386,1.04912960529327,0.629907727241516,0.175865292549133,0.155085146427155,-0.740429818630219
0.463744819164276,0.303765058517456,1.05148637294769,0.629132151603699,0.176802292466164,0.1499924659729,-0.741913795471191
0.461644351482391,0.304660022258758,1.05217659473419,0.623761594295502,0.175725281238556,0.141126170754433,-0.748415231704712
0.461644351482391,0.304660022258758,1.05217659473419,0.623761594295502,0.175725281238556,0.141126170754433,-0.748415231704712
0.455331176519394,0.305992245674133,1.05706655979156,0.62570858001709,0.175667196512222,0.138170853257179,-0.747354447841644
0.45216092467308,0.305751502513885,1.05762946605682,0.621597707271576,0.172698155045509,0.132389605045319,-0.752505660057068
0.449829190969467,0.303605020046234,1.05807840824127,0.619372963905334,0.165875375270844,0.132680892944336,-0.755816221237183
0.446833223104477,0.305266201496124,1.06092023849487,0.617539644241333,0.168495744466782,0.12591153383255,-0.757891952991486
0.44444340467453,0.303139805793762,1.06042385101318,0.615745306015015,0.160465523600578,0.125181630253792,-0.761208474636078
0.44082498550415,0.304763674736023,1.06235265731812,0.614321529865265,0.162491500377655,0.118110053241253,-0.763056814670563
0.43806129693985,0.303905010223389,1.06327319145203,0.613491475582123,0.158684000372887,0.114980190992355,-0.76500141620636
0.435327559709549,0.302378714084625,1.06367874145508,0.610663056373596,0.153332725167274,0.110929600894451,-0.768943667411804
0.432875752449036,0.301973044872284,1.06454205513,0.61279821395874,0.149755001068115,0.108600087463856,-0.768282353878021
0.430159091949463,0.301449120044708,1.06575012207031,0.612473785877228,0.147084549069405,0.105264559388161,-0.769520282745361
0.427618801593781,0.300682812929153,1.06673991680145,0.612107455730438,0.143803685903549,0.102105356752872,-0.770856440067291
0.425347864627838,0.300193697214127,1.0680171251297,0.611019015312195,0.14149321615696,0.0987142026424408,-0.772587180137634
0.422500342130661,0.299447149038315,1.06922924518585,0.609993398189545,0.139154076576233,0.0963386893272399,-0.77412086725235
0.420612752437591,0.29925274848938,1.07000875473022,0.608569383621216,0.136193051934242,0.0902228653430938,-0.776501536369324
0.418399691581726,0.298958122730255,1.07099604606628,0.611031293869019,0.133864417672157,0.089023008942604,-0.775110304355621
0.416182816028595,0.298417806625366,1.07199501991272,0.610288918018341,0.131597891449928,0.0860050842165947,-0.77642297744751
0.413902521133423,0.297667145729065,1.07322371006012,0.607369899749756,0.13066004216671,0.0832527503371238,-0.77916544675827
0.411966890096664,0.297227203845978,1.07422876358032,0.606063961982727,0.129534482955933,0.0796768590807914,-0.780742466449738
0.409910500049591,0.296640455722809,1.0753527879715,0.604437947273254,0.128439515829086,0.0771147236227989,-0.782439529895782
0.408984363079071,0.295949220657349,1.07763707637787,0.606087386608124,0.128896743059158,0.0762752145528793,-0.781169593334198
0.406540542840958,0.295455753803253,1.07699310779572,0.602368295192719,0.126612335443497,0.071019671857357,-0.784906327724457
0.40457159280777,0.295520275831222,1.07821524143219,0.60088849067688,0.128270596265793,0.0672507733106613,-0.786102414131165
0.403178602457047,0.294573664665222,1.07879543304443,0.599203526973724,0.127229854464531,0.064419962465763,-0.787792980670929
0.403178602457047,0.294573664665222,1.07879543304443,0.599203526973724,0.127229854464531,0.064419962465763,-0.787792980670929
0.39955461025238,0.293494641780853,1.08098971843719,0.595232725143433,0.129934176802635,0.0592123083770275,-0.790764808654785
0.39767986536026,0.293130218982696,1.08247792720795,0.592854201793671,0.132775694131851,0.0564929768443107,-0.792277216911316
0.396554172039032,0.292685151100159,1.08312082290649,0.591059803962708,0.133790791034698,0.0527805238962173,-0.793701827526093
0.395356357097626,0.292662560939789,1.08380520343781,0.592291176319122,0.135048627853393,0.0486179329454898,-0.792836308479309
0.392296701669693,0.291487962007523,1.08567929267883,0.589088439941406,0.138457626104355,0.047527015209198,-0.794698417186737
0.390641331672668,0.290538311004639,1.0866801738739,0.587181031703949,0.139562577009201,0.0442193187773227,-0.796106457710266
0.38885223865509,0.289479851722717,1.08734583854675,0.584756791591644,0.139829531311989,0.0409672930836677,-0.798015713691711
0.387112081050873,0.288717120885849,1.08815777301788,0.583003342151642,0.140202105045319,0.0368932895362377,-0.799430727958679
0.385101407766342,0.287650287151337,1.08895552158356,0.580379784107208,0.1399105489254,0.0333049073815345,-0.801545560359955
0.383136183023453,0.286158978939056,1.08934998512268,0.577954471111298,0.138019442558288,0.0294046197086572,-0.803775370121002
0.380919575691223,0.285421162843704,1.09046196937561,0.57343065738678,0.138419046998024,0.0247609112411737,-0.807096242904663
0.37871503829956,0.283983647823334,1.09101855754852,0.570818543434143,0.136117458343506,0.0210189409554004,-0.809442222118378
0.376147747039795,0.282556116580963,1.0921117067337,0.562826991081238,0.134745866060257,0.0146889137104153,-0.815385580062866
0.373626410961151,0.280834317207336,1.09281229972839,0.559352695941925,0.131682440638542,0.0105325831100344,-0.818335711956024
0.371287405490875,0.279079437255859,1.09323954582214,0.550959825515747,0.12806048989296,0.00843714363873,-0.824604630470276
0.36875855922699,0.278127372264862,1.09490370750427,0.547282218933105,0.126884058117866,0.0051215612329542,-0.827258408069611
0.365773022174835,0.276444494724274,1.09641599655151,0.541983246803284,0.124632723629475,0.0012127992231398,-0.831095397472382
0.363069832324982,0.274773597717285,1.09767258167267,0.542447030544281,0.121444784104824,-0.0041823745705187,-0.831254959106445
0.360368132591248,0.273408889770508,1.09902513027191,0.5386101603508,0.118594385683537,-0.006924943998456,-0.834138214588165
0.357544660568237,0.27177107334137,1.10073018074036,0.531367778778076,0.115228280425072,-0.0122506050392985,-0.839178621768951
0.354874700307846,0.270473062992096,1.1022527217865,0.529057145118713,0.112276665866375,-0.0136302122846245,-0.841015338897705
0.352025508880615,0.268988311290741,1.10427379608154,0.521972477436066,0.10908254981041,-0.0183621346950531,-0.845759212970734
0.348883390426636,0.267596423625946,1.10522401332855,0.516620278358459,0.104733064770699,-0.022441703826189,-0.849488615989685
0.346592783927917,0.265820562839508,1.10752367973328,0.513592422008514,0.102551825344563,-0.0230815839022398,-0.851571023464203
0.344040036201477,0.264605194330215,1.10927021503448,0.509413719177246,0.0988464057445526,-0.0259498748928308,-0.854431807994843
0.34150892496109,0.262126356363297,1.1106630563736,0.506438314914703,0.0951291024684906,-0.0246622543781995,-0.856657803058624
0.339198023080826,0.261757433414459,1.11314761638641,0.50186425447464,0.0944569632411003,-0.0291990060359239,-0.859277367591858
0.336724102497101,0.260365128517151,1.11511790752411,0.496952891349792,0.0934021100401878,-0.0305593311786651,-0.862194895744324
0.334618031978607,0.259299397468567,1.11729085445404,0.495813637971878,0.0934272855520248,-0.0296230483800172,-0.862880408763885
0.332635223865509,0.257940471172333,1.11883509159088,0.492109149694443,0.0922600924968719,-0.0324246361851692,-0.865023374557495
0.330817341804504,0.256859123706818,1.12063407897949,0.491602092981339,0.0911029726266861,-0.0333627834916114,-0.865398466587067
0.329058766365051,0.255750715732574,1.12234950065613,0.490937858819961,0.0925948545336723,-0.0323042534291744,-0.865657329559326
0.327317714691162,0.254170417785644,1.12369608879089,0.487637847661972,0.091461531817913,-0.0344310589134693,-0.86755895614624
0.325797289609909,0.253136515617371,1.12527060508728,0.486858546733856,0.0929597020149231,-0.0351838842034339,-0.86780720949173
0.324474990367889,0.251837283372879,1.12633228302002,0.488081187009811,0.0929907783865928,-0.0358945950865745,-0.867087781429291
0.323277741670609,0.251242786645889,1.1274049282074,0.487323850393295,0.0951414480805397,-0.0375754795968532,-0.867209196090698
0.322077989578247,0.249706447124481,1.12778997421265,0.487459063529968,0.0958660468459129,-0.0374002940952777,-0.867060899734497
0.322077989578247,0.249706447124481,1.12778997421265,0.487459063529968,0.0958660468459129,-0.0374002940952777,-0.867060899734497
0.320138096809387,0.247428998351097,1.1294139623642,0.488146424293518,0.0994843319058418,-0.0374171324074268,-0.866265475749969
0.31913834810257,0.24568073451519,1.12955367565155,0.489458560943604,0.10125719755888,-0.0350512117147445,-0.865418255329132
0.318330705165863,0.243855983018875,1.12961030006409,0.491429716348648,0.102133952081203,-0.0333731845021247,-0.864263713359833
0.317500293254852,0.242966741323471,1.12965321540833,0.492953985929489,0.104603826999664,-0.0336923897266387,-0.863087117671967
0.316870808601379,0.241689518094063,1.12942016124725,0.492788672447205,0.107139445841312,-0.0332512520253658,-0.862887442111969
0.316382259130478,0.240324139595032,1.12885308265686,0.492212682962418,0.107848063111305,-0.0331765227019786,-0.863130867481232
0.315891683101654,0.238967329263687,1.12838888168335,0.492064893245697,0.109838016331196,-0.0329108759760856,-0.862974286079407
0.315549820661545,0.238251000642776,1.12797689437866,0.490137934684753,0.112104326486587,-0.0341087654232978,-0.863732635974884
0.315192699432373,0.236973255872726,1.1273250579834,0.489657789468765,0.112272411584854,-0.0340528115630149,-0.863985359668732
0.315095782279968,0.236408844590187,1.12661933898926,0.489351868629456,0.113503485918045,-0.034986712038517,-0.86396050453186
0.31490558385849,0.235683232545853,1.12597405910492,0.490062981843948,0.11510768532753,-0.0352533236145973,-0.863334178924561
0.314850121736526,0.23498871922493,1.12523758411407,0.490361630916595,0.115795984864235,-0.0354319065809249,-0.863065123558044
0.314718067646027,0.234510257840156,1.12467002868652,0.49125799536705,0.116125054657459,-0.0355884805321693,-0.862504482269287
0.314622044563293,0.233099222183228,1.12355625629425,0.492218554019928,0.114781521260738,-0.0339450910687446,-0.862202942371368
0.314146786928177,0.233009546995163,1.12249994277954,0.491654425859451,0.11498811095953,-0.0344247967004776,-0.862478196620941
0.314562946557999,0.232554107904434,1.12246417999268,0.493048936128616,0.11609111726284,-0.0328383035957813,-0.861595690250397
0.314238429069519,0.231696754693985,1.12085556983948,0.493710994720459,0.114529028534889,-0.0321593172848224,-0.861451327800751
0.314282715320587,0.231594860553741,1.12040853500366,0.494780272245407,0.115111626684666,-0.031165275722742,-0.860796511173248
0.314365863800049,0.231722235679626,1.11983585357666,0.497248977422714,0.116473287343979,-0.030387545004487,-0.85921710729599
0.315113246440887,0.231104731559753,1.11966872215271,0.499692678451538,0.116777531802654,-0.0289316959679126,-0.857807159423828
0.315444827079773,0.231077939271927,1.11902225017548,0.501641809940338,0.118159100413322,-0.0279485862702131,-0.856512010097504
0.315688699483871,0.23076993227005,1.11829876899719,0.497026205062866,0.118819944560528,-0.0251384526491165,-0.859194278717041
0.315829813480377,0.229875087738037,1.11743259429932,0.504865765571594,0.118503585457802,-0.0247851610183715,-0.854665577411652
0.316174507141113,0.230101495981216,1.11677205562592,0.499088525772095,0.119816407561302,-0.0227617919445037,-0.857925713062286
0.316295623779297,0.230055019259453,1.11627721786499,0.499211072921753,0.121209971606731,-0.0222900826483964,-0.857671141624451
0.316685408353805,0.22992017865181,1.11536717414856,0.499551355838776,0.12139668315649,-0.0219916701316833,-0.857454180717468
0.316993951797485,0.23002889752388,1.11469531059265,0.501076400279999,0.122859984636307,-0.0216520503163337,-0.856363832950592
0.317386388778687,0.22980597615242,1.11380529403687,0.503255069255829,0.121783137321472,-0.0212292093783617,-0.855250060558319
0.317882061004639,0.229544937610626,1.11286103725433,0.506261706352234,0.120988860726357,-0.0201647318899631,-0.85361248254776
0.318103909492493,0.228627234697342,1.11160707473755,0.508388936519623,0.119156949222088,-0.0182353239506483,-0.852648735046387
0.318619191646576,0.229033842682838,1.11067318916321,0.510434150695801,0.118942022323608,-0.0185636207461357,-0.851448833942413
0.319145441055298,0.22881069779396,1.1095757484436,0.511893033981323,0.11837949603796,-0.0174467973411083,-0.850674688816071
0.320015847682953,0.228225558996201,1.10804045200348,0.514346539974213,0.115510612726212,-0.0161396712064743,-0.849614322185516
0.320404052734375,0.229185342788696,1.10775601863861,0.516418159008026,0.11743438988924,-0.0164670925587415,-0.848086357116699
0.321255207061768,0.229455158114433,1.10658812522888,0.517195403575897,0.116207949817181,-0.0177261196076869,-0.847756147384644
0.321816742420196,0.230100393295288,1.10603761672974,0.519096612930298,0.116993755102157,-0.0175820682197809,-0.846488058567047
0.322757244110107,0.230485558509827,1.10494995117188,0.519939720630646,0.115911476314068,-0.0187734588980674,-0.846093893051147
0.322757244110107,0.230485558509827,1.10494995117188,0.519939720630646,0.115911476314068,-0.0187734588980674,-0.846093893051147
0.324497759342194,0.231527760624886,1.10321056842804,0.521987557411194,0.114811189472675,-0.0204735714942216,-0.844942808151245
0.325404047966003,0.231811732053757,1.10225474834442,0.522354602813721,0.113929361104965,-0.0205155778676271,-0.844834327697754
0.326497077941894,0.232223093509674,1.10133969783783,0.525640785694122,0.114171415567398,-0.0185242295265197,-0.842806875705719
0.327479690313339,0.233615309000015,1.10087895393372,0.525307655334473,0.113942235708237,-0.0218394622206687,-0.842966258525848
0.328514873981476,0.233973056077957,1.10000312328339,0.524884819984436,0.114208087325096,-0.0215244647115468,-0.843201696872711
0.329443871974945,0.234696850180626,1.09942388534546,0.531707525253296,0.114135086536407,-0.024120869114995,-0.838855445384979
0.330551087856293,0.235808074474335,1.09886229038239,0.533367097377777,0.115566290915012,-0.0226103924214839,-0.837647199630737
0.331783533096313,0.236469686031341,1.09800684452057,0.533702671527863,0.114267408847809,-0.0251939389854669,-0.837537944316864
0.332767426967621,0.23760113120079,1.09752774238586,0.530358612537384,0.115372940897942,-0.0247184131294488,-0.839522421360016
0.333975076675415,0.238449722528458,1.0968109369278,0.534346222877502,0.116845108568668,-0.0250385273247957,-0.836776256561279
0.334950864315033,0.2391557097435,1.09630441665649,0.534635841846466,0.117791630327701,-0.024875110015273,-0.836463332176208
0.336216390132904,0.2399782538414,1.09570097923279,0.535494089126587,0.118578925728798,-0.0252381097525358,-0.835791945457458
0.337458252906799,0.240701586008072,1.09497511386871,0.536214649677277,0.118977248668671,-0.0259467773139476,-0.83525151014328
0.338438034057617,0.241282254457474,1.0943922996521,0.535843074321747,0.118588082492352,-0.0279738809913396,-0.835479855537415
0.339784920215607,0.241881281137466,1.0933974981308,0.538356125354767,0.119085982441902,-0.0264126081019639,-0.833842694759369
0.340999186038971,0.242754951119423,1.09276628494263,0.537624478340149,0.119339726865292,-0.0285531841218471,-0.834207832813263
0.342257052659988,0.243675738573074,1.09219312667847,0.538518071174622,0.120357818901539,-0.0294614564627408,-0.833453178405762
0.343467950820923,0.244005441665649,1.09122633934021,0.540072917938232,0.119738563895225,-0.0304072219878435,-0.832501888275146
0.344826102256775,0.244507402181625,1.09016895294189,0.542270243167877,0.120282925665379,-0.0289627388119697,-0.831045269966125
0.34588235616684,0.245085254311562,1.0895448923111,0.541192471981049,0.120395436882973,-0.0305153056979179,-0.831675708293915
0.347109794616699,0.245711266994476,1.08878993988037,0.54394668340683,0.12076361477375,-0.0311534628272056,-0.829799771308899
0.348531275987625,0.246190816164017,1.08776342868805,0.545459866523743,0.119974754750729,-0.0315493419766426,-0.828905522823334
0.349549263715744,0.246895104646683,1.08623147010803,0.545254409313202,0.119108326733112,-0.0334159731864929,-0.829092442989349
0.35117107629776,0.247378885746002,1.08611059188843,0.551801323890686,0.120842054486275,-0.0319898426532745,-0.824553966522217
0.352021932601929,0.24792192876339,1.08447968959808,0.55232435464859,0.119401916861534,-0.034426275640726,-0.82431548833847
0.352021932601929,0.24792192876339,1.08447968959808,0.55232435464859,0.119401916861534,-0.034426275640726,-0.82431548833847
0.35452464222908,0.248335510492325,1.08258354663849,0.553634285926819,0.116931356489658,-0.0374334454536438,-0.823659479618073
0.356220096349716,0.248701930046081,1.08272731304169,0.558283448219299,0.118303939700127,-0.0355406776070594,-0.820402681827545
0.35716712474823,0.248765796422958,1.08182096481323,0.553031325340271,0.11765144765377,-0.0403930470347404,-0.823822200298309
0.358312249183655,0.248890578746796,1.08098149299622,0.55549693107605,0.11645645648241,-0.0412926524877548,-0.822287142276764
0.359495609998703,0.249637544155121,1.08024024963379,0.558874189853668,0.116289883852005,-0.0430257730185985,-0.819930076599121
0.360745370388031,0.249084532260895,1.07918357849121,0.561108648777008,0.113869272172451,-0.0424877703189849,-0.818770885467529
0.361827194690704,0.249811261892319,1.07869958877563,0.562602162361145,0.114238440990448,-0.0438742116093635,-0.817620575428009
0.363315731287003,0.251298666000366,1.07821202278137,0.565883994102478,0.115205809473991,-0.0462404042482376,-0.815085709095001
0.364570736885071,0.25157967209816,1.07736694812775,0.56800240278244,0.114070802927017,-0.0467682927846908,-0.813740730285645
0.366041004657745,0.252164363861084,1.07647216320038,0.567561984062195,0.11294749379158,-0.0475447587668895,-0.814159631729126
0.367411524057388,0.252878904342651,1.07579433917999,0.56910914182663,0.1121960952878,-0.0482792258262634,-0.813139617443085
0.368808329105377,0.253131031990051,1.07483470439911,0.57072126865387,0.110618278384209,-0.0486151129007339,-0.812205255031586
0.370386183261871,0.253585517406464,1.07393324375153,0.57195657491684,0.10906570404768,-0.0482888519763946,-0.811565458774567
0.372036397457123,0.254050880670547,1.07299733161926,0.573238492012024,0.107433289289474,-0.0484219528734684,-0.810870587825775
0.373653590679169,0.25489741563797,1.07228291034698,0.574506998062134,0.106748603284359,-0.0482581406831741,-0.810072541236877
0.37548303604126,0.256338775157928,1.07119512557983,0.57731956243515,0.106089353561401,-0.0490838550031185,-0.808107674121857
0.377369105815887,0.256910622119904,1.07060253620148,0.578400552272797,0.104699812829494,-0.0477229468524456,-0.807597219944
0.379409432411194,0.257482171058655,1.06972563266754,0.579707860946655,0.103270955383778,-0.0461777225136756,-0.806933462619781
0.381609559059143,0.258280426263809,1.06884920597076,0.580578565597534,0.102127611637115,-0.044868841767311,-0.806526839733124
0.383667111396789,0.259905934333801,1.06774938106537,0.582136571407318,0.101926848292351,-0.0452241748571395,-0.805408537387848
0.385933250188828,0.261251479387283,1.06662285327911,0.582997560501099,0.10115597397089,-0.0446129702031612,-0.80491691827774
0.388304114341736,0.262299060821533,1.06546902656555,0.587856531143188,0.100197710096836,-0.0403320789337158,-0.801722228527069
0.390460252761841,0.263553977012634,1.06500172615051,0.584645450115204,0.0997859686613082,-0.0399751998484134,-0.804135859012604
0.392978847026825,0.264710247516632,1.06393599510193,0.586177289485931,0.0993236526846885,-0.0370554290711879,-0.80321729183197
0.395472109317779,0.266193777322769,1.06299662590027,0.58594161272049,0.0995783656835556,-0.036201287060976,-0.803396642208099
0.397551715373993,0.267272233963013,1.06206250190735,0.580739319324493,0.0989381447434425,-0.0372380875051021,-0.807196736335754
0.400708436965942,0.268337666988373,1.06078886985779,0.586633682250977,0.0974900051951408,-0.0313164368271827,-0.803352892398834
0.403256952762604,0.269953727722168,1.06005239486694,0.586078584194183,0.0975160598754882,-0.0291182864457368,-0.803837537765503
0.406019508838654,0.271469831466675,1.0588207244873,0.583685100078583,0.096023678779602,-0.0288365837186574,-0.805766403675079
0.408641219139099,0.273163855075836,1.05814063549042,0.583066165447235,0.0970193073153495,-0.0268256403505802,-0.806164681911469
0.411654710769653,0.27464559674263,1.05712413787842,0.584555864334106,0.0969851613044738,-0.0237428359687328,-0.805186092853546
0.414385259151459,0.276338696479797,1.05648696422577,0.582553923130035,0.0976025387644767,-0.0217368807643651,-0.806617796421051
0.417302191257477,0.277420103549957,1.0556468963623,0.58002370595932,0.0972043499350547,-0.0187925845384597,-0.808560848236084
0.420217454433441,0.278929054737091,1.05489110946655,0.580321848392487,0.0971682965755462,-0.0162041839212179,-0.808407306671143
0.42311292886734,0.280148267745972,1.0540509223938,0.579550266265869,0.0969384685158729,-0.0133050624281167,-0.809041082859039
0.426329910755157,0.282232284545898,1.0534108877182,0.579657077789307,0.0979424491524696,-0.0115592256188392,-0.808870494365692
0.429427266120911,0.283248156309128,1.05232882499695,0.578783571720123,0.0977438911795616,-0.0087815532460808,-0.809554576873779
0.429427266120911,0.283248156309128,1.05232882499695,0.578783571720123,0.0977438911795616,-0.0087815532460808,-0.809554576873779
0.435285031795502,0.28611820936203,1.05106949806213,0.577901184558868,0.0981853306293487,-0.004299484193325,-0.810167610645294
0.438599586486816,0.286597609519958,1.04884243011475,0.579036593437195,0.0951428636908531,0.0006034030811861,-0.80973094701767
0.441969096660614,0.287831306457519,1.04872715473175,0.578193247318268,0.0963497161865234,0.0027983654290437,-0.810186147689819
0.441969096660614,0.287831306457519,1.04872715473175,0.578193247318268,0.0963497161865234,0.0027983654290437,-0.810186147689819
0.447829723358154,0.290738523006439,1.04695558547974,0.580034077167511,0.0989030003547668,0.0099846748635172,-0.808504223823547
0.450681269168854,0.291879594326019,1.0463535785675,0.577194094657898,0.0999443084001541,0.0115882297977805,-0.81038498878479
0.454126954078674,0.292851269245148,1.04600441455841,0.579936385154724,0.101426050066948,0.017684182152152,-0.808129787445068
0.456834673881531,0.294105798006058,1.04556441307068,0.58012580871582,0.103312417864799,0.021401772275567,-0.80766499042511
0.460223376750946,0.294848024845123,1.04455244541168,0.581095039844513,0.10372943431139,0.024994745850563,-0.806811094284058
0.463141024112701,0.295971751213074,1.04368269443512,0.58089679479599,0.103734992444515,0.0275112744420766,-0.806871175765991
0.465904325246811,0.296957820653915,1.04331862926483,0.582402884960175,0.106180608272552,0.0333795435726642,-0.805244386196136
0.468927383422852,0.29798823595047,1.0426721572876,0.57824695110321,0.107739992439747,0.0376527048647403,-0.807839572429657
0.4713134765625,0.298696339130402,1.04207420349121,0.582541584968567,0.109368681907654,0.0409391149878501,-0.804368019104004
0.474139869213104,0.299507975578308,1.04141342639923,0.578640043735504,0.111343376338482,0.0475171878933906,-0.806548595428467
0.477533429861069,0.300396114587784,1.04050302505493,0.583502888679504,0.112419568002224,0.0492218546569347,-0.80278480052948
0.480136722326279,0.300717502832413,1.03969049453735,0.584326148033142,0.113377466797829,0.0543442778289318,-0.801720201969147
0.483151257038116,0.301519900560379,1.03901517391205,0.586433827877045,0.115615211427212,0.060135181993246,-0.799445152282715
0.485205143690109,0.30193230509758,1.03852498531342,0.585814774036407,0.117556311190128,0.0644493326544761,-0.799279689788818
0.485205143690109,0.30193230509758,1.03852498531342,0.585814774036407,0.117556311190128,0.0644493326544761,-0.799279689788818
0.490271329879761,0.302577912807465,1.03699135780334,0.586174845695496,0.121187590062618,0.0747000724077224,-0.797579169273376
0.494221895933151,0.303336918354034,1.03833711147308,0.589617788791656,0.126310020685196,0.0820198729634285,-0.793517172336578
0.496471285820007,0.303601741790771,1.0377151966095,0.593201994895935,0.128832280635834,0.0868382677435875,-0.789919555187225
0.498838901519775,0.303116858005524,1.0364602804184,0.596154868602753,0.129039004445076,0.0918765738606453,-0.787087678909302
0.500043392181396,0.303034901618958,1.03584289550781,0.597394466400146,0.131697192788124,0.0977657586336135,-0.784995317459106
0.502198934555054,0.303154081106186,1.0351254940033,0.599836945533752,0.1356081366539,0.103669345378876,-0.781702518463135
0.504607915878296,0.303325116634369,1.03424715995789,0.601528584957123,0.137189418077469,0.108771093189716,-0.779430270195007
0.506535351276398,0.303209096193314,1.0334906578064,0.600220203399658,0.139564782381058,0.115385457873344,-0.779065907001495
0.508570909500122,0.303004443645477,1.03270959854126,0.604193568229675,0.141344159841537,0.119607463479042,-0.775026381015778
0.510635614395142,0.303122162818909,1.03183472156525,0.609017312526703,0.143746480345726,0.123827293515205,-0.77013099193573
0.512307643890381,0.302828729152679,1.03114056587219,0.609883487224579,0.146173939108848,0.130043715238571,-0.767960965633392
0.51534366607666,0.302103012800217,1.02946257591248,0.607043743133545,0.146400690078735,0.13689486682415,-0.768976330757141
0.517141044139862,0.301920354366302,1.02849721908569,0.614198863506317,0.148271664977074,0.14093092083931,-0.762176990509033
0.518807470798492,0.301660478115082,1.02765095233917,0.612226009368896,0.151239737868309,0.147633731365204,-0.761912226676941
0.520352244377136,0.301475673913956,1.02678191661835,0.617147266864777,0.153008326888084,0.15213206410408,-0.7566859126091
0.52186119556427,0.301182985305786,1.02574253082275,0.617656409740448,0.155979797244072,0.15736997127533,-0.754589736461639
0.523366630077362,0.300802528858185,1.02483034133911,0.61989837884903,0.158290386199951,0.162636294960976,-0.751145541667938
0.52470874786377,0.300411194562912,1.02388989925385,0.619401216506958,0.160344585776329,0.166647031903267,-0.750240385532379
0.526380002498627,0.299834311008453,1.02283811569214,0.622599184513092,0.162053674459457,0.172368615865707,-0.745920836925507
0.527844786643982,0.299172788858414,1.02176177501678,0.624808728694916,0.164148509502411,0.177373677492142,-0.742433786392212
0.529212832450867,0.298749029636383,1.02079260349274,0.626001596450806,0.166614443063736,0.182540163397789,-0.739622056484222
0.529212832450867,0.298749029636383,1.02079260349274,0.626001596450806,0.166614443063736,0.182540163397789,-0.739622056484222
0.531672298908234,0.297641158103943,1.01889729499817,0.628824234008789,0.171429872512817,0.192440956830978,-0.733592748641968
0.532768130302429,0.297156691551208,1.01803314685822,0.629010081291199,0.173379078507423,0.198910176753998,-0.731246113777161
0.53384530544281,0.296880394220352,1.01710653305054,0.632688522338867,0.175704076886177,0.203064858913422,-0.726359486579895
0.534941673278809,0.29642528295517,1.01615750789642,0.633180260658264,0.178835555911064,0.208053782582283,-0.723750174045563
0.535819888114929,0.295932412147522,1.01544606685638,0.635616421699524,0.181807011365891,0.212088167667389,-0.71969211101532
0.536541283130646,0.29546856880188,1.0146073102951,0.636879026889801,0.184844672679901,0.216743022203445,-0.716407835483551
0.537404119968414,0.29511570930481,1.0138281583786,0.63772839307785,0.187761008739471,0.22153814136982,-0.713420689105988
0.538310110569,0.294745057821274,1.01296329498291,0.639726042747498,0.19112953543663,0.224620178341866,-0.709764778614044
0.538944900035858,0.294327825307846,1.01222324371338,0.640455663204193,0.194344103336334,0.228616803884506,-0.706952095031738
0.539683640003204,0.293829321861267,1.01135206222534,0.641709923744202,0.197322130203247,0.232253909111023,-0.703797280788422
0.540224015712738,0.293408334255219,1.01045536994934,0.642581701278687,0.200310632586479,0.236104443669319,-0.700870335102081
0.540856838226318,0.292658597230911,1.00968098640442,0.642916083335876,0.204004466533661,0.239816263318062,-0.69823294878006
0.541244328022003,0.292101442813873,1.00879168510437,0.640263974666595,0.206120043992996,0.244815111160278,-0.698313891887665
0.541963577270508,0.291587889194489,1.00782895088196,0.644879162311554,0.209067761898041,0.246342271566391,-0.692630648612976
0.542167663574219,0.291246116161346,1.00712275505066,0.642274260520935,0.21278028190136,0.250453442335129,-0.692445993423462
0.542664468288422,0.290612876415253,1.00611615180969,0.646653831005096,0.215060234069824,0.252674043178558,-0.686836063861847
0.542792856693268,0.290162086486816,1.00529074668884,0.643817126750946,0.217932447791099,0.256998866796493,-0.686990976333618
0.542847990989685,0.289550542831421,1.00459086894989,0.647330164909363,0.221744894981384,0.259356558322906,-0.68156224489212
0.54277765750885,0.288702547550201,1.00357961654663,0.646192371845245,0.223867878317833,0.262802362442017,-0.680627346038818
0.542713046073914,0.28890734910965,1.00139582157135,0.642561435699463,0.226980686187744,0.264210850000381,-0.682486116886139
0.542830526828766,0.288623690605164,1.00051021575928,0.643310368061066,0.230114787817001,0.267519265413284,-0.67943549156189
0.542729735374451,0.288184404373169,0.999573826789856,0.646200954914093,0.230910837650299,0.271566152572632,-0.674800872802734
0.54268205165863,0.287884831428528,0.998754918575287,0.644270598888397,0.235673844814301,0.272998541593552,-0.674422144889832
0.542513072490692,0.287472188472748,0.997793555259705,0.644699275493622,0.23792290687561,0.275798678398132,-0.672079384326935
0.542371034622192,0.287056148052216,0.997024595737457,0.644785940647125,0.24109061062336,0.278360724449158,-0.669807195663452
0.542130649089813,0.286799281835556,0.996303915977478,0.644504427909851,0.24480365216732,0.280816942453384,-0.667702734470367
0.541899025440216,0.286558866500854,0.995474338531494,0.646224677562714,0.246431618928909,0.283352971076965,-0.664361655712128
0.541396498680115,0.285774856805801,0.994413614273071,0.648889422416687,0.248490571975708,0.284872502088547,-0.66033524274826
0.541670143604279,0.286174029111862,0.993849396705627,0.647687137126923,0.249929949641228,0.288521081209183,-0.659387588500977
0.540777683258057,0.285677373409271,0.992847800254822,0.643171012401581,0.25506255030632,0.290495038032532,-0.660974204540253
0.54065066576004,0.285577058792114,0.990861177444458,0.648402869701385,0.255585461854935,0.290260851383209,-0.655742704868317
0.540029525756836,0.28510570526123,0.990978121757507,0.647868752479553,0.258581638336182,0.294895768165588,-0.653022408485413
0.540159583091736,0.285233557224274,0.990814805030823,0.648104906082153,0.26140022277832,0.296835064888,-0.65078330039978
0.538784027099609,0.284819841384888,0.989031910896301,-0.650426030158997,-0.260861039161682,-0.301040798425674,0.646739423274994
0.537969172000885,0.284434884786606,0.988968551158905,-0.648760795593262,-0.264157146215439,-0.304210424423218,0.645590126514435
0.537108540534973,0.283830225467682,0.986960172653198,0.645576298236847,0.267402321100235,0.30434051156044,-0.647382616996765
0.536529242992401,0.28334629535675,0.986880421638489,0.645250201225281,0.269370675086975,0.307329714298248,-0.645476758480072
0.535549342632294,0.283118695020676,0.986067414283752,-0.648210108280182,-0.268954694271088,-0.311379730701446,0.64072597026825
0.534744739532471,0.283016294240951,0.984359443187714,-0.648281455039978,-0.269686669111252,-0.311972498893738,0.640057384967804
0.534119129180908,0.282482504844666,0.984265565872192,-0.644688725471497,-0.273614466190338,-0.313829094171524,0.641110599040985
0.533193230628967,0.282521307468414,0.982904076576233,-0.648180067539215,-0.27228108048439,-0.316135793924332,0.637011587619781
0.533193230628967,0.282521307468414,0.982904076576233,-0.648180067539215,-0.27228108048439,-0.316135793924332,0.637011587619781
0.531361877918243,0.281649649143219,0.981856882572174,-0.647388219833374,-0.274830430746078,-0.321350783109665,0.63410609960556
0.530208349227905,0.281616389751434,0.981243848800659,-0.646898925304413,-0.276346564292908,-0.322353214025497,0.633437395095825
0.52927702665329,0.281531661748886,0.979987263679504,-0.644068479537964,-0.280310600996017,-0.321820139884949,0.634849429130554
0.527960360050201,0.281459152698517,0.979448854923248,-0.646908581256866,-0.279484897851944,-0.326055318117142,0.630147218704224
0.526704967021942,0.281173408031464,0.979361057281494,-0.638285160064697,-0.284918993711472,-0.32776603102684,0.635596215724945
0.525600492954254,0.280960738658905,0.978660345077515,-0.642847001552582,-0.284684002399445,-0.32786351442337,0.631037414073944
0.524254500865936,0.280806511640549,0.978248059749603,-0.644294857978821,-0.284490346908569,-0.331850975751877,0.627554357051849
0.523187696933746,0.280507445335388,0.977625787258148,-0.636265814304352,-0.288888186216354,-0.332654982805252,0.633285224437714
0.521957099437714,0.280455470085144,0.976945638656616,-0.641402125358582,-0.289252758026123,-0.332692533731461,0.627894639968872
0.521053969860077,0.281652063131332,0.97632759809494,-0.639742136001587,-0.29293292760849,-0.331140786409378,0.628702044487
0.51978200674057,0.281356900930405,0.975998103618622,-0.641629755496979,-0.291284441947937,-0.334753930568695,0.625623226165771
0.518452703952789,0.281413853168487,0.975161731243134,-0.63572484254837,-0.293379992246628,-0.336223632097244,0.629869639873505
0.516921401023865,0.280500322580338,0.975105285644531,-0.636969089508057,-0.295509785413742,-0.337697178125381,0.626821339130402
0.516698002815247,0.280995488166809,0.974613964557648,-0.637845993041992,-0.295819729566574,-0.337077051401138,0.626116812229156
0.514819204807281,0.279827952384949,0.9737628698349,-0.638860285282135,-0.292888611555099,-0.341876149177551,0.623854637145996
0.5137979388237,0.280180931091309,0.972803592681885,-0.637551188468933,-0.294472932815552,-0.341421902179718,0.62469619512558
0.512754738330841,0.280140668153763,0.97241747379303,-0.633794009685516,-0.298413515090942,-0.341179817914963,0.626778185367584
0.512822329998016,0.280584007501602,0.972791194915772,-0.637698948383331,-0.296162664890289,-0.342967480421066,0.622897326946259
0.511000514030457,0.280291616916656,0.971644580364227,-0.633434236049652,-0.29978084564209,-0.342589646577835,0.625719547271729
0.510671973228455,0.280442774295807,0.971136927604675,-0.630112946033478,-0.300082862377167,-0.343849450349808,0.628232061862946
0.509613335132599,0.28029990196228,0.970953643321991,-0.635503232479095,-0.297915667295456,-0.346084713935852,0.622581243515015
0.509613335132599,0.28029990196228,0.970953643321991,-0.635503232479095,-0.297915667295456,-0.346084713935852,0.622581243515015
0.50862193107605,0.280738860368729,0.970231652259827,-0.6363884806633,-0.298147588968277,-0.347976982593536,0.620507657527924
0.507906138896942,0.280926823616028,0.970122158527374,-0.631054401397705,-0.299569636583328,-0.349485754966736,0.624410271644592
0.507906138896942,0.280926823616028,0.970122158527374,-0.631054401397705,-0.299569636583328,-0.349485754966736,0.624410271644592
0.507382035255432,0.28229022026062,0.969362616539002,-0.633119344711304,-0.30375948548317,-0.345698148012161,0.622400999069214
0.507150828838348,0.282776415348053,0.968672394752502,-0.634245455265045,-0.303374081850052,-0.345850020647049,0.621357142925262
0.506751298904419,0.282902359962463,0.968207657337189,-0.633571624755859,-0.30372479557991,-0.346130073070526,0.621717393398285
0.506774365901947,0.282932072877884,0.967361569404602,-0.636578381061554,-0.299874305725098,-0.348392963409424,0.619246125221252
0.506774365901947,0.282932072877884,0.967361569404602,-0.636578381061554,-0.299874305725098,-0.348392963409424,0.619246125221252
0.503835797309875,0.284054189920425,0.966764330863953,-0.632461249828339,-0.303248435258865,-0.351435154676437,0.620102047920227
0.505314588546753,0.284314066171646,0.965861082077026,-0.630486607551575,-0.304084479808807,-0.346987366676331,0.624194800853729
0.504956662654877,0.284848093986511,0.964443445205688,-0.630421698093414,-0.304064273834229,-0.345853537321091,0.62489902973175
0.504251837730408,0.284362137317657,0.964020848274231,-0.630206167697906,-0.304934442043304,-0.348078846931458,0.623455166816711
0.504187643527985,0.285480439662933,0.96418309211731,-0.632938861846924,-0.303970158100128,-0.349597036838531,0.62030029296875
0.503765225410461,0.285870581865311,0.963692426681519,-0.632663786411285,-0.304659068584442,-0.349788695573807,0.620135009288788
0.503729283809662,0.286552548408508,0.96301406621933,-0.629543840885162,-0.308980345726013,-0.344647884368896,0.62403804063797
0.503122866153717,0.28688108921051,0.962782442569733,-0.628749191761017,-0.309422612190247,-0.347740292549133,0.62290370464325
0.502546787261963,0.287239968776703,0.961714327335358,-0.627523064613342,-0.310215532779694,-0.34726682305336,0.62400871515274
0.501998901367188,0.287537813186646,0.961428761482239,-0.626886308193207,-0.310870826244354,-0.348468661308289,0.623652577400208
0.501727759838104,0.287984430789948,0.96117115020752,-0.628394067287445,-0.306163728237152,-0.349534034729004,0.623867511749268
0.501275837421417,0.288377374410629,0.960985839366913,0.625026822090149,0.30907142162323,0.349935740232468,-0.625588774681091
0.501018881797791,0.288647323846817,0.96088433265686,0.624662280082703,0.310582995414734,0.349028021097183,-0.625711381435394
0.500570833683014,0.288966923952103,0.960888624191284,0.62231570482254,0.312828123569489,0.349985957145691,-0.626395761966705
0.499868243932724,0.289038389921188,0.960607647895813,-0.628241658210754,-0.311020374298096,-0.354649275541305,0.618710577487946
0.499327957630157,0.289496660232544,0.960365235805512,-0.625816524028778,-0.312481373548508,-0.351918488740921,0.62198269367218
0.498109310865402,0.289337038993835,0.959959506988525,-0.624418377876282,-0.313523799180984,-0.354067742824554,0.621643662452698
0.497719317674637,0.289518296718597,0.959595203399658,-0.623888492584229,-0.313117116689682,-0.357922434806824,0.62017148733139
0.497874557971954,0.289974540472031,0.959780812263489,-0.624602258205414,-0.313257366418839,-0.358053654432297,0.619305610656738
0.497457563877106,0.290115356445312,0.959189534187317,-0.624459207057953,-0.315770238637924,-0.356943070888519,0.618814766407013
0.49681743979454,0.290259957313538,0.958534717559814,0.618652641773224,0.317553162574768,0.358669459819794,-0.622723996639252
0.496203392744064,0.290344178676605,0.958530962467194,-0.621313333511353,-0.315223336219788,-0.361784636974335,0.619448065757751
0.496203392744064,0.290344178676605,0.958530962467194,-0.621313333511353,-0.315223336219788,-0.361784636974335,0.619448065757751
0.495343506336212,0.290572226047516,0.957657814025879,-0.620789408683777,-0.316018790006638,-0.362896710634232,0.618917405605316
0.494743138551712,0.290649920701981,0.957201898097992,0.618037402629852,0.319303721189499,0.361858516931534,-0.620591163635254
0.494328945875168,0.290777832269669,0.956763684749603,0.618299126625061,0.319623857736588,0.362096607685089,-0.620026588439941
0.493722170591354,0.290900707244873,0.956443786621094,-0.621547102928162,-0.317192316055298,-0.364430874586105,0.616650998592377
0.493325173854828,0.290974140167236,0.955864191055298,-0.621036648750305,-0.317588090896606,-0.364498734474182,0.616921246051788
0.492187172174454,0.290617525577545,0.955348610877991,-0.620198249816895,-0.317976027727127,-0.366640418767929,0.616295695304871
0.492395281791687,0.290960371494293,0.954934537410736,0.618061065673828,0.321736186742783,0.361432909965515,-0.619558572769165
0.492337673902512,0.291397303342819,0.952751219272614,-0.61980539560318,-0.319571644067764,-0.363070487976074,0.617976665496826
0.491828411817551,0.291135132312775,0.954010248184204,-0.619417607784271,-0.32049348950386,-0.365329563617706,0.616555035114288
0.491481453180313,0.291205197572708,0.953466475009918,-0.619965493679047,-0.320336908102036,-0.365833818912506,0.615786373615265
0.491018921136856,0.291268289089203,0.953132390975952,-0.622745037078857,-0.317826181650162,-0.368295162916183,0.612808287143707
0.491018921136856,0.291268289089203,0.953132390975952,-0.622745037078857,-0.317826181650162,-0.368295162916183,0.612808287143707
0.490816473960876,0.291829377412796,0.949982404708862,-0.621091187000275,-0.319801867008209,-0.364698708057404,0.61560320854187
0.490513205528259,0.291881173849106,0.949673414230347,-0.621684551239014,-0.319718599319458,-0.365484714508057,0.614580690860748
0.490378499031067,0.291950941085815,0.949163734912872,-0.624970674514771,-0.316656112670898,-0.367530286312103,0.611606240272522
0.490436106920242,0.292012602090836,0.948452591896057,-0.625584721565247,-0.316350340843201,-0.367327511310577,0.611258327960968
0.49038165807724,0.292120069265366,0.947887539863586,-0.626099705696106,-0.316156148910522,-0.367443859577179,0.61076146364212
0.490500003099441,0.292165458202362,0.947243392467499,-0.623768627643585,-0.318554610013962,-0.365698218345642,0.61294424533844
0.490113019943237,0.291805803775787,0.946586966514587,-0.623477756977081,-0.318075120449066,-0.366647094488144,0.612922430038452
0.489500671625137,0.292456030845642,0.946202993392944,-0.623963594436646,-0.319213151931763,-0.366799682378769,0.611743807792664
0.491747826337814,0.29253676533699,0.945331811904907,-0.625787734985352,-0.316134631633758,-0.363577842712402,0.613400220870972
0.491837441921234,0.292206227779388,0.944839358329773,-0.62635862827301,-0.314633905887604,-0.364093422889709,0.613283455371857
0.49315270781517,0.292824029922485,0.944444954395294,-0.628641963005066,-0.313147842884064,-0.361923664808273,0.612991869449615
0.493539988994598,0.293416261672974,0.944027662277222,-0.630236506462097,-0.31265652179718,-0.360945791006088,0.612181305885315
0.49403589963913,0.293627738952637,0.943518757820129,-0.630659401416779,-0.312957167625427,-0.356958329677582,0.613927900791168
0.492470920085907,0.294002652168274,0.943283677101135,-0.630387306213379,-0.314756274223328,-0.358583241701126,0.612338542938232
0.494599670171738,0.29409983754158,0.94261884689331,-0.631634712219238,-0.312499672174454,-0.355534970760345,0.613984048366547
0.494599670171738,0.29409983754158,0.94261884689331,-0.631634712219238,-0.312499672174454,-0.355534970760345,0.613984048366547
0.49470779299736,0.294385254383087,0.941742658615112,-0.631241083145142,-0.311892777681351,-0.357836425304413,0.613360285758972
0.494564890861511,0.294624209403992,0.941338121891022,-0.630909204483032,-0.312488198280334,-0.357491493225098,0.613599538803101
0.494563847780228,0.294804990291595,0.940930247306824,-0.631009578704834,-0.312649846076965,-0.357260882854462,0.613548517227173
0.493707478046417,0.294587194919586,0.94054913520813,-0.630084872245789,-0.313176810741425,-0.358547955751419,0.613479256629944
0.493611752986908,0.294676661491394,0.94013249874115,-0.629563093185425,-0.313478320837021,-0.358685880899429,0.613780200481415
0.493474721908569,0.294695854187012,0.939811110496521,-0.628136992454529,-0.315147638320923,-0.355371952056885,0.616308927536011
0.493445932865143,0.294815748929977,0.939468622207642,-0.627134799957275,-0.315863877534866,-0.355018526315689,0.617165982723236
0.493897914886475,0.295378148555756,0.939339518547058,-0.627222836017609,-0.316356152296066,-0.353403806686401,0.617750763893127
0.493897914886475,0.295378148555756,0.939339518547058,-0.627222836017609,-0.316356152296066,-0.353403806686401,0.617750763893127
0.493277132511139,0.295277118682861,0.939232468605042,-0.627213895320892,-0.315473198890686,-0.357291400432587,0.615972638130188
0.492993593215942,0.295473486185074,0.939309477806091,-0.626661062240601,-0.316307872533798,-0.356998652219772,0.616276681423187
0.493344634771347,0.296057909727097,0.939467489719391,-0.626806199550629,-0.317161470651627,-0.355411201715469,0.616608142852783
0.493035852909088,0.296279937028885,0.939660668373108,-0.628285527229309,-0.315885573625565,-0.356306254863739,0.615239381790161
0.492729783058167,0.296449184417725,0.939922213554382,-0.627711355686188,-0.31685072183609,-0.356356590986252,0.615299940109253
0.492222100496292,0.296720117330551,0.940259218215942,-0.626355946063995,-0.319412142038345,-0.353364199399948,0.61708003282547
0.491862654685974,0.297059804201126,0.940631210803986,-0.626400828361511,-0.31951317191124,-0.356534600257873,0.615155696868896
0.489633440971375,0.297334253787994,0.94131463766098,-0.624662160873413,-0.32265830039978,-0.359252423048019,0.61369913816452
0.491187334060669,0.297316521406174,0.941406607627869,-0.624879896640778,-0.320923775434494,-0.357206583023071,0.61557811498642
0.49089440703392,0.297472476959229,0.941813945770264,-0.62194150686264,-0.323948740959167,-0.356189012527466,0.617555856704712
0.49089440703392,0.297472476959229,0.941813945770264,-0.62194150686264,-0.323948740959167,-0.356189012527466,0.617555856704712
0.49036318063736,0.297863900661469,0.942482531070709,-0.619621574878693,-0.325456380844116,-0.355807274580002,0.619312942028046
0.487947404384613,0.298437833786011,0.943186938762665,0.617464005947113,0.329128921031952,0.358101278543472,-0.61820387840271
0.489595830440521,0.29851159453392,0.943113207817078,-0.620146751403809,-0.3247090280056,-0.357419580221176,0.61825031042099
0.489595830440521,0.29851159453392,0.943113207817078,-0.620146751403809,-0.3247090280056,-0.357419580221176,0.61825031042099
0.488859415054321,0.29896742105484,0.943541646003723,0.617360651493073,0.32703360915184,0.356165319681168,-0.620532989501953
0.488494485616684,0.298820078372955,0.945749342441559,0.617556154727936,0.326738625764847,0.359668612480164,-0.618469834327698
0.488003015518188,0.298835813999176,0.945915460586548,0.616929948329926,0.327270269393921,0.359754264354706,-0.618763744831085
0.487211436033249,0.298743426799774,0.946113109588623,0.616107046604156,0.327365577220917,0.361057758331299,-0.618773937225342
0.486797988414764,0.298757553100586,0.946256399154663,0.616015255451202,0.326901704072952,0.361950278282166,-0.618589162826538
0.486036479473114,0.298759609460831,0.946400880813599,-0.617781162261963,-0.324939966201782,-0.36459955573082,0.616301715373993
0.485607922077179,0.299136281013489,0.944780111312866,-0.617937982082367,-0.323710560798645,-0.363343566656113,0.617531776428223
0.484882950782776,0.299270927906036,0.945077002048492,0.617368876934052,0.324163943529129,0.363994777202606,-0.617479741573334
0.482519686222076,0.299391329288483,0.945690333843231,0.615693390369415,0.326562434434891,0.366942346096039,-0.616142928600311
0.483390420675278,0.297751128673553,0.945253133773804,0.612352252006531,0.324956119060516,0.365721195936203,-0.621028244495392
0.482666254043579,0.29805850982666,0.945652782917023,0.611190795898438,0.326300472021103,0.365681558847427,-0.621490776538849
0.48195281624794,0.298057556152344,0.946146726608276,0.60920238494873,0.32771509885788,0.365760743618011,-0.622651159763336
0.481046974658966,0.29794180393219,0.948229789733887,0.609812796115875,0.328560799360275,0.366498351097107,-0.621172428131104
0.479949951171875,0.297891169786453,0.948803424835205,0.607817828655243,0.330396085977554,0.367181956768036,-0.621750295162201
0.479240775108337,0.29789724946022,0.949100077152252,0.607374131679535,0.330647855997086,0.367914468050003,-0.621616959571838
0.478545218706131,0.297777563333511,0.949444472789764,0.606837213039398,0.330887228250503,0.372026324272156,-0.619563341140747
0.478082001209259,0.297684907913208,0.949839949607849,0.60478800535202,0.333304852247238,0.370397448539734,-0.621244847774506
0.478231936693191,0.299186557531357,0.950571417808533,0.602163374423981,0.338756054639816,0.367461830377579,-0.622587919235229
0.477900922298431,0.299238860607147,0.950973510742188,0.603965520858765,0.337621569633484,0.370076209306717,-0.619903981685638
0.476120382547378,0.299561023712158,0.951818764209747,0.6024249792099,0.341202795505524,0.372616112232208,-0.617917597293854
0.476284921169281,0.299743950366974,0.952178239822388,0.602049887180328,0.342041790485382,0.372491121292114,-0.61789470911026
0.477841645479202,0.299040079116821,0.951966166496277,0.601774871349335,0.339704304933548,0.371238052845001,-0.620201826095581
0.477729380130768,0.299541234970093,0.952594935894012,0.600312948226929,0.34174108505249,0.370428949594498,-0.620982944965363
0.477729380130768,0.299541234970093,0.952594935894012,0.600312948226929,0.34174108505249,0.370428949594498,-0.620982944965363
0.478403925895691,0.299712896347046,0.953298449516296,0.596143484115601,0.34434100985527,0.369121670722961,-0.624332845211029
0.478813022375107,0.299310117959976,0.95325767993927,0.594930052757263,0.344020307064056,0.368115216493607,-0.626258373260498
0.478714406490326,0.299740642309189,0.953791737556458,0.594049632549286,0.345745384693146,0.367029309272766,-0.626781165599823
0.478857725858688,0.299707114696503,0.953974068164825,0.592987596988678,0.347351849079132,0.363000214099884,-0.629240214824677
0.478998422622681,0.299497544765472,0.954440951347351,0.592939496040344,0.347288757562637,0.362915992736816,-0.629369080066681
0.479122519493103,0.299315631389618,0.954707145690918,0.595932424068451,0.344569355249405,0.364548653364182,-0.627089381217957
0.478315979242325,0.299474567174911,0.955300152301788,0.596043229103088,0.346183776855469,0.365223854780197,-0.625700294971466
0.479383617639542,0.298509746789932,0.955260396003723,0.596674501895905,0.344036132097244,0.364482849836349,-0.626714408397675
0.479567468166351,0.298211246728897,0.955508351325989,0.598324358463287,0.342163503170013,0.368174642324448,-0.624002873897552
0.478936165571213,0.298196405172348,0.955996990203857,0.599126100540161,0.343022495508194,0.369073987007141,-0.622228264808655
0.478936165571213,0.298196405172348,0.955996990203857,0.599126100540161,0.343022495508194,0.369073987007141,-0.622228264808655
0.480135947465897,0.297288805246353,0.956433713436127,0.598946571350098,0.343252420425415,0.366022109985352,-0.624074161052704
0.479638904333115,0.296925276517868,0.957052290439606,0.601469159126282,0.341579139232635,0.36797770857811,-0.621410489082336
0.480248063802719,0.296383261680603,0.957205653190613,0.599696636199951,0.343775659799576,0.362721621990204,-0.624992370605469
0.480265200138092,0.296245843172073,0.957650244235992,0.603735029697418,0.340140461921692,0.36664891242981,-0.620787560939789
0.481327950954437,0.295984715223312,0.958160519599915,0.602716326713562,0.341430634260178,0.363278567790985,-0.623046457767487
0.480539411306381,0.295596897602081,0.95915162563324,0.60248190164566,0.343305170536041,0.361029118299484,-0.623550474643707
0.480539411306381,0.295596897602081,0.95915162563324,0.60248190164566,0.343305170536041,0.361029118299484,-0.623550474643707
0.480719298124313,0.294835209846497,0.960751175880432,0.60710883140564,0.33901172876358,0.364985823631287,-0.619092345237732
0.480806946754456,0.294504761695862,0.961602330207825,0.612445771694183,0.339684098958969,0.359746605157852,-0.616528630256653
0.480318456888199,0.294241011142731,0.96272087097168,0.612794637680054,0.340240120887756,0.36037078499794,-0.615509748458862
0.481826424598694,0.294399321079254,0.962472438812256,0.608880341053009,0.338062644004822,0.358659863471985,-0.621563792228699
0.480726003646851,0.293846905231476,0.964003264904022,-0.614784836769104,-0.338774442672729,-0.361730426549911,0.613532900810242
0.48217499256134,0.293603986501694,0.965443730354309,0.607339203357697,0.337993413209915,0.355539858341217,-0.624892830848694
0.484190553426742,0.294285297393799,0.966074883937836,0.615512549877167,0.334397852420807,0.35264727473259,-0.620453298091888
0.485107451677322,0.293793261051178,0.966563999652862,0.611873030662537,0.333858698606491,0.354130506515503,-0.62349134683609
0.484378516674042,0.292091965675354,0.968518018722534,0.616761863231659,0.331210166215897,0.358449250459671,-0.617591321468353
0.483765661716461,0.292409211397171,0.970055162906647,-0.618018090724945,-0.333031326532364,-0.359725058078766,0.614607095718384
0.483765661716461,0.292409211397171,0.970055162906647,-0.618018090724945,-0.333031326532364,-0.359725058078766,0.614607095718384
0.485281735658646,0.291399300098419,0.97244393825531,-0.620018124580383,-0.33334270119667,-0.35904186964035,0.612820565700531
0.487027615308762,0.291686981916428,0.973732233047485,-0.620402574539185,-0.332879573106766,-0.356534153223038,0.614145874977112
0.487726598978043,0.291133403778076,0.974950850009918,-0.621304333209991,-0.333651334047318,-0.353793114423752,0.614400565624237
0.488786846399307,0.290615826845169,0.976321578025818,-0.623318910598755,-0.333513349294662,-0.356226295232773,0.611019968986511
0.490172386169434,0.290105193853378,0.976618766784668,-0.627986133098602,-0.329734534025192,-0.353043496608734,0.610138297080994
0.49143061041832,0.289465487003326,0.977745890617371,-0.628923118114471,-0.330752491950989,-0.356228977441788,0.606761455535889
0.492344498634338,0.288218408823013,0.979742169380188,-0.631486117839813,-0.327993184328079,-0.358182936906815,0.604442596435547
0.493426203727722,0.287670731544495,0.980464816093445,-0.632441341876984,-0.328544408082962,-0.351435333490372,0.60709947347641
0.495375245809555,0.287072837352753,0.981004595756531,-0.636785566806793,-0.323878735303879,-0.354145526885986,0.603479743003845
0.496704399585724,0.285422086715698,0.982373833656311,-0.639174401760101,-0.320471823215485,-0.353972017765045,0.602874577045441
0.498462796211243,0.28519868850708,0.983384668827057,-0.639215350151062,-0.323542296886444,-0.349112540483475,0.604023694992065
0.500869631767273,0.283753395080566,0.984279632568359,-0.642996966838837,-0.317683309316635,-0.349606961011887,0.602832853794098
0.502652168273926,0.283006966114044,0.984890222549438,-0.64526754617691,-0.316400229930878,-0.347742408514023,0.60215950012207
0.504729866981506,0.28272157907486,0.985550105571747,-0.648879408836365,-0.315766394138336,-0.344988346099854,0.60019189119339
0.507264316082001,0.282220900058746,0.986105918884277,-0.652381598949432,-0.313601613044739,-0.34172311425209,0.599397659301758
0.509291887283325,0.281819403171539,0.986918091773987,-0.654271483421326,-0.313405960798263,-0.338084846735001,0.5995032787323
0.512153685092926,0.282946169376373,0.988124191761017,-0.658485651016235,-0.315641224384308,-0.3309166431427,0.597713768482208
0.514607965946198,0.282462447881699,0.988730311393738,-0.659832298755646,-0.314313769340515,-0.329686254262924,0.597607970237732
0.516635179519653,0.281839966773987,0.989077091217041,-0.660545110702515,-0.31579652428627,-0.325929552316666,0.59809935092926
0.516804754734039,0.28126335144043,0.989928424358368,-0.663020491600037,-0.316145062446594,-0.327303886413574,0.594414472579956
0.521537840366364,0.280840635299683,0.990513205528259,-0.667070150375366,-0.313059836626053,-0.322356879711151,0.59421968460083
0.521537840366364,0.280840635299683,0.990513205528259,-0.667070150375366,-0.313059836626053,-0.322356879711151,0.59421968460083
0.524230778217316,0.279689103364944,0.992430150508881,-0.666873931884766,-0.317349225282669,-0.317880213260651,0.594576120376587
0.527896463871002,0.279292583465576,0.992523014545441,-0.671920239925385,-0.31399467587471,-0.314732849597931,0.592346012592316
0.528323650360107,0.279008090496063,0.993506193161011,-0.671101987361908,-0.317899137735367,-0.312193989753723,0.592534601688385
0.530427217483521,0.278572827577591,0.994787812232971,-0.674581050872803,-0.317755788564682,-0.311853021383286,0.588828980922699
0.534300863742828,0.278450071811676,0.995625734329224,-0.676071882247925,-0.318359822034836,-0.305803000926971,0.589964807033539
0.534311711788177,0.278421223163605,0.996050119400024,-0.679886221885681,-0.319946557283401,-0.306227147579193,0.584477543830872
0.53594583272934,0.278281033039093,0.997196912765503,-0.682081520557404,-0.321254402399063,-0.304025173187256,0.582348048686981
0.539820969104767,0.278203815221786,0.998447060585022,-0.685922980308533,-0.320947617292404,-0.30021670460701,0.5799760222435
0.539654314517975,0.278250396251678,1.00020623207092,-0.686313211917877,-0.32534247636795,-0.299848198890686,0.577250003814697
0.540848612785339,0.278525590896606,1.00036180019379,-0.685690343379974,-0.32845801115036,-0.294007241725922,0.579226911067963
0.542562186717987,0.278449147939682,1.00178480148315,-0.689236104488373,-0.330009698867798,-0.292793422937393,0.574734151363373
0.54414838552475,0.278490424156189,1.00275659561157,-0.690748929977417,-0.331534266471863,-0.289661586284637,0.573626279830933
0.545707523822784,0.278602451086044,1.00363826751709,-0.692109644412994,-0.333551228046417,-0.28606504201889,0.572620928287506
0.546990931034088,0.278646767139435,1.00476884841919,-0.690234363079071,-0.337506145238876,-0.28089714050293,0.575119912624359
0.548222064971924,0.278525322675705,1.00573778152466,-0.694803178310394,-0.336999297142029,-0.280035048723221,0.570316076278687
0.549439549446106,0.278732538223267,1.0064605474472,-0.693164825439453,-0.33982440829277,-0.274171620607376,0.573473572731018
0.550253868103027,0.278571367263794,1.00726413726807,-0.693488717079163,-0.34138423204422,-0.271208345890045,0.573564529418945
0.551259160041809,0.278678596019745,1.00777268409729,-0.691653251647949,-0.344661742448807,-0.26520448923111,0.576620042324066
0.551270067691803,0.277928590774536,1.00826716423035,-0.696514427661896,-0.346620082855225,-0.265321433544159,0.569497048854828
0.552193403244019,0.278229713439941,1.00903749465942,-0.692013800144196,-0.346360892057419,-0.257849037647247,0.578502416610718
0.55211216211319,0.277507871389389,1.00874543190002,-0.69561892747879,-0.348004668951034,-0.252422899007797,0.575577855110168
0.552365958690643,0.277238070964813,1.00928771495819,-0.697281181812286,-0.346524178981781,-0.25268280506134,0.574344396591187
0.552423536777496,0.27680903673172,1.00961053371429,-0.697728276252747,-0.346960961818695,-0.248525351285934,0.575350999832153
0.554398953914642,0.276359736919403,1.00966227054596,-0.700554251670837,-0.342808425426483,-0.243509829044342,0.576549351215363
0.552152395248413,0.275722473859787,1.01040661334991,-0.698298454284668,-0.343713283538818,-0.242010369896889,0.579371631145477
0.551630914211273,0.27511939406395,1.0106737613678,-0.69829398393631,-0.342578172683716,-0.238341629505157,0.581565976142883
0.5526362657547,0.273789942264557,1.0104159116745,-0.702026128768921,-0.33703276515007,-0.235847875475883,0.581329643726349
0.5526362657547,0.273789942264557,1.0104159116745,-0.702026128768921,-0.33703276515007,-0.235847875475883,0.581329643726349
0.551368057727814,0.273181021213531,1.01084458827972,-0.704536020755768,-0.332490533590317,-0.228923738002777,0.583671867847443
0.549931287765503,0.272288680076599,1.01075506210327,-0.705172657966614,-0.329859137535095,-0.225991114974022,0.585536241531372
0.548687994480133,0.272120594978333,1.01092743873596,-0.706195294857025,-0.327837496995926,-0.222158849239349,0.586903989315033
0.547009468078613,0.271167635917664,1.01081907749176,-0.705944240093231,-0.32520192861557,-0.218969345092773,0.589863419532776
0.545645833015442,0.271461665630341,1.01112031936646,-0.702807247638702,-0.325802028179169,-0.208971753716469,0.596863329410553
0.544137001037598,0.271550804376602,1.01148700714111,-0.704727649688721,-0.322550356388092,-0.209153220057487,0.596301198005676
0.542306303977966,0.270927309989929,1.01141846179962,-0.70459121465683,-0.320000827312469,-0.204757362604141,0.599353969097137
0.5404292345047,0.270927906036377,1.01161932945251,-0.703485369682312,-0.318233400583267,-0.199555858969688,0.603335082530975
0.538773417472839,0.271133065223694,1.01189029216766,-0.70106303691864,-0.316204071044922,-0.19389434158802,0.6090407371521
0.536447107791901,0.271107971668243,1.01226437091827,-0.699959754943848,-0.314650535583496,-0.189434587955475,0.612507879734039
0.534342229366302,0.271512746810913,1.01169097423553,-0.699957013130188,-0.311658918857574,-0.183841645717621,0.615736365318298
0.532176673412323,0.271854877471924,1.01219773292542,-0.699504017829895,-0.309757739305496,-0.179830268025398,0.618389308452606
0.530034065246582,0.271587073802948,1.01344871520996,-0.696954846382141,-0.306791752576828,-0.176698535680771,0.623626887798309
0.527616858482361,0.27168470621109,1.01413440704346,-0.694231688976288,-0.303339242935181,-0.171313598752022,0.629824876785278
0.522296726703644,0.274108171463013,1.01630187034607,-0.692577064037323,-0.309276014566422,-0.168108746409416,0.62962281703949
0.519855618476868,0.274400919675827,1.01696825027466,-0.693014860153198,-0.305677473545074,-0.165373548865318,0.631619691848755
0.517268538475037,0.274330794811249,1.0175461769104,-0.68839830160141,-0.304566830396652,-0.156451836228371,0.639429211616516
0.515060067176819,0.274667501449585,1.01826930046082,-0.691728830337524,-0.299694925546646,-0.156790614128113,0.638052403926849
0.512552678585052,0.274708062410355,1.01900827884674,-0.690269291400909,-0.2967768907547,-0.152269825339317,0.642079293727875
0.510174036026001,0.275631695985794,1.01826226711273,-0.688625752925873,-0.293745219707489,-0.143370434641838,0.64726597070694
0.507348656654358,0.275398671627045,1.02054166793823,-0.688239276409149,-0.291094124317169,-0.142851680517197,0.648987233638763
0.504921436309814,0.275350868701935,1.02118039131165,-0.685628116130829,-0.288107663393021,-0.136071100831032,0.654517233371735
0.502578794956207,0.276035636663437,1.02088034152985,-0.684654176235199,-0.284657627344131,-0.129123255610466,0.65844190120697
0.500380873680115,0.275784850120544,1.02282929420471,-0.68182498216629,-0.281930088996887,-0.124475821852684,0.663427412509918
0.500380873680115,0.275784850120544,1.02282929420471,-0.68182498216629,-0.281930088996887,-0.124475821852684,0.663427412509918
0.496931314468384,0.275075852870941,1.0233895778656,-0.67803943157196,-0.271863102912903,-0.11484319716692,0.673174679279327
0.491934359073639,0.276181280612946,1.0254133939743,0.673224687576294,0.274055659770966,0.10924930870533,-0.678031444549561
0.489265263080597,0.276545464992523,1.0263364315033,0.670784950256348,0.271429747343063,0.104048229753971,-0.682310342788696
0.486660361289978,0.276855289936066,1.02729249000549,0.668271124362946,0.268569260835648,0.0995811372995376,-0.686562299728394
0.483901917934418,0.276784777641296,1.02833068370819,0.665411829948425,0.265131950378418,0.0951719135046005,-0.691284596920013
0.481175303459167,0.276942312717438,1.0292741060257,0.661494195461273,0.262741267681122,0.0887308195233345,-0.696792125701904
0.47854483127594,0.277286469936371,1.03033065795898,0.659706056118011,0.258908927440643,0.0846236273646354,-0.7004234790802
0.464522391557693,0.276430130004883,1.03517830371857,0.649891376495361,0.271722197532654,0.0882264897227287,-0.704289853572845
0.474504709243774,0.277332156896591,1.03128659725189,0.654063105583191,0.249315321445465,0.0733397006988525,-0.71039754152298
0.474504709243774,0.277332156896591,1.03128659725189,0.654063105583191,0.249315321445465,0.0733397006988525,-0.71039754152298
0.468385100364685,0.278263449668884,1.03425228595734,0.645895957946777,0.245976328849792,0.0626929998397827,-0.719988703727722
0.464901506900787,0.278740763664246,1.03493177890778,0.641102910041809,0.243793919682503,0.0560510866343975,-0.725541055202484
0.461466133594513,0.278905659914017,1.03579998016357,0.643362879753113,0.241728276014328,0.0492610596120357,-0.724724054336548
0.458105862140656,0.278892636299133,1.03724086284637,0.638939499855042,0.239947885274887,0.0438573434948921,-0.729560077190399
0.454850763082504,0.279023557901382,1.0386974811554,0.635467946529388,0.238530978560448,0.0400103293359279,-0.733268439769745
0.451565444469452,0.279201030731201,1.04030466079712,0.624575734138489,0.235936269164085,0.0361298285424709,-0.74359530210495
