x,y,z,q0,q1,q2,q3
0.564321756362915,-0.0951393172144889,1.31955778598785,-0.143125057220459,0.111861974000931,0.704717576503754,-0.685839235782623
0.564028382301331,-0.0951305851340293,1.31961393356323,-0.142789721488953,0.112540900707245,0.706627428531647,-0.683829963207245
0.56368887424469,-0.0955695360898971,1.31961739063263,-0.141953006386757,0.118021070957184,0.709282875061035,-0.680322110652924
0.563448369503021,-0.0956810563802719,1.31956303119659,-0.135053247213364,0.118256285786629,0.711738109588623,-0.679120779037476
0.563222169876099,-0.0954277068376541,1.31980335712433,-0.141114473342896,0.12143911421299,0.711129665374756,-0.677963018417358
0.562884747982025,-0.0954475551843643,1.31986558437347,-0.13957479596138,0.122882224619388,0.712705314159393,-0.676365375518799
0.562374651432037,-0.0951748266816139,1.31983876228333,-0.138886854052544,0.12399397790432,0.712971448898315,-0.676023602485657
0.561746537685394,-0.0951814427971839,1.31982421875,-0.130505740642548,0.121700659394264,0.715488851070404,-0.675450205802917
0.56128340959549,-0.0943909063935279,1.31974947452545,-0.138243272900581,0.124351896345615,0.713200688362122,-0.675847768783569
0.560492098331451,-0.0940154418349266,1.31970989704132,-0.134323328733444,0.123079277575016,0.71439927816391,-0.675605237483978
0.559530854225159,-0.0937224477529525,1.31964635848999,-0.133657485246658,0.126652255654335,0.712553739547729,-0.677024602890015
0.559285044670105,-0.0933438837528228,1.31985759735107,-0.129129633307457,0.123294301331043,0.712529480457306,-0.678546845912933
0.558949708938599,-0.0935314819216728,1.31976556777954,-0.127596691250801,0.124273627996445,0.713788211345673,-0.677334308624268
0.558318257331848,-0.0933162122964859,1.31974220275879,-0.124791227281094,0.123443081974983,0.714128851890564,-0.677649736404419
0.557446420192719,-0.092749074101448,1.31990456581116,-0.122672379016876,0.124446906149387,0.712844908237457,-0.679203033447266
0.55739551782608,-0.0921182930469513,1.31984782218933,-0.120671942830086,0.121351197361946,0.711464166641235,-0.681565046310425
0.556316614151001,-0.0915003791451454,1.31969594955444,-0.117490202188492,0.1204804033041,0.711488127708435,-0.682250201702118
0.555984675884247,-0.0908950716257095,1.31984889507294,-0.117140002548695,0.119099125266075,0.710351467132568,-0.68373566865921
0.55558055639267,-0.0905734375119209,1.32012093067169,-0.110322132706642,0.114191599190235,0.71037757396698,-0.685677051544189
0.555596709251404,-0.0904291421175003,1.32013761997223,-0.107425756752491,0.111825473606586,0.711057901382446,-0.685821831226349
0.555220663547516,-0.0898607075214386,1.32012248039246,-0.107065334916115,0.114187121391296,0.710218489170074,-0.686358451843262
0.555112719535828,-0.0891698971390724,1.32029020786285,-0.105250380933285,0.109268464148045,0.709599018096924,-0.68807852268219
0.554546713829041,-0.0885885059833526,1.3203387260437,-0.100631348788738,0.109598480165005,0.708030343055725,-0.690329372882843
0.554350197315216,-0.0878648459911346,1.3202543258667,-0.101078815758228,0.10942579805851,0.70682680606842,-0.691523551940918
0.554658830165863,-0.0875884145498275,1.32035791873932,-0.0990188494324684,0.108427859842777,0.70790559053421,-0.690875232219696
0.554084300994873,-0.0868339836597442,1.32031071186066,-0.098787635564804,0.109153687953949,0.707067668437958,-0.691651403903961
0.55417138338089,-0.0860425382852554,1.32031619548798,-0.0980371013283729,0.108641356229782,0.706238090991974,-0.692685902118683
0.55417138338089,-0.0860425382852554,1.32031619548798,-0.0980371013283729,0.108641356229782,0.706238090991974,-0.692685902118683
0.553712844848633,-0.0846983641386032,1.31977963447571,-0.0950559601187706,0.106824919581413,0.705722868442535,-0.693907797336578
0.55374675989151,-0.0842932015657424,1.3197078704834,-0.0930481851100921,0.107514679431915,0.704470157623291,-0.695344746112823
0.553728997707367,-0.083716407418251,1.31969559192657,-0.0939789935946464,0.110530763864517,0.704297542572021,-0.694921553134918
0.553513288497925,-0.0831988155841827,1.31961762905121,-0.0909501835703849,0.108349695801735,0.704363405704498,-0.695600926876068
0.553627967834473,-0.0823718905448913,1.31958663463593,-0.0906974822282791,0.107984870672226,0.703540921211243,-0.696522533893585
0.553714334964752,-0.0817605331540107,1.31960499286652,-0.0900125876069068,0.108593255281448,0.702868163585663,-0.697195589542389
0.553714334964752,-0.0817605331540107,1.31960499286652,-0.0900125876069068,0.108593255281448,0.702868163585663,-0.697195589542389
0.553794324398041,-0.0806539431214332,1.31987297534943,-0.0877663940191268,0.109411299228668,0.702254772186279,-0.697971701622009
0.554001569747925,-0.0800988674163818,1.31995832920074,-0.087027870118618,0.110141865909099,0.700986444950104,-0.699223101139069
0.554389536380768,-0.0796517431735992,1.32008171081543,-0.0859624072909355,0.110293217003345,0.701399087905884,-0.698917329311371
0.554426670074463,-0.0789498910307884,1.32001626491547,-0.0849220976233482,0.110671527683735,0.70078182220459,-0.699603319168091
0.554545998573303,-0.0782176554203033,1.32000637054443,-0.0853261947631836,0.111140519380569,0.700244188308716,-0.700018048286438
0.554149091243744,-0.0772788971662521,1.31988441944122,-0.0860890224575996,0.112284630537033,0.699352324008942,-0.700633585453033
0.554171025753021,-0.0771832913160324,1.32012951374054,-0.0840319395065307,0.114340886473656,0.699350118637085,-0.700552821159363
0.554171025753021,-0.0771832913160324,1.32012951374054,-0.0840319395065307,0.114340886473656,0.699350118637085,-0.700552821159363
0.554717898368835,-0.0757424086332321,1.32013893127441,-0.0826992914080619,0.115475125610828,0.699765384197235,-0.70011043548584
0.554803788661957,-0.0751375406980514,1.31998777389526,-0.0821387618780136,0.116726838052273,0.699900686740875,-0.699833691120148
0.55476975440979,-0.0743170380592346,1.31992542743683,-0.0797506794333458,0.116487465798855,0.699687838554382,-0.700362503528595
0.554835557937622,-0.0736279338598251,1.3200546503067,-0.0817119404673576,0.118245534598827,0.698727607727051,-0.700800240039825
0.554789900779724,-0.0725220069289207,1.32028365135193,-0.0815267190337181,0.120199017226696,0.696601152420044,-0.702604055404663
0.555141031742096,-0.0719941183924675,1.32018506526947,-0.082301452755928,0.12056539952755,0.697572529315948,-0.701486468315125
0.554995715618134,-0.0715209245681762,1.32013595104218,-0.0825657397508621,0.121979057788849,0.699277579784393,-0.69951057434082
0.554965972900391,-0.0706811547279357,1.3200501203537,-0.0823180899024009,0.122661039233208,0.698914349079132,-0.699783384799957
0.554892420768738,-0.0700414031744003,1.32001519203186,-0.0808193311095237,0.123386383056641,0.701180636882782,-0.697559952735901
0.554892420768738,-0.0700414031744003,1.32001519203186,-0.0808193311095237,0.123386383056641,0.701180636882782,-0.697559952735901
0.555153429508209,-0.0681698769330978,1.32015514373779,-0.0871553122997284,0.126347050070763,0.703830420970917,-0.693587124347687
0.555192530155182,-0.0674926489591598,1.32005071640015,-0.0883511379361152,0.128412202000618,0.707660436630249,-0.68914520740509
0.555488467216492,-0.0664026737213134,1.32039129734039,-0.090508833527565,0.13087585568428,0.710341811180115,-0.685634136199951
0.555465281009674,-0.0656151175498962,1.32036256790161,-0.0902559757232666,0.132877513766289,0.714558839797974,-0.680884063243866
0.555646002292633,-0.0647183433175087,1.32051157951355,-0.0936712473630905,0.138806253671646,0.718711733818054,-0.674842119216919
0.555725514888763,-0.06351800262928,1.32052421569824,-0.0987908840179443,0.140802696347237,0.722634792327881,-0.669487833976746
0.555877685546875,-0.0622921586036682,1.32053935527802,-0.10190299898386,0.142629191279411,0.726987242698669,-0.663899183273315
0.555745482444763,-0.0613066032528877,1.32029640674591,-0.102609969675541,0.143902823328972,0.732674837112427,-0.657229661941528
0.556099832057953,-0.0595738589763641,1.32061648368835,-0.108300052583218,0.144389912486076,0.73648339509964,-0.651931703090668
0.556714534759521,-0.0588800907135009,1.32078552246094,-0.102728605270386,0.145887270569801,0.743128716945648,-0.644921362400055
0.556705713272095,-0.0575574114918708,1.3208395242691,-0.106751494109631,0.146282032132149,0.747435450553894,-0.63917601108551
0.556790411472321,-0.056268572807312,1.32087993621826,-0.11065661907196,0.146837085485458,0.751756489276886,-0.633289992809296
0.556941986083984,-0.0549613535404205,1.32088136672974,-0.114804282784462,0.147304072976112,0.755794405937195,-0.627611696720123
0.556934356689453,-0.0537688583135604,1.32082426548004,-0.120773084461689,0.147088184952736,0.75897490978241,-0.62268453836441
0.556910216808319,-0.0519228540360927,1.32088494300842,-0.122968778014183,0.147445261478424,0.761856555938721,-0.618638277053833
0.556709289550781,-0.0508190765976905,1.32076191902161,-0.12629608809948,0.148459672927856,0.76483827829361,-0.614028871059418
0.55680775642395,-0.0493772216141223,1.32082104682922,-0.131338700652122,0.149068340659142,0.766247093677521,-0.6110600233078
0.55647087097168,-0.0480844266712665,1.3206512928009,-0.135186776518822,0.149880066514015,0.767487287521362,-0.608460068702698
0.556277632713318,-0.0469966009259223,1.32070255279541,-0.13943575322628,0.151104018092155,0.768359661102295,-0.606093049049377
0.556427299976349,-0.0464264899492263,1.32085144519806,-0.143121868371964,0.154316440224647,0.769208192825317,-0.603341937065125
0.555736362934113,-0.044872872531414,1.32071566581726,-0.146220028400421,0.157487779855728,0.76793384552002,-0.60340279340744
0.55483490228653,-0.0435245856642723,1.32043755054474,-0.147680163383484,0.157514452934265,0.767225444316864,-0.603941202163696
0.554161012172699,-0.0426791980862617,1.32019734382629,-0.147000715136528,0.15883181989193,0.767004668712616,-0.60404235124588
0.554564714431763,-0.0423289723694324,1.32046580314636,-0.150309175252914,0.158598586916923,0.766180276870728,-0.60433566570282
0.553757727146149,-0.0414808429777622,1.32014906406403,-0.149505227804184,0.159775614738464,0.764743685722351,-0.606042325496674
0.553558349609375,-0.0405003875494003,1.32042217254639,-0.152226656675339,0.160436019301414,0.762544810771942,-0.60795795917511
0.552981615066528,-0.0396348498761653,1.3205384016037,-0.15186670422554,0.162492573261261,0.760273516178131,-0.610341727733612
0.552324891090393,-0.0390880368649959,1.32049036026001,-0.151767402887344,0.16383221745491,0.758256196975708,-0.612513780593872
0.55167818069458,-0.0378675982356071,1.32029712200165,-0.152887612581253,0.16404989361763,0.755633592605591,-0.615411221981049
0.551263868808746,-0.0376268737018108,1.32042872905731,-0.152523308992386,0.166146442294121,0.75365936756134,-0.617357015609741
0.550877749919891,-0.036158699542284,1.32054734230042,-0.153802409768104,0.166494593024254,0.749974548816681,-0.621419847011566
0.550478935241699,-0.0354354791343212,1.32067716121674,-0.15412825345993,0.167632162570953,0.74756532907486,-0.623931050300598
0.550109148025513,-0.0351942405104637,1.32093834877014,-0.15200711786747,0.170982882380486,0.74601012468338,-0.62540203332901
0.549536168575287,-0.0346924886107444,1.32094407081604,-0.152074724435806,0.172913655638695,0.743629515171051,-0.627685785293579
0.549536168575287,-0.0346924886107444,1.32094407081604,-0.152074724435806,0.172913655638695,0.743629515171051,-0.627685785293579
0.54882675409317,-0.0333415083587169,1.32093298435211,-0.150711506605148,0.17494435608387,0.740283071994781,-0.631396591663361
0.548553109169006,-0.0324940979480743,1.32125151157379,-0.150832831859589,0.175896972417831,0.73795074224472,-0.633828520774841
0.54806125164032,-0.0319275856018066,1.32116270065308,-0.14948508143425,0.177483767271042,0.736665606498718,-0.635198831558228
0.547387361526489,-0.030929796397686,1.32089757919312,-0.148436427116394,0.176718801259995,0.734671831130981,-0.637961268424988
0.547197937965393,-0.0306893326342105,1.32096123695374,-0.147838741540909,0.179233461618423,0.733689308166504,-0.638528943061829
0.546968817710876,-0.0299086235463619,1.3209342956543,-0.147464424371719,0.179971471428871,0.732081353664398,-0.640251278877258
0.545990824699402,-0.0289396494626998,1.32058453559875,-0.146790042519569,0.178765878081322,0.73005598783493,-0.643050372600555
0.545990824699402,-0.0289396494626998,1.32058453559875,-0.146790042519569,0.178765878081322,0.73005598783493,-0.643050372600555
0.545907080173492,-0.0274399369955062,1.32022023200989,-0.149411752820015,0.179146274924278,0.727824568748474,-0.644867599010468
0.545813500881195,-0.0268614292144775,1.32038104534149,-0.154460832476616,0.177442342042923,0.721558451652527,-0.651160001754761
0.545301139354706,-0.0264353323727846,1.32022869586945,-0.144286006689072,0.184005677700043,0.726832509040833,-0.645784735679626
0.545062959194183,-0.0255739018321037,1.32002878189087,-0.144404426217079,0.184654667973518,0.725362837314606,-0.647224009037018
0.545213401317596,-0.0253334417939186,1.32042706012726,-0.144671529531479,0.187255993485451,0.724952697753906,-0.646876394748688
0.544956505298615,-0.0242742262780666,1.32016539573669,-0.14475454390049,0.186134114861488,0.723972737789154,-0.648277521133423
0.544791698455811,-0.0237016677856445,1.32024002075195,-0.143722727894783,0.187433853745461,0.723838210105896,-0.648282825946808
0.544628143310547,-0.0230315215885639,1.3202360868454,-0.144363448023796,0.189770668745041,0.722739398479462,-0.648686468601227
0.544537305831909,-0.0222005434334278,1.3204243183136,-0.143775299191475,0.189969435334206,0.721820712089539,-0.649780869483948
0.544402420520782,-0.0214131753891706,1.32040667533875,-0.14343224465847,0.190602675080299,0.721110463142395,-0.650459587574005
0.544415950775146,-0.0207613129168748,1.3205840587616,-0.144222691655159,0.191666960716248,0.721361637115479,-0.649693012237549
0.544147253036499,-0.0203323997557163,1.32040882110596,-0.142743825912476,0.193208396434784,0.720860600471497,-0.650119066238403
0.544297814369202,-0.0192256122827529,1.32041954994202,-0.148049309849739,0.195995762944221,0.71953272819519,-0.649568915367126
0.54413229227066,-0.0185703337192535,1.32031583786011,-0.147434592247009,0.197095051407814,0.71950501203537,-0.649406671524048
0.543975472450256,-0.0177088994532823,1.32034659385681,-0.147874742746353,0.198049262166023,0.719489395618439,-0.649033606052399
0.543983280658722,-0.0171911884099245,1.32033717632294,-0.147761195898056,0.199735790491104,0.719404697418213,-0.648636341094971
0.54347437620163,-0.0167088881134986,1.32015681266785,-0.14589549601078,0.199521973729134,0.720856547355652,-0.647511661052704
0.543733537197113,-0.0154149681329727,1.32020390033722,-0.147496894001961,0.200306847691536,0.719627141952515,-0.648273646831512
0.543514966964722,-0.014729481190443,1.3200581073761,-0.147325307130814,0.201560407876968,0.719108641147614,-0.648499429225922
0.543608427047729,-0.0137608321383595,1.32012438774109,-0.148228690028191,0.202065482735634,0.719466388225555,-0.647739231586456
0.543462812900543,-0.0123356757685542,1.32016265392303,-0.146329343318939,0.199368670582771,0.72002512216568,-0.648385584354401
0.54319041967392,-0.0113922450691461,1.32028126716614,-0.146860212087631,0.199932858347893,0.720150947570801,-0.647951722145081
0.543222665786743,-0.0105391861870884,1.32029247283936,-0.147207513451576,0.201036021113396,0.719695270061493,-0.648037970066071
0.543031573295593,-0.0096692685037851,1.32024800777435,-0.147816985845566,0.202169433236122,0.719293355941772,-0.647992789745331
0.543020248413086,-0.0085762776434421,1.32013237476349,-0.147580295801163,0.201588377356529,0.719513893127441,-0.647983014583588
0.542842209339142,-0.0075251893140375,1.32012939453125,-0.148863255977631,0.201372399926186,0.719259738922119,-0.648038864135742
0.542561650276184,-0.0073858061805367,1.3202953338623,-0.147256597876549,0.20497989654541,0.720791220664978,-0.645568549633026
0.54268079996109,-0.0056434962898492,1.32018983364105,-0.149230271577835,0.204746574163437,0.71922242641449,-0.646937727928162
0.542507767677307,-0.0052241692319512,1.32023358345032,-0.149447962641716,0.204718694090843,0.720295667648315,-0.645700991153717
0.542599737644196,-0.0038304324261844,1.3200935125351,-0.152904063463211,0.208784386515617,0.71810382604599,-0.646031320095062
0.542445003986359,-0.0026194117963314,1.32005453109741,-0.151352196931839,0.208926439285278,0.718545317649841,-0.645859956741333
0.542428076267242,-0.0014624996110796,1.31989169120789,-0.151598751544952,0.205437749624252,0.719044208526611,-0.646365702152252
0.542447447776794,-0.0008063176646828,1.31995868682861,-0.153782501816749,0.210284933447838,0.718688189983368,-0.644684731960297
0.54202938079834,-5.71161508560181e-05,1.31996417045593,-0.150637671351433,0.210906729102135,0.720212876796722,-0.643521726131439
0.542176067829132,0.0013325996696949,1.31983113288879,-0.153320580720901,0.21000811457634,0.718845963478088,-0.644709229469299
0.541979908943176,0.0023083286359906,1.31991267204285,-0.152278706431389,0.208338350057602,0.719528794288635,-0.644736111164093
0.541864991188049,0.0032775551080703,1.31987965106964,-0.152243345975876,0.209291324019432,0.719776153564453,-0.644159436225891
0.541757225990295,0.0041942661628127,1.31977570056915,-0.15382981300354,0.212639480829239,0.718967914581299,-0.643588364124298
0.541652500629425,0.0052333381026983,1.3197135925293,-0.15288645029068,0.212878227233887,0.719590663909912,-0.643038034439087
0.541515827178955,0.0062049329280853,1.31970381736755,-0.151741802692413,0.215150818228722,0.719995439052582,-0.642098963260651
0.541420996189117,0.0074181975796818,1.3193176984787,-0.152017906308174,0.212421655654907,0.720088481903076,-0.642837584018707
0.541420340538025,0.0082563338801264,1.3195321559906,-0.152540981769562,0.216489568352699,0.719772338867188,-0.641709864139557
0.54127448797226,0.0091346073895692,1.3194991350174,-0.151978388428688,0.214608386158943,0.720325171947479,-0.641854703426361
0.541164875030518,0.0101377805694937,1.31942665576935,-0.151489809155464,0.215409204363823,0.720435202121735,-0.641578376293182
0.5410236120224,0.011143147945404,1.31914091110229,-0.151320174336433,0.215733543038368,0.720467269420624,-0.641473472118378
0.540868997573853,0.011956799775362,1.31934297084808,-0.151093408465385,0.216792702674866,0.720711350440979,-0.640895426273346
0.540890157222748,0.0130190718919038,1.31912732124329,-0.150101020932197,0.217883631587029,0.720899999141693,-0.640546381473541
0.540658235549927,0.0136894965544343,1.31902766227722,-0.150034144520759,0.218233495950699,0.721355736255646,-0.639929533004761
0.540687620639801,0.0146628264337778,1.31903517246246,-0.149848416447639,0.218826711177826,0.721135437488556,-0.64001876115799
0.540600717067719,0.0154108833521604,1.31910598278046,-0.153811529278755,0.22349289059639,0.719460129737854,-0.63935124874115
0.540538191795349,0.0163100380450487,1.31912839412689,-0.152234122157097,0.224845722317696,0.719616055488586,-0.639078974723816
0.540538191795349,0.0163100380450487,1.31912839412689,-0.152234122157097,0.224845722317696,0.719616055488586,-0.639078974723816
0.540532767772675,0.0182336699217557,1.31883990764618,-0.151573449373245,0.225084900856018,0.719496607780457,-0.639286279678345
0.540342092514038,0.0192115940153598,1.3187370300293,-0.147140994668007,0.222354009747505,0.720716893672943,-0.639902651309967
0.540331125259399,0.0196292474865913,1.31871140003204,-0.14928026497364,0.226999476552009,0.720121741294861,-0.638444542884827
0.540245890617371,0.020425796508789,1.31863474845886,-0.147966668009758,0.227662339806557,0.720285594463348,-0.63832950592041
0.54039591550827,0.0212386734783649,1.31870269775391,-0.148819476366043,0.22831204533577,0.719863414764404,-0.638375580310822
0.540095090866089,0.0222878158092498,1.31865465641022,-0.144250839948654,0.225430548191071,0.720611572265625,-0.639602839946747
0.540412664413452,0.0228396132588386,1.31854557991028,-0.146970018744469,0.229524612426758,0.719807147979736,-0.638432502746582
0.540400624275208,0.0236170627176761,1.31845676898956,-0.146469712257385,0.229845285415649,0.719551146030426,-0.638720512390137
0.540297508239746,0.024163719266653,1.3185054063797,-0.146348118782043,0.231433823704719,0.719110548496246,-0.638671040534973
0.54032826423645,0.0247641615569591,1.31845831871033,-0.145039334893227,0.232478588819504,0.719373226165771,-0.638294219970703
0.540260314941406,0.0255284048616886,1.31831097602844,-0.142358720302582,0.232397109270096,0.720274269580841,-0.637911200523376
0.54033625125885,0.0262302905321121,1.31820917129517,-0.142423763871193,0.232797905802727,0.719885647296906,-0.63818895816803
0.54033762216568,0.0266462489962577,1.31826984882355,-0.141421228647232,0.233697399497032,0.720114886760712,-0.637824594974518
0.540316104888916,0.0274006091058254,1.31802773475647,-0.141336277127266,0.233539789915085,0.719793498516083,-0.638263821601868
0.540345132350922,0.0280277896672487,1.3178391456604,-0.139701977372169,0.234167128801346,0.720051407814026,-0.638102769851685
0.540402591228485,0.0285873226821422,1.31770765781403,-0.138804048299789,0.234335839748383,0.720059633255005,-0.638227581977844
0.540358781814575,0.0291310139000415,1.31727278232574,-0.137910649180412,0.234077394008636,0.720522820949554,-0.637993156909943
0.540461599826813,0.0299163088202476,1.31708347797394,-0.139021560549736,0.234920799732208,0.719943106174469,-0.638096630573273
0.540581107139587,0.0305986180901527,1.3168865442276,-0.138669893145561,0.235071122646332,0.7199427485466,-0.638118147850037
0.540684282779694,0.0312019400298595,1.31691002845764,-0.136940956115723,0.235053688287735,0.720252215862274,-0.638148725032806
0.540723443031311,0.0317572057247161,1.31673645973206,-0.135985195636749,0.235252290964127,0.720479071140289,-0.638023674488068
0.540591835975647,0.0320730060338974,1.31657910346985,-0.133684679865837,0.235922202467918,0.721222758293152,-0.63742208480835
0.540757358074188,0.0325075834989547,1.31666576862335,-0.135060831904411,0.237253412604332,0.72055059671402,-0.63739800453186
0.540999174118042,0.0332702845335006,1.31653273105621,-0.13389341533184,0.236063078045845,0.720822036266327,-0.637779295444489
0.541149497032166,0.0337996780872345,1.31632375717163,-0.133414074778557,0.236519187688827,0.721027731895447,-0.637478172779083
0.541255831718445,0.0343219153583049,1.31622183322906,-0.132154002785683,0.237091347575188,0.721438109874725,-0.637063682079315
0.541361510753632,0.0347943529486656,1.31614792346954,-0.132259994745254,0.237191542983055,0.721503734588623,-0.636929988861084
0.54160213470459,0.0353203564882278,1.31596088409424,-0.132313907146454,0.237189695239067,0.721632957458496,-0.63677304983139
0.541672766208649,0.0356827117502689,1.31574821472168,-0.13169227540493,0.23705980181694,0.722227573394775,-0.636276006698608
0.541821837425232,0.0362114086747169,1.31571817398071,-0.130258023738861,0.238025158643723,0.722729802131653,-0.635640203952789
0.541909217834473,0.036846499890089,1.31548178195953,-0.129633709788322,0.237966239452362,0.72286581993103,-0.635635316371918
0.541980743408203,0.0373084917664527,1.3153293132782,-0.130424126982689,0.237957671284676,0.722542703151703,-0.635844230651855
0.542147934436798,0.0377741493284702,1.31533300876617,-0.129928916692734,0.237715184688568,0.722754120826721,-0.635796070098877
0.542340219020844,0.0381594896316528,1.31532692909241,-0.127676054835319,0.237624645233154,0.723884165287018,-0.635000109672546
0.542527496814728,0.0384186170995235,1.31534349918365,-0.133354634046555,0.237550258636475,0.722658216953278,-0.635257124900818
0.542491912841797,0.0388299971818923,1.31525444984436,-0.134888917207718,0.236149534583092,0.722810745239258,-0.635281980037689
0.542609035968781,0.0393062084913253,1.31521439552307,-0.126291811466217,0.235842928290367,0.724497437477112,-0.635241746902466
0.542671322822571,0.0393858104944229,1.31505584716797,-0.127692699432373,0.236176446080208,0.724714875221252,-0.634589433670044
0.543008685112,0.0399229377508163,1.31509673595428,-0.131973564624786,0.235559776425362,0.724172294139862,-0.634562075138092
0.543172538280487,0.0403498671948909,1.31506359577179,-0.130862295627594,0.23566660284996,0.724645674228668,-0.634212076663971
0.543172538280487,0.0403498671948909,1.31506359577179,-0.130862295627594,0.23566660284996,0.724645674228668,-0.634212076663971
0.543368637561798,0.0408716797828674,1.31477034091949,-0.130426064133644,0.234732076525688,0.725694179534912,-0.633449375629425
0.543452799320221,0.0413627661764621,1.3146880865097,-0.128885939717293,0.234272927045822,0.726623356342316,-0.632869005203247
0.543733358383179,0.0418773517012596,1.31477701663971,-0.12391809374094,0.232351884245872,0.728087246417999,-0.632886946201324
0.543696522712708,0.0419579744338989,1.31471610069275,-0.125430688261986,0.233597010374069,0.727372765541077,-0.632952213287354
0.543947577476501,0.0424084439873695,1.31473660469055,-0.124960325658321,0.233401775360107,0.727322041988373,-0.633175492286682
0.544173955917358,0.0428037345409393,1.31489062309265,-0.123210176825523,0.232946008443832,0.728098392486572,-0.632793962955475
0.544343531131744,0.043155625462532,1.31488394737244,-0.122614674270153,0.232588574290275,0.728311240673065,-0.632796168327332
0.544471561908722,0.0434904806315898,1.31481158733368,-0.121765300631523,0.231980621814728,0.728296160697937,-0.633200585842133
0.54451060295105,0.0438898615539073,1.31473100185394,-0.124446108937263,0.230344176292419,0.727803289890289,-0.633843243122101
0.544630169868469,0.0442002825438976,1.31467497348785,-0.123125158250332,0.231333166360855,0.72712379693985,-0.634520530700684
0.544701635837555,0.0446880869567394,1.31447112560272,-0.120691798627377,0.229918032884598,0.726576805114746,-0.63612699508667
0.544701635837555,0.0446880869567394,1.31447112560272,-0.120691798627377,0.229918032884598,0.726576805114746,-0.63612699508667
0.544841885566711,0.0453085638582706,1.3144679069519,-0.121933698654175,0.22783637046814,0.724917948246002,-0.638527035713196
0.544828534126282,0.0458709709346294,1.31440377235413,-0.122572593390942,0.227406531572342,0.723979115486145,-0.639622151851654
0.544975638389587,0.0462827421724796,1.31439232826233,-0.122465074062347,0.226815402507782,0.721994817256927,-0.642090797424316
0.545165479183197,0.0467928051948547,1.31433427333832,-0.121458567678928,0.226554095745087,0.71990180015564,-0.644718885421753
0.545406341552734,0.0472126975655555,1.31408596038818,-0.121593043208122,0.225303128361702,0.716926574707031,-0.648436605930328
0.545527875423431,0.0474539026618003,1.31397581100464,-0.120470456779003,0.224687337875366,0.714254260063171,-0.651800036430359
0.545583248138428,0.0479614809155464,1.31391298770905,-0.120107404887676,0.224641114473343,0.711553454399109,-0.654830038547516
0.545779943466187,0.0484636165201664,1.31386399269104,-0.120143242180347,0.223449110984802,0.708383500576019,-0.65865695476532
0.546114265918732,0.0491154566407203,1.31405460834503,-0.120893158018589,0.223258882761002,0.704317331314087,-0.662931025028229
0.546069860458374,0.0493860580027103,1.31401932239532,-0.119564093649387,0.222064092755318,0.701337993144989,-0.666720986366272
0.546313345432281,0.0498725697398185,1.31397080421448,-0.118289336562157,0.221206933259964,0.698033094406128,-0.670689880847931
0.546313345432281,0.0498725697398185,1.31397080421448,-0.118289336562157,0.221206933259964,0.698033094406128,-0.670689880847931
0.546607911586761,0.0508117265999317,1.31381845474243,-0.118915490806103,0.219005137681961,0.68999046087265,-0.6795654296875
0.546932876110077,0.051208708435297,1.31395554542542,-0.121111907064915,0.218493655323982,0.685963749885559,-0.683407843112946
0.547114014625549,0.0515981875360012,1.31391000747681,-0.118567101657391,0.217858463525772,0.682837605476379,-0.687177181243896
0.547326326370239,0.0519841015338897,1.31385982036591,-0.119027458131313,0.217279702425003,0.679136216640472,-0.690938472747803
0.547663331031799,0.0525328665971756,1.3138382434845,-0.120483092963695,0.216697216033935,0.674541115760803,-0.69535630941391
0.547968327999115,0.0529616214334964,1.31383442878723,-0.122993960976601,0.214856564998627,0.670277833938599,-0.699597716331482
0.547968327999115,0.0529616214334964,1.31383442878723,-0.122993960976601,0.214856564998627,0.670277833938599,-0.699597716331482
0.548214197158813,0.053551509976387,1.31363213062286,-0.121386960148811,0.211162865161896,0.663691341876984,-0.707240641117096
0.548499047756195,0.0540108270943164,1.31377482414246,-0.124044790863991,0.212662383913994,0.659047544002533,-0.710664451122284
0.548853635787964,0.054425086826086,1.31383633613586,-0.12217266857624,0.211145773530006,0.656050741672516,-0.714205086231232
0.54870617389679,0.0548336841166019,1.31364333629608,-0.12272509932518,0.204866677522659,0.652726173400879,-0.718969225883484
0.549174726009369,0.055146474391222,1.31376242637634,-0.124192826449871,0.208450764417648,0.649048686027527,-0.721013367176056
0.548636198043823,0.0557635314762592,1.31374454498291,-0.126252621412277,0.208166092634201,0.643500328063965,-0.725695908069611
0.548841536045074,0.0560515150427818,1.31357753276825,-0.129653364419937,0.204971641302109,0.640106439590454,-0.728999674320221
0.548857450485229,0.0562149807810783,1.31351804733276,-0.129872411489487,0.204626396298409,0.637447655200958,-0.731383562088013
0.549270033836365,0.0559205748140811,1.3136203289032,-0.126010194420814,0.202619761228561,0.635673344135284,-0.734156727790833
0.549987018108368,0.0563232116401195,1.31377565860748,-0.127534106373787,0.209749564528465,0.630610227584839,-0.736254632472992
0.550115466117859,0.0562807470560073,1.31357598304749,-0.126824736595154,0.203243613243103,0.628885447978973,-0.739669382572174
0.550401210784912,0.0562507174909114,1.31375873088837,-0.125612303614616,0.206766173243523,0.62645435333252,-0.740961790084839
0.55050665140152,0.0565417446196079,1.31366729736328,-0.126630932092667,0.204332634806633,0.623631298542023,-0.743839204311371
0.550669431686401,0.0566645227372646,1.31344389915466,-0.126953765749931,0.202158644795418,0.621116697788239,-0.746477544307709
0.550998330116272,0.0573775991797447,1.31352376937866,-0.127775758504867,0.19802488386631,0.618552684783936,-0.749567985534668
0.551360845565796,0.0572638027369976,1.31350481510162,-0.126188293099403,0.198457002639771,0.61700427532196,-0.750997424125671
0.551514506340027,0.0574998557567596,1.31346499919891,-0.126659095287323,0.19821485877037,0.616290092468262,-0.75156831741333
0.552071452140808,0.0577633418142795,1.31362056732178,-0.129780977964401,0.194017365574837,0.612672924995422,-0.755080282688141
0.552144885063171,0.0581175684928894,1.31337118148804,-0.130586504936218,0.188269957900047,0.612089037895203,-0.756867706775665
0.551911652088165,0.0581398345530033,1.313197016716,-0.130377933382988,0.191814556717873,0.610231935977936,-0.757512867450714
0.55246889591217,0.0579191967844963,1.31319487094879,-0.12677176296711,0.192640528082848,0.607923865318298,-0.759767830371857
0.552724480628967,0.0580093041062355,1.31309592723846,-0.128005996346474,0.19236396253109,0.606994330883026,-0.760373950004578
0.553183853626251,0.0579551868140697,1.31314635276794,-0.128832638263702,0.188472256064415,0.605435073375702,-0.762449204921722
0.553364515304565,0.0574456341564655,1.31298732757568,-0.129852458834648,0.191656813025474,0.603829443454742,-0.762755572795868
0.55367523431778,0.0576407462358474,1.31290185451508,-0.129668936133385,0.185612812638283,0.601378798484802,-0.766209840774536
0.554137587547302,0.0579505525529384,1.31287884712219,-0.129877299070358,0.18759748339653,0.598740577697754,-0.767755746841431
0.554475784301758,0.0578532889485359,1.31292116641998,-0.127925053238869,0.186848789453506,0.599032640457153,-0.768038153648376
0.554867446422577,0.058217529207468,1.31277763843536,-0.131936356425285,0.186526075005531,0.597415864467621,-0.768697082996368
0.555218935012817,0.0582739785313606,1.3127121925354,-0.133510544896126,0.1874018907547,0.595637202262878,-0.769592106342316
0.555379629135132,0.0581444017589092,1.31241071224213,-0.132366091012955,0.184823885560036,0.594837427139282,-0.771030366420746
0.555411815643311,0.0582923740148544,1.31237506866455,-0.130236119031906,0.182343661785126,0.592971682548523,-0.773417055606842
0.555943012237549,0.0581206269562244,1.31230354309082,-0.12972167134285,0.18164536356926,0.591618835926056,-0.774702847003937
0.556339502334595,0.0581904798746109,1.31204974651337,-0.130573838949203,0.180091843008995,0.591411590576172,-0.775080561637878
0.556762635707855,0.0582390166819095,1.31192791461945,-0.130261108279228,0.179256707429886,0.590155363082886,-0.776283323764801
0.556742668151855,0.0582922101020813,1.31177735328674,-0.131421461701393,0.178937926888466,0.58946830034256,-0.776683211326599
0.557322859764099,0.0577507838606834,1.31196045875549,-0.130223080515862,0.178627818822861,0.588266015052795,-0.777867078781128
0.557688117027283,0.0576303340494632,1.31172001361847,-0.133602872490883,0.179721683263779,0.586398065090179,-0.778452157974243
0.557907104492188,0.0575986132025718,1.31161189079285,-0.129597038030624,0.175828874111176,0.586378991603851,-0.780031085014343
0.558286964893341,0.0579856224358081,1.31146192550659,-0.131963610649109,0.175256744027138,0.58484148979187,-0.780916929244995
0.558719038963318,0.0581173822283744,1.31114327907562,-0.134802117943764,0.171237781643867,0.584175050258636,-0.781821966171265
0.558719038963318,0.0581173822283744,1.31114327907562,-0.134802117943764,0.171237781643867,0.584175050258636,-0.781821966171265
0.559261441230774,0.0577724277973175,1.31115984916687,-0.135761842131615,0.174950405955315,0.581373512744904,-0.782921433448792
0.559478998184204,0.0575082302093505,1.31073546409607,-0.134873524308205,0.173650592565536,0.581254482269287,-0.783452570438385
0.55976390838623,0.0575020015239715,1.31043565273285,-0.136122390627861,0.173121526837349,0.579623520374298,-0.784561336040497
0.56013810634613,0.057509459555149,1.31007814407349,-0.136344537138939,0.172658085823059,0.578950047492981,-0.785121858119965
0.559936225414276,0.0571289658546447,1.30977630615234,-0.131263375282288,0.168558359146118,0.579094409942627,-0.786770403385162
0.56034654378891,0.0571759864687919,1.30963897705078,-0.135747522115707,0.169762268662453,0.57773232460022,-0.786752045154572
0.560300886631012,0.055960901081562,1.30954337120056,-0.131806150078773,0.168922200798988,0.578856706619263,-0.786776602268219
0.560962677001953,0.0559766255319118,1.30928087234497,-0.13335594534874,0.17004968225956,0.576913118362427,-0.787699580192566
0.561125576496124,0.0557559356093406,1.30925953388214,-0.13061149418354,0.167966887354851,0.577966451644897,-0.787834107875824
0.561052560806274,0.0560620762407779,1.30875790119171,-0.130878239870071,0.1647869348526,0.576507568359375,-0.789528489112854
0.561514854431152,0.0562624186277389,1.30894768238068,-0.134766802191734,0.168034762144089,0.575757920742035,-0.788736343383789
0.56183910369873,0.0558182522654533,1.30816674232483,-0.13507516682148,0.165616422891617,0.574587464332581,-0.790047585964203
0.562113225460052,0.0558085218071937,1.3082070350647,-0.136211693286896,0.165061354637146,0.573918104171753,-0.790454983711243
0.562226057052612,0.0554691553115844,1.30817103385925,-0.133468717336655,0.163596153259277,0.574854671955109,-0.790547072887421
0.562585234642029,0.0560381859540939,1.30814599990845,-0.135937586426735,0.162992149591446,0.573043346405029,-0.791565477848053
0.562813639640808,0.0559364631772041,1.3080540895462,-0.136968329548836,0.162419229745865,0.572346389293671,-0.792009711265564
0.563016772270203,0.0558707416057586,1.30795133113861,-0.137556061148643,0.162154570221901,0.571949183940887,-0.792249023914337
0.563167870044708,0.0557759590446949,1.30784106254578,-0.138090834021568,0.161946356296539,0.571547329425812,-0.7924884557724
0.56327497959137,0.0557552836835384,1.30776572227478,-0.138844639062881,0.15926493704319,0.570336163043976,-0.793771624565125
0.563407421112061,0.0555971711874008,1.30765128135681,-0.139442950487137,0.158846288919449,0.57001668214798,-0.793980181217194
0.563548743724823,0.0554339885711669,1.30752491950989,-0.140010893344879,0.158703431487083,0.569641351699829,-0.794178187847137
0.563502788543701,0.0556091889739036,1.30737197399139,-0.139855682849884,0.154589086771011,0.569883525371552,-0.794843018054962
0.563607752323151,0.0551160424947738,1.30727648735046,-0.141140669584274,0.158714264631271,0.569623410701752,-0.793988883495331
0.564009070396423,0.0551013499498367,1.30743622779846,-0.141922399401665,0.158974424004555,0.568318128585815,-0.794732391834259
0.564114928245544,0.0544141866266727,1.30737257003784,-0.145592853426933,0.16335579752922,0.568897306919098,-0.792763233184814
0.564180731773376,0.0543527007102966,1.30735695362091,-0.142084941267967,0.156987816095352,0.571109235286713,-0.793095767498016
0.5643230676651,0.0544218868017196,1.30735242366791,-0.146025970578194,0.157266482710838,0.569130301475525,-0.793747067451477
0.564367294311523,0.0539355129003524,1.30732870101929,-0.147734001278877,0.163699120283127,0.569059193134308,-0.792179763317108
0.564408004283905,0.0540036037564277,1.30732607841492,-0.144557505846024,0.159719333052635,0.56747043132782,-0.794713914394379
0.564468622207642,0.053731545805931,1.30731904506683,-0.145389035344124,0.16043359041214,0.568717837333679,-0.793525815010071
0.564613282680511,0.0541300848126411,1.30726528167725,-0.146996974945068,0.157296627759933,0.56777423620224,-0.794532537460327
0.564651608467102,0.0539997443556785,1.30737316608429,-0.147342324256897,0.157410323619843,0.567671239376068,-0.794519782066345
0.564437329769135,0.0538248345255851,1.30721545219421,-0.14723265171051,0.15619470179081,0.567503869533539,-0.794899523258209
0.564501941204071,0.0535984002053737,1.30707716941833,-0.147662475705147,0.156307056546211,0.567548215389252,-0.794766068458557
0.56457930803299,0.053318727761507,1.30706238746643,-0.14849029481411,0.158139258623123,0.568183958530426,-0.793794453144073
0.564669609069824,0.0532902665436267,1.30702555179596,-0.148854002356529,0.157825320959091,0.567424714565277,-0.794331789016724
0.564770221710205,0.0532174482941627,1.30697631835938,-0.153306365013123,0.160521730780602,0.566793859004974,-0.793394386768341
0.564715921878815,0.0529034100472927,1.30692028999329,-0.153253391385078,0.159906253218651,0.568136811256409,-0.792568027973175
0.56463086605072,0.0521853864192962,1.30701005458832,-0.152776420116425,0.161415711045265,0.568922102451324,-0.791790366172791
0.564616918563843,0.0518918707966804,1.30695068836212,-0.153007000684738,0.162642404437065,0.57006961107254,-0.790668785572052
0.564635396003723,0.0517666898667812,1.30691015720367,-0.153212174773216,0.161839336156845,0.569571375846863,-0.791152656078339
0.56456184387207,0.0516721755266189,1.30689990520477,-0.152394577860832,0.158992901444435,0.569412350654602,-0.792001783847809
0.564545929431915,0.0514150001108646,1.30688190460205,-0.149865135550499,0.158662617206573,0.570403814315796,-0.791837275028229
0.564577221870422,0.0511346086859703,1.3068687915802,-0.150412499904633,0.160463184118271,0.571032106876373,-0.790917217731476
0.564670741558075,0.0514216423034668,1.30679476261139,-0.150760740041733,0.15859067440033,0.568622648715973,-0.792961895465851
0.564913630485535,0.050821054726839,1.30714201927185,-0.150643095374107,0.160053670406341,0.569685161113739,-0.79192703962326
0.564564943313599,0.0503246635198593,1.3069714307785,-0.150949656963348,0.161462217569351,0.571530401706696,-0.790251314640045
0.564541697502136,0.0501440316438674,1.30699324607849,-0.153611645102501,0.162452772259712,0.570743918418884,-0.790103852748871
0.564478933811188,0.0498561225831508,1.30701887607574,-0.153554916381836,0.162806302309036,0.57101434469223,-0.789846658706665
0.564472079277039,0.0500894039869308,1.3068550825119,-0.152250096201897,0.161932021379471,0.570298850536346,-0.79079532623291
0.56460040807724,0.0491863600909709,1.30716037750244,-0.151041701436043,0.162815734744072,0.571843981742859,-0.789729058742523
0.56460040807724,0.0491863600909709,1.30716037750244,-0.151041701436043,0.162815734744072,0.571843981742859,-0.789729058742523
0.564123868942261,0.0489053055644035,1.30696964263916,-0.153800174593925,0.16340446472168,0.570229351520538,-0.790242373943329
0.564063429832458,0.0486080609261989,1.3070365190506,-0.15403401851654,0.163808926939964,0.570488452911377,-0.789926052093506
0.563811957836151,0.0475849211215972,1.30722808837891,-0.150122120976448,0.163891687989235,0.572823286056519,-0.788971662521362
0.56414669752121,0.0478599779307842,1.30737495422363,-0.152227357029915,0.164524212479591,0.571133077144623,-0.789661765098572
0.564202845096588,0.0473251864314079,1.30750846862793,-0.152008935809135,0.165901720523834,0.572141110897064,-0.788685321807861
0.564043283462524,0.0469243004918098,1.30759298801422,-0.151641890406608,0.16503868997097,0.571063816547394,-0.789717078208923
0.563529074192047,0.0461795330047607,1.30767071247101,-0.150874122977257,0.166556194424629,0.572434067726135,-0.788552641868591
0.563474118709564,0.0461481623351573,1.30762767791748,-0.149482175707817,0.165986612439155,0.571765303611755,-0.789422571659088
0.56326150894165,0.0450964048504829,1.30788457393646,-0.148052498698235,0.165993750095367,0.573223352432251,-0.788632690906525
0.563242077827454,0.0452476181089878,1.30765163898468,-0.151849567890167,0.164384305477142,0.571183204650879,-0.789727330207825
0.563143134117126,0.043767187744379,1.30807816982269,-0.152616009116173,0.168038979172707,0.571707546710968,-0.788429975509644
0.562823057174683,0.0439277552068233,1.30807864665985,-0.152541875839233,0.168879747390747,0.570528984069824,-0.789118111133575
0.562420606613159,0.0436419248580932,1.3078476190567,-0.149576276540756,0.165605112910271,0.571454882621765,-0.789709627628326
0.562247633934021,0.0421091355383396,1.308229804039,-0.147716119885445,0.16741643846035,0.57256019115448,-0.788876712322235
0.561909973621368,0.0413432829082012,1.3084465265274,-0.146729379892349,0.165609285235405,0.572538316249847,-0.789458036422729
0.561766922473907,0.0407451391220092,1.30857908725739,-0.14727346599102,0.166115775704384,0.571929216384888,-0.789691805839539
0.561621606349945,0.0403396561741828,1.30847430229187,-0.150333866477013,0.167146369814873,0.570153474807739,-0.790181517601013
0.561317920684814,0.039351962506771,1.30886673927307,-0.147049307823181,0.166372925043106,0.570993423461914,-0.790356338024139
0.561367869377136,0.038431130349636,1.30907881259918,-0.150117635726929,0.16794990003109,0.571908354759216,-0.788782894611359
0.561367869377136,0.038431130349636,1.30907881259918,-0.150117635726929,0.16794990003109,0.571908354759216,-0.788782894611359
0.560953736305237,0.0368177890777587,1.30966699123383,-0.152678191661835,0.168831527233124,0.570907413959503,-0.788828313350677
0.560911536216736,0.0372454673051834,1.30992078781128,-0.15245096385479,0.164314180612564,0.570356249809265,-0.790223598480225
0.560725152492523,0.0354022085666656,1.31032371520996,-0.153969496488571,0.16856324672699,0.57064163684845,-0.788827061653137
0.561019539833069,0.0352839082479476,1.3108241558075,-0.156575292348862,0.168264120817184,0.568166017532349,-0.790163815021515
0.560892283916473,0.0340977534651756,1.31119024753571,-0.15546315908432,0.167233541607857,0.569434821605682,-0.789688646793365
0.56087452173233,0.0331778973340988,1.31201720237732,-0.1561199426651,0.167955249547958,0.569641292095184,-0.789256930351257
0.560616075992584,0.0324449017643928,1.31228399276733,-0.152073830366135,0.168695643544197,0.571093320846558,-0.78883957862854
0.560928225517273,0.0314974933862686,1.31314766407013,-0.15507809817791,0.168422773480415,0.570470690727234,-0.788763403892517
0.560854971408844,0.0314005576074123,1.31367170810699,-0.156781449913978,0.168671011924744,0.568977057933807,-0.789452254772186
0.560996294021606,0.0298846568912267,1.31434869766235,-0.158056497573853,0.168804869055748,0.570083677768707,-0.788370251655579
0.560829043388367,0.0294969826936721,1.31469082832336,-0.159851714968681,0.167712315917015,0.570372104644775,-0.788032829761505
0.560829043388367,0.0294969826936721,1.31469082832336,-0.159851714968681,0.167712315917015,0.570372104644775,-0.788032829761505
0.56107372045517,0.0274985749274492,1.31598293781281,-0.155534207820892,0.165124282240868,0.571065664291382,-0.788940489292145
0.561024010181427,0.0267141461372375,1.31635797023773,-0.155426487326622,0.163404405117035,0.570545971393585,-0.789695501327515
0.560974955558777,0.0262447074055671,1.31678092479706,-0.154649183154106,0.158510401844978,0.57156765460968,-0.790106654167175
0.560548841953278,0.025306474417448,1.31693434715271,-0.154588863253593,0.159582152962685,0.571988105773926,-0.789598286151886
0.560590445995331,0.0246941708028316,1.31726276874542,-0.157851487398147,0.160035610198975,0.570381462574005,-0.790023148059845
0.560231149196625,0.0234820134937763,1.31738781929016,-0.151985004544258,0.157399073243141,0.570206940174103,-0.791827082633972
0.559919238090515,0.0220752134919166,1.31771457195282,-0.153455227613449,0.159250676631927,0.571873068809509,-0.789969563484192
0.560319125652313,0.0214262790977954,1.31805551052094,-0.152673065662384,0.15634448826313,0.57110059261322,-0.791259407997131
0.559792339801788,0.0205539055168628,1.31788158416748,-0.14784137904644,0.153185680508614,0.570971429347992,-0.792886316776276
0.559676587581635,0.019121266901493,1.31806826591492,-0.149630919098854,0.156677037477493,0.572174489498138,-0.790998876094818
0.559470355510712,0.0182061269879341,1.31821656227112,-0.146803423762321,0.148677334189415,0.571703791618347,-0.793409407138824
0.559357404708862,0.0170390717685222,1.31831359863281,-0.143488332629204,0.151731804013252,0.573375105857849,-0.792230725288391
0.55901712179184,0.0160894151777029,1.31829178333282,-0.13959427177906,0.150880873203278,0.573722302913666,-0.79283744096756
0.559344291687012,0.0151741858571767,1.3181049823761,-0.142839640378952,0.147585585713387,0.571825921535492,-0.794248342514038
0.559016466140747,0.0141236251220107,1.31842374801636,-0.139174625277519,0.146974816918373,0.570991337299347,-0.795611619949341
0.558993637561798,0.0130317667499184,1.31845641136169,-0.138029858469963,0.147928074002266,0.571525871753693,-0.795250356197357
0.559321403503418,0.0125903468579053,1.31846439838409,-0.141289010643959,0.145831540226936,0.569204151630402,-0.796729028224945
0.559240400791168,0.0112721715122461,1.31850945949554,-0.140640094876289,0.146096035838127,0.56989985704422,-0.796298027038574
0.558732151985168,0.0103573240339756,1.31841266155243,-0.138202995061874,0.143016576766968,0.569149136543274,-0.797819256782532
0.558967351913452,0.0091184377670288,1.31864106655121,-0.135758206248283,0.144913241267204,0.569723188877106,-0.797486901283264
0.558925747871399,0.008055692538619,1.31854152679443,-0.137213915586472,0.14426440000534,0.568838119506836,-0.797987103462219
0.558658063411713,0.007161954883486,1.31857776641846,-0.134011223912239,0.142661854624748,0.568930208683014,-0.798753440380096
0.558542191982269,0.0058720363304018,1.31861388683319,-0.132958471775055,0.144077122211456,0.569082796573639,-0.79856663942337
0.558469891548157,0.0048406566493213,1.3187370300293,-0.132589116692543,0.143591672182083,0.568883717060089,-0.79885721206665
0.558160066604614,0.0035298229195177,1.31832695007324,-0.132568717002869,0.142264768481254,0.567667186260223,-0.799962639808655
0.557774841785431,0.002511216327548,1.31839740276337,-0.127028420567513,0.142794072628021,0.567514955997467,-0.800874829292297
0.557741582393646,0.0014706053771078,1.31844282150269,-0.129317447543144,0.140086829662323,0.56732451915741,-0.801121532917023
0.557659924030304,0.0004317420534789,1.31852841377258,-0.128938525915146,0.139804273843765,0.567121207714081,-0.801375806331635
0.557426571846008,-0.0007026232779026,1.31854367256165,-0.128015354275703,0.139456152915955,0.567001640796661,-0.80166894197464
0.557170450687408,-0.0018395977094769,1.31842875480652,-0.127923145890236,0.139786794781685,0.566122829914093,-0.802246987819672
0.557328701019287,-0.0028294897638261,1.31858277320862,-0.126648142933845,0.13928872346878,0.565769195556641,-0.802785277366638
0.557144343852997,-0.0040001817978918,1.31868231296539,-0.125681117177009,0.139012664556503,0.56549459695816,-0.803178429603577
0.557042956352234,-0.0055381981655955,1.31884241104126,-0.125460743904114,0.139580339193344,0.566547632217407,-0.802371919155121
0.556928634643555,-0.0068201525136828,1.31889271736145,-0.125862017273903,0.139453083276749,0.567473590373993,-0.801676630973816
0.5567227602005,-0.0080077545717358,1.31904089450836,-0.124851815402508,0.138386711478233,0.567374110221863,-0.802089750766754
0.556674420833588,-0.0089306188747286,1.31905150413513,-0.124778933823109,0.137692347168922,0.566441237926483,-0.802879512310028
0.556674420833588,-0.0089306188747286,1.31905150413513,-0.124778933823109,0.137692347168922,0.566441237926483,-0.802879512310028
0.556465268135071,-0.0112739726901054,1.31912970542908,-0.124714143574238,0.13660629093647,0.567691922187805,-0.802191436290741
0.556434333324432,-0.0119166113436222,1.31901276111603,-0.125751540064812,0.136157974600792,0.566338419914246,-0.803061962127686
0.55622124671936,-0.0134936990216374,1.3190610408783,-0.123531743884087,0.135252371430397,0.566735506057739,-0.803279280662537
0.556175887584686,-0.0141751710325479,1.31895852088928,-0.12434933334589,0.134419471025467,0.565630435943604,-0.804071485996246
0.556009292602539,-0.0157353356480598,1.3190655708313,-0.123698681592941,0.133470520377159,0.566641986370087,-0.803617537021637
0.555858135223389,-0.0169879347085952,1.3187153339386,-0.123140759766102,0.133181288838387,0.568608522415161,-0.802361249923706
0.55579549074173,-0.0179488565772771,1.31901407241821,-0.122231878340244,0.131993189454079,0.567648947238922,-0.80337530374527
0.555710017681122,-0.0188434533774852,1.31900024414062,-0.122711800038815,0.128974869847298,0.567453324794769,-0.803930401802063
0.55551552772522,-0.0200849920511245,1.31913185119629,-0.122825019061565,0.128532215952873,0.568596422672272,-0.803175926208496
0.55540531873703,-0.0213707946240901,1.31867909431458,-0.122585006058216,0.12902919948101,0.569936394691467,-0.802182614803314
0.55540531873703,-0.0213707946240901,1.31867909431458,-0.122585006058216,0.12902919948101,0.569936394691467,-0.802182614803314
0.555182814598083,-0.0230939239263534,1.31884932518005,-0.122825957834721,0.126589775085449,0.568472862243652,-0.80357164144516
0.555017411708832,-0.0245261862874031,1.31860065460205,-0.120825015008449,0.125268951058388,0.56965035200119,-0.803248167037964
0.554873585700989,-0.025269404053688,1.31847894191742,-0.12234815955162,0.124325193464756,0.569673538208008,-0.803147792816162
0.554911434650421,-0.0265669357031583,1.31855463981628,-0.123199515044689,0.122888818383217,0.56956934928894,-0.803312540054321
0.554571747779846,-0.0275029428303241,1.31860244274139,-0.121421113610268,0.122029557824135,0.570253491401672,-0.803228914737701
0.554342746734619,-0.0288760270923376,1.31902050971985,-0.119356088340282,0.120948873460293,0.570926666259766,-0.803223669528961
0.5543053150177,-0.0291812606155872,1.31900024414062,-0.121571846306324,0.115685932338238,0.5698361992836,-0.804440021514893
0.554128229618073,-0.0307828541845083,1.31854581832886,-0.120529018342495,0.118535660207272,0.5716712474823,-0.802878618240356
0.553837060928345,-0.032309390604496,1.31871330738068,-0.118875131011009,0.113551154732704,0.57356184720993,-0.802497267723083
0.553730905056,-0.0335604511201381,1.31867039203644,-0.118856839835644,0.116528511047363,0.573251008987427,-0.802295088768005
0.553570091724396,-0.0342770814895629,1.31910765171051,-0.118129849433899,0.110760442912578,0.5735844373703,-0.802981019020081
0.553570091724396,-0.0342770814895629,1.31910765171051,-0.118129849433899,0.110760442912578,0.5735844373703,-0.802981019020081
0.553277313709259,-0.0369045957922935,1.31873142719269,-0.118832714855671,0.114043094217777,0.574661433696747,-0.801646590232849
0.553067803382874,-0.0377733930945396,1.31880509853363,-0.116974636912346,0.106804348528385,0.575597763061523,-0.802244901657104
0.552808284759521,-0.0390606969594955,1.31910955905914,-0.116551302373409,0.109131559729576,0.574597477912903,-0.802710294723511
0.552676439285278,-0.040095068514347,1.31877815723419,-0.115549556910992,0.108100384473801,0.574814915657043,-0.802838981151581
0.552557110786438,-0.0407659858465194,1.31863915920258,-0.116777531802654,0.10819324105978,0.574378788471222,-0.802960932254791
0.552585303783417,-0.0418193601071834,1.31863689422607,-0.117444589734077,0.107711501419544,0.574930191040039,-0.802533745765686
0.552438914775848,-0.0428742803633213,1.3190541267395,-0.118868418037891,0.107640616595745,0.574910700321198,-0.802347540855408
0.552180469036102,-0.0444634780287742,1.31910753250122,-0.116275317966938,0.10620953887701,0.576900482177734,-0.801489531993866
0.551999449729919,-0.0457137450575828,1.31880271434784,-0.1161093339324,0.105369165539742,0.578689694404602,-0.800333797931671
0.551984190940857,-0.0462290421128273,1.31865811347961,-0.117257200181484,0.104243665933609,0.577128469944,-0.801440477371216
0.551727771759033,-0.0478521659970283,1.31879901885986,-0.116290159523487,0.103614136576652,0.579472184181213,-0.799970507621765
0.55165433883667,-0.0487332940101623,1.31882762908936,-0.116047099232674,0.0982494503259658,0.579711318016052,-0.8005091547966
0.551450729370117,-0.0501728877425193,1.3188464641571,-0.11717014759779,0.102107420563698,0.581112504005432,-0.798845112323761
0.551263511180878,-0.0506223142147064,1.31868696212769,-0.117236196994781,0.100888147950172,0.578483521938324,-0.800895869731903
0.551352858543396,-0.0516150332987308,1.31873202323914,-0.118746094405651,0.100504979491234,0.579725384712219,-0.799822866916656
0.551165997982025,-0.0533735677599906,1.31888902187347,-0.118574343621731,0.100451990962029,0.582231163978577,-0.798032879829407
0.551082968711853,-0.054460484534502,1.31891787052155,-0.11818603426218,0.0999162495136261,0.582220613956451,-0.798165440559387
0.550949335098267,-0.0547404214739799,1.31913137435913,-0.12002918869257,0.0978737697005271,0.580782532691956,-0.79919046163559
0.550594389438629,-0.0564995110034942,1.31883215904236,-0.118459686636925,0.0976710692048072,0.582659125328064,-0.798082768917084
0.550794839859009,-0.0576140359044075,1.3189845085144,-0.119338922202587,0.097860038280487,0.583176553249359,-0.797550439834595
0.55093914270401,-0.0580808743834495,1.31890821456909,-0.121315747499466,0.0971580371260643,0.582488119602203,-0.797841131687164
0.550794303417206,-0.0596335865557193,1.31903922557831,-0.120939441025257,0.0975326523184776,0.584313094615936,-0.796517014503479
0.550892889499664,-0.0599457584321498,1.31896913051605,-0.122758157551289,0.0925795957446098,0.583657801151276,-0.797309994697571
0.550511538982391,-0.0610143467783927,1.31895864009857,-0.123149253427982,0.093798391520977,0.58238160610199,-0.798039972782135
0.5506192445755,-0.0626511722803115,1.31909704208374,-0.12266730517149,0.0945522412657737,0.584561407566071,-0.796429932117462
0.550568163394928,-0.0638398677110672,1.31916737556458,-0.123322151601315,0.0964781641960144,0.58589780330658,-0.795114696025848
0.550560891628265,-0.0644678398966789,1.31898784637451,-0.125505909323692,0.0960803925991058,0.585847496986389,-0.79485821723938
0.550560891628265,-0.0644678398966789,1.31898784637451,-0.125505909323692,0.0960803925991058,0.585847496986389,-0.79485821723938
0.550474524497986,-0.0666387826204299,1.319180727005,-0.125145360827446,0.0909076929092407,0.586097955703735,-0.795338690280914
0.550453364849091,-0.0676638185977935,1.31922698020935,-0.125380843877792,0.0902529507875442,0.586345016956329,-0.795194029808044
0.550306439399719,-0.0690537691116333,1.31918525695801,-0.125961661338806,0.0965920910239219,0.586755514144897,-0.79405403137207
0.550218403339386,-0.0701583623886108,1.31919503211975,-0.125293329358101,0.0937789976596832,0.586996018886566,-0.794319033622742
0.5498126745224,-0.0710788518190383,1.3190997838974,-0.125066205859184,0.0921160727739334,0.586704194545746,-0.794764935970306
0.549837946891785,-0.071699284017086,1.31922042369843,-0.125770032405853,0.0870022475719451,0.58653062582016,-0.795357942581177
0.549768447875977,-0.0728550180792808,1.31925880908966,-0.125819146633148,0.0874245762825012,0.587230443954468,-0.794787347316742
0.549627959728241,-0.0741384327411651,1.31925177574158,-0.125894412398338,0.0950286984443664,0.586604952812195,-0.794364392757416
0.549542903900146,-0.0742767974734306,1.3191260099411,-0.128348171710968,0.0894759073853492,0.585121989250183,-0.795709252357483
0.549635946750641,-0.0756782963871955,1.31924331188202,-0.128582835197449,0.091860793530941,0.585317194461823,-0.795255899429321
0.549459278583527,-0.0762938261032104,1.31912803649902,-0.12850084900856,0.0912751704454422,0.584616661071777,-0.795851647853851
0.549511432647705,-0.0777026265859603,1.31931364536285,-0.128843680024147,0.0897443741559982,0.584142327308655,-0.796318411827087
0.549507021903992,-0.078590914607048,1.31939101219177,-0.125813394784927,0.0884113833308219,0.584347367286682,-0.796801447868347
0.549750864505768,-0.0791312903165817,1.31957805156708,-0.127388581633568,0.0932472497224807,0.58438640832901,-0.795970976352692
0.549749493598938,-0.0799769163131713,1.31956958770752,-0.128137573599815,0.0886201038956642,0.584380924701691,-0.796383261680603
0.549749553203583,-0.0809455960988998,1.31961905956268,-0.131329715251923,0.0905311778187751,0.58381599187851,-0.796062588691711
0.549676954746246,-0.0821730196475982,1.31966590881348,-0.125457778573036,0.0851645171642303,0.583214998245239,-0.798039853572845
0.549961447715759,-0.0833757743239402,1.31972324848175,-0.129142865538597,0.0908991545438766,0.582988917827606,-0.796983957290649
0.549855172634125,-0.0835616067051887,1.31958019733429,-0.130251213908195,0.0889309272170066,0.580939888954163,-0.798520386219025
0.549855172634125,-0.0835616067051887,1.31958019733429,-0.130251213908195,0.0889309272170066,0.580939888954163,-0.798520386219025
0.549460887908936,-0.084712229669094,1.31953144073486,-0.132464706897736,0.0877481028437614,0.578664541244507,-0.799938023090363
0.549580693244934,-0.0851354151964187,1.31952345371246,-0.132286608219147,0.0828626453876495,0.577663242816925,-0.80121111869812
0.549537003040314,-0.0859015434980392,1.31938886642456,-0.131589636206627,0.0835375562310218,0.576577067375183,-0.802037835121155
0.549537003040314,-0.0859015434980392,1.31938886642456,-0.131589636206627,0.0835375562310218,0.576577067375183,-0.802037835121155
0.549220144748688,-0.0877685621380806,1.31937527656555,-0.130778953433037,0.0831460654735565,0.57603245973587,-0.802602112293243
0.549349546432495,-0.0882719829678535,1.31943535804749,-0.13259907066822,0.0861660242080688,0.575233578681946,-0.802557945251465
0.549301445484161,-0.0889768302440643,1.31934487819672,-0.130557358264923,0.0812954828143119,0.573344111442566,-0.804749965667725
0.54939991235733,-0.0889939367771148,1.31940615177155,-0.133193418383598,0.0854655355215072,0.572534203529358,-0.804462373256683
0.549520313739777,-0.0898033007979393,1.31943190097809,-0.13267907500267,0.0815398320555687,0.571731328964233,-0.805525183677673
0.549492061138153,-0.090573564171791,1.31933128833771,-0.129496976733208,0.0810651257634162,0.571056723594666,-0.806568801403046
0.549309074878693,-0.0908548757433891,1.31933414936066,-0.131271421909332,0.0796805545687675,0.569598019123077,-0.807450890541077
0.549665212631226,-0.0920737534761428,1.31921184062958,-0.129577457904816,0.0816295817494392,0.56940484046936,-0.807666063308716
0.549379765987396,-0.0925018042325973,1.31917452812195,-0.132052928209305,0.0799548104405403,0.568193018436432,-0.80828583240509
0.549361169338226,-0.0929987430572509,1.31922650337219,-0.134450957179069,0.0801658779382705,0.566822648048401,-0.808831632137299
0.54926198720932,-0.0941507890820503,1.31906259059906,-0.133092984557152,0.0837562456727027,0.567044854164124,-0.808536529541016
0.549018919467926,-0.0947238653898239,1.31911075115204,-0.133162349462509,0.0846998915076255,0.565894603729248,-0.809232354164124
0.549215793609619,-0.0949563533067703,1.31899094581604,-0.135164871811867,0.0844060406088829,0.564890027046204,-0.809632837772369
0.548944354057312,-0.0957958549261093,1.31894636154175,-0.134164273738861,0.0798458307981491,0.564020335674286,-0.810867309570312
0.54857987165451,-0.0962028354406356,1.319002866745,-0.135473281145096,0.0825248062610626,0.563371121883392,-0.810832679271698
0.548751533031464,-0.0968265235424041,1.31887400150299,-0.135519474744797,0.08196971565485,0.562233686447144,-0.811670362949371
0.54864627122879,-0.0975123345851898,1.31879413127899,-0.13573682308197,0.0818343758583068,0.561380088329315,-0.812238276004791
0.548406660556793,-0.0979678332805633,1.3186674118042,-0.136528670787811,0.0809968262910842,0.560288310050964,-0.81294310092926
0.547824442386627,-0.0980270653963089,1.31861484050751,-0.138317570090294,0.0756207704544067,0.559908628463745,-0.813419997692108
0.547796010971069,-0.0989174470305442,1.31846916675568,-0.138017520308495,0.0855241864919662,0.560296058654785,-0.812222361564636
0.547593414783478,-0.0991129204630851,1.31850326061249,-0.140059530735016,0.0807191878557205,0.560041129589081,-0.812540292739868
0.547513246536255,-0.0996348857879638,1.31840920448303,-0.139530420303345,0.0805548802018165,0.559608280658722,-0.812945783138275
0.547255277633667,-0.100173510611057,1.31836318969727,-0.138691455125809,0.0798764452338218,0.56002151966095,-0.812871634960175
0.547255277633667,-0.100173510611057,1.31836318969727,-0.138691455125809,0.0798764452338218,0.56002151966095,-0.812871634960175
0.547069370746613,-0.101019285619259,1.31826651096344,-0.141127288341522,0.0811193063855171,0.559703767299652,-0.812548220157623
0.546726167201996,-0.101293906569481,1.31810736656189,-0.139032363891602,0.0790208503603935,0.560283064842224,-0.812716841697693
0.546833336353302,-0.101002015173435,1.31819677352905,-0.143131494522095,0.0793642625212669,0.558903574943542,-0.812921583652496
0.546546101570129,-0.101437941193581,1.31824445724487,-0.142640963196754,0.079103410243988,0.559340834617615,-0.812732398509979
0.546329438686371,-0.101694069802761,1.3183434009552,-0.142937794327736,0.07900320738554,0.559849858283997,-0.812339425086975
0.54614531993866,-0.10226583480835,1.31833600997925,-0.142327234148979,0.0837912708520889,0.561106979846954,-0.811098694801331
0.545919239521027,-0.102555774152279,1.31834185123444,-0.139883980154991,0.082865223288536,0.56166410446167,-0.811233222484589
0.545767545700073,-0.102540731430054,1.31827008724213,-0.142752856016159,0.0817671865224838,0.561597287654877,-0.810891091823578
0.545561075210571,-0.102718740701675,1.31834292411804,-0.143968641757965,0.0790200680494308,0.563818693161011,-0.809405624866486
0.545367240905762,-0.102934844791889,1.31836593151093,-0.143732413649559,0.0789505913853645,0.564849019050598,-0.808735609054565
0.545127511024475,-0.103325918316841,1.31838583946228,-0.142831414937973,0.0817741304636001,0.56563276052475,-0.808066725730896
0.545010566711426,-0.103478372097015,1.31850075721741,-0.141927316784859,0.0813325569033622,0.565932035446167,-0.808060944080353
0.544869303703308,-0.103867202997208,1.31849408149719,-0.14083930850029,0.0835358947515487,0.568086266517639,-0.806513547897339
0.544620096683502,-0.104187771677971,1.31855273246765,-0.140048652887344,0.0839344188570976,0.569735765457153,-0.805445611476898
0.544518291950226,-0.104090705513954,1.31859481334686,-0.140602186322212,0.0793201997876167,0.5705845952034,-0.805215895175934
0.544268310070038,-0.104441717267036,1.31855714321136,-0.135754138231277,0.0788512527942657,0.572874009609222,-0.804467916488647
0.544194102287292,-0.104683868587017,1.31865835189819,-0.137792080640793,0.0798799693584442,0.575097799301147,-0.802430868148804
0.544215679168701,-0.104920864105225,1.31869959831238,-0.137524574995041,0.085562951862812,0.577331721782684,-0.800283789634705
0.544103384017944,-0.104725122451782,1.31877827644348,-0.134149312973022,0.0806682705879211,0.578400731086731,-0.800593018531799
0.543909966945648,-0.10531447827816,1.31879615783691,-0.132645457983017,0.0864775106310844,0.580916047096252,-0.798413097858429
0.543750822544098,-0.105215206742287,1.31883239746094,-0.132634788751602,0.0815242901444435,0.582291424274445,-0.797933876514435
0.543559789657593,-0.105318531394005,1.31894266605377,-0.131793573498726,0.0816473215818405,0.584678173065186,-0.796313762664795
0.543208420276642,-0.105676054954529,1.31888103485107,-0.131073176860809,0.0826289877295494,0.588344216346741,-0.793626725673676
0.543208420276642,-0.105676054954529,1.31888103485107,-0.131073176860809,0.0826289877295494,0.588344216346741,-0.793626725673676
0.543001353740692,-0.1064383238554,1.31880879402161,-0.12843781709671,0.0842016413807869,0.592056214809418,-0.791127920150757
0.543065071105957,-0.106412708759308,1.3188750743866,-0.128604933619499,0.0847371369600296,0.594699144363403,-0.7890585064888
0.54291170835495,-0.106665045022964,1.31892347335815,-0.12765721976757,0.0857542753219604,0.597241520881653,-0.787180006504059
0.542719125747681,-0.106957301497459,1.31891977787018,-0.127117529511452,0.0862972810864448,0.600374519824982,-0.784821331501007
0.542470991611481,-0.107365168631077,1.3189514875412,-0.124826706945896,0.087128035724163,0.602763891220093,-0.783264100551605
0.542550146579742,-0.107093721628189,1.31903159618378,-0.125750094652176,0.087051086127758,0.60544353723526,-0.781055152416229
0.542257189750671,-0.108420386910438,1.3192230463028,-0.122197262942791,0.0888123884797096,0.610131978988647,-0.777765572071075
0.542461514472961,-0.108811944723129,1.31926262378693,-0.121642902493477,0.0901771709322929,0.613350987434387,-0.775159180164337
0.542174875736237,-0.108712553977966,1.31920921802521,-0.120446644723415,0.0897516682744026,0.615309238433838,-0.77384227514267
0.541970610618591,-0.108994126319885,1.31924164295197,-0.118481740355492,0.0902357548475265,0.617882370948792,-0.772036910057068
0.541874468326569,-0.109188005328178,1.31925678253174,-0.117673292756081,0.090648353099823,0.621648848056793,-0.769083023071289
0.541561901569366,-0.108795955777168,1.31907773017883,-0.117252662777901,0.0899454057216644,0.621986269950867,-0.7689568400383
0.541500449180603,-0.109028428792953,1.31916451454163,-0.115569107234478,0.09042589366436,0.624343991279602,-0.767242968082428
0.541528642177582,-0.109641507267952,1.31935381889343,-0.115321420133114,0.0907091945409774,0.628464698791504,-0.76387494802475
0.541476011276245,-0.10943478345871,1.31943452358246,-0.115508712828159,0.090384155511856,0.631774604320526,-0.761149942874908
0.541408121585846,-0.109486781060696,1.31946766376495,-0.112700700759888,0.090623915195465,0.633545160293579,-0.760070025920868
0.541304171085358,-0.10980598628521,1.31953120231628,-0.11243462562561,0.0847784429788589,0.635890245437622,-0.758824586868286
0.541170716285706,-0.110333450138569,1.31947612762451,-0.11042445898056,0.0852992460131645,0.638024628162384,-0.757268249988556
0.54088032245636,-0.109901174902916,1.31929218769073,-0.110011406242847,0.085620492696762,0.63920396566391,-0.756296932697296
0.540953159332275,-0.110433399677277,1.3194032907486,-0.107003204524517,0.086681343615055,0.642493963241577,-0.753815770149231
0.540788590908051,-0.110457338392734,1.31946265697479,-0.107080399990082,0.0894816517829895,0.644144058227539,-0.75206732749939
0.541006684303284,-0.110777489840984,1.31969344615936,-0.106401368975639,0.0918646305799484,0.646431446075439,-0.749910771846771
0.541003465652466,-0.11082798242569,1.32008302211761,-0.104275681078434,0.0924876555800437,0.647657692432404,-0.749074161052704
0.541003465652466,-0.11082798242569,1.32008302211761,-0.104275681078434,0.0924876555800437,0.647657692432404,-0.749074161052704
0.540715038776398,-0.110962346196175,1.3201425075531,-0.104809306561947,0.0861556529998779,0.651697754859924,-0.746245384216309
0.540634274482727,-0.111055135726929,1.32015979290009,-0.10351600497961,0.0862936973571777,0.653408050537109,-0.744913280010223
0.540538311004639,-0.110472552478313,1.31999683380127,-0.102778539061546,0.0868760421872139,0.652630865573883,-0.745628714561462
0.540558815002441,-0.111086532473564,1.31996595859528,-0.101266227662563,0.0880264565348625,0.655613899230957,-0.743079423904419
0.540286779403687,-0.110507875680923,1.31980431079865,-0.101004712283611,0.0869489461183548,0.655241966247559,-0.743569612503052
0.540168106555939,-0.111100271344185,1.32024502754211,-0.100730881094933,0.0867232605814933,0.658862829208374,-0.740426957607269
0.540140211582184,-0.110978573560715,1.32030069828033,-0.099364273250103,0.0878374204039573,0.659228980541229,-0.740154385566711
0.540140211582184,-0.110978573560715,1.32030069828033,-0.099364273250103,0.0878374204039573,0.659228980541229,-0.740154385566711
0.539873123168945,-0.110566183924675,1.32031655311584,-0.0984227806329727,0.0861018598079681,0.659980177879333,-0.739814639091492
0.53972339630127,-0.110521711409092,1.32002902030945,-0.0971046835184097,0.0859333649277687,0.660799384117126,-0.739276945590973
0.539758443832397,-0.110984310507774,1.32022047042847,-0.094542883336544,0.0880962759256362,0.663589119911194,-0.736851513385773
0.53952568769455,-0.110852919518948,1.32029092311859,-0.0958113446831703,0.0915401354432106,0.663846433162689,-0.736035704612732
0.539459645748138,-0.110825791954994,1.32036375999451,-0.0948301255702972,0.086868979036808,0.664659917354584,-0.735994756221771
0.539811730384827,-0.110031947493553,1.32029581069946,-0.0948450788855552,0.0870594009757042,0.66422438621521,-0.736363410949707
0.539465606212616,-0.109842404723167,1.32067370414734,-0.0971562415361404,0.0900711193680763,0.663703560829163,-0.736169457435608
0.539570391178131,-0.110050678253174,1.32069826126099,-0.0955592766404151,0.0857242494821548,0.665743350982666,-0.735054731369019
0.539122343063354,-0.109839558601379,1.32033896446228,-0.0922053530812263,0.0902929604053497,0.666679501533508,-0.73408716917038
0.539209425449371,-0.110089212656021,1.32090783119202,-0.0920772477984428,0.0860685855150222,0.666973769664764,-0.73434317111969
0.538741171360016,-0.109820112586021,1.32080376148224,-0.0927773788571357,0.0889152511954307,0.667161166667938,-0.733745515346527
0.539040207862854,-0.109421297907829,1.32050204277039,-0.0942806974053382,0.0886589363217353,0.668696105480194,-0.732185900211334
0.538852989673615,-0.108889907598495,1.32085072994232,-0.0947146639227867,0.0882096216082573,0.667734563350677,-0.733061194419861
0.539053499698639,-0.10934004932642,1.320885181427,-0.0926458463072776,0.0879919901490211,0.669021844863892,-0.732177555561066
0.538861930370331,-0.108418673276901,1.32084167003632,-0.0943904370069503,0.0869664996862411,0.667833387851715,-0.733161509037018
0.539383947849274,-0.109024316072464,1.32073247432709,-0.0915057361125946,0.0860551744699478,0.668589472770691,-0.732945680618286
0.539376497268677,-0.109636947512627,1.32124066352844,-0.0907753929495811,0.0916792005300521,0.670339524745941,-0.73075270652771
0.539047718048096,-0.109568729996681,1.3211727142334,-0.0898530930280685,0.0917379036545753,0.671062111854553,-0.730196058750153
0.539452612400055,-0.108901500701904,1.32100880146027,-0.0913233906030654,0.0907644480466842,0.669550836086273,-0.731521427631378
0.539280414581299,-0.109052188694477,1.32087528705597,-0.0885654538869857,0.0953537672758102,0.671388566493988,-0.729589760303497
0.539072811603546,-0.108092539012432,1.32078719139099,-0.0917290523648262,0.0889506414532661,0.670905530452728,-0.73045152425766
0.53965836763382,-0.108398251235485,1.32068622112274,-0.0903871431946754,0.090565949678421,0.670943737030029,-0.730385184288025
0.539801895618439,-0.108563721179962,1.32069706916809,-0.0896143317222595,0.0875299945473671,0.67287802696228,-0.729069948196411
0.539792597293854,-0.108126349747181,1.32052063941956,-0.0895283669233322,0.0861727148294448,0.672701954841614,-0.729404628276825
0.540225148200989,-0.108848214149475,1.32089865207672,-0.0893954783678054,0.0920082926750183,0.674419343471527,-0.727118670940399
0.540447652339935,-0.108681157231331,1.32058382034302,-0.0875196829438209,0.0877583622932434,0.674737095832825,-0.727577209472656
0.540695190429688,-0.108527228236198,1.32056546211243,-0.0873564481735229,0.0874042734503746,0.675021529197693,-0.727375626564026
0.540901064872742,-0.10791639983654,1.32058095932007,-0.0881868526339531,0.0852478444576263,0.674896597862244,-0.727647185325623
0.54117488861084,-0.107659332454205,1.32027637958527,-0.088772140443325,0.0852274894714355,0.676030576229095,-0.726524949073792
0.541378140449524,-0.107557132840156,1.32015979290009,-0.0886447727680206,0.0854583606123924,0.676487922668457,-0.726087510585785
0.541573762893677,-0.107996575534344,1.32033228874207,-0.0878850743174552,0.091169036924839,0.678577899932861,-0.723530650138855
0.541807472705841,-0.108020156621933,1.32053422927856,-0.0875576734542846,0.088032029569149,0.679870903491974,-0.722744643688202
0.541798651218414,-0.107197098433971,1.32031452655792,-0.0883841887116432,0.0870547667145729,0.680394172668457,-0.722269713878632
0.542327761650085,-0.106926865875721,1.32021057605743,-0.0898358225822448,0.0920017659664154,0.679835736751556,-0.722003221511841
0.542662978172302,-0.106942020356655,1.32028687000275,-0.0898964777588844,0.0923827439546585,0.680853605270386,-0.720987141132355
0.542896330356598,-0.106774345040321,1.32020449638367,-0.089536614716053,0.0923589766025543,0.681763410568237,-0.720174789428711
0.543011009693146,-0.107167020440102,1.32030284404755,-0.0899455919861793,0.0927512645721435,0.684414982795715,-0.717553496360779
0.543129801750183,-0.105938628315926,1.31998133659363,-0.0920372828841209,0.09028310328722,0.684561550617218,-0.717463374137878
0.543799102306366,-0.106175795197487,1.32012867927551,-0.0912641584873199,0.0923737064003944,0.684752941131592,-0.717113375663757
0.544010102748871,-0.105847507715225,1.31994533538818,-0.0930255055427551,0.0941486209630966,0.685831785202026,-0.715623617172241
0.544389843940735,-0.105650156736374,1.31987190246582,-0.0941072031855583,0.0943502858281135,0.686869144439697,-0.714459776878357
0.544839680194855,-0.106033518910408,1.32000958919525,-0.0912754163146019,0.0915215387940406,0.689920485019684,-0.712251782417297
0.545142889022827,-0.105815917253494,1.31993746757507,-0.0940217897295951,0.0925390869379043,0.691243171691895,-0.710478246212006
0.545321583747864,-0.105301022529602,1.31965255737305,-0.0950655713677406,0.0918159633874893,0.692806005477905,-0.708909094333649
0.545814394950867,-0.104409284889698,1.3193564414978,-0.0964009761810302,0.0914922282099723,0.691990911960602,-0.709566473960876
0.546256482601166,-0.104727581143379,1.31939673423767,-0.0983149334788322,0.0993105694651603,0.693231165409088,-0.707037687301636
0.546490013599396,-0.105020806193352,1.31934571266174,-0.100101858377457,0.100267879664898,0.695987403392792,-0.703937172889709
0.547076821327209,-0.104149550199509,1.31879055500031,-0.100939646363258,0.0982552319765091,0.69768488407135,-0.702419400215149
0.547544062137604,-0.104726195335388,1.31952929496765,-0.103530764579773,0.103532940149307,0.699343919754028,-0.699628710746765
0.547730445861816,-0.104115478694439,1.3189138174057,-0.102991037070751,0.100605376064777,0.700432598590851,-0.699046194553375
0.548912048339844,-0.104556903243065,1.31921291351318,-0.105781532824039,0.101421147584915,0.703769683837891,-0.695149064064026
0.549360036849976,-0.103623867034912,1.31861937046051,-0.110695742070675,0.10574734210968,0.703453958034515,-0.694057941436768
0.549703896045685,-0.104131281375885,1.31867647171021,-0.112410128116608,0.108036741614342,0.707471787929535,-0.689330041408539
0.550203204154968,-0.103964120149612,1.31848311424255,-0.112042315304279,0.106269970536232,0.709561765193939,-0.687513828277588
0.550658345222473,-0.103939101099968,1.3185293674469,-0.114819437265396,0.112678304314613,0.710614144802094,-0.684943556785583
0.551031649112701,-0.103433005511761,1.31800186634064,-0.109324544668198,0.11231555044651,0.712867617607117,-0.68355917930603
0.551338791847229,-0.103252276778221,1.3177011013031,-0.11797934025526,0.116877250373363,0.714044511318207,-0.680118203163147
0.55161726474762,-0.103204682469368,1.31775784492493,-0.113510437309742,0.116411298513412,0.717029571533203,-0.677814424037933
0.551926255226135,-0.103401675820351,1.31762385368347,-0.114578522741795,0.119182996451855,0.719200015068054,-0.674847066402435
0.552359998226166,-0.103070065379143,1.31778621673584,-0.123632349073887,0.123447515070438,0.719414293766022,-0.67224907875061
0.552524030208588,-0.102916836738586,1.31734371185303,-0.119594246149063,0.122833885252476,0.722329378128052,-0.669962227344513
0.552728891372681,-0.102840378880501,1.31756007671356,-0.121554218232632,0.125403180718422,0.723964154720306,-0.667363882064819
0.552847921848297,-0.102531090378761,1.31710338592529,-0.123196586966515,0.126995876431465,0.724747121334076,-0.665910124778748
0.553060293197632,-0.102381467819214,1.3172824382782,-0.125495359301567,0.12931053340435,0.726494550704956,-0.663125455379486
0.553272306919098,-0.102341204881668,1.31727373600006,-0.12744902074337,0.13208270072937,0.728200972080231,-0.660329043865204
0.553146719932556,-0.101941995322704,1.3171774148941,-0.129791870713234,0.132339283823967,0.730695247650146,-0.657057642936707
0.55342710018158,-0.102274298667908,1.31728434562683,-0.130816653370857,0.136615544557571,0.731538832187653,-0.655037581920624
0.553453505039215,-0.101707726716995,1.31715846061707,-0.132974430918693,0.138344883918762,0.731518626213074,-0.654262244701385
0.553472638130188,-0.101412400603294,1.31709671020508,-0.134624943137169,0.14008703827858,0.732403218746185,-0.652562201023102
0.553347945213318,-0.101626351475716,1.31717085838318,-0.135340839624405,0.142575696110725,0.734272062778473,-0.649768829345703
0.553314089775085,-0.100771777331829,1.31685829162598,-0.137805640697479,0.143466770648956,0.734071731567383,-0.649280786514282
0.552725076675415,-0.101206913590431,1.31714749336243,-0.136547014117241,0.145741388201714,0.735856533050537,-0.647015810012817
0.552597641944885,-0.100361183285713,1.3167530298233,-0.138179004192352,0.146893367171288,0.735484600067139,-0.646831810474396
0.552469193935394,-0.0998357683420181,1.31709945201874,-0.140296027064323,0.148119196295738,0.735089123249054,-0.646545946598053
0.552152514457703,-0.0992521047592163,1.31663644313812,-0.141323745250702,0.149048373103142,0.736174881458282,-0.644871234893799
0.552118122577667,-0.0990675389766693,1.31726980209351,-0.142587006092072,0.151735544204712,0.735985159873962,-0.644182682037354
0.552180469036102,-0.0988027676939964,1.3174432516098,-0.143813937902451,0.154049038887024,0.736426413059235,-0.642855048179626
0.55168628692627,-0.0983228534460067,1.31758403778076,-0.144993424415588,0.154326379299164,0.738561689853668,-0.640067875385284
0.55133318901062,-0.0972990840673446,1.31745767593384,-0.145962998270988,0.154627367854118,0.737378001213074,-0.641138851642609
0.551178753376007,-0.0967913419008255,1.31743204593658,-0.147322088479996,0.155714437365532,0.738241136074066,-0.639569580554962
0.550769686698914,-0.0960690975189209,1.31767892837524,-0.148049384355545,0.156824007630348,0.738212645053864,-0.639163434505463
0.550387382507324,-0.0956638976931572,1.3173451423645,-0.148063704371452,0.157826438546181,0.739445626735687,-0.637485682964325
0.550351321697235,-0.0952425301074981,1.31787002086639,-0.149664372205734,0.161193951964378,0.738533794879913,-0.637326419353485
0.549852907657623,-0.095049574971199,1.31803035736084,-0.14829671382904,0.162545621395111,0.739988088607788,-0.635613620281219
0.549285113811493,-0.0940770059823989,1.31804919242859,-0.149034827947616,0.16234490275383,0.740969836711884,-0.634347438812256
0.54915463924408,-0.0935790240764617,1.31849551200867,-0.149462684988975,0.165068030357361,0.740439534187317,-0.634163022041321
0.548776865005493,-0.0929758325219154,1.3186571598053,-0.149718090891838,0.166699141263962,0.741152942180634,-0.632841467857361
0.548559904098511,-0.0925892665982246,1.31875860691071,-0.150175333023071,0.169229611754417,0.742038488388062,-0.631021082401276
0.548221290111542,-0.0918465852737426,1.31862854957581,-0.150414824485779,0.171788245439529,0.742712318897247,-0.62947815656662
0.548029720783234,-0.0909415110945701,1.31903254985809,-0.150948286056518,0.172703623771667,0.742789566516876,-0.629008591175079
0.547460198402405,-0.0897751599550247,1.31877851486206,-0.151998162269592,0.172300070524216,0.743170142173767,-0.62841659784317
0.547171890735626,-0.0887658298015594,1.31891584396362,-0.151702910661697,0.174312680959702,0.743191719055176,-0.62790721654892
0.546643733978271,-0.0875497311353683,1.31897830963135,-0.15312260389328,0.174952149391174,0.743569195270538,-0.6269371509552
0.546501040458679,-0.087164357304573,1.31912875175476,-0.15250663459301,0.178177163004875,0.744085252285004,-0.62556529045105
0.546295404434204,-0.0862137302756309,1.31916379928589,-0.152371481060982,0.18181411921978,0.744030773639679,-0.624615669250488
0.545960664749146,-0.0846246182918548,1.3192834854126,-0.15341579914093,0.182642981410026,0.743613243103027,-0.624615490436554
0.545704245567322,-0.0840063318610191,1.3195835351944,-0.154165402054787,0.185140818357468,0.744914948940277,-0.622139632701874
0.545530140399933,-0.08249132335186,1.31993234157562,-0.154782742261887,0.186542302370071,0.743586957454681,-0.623155534267426
0.545007169246674,-0.0810206830501556,1.31958413124084,-0.154557660222054,0.18731327354908,0.744294226169586,-0.622134923934937
0.54475462436676,-0.0803062915802002,1.31976008415222,-0.154950395226478,0.191416308283806,0.743937373161316,-0.621214509010315
0.544511675834656,-0.0794405862689018,1.31989669799805,-0.153916865587234,0.194601520895958,0.743696331977844,-0.620770275592804
0.544072985649109,-0.0784444212913513,1.31995177268982,-0.154023513197899,0.198012933135033,0.743620097637177,-0.619755506515503
0.543909907341003,-0.0766014009714126,1.32017910480499,-0.155126437544823,0.199172616004944,0.743080377578735,-0.619756042957306
0.543482482433319,-0.0758605077862739,1.32019758224487,-0.153202071785927,0.202740594744682,0.74356472492218,-0.618495762348175
0.543046653270721,-0.0746778026223182,1.32026648521423,-0.153707802295685,0.205321758985519,0.743164241313934,-0.617999851703644
0.542686581611633,-0.0725948810577392,1.32041418552399,-0.15437825024128,0.205793514847755,0.741346716880798,-0.619856059551239
0.542601406574249,-0.0712710320949554,1.32063138484955,-0.155618771910667,0.209372878074646,0.740873456001282,-0.618912160396576
0.541774153709412,-0.0704109445214271,1.32049322128296,-0.152215912938118,0.212251096963882,0.741047918796539,-0.618569195270538
0.541589677333832,-0.0686783790588378,1.32099032402039,-0.152961552143097,0.215806767344475,0.739768922328949,-0.618685960769653
0.541107296943665,-0.0675637945532798,1.32068419456482,-0.153250217437744,0.218313574790955,0.739460825920105,-0.618102848529816
0.540743231773376,-0.0656940266489982,1.32067561149597,-0.154316410422325,0.21882139146328,0.738270342350006,-0.619080424308777
0.540143311023712,-0.0638299584388732,1.32079863548279,-0.152013853192329,0.223398253321648,0.736217081546783,-0.620459258556366
0.539907693862915,-0.0626710504293441,1.32115209102631,-0.151850894093513,0.227353736758232,0.736128628253937,-0.619165778160095
0.539907693862915,-0.0626710504293441,1.32115209102631,-0.151850894093513,0.227353736758232,0.736128628253937,-0.619165778160095
0.538630843162537,-0.0588328950107097,1.32114768028259,-0.152392953634262,0.231253102421761,0.732418477535248,-0.621982097625732
0.538308143615723,-0.0578208938241004,1.32116866111755,-0.150516346096992,0.235853865742683,0.732765436172485,-0.62030041217804
0.538044810295105,-0.0557065196335315,1.32135426998138,-0.150588035583496,0.239097967743874,0.73093593120575,-0.621198952198029
0.537480294704437,-0.0537611693143844,1.32160878181458,-0.150019332766533,0.242322310805321,0.729206740856171,-0.622118771076202
0.537072241306305,-0.0519510433077812,1.32169616222382,-0.149808302521706,0.245625525712967,0.727787435054779,-0.622536063194275
0.536605060100555,-0.0501973144710063,1.32170808315277,-0.150323018431664,0.247272029519081,0.726054906845093,-0.623781800270081
0.53595244884491,-0.0488623455166816,1.32176792621613,-0.149674355983734,0.251409381628036,0.725312411785126,-0.623147368431091
0.53534734249115,-0.0474029034376144,1.32172465324402,-0.149325177073479,0.255228608846664,0.723881363868713,-0.62334269285202
0.534953534603119,-0.0454714149236679,1.3217146396637,-0.148381769657135,0.2589091360569,0.722373366355896,-0.623799383640289
0.534187078475952,-0.0434186346828937,1.3215891122818,-0.145448997616768,0.258237600326538,0.721560657024384,-0.625706315040588
0.533797919750214,-0.0416897311806678,1.3215479850769,-0.149400860071182,0.264590591192245,0.718170285224915,-0.626021325588226
0.532679915428162,-0.0399586707353591,1.32108628749847,-0.146204724907875,0.266636282205582,0.716981053352356,-0.627269923686981
0.532439231872559,-0.037465963512659,1.32083523273468,-0.145432829856873,0.26892414689064,0.714568376541138,-0.629222691059113
0.532336890697479,-0.0362804345786571,1.32120227813721,-0.146155953407288,0.273567795753479,0.713919699192047,-0.627788126468658
0.53136944770813,-0.034395232796669,1.32075011730194,-0.144008278846741,0.275068789720535,0.712241053581238,-0.629532694816589
0.53086644411087,-0.0326741337776184,1.32069683074951,-0.142519846558571,0.27883118391037,0.710522294044495,-0.630158185958862
0.530974209308624,-0.0309263970702886,1.32091617584229,-0.143606886267662,0.28256568312645,0.708999752998352,-0.629962801933289
0.52995902299881,-0.0290632341057062,1.32044041156769,-0.142240688204765,0.284328311681747,0.706705272197723,-0.632054269313812
0.52995902299881,-0.0290632341057062,1.32044041156769,-0.142240688204765,0.284328311681747,0.706705272197723,-0.632054269313812
0.529636204242706,-0.02580276876688,1.32050621509552,-0.142377078533173,0.291281461715698,0.703157186508179,-0.632814228534698
0.52926641702652,-0.0238899309188127,1.32007122039795,-0.14099694788456,0.292453169822693,0.70204359292984,-0.633818447589874
0.528489530086517,-0.0224229469895362,1.31994700431824,-0.139067724347115,0.294238418340683,0.700620770454407,-0.634991645812988
0.528769373893738,-0.0206835661083459,1.31991946697235,-0.14034566283226,0.297396928071976,0.698385000228882,-0.635701656341553
0.528769373893738,-0.0206835661083459,1.31991946697235,-0.14034566283226,0.297396928071976,0.698385000228882,-0.635701656341553
0.528412282466888,-0.0192647743970155,1.319953083992,-0.140075966715813,0.300220042467117,0.69666588306427,-0.636320114135742
0.52773916721344,-0.0161493886262178,1.31956052780151,-0.138580441474914,0.305132478475571,0.692685961723328,-0.638651549816132
0.527444958686829,-0.0146437538787722,1.31935513019562,-0.138551965355873,0.306250512599945,0.691133856773376,-0.639803111553192
0.527336001396179,-0.0131337596103549,1.31926035881042,-0.137916132807732,0.307461529970169,0.68989485502243,-0.640696227550507
0.526951551437378,-0.0118002071976661,1.31904232501984,-0.137786149978638,0.309255182743073,0.687784016132355,-0.642128765583038
0.526749730110168,-0.0102892536669969,1.31889915466309,-0.137281268835068,0.310742795467377,0.686066329479218,-0.643355071544647
0.526608407497406,-0.0090203247964382,1.31871259212494,-0.13553249835968,0.311945140361786,0.685527622699738,-0.643718063831329
0.526369988918304,-0.0075652841478586,1.31849801540375,-0.135828465223312,0.31349304318428,0.682868599891663,-0.645726978778839
0.526193916797638,-0.0061379056423902,1.31849706172943,-0.13620737195015,0.314566761255264,0.680936276912689,-0.647163927555084
0.526062369346619,-0.0050282087177038,1.31852400302887,-0.135288894176483,0.315985798835754,0.680426180362701,-0.647201776504517
0.525853037834167,-0.004076762124896,1.31825423240662,-0.133418902754784,0.317160755395889,0.67971670627594,-0.647760570049286
0.525606989860535,-0.0027237348258495,1.31819200515747,-0.13513520359993,0.31815379858017,0.677378118038177,-0.649365544319153
0.525606989860535,-0.0027237348258495,1.31819200515747,-0.13513520359993,0.31815379858017,0.677378118038177,-0.649365544319153
0.525212585926056,-0.0006366856396198,1.31787753105164,-0.131714254617691,0.319349437952042,0.676573812961578,-0.650319278240204
0.525132417678833,0.0006175097078084,1.31781208515167,-0.131350755691528,0.319723606109619,0.675336420536041,-0.651494026184082
0.524929404258728,0.0015585571527481,1.31783926486969,-0.130785167217255,0.320891201496124,0.674593210220337,-0.65180367231369
0.524929404258728,0.0015585571527481,1.31783926486969,-0.130785167217255,0.320891201496124,0.674593210220337,-0.65180367231369
0.524602890014648,0.0039185769855976,1.31746935844421,-0.135526031255722,0.319365620613098,0.672693729400635,-0.653545260429382
0.524684607982635,0.0043064299970865,1.31753313541412,-0.129719451069832,0.322284132242203,0.672478139400482,-0.653512716293335
0.524801075458527,0.0059660300612449,1.31753218173981,-0.13209268450737,0.321166962385178,0.671214818954468,-0.654884696006775
0.52453750371933,0.0065543670207262,1.3176521062851,-0.131951406598091,0.323027849197388,0.669966995716095,-0.655275464057922
0.524542152881622,0.0074214488267898,1.31768000125885,-0.132073119282722,0.322932928800583,0.66945868730545,-0.655817091464996
0.524448096752167,0.008424736559391,1.3174569606781,-0.135252505540848,0.321418434381485,0.670689821243286,-0.654654204845428
0.524341106414795,0.0089705530554056,1.31755340099335,-0.136283218860626,0.322059243917465,0.669625580310822,-0.655214726924896
0.524366080760956,0.0099521409720182,1.31754446029663,-0.135363534092903,0.321471780538559,0.669168889522552,-0.65615975856781
0.52439296245575,0.010396534577012,1.3174341917038,-0.130540624260902,0.323801785707474,0.668204486370087,-0.656973540782928
0.524363338947296,0.011020528152585,1.31748723983765,-0.129607051610947,0.323549300432205,0.668067991733551,-0.657421588897705
0.524381279945374,0.0117208939045667,1.31743431091309,-0.132491782307625,0.323416143655777,0.666835844516754,-0.658162534236908
0.524229526519775,0.0121599361300468,1.31736552715302,-0.131553635001183,0.322834134101868,0.666846632957458,-0.658625245094299
0.524312734603882,0.0126423053443431,1.31732106208801,-0.133704975247383,0.322876036167145,0.667691349983215,-0.657314360141754
0.524294853210449,0.0133161023259162,1.3171626329422,-0.132231205701828,0.321886777877808,0.667952716350555,-0.657832145690918
0.524040699005127,0.0137615241110324,1.3173896074295,-0.13274572789669,0.321827352046966,0.667687594890594,-0.658026695251465
0.524121522903442,0.014459878206253,1.31727337837219,-0.133129179477692,0.321168422698975,0.667544960975647,-0.658415615558624
0.523993968963623,0.0148607473820447,1.3173576593399,-0.132616087794304,0.320562154054642,0.667324066162109,-0.659038364887238
0.524154305458069,0.0154803991317749,1.31715035438538,-0.127362713217735,0.321193009614944,0.665800452232361,-0.661304414272308
0.523821949958801,0.015879813581705,1.31757378578186,-0.129577621817589,0.319836527109146,0.667534172534943,-0.65978217124939
0.523795366287231,0.0164802782237529,1.31740081310272,-0.12954968214035,0.318728506565094,0.667091012001038,-0.660771310329437
0.523892760276794,0.0166332516819238,1.3172926902771,-0.128667771816254,0.318664044141769,0.665837526321411,-0.662237167358398
0.52386349439621,0.0171976741403341,1.31729507446289,-0.128682807087898,0.317840099334717,0.665225565433502,-0.663244605064392
0.52386349439621,0.0171976741403341,1.31729507446289,-0.128682807087898,0.317840099334717,0.665225565433502,-0.663244605064392
0.523768842220306,0.0179353505373001,1.31734764575958,-0.129100918769836,0.316956758499146,0.66461044549942,-0.664202094078064
0.523714065551758,0.0183532107621431,1.31737649440765,-0.128811687231064,0.316227585077286,0.664403796195984,-0.664812207221985
0.523526310920715,0.0187726560980081,1.31734836101532,-0.129191339015961,0.316221922636032,0.663503527641296,-0.665639936923981
0.523474991321564,0.0193269606679677,1.31739556789398,-0.128247916698456,0.314995914697647,0.662690341472626,-0.667211830615997
0.523474991321564,0.0193269606679677,1.31739556789398,-0.128247916698456,0.314995914697647,0.662690341472626,-0.667211830615997
0.523274302482605,0.0200457070022821,1.31747603416443,-0.127116411924362,0.314283281564713,0.662473082542419,-0.667979717254639
0.523147284984589,0.0203623455017805,1.31750917434692,-0.126092180609703,0.313508272171021,0.661916315555573,-0.669089078903198
0.523086667060852,0.0207079425454139,1.31745731830597,-0.126100063323975,0.312796384096146,0.659961223602295,-0.671348333358765
0.522975742816925,0.0210530571639537,1.31747817993164,-0.125685527920723,0.311897963285446,0.658685624599457,-0.67309433221817
0.522352039813995,0.021472143009305,1.3171888589859,-0.123480103909969,0.30972808599472,0.657540857791901,-0.675619125366211
0.522310674190521,0.0218962263315916,1.31727504730225,-0.122766003012657,0.309261828660965,0.65607100725174,-0.67738938331604
0.522196292877197,0.0222127027809619,1.31726765632629,-0.121663205325603,0.308596163988113,0.654573440551758,-0.679337978363037
0.522086203098297,0.0225897599011659,1.31723928451538,-0.121839359402656,0.307621747255325,0.652762293815613,-0.681487679481506
0.522049903869629,0.0229052938520908,1.31718134880066,-0.120924025774002,0.30680575966835,0.651382148265839,-0.683336734771729
0.521881639957428,0.0232658293098211,1.31704592704773,-0.120175905525684,0.305509835481644,0.649290204048157,-0.686034739017487
0.521725594997406,0.0234686080366373,1.317054271698,-0.118690580129623,0.304686278104782,0.647327601909637,-0.688509941101074
0.521663069725037,0.0239255633205175,1.31694149971008,-0.118357039988041,0.303524732589722,0.644959628582001,-0.691296875476837
0.521563708782196,0.0240054763853549,1.31678462028503,-0.116200819611549,0.30241847038269,0.6428262591362,-0.694128751754761
0.521563708782196,0.0240054763853549,1.31678462028503,-0.116200819611549,0.30241847038269,0.6428262591362,-0.694128751754761
0.521481156349182,0.0247287973761558,1.31677448749542,-0.115500666201115,0.299975901842117,0.638174653053284,-0.699576318264008
0.521331250667572,0.0251843184232711,1.31665050983429,-0.115546092391014,0.298232138156891,0.634863197803497,-0.70331746339798
0.521409630775452,0.0253675412386655,1.31660735607147,-0.114391759037971,0.296432554721832,0.632881283760071,-0.706047832965851
0.521409630775452,0.0253675412386655,1.31660735607147,-0.114391759037971,0.296432554721832,0.632881283760071,-0.706047832965851
0.521258294582367,0.0257542934268713,1.3164473772049,-0.112005829811096,0.294295608997345,0.628691256046295,-0.711049973964691
0.52150946855545,0.0260950345546007,1.3164324760437,-0.111644245684147,0.292559206485748,0.625027358531952,-0.715042352676392
0.52154141664505,0.0263386201113462,1.31638813018799,-0.110210925340652,0.290959030389786,0.622706651687622,-0.717936515808105
0.521528840065002,0.0264885704964399,1.31636607646942,-0.11042283475399,0.289241969585419,0.619710385799408,-0.721183061599731
0.521674871444702,0.0265641473233699,1.3163948059082,-0.109950467944145,0.286818385124206,0.617562115192413,-0.724060237407684
0.521855533123016,0.0268240924924612,1.31628632545471,-0.11056424677372,0.286094307899475,0.614370107650757,-0.726962804794312
0.522114157676697,0.0269587207585573,1.31627309322357,-0.108392454683781,0.284179717302322,0.612109959125519,-0.729941427707672
0.522221624851227,0.0269991196691989,1.31629765033722,-0.109103821218014,0.282908827066422,0.609503626823425,-0.73250550031662
0.522221624851227,0.0269991196691989,1.31629765033722,-0.109103821218014,0.282908827066422,0.609503626823425,-0.73250550031662
0.522330522537231,0.0270055420696735,1.31624865531921,-0.106881871819496,0.279877960681915,0.607878506183624,-0.73534232378006
0.522874116897583,0.0270694233477115,1.31618356704712,-0.106263808906078,0.276446551084518,0.60312420129776,-0.74062579870224
0.523239552974701,0.0270003043115139,1.31619584560394,-0.106391705572605,0.275113999843597,0.600889980792999,-0.742916107177734
0.523239552974701,0.0270003043115139,1.31619584560394,-0.106391705572605,0.275113999843597,0.600889980792999,-0.742916107177734
0.523854553699493,0.0265257731080055,1.31613528728485,-0.103086516261101,0.27265265583992,0.597086429595947,-0.747343063354492
0.523854553699493,0.0265257731080055,1.31613528728485,-0.103086516261101,0.27265265583992,0.597086429595947,-0.747343063354492
0.523662388324738,0.0267846789211034,1.3159738779068,-0.107849933207035,0.268242329359055,0.589896857738495,-0.753947138786316
0.523662388324738,0.0267846789211034,1.3159738779068,-0.107849933207035,0.268242329359055,0.589896857738495,-0.753947138786316
0.524048805236816,0.0265145115554332,1.31601142883301,-0.107622116804123,0.267067015171051,0.588185608386993,-0.755731701850891
0.524697363376617,0.0260901022702455,1.31609082221985,-0.107226088643074,0.263059109449387,0.584976196289062,-0.759674489498138
0.524770140647888,0.0246958788484334,1.3161746263504,-0.100910291075706,0.264173477888107,0.58352142572403,-0.76127016544342
0.525116801261902,0.0241836197674274,1.31617343425751,-0.0987330675125122,0.265868455171585,0.582921087741852,-0.76142543554306
0.525116801261902,0.0241836197674274,1.31617343425751,-0.0987330675125122,0.265868455171585,0.582921087741852,-0.76142543554306
0.525815844535828,0.0236060805618762,1.3161768913269,-0.0976650193333625,0.261974632740021,0.579931557178497,-0.765186369419098
0.525815844535828,0.0236060805618762,1.3161768913269,-0.0976650193333625,0.261974632740021,0.579931557178497,-0.765186369419098
0.527594745159149,0.0237649958580732,1.31660723686218,-0.104764983057976,0.254138022661209,0.576049208641052,-0.769808828830719
0.527594745159149,0.0237649958580732,1.31660723686218,-0.104764983057976,0.254138022661209,0.576049208641052,-0.769808828830719
0.52765166759491,0.0224580913782119,1.31649219989777,-0.105881750583649,0.250865072011948,0.57474422454834,-0.771702587604523
0.52765166759491,0.0224580913782119,1.31649219989777,-0.105881750583649,0.250865072011948,0.57474422454834,-0.771702587604523
0.52824604511261,0.0214944910258054,1.31655275821686,-0.106709904968739,0.246968269348145,0.573225855827332,-0.773971557617188
0.528641998767853,0.0212215911597013,1.31655967235565,-0.106272555887699,0.244392782449722,0.571371257305145,-0.776217222213745
0.528641998767853,0.0212215911597013,1.31655967235565,-0.106272555887699,0.244392782449722,0.571371257305145,-0.776217222213745
0.528804421424866,0.020713148638606,1.31665194034576,-0.107059396803379,0.24305659532547,0.571503639221191,-0.776431143283844
0.529018104076385,0.0200057532638311,1.31666672229767,-0.104166336357593,0.24430838227272,0.571873128414154,-0.776159644126892
0.529457449913025,0.0187631975859403,1.31672728061676,-0.105043075978756,0.240888833999634,0.571104645729065,-0.777674674987793
0.529457449913025,0.0187631975859403,1.31672728061676,-0.105043075978756,0.240888833999634,0.571104645729065,-0.777674674987793
0.529671192169189,0.0179496984928846,1.31636440753937,-0.106396615505219,0.235643818974495,0.569369971752167,-0.780364990234375
0.529989838600159,0.0165400244295597,1.31666350364685,-0.104669742286205,0.234633296728134,0.569475471973419,-0.780825972557068
0.530182063579559,0.0162764471024274,1.31667697429657,-0.108639627695084,0.233695417642593,0.567903459072113,-0.781709432601929
0.530293464660645,0.0153882633894681,1.31663882732391,-0.109473690390587,0.23208437860012,0.568128943443298,-0.781909108161926
0.530491411685944,0.0147084463387727,1.31668043136597,-0.105735346674919,0.227499797940254,0.569310128688812,-0.782911241054535
0.530521929264069,0.0138040371239185,1.3166127204895,-0.105779804289341,0.227098286151886,0.570218801498413,-0.782360196113586
0.530677616596222,0.0130068100988864,1.31661915779114,-0.106659188866615,0.225938871502876,0.57059633731842,-0.782301247119904
0.530752241611481,0.0121844764798879,1.31679224967957,-0.110058158636093,0.226425424218178,0.570035874843597,-0.782098352909088
0.530752241611481,0.0121844764798879,1.31679224967957,-0.110058158636093,0.226425424218178,0.570035874843597,-0.782098352909088
0.531112194061279,0.0106088574975728,1.31685447692871,-0.111770391464233,0.223380044102669,0.570081353187561,-0.782697916030884
0.531195819377899,0.0096636824309825,1.31687867641449,-0.110069699585438,0.222867548465729,0.571501433849335,-0.782049238681793
0.531156122684479,0.0086437594145536,1.31699156761169,-0.109368525445461,0.219182267785072,0.57229882478714,-0.782605767250061
0.531156122684479,0.0086437594145536,1.31699156761169,-0.109368525445461,0.219182267785072,0.57229882478714,-0.782605767250061
0.531959533691406,0.0071339979767799,1.31712412834167,-0.112227737903595,0.217530772089958,0.571752965450287,-0.783060550689697
0.531959533691406,0.0071339979767799,1.31712412834167,-0.112227737903595,0.217530772089958,0.571752965450287,-0.783060550689697
0.531617641448975,0.0047918390482664,1.31733691692352,-0.112456865608692,0.215209573507309,0.574102938175201,-0.781948924064636
0.531617641448975,0.0047918390482664,1.31733691692352,-0.112456865608692,0.215209573507309,0.574102938175201,-0.781948924064636
0.531918227672577,0.0031519634649157,1.31749761104584,-0.117038816213608,0.211170002818108,0.573283672332764,-0.782978355884552
0.531918227672577,0.0031519634649157,1.31749761104584,-0.117038816213608,0.211170002818108,0.573283672332764,-0.782978355884552
0.532023429870605,0.0020656995475292,1.31754815578461,-0.115037605166435,0.211820989847183,0.575117826461792,-0.78175300359726
0.532201409339905,0.0011005606502294,1.31750988960266,-0.119136989116669,0.211752191185951,0.574197471141815,-0.781834185123444
0.532179951667786,-0.0013001738116145,1.31773447990417,-0.11761436611414,0.20891273021698,0.577416718006134,-0.78045642375946
0.532179951667786,-0.0013001738116145,1.31773447990417,-0.11761436611414,0.20891273021698,0.577416718006134,-0.78045642375946
0.532232701778412,-0.0024282252416014,1.31787180900574,-0.120984248816967,0.209035664796829,0.577134668827057,-0.780117034912109
0.532378375530243,-0.0048621073365211,1.318115234375,-0.120558738708496,0.203298583626747,0.578756332397461,-0.780497550964355
0.532378375530243,-0.0048621073365211,1.318115234375,-0.120558738708496,0.203298583626747,0.578756332397461,-0.780497550964355
0.532770454883575,-0.0062628872692584,1.31836235523224,-0.121409527957439,0.203371897339821,0.579871535301208,-0.779518127441406
0.532705008983612,-0.0070621017366647,1.31833529472351,-0.12520395219326,0.202406197786331,0.579339683055878,-0.779564738273621
0.532705008983612,-0.0070621017366647,1.31833529472351,-0.12520395219326,0.202406197786331,0.579339683055878,-0.779564738273621
0.532961845397949,-0.0110599584877491,1.31875324249268,-0.123857773840427,0.196600213646889,0.582894146442413,-0.778615415096283
0.532961845397949,-0.0110599584877491,1.31875324249268,-0.123857773840427,0.196600213646889,0.582894146442413,-0.778615415096283
0.532961845397949,-0.0110599584877491,1.31875324249268,-0.123857773840427,0.196600213646889,0.582894146442413,-0.778615415096283
0.533424496650696,-0.0132192885503172,1.31883418560028,-0.126096025109291,0.195921495556831,0.583760619163513,-0.777777671813965
0.533258438110352,-0.0151903927326202,1.31906461715698,-0.125384137034416,0.194207265973091,0.586408019065857,-0.776329934597015
0.533914983272552,-0.0163746587932109,1.31950569152832,-0.127595350146294,0.194190680980682,0.587311983108521,-0.775289714336395
0.534071385860443,-0.0193179342895746,1.31942081451416,-0.128625124692917,0.190735071897507,0.588235378265381,-0.775277376174927
0.534071385860443,-0.0193179342895746,1.31942081451416,-0.128625124692917,0.190735071897507,0.588235378265381,-0.775277376174927
0.534041285514832,-0.0209790598601102,1.3196097612381,-0.127794116735458,0.188630700111389,0.590192556381226,-0.774441719055176
0.534310579299927,-0.0221256762742996,1.31980681419373,-0.12831512093544,0.187747225165367,0.59126752614975,-0.773749947547913
0.534485280513763,-0.024382485076785,1.32001781463623,-0.1295195966959,0.186952665448189,0.593367218971252,-0.772132635116577
0.534950911998749,-0.0249665342271327,1.32007551193237,-0.131802797317505,0.184055387973785,0.591179251670837,-0.77411812543869
0.534990191459656,-0.0268838871270418,1.32022476196289,-0.134250342845917,0.180643290281296,0.59179812669754,-0.774028420448303
0.534990191459656,-0.0268838871270418,1.32022476196289,-0.134250342845917,0.180643290281296,0.59179812669754,-0.774028420448303
0.535508632659912,-0.0306028239428997,1.32059168815613,-0.13332037627697,0.179748296737671,0.595354020595551,-0.771666944026947
0.535694122314453,-0.0316467322409153,1.32082653045654,-0.136980429291725,0.176410228013992,0.594816565513611,-0.772210478782654
0.536067485809326,-0.0336732901632785,1.32087922096252,-0.137660175561905,0.174404710531235,0.596861779689789,-0.770966112613678
0.536223948001862,-0.0349827334284782,1.32088994979858,-0.139458253979683,0.172190338373184,0.597457647323608,-0.770679116249084
0.536641240119934,-0.0362574569880962,1.32097291946411,-0.142149552702904,0.170266449451447,0.598038256168365,-0.770164370536804
0.536641240119934,-0.0362574569880962,1.32097291946411,-0.142149552702904,0.170266449451447,0.598038256168365,-0.770164370536804
0.537202000617981,-0.0399469956755638,1.32147872447968,-0.142218485474586,0.167537659406662,0.600030064582825,-0.769200265407562
0.537444353103638,-0.041446179151535,1.32149410247803,-0.142298400402069,0.166040256619453,0.601678133010864,-0.768222153186798
0.53801554441452,-0.0448602512478828,1.32165098190308,-0.144932091236115,0.161063343286514,0.601999759674072,-0.76853734254837
0.53801554441452,-0.0448602512478828,1.32165098190308,-0.144932091236115,0.161063343286514,0.601999759674072,-0.76853734254837
0.538424253463745,-0.0481679998338222,1.32172441482544,-0.144614413380623,0.157886803150177,0.604212939739227,-0.767518877983093
0.538424253463745,-0.0481679998338222,1.32172441482544,-0.144614413380623,0.157886803150177,0.604212939739227,-0.767518877983093
0.538610756397247,-0.0497171841561794,1.32172966003418,-0.145559951663017,0.155519619584084,0.604746580123901,-0.767403244972229
0.53896152973175,-0.051196165382862,1.32183194160461,-0.147111237049103,0.151850670576095,0.604678153991699,-0.767895877361298
0.539243638515472,-0.0545460358262062,1.32181465625763,-0.14866815507412,0.146603554487228,0.605897903442383,-0.767654120922089
0.539243638515472,-0.0545460358262062,1.32181465625763,-0.14866815507412,0.146603554487228,0.605897903442383,-0.767654120922089
0.540026068687439,-0.0578130595386028,1.32192802429199,-0.151479542255402,0.144213393330574,0.606984198093414,-0.76669853925705
0.540026068687439,-0.0578130595386028,1.32192802429199,-0.151479542255402,0.144213393330574,0.606984198093414,-0.76669853925705
0.540056526660919,-0.0603215731680393,1.32199895381927,-0.150808066129684,0.142818331718445,0.60935652256012,-0.765208899974823
0.54037994146347,-0.0614489242434501,1.32190108299255,-0.152224943041801,0.140281796455383,0.608276844024658,-0.766255855560303
0.540583789348602,-0.0636871457099914,1.32202517986298,-0.152296751737595,0.138131275773048,0.610119104385376,-0.765166819095612
0.541131854057312,-0.0671081766486167,1.32195889949799,-0.154977828264236,0.135601669549942,0.610531389713287,-0.76475203037262
0.541354835033417,-0.0681542977690696,1.32183444499969,-0.157448902726173,0.132731601595879,0.608798205852509,-0.766131162643433
0.541354835033417,-0.0681542977690696,1.32183444499969,-0.157448902726173,0.132731601595879,0.608798205852509,-0.766131162643433
0.541646063327789,-0.0704274922609329,1.32189345359802,-0.156669780611992,0.131196796894073,0.610550999641418,-0.765159785747528
0.542153477668762,-0.0713250637054443,1.32167840003967,-0.15992896258831,0.129205867648125,0.609008967876434,-0.766052722930908
0.542185008525848,-0.0734174028038978,1.32189273834229,-0.159175291657448,0.126905292272568,0.609878838062286,-0.765902280807495
0.542472779750824,-0.0751598328351974,1.32188034057617,-0.159760683774948,0.124911472201347,0.609912812709808,-0.766080975532532
0.54261326789856,-0.076291300356388,1.32148098945618,-0.160931527614594,0.122533157467842,0.608322203159332,-0.767483532428741
0.542959332466125,-0.078087143599987,1.32150912284851,-0.161685466766357,0.120851866900921,0.608464181423187,-0.767478942871094
0.543358683586121,-0.0798692256212234,1.32154834270477,-0.163510710000992,0.119241781532764,0.608925580978394,-0.766978085041046
0.543543338775635,-0.0812676399946212,1.32132840156555,-0.164140254259109,0.117822043597698,0.607686519622803,-0.768045127391815
0.543728411197662,-0.0828620418906211,1.32116997241974,-0.164042800664902,0.115269914269447,0.607462167739868,-0.76863032579422
0.543728411197662,-0.0828620418906211,1.32116997241974,-0.164042800664902,0.115269914269447,0.607462167739868,-0.76863032579422
0.544196546077728,-0.0881233513355255,1.32086038589478,-0.16443295776844,0.105653882026672,0.60883629322052,-0.768841624259949
0.544196546077728,-0.0881233513355255,1.32086038589478,-0.16443295776844,0.105653882026672,0.60883629322052,-0.768841624259949
0.544684648513794,-0.0893669351935386,1.32083225250244,-0.165863037109375,0.109408542513847,0.605972528457642,-0.770270466804504
0.544707000255585,-0.0912523716688156,1.32075560092926,-0.165416479110718,0.105405397713184,0.605750739574432,-0.771098792552948
0.545315980911255,-0.0944938138127327,1.3206160068512,-0.167757853865623,0.102744594216347,0.604687929153442,-0.771785795688629
0.545315980911255,-0.0944938138127327,1.3206160068512,-0.167757853865623,0.102744594216347,0.604687929153442,-0.771785795688629
0.545524954795837,-0.0961259007453918,1.32048439979553,-0.168327197432518,0.102263130247593,0.604374349117279,-0.77197140455246
0.545714855194092,-0.097807377576828,1.32017147541046,-0.16952645778656,0.101575836539268,0.603979170322418,-0.772108972072601
0.54586923122406,-0.09931081533432,1.32029950618744,-0.168712094426155,0.0973577052354812,0.604312479496002,-0.772569835186005
0.546188235282898,-0.100591756403446,1.31989049911499,-0.17137448489666,0.100694060325623,0.602283596992493,-0.773140370845795
0.5461385846138,-0.104276105761528,1.31966125965118,-0.172318026423454,0.100946925580502,0.601849555969238,-0.773235738277435
0.546504616737366,-0.105300709605217,1.31976544857025,-0.174315094947815,0.0998459234833717,0.599721610546112,-0.774583280086517
0.546572029590607,-0.107261203229427,1.31952011585236,-0.172301694750786,0.0948194786906242,0.60137265920639,-0.774385273456573
0.546572029590607,-0.107261203229427,1.31952011585236,-0.172301694750786,0.0948194786906242,0.60137265920639,-0.774385273456573
0.546656906604767,-0.108591854572296,1.31951212882996,-0.174842774868011,0.0985729694366455,0.598903179168701,-0.775260210037231
0.546684443950653,-0.110315129160881,1.31927907466888,-0.175262629985809,0.0954932942986488,0.59860223531723,-0.775783061981201
0.546807944774628,-0.111855678260326,1.31914901733398,-0.175637364387512,0.0950014218688011,0.597866296768188,-0.776326060295105
0.547186434268951,-0.115019246935844,1.31901621818542,-0.177452653646469,0.0963084399700164,0.596168398857117,-0.777057588100433
0.547186434268951,-0.115019246935844,1.31901621818542,-0.177452653646469,0.0963084399700164,0.596168398857117,-0.777057588100433
0.547164916992188,-0.116616636514664,1.31865608692169,-0.178010120987892,0.0948249176144599,0.596502065658569,-0.776856482028961
0.54756486415863,-0.117664784193039,1.31843876838684,-0.180056378245354,0.0944422259926796,0.594759345054626,-0.777767181396484
0.547720789909363,-0.119014248251915,1.31816339492798,-0.180759444832802,0.0922995582222938,0.593799471855164,-0.778594315052032
0.547576010227203,-0.120360858738422,1.31769514083862,-0.181978106498718,0.09107007086277,0.593109011650085,-0.778981387615204
0.548090040683746,-0.12205233424902,1.31762230396271,-0.182917907834053,0.0938516333699226,0.592496275901794,-0.778897345066071
0.548027634620667,-0.1227598041296,1.31707298755646,-0.185422241687775,0.0900252908468246,0.591170072555542,-0.77976405620575
0.54852169752121,-0.124857775866985,1.31687366962433,-0.184469521045685,0.0916194468736648,0.590959191322327,-0.779964208602905
0.548748016357422,-0.126800253987312,1.31650066375732,-0.184397548437119,0.0931122377514839,0.592327415943146,-0.778765738010406
0.548638820648193,-0.127846643328667,1.31573402881622,-0.185463145375252,0.0903530567884445,0.591161131858826,-0.779723227024078
0.549112975597382,-0.12849985063076,1.31500363349915,-0.188198208808899,0.0896667763590812,0.588518619537354,-0.781144797801971
0.549649834632874,-0.13046407699585,1.3147782087326,-0.18799278140068,0.0913641229271888,0.588690459728241,-0.780867993831635
0.549911916255951,-0.131727784872055,1.3140162229538,-0.188156396150589,0.0911841094493866,0.588492274284363,-0.780999064445496
0.550102293491364,-0.132606506347656,1.31292963027954,-0.190076380968094,0.0889365449547767,0.587583482265472,-0.781477332115173
0.550563454627991,-0.134320765733719,1.31231331825256,-0.188982665538788,0.090635173022747,0.587498247623444,-0.781611561775208
0.55094176530838,-0.135280534625053,1.31129467487335,-0.191015481948853,0.0900743305683136,0.586335122585297,-0.782055497169495
0.551243662834167,-0.136568754911423,1.31032598018646,-0.189527660608292,0.0910723060369491,0.58656233549118,-0.782131612300873
0.551801145076752,-0.137981444597244,1.30950796604156,-0.191017419099808,0.0900703221559524,0.586509823799133,-0.781924545764923
0.552010595798492,-0.138775408267975,1.30832242965698,-0.192103505134582,0.088125042617321,0.58606094121933,-0.782216608524323
0.552835762500763,-0.139605462551117,1.30756890773773,-0.192820623517036,0.0885821431875228,0.584168374538422,-0.783403337001801
0.553144752979279,-0.141152113676071,1.30647599697113,-0.192919909954071,0.0888258442282676,0.585489749908447,-0.782364249229431
0.553708255290985,-0.141874313354492,1.30575001239777,-0.194326221942902,0.0898699387907981,0.584007680416107,-0.783004224300385
0.554186999797821,-0.142524868249893,1.30499720573425,-0.193283945322037,0.0853833183646202,0.582640051841736,-0.784781277179718
0.554536759853363,-0.143519312143326,1.30433762073517,-0.195662871003151,0.0885864645242691,0.580970942974091,-0.7850741147995
0.554860532283783,-0.14435139298439,1.30363810062408,-0.194407135248184,0.0863810926675796,0.580407619476318,-0.786047875881195
0.555590629577637,-0.145577132701874,1.30343818664551,-0.194113403558731,0.0863154157996177,0.581546783447266,-0.785285294055939
0.555903434753418,-0.146603867411613,1.30275559425354,-0.193492278456688,0.0858370661735534,0.581342995166779,-0.785641849040985
0.556394875049591,-0.147327840328216,1.30272901058197,-0.194643288850784,0.0867927819490432,0.58110100030899,-0.785431504249573
0.556704461574554,-0.147482261061668,1.30239641666412,-0.195044666528702,0.0837705135345459,0.577685117721558,-0.788175046443939
0.557034194469452,-0.148508712649345,1.30229437351227,-0.194400727748871,0.0837603658437728,0.578245460987091,-0.787924468517303
0.557485163211823,-0.149505764245987,1.30235350131989,-0.193939939141273,0.0844434201717376,0.5793217420578,-0.787174165248871
0.557526826858521,-0.150350868701935,1.30225956439972,-0.193432822823524,0.0811450481414794,0.579134583473206,-0.787783324718475
0.558417797088623,-0.151310592889786,1.30242419242859,-0.193112894892693,0.0797604247927665,0.57672506570816,-0.789768278598785
