x,y,z,q0,q1,q2,q3
0.465506374835968,-0.233063980937004,0.818311333656311,-0.647848784923553,-0.183864653110504,0.726745963096619,-0.135373890399933
0.466239005327225,-0.232460230588913,0.818658590316772,-0.647516846656799,-0.183651372790337,0.726825773715973,-0.136815562844276
0.467282980680466,-0.233184367418289,0.820353329181671,-0.651613771915436,-0.196663707494736,0.719347476959229,-0.138787806034088
0.468354612588882,-0.232482939958572,0.820691645145416,-0.653271377086639,-0.194148808717728,0.718766450881958,-0.137541204690933
0.468483537435532,-0.230465695261955,0.819777250289917,-0.647272884845734,-0.182484745979309,0.726906836032867,-0.139081597328186
0.470091104507446,-0.230994716286659,0.821087837219238,-0.650752067565918,-0.193091586232185,0.720744788646698,-0.140586152672768
0.470135301351547,-0.229016125202179,0.82021689414978,-0.647131383419037,-0.183190017938614,0.726283371448517,-0.142038837075233
0.471675843000412,-0.229515492916107,0.821703135967255,-0.651080131530762,-0.19245582818985,0.720352292060852,-0.14194467663765
0.472388595342636,-0.229038923978805,0.822027206420898,-0.651412785053253,-0.193245708942413,0.719812333583832,-0.142083987593651
0.473102152347565,-0.228412434458733,0.822521328926086,-0.65300065279007,-0.196437001228332,0.717379987239838,-0.142718568444252
0.473988205194473,-0.227684125304222,0.822660088539124,-0.651883840560913,-0.192536562681198,0.719209849834442,-0.143924593925476
0.474201619625091,-0.225593760609627,0.821761310100555,-0.648908734321594,-0.182679519057274,0.724560678005219,-0.14337919652462
0.47174921631813,-0.234284743666649,0.825713634490967,0.0443620271980762,-0.920608460903168,-0.354170203208923,-0.158353373408318
0.46862781047821,-0.233571350574493,0.839738667011261,0.131900101900101,-0.88449639081955,-0.401092350482941,-0.198478117585182
0.467568814754486,-0.234030783176422,0.840678453445435,0.151732414960861,-0.871701180934906,-0.417152196168899,-0.207601368427277
0.467153638601303,-0.234673053026199,0.841472744941711,0.162294328212738,-0.861923694610596,-0.430235713720322,-0.213647991418839
0.466958194971085,-0.235290303826332,0.84203565120697,0.173427700996399,-0.852779448032379,-0.442633509635925,-0.216253563761711
0.466748774051666,-0.23576632142067,0.842443943023682,0.183595284819603,-0.844640970230103,-0.452798902988434,-0.218739911913872
0.466634541749954,-0.236169904470444,0.842780649662018,0.190675854682922,-0.838494122028351,-0.460251867771149,-0.220767885446548
0.466651439666748,-0.236552447080612,0.843189656734467,0.198959827423096,-0.831725895404816,-0.468422055244446,-0.221873223781586
0.466738641262054,-0.23689503967762,0.843667089939117,0.20470418035984,-0.824958622455597,-0.476259857416153,-0.225202456116676
0.4667948782444,-0.23715728521347,0.843913078308105,0.210128739476204,-0.8200404047966,-0.480885207653046,-0.22831866145134
0.467003554105759,-0.237439319491386,0.844418287277222,0.214491441845894,-0.816381633281708,-0.485928326845169,-0.226689651608467
0.467211186885834,-0.237680688500404,0.844899296760559,0.219929918646812,-0.812260031700134,-0.490545868873596,-0.226338639855385
0.467360883951187,-0.237838909029961,0.845201253890991,0.224242687225342,-0.808083951473236,-0.494470030069351,-0.228506609797478
0.466439813375473,-0.243920415639877,0.842850208282471,0.262181371450424,-0.756599724292755,-0.552770435810089,-0.230787500739098
0.465804874897003,-0.242999255657196,0.845590472221375,0.263094335794449,-0.760940551757812,-0.54268878698349,-0.239247769117355
0.466051250696182,-0.242654353380203,0.846000790596008,0.264293253421783,-0.762211501598358,-0.540432035923004,-0.238989487290382
0.466429710388184,-0.24234789609909,0.846437633037567,0.264411330223083,-0.763574779033661,-0.538904786109924,-0.237954333424568
0.466906666755676,-0.242144644260406,0.846988379955292,0.264757215976715,-0.764591038227081,-0.538731813430786,-0.234676048159599
0.467447102069855,-0.241997629404068,0.84732723236084,0.265926659107208,-0.764484941959381,-0.539159834384918,-0.232706874608994
0.468105792999268,-0.241883724927902,0.847990810871124,0.265761196613312,-0.765903830528259,-0.538598835468292,-0.229507714509964
0.468597173690796,-0.241755932569504,0.848412096500397,0.265287071466446,-0.767067611217499,-0.537624657154083,-0.22845047712326
0.469032824039459,-0.241644814610481,0.848780274391174,0.265670239925385,-0.768575608730316,-0.536881148815155,-0.224653735756874
0.469576090574265,-0.241526275873184,0.849212288856506,0.26582333445549,-0.767180979251862,-0.537475407123566,-0.227797105908394
0.47013333439827,-0.241423845291138,0.849623084068298,0.266695618629456,-0.767444849014282,-0.537343740463257,-0.22619366645813
0.470750957727432,-0.241413846611977,0.849938273429871,0.266662329435349,-0.76801872253418,-0.537201583385468,-0.224617511034012
0.47157946228981,-0.241506859660149,0.850757718086243,0.265386193990707,-0.76587849855423,-0.540955722332001,-0.224426671862602
0.471675843000412,-0.247828796505928,0.848919928073883,0.302856177091599,-0.711221635341644,-0.592941522598267,-0.225527063012123
0.471308946609497,-0.246859863400459,0.851149797439575,0.304742008447647,-0.718442559242249,-0.581952691078186,-0.228699550032616
0.471260607242584,-0.246020957827568,0.85084056854248,0.302204161882401,-0.72204864025116,-0.578899621963501,-0.228460773825645
0.472187399864197,-0.245591193437576,0.851333141326904,0.297966063022614,-0.728417277336121,-0.573777079582214,-0.226725772023201
0.472951591014862,-0.245187133550644,0.851621389389038,0.297560721635818,-0.730553030967712,-0.571851432323456,-0.225246444344521
0.473644137382507,-0.244836315512657,0.851989090442657,0.294784992933273,-0.735411942005157,-0.568657577037811,-0.221132889389992
0.474388927221298,-0.244513526558876,0.852273941040039,0.29377606511116,-0.737844526767731,-0.56659060716629,-0.219674378633499
0.474388927221298,-0.244513526558876,0.852273941040039,0.29377606511116,-0.737844526767731,-0.56659060716629,-0.219674378633499
0.475836306810379,-0.243943423032761,0.852552592754364,0.293166160583496,-0.741871476173401,-0.562471568584442,-0.217501476407051
0.476676315069199,-0.24373933672905,0.852760910987854,0.292856693267822,-0.742644429206848,-0.561514794826508,-0.217749983072281
0.477442771196365,-0.243530809879303,0.852843046188354,0.292609691619873,-0.744383335113525,-0.559917032718658,-0.216255098581314
0.478222012519836,-0.243326336145401,0.853011429309845,0.293119996786117,-0.745344161987305,-0.559067249298096,-0.214445814490318
0.479000061750412,-0.24313922226429,0.853193581104279,0.293250799179077,-0.747030138969421,-0.557236671447754,-0.213159129023552
0.479279786348343,-0.249299138784409,0.851015388965607,0.328345477581024,-0.688912034034729,-0.608191967010498,-0.218385264277458
0.479531019926071,-0.248039066791534,0.852543354034424,0.323418408632278,-0.701131939888,-0.595817565917969,-0.220943346619606
0.480201452970505,-0.247228279709816,0.852735757827759,0.320579618215561,-0.707812488079071,-0.589653015136719,-0.220318928360939
0.481011360883713,-0.246513590216637,0.852935969829559,0.317725300788879,-0.713899314403534,-0.584424436092377,-0.218739032745361
0.481830030679703,-0.245937898755073,0.853034734725952,0.316112577915192,-0.718271672725677,-0.580736875534058,-0.21657207608223
0.482586950063705,-0.245380133390427,0.853099822998047,0.313446640968323,-0.723037481307983,-0.576274812221527,-0.216507583856583
0.483392745256424,-0.24493120610714,0.852948486804962,0.312975972890854,-0.725206255912781,-0.574573159217834,-0.214447632431984
0.484032422304153,-0.244429111480713,0.852816641330719,0.31202307343483,-0.728859305381775,-0.570515751838684,-0.214284092187881
0.484635442495346,-0.243963316082954,0.852789878845215,0.309467941522598,-0.731848061084747,-0.567963004112244,-0.214581504464149
0.48515397310257,-0.243536114692688,0.852605760097504,0.30908927321434,-0.73521888256073,-0.565299987792969,-0.210602641105652
0.485944420099258,-0.243230536580086,0.852294683456421,0.308680057525635,-0.737411141395569,-0.563210129737854,-0.209131821990013
0.486516654491425,-0.24289670586586,0.852061331272125,0.307452321052551,-0.739756941795349,-0.561201810836792,-0.208050340414047
0.487144649028778,-0.242581829428673,0.851865291595459,0.307159304618835,-0.74038290977478,-0.560006141662598,-0.209476098418236
0.487696141004562,-0.248175919055939,0.849253237247467,0.337576538324356,-0.687582910060883,-0.608016908168793,-0.208776369690895
0.487437874078751,-0.246713221073151,0.850441038608551,0.332246154546738,-0.700579702854156,-0.595039308071136,-0.211491271853447
0.487645328044891,-0.245699062943459,0.849962830543518,0.329832941293716,-0.708953201770782,-0.587719678878784,-0.207802757620811
0.488411068916321,-0.244857370853424,0.849453568458557,0.32658788561821,-0.714214205741882,-0.583789706230164,-0.205981358885765
0.489041447639465,-0.24408021569252,0.848978817462921,0.323945224285126,-0.718776345252991,-0.580386698246002,-0.203889593482017
0.489605069160461,-0.243417114019394,0.84841388463974,0.320875942707062,-0.723497629165649,-0.576733469963074,-0.202405750751495
0.490268528461456,-0.242854610085487,0.847634434700012,0.321116030216217,-0.724329829216003,-0.576580762863159,-0.199463158845901
0.490886718034744,-0.242365583777428,0.847080886363983,0.319439917802811,-0.72688353061676,-0.575027227401733,-0.197338357567787
0.49148154258728,-0.241899117827415,0.846349954605103,0.319775402545929,-0.727440714836121,-0.574918866157532,-0.195043310523033
0.492166846990585,-0.241446986794472,0.845567405223846,0.319534569978714,-0.728743493556976,-0.573823928833008,-0.193795457482338
0.49278649687767,-0.241061612963676,0.844703435897827,0.319451093673706,-0.729168713092804,-0.574012100696564,-0.191767036914825
0.493530035018921,-0.240667343139648,0.843892157077789,0.320815593004227,-0.726322650909424,-0.576458692550659,-0.19294598698616
0.49399334192276,-0.240269541740417,0.843095183372498,0.318955302238464,-0.728395760059357,-0.575275182723999,-0.191744789481163
0.494842737913132,-0.245742827653885,0.839706182479858,0.348996877670288,-0.672021567821503,-0.624819695949554,-0.190232962369919
0.49513378739357,-0.244821444153786,0.841634750366211,0.346204996109009,-0.687613666057587,-0.608574986457825,-0.192265808582306
0.494996279478073,-0.243794545531273,0.83928382396698,0.347395479679108,-0.683823823928833,-0.613548696041107,-0.18777497112751
0.495550721883774,-0.243040040135384,0.838546335697174,0.342590063810349,-0.689919590950012,-0.608325600624084,-0.191267147660255
0.507448613643646,-0.208356961607933,0.822475671768188,0.132019311189651,-0.956944584846497,-0.227452412247658,-0.122855208814144
0.508295655250549,-0.207466319203377,0.820959329605103,0.140864953398705,-0.95544558763504,-0.233873978257179,-0.112178228795528
0.509211897850037,-0.209127768874168,0.820727407932281,0.139335259795189,-0.949264109134674,-0.257713496685028,-0.114311896264553
0.509353399276733,-0.206557810306549,0.81869500875473,0.143908202648163,-0.954881072044373,-0.233583971858025,-0.113715127110481
0.510903060436249,-0.207830205559731,0.818078696727753,0.147991582751274,-0.947717845439911,-0.263324052095413,-0.102907374501228
0.51110827922821,-0.206715703010559,0.816673219203949,0.153085470199585,-0.948484778404236,-0.255931317806244,-0.106963098049164
0.512311160564423,-0.205987468361854,0.815395474433899,0.159236535429955,-0.946936249732971,-0.259757906198502,-0.102379165589809
0.51287317276001,-0.205576688051224,0.814148902893066,0.160930335521698,-0.947572529315948,-0.257349967956543,-0.0998943597078323
0.513492047786713,-0.204938799142837,0.812958359718323,0.170453608036041,-0.945123493671417,-0.259860575199127,-0.100795179605484
0.513492047786713,-0.204938799142837,0.812958359718323,0.170453608036041,-0.945123493671417,-0.259860575199127,-0.100795179605484
0.516503095626831,-0.203647375106811,0.81065708398819,0.172842100262642,-0.944919109344482,-0.263068169355392,-0.0897133499383926
0.517687678337097,-0.202938094735146,0.809449851512909,0.17900849878788,-0.943253040313721,-0.264863580465317,-0.0898743495345115
0.518872141838074,-0.200272247195244,0.806970417499542,0.186462521553039,-0.946829259395599,-0.249027520418167,-0.0820453241467475
0.52021586894989,-0.201945453882217,0.807040274143219,0.184923350811005,-0.9430872797966,-0.262616038322449,-0.0861535966396331
0.52142733335495,-0.201254829764366,0.805446803569794,0.191486611962318,-0.941328883171082,-0.264881461858749,-0.0840862020850181
0.521541774272919,-0.200937300920486,0.803929507732391,0.205022305250168,-0.93754643201828,-0.267601847648621,-0.0858023762702941
0.524122774600983,-0.199626073241234,0.802309989929199,0.196058228611946,-0.943644464015961,-0.254390805959701,-0.0798857286572456
0.524122774600983,-0.199626073241234,0.802309989929199,0.196058228611946,-0.943644464015961,-0.254390805959701,-0.0798857286572456
0.525544583797455,-0.199244797229767,0.80064332485199,0.219701379537582,-0.931458532810211,-0.274643570184708,-0.0932081341743469
0.526588082313538,-0.199042841792107,0.799448907375336,0.226118788123131,-0.929221570491791,-0.276823669672012,-0.0937349647283554
0.527837872505188,-0.197898358106613,0.797567129135132,0.239140957593918,-0.925090253353119,-0.282325625419617,-0.0855112448334693
0.528757452964783,-0.197748810052872,0.79660302400589,0.246532842516899,-0.92230886220932,-0.284977316856384,-0.0857676714658737
0.531317114830017,-0.195867776870728,0.79496568441391,0.23582960665226,-0.931654930114746,-0.264795184135437,-0.0792911276221275
0.532078146934509,-0.196772992610931,0.794065475463867,0.240836024284363,-0.927806437015533,-0.273431271314621,-0.0800530314445495
0.533146023750305,-0.196540802717209,0.79323673248291,0.246026694774628,-0.926353633403778,-0.275324076414108,-0.074406698346138
0.534198105335236,-0.19564887881279,0.792502045631409,0.251928895711899,-0.926730036735535,-0.268110036849976,-0.0762904658913612
0.534967124462128,-0.196656480431557,0.791668057441711,0.255402058362961,-0.923064708709717,-0.277516812086105,-0.0755378827452659
0.534039795398712,-0.197533160448074,0.791650772094727,0.275953352451324,-0.912932872772217,-0.290020018815994,-0.0793206393718719
0.53461080789566,-0.197870954871178,0.791067242622375,0.27654755115509,-0.91240406036377,-0.289745807647705,-0.0841906368732452
0.535485148429871,-0.197882831096649,0.790461838245392,0.279707431793213,-0.911247670650482,-0.29128560423851,-0.0808947831392288
0.536000490188599,-0.198007866740227,0.789868354797363,0.283007949590683,-0.910442233085632,-0.290327876806259,-0.0819209590554237
0.536526501178741,-0.198157966136932,0.78939425945282,0.285537302494049,-0.910620331764221,-0.288675725460052,-0.0768462345004081
0.53727400302887,-0.19859978556633,0.789088487625122,0.285254687070847,-0.910698115825653,-0.288879513740539,-0.0762078911066055
0.537599146366119,-0.198950096964836,0.788861989974976,0.285599052906036,-0.910373568534851,-0.289142102003097,-0.077782817184925
0.537980794906616,-0.199032187461853,0.788667678833008,0.288653314113617,-0.908552825450897,-0.291091442108154,-0.0804798379540443
0.538265824317932,-0.199127689003944,0.788565397262573,0.290579319000244,-0.907890915870666,-0.29134875535965,-0.0800869017839431
0.538529813289642,-0.199159473180771,0.78849196434021,0.292655318975449,-0.907199621200562,-0.291679590940475,-0.0791511386632919
0.538626074790955,-0.199229016900063,0.788488447666168,0.294372081756592,-0.906690716743469,-0.291626811027527,-0.0788103193044662
0.538625180721283,-0.199304267764091,0.788532197475433,0.29534450173378,-0.90643310546875,-0.291464328765869,-0.078738123178482
0.538472771644592,-0.199400365352631,0.788640797138214,0.295695275068283,-0.90629106760025,-0.291408449411392,-0.0792591124773025
0.538153409957886,-0.199606522917747,0.788831174373627,0.295468211174011,-0.906047523021698,-0.292089611291885,-0.0803753808140754
0.537692844867706,-0.199627310037613,0.788897514343262,0.295769453048706,-0.906040251255035,-0.292050153017044,-0.0794891566038131
0.538779199123383,-0.198179125785828,0.788357794284821,0.277351438999176,-0.918643355369568,-0.272558450698852,-0.069874957203865
0.538109183311462,-0.198186218738556,0.788528680801392,0.274317979812622,-0.919264435768127,-0.273531079292297,-0.0698813945055008
0.537288904190063,-0.199613109230995,0.788916707038879,0.271265089511871,-0.916983008384705,-0.282334685325623,-0.0764517486095428
0.534930646419525,-0.200266823172569,0.789648175239563,0.287505060434341,-0.908119559288025,-0.29342046380043,-0.0810202062129974
0.534006536006927,-0.200399458408356,0.78985607624054,0.283996850252151,-0.910213887691498,-0.29098704457283,-0.0786320716142654
0.534673392772675,-0.20006263256073,0.789363265037537,0.26265025138855,-0.919872164726257,-0.280977308750153,-0.0768229812383651
0.533663034439087,-0.20072728395462,0.789556086063385,0.255504339933395,-0.922968745231628,-0.27723878622055,-0.0773648619651794
0.532354533672333,-0.201498806476593,0.790184736251831,0.258402436971664,-0.919499576091766,-0.285092294216156,-0.0804418325424194
0.531703174114227,-0.201371639966965,0.78982937335968,0.251473605632782,-0.922489941120148,-0.281052112579346,-0.0823595821857452
0.531703174114227,-0.201371639966965,0.78982937335968,0.251473605632782,-0.922489941120148,-0.281052112579346,-0.0823595821857452
0.529536783695221,-0.202369630336761,0.790001571178436,0.244789183139801,-0.92398339509964,-0.281241685152054,-0.0850645825266838
0.528436183929443,-0.202307999134064,0.790402173995972,0.2368453592062,-0.928901553153992,-0.270168036222458,-0.0897519066929817
0.527049779891968,-0.203933984041214,0.790105223655701,0.233486652374267,-0.929430782794952,-0.273598432540893,-0.082380436360836
0.525982260704041,-0.203694611787796,0.790225923061371,0.229527726769447,-0.932210385799408,-0.266553848981857,-0.0851466432213783
0.524745881557465,-0.204136610031128,0.790194392204285,0.227813124656677,-0.932583510875702,-0.26656636595726,-0.0856228545308113
0.522380411624908,-0.206580743193626,0.790989637374878,0.235701680183411,-0.924355447292328,-0.284555017948151,-0.09508066624403
0.522228538990021,-0.206979781389236,0.791150867938995,0.22238726913929,-0.928574621677399,-0.281993806362152,-0.0936631709337234
0.521796464920044,-0.206577837467194,0.790887594223022,0.227501034736633,-0.925914406776428,-0.288230687379837,-0.0885937064886093
0.520227015018463,-0.20592787861824,0.789958953857422,0.21971307694912,-0.934505879878998,-0.265306204557419,-0.0896525233983993
0.517866849899292,-0.208306550979614,0.790589809417725,0.229637503623962,-0.925282776355743,-0.285357594490051,-0.0984363257884979
0.516751766204834,-0.208520442247391,0.790438950061798,0.229097545146942,-0.925700843334198,-0.284705996513367,-0.0976446494460105
0.517169654369354,-0.206769987940788,0.789590954780579,0.215555131435394,-0.935432195663452,-0.264712661504745,-0.0918149128556251
0.516082286834717,-0.207658842206001,0.789422750473022,0.21579883992672,-0.932907223701477,-0.273093074560165,-0.0923854634165763
0.515144348144531,-0.207770019769668,0.789258897304535,0.213981479406357,-0.933687269687653,-0.272296160459518,-0.0910757258534431
0.512658715248108,-0.209450244903564,0.790398836135864,0.228723213076591,-0.923652768135071,-0.290293484926224,-0.10139574855566
0.511735141277313,-0.209235861897469,0.790150225162506,0.229511365294456,-0.923072516918182,-0.292658537626266,-0.0980463624000549
0.510869383811951,-0.209174573421478,0.789890587329865,0.228061988949776,-0.923998117446899,-0.291666984558105,-0.0956339836120605
0.511347711086273,-0.207912340760231,0.788942933082581,0.211411580443382,-0.934201538562775,-0.273307353258133,-0.0887461081147193
0.510366559028625,-0.206675305962563,0.788914024829865,0.209285423159599,-0.937578558921814,-0.263042896986008,-0.0891886129975318
0.509516894817352,-0.207093805074692,0.788946568965912,0.210584968328476,-0.934406638145447,-0.272624492645264,-0.09063271433115
0.508557796478271,-0.205845907330513,0.788723766803741,0.209687322378159,-0.937082469463348,-0.263620734214783,-0.091715469956398
0.507849633693695,-0.205515533685684,0.788597226142883,0.208519294857979,-0.937429845333099,-0.26339641213417,-0.0914734452962875
0.507636070251465,-0.205053344368935,0.788062393665314,0.213327810168266,-0.935901463031769,-0.267522305250168,-0.0837364867329597
0.507636070251465,-0.205053344368935,0.788062393665314,0.213327810168266,-0.935901463031769,-0.267522305250168,-0.0837364867329597
0.505495429039001,-0.204588532447815,0.788268208503723,0.203403457999229,-0.939132690429688,-0.262973487377167,-0.0866129994392395
0.504806637763977,-0.204135209321976,0.788374662399292,0.204178586602211,-0.938540160655975,-0.263529032468796,-0.0894757285714149
0.5041424036026,-0.204038560390472,0.788583636283875,0.202254131436348,-0.939200520515442,-0.261929869651794,-0.0915886163711547
0.503716588020325,-0.203042834997177,0.78823184967041,0.208782702684402,-0.937335014343262,-0.26559841632843,-0.0852661952376365
0.502814054489136,-0.203422680497169,0.788390278816223,0.203581944108009,-0.93923681974411,-0.2615866959095,-0.0892248675227165
0.502215683460236,-0.203358918428421,0.78834742307663,0.202544555068016,-0.939455270767212,-0.261613488197327,-0.0892078503966331
0.501657485961914,-0.20295487344265,0.78833532333374,0.205786228179932,-0.937987685203552,-0.26491379737854,-0.0874745994806289
0.500762522220612,-0.203470900654793,0.788357794284821,0.200045377016068,-0.939302742481232,-0.263119280338287,-0.0919797718524932
0.500255465507507,-0.203306213021278,0.788490533828735,0.198137447237968,-0.939454913139343,-0.264415442943573,-0.0908329412341117
0.499389708042145,-0.203527569770813,0.788505077362061,0.196343079209328,-0.939461588859558,-0.264774918556213,-0.0935718789696693
0.498502969741821,-0.204383194446564,0.788740515708923,0.188328698277473,-0.941562712192535,-0.261089831590652,-0.0991169810295105
0.498502969741821,-0.204383194446564,0.788740515708923,0.188328698277473,-0.941562712192535,-0.261089831590652,-0.0991169810295105
0.497021317481995,-0.205316945910454,0.788909077644348,0.17808623611927,-0.943672776222229,-0.259446442127228,-0.102247655391693
0.495822191238403,-0.206517845392227,0.789284527301788,0.170227080583572,-0.94521689414978,-0.256673991680145,-0.108196385204792
0.495201915502548,-0.207034200429916,0.789180994033813,0.166550427675247,-0.946283876895904,-0.256361365318298,-0.105293340981007
0.494376629590988,-0.20749682188034,0.789113640785217,0.163892894983292,-0.946436047554016,-0.257241815328598,-0.105946101248264
0.493909001350403,-0.209264799952507,0.789084851741791,0.163106426596642,-0.942532300949097,-0.272246211767197,-0.104459777474403
0.492750734090805,-0.210571885108948,0.789507627487183,0.153698086738586,-0.944276988506317,-0.267284244298935,-0.115227431058884
0.492000699043274,-0.210988208651543,0.78928405046463,0.152495548129082,-0.944397330284119,-0.267841041088104,-0.114543311297893
0.491396486759186,-0.211759626865387,0.789298057556152,0.153769269585609,-0.943468272686005,-0.270408630371094,-0.114463604986668
0.493235856294632,-0.211429625749588,0.787759482860565,0.131514310836792,-0.953829109668732,-0.249642431735992,-0.102922834455967
0.4927858710289,-0.212100937962532,0.787515163421631,0.126233026385307,-0.955785095691681,-0.244948729872703,-0.102665655314922
0.491918593645096,-0.213018253445625,0.787462830543518,0.121878772974014,-0.956521928310394,-0.242550551891327,-0.106682129204273
0.491401761770248,-0.2136410176754,0.787064909934998,0.119782656431198,-0.95803302526474,-0.238897293806076,-0.103698097169399
0.490965574979782,-0.214521080255508,0.786803305149078,0.113244660198688,-0.960293054580688,-0.231873646378517,-0.106053560972214
0.490735530853271,-0.214634746313095,0.786360144615173,0.114964380860329,-0.960253596305847,-0.231511846184731,-0.105353996157646
0.48701599240303,-0.216556176543236,0.787988185882568,0.153013348579407,-0.943684697151184,-0.2669677734375,-0.12155032902956
0.48662805557251,-0.216875836253166,0.787781119346619,0.156315550208092,-0.942759871482849,-0.268281668424606,-0.121631428599358
0.486176341772079,-0.217188522219658,0.787317454814911,0.15660984814167,-0.943235754966736,-0.266762226819992,-0.120904766023159
0.485802859067917,-0.217452734708786,0.786893784999847,0.15752899646759,-0.943087339401245,-0.26638451218605,-0.121697880327701
0.485566347837448,-0.217330932617188,0.786386132240295,0.160024836659431,-0.942812860012054,-0.26833313703537,-0.116161458194256
0.485072076320648,-0.217681184411049,0.786081671714783,0.16175489127636,-0.941998302936554,-0.269411504268646,-0.117865152657032
0.484460055828094,-0.217685878276825,0.785864949226379,0.160599082708359,-0.942529618740082,-0.265537828207016,-0.123836621642113
0.484074413776398,-0.217563226819038,0.785453975200653,0.160653159022331,-0.942848324775696,-0.264049112796783,-0.124523162841797
0.483255594968796,-0.21782074868679,0.785310804843903,0.155153274536133,-0.944307506084442,-0.259438216686249,-0.13001050055027
0.482727974653244,-0.217560291290283,0.784924030303955,0.155966907739639,-0.944082260131836,-0.259286463260651,-0.130972504615784
0.482243895530701,-0.217037111520767,0.784325897693634,0.153719022870064,-0.944909930229187,-0.257244288921356,-0.131685465574264
0.481760859489441,-0.216453030705452,0.783831536769867,0.152504667639732,-0.945522665977478,-0.255457580089569,-0.132176116108894
0.481030344963074,-0.216076254844665,0.783531308174133,0.152171775698662,-0.944850981235504,-0.257495254278183,-0.133404433727264
0.480344921350479,-0.215622007846832,0.782971441745758,0.149732932448387,-0.945554852485657,-0.257820874452591,-0.130517363548279
0.483611792325974,-0.212908923625946,0.780245840549469,0.108652494847775,-0.964200139045715,-0.214196100831032,-0.112396217882633
0.482388615608215,-0.212534859776497,0.780380129814148,0.11198116838932,-0.962558329105377,-0.217819660902023,-0.11617336422205
0.481403321027756,-0.211865216493607,0.77988600730896,0.112001061439514,-0.961904406547546,-0.221024602651596,-0.115516059100628
0.480497449636459,-0.211491674184799,0.779790759086609,0.109902858734131,-0.962155401706696,-0.219873338937759,-0.117618680000305
0.479383319616318,-0.210740849375725,0.779464781284332,0.110563553869724,-0.961532950401306,-0.221476018428802,-0.119074948132038
0.478459566831589,-0.210234105587006,0.779466986656189,0.110098980367184,-0.961097955703735,-0.223521798849106,-0.119193769991398
0.477334648370743,-0.20985934138298,0.779237151145935,0.109972640872002,-0.960996508598328,-0.225122556090355,-0.117097541689873
0.47637540102005,-0.209476888179779,0.779259204864502,0.108844771981239,-0.960645377635956,-0.225004881620407,-0.121187210083008
0.475496351718903,-0.209266901016235,0.779181957244873,0.106993086636066,-0.960932552814484,-0.224208027124405,-0.122033223509788
0.474836617708206,-0.209005251526832,0.778849601745605,0.101763240993023,-0.96173483133316,-0.224666878581047,-0.119312033057213
0.473948389291763,-0.208847597241402,0.778730392456055,0.0997116044163703,-0.961808085441589,-0.224938675761223,-0.119940094649792
0.472935140132904,-0.208804100751877,0.778680860996246,0.0998945161700248,-0.96098393201828,-0.227611735463142,-0.121340952813625
0.471778362989426,-0.208673104643822,0.778670430183411,0.0986168384552002,-0.961181640625,-0.226623922586441,-0.122663058340549
0.470970928668976,-0.208612859249115,0.778659224510193,0.098354235291481,-0.960946142673492,-0.22706712782383,-0.123893164098263
0.469993352890015,-0.208713218569755,0.778439700603485,0.0962482169270515,-0.962194502353668,-0.224320381879806,-0.120824500918388
0.469270676374435,-0.208770602941513,0.778421938419342,0.0931247472763061,-0.962402939796448,-0.224310681223869,-0.121627248823643
0.468481183052063,-0.208852782845497,0.778313875198364,0.0896360278129577,-0.962776184082031,-0.223460987210274,-0.122853085398674
0.467792958021164,-0.208693727850914,0.77823132276535,0.0871933549642562,-0.962830066680908,-0.224109917879105,-0.123004421591759
0.467191219329834,-0.2087582051754,0.778261542320251,0.0848459154367446,-0.96272224187851,-0.223237738013267,-0.127012029290199
0.466533243656158,-0.208724558353424,0.778235018253326,0.0814135372638702,-0.963093161582947,-0.222113832831383,-0.128409281373024
0.465868055820465,-0.208690375089645,0.778174996376038,0.0791942328214645,-0.96335643529892,-0.221037790179253,-0.129673719406128
0.465038985013962,-0.208554089069366,0.77815318107605,0.078194074332714,-0.963739633560181,-0.220118582248688,-0.128993093967438
0.464322209358215,-0.208483144640922,0.778163075447083,0.0745879784226417,-0.963642597198486,-0.220715939998627,-0.13082118332386
0.463431537151337,-0.208497405052185,0.778056025505066,0.0721088051795959,-0.964114427566528,-0.219435945153236,-0.130888253450394
0.462822705507278,-0.208119317889214,0.778215825557709,0.070189781486988,-0.962694048881531,-0.223258003592491,-0.135828286409378
0.462822705507278,-0.208119317889214,0.778215825557709,0.070189781486988,-0.962694048881531,-0.223258003592491,-0.135828286409378
0.461542755365372,-0.207809895277023,0.778678774833679,0.0679988786578178,-0.963656306266785,-0.218460530042648,-0.137904822826385
0.460432261228561,-0.20772011578083,0.778164982795715,0.0600728206336498,-0.962310671806335,-0.222580626606941,-0.144248381257057
0.459831416606903,-0.207657247781754,0.778128445148468,0.0562901943922042,-0.962779343128204,-0.222340047359466,-0.143011525273323
0.458918392658234,-0.207441598176956,0.778199970722198,0.0525884218513965,-0.962920665740967,-0.221611320972443,-0.144591569900513
0.457977741956711,-0.207216426730156,0.778313517570496,0.0519340336322784,-0.962288916110992,-0.222787097096443,-0.14720319211483
0.455615520477295,-0.212913230061531,0.791204154491425,0.10414882004261,-0.915426909923554,-0.347592413425446,-0.174143478274345
0.452947109937668,-0.215330243110657,0.792500078678131,0.120878025889397,-0.900250673294067,-0.37756884098053,-0.179942056536674
0.452947109937668,-0.215330243110657,0.792500078678131,0.120878025889397,-0.900250673294067,-0.37756884098053,-0.179942056536674
0.448658496141434,-0.218103140592575,0.793524920940399,0.14470998942852,-0.87567549943924,-0.417285144329071,-0.195255532860756
0.446977943181992,-0.218992039561272,0.793814122676849,0.150064513087273,-0.869376957416534,-0.42693817615509,-0.198465138673782
0.446977943181992,-0.218992039561272,0.793814122676849,0.150064513087273,-0.869376957416534,-0.42693817615509,-0.198465138673782
0.44850492477417,-0.204762533307076,0.779717683792114,0.0833294168114662,-0.954528391361237,-0.233727648854256,-0.16523802280426
0.449079990386963,-0.212199136614799,0.792148649692535,0.103371605277061,-0.911235332489014,-0.356923222541809,-0.17768007516861
0.447434365749359,-0.204491272568703,0.779639840126038,0.0799854770302772,-0.954523980617523,-0.236107245087624,-0.16352279484272
0.450576961040497,-0.205512017011642,0.778978109359741,0.0393791310489177,-0.961432099342346,-0.229008182883263,-0.147149741649628
0.450017780065536,-0.205444395542145,0.779024720191956,0.0382888577878475,-0.961894392967224,-0.228697821497917,-0.144881516695022
0.449627339839935,-0.2053212672472,0.778899788856506,0.0375641509890556,-0.962248623371124,-0.227722972631454,-0.144252896308899
0.449627339839935,-0.2053212672472,0.778899788856506,0.0375641509890556,-0.962248623371124,-0.227722972631454,-0.144252896308899
0.448036134243011,-0.211214542388916,0.791279554367065,0.0853393003344535,-0.917393624782562,-0.349754095077515,-0.169641479849815
0.446233570575714,-0.204504013061523,0.780294060707092,0.0707038044929504,-0.95432436466217,-0.244389027357101,-0.156652301549911
0.448789864778519,-0.205116704106331,0.778686761856079,0.0392568036913871,-0.96178936958313,-0.231309443712234,-0.14112463593483
0.44867542386055,-0.205032646656036,0.778626680374146,0.0403463207185268,-0.96211838722229,-0.231984615325928,-0.137418553233147
0.448735058307648,-0.204986602067947,0.77846372127533,0.0415900982916355,-0.962424695491791,-0.232707127928734,-0.133628219366074
0.448773115873337,-0.204924881458282,0.778334558010101,0.0431945398449897,-0.962076187133789,-0.234445556998253,-0.132586374878883
0.448870122432709,-0.204930365085602,0.778220295906067,0.0443533398211002,-0.961489737033844,-0.235730811953545,-0.134169667959213
0.449103802442551,-0.204880535602569,0.778149425983429,0.0456796884536743,-0.960491955280304,-0.238277107477188,-0.13635578751564
0.449203372001648,-0.204943656921387,0.778129160404205,0.0478165037930011,-0.959771156311035,-0.240566313266754,-0.136677026748657
0.449527829885483,-0.204970896244049,0.777901947498322,0.0492475554347038,-0.959431290626526,-0.242076575756073,-0.135887518525124
0.449946522712708,-0.205004990100861,0.777627468109131,0.0506102740764617,-0.959137201309204,-0.243639126420021,-0.134664073586464
0.450484067201614,-0.205022618174553,0.777395069599152,0.0521540902554988,-0.958955466747284,-0.244798049330711,-0.133260667324066
0.450484067201614,-0.205022618174553,0.777395069599152,0.0521540902554988,-0.958955466747284,-0.244798049330711,-0.133260667324066
0.449763625860214,-0.206021457910538,0.777957618236542,0.0759987160563469,-0.9497429728508,-0.268210560083389,-0.142392754554749
0.450333893299103,-0.206159591674805,0.777753055095673,0.0788394063711166,-0.948950171470642,-0.269305527210236,-0.144057363271713
0.452942758798599,-0.205706194043159,0.776276469230652,0.0582638755440712,-0.958375811576843,-0.246212378144264,-0.132292091846466
0.453642278909683,-0.205782800912857,0.775887489318848,0.0615471601486206,-0.957315623760223,-0.249065533280373,-0.133135721087456
0.45228910446167,-0.205491572618484,0.776813685894012,0.0863635167479515,-0.951980471611023,-0.257412731647491,-0.141469299793243
0.452875226736069,-0.20569483935833,0.776475846767426,0.0889033824205398,-0.951007664203644,-0.259406924247742,-0.142788276076317
0.453496277332306,-0.205850422382355,0.776228189468384,0.0918457433581352,-0.951220571994782,-0.259497076272964,-0.13930307328701
0.454124420881271,-0.207574918866158,0.775854468345642,0.0895378291606903,-0.947814524173737,-0.27242910861969,-0.139331191778183
0.454713732004166,-0.207790017127991,0.775443971157074,0.092147096991539,-0.947536885738373,-0.273801803588867,-0.136803939938545
0.457257479429245,-0.207203179597855,0.773723483085632,0.0645770579576492,-0.95449960231781,-0.260096460580826,-0.130805268883705
0.45581266283989,-0.207001745700836,0.774811625480652,0.0896335914731025,-0.948762774467468,-0.268040388822555,-0.141313269734383
0.458530426025391,-0.207952588796616,0.773133635520935,0.0661905407905578,-0.955212950706482,-0.258330643177032,-0.128266900777817
0.459061414003372,-0.208285093307495,0.772824764251709,0.0673330724239349,-0.955136299133301,-0.258610963821411,-0.127676844596863
0.459529310464859,-0.208691954612732,0.772451519966125,0.0732434764504432,-0.956439256668091,-0.253331810235977,-0.12522928416729
0.457886695861816,-0.209827035665512,0.7735356092453,0.0981870666146278,-0.945985555648804,-0.277598202228546,-0.135682761669159
0.458373576402664,-0.210188925266266,0.77303159236908,0.0902065932750701,-0.944017350673676,-0.285014897584915,-0.139501348137856
0.458978086709976,-0.210616409778595,0.772931098937988,0.0927568674087524,-0.944293260574341,-0.283625781536102,-0.138790383934975
0.459523200988769,-0.211039140820503,0.772869527339935,0.0969921648502349,-0.944152414798737,-0.282954961061478,-0.138221561908722
0.462002605199814,-0.210926204919815,0.771115064620972,0.0753792077302932,-0.956949174404144,-0.253956615924835,-0.118627645075321
0.462550699710846,-0.211333274841309,0.771094679832458,0.0763099715113639,-0.95645135641098,-0.254748463630676,-0.120337218046188
0.462931305170059,-0.211776524782181,0.771045088768005,0.0771888643503189,-0.956174790859222,-0.255155622959137,-0.121109038591385
0.463456302881241,-0.212219953536987,0.770947515964508,0.0792412683367729,-0.956147611141205,-0.254790008068085,-0.120767876505852
0.463912427425385,-0.212578415870667,0.770974636077881,0.0817402228713035,-0.955754399299622,-0.256154149770737,-0.11931835860014
0.464613616466522,-0.213394030928612,0.770819902420044,0.0800273567438125,-0.957011103630066,-0.253303945064545,-0.116459101438522
0.465372979640961,-0.213989973068237,0.770818293094635,0.0784969851374626,-0.95671546459198,-0.254698604345322,-0.116884239017963
0.466006845235825,-0.21449613571167,0.770829558372498,0.0800062865018844,-0.956630647182465,-0.254748910665512,-0.116447299718857
0.466532915830612,-0.215099304914474,0.770919799804688,0.081428550183773,-0.956913709640503,-0.253326326608658,-0.116239570081234
0.46717780828476,-0.215620815753937,0.770942866802216,0.0830748751759529,-0.957189559936523,-0.252491384744644,-0.114608108997345
0.467765420675278,-0.216189056634903,0.770954668521881,0.0834612995386123,-0.957260608673096,-0.252869129180908,-0.112886823713779
0.468818455934524,-0.217107594013214,0.770868837833405,0.0807773098349571,-0.957905530929565,-0.25157156586647,-0.112266004085541
0.469457864761352,-0.217712089419365,0.770829737186432,0.0802263468503952,-0.958520591259003,-0.249948635697365,-0.111032158136368
0.4698705971241,-0.218428403139114,0.770732343196869,0.0815501511096954,-0.959648191928864,-0.246519416570663,-0.107950620353222
0.470481127500534,-0.219061896204948,0.77075058221817,0.0833507478237152,-0.960026741027832,-0.245195046067238,-0.106210276484489
0.471369534730911,-0.219742089509964,0.770638823509216,0.0801073685288429,-0.961286008358002,-0.242262899875641,-0.104024045169353
0.468446463346481,-0.222350090742111,0.772852420806885,0.116657480597496,-0.943999409675598,-0.283731430768967,-0.121461428701878
0.468951970338821,-0.223004087805748,0.773014485836029,0.118920534849167,-0.943228185176849,-0.284440994262695,-0.123579308390617
0.469371050596237,-0.223686575889587,0.773056745529175,0.120152808725834,-0.943528234958649,-0.282739609479904,-0.123999074101448
0.469758838415146,-0.224490255117416,0.772846221923828,0.120641648769379,-0.944188892841339,-0.281514257192612,-0.121255859732628
0.470297425985336,-0.225181311368942,0.772830367088318,0.12231931835413,-0.943444311618805,-0.283634960651398,-0.120425701141357
0.470297425985336,-0.225181311368942,0.772830367088318,0.12231931835413,-0.943444311618805,-0.283634960651398,-0.120425701141357
0.471431404352188,-0.226659789681435,0.772759199142456,0.121500805020332,-0.944008588790894,-0.282085746526718,-0.120470426976681
0.471912980079651,-0.227284103631973,0.772664546966553,0.123448006808758,-0.943826735019684,-0.281842172145844,-0.120485417544842
0.472373098134995,-0.227693900465965,0.772674798965454,0.124578006565571,-0.943028151988983,-0.282348752021789,-0.124329850077629
0.472794234752655,-0.228224605321884,0.772558271884918,0.125844836235046,-0.942482113838196,-0.283207416534424,-0.125237613916397
0.47306951880455,-0.228796496987343,0.772341370582581,0.125680923461914,-0.942620277404785,-0.283690720796585,-0.123253084719181
0.47345769405365,-0.229538828134537,0.772288203239441,0.125275939702988,-0.941909372806549,-0.285823076963425,-0.124168880283832
0.473793148994446,-0.229863211512566,0.772337913513184,0.126459300518036,-0.941205263137817,-0.28619721531868,-0.127404183149338
0.473975419998169,-0.230183333158493,0.772210776805878,0.127246767282486,-0.941105365753174,-0.285688459873199,-0.128496468067169
0.474145770072937,-0.230464935302734,0.77214378118515,0.128231823444366,-0.941118717193604,-0.284720033407211,-0.129562616348267
0.474237829446793,-0.230653375387192,0.771940588951111,0.128427103161812,-0.941455185413361,-0.283505976200104,-0.129588395357132
0.474282950162888,-0.230976641178131,0.771854817867279,0.128009855747223,-0.941551685333252,-0.283046454191208,-0.130302965641022
0.474142581224441,-0.231322765350342,0.771610856056213,0.127993181347847,-0.942337453365326,-0.281694412231445,-0.127541214227676
0.474052399396896,-0.231591567397118,0.771681308746338,0.127694368362427,-0.941838562488556,-0.282136797904968,-0.130509227514267
0.473818510770798,-0.231754809617996,0.771637856960297,0.127098113298416,-0.942096590995789,-0.281474709510803,-0.130661711096764
0.473499476909637,-0.231908857822418,0.771578192710876,0.12592040002346,-0.942334353923798,-0.280999809503555,-0.131107702851295
0.473182439804077,-0.232045769691467,0.771545171737671,0.125107079744339,-0.942406952381134,-0.281130164861679,-0.131085351109505
0.472820341587067,-0.232181042432785,0.771525979042053,0.123995900154114,-0.942454099655151,-0.281514436006546,-0.130976289510727
0.472106277942657,-0.232538744807243,0.771597027778625,0.123146012425423,-0.941570222377777,-0.284181863069534,-0.132369354367256
0.471472442150116,-0.232808828353882,0.771508574485779,0.119053982198238,-0.943122386932373,-0.281821191310883,-0.130087926983833
0.471079975366592,-0.232880339026451,0.771593928337097,0.116939805448055,-0.943186283111572,-0.282242357730865,-0.130631074309349
0.470687210559845,-0.232959792017937,0.771779537200928,0.115778543055057,-0.942583918571472,-0.28349757194519,-0.13326621055603
0.470130234956741,-0.23316964507103,0.771863281726837,0.113505482673645,-0.942694842815399,-0.283508211374283,-0.134410843253136
0.469429850578308,-0.233489781618118,0.772099494934082,0.113815650343895,-0.941430747509003,-0.286514490842819,-0.136615514755249
0.469101577997208,-0.233568444848061,0.77269572019577,0.116163685917854,-0.942986190319061,-0.280296981334686,-0.136809125542641
0.468386024236679,-0.23396709561348,0.772266447544098,0.1104716360569,-0.942530691623688,-0.285038203001022,-0.134853214025497
0.467819035053253,-0.234240993857384,0.772417843341827,0.109980992972851,-0.942345082759857,-0.285458236932755,-0.135660424828529
0.46710205078125,-0.234444782137871,0.772556066513062,0.110620506107807,-0.941397368907928,-0.288023203611374,-0.136297136545181
0.466731458902359,-0.234921306371689,0.772732138633728,0.107858754694462,-0.942050039768219,-0.286828577518463,-0.136520817875862
0.466217279434204,-0.235330685973167,0.772785305976868,0.106319092214107,-0.943613946437836,-0.284450560808182,-0.131820902228355
0.465613573789597,-0.235789373517036,0.773025035858154,0.108669362962246,-0.941978812217712,-0.288424044847488,-0.132960259914398
0.465200245380402,-0.236119851469994,0.773174285888672,0.106980547308922,-0.942293584346771,-0.287712842226028,-0.13363778591156
0.465117990970612,-0.236242532730103,0.773660659790039,0.105870440602302,-0.941143751144409,-0.290352642536163,-0.136877968907356
0.464800924062729,-0.236671075224876,0.773814558982849,0.103070601820946,-0.940991759300232,-0.291375875473022,-0.137881085276604
0.464513391256332,-0.237159103155136,0.77381032705307,0.105247780680656,-0.942283630371094,-0.288428127765656,-0.133542716503143
0.464513391256332,-0.237159103155136,0.77381032705307,0.105247780680656,-0.942283630371094,-0.288428127765656,-0.133542716503143
0.463937371969223,-0.23816205561161,0.774242281913757,0.107177637517452,-0.941394984722138,-0.291070491075516,-0.132539138197899
0.463866174221039,-0.238580211997032,0.77446836233139,0.107639156281948,-0.94133460521698,-0.291686475276947,-0.131232857704163
0.463871121406555,-0.239105015993118,0.77457857131958,0.108866393566131,-0.940970361232758,-0.293080657720566,-0.129717960953712
0.463958352804184,-0.239667683839798,0.774678945541382,0.110240660607815,-0.94060480594635,-0.29467636346817,-0.127574041485786
0.464234083890915,-0.240446373820305,0.774923205375671,0.111163891851902,-0.940327882766724,-0.295679479837418,-0.126490533351898
0.464508205652237,-0.241127163171768,0.775061130523682,0.113750979304314,-0.940298557281494,-0.296743929386139,-0.121829837560654
0.464755207300186,-0.241678521037102,0.775032043457031,0.116151966154575,-0.939622044563294,-0.298704832792282,-0.119977675378323
0.465046614408493,-0.242205917835236,0.77509331703186,0.117498137056828,-0.939722895622253,-0.29897266626358,-0.117177382111549
0.465380191802979,-0.24293926358223,0.775088310241699,0.118518523871899,-0.940197169780731,-0.298631727695465,-0.113145500421524
0.465380191802979,-0.24293926358223,0.775088310241699,0.118518523871899,-0.940197169780731,-0.298631727695465,-0.113145500421524
0.46656209230423,-0.244157254695892,0.7755406498909,0.124946877360344,-0.937981605529785,-0.303553998470306,-0.111507602035999
0.467227786779404,-0.245045870542526,0.775427103042603,0.126572728157043,-0.937253952026367,-0.305518567562103,-0.110421665012836
0.467864692211151,-0.245611727237701,0.775278270244598,0.128895610570908,-0.937398314476013,-0.306166619062424,-0.104558564722538
0.468626499176025,-0.246315836906433,0.775393545627594,0.132509678602219,-0.936275362968445,-0.307112455368042,-0.107293233275413
0.469854176044464,-0.24705782532692,0.77525919675827,0.134290724992752,-0.936252474784851,-0.307527780532837,-0.104039169847965
0.470606625080109,-0.247953101992607,0.774980962276459,0.135752916336059,-0.936328291893005,-0.308198541402817,-0.0993696376681327
0.471711665391922,-0.24852266907692,0.774933755397797,0.141366332769394,-0.934827208518982,-0.309912711381912,-0.1003378033638
0.472726404666901,-0.249371662735939,0.774939596652985,0.144865646958351,-0.934017241001129,-0.311038345098495,-0.0994045436382293
0.474102258682251,-0.250041455030441,0.774494528770447,0.148296430706978,-0.932610392570496,-0.314619064331055,-0.0962327793240547
0.474102258682251,-0.250041455030441,0.774494528770447,0.148296430706978,-0.932610392570496,-0.314619064331055,-0.0962327793240547
0.477082759141922,-0.251428008079529,0.774736166000366,0.16499750316143,-0.934908092021942,-0.301012873649597,-0.0900779739022255
0.480924159288406,-0.262073904275894,0.781871676445007,0.180594682693481,-0.871663212776184,-0.44591611623764,-0.0935300141572952
0.480038583278656,-0.264227360486984,0.785731911659241,0.213452145457268,-0.850739479064941,-0.467708885669708,-0.109220243990421
0.480699628591537,-0.2661974132061,0.785795450210571,0.227476164698601,-0.840497255325317,-0.480483084917068,-0.10466767847538
0.482700496912003,-0.255212187767029,0.772733688354492,0.169777452945709,-0.929511606693268,-0.317369490861893,-0.0803766623139381
0.484168767929077,-0.255943119525909,0.772500991821289,0.173930406570434,-0.929231286048889,-0.315664350986481,-0.0814461484551429
0.485923826694489,-0.256648302078247,0.772030055522919,0.177419707179069,-0.927995264530182,-0.317731350660324,-0.0799632593989372
0.48764830827713,-0.257334262132645,0.771805346012115,0.185324355959892,-0.924870908260346,-0.32239231467247,-0.0795755237340927
0.489409893751144,-0.258021384477615,0.771077871322632,0.186914965510368,-0.925107538700104,-0.32135409116745,-0.0772685185074806
0.493157356977463,-0.265041410923004,0.78202623128891,0.225208967924118,-0.868888139724731,-0.432323783636093,-0.0860845148563385
0.494458615779877,-0.260317087173462,0.767826557159424,0.177081704139709,-0.929227113723755,-0.317254483699799,-0.0672946795821189
0.495906919240951,-0.260572910308838,0.767712116241455,0.187961846590042,-0.927557051181793,-0.315386921167374,-0.069567009806633
0.497351199388504,-0.260877907276154,0.767432332038879,0.197725847363472,-0.926243841648102,-0.3127121925354,-0.0720284283161163
0.499430030584335,-0.262260258197784,0.769037067890167,0.206517338752746,-0.920017838478088,-0.323736995458603,-0.0781814604997634
0.501629054546356,-0.262785673141479,0.768366873264313,0.214459493756294,-0.916448473930359,-0.329624831676483,-0.0740050971508026
0.505996525287628,-0.269673645496368,0.779086112976074,0.251960426568985,-0.858783543109894,-0.439090728759766,-0.0787813812494278
0.507747232913971,-0.27314567565918,0.779253661632538,0.267685651779175,-0.838668167591095,-0.467319011688232,-0.0811969637870788
0.509552896022797,-0.275870323181152,0.779009103775024,0.283492237329483,-0.821892738342285,-0.487329244613647,-0.0814568027853965
0.511556386947632,-0.278201669454575,0.778706908226013,0.295298635959625,-0.807747006416321,-0.503406643867493,-0.083218902349472
0.513787388801575,-0.280253708362579,0.778214573860168,0.303652614355087,-0.79877907037735,-0.512463867664337,-0.0844252258539199
0.51615834236145,-0.281975209712982,0.777610003948212,0.312902301549911,-0.788131296634674,-0.522800326347351,-0.0872977450489997
0.516983270645142,-0.268122404813766,0.764650642871857,0.265431076288223,-0.896534979343414,-0.347671300172806,-0.0699732229113578
0.519390225410461,-0.268659710884094,0.764082908630371,0.271848738193512,-0.893889844417572,-0.349201589822769,-0.0715339183807373
0.521838188171387,-0.269252389669418,0.763371348381042,0.278352469205856,-0.891757071018219,-0.349985092878342,-0.0692823380231857
0.524291157722473,-0.269874751567841,0.762780845165253,0.28448486328125,-0.890202343463898,-0.350136190652847,-0.063348039984703
0.527732968330383,-0.269657105207443,0.761497497558594,0.277869194746017,-0.896789848804474,-0.339677512645721,-0.0563575662672519
0.529833614826202,-0.270832926034927,0.761471152305603,0.288510501384735,-0.890368402004242,-0.347532242536545,-0.056808590888977
0.531394243240356,-0.27143931388855,0.761102318763733,0.299592435359955,-0.885612308979034,-0.349165618419647,-0.0633943006396293
0.531394243240356,-0.27143931388855,0.761102318763733,0.299592435359955,-0.885612308979034,-0.349165618419647,-0.0633943006396293
0.53652024269104,-0.272572129964828,0.759915828704834,0.30770793557167,-0.883354842662811,-0.34892401099205,-0.0570252276957035
0.539210617542267,-0.272925406694412,0.759270668029785,0.313833832740784,-0.880439519882202,-0.350871920585632,-0.056775975972414
0.542214751243591,-0.27334064245224,0.758820116519928,0.314805716276169,-0.88049304485321,-0.350354433059692,-0.0536791794002056
0.545549392700195,-0.27537590265274,0.75940203666687,0.32075360417366,-0.869485974311829,-0.372401416301727,-0.0492805019021034
0.547788023948669,-0.275599092245102,0.75872129201889,0.324720203876495,-0.870152294635773,-0.36790207028389,-0.0451625846326351
0.550126314163208,-0.275962203741074,0.758265912532806,0.327680855989456,-0.870290577411652,-0.364971995353699,-0.0448911115527153
0.552632808685303,-0.275940895080566,0.757697761058807,0.333228796720505,-0.868918597698212,-0.362971693277359,-0.0468056984245777
0.554912447929382,-0.276032835245132,0.757276773452759,0.336565434932709,-0.870190918445587,-0.35712057352066,-0.0442324057221412
0.556531369686127,-0.275844395160675,0.756336033344269,0.343071132898331,-0.871237277984619,-0.347806125879288,-0.0477362349629402
0.559389293193817,-0.275587618350983,0.755904912948608,0.343163132667542,-0.874209880828857,-0.340475350618362,-0.0455292798578739
0.560977637767792,-0.275509238243103,0.755406975746155,0.353078812360763,-0.872445523738861,-0.334197908639908,-0.0498610436916351
0.564486026763916,-0.276757389307022,0.755193829536438,0.349790960550308,-0.869410932064056,-0.345995187759399,-0.0453711934387683
0.567168593406677,-0.27714130282402,0.754969716072083,0.352889031171799,-0.867850482463837,-0.346704989671707,-0.045835830271244
0.569659292697906,-0.277288168668747,0.754610180854797,0.35731229186058,-0.866128921508789,-0.346434265375137,-0.0461719892919063
0.572368204593658,-0.277289539575577,0.754343032836914,0.362160414457321,-0.864239573478699,-0.346278101205826,-0.0449616350233554
0.575012981891632,-0.277611821889877,0.754020988941193,0.364314526319504,-0.862910628318787,-0.34720253944397,-0.0459405295550823
0.577392578125,-0.277634143829346,0.753686249256134,0.369063228368759,-0.861623406410217,-0.345266163349152,-0.0467860512435436
0.577392578125,-0.277634143829346,0.753686249256134,0.369063228368759,-0.861623406410217,-0.345266163349152,-0.0467860512435436
0.582528173923492,-0.277937859296799,0.753097951412201,0.374571233987808,-0.85905247926712,-0.345656871795654,-0.0474005453288555
0.582528173923492,-0.277937859296799,0.753097951412201,0.374571233987808,-0.85905247926712,-0.345656871795654,-0.0474005453288555
0.587815046310425,-0.277328789234161,0.751799821853638,0.374663800001144,-0.86303985118866,-0.335660874843597,-0.0460587963461875
0.590327441692352,-0.277337163686752,0.751621603965759,0.377645611763,-0.862223565578461,-0.334257692098617,-0.0471801683306694
0.592771351337433,-0.277386069297791,0.751328945159912,0.380882769823074,-0.861139237880707,-0.333332926034927,-0.0475071370601654
0.594893991947174,-0.279136061668396,0.752197921276093,0.38195925951004,-0.857400834560394,-0.339790374040604,-0.0592750124633312
0.597004592418671,-0.278249740600586,0.751431822776794,0.394814431667328,-0.84980446100235,-0.345083385705948,-0.0535852424800396
0.59949404001236,-0.278079152107239,0.751136124134064,0.397173762321472,-0.849401295185089,-0.343744844198227,-0.0510893948376178
0.60210394859314,-0.278637409210205,0.751487135887146,0.394276648759842,-0.852007448673248,-0.339392751455307,-0.0586674399673938
0.604620337486267,-0.278194397687912,0.750793695449829,0.391223937273026,-0.856832921504974,-0.330431520938873,-0.0599692836403846
0.606440782546997,-0.277274966239929,0.749847054481506,0.400547713041305,-0.852058589458466,-0.332796603441238,-0.052954938262701
0.60897421836853,-0.278172224760055,0.750277638435364,0.394336611032486,-0.856243908405304,-0.327566415071487,-0.0636011287569999
0.610726535320282,-0.277061760425568,0.749433517456055,0.40672555565834,-0.849317312240601,-0.331968247890472,-0.0550606288015842
0.612964630126953,-0.276943564414978,0.749292016029358,0.409727036952972,-0.847055494785309,-0.333296269178391,-0.0594506785273551
0.615320563316345,-0.277504235506058,0.749767005443573,0.403802484273911,-0.851134955883026,-0.328804522752762,-0.0663352757692337
0.617242038249969,-0.277459442615509,0.749578654766083,0.403993487358093,-0.851754248142242,-0.326389849185944,-0.0690922439098358
0.619240403175354,-0.277223855257034,0.749672055244446,0.405824154615402,-0.851105272769928,-0.325496166944504,-0.0705625191330909
0.621108174324036,-0.277047038078308,0.749529242515564,0.408362120389938,-0.84942638874054,-0.326396942138672,-0.0719732195138931
0.622747182846069,-0.27528589963913,0.74865984916687,0.416882544755936,-0.846423447132111,-0.325460523366928,-0.0620645321905612
0.624830305576324,-0.275758802890778,0.749242305755615,0.412630468606949,-0.849289059638977,-0.321509629487991,-0.0712455436587333
0.626257419586182,-0.275775641202927,0.749135255813599,0.414860367774963,-0.848619341850281,-0.319763004779816,-0.0740779265761375
0.627863943576813,-0.275602340698242,0.749080061912537,0.416543185710907,-0.847504794597626,-0.320351958274841,-0.0748469978570938
0.629515767097473,-0.275068640708923,0.749012887477875,0.419933676719666,-0.844990491867065,-0.322083562612534,-0.0768702402710914
0.63067489862442,-0.274084150791168,0.748257339000702,0.427375644445419,-0.84121036529541,-0.324495255947113,-0.0664654746651649
0.632228553295135,-0.274571597576141,0.748973608016968,0.42288202047348,-0.844346582889557,-0.320227980613708,-0.0755239203572273
0.633379220962524,-0.274561017751694,0.748889207839966,0.423511564731598,-0.844211459159851,-0.319169342517853,-0.0779468417167663
0.634498715400696,-0.274388700723648,0.748993754386902,0.425534695386887,-0.842675268650055,-0.320595026016235,-0.0777027904987335
0.635580778121948,-0.274138063192367,0.749066829681396,0.427417188882828,-0.841895639896393,-0.319903641939163,-0.0786638781428337
0.636472880840302,-0.273865282535553,0.749044418334961,0.428162604570389,-0.841933846473694,-0.318646848201752,-0.0792994126677513
0.637240529060364,-0.27403312921524,0.749008059501648,0.432436406612396,-0.837544918060303,-0.323405504226685,-0.0832243487238884
0.638129591941833,-0.273343980312347,0.749118804931641,0.430035203695297,-0.840860486030579,-0.318570584058762,-0.0808468982577323
0.638129591941833,-0.273343980312347,0.749118804931641,0.430035203695297,-0.840860486030579,-0.318570584058762,-0.0808468982577323
0.639131307601929,-0.271963179111481,0.74849945306778,0.439211010932922,-0.834888994693756,-0.324050307273865,-0.0710332617163658
0.639776766300201,-0.271615922451019,0.748570084571838,0.442394614219666,-0.83232194185257,-0.325741946697235,-0.0736167430877685
0.640180766582489,-0.27256652712822,0.749302566051483,0.432223796844482,-0.83887130022049,-0.320285558700562,-0.0830355435609817
0.640453934669495,-0.272369652986526,0.749350368976593,0.432809233665466,-0.838529706001282,-0.320388674736023,-0.0830389931797981
0.640624642372131,-0.272209316492081,0.749456524848938,0.433061152696609,-0.838320970535278,-0.320530325174332,-0.0832836925983429
0.640748679637909,-0.272043079137802,0.749565005302429,0.43319308757782,-0.838206350803375,-0.320634365081787,-0.0833514779806137
0.640743136405945,-0.271898984909058,0.749679088592529,0.433206796646118,-0.838090538978577,-0.320819348096847,-0.083731785416603
0.640656232833862,-0.271788656711578,0.749796032905579,0.433147549629211,-0.83798885345459,-0.321077316999435,-0.0840669795870781
0.640453279018402,-0.271727323532104,0.749952495098114,0.432733088731766,-0.838021159172058,-0.32131227850914,-0.0849770754575729
0.640240967273712,-0.270619064569473,0.749310374259949,0.442392200231552,-0.832255184650421,-0.325967013835907,-0.0733903497457504
0.639930903911591,-0.270580947399139,0.749444484710693,0.441960662603378,-0.832468569278717,-0.325996071100235,-0.0734412521123886
0.639483153820038,-0.271651953458786,0.750324487686157,0.431340605020523,-0.838652849197388,-0.321563839912414,-0.0848749950528144
0.638958692550659,-0.271729797124863,0.750473380088806,0.430538982152939,-0.838770687580109,-0.322371751070023,-0.0847125351428985
0.638098537921906,-0.272418588399887,0.750603437423706,0.434806674718857,-0.834342420101166,-0.327763706445694,-0.0859464555978775
0.637490749359131,-0.272491812705994,0.750760197639465,0.434185564517975,-0.834715723991394,-0.327793896198273,-0.0853442996740341
0.636741518974304,-0.272597879171371,0.750898361206055,0.433164149522781,-0.835161924362183,-0.328155070543289,-0.0847799554467201
0.635922253131866,-0.272785425186157,0.75111335515976,0.432662189006805,-0.835377812385559,-0.328096866607666,-0.0854405090212822
0.635194301605225,-0.272335976362228,0.751387357711792,0.426594763994217,-0.840845882892609,-0.322043299674988,-0.0853434056043624
0.633764028549194,-0.273814052343368,0.752040505409241,0.43715837597847,-0.82889723777771,-0.337435334920883,-0.089215949177742
0.632954359054565,-0.272908568382263,0.751715183258057,0.428353101015091,-0.839399337768555,-0.323443353176117,-0.0854813233017921
0.631955623626709,-0.273626059293747,0.752036213874817,0.430076628923416,-0.83644038438797,-0.329040735960007,-0.0844617113471031
0.631955623626709,-0.273626059293747,0.752036213874817,0.430076628923416,-0.83644038438797,-0.329040735960007,-0.0844617113471031
0.629760146141052,-0.274249792098999,0.752613127231598,0.427741587162018,-0.838229179382324,-0.327838718891144,-0.0832517445087432
0.628764688968658,-0.272925108671188,0.752416610717773,0.43319234251976,-0.836613535881042,-0.327705442905426,-0.0709320902824401
0.627617001533508,-0.274188548326492,0.753332853317261,0.424733757972717,-0.841457366943359,-0.324324697256088,-0.0797756090760231
0.626281023025513,-0.274739593267441,0.753746509552002,0.422921150922775,-0.842734456062317,-0.323075622320175,-0.0809843763709068
0.625069558620453,-0.275158405303955,0.754022240638733,0.420159071683884,-0.843903064727783,-0.323737382888794,-0.0805481374263763
0.623885869979858,-0.275337666273117,0.754250049591064,0.421981692314148,-0.842188894748688,-0.325639933347702,-0.0812895447015762
0.623885869979858,-0.275337666273117,0.754250049591064,0.421981692314148,-0.842188894748688,-0.325639933347702,-0.0812895447015762
0.621079504489899,-0.277148067951202,0.755209982395172,0.421014398336411,-0.840265274047852,-0.331635504961014,-0.0819705799221992
0.619943737983704,-0.277052223682404,0.75553572177887,0.415130615234375,-0.845691621303558,-0.32623153924942,-0.0777533948421478
0.618047654628754,-0.278808981180191,0.756118774414062,0.423662513494492,-0.835860311985016,-0.340229034423828,-0.0780508294701576
0.616756796836853,-0.279190093278885,0.75666606426239,0.423087298870087,-0.836252391338348,-0.339304774999618,-0.0809425413608551
0.615753293037415,-0.278427630662918,0.756564259529114,0.412640631198883,-0.847576916217804,-0.324776351451874,-0.0765611082315445
0.614375352859497,-0.27892255783081,0.756835699081421,0.410988599061966,-0.848723948001862,-0.32415696978569,-0.0753544569015502
0.612700819969177,-0.278558999300003,0.756422996520996,0.419230490922928,-0.84393697977066,-0.328464359045029,-0.064244620501995
0.612700819969177,-0.278558999300003,0.756422996520996,0.419230490922928,-0.84393697977066,-0.328464359045029,-0.064244620501995
0.610246777534485,-0.281271666288376,0.757650375366211,0.410787552595138,-0.846859633922577,-0.329681932926178,-0.0734332129359245
0.609112858772278,-0.281237304210663,0.75823187828064,0.405554831027985,-0.851692795753479,-0.323595553636551,-0.0736931934952735
0.607626080513,-0.282384008169174,0.758419394493103,0.407215565443039,-0.849277973175049,-0.327834099531174,-0.0736712664365768
0.607626080513,-0.282384008169174,0.758419394493103,0.407215565443039,-0.849277973175049,-0.327834099531174,-0.0736712664365768
0.60535591840744,-0.283017694950104,0.758978009223938,0.403914093971252,-0.852510094642639,-0.324346125125885,-0.0698533430695533
0.604098260402679,-0.283880621194839,0.759212374687195,0.401331663131714,-0.85414731502533,-0.322827607393265,-0.0717460587620735
0.602964699268341,-0.284314095973969,0.759288668632507,0.402129411697388,-0.853666961193085,-0.323797434568405,-0.0685586109757423
0.601405918598175,-0.284319460391998,0.758776903152466,0.408065557479858,-0.849896132946014,-0.328116774559021,-0.0591503381729126
0.600611746311188,-0.286138355731964,0.759671330451965,0.398748129606247,-0.855070650577545,-0.324126034975052,-0.0692562609910965
0.599391877651215,-0.287210673093796,0.759705007076263,0.401794970035553,-0.851805150508881,-0.328616440296173,-0.0707099214196205
0.598518848419189,-0.287493109703064,0.759924829006195,0.39652407169342,-0.856763541698456,-0.32291117310524,-0.0667337030172348
0.597244560718536,-0.28700265288353,0.759397327899933,0.406886219978333,-0.851226150989532,-0.326889216899872,-0.054781686514616
0.596498012542725,-0.288504928350449,0.760192513465881,0.398726910352707,-0.856457233428955,-0.321790933609009,-0.0628356263041496
0.595208346843719,-0.289791613817215,0.760246396064758,0.402714312076569,-0.852400362491608,-0.32770699262619,-0.0619944967329502
0.594241082668304,-0.290386378765106,0.760255098342896,0.403014123439789,-0.852738201618195,-0.326692670583725,-0.060738019645214
0.593234419822693,-0.291253685951233,0.760437846183777,0.399484425783157,-0.854764997959137,-0.325416475534439,-0.0623949654400348
0.591809213161469,-0.29244339466095,0.761019945144653,0.406469017267227,-0.847940802574158,-0.334556251764297,-0.06205989792943
0.590790390968323,-0.292949348688126,0.760887742042542,0.406991451978683,-0.847723960876465,-0.334693372249603,-0.060848444700241
0.58993273973465,-0.292288273572922,0.760291278362274,0.400116771459579,-0.856394290924072,-0.320987433195114,-0.0588459111750125
0.588738679885864,-0.293857246637344,0.760941684246063,0.407065153121948,-0.847519040107727,-0.335618227720261,-0.0580501556396484
0.587728977203369,-0.2939612865448,0.761071264743805,0.408724695444107,-0.846567273139954,-0.336404830217361,-0.0556740760803222
0.586572170257568,-0.294321447610855,0.761219918727875,0.408108562231064,-0.846953868865967,-0.336106568574905,-0.0561161749064922
0.585471034049988,-0.294719487428665,0.761326014995575,0.404992133378982,-0.848999083042145,-0.334519654512405,-0.0572607778012752
0.585471034049988,-0.294719487428665,0.761326014995575,0.404992133378982,-0.848999083042145,-0.334519654512405,-0.0572607778012752
0.583492577075958,-0.294328987598419,0.760708272457123,0.397449165582657,-0.856249809265137,-0.325607061386108,-0.0533883906900882
0.581858992576599,-0.295017123222351,0.7613205909729,0.404917985200882,-0.848071455955505,-0.33756297826767,-0.05354980006814
0.581310451030731,-0.294060617685318,0.761004328727722,0.396237730979919,-0.856230020523071,-0.327718049287796,-0.0496675409376621
0.579352974891663,-0.295231759548187,0.761784195899963,0.399780988693237,-0.850555300712585,-0.337395280599594,-0.0538089238107204
0.578360795974731,-0.294899553060532,0.762133300304413,0.401241183280945,-0.848769724369049,-0.340817213058472,-0.0493847616016864
0.576479732990265,-0.29438990354538,0.761850833892822,0.409439086914062,-0.843386650085449,-0.345206946134567,-0.0434816181659698
0.575319647789001,-0.294265598058701,0.762067079544067,0.403932899236679,-0.846623063087463,-0.343919217586517,-0.0422780066728591
0.574992060661316,-0.294356524944305,0.762653410434723,0.391247481107712,-0.8550164103508,-0.337333917617798,-0.0455863699316978
0.574170887470245,-0.295983552932739,0.764139175415039,0.392988681793213,-0.844364523887634,-0.36168584227562,-0.0423309504985809
0.569016456604004,-0.291768938302994,0.76272177696228,0.405892252922058,-0.859391272068024,-0.30449903011322,-0.063074842095375
0.567927479743958,-0.291509956121445,0.763179898262024,0.404701232910156,-0.860335528850555,-0.304635435342789,-0.0568958781659603
0.566384196281433,-0.290658593177795,0.762945413589478,0.40814420580864,-0.85798454284668,-0.308188080787659,-0.0479674451053142
0.565072357654572,-0.290490627288818,0.763366222381592,0.407537490129471,-0.857526898384094,-0.310374736785889,-0.0472049415111541
0.567193508148193,-0.293563783168793,0.765317857265472,0.38860347867012,-0.852865040302277,-0.346680611371994,-0.0376981832087039
0.565499603748322,-0.293453872203827,0.765905141830444,0.390999674797058,-0.851471483707428,-0.347369015216827,-0.0380848720669746
0.564350843429565,-0.293279200792313,0.766370713710785,0.388189792633057,-0.852331876754761,-0.348665297031403,-0.0356598757207393
0.560644865036011,-0.290205657482147,0.765983462333679,0.395283281803131,-0.862622618675232,-0.312428116798401,-0.0449701659381389
0.559480011463165,-0.289990335702896,0.766600489616394,0.394724041223526,-0.861618041992188,-0.315670490264893,-0.0464691743254661
0.558397889137268,-0.289700031280518,0.767169177532196,0.392850190401077,-0.862274646759033,-0.316681891679764,-0.0431730225682258
0.556732654571533,-0.289616584777832,0.76760596036911,0.389680415391922,-0.864133715629578,-0.316083580255508,-0.0389041602611541
0.555209636688232,-0.288792163133621,0.767892301082611,0.391967296600342,-0.861747264862061,-0.320621281862259,-0.0309089366346597
0.55415141582489,-0.288409531116486,0.768636584281921,0.391741126775742,-0.861000537872314,-0.322942733764648,-0.0304141100496053
0.552887678146362,-0.288210868835449,0.769479393959045,0.390554040670395,-0.860993087291718,-0.324578911066055,-0.0284078475087881
0.551579415798187,-0.288025021553039,0.770237386226654,0.388822704553604,-0.860916614532471,-0.327108174562454,-0.025293543934822
0.550302565097809,-0.287845402956009,0.771046221256256,0.385435402393341,-0.861556231975555,-0.329784780740738,-0.0200556013733148
0.549144208431244,-0.287688672542572,0.771923780441284,0.383424311876297,-0.861128330230713,-0.333270311355591,-0.0193504560738801
0.547592341899872,-0.287615090608597,0.77280056476593,0.378691345453262,-0.861017346382141,-0.33895018696785,-0.0188341997563838
0.547592341899872,-0.287615090608597,0.77280056476593,0.378691345453262,-0.861017346382141,-0.33895018696785,-0.0188341997563838
0.545160949230194,-0.287195682525635,0.774846792221069,0.375891238451004,-0.86085319519043,-0.342792093753815,-0.0114466324448585
0.543621599674225,-0.286923319101334,0.775802373886108,0.374448865652084,-0.861769437789917,-0.342144340276718,-0.0088769225403666
0.542254984378815,-0.286758065223694,0.776825308799744,0.37247571349144,-0.862344861030579,-0.342910647392273,-0.0059499721974134
0.542761743068695,-0.288729876279831,0.778508901596069,0.363470464944839,-0.852473080158234,-0.375698983669281,0.0054095895029604
0.539552748203278,-0.286476820707321,0.778611421585083,0.368596166372299,-0.861787796020508,-0.348503053188324,0.0020892526954412
0.539831578731537,-0.288436949253082,0.780036926269531,0.35705292224884,-0.852911055088043,-0.380491226911545,0.016804588958621
0.53847074508667,-0.288702636957169,0.78175276517868,0.358759343624115,-0.849147796630859,-0.387304693460464,0.015329809859395
0.53669673204422,-0.288714200258255,0.782575607299805,0.356110662221909,-0.851368844509125,-0.384626060724258,0.0204708389937877
0.535180509090424,-0.288512736558914,0.783918857574463,0.35577580332756,-0.850888192653656,-0.386027276515961,0.0198933836072683
0.533522427082062,-0.288381636142731,0.785013198852539,0.352870225906372,-0.851433098316193,-0.387290924787521,0.0234522726386785
0.531633794307709,-0.288525640964508,0.786330699920654,0.346331000328064,-0.853757441043854,-0.387700945138931,0.028998851776123
0.531633794307709,-0.288525640964508,0.786330699920654,0.346331000328064,-0.853757441043854,-0.387700945138931,0.028998851776123
0.527705371379852,-0.288130074739456,0.789312183856964,0.337307095527649,-0.857609570026398,-0.38711217045784,0.0295592956244945
0.525836408138275,-0.288034975528717,0.790923595428467,0.333113700151443,-0.859714269638062,-0.385865300893784,0.0321653336286544
0.523851335048676,-0.288198888301849,0.792487382888794,0.326203882694244,-0.860855400562286,-0.388939440250397,0.0352855212986469
0.52174186706543,-0.288447469472885,0.794428706169128,0.319877296686172,-0.863070905208588,-0.389003902673721,0.0382540225982666
0.519566476345062,-0.28842768073082,0.796272099018097,0.315541714429855,-0.86463189125061,-0.388673543930054,0.0421652197837829
0.517532646656036,-0.28881648182869,0.798478662967682,0.306222885847092,-0.866331517696381,-0.391499042510986,0.0492573417723178
0.513947188854218,-0.288251101970673,0.800384879112244,0.307719677686691,-0.870846211910248,-0.380153894424438,0.0491807498037815
0.512652516365051,-0.289367973804474,0.803082644939423,0.29544934630394,-0.868311703205109,-0.394240885972977,0.0576078444719314
0.509796261787415,-0.289251059293747,0.805904507637024,0.292539060115814,-0.870257556438446,-0.392240881919861,0.0567441545426845
0.507280051708221,-0.289508581161499,0.808728456497192,0.285007685422897,-0.87142676115036,-0.393452972173691,0.0676819235086441
0.504077911376953,-0.289801597595215,0.81213515996933,0.284279197454453,-0.869584679603577,-0.397683024406433,0.0696845278143882
0.50134265422821,-0.290710866451263,0.816111087799072,0.272005170583725,-0.874824345111847,-0.39491218328476,0.068848617374897
0.498227655887604,-0.290648967027664,0.819846987724304,0.268174767494202,-0.873536348342896,-0.398675888776779,0.0779381692409515
0.494713485240936,-0.290856897830963,0.823911130428314,0.262454122304916,-0.871931910514832,-0.403639256954193,0.0890383273363113
0.491144150495529,-0.291617423295975,0.828854978084564,0.257479667663574,-0.873033761978149,-0.404718786478043,0.0878575220704078
0.48749303817749,-0.292117208242416,0.833819210529327,0.244167178869247,-0.874274492263794,-0.40859779715538,0.0952593237161636
0.483524441719055,-0.292905479669571,0.839157044887543,0.23905274271965,-0.872304439544678,-0.413961857557297,0.102831497788429
0.483524441719055,-0.292905479669571,0.839157044887543,0.23905274271965,-0.872304439544678,-0.413961857557297,0.102831497788429
0.475918829441071,-0.293972998857498,0.851761341094971,0.220571920275688,-0.872557580471039,-0.421026229858398,0.112819142639637
0.471503913402557,-0.293749809265137,0.857630252838135,0.218311727046966,-0.866380929946899,-0.430707454681396,0.127338439226151
0.467357784509659,-0.294109225273132,0.864317119121552,0.209153279662132,-0.8647301197052,-0.434839725494385,0.139324128627777
0.462870389223099,-0.294215083122253,0.871527016162872,0.202848419547081,-0.861557483673096,-0.439700156450272,0.1524298787117
0.458478450775146,-0.294665813446045,0.879383862018585,0.19637992978096,-0.856461882591248,-0.450345486402512,0.158420026302338
0.453944027423859,-0.295502066612244,0.887117803096771,0.186652436852455,-0.85218071937561,-0.458347350358963,0.169901549816132
0.449733078479767,-0.295540064573288,0.895310997962952,0.179212927818298,-0.845717430114746,-0.467581480741501,0.184424206614494
0.445645272731781,-0.296092361211777,0.903779983520508,0.168126985430717,-0.83985310792923,-0.47601643204689,0.19947025179863
0.441010892391205,-0.296549677848816,0.912926912307739,0.159568905830383,-0.833790183067322,-0.485367596149445,0.209164977073669
0.436627209186554,-0.297056883573532,0.922123432159424,0.150461822748184,-0.826089859008789,-0.495228111743927,0.222903832793236
0.436627209186554,-0.297056883573532,0.922123432159424,0.150461822748184,-0.826089859008789,-0.495228111743927,0.222903832793236
0.428366839885712,-0.297672778367996,0.941045880317688,0.127148866653442,-0.812682628631592,-0.509858012199402,0.251842886209488
0.424205660820007,-0.298317819833755,0.950984001159668,0.114156000316143,-0.804434180259705,-0.518495619297028,0.266488343477249
0.420273125171661,-0.298386752605438,0.961145281791687,0.101936742663383,-0.797940671443939,-0.52322244644165,0.281314700841904
0.416548699140549,-0.298502027988434,0.971551418304443,0.0889298617839813,-0.788503170013428,-0.530798733234406,0.29766920208931
0.413157731294632,-0.298963367938995,0.982275068759918,0.0746044740080833,-0.777988314628601,-0.539790332317352,0.312721073627472
0.409752398729324,-0.299088180065155,0.992683410644531,0.0574208945035934,-0.766360819339752,-0.54726779460907,0.331498950719833
0.406405925750732,-0.299379080533981,1.00375759601593,0.0412273071706295,-0.756943106651306,-0.551353335380554,0.348348587751388
0.406405925750732,-0.299379080533981,1.00375759601593,0.0412273071706295,-0.756943106651306,-0.551353335380554,0.348348587751388
0.400968372821808,-0.299683958292007,1.02622616291046,0.0127586973831057,-0.736280143260956,-0.56192684173584,0.376784950494766
0.398482739925385,-0.299993872642517,1.03766059875488,-0.0041118366643786,-0.72410124540329,-0.569165349006653,0.389501243829727
0.396172612905502,-0.299895137548447,1.04925954341888,-0.0199674405157566,-0.713600397109985,-0.570936620235443,0.405471831560135
0.394008785486221,-0.300255507230759,1.06078219413757,-0.0386446043848991,-0.699841201305389,-0.576605558395386,0.419827312231064
0.392462760210037,-0.300019949674606,1.0720762014389,-0.0565142519772052,-0.687809705734253,-0.576866447925568,0.436976999044418
0.391823321580887,-0.299493134021759,1.0838817358017,-0.0757232755422592,-0.671702325344086,-0.584856569766998,0.448357611894607
0.390385508537292,-0.299947500228882,1.09530401229858,-0.0901307165622711,-0.661169826984406,-0.585460186004639,0.460400372743607
0.389150142669678,-0.299913465976715,1.10622918605804,-0.115990906953812,-0.64516419172287,-0.587160587310791,0.474922388792038
0.388961315155029,-0.299449354410172,1.11718082427979,-0.131964385509491,-0.632739067077637,-0.584953665733337,0.489955991506576
0.388611167669296,-0.299198508262634,1.12785589694977,-0.1431744992733,-0.618401825428009,-0.586434125900269,0.503165900707245
0.389071404933929,-0.298263847827911,1.13813304901123,-0.157730415463447,-0.599186182022095,-0.592130959033966,0.515245735645294
0.388689994812012,-0.298446863889694,1.14812576770782,0.175492763519287,0.588033080101013,0.589055776596069,-0.525768756866455
0.388967365026474,-0.298309981822967,1.15792644023895,0.191924750804901,0.575767755508423,0.586189806461334,-0.536691725254059
0.389474213123321,-0.298015832901001,1.16724646091461,0.210453033447266,0.56043928861618,0.585931599140167,-0.546168327331543
0.389566898345947,-0.298001706600189,1.17626285552979,0.222581580281258,0.546277284622192,0.587794184684753,-0.55365777015686
0.390068590641022,-0.297644287347794,1.18492293357849,0.236231923103332,0.532116115093231,0.587955176830292,-0.561565160751343
0.390830814838409,-0.297249019145966,1.19309389591217,0.248399317264557,0.520271360874176,0.58593612909317,-0.56946861743927
0.391226083040237,-0.297193497419357,1.20096349716187,0.26275172829628,0.506683588027954,0.586639583110809,-0.574533224105835
0.391702950000763,-0.295850098133087,1.20821297168732,0.270758748054504,0.493813991546631,0.582960903644562,-0.585657119750977
0.392776906490326,-0.296055793762207,1.21555483341217,0.283308476209641,0.481848746538162,0.589120864868164,-0.583519101142883
0.39457768201828,-0.297208070755005,1.22310638427734,0.299141764640808,0.483730018138885,0.573487162590027,-0.58960348367691
0.395386517047882,-0.29687625169754,1.22933864593506,0.313656359910965,0.472275078296661,0.573272824287415,-0.591552078723907
0.395817160606384,-0.295712798833847,1.23497116565704,0.321113407611847,0.463686853647232,0.562569081783295,-0.604481220245361
0.394597709178925,-0.29271599650383,1.23854267597198,0.320180088281631,0.429965823888779,0.593031883239746,-0.60077315568924
0.396620750427246,-0.293762654066086,1.24516010284424,0.332197517156601,0.432759791612625,0.587046384811401,-0.598113656044006
0.397532761096954,-0.291668027639389,1.24961054325104,0.338574826717377,0.415014296770096,0.588747382164001,-0.605399012565613
0.397214293479919,-0.291182041168213,1.25292372703552,0.35114187002182,0.406029224395752,0.585657835006714,-0.60732638835907
0.398260295391083,-0.290463984012604,1.25725543498993,0.357963114976883,0.398721575737,0.585826218128204,-0.60802149772644
0.39994490146637,-0.289552390575409,1.26218926906586,0.360959082841873,0.392579615116119,0.586506187915802,-0.609590351581573
0.400834858417511,-0.288701951503754,1.26570117473602,0.368129432201385,0.385127812623978,0.585534751415253,-0.61098837852478
0.401447355747223,-0.287519752979279,1.2690007686615,0.374166935682297,0.375144094228745,0.587662100791931,-0.611489474773407
0.402896285057068,-0.287281394004822,1.27215933799744,0.381088525056839,0.370731920003891,0.593519687652588,-0.604204714298248
0.403734982013702,-0.286325663328171,1.27480483055115,0.387065947055817,0.364931404590607,0.592640995979309,-0.604799091815948
0.403522372245789,-0.28588205575943,1.27694308757782,0.392546236515045,0.367539256811142,0.573505342006683,-0.61799156665802
0.40575760602951,-0.284615218639374,1.27926170825958,0.402600646018982,0.354415208101273,0.586527049541473,-0.606867074966431
0.405345261096954,-0.283895492553711,1.28108632564545,0.403050810098648,0.356107831001282,0.571218848228455,-0.620038151741028
0.404981821775436,-0.283078998327255,1.28252851963043,0.419688194990158,0.342498600482941,0.564036190509796,-0.623234152793884
0.40715679526329,-0.281973481178284,1.2845664024353,0.411965847015381,0.346970856189728,0.569808304309845,-0.620656132698059
0.407870590686798,-0.280741214752197,1.28575456142426,0.415873289108276,0.340911149978638,0.571361005306244,-0.61998051404953
0.408905476331711,-0.279721736907959,1.28696227073669,0.41758805513382,0.337651342153549,0.570344567298889,-0.621545612812042
0.40981051325798,-0.278686225414276,1.28796184062958,0.421799540519714,0.332996934652328,0.568461835384369,-0.62293541431427
0.409870088100433,-0.27807343006134,1.28865551948547,0.434947967529297,0.324226528406143,0.563197910785675,-0.623302698135376
0.410665214061737,-0.277252107858658,1.28928005695343,0.433513462543487,0.3230901658535,0.564190804958344,-0.623992681503296
0.411569625139236,-0.276361852884293,1.28988313674927,0.432946443557739,0.322539418935776,0.563571155071259,-0.625229835510254
0.411731600761414,-0.275657266378403,1.29019594192505,0.437125146389008,0.319374948740005,0.554333209991455,-0.632167637348175
0.412199467420578,-0.275070816278458,1.29042792320251,0.437671631574631,0.318171679973602,0.552793622016907,-0.63374263048172
0.413477450609207,-0.274685591459274,1.29095566272736,0.435115128755569,0.321905970573425,0.556292653083801,-0.63054758310318
0.413298159837723,-0.273758918046951,1.29079949855804,0.440443217754364,0.31513649225235,0.549119889736176,-0.636526226997375
0.41454815864563,-0.274307548999786,1.29129266738892,0.437583386898041,0.32026731967926,0.561442673206329,-0.625085771083832
0.414859056472778,-0.273845672607422,1.2912346124649,0.43705677986145,0.319280713796616,0.560475528240204,-0.626823544502258
0.414695382118225,-0.272746443748474,1.29082703590393,0.43558144569397,0.313131392002106,0.566011011600494,-0.625978946685791
0.416435152292252,-0.271619200706482,1.29112207889557,0.432362198829651,0.309706687927246,0.569847226142883,-0.626433849334717
0.415550351142883,-0.269914865493774,1.29015815258026,0.429075121879578,0.302181422710419,0.55364191532135,-0.646577179431915
0.415338546037674,-0.270748615264893,1.29003095626831,0.432326167821884,0.309353709220886,0.536240339279175,-0.655622243881226
0.416273593902588,-0.269186168909073,1.2898770570755,0.43020960688591,0.298909455537796,0.546303987503052,-0.653548419475555
0.416478395462036,-0.268950313329697,1.28969621658325,0.429118096828461,0.29764798283577,0.544212400913239,-0.65657913684845
0.416761994361877,-0.268816649913788,1.28952300548553,0.428492546081543,0.296354234218597,0.543678402900696,-0.65801340341568
0.417082875967026,-0.268791019916534,1.28940737247467,0.427749842405319,0.296018213033676,0.543530583381653,-0.658771276473999
0.416758626699448,-0.270023077726364,1.28931951522827,0.427237153053284,0.305344969034195,0.532151937484741,-0.664114236831665
0.417102158069611,-0.270118445158005,1.28919672966003,0.426635891199112,0.305564284324646,0.534030735492706,-0.662890374660492
0.418048024177551,-0.269290864467621,1.28887784481049,0.426321804523468,0.298213928937912,0.543755829334259,-0.658519148826599
0.418292194604874,-0.269387453794479,1.28864991664886,0.425452619791031,0.298245817422867,0.54481828212738,-0.658188998699188
0.418490141630173,-0.269482374191284,1.28840231895447,0.425461232662201,0.298427164554596,0.54531055688858,-0.657692193984985
0.418490141630173,-0.269482374191284,1.28840231895447,0.425461232662201,0.298427164554596,0.54531055688858,-0.657692193984985
0.418029129505157,-0.270295739173889,1.28769934177399,0.425401777029037,0.304174453020096,0.538975775241852,-0.660316169261932
0.418313026428223,-0.270406544208527,1.2872142791748,0.421096056699753,0.306430071592331,0.540414810180664,-0.660856127738953
0.418855369091034,-0.270748376846313,1.28693890571594,0.421766489744186,0.308791279792786,0.536157250404358,-0.662794828414917
0.418486773967743,-0.270273506641388,1.28617560863495,0.422576308250427,0.303435295820236,0.541069149971008,-0.660757601261139
0.418979823589325,-0.270883798599243,1.28573501110077,0.422904789447784,0.307542622089386,0.535422503948212,-0.663242638111115
0.419291019439697,-0.271049648523331,1.2851893901825,0.42308434844017,0.308162957429886,0.534095525741577,-0.663909435272217
0.419537425041199,-0.271344631910324,1.28463363647461,0.424152910709381,0.308327496051788,0.533158540725708,-0.663905024528503
0.419764280319214,-0.27159708738327,1.2840781211853,0.423717200756073,0.308932423591614,0.532474458217621,-0.664452373981476
0.419954270124435,-0.271923452615738,1.28348171710968,0.423734664916992,0.309041559696198,0.531789064407349,-0.664938449859619
0.420059740543365,-0.272302329540253,1.28287768363953,0.428662449121475,0.306968063116074,0.528559684753418,-0.665314912796021
0.420189082622528,-0.272743701934814,1.28218877315521,0.427853256464005,0.307489454746246,0.527977466583252,-0.666057109832764
0.420486330986023,-0.273337930440903,1.28158462047577,0.428067356348038,0.308839172124863,0.528841495513916,-0.664608299732208
0.420760869979858,-0.273833394050598,1.28086137771606,0.42746576666832,0.309686422348022,0.529204607009888,-0.664312183856964
0.420970112085342,-0.274355858564377,1.2800509929657,0.422029137611389,0.311508327722549,0.531245529651642,-0.665305316448212
0.421207368373871,-0.274971961975098,1.27915227413177,0.421252548694611,0.312125444412231,0.530538856983185,-0.666072368621826
0.422606140375137,-0.274946451187134,1.27834975719452,0.420038968324661,0.308718949556351,0.536755800247192,-0.663440883159637
0.421963483095169,-0.27624836564064,1.27743661403656,0.41771724820137,0.313856214284897,0.531463086605072,-0.666749119758606
0.422311723232269,-0.276949226856232,1.27647817134857,0.420453786849976,0.312717139720917,0.527892470359802,-0.66839873790741
0.422650754451752,-0.27767139673233,1.2753838300705,0.418082743883133,0.314056098461151,0.527581334114075,-0.669503271579742
0.423077136278152,-0.278370589017868,1.2741060256958,0.411522805690765,0.31584370136261,0.529689073562622,-0.671059608459473
0.423308491706848,-0.279148131608963,1.27287530899048,0.409902006387711,0.316867679357529,0.529074430465698,-0.672053396701813
0.423636585474014,-0.279848247766495,1.27154433727264,0.410686939954758,0.315797090530396,0.526466727256775,-0.674122869968414
0.42471981048584,-0.27971214056015,1.27026534080505,0.407027095556259,0.310018181800842,0.534071922302246,-0.673042595386505
0.424489557743073,-0.281800746917725,1.26867163181305,0.39890918135643,0.324637204408646,0.525512337684631,-0.677730977535248
0.425493091344833,-0.281777441501617,1.26687633991241,0.398046493530273,0.318658590316772,0.532444834709167,-0.675661444664001
0.425603061914444,-0.282638132572174,1.26500082015991,0.393698453903198,0.321098238229752,0.532731890678406,-0.676826357841492
0.424735397100449,-0.284420192241669,1.26293611526489,0.389801263809204,0.329599618911743,0.524666368961334,-0.681281507015228
0.424652218818664,-0.28542423248291,1.260706782341,0.384795904159546,0.332842916250229,0.525141358375549,-0.682183563709259
0.424824953079224,-0.286530613899231,1.25830841064453,0.378966152667999,0.338525265455246,0.527693510055542,-0.680680990219116
0.42406839132309,-0.286798804998398,1.25439202785492,0.369620382785797,0.337890863418579,0.53934919834137,-0.67698860168457
0.424841582775116,-0.287744343280792,1.25178015232086,0.360902279615402,0.348179072141647,0.543322324752808,-0.673291206359863
0.424419432878494,-0.288710623979568,1.24861896038055,0.354896694421768,0.352697223424911,0.546352446079254,-0.671678900718689
0.423769414424896,-0.289700239896774,1.2450704574585,0.349157959222794,0.356774181127548,0.549997925758362,-0.669554591178894
0.42315611243248,-0.291027307510376,1.24136519432068,0.342821568250656,0.364369422197342,0.552556395530701,-0.666626036167145
0.422474205493927,-0.29212349653244,1.23750042915344,0.336270838975906,0.37025448679924,0.559019923210144,-0.661309659481049
0.422031551599503,-0.293831706047058,1.233442902565,0.332012981176376,0.376506358385086,0.572349071502686,-0.648403525352478
0.422031551599503,-0.293831706047058,1.233442902565,0.332012981176376,0.376506358385086,0.572349071502686,-0.648403525352478
0.420638740062714,-0.296696603298187,1.22476029396057,0.314445585012436,0.401887357234955,0.572076022624969,-0.64213627576828
0.41884258389473,-0.296863108873367,1.21831846237183,0.305084586143494,0.400890082120895,0.587836682796478,-0.632975935935974
0.4175945520401,-0.297825932502747,1.21239852905273,0.291924744844437,0.412243545055389,0.592393934726715,-0.627618193626404
0.416042417287826,-0.298473298549652,1.20646595954895,0.27843913435936,0.419577956199646,0.602540612220764,-0.619169175624847
0.414400160312653,-0.299645602703094,1.19983410835266,0.273771941661835,0.426836967468262,0.608634173870087,-0.610265374183655
0.414400160312653,-0.299645602703094,1.19983410835266,0.273771941661835,0.426836967468262,0.608634173870087,-0.610265374183655
0.412234723567963,-0.302790641784668,1.18664014339447,0.251567810773849,0.460643917322159,0.610933244228363,-0.59268993139267
0.409258663654327,-0.298997640609741,1.18568480014801,0.237082839012146,0.41051384806633,0.660760760307312,-0.581949889659882
0.409213453531265,-0.304446339607239,1.17109632492065,0.219153389334679,0.487079203128815,0.623348534107208,-0.571107387542725
0.407981276512146,-0.30544912815094,1.16272616386414,0.209491118788719,0.500549256801605,0.628893792629242,-0.556827485561371
0.406475782394409,-0.30613124370575,1.1541428565979,0.196302533149719,0.513365387916565,0.63360184431076,-0.544489920139313
0.405311375856399,-0.306984394788742,1.14509248733521,0.181065946817398,0.528220295906067,0.638475835323334,-0.529666781425476
0.403741776943207,-0.307905942201614,1.13574779033661,0.163686230778694,0.542749345302582,0.641342222690582,-0.517019927501678
0.403415322303772,-0.307735741138458,1.12591874599457,0.15289106965065,0.551460325717926,0.648965299129486,-0.501357674598694
0.402485489845276,-0.308447569608688,1.11592316627502,0.133379757404327,0.566102743148804,0.65123987197876,-0.487466841936111
0.401725172996521,-0.309151649475098,1.10575938224792,0.121437400579453,0.58173656463623,0.652590811252594,-0.470063865184784
0.401640325784683,-0.309342205524445,1.09522449970245,0.106199353933334,0.59693843126297,0.652124106884003,-0.455105274915695
0.401142001152039,-0.310163676738739,1.08459103107452,0.0927907153964042,0.61632239818573,0.645716547966003,-0.44111967086792
0.401472955942154,-0.310884654521942,1.07406520843506,0.0774676650762558,0.628781795501709,0.650600612163544,-0.418749183416367
0.402040839195251,-0.31073933839798,1.06295990943909,0.0636398941278457,0.642795324325562,0.647973656654358,-0.403600782155991
0.403524875640869,-0.310102462768555,1.05200052261353,-0.0460069365799427,-0.653912246227264,-0.648885071277618,0.386303603649139
0.404522329568863,-0.310519337654114,1.04067766666412,-0.0382823497056961,-0.672209739685059,-0.638960540294647,0.372019588947296
0.405687749385834,-0.310427129268646,1.02926290035248,-0.0285111870616674,-0.684708893299103,-0.633183062076569,0.359777092933655
0.407534182071686,-0.310715764760971,1.01862180233002,-0.0194808468222618,-0.69986367225647,-0.627069890499115,0.341458737850189
0.409861028194427,-0.310353964567184,1.00790619850159,-0.0117207216098904,-0.715050876140594,-0.617029905319214,0.328388541936874
0.41262012720108,-0.31001353263855,0.99733829498291,-0.0082514965906739,-0.731790602207184,-0.604002416133881,0.3155876994133
0.415119886398315,-0.309836089611053,0.986942529678345,-0.0044951466843485,-0.745623826980591,-0.594336688518524,0.301312983036041
0.419189393520355,-0.312095165252685,0.978589594364166,-0.0227945540100336,-0.784031510353088,-0.553884088993073,0.279261916875839
0.42217206954956,-0.312613666057587,0.968698501586914,-0.0248364154249429,-0.795103073120117,-0.546761214733124,0.261240392923355
0.425296992063522,-0.311719655990601,0.958448350429535,-0.0225707963109016,-0.804101169109344,-0.538964748382568,0.249857321381569
0.428424537181854,-0.31174498796463,0.948808908462524,-0.0286068711429834,-0.819520711898804,-0.523734271526337,0.230802536010742
0.428424537181854,-0.31174498796463,0.948808908462524,-0.0286068711429834,-0.819520711898804,-0.523734271526337,0.230802536010742
0.434946298599243,-0.309190273284912,0.927451848983765,-0.0091224592179059,-0.824249029159546,-0.526317358016968,0.208615496754646
0.438560426235199,-0.309314608573914,0.917652606964111,-0.0132912322878837,-0.836841821670532,-0.512379825115204,0.192317619919777
0.44236147403717,-0.309554725885391,0.908732235431671,-0.0129679115489125,-0.847407341003418,-0.497003972530365,0.186331301927567
0.446812123060226,-0.30928373336792,0.899628818035126,-0.0130392955616116,-0.855895459651947,-0.487710565328598,0.17149755358696
0.450581699609756,-0.30930295586586,0.890384674072266,-0.0215129256248474,-0.865322589874268,-0.479365736246109,0.144783735275268
0.454343497753143,-0.310092806816101,0.881957530975342,-0.0216159299015998,-0.874881505966187,-0.467124164104462,0.12613520026207
0.458844900131226,-0.310636729001999,0.873559951782227,-0.0289979018270969,-0.885194182395935,-0.451306283473969,0.109147690236568
0.463264226913452,-0.310918182134628,0.86526095867157,-0.0267079174518585,-0.891408145427704,-0.442620307207107,0.0936248898506164
0.46835532784462,-0.311233758926392,0.857088148593903,-0.0291399843990802,-0.899469375610352,-0.429048031568527,0.0776106491684913
0.472806304693222,-0.31224736571312,0.849228978157043,-0.0288717783987522,-0.905081927776337,-0.420242428779602,0.0582184344530105
0.478089570999146,-0.312719792127609,0.841439485549927,-0.0259854830801486,-0.911893129348755,-0.407074809074402,0.045454416424036
0.482597708702087,-0.314074218273163,0.834322392940521,-0.0158537290990352,-0.914500415325165,-0.403516948223114,0.0247404091060161
0.488936930894852,-0.314362078905106,0.826469242572784,-0.0117639191448688,-0.921769320964813,-0.387241125106812,0.0157228540629148
0.494870454072952,-0.320154875516891,0.821664869785309,0.0035983645357191,-0.897633671760559,-0.44056361913681,-0.012023702263832
0.501027524471283,-0.322336196899414,0.815059304237366,0.0225545577704906,-0.891109824180603,-0.452553182840347,-0.0247057918459177
0.506170809268951,-0.318215608596802,0.805648386478424,0.0341894924640655,-0.926484823226929,-0.37374809384346,-0.0277384910732507
0.511928379535675,-0.319741547107696,0.799368739128113,0.0488095693290233,-0.929735660552978,-0.36250439286232,-0.0424283146858215
0.511928379535675,-0.319741547107696,0.799368739128113,0.0488095693290233,-0.929735660552978,-0.36250439286232,-0.0424283146858215
0.524655342102051,-0.323789209127426,0.788569390773773,0.0940382704138755,-0.924229145050049,-0.363777846097946,-0.0679943412542343
0.529921054840088,-0.325296998023987,0.782997250556946,0.122662246227264,-0.921935319900513,-0.357634037733078,-0.0841854810714721
0.537194430828094,-0.326470881700516,0.778171539306641,0.136091291904449,-0.926474630832672,-0.338242888450623,-0.0933583527803421
0.537194430828094,-0.326470881700516,0.778171539306641,0.136091291904449,-0.926474630832672,-0.338242888450623,-0.0933583527803421
0.54977422952652,-0.329218924045563,0.770447731018066,0.178961902856827,-0.925180673599243,-0.315158665180206,-0.112643450498581
0.556086361408234,-0.331040024757385,0.767817616462708,0.194219216704369,-0.924416780471802,-0.300325602293015,-0.132427707314491
0.556086361408234,-0.331040024757385,0.767817616462708,0.194219216704369,-0.924416780471802,-0.300325602293015,-0.132427707314491
0.568850517272949,-0.333900451660156,0.762749314308167,0.226068019866943,-0.921295821666718,-0.280708402395248,-0.145980402827263
0.575543224811554,-0.333945125341415,0.760753631591797,0.249270126223564,-0.916446030139923,-0.275198251008987,-0.149188175797462
0.581372320652008,-0.334506154060364,0.759567260742188,0.265367656946182,-0.913866996765137,-0.265580803155899,-0.154576942324638
0.58664083480835,-0.335539698600769,0.759593069553375,0.269082427024841,-0.914115488529205,-0.252314388751984,-0.168300047516823
0.592358410358429,-0.335036188364029,0.758424639701843,0.286692291498184,-0.911268293857574,-0.247591927647591,-0.161541387438774
0.597295761108398,-0.334515035152435,0.758636713027954,0.296020358800888,-0.908986032009125,-0.239782050251961,-0.169177874922752
0.599197685718536,-0.333425939083099,0.758622467517853,0.317660182714462,-0.904434382915497,-0.211632400751114,-0.190531954169273
0.607378244400024,-0.33421403169632,0.759203314781189,0.309866666793823,-0.90557873249054,-0.233066856861115,-0.172016739845276
0.607378244400024,-0.33421403169632,0.759203314781189,0.309866666793823,-0.90557873249054,-0.233066856861115,-0.172016739845276
0.615559816360474,-0.332908779382706,0.761419415473938,0.301366120576859,-0.909646332263946,-0.218121618032455,-0.184784024953842
0.619458198547363,-0.331727027893066,0.762403428554535,0.299957811832428,-0.910213887691498,-0.217628806829452,-0.184861704707146
0.623223602771759,-0.330855011940002,0.763871788978577,0.299356013536453,-0.909338355064392,-0.221572443842888,-0.18546000123024
0.626777172088623,-0.329617500305176,0.76535838842392,0.297161042690277,-0.909470975399017,-0.224537372589111,-0.184772729873657
0.630112826824188,-0.328476369380951,0.766903460025787,0.290581077337265,-0.911055624485016,-0.229409232735634,-0.181415870785713
0.633332490921021,-0.326150119304657,0.768155634403229,0.292138516902924,-0.910359144210815,-0.236699491739273,-0.172842159867287
0.636601209640503,-0.324804365634918,0.769745528697968,0.289319097995758,-0.909669578075409,-0.241339266300201,-0.174788489937782
0.639125287532806,-0.323354721069336,0.771448791027069,0.281412839889526,-0.911158502101898,-0.247083649039268,-0.171890541911125
0.641528129577637,-0.321549862623215,0.773281574249268,0.274913996458054,-0.911256849765778,-0.252305895090103,-0.174284219741821
0.643734574317932,-0.319713026285172,0.775004029273987,0.266808897256851,-0.912338733673096,-0.257137358188629,-0.174159824848175
0.645757853984833,-0.318025201559067,0.776216149330139,0.254675984382629,-0.915424346923828,-0.260918319225311,-0.170469895005226
0.647787392139435,-0.315882235765457,0.777840733528137,0.245421066880226,-0.916907548904419,-0.263596266508102,-0.171948090195656
0.649682760238647,-0.31378236413002,0.779152989387512,0.232781052589417,-0.920053958892822,-0.264931678771973,-0.170660853385925
0.650767862796783,-0.311587423086166,0.777803838253021,0.174605950713158,-0.921130359172821,-0.305716902017593,-0.166038379073143
0.650970041751862,-0.308988153934479,0.783467173576355,0.23151732981205,-0.921933352947235,-0.253447920084,-0.179451167583465
0.651919424533844,-0.306712299585342,0.784369707107544,0.224943593144417,-0.922596037387848,-0.256921321153641,-0.179466277360916
0.652481317520142,-0.304548382759094,0.784350514411926,0.209151208400726,-0.921535968780518,-0.27272954583168,-0.180681303143501
0.65338671207428,-0.302413791418076,0.785194933414459,0.201555624604225,-0.9228675365448,-0.273253470659256,-0.181722775101662
0.654081702232361,-0.299727767705917,0.785478591918945,0.197858288884163,-0.923333525657654,-0.276773899793625,-0.178055077791214
0.654737889766693,-0.297604262828827,0.785956263542175,0.190774247050285,-0.924469649791718,-0.277352839708328,-0.178987890481949
0.655067145824432,-0.295240253210068,0.786213517189026,0.186141103506088,-0.925280749797821,-0.278056532144547,-0.178582549095154
0.65540212392807,-0.293198108673096,0.786379516124725,0.180248573422432,-0.926350831985474,-0.277787506580353,-0.179495468735695
0.655472040176392,-0.290878176689148,0.786398828029633,0.177695021033287,-0.926364183425903,-0.27930611371994,-0.179616510868073
0.655343890190125,-0.289005607366562,0.786237061023712,0.171348348259926,-0.928349852561951,-0.277663141489029,-0.178071275353432
0.655491769313812,-0.286648154258728,0.786013305187225,0.16956053674221,-0.9291170835495,-0.277367562055588,-0.176232129335403
0.655316233634949,-0.28427717089653,0.785795331001282,0.168775156140327,-0.929611921310425,-0.277340233325958,-0.174410864710808
0.655206322669983,-0.282130539417267,0.785508036613464,0.16896365582943,-0.929389774799347,-0.276044934988022,-0.177439913153648
0.654871165752411,-0.279653310775757,0.784955978393555,0.168617412447929,-0.930040061473846,-0.275371819734573,-0.175397217273712
0.654541373252869,-0.277421742677689,0.784384787082672,0.169099777936935,-0.93095725774765,-0.273506462574005,-0.172968238592148
0.65403938293457,-0.275191009044647,0.783499240875244,0.168028429150581,-0.932540357112884,-0.272236078977585,-0.167399898171425
0.653619408607483,-0.272729426622391,0.782707512378693,0.170604392886162,-0.932410657405853,-0.271308541297913,-0.16702102124691
0.653039634227753,-0.270883202552795,0.781857311725616,0.167706847190857,-0.934596598148346,-0.267626076936722,-0.163646638393402
0.652504622936249,-0.268188089132309,0.780765414237976,0.171620085835457,-0.934338212013245,-0.267666548490524,-0.160975113511086
0.652003884315491,-0.266072183847427,0.77979838848114,0.170084714889526,-0.936481297016144,-0.264695078134537,-0.154953137040138
0.6517054438591,-0.263472259044647,0.778652966022491,0.175163730978966,-0.936373472213745,-0.263714581727982,-0.151581376791
0.651340067386627,-0.26103949546814,0.777699530124664,0.177236199378967,-0.937313079833984,-0.261905431747437,-0.146413400769234
0.651044607162476,-0.258565127849579,0.776504755020142,0.180518835783005,-0.938296020030975,-0.259523808956146,-0.140217199921608
0.650851964950562,-0.256030738353729,0.775497734546661,0.184023395180702,-0.9395632147789,-0.255518853664398,-0.134410619735718
0.650846183300018,-0.25370779633522,0.774500846862793,0.187309861183167,-0.940216302871704,-0.254073172807693,-0.127886533737183
0.650929272174835,-0.251338094472885,0.773679077625275,0.192098692059517,-0.941001534461975,-0.250545799732208,-0.121823757886887
0.651445865631104,-0.249155670404434,0.772994458675385,0.196605041623116,-0.941723883152008,-0.247156694531441,-0.115828089416027
0.651942551136017,-0.247050583362579,0.772501349449158,0.203057453036308,-0.941728353500366,-0.244849056005478,-0.109381303191185
0.652564883232117,-0.244967982172966,0.772037148475647,0.211843922734261,-0.940762221813202,-0.243760868906975,-0.103292167186737
0.653464138507843,-0.242974027991295,0.771922945976257,0.21928833425045,-0.939155042171478,-0.244182005524635,-0.101368829607964
0.65469878911972,-0.240928202867508,0.771862685680389,0.228895232081413,-0.937803685665131,-0.243754342198372,-0.0933546796441078
0.655817627906799,-0.238845467567444,0.771828889846802,0.239049568772316,-0.935479462146759,-0.245223864912987,-0.0871700122952461
0.657102465629578,-0.237006306648254,0.772185266017914,0.247416213154793,-0.933404803276062,-0.245984926819801,-0.0838589891791343
0.658437073230743,-0.235165953636169,0.772518277168274,0.25462618470192,-0.931377947330475,-0.247290298342705,-0.0809211432933807
0.65983372926712,-0.233332574367523,0.773008942604065,0.260618448257446,-0.929423391819,-0.248917177319527,-0.079311579465866
0.661333024501801,-0.231587409973145,0.773525476455688,0.265123307704925,-0.92790561914444,-0.250162243843079,-0.0782272517681121
0.662883043289185,-0.229842230677605,0.773987829685211,0.266992926597595,-0.92742246389389,-0.250355809926987,-0.0769703835248947
0.664628505706787,-0.227973371744156,0.77415406703949,0.274015933275223,-0.924817740917206,-0.253601908683777,-0.0728925764560699
0.665969789028168,-0.226794809103012,0.774945139884949,0.272059559822083,-0.925733268260956,-0.251268535852432,-0.0765872523188591
0.667665421962738,-0.225503131747246,0.77533358335495,0.273685336112976,-0.925127148628235,-0.251625061035156,-0.0769486203789711
0.669314086437225,-0.224365383386612,0.775669693946838,0.275038421154022,-0.924721539020538,-0.251634031534195,-0.0769689679145813
0.671022534370422,-0.223404556512833,0.775911569595337,0.276234179735184,-0.924129664897919,-0.252441436052322,-0.0771523043513298
0.67276793718338,-0.222722798585892,0.776258885860443,0.276740163564682,-0.923819303512573,-0.252929776906967,-0.0774569809436798
0.674403965473175,-0.222196146845818,0.776335537433624,0.277256280183792,-0.923303782939911,-0.253797709941864,-0.0789038017392158
0.676039934158325,-0.22186379134655,0.776403546333313,0.278294801712036,-0.922618687152862,-0.254932373762131,-0.079600304365158
0.676039934158325,-0.22186379134655,0.776403546333313,0.278294801712036,-0.922618687152862,-0.254932373762131,-0.079600304365158
0.679377555847168,-0.221807286143303,0.776396036148071,0.278420805931091,-0.921662986278534,-0.257522702217102,-0.0818599089980125
0.681029736995697,-0.221939325332642,0.776276051998138,0.278040319681168,-0.921582818031311,-0.257682025432587,-0.0835364684462547
0.68244481086731,-0.222262039780617,0.776066899299622,0.27809602022171,-0.920985698699951,-0.259398698806763,-0.0846173912286758
0.683963596820831,-0.222591981291771,0.776054501533508,0.278146058320999,-0.920361459255218,-0.260854005813599,-0.0867466479539871
0.68554013967514,-0.223207369446754,0.775505304336548,0.277261555194855,-0.920117914676666,-0.262283116579056,-0.0878463163971901
0.687117576599121,-0.223619982600212,0.775191426277161,0.280652731657028,-0.918226718902588,-0.265253454446793,-0.0879449024796485
0.688356220722198,-0.22436435520649,0.774859726428986,0.276894599199295,-0.919421255588532,-0.264124393463135,-0.0907316729426384
0.689705312252045,-0.224977359175682,0.774551272392273,0.276773273944855,-0.918663024902344,-0.266217261552811,-0.092645563185215
0.690887928009033,-0.225534126162529,0.77412486076355,0.276725232601166,-0.918253779411316,-0.267045199871063,-0.0944456458091735
0.692039012908936,-0.226101368665695,0.773758292198181,0.275361746549606,-0.918472468852997,-0.267062932252884,-0.0962359979748725
0.693108320236206,-0.226525187492371,0.773418545722961,0.275262385606766,-0.918252468109131,-0.267503410577774,-0.0973912850022316
0.694088339805603,-0.2269466817379,0.773009061813354,0.274000972509384,-0.918411374092102,-0.267470419406891,-0.0995157808065414
0.694963574409485,-0.227252975106239,0.772585391998291,0.27222803235054,-0.918981611728668,-0.266656577587128,-0.10128590464592
0.69573700428009,-0.227436631917953,0.772177219390869,0.271332085132599,-0.918978631496429,-0.267032563686371,-0.102716572582722
0.696684241294861,-0.227451011538505,0.77175909280777,0.270748406648636,-0.919298052787781,-0.266742080450058,-0.102152831852436
0.697159171104431,-0.227220013737679,0.771273136138916,0.272499293088913,-0.918432831764221,-0.268145084381104,-0.101604126393795
0.697816431522369,-0.227704212069511,0.771161556243896,0.2659812271595,-0.92090231180191,-0.26437509059906,-0.106296010315418
0.698362231254578,-0.227605119347572,0.770873546600342,0.264722406864166,-0.921419382095337,-0.263512790203094,-0.107094697654247
0.698902428150177,-0.227407306432724,0.770513832569122,0.263753235340118,-0.921889424324036,-0.262543767690659,-0.107819080352783
0.699488282203674,-0.227195680141449,0.770216107368469,0.261547416448593,-0.922837316989899,-0.261603772640228,-0.107367128133774
0.699962973594666,-0.226902902126312,0.769999504089355,0.26048356294632,-0.923321545124054,-0.261136829853058,-0.106925494968891
0.700415730476379,-0.226516455411911,0.769806146621704,0.260160177946091,-0.923552572727203,-0.260933697223663,-0.10621190816164
0.700934886932373,-0.226120188832283,0.769598126411438,0.258871972560883,-0.923882365226746,-0.26110428571701,-0.106072276830673
0.701390027999878,-0.2255969196558,0.769478917121887,0.259289741516113,-0.923808217048645,-0.261136680841446,-0.105617269873619
0.702042102813721,-0.224992051720619,0.769276738166809,0.261372774839401,-0.922884583473206,-0.263682156801224,-0.102178186178207
0.702319979667664,-0.224464505910873,0.769357800483704,0.259666472673416,-0.923480570316315,-0.262834578752518,-0.103319391608238
0.702846765518188,-0.223830282688141,0.76930820941925,0.259914487600326,-0.923372089862824,-0.263696283102036,-0.101452656090259
0.703256785869598,-0.223087459802628,0.769257426261902,0.261590749025345,-0.922800719738007,-0.264601767063141,-0.0999749153852462
0.703780889511108,-0.222178608179092,0.769291579723358,0.26422443985939,-0.921401262283325,-0.267634928226471,-0.0978620052337646
0.704009592533112,-0.221430510282516,0.769431948661804,0.261919766664505,-0.922159373760223,-0.267013102769852,-0.0986119508743286
0.704368710517883,-0.220598518848419,0.769480347633362,0.261508494615555,-0.921760022640228,-0.269035071134567,-0.0979381203651428
0.704711556434631,-0.21971569955349,0.769612312316895,0.261339455842972,-0.921578407287598,-0.270044535398483,-0.0973174795508384
0.70518970489502,-0.218563184142113,0.76962685585022,0.262744307518005,-0.920755982398987,-0.272271871566772,-0.0950900986790657
0.705296218395233,-0.217717036604881,0.76995462179184,0.260768294334412,-0.921255528926849,-0.271855115890503,-0.0968652442097663
0.705528259277344,-0.216702550649643,0.770122051239014,0.261186331510544,-0.921127319335938,-0.272052437067032,-0.0964033007621765
0.705810964107513,-0.215769529342651,0.770175337791443,0.259962946176529,-0.921069025993347,-0.273526400327682,-0.0960949957370758
0.705976366996765,-0.214842468500137,0.770318150520325,0.261258602142334,-0.920456051826477,-0.274411171674728,-0.095932699739933
0.706469416618347,-0.213685944676399,0.770067274570465,0.266264081001282,-0.91851532459259,-0.277495712041855,-0.091808907687664
0.706419050693512,-0.213201016187668,0.770441114902496,0.26354506611824,-0.919617176055908,-0.27534481883049,-0.0950449183583259
0.706563889980316,-0.212519884109497,0.770482838153839,0.265380173921585,-0.918955147266388,-0.275719940662384,-0.0952527225017547
0.706741631031036,-0.211871564388275,0.770481169223785,0.266806423664093,-0.91836029291153,-0.276359468698502,-0.0951538234949112
0.706902682781219,-0.21138808131218,0.770428121089935,0.269001036882401,-0.917671978473663,-0.276667684316635,-0.0947188884019851
0.707129836082458,-0.211025163531303,0.770394921302795,0.2713263630867,-0.916901051998138,-0.277140706777573,-0.0941657423973083
0.707325100898743,-0.210747912526131,0.770337045192719,0.273881554603577,-0.916109323501587,-0.277330279350281,-0.0939170941710472
0.707505226135254,-0.210648342967033,0.770250201225281,0.27531236410141,-0.91564553976059,-0.277474820613861,-0.0938296690583229
0.707672655582428,-0.210659384727478,0.770146429538727,0.276480555534363,-0.915348470211029,-0.277292013168335,-0.0938347652554512
0.707787573337555,-0.210599392652512,0.770232856273651,0.278785079717636,-0.914622724056244,-0.277022927999496,-0.0948810949921608
0.707974672317505,-0.211018219590187,0.769907712936401,0.278410881757736,-0.914844512939453,-0.276530861854553,-0.0952771306037902
0.708179354667664,-0.211362093687057,0.76984715461731,0.278839349746704,-0.914786279201508,-0.276327580213547,-0.095171719789505
0.708276271820068,-0.211729094386101,0.769757866859436,0.278756201267242,-0.914943397045136,-0.275658160448074,-0.0958454385399818
0.708377242088318,-0.212202966213226,0.769579648971558,0.278229624032974,-0.91526061296463,-0.274782061576843,-0.0968566313385963
0.708373188972473,-0.21270290017128,0.769484043121338,0.277808606624603,-0.915588974952698,-0.273627787828445,-0.098219133913517
0.708400130271912,-0.2132837921381,0.769369184970856,0.276340782642365,-0.916181564331055,-0.272828161716461,-0.0990562662482261
0.708272159099579,-0.2138931453228,0.76931619644165,0.276001214981079,-0.916224300861359,-0.272602677345276,-0.100220464169979
0.708167672157288,-0.214414328336716,0.76925802230835,0.275376468896866,-0.915645062923431,-0.273468285799026,-0.104771077632904
0.707940220832825,-0.215058341622353,0.769132971763611,0.272624373435974,-0.917300045490265,-0.271467059850693,-0.10267573595047
0.707990288734436,-0.215451493859291,0.768821895122528,0.274064362049103,-0.916926205158234,-0.272267699241638,-0.100026495754719
0.707553505897522,-0.216208279132843,0.769034564495087,0.269313812255859,-0.918663024902344,-0.269547700881958,-0.104270920157433
0.707099139690399,-0.217015147209167,0.769252836704254,0.264723062515259,-0.92011159658432,-0.26787605881691,-0.107512302696705
0.706717371940613,-0.217627584934235,0.769289970397949,0.261326968669891,-0.921405911445618,-0.266465932130814,-0.108237743377686
0.706477642059326,-0.218147665262222,0.769315123558044,0.260142356157303,-0.92201179265976,-0.265905261039734,-0.1073077917099
0.705818355083466,-0.218930244445801,0.769628286361694,0.25573006272316,-0.923564672470093,-0.263606816530228,-0.110190600156784
0.705185353755951,-0.219546973705292,0.769812405109406,0.2531418800354,-0.924323320388794,-0.262896627187729,-0.111494287848473
0.704689979553223,-0.220217362046242,0.770089626312256,0.250252097845078,-0.925007939338684,-0.262708485126495,-0.11277674138546
0.70419442653656,-0.220980152487755,0.770618200302124,0.245779901742935,-0.926839768886566,-0.259670585393906,-0.114592596888542
0.703526318073273,-0.221375912427902,0.770705878734589,0.244231581687927,-0.927295207977295,-0.259887129068375,-0.113724268972874
0.702827394008636,-0.221914008259773,0.771132588386536,0.242535218596458,-0.927682161331177,-0.259606450796127,-0.114834025502205
0.702210605144501,-0.22258161008358,0.771751344203949,0.237428218126297,-0.929439187049866,-0.257421046495438,-0.116210930049419
0.701808333396912,-0.2229885160923,0.772388339042664,0.235210955142975,-0.929959416389465,-0.257276117801666,-0.116877615451813
0.70077508687973,-0.223462998867035,0.772785484790802,0.233931556344032,-0.930611729621887,-0.256190240383148,-0.116638354957104
0.70020192861557,-0.223956316709518,0.773426115512848,0.231017589569092,-0.931446135044098,-0.255429416894913,-0.117451421916485
0.69933146238327,-0.224510967731476,0.774161398410797,0.228446543216705,-0.932169675827026,-0.254358530044556,-0.119053199887276
0.698580145835876,-0.224846735596657,0.774670839309692,0.227930530905723,-0.931439459323883,-0.25637212395668,-0.121414385735989
0.697846531867981,-0.224978357553482,0.775143682956696,0.229385703802109,-0.931847810745239,-0.256307512521744,-0.115534961223602
0.697008907794952,-0.225212574005127,0.775686681270599,0.229725077748299,-0.932199060916901,-0.255770653486252,-0.113193847239017
0.696169376373291,-0.225575149059296,0.776392102241516,0.228889897465706,-0.932365715503693,-0.255686104297638,-0.113702394068241
0.695499002933502,-0.22555735707283,0.776808321475983,0.229895532131195,-0.932418167591095,-0.256620347499847,-0.109043478965759
0.694406688213348,-0.22520586848259,0.776902139186859,0.235796466469765,-0.930568337440491,-0.260332554578781,-0.103294007480145
0.69360876083374,-0.225454807281494,0.777497351169586,0.233979940414429,-0.931222796440124,-0.259749084711075,-0.102996312081814
0.692861020565033,-0.225255832076073,0.777956962585449,0.237184077501297,-0.930152535438538,-0.262348085641861,-0.0986568257212638
0.692242622375488,-0.225031420588493,0.778310537338257,0.238472953438759,-0.929879426956177,-0.263896733522415,-0.09388118237257
0.691039860248566,-0.225205972790718,0.779104709625244,0.2352235019207,-0.930907607078552,-0.262391269207001,-0.0960813462734222
0.690266489982605,-0.224972397089004,0.779578328132629,0.235929638147354,-0.931042373180389,-0.262050807476044,-0.0939512103796005
0.689579010009766,-0.224686354398727,0.779986262321472,0.235725805163383,-0.930499315261841,-0.264092266559601,-0.0941256284713745
0.688781559467316,-0.224009558558464,0.780127227306366,0.238705903291702,-0.930220425128937,-0.265334516763687,-0.085482619702816
0.688004076480865,-0.224149346351624,0.780729472637177,0.235574468970299,-0.931451320648193,-0.26326984167099,-0.0871337726712226
0.687300205230713,-0.22381591796875,0.78101658821106,0.235302984714508,-0.931670069694519,-0.263317584991455,-0.0853645578026771
0.686469554901123,-0.222974509000778,0.781020164489746,0.239133208990097,-0.930517435073852,-0.265455305576324,-0.0805360227823257
0.685996890068054,-0.222984999418259,0.7813880443573,0.236088767647743,-0.931766867637634,-0.263549625873566,-0.0813277885317802
0.6854248046875,-0.222571060061455,0.7815260887146,0.236105144023895,-0.93190735578537,-0.263424068689346,-0.080070860683918
0.685164928436279,-0.221858322620392,0.78132951259613,0.239443033933639,-0.930817902088165,-0.265839487314224,-0.07466322183609
0.684345960617065,-0.221579492092133,0.781759858131409,0.235431149601936,-0.932505071163178,-0.262555480003357,-0.0779177919030189
0.683975040912628,-0.22111964225769,0.781718254089355,0.23453725874424,-0.932710468769074,-0.262708604335785,-0.0776377469301223
0.683703660964966,-0.220164462924004,0.781404078006744,0.238026633858681,-0.931492865085602,-0.265259742736816,-0.0728132873773574
0.683482706546783,-0.219651997089386,0.781221449375153,0.237087234854698,-0.932129740715027,-0.264135748147964,-0.0718092545866966
0.683482706546783,-0.219651997089386,0.781221449375153,0.237087234854698,-0.932129740715027,-0.264135748147964,-0.0718092545866966
0.683200180530548,-0.218659073114395,0.780832409858704,0.236827805638313,-0.932841420173645,-0.262154310941696,-0.0706717520952224
0.683214485645294,-0.218607604503632,0.780778825283051,0.232828751206398,-0.934407591819763,-0.259189784526825,-0.0741205438971519
0.683313131332397,-0.218169540166855,0.780508816242218,0.233243271708488,-0.934510588645935,-0.258669704198837,-0.0733322277665138
0.683481097221375,-0.217774674296379,0.780227541923523,0.233872875571251,-0.934586405754089,-0.25808921456337,-0.0724002718925476
0.683778882026672,-0.217335999011993,0.779901444911957,0.235022962093353,-0.934424221515656,-0.258019983768463,-0.0710031986236572
0.684322595596313,-0.216704696416855,0.779418110847473,0.239233747124672,-0.933182954788208,-0.259604066610336,-0.0673974603414535
0.684648156166077,-0.216436699032784,0.779157698154449,0.238915041089058,-0.933726131916046,-0.257527858018875,-0.0689535811543464
0.685145616531372,-0.216004729270935,0.778786599636078,0.24085795879364,-0.933401882648468,-0.25730237364769,-0.067408762872219
0.685723066329956,-0.215596705675125,0.778464078903198,0.243532925844193,-0.932786703109741,-0.257495313882828,-0.0655489787459373
0.685723066329956,-0.215596705675125,0.778464078903198,0.243532925844193,-0.932786703109741,-0.257495313882828,-0.0655489787459373
0.687339425086975,-0.214726850390434,0.77781879901886,0.249475464224815,-0.931033790111542,-0.259249478578568,-0.0610530041158199
0.68783700466156,-0.214524254202843,0.777620315551758,0.250848293304443,-0.930802285671234,-0.258581966161728,-0.0617871768772602
