x,y,z,q0,q1,q2,q3
0.534444630146027,-0.0476742312312126,1.2574690580368,-0.0221681948751211,-0.0076008103787899,0.736010074615479,-0.676564931869507
0.5345059633255,-0.0478845834732055,1.25743508338928,-0.0223410744220018,-0.0078954631462693,0.735970258712769,-0.676599144935608
0.534599184989929,-0.0476123131811618,1.25720274448395,-0.0216395054012537,-0.0086496984586119,0.73607075214386,-0.676503539085388
0.534599840641022,-0.0477918088436126,1.257115483284,-0.0218258276581764,-0.00882407464087,0.73597240447998,-0.676602184772491
0.53475683927536,-0.047933742403984,1.25705325603485,-0.0218881610780954,-0.0092889927327632,0.736156225204468,-0.676393806934357
0.53367805480957,-0.0476152226328849,1.25548338890076,-0.026274137198925,0.0016539299394935,0.732770204544067,-0.679966688156128
0.533576846122742,-0.0481436885893344,1.25542533397675,-0.0277216490358114,0.0019590542651712,0.732372939586639,-0.680336475372314
0.533715963363647,-0.0480840802192688,1.25531911849976,-0.0271417144685983,0.0008307376410812,0.732629656791687,-0.680085718631744
0.533864915370941,-0.0482141077518463,1.25520551204681,-0.0275105684995651,0.0003397686523385,0.732962012290955,-0.679713070392609
0.533977210521698,-0.0485541671514511,1.25512862205505,-0.0275444779545068,-0.0003666223492473,0.733362972736359,-0.679278910160065
0.53383207321167,-0.0486859008669853,1.25491380691528,-0.0281192176043987,-3.57865792466328e-05,0.733730614185333,-0.678858399391174
0.533649265766144,-0.0486377961933612,1.25444221496582,-0.0268360804766416,-0.0004454460577107,0.733492314815521,-0.679167568683624
0.533644318580627,-0.0488407835364341,1.2543660402298,-0.0272922404110431,-0.0004784102202393,0.732849955558777,-0.679842591285706
0.533518433570862,-0.0490503087639808,1.25430274009705,-0.0281675849109888,-6.86003986629657e-05,0.732726693153381,-0.679939925670624
0.533508539199829,-0.0492290034890174,1.25410223007202,-0.0285701639950275,0.0004176254151389,0.732997238636017,-0.679631412029266
0.533277630805969,-0.0493737421929836,1.25394248962402,-0.0292565487325191,0.0004389256064314,0.733773171901703,-0.678764283657074
0.533331155776978,-0.0494477674365043,1.25394022464752,-0.029622595757246,0.0012107485672459,0.73471611738205,-0.677726686000824
0.533171534538269,-0.0496434345841407,1.25382828712463,-0.0295031368732452,0.0009658727212809,0.735103189945221,-0.677312254905701
0.533171534538269,-0.0496434345841407,1.25382828712463,-0.0295031368732452,0.0009658727212809,0.735103189945221,-0.677312254905701
0.533214211463928,-0.0497434325516223,1.25358176231384,-0.0307557471096515,0.0015831214841455,0.735913693904877,-0.676374614238739
0.532968580722809,-0.049932587891817,1.25345754623413,-0.031430434435606,0.0020988404285162,0.737015724182129,-0.675141334533691
0.532765567302704,-0.0501078367233276,1.25332820415497,-0.0321436934173107,0.0029280059970915,0.737778723239899,-0.674270570278168
0.532646596431732,-0.0501066222786903,1.25321364402771,-0.0325250104069709,0.0036082121077924,0.738711953163147,-0.673226535320282
0.53236311674118,-0.0501800179481506,1.25306022167206,-0.032767180353403,0.0043127406388521,0.739172160625458,-0.672705173492432
0.532336592674255,-0.0501701086759567,1.25298953056335,-0.0329223945736885,0.0048327138647437,0.740314066410065,-0.67143726348877
0.531792461872101,-0.0502439364790916,1.25250363349915,-0.0306564047932624,0.0041572176851332,0.740894913673401,-0.670908272266388
0.53203022480011,-0.0506348796188831,1.25261926651001,-0.0296722389757633,0.002631465671584,0.742952406406403,-0.668681204319
0.531673610210419,-0.0504178181290626,1.25232863426208,-0.0292441342025995,0.0033828318119049,0.74364560842514,-0.667925655841827
0.531817078590393,-0.0507179945707321,1.25259900093079,-0.0308283660560846,0.0041053965687751,0.745334804058075,-0.665964663028717
0.531596601009369,-0.0505784079432487,1.25250959396362,-0.0309079308062791,0.0051410738378763,0.746338307857513,-0.664829015731812
0.531456053256989,-0.0506512820720672,1.25239908695221,-0.0302523896098136,0.0049689253792166,0.747615337371826,-0.663424134254456
0.530945420265198,-0.0503224842250347,1.25211775302887,-0.0312970615923404,0.0074794725514948,0.747591018676758,-0.663379549980164
0.530526220798492,-0.0503210350871086,1.25173568725586,-0.029231172055006,0.0069448915310204,0.748243808746338,-0.662743151187897
0.530430495738983,-0.0500294938683509,1.25181376934052,-0.0307527128607034,0.0086656892672181,0.749256730079651,-0.661508619785309
0.529933869838715,-0.049734953790903,1.25146853923798,-0.0299611501395702,0.0091848513111472,0.749630093574524,-0.661114871501923
0.530322432518005,-0.0499254204332828,1.25185418128967,-0.0308729298412799,0.0087343789637088,0.751889526844025,-0.658508062362671
0.530496954917908,-0.0501231700181961,1.25194346904755,-0.030066767707467,0.007389023900032,0.753861010074615,-0.656304061412811
0.530175685882568,-0.0498059056699276,1.25176024436951,-0.0303242523223161,0.0085945483297109,0.754467308521271,-0.655580520629883
0.530001282691956,-0.0501744225621223,1.25166487693787,-0.0294551886618137,0.0083477795124053,0.755705595016479,-0.654195666313171
0.529769659042358,-0.0499796867370605,1.25153434276581,-0.029352193698287,0.009164853952825,0.756486594676971,-0.653286039829254
0.529574573040009,-0.0499764047563076,1.2514671087265,-0.0289810448884964,0.0091124596074223,0.757436335086823,-0.652202010154724
0.529570519924164,-0.0498807802796363,1.25140011310577,-0.0287005882710218,0.0094060990959405,0.758669316768646,-0.650775551795959
0.529454350471497,-0.0497738122940063,1.25133287906647,-0.0285799801349639,0.0097121149301528,0.759674787521362,-0.649602234363556
0.531219005584717,-0.0510625727474689,1.25403904914856,-0.0293433237820863,-0.0012656382750719,0.765413463115692,-0.642868220806122
0.530991554260254,-0.0509157739579677,1.25388419628143,-0.029277941212058,-0.0006718392251059,0.766158699989319,-0.641983807086945
0.530853807926178,-0.0509714484214782,1.25382518768311,-0.0291094109416008,-0.0002748951374087,0.767174005508423,-0.640778124332428
0.530764758586884,-0.0512430220842361,1.25384521484375,-0.0284814815968275,-0.0005837852950207,0.768266320228577,-0.639496147632599
0.530948162078857,-0.0509778261184692,1.25374174118042,-0.0280917324125766,-0.0005372415180318,0.769810736179352,-0.637653470039368
0.531147718429565,-0.0508362129330635,1.25387501716614,-0.0283233057707548,-0.0006653493619523,0.771210312843323,-0.635949432849884
0.530891060829163,-0.0506256222724914,1.25378668308258,-0.0284964274615049,0.000245610368438,0.77178966999054,-0.635238826274872
0.530981123447418,-0.0508056208491325,1.25382483005524,-0.0279495250433683,8.17285035736859e-05,0.773115575313568,-0.633648931980133
0.530568897724152,-0.0505003705620765,1.25362706184387,-0.0278725959360599,0.001310410327278,0.773338437080383,-0.63337916135788
0.530682921409607,-0.0502968803048133,1.25361716747284,-0.0273806359618902,0.0012881667353212,0.774080514907837,-0.632493615150452
0.530911028385162,-0.0501357018947601,1.25339221954346,-0.0272411610931158,0.0023074448108673,0.776165068149567,-0.629936814308167
0.530606031417847,-0.0506275780498981,1.2537556886673,-0.0278323981910944,0.0019553187303245,0.776856482028961,-0.629059255123138
0.530606031417847,-0.0506275780498981,1.2537556886673,-0.0278323981910944,0.0019553187303245,0.776856482028961,-0.629059255123138
0.530716001987457,-0.0505865179002285,1.25377428531647,-0.0272956304252147,0.0023846663534641,0.779001951217651,-0.626422345638275
0.530870258808136,-0.0504926964640617,1.25376653671265,-0.0275083258748054,0.0026694771368056,0.780177652835846,-0.624947428703308
0.530834794044495,-0.050520084798336,1.25375485420227,-0.0274667534977197,0.0030456632375717,0.781172454357147,-0.623703420162201
0.530796825885773,-0.0503972321748733,1.2537659406662,-0.027145380154252,0.0029122692067176,0.782002508640289,-0.622677147388458
0.530682921409607,-0.0502662286162376,1.25351428985596,-0.0256860591471195,0.0024553553666919,0.782854318618774,-0.62166965007782
0.530661821365356,-0.0503704063594341,1.25364327430725,-0.0261012762784957,0.0030050063505768,0.783917963504791,-0.620308399200439
0.530743420124054,-0.0503004267811775,1.2536289691925,-0.0261768698692321,0.003235867479816,0.784820020198822,-0.619162201881409
0.530960261821747,-0.0502157807350158,1.25365722179413,-0.0260555781424045,0.003104995470494,0.785985350608826,-0.617687940597534
0.531243979930878,-0.0501356124877929,1.25395441055298,-0.0272107496857643,0.0039639174938201,0.787165462970734,-0.61612868309021
0.531486392021179,-0.0501156896352767,1.25403034687042,-0.0270659290254116,0.0037342028226703,0.78835928440094,-0.614607989788055
0.531510710716248,-0.0501091219484806,1.25406777858734,-0.026855556294322,0.0039144647307693,0.789088785648346,-0.613679349422455
0.531663298606873,-0.0501337870955467,1.25414609909058,-0.0269804950803518,0.0038572608027607,0.790033102035522,-0.612458229064941
0.53186047077179,-0.0502233058214187,1.25419425964355,-0.0266554709523916,0.0038908757269382,0.791270554065704,-0.610872566699982
0.532053172588348,-0.050026100128889,1.2542839050293,-0.0268712528049945,0.0038408373948186,0.792079985141754,-0.609813570976257
0.532329261302948,-0.0500105284154415,1.25437760353088,-0.0272166971117258,0.0039842477999627,0.793132305145264,-0.608427941799164
0.532540619373322,-0.0501024276018142,1.25435960292816,-0.0268947146832942,0.0037769984919577,0.794128477573395,-0.607142984867096
0.53292840719223,-0.0500880479812622,1.25435185432434,-0.0267310738563537,0.003692187834531,0.795276880264282,-0.605645716190338
0.533183574676514,-0.0501266606152057,1.25437307357788,-0.0264632049947977,0.0032979000825434,0.796236872673035,-0.604397058486938
0.533428549766541,-0.0501511320471763,1.25439262390137,-0.0262478962540626,0.0031196589116007,0.797123730182648,-0.603237211704254
0.533668637275696,-0.0502349957823753,1.25439083576202,-0.0260765422135591,0.0028730537742376,0.79814475774765,-0.601894378662109
0.53383469581604,-0.0503077581524848,1.25439381599426,-0.0259541887789964,0.0027848095633089,0.798788607120514,-0.601045370101929
0.534107267856598,-0.0505256578326225,1.25433039665222,-0.0251378621906042,0.0021579146850854,0.799746632575989,-0.599807262420654
0.532203137874603,-0.0480919368565082,1.25115537643433,-0.0241356827318668,0.0158346649259328,0.794376850128174,-0.606738984584808
0.534851729869843,-0.0505374893546104,1.25435674190521,-0.0248589720577001,0.001784281572327,0.801530539989471,-0.597434282302856
0.533456265926361,-0.0484123229980468,1.25148415565491,-0.0238203834742307,0.0141408955678343,0.797149956226349,-0.603145658969879
0.535702228546143,-0.0505654364824295,1.25451231002808,-0.0248110704123973,0.0014769015833735,0.803194403648376,-0.595198333263397
0.534090638160706,-0.0486862622201442,1.25144612789154,-0.0227571967989206,0.013607676140964,0.798553884029388,-0.601339101791382
0.534445762634277,-0.0488354563713073,1.25138294696808,-0.0220670886337757,0.0132195716723799,0.799096643924713,-0.600652039051056
0.534865319728851,-0.0488638281822204,1.25142645835876,-0.0219157841056585,0.0130425207316875,0.799726366996765,-0.599822759628296
0.535252094268799,-0.049011617898941,1.25142884254456,-0.0213765781372785,0.0126753505319356,0.800353944301605,-0.599012494087219
0.535628497600555,-0.0491004213690757,1.25139915943146,-0.0209253598004579,0.0125023769214749,0.800847172737122,-0.598372638225555
0.536061227321625,-0.0492388308048248,1.25139796733856,-0.0203703138977289,0.0121243549510836,0.801371157169342,-0.597697794437408
0.536520183086395,-0.0493779256939888,1.25144696235657,-0.0201653242111206,0.0120896678417921,0.801902115345001,-0.596992671489716
0.536649703979492,-0.0491494238376617,1.25123965740204,-0.0202010851353406,0.0134188076481223,0.80145525932312,-0.597562968730927
0.537277162075043,-0.0497147142887115,1.2513587474823,-0.0188162978738546,0.0113532878458499,0.802632033824921,-0.596069693565369
0.537753760814667,-0.0497635118663311,1.25137460231781,-0.0182923860847949,0.0107644936069846,0.803057134151459,-0.595523953437805
0.537753760814667,-0.0497635118663311,1.25137460231781,-0.0182923860847949,0.0107644936069846,0.803057134151459,-0.595523953437805
0.538522124290466,-0.0499389991164207,1.25129342079163,-0.0164335761219263,0.00947199575603,0.803183555603027,-0.595429718494415
0.539008140563965,-0.0501031465828418,1.25134694576263,-0.0166765805333852,0.009773907251656,0.803393006324768,-0.595135390758514
0.539017677307129,-0.0500066690146923,1.25113928318024,-0.0167476069182157,0.0113576482981443,0.80254191160202,-0.596252620220184
0.539718866348267,-0.0504517368972301,1.25130546092987,-0.0155241563916206,0.0093360897153615,0.803412973880768,-0.595146477222443
0.540175080299377,-0.0505037978291511,1.25133311748505,-0.0150849325582385,0.0088446792215108,0.803520083427429,-0.595020771026611
0.54034698009491,-0.0504694059491157,1.25110292434692,-0.0125556727871298,0.0064982743933796,0.803259193897247,-0.595461905002594
0.541063547134399,-0.050405129790306,1.25122332572937,-0.0126196425408124,0.0062545337714254,0.803426027297974,-0.595238029956818
0.541475117206573,-0.0505702942609787,1.25120830535889,-0.0122745428234338,0.0058381520211696,0.803192257881165,-0.595564961433411
0.541684031486511,-0.0507458411157131,1.25117146968842,-0.0117395976558327,0.0056032156571745,0.802677869796753,-0.59627091884613
0.542137503623962,-0.0509308911859989,1.25117349624634,-0.0112426998093724,0.0052527575753629,0.802416026592255,-0.59663599729538
0.544776022434235,-0.0531033463776111,1.25435471534729,-0.0137637555599212,-0.0064050708897411,0.807419240474701,-0.589782774448395
0.545110166072845,-0.0530877783894538,1.25410974025726,-0.0121482741087675,-0.0076604420319199,0.807043015956879,-0.590317904949188
0.545518100261688,-0.0532145202159881,1.2540979385376,-0.0117909526452422,-0.0080284047871828,0.806828916072845,-0.590612947940826
0.545976221561432,-0.0533243268728256,1.25410902500153,-0.011512205004692,-0.0085072303190827,0.806371927261353,-0.591235637664795
0.54621434211731,-0.0533556565642356,1.25415003299713,-0.0114074777811765,-0.0087578883394598,0.805733025074005,-0.592104434967041
0.546617865562439,-0.0534218624234199,1.25421106815338,-0.0114990286529064,-0.0089897802099585,0.805317580699921,-0.592664062976837
0.547059297561646,-0.0533585622906684,1.25423121452332,-0.0112616950646042,-0.0093353502452373,0.804766833782196,-0.593410849571228
0.545484364032745,-0.0513514392077922,1.25153768062592,-0.0109048895537853,0.0031184297986328,0.799007534980774,-0.601214051246643
0.547811448574066,-0.0534791722893714,1.25444674491882,-0.0118384482339024,-0.0090894680470228,0.80361944437027,-0.594956338405609
0.547811448574066,-0.0534791722893714,1.25444674491882,-0.0118384482339024,-0.0090894680470228,0.80361944437027,-0.594956338405609
0.548779785633087,-0.053510021418333,1.25447273254395,-0.011046721599996,-0.0100960601121187,0.802840054035187,-0.596006810665131
0.548962116241455,-0.0535177811980247,1.25433599948883,-0.0102244922891259,-0.0106604108586907,0.801908612251282,-0.597264170646667
0.549157440662384,-0.0535098873078823,1.2543351650238,-0.0100418888032436,-0.0106560783460736,0.801128506660461,-0.598313450813293
0.549157440662384,-0.0535098873078823,1.2543351650238,-0.0100418888032436,-0.0106560783460736,0.801128506660461,-0.598313450813293
0.549641489982605,-0.0535428673028945,1.25434279441833,-0.009798988699913,-0.0109522445127367,0.799604594707489,-0.600346982479095
0.549832820892334,-0.0536025092005729,1.254319190979,-0.00983661506325,-0.011240036226809,0.798835635185242,-0.601364076137543
0.550468444824219,-0.0534813031554222,1.25449597835541,-0.0104677779600024,-0.0114023089408874,0.798565208911896,-0.601709365844727
0.550381362438202,-0.0535403341054916,1.25433540344238,-0.0097890067845582,-0.0115374196320772,0.797455728054047,-0.60318785905838
0.550688028335571,-0.0536173209547996,1.25447332859039,-0.0102733401581645,-0.0115988887846469,0.797041833400726,-0.60372531414032
0.550787508487701,-0.0532930716872215,1.25448679924011,-0.0108641302213072,-0.0110467793419957,0.795842289924622,-0.605305850505829
0.551095485687256,-0.0535321682691574,1.25447058677673,-0.0104809645563364,-0.0116693619638681,0.795540511608124,-0.605697274208069
0.551295161247253,-0.0535039938986301,1.25448870658875,-0.0105011574923992,-0.0117801362648606,0.795023739337921,-0.606373131275177
0.551421523094177,-0.0535688921809196,1.25447368621826,-0.0102711906656622,-0.0120845949277281,0.794250965118408,-0.607382833957672
0.551713049411774,-0.053515613079071,1.25448608398438,-0.0099828438833355,-0.0125833740457892,0.794001698493958,-0.607703447341919
0.55165046453476,-0.0536025986075401,1.25450348854065,-0.0099886488169431,-0.0125076184049248,0.793132066726685,-0.608839273452759
0.55179637670517,-0.0532413236796855,1.25446105003357,-0.0101386094465851,-0.0123499240726232,0.792224943637848,-0.610020101070404
0.551959156990051,-0.053302563726902,1.25448369979858,-0.0100999195128679,-0.0126695455983281,0.791743636131287,-0.610638558864594
0.552079677581787,-0.0531956553459167,1.25438511371613,-0.0096096573397517,-0.0131347719579935,0.791194796562195,-0.611347615718842
0.55225396156311,-0.0532335862517356,1.25454258918762,-0.0101585304364562,-0.0131086017936468,0.790784955024719,-0.61186945438385
0.552478075027466,-0.0531696714460849,1.25453054904938,-0.0102167399600148,-0.0133484872058033,0.790562808513641,-0.612150371074677
0.55251681804657,-0.0536399409174919,1.25449919700623,-0.0096125146374106,-0.0139345601201057,0.790378272533417,-0.612385392189026
0.552845895290375,-0.0535038150846958,1.25447487831116,-0.0094900149852037,-0.0143849486485123,0.790425062179565,-0.612316370010376
0.552953958511353,-0.0535267852246761,1.25442028045654,-0.0093033052980899,-0.0146655375137925,0.790070831775665,-0.612769424915314
0.552822828292847,-0.0535972192883491,1.25440788269043,-0.0092760389670729,-0.0148739283904433,0.789489269256592,-0.613514065742493
0.552788138389587,-0.0533720850944519,1.25433790683746,-0.0096723772585392,-0.0144543871283531,0.788876414299011,-0.614305913448334
0.552871465682983,-0.0533894784748554,1.25430178642273,-0.0096372216939926,-0.0145469373092055,0.788516044616699,-0.614766836166382
0.552882730960846,-0.0534642599523067,1.25425279140472,-0.0096880439668893,-0.0145780323073267,0.788157284259796,-0.615224957466125
0.553091168403625,-0.0536677539348602,1.25423860549927,-0.009537567384541,-0.0152142411097884,0.788317263126373,-0.615006923675537
0.553094923496246,-0.0537295527756214,1.25417709350586,-0.0096708107739686,-0.0152336964383721,0.78803551197052,-0.615365326404572
0.553199589252472,-0.0536881573498249,1.25415289402008,-0.0097281588241457,-0.0153549164533615,0.787889778614044,-0.615547955036163
0.553241491317749,-0.0537134855985641,1.25411069393158,-0.009765887632966,-0.0153621016070246,0.78769838809967,-0.615792155265808
0.553329706192017,-0.0537076443433761,1.25407683849335,-0.0097937891259789,-0.0153874605894088,0.786879897117615,-0.616836667060852
0.553418278694153,-0.05366151034832,1.25405049324036,-0.0098528238013386,-0.015498018823564,0.786831080913544,-0.616895198822021
0.553375065326691,-0.0537622459232807,1.25398397445679,-0.0099465791136026,-0.0153439715504646,0.787087857723236,-0.616569757461548
0.553448796272278,-0.0537095516920089,1.25397038459778,-0.0100020254030823,-0.0154549973085522,0.786533892154694,-0.617272615432739
0.553464412689209,-0.05371955037117,1.25394666194916,-0.0100615946575999,-0.0154442228376865,0.78647392988205,-0.617348372936249
0.553473114967346,-0.053736388683319,1.25392413139343,-0.0101465070620179,-0.0154518652707338,0.786405026912689,-0.617434799671173
0.553473949432373,-0.053747646510601,1.25389206409454,-0.0102152647450566,-0.0154696013778448,0.786373317241669,-0.617473423480988
0.553479552268982,-0.0537670515477657,1.25386738777161,-0.0102741941809654,-0.0154921663925051,0.786337018013,-0.617518126964569
0.55336582660675,-0.0538435131311416,1.25381815433502,-0.0104915359988808,-0.0154781499877572,0.78687858581543,-0.616824746131897
0.553368210792542,-0.0538561902940273,1.25380349159241,-0.0105377044528722,-0.0154482163488864,0.786880433559418,-0.616822063922882
0.553368210792542,-0.0538561902940273,1.25380349159241,-0.0105377044528722,-0.0154482163488864,0.786880433559418,-0.616822063922882
0.553350687026978,-0.0538829751312732,1.2537544965744,-0.0106161786243319,-0.0153648862615227,0.786896049976349,-0.616803050041199
0.553329944610596,-0.0538997203111648,1.25373828411102,-0.0106528177857398,-0.0153340762481093,0.786947667598724,-0.616737186908722
0.553319275379181,-0.0539235286414623,1.25372862815857,-0.0107515677809715,-0.0151595696806907,0.787011802196503,-0.616657972335815
0.553291082382202,-0.0539383552968502,1.25372314453125,-0.0108166364952921,-0.0150919836014509,0.787060618400574,-0.616596221923828
0.553278088569641,-0.0539398379623889,1.25369572639465,-0.0109237972646951,-0.0147761711850762,0.787110865116119,-0.616537809371948
0.553252220153809,-0.0539428256452083,1.25370144844055,-0.0109973587095737,-0.014659846201539,0.787158310413361,-0.616478860378265
0.553229987621307,-0.0539246499538421,1.25370454788208,-0.0110453432425856,-0.0145591525360941,0.78729909658432,-0.616300463676453
0.553201794624329,-0.053914688527584,1.25372564792633,-0.0110845249146223,-0.0143908951431512,0.78739196062088,-0.616185069084167
0.553172707557678,-0.0539016351103782,1.25372159481049,-0.0111040500923991,-0.0142423855140805,0.787474930286407,-0.61608213186264
0.553135752677917,-0.0538922026753425,1.25372624397278,-0.0111502669751644,-0.0141075039282441,0.787555754184723,-0.615980982780457
0.553103804588318,-0.0538947656750679,1.25372755527496,-0.0111922333016991,-0.0139661226421594,0.787655234336853,-0.615856349468231
0.553064525127411,-0.053886916488409,1.25373136997223,-0.0112383225932717,-0.0138316629454493,0.787748694419861,-0.615738928318024
0.553064525127411,-0.053886916488409,1.25373136997223,-0.0112383225932717,-0.0138316629454493,0.787748694419861,-0.615738928318024
0.552978038787842,-0.0538692511618137,1.25373303890228,-0.0113202463835477,-0.013573445379734,0.787991344928741,-0.615432620048523
0.552938640117645,-0.0538560152053833,1.25373435020447,-0.0113741094246506,-0.0134424678981304,0.788087010383606,-0.615311980247498
0.552914440631866,-0.0538517385721206,1.25374031066895,-0.0113858515396714,-0.0133997574448585,0.788210034370422,-0.615155160427094
0.552886426448822,-0.0538365989923477,1.25373899936676,-0.0113843884319067,-0.0132872527465224,0.788344919681549,-0.614984691143036
0.552871644496918,-0.0538194291293621,1.25374114513397,-0.0113686611875891,-0.0132641764357686,0.788500726222992,-0.614785730838776
0.552851557731628,-0.0538066588342189,1.25374317169189,-0.0113280303776264,-0.0132117848843336,0.788608253002167,-0.614649713039398
0.552842438220978,-0.0537965670228004,1.25372815132141,-0.0112832384184002,-0.0132248941808938,0.788734138011932,-0.614488661289215
0.552842438220978,-0.0537965670228004,1.25372815132141,-0.0112832384184002,-0.0132248941808938,0.788734138011932,-0.614488661289215
0.552816927433014,-0.0537659227848053,1.25378203392029,-0.0113098006695508,-0.0131384413689374,0.789056241512299,-0.614076316356659
0.552908420562744,-0.053655169904232,1.25386190414429,-0.0115076964721083,-0.0129699548706412,0.789309859275818,-0.613750159740448
0.553087890148163,-0.0535654015839099,1.25386464595795,-0.0113053349778056,-0.0131498528644442,0.789707362651825,-0.613238573074341
0.553087890148163,-0.0535654015839099,1.25386464595795,-0.0113053349778056,-0.0131498528644442,0.789707362651825,-0.613238573074341
0.552899241447449,-0.0536730177700519,1.25387024879456,-0.0110904444009065,-0.0127462744712829,0.789569497108459,-0.613428592681885
0.552886843681335,-0.0536602474749088,1.25385737419128,-0.0110753271728754,-0.0127700036391615,0.789724767208099,-0.613228619098663
0.552895128726959,-0.0536659657955169,1.25386726856232,-0.0108439475297927,-0.0126373404636979,0.789795398712158,-0.613144338130951
0.552876114845276,-0.0536142364144325,1.2538446187973,-0.010749414563179,-0.0125632947310805,0.789833426475525,-0.613098740577698
0.552865624427795,-0.0536034926772117,1.25381851196289,-0.0107286907732486,-0.012630982324481,0.789978682994843,-0.612910330295563
0.552828252315521,-0.0536345802247524,1.25379109382629,-0.0106053221970796,-0.012536235153675,0.790031909942627,-0.612845838069916
0.552828252315521,-0.0536345802247524,1.25379109382629,-0.0106053221970796,-0.012536235153675,0.790031909942627,-0.612845838069916
0.552778303623199,-0.0536762811243534,1.25373136997223,-0.0101522458717226,-0.0125842373818159,0.790163636207581,-0.61268275976181
0.552759349346161,-0.0536503531038761,1.25368571281433,-0.0099433651193976,-0.0124516943469643,0.790152609348297,-0.612702906131744
0.552707195281982,-0.0536897368729114,1.25366067886353,-0.0098013198003172,-0.0123476013541221,0.790176868438721,-0.612676203250885
0.552704811096191,-0.0536869205534458,1.25364768505096,-0.0096472706645727,-0.0122739607468247,0.790252923965454,-0.61258190870285
0.552687585353851,-0.053687211126089,1.25361168384552,-0.0093908170238137,-0.0122455712407827,0.790323376655579,-0.612495720386505
0.552683472633362,-0.0536924973130226,1.25359988212585,-0.0092515163123607,-0.012227613478899,0.790427684783936,-0.612363576889038
0.552446603775024,-0.0534027963876724,1.25350594520569,-0.0095225796103477,-0.0113105839118361,0.789911806583405,-0.613042175769806
0.552654564380646,-0.0533925965428352,1.25352811813354,-0.0092221777886152,-0.0117573514580726,0.79044097661972,-0.612356066703796
0.552648723125458,-0.0533910952508449,1.25352239608765,-0.009102095849812,-0.0117442440241575,0.790583789348602,-0.612173557281494
0.55264812707901,-0.0533896274864673,1.2535138130188,-0.0089776245877146,-0.0117230787873268,0.790704786777496,-0.612019598484039
0.552636563777924,-0.0533910617232322,1.25352370738983,-0.0088078919798135,-0.0116644045338034,0.790850758552551,-0.611834585666656
0.552623987197876,-0.0533835254609584,1.25351548194885,-0.0087095499038696,-0.0116202421486377,0.791030168533325,-0.611604928970337
0.552626490592957,-0.0533564537763595,1.25352966785431,-0.00865382514894,-0.0116924177855253,0.791182219982147,-0.611407577991486
0.552756488323212,-0.0531868711113929,1.25343537330627,-0.0080489572137594,-0.0120036862790584,0.791549146175385,-0.610934674739838
0.552742421627045,-0.053191103041172,1.25342857837677,-0.0079874387010931,-0.0119650904089212,0.791747450828552,-0.61067920923233
0.552706599235535,-0.0532009452581405,1.25343298912048,-0.0079520596191287,-0.0118349716067314,0.791901469230652,-0.610482394695282
0.552686274051666,-0.0531810745596885,1.25343382358551,-0.0078717609867453,-0.0116705363616347,0.792171895503998,-0.610135734081268
0.552649676799774,-0.0531685203313827,1.25345420837402,-0.0079267201945185,-0.0116352317854762,0.792345285415649,-0.609910547733307
0.552480399608612,-0.0531277656555175,1.25347316265106,-0.0079396478831768,-0.0111637646332383,0.792280435562134,-0.610003411769867
0.552449464797974,-0.0531351342797279,1.25351095199585,-0.0079042771831154,-0.0111044188961386,0.792514145374298,-0.609701216220856
0.552406311035156,-0.0532538145780563,1.25359261035919,-0.0077051371335983,-0.0112266726791858,0.792833209037781,-0.609286725521088
0.552274644374847,-0.0531784929335117,1.25363636016846,-0.0077814371325075,-0.0108385449275374,0.79274046421051,-0.609413266181946
0.552232682704926,-0.0531385131180286,1.25370740890503,-0.0077292942441999,-0.0107724713161587,0.793185174465179,-0.60883617401123
0.552231550216675,-0.0531280636787414,1.25383162498474,-0.007873497903347,-0.0107271438464522,0.793387532234192,-0.608571469783783
0.552233695983887,-0.0531052090227603,1.25391530990601,-0.0078412778675556,-0.0107181714847683,0.793598234653473,-0.608297228813171
0.552478492259979,-0.0534176230430603,1.25409555435181,-0.0073695676401257,-0.0116292173042893,0.794441938400269,-0.607184112071991
0.552270114421844,-0.0531595945358276,1.25419163703918,-0.00814491789788,-0.0105464858934283,0.79397714138031,-0.607801556587219
0.552269041538239,-0.053140141069889,1.25428807735443,-0.0080724256113171,-0.0105357049033045,0.794121146202087,-0.607614636421204
0.552267253398895,-0.053130354732275,1.25438570976257,-0.0080283638089895,-0.0105614773929119,0.79428231716156,-0.607403874397278
0.552269339561462,-0.0530880540609359,1.25445604324341,-0.007835192605853,-0.0105957025662064,0.794383108615875,-0.607274234294891
0.552285015583038,-0.0530916899442672,1.25458955764771,-0.007796177174896,-0.0105671025812625,0.794587135314941,-0.607008218765259
0.552302479743958,-0.0530724599957466,1.25466346740723,-0.0076970388181507,-0.0105723394080996,0.794670701026917,-0.606899976730347
0.552552998065948,-0.0533660575747489,1.25484311580658,-0.0071500265039503,-0.0114148333668708,0.795385777950287,-0.605953931808472
0.552745699882507,-0.053280085325241,1.2549113035202,-0.0068783280439674,-0.0115970689803361,0.795725286006927,-0.605507671833038
0.552778840065002,-0.0532563924789428,1.25498068332672,-0.0067204539664089,-0.0116929458454251,0.79579371213913,-0.605417668819427
0.552793443202972,-0.0532344654202461,1.25502002239227,-0.0066363397054374,-0.011707960627973,0.795795559883118,-0.605415880680084
0.552813410758972,-0.0532052628695964,1.25508618354797,-0.0064148963429033,-0.0115941474214196,0.795722901821136,-0.605516016483307
0.552800714969635,-0.0530820116400718,1.25504171848297,-0.0059471181593835,-0.0116748791188001,0.795600354671478,-0.605680227279663
0.552745640277863,-0.0531270578503608,1.25506973266602,-0.0057370904833078,-0.0116433268412947,0.795416593551636,-0.605924248695374
0.552773833274841,-0.0530845634639263,1.25509595870972,-0.0056277685798704,-0.0116406725719571,0.795338869094849,-0.606027245521545
0.552834033966064,-0.0531129091978073,1.25518000125885,-0.0058268844150006,-0.0114864744246006,0.795199036598206,-0.606211721897125
0.552834033966064,-0.0531129091978073,1.25518000125885,-0.0058268844150006,-0.0114864744246006,0.795199036598206,-0.606211721897125
0.552918910980225,-0.0529932901263237,1.25521087646484,-0.0055917375721037,-0.0113473189994692,0.794953644275665,-0.60653829574585
0.552959740161896,-0.0529372543096542,1.25523197650909,-0.0053156628273427,-0.0111809708178043,0.794730842113495,-0.606835722923279
0.552972555160522,-0.0528800971806049,1.25523674488068,-0.0052508316002786,-0.0110210543498396,0.794538378715515,-0.60709136724472
0.552773654460907,-0.0526692904531955,1.25530159473419,-0.0056079253554344,-0.0107070133090019,0.793880641460419,-0.607953429222107
0.552794516086578,-0.0526287667453289,1.25530695915222,-0.005522811319679,-0.0106197902932763,0.793707013130188,-0.608182489871979
0.552807569503784,-0.0525802262127399,1.25533676147461,-0.0053999945521354,-0.010460534133017,0.793582439422607,-0.608348965644836
0.553089678287506,-0.0527036413550376,1.25529742240906,-0.0049677644856274,-0.0106033412739634,0.794019341468811,-0.607779860496521
0.553241610527039,-0.0525616109371185,1.25536298751831,-0.0052966522052884,-0.0105888033285737,0.793977022171021,-0.607832551002502
0.553261697292328,-0.0525291748344898,1.25536894798279,-0.0052620940841734,-0.0104897459968924,0.793832898139954,-0.60802286863327
0.553165972232819,-0.0526131018996238,1.25535297393799,-0.0049924487248063,-0.01057237572968,0.793572783470154,-0.608363032341003
0.553204298019409,-0.0525915808975696,1.25536966323853,-0.0049525033682584,-0.0105283707380294,0.79333770275116,-0.608670651912689
0.553239345550537,-0.0525694638490676,1.25538170337677,-0.0050328099168837,-0.0105208922177553,0.793192088603973,-0.608859896659851
0.55320543050766,-0.0524348206818103,1.25529766082764,-0.0046004052273929,-0.0106756146997213,0.792940616607666,-0.609188258647919
0.553251504898071,-0.0524512976408004,1.25530540943146,-0.0046271895989775,-0.0106887882575392,0.792771875858307,-0.609407067298889
0.552955627441406,-0.0523308627307415,1.25535237789154,-0.0050724786706268,-0.0103973839432001,0.792038261890411,-0.610361933708191
0.553205966949463,-0.0525070168077945,1.25531697273254,-0.0047588092274963,-0.0105967409908771,0.792396008968353,-0.609896421432495
0.553223073482513,-0.0525307953357696,1.25531458854675,-0.004769783001393,-0.0106087941676378,0.792278110980988,-0.610049188137054
0.553313732147217,-0.0525039471685886,1.2553186416626,-0.0048105441965162,-0.0107488734647631,0.792264103889465,-0.610064685344696
0.553324699401855,-0.0525403097271919,1.25529098510742,-0.0049404227174818,-0.0107867922633886,0.792064964771271,-0.610321521759033
0.553363680839539,-0.0526531599462032,1.25538325309753,-0.0054737972095608,-0.0106886187568306,0.792015790939331,-0.610382437705994
0.553316712379456,-0.0527103841304779,1.25537967681885,-0.005519364029169,-0.0105803487822413,0.791739642620087,-0.610742092132568
0.553324222564697,-0.052741914987564,1.2553733587265,-0.0056210858747363,-0.0106145245954394,0.791511058807373,-0.611036896705627
0.553076863288879,-0.0525878332555294,1.25538730621338,-0.0059396456927061,-0.010470843873918,0.7908034324646,-0.611951947212219
0.552814722061157,-0.052207987755537,1.25505447387695,-0.0061640590429306,-0.0087890308350324,0.789850473403931,-0.61320549249649
0.552599430084229,-0.0521023273468017,1.25512170791626,-0.0066022402606904,-0.008686164394021,0.789177715778351,-0.61406809091568
0.553413510322571,-0.0526219829916954,1.25532507896423,-0.005937120411545,-0.0107170511037111,0.790697395801544,-0.612084627151489
0.553396642208099,-0.0526912696659565,1.25530886650085,-0.0059638358652591,-0.0106556871905922,0.790488302707672,-0.612355470657349
0.553433895111084,-0.0526507310569286,1.25530576705933,-0.0060366662219166,-0.0107093155384063,0.790357649326324,-0.61252236366272
0.553144931793213,-0.0526523701846599,1.25531363487244,-0.0063520153053104,-0.0104025648906826,0.789613008499146,-0.613484144210815
0.553175032138824,-0.0526545085012912,1.25529956817627,-0.0063926232978701,-0.0104940645396709,0.78953218460083,-0.613586008548737
0.553175985813141,-0.0526907742023468,1.25531530380249,-0.0064474283717572,-0.010586948134005,0.789377450942993,-0.613783061504364
0.553197681903839,-0.0526881478726863,1.25529658794403,-0.0065018646419048,-0.0106458375230431,0.789263546466827,-0.613927841186523
0.553221821784973,-0.0527199432253837,1.25527954101562,-0.0064841983839869,-0.0107314586639404,0.789173126220703,-0.61404287815094
0.553231179714203,-0.0525023750960826,1.25508284568787,-0.0066865268163383,-0.0101175885647535,0.788824796676636,-0.614498555660248
0.553268313407898,-0.0525408275425434,1.25506281852722,-0.0066346353851258,-0.0102080414071679,0.788759469985962,-0.614581346511841
0.553298890590668,-0.0525933168828487,1.2550231218338,-0.0066268714144825,-0.0103339459747076,0.788688659667969,-0.614670276641846
0.553335189819336,-0.0526305995881557,1.25499832630157,-0.0065375277772545,-0.0104005746543407,0.788630247116089,-0.614745020866394
0.553359866142273,-0.0527102835476398,1.25497448444366,-0.0064151817932724,-0.010466469451785,0.788576781749725,-0.61481374502182
0.553394258022308,-0.0527697019279003,1.25493633747101,-0.0063129370100796,-0.0105172023177146,0.788509249687195,-0.614900588989258
0.553431034088135,-0.0528134629130363,1.25491571426392,-0.0062629412859678,-0.0105936545878648,0.78851443529129,-0.61489325761795
0.553473174571991,-0.052851915359497,1.25489974021912,-0.006175912450999,-0.0106355044990777,0.788488209247589,-0.614926874637604
0.553515017032623,-0.0528490245342254,1.25490522384644,-0.0061742374673485,-0.0106413615867495,0.788429260253906,-0.615002453327179
0.553549230098724,-0.0528768077492713,1.2548840045929,-0.0061177257448434,-0.0106544103473424,0.788425803184509,-0.615007221698761
0.553495407104492,-0.0529769584536552,1.25485897064209,-0.0060940934345126,-0.0105349514633417,0.788274228572845,-0.615203678607941
0.55356627702713,-0.053026832640171,1.25480997562408,-0.0059793977998197,-0.0103372680023312,0.788299560546875,-0.615175783634186
0.553560197353363,-0.0530615635216236,1.25481283664703,-0.0059953527525067,-0.0102920569479465,0.788237690925598,-0.61525571346283
0.553590595722198,-0.0530761256814003,1.25477778911591,-0.0059010437689721,-0.0102086663246154,0.788260757923126,-0.615228414535522
0.553574681282043,-0.0530493408441543,1.25479733943939,-0.0058927405625581,-0.0102972313761711,0.788179397583008,-0.61533135175705
0.553580224514008,-0.0530262216925621,1.25478792190552,-0.0058447779156267,-0.0102659510448575,0.788187682628632,-0.615321576595306
0.553310990333557,-0.0529404431581497,1.2547562122345,-0.0060848966240882,-0.0097541650757193,0.787660181522369,-0.616002798080444
0.553306698799133,-0.0529464893043041,1.25473916530609,-0.0059901815839111,-0.0097259050235152,0.787678301334381,-0.615980982780457
0.553253650665283,-0.0529727078974247,1.25472950935364,-0.0058521395549178,-0.0097653530538082,0.787667334079742,-0.615995705127716
0.553208947181702,-0.0529830232262611,1.25467395782471,-0.0055837929248809,-0.0097656920552253,0.787672519683838,-0.615991592407227
0.553200423717499,-0.052951980382204,1.25467872619629,-0.0056046280078589,-0.009720966219902,0.78773707151413,-0.615909278392792
0.553183853626251,-0.0529353953897953,1.25466728210449,-0.0055689080618321,-0.0096945073455572,0.787836313247681,-0.615783333778381
0.553142726421356,-0.0528962351381778,1.25462889671326,-0.0054313614964485,-0.0095268562436103,0.787916719913483,-0.615684151649475
0.553113341331482,-0.0529048815369606,1.25459933280945,-0.0052314074710011,-0.0095134172588586,0.787992656230927,-0.615588963031769
0.55308073759079,-0.0528770834207534,1.25458407402039,-0.0051811221055686,-0.0094221318140625,0.788068175315857,-0.615494012832642
0.553075969219208,-0.0528407022356987,1.25459456443787,-0.0050833881832659,-0.0093616368249058,0.788233876228333,-0.61528354883194
0.553085088729858,-0.0528294779360294,1.25458979606628,-0.0050187404267489,-0.0093857292085886,0.788406252861023,-0.615062952041626
0.553089141845703,-0.0528323575854301,1.25463008880615,-0.0050593554042279,-0.009438244625926,0.788584411144257,-0.614833116531372
0.553123474121094,-0.0527758486568927,1.25462913513184,-0.0048787971027195,-0.009341886267066,0.788816928863525,-0.6145378947258
0.553188681602478,-0.0527947731316089,1.25470542907715,-0.0049261203967034,-0.0096201058477163,0.789139270782471,-0.614119231700897
0.553109526634216,-0.0527913607656955,1.2546135187149,-0.0043003396131098,-0.0100072938948869,0.789229810237885,-0.614001512527466
0.553189635276794,-0.0529378913342952,1.25463449954987,-0.0040912632830441,-0.0103721348568797,0.789641559123993,-0.61346709728241
0.553219318389893,-0.0529272630810737,1.2546249628067,-0.0040934910066425,-0.0104082338511943,0.789894282817841,-0.613141059875488
0.553232908248901,-0.0529416613280773,1.25461840629578,-0.0041120802052319,-0.010573155246675,0.790121138095856,-0.612845718860626
0.553232908248901,-0.0529416613280773,1.25461840629578,-0.0041120802052319,-0.010573155246675,0.790121138095856,-0.612845718860626
0.553265571594238,-0.0530113279819488,1.25462532043457,-0.0041510215960443,-0.0108696045354008,0.790571212768555,-0.612259685993195
0.553300559520721,-0.0530285499989986,1.25467538833618,-0.0044316174462437,-0.0109521057456731,0.790870130062103,-0.611870050430298
0.553284347057343,-0.0529890693724155,1.25457143783569,-0.0040141716599464,-0.0112697519361972,0.791055917739868,-0.611626923084259
0.553284347057343,-0.0529890693724155,1.25457143783569,-0.0040141716599464,-0.0112697519361972,0.791055917739868,-0.611626923084259
0.553434669971466,-0.0530438981950283,1.25469827651978,-0.0047973380424082,-0.0114015294238924,0.791751861572266,-0.610717713832855
0.553406298160553,-0.053085371851921,1.2546671628952,-0.0049174185842275,-0.0116243632510304,0.792265176773071,-0.610046446323395
0.553582549095154,-0.0532294623553752,1.25461840629578,-0.0047053210437297,-0.0119453649967908,0.792907357215881,-0.609207034111023
0.553577184677124,-0.0532885305583477,1.25458741188049,-0.0047650877386331,-0.0120952911674976,0.793135643005371,-0.608906388282776
0.55358099937439,-0.053335852921009,1.25455677509308,-0.0047932551242411,-0.0122272279113531,0.793364703655243,-0.608604967594147
0.553393602371216,-0.0533014833927154,1.25454759597778,-0.0050362753681838,-0.0121242459863424,0.793191015720367,-0.608831405639648
0.55344831943512,-0.0532971993088722,1.25450313091278,-0.0050189974717795,-0.0123887080699205,0.793464004993439,-0.608470439910889
0.5533686876297,-0.0534510388970375,1.25442385673523,-0.004725759383291,-0.0125342290848493,0.793558478355408,-0.608346581459045
0.553512990474701,-0.0533743053674697,1.25445353984833,-0.0049853269010782,-0.0126238707453012,0.793884873390198,-0.607916653156281
0.553466200828552,-0.0532570295035839,1.25440096855164,-0.0050995456986129,-0.0124823013320565,0.793879151344299,-0.60792601108551
0.553387045860291,-0.0533421337604522,1.25431275367737,-0.0047998945228755,-0.0125099429860711,0.793870389461517,-0.607939481735229
0.553406655788422,-0.0533662140369415,1.25428795814514,-0.0047954991459846,-0.0125929741188883,0.794023513793945,-0.60773777961731
0.55342561006546,-0.0533907003700733,1.25427258014679,-0.0047339973971247,-0.0126281585544347,0.794129908084869,-0.607598543167114
0.553468644618988,-0.0533612519502639,1.25429582595825,-0.0046780593693256,-0.0128901489078998,0.794254541397095,-0.607430636882782
0.553468406200409,-0.0533856451511383,1.25426983833313,-0.0047939922660589,-0.0128280939534306,0.794520795345306,-0.607082664966583
0.553474485874176,-0.053356759250164,1.25424087047577,-0.0046630227006971,-0.012830039486289,0.794553637504578,-0.607040524482727
0.553511440753937,-0.0533845722675323,1.25425660610199,-0.0046620676293969,-0.0128040919080376,0.794524848461151,-0.607078731060028
0.553542733192444,-0.0533874370157718,1.2542644739151,-0.0046616527251899,-0.0128056518733501,0.79457288980484,-0.607015788555145
0.553578555583954,-0.0533755905926227,1.25428557395935,-0.00460469070822,-0.0127448076382279,0.79458099603653,-0.607006967067719
0.55363255739212,-0.0533658415079116,1.25429964065552,-0.0047023547813296,-0.0126654338091611,0.794625878334045,-0.606949090957642
0.553662598133087,-0.053349494934082,1.254310131073,-0.0046974578872323,-0.012725624255836,0.794621169567108,-0.606954216957092
0.55370306968689,-0.0533362627029418,1.25431966781616,-0.0047026849351823,-0.0127725815400481,0.794618666172028,-0.606956422328949
0.553707301616669,-0.0533251725137233,1.25431132316589,-0.004732359200716,-0.0126680955290794,0.794542610645294,-0.607057869434357
0.553740382194519,-0.0533091500401496,1.25431776046753,-0.0047107548452913,-0.0127484425902366,0.794526934623718,-0.60707688331604
0.553778409957886,-0.0532891154289245,1.25432848930359,-0.0047158482484519,-0.0127868819981813,0.794510126113892,-0.607097983360291
0.55381441116333,-0.0532852485775947,1.25433313846588,-0.0047545786947011,-0.0128727443516254,0.794509649276733,-0.607096552848816
0.553861081600189,-0.0532780215144157,1.25433504581451,-0.0047641727142035,-0.0129518844187259,0.794512271881104,-0.60709136724472
0.553898930549622,-0.0532605201005935,1.25433611869812,-0.0048240888863801,-0.0130469733849167,0.794512748718262,-0.607088327407837
0.554208636283875,-0.0531791485846042,1.25465452671051,-0.0068349698558449,-0.0122293783351778,0.794837117195129,-0.606661200523376
0.554229080677032,-0.0531867109239101,1.25464022159576,-0.0068301134742796,-0.0123256221413612,0.794840633869171,-0.606654763221741
0.554242789745331,-0.0531889982521534,1.25461900234222,-0.0068826135247945,-0.0124350544065237,0.794847905635834,-0.606642365455627
0.554272770881653,-0.0531944260001182,1.25459814071655,-0.0069691520184278,-0.0125246169045567,0.794881880283356,-0.606594979763031
0.55430394411087,-0.0532007366418838,1.25457680225372,-0.007026441860944,-0.0126077085733413,0.794934570789337,-0.606523513793945
0.554328262805939,-0.0531934536993503,1.25454902648926,-0.00713782152161,-0.0127212116494774,0.794980704784393,-0.606459438800812
0.554351985454559,-0.0531912818551063,1.25453639030457,-0.0072313104756176,-0.0127969859167933,0.795031785964966,-0.60638964176178
0.554383099079132,-0.0532084517180919,1.25451159477234,-0.0073123360052704,-0.0129016377031803,0.795119881629944,-0.606270909309387
0.554427206516266,-0.0531926974654197,1.25447654724121,-0.0074751656502485,-0.012965889647603,0.79515266418457,-0.606224775314331
0.5544593334198,-0.0532128438353538,1.25445890426636,-0.0075520989485085,-0.0130868414416909,0.795260012149811,-0.606080234050751
0.55451488494873,-0.053247645497322,1.25443482398987,-0.0075732725672423,-0.0132136987522244,0.795426666736603,-0.605858385562897
0.55448991060257,-0.0532795116305351,1.25441002845764,-0.0076648779213428,-0.0132703129202127,0.795470833778381,-0.605798184871674
0.554563403129578,-0.0532830506563186,1.25439417362213,-0.0077086873352527,-0.0134360641241073,0.795680463314056,-0.605518579483032
0.554599463939667,-0.053290769457817,1.25439941883087,-0.0077592115849256,-0.013582912273705,0.795876383781433,-0.605257034301758
0.554519891738892,-0.0533191412687301,1.25439608097076,-0.0079679442569613,-0.0135840503498911,0.795852780342102,-0.605285346508026
0.554537117481232,-0.0533277913928031,1.25438237190247,-0.0080594876781106,-0.0136887757107615,0.796011686325073,-0.605072915554047
0.554573893547058,-0.0533467642962932,1.25435793399811,-0.0082654068246483,-0.0139011414721608,0.796181678771973,-0.604841470718384
0.554599940776825,-0.0533953011035919,1.2543420791626,-0.008397152647376,-0.0139862317591905,0.796399593353271,-0.604550778865814
0.554625272750854,-0.0534149818122386,1.25432777404785,-0.0084627233445644,-0.0140820881351828,0.796599566936493,-0.604283928871155
0.5547114610672,-0.0534088239073753,1.25432455539703,-0.0085498951375484,-0.0143276089802384,0.796893894672394,-0.603888809680939
0.555054605007172,-0.0538085624575614,1.25444722175598,-0.0081563591957092,-0.0155994538217782,0.797916829586029,-0.602510631084442
0.555209636688232,-0.0537387058138847,1.25451064109802,-0.008532497100532,-0.0157657545059919,0.798300325870514,-0.601992785930634
0.555257976055145,-0.0537505932152271,1.25450134277344,-0.0085627203807234,-0.0159078054130077,0.798504590988159,-0.601717591285706
0.555109560489655,-0.0534925535321235,1.25445663928986,-0.0090971449390053,-0.0152603182941675,0.798156917095184,-0.60218757390976
0.555361807346344,-0.0538488216698169,1.25450313091278,-0.0087152272462844,-0.0161657202988863,0.798961818218231,-0.601101279258728
0.555393815040588,-0.0538440980017185,1.25452280044556,-0.0089759910479187,-0.0162182915955781,0.799312591552734,-0.600629508495331
0.55547696352005,-0.0538390576839447,1.25449633598328,-0.0090703358873724,-0.016245162114501,0.79955667257309,-0.600302338600159
0.555537462234497,-0.0538539849221706,1.25449514389038,-0.0091481572017073,-0.0163668505847454,0.799770951271057,-0.600012362003326
0.555160403251648,-0.0534582808613777,1.25424754619598,-0.0091217877343297,-0.0155196720734238,0.798955023288727,-0.601121366024017
0.555196583271027,-0.053532637655735,1.25422954559326,-0.009364559315145,-0.015439961105585,0.798958122730255,-0.601115584373474
0.555292248725891,-0.053572192788124,1.2542519569397,-0.009537941776216,-0.0154471062123775,0.799176394939423,-0.600822389125824
0.555376827716827,-0.0536007285118103,1.25423038005829,-0.0095291230827569,-0.0156331919133663,0.799389362335205,-0.600534439086914
0.555349946022034,-0.05358562245965,1.25411701202393,-0.0093774581328034,-0.0154865533113479,0.799360573291779,-0.600578904151917
0.555468022823334,-0.0535548850893974,1.25408983230591,-0.0093543678522109,-0.0156106892973184,0.799548625946045,-0.600325703620911
0.555564284324646,-0.0535695701837539,1.25407838821411,-0.0094049340113997,-0.015744999051094,0.799715161323547,-0.600099623203278
0.556167960166931,-0.0541696026921272,1.25433361530304,-0.0088859340175986,-0.017823077738285,0.80117928981781,-0.598093032836914
0.556173324584961,-0.0539412498474121,1.25428771972656,-0.009168742224574,-0.0175195671617984,0.800983846187592,-0.59835946559906
0.556121408939362,-0.054306324571371,1.2539519071579,-0.0069715706631541,-0.0189140867441892,0.801219522953033,-0.598030865192413
0.556256353855133,-0.0543297380208969,1.25397598743439,-0.0072527327574789,-0.0190988574177026,0.801384925842285,-0.597800195217133
0.556365609169006,-0.0542868487536907,1.25388300418854,-0.0066853472962975,-0.0196640938520431,0.801432728767395,-0.597724318504333
0.556403934955597,-0.0543673932552337,1.25382196903229,-0.0064807450398802,-0.019828638061881,0.801410257816315,-0.597751200199127
0.556509435176849,-0.0543910562992095,1.25380265712738,-0.0064152353443205,-0.0200075525790452,0.80144065618515,-0.597705185413361
0.556705296039581,-0.0543695129454135,1.25379085540771,-0.0065272394567728,-0.0200903750956058,0.80160665512085,-0.597478568553925
0.556778490543365,-0.0544126443564891,1.25377309322357,-0.0065742442384362,-0.0202920846641063,0.801575660705566,-0.59751284122467
0.556985259056091,-0.0544165819883346,1.25382804870605,-0.0068054809235036,-0.0204953327775001,0.801733374595642,-0.597291707992554
0.557334721088409,-0.054457351565361,1.25403010845184,-0.0078752608969807,-0.0203741639852523,0.802115380764008,-0.596769452095032
0.55741286277771,-0.0544742792844772,1.25406122207642,-0.007991062477231,-0.0205979831516742,0.802071452140808,-0.596819341182709
0.557539045810699,-0.0545101463794708,1.25402867794037,-0.00791169796139,-0.0209316462278366,0.802149176597595,-0.596704363822937
0.557673394680023,-0.0545303113758564,1.25401604175568,-0.0078793680295348,-0.0212289318442344,0.80224621295929,-0.596563756465912
0.557830929756165,-0.054533265531063,1.25404071807861,-0.0079983863979578,-0.0214706044644117,0.802392601966858,-0.596356689929962
0.557969748973846,-0.0545679479837417,1.25402569770813,-0.0080276587978005,-0.0219004116952419,0.802504181861877,-0.596190452575684
0.558124721050262,-0.0545688793063163,1.25402975082397,-0.0079837441444396,-0.0222480427473783,0.802681982517242,-0.595938563346863
0.558340847492218,-0.0546429678797721,1.25405371189117,-0.0079166265204548,-0.0226023402065038,0.803003251552582,-0.595493316650391
0.55851149559021,-0.054684218019247,1.25407814979553,-0.0077457181178033,-0.0230435859411954,0.803172767162323,-0.595250010490417
0.558718502521515,-0.0546726509928703,1.25407421588898,-0.0075261886231601,-0.0234358794987201,0.80343097448349,-0.594889044761658
0.558718502521515,-0.0546726509928703,1.25407421588898,-0.0075261886231601,-0.0234358794987201,0.80343097448349,-0.594889044761658
0.558721244335175,-0.0542553476989269,1.25399780273438,-0.0082386741414666,-0.0221434887498617,0.802855908870697,-0.595704913139343
0.558997333049774,-0.0543436557054519,1.25406050682068,-0.0080249020829796,-0.0226907487958669,0.803231954574585,-0.595180153846741
0.559715986251831,-0.0549535900354385,1.25423657894135,-0.0070372344925999,-0.024665342643857,0.804555952548981,-0.59332275390625
0.559780955314636,-0.0547231398522853,1.25414228439331,-0.0070397015661001,-0.0242747329175472,0.804317355155945,-0.593662261962891
0.559934377670288,-0.0546747222542762,1.25415766239166,-0.0069817961193621,-0.0244382172822952,0.804333567619324,-0.593634128570557
0.560239911079407,-0.0547628179192543,1.25417768955231,-0.0068319863639771,-0.0247433558106422,0.804653704166412,-0.593189418315887
0.560563027858734,-0.0548058822751045,1.25423943996429,-0.006833859719336,-0.025107242166996,0.804918766021729,-0.592814266681671
0.560969293117523,-0.0549230128526687,1.25424790382385,-0.0065367240458726,-0.0258163958787918,0.8052898645401,-0.592283070087433
0.56109607219696,-0.0550682209432125,1.25418865680695,-0.0060862367972731,-0.0262021776288747,0.805164277553558,-0.592441618442535
0.561362862586975,-0.0551914870738983,1.25416696071625,-0.0057778088375926,-0.0266703721135854,0.805211544036865,-0.59235942363739
0.561726093292236,-0.0552977882325649,1.25409197807312,-0.0051622693426907,-0.0273838769644498,0.805387198925018,-0.592093646526337
0.561726093292236,-0.0552977882325649,1.25409197807312,-0.0051622693426907,-0.0273838769644498,0.805387198925018,-0.592093646526337
0.562622606754303,-0.0555416643619537,1.2540580034256,-0.004123015794903,-0.0290761347860097,0.805335938930511,-0.592091143131256
0.56328821182251,-0.0557220950722694,1.25396072864532,-0.0032601221464574,-0.0299206487834453,0.805727005004883,-0.591521918773651
0.56372058391571,-0.0558479242026805,1.25388741493225,-0.0026621539145708,-0.0306655168533325,0.805535912513733,-0.591746926307678
0.564225554466248,-0.0558725371956825,1.2539314031601,-0.0028983538504689,-0.031328909099102,0.80561751127243,-0.591600179672241
0.564638733863831,-0.0560829192399978,1.2538069486618,-0.0021180615294724,-0.0320776775479316,0.805309891700745,-0.591981887817383
0.565182447433472,-0.0562234260141849,1.25369513034821,-0.0015930683584883,-0.0327591300010681,0.805252552032471,-0.592024087905884
0.565668106079102,-0.0563632473349571,1.25362598896027,-0.0010340837761759,-0.0333269275724887,0.804833471775055,-0.592563509941101
0.566197633743286,-0.0564846023917198,1.25361907482147,-0.0009301658719778,-0.0339290238916873,0.804629385471344,-0.592806577682495
0.566518425941467,-0.0565964244306087,1.25339007377625,0.0001042537551256,-0.0346515402197837,0.804187059402466,-0.593365490436554
0.566881000995636,-0.0567664168775081,1.25332117080688,0.0003850042703561,-0.0348997935652732,0.80374664068222,-0.593947112560272
0.567291617393494,-0.0569235198199749,1.25322008132935,0.0007910101558081,-0.0352260470390319,0.803499758243561,-0.594261467456818
0.567291617393494,-0.0569235198199749,1.25322008132935,0.0007910101558081,-0.0352260470390319,0.803499758243561,-0.594261467456818
0.568064212799072,-0.0570387467741966,1.25306439399719,0.0007083832751959,-0.0357538387179374,0.802476108074188,-0.595611691474915
0.568482339382172,-0.0571343153715133,1.25294208526611,0.0011107572354376,-0.0360696129500865,0.801975250244141,-0.596266329288483
0.568907737731934,-0.0572241619229316,1.25282788276672,0.0014298028545454,-0.036487340927124,0.801560521125793,-0.5967977643013
0.569386780261993,-0.0573530718684196,1.25279879570007,0.0010825655190274,-0.0370773375034332,0.801221907138824,-0.597216665744781
0.569653034210205,-0.0575206205248832,1.25265514850616,0.0015253501478582,-0.0375036746263504,0.800690054893494,-0.597901880741119
0.570000469684601,-0.0575913675129413,1.25256299972534,0.0017384914681315,-0.0378285460174083,0.800325274467468,-0.598369002342224
0.570000469684601,-0.0575913675129413,1.25256299972534,0.0017384914681315,-0.0378285460174083,0.800325274467468,-0.598369002342224
0.570674002170563,-0.0577215328812599,1.2524938583374,0.0016641691327095,-0.0387504659593105,0.79960298538208,-0.599275171756744
0.570976853370667,-0.0577285960316658,1.25234484672546,0.0021414151415228,-0.0394158139824867,0.799254298210144,-0.599695265293121
0.571264386177063,-0.0577718764543533,1.25231957435608,0.0021811015903949,-0.039729606360197,0.798929989337921,-0.600106537342072
0.57165265083313,-0.0578043460845947,1.2523318529129,0.0022778892889618,-0.0401879027485847,0.79876321554184,-0.600297570228577
0.57165265083313,-0.0578043460845947,1.2523318529129,0.0022778892889618,-0.0401879027485847,0.79876321554184,-0.600297570228577
0.572271645069122,-0.0578502714633941,1.25230956077576,0.0028725871816277,-0.040954016149044,0.797888219356537,-0.60140597820282
0.572625517845154,-0.0580589473247528,1.25231599807739,0.0031081477645784,-0.0417300015687942,0.797700107097626,-0.601600825786591
0.572871387004852,-0.0580222234129905,1.25240182876587,0.0025520178023725,-0.0417575389146804,0.797279536724091,-0.602158784866333
0.573086559772491,-0.0579318553209304,1.25230526924133,0.0031388928182423,-0.0422466956079006,0.796854555606842,-0.602684259414673
0.573394596576691,-0.0580574423074722,1.25241279602051,0.002933639101684,-0.0426249802112579,0.796590209007263,-0.603007912635803
0.573668003082275,-0.0579942911863327,1.25234842300415,0.003567655570805,-0.043221827596426,0.796266794204712,-0.603389024734497
0.573993146419525,-0.0580119863152504,1.25237917900085,0.0038158637471497,-0.0437697060406208,0.796092510223389,-0.60357791185379
0.573993146419525,-0.0580119863152504,1.25237917900085,0.0038158637471497,-0.0437697060406208,0.796092510223389,-0.60357791185379
0.574619710445404,-0.0582213178277015,1.2524745464325,0.0037907473742961,-0.0446073710918426,0.795450150966644,-0.604363262653351
0.574917316436768,-0.0581275671720504,1.2524117231369,0.0040788487531244,-0.044944193214178,0.795155048370361,-0.604724586009979
0.575232326984406,-0.0581564418971538,1.25238132476807,0.0041512981988489,-0.0452952645719051,0.794906437397003,-0.605024755001068
0.575492799282074,-0.0582272857427597,1.25233352184296,0.0044374768622219,-0.0456175208091735,0.794601619243622,-0.605398774147034
0.575739085674286,-0.0582735911011695,1.25228679180145,0.0045552081428468,-0.0459491088986396,0.794317007064819,-0.605746269226074
0.584368050098419,-0.0616954676806926,1.25233483314514,-0.0350768826901912,0.0094560785219073,0.80569589138031,-0.591214418411255
0.584638953208923,-0.0618403702974319,1.25237774848938,-0.0356027260422706,0.009466215968132,0.805311322212219,-0.591706395149231
0.57638156414032,-0.0583515428006649,1.2520352602005,0.005120777990669,-0.0467811822891235,0.793064951896667,-0.607316493988037
0.584970653057098,-0.0618763379752635,1.25225877761841,-0.0353939048945903,0.0080784512683749,0.804359018802643,-0.5930335521698
0.585270285606384,-0.0618140399456024,1.25228762626648,-0.0356321819126606,0.0078145889565348,0.804022014141083,-0.593479573726654
0.585425317287445,-0.0618933513760566,1.25224351882935,-0.0353505872189998,0.0074275336228311,0.803520321846008,-0.594180464744568
0.585731744766235,-0.0616845190525054,1.25219857692719,-0.034653253853321,0.0067160795442759,0.802643418312073,-0.59541380405426
0.585937857627869,-0.0616415254771709,1.25217032432556,-0.0347122475504875,0.0064000398851931,0.80192893743515,-0.59637588262558
0.586079597473145,-0.0618073530495166,1.25213027000427,-0.0346413701772689,0.0058510275557637,0.802043974399567,-0.596230864524841
0.586305797100067,-0.0619007870554924,1.25220477581024,-0.035078901797533,0.005833932198584,0.801388740539551,-0.597085893154144
0.586352288722992,-0.0615401193499565,1.25202536582947,-0.0348947755992412,0.0061757084913551,0.800369739532471,-0.598458528518677
0.586520075798035,-0.0614856220781803,1.25202679634094,-0.0350186713039875,0.0061611616984009,0.799833059310913,-0.599168539047241
0.586638867855072,-0.061443381011486,1.25202012062073,-0.0350319854915142,0.0061343382112681,0.799313724040985,-0.599860668182373
0.586812376976013,-0.061493270099163,1.2521048784256,-0.0354997888207435,0.0060335793532431,0.798786401748657,-0.600536167621613
0.587028205394745,-0.0615940317511558,1.25219702720642,-0.0353763438761234,0.0053737224079668,0.798646032810211,-0.600736558437347
0.587073028087616,-0.0614749826490879,1.25217986106873,-0.035312745720148,0.0053812623955309,0.798150718212128,-0.601398050785065
0.587233483791351,-0.0613336786627769,1.25225353240967,-0.0357532873749733,0.005761984270066,0.797799706459045,-0.601834118366241
0.587090790271759,-0.0611179731786251,1.25209951400757,-0.0353623032569885,0.0061284638941287,0.796999514102936,-0.602912664413452
0.587229430675507,-0.0610500276088714,1.25210618972778,-0.0348335988819599,0.0054679452441632,0.796856284141541,-0.603139102458954
0.587286174297333,-0.0607054829597473,1.25205755233765,-0.0348532497882843,0.0060160560533404,0.795718550682068,-0.604633033275604
0.587388396263123,-0.0605954825878143,1.25230383872986,-0.0356300249695777,0.0065073668956756,0.795385479927063,-0.605020880699158
0.587417602539062,-0.0604407303035259,1.25230979919434,-0.0355503410100936,0.0068420283496379,0.795055508613586,-0.605455219745636
0.587398052215576,-0.0602042339742183,1.25229275226593,-0.0352969467639923,0.0071732071228325,0.794581770896912,-0.606087863445282
0.587360143661499,-0.0599676296114921,1.25238215923309,-0.0351267717778682,0.007529241964221,0.794093132019043,-0.606733441352844
0.587479829788208,-0.0598599649965763,1.25241196155548,-0.0348802767693996,0.0076851197518408,0.793883442878723,-0.607020258903503
0.587554275989532,-0.0599262118339538,1.25245809555054,-0.034123707562685,0.0070761288516223,0.793971002101898,-0.606956005096436
0.587319433689117,-0.0596066191792488,1.25241637229919,-0.0341008603572845,0.0079356282949447,0.793177604675293,-0.607983112335205
0.587373435497284,-0.0596912130713462,1.25256609916687,-0.0339060723781585,0.0076513555832207,0.793287456035614,-0.60785436630249
0.587393820285797,-0.0595438331365585,1.25261175632477,-0.0338615365326404,0.0079325502738356,0.793032646179199,-0.608185708522797
0.587253868579865,-0.059218019247055,1.25254690647125,-0.0339512526988983,0.0087568936869502,0.792734205722809,-0.608558237552643
0.587270975112915,-0.0591038651764392,1.25261330604553,-0.0340080298483371,0.0089209321886301,0.792384684085846,-0.609007775783539
0.58734917640686,-0.059000976383686,1.25272750854492,-0.0340360626578331,0.0088487323373556,0.792057573795319,-0.609432697296143
0.587408483028412,-0.0590428635478019,1.25279140472412,-0.0338578484952449,0.0085516488179564,0.791882216930389,-0.609674572944641
0.587706506252289,-0.0586878508329391,1.25280153751373,-0.03437240421772,0.0091457497328519,0.791689991950989,-0.609886825084686
0.587846696376801,-0.0585391372442245,1.25285029411316,-0.0344159305095672,0.0091117713600397,0.790837824344635,-0.610989451408386
0.587518811225891,-0.058525163680315,1.25286853313446,-0.0341568887233734,0.0087441205978393,0.789877772331238,-0.612249970436096
0.587507545948029,-0.0584314092993736,1.25286722183228,-0.0340056382119655,0.0087496591731905,0.789333760738373,-0.612959504127502
0.587579548358917,-0.0584818162024021,1.25293552875519,-0.0338966995477676,0.0085095018148422,0.788898169994354,-0.613529324531555
0.587612628936768,-0.0585285946726799,1.25301587581635,-0.0337668396532535,0.0083305314183235,0.788624227046967,-0.613891065120697
0.587511599063873,-0.0583934485912323,1.25299632549286,-0.0339521281421184,0.0087605128064751,0.787915587425232,-0.614784121513367
0.587480008602142,-0.0580378882586956,1.2529239654541,-0.0342595092952251,0.0089796120300889,0.787176668643951,-0.615709781646729
0.587452530860901,-0.0579488575458526,1.2529559135437,-0.0343929193913936,0.0090531921014189,0.786738097667694,-0.616261661052704
0.587410569190979,-0.0580947399139404,1.25303649902344,-0.0344176925718784,0.008841959759593,0.786471128463745,-0.616604089736938
0.587472259998322,-0.058019783347845,1.25320434570312,-0.0351861082017421,0.0091695040464401,0.786223351955414,-0.616871774196625
0.587334632873535,-0.0576255545020103,1.25311613082886,-0.0351897738873958,0.0096385106444358,0.785532534122467,-0.617743968963623
0.587224960327148,-0.057554941624403,1.25316858291626,-0.0352808386087417,0.0099079655483365,0.784893572330475,-0.61854612827301
0.587126791477203,-0.0574393831193447,1.25320386886597,-0.0352210216224193,0.0102055901661515,0.784529566764832,-0.619006216526031
0.587031543254852,-0.0573012456297874,1.25323116779327,-0.0353269353508949,0.0102959657087922,0.784238040447235,-0.619367957115173
0.586921155452728,-0.0571391209959983,1.25325620174408,-0.0355320535600185,0.0106486929580569,0.783892333507538,-0.619787931442261
0.586815416812897,-0.0570289902389049,1.25330352783203,-0.0354094691574573,0.0106620965525507,0.783730566501617,-0.619999170303345
0.586689829826355,-0.0570428892970085,1.25344359874725,-0.0359647721052169,0.0109907416626811,0.783580601215363,-0.620151042938232
0.586605370044708,-0.0568786785006523,1.25351858139038,-0.036343265324831,0.0113341128453612,0.783463656902313,-0.620270550251007
0.586380541324615,-0.0568301230669021,1.25355458259583,-0.0363818109035491,0.011799425818026,0.783837199211121,-0.619787395000458
0.585931837558746,-0.0567581392824649,1.25315952301025,-0.0339917205274105,0.0110731804743409,0.782914161682129,-0.621101856231689
0.58575713634491,-0.0568951591849327,1.25322139263153,-0.034022182226181,0.0109784780070185,0.783491194248199,-0.620373785495758
0.58584851026535,-0.0566487349569797,1.25361704826355,-0.0360705070197582,0.0121415210887789,0.783613801002502,-0.62008148431778
0.585747897624969,-0.0566369444131851,1.25377368927002,-0.0364703759551048,0.0124485092237591,0.783689975738525,-0.619955718517303
0.585629999637604,-0.0564610958099365,1.25385332107544,-0.036370825022459,0.012741950340569,0.783315658569336,-0.620428502559662
0.585387229919434,-0.0563767105340957,1.25386011600494,-0.0358785577118396,0.0129053806886076,0.783197045326233,-0.620603382587433
0.58507227897644,-0.0562246963381767,1.2537454366684,-0.0350771211087703,0.013011104427278,0.782969176769257,-0.620934426784515
0.584753036499023,-0.0559124425053596,1.25368225574493,-0.0350954420864582,0.0138348182663321,0.782507658004761,-0.621497333049774
0.584796786308289,-0.055798877030611,1.25395119190216,-0.0357838422060012,0.0141660096123814,0.782796621322632,-0.621086478233337
0.584636628627777,-0.055950753390789,1.25406062602997,-0.0355982407927513,0.0142234712839126,0.782986760139465,-0.620856106281281
0.584476292133331,-0.0558324456214904,1.25410687923431,-0.035633310675621,0.0144164524972438,0.783033072948456,-0.62079119682312
0.584649324417114,-0.0552747510373592,1.25409603118896,-0.0359286330640316,0.01502650603652,0.783301472663879,-0.62042111158371
0.584525048732758,-0.055183295160532,1.25412654876709,-0.0358606874942779,0.0152331376448273,0.783332228660583,-0.620381116867065
0.584018588066101,-0.0552854463458061,1.25414562225342,-0.0355303511023521,0.0152080254629254,0.78276538848877,-0.621115684509277
0.583893835544586,-0.0551745072007179,1.2540009021759,-0.0345683097839355,0.01503995526582,0.782911896705627,-0.620989441871643
0.583893835544586,-0.0551745072007179,1.2540009021759,-0.0345683097839355,0.01503995526582,0.782911896705627,-0.620989441871643
0.58366072177887,-0.0549517422914505,1.25413227081299,-0.0349643267691135,0.0158200357109308,0.782842218875885,-0.621035635471344
0.583544075489044,-0.0548092797398567,1.25419974327087,-0.0349628515541553,0.0157071650028228,0.782849609851837,-0.621029317378998
0.583463132381439,-0.0547230616211891,1.25422692298889,-0.0348567031323909,0.0157832689583301,0.782914578914642,-0.620951533317566
0.583368420600891,-0.0546593442559242,1.25425517559052,-0.0347615592181682,0.0157858915627002,0.782971560955048,-0.620884835720062
0.574910461902618,-0.0515387989580631,1.25388288497925,0.0078186048194766,-0.0382988899946212,0.772272884845734,-0.634087383747101
0.574729442596436,-0.0514454133808612,1.25390708446503,0.0077829109504818,-0.0382201597094535,0.772144675254822,-0.634248554706573
0.574635684490204,-0.051364678889513,1.25394225120544,0.0077116880565881,-0.038186814635992,0.772123277187347,-0.634277522563934
0.574537038803101,-0.0513001233339309,1.25397491455078,0.0077477535232901,-0.0381692722439765,0.772080898284912,-0.634329795837402
0.574459314346313,-0.0511844903230667,1.25399267673492,0.0078327134251594,-0.0381705611944198,0.77201634645462,-0.634407103061676
0.574366331100464,-0.0511573813855648,1.25402283668518,0.0077514946460723,-0.0381430983543396,0.771994888782501,-0.634436011314392
0.574315071105957,-0.0510464645922184,1.25403797626495,0.0078662242740392,-0.0382372513413429,0.771524310112,-0.635001003742218
0.574139773845673,-0.0510320477187633,1.25405287742615,0.0076703829690814,-0.0382067933678627,0.771901965141296,-0.634546399116516
0.57403838634491,-0.0510525293648242,1.25415754318237,0.0070576723664999,-0.0379629023373127,0.771943807601929,-0.634516954421997
0.574010670185089,-0.0509421490132808,1.25418794155121,0.0070987096987664,-0.0380187630653381,0.77148175239563,-0.635074973106384
0.573771476745605,-0.0513910502195358,1.25421166419983,0.0075404047966003,-0.0387910716235637,0.772077679634094,-0.63429844379425
0.573613405227661,-0.0509895235300064,1.25417423248291,0.0072654848918318,-0.0383524298667907,0.771808087825775,-0.634656310081482
0.573467612266541,-0.0508389472961425,1.25408625602722,0.0076782596297562,-0.0384987853467464,0.771726012229919,-0.634742379188538
0.573332667350769,-0.0508591756224632,1.25405323505402,0.0076974863186478,-0.0384659990668296,0.771716594696045,-0.634755611419678
0.573253929615021,-0.0508085303008556,1.25404012203217,0.0077372938394546,-0.038494698703289,0.771760582923889,-0.634699940681458
0.573142468929291,-0.0507793836295604,1.25414800643921,0.0075100357644259,-0.0387297607958316,0.771708071231842,-0.634752094745636
0.57327675819397,-0.0507916249334812,1.25433039665222,0.0067091598175466,-0.0386195555329322,0.772073686122894,-0.634323179721832
0.573208332061768,-0.0507157519459724,1.25438523292542,0.0067442082799971,-0.0386153720319271,0.771461486816406,-0.635067403316498
0.573112607002258,-0.0509250499308109,1.25439882278442,0.0068198880180716,-0.038959227502346,0.772145986557007,-0.634213089942932
0.573142051696777,-0.0508528649806976,1.25443542003632,0.0068522994406521,-0.039093755185604,0.771559953689575,-0.634917199611664
0.57321172952652,-0.0507913865149021,1.25446403026581,0.0069536762312054,-0.0395532362163066,0.771697044372559,-0.634720981121063
0.573180735111237,-0.0508076287806034,1.25450932979584,0.0068815015256404,-0.0398220680654048,0.771641910076141,-0.634772181510925
0.573086678981781,-0.0506768077611923,1.25443470478058,0.0068015167489647,-0.0396059937775135,0.77133584022522,-0.635158479213715
0.572884440422058,-0.0507927425205707,1.25435495376587,0.0075844270177185,-0.0403843745589256,0.771009266376495,-0.635496973991394
0.57281494140625,-0.0508652925491333,1.25435054302216,0.0075772223062813,-0.0405836626887321,0.770792126655579,-0.635747611522675
0.572714984416962,-0.0506569221615791,1.25427412986755,0.0073975697159767,-0.0404424034059047,0.770417034626007,-0.636213362216949
0.572808742523193,-0.0506466664373874,1.25429439544678,0.0074755526147782,-0.0409429036080837,0.770553588867188,-0.636015057563782
0.572693407535553,-0.0507275164127349,1.25425124168396,0.0072266426868736,-0.0412705354392528,0.770908355712891,-0.635566592216492
0.572693109512329,-0.0508214905858039,1.25419187545776,0.0072252210229635,-0.04140430316329,0.770833253860474,-0.635649085044861
0.572693109512329,-0.0508214905858039,1.25419187545776,0.0072252210229635,-0.04140430316329,0.770833253860474,-0.635649085044861
0.572770476341248,-0.0508840531110763,1.25413501262665,0.0072514694184064,-0.0419971421360969,0.770066142082214,-0.636538982391357
0.572783887386322,-0.0509330108761787,1.2541139125824,0.007225593086332,-0.0422341749072074,0.769958972930908,-0.636653304100037
0.572812378406525,-0.0510069988667964,1.25409460067749,0.0072445957921445,-0.0424357764422893,0.76976352930069,-0.636875927448273
0.57283079624176,-0.0510713309049606,1.25405418872833,0.0072911730967462,-0.0426064059138298,0.769687473773956,-0.636955916881561
0.572740614414215,-0.0511968061327934,1.25396358966827,0.0072932112962007,-0.0425049141049385,0.769449234008789,-0.637250483036041
0.572880864143372,-0.0512005575001239,1.25396120548248,0.0073112836107611,-0.0428691618144512,0.769574522972107,-0.63707447052002
0.572813630104065,-0.0513132736086845,1.25387907028198,0.0072849104180932,-0.0426589809358119,0.769431889057159,-0.637261211872101
0.572678089141846,-0.0514566302299499,1.25394093990326,0.0081175044178962,-0.0443340577185153,0.769176423549652,-0.637444972991943
0.572777032852173,-0.0514859110116958,1.25382709503174,0.0078692296519875,-0.043860126286745,0.769313514232635,-0.637315511703491
0.573068916797638,-0.0515586398541927,1.25391137599945,0.0066270157694816,-0.0431324169039726,0.769806921482086,-0.636783361434937
0.573068916797638,-0.0515586398541927,1.25391137599945,0.0066270157694816,-0.0431324169039726,0.769806921482086,-0.636783361434937
0.573275685310364,-0.0515309870243072,1.25384271144867,0.0068562910892069,-0.0438316725194454,0.770229339599609,-0.636222124099731
0.573421359062195,-0.0515896007418632,1.25380432605743,0.0069407685659825,-0.0440991148352623,0.770540118217468,-0.635826408863068
0.573379218578339,-0.0517906658351421,1.25371670722961,0.0073013356886804,-0.0446007959544658,0.77060329914093,-0.635710716247559
0.57360714673996,-0.0520248413085937,1.25376760959625,0.0064737657085061,-0.0448879599571228,0.77171379327774,-0.634350895881653
0.573709905147552,-0.0521777272224426,1.25370764732361,0.0063178180716931,-0.0450165569782257,0.772122263908386,-0.63384610414505
0.573784470558167,-0.0522806011140346,1.25362944602966,0.0063832057639956,-0.0451140441000461,0.772437393665314,-0.633454442024231
0.573881268501282,-0.0523842498660087,1.25357127189636,0.0063407751731574,-0.0452090986073017,0.772732853889465,-0.633087575435638
0.573935270309448,-0.052434641867876,1.25360929965973,0.0056224521249532,-0.0448092930018901,0.772878587245941,-0.632944941520691
0.574134111404419,-0.0524071231484413,1.25357282161713,0.0052123577333986,-0.0447734557092189,0.773276686668396,-0.632464528083801
0.57429164648056,-0.0527484975755214,1.25357484817505,0.0051770322024822,-0.045029055327177,0.773829638957977,-0.631769955158234
0.574187219142914,-0.0528515577316284,1.25318467617035,0.0056463084183633,-0.0439411923289299,0.773839592933655,-0.631830334663391
0.574449181556702,-0.053011268377304,1.25321447849274,0.0050027496181428,-0.0435533449053764,0.77449631690979,-0.631057620048523
0.574359238147736,-0.0531466640532016,1.25312006473541,0.0052902828902006,-0.0435137115418911,0.774660527706146,-0.630856275558472
0.574405610561371,-0.0531044118106365,1.25304007530212,0.0049566058441996,-0.0429363772273063,0.774933636188507,-0.630563080310822
0.574473798274994,-0.0534634180366992,1.2529661655426,0.0054275165311992,-0.0431305989623069,0.775491535663605,-0.629859745502472
0.574674129486084,-0.0536292009055614,1.2531191110611,0.0044200960546731,-0.0425950624048709,0.776162564754486,-0.629077076911926
0.574674129486084,-0.0536292009055614,1.2531191110611,0.0044200960546731,-0.0425950624048709,0.776162564754486,-0.629077076911926
0.574504017829895,-0.054013691842556,1.2528361082077,0.0055797887034714,-0.0424071922898292,0.776846885681152,-0.628235340118408
0.574871778488159,-0.0538140684366226,1.25319194793701,0.0034287811722606,-0.0412802435457706,0.77781480550766,-0.627127230167389
0.574778199195862,-0.0540927089750766,1.25312960147858,0.0035094858612865,-0.0406002700328826,0.778207778930664,-0.626683354377747
0.574959337711334,-0.0540631003677845,1.25312805175781,0.0040675499476492,-0.0405597500503063,0.778472363948822,-0.626353919506073
0.575071275234222,-0.0542376488447189,1.25326466560364,0.0038034843746572,-0.0400694757699966,0.779261291027069,-0.625405371189117
0.57515275478363,-0.0543846562504768,1.25331854820251,0.0036983655299991,-0.0395745933055877,0.779972076416016,-0.624550879001617
0.57535445690155,-0.0547127909958362,1.25349295139313,0.0035313349217176,-0.0395215451717376,0.780984282493591,-0.623288989067078
0.57535445690155,-0.0547127909958362,1.25349295139313,0.0035313349217176,-0.0395215451717376,0.780984282493591,-0.623288989067078
0.583726704120636,-0.0580208599567413,1.25390207767487,-0.0383860170841217,0.017084265127778,0.793704688549042,-0.606850504875183
0.583789587020874,-0.058144137263298,1.25404119491577,-0.0386116579174995,0.0176745932549238,0.794278621673584,-0.606067895889282
0.584117293357849,-0.0584510490298271,1.25444221496582,-0.0392879582941532,0.0179607365280389,0.795583307743073,-0.604302167892456
0.584100127220154,-0.0585449710488319,1.25446712970734,-0.0388218984007835,0.0183503553271293,0.796026110649109,-0.603737235069275
0.584100127220154,-0.0585449710488319,1.25446712970734,-0.0388218984007835,0.0183503553271293,0.796026110649109,-0.603737235069275
0.584349513053894,-0.0585319325327873,1.25481700897217,-0.0397195518016815,0.0202403888106346,0.796922981739044,-0.602433800697327
0.584406554698944,-0.0586936064064502,1.25500416755676,-0.0397057011723518,0.0206012614071369,0.797574698925018,-0.601559579372406
0.58454167842865,-0.0587705299258232,1.25518691539764,-0.0398506000638008,0.0212673470377922,0.798072159290314,-0.600866496562958
0.584806561470032,-0.0588917210698127,1.25555419921875,-0.0407125353813171,0.0221424717456102,0.798750817775726,-0.599874436855316
0.584806561470032,-0.0588917210698127,1.25555419921875,-0.0407125353813171,0.0221424717456102,0.798750817775726,-0.599874436855316
0.576971411705017,-0.055965207517147,1.25605547428131,-0.0007308840868063,-0.0332973226904869,0.78931337594986,-0.613086640834808
0.577027976512909,-0.0559080392122268,1.25622189044952,-0.001238320604898,-0.0324891582131385,0.789624750614166,-0.612728178501129
0.577095985412598,-0.0560731664299964,1.25637423992157,-0.0013039715122431,-0.0320536009967327,0.789916634559631,-0.612374663352966
0.577348291873932,-0.0560543574392795,1.25665545463562,-0.0018723696703091,-0.0316465608775615,0.790448188781738,-0.611707985401154
0.577851593494415,-0.0564323142170906,1.25694894790649,-0.0019771533552557,-0.0318888388574123,0.791609942913055,-0.610190749168396
0.577853679656982,-0.056416168808937,1.25716114044189,-0.0025040190666913,-0.0311500281095504,0.791662812232971,-0.610158562660217
0.57818078994751,-0.0566051751375198,1.25740218162537,-0.0026914291083812,-0.0312227047979831,0.79235166311264,-0.609259247779846
0.578411281108856,-0.0567061118781566,1.25762927532196,-0.0029891130980104,-0.0309604406356811,0.792647957801819,-0.608885645866394
0.578602433204651,-0.0567782707512378,1.25789213180542,-0.0034882053732872,-0.0306620988994836,0.792895436286926,-0.608575880527496
0.578807294368744,-0.0567177683115005,1.25810372829437,-0.0038771000690758,-0.0300625823438167,0.793052732944489,-0.608398377895355
0.578750848770142,-0.0567458495497703,1.25817203521729,-0.0034133060835301,-0.0300340950489044,0.792799055576324,-0.608733177185059
0.578748881816864,-0.0569180063903331,1.25839519500732,-0.0037662242539227,-0.0295695532113313,0.7926265001297,-0.608978390693665
0.579193234443665,-0.0569983497262001,1.25880551338196,-0.004847134463489,-0.0291686691343784,0.79310268163681,-0.608369946479797
0.579193234443665,-0.0569983497262001,1.25880551338196,-0.004847134463489,-0.0291686691343784,0.79310268163681,-0.608369946479797
0.579407632350922,-0.0572132393717765,1.25935924053192,-0.0055325855500996,-0.0288090817630291,0.792842745780945,-0.608719766139984
0.579627692699432,-0.0573258176445961,1.25960516929626,-0.0054579940624535,-0.0289083756506443,0.792903661727905,-0.608636438846588
0.579815685749054,-0.0573990568518638,1.25987708568573,-0.005892252549529,-0.0286330692470073,0.792849361896515,-0.608716189861298
0.580125689506531,-0.0574703700840473,1.26015377044678,-0.0061324099078774,-0.0287873446941375,0.792767882347107,-0.608812689781189
0.580355644226074,-0.0575956031680107,1.26045346260071,-0.006280091125518,-0.0289938244968652,0.792660355567932,-0.608941435813904
0.580773234367371,-0.0581185966730117,1.26079928874969,-0.0061355377547442,-0.0301125086843967,0.793200731277466,-0.608184397220612
0.580614626407623,-0.0577927082777023,1.26087427139282,-0.0064875772222876,-0.0296452455222606,0.79216206073761,-0.609555900096893
0.58162784576416,-0.0580505356192588,1.26140654087067,-0.0071372627280652,-0.031011838465929,0.793416857719421,-0.607846260070801
0.581638753414154,-0.0582738704979419,1.26164412498474,-0.0073606283403933,-0.0312098506838083,0.792953968048096,-0.608437120914459
0.581791281700134,-0.0579080656170845,1.2617974281311,-0.0078192455694079,-0.0310826152563095,0.792431235313416,-0.609118700027466
0.582047045230865,-0.0579766035079956,1.26208078861237,-0.008678057231009,-0.0311194732785224,0.792081713676453,-0.609559714794159
0.582047045230865,-0.0579766035079956,1.26208078861237,-0.008678057231009,-0.0311194732785224,0.792081713676453,-0.609559714794159
0.582671403884888,-0.0581735372543334,1.26262617111206,-0.0094477599486708,-0.0321108326315879,0.792205452919006,-0.609335899353027
0.583064794540405,-0.0583284422755241,1.26286661624908,-0.0096408482640981,-0.0329269729554653,0.792618691921234,-0.608751654624939
0.582889139652252,-0.0585846304893493,1.26292026042938,-0.009477880783379,-0.0330521799623966,0.792164862155914,-0.60933792591095
0.583168208599091,-0.0585011765360832,1.26310694217682,-0.0100127356126904,-0.0331207066774368,0.792402327060699,-0.6090167760849
0.58313250541687,-0.0585267543792724,1.26328563690186,-0.0108483554795384,-0.0327665172517299,0.792257189750671,-0.60921037197113
0.583156585693359,-0.0583517998456954,1.26339721679688,-0.0112459473311901,-0.0326904170215129,0.792217195034027,-0.609259247779846
0.583152949810028,-0.0582632832229137,1.26350688934326,-0.01140808314085,-0.0326917432248592,0.792143225669861,-0.60935252904892
0.583152949810028,-0.0582632832229137,1.26350688934326,-0.01140808314085,-0.0326917432248592,0.792143225669861,-0.60935252904892
0.58308219909668,-0.0575708448886871,1.26401710510254,-0.0146361598744988,-0.0309167802333831,0.792031228542328,-0.609521448612213
0.583083808422089,-0.057571668177843,1.26433908939362,-0.0156351793557405,-0.0302735865116119,0.792695164680481,-0.608665287494659
0.582799077033997,-0.0572787001729011,1.26450991630554,-0.0167081858962774,-0.0294713918119668,0.792657434940338,-0.608725368976593
0.582490086555481,-0.057130329310894,1.26467037200928,-0.0175308994948864,-0.0288476031273603,0.792756199836731,-0.608603596687317
0.582399249076843,-0.0565852858126163,1.26490962505341,-0.0189321003854274,-0.0282178800553083,0.793156206607819,-0.608069658279419
0.582072794437408,-0.0559962168335914,1.26503157615662,-0.0195867791771888,-0.0275782514363527,0.793213486671448,-0.608003437519073
0.581676304340363,-0.055840577930212,1.26525962352753,-0.0201221443712711,-0.0268378313630819,0.793535172939301,-0.607599198818207
0.581522047519684,-0.055159468203783,1.26545059680939,-0.0205315127968788,-0.0261933598667383,0.794148921966553,-0.606811165809631
0.580936312675476,-0.0544580593705177,1.26571357250214,-0.0221527051180601,-0.0244207419455051,0.793850183486938,-0.607219040393829
0.580590307712555,-0.0538123920559883,1.26597189903259,-0.0226168688386678,-0.0235403981059789,0.794280052185059,-0.606674194335938
0.580357313156128,-0.0531191527843475,1.26636445522308,-0.0231158975511789,-0.0228757243603467,0.795045673847198,-0.605677127838135
0.580112040042877,-0.0528866611421108,1.26681160926819,-0.023512240499258,-0.0227241553366184,0.795860052108765,-0.604597270488739
0.579754769802094,-0.0516404919326305,1.26712930202484,-0.0245799794793128,-0.0208640433847904,0.795864820480347,-0.604615271091461
0.579475283622742,-0.0512894168496131,1.26756012439728,-0.0249570701271295,-0.0207870546728372,0.796831071376801,-0.603328466415405
0.579120993614197,-0.0504593439400196,1.26784312725067,-0.0247128419578075,-0.0203566011041402,0.797254741191864,-0.602793514728546
0.579120993614197,-0.0504593439400196,1.26784312725067,-0.0247128419578075,-0.0203566011041402,0.797254741191864,-0.602793514728546
0.578450918197632,-0.0482316650450229,1.2685524225235,-0.0256708059459924,-0.0181017518043518,0.797804534435272,-0.602097451686859
0.578192412853241,-0.0476280637085437,1.26884913444519,-0.0254721753299236,-0.0178461205214262,0.798542082309723,-0.601134955883026
0.577933073043823,-0.046457752585411,1.26917958259583,-0.0253617521375417,-0.017020097002387,0.798793733119965,-0.600829005241394
0.577566087245941,-0.0456376746296882,1.26947510242462,-0.0251332502812147,-0.0162767022848129,0.798912525177002,-0.600701451301575
0.577331721782684,-0.0445065721869468,1.26972889900208,-0.0248805023729801,-0.0155798951163887,0.799156844615936,-0.600405335426331
0.577215611934662,-0.0433314889669418,1.2699784040451,-0.0248764175921678,-0.0150450598448514,0.79934161901474,-0.600173354148865
0.576999962329865,-0.0421760380268096,1.27032172679901,-0.0252101887017488,-0.0139843383803963,0.799242436885834,-0.600317120552063
0.576745986938477,-0.0410330966114997,1.27043354511261,-0.0246702153235673,-0.0137086929753422,0.799035131931305,-0.60062164068222
0.576711237430573,-0.039625696837902,1.27080464363098,-0.0250126216560602,-0.0125430142506957,0.798996686935425,-0.60068416595459
0.576315879821777,-0.0384765937924385,1.27095353603363,-0.0240771435201168,-0.0119675109162926,0.798204898834229,-0.601785838603973
0.576407730579376,-0.0368854850530624,1.2712197303772,-0.0239102896302938,-0.0112884817644953,0.797809064388275,-0.602330207824707
0.576295375823975,-0.0357566960155963,1.27134573459625,-0.0226930994540452,-0.0111480560153722,0.797151982784271,-0.603249192237854
0.576292097568512,-0.0344706140458583,1.27166950702667,-0.0227514430880546,-0.0103477565571665,0.796477019786835,-0.604151964187622
0.576355695724487,-0.0330764576792717,1.2719384431839,-0.0220367833971977,-0.0099455593153834,0.795614302158356,-0.605320811271667
0.576379299163818,-0.0315587967634201,1.27218663692474,-0.0210437010973691,-0.009287541732192,0.794528603553772,-0.606790900230408
0.576498329639435,-0.0300383493304252,1.27249121665955,-0.020414525642991,-0.0088369539007544,0.793502867221832,-0.608159840106964
0.576462805271149,-0.0286226533353328,1.27271890640259,-0.0197031516581773,-0.008047935552895,0.791951239109039,-0.610213339328766
0.57664567232132,-0.0272097811102867,1.27294385433197,-0.0186735056340694,-0.0077277771197259,0.790863037109375,-0.611659467220306
0.576749503612518,-0.0256693437695503,1.27311611175537,-0.0170002803206443,-0.0073651829734444,0.789112448692322,-0.613969385623932
0.576890468597412,-0.0243011079728603,1.27354657649994,-0.0167002081871032,-0.0069898315705358,0.788007915019989,-0.615398943424225
0.576987683773041,-0.022758075967431,1.27389276027679,-0.0158447083085775,-0.0064706709235906,0.786659598350525,-0.617149770259857
0.577223777770996,-0.0211143810302019,1.27429604530334,-0.0148206558078527,-0.0057889008894562,0.785385847091675,-0.618802130222321
0.577163815498352,-0.0197241585701704,1.27457094192505,-0.0138454660773277,-0.0052359816618263,0.783899486064911,-0.620711266994476
0.577297270298004,-0.0181068535894155,1.27482330799103,-0.0121091045439243,-0.0053204335272312,0.782666087150574,-0.622301280498505
0.577540814876556,-0.0164586100727319,1.27540004253387,-0.0118304602801799,-0.0043291193433105,0.781310021877289,-0.624015808105469
0.57761538028717,-0.0151984058320522,1.27581119537354,-0.0106115704402327,-0.0037351173814386,0.779661595821381,-0.626100122928619
0.577691853046417,-0.0136838145554065,1.2761926651001,-0.0094838803634047,-0.0036060444545,0.779402494430542,-0.626441419124603
0.577691853046417,-0.0136838145554065,1.2761926651001,-0.0094838803634047,-0.0036060444545,0.779402494430542,-0.626441419124603
0.57784241437912,-0.0107019022107124,1.27683293819427,-0.0067043681629002,-0.0029630335047841,0.777302324771881,-0.629084587097168
0.577834606170654,-0.0092843919992446,1.27715229988098,-0.0057555665262043,-0.0023635346442461,0.776415348052979,-0.630190968513489
0.578069150447845,-0.0077276490628719,1.27768158912659,-0.0050437850877642,-0.0017368220724165,0.77573299407959,-0.631038784980774
0.578221499919891,-0.0061899274587631,1.27763748168945,-0.0017096230294555,-0.0019675493240356,0.775091826915741,-0.631843209266663
0.578584492206573,-0.0044156238436698,1.27824640274048,-0.0023508861195296,-0.0009105762583203,0.774001121520996,-0.633179306983948
0.578588962554932,-0.0032920502126216,1.278475522995,-0.0011423573596403,-0.0008032539044506,0.773795127868652,-0.633434355258942
0.578712403774261,-0.0016460604965686,1.27877938747406,-0.0004504130920395,1.87849818757968e-05,0.77281779050827,-0.634627878665924
0.578866183757782,-0.0002812445163726,1.27885282039642,0.0011242136824876,0.0004994354094378,0.772200107574463,-0.635378420352936
0.578779399394989,0.0009818077087402,1.27891790866852,0.0027223380748182,0.0008706553489901,0.771149158477783,-0.636648118495941
0.578798949718475,0.0021554119884967,1.27898001670837,0.0038019318599253,0.000407479237765,0.771221816539764,-0.636555075645447
0.579082548618317,0.0035697929561138,1.27919328212738,0.0054173995740711,0.001023250631988,0.769871711730957,-0.638174951076508
0.587149977684021,0.0017965137958526,1.27897846698761,-0.0336603634059429,0.0572238601744174,0.776879191398621,-0.62613981962204
0.587319374084473,0.0031347274780273,1.27900958061218,-0.0325321145355701,0.0570116564631462,0.776412129402161,-0.626797914505005
0.587292492389679,0.0045036356896162,1.27911174297333,-0.0327199697494506,0.0569611676037311,0.775652348995209,-0.627732753753662
0.587689280509949,0.0057845953851938,1.2791451215744,-0.0314571261405944,0.0574810393154621,0.77468329668045,-0.628945350646973
0.587611556053162,0.0070657301694154,1.27902936935425,-0.0298783257603645,0.0574487335979938,0.773498296737671,-0.630481958389282
0.587715566158295,0.0077525246888399,1.27912700176239,-0.0288952551782131,0.0578182525932788,0.772532284259796,-0.631677210330963
0.587779760360718,0.0091101974248886,1.27893042564392,-0.0270424112677574,0.0575236566364765,0.771687567234039,-0.632817566394806
0.58794367313385,0.0100525934249162,1.27891397476196,-0.0257415995001792,0.0574200823903083,0.770820498466492,-0.633936941623688
0.588168382644653,0.0110294092446565,1.27917385101318,-0.0262113362550735,0.0580156743526458,0.77017879486084,-0.634643018245697
0.588295102119446,0.01240124553442,1.27928411960602,-0.0259259287267923,0.0581261999905109,0.769230663776398,-0.635793387889862
0.588304162025452,0.0130072999745607,1.27923500537872,-0.0238877311348915,0.057780172675848,0.767811119556427,-0.637618184089661
0.588304162025452,0.0130072999745607,1.27923500537872,-0.0238877311348915,0.057780172675848,0.767811119556427,-0.637618184089661
0.58868408203125,0.0152333714067935,1.27945446968079,-0.022454161196947,0.0585539452731609,0.767078220844269,-0.638481140136719
0.588616251945496,0.0161603018641471,1.27909433841705,-0.0199051704257726,0.0573914237320423,0.765705108642578,-0.640317022800446
0.588730156421661,0.0172318983823061,1.27941131591797,-0.02130120806396,0.0586280636489391,0.765348970890045,-0.640585839748383
0.588763117790222,0.0181317515671253,1.27922141551971,-0.0195550918579101,0.0575690828263759,0.765532255172729,-0.640518367290497
0.588735520839691,0.0185432340949773,1.27940058708191,-0.0182674285024404,0.0581783391535282,0.764366507530212,-0.64189213514328
0.588905930519104,0.0197813734412193,1.27943873405457,-0.0174594018608331,0.0586750544607639,0.763825058937073,-0.642513811588287
0.588902533054352,0.0201917272061109,1.27951729297638,-0.0164498500525951,0.0592345222830772,0.763278663158417,-0.643137991428375
0.580918908119202,0.0241901353001594,1.27964878082275,0.0267317984253168,0.0045746630057692,0.75491589307785,-0.655260622501373
0.580918908119202,0.0241901353001594,1.27964878082275,0.0267317984253168,0.0045746630057692,0.75491589307785,-0.655260622501373
0.580713510513306,0.0259153135120868,1.27958738803864,0.0292526073753833,0.0047569843009114,0.753424823284149,-0.656865835189819
0.580710291862488,0.026672039180994,1.27957224845886,0.0301997829228639,0.0049445442855358,0.754194259643555,-0.655937790870667
0.580588281154633,0.0266496501863002,1.27988970279694,0.0302077122032642,0.0058400747366249,0.753922522068024,-0.656242489814758
0.580588281154633,0.0266496501863002,1.27988970279694,0.0302077122032642,0.0058400747366249,0.753922522068024,-0.656242489814758
0.580434143543243,0.0277483463287353,1.27989852428436,0.032266978174448,0.0066641350276768,0.753550052642822,-0.656564474105835
0.580685555934906,0.0291695706546306,1.27987468242645,0.0327636376023292,0.0067354459315538,0.753789961338043,-0.656263649463654
0.580395042896271,0.0290673673152923,1.27989995479584,0.0338559858500957,0.007329732645303,0.75356137752533,-0.656464278697968
0.580355286598206,0.0293794870376586,1.2798764705658,0.0350705385208129,0.0075266719795763,0.753220975399017,-0.656788885593414
0.580342233181,0.0303635336458683,1.27959966659546,0.0369580462574958,0.00714309560135,0.753371477127075,-0.656517207622528
0.580143332481384,0.0307877175509929,1.27923595905304,0.0393646694719791,0.0067630102857947,0.753338277339935,-0.656419098377228
0.58016836643219,0.0311203002929687,1.27928781509399,0.0393671430647373,0.0070650670677423,0.754163086414337,-0.655468046665192
0.580113589763641,0.0315234623849391,1.27918457984924,0.040017157793045,0.0073597384616732,0.75421816110611,-0.655362129211426
0.580259919166565,0.0321502089500427,1.27950036525726,0.0392785035073757,0.0075396355241537,0.754366636276245,-0.655233919620514
0.580165565013885,0.0324059873819351,1.27948188781738,0.0398025326430797,0.0077402931638062,0.754261016845703,-0.655321419239044
0.579862713813782,0.032720323652029,1.27926325798035,0.0415982976555824,0.00746930250898,0.753860175609589,-0.65567409992218
0.57967483997345,0.0327242165803909,1.27902901172638,0.0434570237994194,0.0071447221562266,0.753812074661255,-0.655612707138062
0.579767644405365,0.0330710783600807,1.27904939651489,0.0438620299100875,0.0073194443248212,0.754064917564392,-0.655292749404907
0.579767644405365,0.0330710783600807,1.27904939651489,0.0438620299100875,0.0073194443248212,0.754064917564392,-0.655292749404907
0.579661130905151,0.0338392369449138,1.27896595001221,0.0451920740306377,0.0073005887679755,0.754095494747162,-0.655167460441589
0.57955414056778,0.0337877087295055,1.27888298034668,0.0462933965027332,0.0075375535525381,0.75416624546051,-0.655006349086761
0.579443454742432,0.0339493304491043,1.27882444858551,0.0472840815782547,0.0074185961857438,0.754102110862732,-0.655010998249054
0.57946515083313,0.0342007726430892,1.27875339984894,0.0486966371536254,0.0077015520073473,0.753469049930573,-0.655632317066193
0.579383611679077,0.0343135520815849,1.27887523174286,0.0484388284385204,0.0080676255747675,0.753403007984161,-0.655723035335541
0.579282462596893,0.0345647521317005,1.279012799263,0.050616554915905,0.0097153941169381,0.753805577754974,-0.65507310628891
0.578894555568695,0.034561064094305,1.27861046791077,0.053250677883625,0.0089326221495866,0.753431677818298,-0.655305564403534
0.579118490219116,0.0347460135817527,1.27872288227081,0.05159517750144,0.0088428016752004,0.753884136676788,-0.654918611049652
0.578831017017365,0.0347111150622367,1.27847349643707,0.0525476224720478,0.007863225415349,0.753463447093964,-0.655339479446411
0.578676223754883,0.0349395386874675,1.2782461643219,0.0535130910575389,0.0074849771335721,0.753509104251862,-0.655213356018066
0.578504920005798,0.0349587053060531,1.2780327796936,0.0541644841432571,0.0075364015065133,0.754157841205597,-0.65441220998764
0.57833606004715,0.0349865220487117,1.2779895067215,0.054701067507267,0.0074661080725491,0.754239201545715,-0.654274821281433
0.578221201896667,0.0350403487682342,1.2778913974762,0.0554253570735454,0.0074575371108949,0.754306972026825,-0.654135763645172
0.57807469367981,0.035141535103321,1.27786469459534,0.0560907572507858,0.0075520202517509,0.754274427890778,-0.654115438461304
0.577950119972229,0.0354272946715354,1.27784729003906,0.0566102936863899,0.0072137331590056,0.75425922870636,-0.654091894626617
0.577768862247467,0.0353792607784271,1.27777433395386,0.0573008172214031,0.0072917086072266,0.754291892051697,-0.653993308544159
0.577661037445068,0.035253670066595,1.27784538269043,0.0572754926979541,0.0077452869154512,0.754422426223755,-0.653839886188507
0.577434897422791,0.0352293252944946,1.27767193317413,0.0586087070405483,0.0073377429507672,0.754368007183075,-0.653789103031158
0.57733952999115,0.0352053269743919,1.27762937545776,0.0588856153190135,0.0074713439680635,0.754504799842834,-0.653604924678802
0.576541841030121,0.0353053472936153,1.27721917629242,0.0590020269155502,0.0080870287492871,0.753842771053314,-0.654350399971008
0.576382279396057,0.0352465733885765,1.27716565132141,0.0597361028194427,0.0077272206544876,0.753890573978424,-0.654233038425446
0.57630443572998,0.0352211445569992,1.27718389034271,0.0609726011753082,0.0080199334770441,0.753564953804016,-0.654490530490875
0.576334118843079,0.035126581788063,1.27728605270386,0.060808066278696,0.0079943370074033,0.753956198692322,-0.65405535697937
0.576115727424622,0.0351329259574413,1.27710008621216,0.0619375631213188,0.007760627195239,0.753935873508453,-0.653975784778595
0.575906157493591,0.0348127707839012,1.2770848274231,0.0614859387278556,0.0074670296162366,0.754587113857269,-0.653270184993744
0.575745761394501,0.0348297879099845,1.27687120437622,0.0624526999890804,0.006618654821068,0.754188060760498,-0.653648376464844
0.575528740882874,0.0347469821572303,1.27687859535217,0.0631689503788948,0.0057672513648867,0.754279315471649,-0.6534823179245
0.575982809066772,0.0340997576713562,1.27724170684814,0.0626177415251731,0.0044553838670253,0.755101025104523,-0.652596175670624
0.575590848922729,0.0339514836668968,1.27707433700562,0.0642635598778724,0.0049587306566536,0.75627726316452,-0.65106862783432
0.575376927852631,0.0337580665946006,1.2770848274231,0.0650432929396629,0.0040505905635654,0.756483256816864,-0.65075808763504
0.574954986572266,0.0334143489599227,1.27704620361328,0.0661260187625885,0.0030913155060261,0.756468832492828,-0.650670886039734
0.574482977390289,0.0334973856806755,1.27690505981445,0.0654967203736305,0.0044160452671349,0.755916953086853,-0.651368021965027
0.574474036693573,0.0336829721927642,1.27696657180786,0.0681529119610786,0.0043034581467509,0.754532933235168,-0.652699649333954
0.574268639087677,0.0334263741970062,1.27701330184937,0.0689417570829391,0.0048815519548952,0.755231499671936,-0.651804149150848
0.57378888130188,0.0330730229616165,1.2766205072403,0.0701094940304756,0.0045585306361317,0.755719721317291,-0.651115596294403
0.573576509952545,0.0327678546309471,1.27670216560364,0.0697949677705764,0.004563508555293,0.755797445774078,-0.651059150695801
0.573407232761383,0.0327156856656074,1.27656686306,0.0703888610005378,0.0043753343634307,0.755955994129181,-0.650812447071075
0.573348641395569,0.032646968960762,1.27679467201233,0.0692334249615669,0.0045732860453426,0.756206154823303,-0.650644302368164
0.572925686836243,0.0323772355914115,1.27651691436768,0.0712628737092018,0.0034365421161055,0.756071329116821,-0.650588929653168
0.572715759277344,0.0321646332740783,1.27642476558685,0.0712701380252838,0.0037387255579233,0.756063282489777,-0.650595843791962
0.572997272014618,0.0320395603775978,1.27666556835175,0.0666815787553787,0.0039778887294232,0.757126986980438,-0.649843513965607
0.572997272014618,0.0320395603775978,1.27666556835175,0.0666815787553787,0.0039778887294232,0.757126986980438,-0.649843513965607
0.572638273239136,0.0316862277686595,1.2766969203949,0.0678925514221191,0.0042381850071251,0.756157875061035,-0.650844097137451
0.572223305702209,0.0314678028225898,1.27643966674805,0.0684878006577491,0.0040204399265348,0.756520926952362,-0.650361061096191
0.572064578533173,0.0312663465738296,1.27673316001892,0.0679714307188987,0.0036382805556058,0.755887866020203,-0.651153147220612
0.571850478649139,0.0310898963361978,1.27669584751129,0.0680891722440719,0.003655228530988,0.755813658237457,-0.651226758956909
0.571445047855377,0.0307449176907539,1.27654814720154,0.0680967718362808,0.00329344952479,0.756163477897644,-0.650821506977081
0.571313381195068,0.0306890830397605,1.27637183666229,0.06708824634552,0.0032277042046189,0.756967425346375,-0.649991691112518
0.571065127849579,0.0307183470577001,1.27623689174652,0.0673713088035583,0.002961526857689,0.756650388240814,-0.650332629680634
0.570957660675049,0.0305534694343805,1.27626168727875,0.0677235648036003,0.0034318417310714,0.755907833576202,-0.651156783103943
0.570736944675446,0.0304361078888177,1.27624142169952,0.0675007402896881,0.0033647769596427,0.755664587020874,-0.651462554931641
0.570628762245178,0.0302934125065803,1.27638566493988,0.0664405077695846,0.0035962159745395,0.755522429943085,-0.651735126972198
0.570353388786316,0.0301134008914232,1.27637100219727,0.0661403313279151,0.0035885968245565,0.755151569843292,-0.652195334434509
0.570052146911621,0.0300292987376451,1.27617263793945,0.0667940601706504,0.0032087231520563,0.754702806472778,-0.652649879455566
0.569905519485474,0.0299119111150503,1.27616989612579,0.0664102062582969,0.0028026760555803,0.754492402076721,-0.6529341340065
0.56963723897934,0.0298727098852396,1.27626943588257,0.0661142319440841,0.0019257951062172,0.754027903079987,-0.653503835201263
0.569409608840942,0.0297806914895772,1.27615213394165,0.0661427080631256,0.0015446147881448,0.75367671251297,-0.65390682220459
0.569291710853577,0.0297346971929073,1.27608942985535,0.0658715814352035,0.0013694699155166,0.753337144851685,-0.654325842857361
0.569150865077972,0.0296126846224069,1.27626621723175,0.0645596832036972,0.0015977148432284,0.752921581268311,-0.654934167861938
0.568827211856842,0.0294563509523868,1.27615284919739,0.0635601878166198,0.0011968855978921,0.752940118312836,-0.655011355876923
0.568576991558075,0.0295348539948463,1.27601611614227,0.064532570540905,0.0012380243279039,0.751789689064026,-0.656236350536346
0.568180739879608,0.0293436683714389,1.27602303028107,0.0642581582069397,0.0012005972675979,0.750972270965576,-0.65719872713089
0.567850053310394,0.0292583741247653,1.27584612369537,0.0645759180188179,0.0011136984685435,0.750273942947388,-0.657965004444122
0.56772917509079,0.0293255764991045,1.27583289146423,0.0642603859305381,0.0009321746183559,0.749907910823822,-0.658413171768188
0.567499756813049,0.0291346963495016,1.27608513832092,0.0626503899693489,0.0012233178131282,0.749173521995544,-0.659403204917908
0.567499756813049,0.0291346963495016,1.27608513832092,0.0626503899693489,0.0012233178131282,0.749173521995544,-0.659403204917908
0.566937565803528,0.0291879680007696,1.2758469581604,0.0630510747432708,0.0010677409591153,0.747846782207489,-0.660869657993317
0.566544950008392,0.0289833471179008,1.27586936950684,0.0625700578093528,0.0014591104118153,0.746876955032349,-0.662010252475739
0.566374897956848,0.0286322478204965,1.27599358558655,0.0627031475305557,0.0016317825065925,0.746699512004852,-0.662197411060333
0.566116809844971,0.0287781581282615,1.27598083019257,0.0621313229203224,0.0019888742826879,0.746024787425995,-0.66301041841507
0.566083014011383,0.0288175363093614,1.27619218826294,0.0611985623836517,0.0018270071595907,0.745860576629639,-0.66328239440918
0.565756559371948,0.0285970140248537,1.27619171142578,0.0609674453735351,0.0021359326783567,0.745244681835175,-0.663994669914246
0.565394818782806,0.0286373402923345,1.27603113651276,0.0614199936389923,0.0020438150968402,0.744522094726562,-0.664763331413269
0.565078675746918,0.0286533720791339,1.27605259418488,0.0609495490789413,0.0023309090174734,0.743897259235382,-0.66550487279892
0.5648472905159,0.0285846665501594,1.27620303630829,0.0598964765667915,0.0027656620368361,0.743481576442719,-0.666063070297241
0.564404666423798,0.0286420471966266,1.27603077888489,0.0602863766252994,0.00280580855906,0.742803990840912,-0.666783273220062
0.564253866672516,0.0286516696214675,1.27612388134003,0.0588212125003337,0.0026985865551978,0.742614924907684,-0.667125165462494
0.563865005970001,0.0286031384021043,1.27606618404388,0.0588316693902015,0.0027767550200223,0.742077052593231,-0.667722165584564
0.563456118106842,0.0288655515760183,1.27589297294617,0.0588391907513141,0.0032173211220651,0.741500794887543,-0.668359398841858
0.563056766986847,0.0289156436920166,1.27584660053253,0.0586386583745479,0.0033190089743584,0.741127610206604,-0.668790400028229
0.562716782093048,0.0289933197200298,1.27582669258118,0.0583756081759929,0.003456528764218,0.740758061408997,-0.669221878051758
0.562360525131226,0.02895481698215,1.27588212490082,0.0580297708511352,0.0035215641837567,0.740400493144989,-0.669647097587585
0.562076449394226,0.0292856693267822,1.27602422237396,0.0565166659653186,0.0041280058212578,0.740082681179047,-0.670124232769012
0.562076449394226,0.0292856693267822,1.27602422237396,0.0565166659653186,0.0041280058212578,0.740082681179047,-0.670124232769012
0.561285197734833,0.0292239431291818,1.27585697174072,0.0570496320724487,0.003959450405091,0.739642858505249,-0.670565485954285
0.561125338077545,0.0294094830751419,1.27615761756897,0.0549742728471756,0.0046680173836648,0.739676892757416,-0.67069673538208
0.560455143451691,0.0293321721255779,1.27580153942108,0.056527093052864,0.0044606258161365,0.738998532295227,-0.671316683292389
0.559996843338013,0.029697248712182,1.2757568359375,0.0559715628623962,0.0048659611493349,0.738491117954254,-0.671918451786041
0.559771776199341,0.0296432524919509,1.27595174312592,0.05505346134305,0.0049747033044695,0.738585293292999,-0.671889960765839
0.559411823749542,0.0298095867037773,1.27587616443634,0.0549340732395648,0.0052432706579566,0.738412737846375,-0.672087430953979
0.559198200702667,0.0298406518995761,1.27628803253174,0.0527611076831817,0.0058543961495161,0.738467812538147,-0.67219603061676
0.558593153953552,0.0300558488816022,1.27611255645752,0.053080890327692,0.0060912575572729,0.737927317619324,-0.672761917114258
0.558100461959839,0.030138861387968,1.27615761756897,0.052609659731388,0.0065423920750617,0.737404704093933,-0.673367500305176
0.557528018951416,0.0302085410803556,1.27589237689972,0.0539843589067459,0.0063037392683327,0.736939191818237,-0.673770368099213
0.556988537311554,0.0302161462604999,1.27587807178497,0.0536743104457855,0.0070055238902568,0.736368358135223,-0.674412190914154
0.556569039821625,0.0302661657333374,1.27603399753571,0.0518617257475853,0.0071235867217183,0.736978530883789,-0.673885941505432
0.556272149085999,0.0304999016225337,1.27614080905914,0.0526004470884799,0.0081425160169601,0.736395716667175,-0.674454212188721
0.555969417095184,0.0306445565074682,1.27629506587982,0.0517763048410415,0.0083952341228723,0.736453831195831,-0.674451231956482
0.555476069450378,0.0307063832879066,1.27629435062408,0.0514735355973243,0.0088240085169672,0.736028730869293,-0.674932897090912
0.55463308095932,0.0310106351971626,1.27592849731445,0.0521859042346477,0.0092997886240482,0.734028041362762,-0.677047193050385
0.554294466972351,0.0310797076672315,1.27613258361816,0.0510003827512264,0.0099586881697177,0.733850657939911,-0.67732048034668
0.553821742534637,0.0312689617276191,1.27613651752472,0.0506976321339607,0.0103467376902699,0.733462810516357,-0.677757382392883
0.553407728672028,0.0314181968569755,1.27618169784546,0.0503295063972473,0.010798436589539,0.733345627784729,-0.677904427051544
0.552838921546936,0.0316088199615478,1.27601993083954,0.0509653687477111,0.0110408533364534,0.732857882976532,-0.678380310535431
0.552487075328827,0.0317839868366718,1.27646958827972,0.0484082400798797,0.0128216734156012,0.733547627925873,-0.677790582180023
0.551878213882446,0.0318450927734375,1.27642464637756,0.0478721931576728,0.0131565108895301,0.732581436634064,-0.678866565227509
0.551566123962402,0.0318965166807174,1.27669537067413,0.0467268340289592,0.0136360647156834,0.732412755489349,-0.679118692874908
0.551095008850098,0.0320149362087249,1.27672111988068,0.0464052855968475,0.0141810178756713,0.731981933116913,-0.679593980312347
0.550214767456055,0.0320924594998359,1.27622699737549,0.0488200932741165,0.0139819793403148,0.731200039386749,-0.680270433425903
0.54974353313446,0.0322945713996887,1.27610373497009,0.0489108748733997,0.0147400619462132,0.730965316295624,-0.680499911308289
0.549429297447205,0.0325222909450531,1.27640211582184,0.0471448041498661,0.0155959967523813,0.73086804151535,-0.680710017681122
0.549047410488129,0.0326837748289108,1.27669835090637,0.0459833107888698,0.0161245204508304,0.73076605796814,-0.680886566638947
0.549047410488129,0.0326837748289108,1.27669835090637,0.0459833107888698,0.0161245204508304,0.73076605796814,-0.680886566638947
0.547658145427704,0.0328297838568687,1.27630472183228,0.0471397116780281,0.0175197012722492,0.729382038116455,-0.682255744934082
0.547008037567139,0.0329168513417243,1.27630138397217,0.0472939200699329,0.0179335083812475,0.729091882705688,-0.68254429101944
0.54647570848465,0.0330879688262939,1.27637779712677,0.0471107214689254,0.0187475141137838,0.728965044021606,-0.682670414447784
0.546149909496307,0.0334289819002151,1.27657949924469,0.0468585006892681,0.0197658780962228,0.729250311851501,-0.682354509830475
0.54575377702713,0.0337144993245601,1.27692031860352,0.0451867058873176,0.0209061428904533,0.72927188873291,-0.682410061359406
0.545221269130707,0.0339209884405136,1.27699017524719,0.0449610613286495,0.0215334109961986,0.729045152664185,-0.682647883892059
0.544428884983063,0.0340442284941673,1.27650737762451,0.0467672385275363,0.0211131293326616,0.728499948978424,-0.683121562004089
0.54373300075531,0.0341145917773246,1.27656936645508,0.0464669726788997,0.0219217911362648,0.727971076965332,-0.683680057525635
0.543405413627625,0.0343187674880027,1.27692496776581,0.0456060282886028,0.0225839279592037,0.727443158626556,-0.684278190135956
0.542862355709076,0.0344091951847076,1.27697372436523,0.0454550087451934,0.0232910998165607,0.727584958076477,-0.684113740921021
0.542138814926147,0.0346543379127979,1.2767721414566,0.0462929680943489,0.0235844235867261,0.72734797000885,-0.684299468994141
0.541701257228851,0.0349067822098732,1.27680015563965,0.0461635962128639,0.0240123197436332,0.727427542209625,-0.684208691120148
0.541167020797729,0.0349892377853393,1.2768577337265,0.0458124689757823,0.0247074458748102,0.727202713489532,-0.684446752071381
0.540772616863251,0.0350346118211746,1.27706599235535,0.044900469481945,0.025684181600809,0.727304041385651,-0.684363186359406
0.540270745754242,0.0352316349744796,1.27715027332306,0.0444391444325447,0.0262044072151184,0.727093756198883,-0.684597015380859
0.539563715457916,0.0354317612946033,1.27686834335327,0.0454296581447124,0.0267878789454698,0.72651344537735,-0.685125470161438
0.53907585144043,0.0355565138161182,1.2769296169281,0.0452129989862442,0.0273054577410221,0.726332485675812,-0.685311138629913
0.53849059343338,0.0356921777129173,1.27697491645813,0.0448948144912719,0.0280328802764415,0.726158678531647,-0.685486853122711
0.538003146648407,0.0357022173702716,1.2772536277771,0.0437901057302951,0.0292464271187782,0.72707062959671,-0.684540212154388
0.53754186630249,0.0358756035566329,1.27726984024048,0.0437953993678092,0.0297964084893465,0.727079093456268,-0.684507369995117
0.537270426750183,0.0361459404230117,1.27758455276489,0.0417754687368869,0.0309198461472988,0.727176249027252,-0.684480428695679
0.536645889282227,0.0363401360809803,1.27729666233063,0.0427737087011337,0.0307657197117805,0.726818799972534,-0.684805333614349
0.535991191864014,0.0364529713988304,1.27704870700836,0.0439950264990329,0.0309593696147203,0.726514577865601,-0.685041964054108
0.535575807094574,0.036626111716032,1.27714359760284,0.0439519435167312,0.0312802158296108,0.726405799388885,-0.685145676136017
0.535262048244476,0.0368365794420242,1.27715981006622,0.0437218472361564,0.0323430895805358,0.725597620010376,-0.685966670513153
0.534765958786011,0.0369485989212989,1.27723789215088,0.0433972105383873,0.0329165272414684,0.725236535072327,-0.686341881752014
0.534371376037598,0.0371386036276817,1.27734375,0.0433639176189899,0.0330771245062351,0.725298523902893,-0.686270773410797
0.534111678600311,0.0373854711651802,1.27761876583099,0.0419074818491935,0.0339692272245883,0.725297510623932,-0.686318814754486
0.533532798290253,0.0376632958650589,1.27749264240265,0.042499054223299,0.034257672727108,0.724868178367615,-0.686721563339233
0.533532798290253,0.0376632958650589,1.27749264240265,0.042499054223299,0.034257672727108,0.724868178367615,-0.686721563339233
0.532512307167053,0.0379952117800712,1.2772216796875,0.0442059710621833,0.0349685847759246,0.723897516727448,-0.687601149082184
0.532045364379883,0.0382457375526428,1.27720367908478,0.0443236082792282,0.0354154743254184,0.723414480686188,-0.688079059123993
0.53193211555481,0.0385534614324569,1.27755391597748,0.0425072982907295,0.0365559346973896,0.723332166671753,-0.6882204413414
0.531419396400452,0.0386278182268142,1.27747929096222,0.0431660860776901,0.0368285253643989,0.72266674041748,-0.68886387348175
0.531102478504181,0.0388788059353828,1.27754378318787,0.0428861565887928,0.037566103041172,0.722462236881256,-0.689055919647217
0.530678391456604,0.0390390083193779,1.27752280235291,0.042956706136465,0.0381632074713707,0.721874594688416,-0.689634323120117
0.530077576637268,0.0389972738921642,1.27741074562073,0.0444192588329315,0.0384631678462028,0.722079217433929,-0.689310610294342
0.529769778251648,0.0391522385179996,1.27736103534698,0.0449225977063179,0.0389178171753883,0.721811056137085,-0.689533293247223
0.529371857643127,0.0390967354178428,1.27721846103668,0.0460401102900505,0.0394441820681095,0.721268355846405,-0.689997434616089
0.529327511787415,0.0394597202539444,1.27765083312988,0.0439355112612247,0.0402171649038791,0.720978200435638,-0.690393269062042
0.528960406780243,0.0397717468440532,1.27748370170593,0.0447325706481933,0.0404194965958595,0.720353603363037,-0.690981805324554
0.528428912162781,0.040397934615612,1.27741456031799,0.0438662320375442,0.0407175011932849,0.719141900539398,-0.692280948162079
0.528247535228729,0.0403898879885673,1.27741503715515,0.0443476885557174,0.0406988486647605,0.718955397605896,-0.692444980144501
0.528146207332611,0.0399887338280677,1.27628815174103,0.0488732755184173,0.0415870584547519,0.71912944316864,-0.691906630992889
0.52809089422226,0.0400456711649894,1.27652335166931,0.0479653812944889,0.0421053133904933,0.719088852405548,-0.691981017589569
0.527803182601929,0.0401933752000331,1.27649343013763,0.0480819195508956,0.0424495600163936,0.718535542488098,-0.692526519298553
0.527737498283386,0.0403606072068214,1.27659392356873,0.0475804135203361,0.0428399816155433,0.718336403369904,-0.692743539810181
0.527304232120514,0.0403979606926441,1.27663898468018,0.0475153885781765,0.0431303232908248,0.717450380325317,-0.693647742271423
0.52690064907074,0.0407742820680141,1.27660584449768,0.0473409742116928,0.0434999279677867,0.716551005840302,-0.69456547498703
0.526105523109436,0.040829136967659,1.27594602108002,0.0503253005445003,0.0435245670378208,0.715029239654541,-0.695921182632446
0.525820255279541,0.0409603714942932,1.27592778205872,0.0504701249301433,0.0438385196030139,0.714447140693665,-0.696488380432129
0.525694668292999,0.041245799511671,1.27617335319519,0.0491158291697502,0.0443651564419269,0.71402895450592,-0.696980655193329
0.525493025779724,0.041377805173397,1.27617406845093,0.0492560192942619,0.0445277653634548,0.713584899902344,-0.697414994239807
0.52522599697113,0.0415251478552818,1.27619135379791,0.0492485053837299,0.0447100512683391,0.71299284696579,-0.698009014129639
0.524998962879181,0.041456215083599,1.27621340751648,0.0497204512357711,0.0447428524494171,0.712498962879181,-0.698477745056152
0.524628639221191,0.0414071641862392,1.27611589431763,0.0503208748996257,0.0449892729520797,0.711683034896851,-0.699250280857086
0.524398267269135,0.0416081063449382,1.27613615989685,0.050684530287981,0.0451964251697063,0.710321545600891,-0.700593829154968
0.524385929107666,0.041890449821949,1.27647221088409,0.04877919703722,0.0458968132734298,0.709969818592072,-0.701039910316467
0.524011135101318,0.0419265441596508,1.27651607990265,0.0489510707557201,0.0463909581303596,0.710135459899902,-0.700827538967133
0.523789763450623,0.0420477837324142,1.27644383907318,0.0487570241093635,0.0462398342788219,0.709430575370789,-0.70156455039978
0.5231773853302,0.0420665815472602,1.27594769001007,0.0516652166843414,0.0459960214793682,0.707542181015015,-0.703277409076691
0.523016035556793,0.0420808419585228,1.27608358860016,0.0509279854595661,0.0464441254734993,0.707079470157623,-0.703766882419586
0.522802948951721,0.0425803065299987,1.27629578113556,0.0490763261914253,0.0471486337482929,0.706368029117584,-0.704565584659576
0.522323131561279,0.0425453037023544,1.27593111991882,0.0510346703231334,0.0468056052923202,0.705574214458466,-0.705244302749634
0.522237658500671,0.0426862090826034,1.27633571624756,0.0486913174390792,0.0478686951100826,0.706203162670135,-0.704709112644196
0.522010564804077,0.0426820255815982,1.27632665634155,0.0485189780592918,0.048259325325489,0.705691933631897,-0.705206334590912
0.521933436393738,0.0427315756678581,1.27632522583008,0.0483158379793167,0.0481063313782215,0.704500913619995,-0.706420481204987
0.521617949008942,0.0427569784224033,1.27639818191528,0.0474875010550022,0.0486378446221351,0.703757703304291,-0.707180559635162
0.521386861801147,0.0422067157924175,1.27615630626678,0.049484122544527,0.0484853126108646,0.70465099811554,-0.706163942813873
0.521302342414856,0.0422707125544548,1.27613890171051,0.049345027655363,0.0485323034226894,0.704569160938263,-0.706252157688141
0.521238923072815,0.0426339358091354,1.27599120140076,0.0493501797318458,0.0486036948859691,0.704571783542633,-0.706244170665741
0.52109569311142,0.0426315814256668,1.27597379684448,0.0491775684058666,0.048754584044218,0.704345226287842,-0.706471800804138
0.520973026752472,0.0425548516213893,1.27634739875793,0.0472858995199203,0.049147181212902,0.704045534133911,-0.706872344017029
0.520657181739807,0.0425998121500015,1.27652955055237,0.0462214350700378,0.0493199788033962,0.703410983085632,-0.70756208896637
0.520625114440918,0.0423214584589004,1.27652776241302,0.0463203825056552,0.049367930740118,0.70349383354187,-0.707469999790192
0.520522713661194,0.0422863587737083,1.27652621269226,0.0460355244576931,0.0494876690208911,0.703399002552032,-0.707574427127838
0.520434558391571,0.0422319620847702,1.27651488780975,0.0458073839545249,0.0496191531419754,0.703381061553955,-0.707597851753235
