x,y,z,q0,q1,q2,q3
-0.662149429321289,-0.098365344107151,0.889175534248352,0.0648316219449043,0.0279793720692396,0.747230112552643,0.660803437232971
-0.662149667739868,-0.0981701165437698,0.88937896490097,0.06619293987751,0.026383526623249,0.748586177825928,0.659197211265564
-0.662262141704559,-0.0982765853404998,0.889356017112732,0.0676041543483734,0.0263916589319705,0.749611437320709,0.657887399196625
-0.663332223892212,-0.0987172201275825,0.888958990573883,0.0688630193471908,0.0282147321850061,0.753063559532166,0.653725564479828
-0.663426637649536,-0.0989215895533561,0.888930201530457,0.0698525011539459,0.0282296780496835,0.754218757152557,0.652286529541016
-0.663388609886169,-0.0992964729666709,0.888757050037384,0.0704787671566009,0.028077095746994,0.755596101284027,0.65062952041626
-0.662491858005524,-0.09907728433609,0.888392865657806,0.0727386102080345,0.0278039127588272,0.759262979030609,0.646108090877533
-0.66257506608963,-0.0994155406951904,0.888432919979095,0.0730447247624397,0.0274090133607387,0.760259389877319,0.644917666912079
-0.663687825202942,-0.0996142327785492,0.888676762580872,0.0748525783419609,0.0275368485599756,0.759851515293121,0.645185649394989
-0.663756728172302,-0.0997423082590103,0.888602375984192,0.0760797783732414,0.027610445395112,0.76145076751709,0.643150210380554
-0.662782192230225,-0.0994373261928558,0.888673663139343,0.0777425393462181,0.0253952387720346,0.761036992073059,0.643532514572144
-0.662782192230225,-0.0994373261928558,0.888673663139343,0.0777425393462181,0.0253952387720346,0.761036992073059,0.643532514572144
-0.66379588842392,-0.100579351186752,0.888220548629761,0.079175665974617,0.0270131137222051,0.766628265380859,0.636618196964264
-0.662923574447632,-0.100423641502857,0.888435781002045,0.0804980620741844,0.024837477132678,0.766092717647552,0.637185335159302
-0.662840068340302,-0.100622408092022,0.888359189033508,0.0814915001392364,0.0246052779257297,0.767860531806946,0.634936094284058
-0.662768602371216,-0.100905232131481,0.888385832309723,0.082849383354187,0.0247762314975261,0.769957900047302,0.632207870483398
-0.662768602371216,-0.100905232131481,0.888385832309723,0.082849383354187,0.0247762314975261,0.769957900047302,0.632207870483398
-0.662794768810272,-0.101322874426842,0.88814389705658,0.0854811072349548,0.0242767836898565,0.773707568645477,0.627279937267303
-0.663993358612061,-0.101800322532654,0.888010382652283,0.0870488435029983,0.026642071083188,0.777616560459137,0.622113525867462
-0.663035094738007,-0.10170267522335,0.888213276863098,0.0884579047560691,0.0245873555541038,0.777314841747284,0.622376322746277
-0.663035094738007,-0.10170267522335,0.888213276863098,0.0884579047560691,0.0245873555541038,0.777314841747284,0.622376322746277
-0.662678122520447,-0.102374173700809,0.888041973114014,0.0895304605364799,0.023961666971445,0.781458556652069,0.617035329341888
-0.663718104362488,-0.103098496794701,0.887752056121826,0.0903980806469917,0.0263172350823879,0.785493850708008,0.611665725708008
-0.664038777351379,-0.103132054209709,0.887899219989777,0.0926621705293655,0.0257318150252103,0.787604331970215,0.608630537986755
-0.662826180458069,-0.103186964988708,0.887937366962433,0.0934367626905441,0.0242722257971763,0.786670506000519,0.609778761863708
-0.662753403186798,-0.103463150560856,0.88785457611084,0.0941364988684654,0.0242454428225755,0.788497030735016,0.607307970523834
-0.663756132125854,-0.104146711528301,0.887584269046783,0.0949123799800872,0.0263676680624485,0.792783260345459,0.60149073600769
-0.662615120410919,-0.103985443711281,0.887929260730743,0.0960469469428062,0.024101423099637,0.792144238948822,0.602247178554535
-0.662756562232971,-0.104503229260445,0.887621343135834,0.0972946211695671,0.0258103553205728,0.79327791929245,0.600481152534485
-0.663794696331024,-0.104616560041904,0.887764155864716,0.0990388989448547,0.0259814132004976,0.797146916389465,0.595040500164032
-0.663533329963684,-0.105282187461853,0.887563526630402,0.0992997959256172,0.026091381907463,0.798825442790985,0.592736721038818
-0.663533329963684,-0.105282187461853,0.887563526630402,0.0992997959256172,0.026091381907463,0.798825442790985,0.592736721038818
-0.66347599029541,-0.105541959404945,0.887671172618866,0.10142058879137,0.0256896596401929,0.801970779895782,0.588129878044128
-0.663306951522827,-0.10586516559124,0.887675642967224,0.102322913706303,0.025516927242279,0.803581058979034,0.585778534412384
-0.663275122642517,-0.106361657381058,0.88738489151001,0.102418832480907,0.0267001632601022,0.805729448795319,0.582749962806702
-0.663145303726196,-0.106725059449673,0.887306928634644,0.103011459112167,0.0264289006590843,0.807265996932983,0.580527186393738
-0.66296523809433,-0.106918111443519,0.887163996696472,0.103438906371593,0.026729479432106,0.809253871440887,0.577662706375122
-0.663153648376465,-0.107150912284851,0.887334883213043,0.104827277362347,0.0271313395351171,0.810588896274567,0.57551771402359
-0.662877023220062,-0.107635766267776,0.887229323387146,0.105111345648765,0.0262461714446544,0.811765372753143,0.573846518993378
-0.662826657295227,-0.108057394623756,0.887145042419434,0.105535499751568,0.0263791531324386,0.813013970851898,0.571991860866547
-0.662803113460541,-0.108326636254787,0.887079477310181,0.106478162109852,0.0263067781925201,0.814300060272217,0.569987595081329
-0.662935078144073,-0.108621299266815,0.887148678302765,0.107575356960297,0.0272760465741157,0.815677165985107,0.567762553691864
-0.662872850894928,-0.108939714729786,0.887072324752808,0.108169674873352,0.027171928435564,0.816638588905334,0.566270768642426
-0.662827253341675,-0.109354674816131,0.886993885040283,0.108812518417835,0.0272203236818313,0.817737698554993,0.564556419849396
-0.662616431713104,-0.109896771609783,0.886797785758972,0.108900554478168,0.0274290218949317,0.818937838077545,0.562787055969238
-0.662564635276794,-0.110238544642925,0.886756300926208,0.10952290892601,0.0275922138243913,0.81982034444809,0.561371564865112
-0.662589311599731,-0.110473245382309,0.886915683746338,0.11070591956377,0.0277860909700393,0.820796608924866,0.559700787067413
-0.662589311599731,-0.110473245382309,0.886915683746338,0.11070591956377,0.0277860909700393,0.820796608924866,0.559700787067413
-0.662207841873169,-0.111449934542179,0.886679708957672,0.111011900007725,0.0279787983745336,0.82289981842041,0.556533396244049
-0.662266969680786,-0.1115842461586,0.886816263198853,0.112570837140083,0.0283075515180826,0.823702156543732,0.555014610290527
-0.662203550338745,-0.111895903944969,0.886846601963043,0.11325915902853,0.0283532291650772,0.824427783489227,0.553793370723724
-0.661738872528076,-0.112320326268673,0.887099087238312,0.113709025084972,0.0270377807319164,0.824900448322296,0.553062856197357
-0.661123037338257,-0.112811796367168,0.886919736862183,0.11300265789032,0.0263234302401542,0.82587057352066,0.551792562007904
-0.660965800285339,-0.113246604800224,0.886957049369812,0.11340045183897,0.026829570531845,0.826643526554108,0.550528109073639
-0.660685181617737,-0.11356757581234,0.886866688728333,0.113578170537949,0.0274369195103645,0.8270223736763,0.549891769886017
-0.660495281219482,-0.113835230469704,0.886868834495544,0.1140091791749,0.0275345407426357,0.827701508998871,0.548775136470795
-0.660387873649597,-0.114149406552315,0.886905312538147,0.114585645496845,0.0277777109295129,0.828336298465729,0.547683775424957
-0.659996092319489,-0.114446058869362,0.886941373348236,0.114706359803677,0.0278051644563674,0.829132556915283,0.546450853347778
-0.65976870059967,-0.114811465144157,0.886985540390015,0.115059047937393,0.0281243883073329,0.829612731933594,0.545630991458893
-0.659525096416473,-0.115110091865063,0.887026846408844,0.115335911512375,0.0280854552984237,0.830007970333099,0.544973134994507
-0.659189581871033,-0.115380123257637,0.887017667293549,0.115126006305218,0.0281164944171905,0.830548942089081,0.544191062450409
-0.658929049968719,-0.115635804831982,0.887032032012939,0.11521952599287,0.0282578077167272,0.831092119216919,0.543333947658539
-0.658574342727661,-0.115900382399559,0.887065052986145,0.115119196474552,0.0282645877450704,0.831729829311371,0.542378306388855
-0.658383727073669,-0.116113990545273,0.887061953544617,0.115492217242718,0.0282340813428163,0.832311689853668,0.541406989097595
-0.658153891563416,-0.11628994345665,0.887064099311829,0.11570031195879,0.0281790923327207,0.832797408103943,0.540618062019348
-0.657935380935669,-0.116456151008606,0.88703465461731,0.115872450172901,0.028159013018012,0.833291172981262,0.539820849895477
-0.657721519470215,-0.116686537861824,0.886983931064606,0.115820102393627,0.0283013507723808,0.833830654621124,0.538991034030914
-0.657470464706421,-0.116881549358368,0.886944532394409,0.115985110402107,0.0283176712691783,0.834396719932556,0.538077890872955
-0.656324565410614,-0.116675421595573,0.887148022651672,0.116519466042519,0.0263551399111747,0.833191871643066,0.539925754070282
-0.65697705745697,-0.117230415344238,0.886833190917969,0.116136886179447,0.0284024365246295,0.83559387922287,0.536179542541504
-0.656052470207214,-0.117063939571381,0.887063562870026,0.116807274520397,0.0265331771224737,0.834284782409668,0.538164436817169
-0.655940413475037,-0.117202311754227,0.88700270652771,0.117216572165489,0.0265369322150945,0.834831595420837,0.537226319313049
-0.655760228633881,-0.117332585155964,0.886872410774231,0.117354944348335,0.0264592431485652,0.835360169410706,0.536377847194672
-0.655636668205261,-0.117430202662945,0.88675981760025,0.117565512657165,0.026486586779356,0.83583927154541,0.53558337688446
-0.655471444129944,-0.117577522993088,0.886660158634186,0.117645412683487,0.026574932038784,0.83635401725769,0.534757196903229
-0.655308365821838,-0.117770783603191,0.886569917201996,0.1177067309618,0.0267755948007106,0.83691018819809,0.533862948417664
-0.655308365821838,-0.117770783603191,0.886569917201996,0.1177067309618,0.0267755948007106,0.83691018819809,0.533862948417664
-0.65494179725647,-0.117981411516666,0.886417925357819,0.118210323154926,0.0266388095915317,0.837970495223999,0.532092273235321
-0.654826939105988,-0.118015810847282,0.886342942714691,0.118479460477829,0.0265854131430387,0.838400483131409,0.531357169151306
-0.654743909835815,-0.118379205465317,0.886002719402313,0.11848259717226,0.0282362010329961,0.838574111461639,0.530997157096863
-0.654583215713501,-0.11839585006237,0.885901212692261,0.118622563779354,0.0281308237463235,0.839036047458649,0.530241191387177
-0.654435992240906,-0.118405595421791,0.885841965675354,0.118778184056282,0.0280167926102876,0.839490950107574,0.52949184179306
-0.654435992240906,-0.118405595421791,0.885841965675354,0.118778184056282,0.0280167926102876,0.839490950107574,0.52949184179306
-0.654210448265076,-0.118139952421188,0.886018037796021,0.119269169867039,0.0263624768704175,0.840569257736206,0.527752935886383
-0.654036462306976,-0.118068285286427,0.885943710803986,0.119465917348862,0.0262132957577705,0.8409224152565,0.527153015136719
-0.653935432434082,-0.11805659532547,0.885913491249084,0.119592189788818,0.0261822137981653,0.841219246387482,0.526651978492737
-0.653828382492065,-0.118017375469208,0.885887026786804,0.119696088135242,0.0261475481092929,0.841521561145782,0.52614688873291
-0.653624176979065,-0.117991201579571,0.885864198207855,0.119601674377918,0.0259904079139232,0.841892659664154,0.525582194328308
-0.653534114360809,-0.117946699261665,0.885838150978088,0.119677551090717,0.0259198173880577,0.842150092124939,0.52515584230423
-0.653473973274231,-0.117866650223732,0.885811805725098,0.119828425347805,0.0258174072951078,0.842384219169617,0.524750888347626
-0.65338921546936,-0.117786861956119,0.885791718959808,0.1198705509305,0.0256848949939012,0.842625677585602,0.524360060691833
-0.65338921546936,-0.117786861956119,0.885791718959808,0.1198705509305,0.0256848949939012,0.842625677585602,0.524360060691833
-0.654049038887024,-0.118015870451927,0.885506868362427,0.119551375508308,0.0271750353276729,0.844800531864166,0.520846545696259
-0.653232395648956,-0.117542125284672,0.885714888572693,0.120094649493694,0.0252152942121028,0.843214809894562,0.523383557796478
-0.653202652931213,-0.117450684309006,0.885694324970245,0.120167627930641,0.0249606613069772,0.843464612960815,0.522976279258728
-0.653173923492432,-0.117342457175255,0.885673999786377,0.1202108040452,0.0248302035033702,0.843641579151154,0.522687077522278
-0.653168678283691,-0.117217049002647,0.885647475719452,0.120351865887642,0.0246546640992164,0.843813955783844,0.522384464740753
-0.65319550037384,-0.117105081677437,0.885596513748169,0.120505832135677,0.0245152488350868,0.844001829624176,0.522051930427551
-0.65321558713913,-0.116985291242599,0.885581612586975,0.120578929781914,0.0244822930544614,0.84414142370224,0.521810829639435
-0.653235793113708,-0.116859570145607,0.885535895824432,0.120734497904777,0.0242989622056484,0.844282805919647,0.521554529666901
-0.653262376785278,-0.116745285689831,0.88552451133728,0.120788097381592,0.024280147626996,0.844397246837616,0.521357834339142
-0.65401154756546,-0.116904184222221,0.8852299451828,0.120537392795086,0.0257375296205282,0.846252143383026,0.518329620361328
-0.653220772743225,-0.116367176175117,0.885456323623657,0.120931252837181,0.0237964503467082,0.84472382068634,0.520817697048187
-0.653278827667236,-0.11621218919754,0.885435879230499,0.121074579656124,0.0237659364938735,0.844855606555939,0.520572006702423
-0.653332948684692,-0.116080060601234,0.885395348072052,0.121189877390861,0.0237881243228912,0.844964921474457,0.520366549491882
-0.653415441513062,-0.115953005850315,0.885372042655945,0.121297992765903,0.0237670578062534,0.845084726810455,0.520147740840912
-0.653487801551819,-0.1158077865839,0.885332942008972,0.121493116021156,0.0237682741135358,0.845182538032532,0.519943237304688
-0.65434205532074,-0.116072945296764,0.885065793991089,0.121055603027344,0.0256335493177175,0.847071290016174,0.516873955726624
-0.654405653476715,-0.115941278636455,0.885043621063232,0.121152505278587,0.0256307236850261,0.847134411334991,0.516747772693634
-0.654484510421753,-0.115797027945518,0.885010361671448,0.121215283870697,0.0256246216595172,0.847224533557892,0.516585886478424
-0.653774559497833,-0.115262374281883,0.885202527046204,0.121840059757233,0.0237874016165733,0.845491170883179,0.519358992576599
-0.653970062732697,-0.115068539977074,0.885114192962646,0.122168600559235,0.0238533597439527,0.84540593624115,0.519417643547058
-0.65401428937912,-0.11492732167244,0.885105431079865,0.122101284563541,0.0237744785845279,0.845507919788361,0.519271075725555
-0.654084622859955,-0.114789992570877,0.885094702243805,0.122138470411301,0.0237504635006189,0.845600605010986,0.519112348556519
-0.654191970825195,-0.114637106657028,0.885127067565918,0.122220531105995,0.0236216001212596,0.845776617527008,0.518812239170074
-0.654227256774902,-0.114408612251282,0.885129272937775,0.122342221438885,0.0233238730579614,0.845866501331329,0.518650650978088
-0.654344201087952,-0.114264525473118,0.885165631771088,0.12253475934267,0.0233857277780771,0.845949530601501,0.518466770648956
-0.654431343078613,-0.114146910607815,0.885209143161774,0.122624024748802,0.0233937893062829,0.846023321151733,0.51832503080368
-0.654516339302063,-0.114047989249229,0.885252714157104,0.122681215405464,0.0234096627682447,0.846076369285583,0.518224060535431
-0.654516339302063,-0.114047989249229,0.885252714157104,0.122681215405464,0.0234096627682447,0.846076369285583,0.518224060535431
-0.655552387237549,-0.114203914999962,0.885145902633667,0.122507832944393,0.0252926312386989,0.84801059961319,0.515005052089691
-0.655618846416473,-0.114141717553139,0.885217308998108,0.12244264036417,0.0253713093698024,0.848054349422455,0.514944732189178
-0.655727088451385,-0.114072188735008,0.885259032249451,0.122483387589455,0.0254576411098241,0.848092257976532,0.514868319034576
-0.655795037746429,-0.113995477557182,0.885294198989868,0.122495472431183,0.0253238342702388,0.848077833652496,0.514895677566528
-0.655914902687073,-0.113947443664074,0.88532692193985,0.122489280998707,0.025455504655838,0.848086476325989,0.514876365661621
-0.655914902687073,-0.113947443664074,0.88532692193985,0.122489280998707,0.025455504655838,0.848086476325989,0.514876365661621
-0.656047582626343,-0.113867476582527,0.885381937026978,0.122188359498978,0.0255519151687622,0.848236858844757,0.514695227146149
-0.656164169311523,-0.11382183432579,0.885390520095825,0.122173212468624,0.0255833994597196,0.848287343978882,0.514614284038544
-0.656232237815857,-0.113776296377182,0.885411977767944,0.122091263532638,0.0256061423569917,0.84826123714447,0.514675557613373
-0.656319379806519,-0.113732643425465,0.88542103767395,0.122050426900387,0.025623083114624,0.848267018795013,0.51467490196228
-0.65640389919281,-0.113697543740272,0.885419726371765,0.122005432844162,0.0256609823554754,0.848293304443359,0.514640271663666
-0.656479120254517,-0.113654658198357,0.885428071022034,0.121984519064426,0.0256220009177923,0.848276019096375,0.514675617218018
-0.65655255317688,-0.113594770431518,0.885402798652649,0.121936410665512,0.0255053974688053,0.848280310630798,0.514685809612274
-0.656785011291504,-0.113526523113251,0.885377407073975,0.122311167418957,0.0255518481135368,0.848115921020508,0.514865577220917
-0.656118333339691,-0.113112054765224,0.885591626167297,0.122846134006977,0.0237076543271541,0.846378564834595,0.51767760515213
-0.656224310398102,-0.113071888685226,0.885571658611298,0.122884348034859,0.0236309152096509,0.8463494181633,0.517719864845276
-0.656313002109528,-0.113050699234009,0.885555565357208,0.122868157923222,0.0235338173806667,0.846344292163849,0.517736554145813
-0.656440019607544,-0.113027021288872,0.885542750358582,0.122961826622486,0.0234611332416534,0.846309542655945,0.517774343490601
-0.656552016735077,-0.112998843193054,0.885515570640564,0.123051844537258,0.0233456268906593,0.846304833889008,0.517765700817108
-0.656665086746216,-0.112974852323532,0.885491728782654,0.123121730983257,0.0232476610690355,0.846335232257843,0.517703950405121
-0.656774878501892,-0.112959071993828,0.885474681854248,0.123187310993671,0.0231707282364368,0.846359014511108,0.517652928829193
-0.657662510871887,-0.113331362605095,0.885213255882263,0.122764602303505,0.0249265059828758,0.848159372806549,0.514716625213623
-0.657759249210358,-0.11331095546484,0.885195076465607,0.122850693762302,0.0248217079788446,0.848178803920746,0.514669179916382
-0.657915651798248,-0.113327093422413,0.885202884674072,0.123082399368286,0.0248193088918924,0.848247885704041,0.51449990272522
-0.658048331737518,-0.113303169608116,0.885178208351135,0.123215593397617,0.0245635714381933,0.848261117935181,0.51445859670639
-0.658164024353027,-0.113295748829842,0.885157346725464,0.123299740254879,0.0245118606835603,0.848312616348267,0.514356017112732
-0.658164024353027,-0.113295748829842,0.885157346725464,0.123299740254879,0.0245118606835603,0.848312616348267,0.514356017112732
-0.657639682292938,-0.11291266977787,0.885330080986023,0.124013885855675,0.0225348509848117,0.846862077713013,0.516659677028656
-0.657768845558167,-0.11291928589344,0.885334372520447,0.124086059629917,0.0225081443786621,0.846867501735687,0.516634881496429
-0.658062875270844,-0.112967669963837,0.885336399078369,0.124506838619709,0.0227583032101392,0.846738398075104,0.51673412322998
-0.658158302307129,-0.112973228096962,0.885331451892853,0.124592766165733,0.0227011144161224,0.846782505512238,0.516643762588501
-0.658259630203247,-0.11300103366375,0.885312914848328,0.124766334891319,0.0227166581898927,0.846799731254578,0.516572773456573
-0.658333241939545,-0.1130176410079,0.885311841964722,0.124820932745934,0.0226572286337614,0.846851885318756,0.516476631164551
-0.658400475978851,-0.113058157265186,0.885320663452148,0.124833606183529,0.0226376485079526,0.846906661987305,0.516384840011597
-0.658461928367615,-0.113081589341164,0.885327577590942,0.124847449362278,0.022617282345891,0.846961081027985,0.516292870044708
-0.658508777618408,-0.113092869520187,0.885359048843384,0.124870412051678,0.0224889777600765,0.847015798091888,0.516203224658966
-0.659320116043091,-0.113515563309193,0.885160446166992,0.124375551939011,0.0241859275847673,0.848829030990601,0.51325911283493
-0.659371972084045,-0.113562732934952,0.885182321071625,0.124409906566143,0.0241708494722843,0.848883211612701,0.513161957263947
-0.659430623054504,-0.113618791103363,0.885193526744843,0.124416261911392,0.0241946764290332,0.848966419696808,0.513021647930145
-0.659477353096008,-0.113675326108932,0.885213851928711,0.124439522624016,0.0241890251636505,0.849022507667542,0.5129234790802
-0.659505188465118,-0.113728910684586,0.885217547416687,0.124464593827724,0.0241558849811553,0.849022269248962,0.512919247150421
-0.659556686878204,-0.11382332444191,0.885224103927612,0.124422006309032,0.0242628939449787,0.849099636077881,0.512796580791473
-0.659607410430908,-0.113946855068207,0.8852618932724,0.124526284635067,0.024335253983736,0.849081754684448,0.512797474861145
-0.65963339805603,-0.114026606082916,0.885256707668304,0.124503090977669,0.024391334503889,0.849141359329224,0.512701809406281
-0.659657657146454,-0.114116132259369,0.885263562202454,0.124478608369827,0.0244606714695692,0.849148809909821,0.512692034244537
-0.659655809402466,-0.114202857017517,0.885272920131683,0.124449893832207,0.0244866721332073,0.849126219749451,0.512735247612
-0.659682631492615,-0.114304944872856,0.885264217853546,0.124448396265507,0.0246067009866237,0.849110722541809,0.512755453586578
-0.659669995307922,-0.114404410123825,0.885272979736328,0.124390810728073,0.0246470235288143,0.849079966545105,0.512818276882172
-0.659637749195099,-0.114495351910591,0.88527250289917,0.124360151588917,0.0246888250112533,0.848978996276855,0.512990951538086
-0.659636318683624,-0.114597529172897,0.885279059410095,0.124378398060799,0.0247945804148912,0.848941564559937,0.513043284416199
-0.659626483917236,-0.114704012870789,0.885266065597534,0.124307028949261,0.0248837675899267,0.848885715007782,0.513148784637451
-0.659533858299255,-0.114844843745232,0.885242819786072,0.124040529131889,0.0248576607555151,0.848743677139282,0.513449132442474
-0.659555912017822,-0.114987596869469,0.885221719741821,0.123924180865288,0.0250261556357145,0.84877222776413,0.513422131538391
-0.659503042697906,-0.115076512098312,0.885230481624603,0.123843587934971,0.0250363796949386,0.848605096340179,0.513717234134674
-0.659504354000092,-0.115280643105507,0.885284662246704,0.123692274093628,0.0253425016999244,0.848464131355286,0.513971388339996
-0.659447729587555,-0.115374445915222,0.885302186012268,0.123541735112667,0.0253083780407905,0.848275661468506,0.514320135116577
-0.6594198346138,-0.11549012362957,0.885282695293427,0.123469889163971,0.0253912191838026,0.848126769065857,0.514578998088837
-0.659386813640594,-0.115601867437363,0.885274827480316,0.123543955385685,0.0254293028265237,0.847838401794434,0.515034377574921
-0.659176826477051,-0.115730330348015,0.885297536849976,0.123127490282059,0.0253073368221521,0.847791850566864,0.515216469764709
-0.659145176410675,-0.115841686725616,0.885290086269379,0.123016156256199,0.0253424383699893,0.847559869289398,0.515623033046722
-0.65910017490387,-0.115947037935257,0.88528436422348,0.12297023832798,0.0253306813538074,0.84731262922287,0.516040682792664
-0.659129738807678,-0.116061642765999,0.885329246520996,0.122912220656872,0.0249527301639318,0.84736293554306,0.515990197658539
-0.659160494804382,-0.116149738430977,0.885285139083862,0.123048543930054,0.0249588601291179,0.847043514251709,0.516481637954712
-0.65911728143692,-0.116234615445137,0.885264039039612,0.122971624135971,0.0249667633324861,0.846801280975342,0.516896665096283
-0.659106552600861,-0.116325713694096,0.88524055480957,0.12288998067379,0.0250620283186435,0.846611797809601,0.517221808433533
-0.658025145530701,-0.115879014134407,0.885448813438416,0.123457416892052,0.0231569893658161,0.843870520591736,0.521636426448822
-0.657964408397675,-0.11592723429203,0.885387659072876,0.123257972300053,0.0231194160878658,0.843641042709351,0.52205616235733
-0.657964408397675,-0.11592723429203,0.885387659072876,0.123257972300053,0.0231194160878658,0.843641042709351,0.52205616235733
-0.65793776512146,-0.116067573428154,0.885364890098572,0.123230017721653,0.0231784023344516,0.843247175216675,0.522696197032928
-0.6579310297966,-0.116131708025932,0.885349929332733,0.123232506215572,0.0232209600508213,0.843065440654755,0.522986829280853
-0.658790946006775,-0.11668486148119,0.885068416595459,0.122587442398071,0.025442874059081,0.844876825809479,0.520103871822357
-0.658777475357056,-0.116721920669079,0.885064125061035,0.122618541121483,0.0254444852471351,0.844682157039642,0.520412683486938
-0.658902287483215,-0.116746537387371,0.885038256645203,0.122809402644634,0.025399362668395,0.844384908676147,0.520852088928223
-0.658933341503143,-0.116798765957355,0.885009825229645,0.122984401881695,0.0254886373877525,0.844129800796509,0.521219909191132
-0.658936619758606,-0.116831332445145,0.884998619556427,0.122999615967274,0.0255103949457407,0.843975007534027,0.521465837955475
-0.658940732479095,-0.116865321993828,0.884983956813812,0.123006820678711,0.0255690030753612,0.843819797039032,0.521712303161621
-0.658808290958405,-0.116914242506027,0.884994745254517,0.122698828577995,0.0255113616585731,0.843845844268799,0.521745622158051
-0.658936977386475,-0.116911120712757,0.88494610786438,0.123156815767288,0.0256017781794071,0.843576729297638,0.522068381309509
-0.658931970596313,-0.116906799376011,0.884971618652344,0.123403258621693,0.0256422106176614,0.843424260616302,0.522254467010498
-0.659180521965027,-0.116782784461975,0.885251045227051,0.124399878084659,0.025689885020256,0.84337842464447,0.522089719772339
-0.659132719039917,-0.116816267371178,0.885239243507385,0.124539203941822,0.0257057789713144,0.843237519264221,0.522283375263214
-0.65910404920578,-0.116870433092117,0.8852219581604,0.124628037214279,0.0258263330906629,0.84319657087326,0.522322177886963
-0.659083724021912,-0.116934075951576,0.885199725627899,0.124927915632725,0.0258881710469722,0.843075454235077,0.522443115711212
-0.659026265144348,-0.116986967623234,0.885205447673798,0.124994084239006,0.025930218398571,0.84304803609848,0.522469341754913
-0.658994138240814,-0.117039695382118,0.885209321975708,0.125072538852692,0.0259951539337635,0.843047261238098,0.522448539733887
-0.658952236175537,-0.117104880511761,0.885214507579803,0.125122994184494,0.0260758940130472,0.843084454536438,0.522372543811798
-0.658893883228302,-0.117162317037582,0.885233879089355,0.125177130103111,0.0262051336467266,0.843104898929596,0.522319853305817
-0.658848226070404,-0.117218345403671,0.885244131088257,0.125261768698692,0.0262751504778862,0.843109667301178,0.522288501262665
-0.658815383911133,-0.117263592779636,0.885233521461487,0.125414535403252,0.0263635516166687,0.843121707439423,0.522227823734283
-0.658884167671204,-0.117424078285694,0.885312438011169,0.125563710927963,0.0267699100077152,0.843103587627411,0.522200644016266
-0.65883195400238,-0.117460869252682,0.885333836078644,0.125686213374138,0.026839917525649,0.843056857585907,0.522242903709412
-0.658779323101044,-0.117524117231369,0.885325074195862,0.125739380717277,0.0269215572625398,0.843043625354767,0.52224737405777
-0.658664047718048,-0.117599293589592,0.885316610336304,0.125700756907463,0.0269411914050579,0.842968761920929,0.522376596927643
-0.658630669116974,-0.117656081914902,0.885308027267456,0.125748157501221,0.0270669087767601,0.842908501625061,0.522455811500549
-0.658588886260986,-0.117712080478668,0.885302543640137,0.125810265541077,0.0271411053836345,0.84281712770462,0.52258437871933
-0.658550381660461,-0.11776439845562,0.885297894477844,0.125897943973541,0.0272032916545867,0.842717826366425,0.522720158100128
-0.658533453941345,-0.117825448513031,0.885291993618011,0.125987559556961,0.0273453686386346,0.84263801574707,0.522819936275482
-0.658466219902039,-0.117912620306015,0.885301411151886,0.126134440302849,0.0274324212223291,0.842497289180756,0.523006498813629
-0.658438920974731,-0.117972284555435,0.885281026363373,0.126206219196319,0.0275983791798353,0.842398345470428,0.523139953613281
-0.658407211303711,-0.1180529743433,0.885267496109009,0.126377031207085,0.0276812147349119,0.842158854007721,0.523479580879211
-0.65838348865509,-0.118117950856686,0.885245084762573,0.126465082168579,0.027858730405569,0.842007696628571,0.52369213104248
-0.658319354057312,-0.118167221546173,0.885236203670502,0.126611605286598,0.0278999619185924,0.841840624809265,0.52392303943634
-0.65829735994339,-0.118211477994919,0.885214865207672,0.126799911260605,0.0279587171971797,0.841682732105255,0.524128079414368
-0.658274352550507,-0.118268713355064,0.885191440582275,0.12687911093235,0.0280955750495195,0.841562509536743,0.524294555187225
-0.658277869224548,-0.11833094060421,0.885167956352234,0.127143561840057,0.0282239913940429,0.841372013092041,0.524529278278351
-0.65824693441391,-0.118379548192024,0.885148048400879,0.127254977822304,0.028299506753683,0.841271162033081,0.524659931659698
-0.658215761184692,-0.118433028459549,0.88513195514679,0.127337083220482,0.0283632185310125,0.841184914112091,0.524774789810181
-0.658147990703583,-0.118473872542381,0.885108709335327,0.127439886331558,0.0284381005913019,0.84109103679657,0.524896264076233
-0.658113598823547,-0.118519440293312,0.885097563266754,0.127514779567719,0.0284986961632967,0.841018497943878,0.524991035461426
-0.658088743686676,-0.118553623557091,0.885082423686981,0.127686828374863,0.0285288617014884,0.840944230556488,0.525066554546356
-0.658081293106079,-0.118586391210556,0.885068356990814,0.127793654799461,0.0286056660115718,0.840904712677002,0.525099694728851
-0.658066391944885,-0.118626840412617,0.885051965713501,0.12790310382843,0.0286909285932779,0.840866804122925,0.525129079818726
-0.658038914203644,-0.118634156882763,0.885058283805847,0.128081306815147,0.0286454390734434,0.840800881385803,0.525193750858307
-0.658004105091095,-0.118649147450924,0.885041356086731,0.128253176808357,0.0285866502672433,0.840734839439392,0.5252605676651
-0.657000780105591,-0.118152797222137,0.885365068912506,0.128977730870247,0.0261007696390151,0.838494420051575,0.52878212928772
-0.656878054141998,-0.118338257074356,0.885186672210693,0.12864476442337,0.0259921122342348,0.83857250213623,0.52874481678009
-0.656857430934906,-0.118351504206657,0.885200023651123,0.128845930099487,0.0259778443723917,0.838535785675049,0.528754711151123
-0.656822085380554,-0.118348062038422,0.885191559791565,0.129021644592285,0.025905666872859,0.838563740253448,0.528671085834503
-0.656801998615265,-0.118353098630905,0.885216414928436,0.129227429628372,0.0259391199797391,0.838554799556732,0.528633236885071
-0.656770765781403,-0.118351854383945,0.885209679603577,0.129367053508758,0.0258481409400701,0.838539719581604,0.528627514839172
-0.657936573028564,-0.118853136897087,0.884733259677887,0.128818184137344,0.0297443978488445,0.841012895107269,0.524612665176392
-0.657911896705627,-0.118866436183453,0.884762048721313,0.128971919417381,0.0298293214291334,0.841012120246887,0.524571359157562
-0.657888054847717,-0.118853881955147,0.884769380092621,0.129175558686256,0.0297859814018011,0.841014385223389,0.524519801139832
-0.657624900341034,-0.118819698691368,0.884978175163269,0.1296167075634,0.0281386319547891,0.840659618377686,0.525070488452911
-0.657864928245544,-0.118835307657719,0.884783446788788,0.129574060440063,0.0297981761395931,0.841068744659424,0.524333894252777
-0.657840251922607,-0.118819132447243,0.884797871112823,0.129777267575264,0.0298165306448936,0.841069042682648,0.524281919002533
-0.657831132411957,-0.118811592459679,0.884797871112823,0.129994377493858,0.0298434756696224,0.841092824935913,0.524188458919525
-0.657803416252136,-0.11879251152277,0.884780168533325,0.130281418561935,0.0298071857541799,0.841106474399567,0.524097323417664
-0.657623767852783,-0.118818372488022,0.88499927520752,0.130816727876663,0.0278754811733961,0.841001451015472,0.52423894405365
-0.657650232315063,-0.118793703615665,0.884774208068848,0.130566045641899,0.0297123529016971,0.841150104999542,0.523962080478668
-0.657625079154968,-0.118799634277821,0.88478034734726,0.130762338638306,0.0297938082367181,0.841176092624664,0.523866534233093
-0.657594323158264,-0.118791118264198,0.884775340557098,0.130967825651169,0.0298388507217168,0.841169595718384,0.523823380470276
-0.657339096069336,-0.118797741830349,0.885044693946838,0.13139870762825,0.0278116166591644,0.840980470180511,0.524130403995514
-0.657520294189453,-0.118785381317139,0.884792149066925,0.131331041455269,0.0299019385129213,0.841155648231506,0.523751258850098
-0.657485365867615,-0.118786513805389,0.884817361831665,0.131667196750641,0.030015118420124,0.84111100435257,0.523731827735901
-0.657432794570923,-0.118791073560715,0.88484001159668,0.131815448403358,0.0300251115113496,0.841104805469513,0.523703992366791
-0.657391786575317,-0.118796408176422,0.884862422943115,0.131988257169724,0.0300788078457117,0.841124594211578,0.523625671863556
-0.657313406467438,-0.118804305791855,0.884879231452942,0.132200047373772,0.0301043018698692,0.841177821159363,0.523485124111176
-0.657261967658997,-0.11883233487606,0.884944200515747,0.132445380091667,0.0301869623363018,0.841169774532318,0.523431301116943
-0.657194972038269,-0.118852607905865,0.88496470451355,0.132522284984589,0.030242633074522,0.841192185878754,0.52337247133255
-0.657136201858521,-0.118838772177696,0.884994685649872,0.132729172706604,0.0302569437772035,0.841188549995422,0.523325145244598
-0.65704357624054,-0.118862926959991,0.885042786598206,0.132826536893845,0.0303693488240242,0.8411665558815,0.523329436779022
-0.65694522857666,-0.118875898420811,0.885085821151733,0.132926538586616,0.0303901582956314,0.841080188751221,0.523441672325134
-0.656801521778107,-0.118866503238678,0.885117590427399,0.132941693067551,0.0303774029016494,0.84098494052887,0.523591578006744
-0.656696081161499,-0.118864089250565,0.885167002677917,0.132984444499016,0.0303538348525762,0.84090793132782,0.523705720901489
-0.656590044498444,-0.118862971663475,0.885203242301941,0.132967948913574,0.0303946025669574,0.840805172920227,0.523872494697571
-0.65643846988678,-0.118824273347855,0.885290086269379,0.133095964789391,0.0302614867687225,0.840563952922821,0.524234652519226
-0.656305968761444,-0.118821196258068,0.885338723659515,0.133043646812439,0.0303019024431705,0.840431988239288,0.524457097053528
-0.656174063682556,-0.118827387690544,0.885404229164124,0.132970616221428,0.0303361024707555,0.840266764163971,0.524738430976868
-0.655895113945007,-0.118869803845882,0.885473608970642,0.132612526416779,0.0303155109286308,0.840202689170837,0.524932622909546
-0.655738711357117,-0.118867382407188,0.88554573059082,0.132541373372078,0.0303235948085784,0.840058982372284,0.525180160999298
-0.655533194541931,-0.118860438466072,0.885612010955811,0.132446125149727,0.0303287431597709,0.839833676815033,0.525563955307007
-0.655499339103699,-0.118652507662773,0.885860562324524,0.133163973689079,0.0304437689483165,0.839434802532196,0.526013076305389
-0.655161201953888,-0.118802420794964,0.885785460472107,0.132265940308571,0.0303266774863004,0.839322805404663,0.526424944400787
-0.654925584793091,-0.118782624602318,0.885824382305145,0.131911799311638,0.0304383337497711,0.839114725589752,0.526838958263397
-0.654748201370239,-0.118765629827976,0.885924696922302,0.131749212741852,0.0305667426437139,0.838821947574615,0.527338087558746
-0.654552340507507,-0.118765726685524,0.885994791984558,0.131463885307312,0.0306431837379932,0.838580310344696,0.527789056301117
-0.654330134391785,-0.118755877017975,0.886064291000366,0.131070300936699,0.0307350531220436,0.838303923606873,0.5283203125
-0.654054522514343,-0.118655130267143,0.886109471321106,0.130774170160293,0.0305403098464012,0.838042259216309,0.528819918632507
-0.653260886669159,-0.118578262627125,0.886444211006165,0.130342409014702,0.0283547807484865,0.837028980255127,0.530649900436401
-0.653006255626678,-0.118545822799206,0.886513710021973,0.129795208573341,0.028399534523487,0.836691379547119,0.53131377696991
-0.652757346630096,-0.118529431521893,0.886682450771332,0.129214778542519,0.0280553735792636,0.836664974689484,0.531515061855316
-0.652785778045654,-0.118505984544754,0.886460185050964,0.1285719871521,0.0305716674774885,0.836510539054871,0.531775116920471
-0.652135908603668,-0.118421047925949,0.886789262294769,0.128419518470764,0.028646906837821,0.83530181646347,0.533815145492554
-0.651897966861725,-0.118338286876678,0.886864483356476,0.127927035093307,0.0287029426544904,0.834814786911011,0.534691572189331
-0.651828765869141,-0.118097558617592,0.887150406837463,0.128317147493362,0.0290631651878356,0.834088921546936,0.535710453987122
-0.651828765869141,-0.118097558617592,0.887150406837463,0.128317147493362,0.0290631651878356,0.834088921546936,0.535710453987122
-0.651463270187378,-0.118119657039642,0.886926531791687,0.12593600153923,0.0308872330933809,0.833802402019501,0.536618769168854
-0.651015877723694,-0.1180280148983,0.886977016925812,0.124923847615719,0.0309398602694273,0.833301067352295,0.537630021572113
-0.650680363178253,-0.117855951189995,0.88704240322113,0.12439426779747,0.030739888548851,0.832718849182129,0.538665533065796
-0.650389552116394,-0.11774243414402,0.887175142765045,0.123892992734909,0.0307264477014541,0.831978797912598,0.539923906326294
-0.650106430053711,-0.117599748075008,0.887299001216888,0.123230658471584,0.0306450109928846,0.831307768821716,0.541112303733826
-0.649770677089691,-0.117500424385071,0.887384593486786,0.12235064804554,0.0308331251144409,0.830575823783875,0.542423725128174
-0.649427175521851,-0.117346785962582,0.887449979782104,0.121544852852821,0.0308523979038,0.829867362976074,0.54368668794632
-0.649150967597961,-0.117241911590099,0.887521147727966,0.120808497071266,0.0310012213885784,0.829178214073181,0.544892489910126
-0.64883816242218,-0.117096126079559,0.887662649154663,0.119799539446831,0.0309951249510049,0.828506052494049,0.546136438846588
-0.648498177528381,-0.116852432489395,0.887715816497803,0.118894509971142,0.0307783316820859,0.827742457389832,0.54750269651413
-0.64811909198761,-0.116722665727139,0.887898564338684,0.118152283132076,0.0302717853337526,0.826783299446106,0.549138486385345
-0.647958159446716,-0.116327732801437,0.888101994991302,0.117525719106197,0.0309619046747684,0.826127648353577,0.550220131874084
-0.647603988647461,-0.116105809807777,0.888227641582489,0.116892650723457,0.0308971162885427,0.825251698493958,0.551671206951141
-0.647159993648529,-0.11604443192482,0.888143360614777,0.115201935172081,0.0308371484279632,0.824633240699768,0.552953541278839
-0.646877527236938,-0.115876764059067,0.888250768184662,0.114141508936882,0.0308971367776393,0.823822379112244,0.554376900196075
-0.646532475948334,-0.115590944886207,0.888318002223969,0.113132067024708,0.0307499058544635,0.823024928569794,0.555774867534637
-0.646156847476959,-0.115397468209267,0.888445138931274,0.111892037093639,0.0306691601872444,0.822245657444,0.55718195438385
-0.645823240280151,-0.115114420652389,0.888527452945709,0.110839709639549,0.0305873584002256,0.82133162021637,0.558742821216583
-0.645549535751343,-0.11486329138279,0.888626277446747,0.109913848340511,0.0308152139186859,0.820274412631989,0.560463309288025
-0.645079672336578,-0.114573419094086,0.888813376426697,0.108971580862999,0.0298791378736495,0.819024920463562,0.562521696090698
-0.645079672336578,-0.114573419094086,0.888813376426697,0.108971580862999,0.0298791378736495,0.819024920463562,0.562521696090698
-0.644513726234436,-0.114077776670456,0.888914704322815,0.106577418744564,0.0297088976949453,0.817273259162903,0.565529108047485
-0.644435405731201,-0.113776624202728,0.888928055763245,0.105484269559383,0.0304359886795282,0.816542088985443,0.566750168800354
-0.644133925437927,-0.113240614533424,0.88911908864975,0.104801952838898,0.0304414145648479,0.815471351146698,0.568415522575378
-0.644133925437927,-0.113240614533424,0.88911908864975,0.104801952838898,0.0304414145648479,0.815471351146698,0.568415522575378
-0.643614411354065,-0.112702555954456,0.889287531375885,0.102789670228958,0.0303266011178493,0.813205718994141,0.572023749351501
-0.64334625005722,-0.112391531467438,0.889311552047729,0.101349160075188,0.0301942117512226,0.81211268901825,0.573837637901306
-0.643036723136902,-0.112059645354748,0.889350891113281,0.100179754197598,0.0300901662558317,0.811073005199432,0.57551646232605
-0.642557322978973,-0.111747249960899,0.889538764953613,0.0990084782242775,0.0286349616944789,0.809825897216797,0.577546060085297
-0.642337262630463,-0.111390233039856,0.889676809310913,0.0977486446499824,0.0286122169345617,0.809031784534454,0.578873157501221
-0.642137229442596,-0.110989078879356,0.889758825302124,0.0966479703783989,0.0286613907665014,0.807974278926849,0.580530107021332
-0.641914665699005,-0.110656000673771,0.88979297876358,0.0952473953366279,0.0285957902669906,0.806957125663757,0.5821772813797
-0.64054548740387,-0.110081806778908,0.889967799186707,0.0936994031071662,0.0261523816734552,0.803776860237122,0.586923480033875
-0.640405774116516,-0.11002479493618,0.88978898525238,0.0924795046448707,0.0278412364423275,0.802288353443146,0.589071989059448
-0.640180349349976,-0.109635442495346,0.889848649501801,0.0909857526421547,0.0280500743538141,0.801374733448029,0.59053635597229
-0.640899121761322,-0.109279453754425,0.889944612979889,0.0897455513477325,0.0282176695764064,0.802909016609192,0.588631093502045
-0.639858603477478,-0.10871160030365,0.890071213245392,0.0887923091650009,0.0270241145044565,0.799422681331635,0.593556344509125
-0.63997483253479,-0.108519211411476,0.889545321464539,0.0876805484294891,0.0304465368390083,0.79795503616333,0.595527529716492
-0.640565514564514,-0.108033306896686,0.88997346162796,0.0862406641244888,0.028163967654109,0.799696922302246,0.593510091304779
-0.640565514564514,-0.108033306896686,0.88997346162796,0.0862406641244888,0.028163967654109,0.799696922302246,0.593510091304779
-0.639475762844086,-0.106820322573185,0.890342473983765,0.0847851708531379,0.0270979367196559,0.795077681541443,0.599940598011017
-0.639292359352112,-0.106350623071194,0.890399098396301,0.0829534158110618,0.0264648310840129,0.794472575187683,0.601025402545929
-0.639292359352112,-0.106350623071194,0.890399098396301,0.0829534158110618,0.0264648310840129,0.794472575187683,0.601025402545929
-0.639971256256104,-0.105778515338898,0.890163123607635,0.080332227051258,0.0280866865068674,0.794654786586761,0.601067185401917
-0.639971256256104,-0.105778515338898,0.890163123607635,0.080332227051258,0.0280866865068674,0.794654786586761,0.601067185401917
-0.638996422290802,-0.104721017181873,0.890188455581665,0.0779812633991241,0.0276990532875061,0.790132403373718,0.607324004173279
-0.639125764369965,-0.103978715837002,0.890372157096863,0.0779295191168785,0.0276045147329568,0.789036691188812,0.608757674694061
-0.639065384864807,-0.103508062660694,0.890378594398499,0.0768661201000213,0.0275809224694967,0.788156032562256,0.610033512115479
-0.639774203300476,-0.103280752897263,0.890259325504303,0.0742989331483841,0.0281564239412546,0.79002183675766,0.607908248901367
-0.639671266078949,-0.102728813886642,0.890225172042847,0.0732784122228622,0.0278060473501682,0.789044082164764,0.60931658744812
-0.639739871025085,-0.102195620536804,0.890178799629211,0.0722684562206268,0.0277960058301687,0.788017332553864,0.610764503479004
-0.639644980430603,-0.101590566337109,0.890134632587433,0.0711488872766494,0.0276362188160419,0.787137389183044,0.612036526203156
-0.639778196811676,-0.100813046097755,0.890375912189484,0.070718914270401,0.027663379907608,0.786035418510437,0.613499641418457
-0.63894522190094,-0.0999639183282852,0.890582084655762,0.0698259621858596,0.0257889442145824,0.783117890357971,0.617402255535126
-0.639702141284943,-0.0998985320329666,0.890130043029785,0.0678287595510482,0.0278106499463319,0.784594655036926,0.615659892559052
-0.638898730278015,-0.0989811941981315,0.89041793346405,0.0671495050191879,0.0257957428693771,0.781396627426147,0.619874835014343
-0.638945817947388,-0.0981395244598388,0.890496373176575,0.0664893090724945,0.0253511294722557,0.780538022518158,0.621044993400574
-0.639044761657715,-0.0975382328033447,0.890549898147583,0.0658860877156257,0.0253805238753557,0.779714167118073,0.622142016887665
-0.639090418815613,-0.0970023050904274,0.890542984008789,0.0646203011274337,0.0255302879959344,0.778870224952698,0.623324692249298
-0.639248967170715,-0.0963315367698669,0.890514492988586,0.064009316265583,0.0254092384129762,0.777920782566071,0.624577105045319
-0.639248967170715,-0.0963315367698669,0.890514492988586,0.064009316265583,0.0254092384129762,0.777920782566071,0.624577105045319
-0.639219105243683,-0.0959092751145362,0.890443563461304,0.0603554248809814,0.0252869073301553,0.776031911373138,0.627289652824402
-0.639262437820435,-0.0953364670276641,0.890437245368958,0.059117279946804,0.0250991638749837,0.774954497814178,0.628745317459106
-0.641022562980652,-0.0944171696901321,0.8902428150177,0.0603145956993103,0.0274543333798646,0.776201903820038,0.626992166042328
-0.64118880033493,-0.0937923640012741,0.890187919139862,0.0598861277103424,0.0273676421493291,0.775430679321289,0.627990543842316
-0.64130699634552,-0.0934009626507759,0.890017867088318,0.0583886951208114,0.0275952592492103,0.77468353509903,0.629042744636536
-0.641574740409851,-0.0927924290299415,0.889998853206635,0.0578506365418434,0.0276942458003759,0.773991167545319,0.62993973493576
-0.641652226448059,-0.0921271666884422,0.890013694763184,0.0564046092331409,0.0275853145867586,0.773488759994507,0.63069224357605
-0.642027854919434,-0.0912293419241905,0.890184938907623,0.0567283518612384,0.0277974139899015,0.772787511348724,0.631513118743896
-0.642113924026489,-0.0905908271670341,0.890193343162537,0.055969625711441,0.0275081936269998,0.772106230258942,0.632426202297211
-0.642099440097809,-0.090186983346939,0.890104234218597,0.0540119744837284,0.0274139679968357,0.771367788314819,0.633500576019287
-0.642264604568481,-0.0896100327372551,0.890172898769379,0.0532727502286434,0.0275599565356969,0.770781099796295,0.634270429611206
-0.641336023807526,-0.0886177718639373,0.890374600887299,0.0523690581321716,0.0253752525895833,0.768061935901642,0.637726068496704
-0.642780065536499,-0.0881218239665031,0.890377521514893,0.0528190471231937,0.0276513118296861,0.769651710987091,0.635674297809601
-0.641954243183136,-0.0871963649988174,0.890689790248871,0.0520455576479435,0.0255251936614513,0.766919493675232,0.639119803905487
-0.642035126686096,-0.0865594893693924,0.890638947486877,0.051248475909233,0.0256218444555997,0.766505599021912,0.639676690101624
-0.642243802547455,-0.0859839469194412,0.890643715858459,0.050637163221836,0.025681858882308,0.766114056110382,0.640191972255707
-0.642447233200073,-0.085474282503128,0.890676975250244,0.0499968081712722,0.0259502716362476,0.765623569488525,0.640817761421204
-0.642606019973755,-0.0848345085978508,0.890656113624573,0.0492625758051872,0.0259816069155931,0.765050172805786,0.64155787229538
-0.642774283885956,-0.0842554494738578,0.890758752822876,0.0486347191035747,0.0261533204466104,0.764644742012024,0.642081797122955
-0.642954051494598,-0.0837109386920929,0.890750169754028,0.0479288809001445,0.0263387318700552,0.764445900917053,0.642364084720612
-0.643033385276794,-0.0831180736422538,0.890740633010864,0.0471018217504024,0.0262862481176853,0.763994634151459,0.642964005470276
-0.642464160919189,-0.0825463533401489,0.890238761901855,0.0479970909655094,0.0282183066010475,0.765338957309723,0.641214787960052
-0.643460512161255,-0.082046054303646,0.890836834907532,0.0457066446542739,0.0264429822564125,0.763003408908844,0.64423394203186
-0.644469261169434,-0.0817410349845886,0.89048045873642,0.0450518652796745,0.0283405371010303,0.764996349811554,0.641831576824188
-0.644866108894348,-0.0811754167079925,0.890496850013733,0.0447468683123588,0.0288282055407762,0.764660775661469,0.642230927944183
-0.644866108894348,-0.0811754167079925,0.890496850013733,0.0447468683123588,0.0288282055407762,0.764660775661469,0.642230927944183
-0.644167304039001,-0.079595997929573,0.89078962802887,0.0440027117729187,0.0267953649163246,0.761872053146362,0.645675420761108
-0.645178914070129,-0.0797346532344818,0.890409588813782,0.0418803729116916,0.0289331134408712,0.763683557510376,0.643580973148346
-0.645629942417145,-0.0790018662810325,0.890566349029541,0.0422606579959392,0.0291654840111732,0.763193845748901,0.644126236438751
-0.644897401332855,-0.0781177878379821,0.89089024066925,0.0416983477771282,0.0271148290485143,0.760594666004181,0.64731901884079
-0.645108699798584,-0.0775400921702385,0.890906810760498,0.0413967818021774,0.0272503197193145,0.760137557983398,0.647869408130646
-0.646379172801971,-0.0773489028215408,0.890604972839355,0.0408451408147811,0.0294456910341978,0.762125194072723,0.645468652248383
-0.646615982055664,-0.0768504291772842,0.890700817108154,0.0404530316591262,0.028925385326147,0.761945784091949,0.645728826522827
-0.646615982055664,-0.0768504291772842,0.890700817108154,0.0404530316591262,0.028925385326147,0.761945784091949,0.645728826522827
-0.646130681037903,-0.0754909291863441,0.890818655490875,0.0394214987754821,0.0280036944895982,0.758792638778687,0.64953476190567
-0.646324634552002,-0.0749834924936294,0.890814423561096,0.0391064807772636,0.0279531870037317,0.758451819419861,0.649954080581665
-0.646496772766113,-0.074357084929943,0.890811324119568,0.0389248579740524,0.0277491882443428,0.758097231388092,0.650387108325958
-0.646712601184845,-0.0738092511892318,0.890832543373108,0.0385654643177986,0.0278434585779905,0.757591128349304,0.650994002819061
-0.647039294242859,-0.0732626616954803,0.890838444232941,0.0383945889770984,0.0281596910208463,0.757195234298706,0.651450932025909
-0.64728981256485,-0.0727826505899429,0.890845060348511,0.0380582362413406,0.0284647941589355,0.756962716579437,0.651727676391602
-0.647432923316956,-0.0722098499536514,0.890827775001526,0.0378120057284832,0.0282260198146104,0.756656765937805,0.65210747718811
-0.647490978240967,-0.0719376727938652,0.890698790550232,0.0362416468560695,0.0284653268754482,0.756251990795135,0.652655482292175
-0.646946012973785,-0.0710047632455825,0.890768051147461,0.0372598730027675,0.0284167304635047,0.75784569978714,0.65074896812439
-0.647179007530212,-0.0704223662614822,0.890818357467651,0.037194687873125,0.0284179951995611,0.75739061832428,0.651282250881195
-0.64828360080719,-0.0700817555189132,0.890937089920044,0.0363581292331218,0.0283580143004655,0.755059421062469,0.654033005237579
-0.64828360080719,-0.0700817555189132,0.890937089920044,0.0363581292331218,0.0283580143004655,0.755059421062469,0.654033005237579
-0.647891402244568,-0.0690798982977867,0.890422523021698,0.0371583700180053,0.0305184330791234,0.756395876407623,0.652344346046448
-0.648085474967957,-0.06867416203022,0.890567898750305,0.0360631980001926,0.0302541572600603,0.755651891231537,0.653279781341553
-0.649008512496948,-0.0685614645481109,0.890605866909027,0.0341081880033016,0.0302673541009426,0.753206789493561,0.656201243400574
-0.649395108222961,-0.0678307563066482,0.890727758407593,0.0349539816379547,0.0301726851612329,0.752797901630402,0.656630039215088
-0.649726867675781,-0.0671017840504646,0.890545785427094,0.0354961343109607,0.0300197191536426,0.757641434669495,0.651013493537903
-0.650845646858215,-0.0667741894721984,0.890624761581421,0.0347600542008876,0.0306985098868608,0.755161941051483,0.653895974159241
-0.650878369808197,-0.0664730593562126,0.890431463718414,0.033388290554285,0.0307993553578853,0.754894495010376,0.654271364212036
-0.650619268417358,-0.0662069767713546,0.890523195266724,0.0323319025337696,0.0306079722940921,0.755146324634552,0.654042780399323
-0.650938272476196,-0.0656303316354751,0.890485942363739,0.0324306413531303,0.0298617593944072,0.75481116771698,0.654459059238434
-0.650360465049744,-0.0645084381103515,0.890780746936798,0.0335315205156803,0.0281081702560186,0.751521706581116,0.658255875110626
-0.651841521263123,-0.0643133595585823,0.890476703643799,0.0334323719143867,0.0298925675451755,0.753588438034058,0.655815064907074
-0.651918888092041,-0.063785083591938,0.890585541725159,0.0326175689697265,0.0298060309141874,0.753662168979645,0.655775189399719
-0.652128219604492,-0.0633147582411766,0.890591025352478,0.0323272794485092,0.0298786479979753,0.753409206867218,0.656076908111572
-0.652347505092621,-0.0628579631447792,0.89054274559021,0.0321963429450988,0.0297561325132846,0.75317394733429,0.656358957290649
-0.65247631072998,-0.0624092370271682,0.890461206436157,0.0316668525338172,0.0296357348561286,0.753014028072357,0.656573534011841
-0.651506066322327,-0.061606228351593,0.890657782554626,0.0315580256283283,0.0277503356337547,0.749996960163116,0.660104990005493
-0.651707172393799,-0.0611016079783439,0.89061164855957,0.0314632467925548,0.0275932792574167,0.749816060066223,0.660321533679962
-0.651901662349701,-0.0606798529624938,0.890642940998077,0.0312111862003803,0.0277643129229545,0.749573886394501,0.660601317882538
-0.652072727680206,-0.0602479875087738,0.890663623809814,0.0310729034245014,0.0279285348951816,0.749398767948151,0.660799562931061
-0.652131855487823,-0.059849563986063,0.890610575675964,0.0305471569299697,0.0280396025627851,0.749361395835876,0.660861790180206
-0.653197526931763,-0.0596473179757595,0.89035427570343,0.030437821522355,0.0298028737306594,0.751766443252563,0.658052206039429
-0.653224229812622,-0.0592150464653968,0.890360355377197,0.0300620961934328,0.0295170918107032,0.75159353017807,0.658279657363892
-0.653224229812622,-0.0592150464653968,0.890360355377197,0.0300620961934328,0.0295170918107032,0.75159353017807,0.658279657363892
-0.652422726154327,-0.0580560937523841,0.890607178211212,0.0297989249229431,0.0273118820041418,0.749235510826111,0.661069095134735
-0.653465211391449,-0.0579925775527954,0.890288293361664,0.0292772036045789,0.0295386500656604,0.751536905765533,0.658378899097443
-0.652495145797729,-0.0572503060102462,0.890552401542664,0.0292390119284391,0.0271841771900653,0.749106287956238,0.661245882511139
-0.652577340602875,-0.0568412616848945,0.890506744384766,0.0290103238075971,0.0272991117089986,0.749362111091614,0.660961151123047
-0.652588486671448,-0.0564669445157051,0.890517234802246,0.0287912096828222,0.0272387843579053,0.749481737613678,0.660837531089783
-0.652570486068726,-0.0559589378535747,0.890485644340515,0.0288930591195821,0.0271792504936456,0.749853610992432,0.660413682460785
-0.653611719608307,-0.0559748113155365,0.890173852443695,0.028499124571681,0.029325621202588,0.752539098262787,0.657276809215546
-0.653409600257874,-0.0559035465121269,0.890036880970001,0.0269058924168348,0.0290117561817169,0.752490222454071,0.657413959503174
-0.652576506137848,-0.0550116449594497,0.890421628952026,0.0276955049484968,0.0268751177936792,0.750122547149658,0.660171926021576
-0.652636826038361,-0.0546703599393367,0.890407800674438,0.0274834129959344,0.0268511623144149,0.750265181064606,0.660019636154175
-0.652628481388092,-0.0543423034250736,0.890391051769257,0.027353087440133,0.0268036685883998,0.750465035438538,0.659799754619598
-0.652693152427673,-0.0539764687418937,0.89039409160614,0.0274864379316568,0.0267476104199886,0.750604927539825,0.659637331962585
-0.652695953845978,-0.0536845698952674,0.890439629554749,0.0272552520036697,0.0267560873180627,0.750824093818665,0.659397006034851
-0.653633534908295,-0.0536388754844665,0.890139043331146,0.0269744955003261,0.0284917652606964,0.753514409065247,0.656259536743164
-0.653633534908295,-0.0536388754844665,0.890139043331146,0.0269744955003261,0.0284917652606964,0.753514409065247,0.656259536743164
-0.652568280696869,-0.0527822747826576,0.890435814857483,0.0265852604061365,0.0267224702984094,0.751718640327454,0.658405959606171
-0.652379631996155,-0.0525076016783714,0.89038759469986,0.0259343553334474,0.0266096666455268,0.752138376235962,0.657957017421722
-0.652244806289673,-0.052146092057228,0.890344440937042,0.0259976256638765,0.0265731327235698,0.752760827541351,0.657243609428406
-0.652235627174377,-0.0519891753792762,0.890438914299011,0.0253968685865402,0.0263288002461195,0.75283271074295,0.657194554805756
-0.652273893356323,-0.0517527982592582,0.890433847904205,0.0255775805562734,0.0264320019632577,0.75304114818573,0.656944632530212
-0.653228282928467,-0.0517529845237731,0.890137910842896,0.0254409797489643,0.0281865205615758,0.755810499191284,0.653688490390778
-0.652195930480957,-0.0512220934033393,0.890374541282654,0.0252568833529949,0.0261330399662256,0.753697097301483,0.656216323375702
-0.65229731798172,-0.0510076954960823,0.89052426815033,0.0249935984611511,0.0271875951439142,0.753742039203644,0.65613180398941
-0.651943802833557,-0.0507839955389499,0.890350341796875,0.02496805973351,0.0260621272027492,0.754599153995514,0.655192613601685
-0.651860415935516,-0.0506218001246452,0.890306115150452,0.0247178636491298,0.0260372683405876,0.754942715167999,0.654807269573212
-0.651860415935516,-0.0506218001246452,0.890306115150452,0.0247178636491298,0.0260372683405876,0.754942715167999,0.654807269573212
-0.65260899066925,-0.050571396946907,0.889947772026062,0.0242821052670478,0.0278325900435447,0.758189916610718,0.650986969470978
-0.652608752250671,-0.050390001386404,0.88988733291626,0.0241840351372957,0.0278118290007114,0.758806109428406,0.650272965431213
-0.652335941791534,-0.0502235442399978,0.889891982078552,0.0237610191106796,0.0277277249842882,0.759130775928497,0.649913251399994
-0.651348769664764,-0.0500429198145866,0.890055656433105,0.0222535338252782,0.027503702789545,0.760957598686218,0.647836267948151
-0.651234567165375,-0.0498249717056751,0.889984488487244,0.0221554078161716,0.0273356810212135,0.761393308639526,0.64733475446701
-0.651943981647491,-0.049714520573616,0.889694809913635,0.0233106948435306,0.027608947828412,0.76037335395813,0.648480534553528
-0.650663375854492,-0.0492735728621482,0.890001058578491,0.0229541808366775,0.0252504777163267,0.758202314376831,0.651125848293304
-0.650384426116943,-0.049192052334547,0.890055239200592,0.0223860163241624,0.0252617970108985,0.758783996105194,0.650467276573181
-0.649843990802765,-0.0489522367715835,0.889970898628235,0.0217760764062404,0.0251067597419023,0.759835302829742,0.649265646934509
-0.649843990802765,-0.0489522367715835,0.889970898628235,0.0217760764062404,0.0251067597419023,0.759835302829742,0.649265646934509
-0.649245858192444,-0.0489112772047519,0.890152752399445,0.0199274979531765,0.024927956983447,0.760735630989075,0.648276746273041
-0.648945569992065,-0.0488514378666877,0.890214323997498,0.0191972777247428,0.0248641446232795,0.761271476745605,0.647672057151794
-0.650962233543396,-0.0492383353412151,0.889208614826202,0.0216913409531116,0.0274384953081607,0.762477278709412,0.646069049835205
-0.650409400463104,-0.0486598759889602,0.889282703399658,0.0221444945782423,0.0270363166928291,0.7640221118927,0.644242942333221
-0.649944663047791,-0.0487931072711944,0.889159917831421,0.02083345875144,0.0269296839833259,0.764767229557037,0.643406569957733
-0.649586200714111,-0.0487340576946735,0.889188468456268,0.0202363841235637,0.0268072057515382,0.765479981899261,0.642582595348358
-0.649344980716705,-0.0486736632883548,0.88917064666748,0.0198269877582788,0.026862870901823,0.766202330589294,0.641731441020966
-0.649053931236267,-0.0486255250871181,0.889161825180054,0.0195276625454425,0.0267968606203794,0.766826927661896,0.640996992588043
-0.648850321769714,-0.048081312328577,0.888892114162445,0.0224083419889211,0.0269881263375282,0.768173635005951,0.639280021190643
-0.648850321769714,-0.048081312328577,0.888892114162445,0.0224083419889211,0.0269881263375282,0.768173635005951,0.639280021190643
-0.648236453533173,-0.0479492098093032,0.888912200927734,0.0220624394714832,0.0267912745475769,0.769369423389435,0.637860596179962
-0.64797842502594,-0.0478809997439384,0.888932883739471,0.0217332784086465,0.0268668420612812,0.770038664340973,0.637060701847076
-0.647670924663544,-0.0477418228983879,0.888915061950684,0.0214418191462755,0.026617769151926,0.770664215087891,0.636324107646942
-0.647412776947021,-0.0476702377200126,0.888939380645752,0.0210926905274391,0.0266662556678056,0.771409571170807,0.635429978370667
-0.646860599517822,-0.0476871840655803,0.888867378234863,0.0202678963541984,0.0265577584505081,0.771977186203003,0.634771823883057
-0.646296739578247,-0.0478705316781997,0.888700544834137,0.0188084561377763,0.0264913067221641,0.772655665874481,0.633993446826935
-0.646223247051239,-0.0478017516434192,0.888608932495117,0.0185179021209478,0.0273288115859031,0.773704648017883,0.632685899734497
-0.64597749710083,-0.047778345644474,0.888600051403046,0.0182537771761417,0.0273835901170969,0.774250984191895,0.632022500038147
-0.645759463310242,-0.0477560386061668,0.888593435287476,0.0180796273052692,0.0275315605103969,0.774685680866241,0.631488084793091
-0.64547199010849,-0.0477160587906837,0.888564705848694,0.0178703758865594,0.0273669585585594,0.77525007724762,0.630808174610138
-0.645285248756409,-0.0478407703340053,0.888708710670471,0.0169295109808444,0.027330057695508,0.775381982326508,0.63067364692688
-0.645057201385498,-0.0478153452277183,0.888723969459534,0.0168353896588087,0.0273314025253057,0.775867283344269,0.630079030990601
-0.644837915897369,-0.0477926135063171,0.888736426830292,0.016661150380969,0.0273432917892932,0.776352822780609,0.62948477268219
-0.644570291042328,-0.0477628149092197,0.888732314109802,0.0165297202765941,0.0273555573076009,0.776940941810608,0.62876170873642
-0.644232928752899,-0.0474887005984783,0.888506531715393,0.0175509303808212,0.0273346435278654,0.778095364570618,0.627305686473846
-0.644010901451111,-0.0474646836519241,0.888504981994629,0.0174851883202791,0.0273226834833621,0.77859628200531,0.626686275005341
-0.643806159496307,-0.047419250011444,0.888457834720612,0.017418110743165,0.0272154100239276,0.779087543487549,0.626081824302673
-0.64358377456665,-0.0473755933344364,0.88843846321106,0.0173027142882347,0.027163291350007,0.77958756685257,0.625464856624603
-0.643457174301147,-0.0472845509648323,0.888335943222046,0.0171805880963802,0.0276070982217788,0.780361175537109,0.624483108520508
-0.643246173858643,-0.0472540259361267,0.888317346572876,0.0171494949609041,0.0275960862636566,0.780830383300781,0.623897731304169
-0.642991960048676,-0.0472107827663421,0.888276755809784,0.0170376971364021,0.0274169873446226,0.781331419944763,0.623281180858612
-0.642791390419006,-0.0472420305013656,0.888246655464172,0.0168112404644489,0.0274269692599773,0.781719207763672,0.622800350189209
-0.642640948295593,-0.0472079440951347,0.888220131397247,0.0168054159730672,0.0273912195116281,0.782150983810425,0.622259736061096
-0.642479479312897,-0.0472262427210807,0.888201355934143,0.016684778034687,0.0273686647415161,0.782515347003937,0.621805906295776
-0.642280399799347,-0.047249250113964,0.88820493221283,0.0166122410446405,0.0274733006954193,0.782845079898834,0.621387839317322
-0.642062664031982,-0.0472469888627529,0.888162791728973,0.0166790932416915,0.0273753385990858,0.783288836479187,0.620830953121185
-0.641763985157013,-0.047302920371294,0.88822615146637,0.0166445560753345,0.0268793385475873,0.783381700515747,0.620736300945282
-0.641606986522675,-0.0473300069570541,0.888206899166107,0.0165560506284236,0.0269787702709436,0.783701658248901,0.620330393314362
-0.641233742237091,-0.0473325550556182,0.888336181640625,0.0165706127882003,0.0262176636606454,0.783596992492676,0.620494723320007
-0.641079902648926,-0.0473682917654514,0.888316988945007,0.0164686720818281,0.0263994988054037,0.783862054347992,0.620155036449432
-0.640900194644928,-0.0473729521036148,0.888329744338989,0.0164206475019454,0.026473606005311,0.78413325548172,0.619810044765472
-0.640720963478088,-0.0473478287458419,0.888329982757568,0.0164203997701406,0.0264881551265716,0.784439444541931,0.619422018527985
-0.640528678894043,-0.0473330095410347,0.888297557830811,0.0164196901023387,0.0264817159622907,0.784778475761414,0.618992567062378
-0.640334844589233,-0.0473180189728736,0.888296365737915,0.0163038279861211,0.0264528449624776,0.784931719303131,0.618802607059479
-0.640184223651886,-0.0473024882376194,0.888292849063873,0.0162610746920108,0.0264734420925378,0.785173892974854,0.618495523929596
-0.640006184577942,-0.0473028719425201,0.888289093971252,0.0161206219345331,0.0264683831483125,0.7854243516922,0.61818128824234
-0.639885425567627,-0.0473036989569664,0.88828319311142,0.0160372983664274,0.0265666991472244,0.785635709762573,0.617910802364349
-0.639686942100525,-0.0472380593419075,0.888265490531921,0.0159767717123031,0.0264166127890348,0.785831332206726,0.617669880390167
-0.639516830444336,-0.0472346134483814,0.888248324394226,0.0159061998128891,0.0264137610793113,0.786060929298401,0.617379546165466
-0.63935399055481,-0.0473429337143898,0.888361930847168,0.0150406109169125,0.0261514075100421,0.785985767841339,0.617508172988892
-0.639194965362549,-0.0473360382020473,0.888353228569031,0.0150090642273426,0.0260765682905912,0.786186158657074,0.617256999015808
-0.63903820514679,-0.0473369844257831,0.88834673166275,0.0149571681395173,0.0260923989117145,0.786358416080475,0.617038071155548
-0.638918936252594,-0.0473437160253524,0.888330221176147,0.0149302063509821,0.0261610727757215,0.786558985710144,0.616780281066895
-0.63876348733902,-0.0471984557807445,0.888186812400818,0.0158124435693025,0.0262876376509666,0.787100732326508,0.616061270236969
-0.638890385627747,-0.0473513081669807,0.888480484485626,0.0148072885349392,0.0271858442574739,0.786494970321655,0.616820335388184
-0.638750195503235,-0.0471456348896026,0.888283312320709,0.015918169170618,0.0274311359971761,0.787194192409515,0.615889191627502
-0.638661623001099,-0.0471505746245384,0.888277411460876,0.0159631762653589,0.0274807587265968,0.787336528301239,0.615703761577606
-0.638556480407715,-0.0471466332674026,0.888254761695862,0.016032064333558,0.027516571804881,0.787550747394562,0.615426421165466
-0.638468980789185,-0.047161191701889,0.88824063539505,0.0160614047199487,0.0275236312299966,0.787678420543671,0.615261912345886
-0.638195633888245,-0.0471577271819114,0.888067722320557,0.0163455251604318,0.0265579335391521,0.788200616836548,0.614627778530121
-0.638123095035553,-0.0471798628568649,0.888033032417297,0.0164379384368658,0.0265452731400728,0.788447320461273,0.614309251308441
-0.638051211833954,-0.0471815839409828,0.888029456138611,0.0165154766291379,0.026547459885478,0.788508057594299,0.614229321479797
-0.637980937957764,-0.0471793636679649,0.888027608394623,0.0165692474693059,0.026545675471425,0.788618683815002,0.614085912704468
-0.637949764728546,-0.0471721738576889,0.88801234960556,0.0167570821940898,0.0266246646642684,0.788744032382965,0.613916397094727
-0.637865662574768,-0.0471772253513336,0.888001680374146,0.016783544793725,0.0266581680625677,0.788788616657257,0.613856911659241
-0.637833714485168,-0.0471886545419693,0.887988567352295,0.0168892685323953,0.0266766529530286,0.788884282112122,0.613730251789093
-0.637780785560608,-0.0472004413604736,0.887978911399841,0.016935346648097,0.0266914032399654,0.7889643907547,0.613625347614288
-0.637741684913635,-0.0472294390201568,0.887970805168152,0.0169891007244586,0.02675636485219,0.789023876190186,0.613544583320618
-0.63784921169281,-0.0475783683359622,0.888477861881256,0.0140425683930516,0.0262924674898386,0.787968873977661,0.614993333816528
-0.637803673744202,-0.0475944466888904,0.888471484184265,0.01409646961838,0.0263210013508796,0.788030862808228,0.614911258220673
-0.637751162052155,-0.0476285479962825,0.888465166091919,0.0141814490780234,0.0262554436922073,0.787933051586151,0.615037441253662
-0.637710750102997,-0.0476607456803321,0.888468265533447,0.0141920251771807,0.0263166148215532,0.787996709346771,0.61495304107666
-0.637673377990723,-0.0476866848766803,0.88847690820694,0.0142843052744865,0.0263765398412942,0.788021564483643,0.614916384220123
-0.637664377689362,-0.0477125346660614,0.888478696346283,0.0143739180639386,0.0264582112431526,0.788122653961182,0.614781439304352
-0.637633860111237,-0.0477196052670478,0.888492822647095,0.0145170576870441,0.0264309719204902,0.788101673126221,0.614805996417999
-0.637606382369995,-0.0477696135640144,0.888486444950104,0.0145034566521644,0.0264664385467767,0.78814685344696,0.614746987819672
-0.637606561183929,-0.0477949976921081,0.888489365577698,0.0146291581913828,0.0265253465622663,0.788167297840118,0.614715218544006
-0.637600779533386,-0.0478230938315391,0.888497412204742,0.014730641618371,0.0265631265938282,0.788195013999939,0.614675581455231
-0.637552678585052,-0.0478450804948806,0.888501286506653,0.0148189328610897,0.0265442468225955,0.788165688514709,0.614711880683899
-0.637556552886963,-0.0478857457637786,0.888522148132324,0.0149930380284786,0.0264966692775487,0.788194537162781,0.614672720432281
-0.637401580810547,-0.0475746095180511,0.887982904911041,0.0180066842585802,0.0270741023123264,0.789390683174133,0.613029420375824
-0.63742071390152,-0.047617919743061,0.887985825538635,0.0181564483791589,0.0270952992141246,0.789418697357178,0.612987995147705
-0.637425899505615,-0.0476565100252628,0.887972772121429,0.0180824901908636,0.0271092560142278,0.789444923400879,0.612955927848816
-0.637401580810547,-0.047679129987955,0.887956500053406,0.0182814970612525,0.0269961804151535,0.789531767368317,0.612842977046967
-0.637453317642212,-0.0477937906980514,0.887976408004761,0.0182872731238603,0.0272250510752201,0.789589941501617,0.612757861614227
-0.637470960617065,-0.0478410571813583,0.887977004051208,0.0183519497513771,0.027236333116889,0.789592504501343,0.612752139568329
-0.63750946521759,-0.0478737503290176,0.887946665287018,0.0182568654417991,0.0272559002041816,0.789692461490631,0.612625360488892
-0.63745778799057,-0.0479432605206966,0.887933015823364,0.0182293746620416,0.0271747577935457,0.789613902568817,0.612730860710144
-0.637454867362976,-0.0479884557425975,0.887939214706421,0.0182158444076776,0.0270761642605066,0.789559364318848,0.612806022167206
-0.637696444988251,-0.0480466112494468,0.887823224067688,0.0181349888443946,0.0279239993542432,0.790031015872955,0.612162113189697
-0.637708485126495,-0.0480911508202552,0.887818098068237,0.018130162730813,0.0279068574309349,0.790093064308167,0.612082839012146
-0.637746214866638,-0.0481421612203121,0.887804627418518,0.0181384198367595,0.0279082730412483,0.790141820907593,0.612019717693329
-0.637778222560883,-0.0481818430125713,0.887794852256775,0.0181581694632768,0.027845449745655,0.790185630321503,0.611965417861938
-0.637651264667511,-0.0482605919241905,0.887895345687866,0.0181715656071901,0.0270664170384407,0.789888858795166,0.61238294839859
-0.63769668340683,-0.0483108535408973,0.887891530990601,0.0181742887943983,0.0269874539226293,0.789970517158508,0.612281084060669
-0.637770235538483,-0.0483781993389129,0.887874007225037,0.018194256350398,0.0270499587059021,0.790079474449158,0.612137138843536
-0.637774467468262,-0.0484361015260219,0.887892603874207,0.0182048343122005,0.0268515720963478,0.790023624897003,0.612217605113983
-0.637830793857574,-0.0485008731484413,0.887872159481049,0.0181772038340568,0.0268382336944341,0.790119647979736,0.61209499835968
-0.637882888317108,-0.0485626272857189,0.887841880321503,0.0181388612836599,0.0268158707767725,0.790217757225037,0.611970484256744
-0.637936413288116,-0.0486336126923561,0.887837409973145,0.0181201267987489,0.0267714168876409,0.790299713611603,0.611867129802704
-0.638004124164581,-0.0486787185072898,0.887827396392822,0.0181542038917541,0.0266551338136196,0.790381491184235,0.611765503883362
-0.638437330722809,-0.0487143769860267,0.887605547904968,0.0181098021566867,0.0282296016812324,0.791300117969513,0.610507369041443
-0.638507723808289,-0.0487743988633155,0.887594044208527,0.0180675890296697,0.0281616449356079,0.791406333446503,0.610374212265015
-0.638554453849792,-0.0488815009593963,0.887586832046509,0.0180537495762109,0.0282002743333578,0.79141366481781,0.610363125801086
-0.638633251190186,-0.0489248000085353,0.887602984905243,0.0180808175355196,0.0280900169163942,0.791569173336029,0.61016583442688
-0.638671159744263,-0.0489989817142486,0.887616515159607,0.0180751699954271,0.0280998852103948,0.791687488555908,0.610012114048004
-0.638671934604645,-0.0491672381758689,0.887718021869659,0.0181182939559221,0.027723966166377,0.79148668050766,0.610288500785828
-0.640752673149109,-0.0496928840875625,0.887617468833923,0.01924978941679,0.0279184468090534,0.787660002708435,0.615176141262054
-0.640668988227844,-0.0496009029448032,0.887290835380554,0.0212794449180364,0.0283001959323883,0.788523077964783,0.613985121250153
-0.640583038330078,-0.049665343016386,0.887343406677246,0.0210240110754966,0.0282974168658256,0.788861334323883,0.613559305667877
-0.640474438667297,-0.0497100614011287,0.887420058250427,0.0207266844809055,0.0282007306814193,0.789159953594208,0.613189876079559
-0.640404582023621,-0.0497572906315326,0.88749635219574,0.0205137059092521,0.0282158609479665,0.789481580257416,0.612782061100006
-0.639081180095673,-0.0496505126357078,0.887836635112762,0.0182904582470655,0.0278754122555255,0.791858971118927,0.609793305397034
-0.640275835990906,-0.0498526021838188,0.887622535228729,0.0199456512928009,0.0282055437564849,0.790023982524872,0.612101852893829
-0.639749646186829,-0.0518129430711269,0.888903021812439,0.0123579790815711,0.0269861761480569,0.787763118743896,0.615262925624847
-0.639813721179962,-0.0518222860991954,0.888911366462708,0.0125531591475009,0.027145916596055,0.788060128688812,0.614871323108673
-0.639827966690063,-0.0518149621784687,0.888915181159973,0.01275703497231,0.0272307861596345,0.788280606269836,0.614580810070038
-0.639846563339233,-0.0517350509762764,0.888846457004547,0.0133267287164926,0.0272838585078716,0.788706183433533,0.614020049571991
-0.63988322019577,-0.0517122820019722,0.888845801353455,0.0136743802577257,0.0273471362888813,0.788985908031464,0.613649964332581
-0.639934062957764,-0.0517252460122108,0.888863027095795,0.0139394011348485,0.0274435561150312,0.789122104644775,0.613464593887329
-0.639983892440796,-0.0518011376261711,0.888920605182648,0.0141667583957314,0.0276007205247879,0.789171636104584,0.613388657569885
-0.640044510364532,-0.0518478900194168,0.888971328735352,0.0143659273162484,0.0278752651065588,0.789251625537872,0.613268792629242
-0.640120029449463,-0.0519285053014755,0.888994812965393,0.0145029556006193,0.0279065333306789,0.789292871952057,0.61321097612381
-0.640185832977295,-0.0520017109811306,0.889037311077118,0.0147019522264599,0.0280415918678045,0.789317607879639,0.613168299198151
-0.640268921852112,-0.0521347634494304,0.889085948467255,0.0147937005385756,0.0282238256186246,0.789303481578827,0.613175868988037
-0.640342116355896,-0.0522622242569923,0.889139592647552,0.0148411840200424,0.028345501050353,0.789255023002625,0.613231420516968
-0.640438556671143,-0.0523903742432594,0.889156818389893,0.0150830140337347,0.0286340806633234,0.789264619350433,0.613199770450592
-0.640536308288574,-0.0525605827569961,0.889206886291504,0.015022138133645,0.0288114957511425,0.789128839969635,0.613367676734924
-0.640688538551331,-0.0528333447873592,0.889316439628601,0.0148411784321069,0.0289749056100845,0.788822054862976,0.613758981227875
-0.640844821929932,-0.0530454255640506,0.889378070831299,0.0147267989814281,0.0292346216738224,0.788733065128326,0.61386376619339
-0.640984296798706,-0.053316194564104,0.889446377754211,0.0145811140537261,0.0294620655477046,0.788465797901154,0.614199697971344
-0.641174554824829,-0.0536645203828811,0.889540255069733,0.0144345816224813,0.0298908837139606,0.788183808326721,0.614544272422791
-0.641796588897705,-0.0522582307457923,0.888517618179321,0.020921129733324,0.0312513746321201,0.79010808467865,0.611812829971313
-0.64100182056427,-0.052503865212202,0.888780474662781,0.0193907655775547,0.0312450230121612,0.791313230991364,0.610304057598114
-0.641126155853271,-0.0527144819498062,0.888812184333801,0.0194608811289072,0.0314718782901763,0.791253626346588,0.610367715358734
-0.641260623931885,-0.0529117807745933,0.888826727867126,0.0195544343441724,0.0317053124308586,0.791200637817383,0.610421180725098
-0.641398310661316,-0.0531138554215431,0.888817965984344,0.0196921620517969,0.0319588258862495,0.791120111942291,0.610507845878601
-0.641547083854675,-0.0533412396907806,0.888839483261108,0.0198034364730119,0.0322460643947124,0.791037619113922,0.610596060752869
-0.641756892204285,-0.0536372736096382,0.888891458511353,0.0199030600488185,0.0326744467020034,0.790940940380096,0.610695242881775
-0.641959190368652,-0.0538923442363739,0.88891613483429,0.0199985783547163,0.0329852923750877,0.790779650211334,0.610884368419647
-0.642069399356842,-0.0541147515177726,0.888919234275818,0.0200716443359851,0.0329858735203743,0.790635049343109,0.611068964004517
-0.642221510410309,-0.0543839409947395,0.888913571834564,0.0200247019529342,0.0331590734422206,0.790470719337463,0.611273765563965
-0.642377197742462,-0.0546400919556617,0.888936340808868,0.0200773738324642,0.0333197899162769,0.790212273597717,0.61159735918045
-0.642582535743713,-0.0549109540879726,0.888939619064331,0.0201765168458223,0.0333984084427356,0.789947330951691,0.611931920051575
-0.642781376838684,-0.0551901385188102,0.88898503780365,0.0201976280659437,0.0336274616420269,0.789667785167694,0.61227935552597
-0.642841696739197,-0.0554678291082382,0.889096915721893,0.0202888865023851,0.0329482890665531,0.789134919643402,0.612999975681305
-0.643231153488159,-0.0557169765233993,0.889035701751709,0.020401207730174,0.0339370109140872,0.789085865020752,0.613005518913269
-0.643395602703094,-0.0559501349925994,0.889047026634216,0.0204389411956071,0.0341127477586269,0.788775026798248,0.613394439220428
-0.643659293651581,-0.0560982599854469,0.888957619667053,0.0204695630818605,0.0346910767257213,0.788727045059204,0.613422453403473
-0.643879413604736,-0.056465845555067,0.88908177614212,0.0197823569178581,0.0346632190048694,0.787971317768097,0.614417016506195
-0.643812894821167,-0.0566160604357719,0.889023900032043,0.0206039622426033,0.034438382834196,0.787556231021881,0.614934682846069
-0.643939614295959,-0.0568375922739505,0.889031112194061,0.0206733215600252,0.0345430448651313,0.787112772464752,0.615494072437286
-0.644099175930023,-0.0571183338761329,0.889054358005524,0.0207022130489349,0.0348916016519069,0.786708533763885,0.615990042686462
-0.644372820854187,-0.0573579184710979,0.889013588428497,0.0206896197050809,0.0357280857861042,0.78631192445755,0.616448760032654
-0.644488215446472,-0.0575639605522155,0.889042317867279,0.0207349099218845,0.0357679165899753,0.78588604927063,0.616987705230713
-0.644573450088501,-0.0578383356332778,0.889051914215088,0.0207602698355913,0.0360382013022899,0.785334050655365,0.617673575878143
-0.644664883613586,-0.0580669119954109,0.889066934585571,0.0208513066172599,0.0361114591360092,0.784843802452087,0.618289113044739
-0.644734978675842,-0.058271650224924,0.889091372489929,0.020950648933649,0.0362505130469799,0.784432172775269,0.61879974603653
-0.644734978675842,-0.058271650224924,0.889091372489929,0.020950648933649,0.0362505130469799,0.784432172775269,0.61879974603653
-0.644889235496521,-0.0589390397071838,0.889278590679169,0.0201134532690048,0.0365153215825557,0.782980620861053,0.620647609233856
-0.644950270652771,-0.0590224154293537,0.889140784740448,0.0211792774498462,0.0368548110127449,0.78288596868515,0.620711624622345
-0.645073592662811,-0.0593195036053657,0.889170825481415,0.021366061642766,0.0374435521662235,0.782549798488617,0.62109363079071
-0.645178020000458,-0.0595677606761455,0.889172196388245,0.0215820223093032,0.0376779697835445,0.782188713550568,0.621526658535004
-0.645178020000458,-0.0595677606761455,0.889172196388245,0.0215820223093032,0.0376779697835445,0.782188713550568,0.621526658535004
-0.645425856113434,-0.0601250641047954,0.889178574085236,0.0219165123999118,0.0384141840040683,0.781611204147339,0.622196197509766
-0.646494388580322,-0.0607012510299682,0.889477431774139,0.0204821042716503,0.0384372696280479,0.779121518135071,0.625358045101166
-0.646670043468475,-0.0610191971063613,0.889506459236145,0.0205234196037054,0.0389589965343475,0.779000461101532,0.625475406646729
-0.646709322929382,-0.0613862611353397,0.889581859111786,0.0206417012959718,0.0387878604233264,0.778598427772522,0.625982284545898
-0.64695405960083,-0.0617428123950958,0.889604389667511,0.0208254437893629,0.0393739379942417,0.778496444225311,0.626066625118256
-0.647322773933411,-0.0619556978344917,0.889523267745972,0.0211531352251768,0.0402029752731323,0.778640329837799,0.625823736190796
-0.6475470662117,-0.0622576065361499,0.889532923698425,0.0213446039706468,0.0405233837664127,0.778597176074982,0.625850439071655
-0.6475470662117,-0.0622576065361499,0.889532923698425,0.0213446039706468,0.0405233837664127,0.778597176074982,0.625850439071655
-0.648057818412781,-0.0628135725855827,0.889555096626282,0.0219838619232177,0.0410241782665252,0.778366446495056,0.626082718372345
-0.647367537021637,-0.0628143846988678,0.889299750328064,0.0236636418849229,0.0417107492685318,0.780590116977692,0.623201012611389
-0.648580491542816,-0.0634705275297164,0.889611005783081,0.0222014840692281,0.0416869036853313,0.777925431728363,0.626579105854034
-0.648378610610962,-0.063982643187046,0.88969898223877,0.0216482225805521,0.041878405958414,0.778093695640564,0.626376748085022
-0.648854732513428,-0.0641260892152786,0.889630436897278,0.0222727041691541,0.0420457236468791,0.777606606483459,0.626948297023773
-0.649233818054199,-0.0643228143453598,0.889579057693481,0.0230555590242147,0.0415790453553199,0.776680052280426,0.628098666667938
-0.649095773696899,-0.0645625740289688,0.889796793460846,0.0224909242242574,0.0407402776181697,0.776248395442963,0.628707230091095
-0.649359703063965,-0.0647716894745826,0.889790058135986,0.0226304940879344,0.0407026149332523,0.775926232337952,0.629102349281311
-0.649709939956665,-0.0650321245193481,0.889791011810303,0.0230257399380207,0.0409349724650383,0.775533616542816,0.629556834697723
-0.649934411048889,-0.0652019307017326,0.889786541461945,0.023187156766653,0.0409505330026149,0.775152742862701,0.630018770694733
-0.649136781692505,-0.065023198723793,0.890055894851685,0.0234249029308557,0.0388093180954456,0.772295773029327,0.633643686771393
-0.649607837200165,-0.0652414485812187,0.890137612819672,0.0242489408701658,0.0389656089246273,0.771997928619385,0.633966207504272
-0.649846911430359,-0.0653994604945182,0.890144646167755,0.024357009679079,0.0390318632125854,0.771483600139618,0.634583711624146
-0.650052905082703,-0.065542072057724,0.890160620212555,0.0244596879929304,0.0390736870467662,0.770991683006287,0.635174810886383
-0.650201797485352,-0.0656539946794509,0.890183627605438,0.0245645605027675,0.0391177311539649,0.770562291145325,0.635688722133636
-0.650244653224945,-0.0661088973283767,0.890206456184387,0.0226058475673198,0.041047878563404,0.774367094039917,0.630998909473419
-0.650576829910278,-0.0661910697817802,0.890167713165283,0.0232814066112041,0.0412043146789073,0.773661434650421,0.631829261779785
-0.650817215442657,-0.0662913396954536,0.890202522277832,0.0236204974353313,0.0413391515612602,0.773007333278656,0.63260805606842
-0.650012850761414,-0.0661334469914436,0.890613555908203,0.0238562356680631,0.0394297502934932,0.769821524620056,0.636593341827393
-0.650071501731873,-0.0662622302770614,0.890680134296417,0.0238532535731792,0.0395151451230049,0.769180476665497,0.637362539768219
-0.650169014930725,-0.0663608238101005,0.890752494335175,0.0239356961101293,0.0395701751112937,0.768631875514984,0.63801771402359
-0.65025782585144,-0.0664424300193786,0.890818893909454,0.0240331664681434,0.0395709350705146,0.768080472946167,0.638677477836609
-0.65050595998764,-0.0663651451468467,0.891018033027649,0.0249412860721349,0.0397430844604969,0.767391383647919,0.639459848403931
-0.650528073310852,-0.0664542019367218,0.891103446483612,0.0249350313097238,0.0396114438772201,0.76674348115921,0.640244901180267
-0.650704741477966,-0.0665461272001266,0.891123414039612,0.025152638554573,0.0398411639034748,0.766017735004425,0.641090512275696
-0.651704490184784,-0.06717499345541,0.890706479549408,0.0243271887302398,0.0423651523888111,0.767961323261261,0.638630509376526
-0.650885164737701,-0.0670060589909553,0.890837550163269,0.0252795573323965,0.0418503955006599,0.764183878898621,0.643142640590668
-0.65077793598175,-0.0672451928257942,0.890723586082458,0.0245429836213588,0.0418131202459335,0.763654470443726,0.643802165985107
-0.650782108306885,-0.0672859027981758,0.890647053718567,0.0243748519569635,0.042089968919754,0.763025224208832,0.644536077976227
-0.650913119316101,-0.067349225282669,0.89063423871994,0.0244463328272104,0.0425955168902874,0.762387931346893,0.645254015922546
-0.650960206985474,-0.0670431032776832,0.890783309936523,0.024752240628004,0.0411846153438091,0.762136876583099,0.645630478858948
-0.651080965995789,-0.0671287477016449,0.890789031982422,0.0248988959938287,0.0417848266661167,0.761594593524933,0.646225929260254
-0.651324272155762,-0.0672237873077392,0.890787899494171,0.0253271590918302,0.0423801653087139,0.760982573032379,0.646890938282013
-0.652577340602875,-0.0677133947610855,0.89056807756424,0.0257065761834383,0.045277614146471,0.762740314006805,0.64460563659668
-0.652900099754333,-0.0678707808256149,0.89056658744812,0.0261438451707363,0.0459054708480834,0.762419044971466,0.644923508167267
-0.652202129364014,-0.067735955119133,0.890851140022278,0.0264870375394821,0.0442720912396907,0.75987708568573,0.648016512393951
-0.652552247047424,-0.0679488629102706,0.890938758850098,0.0269606988877058,0.0446379445493221,0.759701430797577,0.648177742958069
-0.654064059257507,-0.0685102194547653,0.890649914741516,0.0274549331516027,0.0474205836653709,0.761957406997681,0.64530485868454
-0.654373049736023,-0.0687829256057739,0.890725016593933,0.0274787079542875,0.0476612634956836,0.761917650699615,0.645333230495453
-0.654731392860413,-0.0691583901643753,0.890826225280762,0.0274402070790529,0.0479527004063129,0.761850416660309,0.645392537117004
-0.653938055038452,-0.0690941214561462,0.891169309616089,0.0273603051900863,0.0453846231102943,0.75918972492218,0.648708522319794
-0.653938055038452,-0.0690941214561462,0.891169309616089,0.0273603051900863,0.0453846231102943,0.75918972492218,0.648708522319794
-0.654833436012268,-0.0694216042757034,0.891250610351562,0.0278087016195058,0.0452096611261367,0.758386313915253,0.649640679359436
-0.655246138572693,-0.0700200200080871,0.891030192375183,0.0275691673159599,0.0470495969057083,0.757651150226593,0.650377690792084
-0.655460357666016,-0.0702689215540885,0.891013026237488,0.0273353904485702,0.0468405932188034,0.757188379764557,0.65094119310379
-0.655774295330048,-0.0704621821641922,0.890933752059937,0.0273048020899295,0.0466029904782772,0.756603419780731,0.651639461517334
-0.656040668487549,-0.0705764293670654,0.890833556652069,0.0272704306989908,0.0462479591369628,0.756061375141144,0.652294993400574
-0.656352460384369,-0.0707090273499488,0.890817940235138,0.0275056697428226,0.0459643490612506,0.755370914936066,0.653104662895203
-0.656616449356079,-0.0708261430263519,0.890757143497467,0.0272826347500085,0.0459560863673687,0.754715144634247,0.653872311115265
-0.656684577465057,-0.0706624314188957,0.890940845012665,0.0271547194570302,0.04408485814929,0.754539608955383,0.654208898544312
-0.656822919845581,-0.0707546398043632,0.890886902809143,0.0270160473883152,0.0439408197999,0.753881573677063,0.654982328414917
-0.656994342803955,-0.0707996487617492,0.890852808952332,0.0270298905670642,0.0438265278935432,0.753108859062195,0.655877888202667
-0.657187700271606,-0.0711663365364074,0.890555083751678,0.0270767267793416,0.0455649085342884,0.751933455467224,0.657104969024658
-0.657302916049957,-0.070953756570816,0.890760183334351,0.0272062588483095,0.043941143900156,0.751522123813629,0.65768039226532
-0.657376766204834,-0.0710726082324981,0.890741944313049,0.0270565189421176,0.0439576245844364,0.75083464384079,0.658470332622528
-0.657442152500153,-0.0711570084095001,0.890723347663879,0.0269860625267028,0.0439705289900302,0.750261962413788,0.659124732017517
-0.657298445701599,-0.0714244246482849,0.890524864196777,0.0257736574858427,0.0438974611461162,0.749753057956696,0.659756779670715
-0.657503426074982,-0.0712863057851791,0.890624463558197,0.0265180505812168,0.0438723266124725,0.749152183532715,0.660411298274994
-0.65731805562973,-0.0715830773115158,0.890530645847321,0.0257375892251729,0.0436105243861675,0.748616576194763,0.66106653213501
-0.657357811927795,-0.0716948881745338,0.890518665313721,0.0256608352065086,0.0436156913638114,0.748128771781921,0.661621272563934
-0.657391548156738,-0.0717776864767074,0.89050018787384,0.025574754923582,0.0436347909271717,0.747719466686249,0.662085831165314
-0.657440066337585,-0.0718665271997451,0.89047634601593,0.025597283616662,0.0437070280313491,0.747346162796021,0.662501454353333
-0.657633543014526,-0.0717551559209823,0.890583276748657,0.026392500847578,0.0437823161482811,0.746937692165375,0.662925958633423
-0.657454371452332,-0.0720404312014579,0.890473008155823,0.0256054662168025,0.0437391772866249,0.746523082256317,0.663426339626312
-0.657585799694061,-0.0721463412046432,0.89046311378479,0.0257502179592847,0.0439021438360214,0.746152281761169,0.663827180862427
-0.657804250717163,-0.0720740556716919,0.890569627285004,0.026598498225212,0.0441320426762104,0.74588268995285,0.664081215858459
-0.657835781574249,-0.0721914917230606,0.890580534934998,0.0265546776354312,0.0442322455346584,0.745693206787109,0.664289116859436
-0.657998085021973,-0.0726136118173599,0.890318155288696,0.0266100671142339,0.0462536290287971,0.745083212852478,0.664833545684814
-0.658026337623596,-0.0727413594722747,0.890324592590332,0.026635430753231,0.0463662669062614,0.744988799095154,0.66493034362793
-0.658064603805542,-0.0728314369916915,0.890327870845795,0.0267108771950006,0.0464531332254409,0.744917392730713,0.665001273155212
-0.658161044120789,-0.0728482529520988,0.890289545059204,0.0269574895501136,0.04658729955554,0.744874119758606,0.665030419826508
-0.658280968666077,-0.0728903859853744,0.890129387378693,0.0284373257309198,0.046728316694498,0.74502158164978,0.664793729782104
-0.658339619636536,-0.0730721279978752,0.890149772167206,0.0283690597862005,0.0469664186239242,0.744970142841339,0.664837539196014
-0.658317804336548,-0.0731762871146202,0.890125870704651,0.0283397417515516,0.0468365214765071,0.744942128658295,0.664879202842712
-0.658254265785217,-0.0734376683831214,0.890272855758667,0.0273146964609622,0.046703428030014,0.74465811252594,0.665249705314636
-0.658253848552704,-0.073540523648262,0.890267729759216,0.0272200927138328,0.0466454215347766,0.744534909725189,0.665395557880402
-0.659193396568298,-0.0737184211611747,0.890247464179993,0.0271469708532094,0.0471143722534179,0.747204005718231,0.66236674785614
-0.659193396568298,-0.0737184211611747,0.890247464179993,0.0271469708532094,0.0471143722534179,0.747204005718231,0.66236674785614
-0.659127950668335,-0.0738670900464057,0.890229940414429,0.0269279181957244,0.0468010678887367,0.746858358383179,0.662787437438965
-0.659083843231201,-0.0739409923553466,0.890217185020447,0.0267808474600315,0.0467065125703811,0.746636688709259,0.663049817085266
-0.657951712608337,-0.0736316069960594,0.890478074550629,0.0265213381499052,0.0440705306828022,0.744014978408813,0.666180431842804
-0.657810807228088,-0.0736787915229797,0.890424847602844,0.0261290837079286,0.0439222678542137,0.743706941604614,0.666549444198608
-0.657732725143433,-0.0736792907118797,0.890415072441101,0.0260270275175571,0.0435585416853427,0.74350368976593,0.666804075241089
-0.657641112804413,-0.073673203587532,0.890408635139465,0.0258791837841272,0.0433995015919208,0.743243753910065,0.667109787464142
-0.657634675502777,-0.0739459469914436,0.890175819396973,0.0257861148566007,0.0447627045214176,0.742519795894623,0.667829275131226
-0.657496809959412,-0.0739426389336586,0.890149712562561,0.0254530441015958,0.0445556491613388,0.742283999919891,0.668117880821228
-0.657399654388428,-0.0739485025405883,0.890145480632782,0.0252850130200386,0.0444038398563861,0.7420814037323,0.668359458446503
-0.657280445098877,-0.0739018842577934,0.890106916427612,0.0251612812280654,0.0441316366195678,0.741902053356171,0.668581187725067
-0.657280445098877,-0.0739018842577934,0.890106916427612,0.0251612812280654,0.0441316366195678,0.741902053356171,0.668581187725067
-0.657011210918427,-0.0738781839609146,0.890114545822144,0.0248934440314769,0.0437578149139881,0.741508960723877,0.669051706790924
-0.656879663467407,-0.0739023610949516,0.890114367008209,0.0249072704464197,0.0436958856880664,0.741398274898529,0.669177949428558
-0.656799674034119,-0.0739212334156036,0.890102982521057,0.024857934564352,0.0436746105551719,0.741347849369049,0.669236958026886
-0.656739234924316,-0.0739147067070007,0.89007967710495,0.0247128400951623,0.0436328127980232,0.741352379322052,0.66923999786377
-0.656644701957703,-0.0739536508917808,0.890086472034454,0.024832185357809,0.0436390675604343,0.741374611854553,0.669210493564606
-0.656561017036438,-0.0739918574690818,0.890079855918884,0.024767966940999,0.0436576753854751,0.741436958312988,0.669142603874207
-0.656431972980499,-0.0740495696663856,0.890085697174072,0.0246748756617307,0.0437131039798259,0.741619884967804,0.668939769268036
-0.656202554702759,-0.0743486210703849,0.889957368373871,0.0236646831035614,0.0437915027141571,0.741864502429962,0.668699860572815
-0.656125664710999,-0.0744075030088424,0.88995486497879,0.0236160177737474,0.04383360221982,0.74206417798996,0.668477177619934
-0.656033217906952,-0.0744734033942222,0.889973759651184,0.0235414411872625,0.0438905842602252,0.742302715778351,0.668211221694946
-0.655963122844696,-0.0746174827218055,0.8899986743927,0.0233230181038379,0.0440572686493396,0.742570877075195,0.667909860610962
-0.655871868133545,-0.0746848583221435,0.890001833438873,0.0232049040496349,0.0440007001161575,0.742828190326691,0.667631506919861
-0.655758321285248,-0.0747370272874832,0.889992415904999,0.023128742352128,0.0439228788018226,0.743170857429504,0.667257845401764
-0.655707716941833,-0.0748220905661583,0.889982223510742,0.0230002552270889,0.0438506752252578,0.743396103382111,0.667015969753265
-0.655701637268066,-0.0748784393072128,0.890020668506622,0.0231303367763757,0.04379827901721,0.743702590465546,0.666673243045807
-0.655626118183136,-0.0749249160289764,0.890011668205261,0.023040110245347,0.0437039621174335,0.743956506252289,0.666399300098419
-0.655551016330719,-0.0749697163701057,0.890004992485046,0.0229358337819576,0.0436260662972927,0.744177162647247,0.66616153717041
-0.65546840429306,-0.0749895498156547,0.89000391960144,0.022841902449727,0.0434922277927398,0.744382977485657,0.665943503379822
-0.65546840429306,-0.0749895498156547,0.89000391960144,0.022841902449727,0.0434922277927398,0.744382977485657,0.665943503379822
-0.655284941196442,-0.0750321745872497,0.890008687973022,0.0226185284554958,0.04323710501194,0.744753897190094,0.665552854537964
-0.655286312103271,-0.074819728732109,0.890105545520782,0.0232998803257942,0.0429341979324817,0.744863271713257,0.665426671504974
-0.655135989189148,-0.0748312175273895,0.890126407146454,0.0230509527027606,0.0428827665746212,0.745045363903046,0.665234684944153
-0.655004620552063,-0.0748307704925537,0.890124201774597,0.0228827930986881,0.0427102148532867,0.745131015777588,0.665155589580536
-0.654864728450775,-0.0748049020767211,0.890110671520233,0.0227433685213327,0.0425546206533908,0.745244026184082,0.665043890476227
-0.654717803001404,-0.0748101025819778,0.890100955963135,0.0225676260888576,0.0423867031931877,0.745344460010529,0.664947986602783
-0.654524207115173,-0.074763998389244,0.89011138677597,0.0223145429044961,0.042231235653162,0.745440304279327,0.664858877658844
-0.65431821346283,-0.0747543200850486,0.890129506587982,0.0221279803663492,0.0421306528151035,0.745542049407959,0.664757370948792
-0.6540207862854,-0.0747235789895057,0.890083849430084,0.0219161864370107,0.0418823510408401,0.745609223842621,0.6647047996521
-0.653726696968079,-0.0746554881334304,0.890048980712891,0.021554535254836,0.0415648892521858,0.745519876480103,0.664836823940277
-0.65349268913269,-0.0745648592710495,0.890022754669189,0.0215131677687168,0.0414391085505485,0.745532989501953,0.664831340312958
-0.653266370296478,-0.0745500326156616,0.890035033226013,0.0215142294764518,0.0413984209299087,0.745524346828461,0.664843440055847
-0.653016924858093,-0.0744818150997161,0.890010058879852,0.0215309597551822,0.0413897782564163,0.745457053184509,0.664918839931488
-0.652729511260986,-0.0744789093732833,0.890040338039398,0.0214053560048341,0.0414319857954978,0.745576500892639,0.664786517620087
-0.652507901191711,-0.0744793266057968,0.89003723859787,0.0213024467229843,0.0414638631045818,0.745657801628113,0.664696455001831
-0.652262091636658,-0.0744626075029373,0.890027165412903,0.021219378337264,0.0415185950696468,0.745854258537292,0.664475321769714
-0.652081251144409,-0.0742440968751907,0.889775037765503,0.0221175253391265,0.0415281914174556,0.746197938919067,0.664059400558472
-0.651889801025391,-0.0742585062980651,0.889757573604584,0.0220921281725168,0.0416622124612331,0.746320307254791,0.663914442062378
-0.651742815971375,-0.0742868930101394,0.889746725559235,0.0221067257225513,0.041857972741127,0.746507823467255,0.663690745830536
-0.651553690433502,-0.0743259936571121,0.889788627624512,0.0221048779785633,0.0418621189892292,0.746630430221558,0.663552522659302
-0.65124785900116,-0.0741560608148574,0.890074551105499,0.0219438690692186,0.0404041483998298,0.747460544109344,0.66271311044693
-0.651191830635071,-0.0747807174921035,0.889704704284668,0.0214398670941591,0.0425272323191165,0.747619986534119,0.662416934967041
-0.65101820230484,-0.0749343261122703,0.889736294746399,0.021410608664155,0.0425892993807792,0.748110830783844,0.661859571933746
-0.650875210762024,-0.0747874304652214,0.890010118484497,0.0215284470468759,0.0411113798618316,0.749000132083893,0.660942792892456
-0.650882601737976,-0.0749507695436477,0.890067577362061,0.021691845729947,0.0414708815515041,0.749443173408508,0.660412490367889
-0.650916576385498,-0.0751788914203643,0.890129208564758,0.0217735916376113,0.0419094786047935,0.749918460845947,0.659842371940613
-0.651053786277771,-0.0756517350673675,0.889948725700378,0.021851047873497,0.0439177900552749,0.749897480010986,0.65973299741745
-0.65113490819931,-0.0758467391133308,0.890004396438599,0.0220272280275821,0.0441743694245815,0.750321686267853,0.65922749042511
-0.651362478733063,-0.0757979825139045,0.890146613121033,0.0231291893869638,0.0441343449056148,0.750721514225006,0.658737182617188
-0.651382327079773,-0.0759695246815681,0.890162706375122,0.0231036022305488,0.0442209541797637,0.75105357170105,0.658353567123413
-0.651411652565002,-0.0761401429772377,0.890162348747253,0.0230478942394256,0.0442708060145378,0.751357614994049,0.658005177974701
-0.651539027690887,-0.0763803049921989,0.890168845653534,0.0230037998408079,0.0445915572345256,0.751747846603394,0.657539069652557
-0.651570558547974,-0.0765527188777923,0.890162944793701,0.0229444801807403,0.0446874909102916,0.751891374588013,0.657370507717133
-0.651591539382935,-0.0766944661736488,0.890154242515564,0.0229366309940814,0.0447267144918441,0.751995503902435,0.657248973846436
-0.651586294174194,-0.0768347606062889,0.890152096748352,0.0230337716639041,0.0447410680353641,0.752042412757874,0.657191097736359
-0.651588797569275,-0.0769649818539619,0.890131413936615,0.0230234507471323,0.0447609946131706,0.752026975154877,0.657207608222961
-0.651600122451782,-0.0770976915955543,0.890111923217773,0.0230187848210334,0.0448259748518466,0.751951515674591,0.657289803028107
-0.651488482952118,-0.0769347473978996,0.89033305644989,0.0231605675071477,0.043040931224823,0.752130270004272,0.657199561595917
-0.651486277580261,-0.0770545527338981,0.89031183719635,0.0232313629239797,0.043095476925373,0.751981019973755,0.657364189624786
-0.651480674743652,-0.0771712586283683,0.890290856361389,0.023300115019083,0.0431643463671207,0.751825571060181,0.657535016536713
-0.651446580886841,-0.077328473329544,0.890253245830536,0.0232023894786834,0.0432184487581253,0.751661956310272,0.657722055912018
-0.651427447795868,-0.0774715989828109,0.890228688716888,0.0232753884047269,0.0432936437427997,0.751501858234406,0.657897412776947
-0.651449382305145,-0.0776398852467536,0.89018988609314,0.023438150063157,0.0434830412268638,0.751299202442169,0.658110618591309
-0.652335643768311,-0.0783551111817359,0.889772474765778,0.0226828046143054,0.0458710901439189,0.753608345985413,0.655328929424286
-0.652292668819427,-0.0785707235336303,0.889773607254028,0.0225850436836481,0.0460467226803302,0.753365099430084,0.655599474906921
-0.652292668819427,-0.0785707235336303,0.889773607254028,0.0225850436836481,0.0460467226803302,0.753365099430084,0.655599474906921
-0.651165008544922,-0.0786020159721374,0.890056967735291,0.0226409863680601,0.0437619015574455,0.75068062543869,0.658825516700745
-0.651226043701172,-0.0788309797644615,0.89009815454483,0.0230383034795522,0.0439067110419273,0.750663638114929,0.658821284770966
-0.651347100734711,-0.0790653973817825,0.890054285526276,0.0232796594500541,0.0441715084016323,0.750773191452026,0.658670425415039
-0.651347100734711,-0.0790653973817825,0.890054285526276,0.0232796594500541,0.0441715084016323,0.750773191452026,0.658670425415039
-0.651407897472382,-0.0795146897435188,0.890010297298431,0.0236127227544784,0.0442295931279659,0.750784039497375,0.658642172813416
-0.651403665542603,-0.0797464773058891,0.890033543109894,0.0237715858966112,0.0441357381641864,0.750692427158356,0.658747315406799
-0.651490688323975,-0.0800866708159446,0.890053749084473,0.0238728001713752,0.0444231405854225,0.75063145160675,0.658793747425079
-0.651687443256378,-0.0806924551725387,0.889810860157013,0.0241377782076597,0.0463263727724552,0.750085830688477,0.659274280071259
-0.651861548423767,-0.0804774016141891,0.89017653465271,0.0253097563982009,0.0448950305581092,0.75046181678772,0.658901333808899
-0.651983857154846,-0.080754816532135,0.890207231044769,0.0256710182875394,0.045044220983982,0.750454127788544,0.658885955810547
-0.651996493339539,-0.0810778886079788,0.890228748321533,0.0256981775164604,0.0451756753027439,0.750404715538025,0.658932149410248
-0.65199875831604,-0.0815165713429451,0.890358209609985,0.0250175185501575,0.0452188961207866,0.750155031681061,0.659239649772644
-0.652181148529053,-0.0817095041275024,0.890223741531372,0.0261791739612817,0.0455932952463626,0.750222742557526,0.659091711044312
-0.652163863182068,-0.0821775794029235,0.890379309654236,0.0253390725702047,0.0456570610404014,0.749932050704956,0.659450888633728
-0.652201175689697,-0.082479178905487,0.890398979187012,0.0256995167583227,0.045745488256216,0.749751687049866,0.659635722637177
-0.652268171310425,-0.0828591883182525,0.89035165309906,0.0257288422435522,0.0459299869835376,0.749527275562286,0.659876823425293
-0.652069270610809,-0.0834044814109802,0.890212059020996,0.0248597152531147,0.0457963794469833,0.749334871768951,0.660137891769409
-0.652086198329926,-0.0836877673864364,0.890166878700256,0.0249519646167755,0.0456714369356632,0.749149739742279,0.660353243350983
-0.652389943599701,-0.0838335081934928,0.890304148197174,0.0262716431170701,0.0459205284714698,0.748891353607178,0.660577714443207
-0.652427792549133,-0.0841496959328651,0.890280961990356,0.0264105964452028,0.0460245385766029,0.748674988746643,0.660810172557831
-0.652454376220703,-0.0844504982233047,0.890252530574799,0.0265482272952795,0.0459556244313716,0.748443126678467,0.661071956157684
-0.652226328849792,-0.0849977135658264,0.890071153640747,0.0257507506757974,0.0458024404942989,0.748246788978577,0.661336600780487
-0.652254045009613,-0.0853496938943862,0.890047073364258,0.0258615873754024,0.0459369644522666,0.747982323169708,0.661621868610382
-0.652254045009613,-0.0853496938943862,0.890047073364258,0.0258615873754024,0.0459369644522666,0.747982323169708,0.661621868610382
-0.652432262897491,-0.0858278721570968,0.890141248703003,0.0271254479885101,0.0461620837450027,0.747278153896332,0.662350833415985
-0.652448773384094,-0.0861744284629821,0.890135288238525,0.0272399540990591,0.046298399567604,0.747041463851929,0.662603676319122
-0.652454197406769,-0.0865283608436584,0.890143156051636,0.0274795237928628,0.0463283769786357,0.746839046478271,0.662819802761078
-0.652532279491425,-0.0868931636214256,0.890167057514191,0.0278786998242139,0.0463810078799724,0.746557831764221,0.663116216659546
-0.652528524398804,-0.087276741862297,0.890104472637177,0.0280916132032871,0.0466270260512828,0.746231436729431,0.663457214832306
-0.652467846870422,-0.0876304134726524,0.890089929103851,0.0281384363770484,0.0464800707995891,0.74583101272583,0.663915634155273
-0.652508854866028,-0.0879739671945571,0.890069544315338,0.0285316500812768,0.0464774928987026,0.745645344257355,0.66410756111145
-0.652336597442627,-0.0885993912816047,0.889920592308044,0.0276383440941572,0.0465048402547836,0.745543599128723,0.664257764816284
-0.652304887771606,-0.0889308974146843,0.889881253242493,0.0278319213539361,0.0464048236608505,0.745419800281525,0.664395570755005
-0.652277410030365,-0.0892656296491622,0.889903783798218,0.0281105320900678,0.0462102331221103,0.74521279335022,0.664629459381104
-0.652283787727356,-0.089597001671791,0.889892399311066,0.0282471235841512,0.0462807565927505,0.745010197162628,0.664845824241638
-0.652340531349182,-0.0900343209505081,0.889869630336761,0.0284525323659181,0.0465117059648036,0.744787991046906,0.665069997310638
-0.652587890625,-0.0901933908462524,0.890038073062897,0.0297381710261106,0.0465919487178325,0.744548916816711,0.665275752544403
-0.652619421482086,-0.0905262306332588,0.890039920806885,0.0299765337258577,0.0466420985758304,0.744430184364319,0.665394365787506
-0.652633428573608,-0.0911183804273605,0.889910221099854,0.0303175598382949,0.0472671017050743,0.743716895580292,0.666131973266602
-0.652619957923889,-0.0914749354124069,0.88992178440094,0.0305271726101636,0.0469699911773204,0.743515908718109,0.666367769241333
-0.652641415596008,-0.0919061750173568,0.88996410369873,0.0308423712849617,0.0470967292785644,0.743394434452057,0.666479885578156
-0.654385685920715,-0.0923805758357048,0.889563977718353,0.0313965491950511,0.050359308719635,0.74770450592041,0.661374449729919
-0.654376804828644,-0.092806652188301,0.889543652534485,0.0313743352890014,0.050552200525999,0.747914910316467,0.661122858524323
-0.654537618160248,-0.0931546166539192,0.889527261257172,0.0319568365812301,0.0507353171706199,0.748005449771881,0.660978555679321
-0.654414355754852,-0.0935462415218353,0.88957405090332,0.0321180000901222,0.050431590527296,0.747509777545929,0.661554455757141
-0.654491543769836,-0.0940015912055969,0.889573633670807,0.0321373380720615,0.0507124550640583,0.747557878494263,0.66147768497467
-0.654546856880188,-0.0943671911954879,0.889561593532562,0.032452143728733,0.0507338754832744,0.747448146343231,0.661584734916687
-0.654580235481262,-0.0947590470314025,0.889550805091858,0.0327839590609073,0.0507481545209884,0.747388124465942,0.661634981632233
-0.654580235481262,-0.0947590470314025,0.889550805091858,0.0327839590609073,0.0507481545209884,0.747388124465942,0.661634981632233
-0.654652297496796,-0.0954840183258056,0.889534533023834,0.0333891622722148,0.0504946559667587,0.747207462787628,0.661828279495239
-0.654496014118195,-0.0958269387483596,0.889685571193695,0.0334911607205867,0.0493632666766643,0.747083723545074,0.662048041820526
-0.652805745601654,-0.0962144434452056,0.889907240867615,0.0336635112762451,0.047038447111845,0.741936922073364,0.667969942092896
-0.652804791927338,-0.0965747535228729,0.889918267726898,0.0338963419198989,0.0469508059322834,0.741801381111145,0.668114840984344
-0.652794718742371,-0.0969746187329292,0.889913320541382,0.0341913737356662,0.0469543598592281,0.741630256175995,0.668289542198181
-0.652915179729462,-0.097501665353775,0.889810502529144,0.0343116149306297,0.0479843728244304,0.741393625736237,0.668472766876221
-0.652915358543396,-0.0978671163320541,0.889803409576416,0.0344316586852073,0.0479534231126308,0.741236329078674,0.668643116950989
-0.652893602848053,-0.0982681810855865,0.889733374118805,0.0343865901231765,0.0477783121168613,0.74109959602356,0.668809473514557
-0.652893602848053,-0.0982681810855865,0.889733374118805,0.0343865901231765,0.0477783121168613,0.74109959602356,0.668809473514557
-0.652826547622681,-0.098854199051857,0.889867067337036,0.0350707285106182,0.0464097782969474,0.740779042243958,0.669225454330444
-0.652826547622681,-0.098854199051857,0.889867067337036,0.0350707285106182,0.0464097782969474,0.740779042243958,0.669225454330444
-0.654281616210938,-0.0996400266885757,0.889761388301849,0.0354024916887283,0.0475140027701854,0.744930803775787,0.664505243301392
-0.652864813804626,-0.100070156157017,0.889699816703796,0.0355028696358203,0.0471484363079071,0.74004602432251,0.66996157169342
-0.652864813804626,-0.100070156157017,0.889699816703796,0.0355028696358203,0.0471484363079071,0.74004602432251,0.66996157169342
-0.652791321277618,-0.100649788975716,0.889796078205109,0.0358446463942527,0.0459620617330074,0.739574730396271,0.670546054840088
-0.652800142765045,-0.100969210267067,0.889787256717682,0.0360148251056671,0.0458552502095699,0.739318490028381,0.670826613903046
-0.654248714447021,-0.101428925991058,0.889683365821838,0.0361879207193851,0.0470525324344635,0.743171632289886,0.66646271944046
-0.654293656349182,-0.101824149489403,0.889697670936584,0.0367010124027729,0.0471144430339336,0.742682337760925,0.666975498199463
-0.654349327087402,-0.102156929671764,0.889630794525146,0.0370487011969089,0.0471212305128574,0.742369472980499,0.66730409860611
-0.654343485832214,-0.102515526115894,0.889623761177063,0.0371921025216579,0.0470088347792625,0.741909563541412,0.667815148830414
-0.654157638549805,-0.102927625179291,0.889577865600586,0.0372381433844566,0.0463927276432514,0.741301953792572,0.668530106544495
-0.654006719589233,-0.103513516485691,0.88942813873291,0.0366669334471225,0.0462824068963527,0.74102646112442,0.668874680995941
-0.654100894927979,-0.103891760110855,0.889433145523071,0.0369285233318805,0.0462789833545684,0.740540325641632,0.669398605823517
-0.654177010059357,-0.104211449623108,0.88938295841217,0.0373497903347015,0.0461232475936412,0.740181684494019,0.66978257894516
-0.654301345348358,-0.104584880173206,0.889378666877747,0.0376019366085529,0.0462640486657619,0.739766597747803,0.670217335224152
-0.654556393623352,-0.10460153222084,0.889265179634094,0.0394904538989067,0.0467112176120281,0.739305198192596,0.670586764812469
-0.654609441757202,-0.104965403676033,0.889356017112732,0.0400702729821205,0.045837003737688,0.738929033279419,0.67102724313736
-0.65476405620575,-0.105338886380196,0.889283061027527,0.040623053908348,0.0465557500720024,0.738381922245026,0.671546459197998
-0.654881656169891,-0.105672352015972,0.889256715774536,0.0411092415452003,0.0466052368283271,0.737984180450439,0.671950578689575
-0.654885828495026,-0.106230884790421,0.889129817485809,0.0408847518265247,0.0468261837959289,0.737755000591278,0.672200322151184
-0.6550532579422,-0.106546469032764,0.889114499092102,0.0412904098629951,0.0469420999288558,0.737364411354065,0.672595977783203
-0.655132174491882,-0.106860108673572,0.889073729515076,0.0418972559273242,0.0467425696551799,0.736827850341797,0.673160135746002
-0.654169201850891,-0.106938764452934,0.889374911785126,0.0423135347664356,0.0445247590541839,0.733758509159088,0.676628112792969
-0.654511332511902,-0.107056193053722,0.889525651931763,0.0439547561109066,0.0446999855339527,0.733247339725494,0.677065968513489
-0.655695199966431,-0.107692867517471,0.889258682727814,0.0446160696446895,0.0470924042165279,0.735069990158081,0.674880564212799
-0.656218528747559,-0.108020819723606,0.889429330825806,0.0452668853104114,0.048353161662817,0.73387211561203,0.676050782203674
-0.656265377998352,-0.108387917280197,0.889515578746796,0.0458848252892494,0.0483420863747596,0.732716739177704,0.6772620677948
-0.655435919761658,-0.108449004590511,0.889762699604034,0.0464697927236557,0.0465847961604595,0.730200529098511,0.680057168006897
-0.655548334121704,-0.108813270926475,0.889787912368774,0.046939842402935,0.046849463135004,0.729730844497681,0.680510759353638
-0.656712412834167,-0.109559044241905,0.889529645442963,0.0476386025547981,0.0494332946836948,0.731469094753265,0.678409993648529
-0.656712412834167,-0.109559044241905,0.889529645442963,0.0476386025547981,0.0494332946836948,0.731469094753265,0.678409993648529
-0.655806183815002,-0.109883442521095,0.889857113361359,0.0489182695746421,0.0472684428095817,0.727774679660797,0.682434439659119
-0.655723094940186,-0.110440343618393,0.889717936515808,0.0487735494971275,0.0474097765982151,0.727288722991943,0.68295282125473
-0.655720114707947,-0.110829658806324,0.889581561088562,0.0495154783129692,0.0468146353960037,0.727033138275146,0.683212637901306
-0.655800580978394,-0.111210443079472,0.889586806297302,0.050038456916809,0.0469905287027359,0.726312339305878,0.683928668498993
-0.656781435012817,-0.111846797168255,0.889397263526917,0.050646424293518,0.048818003386259,0.727621078491211,0.682363092899323
-0.655957698822021,-0.11186683923006,0.889603137969971,0.051191434264183,0.0469739660620689,0.724920153617859,0.685320198535919
-0.656116425991058,-0.11220021545887,0.889574885368347,0.0518313683569431,0.0470170974731445,0.724272191524506,0.685953974723816
-0.65628308057785,-0.112522721290588,0.889553189277649,0.0524206608533859,0.0471434779465198,0.723621487617493,0.686586916446686
-0.656399846076965,-0.112886354327202,0.889580309391022,0.0531837381422519,0.0470521375536918,0.722822964191437,0.687375068664551
-0.656515181064606,-0.113256573677063,0.889607489109039,0.0535819865763187,0.0471050702035427,0.722211182117462,0.687983334064484
-0.656515181064606,-0.113256573677063,0.889607489109039,0.0535819865763187,0.0471050702035427,0.722211182117462,0.687983334064484
-0.656859874725342,-0.113646298646927,0.889723539352417,0.0555683709681034,0.0468353405594825,0.720921277999878,0.689196050167084
-0.657042682170868,-0.113969534635544,0.889646589756012,0.0563067980110645,0.0469436831772327,0.7202268242836,0.689854562282562
-0.657143831253052,-0.114268511533737,0.889591813087463,0.0568717867136001,0.0467993840575218,0.719754874706268,0.69031035900116
-0.657310128211975,-0.114559933543205,0.889549255371094,0.0574312210083007,0.0469105802476406,0.719208717346191,0.690825581550598
-0.657478094100952,-0.114840939640999,0.889511942863464,0.0580402314662933,0.0468152165412902,0.718730747699738,0.691278338432312
-0.657764196395874,-0.115114822983742,0.88957267999649,0.0588327161967754,0.0469768457114696,0.718294978141785,0.691653251647949
-0.657935500144958,-0.115343652665615,0.889561712741852,0.0595314800739288,0.0468254126608371,0.717729866504669,0.692190229892731
-0.659129440784454,-0.115931943058967,0.889493465423584,0.0601756498217582,0.0494027845561504,0.718818306922913,0.690824568271637
-0.658458352088928,-0.115886397659779,0.889658033847809,0.0609714165329933,0.0478091835975647,0.716459512710571,0.693312704563141
-0.658662259578705,-0.116073712706566,0.889631628990173,0.0616785660386085,0.0477459654211998,0.716156780719757,0.693567395210266
-0.659823775291443,-0.116598375141621,0.889420211315155,0.0625300705432891,0.0496294014155864,0.717944979667664,0.691506922245026
-0.65911865234375,-0.116452969610691,0.889612376689911,0.0631638541817665,0.0476369485259056,0.715657353401184,0.69395637512207
-0.659449636936188,-0.116588413715362,0.88963782787323,0.0643613934516906,0.0476040095090866,0.715426683425903,0.694086670875549
-0.660801947116852,-0.11715842038393,0.88919472694397,0.0655052065849304,0.049167763441801,0.717806100845337,0.691408812999725
-0.660843849182129,-0.117510885000229,0.88941490650177,0.0653695985674858,0.0486364066600799,0.716852247714996,0.692448019981384
-0.661107182502747,-0.117619410157204,0.889439046382904,0.0663275569677352,0.0485074892640113,0.716515243053436,0.692714750766754
-0.661412239074707,-0.117695137858391,0.889404296875,0.067313976585865,0.0484317392110824,0.716309428215027,0.692837774753571
-0.66176700592041,-0.117763973772526,0.889398217201233,0.0681175366044044,0.0484007932245731,0.716123282909393,0.692953765392303
-0.66176700592041,-0.117763973772526,0.889398217201233,0.0681175366044044,0.0484007932245731,0.716123282909393,0.692953765392303
-0.661605715751648,-0.117505624890327,0.889670014381409,0.0703405290842056,0.0464513190090656,0.71404892206192,0.695002734661102
-0.661931157112122,-0.117523528635502,0.88967764377594,0.0713457390666008,0.0463868640363216,0.713970839977264,0.694984793663025
