x,y,z,q0,q1,q2,q3
-0.658293783664703,-0.0280238315463066,1.35981178283691,0.337091714143753,-0.31423145532608,-0.52838271856308,-0.713049292564392
-0.658236443996429,-0.0285339877009391,1.35991418361664,0.336766421794891,-0.314060926437378,-0.528515994548798,-0.713179528713226
-0.658047318458557,-0.0289486497640609,1.35986888408661,0.336091995239258,-0.314024776220322,-0.528588533401489,-0.713459610939026
-0.657985210418701,-0.0294574722647666,1.35996878147125,0.335649490356445,-0.313912332057953,-0.528756737709045,-0.713592886924744
-0.658056795597076,-0.0299629792571067,1.36019778251648,0.335472643375397,-0.313689142465591,-0.528804838657379,-0.713738560676575
-0.65804135799408,-0.0304270088672637,1.36031055450439,0.33517724275589,-0.313508272171021,-0.528997778892517,-0.713813841342926
-0.658068776130676,-0.0309888571500778,1.36038625240326,0.334646284580231,-0.313430488109589,-0.5289506316185,-0.714131891727448
-0.658013761043549,-0.0313315093517303,1.360475897789,0.33461394906044,-0.313146114349365,-0.529217183589935,-0.714074313640594
-0.658002197742462,-0.031777024269104,1.3605409860611,0.334282070398331,-0.312951028347015,-0.529395520687103,-0.71418309211731
-0.658054172992706,-0.032376192510128,1.36102819442749,0.334264546632767,-0.312873780727386,-0.529451847076416,-0.714183509349823
-0.658053934574127,-0.0329612269997596,1.36106085777283,0.333596527576446,-0.312800139188766,-0.529576897621155,-0.714435279369354
-0.658033847808838,-0.0333743467926979,1.36113703250885,0.333349049091339,-0.312566846609116,-0.529823839664459,-0.714469909667969
-0.6579709649086,-0.0336490347981452,1.36124753952026,0.333341032266617,-0.312315315008163,-0.52980363368988,-0.714598417282104
-0.657982110977173,-0.0341235250234603,1.36135590076447,0.332982748746872,-0.312108129262924,-0.529937386512756,-0.714756965637207
-0.657991051673889,-0.034471184015274,1.36111176013947,0.332505136728287,-0.311722874641418,-0.530144810676575,-0.714993476867676
-0.657897412776947,-0.0348671898245811,1.36123788356781,0.332232505083084,-0.311604797840118,-0.530580222606659,-0.714848637580872
-0.658010959625244,-0.0353216752409935,1.36133766174316,0.330649048089981,-0.312535375356674,-0.529917597770691,-0.715667724609375
-0.657900929450989,-0.0358078852295875,1.36145222187042,0.331371486186981,-0.311291664838791,-0.530879616737366,-0.715162396430969
-0.657836079597473,-0.0360749438405036,1.36156320571899,0.331378489732742,-0.311058580875397,-0.531117081642151,-0.715084135532379
-0.657739222049713,-0.0364348888397216,1.36150908470154,0.330887138843536,-0.310954540967941,-0.531296253204346,-0.715223848819733
-0.657699227333069,-0.03681530803442,1.36162960529327,0.330664575099945,-0.310891568660736,-0.531361222267151,-0.715305924415588
-0.657654047012329,-0.0371400490403175,1.36175525188446,0.330496162176132,-0.310793995857239,-0.53176337480545,-0.715127348899841
-0.657649576663971,-0.0376105532050132,1.36179399490356,0.330116808414459,-0.310535550117493,-0.531992137432098,-0.715244710445404
-0.657567918300629,-0.0378878489136695,1.3618768453598,0.329640090465546,-0.310511022806168,-0.531649231910706,-0.715729951858521
-0.657582759857178,-0.038323163986206,1.36198246479034,0.329331606626511,-0.310263156890869,-0.531760632991791,-0.715896606445312
-0.657539188861847,-0.0386655926704406,1.36205518245697,0.329021841287613,-0.310125082731247,-0.53188568353653,-0.71600604057312
-0.657434701919556,-0.0390447005629539,1.36216151714325,0.328591674566269,-0.310070276260376,-0.5320725440979,-0.716088473796844
-0.657359480857849,-0.0393719524145126,1.36226010322571,0.328297078609466,-0.310019642114639,-0.532264471054077,-0.716102838516235
-0.657311081886292,-0.0397005379199981,1.36235582828522,0.328117161989212,-0.309961080551147,-0.532329440116882,-0.716162443161011
-0.657452702522278,-0.0401459410786628,1.36299228668213,0.328391164541245,-0.309813529253006,-0.532278537750244,-0.716138482093811
-0.657468140125275,-0.0405965596437454,1.36305356025696,0.327866613864899,-0.309711337089539,-0.532296538352966,-0.716409623622894
-0.657351613044739,-0.0408108159899711,1.36319637298584,0.32788223028183,-0.309570401906967,-0.53261524438858,-0.716226518154144
-0.657303094863892,-0.0409789532423019,1.36334347724915,0.327732712030411,-0.309580862522125,-0.532685279846191,-0.716238379478455
-0.657326817512512,-0.0413929373025894,1.36302149295807,0.327146410942078,-0.30883377790451,-0.533199787139893,-0.716445982456207
-0.657298505306244,-0.041683055460453,1.36313199996948,0.326897114515305,-0.308718740940094,-0.533396482467651,-0.716462910175323
-0.657349348068237,-0.0420449078083038,1.36322605609894,0.326574176549911,-0.308482885360718,-0.533555269241333,-0.716593563556671
-0.657284677028656,-0.0423520132899284,1.36329698562622,0.326295346021652,-0.308397471904755,-0.533772885799408,-0.71659529209137
-0.657211422920227,-0.0427068695425987,1.36337530612946,0.325830817222595,-0.308224886655807,-0.534116864204407,-0.716624617576599
-0.657187283039093,-0.0430303737521171,1.36347115039825,0.325634837150574,-0.30809685587883,-0.534269630908966,-0.7166548371315
-0.657122135162354,-0.0433621332049369,1.36359596252441,0.325312405824661,-0.307971984148026,-0.534518837928772,-0.716669201850891
-0.657033860683441,-0.0436136871576309,1.3637056350708,0.325086534023285,-0.307898998260498,-0.53484034538269,-0.716563045978546
-0.656880557537079,-0.0439276993274688,1.36366367340088,0.324455797672272,-0.307861059904099,-0.535107493400574,-0.716665744781494
-0.65682464838028,-0.0444140210747718,1.36373150348663,0.323893934488297,-0.307732880115509,-0.535293638706207,-0.716836094856262
-0.656819105148315,-0.0447809472680091,1.36384642124176,0.322985976934433,-0.308041036128998,-0.535135209560394,-0.717231452465057
-0.656691789627075,-0.0450821593403816,1.36390709877014,0.322510153055191,-0.308041334152222,-0.535327970981598,-0.717301785945892
-0.656611502170563,-0.0453885942697525,1.36395919322968,0.322010844945908,-0.307889103889465,-0.535309731960297,-0.717604756355286
-0.656588554382324,-0.0456598475575447,1.3639931678772,0.320785075426102,-0.308543980121612,-0.534939825534821,-0.718148291110992
-0.656412720680237,-0.0458980724215507,1.36410593986511,0.321191221475601,-0.307832628488541,-0.535624563694,-0.71776157617569
-0.656534492969513,-0.0463060736656188,1.36450517177582,0.321170717477798,-0.307688683271408,-0.535540461540222,-0.717895150184631
-0.65642386674881,-0.0465579554438591,1.36455678939819,0.320923209190369,-0.307556211948395,-0.53572291135788,-0.717926561832428
-0.65632301568985,-0.04682407528162,1.36459672451019,0.320559144020081,-0.307519435882568,-0.535852789878845,-0.718007922172546
-0.65623015165329,-0.0471229031682014,1.36461770534515,0.32008221745491,-0.307675123214722,-0.535757780075073,-0.718224942684174
-0.655950784683228,-0.0473314002156257,1.36431515216827,0.319280594587326,-0.307796955108643,-0.535935819149017,-0.718396663665771
-0.655875146389008,-0.0475668683648109,1.36436223983765,0.318939387798309,-0.307777673006058,-0.535943746566772,-0.718550443649292
-0.655734777450562,-0.0477744415402412,1.36442804336548,0.318665057420731,-0.307911574840546,-0.535915017127991,-0.718636333942413
-0.655858874320984,-0.0480856224894523,1.36486911773682,0.318840324878693,-0.307864546775818,-0.53555703163147,-0.71884560585022
-0.65591824054718,-0.0483520179986953,1.36488342285156,0.317534118890762,-0.308567225933075,-0.534824252128601,-0.719667673110962
-0.655848205089569,-0.0485190525650978,1.36493396759033,0.317452967166901,-0.308702170848846,-0.534763813018799,-0.719690561294556
-0.655767500400543,-0.048856034874916,1.36496639251709,0.31783339381218,-0.3079694211483,-0.535244345664978,-0.719479143619537
-0.655731618404388,-0.049063429236412,1.36500298976898,0.317759096622467,-0.307829231023788,-0.535268008708954,-0.719554364681244
-0.655653774738312,-0.0491032749414444,1.36507666110992,0.317950695753097,-0.30771815776825,-0.535355865955353,-0.71945196390152
-0.655441164970398,-0.0492553263902664,1.3647598028183,0.317214637994766,-0.307845711708069,-0.535427331924438,-0.719668924808502
-0.655502676963806,-0.049464426934719,1.3649650812149,0.317329555749893,-0.307712197303772,-0.535352349281311,-0.719731271266937
-0.655406415462494,-0.0496025383472442,1.36486411094666,0.316966891288757,-0.307729363441467,-0.535401105880737,-0.719847440719604
-0.655397653579712,-0.0497826486825943,1.36489629745483,0.316796392202377,-0.307641506195068,-0.535400629043579,-0.719960331916809
-0.655439615249634,-0.0501018539071083,1.36488771438599,0.316560059785843,-0.307502329349518,-0.535341024398804,-0.720168054103851
-0.655589044094086,-0.0503721237182617,1.36506104469299,0.316462695598602,-0.307343155145645,-0.53527706861496,-0.72032642364502
-0.65547913312912,-0.0505114644765853,1.36497282981873,0.316021263599396,-0.307406634092331,-0.535352945327759,-0.720436632633209
-0.655675172805786,-0.0506982579827308,1.36516880989075,0.31607711315155,-0.307045519351959,-0.535028338432312,-0.720807254314423
-0.655722737312317,-0.0508517175912857,1.36521220207214,0.315868139266968,-0.306852579116821,-0.535077154636383,-0.720944941043854
-0.655772149562836,-0.051013171672821,1.36524379253387,0.315747976303101,-0.306718230247498,-0.535060465335846,-0.721066951751709
-0.655788838863373,-0.0511546358466148,1.36529898643494,0.315573841333389,-0.306714206933975,-0.535021007061005,-0.72117406129837
-0.655837953090668,-0.0512792468070983,1.36532270908356,0.315519392490387,-0.306650817394257,-0.535065174102783,-0.721192121505737
-0.655892968177795,-0.0514072030782699,1.36534976959229,0.315481901168823,-0.306668877601623,-0.535059213638306,-0.721205294132233
-0.65594607591629,-0.0515240281820297,1.36538326740265,0.315415322780609,-0.306583106517792,-0.535031020641327,-0.721291899681091
-0.656056821346283,-0.0517466962337493,1.3653701543808,0.314988970756531,-0.306436091661453,-0.534887492656708,-0.721646785736084
-0.656024575233459,-0.051858015358448,1.36523377895355,0.314684897661209,-0.306397467851639,-0.534941554069519,-0.721755981445312
-0.656052470207214,-0.0518520921468734,1.36526691913605,0.314988106489182,-0.306318521499634,-0.534940838813782,-0.721657693386078
-0.656210899353027,-0.051931232213974,1.36551487445831,0.315388560295105,-0.305995047092438,-0.534973680973053,-0.721595585346222
-0.65627533197403,-0.0520087406039238,1.36551856994629,0.315360516309738,-0.305933147668839,-0.534935235977173,-0.721662759780884
-0.65627533197403,-0.0520087406039238,1.36551856994629,0.315360516309738,-0.305933147668839,-0.534935235977173,-0.721662759780884
-0.656423449516296,-0.0521272122859954,1.36553347110748,0.315379738807678,-0.305856168270111,-0.534801065921783,-0.721786201000214
-0.656493782997131,-0.0521722286939621,1.36552214622498,0.315420031547546,-0.305818170309067,-0.534746408462524,-0.721825301647186
-0.656560659408569,-0.0521916672587394,1.36550390720367,0.315450876951218,-0.305830061435699,-0.534660458564758,-0.721870481967926
-0.656630873680115,-0.0521984919905662,1.36547875404358,0.315523266792297,-0.305814504623413,-0.534593045711517,-0.721895217895508
-0.656726777553558,-0.0521788373589515,1.36542367935181,0.315645545721054,-0.305760532617569,-0.534506380558014,-0.721928834915161
-0.656771838665009,-0.0520217791199684,1.36542069911957,0.315892428159714,-0.305910646915436,-0.534358263015747,-0.72186690568924
-0.656828701496124,-0.0519696027040481,1.36535608768463,0.31599098443985,-0.305971771478653,-0.534264385700226,-0.721867382526398
-0.656956374645233,-0.0519028306007385,1.3653119802475,0.316230684518814,-0.305948197841644,-0.534119367599487,-0.721879720687866
-0.657193124294281,-0.0519269779324531,1.36522424221039,0.316480696201324,-0.305763959884643,-0.533902049064636,-0.722009003162384
-0.657258868217468,-0.0516997948288917,1.36518943309784,0.316959530115128,-0.305959284305573,-0.533940970897675,-0.721687436103821
-0.657386243343353,-0.0516497269272804,1.365114569664,0.317181795835495,-0.30593067407608,-0.533841669559479,-0.721675336360931
-0.657527804374695,-0.0515264794230461,1.36505174636841,0.317506849765778,-0.305913329124451,-0.533965289592743,-0.721448123455048
-0.657527804374695,-0.0515264794230461,1.36505174636841,0.317506849765778,-0.305913329124451,-0.533965289592743,-0.721448123455048
-0.65782105922699,-0.0512611791491508,1.36493587493896,0.318112790584564,-0.30594390630722,-0.533703744411469,-0.721361696720123
-0.657934606075287,-0.0510312616825103,1.36490178108215,0.318589806556702,-0.306009322404861,-0.533623039722443,-0.721183300018311
-0.658087253570557,-0.0508160591125488,1.36485946178436,0.319049507379532,-0.306041687726974,-0.533516764640808,-0.721044957637787
-0.658249020576477,-0.0505948364734649,1.36483061313629,0.319557279348373,-0.306054502725601,-0.533466696739197,-0.720851838588715
-0.658433794975281,-0.0503745004534721,1.36468231678009,0.32009145617485,-0.306065022945404,-0.533513903617859,-0.720575213432312
-0.658557653427124,-0.0501014068722724,1.36460173130035,0.320549458265305,-0.306130141019821,-0.53346061706543,-0.720383405685425
-0.658828556537628,-0.0499442815780639,1.36453568935394,0.320861339569092,-0.306142091751099,-0.533223330974579,-0.72041517496109
-0.658998191356659,-0.0496307760477066,1.36446261405945,0.321386098861694,-0.306248068809509,-0.533047914505005,-0.720265984535217
-0.659166872501373,-0.0492163300514221,1.36437571048737,0.322044551372528,-0.306351363658905,-0.532884776592255,-0.720048666000366
-0.659316003322601,-0.0488764271140098,1.36423063278198,0.322902709245682,-0.306091755628586,-0.533031582832336,-0.719665884971619
-0.659492373466492,-0.0485169813036918,1.36410856246948,0.323556452989578,-0.306280463933945,-0.532996475696564,-0.719317972660065
-0.659606039524078,-0.048073910176754,1.36384117603302,0.324005514383316,-0.306371688842773,-0.533041179180145,-0.719043731689453
-0.659843742847443,-0.0477148368954658,1.36426663398743,0.32519394159317,-0.306656360626221,-0.532959759235382,-0.718446016311646
-0.659916043281555,-0.0472535267472267,1.36363077163696,0.325268059968948,-0.306570768356323,-0.533015489578247,-0.718407690525055
-0.660077691078186,-0.0468100234866142,1.36346018314362,0.325885593891144,-0.306794077157974,-0.532856702804565,-0.71815025806427
-0.660464823246002,-0.0463057085871696,1.36331593990326,0.325569301843643,-0.308001011610031,-0.531972646713257,-0.718432426452637
-0.660529017448425,-0.0457941815257072,1.36321902275085,0.327443510293961,-0.306981444358826,-0.532675921916962,-0.717495381832123
-0.660779535770416,-0.0453303232789039,1.36299920082092,0.328163415193558,-0.306967526674271,-0.53249192237854,-0.717308938503265
-0.660956084728241,-0.0448262095451355,1.362877368927,0.328826367855072,-0.307121276855469,-0.532364070415497,-0.717034220695496
-0.661157369613647,-0.0443964600563049,1.36268520355225,0.329558253288269,-0.307323157787323,-0.532365918159485,-0.716610372066498
-0.661421000957489,-0.0438909903168678,1.36266922950745,0.330491811037064,-0.30756288766861,-0.53195583820343,-0.716382026672363
-0.661605179309845,-0.0432224199175834,1.36244738101959,0.331512033939362,-0.307652145624161,-0.532074749469757,-0.715783834457397
-0.661877751350403,-0.0426479801535606,1.36227548122406,0.332413673400879,-0.307702124118805,-0.531878709793091,-0.715489983558655
-0.662091672420502,-0.0420056134462356,1.36208546161652,0.333470076322555,-0.30791312456131,-0.531831979751587,-0.7149418592453
-0.66245573759079,-0.0414928644895553,1.36200821399689,0.334470272064209,-0.307930380105972,-0.531548321247101,-0.714678049087524
-0.662627100944519,-0.0408960357308387,1.36199140548706,0.33529195189476,-0.308299839496612,-0.531235992908478,-0.71436607837677
-0.662835001945496,-0.0400764718651771,1.36140668392181,0.336235553026199,-0.308483362197876,-0.531190574169159,-0.713876903057098
-0.663109540939331,-0.0394397974014282,1.36123096942902,0.337181776762009,-0.308668881654739,-0.530828773975372,-0.713619470596313
-0.663406014442444,-0.0387596040964126,1.36101114749908,0.338135778903961,-0.308714687824249,-0.53066486120224,-0.713270127773285
-0.663597822189331,-0.0379893705248832,1.36057674884796,0.338998138904571,-0.308958470821381,-0.53069794178009,-0.712730348110199
-0.664072573184967,-0.0372584164142608,1.3605945110321,0.340452313423157,-0.308978885412216,-0.530473411083221,-0.712195336818695
-0.664072573184967,-0.0372584164142608,1.3605945110321,0.340452313423157,-0.308978885412216,-0.530473411083221,-0.712195336818695
-0.664647698402405,-0.0357750132679939,1.35989880561829,0.34245577454567,-0.309227705001831,-0.530344069004059,-0.711222469806671
-0.665191650390625,-0.0350606516003608,1.35992884635925,0.343877911567688,-0.30944412946701,-0.529733061790466,-0.710897624492645
-0.665514171123505,-0.0339844226837158,1.35983109474182,0.345538705587387,-0.309621214866638,-0.529551863670349,-0.710149645805359
-0.665993094444275,-0.0330930054187774,1.35935950279236,0.346952170133591,-0.309557527303696,-0.529346406459808,-0.709641337394714
-0.666360557079315,-0.0321238785982131,1.35890066623688,0.34823340177536,-0.309657126665115,-0.529420256614685,-0.708914816379547
-0.666867196559906,-0.0311472862958908,1.35854339599609,0.349868655204773,-0.309650301933289,-0.529240429401398,-0.708246529102325
-0.667401432991028,-0.0302182659506797,1.35823166370392,0.35140910744667,-0.309567600488663,-0.528885066509247,-0.707785367965698
-0.66795402765274,-0.0292133092880249,1.35789728164673,0.353156626224518,-0.30948132276535,-0.528826355934143,-0.70699679851532
-0.668501555919647,-0.0281505957245826,1.35772240161896,0.355034232139587,-0.309538692235947,-0.528555631637573,-0.706233203411102
-0.669218182563782,-0.0271167904138565,1.35737180709839,0.357126593589783,-0.309294700622559,-0.528530359268188,-0.705303549766541
-0.669799566268921,-0.0260459706187248,1.35712480545044,0.358988583087921,-0.309315413236618,-0.528465449810028,-0.704397261142731
-0.670476317405701,-0.0250604301691055,1.35610806941986,0.360193282365799,-0.308962434530258,-0.528352618217468,-0.704021573066711
-0.671232640743256,-0.0238450691103935,1.35587644577026,0.363044142723083,-0.308388769626617,-0.528915822505951,-0.702384054660797
-0.672030925750732,-0.0227109417319297,1.35547959804535,0.365029454231262,-0.308057278394699,-0.528850197792053,-0.701549410820007
-0.672745764255524,-0.0216095075011253,1.35529291629791,0.367455720901489,-0.307887345552444,-0.529337823390961,-0.699987888336182
-0.673612833023071,-0.0205693766474723,1.3548219203949,0.369783908128738,-0.307269215583801,-0.529592394828796,-0.698840081691742
-0.674324154853821,-0.0193618834018707,1.35392665863037,0.371741503477097,-0.306806117296219,-0.529945731163025,-0.697736203670502
-0.675222814083099,-0.0182691141963005,1.35342967510223,0.374160498380661,-0.306209295988083,-0.530286610126495,-0.696445107460022
-0.676102161407471,-0.0171014815568923,1.35292160511017,0.376578241586685,-0.305702477693558,-0.530666291713715,-0.695074141025543
-0.676888763904572,-0.016044482588768,1.35268199443817,0.378800243139267,-0.305376172065735,-0.531332194805145,-0.693499863147736
-0.677765727043152,-0.0149573311209678,1.35209894180298,0.380975484848022,-0.30489456653595,-0.531792402267456,-0.692165970802307
-0.678609073162079,-0.01388680934906,1.35153949260712,0.383401036262512,-0.304195791482925,-0.532356321811676,-0.690699219703674
-0.679521799087524,-0.0127893686294555,1.35106766223907,0.385881960391998,-0.30360671877861,-0.533010363578796,-0.689070403575897
-0.680330038070679,-0.0116836950182914,1.35051214694977,0.388119488954544,-0.303175508975983,-0.533568561077118,-0.687570095062256
-0.681144118309021,-0.0106558427214622,1.3499196767807,0.390174776315689,-0.30275085568428,-0.534447908401489,-0.685908854007721
-0.682034730911255,-0.0095532014966011,1.34936630725861,0.392612010240555,-0.302116692066193,-0.535115718841553,-0.684275150299072
-0.682814359664917,-0.0084961056709289,1.34881365299225,0.394720286130905,-0.301577627658844,-0.536041915416718,-0.682573020458221
-0.683501482009888,-0.0073237791657447,1.34832358360291,0.396803051233292,-0.30142143368721,-0.536635458469391,-0.680966198444366
-0.684388875961304,-0.0063157975673675,1.34779834747314,0.398950725793839,-0.300853669643402,-0.537554800510406,-0.67923504114151
-0.685043692588806,-0.0052572861313819,1.34722709655762,0.400762677192688,-0.300727784633636,-0.538339614868164,-0.677600562572479
-0.685824930667877,-0.0041291564702987,1.34675490856171,0.403022915124893,-0.300409942865372,-0.539201498031616,-0.675713181495667
-0.686553478240967,-0.0032026767730712,1.3462780714035,0.404852718114853,-0.30010399222374,-0.540207862854004,-0.673949062824249
-0.687263667583466,-0.0020276010036468,1.34578490257263,0.406823009252548,-0.300095766782761,-0.540822744369507,-0.672271072864532
-0.687931537628174,-0.0010129660367965,1.34526944160461,0.40868267416954,-0.299800544977188,-0.541909575462341,-0.670397043228149
-0.688753306865692,-0.0001971274614334,1.34468853473663,0.410318791866302,-0.299378246068954,-0.543042361736298,-0.668667495250702
-0.689325511455536,0.0008562207221984,1.34428250789642,0.412324666976929,-0.299053966999054,-0.544285297393799,-0.66656482219696
-0.690145313739777,0.0018038749694824,1.34376990795135,0.414075493812561,-0.298440873622894,-0.544745326042175,-0.665377378463745
-0.690709352493286,0.0028361678123474,1.34331321716309,0.4159075319767,-0.298542141914368,-0.54623019695282,-0.662967681884766
-0.691523730754852,0.0037994384765625,1.34278655052185,0.417819768190384,-0.297955393791199,-0.547348856925964,-0.661104023456573
-0.691523730754852,0.0037994384765625,1.34278655052185,0.417819768190384,-0.297955393791199,-0.547348856925964,-0.661104023456573
-0.692781448364258,0.0058330297470092,1.34182107448578,0.421269655227661,-0.297529667615891,-0.549687325954437,-0.657154619693756
-0.693452119827271,0.0068732649087905,1.34130728244781,0.423036307096481,-0.297162562608719,-0.550516664981842,-0.655489325523376
-0.694071829319,0.007738173007965,1.34090983867645,0.424790769815445,-0.296907812356949,-0.551806211471558,-0.653382420539856
-0.694665491580963,0.0087073892354965,1.34036505222321,0.426362425088882,-0.296570628881454,-0.552908003330231,-0.651578009128571
-0.695290625095367,0.0096465945243835,1.33991944789886,0.427834421396255,-0.296360820531845,-0.554098129272461,-0.649694740772247
-0.695901036262512,0.0106275975704193,1.33952260017395,0.42962834239006,-0.296128571033478,-0.555133819580078,-0.647729694843292
-0.696493983268738,0.0114713758230209,1.33904623985291,0.431050419807434,-0.295722961425781,-0.556334257125854,-0.645937860012054
-0.697080254554749,0.0125141590833663,1.3386265039444,0.432760506868362,-0.295519322156906,-0.557243406772614,-0.644101142883301
-0.697615325450897,0.0133710503578186,1.33821296691895,0.434107184410095,-0.295440435409546,-0.558317005634308,-0.642299115657806
-0.698232710361481,0.0143156051635742,1.3377343416214,0.435582607984543,-0.295226812362671,-0.559191644191742,-0.640635251998901
-0.698692142963409,0.0152176842093467,1.33735382556915,0.436951518058777,-0.295144528150558,-0.560359120368958,-0.638718008995056
-0.69936740398407,0.0158784911036491,1.33697700500488,0.438250631093979,-0.294740736484528,-0.561115622520447,-0.637349009513855
-0.69982498884201,0.016981191933155,1.33661007881165,0.43973371386528,-0.295006901025772,-0.561816215515137,-0.635584652423859
-0.700486898422241,0.0178040936589241,1.33622229099274,0.441373199224472,-0.294682025909424,-0.562653243541718,-0.633856177330017
-0.700902819633484,0.0184811279177665,1.33582043647766,0.442617416381836,-0.294384926557541,-0.563547670841217,-0.632330238819122
-0.701478958129883,0.0193906500935554,1.3354789018631,0.444068670272827,-0.294384032487869,-0.564336359500885,-0.630607426166534
-0.702020585536957,0.020080916583538,1.33507144451141,0.445318758487701,-0.294059425592422,-0.565400362014771,-0.628922045230865
-0.702523410320282,0.0208734348416328,1.33467841148376,0.446656078100204,-0.293831765651703,-0.566204428672791,-0.627354741096497
-0.703099191188812,0.0216782465577125,1.33434557914734,0.448029577732086,-0.293764472007751,-0.567119538784027,-0.625577628612518
-0.70351767539978,0.0224747359752655,1.33390152454376,0.449067950248718,-0.293900847434998,-0.568015813827515,-0.623953878879547
-0.70402580499649,0.0231949239969253,1.33362925052643,0.45051583647728,-0.293622434139252,-0.569189727306366,-0.62196809053421
-0.704540312290192,0.0239662826061248,1.33326482772827,0.45176088809967,-0.293472498655319,-0.570125460624695,-0.620276629924774
-0.704960882663727,0.0246961638331413,1.33292925357819,0.453324347734451,-0.292863249778748,-0.571432530879974,-0.618217706680298
-0.705458164215088,0.0253749191761016,1.33260095119476,0.45459058880806,-0.292583078145981,-0.572574257850647,-0.616361379623413
-0.705860614776611,0.026054561138153,1.33229911327362,0.455660879611969,-0.29246973991394,-0.573670864105225,-0.61460268497467
-0.705860614776611,0.026054561138153,1.33229911327362,0.455660879611969,-0.29246973991394,-0.573670864105225,-0.61460268497467
-0.706749141216278,0.0272777751088142,1.33175468444824,0.457790017127991,-0.291877418756485,-0.57579231262207,-0.611309349536896
-0.707172155380249,0.0278595387935638,1.33155763149261,0.458836168050766,-0.291540682315826,-0.576937139034271,-0.609604179859161
-0.707549214363098,0.0283119603991508,1.33129060268402,0.458905249834061,-0.292042136192322,-0.577734112739563,-0.60855633020401
-0.707959651947021,0.028921790421009,1.33106815814972,0.459836333990097,-0.291709005832672,-0.578801214694977,-0.60699725151062
-0.70835143327713,0.0293790474534034,1.3308584690094,0.460745811462402,-0.291121244430542,-0.579983234405518,-0.605459690093994
-0.708639025688171,0.0299829170107841,1.33060145378113,0.4614377617836,-0.290923058986664,-0.581071317195892,-0.603982746601105
-0.708916544914246,0.0305879414081573,1.3304328918457,0.462201356887817,-0.290807723999023,-0.582106351852417,-0.602455854415894
-0.709258317947388,0.031248964369297,1.33025872707367,0.463488906621933,-0.290020614862442,-0.583353638648987,-0.600636959075928
-0.709588348865509,0.0316095277667045,1.33014047145844,0.464118361473083,-0.289541721343994,-0.584478378295898,-0.599287033081055
-0.709802031517029,0.0320374742150306,1.32994163036346,0.464540064334869,-0.289278209209442,-0.585488140583038,-0.598100781440735
-0.71001273393631,0.0325435325503349,1.32984256744385,0.465009421110153,-0.289139002561569,-0.586482465267181,-0.596827745437622
-0.710437417030334,0.0328770950436592,1.32970583438873,0.465155124664307,-0.28903990983963,-0.587084114551544,-0.596170485019684
-0.710712611675262,0.0333354100584983,1.32964289188385,0.465699404478073,-0.288815289735794,-0.587813794612885,-0.595134377479553
-0.710860073566437,0.0338716432452201,1.32948815822601,0.466467469930649,-0.288199484348297,-0.589123785495758,-0.593533992767334
-0.711010456085205,0.0342085659503936,1.32945966720581,0.466867923736572,-0.287935823202133,-0.589937448501587,-0.592537939548492
-0.711181104183197,0.0346254557371139,1.32941472530365,0.467226803302765,-0.287817180156708,-0.590586066246033,-0.591665923595428
-0.71153312921524,0.0350987389683723,1.32928085327148,-0.467854917049408,0.287319332361221,0.59142404794693,0.590573668479919
-0.711728036403656,0.0354800522327423,1.32935285568237,-0.468194127082825,0.287154465913773,0.591952264308929,0.589855372905731
-0.711827278137207,0.0358293876051902,1.32926893234253,-0.468402147293091,0.28696209192276,0.592566967010498,0.589166045188904
-0.711963832378387,0.0362092703580856,1.32925224304199,-0.468521684408188,0.286922454833984,0.59288877248764,0.588766574859619
-0.71210241317749,0.0366476848721504,1.32922661304474,-0.46875074505806,0.286892235279083,0.593344151973724,0.588139891624451
-0.712261915206909,0.0371486693620681,1.32922029495239,-0.469229370355606,0.28682017326355,0.593777775764465,0.587355256080627
-0.712470352649689,0.0373664945363998,1.32913494110107,-0.469463795423508,0.286279946565628,0.594328343868256,0.586874306201935
-0.712788760662079,0.0375607758760452,1.32911956310272,-0.46992763876915,0.285769730806351,0.594444453716278,0.58663421869278
-0.71294504404068,0.0380047932267189,1.32910180091858,-0.470200687646866,0.285685449838638,0.594724476337433,0.586172342300415
-0.713106751441956,0.0383067652583122,1.32899081707001,-0.470165401697159,0.2856085896492,0.595062434673309,0.585895299911499
-0.713251650333405,0.0387263894081115,1.328937292099,-0.470471829175949,0.28546679019928,0.595238447189331,0.58553946018219
-0.713364124298096,0.0389543995261192,1.32891225814819,-0.47066193819046,0.285060942173004,0.595758676528931,0.585054993629456
-0.713581502437592,0.0392476469278335,1.32884502410889,-0.470878750085831,0.284659057855606,0.595934987068176,0.584896564483643
-0.713776171207428,0.039365991950035,1.32885730266571,-0.470979660749435,0.284367442131042,0.596265316009521,0.584620356559753
-0.714012861251831,0.0396550297737121,1.32881546020508,-0.471290618181229,0.283777177333832,0.596475183963776,0.584442615509033
-0.714146494865417,0.0399294793605804,1.32879877090454,-0.471396654844284,0.283648997545242,0.596564948558807,0.584327578544617
-0.714312374591827,0.0403335317969322,1.32878017425537,-0.471681535243988,0.28350704908371,0.596658170223236,0.584071636199951
-0.714472949504852,0.0404736995697021,1.32869791984558,-0.471675544977188,0.283203452825546,0.596995234489441,0.583879292011261
-0.714642703533173,0.0406657978892326,1.32867097854614,-0.471875667572021,0.282738149166107,0.597146153450012,0.583788692951202
-0.714838743209839,0.0408575013279914,1.32869577407837,-0.472007483243942,0.282264411449432,0.597249388694763,0.583805620670319
-0.715062379837036,0.0411389991641044,1.32871234416962,-0.472365021705627,0.281806856393814,0.597499549388885,0.583481252193451
-0.715301692485809,0.0412651151418685,1.32870030403137,-0.472474098205566,0.281199485063553,0.597674608230591,0.583507001399994
-0.715457201004028,0.0415183752775192,1.3287261724472,-0.472520172595978,0.280866593122482,0.597698569297791,0.583605229854584
-0.715578079223633,0.0416805818676948,1.32872891426086,-0.472633332014084,0.280470609664917,0.597896337509155,0.583501696586609
-0.715741336345673,0.0416231676936149,1.32872843742371,-0.472244530916214,0.28028079867363,0.597881197929382,0.583922922611237
-0.715867161750793,0.0419906079769134,1.32870602607727,-0.47274699807167,0.279696255922318,0.598158657550812,0.583512425422668
-0.715995669364929,0.0421229153871536,1.32872521877289,-0.472814381122589,0.279198527336121,0.598265290260315,0.583586990833282
-0.716187596321106,0.0422741174697876,1.32867550849915,-0.472966313362122,0.278613448143005,0.598567843437195,0.583433091640472
-0.71648907661438,0.0424200370907783,1.32870614528656,-0.473332226276398,0.278035342693329,0.598548352718353,0.583432018756866
-0.716597080230713,0.0426963418722152,1.3287205696106,-0.473462104797363,0.277815073728561,0.598523437976837,0.583456933498383
-0.716702461242676,0.0427732989192009,1.32873165607452,-0.473457217216492,0.277535527944565,0.598643898963928,0.583470523357391
-0.716817259788513,0.0428650677204132,1.32876002788544,-0.473390072584152,0.277124375104904,0.598712563514709,0.58364999294281
-0.716902554035187,0.0430716425180435,1.32878124713898,-0.473473161458969,0.276802599430084,0.598790407180786,0.583655416965485
-0.717007160186768,0.04322449862957,1.32883608341217,-0.473588675260544,0.276485323905945,0.598707735538483,0.583797097206116
-0.717104911804199,0.0433770194649696,1.32887840270996,-0.473551899194717,0.276174366474152,0.598785758018494,0.583893954753876
-0.717205703258514,0.0435133054852485,1.3289190530777,-0.473525941371918,0.275814116001129,0.598808825016022,0.58406138420105
-0.717299580574036,0.0436651781201362,1.32897210121155,-0.473559588193893,0.275453120470047,0.598816514015198,0.584196507930756
-0.71745628118515,0.0438075140118598,1.3289680480957,-0.473583072423935,0.27508157491684,0.598748743534088,0.58442223072052
-0.717577755451202,0.0439424812793731,1.32904088497162,-0.473705768585205,0.274814367294312,0.598656833171844,0.584542751312256
-0.717685878276825,0.0439300760626792,1.32910680770874,-0.473448157310486,0.27473121881485,0.598411321640015,0.585041522979736
-0.717839241027832,0.0440476015210151,1.32916688919067,-0.473529011011124,0.274305284023285,0.598416268825531,0.585170984268188
-0.717890083789825,0.0443126782774925,1.32921600341797,-0.473780006170273,0.273955702781677,0.598629176616669,0.584913611412048
-0.717930316925049,0.0443981811404228,1.32926559448242,-0.473688870668411,0.273717701435089,0.598562836647034,0.585166752338409
-0.717993259429932,0.0446000471711158,1.32931005954742,-0.473660349845886,0.273549675941467,0.598514437675476,0.585318088531494
-0.718033909797668,0.0447325631976127,1.32935726642609,-0.47349825501442,0.273294508457184,0.598401725292206,0.585683107376099
-0.718040227890015,0.044886477291584,1.32942366600037,-0.473379045724869,0.273171722888946,0.598417818546295,0.585820376873016
-0.718097269535065,0.044929102063179,1.32947397232056,-0.473079293966293,0.273147910833359,0.598212897777557,0.586282908916473
-0.718118011951447,0.0449856519699096,1.32950508594513,-0.472835808992386,0.272848665714264,0.5983766913414,0.586451411247253
-0.718185126781464,0.0449829176068306,1.32956302165985,-0.47217184305191,0.27307265996933,0.598134458065033,0.587128877639771
-0.718204021453857,0.0451016873121261,1.32960188388824,-0.472126603126526,0.272903591394424,0.598188459873199,0.587188959121704
-0.71818995475769,0.045329600572586,1.32962715625763,-0.47243320941925,0.272244870662689,0.598457992076874,0.586973488330841
-0.718188762664795,0.0455979034304618,1.32969498634338,-0.472797185182571,0.271751403808594,0.598730087280273,0.586631417274475
-0.718211770057678,0.0456995740532875,1.32973682880402,-0.472660481929779,0.271511971950531,0.598757386207581,0.586824417114258
-0.718223094940186,0.0458198264241218,1.32976984977722,-0.472506672143936,0.271265357732773,0.598894834518433,0.586922287940979
-0.718239426612854,0.0459445044398307,1.32987725734711,-0.472430169582367,0.271117269992828,0.59903872013092,0.586905479431152
-0.718267500400543,0.0460447296500206,1.32991933822632,-0.47239139676094,0.270937085151672,0.599077224731445,0.58698034286499
-0.718276977539062,0.0461466088891029,1.32996535301208,-0.472360908985138,0.270846873521805,0.599111914634705,0.587011396884918
-0.718307614326477,0.0461073070764541,1.33000099658966,-0.471991032361984,0.270753443241119,0.599131226539612,0.587332129478455
-0.718380570411682,0.04606344550848,1.33005261421204,-0.471443325281143,0.271128118038177,0.598852276802063,0.587883174419403
-0.718415558338165,0.0462419390678405,1.33009910583496,-0.471522599458694,0.271086752414703,0.59884375333786,0.587847590446472
-0.718452215194702,0.0463448166847229,1.33013546466827,-0.471491903066635,0.270938962697983,0.598934888839722,0.587847590446472
-0.7184739112854,0.0465371459722518,1.33016550540924,-0.471776157617569,0.270585179328918,0.59915566444397,0.587557375431061
-0.71854156255722,0.0464956015348434,1.33020889759064,-0.471382349729538,0.270532757043839,0.59909051656723,0.587963759899139
-0.718551993370056,0.0467119812965393,1.33021974563599,-0.471915513277054,0.269907265901565,0.599490106105804,0.587415933609009
-0.71858423948288,0.0466892197728157,1.33022439479828,-0.471778750419617,0.26954460144043,0.599662244319916,0.587516665458679
-0.718577861785889,0.0470065474510192,1.33023989200592,-0.472535848617554,0.268833577632904,0.600214302539825,0.586669564247131
-0.718652069568634,0.0469474643468856,1.33025574684143,-0.472007811069489,0.268999397754669,0.600123226642609,0.587111949920654
-0.718750178813934,0.046899490058422,1.33024001121521,-0.471941500902176,0.268694788217545,0.600287973880768,0.587136089801788
-0.718762934207916,0.046970248222351,1.33024120330811,-0.472036421298981,0.268550634384155,0.600495159626007,0.586913704872131
-0.718778908252716,0.0471576377749443,1.33026778697968,-0.471975594758987,0.268457174301147,0.600650012493134,0.586847186088562
-0.718871414661407,0.0470960661768913,1.3302389383316,-0.471919804811478,0.268060714006424,0.600836336612701,0.58688223361969
-0.71891325712204,0.047163613140583,1.33028078079224,-0.471537828445435,0.268517404794693,0.600635528564453,0.587186217308044
-0.718855381011963,0.0472932234406471,1.33020782470703,-0.471655339002609,0.268135845661163,0.601009726524353,0.586883306503296
-0.718845367431641,0.0473702624440193,1.33022856712341,-0.471575051546097,0.268031060695648,0.601158678531647,0.586842954158783
-0.718830585479736,0.0474840104579925,1.33023476600647,-0.471457093954086,0.268032759428024,0.601235806941986,0.586857855319977
-0.718806445598602,0.0475616306066513,1.33025920391083,-0.471365630626678,0.267985671758652,0.601339399814606,0.586846888065338
-0.718585550785065,0.0478026270866394,1.33036828041077,-0.471650898456573,0.267793983221054,0.601786315441132,0.58624666929245
-0.71855354309082,0.0478806719183921,1.33039498329163,-0.471474945545196,0.267642080783844,0.60182923078537,0.586413323879242
-0.718521237373352,0.0479598194360733,1.33041751384735,-0.471340447664261,0.267614781856537,0.601880252361298,0.58648145198822
-0.718488991260529,0.0480342656373977,1.33045387268066,-0.471224963665008,0.267610907554626,0.601972460746765,0.586481690406799
-0.718424141407013,0.0481381714344024,1.33045566082001,-0.471142172813416,0.267700254917145,0.60196977853775,0.586510121822357
-0.718385994434357,0.0482250452041626,1.33046209812164,-0.471055567264557,0.267699658870697,0.602005839347839,0.586543023586273
-0.718331277370453,0.0483152121305465,1.33055329322815,-0.470827460289001,0.26765388250351,0.602043032646179,0.586709082126617
-0.718292534351349,0.0483947992324829,1.33058166503906,-0.470726847648621,0.267665266990662,0.60209184885025,0.586734354496002
-0.718272745609283,0.0484530702233314,1.33063018321991,-0.470658630132675,0.267650306224823,0.602097153663635,0.586790382862091
-0.718211650848389,0.0486012771725654,1.33064782619476,-0.470611572265625,0.267685979604721,0.602166593074799,0.586740612983704
-0.718212425708771,0.0485325083136558,1.33068883419037,-0.470083385705948,0.268101304769516,0.60193943977356,0.58720725774765
-0.71818596124649,0.0484908297657966,1.33071088790894,-0.469730377197266,0.268247753381729,0.601896703243256,0.587466716766357
-0.718147575855255,0.0485727861523628,1.33072793483734,-0.469706028699875,0.268292903900146,0.601908445358276,0.587453603744507
-0.718037843704224,0.0487632825970649,1.33076286315918,-0.470023959875107,0.268016457557678,0.602203726768494,0.587022602558136
-0.718004167079926,0.0488272830843925,1.33078169822693,-0.469935566186905,0.26803782582283,0.602239429950714,0.58704686164856
-0.717968285083771,0.0488959401845932,1.3307945728302,-0.469794571399689,0.268058747053146,0.602310419082642,0.587077498435974
-0.717937707901001,0.0489586070179939,1.3308013677597,-0.469754546880722,0.268109947443008,0.602307379245758,0.587088942527771
-0.717903316020966,0.0490233525633811,1.33081269264221,-0.469598323106766,0.268092155456543,0.602308452129364,0.587221205234528
-0.717873573303223,0.0490782931447029,1.33082580566406,-0.469550251960754,0.268132269382477,0.602329075336456,0.587220072746277
-0.717843174934387,0.0491280108690261,1.33083462715149,-0.469443380832672,0.268120169639587,0.602391481399536,0.58724719285965
-0.717821836471558,0.0491852536797523,1.33084809780121,-0.469406992197037,0.268138319253922,0.60241311788559,0.587245762348175
-0.717796683311462,0.0492590218782424,1.33086013793945,-0.469408929347992,0.268312931060791,0.602354645729065,0.58722448348999
-0.71775496006012,0.0494082048535347,1.33086907863617,-0.469651579856873,0.268149197101593,0.602548062801361,0.586906731128693
-0.717726945877075,0.049441821873188,1.33087885379791,-0.469637930393219,0.268192857503891,0.602562487125397,0.586882829666138
-0.717697858810425,0.0494652315974235,1.33088445663452,-0.469577491283417,0.268223762512207,0.60259222984314,0.586886346340179
-0.717656433582306,0.0495020598173141,1.33090305328369,-0.469516336917877,0.268368870019913,0.602564334869385,0.586897671222687
-0.717627823352814,0.049522541463375,1.33091330528259,-0.469498604536057,0.268402487039566,0.602582156658173,0.586878061294556
-0.717597782611847,0.0495397821068763,1.33092391490936,-0.469492495059967,0.268421977758408,0.60262542963028,0.586829841136932
-0.717567086219788,0.0495427548885345,1.33093214035034,-0.469478130340576,0.268461555242538,0.602626085281372,0.586822748184204
-0.717534780502319,0.0494436621665954,1.33093667030334,-0.469245791435242,0.268601208925247,0.602574527263641,0.586997449398041
-0.717505991458893,0.0494449734687805,1.33094966411591,-0.469233244657516,0.268645823001862,0.60258424282074,0.586977183818817
-0.717409312725067,0.0494470447301864,1.33097064495087,-0.469156742095947,0.26877811551094,0.602625727653503,0.58693516254425
-0.717378199100494,0.0494556576013565,1.33098518848419,-0.469134241342545,0.268860101699829,0.602616608142853,0.586924970149994
-0.717357158660889,0.0494436025619506,1.33099615573883,-0.46908900141716,0.268852114677429,0.602639853954315,0.586940705776215
-0.717330098152161,0.0494499802589416,1.33100783824921,-0.469102501869202,0.268900632858276,0.602563381195068,0.586986362934113
-0.717296302318573,0.049429640173912,1.33101844787598,-0.469099313020706,0.268962621688843,0.60255366563797,0.586970269680023
-0.717263221740723,0.0494290888309478,1.33104419708252,-0.469104290008545,0.269033163785934,0.60254168510437,0.586946249008179
-0.717237174510956,0.0494096428155899,1.33105540275574,-0.469130009412766,0.269044995307922,0.6025430560112,0.586919009685516
-0.717213690280914,0.0494080036878585,1.33106446266174,-0.469131201505661,0.269120186567307,0.6025151014328,0.586912155151367
-0.717196226119995,0.0493801906704902,1.33108055591583,-0.469151794910431,0.269120216369629,0.602512836456299,0.586897909641266
-0.717178463935852,0.0493677854537963,1.33109354972839,-0.469201177358627,0.269150733947754,0.602502107620239,0.586855590343475
-0.71715772151947,0.0493571907281875,1.33110988140106,-0.469224721193314,0.26920422911644,0.602477788925171,0.586837112903595
-0.717050492763519,0.0493446588516235,1.33108758926392,-0.469198524951935,0.269403904676437,0.602594256401062,0.586646914482117
-0.71705687046051,0.0492333397269248,1.33110785484314,-0.468930304050446,0.269811689853668,0.602290868759155,0.586985468864441
-0.717041671276093,0.0492122620344162,1.33111989498138,-0.469010502099991,0.269867539405823,0.602242887020111,0.586945056915283
-0.717009365558624,0.0491868183016777,1.3311527967453,-0.469023406505585,0.269917339086533,0.602230668067932,0.586924374103546
-0.716990351676941,0.0491514727473259,1.33117711544037,-0.469024240970612,0.269893109798431,0.602269172668457,0.586895227432251
-0.717015445232391,0.0491014793515205,1.33124125003815,-0.469148844480515,0.26992803812027,0.602157950401306,0.586893677711487
-0.716940701007843,0.049047976732254,1.33129096031189,-0.46910548210144,0.270003974437714,0.6021768450737,0.586874067783356
-0.716930150985718,0.0490137040615081,1.33131217956543,-0.469077825546265,0.2699915766716,0.602083325386047,0.586997509002686
-0.71693342924118,0.0490108057856559,1.33134567737579,-0.46908888220787,0.270089954137802,0.601974666118622,0.587055027484894
-0.716913998126984,0.048971451818943,1.3313729763031,-0.46912869811058,0.270125448703766,0.601945579051971,0.587036907672882
-0.716827690601349,0.0489528551697731,1.33144640922546,-0.469084531068802,0.270244866609573,0.60196053981781,0.587001860141754
-0.716822266578674,0.0489555820822715,1.33141589164734,-0.468761801719666,0.270723134279251,0.601671457290649,0.587335526943207
-0.716802418231964,0.0489084348082542,1.33144795894623,-0.468730211257935,0.270743012428284,0.601622462272644,0.587401866912842
-0.716778934001923,0.0488688424229621,1.33148384094238,-0.468766152858734,0.270734250545502,0.601637005805969,0.587362170219421
-0.716736257076263,0.0487867146730423,1.33153820037842,-0.468811988830566,0.270586282014847,0.601698756217957,0.58733057975769
-0.716735661029816,0.0487270057201385,1.33158767223358,-0.468698412179947,0.27072349190712,0.601601481437683,0.587457716464996
-0.716735661029816,0.0487270057201385,1.33158767223358,-0.468698412179947,0.27072349190712,0.601601481437683,0.587457716464996
-0.716716468334198,0.0486724451184272,1.33166015148163,-0.468700647354126,0.270729720592499,0.601530015468597,0.587526202201843
-0.716700911521912,0.0486146658658981,1.33169722557068,-0.4686638712883,0.270641088485718,0.60154002904892,0.587585926055908
-0.716700911521912,0.0486146658658981,1.33169722557068,-0.4686638712883,0.270641088485718,0.60154002904892,0.587585926055908
-0.716668963432312,0.0485014170408248,1.33176136016846,-0.468577414751053,0.27060741186142,0.601524472236633,0.587686538696289
-0.71665745973587,0.0484323799610137,1.33181619644165,-0.468578428030014,0.270547449588776,0.601506471633911,0.587731659412384
-0.716638028621674,0.0483776777982711,1.3318510055542,-0.468494653701782,0.270481050014496,0.601470708847046,0.58786553144455
-0.716591477394104,0.048428401350975,1.33187901973724,-0.46886146068573,0.270072400569916,0.601697087287903,0.587529242038727
-0.716583609580994,0.0483729317784309,1.33192706108093,-0.468859881162643,0.270018935203552,0.601686000823975,0.587566375732422
-0.716568827629089,0.0483157485723495,1.33196640014648,-0.46878969669342,0.269972383975983,0.601731896400452,0.587596952915192
-0.716558516025543,0.0482387840747833,1.33199715614319,-0.46872815489769,0.269877195358276,0.601734161376953,0.587687134742737
-0.716540992259979,0.0482018068432807,1.3320437669754,-0.468694478273392,0.269852697849274,0.601613402366638,0.587848842144012
-0.716519594192505,0.0481131002306938,1.33207714557648,-0.468629360198975,0.269747734069824,0.601620316505432,0.587941944599152
-0.716541767120361,0.0480386614799499,1.33215487003326,-0.468612134456635,0.269640952348709,0.601594030857086,0.588031530380249
-0.716498792171478,0.0479809492826461,1.33226895332336,-0.468564003705978,0.269583016633987,0.601632058620453,0.588057637214661
-0.716490566730499,0.0479160994291305,1.33232736587524,-0.468490362167358,0.269518882036209,0.601618409156799,0.588159620761871
-0.716454148292542,0.0477742999792099,1.33240365982056,-0.468552589416504,0.269071519374847,0.601728796958923,0.588201999664307
-0.716459691524506,0.0478647947311401,1.33246898651123,-0.468646675348282,0.269096732139587,0.601651251316071,0.588194847106934
-0.716456949710846,0.0477567017078399,1.33245766162872,-0.468248188495636,0.269271016120911,0.601493835449219,0.588593184947968
-0.716435015201569,0.0477484911680221,1.33256363868713,-0.468494743108749,0.268893748521805,0.601650297641754,0.588409543037415
-0.716418504714966,0.0476887822151184,1.3326301574707,-0.468389600515366,0.268837451934814,0.601630091667175,0.588539838790894
-0.716411054134369,0.047630600631237,1.33267450332642,-0.468295931816101,0.268773198127747,0.60159695148468,0.588677227497101
-0.716407835483551,0.0475715845823287,1.33272111415863,-0.468200176954269,0.268674671649933,0.60161018371582,0.588785171508789
-0.716403245925903,0.0475217476487159,1.33277440071106,-0.468086034059524,0.268547266721725,0.601604878902435,0.588939487934113
-0.716400504112244,0.0474544242024421,1.33281636238098,-0.467972964048386,0.268446773290634,0.601605355739594,0.589074492454529
-0.716391921043396,0.0474125370383262,1.33286321163177,-0.467880129814148,0.268356919288635,0.601594626903534,0.589200019836426
-0.716393768787384,0.0473479777574539,1.33293128013611,-0.46777680516243,0.268204063177109,0.601577281951904,0.589369535446167
-0.716407477855682,0.0472944527864456,1.33298778533936,-0.467719495296478,0.268105298280716,0.601538896560669,0.589498996734619
-0.716414272785187,0.0472714304924011,1.33303916454315,-0.467632204294205,0.268003970384598,0.601533830165863,0.589619576931
-0.716419279575348,0.0472224950790405,1.33309078216553,-0.467569351196289,0.267930805683136,0.601487636566162,0.589749932289124
-0.716431081295013,0.047130599617958,1.33315432071686,-0.467466533184052,0.267832189798355,0.601445615291595,0.589918851852417
-0.716461539268494,0.0470758900046348,1.33323633670807,-0.467369854450226,0.267708212137222,0.601295411586761,0.590204954147339
-0.716504871845245,0.0470180884003639,1.33332371711731,-0.467291414737701,0.267524272203445,0.60117369890213,0.590474247932434
-0.716474175453186,0.0469701960682868,1.3334105014801,-0.467171043157578,0.267516255378723,0.601173222064972,0.590573728084564
-0.71647584438324,0.0469251200556755,1.33352386951447,-0.467149704694748,0.26751708984375,0.601111233234406,0.59065318107605
-0.716473162174225,0.0468613058328628,1.33357334136963,-0.467079222202301,0.267367333173752,0.601152658462524,0.590734422206879
-0.716498196125031,0.0468148216605186,1.33363246917725,-0.466882795095444,0.267323076725006,0.601128876209259,0.590933918952942
-0.716494083404541,0.0467641949653625,1.33368122577667,-0.466800093650818,0.267221629619598,0.601152837276459,0.591020882129669
-0.716499209403992,0.0466921478509902,1.33373606204987,-0.466670721769333,0.267119795084,0.601176619529724,0.591145038604736
-0.71651428937912,0.0466450005769729,1.3337926864624,-0.466611087322235,0.267122238874435,0.601075410842896,0.591293752193451
-0.71651417016983,0.04659304022789,1.33385562896729,-0.466472387313843,0.267056673765182,0.601067006587982,0.591441333293915
-0.716535151004791,0.0465445518493652,1.33390963077545,-0.466299653053284,0.266984581947327,0.60099059343338,0.591687619686127
-0.716563403606415,0.0464975088834762,1.33395707607269,-0.466210037469864,0.266871422529221,0.600974798202515,0.591825485229492
-0.716579377651215,0.0464477688074111,1.33402574062347,-0.466117590665817,0.266762286424637,0.600951671600342,0.591970920562744
-0.716579377651215,0.0464477688074111,1.33402574062347,-0.466117590665817,0.266762286424637,0.600951671600342,0.591970920562744
-0.716598987579346,0.0463195443153381,1.33409225940704,-0.46597158908844,0.266445338726044,0.601077914237976,0.592100322246552
-0.716628193855286,0.0462577119469642,1.33413970470428,-0.46592852473259,0.266279876232147,0.601177036762238,0.592108130455017
-0.716641783714294,0.0461360588669776,1.33416712284088,-0.465754330158234,0.266113638877869,0.601110875606537,0.592387080192566
-0.716675758361816,0.0461376681923866,1.33421969413757,-0.465762138366699,0.266041487455368,0.601151525974274,0.592372059822083
-0.716700971126556,0.0460845082998275,1.33425521850586,-0.465686529874802,0.265911489725113,0.60114586353302,0.592495560646057
-0.716721832752228,0.0459704995155334,1.33428752422333,-0.465569198131561,0.265790283679962,0.601140916347504,0.592647314071655
-0.716825604438782,0.0458916053175926,1.33434474468231,-0.465647280216217,0.265609115362167,0.60083419084549,0.59297788143158
-0.716825604438782,0.0458916053175926,1.33434474468231,-0.465647280216217,0.265609115362167,0.60083419084549,0.59297788143158
-0.716848909854889,0.0457723289728164,1.33444690704346,-0.465447932481766,0.265515714883804,0.600756168365479,0.59325510263443
-0.716927409172058,0.0456328317523002,1.33447873592377,-0.465084046125412,0.265708357095718,0.600516498088837,0.593696713447571
-0.716989755630493,0.0455532893538475,1.33453464508057,-0.464975535869598,0.265728503465652,0.600409984588623,0.593880653381348
-0.717037558555603,0.0455103293061256,1.33456027507782,-0.465049684047699,0.265471339225769,0.600440382957458,0.59390652179718
-0.717052936553955,0.0454735308885574,1.33458364009857,-0.465232968330383,0.265074789524078,0.600602388381958,0.59377658367157
-0.717124044895172,0.0454612523317337,1.33461654186249,-0.465306401252747,0.264942824840546,0.600588142871857,0.593792378902435
-0.717087268829346,0.0454319939017295,1.33403861522675,-0.464885681867599,0.264674961566925,0.600740969181061,0.594086527824402
-0.717150628566742,0.0453832074999809,1.33408558368683,-0.464960783720016,0.264603972434998,0.60066944360733,0.594131708145142
-0.717384815216064,0.0451769679784774,1.33476805686951,-0.465391099452972,0.264390528202057,0.600481986999512,0.594079315662384
-0.71747225522995,0.0451288223266601,1.33483994007111,-0.465385049581528,0.264349162578583,0.60040545463562,0.59417998790741
-0.717545628547668,0.0450951009988784,1.33488714694977,-0.465361177921295,0.264239460229874,0.600406348705292,0.594246387481689
-0.717607617378235,0.0450257509946823,1.33494281768799,-0.465332627296448,0.264144659042358,0.600391507148743,0.594326257705688
-0.71767783164978,0.0449722632765769,1.33500421047211,-0.465223222970963,0.264008283615112,0.600397348403931,0.594466328620911
-0.717759132385254,0.0449167862534523,1.33509063720703,-0.465127259492874,0.263971865177154,0.600457847118378,0.594496369361877
-0.717854261398315,0.0448452457785606,1.33512616157532,-0.465058386325836,0.263830363750458,0.600425660610199,0.594645619392395
-0.717974722385406,0.044773481786251,1.33513951301575,-0.464978694915771,0.263674885034561,0.600378513336182,0.5948246717453
-0.718012154102325,0.0447150319814682,1.33520472049713,-0.464831352233887,0.263632982969284,0.600376665592194,0.59496009349823
-0.718112289905548,0.0446291267871856,1.33533096313477,-0.464737683534622,0.263551026582718,0.600332915782928,0.595113694667816
-0.718108355998993,0.0445703342556953,1.33544361591339,-0.464534252882004,0.263704895973206,0.600251913070679,0.595286071300507
-0.71819281578064,0.0446279644966125,1.33555972576141,-0.464682459831238,0.263532221317291,0.600228846073151,0.595270037651062
-0.718195497989655,0.044583536684513,1.33567214012146,-0.464386731386185,0.263622552156448,0.600208282470703,0.595481693744659
-0.718226969242096,0.0443541556596756,1.33575820922852,-0.463685721158981,0.263810098171234,0.600177943706512,0.5959752202034
-0.718283295631409,0.0443806573748588,1.33581948280334,-0.463238686323166,0.264175653457642,0.599896669387817,0.596443891525269
-0.718234598636627,0.0442143157124519,1.33595764636993,-0.462120354175568,0.264977663755417,0.599371373653412,0.597482681274414
-0.718265235424042,0.0441709384322166,1.33607137203217,-0.461993426084518,0.265052527189255,0.599354565143585,0.597564816474915
-0.718306183815002,0.0441246926784515,1.33618831634521,-0.461788862943649,0.265132814645767,0.599240601062775,0.597801268100739
-0.718321919441223,0.0441487357020378,1.33635878562927,-0.461410462856293,0.265399217605591,0.599092543125153,0.598123610019684
-0.718332231044769,0.0440734848380088,1.33661675453186,-0.461151242256164,0.265480935573578,0.599069476127625,0.598310470581055
-0.718378305435181,0.043945088982582,1.3367817401886,-0.460775405168533,0.265458106994629,0.599051475524902,0.598627984523773
-0.718432247638702,0.0438514724373817,1.33692181110382,-0.460449516773224,0.26546248793602,0.599010586738586,0.598917543888092
-0.718511641025543,0.0438171327114105,1.33703637123108,-0.460423797369003,0.265051871538162,0.599213123321533,0.598916709423065
-0.718585789203644,0.0437552109360694,1.33718836307526,0.459955811500549,-0.265087813138962,-0.599193394184113,-0.599280178546906
-0.718666851520538,0.0436371564865112,1.33732771873474,0.45959809422493,-0.265075862407684,-0.59922581911087,-0.599527299404144
-0.718763589859009,0.0434734746813774,1.33753287792206,0.459090381860733,-0.265016824007034,-0.599205076694489,-0.599962949752808
-0.718884825706482,0.0432687103748321,1.33774352073669,0.458710908889771,-0.264950454235077,-0.599285423755646,-0.600202083587646
-0.719148874282837,0.0430855229496955,1.33780634403229,0.458429962396622,-0.264790326356888,-0.599197506904602,-0.600575089454651
-0.719306170940399,0.0427828505635261,1.33794236183167,0.458145409822464,-0.264284640550613,-0.599514305591583,-0.600698888301849
-0.719475507736206,0.0425956174731254,1.33808553218842,0.457765519618988,-0.264171153306961,-0.599640727043152,-0.600912094116211
-0.719700753688812,0.0423585027456283,1.33824074268341,0.457597553730011,-0.263772428035736,-0.599874198436737,-0.600982129573822
-0.719922542572021,0.0420765131711959,1.33840847015381,0.457350462675095,-0.263320326805115,-0.600322782993317,-0.600920677185059
-0.720068097114563,0.0419734567403793,1.33861815929413,-0.457994282245636,0.262104749679565,0.601209223270416,0.600075006484985
-0.720068097114563,0.0419734567403793,1.33861815929413,-0.457994282245636,0.262104749679565,0.601209223270416,0.600075006484985
-0.720724642276764,0.0414077490568161,1.33893620967865,-0.45793879032135,0.260745167732239,0.602082908153534,0.599833548069
-0.720946788787842,0.041029155254364,1.33845901489258,-0.457008183002472,0.260371327400208,0.602482199668884,0.60030460357666
-0.721585273742676,0.0405258536338806,1.33929300308228,-0.45715594291687,0.260266184806824,0.602323114871979,0.600397348403931
-0.722021818161011,0.0401638150215148,1.33937966823578,-0.457790046930313,0.258733212947845,0.603104650974274,0.599791765213013
-0.722463190555573,0.0396477356553077,1.33951234817505,-0.457089692354202,0.258547931909561,0.603561639785767,0.599946200847626
-0.722981035709381,0.0392055660486221,1.3390531539917,-0.457486629486084,0.256740719079971,0.60448956489563,0.599485278129578
-0.723654448986053,0.0388279482722282,1.33992540836334,-0.458910793066025,0.255321025848389,0.605009019374847,0.598478317260742
-0.724356889724731,0.0382070541381835,1.34017133712769,-0.458761036396027,0.254825741052628,0.605399310588837,0.598409414291382
-0.725049555301666,0.0376596376299858,1.34025454521179,-0.459262639284134,0.253311604261398,0.606102645397186,0.597955584526062
-0.725745677947998,0.0371958538889884,1.34040653705597,-0.46010759472847,0.251439034938812,0.607266902923584,0.596914052963257
-0.726599931716919,0.0365027040243148,1.34043002128601,-0.460188686847687,0.25012081861496,0.608077049255371,0.596580386161804
-0.727476179599762,0.0359717309474945,1.34087574481964,-0.461339771747589,0.248374000191689,0.609129071235657,0.595346808433533
-0.728294909000397,0.035170592367649,1.34046828746796,-0.461344510316849,0.246529892086983,0.610306680202484,0.594903469085693
-0.729266226291656,0.0345962643623352,1.34062767028809,-0.462147772312164,0.244883075356483,0.611494243144989,0.593739628791809
-0.730494558811188,0.0337400734424591,1.34147810935974,-0.463401675224304,0.243089452385902,0.612508416175842,0.59245240688324
-0.731534838676453,0.0328503474593162,1.34164202213287,-0.463656008243561,0.241650730371475,0.613608419895172,0.591703295707703
-0.732276439666748,0.0322150513529777,1.34168660640717,-0.464042723178864,0.239549323916435,0.615713477134705,0.590065479278564
-0.733240485191345,0.03141950070858,1.34168374538422,-0.464933604001999,0.237741068005562,0.617440402507782,0.588288486003876
-0.733240485191345,0.03141950070858,1.34168374538422,-0.464933604001999,0.237741068005562,0.617440402507782,0.588288486003876
-0.735388696193695,0.0297911837697029,1.34208810329437,-0.466453403234482,0.233492910861969,0.621226966381073,0.584790170192719
-0.736591696739197,0.0289138630032539,1.34194993972778,-0.467179447412491,0.230798944830894,0.623259902000427,0.583114147186279
-0.737384676933289,0.0282526090741157,1.34257078170776,-0.468077301979065,0.229260891675949,0.625585794448853,0.580504536628723
-0.738344073295593,0.0275842249393463,1.3427152633667,-0.468624174594879,0.227458238601684,0.627928495407104,0.578238785266876
-0.739105641841888,0.02689690887928,1.3428920507431,-0.468998163938522,0.225688919425011,0.630295634269714,0.576049089431763
-0.739944338798523,0.0261376500129699,1.34303426742554,-0.469611406326294,0.223611995577812,0.632901668548584,0.573496580123901
-0.740804731845856,0.0253561288118362,1.34321451187134,-0.469451636075974,0.222847357392311,0.634860455989838,0.57175749540329
-0.741240799427032,0.0251439064741134,1.34246218204498,-0.469902575016022,0.22013433277607,0.638430774211884,0.568452835083008
-0.741675913333893,0.0245226472616195,1.34246015548706,-0.46893572807312,0.219888910651207,0.640584766864777,0.566920936107635
-0.742732286453247,0.0235514193773269,1.34314942359924,-0.469644039869308,0.218765825033188,0.642006576061249,0.565157949924469
-0.742977797985077,0.0234287306666374,1.3433096408844,-0.471628725528717,0.216228261590004,0.64552766084671,0.56045126914978
-0.743904232978821,0.0225052386522293,1.34325134754181,-0.470564305782318,0.214648455381393,0.647340655326843,0.559862017631531
-0.744101703166962,0.0222841575741767,1.34408628940582,-0.47148272395134,0.213122263550758,0.650028109550476,0.556548714637756
-0.74458920955658,0.0216605737805366,1.34422147274017,-0.47202268242836,0.213362917304039,0.651449918746948,0.55433201789856
-0.744760036468506,0.0213408768177032,1.34422898292542,-0.47200146317482,0.211127310991287,0.654080092906952,0.552104294300079
-0.745085000991821,0.0209177136421203,1.34417128562927,-0.471388816833496,0.211246818304062,0.656023561954498,0.550272941589355
-0.745052695274353,0.0207634195685386,1.34329807758331,-0.470217704772949,0.210363402962685,0.65828138589859,0.548915445804596
-0.745986461639404,0.0201888680458068,1.34425330162048,-0.471008509397507,0.210271075367927,0.658580839633942,0.54791271686554
-0.746172547340393,0.0200578942894935,1.34408032894135,-0.470688998699188,0.20975823700428,0.660178482532501,0.546459496021271
-0.746429562568665,0.0198462083935737,1.34412109851837,-0.471632570028305,0.207425832748413,0.662079572677612,0.544231414794922
-0.746934235095978,0.0192088633775711,1.34389007091522,-0.47161278128624,0.205860510468483,0.663438141345978,0.54318779706955
-0.747015595436096,0.0189580768346786,1.343994140625,-0.470290213823318,0.207700118422508,0.663924634456635,0.543039381504059
-0.747107744216919,0.0190171226859092,1.34395372867584,-0.470943480730057,0.206297293305397,0.66576761007309,0.540746808052063
-0.747680604457855,0.0186177492141723,1.34407866001129,-0.47079661488533,0.205854654312134,0.666286826133728,0.540403723716736
-0.747680604457855,0.0186177492141723,1.34407866001129,-0.47079661488533,0.205854654312134,0.666286826133728,0.540403723716736
-0.747764050960541,0.018186904489994,1.34416377544403,-0.470072537660599,0.206753328442573,0.668261051177979,0.538249254226685
-0.747883260250092,0.0180221274495124,1.34417366981506,-0.470189332962036,0.206363290548325,0.669275462627411,0.537035048007965
-0.747940242290497,0.0179407224059104,1.3441150188446,-0.470980733633041,0.204948171973228,0.670470416545868,0.535390257835388
-0.74807333946228,0.0178583487868309,1.34409999847412,-0.471192389726639,0.204716458916664,0.671558678150177,0.533926784992218
-0.748163938522339,0.0176722183823585,1.34411191940308,-0.470874965190887,0.204285308718681,0.672393798828125,0.533320605754852
-0.74822062253952,0.0175404772162437,1.34414124488831,-0.470852851867676,0.204153671860695,0.673185467720032,0.532390713691711
-0.748270988464355,0.017421469092369,1.34415018558502,-0.470939844846725,0.204089254140854,0.674004256725311,0.531301617622375
-0.748299837112427,0.0173536166548728,1.34416961669922,-0.470963060855865,0.203905284404755,0.674854755401611,0.530270993709564
-0.74861866235733,0.0170729681849479,1.34413373470306,-0.471089780330658,0.203135386109352,0.675398290157318,0.529761791229248
-0.748627483844757,0.0170261189341545,1.34415686130524,-0.470970422029495,0.202964723110199,0.676215291023254,0.528890490531921
-0.748627483844757,0.0170261189341545,1.34415686130524,-0.470970422029495,0.202964723110199,0.676215291023254,0.528890490531921
-0.748205721378326,0.0172565802931785,1.34406065940857,-0.469922333955765,0.203503921627998,0.678121745586395,0.527171611785889
-0.748179376125336,0.0171951353549957,1.34406888484955,-0.469389528036117,0.203324690461159,0.679090023040771,0.526468694210052
-0.748088479042053,0.0172231197357177,1.34411036968231,-0.469129472970963,0.203384131193161,0.680054843425751,0.525431036949158
-0.748121976852417,0.0172766968607902,1.34413087368011,-0.469075798988342,0.203419610857964,0.680573761463165,0.524793148040771
-0.748679101467133,0.0167406573891639,1.34467446804047,-0.469618439674377,0.202040866017342,0.681075274944305,0.524189412593842
-0.748256266117096,0.017091229557991,1.34444856643677,-0.468789100646973,0.202814668416977,0.68193531036377,0.523514449596405
-0.747941195964813,0.0174399763345718,1.3439929485321,-0.46776533126831,0.202971443533897,0.682981491088867,0.523005068302155
-0.748257040977478,0.0171624720096588,1.34449291229248,-0.468016058206558,0.202537819743156,0.683401226997375,0.522400557994843
-0.748257040977478,0.0171624720096588,1.34449291229248,-0.468016058206558,0.202537819743156,0.683401226997375,0.522400557994843
-0.748245418071747,0.0172942131757736,1.34451079368591,-0.467261433601379,0.202503055334091,0.684315741062164,0.521892130374908
-0.748106777667999,0.0173345282673835,1.34454953670502,-0.467773497104645,0.20080029964447,0.685617864131927,0.520379960536957
-0.748237490653992,0.0172038972377777,1.34455347061157,-0.466772168874741,0.201571568846702,0.685759902000427,0.520793557167053
-0.748231291770935,0.0174572020769119,1.34454321861267,-0.467110097408295,0.200708493590355,0.686482191085815,0.519871711730957
-0.74825793504715,0.0175278484821319,1.34455215930939,-0.466812610626221,0.200781986117363,0.686745047569275,0.519763350486755
-0.748234033584595,0.0176514461636543,1.34452152252197,-0.46640732884407,0.201029792428017,0.686977207660675,0.519724488258362
-0.748462617397308,0.0175989046692848,1.34443962574005,-0.46617066860199,0.200801834464073,0.686986088752747,0.520013093948364
-0.748064041137695,0.0180229023098945,1.34430742263794,-0.46539756655693,0.201803341507912,0.687290489673615,0.519915699958801
-0.748624861240387,0.0176971331238746,1.34451699256897,-0.464979976415634,0.202117472887039,0.686492919921875,0.521219253540039
-0.748618960380554,0.0180385783314704,1.34442973136902,-0.465505808591843,0.201228678226471,0.687117636203766,0.520269870758057
-0.748222887516022,0.0184396356344223,1.34428977966309,-0.464650213718414,0.202427849173546,0.687116801738739,0.520570456981659
-0.748529016971588,0.0181201472878456,1.34471905231476,-0.463519752025604,0.204363092780113,0.685705184936523,0.522679209709167
-0.748589336872101,0.0183270201086998,1.34470105171204,-0.463910341262817,0.20365583896637,0.685685515403748,0.522634446620941
-0.748589336872101,0.0183270201086998,1.34470105171204,-0.463910341262817,0.20365583896637,0.685685515403748,0.522634446620941
-0.748795032501221,0.0186793431639671,1.34468424320221,-0.463766396045685,0.204316079616547,0.684293389320374,0.524326384067535
-0.748984277248383,0.0187308490276336,1.34511709213257,-0.464105159044266,0.204709053039551,0.683607935905457,0.524767458438873
-0.749076366424561,0.0188920199871063,1.34509563446045,-0.463913857936859,0.204884186387062,0.682682514190674,0.52607125043869
-0.749207258224487,0.0190774947404861,1.34512078762054,-0.464026570320129,0.205246061086655,0.682064294815063,0.52663242816925
-0.749453127384186,0.0191617682576179,1.34441447257996,-0.463926911354065,0.205278724431991,0.681250929832458,0.527759075164795
-0.749062418937683,0.0193714350461959,1.34492158889771,-0.464876532554626,0.204560846090317,0.680914759635925,0.527636051177979
-0.749492704868317,0.0196992233395576,1.34485518932343,-0.464311480522156,0.206955879926681,0.67905205488205,0.529596447944641
-0.749386370182037,0.0197291672229766,1.34488165378571,-0.464263051748276,0.206889122724533,0.678263425827026,0.530674517154694
-0.749296367168427,0.0199173688888549,1.34479427337646,-0.464874804019928,0.206310123205185,0.67777806520462,0.53098452091217
-0.749448418617249,0.0199580863118171,1.34479784965515,-0.46409210562706,0.20782296359539,0.676267445087433,0.533001244068146
-0.749541878700256,0.0200059711933136,1.34473931789398,-0.463438838720322,0.209182471036911,0.674588978290558,0.535160720348358
-0.749706327915192,0.0202998593449592,1.3447048664093,-0.463549017906189,0.210128456354141,0.67299622297287,0.536697566509247
-0.749795198440552,0.0205903947353363,1.3446958065033,-0.464403599500656,0.209792420268059,0.672348082065582,0.536902606487274
-0.749992966651917,0.0209711715579032,1.34472060203552,-0.46468460559845,0.210316777229309,0.670678317546844,0.538540363311768
-0.750116527080536,0.0210666954517364,1.3447060585022,-0.464644372463226,0.211220934987068,0.668990075588226,0.540318071842194
-0.74990326166153,0.0215399712324142,1.34409368038177,-0.46502023935318,0.210911810398102,0.668515741825104,0.540702223777771
-0.750216126441956,0.0221626460552215,1.34401965141296,-0.46525651216507,0.212211310863495,0.666982054710388,0.541883647441864
-0.75043922662735,0.0222194418311119,1.34440517425537,-0.465730994939804,0.212725788354874,0.665061175823212,0.543632209300995
-0.750565409660339,0.0222701579332351,1.34439432621002,-0.464899033308029,0.214580282568931,0.663149833679199,0.545945644378662
-0.750576555728912,0.0227102488279342,1.34429013729095,-0.465757787227631,0.214087679982185,0.662333905696869,0.54639720916748
-0.750733852386475,0.0227966830134391,1.34431743621826,-0.464959561824799,0.21583254635334,0.660395264625549,0.548732280731201
-0.750832915306091,0.0229029357433319,1.34406447410583,-0.465048640966415,0.215930491685867,0.659233272075653,0.550013899803162
-0.750959277153015,0.0229883268475532,1.34408211708069,-0.464350432157516,0.217877343297005,0.657263040542603,0.552189707756042
-0.751035869121552,0.0238771066069602,1.34344148635864,-0.465506672859192,0.216393858194351,0.656682252883911,0.552490413188934
-0.75069135427475,0.0240127816796302,1.343621134758,-0.464508682489395,0.219247877597809,0.655112087726593,0.554066836833954
-0.750724017620087,0.0243603289127349,1.34374964237213,-0.464646577835083,0.218162313103676,0.654449462890625,0.555161654949188
-0.750733554363251,0.0246186181902885,1.34373259544373,-0.464105486869812,0.218657106161117,0.653613269329071,0.556403517723083
-0.75068986415863,0.0248780027031898,1.34371602535248,-0.464406669139862,0.219797536730766,0.651710331439972,0.55793297290802
-0.750692248344421,0.0251370519399642,1.34369027614594,-0.46435883641243,0.220621407032013,0.65049797296524,0.559061110019684
-0.750841021537781,0.0252617076039314,1.34372186660767,-0.464753985404968,0.22107070684433,0.649224638938904,0.56003475189209
-0.750841021537781,0.0252617076039314,1.34372186660767,-0.464753985404968,0.22107070684433,0.649224638938904,0.56003475189209
-0.75082129240036,0.0258636400103569,1.34306728839874,-0.463345617055893,0.223541274666786,0.646224915981293,0.563678622245789
-0.75054931640625,0.0263755097985267,1.34321093559265,-0.463228315114975,0.224942728877068,0.644905626773834,0.564727544784546
-0.750430047512054,0.0268348455429077,1.34313142299652,-0.463545292615891,0.224607676267624,0.644617736339569,0.5649294257164
-0.750584423542023,0.0270168036222457,1.34309577941895,-0.463649779558182,0.225060105323792,0.642951667308807,0.566559612751007
-0.75053596496582,0.0272982567548751,1.34308934211731,-0.463462442159653,0.22603777050972,0.641433417797089,0.568042814731598
-0.750178337097168,0.0275957733392715,1.3431111574173,-0.462224155664444,0.228460267186165,0.639836192131042,0.569881081581116
-0.750186026096344,0.0276889503002166,1.34299576282501,-0.462215185165405,0.228906393051147,0.638635456562042,0.571055173873901
-0.749804496765137,0.0284125953912735,1.34294199943542,-0.462513893842697,0.229584962129593,0.637470602989197,0.571841776371002
-0.749695658683777,0.0287134796380996,1.34291636943817,-0.462369471788406,0.230493143200874,0.636300444602966,0.572895407676697
-0.749515354633331,0.0290203094482421,1.34288620948792,-0.462221294641495,0.231463223695755,0.63487434387207,0.574204623699188
-0.74925971031189,0.0294210016727447,1.34282672405243,-0.461825162172318,0.232522115111351,0.633291065692902,0.575841546058655
-0.749073565006256,0.0297837331891059,1.34277606010437,-0.461599856615066,0.233758255839348,0.632069230079651,0.576863348484039
-0.748925149440765,0.0299626812338829,1.34266912937164,-0.460569500923157,0.235767394304276,0.630136668682098,0.578979432582855
-0.748653292655945,0.0304209142923355,1.34301590919495,-0.461264729499817,0.235895305871964,0.629327118396759,0.579254508018494
-0.748359441757202,0.0307624340057373,1.34292054176331,-0.460759937763214,0.237300246953964,0.627787709236145,0.580751180648804
-0.748137772083282,0.0311564803123474,1.3431282043457,-0.46081867814064,0.238314926624298,0.626608431339264,0.581561923027039
-0.74788373708725,0.0314765572547912,1.34306299686432,-0.460503965616226,0.239424526691437,0.625187277793884,0.582883298397064
-0.74754011631012,0.0318176597356796,1.34295701980591,-0.459955632686615,0.240500941872597,0.623868107795715,0.584284722805023
-0.747579514980316,0.0322045758366584,1.34293520450592,-0.458672881126404,0.243186622858047,0.621474623680115,0.586727201938629
-0.746816575527191,0.0326742529869079,1.34257757663727,-0.458650678396225,0.243555262684822,0.621303975582123,0.586772561073303
-0.746373534202576,0.0333386287093162,1.34212708473206,-0.45875471830368,0.244052886962891,0.620309591293335,0.587535858154297
-0.745986044406891,0.0337398052215576,1.34203231334686,-0.458268523216248,0.245347619056702,0.619038820266724,0.588715314865112
-0.745460689067841,0.0340157523751258,1.34188199043274,-0.45762425661087,0.246577948331833,0.617905378341675,0.589891672134399
-0.745140910148621,0.0345166251063346,1.34245264530182,-0.457737565040588,0.248164787888527,0.616304874420166,0.590812087059021
-0.744379580020905,0.0351058095693588,1.34150671958923,-0.45650589466095,0.24936106801033,0.615365028381348,0.592239379882812
-0.744074702262878,0.0353619158267974,1.34166383743286,-0.455684125423431,0.25091278553009,0.613743126392365,0.593897223472595
-0.743482351303101,0.0358155146241188,1.34150302410126,-0.455028682947159,0.252198487520218,0.612665355205536,0.594967484474182
-0.743059098720551,0.0363073050975799,1.34199774265289,-0.454884201288223,0.253974944353104,0.61090475320816,0.596131265163422
-0.742415130138397,0.0367361605167388,1.3419771194458,-0.454520344734192,0.255347490310669,0.609657824039459,0.597098290920258
-0.741667091846466,0.0372563526034355,1.34152090549469,-0.453443199396133,0.256862968206406,0.6085604429245,0.598385393619537
-0.741156399250031,0.0377209559082984,1.34167659282684,-0.453036904335022,0.258358091115951,0.607035160064697,0.599597692489624
-0.740776836872101,0.0378802046179771,1.34189558029175,-0.450933843851089,0.261702060699463,0.604479253292084,0.602308809757233
-0.739882588386536,0.0384481847286224,1.34183478355408,-0.452050626277924,0.261118352413177,0.604548633098602,0.601654827594757
-0.739110887050629,0.0389228835701942,1.3411191701889,-0.451022267341614,0.262489438056946,0.603381216526031,0.603000164031982
-0.738376915454865,0.0390857607126235,1.34171235561371,0.450325667858124,-0.264189392328262,-0.602106392383575,-0.604051887989044
-0.737647891044617,0.0395941138267517,1.34101951122284,0.44951257109642,-0.265076398849487,-0.601113975048065,-0.605256199836731
-0.736965239048004,0.0398605391383171,1.3416029214859,0.448964446783066,-0.266844600439072,-0.599533259868622,-0.606452703475952
-0.736137270927429,0.0403285548090934,1.34143483638763,0.447934597730637,-0.268827199935913,-0.598014891147614,-0.607836127281189
-0.735422909259796,0.0406439527869224,1.34157979488373,0.447223275899887,-0.27033805847168,-0.596951961517334,-0.60873407125473
-0.734548330307007,0.0408860817551612,1.3409481048584,0.445916175842285,-0.27153754234314,-0.596047103404999,-0.610044419765472
-0.733697056770325,0.0410458520054817,1.34092700481415,0.444280058145523,-0.273459851741791,-0.594526171684265,-0.611860930919647
-0.732948303222656,0.0412557721138,1.34139752388,0.443794131278992,-0.274845063686371,-0.593527019023895,-0.612562417984009
-0.732183575630188,0.0416413992643356,1.34145736694336,0.44330045580864,-0.276090860366821,-0.592227041721344,-0.61361700296402
-0.731307625770569,0.041619136929512,1.34153461456299,0.441869646310806,-0.277755588293076,-0.590919733047485,-0.61515611410141
-0.73049008846283,0.0416281148791313,1.34139716625214,0.440215408802032,-0.279488027095795,-0.589662969112396,-0.616761147975922
-0.72966194152832,0.0419004932045936,1.3413497209549,0.439536035060883,-0.280520439147949,-0.588934302330017,-0.617473006248474
-0.728808701038361,0.0422367081046104,1.34133505821228,0.43916854262352,-0.281500846147537,-0.588059961795807,-0.618121147155762
-0.727870881557465,0.0422866195440292,1.34137606620789,0.437976479530334,-0.282865285873413,-0.587015509605408,-0.61933559179306
-0.7271648645401,0.0421359539031982,1.34136462211609,0.436184495687485,-0.284745573997498,-0.585211217403412,-0.621442675590515
-0.726349711418152,0.0421272441744804,1.34141790866852,0.435241222381592,-0.285934090614319,-0.583952188491821,-0.622741281986237
-0.725410223007202,0.0422265976667404,1.34146821498871,0.434670180082321,-0.286968737840652,-0.583423972129822,-0.623159289360046
-0.724575459957123,0.0422789305448532,1.34149992465973,0.433874666690826,-0.288037449121475,-0.582354485988617,-0.624219834804535
-0.7237349152565,0.0420946553349494,1.34143805503845,0.432581961154938,-0.289423495531082,-0.581207394599915,-0.625543713569641
-0.722896456718445,0.0419314727187156,1.341437458992,0.432000696659088,-0.289930135011673,-0.580519378185272,-0.626349091529846
-0.721961259841919,0.0418300479650497,1.34146177768707,0.431060910224914,-0.291028678417206,-0.579720139503479,-0.627226829528809
-0.721193253993988,0.0416486486792564,1.34140491485596,0.430097997188568,-0.291797190904617,-0.578663110733032,-0.62850558757782
-0.72027999162674,0.0415984392166137,1.34151935577393,0.429278880357742,-0.292934745550156,-0.577802658081055,-0.629327654838562
-0.719376742839813,0.0412986874580383,1.34155201911926,0.428118944168091,-0.293866604566574,-0.57689505815506,-0.630514681339264
-0.718635439872742,0.040991187095642,1.34157657623291,0.427201688289642,-0.29465264081955,-0.575707077980042,-0.631854474544525
-0.71772825717926,0.040703609585762,1.3417067527771,0.426307320594788,-0.295632094144821,-0.574968159198761,-0.632673382759094
-0.716937243938446,0.0404979065060615,1.34172940254211,0.425503134727478,-0.296413987874985,-0.573904752731323,-0.6338130235672
-0.716125845909119,0.0401918292045593,1.34182024002075,0.424640983343124,-0.297375738620758,-0.572857975959778,-0.634887039661407
-0.715238511562347,0.0398501083254814,1.34179818630219,0.423577606678009,-0.298162132501602,-0.571993768215179,-0.636006772518158
-0.714435398578644,0.0395564287900924,1.34194076061249,0.422725230455399,-0.299195051193237,-0.570870161056519,-0.637097418308258
-0.713698506355286,0.0391652062535285,1.34204769134521,0.421855181455612,-0.29999515414238,-0.569667994976044,-0.638372600078583
-0.712924182415009,0.0387939065694808,1.34214770793915,0.420953541994095,-0.30081182718277,-0.568773627281189,-0.6393803358078
-0.712171792984009,0.03843904286623,1.34221434593201,0.420132756233215,-0.301652938127518,-0.567565441131592,-0.640596270561218
-0.711436212062836,0.0379899740219116,1.34241390228271,0.419278830289841,-0.302444010972977,-0.566524386405945,-0.641703248023987
-0.71075701713562,0.0375489890575408,1.34258711338043,0.418519616127014,-0.303132236003876,-0.565520107746124,-0.642759144306183
-0.709996223449707,0.0371031165122985,1.34274160861969,0.417676448822021,-0.304012894630432,-0.56462687253952,-0.643676221370697
-0.709371149539948,0.0365492179989814,1.34277188777924,0.416543483734131,-0.304670423269272,-0.563377201557159,-0.645192742347717
-0.708632588386536,0.0361383631825447,1.34299433231354,0.415825635194778,-0.305422633886337,-0.562419295310974,-0.646135330200195
-0.707857847213745,0.0357144773006439,1.34319603443146,0.415113627910614,-0.30621063709259,-0.561529338359833,-0.646993577480316
-0.707857847213745,0.0357144773006439,1.34319603443146,0.415113627910614,-0.30621063709259,-0.561529338359833,-0.646993577480316
-0.706394731998444,0.0347306355834007,1.3435206413269,0.413373380899429,-0.307668387889862,-0.559659540653229,-0.64903336763382
-0.705800533294678,0.0341265574097633,1.34374833106995,0.412415385246277,-0.30830392241478,-0.558633387088776,-0.650224030017853
-0.704983294010162,0.0336654633283615,1.34388530254364,0.411381542682648,-0.309053540229797,-0.557855367660522,-0.651190042495728
-0.704322457313538,0.0331401824951171,1.34400606155396,0.410447925329208,-0.309679508209229,-0.556685745716095,-0.652481436729431
-0.703475177288055,0.0325951501727104,1.34428107738495,0.40937152504921,-0.310636758804321,-0.555628538131714,-0.65360289812088
-0.702815651893616,0.0319728180766105,1.34446382522583,0.408270001411438,-0.311226010322571,-0.554661154747009,-0.654832184314728
-0.702013194561005,0.031392678618431,1.34459948539734,0.407046943902969,-0.311872690916061,-0.553941011428833,-0.655894577503204
-0.701278686523438,0.0308061391115188,1.34484505653381,0.405977159738541,-0.312536090612411,-0.552836716175079,-0.65717214345932
-0.700418770313263,0.0301981046795845,1.34450078010559,0.404486954212189,-0.313273012638092,-0.552128553390503,-0.658334672451019
-0.699818134307861,0.0295773297548294,1.34527766704559,0.403935670852661,-0.314104974269867,-0.550685286521912,-0.659484565258026
-0.699172139167786,0.0289393067359924,1.34542739391327,0.402687788009643,-0.314419388771057,-0.549777925014496,-0.660853505134583
-0.698445618152618,0.0282216593623161,1.34564876556396,0.401541322469711,-0.315061539411545,-0.548704504966736,-0.66213595867157
-0.697781682014465,0.027541197836399,1.34591782093048,0.400480479001999,-0.315649420022964,-0.547509253025055,-0.663486659526825
-0.697150111198425,0.0267967209219932,1.34610462188721,0.399250268936157,-0.316296011209488,-0.546360492706299,-0.664865672588348
-0.696466565132141,0.0261580944061279,1.34636092185974,0.398552447557449,-0.316752374172211,-0.545220971107483,-0.666001558303833
-0.696466565132141,0.0261580944061279,1.34636092185974,0.398552447557449,-0.316752374172211,-0.545220971107483,-0.666001558303833
-0.695141136646271,0.0247404873371124,1.34680235385895,0.396784394979477,-0.317728281021118,-0.543421924114227,-0.668059587478638
-0.694644689559937,0.0238569527864456,1.34707033634186,0.395587921142578,-0.317772328853607,-0.541965425014496,-0.669928789138794
-0.693854451179504,0.0232286304235458,1.3472797870636,0.394661664962768,-0.318667948246002,-0.540899097919464,-0.670910835266113
-0.693360924720764,0.0222550109028816,1.3475341796875,0.394077211618423,-0.318862974643707,-0.540284276008606,-0.671656548976898
-0.692655801773071,0.021430067718029,1.34770238399506,0.392699331045151,-0.319184750318527,-0.539342164993286,-0.67306661605835
-0.692132472991943,0.0205937623977661,1.34800446033478,0.391756683588028,-0.31939372420311,-0.538373291492462,-0.674291133880615
-0.691503047943115,0.0197306349873542,1.34775340557098,0.390631645917892,-0.319457679986954,-0.537797927856445,-0.675371944904327
-0.690916419029236,0.0188176482915878,1.348029255867,0.389650136232376,-0.319753378629684,-0.536710321903229,-0.676662802696228
-0.690504133701324,0.0179315879940986,1.34887135028839,0.389305710792542,-0.319966167211533,-0.536231875419617,-0.677139699459076
-0.68992406129837,0.0169961005449295,1.34913265705109,0.388117164373398,-0.320228844881058,-0.535239398479462,-0.678481698036194
-0.689416646957397,0.0159951373934745,1.34944796562195,0.387201905250549,-0.3201764523983,-0.534676671028137,-0.679472327232361
-0.688960015773773,0.0151254534721374,1.34971380233765,0.386515408754349,-0.320147097110748,-0.533932685852051,-0.680461347103119
-0.688334703445435,0.0142044723033905,1.34945046901703,0.384962737560272,-0.319989562034607,-0.533723533153534,-0.681578814983368
-0.687822222709656,0.0133022964000701,1.3497326374054,0.384066700935364,-0.319991320371628,-0.533148527145386,-0.682532906532288
-0.687428534030914,0.0121988281607627,1.35009324550629,0.383080750703812,-0.319793164730072,-0.532713234424591,-0.683519005775452
-0.686988949775696,0.011245846748352,1.35037350654602,0.382154166698456,-0.319621175527573,-0.532380282878876,-0.684376955032349
-0.686436474323273,0.0102637112140655,1.35065186023712,0.381023675203323,-0.319674015045166,-0.531769573688507,-0.685456573963165
-0.686176776885986,0.0092223286628723,1.35153114795685,0.380621552467346,-0.319496810436249,-0.531435370445251,-0.686021387577057
-0.685773730278015,0.0082375705242156,1.35173285007477,0.379589706659317,-0.319275557994842,-0.530805349349976,-0.687183082103729
-0.685269892215729,0.0072403475642204,1.35206210613251,0.378646403551102,-0.319263160228729,-0.530741631984711,-0.687758028507233
-0.684874475002289,0.0061636939644813,1.35228872299194,0.377604126930237,-0.318780839443207,-0.530660092830658,-0.688617348670959
-0.684480607509613,0.0051392912864685,1.35258388519287,0.376529037952423,-0.318549752235413,-0.530457973480225,-0.689468145370483
-0.684033334255219,0.0041980892419815,1.35250377655029,0.375358462333679,-0.318081229925156,-0.530371785163879,-0.690388441085815
-0.683617353439331,0.0031915754079818,1.35260391235352,0.374300807714462,-0.317743927240372,-0.53042334318161,-0.691078007221222
-0.683242380619049,0.0022438615560531,1.35299408435822,0.373493611812591,-0.317555904388428,-0.529950499534607,-0.691963374614716
-0.682898223400116,0.0012328177690505,1.35371065139771,0.372795015573502,-0.317611962556839,-0.529719829559326,-0.692490816116333
-0.682651996612549,5.47543168067932e-05,1.35394525527954,0.371846973896027,-0.316937983036041,-0.529641568660736,-0.693368554115295
-0.682268917560577,-0.0009071007370948,1.35419976711273,0.371005445718765,-0.316853195428848,-0.529132306575775,-0.694246470928192
-0.681918978691101,-0.0019102916121482,1.35444021224976,0.370185911655426,-0.316447347402573,-0.529146373271942,-0.694858014583588
-0.681414425373077,-0.0027950927615165,1.35408437252045,0.36875331401825,-0.316020756959915,-0.529240787029266,-0.695741415023804
-0.681249260902405,-0.0039146840572357,1.35450494289398,0.368005990982056,-0.315441519021988,-0.528951942920685,-0.696619033813477
-0.680809020996094,-0.0048732087016105,1.35456311702728,0.36700963973999,-0.315311104059219,-0.528966903686523,-0.697192072868347
-0.680644273757935,-0.0059213861823081,1.35531318187714,0.36671245098114,-0.3150734603405,-0.528892040252686,-0.697512626647949
-0.68037348985672,-0.0068541392683982,1.3554915189743,0.365837186574936,-0.31472373008728,-0.528664231300354,-0.698302447795868
-0.68037348985672,-0.0068541392683982,1.3554915189743,0.365837186574936,-0.31472373008728,-0.528664231300354,-0.698302447795868
-0.679694890975952,-0.0087505802512168,1.35594165325165,0.364087164402008,-0.314276874065399,-0.528340578079224,-0.69966185092926
-0.679486513137817,-0.0098058506846427,1.35613942146301,0.36334890127182,-0.313943326473236,-0.528360843658447,-0.700179934501648
-0.679313004016876,-0.010739728808403,1.35631477832794,0.362814545631409,-0.313484370708466,-0.528371393680573,-0.700654447078705
-0.679049670696259,-0.0116283670067787,1.35615670681,0.361765176057815,-0.31300887465477,-0.52809464931488,-0.701617777347565
-0.678766369819641,-0.0125390216708183,1.35631036758423,0.361027747392654,-0.312880009412766,-0.528155446052551,-0.70200914144516
-0.678439199924469,-0.0133941248059272,1.35635435581207,0.360066652297974,-0.312717646360397,-0.52833491563797,-0.702440023422241
-0.678343772888184,-0.0143427029252052,1.35706317424774,0.359859228134155,-0.312427192926407,-0.528086960315704,-0.702861964702606
-0.678014576435089,-0.0151877850294113,1.35669994354248,0.358774393796921,-0.312033861875534,-0.528338730335236,-0.703401684761047
-0.677622854709625,-0.0160814300179481,1.35690760612488,0.357853680849075,-0.311994016170502,-0.528709530830383,-0.703609824180603
-0.677520334720612,-0.0170148760080337,1.35763263702393,0.357436984777451,-0.311841458082199,-0.528237581253052,-0.704243242740631
-0.677337825298309,-0.0179337933659553,1.35783672332764,0.356770873069763,-0.311489880084991,-0.528520703315735,-0.704524278640747
-0.677162170410156,-0.0187062248587608,1.35798132419586,0.356322139501572,-0.311379194259643,-0.528421342372894,-0.704874813556671
-0.677162170410156,-0.0187062248587608,1.35798132419586,0.356322139501572,-0.311379194259643,-0.528421342372894,-0.704874813556671
-0.676635503768921,-0.020313061773777,1.35800063610077,0.354670643806458,-0.310863643884659,-0.528775870800018,-0.705668807029724
-0.676412343978882,-0.0210964828729629,1.35814774036407,0.354017615318298,-0.310608685016632,-0.529017388820648,-0.705927968025208
-0.676221966743469,-0.0219012722373008,1.35835123062134,0.35358801484108,-0.310371816158295,-0.529157280921936,-0.706142663955688
-0.676074326038361,-0.0227300226688385,1.35863327980042,0.353150188922882,-0.310080587863922,-0.529467940330505,-0.706256866455078
-0.675767779350281,-0.0235058292746543,1.35857510566711,0.352255344390869,-0.309817880392075,-0.52963787317276,-0.706691443920135
-0.675476253032684,-0.0242299959063529,1.35881316661835,0.351458162069321,-0.310113102197647,-0.529608964920044,-0.706980526447296
-0.675289630889893,-0.0250911638140678,1.35927093029022,0.351356595754623,-0.309869766235352,-0.530053377151489,-0.706804633140564
-0.675124883651733,-0.025730587542057,1.35927081108093,0.350946933031082,-0.309673666954041,-0.530313551425934,-0.706898868083954
-0.674951434135437,-0.0264653414487838,1.35944211483002,0.350551873445511,-0.309378802776337,-0.530330538749695,-0.707211196422577
-0.674745976924896,-0.0271820500493049,1.35951924324036,0.350134700536728,-0.309212535619736,-0.530607402324677,-0.707282781600952
-0.674327909946442,-0.0278176218271255,1.35933411121368,0.349202632904053,-0.309219926595688,-0.530690789222717,-0.707677900791168
-0.674231231212616,-0.028546042740345,1.36010122299194,0.349179714918137,-0.309490531682968,-0.530693829059601,-0.70756858587265
-0.674019753932953,-0.0292682126164436,1.35981237888336,0.348595321178436,-0.308907747268677,-0.531263113021851,-0.70768415927887
-0.673756897449493,-0.0299025177955627,1.35978150367737,0.347973078489304,-0.308819264173508,-0.531599342823029,-0.707776427268982
-0.673492312431335,-0.0305614322423934,1.35990929603577,0.347583711147308,-0.308835119009018,-0.531864047050476,-0.707761943340302
-0.67322051525116,-0.0312318280339241,1.36003959178925,0.347183734178543,-0.308717101812363,-0.532205879688263,-0.707752823829651
-0.672992646694183,-0.0318757519125938,1.3601690530777,0.346648693084717,-0.308564096689224,-0.532398641109467,-0.707936763763428
-0.672883570194244,-0.032632902264595,1.36087465286255,0.346653133630753,-0.308589994907379,-0.532529413700104,-0.707825124263763
-0.672660112380981,-0.0331458374857902,1.3610018491745,0.346416771411896,-0.308596223592758,-0.532797336578369,-0.707736372947693
-0.672462701797485,-0.033704325556755,1.36113464832306,0.346089124679565,-0.308502852916717,-0.533068239688873,-0.707733392715454
-0.672292351722717,-0.0343939736485481,1.36134397983551,0.345271974802017,-0.30882528424263,-0.533117413520813,-0.707954823970795
-0.672015488147736,-0.034932903945446,1.36124098300934,0.345057457685471,-0.308380752801895,-0.533647835254669,-0.707853555679321
-0.67179661989212,-0.035504013299942,1.36135041713715,0.344723582267761,-0.30839604139328,-0.533809781074524,-0.707887470722198
-0.671453416347504,-0.0361858308315277,1.36161804199219,0.343922942876816,-0.308674842119217,-0.53389972448349,-0.708087503910065
-0.671290099620819,-0.0367300435900688,1.36165177822113,0.343539834022522,-0.308404624462128,-0.534251272678375,-0.708126068115234
-0.671057939529419,-0.0372507870197296,1.36174535751343,0.343112260103226,-0.308294713497162,-0.534566104412079,-0.708143711090088
-0.671057939529419,-0.0372507870197296,1.36174535751343,0.343112260103226,-0.308294713497162,-0.534566104412079,-0.708143711090088
-0.67053610086441,-0.0381835177540779,1.36181271076202,0.342032760381699,-0.308451414108276,-0.534969449043274,-0.708292961120605
-0.670300662517548,-0.0388637632131576,1.36195147037506,0.341595739126205,-0.308139204978943,-0.5355504155159,-0.708200812339783
-0.670040965080261,-0.0393576398491859,1.36205148696899,0.341119199991226,-0.308145672082901,-0.535822033882141,-0.708222210407257
-0.669815599918365,-0.0398073717951774,1.3621289730072,0.340310275554657,-0.308367699384689,-0.535735964775085,-0.708579778671265
-0.669517934322357,-0.0401879698038101,1.362269282341,0.340241312980652,-0.308266311883926,-0.536117672920227,-0.708368360996246
-0.669230997562408,-0.0406431779265403,1.36243736743927,0.340115487575531,-0.308081597089767,-0.536381840705872,-0.708309054374695
-0.669052064418793,-0.0410616695880889,1.36246979236603,0.339436173439026,-0.308329701423645,-0.536500215530396,-0.708437263965607
-0.668924689292908,-0.0416898056864738,1.36275851726532,0.338963687419891,-0.308406203985214,-0.536650538444519,-0.708516478538513
-0.668600916862488,-0.0420003682374954,1.36313021183014,0.338963896036148,-0.30853545665741,-0.536999464035034,-0.708195567131042
-0.668322741985321,-0.0423920378088951,1.36330902576447,0.338841408491135,-0.30836746096611,-0.537282049655914,-0.708112955093384
-0.668147563934326,-0.0430413261055946,1.36329329013824,0.33766108751297,-0.308585673570633,-0.537306010723114,-0.708563506603241
-0.667727172374725,-0.0432925447821617,1.36290454864502,0.337291747331619,-0.307952553033829,-0.538015246391296,-0.708476662635803
-0.667430281639099,-0.0436903685331344,1.36296892166138,0.336643308401108,-0.308166652917862,-0.538017153739929,-0.708690464496613
-0.66726416349411,-0.0442092940211296,1.36307036876678,0.336063385009766,-0.308265089988708,-0.538073897361755,-0.708879828453064
-0.667150557041168,-0.0447316244244575,1.36370480060577,0.335809737443924,-0.308565497398376,-0.538044333457947,-0.708891749382019
-0.666910648345947,-0.0451199412345886,1.36378026008606,0.335429519414902,-0.308520793914795,-0.538361072540283,-0.708850622177124
-0.666542410850525,-0.0454094633460044,1.36334931850433,0.334641695022583,-0.308291137218475,-0.538908720016479,-0.708906829357147
-0.666317880153656,-0.0458385273814201,1.36346805095673,0.334509551525116,-0.307885378599167,-0.53951221704483,-0.708686470985413
-0.666102409362793,-0.0460221543908119,1.3635710477829,0.334225624799728,-0.307993561029434,-0.539703905582428,-0.708627462387085
-0.665894448757172,-0.0464225709438324,1.36366927623749,0.334086418151855,-0.30747863650322,-0.540091276168823,-0.708621680736542
-0.665598213672638,-0.0468009114265441,1.36376225948334,0.333578675985336,-0.30747178196907,-0.540451228618622,-0.708589375019073
-0.665388405323029,-0.0471008718013763,1.36381697654724,0.332911640405655,-0.307775050401688,-0.540526211261749,-0.708714306354523
-0.665388405323029,-0.0471008718013763,1.36381697654724,0.332911640405655,-0.307775050401688,-0.540526211261749,-0.708714306354523
-0.6649369597435,-0.0479082688689231,1.36401391029358,0.332577884197235,-0.30729615688324,-0.541369080543518,-0.708435356616974
-0.664747297763824,-0.04824910312891,1.36411142349243,0.332398235797882,-0.307077556848526,-0.541902840137482,-0.708206295967102
-0.664593040943146,-0.0486942008137702,1.36414432525635,0.331671148538589,-0.307125777006149,-0.542094647884369,-0.708379447460175
-0.664403796195984,-0.0490058213472366,1.36422264575958,0.331370800733566,-0.306990295648575,-0.542452216148376,-0.708304941654205
-0.664190053939819,-0.0493033900856971,1.36430203914642,0.331092923879623,-0.306883424520492,-0.542827010154724,-0.708194017410278
-0.663911283016205,-0.0494866743683815,1.36440467834473,0.331008762121201,-0.30675458908081,-0.543307423591614,-0.707920789718628
-0.663602828979492,-0.0497187376022338,1.36435258388519,0.33046880364418,-0.306762218475342,-0.543771803379059,-0.707813262939453
-0.663333833217621,-0.0500673949718475,1.36450910568237,0.330464988946915,-0.306349337100983,-0.544458329677582,-0.707466006278992
-0.663056433200836,-0.0502894297242164,1.36459541320801,0.329988390207291,-0.306325018405914,-0.544727981090546,-0.707491457462311
-0.662873864173889,-0.0505337715148925,1.36468267440796,0.329397171735763,-0.306526482105255,-0.545001029968262,-0.707469582557678
-0.662647664546967,-0.0508353188633918,1.36471521854401,0.32904925942421,-0.306329905986786,-0.545491635799408,-0.707338273525238
-0.662412941455841,-0.0510497242212295,1.36477303504944,0.328724026679993,-0.306291162967682,-0.545867681503296,-0.707216203212738
-0.662156939506531,-0.0513471961021423,1.36479663848877,0.328323751688003,-0.306159019470215,-0.546328783035278,-0.707103312015533
-0.662048101425171,-0.0516592338681221,1.36517941951752,0.328377813100815,-0.306085139513016,-0.546573877334595,-0.706920742988586
-0.66155868768692,-0.0518039092421531,1.3648099899292,0.327481180429459,-0.306203186511993,-0.547112226486206,-0.7068692445755
-0.66137969493866,-0.0521107912063598,1.36541283130646,0.327641844749451,-0.306313961744308,-0.54731559753418,-0.706589162349701
-0.66137969493866,-0.0521107912063598,1.36541283130646,0.327641844749451,-0.306313961744308,-0.54731559753418,-0.706589162349701
-0.660717010498047,-0.0523312017321586,1.36498999595642,0.3267902135849,-0.306386202573776,-0.54796576499939,-0.706448376178741
-0.660450160503387,-0.0525151267647743,1.36495041847229,0.326154679059982,-0.306677371263504,-0.548086106777191,-0.706522285938263
-0.660157561302185,-0.0527277216315269,1.36499786376953,0.326059997081757,-0.306536823511124,-0.548500597476959,-0.706305384635925
-0.659809172153473,-0.0527764931321144,1.36502242088318,0.325335472822189,-0.30724361538887,-0.548473179340363,-0.706353724002838
-0.659570932388306,-0.0530181676149368,1.36500835418701,0.325450748205185,-0.306753605604172,-0.549006581306458,-0.706099033355713
-0.659319162368774,-0.0531945303082466,1.36500215530396,0.325142323970795,-0.306733429431915,-0.549126625061035,-0.706156492233276
-0.65909343957901,-0.0532839521765708,1.36501908302307,0.324928164482117,-0.306844145059586,-0.549303233623505,-0.706069648265839
-0.658853828907013,-0.0534110739827156,1.36499905586243,0.324421972036362,-0.307201743125916,-0.549283564090729,-0.70616227388382
-0.658540606498718,-0.0534780472517013,1.36507189273834,0.324637919664383,-0.307071655988693,-0.549666464328766,-0.705821633338928
-0.658243417739868,-0.0535655245184898,1.3649982213974,0.324045389890671,-0.307502657175064,-0.549696922302246,-0.705882430076599
-0.658049941062927,-0.0537375956773757,1.36557865142822,0.324755936861038,-0.30739688873291,-0.549981474876404,-0.705380141735077
-0.657892346382141,-0.0538371801376342,1.3654226064682,0.324520647525787,-0.307335615158081,-0.550091207027435,-0.705429494380951
-0.657673358917236,-0.0538830384612083,1.36544275283813,0.324447453022003,-0.307438045740128,-0.550237834453583,-0.705304205417633
-0.657437086105347,-0.0539840310811996,1.36542165279388,0.324210494756699,-0.307575404644012,-0.550161004066467,-0.705413341522217
-0.657235503196716,-0.0542118698358535,1.36543273925781,0.323741316795349,-0.307757556438446,-0.550239145755768,-0.705488324165344
-0.656887412071228,-0.0542254894971847,1.36520445346832,0.323319405317307,-0.307927757501602,-0.550484240055084,-0.705416321754456
-0.656631946563721,-0.0541506856679916,1.36524045467377,0.323560118675232,-0.307892471551895,-0.550741970539093,-0.705120205879211
-0.656417071819305,-0.0542892292141914,1.36521744728088,0.323092222213745,-0.308169484138489,-0.550731003284454,-0.705222249031067
-0.656206369400024,-0.0542559996247291,1.36522364616394,0.323087841272354,-0.308272421360016,-0.550831139087677,-0.705101072788239
-0.656163334846497,-0.054471768438816,1.36542630195618,0.323153734207153,-0.308176845312118,-0.550846815109253,-0.705100417137146
-0.655788600444794,-0.0543336495757103,1.36518800258636,0.322788208723068,-0.308478355407715,-0.551017045974731,-0.705002844333649
-0.655509531497955,-0.0542016625404357,1.36518478393555,0.323020339012146,-0.308513969182968,-0.551219165325165,-0.704723000526428
-0.655351102352142,-0.0542308017611503,1.36516880989075,0.322927206754684,-0.3086057305336,-0.551226675510406,-0.704719543457031
-0.655078887939453,-0.0541998222470283,1.36506712436676,0.322462320327759,-0.309048771858215,-0.551167190074921,-0.70478481054306
-0.654851734638214,-0.0542010590434074,1.36512005329132,0.322713881731033,-0.308924913406372,-0.551381230354309,-0.704556584358215
-0.654658138751984,-0.0541561543941497,1.36506247520447,0.322691589593887,-0.309019982814789,-0.551407516002655,-0.704504430294037
-0.654487490653992,-0.0541483461856842,1.3650906085968,0.322636127471924,-0.309179335832596,-0.551341593265533,-0.70451158285141
-0.654303371906281,-0.0541292503476142,1.36498773097992,0.32252836227417,-0.309320598840714,-0.551076769828796,-0.704706132411957
-0.654039025306702,-0.0540396347641944,1.3648624420166,0.322228997945786,-0.309520930051804,-0.550896823406219,-0.704895734786987
-0.653850734233856,-0.0540093779563903,1.36479687690735,0.322177141904831,-0.309672832489014,-0.55085414648056,-0.704885959625244
-0.653611361980438,-0.0539171695709228,1.36478090286255,0.322155475616455,-0.309932976961136,-0.550821006298065,-0.704807579517365
-0.653611361980438,-0.0539171695709228,1.36478090286255,0.322155475616455,-0.309932976961136,-0.550821006298065,-0.704807579517365
-0.653218448162079,-0.0537917539477348,1.36463689804077,0.322068154811859,-0.310196578502655,-0.550805509090424,-0.704743504524231
-0.653042316436768,-0.0537130981683731,1.36457347869873,0.322070747613907,-0.310385793447495,-0.550708889961243,-0.704734563827515
-0.652908027172089,-0.053609125316143,1.36455118656158,0.322171241044998,-0.310556560754776,-0.55058079957962,-0.704713463783264
-0.652931749820709,-0.0536113679409027,1.36484742164612,0.322680413722992,-0.310633718967438,-0.550314843654633,-0.704654216766357
-0.652776420116425,-0.0535617247223854,1.36473941802979,0.322623252868652,-0.310829699039459,-0.550097525119781,-0.70476371049881
-0.652640402317047,-0.0534237697720527,1.36470985412598,0.32276126742363,-0.311047911643982,-0.549961686134338,-0.704710185527802
-0.652511835098267,-0.0533241182565689,1.36464869976044,0.322789132595062,-0.311263799667358,-0.549636244773865,-0.704855918884277
-0.652320683002472,-0.0532150194048881,1.36458539962769,0.32273256778717,-0.311544269323349,-0.549546360969543,-0.704828202724457
-0.652231216430664,-0.0530459508299827,1.36455011367798,0.322811812162399,-0.311836153268814,-0.549291253089905,-0.704861581325531
-0.652101516723633,-0.0529171824455261,1.36447358131409,0.322926461696625,-0.312034666538239,-0.54917448759079,-0.704812169075012
-0.651970267295837,-0.0527979210019111,1.36444854736328,0.323015093803406,-0.312295138835907,-0.548980116844177,-0.704807639122009
-0.651871562004089,-0.052670694887638,1.36438310146332,0.323132216930389,-0.312475621700287,-0.548764050006866,-0.704842209815979
-0.651625871658325,-0.0524852350354194,1.36393761634827,0.322746604681015,-0.312727719545364,-0.548665642738342,-0.704983770847321
-0.651518166065216,-0.0522729605436325,1.36389172077179,0.322963804006576,-0.312973111867905,-0.548412799835205,-0.704972088336945
-0.651540458202362,-0.0521561205387115,1.36402595043182,0.323348760604858,-0.313073724508286,-0.548119187355042,-0.704979240894318
-0.65153843164444,-0.0520648434758186,1.36415958404541,0.323627024888992,-0.313158243894577,-0.547904789447784,-0.704980671405792
-0.651385903358459,-0.0518807247281074,1.36394917964935,0.323522984981537,-0.313398689031601,-0.547556519508362,-0.705192267894745
-0.651371836662292,-0.0517517700791358,1.36409485340118,0.323867410421371,-0.313556581735611,-0.547328472137451,-0.705140948295593
-0.651078224182129,-0.0515822768211364,1.36364352703094,0.323549836874008,-0.313648402690887,-0.547461926937103,-0.705142378807068
-0.650977492332458,-0.051366202533245,1.36366212368011,0.323659986257553,-0.314163565635681,-0.547298669815063,-0.704989194869995
-0.650890231132507,-0.0511994957923889,1.36363077163696,0.323762595653534,-0.31439945101738,-0.547094106674194,-0.704995632171631
-0.650811970233917,-0.0510340183973312,1.3636063337326,0.32388174533844,-0.314548581838608,-0.547009170055389,-0.704940259456635
-0.650686502456665,-0.0508942455053329,1.36348593235016,0.3241046667099,-0.314486712217331,-0.547089636325836,-0.704802989959717
-0.650603532791138,-0.05072483420372,1.36346542835236,0.324240177869797,-0.314651161432266,-0.54699045419693,-0.704744279384613
-0.650490403175354,-0.0505363494157791,1.36341345310211,0.324362397193909,-0.314842581748962,-0.546919703483582,-0.704657375812531
-0.65044504404068,-0.0504688471555709,1.36336171627045,0.324126780033112,-0.315043151378632,-0.546765208244324,-0.704796075820923
-0.650306105613708,-0.050155334174633,1.36333727836609,0.324554413557053,-0.315149486064911,-0.546777367591858,-0.704542219638824
-0.650229275226593,-0.0499728098511695,1.3633029460907,0.324694663286209,-0.315309822559357,-0.546668291091919,-0.704490542411804
-0.650156736373901,-0.0497129559516906,1.36323070526123,0.324890702962875,-0.315498888492584,-0.546554028987885,-0.704404234886169
-0.650234520435333,-0.049601174890995,1.36352550983429,0.325490862131119,-0.315547972917557,-0.546319305896759,-0.704287111759186
-0.650178551673889,-0.0494808405637741,1.36344945430756,0.325338691473007,-0.315864562988281,-0.546119332313538,-0.704370737075806
-0.650064945220947,-0.0491329506039619,1.36341857910156,0.325795084238052,-0.316006392240524,-0.545999825000763,-0.704188704490662
-0.64998871088028,-0.0488897636532783,1.36333036422729,0.325955122709274,-0.316207587718964,-0.5459104180336,-0.70409369468689
-0.649906575679779,-0.0486436262726783,1.36323499679565,0.326173305511475,-0.316354423761368,-0.545719802379608,-0.704074501991272
-0.649882078170776,-0.0485360473394393,1.36313438415527,0.325986981391907,-0.316714525222778,-0.545466840267181,-0.704194843769073
-0.649827182292938,-0.0482841581106185,1.3630884885788,0.326197475194931,-0.316919416189194,-0.545368611812592,-0.704081356525421
-0.649795353412628,-0.0480884611606597,1.36302042007446,0.326298803091049,-0.317077338695526,-0.545216917991638,-0.704080641269684
-0.649733185768127,-0.0477969348430633,1.36295664310455,0.326502740383148,-0.317352265119553,-0.545092046260834,-0.703958988189697
-0.649629473686218,-0.047492578625679,1.36285018920898,0.326654344797134,-0.317660689353943,-0.545004427433014,-0.703817427158356
-0.64954936504364,-0.0470915734767913,1.36282670497894,0.327128350734711,-0.317729920148849,-0.545101523399353,-0.703490734100342
-0.649521827697754,-0.0467875078320503,1.36276602745056,0.327425271272659,-0.317948877811432,-0.544878602027893,-0.70342630147934
-0.649282217025757,-0.0463991314172744,1.36232030391693,0.327343791723251,-0.318307906389236,-0.545131385326385,-0.703105866909027
-0.64924144744873,-0.0460812523961067,1.36224627494812,0.327618718147278,-0.318564742803574,-0.545023262500763,-0.702945411205292
-0.649201095104218,-0.045707382261753,1.36218416690826,0.32794064283371,-0.318824976682663,-0.544933259487152,-0.702747046947479
-0.649286389350891,-0.0454133749008178,1.36227858066559,0.328517317771912,-0.318968087434769,-0.544788241386414,-0.702525079250336
-0.649192690849304,-0.0450229868292808,1.36206030845642,0.328626543283463,-0.319237291812897,-0.544791221618652,-0.702349424362183
-0.649169385433197,-0.0446865633130073,1.36192309856415,0.328858554363251,-0.319450199604034,-0.544733822345734,-0.702188611030579
-0.649173140525818,-0.0442932322621345,1.36185204982758,0.329166531562805,-0.31966370344162,-0.544485867023468,-0.702139616012573
-0.649207651615143,-0.0438853651285171,1.36173534393311,0.32954004406929,-0.319809645414352,-0.544387876987457,-0.701973795890808
-0.649223208427429,-0.0434571057558059,1.36165726184845,0.329947471618652,-0.319968283176422,-0.544370472431183,-0.701723456382751
-0.649436414241791,-0.0432583838701248,1.36186575889587,0.33051472902298,-0.320024818181992,-0.544443666934967,-0.701373755931854
-0.649514734745026,-0.0428144708275795,1.36170530319214,0.33095446228981,-0.320094406604767,-0.544390201568604,-0.701176106929779
-0.649511814117432,-0.0422767475247383,1.36163437366486,0.3316430747509,-0.320203542709351,-0.544359683990479,-0.700824499130249
-0.649491369724274,-0.0418660342693328,1.36164081096649,0.332076221704483,-0.32047626376152,-0.544539332389832,-0.700354993343353
-0.649539113044739,-0.0413433462381362,1.36154806613922,0.332611411809921,-0.320674449205399,-0.544537961483002,-0.700011312961578
-0.649585723876953,-0.0407360643148422,1.36106932163239,0.332883566617966,-0.320766389369965,-0.544502794742584,-0.699867248535156
-0.649673402309418,-0.0401817485690116,1.36090815067291,0.333546429872513,-0.320897251367569,-0.544594466686249,-0.699420213699341
-0.64974308013916,-0.0396200120449066,1.3611603975296,0.334279835224152,-0.321260452270508,-0.544341683387756,-0.699100017547607
-0.64988762140274,-0.0389162376523017,1.3606766462326,0.334859162569046,-0.321206152439117,-0.544441223144531,-0.69877028465271
-0.650013506412506,-0.0383189395070076,1.3606024980545,0.335413604974747,-0.321564674377441,-0.544232487678528,-0.698501825332642
-0.650148928165436,-0.0376027673482894,1.36048400402069,0.33624330163002,-0.321731775999069,-0.544146478176117,-0.698092937469482
-0.650335431098938,-0.0369250252842903,1.36036515235901,0.337176263332367,-0.321864455938339,-0.544095933437347,-0.697620928287506
-0.650509417057037,-0.0362660437822341,1.36057102680206,0.338255345821381,-0.322133302688599,-0.543986320495605,-0.697059810161591
-0.650722563266754,-0.0356440693140029,1.36033713817596,0.339094072580338,-0.32180055975914,-0.544174790382385,-0.696658670902252
-0.650945901870728,-0.0348160341382026,1.36016464233398,0.340047925710678,-0.321866393089294,-0.543999671936035,-0.696300089359283
-0.651158154010773,-0.0340368375182151,1.36003220081329,0.341154962778091,-0.32195183634758,-0.54436731338501,-0.695431232452393
-0.651341438293457,-0.0331825613975524,1.35985314846039,0.34215122461319,-0.322097390890121,-0.544222116470337,-0.694987893104553
-0.651658177375793,-0.0324019417166709,1.35946846008301,0.343024700880051,-0.321942776441574,-0.54400372505188,-0.694799840450287
-0.651953160762787,-0.031464010477066,1.35929119586945,0.344340741634369,-0.321843504905701,-0.544391810894012,-0.693890392780304
-0.65221118927002,-0.0304389744997024,1.35896873474121,0.345426648855209,-0.321968227624893,-0.544312655925751,-0.693354666233063
-0.652516901493073,-0.0295044183731079,1.35874557495117,0.346607893705368,-0.321900516748428,-0.544385731220245,-0.692738890647888
-0.652907252311707,-0.0287412330508232,1.3584064245224,0.347844213247299,-0.32158088684082,-0.544862270355225,-0.691892504692078
-0.653294026851654,-0.0278693735599517,1.35855686664581,0.349333494901657,-0.321577161550522,-0.544696390628815,-0.691274106502533
-0.653802871704102,-0.0268927067518234,1.35824334621429,0.350951164960861,-0.321376919746399,-0.544894516468048,-0.690391302108765
-0.654235899448395,-0.0257749482989311,1.35803186893463,0.352350115776062,-0.321606427431107,-0.54461133480072,-0.689795076847076
-0.654665231704712,-0.0248603001236915,1.35773134231567,0.354062885046005,-0.321151196956635,-0.545331835746765,-0.688559949398041
-0.655287623405457,-0.0237330198287963,1.35710024833679,0.355448663234711,-0.320771336555481,-0.545318126678467,-0.688033699989319
-0.655860126018524,-0.0228322744369506,1.35699915885925,0.357272922992706,-0.320337563753128,-0.54563307762146,-0.687040388584137
-0.65634685754776,-0.0217333734035491,1.35644745826721,0.358798772096634,-0.32001531124115,-0.545817852020264,-0.686248064041138
-0.657037734985352,-0.0207144990563392,1.35628807544708,0.360861659049988,-0.319713562726974,-0.546106040477753,-0.685076832771301
-0.657623469829559,-0.0195384174585342,1.35609912872314,0.362805187702179,-0.319554775953293,-0.546086549758911,-0.684139311313629
-0.658261120319366,-0.0183927044272422,1.35576474666595,0.364617854356766,-0.319204956293106,-0.546559989452362,-0.682959794998169
-0.658927500247955,-0.0172811523079872,1.35531973838806,0.366422981023788,-0.318766921758652,-0.546761929988861,-0.68203604221344
-0.659668803215027,-0.0162025764584541,1.35496592521667,0.368412494659424,-0.31833478808403,-0.546997606754303,-0.680976390838623
-0.660263419151306,-0.0148875713348388,1.35421168804169,0.37014451622963,-0.318128883838654,-0.547321677207947,-0.679872095584869
-0.661057114601135,-0.0138288512825965,1.35394215583801,0.372136324644089,-0.317550331354141,-0.547564506530762,-0.678858995437622
-0.661652266979218,-0.0125513151288032,1.35369896888733,0.374086439609528,-0.317620754241943,-0.54781585931778,-0.677550315856934
-0.662493884563446,-0.0114660486578941,1.35327112674713,0.376264154911041,-0.31708624958992,-0.548155069351196,-0.676319122314453
-0.663218855857849,-0.0102776288986206,1.35280656814575,0.37824010848999,-0.316699594259262,-0.548254489898682,-0.675316751003265
-0.663932323455811,-0.0089708566665649,1.35238552093506,0.380699425935745,-0.316488146781921,-0.549159049987793,-0.673295974731445
-0.664597630500793,-0.0077963918447494,1.35134065151215,0.381925225257873,-0.315684407949448,-0.549333691596985,-0.672836661338806
-0.665505528450012,-0.006645031273365,1.35152411460876,0.384400010108948,-0.315514385700226,-0.549309253692627,-0.671525537967682
-0.66623318195343,-0.005345232784748,1.35107743740082,0.386503398418427,-0.31564724445343,-0.549722969532013,-0.669915556907654
-0.667111217975616,-0.0040979087352752,1.3506828546524,0.388768047094345,-0.315252900123596,-0.549902677536011,-0.668642044067383
-0.667871296405792,-0.0029018595814704,1.35030519962311,0.390511125326157,-0.315046727657318,-0.550050735473633,-0.667600750923157
-0.668720722198486,-0.001654677093029,1.34997200965881,0.392379283905029,-0.314962416887283,-0.550299346446991,-0.666339159011841
-0.66951709985733,-0.0003539621829986,1.34956359863281,0.394262254238129,-0.314951062202454,-0.550430417060852,-0.665123760700226
-0.670409739017487,0.0007979869842529,1.34925293922424,0.396210938692093,-0.314690470695496,-0.550485253334045,-0.664042770862579
-0.671318769454956,0.0020879954099655,1.34881722927094,0.398327350616455,-0.314362823963165,-0.550687074661255,-0.662763357162476
-0.672151148319244,0.00326719135046,1.34846556186676,0.399929225444794,-0.314159542322159,-0.551113247871399,-0.661539614200592
-0.673061728477478,0.004565455019474,1.34807646274567,0.401928752660751,-0.313874304294586,-0.551460385322571,-0.660172462463379
-0.67389714717865,0.0056815966963768,1.34763634204865,0.403677046298981,-0.313498139381409,-0.552019357681274,-0.658815979957581
-0.674564123153687,0.0070180147886276,1.34662437438965,0.404907524585724,-0.313392698764801,-0.552635252475739,-0.657593667507172
-0.67553836107254,0.0080403238534927,1.34682071208954,0.407113581895828,-0.313091248273849,-0.553312540054321,-0.655803143978119
-0.676228880882263,0.0092177018523216,1.34633195400238,0.408512204885483,-0.312883496284485,-0.554193377494812,-0.654287099838257
-0.67699009180069,0.0104605555534362,1.34592270851135,0.410195231437683,-0.312780022621155,-0.554588556289673,-0.652947247028351
-0.677641034126282,0.0115462318062782,1.34552919864655,0.411705821752548,-0.312775880098343,-0.55533903837204,-0.651358842849731
-0.678323447704315,0.0126840993762016,1.34505760669708,0.413269221782684,-0.31258562207222,-0.55620676279068,-0.649717748165131
-0.678910493850708,0.0138866305351257,1.34467554092407,0.414561539888382,-0.312619507312775,-0.556879937648773,-0.648299634456635
-0.679379940032959,0.0150628089904785,1.34365820884705,0.415184438228607,-0.312468826770782,-0.557707965373993,-0.647261142730713
-0.680142164230347,0.0161208361387252,1.34388530254364,0.417188137769699,-0.312337219715118,-0.558125793933868,-0.645674228668213
-0.680682897567749,0.0172881111502647,1.34349155426025,0.418555051088333,-0.312242448329925,-0.558919966220856,-0.64414656162262
-0.681326866149902,0.0183142498135566,1.34311592578888,0.41970756649971,-0.312021315097809,-0.559285283088684,-0.643186211585999
-0.681807398796082,0.0195721611380577,1.34279489517212,0.420956671237946,-0.312019377946854,-0.559839069843292,-0.641887605190277
-0.6822549700737,0.0205164030194282,1.34236323833466,0.421903192996979,-0.31191623210907,-0.56039696931839,-0.640828490257263
-0.682779014110565,0.0216663405299186,1.342045545578,0.423068583011627,-0.311873286962509,-0.560933172702789,-0.639610826969147
-0.683224558830261,0.0228119418025016,1.34166967868805,0.424114137887955,-0.311722427606583,-0.56134819984436,-0.638627171516418
-0.683642208576202,0.0238376706838607,1.34123539924622,0.424971789121628,-0.31189227104187,-0.56158709526062,-0.637763202190399
