x,y,z,q0,q1,q2,q3
0.684545159339905,-0.0661604404449462,1.24856925010681,-0.0365097634494304,0.045928630977869,0.63486385345459,-0.770393133163452
0.684474527835846,-0.066305473446846,1.24835622310638,-0.0357222333550453,0.046208169311285,0.633831560611725,-0.771262764930725
0.684287190437317,-0.0661427900195121,1.24846935272217,-0.0367162004113197,0.0475481040775775,0.631878018379211,-0.772736191749573
0.675813138484955,-0.069228820502758,1.25094187259674,-0.0098007274791598,0.0294140614569187,0.626860916614532,-0.778514206409454
0.675587892532349,-0.0692874193191528,1.25092577934265,-0.0102399680763483,0.0295656565576791,0.625329673290253,-0.779733240604401
0.675963997840881,-0.0695103406906127,1.25091850757599,-0.0098415799438953,0.0314874649047851,0.62455677986145,-0.780282437801361
0.68498706817627,-0.0676449090242385,1.24815320968628,-0.0311326719820499,0.0487647131085395,0.62246173620224,-0.780508995056152
0.67496794462204,-0.0693202540278434,1.25089430809021,-0.0106744719669222,0.0312040597200393,0.621539711952209,-0.782688200473785
0.675219774246216,-0.0695173516869545,1.25105500221252,-0.0113981897011399,0.0323495827615261,0.620815992355347,-0.783205687999725
0.674916923046112,-0.0695549473166465,1.25105166435242,-0.0115269189700484,0.032547079026699,0.619963407516479,-0.783870697021484
0.674406766891479,-0.0694934576749801,1.25107717514038,-0.0119298128411173,0.03358731046319,0.619088113307953,-0.784512281417847
0.675119936466217,-0.0703677982091903,1.25123536586761,-0.0110838878899812,0.0346331223845481,0.6195108294487,-0.784145414829254
0.673877894878387,-0.0697411596775055,1.25079345703125,-0.0111193060874938,0.0324011109769344,0.618318140506744,-0.785181045532227
0.673588395118713,-0.0696893781423568,1.25078737735748,-0.0111849252134561,0.0328198038041591,0.617766976356506,-0.785596370697021
0.673250019550323,-0.0695421397686004,1.25096571445465,-0.0123191373422741,0.0326398760080337,0.616806030273438,-0.786341607570648
0.673963785171509,-0.0702918022871017,1.25146996974945,-0.0127711631357669,0.035355556756258,0.616943776607513,-0.786108911037445
0.673773050308228,-0.070389911532402,1.25147807598114,-0.0129140028730034,0.0355892293155193,0.616621196269989,-0.786349058151245
0.673655569553375,-0.0704735070466995,1.25155436992645,-0.0130358459427952,0.0358299948275089,0.616164743900299,-0.786693930625916
0.672472596168518,-0.0698379650712013,1.25110185146332,-0.0129126776009798,0.0337924696505069,0.615427672863007,-0.78736275434494
0.672299206256866,-0.0698992684483528,1.25113141536713,-0.0131000252440571,0.0340470261871814,0.615338206291199,-0.78741866350174
0.672153472900391,-0.0699692219495773,1.25113451480865,-0.0133278975263237,0.0342040956020355,0.61530613899231,-0.787433087825775
0.671998381614685,-0.070023201406002,1.25115084648132,-0.013563385233283,0.0343470983207225,0.615314662456512,-0.787416160106659
0.672416388988495,-0.0701021030545234,1.25133860111237,-0.0143236145377159,0.035585381090641,0.615345478057861,-0.787323653697968
0.672225892543793,-0.0701718553900718,1.25131142139435,-0.0146639943122863,0.0355716533958911,0.615680932998657,-0.787055730819702
0.672069549560547,-0.0704512894153595,1.25126469135284,-0.0142057593911886,0.0359900668263435,0.615971684455872,-0.78681755065918
0.671982169151306,-0.0705536156892776,1.25133180618286,-0.0144415749236941,0.0363845229148864,0.616262197494507,-0.786567568778992
0.671862125396729,-0.0706884786486625,1.25121295452118,-0.0143364584073424,0.0363659933209419,0.617120385169983,-0.785897254943848
0.671023309230804,-0.0704776048660278,1.2510427236557,-0.0146825006231665,0.0354440212249755,0.617181301116943,-0.785885155200958
0.670863449573517,-0.0705770030617713,1.25105929374695,-0.014799328520894,0.0354692749679088,0.61772894859314,-0.785451352596283
0.670678496360779,-0.0706479474902153,1.25110375881195,-0.0152396913617849,0.0352798700332641,0.618147790431976,-0.785121917724609
0.670499980449677,-0.070675291121006,1.25110125541687,-0.0154054630547761,0.0353301614522933,0.618638694286346,-0.784729659557343
0.670376420021057,-0.0706945806741714,1.25112080574036,-0.015451019629836,0.0353022031486034,0.619158744812012,-0.784319818019867
0.67757773399353,-0.0672356039285659,1.2487576007843,-0.0433264710009098,0.0510671325027942,0.6233189702034,-0.779094636440277
0.670050501823425,-0.0707313567399978,1.25116586685181,-0.0159141719341278,0.0353411212563514,0.620382785797119,-0.783340871334076
0.677335560321808,-0.0672021210193634,1.24879968166351,-0.0437637604773044,0.0510860569775104,0.624872863292694,-0.777823209762573
0.669763684272766,-0.0707733631134033,1.25123488903046,-0.0163588058203458,0.0349599421024322,0.621919751167297,-0.782129228115082
0.670108079910278,-0.0701838955283165,1.25079417228699,-0.0160543639212846,0.0341632515192031,0.623126566410065,-0.781209588050842
0.67001485824585,-0.0701391994953155,1.25081717967987,-0.0162322614341974,0.0341986641287803,0.623985886573792,-0.780518233776093
0.681238114833832,-0.0684190616011619,1.24872422218323,-0.040732204914093,0.0549243167042732,0.625254392623901,-0.777419686317444
0.678234219551086,-0.0682067051529884,1.24937844276428,-0.0439522452652454,0.0543326698243618,0.630230247974396,-0.773256838321686
0.670349180698395,-0.0704868212342262,1.25097465515137,-0.0160374585539102,0.0358679629862308,0.62774932384491,-0.777423441410065
0.677475154399872,-0.0676927343010902,1.24911570549011,-0.0440192185342311,0.0528960265219211,0.631796419620514,-0.772073566913605
0.669980525970459,-0.0703636854887008,1.25114011764526,-0.0168990511447191,0.0356884263455867,0.629316329956055,-0.77614551782608
0.669863879680634,-0.0702766329050064,1.25116193294525,-0.0169916730374097,0.0356940180063247,0.630510866641998,-0.775173187255859
0.669796764850616,-0.0702292993664741,1.2512024641037,-0.0172421224415302,0.0359935574233531,0.631856262683868,-0.774057447910309
0.669722139835358,-0.0701350644230842,1.25124573707581,-0.0173169672489166,0.0361397750675678,0.632984399795532,-0.773126661777496
0.669685065746307,-0.0701108425855636,1.2512708902359,-0.017503947019577,0.0362351387739181,0.634193301200867,-0.7721266746521
0.669181644916534,-0.0701672211289405,1.2509378194809,-0.016543099656701,0.0357025749981403,0.636026382446289,-0.770663499832153
0.669173896312714,-0.0701141953468322,1.2509788274765,-0.0166588854044675,0.0359738990664482,0.637379109859467,-0.769529819488525
0.668918311595917,-0.0699008107185363,1.2511088848114,-0.0174265448004007,0.0354804918169975,0.638117492198944,-0.768923580646515
0.675973773002625,-0.0668222978711128,1.24921929836273,-0.0456937104463577,0.0527763590216636,0.642749309539795,-0.762889266014099
0.675989508628845,-0.0668111592531204,1.24922239780426,-0.0455526486039161,0.0519906990230083,0.644074022769928,-0.761833727359772
0.71311491727829,-0.0742578878998756,1.24932157993317,-0.0780888795852661,0.106181435286999,0.585739493370056,-0.799710392951965
0.713086605072021,-0.074158065021038,1.24936807155609,-0.0781250894069671,0.106538452208042,0.587335407733917,-0.798488020896912
0.712961435317993,-0.0741095244884491,1.24942421913147,-0.0783542692661285,0.106664627790451,0.588944435119629,-0.797262668609619
0.699223875999451,-0.0550874918699264,1.23927009105682,-0.103428743779659,0.0797773376107215,0.645214259624481,-0.752752721309662
0.67573618888855,-0.0662152916193008,1.24942004680634,-0.0458964258432388,0.0530379638075828,0.651167035102844,-0.755686402320862
0.67723149061203,-0.0671551898121833,1.24996316432953,-0.0453689955174922,0.0568584166467189,0.65327399969101,-0.753619134426117
0.676897585391998,-0.0668785274028778,1.24998223781586,-0.0458447970449924,0.0580994859337806,0.65497761964798,-0.752015292644501
0.669110059738159,-0.0692571997642517,1.2520318031311,-0.0181358288973569,0.0405675135552883,0.652566075325012,-0.756427705287933
0.668953716754913,-0.068932756781578,1.25196528434753,-0.018547348678112,0.0405531227588653,0.65422511100769,-0.754984021186829
0.668890237808228,-0.0687153488397598,1.2520238161087,-0.018671566620469,0.0410149805247783,0.655777871608734,-0.753607749938965
0.667697966098785,-0.0682669356465339,1.2518538236618,-0.0188986174762249,0.0394887365400791,0.656100034713745,-0.753403067588806
0.668315291404724,-0.0686883404850959,1.25249660015106,-0.0197381153702735,0.0416511930525302,0.657662153244019,-0.751901686191559
0.668224394321442,-0.0685184374451637,1.25257062911987,-0.0196741856634616,0.0419840179383754,0.659268915653229,-0.750476360321045
0.66887891292572,-0.0676129162311554,1.25296688079834,-0.0220648422837257,0.0419756211340427,0.662155449390411,-0.747864663600922
0.66887891292572,-0.0676129162311554,1.25296688079834,-0.0220648422837257,0.0419756211340427,0.662155449390411,-0.747864663600922
0.668025255203247,-0.0680394172668457,1.25248765945435,-0.019002329558134,0.0429464280605316,0.664465844631195,-0.74584174156189
0.666750609874725,-0.0669770762324333,1.25211954116821,-0.0190902259200811,0.0404480807483196,0.664998650550842,-0.745504081249237
0.666598916053772,-0.0667220279574394,1.25213849544525,-0.0190003160387277,0.040586668998003,0.666507601737976,-0.744150161743164
0.667722702026367,-0.0674352943897247,1.25261616706848,-0.0187058243900537,0.0439846962690353,0.669122695922852,-0.741613328456879
0.666575610637665,-0.0663795694708824,1.25210106372833,-0.0181825030595064,0.0416717529296875,0.6701380610466,-0.740842640399933
0.667486369609833,-0.0669843405485153,1.25266861915588,-0.0184086058288812,0.0444933362305164,0.672036468982697,-0.738950967788696
0.667320787906647,-0.0667169243097305,1.2526661157608,-0.0182919763028621,0.0446617826819419,0.67346578836441,-0.737641274929047
0.66718977689743,-0.0664810314774513,1.25267899036407,-0.0181869268417358,0.0448920018970966,0.675005197525024,-0.736221373081207
0.6670281291008,-0.0661409944295883,1.25264728069305,-0.0179945677518844,0.045020543038845,0.676559507846832,-0.73479026556015
0.666797697544098,-0.0658433958888053,1.25265467166901,-0.017649408429861,0.0452587082982063,0.677958965301514,-0.733492970466614
0.667288243770599,-0.0654989182949066,1.25293326377869,-0.0191146656870841,0.0455868951976299,0.68081933259964,-0.730781435966492
0.667147278785706,-0.0648999586701393,1.25299215316772,-0.0191414840519428,0.0455607511103153,0.682079374790192,-0.729606509208679
0.665447890758514,-0.0656570196151733,1.25311589241028,-0.0156873743981122,0.0450105927884578,0.683208823204041,-0.7286656498909
0.664523243904114,-0.0647409930825233,1.25266146659851,-0.0153022734448313,0.0429364703595638,0.684525072574615,-0.727562844753265
0.664523243904114,-0.0647409930825233,1.25266146659851,-0.0153022734448313,0.0429364703595638,0.684525072574615,-0.727562844753265
0.664389431476593,-0.0638934150338172,1.25275838375092,-0.0156809147447347,0.0435479395091533,0.687609136104584,-0.724604368209839
0.664369344711304,-0.063417263329029,1.25281071662903,-0.0157265048474073,0.0438360422849655,0.689201474189758,-0.72307151556015
0.665315985679626,-0.0621306002140045,1.25277256965637,-0.0182544607669115,0.0444669835269451,0.691241681575775,-0.721023142337799
0.6661257147789,-0.0624913088977336,1.25332689285278,-0.018583208322525,0.047098733484745,0.693081736564636,-0.719078838825226
0.666000366210938,-0.0620742514729499,1.25336647033691,-0.0186816360801458,0.0473091602325439,0.694551169872284,-0.717643022537231
0.665832221508026,-0.0616604909300804,1.25342178344727,-0.0185651704668998,0.0475895591080188,0.696016788482666,-0.716206252574921
0.665767908096313,-0.0611092299222946,1.25336408615112,-0.0176025126129388,0.048233762383461,0.698300182819366,-0.713961184024811
0.664501667022705,-0.0599242895841598,1.25300765037537,-0.0180165581405162,0.0457586199045181,0.698448479175568,-0.713968694210052
0.664296627044678,-0.0594563856720924,1.25301647186279,-0.0179299693554639,0.0461575053632259,0.699766218662262,-0.712653696537018
0.664349317550659,-0.058626938611269,1.25303065776825,-0.0173916686326265,0.0468233115971088,0.701546549797058,-0.71087110042572
0.66420590877533,-0.0582052133977413,1.25308287143707,-0.017299760133028,0.0474365875124931,0.702631413936615,-0.709760189056396
0.664969980716705,-0.0585682466626167,1.25364053249359,-0.0174223743379116,0.0502918623387813,0.703890740871429,-0.708311378955841
0.664647579193115,-0.0582762099802494,1.25363719463348,-0.0170406401157379,0.0511580631136894,0.705056846141815,-0.707097768783569
0.664647579193115,-0.0582762099802494,1.25363719463348,-0.0170406401157379,0.0511580631136894,0.705056846141815,-0.707097768783569
0.663941502571106,-0.0577820017933845,1.25420105457306,-0.0155662223696708,0.0521287098526954,0.706307411193848,-0.705811679363251
0.662747144699097,-0.056369487196207,1.25368010997772,-0.0152446050196886,0.0499229952692985,0.706911325454712,-0.705373525619507
0.66263210773468,-0.0558995530009269,1.25378561019897,-0.0151350200176239,0.0511116236448287,0.707870841026306,-0.704327702522278
0.662233889102936,-0.0556898601353168,1.25378441810608,-0.0147019298747181,0.051795270293951,0.709252059459686,-0.702895939350128
0.662049531936646,-0.0546718761324882,1.25381171703339,-0.0145687293261289,0.05215834826231,0.709404408931732,-0.702718019485474
0.661863207817078,-0.0541746765375137,1.25397121906281,-0.0143879437819123,0.0532622523605823,0.71020495891571,-0.701829731464386
0.662620544433594,-0.0543835423886776,1.25460660457611,-0.0146220987662673,0.0565830767154693,0.711292624473572,-0.700462341308594
0.662463545799255,-0.053576648235321,1.25455820560455,-0.0148552907630801,0.0572141930460929,0.712110638618469,-0.699574530124664
0.662096798419952,-0.0531719140708446,1.25471973419189,-0.0141883045434951,0.0584136173129081,0.712837934494019,-0.698747992515564
0.662096798419952,-0.0531719140708446,1.25471973419189,-0.0141883045434951,0.0584136173129081,0.712837934494019,-0.698747992515564
0.661680340766907,-0.0515657402575016,1.25508010387421,-0.0140951098874211,0.0598649755120277,0.714078783988953,-0.697358548641205
0.661657750606537,-0.0506931878626346,1.25512719154358,-0.0144839854910969,0.0610290691256523,0.714956283569336,-0.696349859237671
0.6613729596138,-0.049777328968048,1.25521564483643,-0.0146213481202721,0.0620062127709388,0.715850055217743,-0.695341825485229
0.661223351955414,-0.0490164831280708,1.25532674789429,-0.0147702991962432,0.0629472732543945,0.716450273990631,-0.694635629653931
0.660018563270569,-0.0472497455775737,1.25480723381042,-0.0145853692665696,0.0617514215409755,0.717095017433167,-0.69408130645752
0.659870147705078,-0.0463996641337871,1.25500392913818,-0.0146322082728147,0.0625793412327766,0.717677712440491,-0.693403601646423
0.659541249275208,-0.0458898469805717,1.25508594512939,-0.0144988019019365,0.0636401027441024,0.718888103961945,-0.692054748535156
0.659303069114685,-0.0445884875953197,1.25520467758179,-0.0144817233085632,0.0646448954939842,0.718828439712524,-0.692023992538452
0.659062504768372,-0.0436910651624202,1.25525975227356,-0.0144896963611245,0.0658484399318695,0.719558656215668,-0.691150605678558
0.658771872520447,-0.0431790128350257,1.25528693199158,-0.0143766133114695,0.0670695677399635,0.720582962036133,-0.689967572689056
0.658578515052795,-0.0418633855879306,1.25555527210236,-0.013939606025815,0.0681697875261306,0.720364928245544,-0.690096497535706
0.658921539783478,-0.0410513207316398,1.25575137138367,-0.0148069383576512,0.0706061422824859,0.721012353897095,-0.689156532287598
0.658073127269745,-0.0399636253714561,1.25567054748535,-0.0140803400427103,0.0706348195672035,0.721611380577087,-0.68854147195816
0.658073127269745,-0.0399636253714561,1.25567054748535,-0.0140803400427103,0.0706348195672035,0.721611380577087,-0.68854147195816
0.657253980636597,-0.0377962924540042,1.25598931312561,-0.0142092565074563,0.0714569166302681,0.723042011260986,-0.686951458454132
0.657324492931366,-0.0370858162641525,1.2557532787323,-0.0133138615638017,0.0746636912226677,0.722883939743042,-0.686794698238373
0.657070219516754,-0.0365213677287101,1.25578725337982,-0.0129681751132011,0.0763216018676757,0.7239009141922,-0.68554675579071
0.657051086425781,-0.0352087095379829,1.25589430332184,-0.012778322212398,0.0777085572481155,0.723632514476776,-0.685678005218506
0.657783210277557,-0.0349589362740516,1.25645220279694,-0.0128160985186696,0.0819168537855148,0.724109828472137,-0.684682786464691
0.656671106815338,-0.0331551544368267,1.2559449672699,-0.0122526157647371,0.081173725426197,0.724164068698883,-0.684724271297455
0.656501770019531,-0.0322205722332,1.2559015750885,-0.0119076166301965,0.0827319025993347,0.72425377368927,-0.684448778629303
0.656302452087402,-0.0312858782708644,1.25592970848083,-0.0115420622751116,0.0844377279281616,0.724239408969879,-0.684261918067932
0.656302452087402,-0.0312858782708644,1.25592970848083,-0.0115420622751116,0.0844377279281616,0.724239408969879,-0.684261918067932
0.65634673833847,-0.0290142633020877,1.25608050823212,-0.0123373232781887,0.0881567597389221,0.723942756652832,-0.684092819690704
0.655849993228912,-0.0283366963267326,1.25599193572998,-0.0102677242830395,0.089900255203247,0.724037528038025,-0.683799922466278
0.655808866024017,-0.0272912923246622,1.25593590736389,-0.0102697554975748,0.0922520756721496,0.724037766456604,-0.68348628282547
0.655808866024017,-0.0272912923246622,1.25593590736389,-0.0102697554975748,0.0922520756721496,0.724037766456604,-0.68348628282547
0.656447410583496,-0.0259673949331045,1.25652277469635,-0.0094381775707006,0.0985099896788597,0.723798871040344,-0.682877719402313
0.655999839305878,-0.0242856442928314,1.25677418708801,-0.0093615557998418,0.0984304174780845,0.723398566246033,-0.683314323425293
0.656171381473541,-0.0238063819706439,1.25643944740295,-0.0085449814796447,0.102512963116169,0.723113358020782,-0.683026432991028
0.655896604061127,-0.0229920521378517,1.25656425952911,-0.0073769497685134,0.104340240359306,0.722408711910248,-0.683508932590485
0.65587842464447,-0.0217709876596927,1.25643348693848,-0.0073648523539304,0.106735199689865,0.722253441810608,-0.68330317735672
0.65557062625885,-0.0207479931414127,1.25656187534332,-0.0059044873341917,0.108351275324821,0.721522331237793,-0.683835327625275
0.655450522899628,-0.0198108851909637,1.25660765171051,-0.0052423034794628,0.110758975148201,0.721123158931732,-0.683876097202301
0.655367314815521,-0.0186716523021459,1.25652062892914,-0.0045704767107963,0.112554885447025,0.720451414585114,-0.684295535087585
0.655184924602509,-0.0175924785435199,1.2565495967865,-0.0038119067903608,0.114766597747803,0.719836115837097,-0.684580206871033
0.655033588409424,-0.0165752954781055,1.25650238990784,-0.0029156461823731,0.116881504654884,0.719024837017059,-0.685079216957092
0.653876602649689,-0.0147472284734249,1.25583148002625,-0.001703425659798,0.116486459970474,0.71802282333374,-0.686200559139252
0.653674125671387,-0.0136607084423303,1.25582027435303,-0.000578467559535,0.118529446423054,0.717215001583099,-0.68669730424881
0.653523445129395,-0.0125629054382443,1.2557600736618,0.0003342747222632,0.120433785021305,0.716317236423492,-0.687302887439728
0.654055416584015,-0.012334993109107,1.25632166862488,0.0014485333813354,0.124476060271263,0.715532422065735,-0.687398731708527
0.65386950969696,-0.0112155359238386,1.25628530979156,0.0022638109512627,0.126664862036705,0.714553534984589,-0.688014686107635
0.653586566448212,-0.0101009272038936,1.25627362728119,0.0033745493274182,0.128444656729698,0.713408291339874,-0.68886810541153
0.653484523296356,-0.009062492288649,1.25629758834839,0.0040029706433415,0.130972012877464,0.712352752685547,-0.689480900764465
0.653282523155212,-0.0078531997278332,1.25625717639923,0.0045574968680739,0.132538244128227,0.711347460746765,-0.690215885639191
0.653092801570892,-0.0067426692694425,1.25631284713745,0.0052672205492854,0.13440166413784,0.710232555866241,-0.690998077392578
0.652961611747742,-0.0055463165044784,1.25636553764343,0.0058533321134746,0.136237531900406,0.709034025669098,-0.69186407327652
0.652041614055634,-0.0036589475348591,1.25577187538147,0.0065043992362916,0.13604348897934,0.70772910118103,-0.693231225013733
0.652608573436737,-0.0033501163125038,1.25641369819641,0.0070520108565688,0.140190973877907,0.706642985343933,-0.693507492542267
0.652402997016907,-0.0022490937262773,1.25643014907837,0.0078244740143418,0.142095953226089,0.705405533313751,-0.694370627403259
0.652234256267548,-0.0012035015970468,1.25648617744446,0.0083321332931518,0.144160643219948,0.704164266586304,-0.695198595523834
0.652107059955597,-0.0002417806535959,1.25652647018433,0.0089844958856701,0.146237745881081,0.702821552753448,-0.696114838123322
0.651994824409485,0.0009820088744163,1.25637483596802,0.0084823789075016,0.148080572485924,0.70121043920517,-0.697355151176453
0.652115345001221,0.0024585239589214,1.25620007514954,0.0081037683412432,0.149536222219467,0.700345635414124,-0.697917699813843
0.651287734508514,0.0031984020024538,1.25647783279419,0.0090513695031404,0.153588205575943,0.698562562465668,-0.698812663555145
0.651287734508514,0.0031984020024538,1.25647783279419,0.0090513695031404,0.153588205575943,0.698562562465668,-0.698812663555145
0.650531411170959,0.0048184376209974,1.25644040107727,0.0111969942227005,0.15698729455471,0.696319878101349,-0.700263142585754
0.649487376213074,0.0064196977764368,1.25583338737488,0.0122758969664573,0.156483188271522,0.694927155971527,-0.70173966884613
0.64995813369751,0.0065564047545194,1.25641632080078,0.0129001317545771,0.160083308815956,0.694141864776611,-0.701693713665009
0.649410903453827,0.0079346317797899,1.25604224205017,0.0150105049833655,0.160211250185966,0.693468570709229,-0.702288150787354
0.648823738098145,0.0089307501912117,1.25579535961151,0.0162655394524335,0.160747334361076,0.692667305469513,-0.702928066253662
0.648913383483887,0.0097797391936182,1.25570869445801,0.0183380637317895,0.160872384905815,0.692305386066437,-0.703204929828644
0.649390935897827,0.0096313022077083,1.25628960132599,0.0185558684170246,0.163597032427788,0.691768884658813,-0.70309853553772
0.649169147014618,0.0103273373097181,1.25631284713745,0.0195290595293045,0.165007337927818,0.69118994474411,-0.703311860561371
0.648909687995911,0.0111727099865674,1.25623953342438,0.0203166343271732,0.166072100400925,0.690455615520477,-0.703760087490082
0.648733139038086,0.0119244940578937,1.25626540184021,0.0211157109588384,0.167424559593201,0.689792633056641,-0.704066216945648
0.648733139038086,0.0119244940578937,1.25626540184021,0.0211157109588384,0.167424559593201,0.689792633056641,-0.704066216945648
0.648537695407867,0.0125734638422727,1.2562814950943,0.0219473950564861,0.168738633394241,0.689399003982544,-0.704112708568573
0.648138463497162,0.0141514865681529,1.25617039203644,0.0231516659259796,0.170599400997162,0.68822181224823,-0.704777121543884
0.649293005466461,0.0158675983548164,1.25606727600098,0.0209049824625253,0.171925619244576,0.688008546829224,-0.70473325252533
0.649293005466461,0.0158675983548164,1.25606727600098,0.0209049824625253,0.171925619244576,0.688008546829224,-0.70473325252533
0.647420704364777,0.0163169167935848,1.25611257553101,0.0249398052692413,0.173274472355843,0.686815738677979,-0.705434799194336
0.647140860557556,0.0171551257371902,1.25598847866058,0.0254692640155553,0.173744946718216,0.686326146125793,-0.705776393413544
0.646940112113953,0.0178180523216724,1.25595510005951,0.0258458107709884,0.174369692802429,0.685925602912903,-0.705998003482819
0.648413777351379,0.0195206254720687,1.25585412979126,0.0231027528643608,0.176113843917847,0.68591171503067,-0.70567375421524
0.648261547088623,0.0202549360692501,1.2558137178421,0.0233491249382495,0.176733881235123,0.685510396957397,-0.705900549888611
0.648261547088623,0.0202549360692501,1.2558137178421,0.0233491249382495,0.176733881235123,0.685510396957397,-0.705900549888611
0.647990822792053,0.0216335617005825,1.25574231147766,0.023603867739439,0.17756624519825,0.684528827667236,-0.706635236740112
0.647900581359863,0.0222619045525789,1.25580716133118,0.0236913282424211,0.178276568651199,0.684220194816589,-0.706752359867096
0.647705495357513,0.0230849310755729,1.25571298599243,0.0238617118448019,0.178574919700623,0.683578133583069,-0.707292556762695
0.647508323192596,0.0237302146852016,1.25570690631866,0.0236079804599285,0.178689792752266,0.683057129383087,-0.707775115966797
0.647400319576263,0.0243140924721956,1.25571966171265,0.0236655380576849,0.179012015461922,0.682754576206207,-0.707983672618866
0.647255599498749,0.0249047838151454,1.25570261478424,0.0236967355012893,0.179282426834106,0.682384192943573,-0.708271205425262
0.647067248821259,0.0254746619611978,1.25567626953125,0.0237683877348899,0.179427236318588,0.681978821754456,-0.708622574806213
0.646988272666931,0.0260340757668018,1.25567400455475,0.0236998293548822,0.179699301719665,0.681636035442352,-0.708885729312897
0.646905660629272,0.0265210065990686,1.25567483901978,0.0238107144832611,0.179998636245728,0.681444644927979,-0.708989858627319
0.646755635738373,0.0270480569452047,1.25560200214386,0.0239295307546854,0.18017441034317,0.680989801883698,-0.709378302097321
0.646731674671173,0.0277048610150814,1.25560998916626,0.0234625171869993,0.180259957909584,0.680566012859344,-0.709778666496277
0.646659076213837,0.0281811840832233,1.25556480884552,0.0233398601412773,0.180340066552162,0.680340707302094,-0.709978342056274
0.646582901477814,0.0285565461963415,1.25555562973022,0.0233445279300212,0.180544629693031,0.680112063884735,-0.710145354270935
0.646582901477814,0.0285565461963415,1.25555562973022,0.0233445279300212,0.180544629693031,0.680112063884735,-0.710145354270935
0.64638090133667,0.0293119885027408,1.25546646118164,0.0235903318971395,0.18058554828167,0.67968088388443,-0.71053946018219
0.645675182342529,0.0303547792136669,1.25488030910492,0.0235116146504879,0.178835615515709,0.67913955450058,-0.711501717567444
0.646245002746582,0.0301058609038591,1.25542616844177,0.0231416709721088,0.180666968226433,0.679434895515442,-0.710768699645996
0.646117210388184,0.0303273648023605,1.25532639026642,0.0233864970505237,0.180638864636421,0.679380238056183,-0.710820198059082
0.646083116531372,0.0306424368172884,1.25530564785004,0.0232374127954244,0.180636614561081,0.679297924041748,-0.71090430021286
0.646059334278107,0.030887546017766,1.25528979301453,0.0231644809246063,0.180604875087738,0.679232597351074,-0.710977256298065
0.646009564399719,0.0311370491981506,1.25525379180908,0.0230944212526083,0.180711105465889,0.679261445999146,-0.710924804210663
0.645983219146729,0.0313614755868911,1.2552216053009,0.0230157915502786,0.180793076753616,0.679255187511444,-0.71091240644455
0.646014451980591,0.0314878821372985,1.25516963005066,0.0225718971341848,0.179911673069,0.679312288761139,-0.711095869541168
0.645970284938812,0.0316763259470462,1.25509917736053,0.0225632973015308,0.179791212081909,0.679387152194977,-0.711054980754852
0.645905733108521,0.031894750893116,1.25500273704529,0.0225331839174032,0.179549664258957,0.679456055164337,-0.711051106452942
0.645905733108521,0.031894750893116,1.25500273704529,0.0225331839174032,0.179549664258957,0.679456055164337,-0.711051106452942
0.645825624465942,0.0322108753025531,1.25492465496063,0.022678067907691,0.179603382945061,0.679596483707428,-0.710898697376251
0.64573746919632,0.0324907079339027,1.25476825237274,0.0224290620535612,0.177995681762695,0.679934084415436,-0.710988163948059
0.645657420158386,0.032710462808609,1.25464534759521,0.0223070308566093,0.177287325263023,0.680039465427399,-0.711068212985992
0.645617485046387,0.032883521169424,1.25457501411438,0.0222162995487451,0.176426038146019,0.680297791957855,-0.711038112640381
0.645592570304871,0.0330374389886856,1.25451552867889,0.0221490040421485,0.175626829266548,0.68055135011673,-0.710995435714722
0.645597219467163,0.0332145206630229,1.25439131259918,0.0217052996158599,0.174716174602508,0.680808067321777,-0.710987865924835
0.645520746707916,0.0333326272666454,1.25435733795166,0.0217061433941125,0.173858165740967,0.681142449378967,-0.71087771654129
0.645520746707916,0.0333326272666454,1.25435733795166,0.0217061433941125,0.173858165740967,0.681142449378967,-0.71087771654129
0.645448923110962,0.0334872715175151,1.25425601005554,0.0215770974755287,0.171895444393158,0.681825459003448,-0.710704207420349
0.645448923110962,0.0334872715175151,1.25425601005554,0.0215770974755287,0.171895444393158,0.681825459003448,-0.710704207420349
0.645441234111786,0.0335040912032127,1.25421571731567,0.0214679725468158,0.171045377850533,0.682185053825378,-0.710567593574524
0.645335733890533,0.0334965586662292,1.25401878356934,0.0213293731212615,0.168899685144424,0.683019757270813,-0.710283041000366
0.645335733890533,0.0334965586662292,1.25401878356934,0.0213293731212615,0.168899685144424,0.683019757270813,-0.710283041000366
0.645316004753113,0.033445555716753,1.25392615795135,0.0213612411171197,0.16782183945179,0.683454811573029,-0.710119068622589
0.645355582237244,0.0334451980888843,1.25383281707764,0.0215128753334283,0.166591823101044,0.683909296989441,-0.709966719150543
0.645326793193817,0.0333451777696609,1.2537499666214,0.021428644657135,0.165520012378693,0.68434476852417,-0.709800124168396
0.645265698432922,0.0332265049219131,1.25362956523895,0.0211180057376623,0.164512515068054,0.684674978256226,-0.709725260734558
0.655179977416992,0.0400404408574104,1.24356687068939,0.005419869441539,0.138662546873093,0.658286929130554,-0.739865958690643
0.655179977416992,0.0400404408574104,1.24356687068939,0.005419869441539,0.138662546873093,0.658286929130554,-0.739865958690643
0.654658317565918,0.0382272414863109,1.24401795864105,0.007117623463273,0.137702986598015,0.659404695034027,-0.739035069942474
0.655876874923706,0.0387458093464374,1.24400615692139,0.0050892448052763,0.137454494833946,0.660265803337097,-0.73832893371582
0.654804646968842,0.0377818495035171,1.24396002292633,0.0069236708804965,0.13561800122261,0.660104990005493,-0.738797187805176
0.645565509796143,0.0318493396043777,1.25319540500641,0.0208704005926847,0.156471535563469,0.68790876865387,-0.708422720432281
0.645565509796143,0.0318493396043777,1.25319540500641,0.0208704005926847,0.156471535563469,0.68790876865387,-0.708422720432281
0.644351184368134,0.0307021532207727,1.25320243835449,0.0233534984290599,0.15478540956974,0.687882959842682,-0.708740651607513
0.644351184368134,0.0307021532207727,1.25320243835449,0.0233534984290599,0.15478540956974,0.687882959842682,-0.708740651607513
0.644591867923737,0.0301542431116104,1.25312304496765,0.0228574350476264,0.152211844921112,0.688951671123505,-0.7082759141922
0.644721150398254,0.0297910571098327,1.25312900543213,0.022677382454276,0.151033893227577,0.689330756664276,-0.708164989948273
0.645006954669952,0.0290824472904205,1.25297701358795,0.0221640281379222,0.148239582777023,0.69001579284668,-0.708104610443115
0.645006954669952,0.0290824472904205,1.25297701358795,0.0221640281379222,0.148239582777023,0.69001579284668,-0.708104610443115
0.645046532154083,0.0288420505821704,1.25289940834045,0.0219808649271726,0.146491333842277,0.690516710281372,-0.707985758781433
0.645392894744873,0.027956074103713,1.2529308795929,0.020117200911045,0.144170492887497,0.690689206123352,-0.708349168300629
0.645333349704742,0.0274871289730072,1.25279498100281,0.0205818582326173,0.143566325306892,0.691664218902588,-0.707506656646729
0.645333349704742,0.0274871289730072,1.25279498100281,0.0205818582326173,0.143566325306892,0.691664218902588,-0.707506656646729
0.645333349704742,0.0274871289730072,1.25279498100281,0.0205818582326173,0.143566325306892,0.691664218902588,-0.707506656646729
0.645894587039948,0.026434451341629,1.25270628929138,0.0189918596297502,0.139835491776466,0.69203907251358,-0.707931816577911
0.645788967609406,0.0260083694010972,1.25270676612854,0.0185527689754962,0.13939905166626,0.692219853401184,-0.707852721214294
0.646099507808685,0.0254547782242298,1.25255811214447,0.0181891899555921,0.136171489953995,0.692922532558441,-0.707802891731262
0.645430386066437,0.0256857275962829,1.25185739994049,0.0179011039435863,0.132388830184936,0.692957103252411,-0.708493590354919
0.646314799785614,0.0240405555814504,1.25238251686096,0.0162225738167762,0.13203738629818,0.694161295890808,-0.70742005109787
0.646314799785614,0.0240405555814504,1.25238251686096,0.0162225738167762,0.13203738629818,0.694161295890808,-0.70742005109787
0.646560251712799,0.0234890934079885,1.25223350524902,0.016201052814722,0.128870844841003,0.694682717323303,-0.707492649555206
0.646608352661133,0.0230763982981443,1.25218260288239,0.0148315895348787,0.128093808889389,0.694945394992828,-0.707405805587769
0.646993637084961,0.0223343931138515,1.25211143493652,0.0145729091018438,0.125203251838684,0.695545971393585,-0.707338452339172
0.647029221057892,0.0218364968895912,1.2520227432251,0.0140513041988015,0.123063497245312,0.695941030979156,-0.707335948944092
0.646884024143219,0.021425399929285,1.25193810462952,0.0128951566293835,0.12202138453722,0.696333944797516,-0.707151710987091
0.646884024143219,0.021425399929285,1.25193810462952,0.0128951566293835,0.12202138453722,0.696333944797516,-0.707151710987091
0.647324621677399,0.0201533548533916,1.25179636478424,0.0118003841489553,0.116929486393929,0.697167813777924,-0.707209467887878
0.647324621677399,0.0201533548533916,1.25179636478424,0.0118003841489553,0.116929486393929,0.697167813777924,-0.707209467887878
0.647390365600586,0.0185996890068054,1.25168418884277,0.0107270563021302,0.112835213541985,0.698616683483124,-0.706461608409882
0.647623419761658,0.0178995132446289,1.25161385536194,0.0081460243090987,0.109358072280884,0.699058890342712,-0.706605315208435
0.647623419761658,0.0178995132446289,1.25161385536194,0.0081460243090987,0.109358072280884,0.699058890342712,-0.706605315208435
0.648028552532196,0.0165771283209323,1.25151324272156,0.0069844247773289,0.104047670960426,0.700280606746674,-0.706210017204285
0.648028552532196,0.0165771283209323,1.25151324272156,0.0069844247773289,0.104047670960426,0.700280606746674,-0.706210017204285
0.648529171943665,0.0167995616793632,1.25128960609436,0.0040721255354583,0.102635309100151,0.701245486736298,-0.705481648445129
0.648626029491425,0.015697780996561,1.25140297412872,0.0048191123642027,0.0994471758604049,0.701416611671448,-0.705763280391693
0.648285984992981,0.0154828010126948,1.25061988830566,0.0019183123949915,0.0924410820007324,0.702588975429535,-0.705563426017761
0.649190068244934,0.0137113975360989,1.25133812427521,0.003122542751953,0.0932847112417221,0.704142391681671,-0.703897535800934
0.649190068244934,0.0137113975360989,1.25133812427521,0.003122542751953,0.0932847112417221,0.704142391681671,-0.703897535800934
0.649088144302368,0.0131420362740755,1.25133609771729,0.0016876963200047,0.0903354734182357,0.703676223754883,-0.704752862453461
0.64914333820343,0.0129144564270973,1.25101971626282,0.0012051296653226,0.0871133878827095,0.70484185218811,-0.70399421453476
0.649360954761505,0.0118202529847621,1.25130546092987,0.0004666447348427,0.0877681374549865,0.705865263938904,-0.702887535095215
0.64950704574585,0.0106312427669763,1.25120043754578,0.0004782051546499,0.0847680270671844,0.706991255283356,-0.702123761177063
0.648972928524017,0.0111415684223175,1.25072908401489,-0.0009395741508342,0.0799665674567222,0.707029700279236,-0.702647626399994
0.64988899230957,0.0098129995167255,1.25121831893921,-0.0019753777887672,0.081553503870964,0.707815945148468,-0.70167064666748
0.650011658668518,0.008988969027996,1.25123190879822,-0.0027542938478291,0.0797042399644851,0.708340287208557,-0.701351344585419
0.649284839630127,0.0084901535883545,1.25056314468384,-0.0026782248169183,0.074097141623497,0.709110260009766,-0.701188325881958
0.650050938129425,0.0072031901217997,1.25098073482513,-0.0030439051333814,0.0742362737655639,0.70904004573822,-0.701243162155151
0.650517284870148,0.0066262916661798,1.25114178657532,-0.0043236068449914,0.0725571885704994,0.710033893585205,-0.700406014919281
0.650517284870148,0.0066262916661798,1.25114178657532,-0.0043236068449914,0.0725571885704994,0.710033893585205,-0.700406014919281
0.650593221187592,0.0049399994313716,1.25109791755676,-0.0059451162815093,0.0697386264801025,0.711836457252502,-0.698849141597748
0.650733888149261,0.0041378610767424,1.25112462043762,-0.0064076082780957,0.0677535906434059,0.712445735931396,-0.698419272899628
0.650965988636017,0.0038015176542103,1.25113439559937,-0.0071988734416663,0.065820887684822,0.712550759315491,-0.698489248752594
0.650984704494476,0.0030282610096037,1.25119090080261,-0.0083424123004078,0.0648370236158371,0.713181674480438,-0.697924494743347
0.65105676651001,0.0012762360274791,1.25137341022491,-0.0097148604691028,0.0585055612027645,0.714568495750427,-0.697047114372253
0.651253461837769,0.0005770218558609,1.25127649307251,-0.0102907279506325,0.0574106313288211,0.715164005756378,-0.696518838405609
0.651262760162354,-0.0002656090073287,1.25139987468719,-0.0109945144504308,0.056727547198534,0.715660870075226,-0.696053564548492
0.651262760162354,-0.0002656090073287,1.25139987468719,-0.0109945144504308,0.056727547198534,0.715660870075226,-0.696053564548492
0.651262760162354,-0.0002656090073287,1.25139987468719,-0.0109945144504308,0.056727547198534,0.715660870075226,-0.696053564548492
0.650849997997284,-0.0019430024549365,1.250896692276,-0.0123910214751958,0.0496495515108108,0.716795146465302,-0.695403516292572
0.651021242141724,-0.0028979014605283,1.25081658363342,-0.0128921559080481,0.0489955954253673,0.716956079006195,-0.695274949073792
0.651021242141724,-0.0028979014605283,1.25081658363342,-0.0128921559080481,0.0489955954253673,0.716956079006195,-0.695274949073792
0.651017904281616,-0.0038454039022326,1.25079202651978,-0.013613473623991,0.0470310188829898,0.717128872871399,-0.695218682289124
0.651409983634949,-0.0045526623725891,1.25087130069733,-0.0137721514329314,0.0454601161181926,0.716792523860931,-0.695666790008545
0.651482284069061,-0.0058633973821997,1.25085437297821,-0.0141408257186412,0.0444548353552818,0.717817008495331,-0.694667279720306
0.651673793792725,-0.0063613355159759,1.25084948539734,-0.0145487207919359,0.0430307164788246,0.71746814250946,-0.695108771324158
0.652761220932007,-0.0084409853443503,1.25135505199432,-0.0151891941204667,0.0442539304494857,0.718790411949158,-0.693650782108307
0.652004241943359,-0.0085924193263053,1.25082874298096,-0.015208906494081,0.0399936288595199,0.719014763832092,-0.693676471710205
0.652210175991058,-0.0091339023783802,1.2508020401001,-0.0154100563377141,0.0388538353145122,0.718440175056458,-0.69433182477951
0.653337836265564,-0.0113056935369968,1.25114738941193,-0.0162123013287782,0.0403150804340839,0.719657301902771,-0.692968428134918
0.653577089309692,-0.011879357509315,1.25118911266327,-0.0164682939648628,0.0395759642124176,0.719300627708435,-0.693375289440155
0.652758240699768,-0.0123968571424484,1.25077641010284,-0.0158361196517944,0.0360556282103061,0.719531834125519,-0.693342089653015
0.653884708881378,-0.0136085655540227,1.25122022628784,-0.0166892055422067,0.0367415212094783,0.719610631465912,-0.693204343318939
0.653968691825867,-0.0146248508244752,1.25120949745178,-0.0166403837502002,0.0357054956257343,0.71969997882843,-0.693166792392731
0.654207587242126,-0.01587575674057,1.25106179714203,-0.0171716175973415,0.0347018353641033,0.72050529718399,-0.692367851734161
0.65448671579361,-0.016346052289009,1.25104916095734,-0.0173978880047798,0.0335177257657051,0.719908177852631,-0.693041265010834
0.654670715332031,-0.0178594905883073,1.25111508369446,-0.0170673970133066,0.0313869304955005,0.720475792884827,-0.692559063434601
0.6549271941185,-0.0186939127743244,1.25108420848846,-0.0170900244265794,0.0307613629847764,0.72063946723938,-0.692416429519653
0.654949903488159,-0.0191395711153745,1.25109589099884,-0.0173886232078075,0.0303608998656272,0.720020234584808,-0.693070650100708
0.655071794986725,-0.0203628782182931,1.25099170207977,-0.0174043141305446,0.0295270048081874,0.720645308494568,-0.692456245422363
0.655418336391449,-0.020880689844489,1.25091290473938,-0.017878457903862,0.0290746465325355,0.720131993293762,-0.6929971575737
0.655418336391449,-0.020880689844489,1.25091290473938,-0.017878457903862,0.0290746465325355,0.720131993293762,-0.6929971575737
0.654748141765594,-0.0221620500087738,1.25022757053375,-0.0174469742923975,0.024858770892024,0.720545530319214,-0.692742228507996
0.65729171037674,-0.0244130324572324,1.2500456571579,-0.009708140976727,0.0115474462509155,0.720517337322235,-0.693272769451141
0.658680200576782,-0.0258435029536485,1.25048518180847,-0.0103196930140256,0.0139802377671003,0.720239281654358,-0.693508088588715
0.658852279186249,-0.0270776227116584,1.25036072731018,-0.0101048918440938,0.0131568880751729,0.72068989276886,-0.693059146404266
0.659150123596191,-0.0276579614728689,1.25029051303864,-0.0101876091212034,0.0127142332494258,0.720295310020447,-0.693476378917694
0.659167587757111,-0.0287535116076469,1.250408411026,-0.0093366298824548,0.0115277851000428,0.720059752464294,-0.693753480911255
0.659328877925873,-0.029972830787301,1.25030064582825,-0.009075098671019,0.0109370350837707,0.72070837020874,-0.69309276342392
0.65973424911499,-0.0309683270752429,1.2502920627594,-0.0091659612953662,0.0108842588961124,0.720816314220428,-0.692980170249939
0.658814907073975,-0.0306954849511384,1.24981939792633,-0.0084587447345256,0.0073271463625133,0.719842672348022,-0.694047093391418
0.660022497177124,-0.0324632041156291,1.25021970272064,-0.0085485745221376,0.0095962416380643,0.720021545886993,-0.693832755088806
0.660022497177124,-0.0324632041156291,1.25021970272064,-0.0085485745221376,0.0095962416380643,0.720021545886993,-0.693832755088806
0.660376667976379,-0.0346917659044265,1.25018775463104,-0.0079607497900724,0.0088601289317011,0.720475494861603,-0.693378210067749
0.660376667976379,-0.0346917659044265,1.25018775463104,-0.0079607497900724,0.0088601289317011,0.720475494861603,-0.693378210067749
0.660830676555634,-0.0360410474240779,1.25020170211792,-0.0077333678491413,0.0080956313759088,0.719520628452301,-0.694380879402161
0.659898519515991,-0.0363576412200927,1.24966824054718,-0.0072547635063529,0.0049449973739683,0.719584047794342,-0.694349884986877
0.659898519515991,-0.0363576412200927,1.24966824054718,-0.0072547635063529,0.0049449973739683,0.719584047794342,-0.694349884986877
0.660363495349884,-0.0375998467206954,1.24971127510071,-0.0072312671691179,0.0042266715317964,0.718607842922211,-0.695365130901337
0.661493957042694,-0.0395983979105949,1.2501528263092,-0.0073550716042518,0.006385815795511,0.718912661075592,-0.695032179355621
0.660885870456696,-0.0395054891705513,1.24962532520294,-0.0074119265191257,0.003984700422734,0.718669235706329,-0.695301115512848
0.661205768585205,-0.0398132912814617,1.24966216087341,-0.0068335370160639,0.0035499627701938,0.717750370502472,-0.696258008480072
0.661234617233276,-0.0410697162151336,1.24962592124939,-0.0071502914652228,0.0034351779613643,0.71804141998291,-0.695955276489258
0.662239491939545,-0.0421240627765655,1.2501208782196,-0.0063674128614366,0.0046640508808195,0.71735280752182,-0.696665465831757
0.661395847797394,-0.0424506105482578,1.24969720840454,-0.0067535247653722,0.0020556522067636,0.717658936977386,-0.696359038352966
0.662738919258118,-0.0439143665134906,1.25015699863434,-0.006744451355189,0.0046627628616988,0.717765867710114,-0.696236252784729
0.661774873733521,-0.0435084290802478,1.24978137016296,-0.0067450548522174,0.0013668016763404,0.716590464115143,-0.697460234165192
0.661977410316467,-0.0440619960427284,1.24972259998322,-0.0061153788119554,0.0009361766278743,0.716467499732971,-0.697593152523041
0.662205278873444,-0.0447845123708248,1.24962639808655,-0.0070449607446789,0.0010439424077048,0.716487944126129,-0.697563290596008
0.662202179431915,-0.0457917712628841,1.24967074394226,-0.0058248699642717,0.0006290317396633,0.71669465303421,-0.697362422943115
0.662517905235291,-0.0465137138962745,1.24962162971497,-0.0068291234783828,0.0007368178339675,0.716806828975677,-0.697238028049469
0.662711381912231,-0.0470159314572811,1.24955904483795,-0.0061601414345204,0.0003135375445708,0.71670126914978,-0.697353065013885
0.662831425666809,-0.0473708026111125,1.24956130981445,-0.0069656423293054,-0.000176107729203,0.716094017028809,-0.697969138622284
0.662973761558533,-0.0480388738214969,1.24956750869751,-0.006794202607125,-0.0003603633958846,0.716119349002838,-0.697944581508636
0.662973761558533,-0.0480388738214969,1.24956750869751,-0.006794202607125,-0.0003603633958846,0.716119349002838,-0.697944581508636
0.664277195930481,-0.0504385568201541,1.24997711181641,-0.0068142041563987,0.0023654461838304,0.717099666595459,-0.696933269500732
0.664439678192139,-0.0510621815919876,1.24998760223389,-0.0067274635657668,0.0023178327828645,0.717259049415588,-0.696770250797272
0.663472175598145,-0.0507428236305713,1.24948978424072,-0.0063196644186973,-0.0007346375496126,0.717119455337524,-0.696921408176422
0.663656711578369,-0.051288716495037,1.24948024749756,-0.0063329464755952,-0.0006846970063634,0.717252731323242,-0.69678395986557
0.663858890533447,-0.0519351586699485,1.24951827526093,-0.0062543931417167,-0.0006262001115828,0.717529118061066,-0.696500301361084
0.665088593959808,-0.0534529201686382,1.25005626678467,-0.0064359912648797,0.0020889239385724,0.717839598655701,-0.696175813674927
0.66419506072998,-0.0530930496752262,1.24958074092865,-0.0060583371669054,-0.0005026899161748,0.717704772949219,-0.696320950984955
0.66424822807312,-0.0536537803709507,1.24947381019592,-0.005769467446953,-0.0008426696294918,0.718038022518158,-0.695979535579681
0.664336085319519,-0.0542012639343738,1.24948048591614,-0.0057009407319128,-0.0009585853549651,0.718082189559937,-0.695934414863586
0.664397239685059,-0.0546501763164997,1.24944841861725,-0.0054009710438549,-0.0010947918053716,0.71781849861145,-0.696208536624908
0.664633870124817,-0.0552331171929836,1.24951910972595,-0.0057676173746585,-0.0010804404737427,0.718628168106079,-0.695369720458984
0.664628505706787,-0.0555935651063919,1.24958276748657,-0.0047443867661058,-0.0010822579497471,0.718582451343536,-0.695424675941467
0.665832698345184,-0.0569799095392227,1.25006878376007,-0.0047632805071771,0.0018822712590917,0.718947052955627,-0.695046007633209
0.665099024772644,-0.0568216368556022,1.2495744228363,-0.0052311439067125,-0.0008771752472966,0.71875935792923,-0.695238828659058
0.665224432945251,-0.0573315881192684,1.24957764148712,-0.0051157074049115,-0.0007947339909151,0.718868911266327,-0.695126414299011
0.665374040603638,-0.0578013099730014,1.24958109855652,-0.0050745331682264,-0.0007378415320999,0.718969464302063,-0.695022821426392
0.665434956550598,-0.0581927858293056,1.24954724311829,-0.0052426629699766,-0.0009113203850574,0.719323039054871,-0.694655239582062
0.666603744029999,-0.0595185570418834,1.25004577636719,-0.0056139258667826,0.0019373908871784,0.719804763793945,-0.694151163101196
0.666704297065735,-0.0599362850189209,1.25003910064697,-0.0055452152155339,0.0019407087238505,0.71982753276825,-0.694128096103668
0.666813313961029,-0.0603092536330223,1.25004601478577,-0.0055046961642801,0.0018723993562161,0.719841599464417,-0.694113910198212
0.666958689689636,-0.0607028789818286,1.25006198883057,-0.0054464889690279,0.0020110828336328,0.71989780664444,-0.694055736064911
0.667043209075928,-0.0611233003437519,1.25007915496826,-0.0052692061290144,0.0020634501706808,0.720077514648438,-0.693870604038239
0.667144477367401,-0.0615683794021606,1.2501220703125,-0.0051650083623826,0.0022264188155531,0.720204889774323,-0.693738758563995
0.666230320930481,-0.0610809326171875,1.24969017505646,-0.0046484842896461,-0.0004835916915908,0.719965279102325,-0.693994343280792
0.667324542999268,-0.0621768236160278,1.25016534328461,-0.0049367793835699,0.0022297550458461,0.720503270626068,-0.693430304527283
0.667444467544556,-0.0624630115926265,1.25016725063324,-0.0049682687968015,0.0022812068928033,0.720720231533051,-0.693204522132874
0.666543543338776,-0.0619652792811393,1.24970614910126,-0.0046040308661758,-0.0003811898350249,0.720692038536072,-0.693240106105804
0.666523575782776,-0.0622248910367488,1.24965274333954,-0.0046906466595828,-0.0005559477140195,0.721086502075195,-0.692828953266144
0.666690945625305,-0.0626095011830329,1.24970960617065,-0.0045151626691222,-0.0003477962163742,0.721137166023254,-0.692777395248413
0.666728734970093,-0.0628505498170852,1.24967312812805,-0.0046130497939884,-0.0005073442589491,0.721473157405853,-0.692427039146423
0.666639149188995,-0.0630831718444824,1.24973237514496,-0.0041935741901397,-0.0011527835158631,0.721431076526642,-0.692472636699677
0.666754305362701,-0.0633874610066413,1.24975728988647,-0.0040893857367336,-0.0010473552392795,0.721665561199188,-0.692229032516479
0.667053401470184,-0.0636490806937217,1.24970388412476,-0.0044537694193422,-0.0005753655568696,0.722187101840973,-0.691683292388916
0.66716343164444,-0.0638967752456665,1.24968981742859,-0.004358563106507,-0.0006143552600406,0.722268879413605,-0.691598296165466
0.664641797542572,-0.0627549439668655,1.25011050701141,-0.0119266090914607,0.0123122362419962,0.722698628902435,-0.690950751304626
0.664699554443359,-0.06293336302042,1.25010323524475,-0.011887147091329,0.0122634405270218,0.722783923149109,-0.690863132476807
0.664733409881592,-0.0632869377732276,1.25010573863983,-0.0116465678438544,0.0125661613419651,0.723037242889404,-0.690596640110016
0.664812743663788,-0.0634805858135223,1.25008893013,-0.011568047106266,0.0126302661374211,0.723151803016663,-0.690476894378662
0.664925336837769,-0.0636379271745681,1.25009727478027,-0.0117029780521988,0.0126335294917225,0.723356962203979,-0.690259575843811
0.665022015571594,-0.0637180805206298,1.24998199939728,-0.0119504341855645,0.0127358986064791,0.723553061485291,-0.690047860145569
0.665143311023712,-0.0639206618070602,1.2499897480011,-0.0119243320077657,0.0129665667191147,0.723665118217468,-0.689926564693451
0.665276885032654,-0.0640830174088478,1.24999105930328,-0.0120021216571331,0.0131259774789214,0.723823130130768,-0.689756333827972
0.665361523628235,-0.0642192885279655,1.24995684623718,-0.0119512658566236,0.0132122561335563,0.723835051059723,-0.689742982387543
0.665486812591553,-0.0644086897373199,1.24997079372406,-0.0118851624429225,0.0134767973795533,0.723892629146576,-0.689678728580475
0.665486812591553,-0.0644086897373199,1.24997079372406,-0.0118851624429225,0.0134767973795533,0.723892629146576,-0.689678728580475
0.665689587593079,-0.064742125570774,1.24993848800659,-0.0116980290040373,0.013839453458786,0.72390216588974,-0.689664781093597
0.665827870368958,-0.0648576393723487,1.24993503093719,-0.0116805750876665,0.013866763561964,0.723813593387604,-0.689757466316223
0.665931224822998,-0.0649457350373268,1.24994802474976,-0.0116502027958631,0.0139741441234946,0.723730325698853,-0.689843118190765
0.666059374809265,-0.0651103779673576,1.250079870224,-0.0114153632894158,0.0141482511535286,0.723570287227631,-0.690011262893677
0.666190326213837,-0.0651643574237823,1.25011372566223,-0.0114241205155849,0.014365398325026,0.723450124263763,-0.690132856369019
0.666314303874969,-0.065182626247406,1.25014996528625,-0.0114994086325168,0.0145047837868332,0.723354279994965,-0.690228998661041
0.666421711444855,-0.0651599839329719,1.25022220611572,-0.0116521585732698,0.0147010292857885,0.723250210285187,-0.690331280231476
0.666562676429749,-0.0651173144578933,1.25028419494629,-0.0118374722078442,0.014820022508502,0.723119378089905,-0.690462648868561
0.666961014270782,-0.0652602910995483,1.25039207935333,-0.0117299454286694,0.0140404738485813,0.722867250442505,-0.690744817256927
0.667134284973145,-0.0652260333299636,1.25048267841339,-0.0119553050026297,0.01419781986624,0.722775816917419,-0.690833330154419
0.667193353176117,-0.064979687333107,1.25060331821442,-0.0124329281970858,0.0154572231695055,0.722815811634064,-0.6907559633255
0.667379379272461,-0.0649487003684043,1.25069403648376,-0.0126592526212334,0.0156196001917123,0.722780227661133,-0.690785527229309
0.667546808719635,-0.0649309456348419,1.25078976154327,-0.0128093799576163,0.0158284213393926,0.722758173942566,-0.690801084041595
0.667711019515991,-0.064899742603302,1.25086140632629,-0.0128955394029617,0.0159454457461833,0.72279280424118,-0.690760672092438
0.66789698600769,-0.0649057105183601,1.25091958045959,-0.0129784028977155,0.0160867106169462,0.722837865352631,-0.690708458423615
0.66790097951889,-0.0649121701717376,1.25102686882019,-0.012624179944396,0.015658963471651,0.722790896892548,-0.690774202346802
0.667971014976501,-0.0648694708943367,1.25101351737976,-0.012782035395503,0.0155801381915807,0.723028898239136,-0.690523862838745
0.667971014976501,-0.0648694708943367,1.25101351737976,-0.012782035395503,0.0155801381915807,0.723028898239136,-0.690523862838745
0.668269872665405,-0.0648895055055618,1.25106906890869,-0.0126873645931482,0.0156891401857137,0.723503649234772,-0.690025627613068
0.668269872665405,-0.0648895055055618,1.25106906890869,-0.0126873645931482,0.0156891401857137,0.723503649234772,-0.690025627613068
0.668616354465485,-0.0648974403738975,1.25107395648956,-0.0122746648266911,0.0157934483140707,0.724078774452209,-0.689427137374878
0.668616354465485,-0.0648974403738975,1.25107395648956,-0.0122746648266911,0.0157934483140707,0.724078774452209,-0.689427137374878
0.668865740299225,-0.0649574100971221,1.25103390216827,-0.0117426710203289,0.0157941188663244,0.724334359169006,-0.68916791677475
0.668983817100525,-0.0650377497076988,1.25101256370544,-0.0115863010287284,0.0161140616983175,0.724559605121613,-0.688926339149475
0.669142603874207,-0.0650511533021926,1.25098073482513,-0.0113398684188723,0.0163720287382602,0.724653542041779,-0.688825607299805
0.669319927692413,-0.0651180744171142,1.2509685754776,-0.0110877119004726,0.0165628772228956,0.72477114200592,-0.688701272010803
0.669514775276184,-0.0651903450489044,1.25090074539185,-0.0107492692768573,0.0167706795036792,0.724761784076691,-0.688711643218994
0.669684290885925,-0.065248966217041,1.25086319446564,-0.0104244714602828,0.0169751774519681,0.724765479564667,-0.688707768917084
0.669808804988861,-0.0652519464492797,1.2508442401886,-0.0100465714931488,0.0171005725860595,0.724716484546661,-0.688761651515961
0.669813513755798,-0.0652124062180519,1.25084602832794,-0.0101986611261963,0.018286008387804,0.724592566490173,-0.688859343528748
0.670171737670898,-0.0653652772307396,1.25079298019409,-0.0094047514721751,0.0173306595534086,0.724374234676361,-0.689124941825867
0.67083740234375,-0.0655973553657531,1.25094783306122,-0.0088523086160421,0.0187162980437278,0.723873555660248,-0.689622044563293
0.671117305755615,-0.065588429570198,1.25099217891693,-0.008662044070661,0.0190499518066644,0.723649024963379,-0.689850747585297
0.670948326587677,-0.0654270052909851,1.25068616867065,-0.0083356760442256,0.0185076277703046,0.723691821098328,-0.689824879169464
0.671237587928772,-0.0657082945108413,1.2506285905838,-0.0077014579437673,0.0177118312567472,0.723282992839813,-0.690281748771667
0.671372532844543,-0.0655895173549652,1.25061523914337,-0.0069171017967164,0.0180353317409753,0.722864389419556,-0.690719902515411
0.671372532844543,-0.0655895173549652,1.25061523914337,-0.0069171017967164,0.0180353317409753,0.722864389419556,-0.690719902515411
0.671656668186188,-0.0655572637915611,1.25048899650574,-0.0068435715511441,0.0181591100990772,0.721664071083069,-0.69197142124176
0.671877980232239,-0.0653792172670364,1.25047981739044,-0.006491626612842,0.0186581443995237,0.720900535583496,-0.6927570104599
0.671877980232239,-0.0653792172670364,1.25047981739044,-0.006491626612842,0.0186581443995237,0.720900535583496,-0.6927570104599
0.6722052693367,-0.0651358589529991,1.2504255771637,-0.0060274810530245,0.0187439769506454,0.718790531158447,-0.694948017597198
0.6722052693367,-0.0651358589529991,1.2504255771637,-0.0060274810530245,0.0187439769506454,0.718790531158447,-0.694948017597198
0.672575116157532,-0.0649094507098198,1.25050437450409,-0.0060692690312862,0.0206111036241054,0.717085599899292,-0.69665390253067
0.672652184963226,-0.0647648870944976,1.25046396255493,-0.0057865460403263,0.0207575783133506,0.715932548046112,-0.697836756706238
0.672814011573792,-0.0646476149559021,1.25045907497406,-0.0054925754666328,0.0209933314472436,0.714609980583191,-0.699186444282532
0.672814011573792,-0.0646476149559021,1.25045907497406,-0.0054925754666328,0.0209933314472436,0.714609980583191,-0.699186444282532
0.673189163208008,-0.0645100250840187,1.25055766105652,-0.0049112872220575,0.0216923970729112,0.711588978767395,-0.70224392414093
0.673292517662048,-0.0643212720751762,1.25055468082428,-0.0046172109432518,0.0217310022562742,0.709972620010376,-0.703878700733185
0.673309504985809,-0.0638289973139762,1.25056123733521,-0.0045681884512305,0.0214710440486669,0.707984566688538,-0.705886721611023
0.673427402973175,-0.0634631365537643,1.25064706802368,-0.0046628983691334,0.0215092506259679,0.706207633018494,-0.70766270160675
0.67332935333252,-0.0632469058036804,1.25072526931763,-0.0042654718272387,0.0215757526457309,0.704240083694458,-0.709621369838715
0.673642635345459,-0.0628414079546928,1.25045132637024,-0.0052515426650643,0.0216909293085336,0.703022956848145,-0.710816860198975
0.673729658126831,-0.0625776872038841,1.25055086612701,-0.004965822212398,0.0216558054089546,0.700892329216003,-0.71292108297348
0.673729658126831,-0.0625776872038841,1.25055086612701,-0.004965822212398,0.0216558054089546,0.700892329216003,-0.71292108297348
0.673742353916168,-0.0615807697176933,1.2506992816925,-0.0054003191180527,0.0214104726910591,0.696300148963928,-0.717411041259766
0.67378181219101,-0.0612773150205612,1.25080740451813,-0.0051744501106441,0.0214898418635129,0.694002687931061,-0.719632983207703
0.672264039516449,-0.0623003542423248,1.25101697444916,-0.0017251240788027,0.0193225629627704,0.691019833087921,-0.722575485706329
0.671912789344788,-0.06202869489789,1.25108373165131,-0.0011312088463455,0.0194264464080333,0.688616156578064,-0.724864900112152
0.672681748867035,-0.0623416975140571,1.2515629529953,-0.0017894357442855,0.0226837657392025,0.687224328517914,-0.72608894109726
0.674597442150116,-0.0606198236346244,1.25142252445221,-0.006009773351252,0.0236014164984226,0.685811161994934,-0.727372050285339
0.673493087291718,-0.0595034174621105,1.25095772743225,-0.0058598406612873,0.020990228280425,0.682948529720306,-0.730141520500183
0.674550831317902,-0.0602408461272716,1.25126552581787,-0.0061547420918941,0.0232652500271797,0.680950999259949,-0.731933355331421
0.674484729766846,-0.0597972869873046,1.25132668018341,-0.0064287916757166,0.0231225565075874,0.678799569606781,-0.733931243419647
0.674417495727539,-0.059475053101778,1.25144600868225,-0.0066784019581973,0.0231006946414709,0.676690995693207,-0.73587441444397
0.673450767993927,-0.0585795678198337,1.25083696842194,-0.0056705153547227,0.0209286790341138,0.674781262874603,-0.737699151039124
0.673259854316711,-0.0580425187945365,1.25107038021088,-0.0069689587689936,0.0206688288599252,0.672397434711456,-0.739868879318237
0.674338936805725,-0.0586278364062309,1.25162351131439,-0.0072154635563492,0.0221838597208261,0.670860409736633,-0.741216659545898
0.674181163311005,-0.0585264712572097,1.25150537490845,-0.0068116160109639,0.0232686828821897,0.669567942619324,-0.742355048656464
0.674181163311005,-0.0585264712572097,1.25150537490845,-0.0068116160109639,0.0232686828821897,0.669567942619324,-0.742355048656464
0.672661423683167,-0.0575406178832054,1.25133121013641,-0.007577140815556,0.0207973308861255,0.664763510227203,-0.746725857257843
0.672489881515503,-0.0573936402797699,1.25135457515717,-0.0075319046154618,0.0207083020359277,0.663163363933563,-0.748150229454041
0.673288941383362,-0.0580181628465652,1.25187015533447,-0.007978999055922,0.023046176880598,0.66176438331604,-0.74931526184082
0.673551976680756,-0.05759297311306,1.25168931484222,-0.0074345283210277,0.0230244547128677,0.660941898822784,-0.750046968460083
0.67242830991745,-0.0583553202450275,1.2516211271286,-0.005765255074948,0.0223097447305917,0.657454907894135,-0.753141403198242
0.671264827251434,-0.0574500523507595,1.25115597248077,-0.0056405705399811,0.0198352839797735,0.655504941940308,-0.75490939617157
0.671994745731354,-0.0580126419663429,1.25164711475372,-0.0064801685512065,0.0230227876454591,0.654629707336426,-0.755571246147156
0.670884311199188,-0.0571404173970222,1.2512401342392,-0.0064044636674225,0.0207688547670841,0.652945518493652,-0.757093012332916
0.670779228210449,-0.0570244640111923,1.25128161907196,-0.0066470215097069,0.0208554193377494,0.651871263980865,-0.758013725280762
0.671677112579346,-0.0576974675059318,1.25179183483124,-0.007263537030667,0.0232616439461708,0.651436567306519,-0.758311569690704
0.671569406986237,-0.0575950443744659,1.25183010101318,-0.0074626039713621,0.0234929136931896,0.650451004505157,-0.759148120880127
0.671613991260529,-0.0575944855809211,1.25185394287109,-0.007231599651277,0.0228808354586362,0.649560034275055,-0.759931564331055
0.67057591676712,-0.0567745938897132,1.25141024589539,-0.0072493008337914,0.0205135475844144,0.648357272148132,-0.761025309562683
0.671277642250061,-0.05741748213768,1.25188410282135,-0.0080103958025574,0.0238502901047468,0.648157298564911,-0.761090636253357
0.67011684179306,-0.0566044189035892,1.25142741203308,-0.0078296968713402,0.0216688644140958,0.647060930728912,-0.762090146541595
0.669885158538818,-0.0566354021430015,1.25144219398499,-0.0077849407680332,0.0216295383870601,0.646544218063354,-0.762530148029327
0.669757306575775,-0.0565964132547378,1.25146543979645,-0.0079085733741521,0.0218976810574531,0.646152257919312,-0.762853384017944
0.670100569725037,-0.056717999279499,1.25167810916901,-0.008317232131958,0.0230106096714735,0.645882189273834,-0.763044893741608
0.670157670974731,-0.0567782670259475,1.25168943405151,-0.0081463931128382,0.02219227142632,0.645614206790924,-0.763297736644745
0.669982075691223,-0.0567537508904933,1.25169003009796,-0.0081476438790559,0.0224606934934854,0.645361006259918,-0.763503968715668
0.66914176940918,-0.0565169975161552,1.25152087211609,-0.0082427533343434,0.0224396977573633,0.645288348197937,-0.763564944267273
0.668981432914734,-0.0564715936779975,1.25153589248657,-0.008505456149578,0.0224992074072361,0.645464420318604,-0.763411521911621
0.66900897026062,-0.0565111115574836,1.25158441066742,-0.0084169311448931,0.0222471822053194,0.645643413066864,-0.76326847076416
0.66980105638504,-0.0572277046740055,1.25209105014801,-0.0092807570472359,0.025859335437417,0.64643520116806,-0.762474060058594
0.669675946235657,-0.0572469308972358,1.25212275981903,-0.0094332750886678,0.0261370092630386,0.646761476993561,-0.762185990810394
0.668435633182526,-0.0565953440964221,1.25166797637939,-0.0090391710400581,0.0238457731902599,0.646635591983795,-0.762372612953186
0.668648362159729,-0.0562599189579486,1.25131320953369,-0.008152206428349,0.0240691807121038,0.648231685161591,-0.761018931865692
0.668352663516998,-0.0567091889679431,1.25172460079193,-0.0090082129463553,0.0237577483057975,0.647810101509094,-0.761378049850464
0.66860693693161,-0.0563372895121574,1.25136721134186,-0.0082098487764596,0.023957323282957,0.649638473987579,-0.75982141494751
0.668051302433014,-0.0567545816302299,1.25177657604218,-0.0092845009639859,0.0244265682995319,0.649255633354187,-0.76012134552002
0.668288111686707,-0.0564647316932678,1.25142657756805,-0.0085273254662752,0.0246201027184724,0.651031374931335,-0.758603513240814
0.668288111686707,-0.0564647316932678,1.25142657756805,-0.0085273254662752,0.0246201027184724,0.651031374931335,-0.758603513240814
0.668735921382904,-0.0576610751450061,1.2523490190506,-0.0103381872177124,0.0277736447751522,0.651944279670715,-0.757687568664551
0.668590247631073,-0.0576007887721061,1.2523695230484,-0.0106819784268736,0.0281466078013181,0.652864634990692,-0.756876111030579
0.669148921966553,-0.0570950210094451,1.25279986858368,-0.0129699483513832,0.0281471833586692,0.65527218580246,-0.754756808280945
0.667925894260406,-0.0564341843128204,1.25232303142548,-0.0126356128603219,0.0260142516344785,0.655754029750824,-0.754420459270477
0.668096244335175,-0.0561901740729808,1.25200057029724,-0.0119527755305171,0.0262251421809196,0.657782256603241,-0.752656579017639
0.667915880680084,-0.0562081634998321,1.25199389457703,-0.0122046563774347,0.0264535844326019,0.65863710641861,-0.751896560192108
0.667413949966431,-0.056556262075901,1.25237810611725,-0.0131823616102337,0.0270412918180227,0.658636152744293,-0.751859962940216
0.668294847011566,-0.0573603808879852,1.25290322303772,-0.0137238325551152,0.0299531668424606,0.660027086734772,-0.750519037246704
0.667206346988678,-0.0567074939608573,1.25249195098877,-0.0136977229267358,0.0275541935116052,0.66025185585022,-0.750413596630096
0.667345285415649,-0.0563733428716659,1.25215470790863,-0.0132917556911706,0.0275819078087806,0.662316024303436,-0.748598635196686
0.666923642158508,-0.0566574074327945,1.25252306461334,-0.0144644090905785,0.0280999820679426,0.662414312362671,-0.748470723628998
0.666806638240814,-0.0566938742995262,1.25256752967834,-0.0148652261123061,0.0284148026257753,0.663376450538635,-0.747598350048065
0.666660308837891,-0.0566842183470726,1.25261855125427,-0.0151828909292817,0.0286815576255321,0.664509117603302,-0.746575057506561
0.666907668113708,-0.0565401054918766,1.2524151802063,-0.0146116651594638,0.0289639066904783,0.666433334350586,-0.744858503341675
0.666389107704163,-0.0568430610001087,1.25275063514709,-0.0157287549227476,0.0294191259890794,0.666638612747192,-0.744634211063385
0.666186571121216,-0.05686467140913,1.25276172161102,-0.0163649339228868,0.0294317938387393,0.667877435684204,-0.74350905418396
0.666094481945038,-0.0569529309868812,1.25285804271698,-0.0168057791888713,0.0298773888498544,0.669052004814148,-0.742424607276917
0.665829598903656,-0.0570427775382995,1.25292468070984,-0.0170026458799839,0.030150881037116,0.670292317867279,-0.741289436817169
0.665274739265442,-0.0567908845841884,1.25309586524963,-0.0177114102989435,0.031042305752635,0.671001195907593,-0.740594446659088
0.665313482284546,-0.0569558441638946,1.25316035747528,-0.0179620217531919,0.0309074055403471,0.672196269035339,-0.739509463310242
0.665313482284546,-0.0569558441638946,1.25316035747528,-0.0179620217531919,0.0309074055403471,0.672196269035339,-0.739509463310242
0.664996564388275,-0.0571876540780067,1.25334692001343,-0.0184201709926128,0.0320241339504718,0.674804210662842,-0.737071514129639
0.664781033992767,-0.0573536232113838,1.25341320037842,-0.0184441730380058,0.0327683016657829,0.676198303699493,-0.735759377479553
0.66558825969696,-0.0582343414425849,1.25396978855133,-0.0186793394386768,0.0358884297311306,0.677935361862183,-0.734007358551025
0.664352178573608,-0.0575131066143512,1.25351715087891,-0.0184289272874593,0.0340926460921764,0.678742170333862,-0.733353316783905
0.664166212081909,-0.05760333314538,1.25357377529144,-0.0183551535010337,0.0348056629300117,0.680128633975983,-0.732036054134369
0.697316527366638,-0.0721034780144691,1.25709128379822,-0.0391643792390823,0.101803421974182,0.650803565979004,-0.751370072364807
0.69734138250351,-0.0724218115210533,1.25699186325073,-0.0382648557424545,0.103267900645733,0.652699768543243,-0.749569535255432
0.696315944194794,-0.0712887570261955,1.25645112991333,-0.0385216772556304,0.101605638861656,0.653948485851288,-0.748694717884064
0.696950793266296,-0.072194255888462,1.25714993476868,-0.0388541668653488,0.104972399771214,0.655732691287994,-0.746649742126465
0.696875751018524,-0.0727981626987457,1.25705182552338,-0.0378769002854824,0.106561943888664,0.657995164394379,-0.744481205940247
0.695399522781372,-0.0716489255428314,1.25664484500885,-0.0377519465982914,0.105059765279293,0.658438682556152,-0.744308948516846
0.695071637630463,-0.0715305432677269,1.25666677951813,-0.0375127904117107,0.105782821774483,0.659891486167908,-0.742930710315704
0.694727897644043,-0.071122258901596,1.25687968730927,-0.037647895514965,0.106650061905384,0.660963535308838,-0.741846024990082
0.694594025611877,-0.0712461620569229,1.25681567192078,-0.0367078371345996,0.108130425214767,0.662955462932587,-0.739898920059204
0.694860637187958,-0.0716091394424438,1.25765860080719,-0.0374805778264999,0.110969133675098,0.664560496807098,-0.737997591495514
0.694259703159332,-0.0714645162224769,1.25772774219513,-0.0369203686714172,0.111056223511696,0.665278911590576,-0.737365126609802
0.692857086658478,-0.0704378709197044,1.25719928741455,-0.0363731868565082,0.109537579119205,0.666316330432892,-0.736682534217834
0.692562699317932,-0.0705884248018264,1.25718283653259,-0.0362893044948577,0.111029170453548,0.668620824813843,-0.734371602535248
0.692839086055756,-0.0711115822196006,1.25783157348633,-0.0361366011202335,0.11345861107111,0.669948518276215,-0.732796132564545
0.69249153137207,-0.0708681792020797,1.257972240448,-0.0359926149249076,0.114700809121132,0.671384632587433,-0.73129403591156
0.692188620567322,-0.0701139122247695,1.25811541080475,-0.0361669473350048,0.115604065358639,0.672337889671326,-0.730266690254211
0.691579580307007,-0.0699155405163765,1.25813579559326,-0.0356155112385749,0.116390570998192,0.673668622970581,-0.728941261768341
0.690788328647614,-0.0691029280424118,1.25786113739014,-0.0358381085097789,0.115922056138515,0.67483389377594,-0.72792649269104
0.690458476543427,-0.0683788508176803,1.25803768634796,-0.0358776040375232,0.116746172308922,0.675803661346436,-0.726892352104187
0.690524816513062,-0.068552017211914,1.25846409797668,-0.0357556231319904,0.119269140064716,0.677755355834961,-0.724668323993683
0.689111948013306,-0.0673447847366333,1.25793409347534,-0.0354385524988174,0.117736861109733,0.678693473339081,-0.724056243896484
0.688558101654053,-0.0669125765562057,1.25800216197968,-0.0350339375436306,0.118090271949768,0.679974436759949,-0.722815334796906
0.689233362674713,-0.0671638324856758,1.25885117053986,-0.0356069393455982,0.122121565043926,0.681866109371185,-0.720331251621246
0.68864917755127,-0.0667205527424812,1.2589453458786,-0.0352986082434654,0.122748464345932,0.683393657207489,-0.718790650367737
0.688199579715729,-0.0662266761064529,1.25906491279602,-0.035336185246706,0.123829461634159,0.684861481189728,-0.717204570770264
0.68781191110611,-0.0657105222344398,1.25914597511292,-0.0353488735854625,0.124682456254959,0.686164200305939,-0.715809762477875
0.687470734119415,-0.0657035857439041,1.25923633575439,-0.0356005765497684,0.126476138830185,0.688407421112061,-0.71332448720932
0.686766147613525,-0.065134547650814,1.25939297676086,-0.0350142903625965,0.12723870575428,0.689768016338348,-0.711902022361755
0.685683727264404,-0.0638257265090942,1.25884819030762,-0.0352311693131923,0.12619823217392,0.690952360630035,-0.710927248001099
0.685128450393677,-0.0633167847990989,1.25902140140533,-0.034765925258398,0.127539113163948,0.692145764827728,-0.709548652172089
0.684853792190552,-0.0628410652279853,1.25916421413422,-0.0347490906715393,0.128767445683479,0.693315029144287,-0.708184778690338
0.684394955635071,-0.0618979819118976,1.25934720039368,-0.0347587317228317,0.129689306020737,0.694155156612396,-0.707192420959473
0.684101998806,-0.0613902099430561,1.25948619842529,-0.0348653942346572,0.131685435771942,0.695144891738892,-0.705844700336456
0.6835777759552,-0.06123623624444,1.25950193405151,-0.0346382074058055,0.133507117629051,0.696956872940063,-0.703723847866058
0.684085011482239,-0.0615407265722751,1.26033210754395,-0.0347298420965671,0.136901900172233,0.698406100273132,-0.70162707567215
0.68274062871933,-0.0595716536045074,1.25992274284363,-0.0341262370347976,0.134986072778702,0.698400259017944,-0.702033638954163
0.683463096618652,-0.0598316453397274,1.26065218448639,-0.0346855111420154,0.139904752373695,0.69928640127182,-0.700158774852753
0.683008074760437,-0.0591784417629241,1.26079726219177,-0.0343856327235698,0.14133608341217,0.700108408927917,-0.69906359910965
0.682681679725647,-0.0586033500730991,1.2609395980835,-0.0338941216468811,0.142699301242828,0.70078456401825,-0.698132634162903
0.682141244411469,-0.0578860417008399,1.26102006435394,-0.0334231555461883,0.143819749355316,0.701504230499268,-0.69720196723938
0.681616127490997,-0.0576737821102142,1.26104271411896,-0.0326120741665363,0.145703062415123,0.702239513397217,-0.696108281612396
0.681307435035706,-0.0565132312476635,1.26132237911224,-0.032340120524168,0.146793648600578,0.702519536018372,-0.695609092712402
0.680232346057892,-0.0550426766276359,1.26078641414642,-0.0318138189613819,0.146114975214004,0.702582240104675,-0.695712864398956
0.680418252944946,-0.0551360920071601,1.26152384281158,-0.030834263190627,0.149484768509865,0.70321798324585,-0.694397687911987
0.679347038269043,-0.0536994971334934,1.26093113422394,-0.0301234032958745,0.148738041520119,0.703168630599976,-0.694639027118683
0.679735779762268,-0.0536985844373703,1.26164495944977,-0.0297302324324846,0.152551934123039,0.703804075717926,-0.693183898925781
0.679240882396698,-0.0534346438944339,1.26163077354431,-0.0286550242453813,0.154240652918816,0.704599559307098,-0.692046344280243
0.678990542888641,-0.0522766597568988,1.26171612739563,-0.0280351843684911,0.155796200037003,0.704342305660248,-0.691985189914703
0.678369462490082,-0.0509723648428916,1.26138865947723,-0.0272974167019128,0.15629355609417,0.70406711101532,-0.692182540893555
0.678250014781952,-0.0512899309396743,1.2617404460907,-0.0260166227817535,0.159211337566376,0.705088198184967,-0.690525531768799
0.678016126155853,-0.0501284450292587,1.26173865795135,-0.0255393534898757,0.160995006561279,0.704540252685547,-0.690689027309418
0.677684485912323,-0.0494562499225139,1.26177132129669,-0.0244288463145494,0.16268265247345,0.704579710960388,-0.690293371677399
0.676459848880768,-0.0479318834841251,1.26106977462769,-0.0232691075652837,0.16218076646328,0.704208552837372,-0.690830051898956
0.67693156003952,-0.0480032451450824,1.26173436641693,-0.0224068295210599,0.166166380047798,0.704429507255554,-0.6896852850914
0.676935255527496,-0.0477957241237163,1.26156401634216,-0.0208436641842126,0.170018777251244,0.704097986221313,-0.689133644104004
0.676734149456024,-0.0464425161480903,1.26166927814484,-0.0208780877292156,0.170585677027702,0.703635513782501,-0.689464926719666
0.67666107416153,-0.0462338551878929,1.26155269145966,-0.0193506553769111,0.174764543771744,0.703067243099213,-0.689042389392853
0.676328301429749,-0.0454832762479782,1.26152944564819,-0.0182331893593072,0.176990330219269,0.702176928520203,-0.689412415027618
0.675938606262207,-0.0451929904520511,1.26155531406403,-0.0166737642139196,0.179397851228714,0.701987683773041,-0.689022421836853
0.675741791725159,-0.0438433624804019,1.26156389713287,-0.0160912442952394,0.181534811854362,0.700835227966309,-0.689649343490601
0.675359308719635,-0.0433939546346664,1.26150798797607,-0.0145759629085659,0.183880969882011,0.700077772140503,-0.689830660820007
0.675222396850586,-0.0419902242720127,1.26149535179138,-0.0139095736667513,0.186459451913834,0.698206424713135,-0.69104790687561
0.675037562847137,-0.0408955626189708,1.26156079769135,-0.0134141026064753,0.18882705271244,0.697275459766388,-0.691354751586914
0.67422080039978,-0.0391593351960182,1.26100254058838,-0.0123543441295623,0.189523831009865,0.695570766925812,-0.692899346351624
0.674742519855499,-0.0387519560754299,1.26162385940552,-0.0117178549990057,0.194036424160004,0.694338083267212,-0.69289767742157
0.674172401428223,-0.0369665063917636,1.26131284236908,-0.0111463107168674,0.195591270923615,0.692477464675903,-0.694330513477325
0.674244165420532,-0.0362733528017997,1.26168608665466,-0.0103484140709042,0.199344784021378,0.691386699676514,-0.694362282752991
0.673705160617828,-0.0350170210003852,1.26162469387054,-0.0092558627948164,0.201353713870048,0.68990021944046,-0.695276021957397
0.673424422740936,-0.0338380895555019,1.26164019107819,-0.0081701762974262,0.203742012381554,0.688547849655151,-0.695933997631073
0.672798335552216,-0.0324145890772342,1.26206970214844,-0.0073997215367853,0.206325188279152,0.686905145645142,-0.696804523468018
0.671722531318665,-0.0304230507463216,1.26128399372101,-0.0061709443107247,0.206434220075607,0.685023248195648,-0.698634326457977
0.67224508523941,-0.0299329180270433,1.26198101043701,-0.0056212763302028,0.210887521505356,0.683987140655518,-0.698324084281921
0.671139061450958,-0.0280088260769844,1.26125431060791,-0.0045595890842378,0.211035490036011,0.682192802429199,-0.700040221214294
0.671122312545776,-0.026988785713911,1.2615031003952,-0.0035422923974692,0.214172258973122,0.680500030517578,-0.700740575790405
0.670518815517426,-0.0261241197586059,1.26187217235565,-0.0033516001421958,0.219094842672348,0.679237365722656,-0.700444757938385
0.670127749443054,-0.0256180074065923,1.26164019107819,-0.0005396013148128,0.219138652086258,0.678576469421387,-0.701079130172729
0.670127749443054,-0.0256180074065923,1.26164019107819,-0.0005396013148128,0.219138652086258,0.678576469421387,-0.701079130172729
0.671577572822571,-0.023866020143032,1.261146068573,0.0033137411810457,0.210973083972931,0.677749335765839,-0.704368710517883
0.671165585517883,-0.0226937960833311,1.26115918159485,0.004283441696316,0.213049799203873,0.676250278949738,-0.705178737640381
0.670853972434998,-0.0214680843055248,1.26104831695557,0.0048794210888445,0.215004116296768,0.674177289009094,-0.706565260887146
0.67046046257019,-0.0204386748373508,1.26109886169434,0.0051000001840293,0.217744052410126,0.672193825244904,-0.707613706588745
0.67046046257019,-0.0204386748373508,1.26109886169434,0.0051000001840293,0.217744052410126,0.672193825244904,-0.707613706588745
0.669841647148132,-0.0181571170687675,1.26122581958771,0.0062705008313059,0.222260519862175,0.668413162231445,-0.709778070449829
0.669021129608154,-0.0167332626879215,1.26113855838776,0.0081077180802822,0.223803043365478,0.668143153190613,-0.709528923034668
0.668693721294403,-0.0159173160791397,1.26124715805054,0.0087041081860661,0.226330101490021,0.666977822780609,-0.709816455841064
0.668227732181549,-0.0147373424842953,1.26116132736206,0.0096185244619846,0.227950528264046,0.665493428707123,-0.710679113864899
0.668003141880035,-0.0137855168431997,1.26131904125214,0.0098917987197637,0.230670258402824,0.663688182830811,-0.71148544549942
0.667641878128052,-0.0127085642889142,1.26132559776306,0.0100942505523562,0.232782855629921,0.661946773529053,-0.712416231632233
0.635777473449707,-0.0040050502866506,1.25550389289856,0.0362872257828712,0.183158665895462,0.691449820995331,-0.697877705097198
0.635199546813965,-0.0029554087668657,1.25540447235107,0.0383265875279903,0.182736620306969,0.689134240150452,-0.70016610622406
0.635199546813965,-0.0029554087668657,1.25540447235107,0.0383265875279903,0.182736620306969,0.689134240150452,-0.70016610622406
0.634683609008789,-0.0012008938938379,1.25545501708984,0.0387697927653789,0.187240153551102,0.685664594173431,-0.702354729175568
0.634265780448914,-0.0002894960343837,1.2554349899292,0.0393361262977123,0.189142346382141,0.683967292308807,-0.703467488288879
0.633962094783783,0.0006821323186159,1.25540947914124,0.0394807532429695,0.190803721547127,0.682587146759033,-0.704350829124451
0.633962094783783,0.0006821323186159,1.25540947914124,0.0394807532429695,0.190803721547127,0.682587146759033,-0.704350829124451
0.633373379707336,0.0024052839726209,1.25535833835602,0.03960682451725,0.194610208272934,0.679647982120514,-0.706142365932465
0.633373379707336,0.0024052839726209,1.25535833835602,0.03960682451725,0.194610208272934,0.679647982120514,-0.706142365932465
0.632851779460907,0.0042266473174095,1.25521945953369,0.0399973876774311,0.197839379310608,0.676738739013672,-0.708014488220215
0.632477879524231,0.0049645826220512,1.25526404380798,0.0398826301097869,0.199629366397858,0.675343036651611,-0.708850681781769
0.632120907306671,0.0058746989816427,1.25525450706482,0.0402148403227329,0.200883284211159,0.674018681049347,-0.709737658500671
0.631668984889984,0.0066476445645093,1.25528299808502,0.0400903075933456,0.202139765024185,0.67288613319397,-0.710462152957916
0.631306409835815,0.007438488304615,1.25523042678833,0.0400629825890064,0.203328937292099,0.671663820743561,-0.711280524730682
0.63086074590683,0.0082756280899047,1.25530779361725,0.0400085896253585,0.204993769526482,0.67065441608429,-0.711758136749268
0.63086074590683,0.0082756280899047,1.25530779361725,0.0400085896253585,0.204993769526482,0.67065441608429,-0.711758136749268
0.630259692668915,0.0097974929958581,1.25540399551392,0.040046289563179,0.20720674097538,0.668603658676147,-0.71304327249527
0.62858647108078,0.0121609875932335,1.25498974323273,0.040805485099554,0.215554267168045,0.664761364459991,-0.714117527008057
0.62858647108078,0.0121609875932335,1.25498974323273,0.040805485099554,0.215554267168045,0.664761364459991,-0.714117527008057
0.626896381378174,0.0127007104456424,1.25491178035736,0.0435356348752975,0.218021020293236,0.661939680576324,-0.715826392173767
0.626516699790955,0.0134380152449011,1.25487816333771,0.043564572930336,0.218628868460655,0.660903692245483,-0.716596007347107
0.626166880130768,0.0141160003840923,1.25493109226227,0.0434563234448432,0.219294562935829,0.660052955150604,-0.717183172702789
0.625771820545197,0.0148709323257207,1.25493311882019,0.0432341434061527,0.219630941748619,0.659166574478149,-0.717908322811127
0.626494646072388,0.0163398012518882,1.25510859489441,0.0404875464737415,0.219956710934639,0.659656643867493,-0.717518627643585
0.625081181526184,0.0163529533892869,1.25489354133606,0.0427488274872303,0.220171585679054,0.657509803771973,-0.719289839267731
0.624781370162964,0.0169836916029453,1.25499105453491,0.0424038283526897,0.220743298530579,0.656711876392365,-0.719863831996918
0.624370157718658,0.0174783542752265,1.25509929656982,0.0424020700156688,0.221287101507187,0.655946910381317,-0.720394253730774
0.623990297317505,0.0180918462574481,1.25511395931244,0.0421810746192932,0.221579492092133,0.655139088630676,-0.72105211019516
0.623643159866333,0.0186932496726512,1.25505352020264,0.0418724119663238,0.221628412604332,0.654433846473694,-0.721695125102997
0.623332977294922,0.0192348435521125,1.25506258010864,0.0414771921932697,0.221865072846413,0.653570592403412,-0.722427308559418
0.623046517372131,0.0197503790259361,1.2550687789917,0.0412600636482238,0.221920624375343,0.653013586997986,-0.722926199436188
0.623046517372131,0.0197503790259361,1.2550687789917,0.0412600636482238,0.221920624375343,0.653013586997986,-0.722926199436188
0.622425019741058,0.0207650437951087,1.25504207611084,0.0404208749532699,0.22243045270443,0.65180766582489,-0.723904550075531
0.621531367301941,0.0217754431068897,1.25445151329041,0.0401710979640483,0.220786884427071,0.650775909423828,-0.725348353385925
0.621531367301941,0.0217754431068897,1.25445151329041,0.0401710979640483,0.220786884427071,0.650775909423828,-0.725348353385925
0.621658623218536,0.0220475643873214,1.25504946708679,0.0388776436448097,0.222514614462852,0.650163471698761,-0.725440144538879
0.621474146842957,0.0223729126155376,1.25507497787476,0.0384901203215122,0.222651645541191,0.649816572666168,-0.725729584693909
0.621304631233215,0.0227477625012397,1.25508332252502,0.0379803068935871,0.222680360078812,0.649382770061493,-0.726135730743408
0.621137499809265,0.0231010429561138,1.25504457950592,0.037558190524578,0.222589790821075,0.649017512798309,-0.726511895656586
0.620913863182068,0.0234433636069297,1.25499069690704,0.0371541306376457,0.222597658634186,0.648606956005096,-0.72689688205719
0.620787858963013,0.0236989073455333,1.25502002239227,0.036572840064764,0.222551792860031,0.648374557495117,-0.727147579193115
0.620784223079681,0.0238057132810354,1.25507616996765,0.0364116355776786,0.222523868083954,0.648362815380096,-0.727174699306488
0.620759248733521,0.023941770195961,1.25503039360046,0.0355173908174037,0.221606582403183,0.648144423961639,-0.727693438529968
0.620600879192352,0.0243083871901035,1.25503706932068,0.0353246070444583,0.222056299448013,0.647910118103027,-0.727774500846863
0.620485126972198,0.0247057080268859,1.25502288341522,0.0346298888325691,0.221691817045212,0.647419273853302,-0.728355586528778
0.620455145835876,0.0247801877558231,1.25504767894745,0.0335179641842842,0.221082493662834,0.647284865379333,-0.728712201118469
0.620500206947327,0.0250447392463684,1.25508117675781,0.0327263250946998,0.220667034387589,0.64733350276947,-0.728830873966217
0.620507180690765,0.0252168960869312,1.2550550699234,0.0323995500802993,0.220284759998322,0.647312581539154,-0.728979647159576
0.620570480823517,0.0253552384674549,1.25517868995667,0.0322635062038898,0.220040947198868,0.647168934345245,-0.72918689250946
0.620477855205536,0.0255161635577678,1.25494706630707,0.0311908088624477,0.219024330377579,0.647395372390747,-0.729338586330414
0.62061208486557,0.0254855006933212,1.25512826442719,0.030937036499381,0.218493595719337,0.647213578224182,-0.729669809341431
0.620632410049438,0.0255617946386337,1.25510406494141,0.0305267497897148,0.217862263321876,0.647282302379608,-0.729815006256104
0.620632410049438,0.0255617946386337,1.25510406494141,0.0305267497897148,0.217862263321876,0.647282302379608,-0.729815006256104
0.620580732822418,0.0257687885314226,1.25497078895569,0.0296417903155088,0.217084527015686,0.647798776626587,-0.729625046253204
0.620654582977295,0.0257928110659122,1.2549409866333,0.0292942002415657,0.21628811955452,0.647960543632507,-0.729731857776642
0.621033251285553,0.0255246981978416,1.2550003528595,0.0292401518672704,0.214774757623672,0.648225903511047,-0.729945302009583
0.620953142642975,0.0257747899740934,1.25480842590332,0.0284809693694114,0.21405878663063,0.64850777387619,-0.729935169219971
0.621071577072144,0.0257419869303703,1.2547994852066,0.0281348880380392,0.212989300489426,0.648742139339447,-0.73005336523056
0.621230125427246,0.0255768112838268,1.2548451423645,0.0274774841964244,0.212373957037926,0.649200558662415,-0.729850113391876
0.621453821659088,0.0254787113517522,1.25476539134979,0.027002340182662,0.211214527487755,0.649593472480774,-0.72985452413559
0.621641278266907,0.0253059063106775,1.25477039813995,0.0265608504414558,0.210374966263771,0.650073885917664,-0.729685544967651
0.6218421459198,0.0251373276114463,1.25479543209076,0.0261558257043361,0.209485992789268,0.650542199611664,-0.72953850030899
0.622126936912537,0.0249876119196414,1.25478291511536,0.0255715157836675,0.208393707871437,0.651207506656647,-0.729278385639191
0.622126936912537,0.0249876119196414,1.25478291511536,0.0255715157836675,0.208393707871437,0.651207506656647,-0.729278385639191
0.622565567493439,0.0244310274720191,1.25472235679626,0.0250838566571474,0.205592721700668,0.652376234531403,-0.729045867919922
0.622936248779297,0.0239832196384668,1.25493037700653,0.0245733223855495,0.204595655202866,0.65286922454834,-0.728902399539948
0.623012959957123,0.0237185936421155,1.2547345161438,0.0240578390657901,0.20320825278759,0.65358579158783,-0.728665351867676
0.623443186283112,0.0232224594801664,1.25491893291473,0.0242691840976476,0.201692923903465,0.654328942298889,-0.728412389755249
0.623569965362549,0.0229911021888256,1.25473213195801,0.023546990007162,0.20034047961235,0.655111730098724,-0.72810572385788
0.623898983001709,0.0225012302398681,1.25473093986511,0.0231545083224773,0.198879197239876,0.655948579311371,-0.727765500545502
0.625331819057465,0.0228829402476549,1.2548189163208,0.0200877860188484,0.196998909115791,0.657961964607239,-0.726549506187439
0.624660551548004,0.0217548590153455,1.25462973117828,0.0218362994492054,0.195360511541366,0.657650351524353,-0.727223098278046
0.624957919120789,0.0213882401585578,1.25448131561279,0.0214860886335372,0.193789184093475,0.65844190120697,-0.726937830448151
0.626315534114838,0.0213773436844348,1.254758477211,0.018958494067192,0.19230580329895,0.660715758800507,-0.725337088108063
0.626315534114838,0.0213773436844348,1.254758477211,0.018958494067192,0.19230580329895,0.660715758800507,-0.725337088108063
0.626330196857452,0.0199465211480855,1.25433528423309,0.0191287156194448,0.188125133514404,0.661228597164154,-0.72596138715744
0.626767873764038,0.0193926822394132,1.25426125526428,0.0185600966215133,0.186415553092956,0.662337362766266,-0.725406169891357
0.628030121326447,0.0192643590271472,1.2543329000473,0.0162738636136055,0.184453919529915,0.664750814437866,-0.723753035068512
0.628514409065247,0.0186301097273826,1.25453281402588,0.0147343641147017,0.182577863335609,0.666279077529907,-0.722855806350708
0.629086971282959,0.0178648028522729,1.25437259674072,0.0141131542623043,0.180561348795891,0.667743265628815,-0.722023248672485
0.629678845405579,0.0170832797884941,1.25442326068878,0.013380748219788,0.179049983620644,0.669226825237274,-0.721039175987244
0.630241334438324,0.0163824558258056,1.25430870056152,0.012696148827672,0.17681060731411,0.670545637607574,-0.720378696918488
0.630692839622498,0.0155503265559673,1.25421035289764,0.0121322385966777,0.175084307789802,0.672114074230194,-0.719347655773163
0.631137847900391,0.0147495605051517,1.25407481193542,0.0114571722224354,0.172957673668861,0.673676550388336,-0.718410968780518
0.631806790828705,0.0140527430921792,1.25395393371582,0.0103878984227776,0.170577794313431,0.675214231014252,-0.717552125453949
0.632394194602966,0.013134024105966,1.25390386581421,0.0096404924988746,0.168659463524818,0.676807165145874,-0.716514527797699
0.632896661758423,0.0122689586132764,1.25381314754486,0.0089595867320895,0.166278377175331,0.678372144699097,-0.715599298477173
0.633493185043335,0.0113289887085556,1.25376558303833,0.008253482170403,0.164174720644951,0.680131912231445,-0.714422285556793
0.634096324443817,0.0105592459440231,1.25363719463348,0.0072990404441952,0.161705583333969,0.681962311267853,-0.713250041007996
0.634664535522461,0.0095357950776815,1.25362777709961,0.0066603743471205,0.159403339028358,0.683876752853394,-0.711940169334412
0.635234773159027,0.008517313748598,1.25354146957397,0.0059885727241635,0.157086908817291,0.685491383075714,-0.710907518863678
0.635613262653351,0.0081219216808676,1.25372922420502,0.0050622676499187,0.152788311243057,0.687413930892944,-0.709994494915009
0.636408686637878,0.0065393485128879,1.25338709354401,0.0045764106325805,0.152191147208214,0.689195692539215,-0.708396971225739
0.636801362037659,0.0051136170513927,1.25328135490417,0.0046155471354722,0.149771243333817,0.691598236560822,-0.706568658351898
0.636801362037659,0.0051136170513927,1.25328135490417,0.0046155471354722,0.149771243333817,0.691598236560822,-0.706568658351898
0.638244092464447,0.0035021342337131,1.25320911407471,0.0023720005992799,0.144580543041229,0.695109248161316,-0.704211592674255
0.638884246349335,0.0024236552417278,1.25318646430969,0.001752306940034,0.142223656177521,0.69720321893692,-0.702621459960938
0.639111399650574,0.0021422952413558,1.25328600406647,0.0003718820225913,0.13720566034317,0.69915783405304,-0.701678693294525
0.639111399650574,0.0021422952413558,1.25328600406647,0.0003718820225913,0.13720566034317,0.69915783405304,-0.701678693294525
0.638948678970337,-0.0018493719398975,1.25324547290802,0.0018283376703038,0.133886620402336,0.701327502727509,-0.700150668621063
0.639671742916107,-0.0027816053479909,1.25329601764679,0.0007892320281825,0.131317317485809,0.703079879283905,-0.698880314826965
0.640405595302582,-0.0035553043708205,1.25323104858398,-0.0001422259229002,0.128289952874184,0.704873502254486,-0.697635352611542
0.640206456184387,-0.0041499268263578,1.25273609161377,-0.0002283883222844,0.123699098825455,0.706487536430359,-0.696831345558167
0.6416956782341,-0.0052552837878465,1.2532833814621,-0.0019214275525882,0.122628629207611,0.708190500736237,-0.695287525653839
0.642403602600098,-0.006202392745763,1.25336897373199,-0.0027470050845295,0.119996666908264,0.709874629974365,-0.694025456905365
0.643049716949463,-0.0070320148952305,1.25335597991943,-0.0038596962112933,0.117231853306293,0.711155951023102,-0.693180322647095
0.643356680870056,-0.0073064612224698,1.25357091426849,-0.0051947711035609,0.112448826432228,0.712854743003845,-0.692218482494354
0.644398152828217,-0.0092413490638136,1.25337219238281,-0.0049021043814718,0.112458370625973,0.715498089790344,-0.689486503601074
0.644931972026825,-0.0098816165700554,1.25366973876953,-0.0056228097528219,0.108771793544292,0.716761350631714,-0.688759922981262
0.645931720733643,-0.01035897154361,1.25364792346954,-0.0074193449690938,0.107027970254421,0.718055367469788,-0.687667429447174
0.645931720733643,-0.01035897154361,1.25364792346954,-0.0074193449690938,0.107027970254421,0.718055367469788,-0.687667429447174
0.646717131137848,-0.0124597074463963,1.25361454486847,-0.0088204974308609,0.101477585732937,0.720798373222351,-0.685619592666626
0.647374987602234,-0.0130694080144166,1.25376665592194,-0.0097104674205183,0.0989966168999672,0.721093654632568,-0.68565970659256
0.647646069526672,-0.0135559495538473,1.25376629829407,-0.0112240221351385,0.0954469442367553,0.722163379192352,-0.685014009475708
0.64823967218399,-0.0149063598364591,1.25384879112244,-0.0106105636805295,0.0936966016888618,0.723436832427979,-0.683920741081238
0.647901475429535,-0.014987600967288,1.25328135490417,-0.0113557437434792,0.0891642421483993,0.724232316017151,-0.683672666549683
0.649098455905914,-0.0171194039285182,1.25377821922302,-0.0117524964734911,0.0889616459608078,0.726004362106323,-0.68181037902832
0.648329198360443,-0.0165227502584457,1.25346481800079,-0.0128095699474215,0.0826339349150657,0.726778209209442,-0.681763231754303
0.648916900157928,-0.0173865146934986,1.25345015525818,-0.0135887069627642,0.0805060341954231,0.727948069572449,-0.680753707885742
0.649487495422363,-0.0179023779928684,1.25345826148987,-0.0142701994627714,0.0781183987855911,0.728413701057434,-0.680520057678223
0.650032758712769,-0.0191757194697856,1.25325739383698,-0.0150971394032239,0.0764769911766052,0.730177521705627,-0.678795993328094
0.650820434093475,-0.0197873078286647,1.25349235534668,-0.0159622430801391,0.0746204778552055,0.730564892292023,-0.678566217422485
0.651485204696655,-0.0219055451452732,1.25387358665466,-0.0167880188673734,0.0755092948675155,0.732341051101685,-0.676530301570892
0.651454985141754,-0.0222062766551971,1.25364947319031,-0.0170773565769195,0.0717556029558181,0.732976853847504,-0.676242887973785
0.65176260471344,-0.0225470419973135,1.25332200527191,-0.0163651928305625,0.0676586553454399,0.733827233314514,-0.675760388374329
0.652590990066528,-0.0243092495948076,1.25349700450897,-0.0168066136538982,0.0675557181239128,0.735011875629425,-0.674471318721771
0.653095901012421,-0.0251110326498746,1.2534693479538,-0.0171822439879179,0.0654041171073913,0.735939860343933,-0.673661589622498
0.653437376022339,-0.0256414953619241,1.25339508056641,-0.017175892367959,0.0634362995624542,0.73633348941803,-0.673419535160065
0.653452634811401,-0.0267428010702133,1.25307440757751,-0.0173782352358102,0.0609781257808208,0.73819500207901,-0.671600937843323
0.654525816440582,-0.0284842811524868,1.2536985874176,-0.0170280523598194,0.0610988028347492,0.739212334156036,-0.67047905921936
0.65424257516861,-0.028028167784214,1.25308394432068,-0.0174231398850679,0.0567702427506446,0.739447593688965,-0.670590043067932
0.655199706554413,-0.0300806835293769,1.25364553928375,-0.0171732380986213,0.0570371225476264,0.740869760513306,-0.66900223493576
0.655639588832855,-0.0306273661553859,1.25370717048645,-0.0171861015260219,0.0550983063876628,0.741034388542175,-0.668981850147247
0.655944049358368,-0.0318273305892944,1.25370121002197,-0.0172945708036422,0.0531377419829368,0.742526650428772,-0.667481482028961
0.655147910118103,-0.0315417125821113,1.25304615497589,-0.0165281184017658,0.0484080500900745,0.74245285987854,-0.667942583560944
0.656522750854492,-0.0334013327956199,1.2535982131958,-0.0170857869088649,0.0491451695561409,0.743782043457031,-0.666394293308258
0.656985104084015,-0.0341709405183792,1.25350666046143,-0.0172771196812391,0.0477525517344474,0.74455326795578,-0.665628731250763
0.656340062618256,-0.0339634455740451,1.2528235912323,-0.0173326339572668,0.0421355701982975,0.745094656944275,-0.665400743484497
0.65773069858551,-0.0353268422186374,1.25334143638611,-0.0174405556172132,0.0436283685266971,0.7451171875,-0.66527658700943
0.657598614692688,-0.0359377153217792,1.25312066078186,-0.016938516870141,0.0401918031275272,0.745314478874207,-0.665285110473633
0.658297717571259,-0.0373180322349071,1.25329124927521,-0.0168747492134571,0.0397765189409256,0.746145784854889,-0.664379179477692
0.657600164413452,-0.0368613712489604,1.25282919406891,-0.0161449499428272,0.0350982472300529,0.745600521564484,-0.66527247428894
0.657600164413452,-0.0368613712489604,1.25282919406891,-0.0161449499428272,0.0350982472300529,0.745600521564484,-0.66527247428894
0.658296346664429,-0.0386641919612884,1.25269544124603,-0.0159148722887039,0.031777985394001,0.746573626995087,-0.664353013038635
0.65859979391098,-0.0389935821294784,1.25256323814392,-0.0159504394978284,0.0295975971966981,0.746156990528107,-0.664920568466187
0.659995436668396,-0.0409792475402355,1.25303840637207,-0.0162669848650693,0.030827697366476,0.747189521789551,-0.663696467876434
0.65944629907608,-0.0408671423792839,1.25246381759644,-0.0158695932477712,0.0265821367502212,0.747098624706268,-0.663991928100586
0.660778641700745,-0.042097333818674,1.25286090373993,-0.0168855004012584,0.0283680986613035,0.746832013130188,-0.664192974567413
0.660839378833771,-0.042596373707056,1.25251424312592,-0.0164959914982318,0.0246471129357814,0.747347772121429,-0.663770794868469
0.660862565040588,-0.0427647233009338,1.25227117538452,-0.0161861609667539,0.02219052426517,0.747049629688263,-0.664200782775879
0.661259472370148,-0.043468352407217,1.25222158432007,-0.0159837529063224,0.0208026934415102,0.747195065021515,-0.664086937904358
0.662378668785095,-0.0453212410211563,1.25272345542908,-0.0158169735223054,0.0230956170707941,0.747227132320404,-0.66397899389267
0.661791443824768,-0.0452329851686954,1.25210547447205,-0.0158882196992635,0.018931133672595,0.747971415519714,-0.663270771503448
0.663305342197418,-0.0470097810029983,1.25252294540405,-0.0156795307993888,0.0191528033465147,0.748074531555176,-0.663152873516083
0.663736045360565,-0.0476598925888538,1.25248146057129,-0.0154991690069437,0.018091857433319,0.748169720172882,-0.663079559803009
0.664068639278412,-0.0483971759676933,1.25241196155548,-0.0158938970416784,0.0175107028335332,0.748238682746887,-0.663008093833923
0.664370894432068,-0.0492009930312633,1.25245153903961,-0.0151821356266736,0.0160049572587013,0.748036205768585,-0.663291037082672
0.663952112197876,-0.0486447848379612,1.25183343887329,-0.0153478700667619,0.0126607893034815,0.747345924377441,-0.664137303829193
0.664433896541595,-0.0497600771486759,1.25173807144165,-0.0152991134673357,0.0116578172892332,0.747875392436981,-0.663560450077057
0.664763748645782,-0.050467949360609,1.25176930427551,-0.0140237845480442,0.0100023439154028,0.747523128986359,-0.664012551307678
0.665209233760834,-0.0510800443589687,1.25159525871277,-0.0148679735139012,0.009901750832796,0.74772721529007,-0.663765728473663
0.665892720222473,-0.0515081994235515,1.25160503387451,-0.0143990851938724,0.008179816417396,0.746698975563049,-0.664956092834473
0.666068851947784,-0.0520755723118782,1.25156331062317,-0.0137766217812895,0.0073780231177806,0.746493816375732,-0.665208756923676
0.666485488414764,-0.0530778244137764,1.25142049789429,-0.0145576708018779,0.0075790840201079,0.747146964073181,-0.664456188678741
0.666734993457794,-0.0536707825958728,1.25138282775879,-0.0138692036271095,0.0061990451067686,0.746798098087311,-0.664877414703369
0.667195200920105,-0.0543581917881965,1.25135231018066,-0.0136770289391279,0.0054387166164815,0.746639966964722,-0.66506552696228
0.668189465999603,-0.0551457330584526,1.25137317180634,-0.0142149897292256,0.0061543844640254,0.746382713317871,-0.665336787700653
0.669074535369873,-0.0563604161143302,1.251580119133,-0.0140920458361506,0.0068635712377727,0.746731698513031,-0.664940655231476
0.668574512004852,-0.0560885593295097,1.25113153457642,-0.0135191855952143,0.0036472717765718,0.746357619762421,-0.665397703647614
0.668789148330688,-0.0566307753324508,1.25099456310272,-0.013338953256607,0.0027365118730813,0.746531665325165,-0.665210604667664
0.668789148330688,-0.0566307753324508,1.25099456310272,-0.013338953256607,0.0027365118730813,0.746531665325165,-0.665210604667664
0.66966587305069,-0.057816032320261,1.25085532665253,-0.0126551436260342,0.0008470247266814,0.746629476547241,-0.665119171142578
0.669954419136047,-0.0583246909081935,1.25083947181702,-0.0130623821169137,0.0006867072661407,0.7467041015625,-0.665027856826782
0.670288145542145,-0.0587891079485416,1.25079774856567,-0.0129065038636326,0.0001009949046419,0.746709406375885,-0.665025413036346
0.670839011669159,-0.0594141706824302,1.25074553489685,-0.0123980119824409,-0.0012681914959102,0.746489882469177,-0.665280163288116
0.671112060546875,-0.0598625764250755,1.25065970420837,-0.0121638188138604,-0.0015260053332895,0.74671483039856,-0.665031313896179
0.671368658542633,-0.060347706079483,1.25062954425812,-0.0123478965833783,-0.0012432102812454,0.746777832508087,-0.664957702159882
0.67172908782959,-0.0607962273061275,1.25055515766144,-0.0122901406139135,-0.0019866835791617,0.74660587310791,-0.665150225162506
0.672194421291351,-0.0612730532884597,1.25060606002808,-0.0122637478634715,-0.0021344453562051,0.746707439422607,-0.665036141872406
0.673000633716583,-0.0618403181433677,1.25063335895538,-0.0126484697684645,-0.0019511940190568,0.746663391590118,-0.665078997612
0.673353493213654,-0.0623034313321113,1.25066816806793,-0.0123077956959605,-0.0022426419891417,0.746493816375732,-0.665274679660797
0.673253178596497,-0.0626311376690864,1.25052344799042,-0.011865303851664,-0.0033889587502926,0.746668994426727,-0.665081262588501
0.673592150211334,-0.0632782950997352,1.25056838989258,-0.0117062479257583,-0.0038424115628004,0.746507287025452,-0.665263295173645
0.673592150211334,-0.0632782950997352,1.25056838989258,-0.0117062479257583,-0.0038424115628004,0.746507287025452,-0.665263295173645
0.674180030822754,-0.063872680068016,1.25035619735718,-0.0114255314692854,-0.0043489411473274,0.746488153934479,-0.665286421775818
0.674633085727692,-0.0643385723233223,1.25030314922333,-0.010934418067336,-0.0054215178824961,0.746400117874146,-0.665385484695435
0.67484438419342,-0.0646945834159851,1.250168800354,-0.0108882403001189,-0.0059138019569218,0.74653422832489,-0.665231645107269
0.675010025501251,-0.0651056393980979,1.25016057491302,-0.0110575137659907,-0.005510346032679,0.746502697467804,-0.665267765522003
0.675436913967133,-0.0654944255948066,1.2502224445343,-0.0107373045757412,-0.0055237771011888,0.746370851993561,-0.665420889854431
0.675723493099213,-0.0658981055021286,1.25022172927856,-0.0106267314404249,-0.0057687857188284,0.746455132961273,-0.665325880050659
0.675168633460999,-0.0663518160581588,1.24982094764709,-0.0085437484085559,-0.0063005094416439,0.74506688117981,-0.666905283927917
0.676357328891754,-0.0667548030614852,1.2501140832901,-0.0098059801384806,-0.0069966907612979,0.746493458747864,-0.665283679962158
0.676487505435944,-0.0671501457691192,1.25020051002502,-0.0092059215530753,-0.0075755058787763,0.746469080448151,-0.665313363075256
0.676986753940582,-0.0674714669585228,1.25009977817535,-0.0092707369476556,-0.0072292145341634,0.746459245681763,-0.665327310562134
0.677062273025513,-0.0679842829704284,1.25009596347809,-0.0093450155109167,-0.0074942107312381,0.746993362903595,-0.664723634719849
0.676937103271484,-0.0681005120277404,1.25007557868958,-0.0088187931105494,-0.007138427812606,0.746917843818665,-0.664819419384003
0.677366673946381,-0.0684238299727439,1.25000417232513,-0.0090767694637179,-0.0068794884718954,0.747122824192047,-0.664588391780853
0.677700757980347,-0.068935178220272,1.25011944770813,-0.0085393236950039,-0.0067945546470582,0.746980488300323,-0.664756536483765
0.677776575088501,-0.0692585483193397,1.25019466876984,-0.007915548980236,-0.0072293472476303,0.746876835823059,-0.66487592458725
0.678046107292175,-0.0693349912762641,1.25015914440155,-0.0074099507182836,-0.0070388503372669,0.746612727642059,-0.665180623531342
0.678141295909882,-0.0696115791797638,1.25005877017975,-0.0078379493206739,-0.0075212162919342,0.747120261192322,-0.664600133895874
0.67860072851181,-0.0698165521025657,1.25002241134644,-0.0077382009476423,-0.0069186012260615,0.746999084949493,-0.664744079113007
0.679335534572601,-0.0701383724808693,1.25024795532227,-0.0077856997959315,-0.006473621353507,0.746577739715576,-0.665221214294434
0.678811728954315,-0.0702726617455482,1.25006365776062,-0.0071648652665317,-0.007532421965152,0.747153341770172,-0.664570450782776
0.679220795631409,-0.0704957842826843,1.25001490116119,-0.0072373887524008,-0.0069239139556884,0.747154533863068,-0.664575040340424
0.679396867752075,-0.0706962347030639,1.24997341632843,-0.0072651142254471,-0.0069371052086353,0.747247159481049,-0.664470374584198
0.679525554180145,-0.0708548054099083,1.24994373321533,-0.0072250706143677,-0.0070027573965489,0.747443675994873,-0.664249122142792
0.679777562618256,-0.0710343644022941,1.24999451637268,-0.0070107318460941,-0.0068811373785138,0.747368037700653,-0.664337694644928
0.679993271827698,-0.0711762756109237,1.24996376037598,-0.0068631917238235,-0.0069054695777595,0.747397780418396,-0.664305567741394
0.680086493492126,-0.0713026225566864,1.24991488456726,-0.0068589155562222,-0.0070166876539587,0.747450530529022,-0.664245009422302
0.680213749408722,-0.071426123380661,1.24986791610718,-0.006623444147408,-0.0071705188602209,0.747339189052582,-0.664371132850647
0.6804039478302,-0.071584329009056,1.24987292289734,-0.0064510265365242,-0.0071045830845832,0.747265994548798,-0.664455771446228
0.680573999881744,-0.07171630859375,1.24985229969025,-0.006277734413743,-0.0071226265281438,0.747118473052979,-0.664623141288757
0.680796563625336,-0.0719414204359054,1.24991321563721,-0.0059062060900032,-0.0067691202275455,0.746940314769745,-0.664830327033997
0.680910110473633,-0.072045587003231,1.24991202354431,-0.0056712171062827,-0.0067448914051055,0.746779441833496,-0.665013372898102
0.681047797203064,-0.0721555948257446,1.24990403652191,-0.005481834989041,-0.0066785281524062,0.746630251407623,-0.665183186531067
0.681234538555145,-0.0722686275839805,1.24989116191864,-0.005316121969372,-0.0064221397042274,0.746668338775635,-0.665144205093384
0.681797981262207,-0.0724832043051719,1.24997854232788,-0.0055607873946428,-0.0055100745521485,0.746492266654968,-0.66534811258316
0.681797981262207,-0.0724832043051719,1.24997854232788,-0.0055607873946428,-0.0055100745521485,0.746492266654968,-0.66534811258316
0.682139754295349,-0.072719819843769,1.24993789196014,-0.0049510160461068,-0.0062897452153265,0.746211886405945,-0.665660500526428
0.682232916355133,-0.0727587044239044,1.24992525577545,-0.0047477073967456,-0.0061980518512427,0.746092617511749,-0.665796518325806
0.681726157665253,-0.0724971294403076,1.24983310699463,-0.0042356178164482,-0.0059902877546846,0.746010601520538,-0.66589367389679
0.682352304458618,-0.0727232173085212,1.25001502037048,-0.004435199778527,-0.0049211597070097,0.745698153972626,-0.666251063346863
0.682399153709412,-0.0727124810218811,1.24998438358307,-0.0041239773854613,-0.0048431847244501,0.74545019865036,-0.666530966758728
0.682446002960205,-0.0726390853524208,1.24993073940277,-0.0040729767642915,-0.0048215729184448,0.745416879653931,-0.66656881570816
0.682118535041809,-0.0724472180008888,1.24981892108917,-0.0034101407509297,-0.0054257004521787,0.745244741439819,-0.666760385036469
0.682341992855072,-0.0724910795688629,1.24976348876953,-0.0030718317721039,-0.0063788909465074,0.745066165924072,-0.666953086853027
0.682342529296875,-0.0723834708333015,1.2497251033783,-0.0030701425857841,-0.0064759389497339,0.744985640048981,-0.667042136192322
0.682469129562378,-0.0722745358943939,1.24972784519196,-0.0030355099588632,-0.006408650893718,0.744792520999908,-0.667258441448212
0.68239027261734,-0.0720663368701934,1.24974370002747,-0.0030911520589143,-0.0053859809413552,0.744621515274048,-0.667458117008209
0.682482302188873,-0.0719738975167274,1.24974298477173,-0.0029842336662113,-0.0052596796303987,0.744375169277191,-0.667734324932098
0.682580411434174,-0.0719025805592536,1.2497456073761,-0.0028885663487017,-0.0050938595086336,0.744130551815033,-0.66800856590271
0.682603657245636,-0.0717698112130165,1.24971950054169,-0.0025638141669332,-0.0050578447990119,0.743863761425018,-0.668307363986969
0.682810306549072,-0.071716122329235,1.2497786283493,-0.0023384024389088,-0.0047016376629471,0.743454992771149,-0.668765366077423
0.683067142963409,-0.0718176439404487,1.24970459938049,-0.0020134821534156,-0.0057525681331753,0.743010640144348,-0.669251799583435
0.683160603046417,-0.0716220661997795,1.24967050552368,-0.0016876391600817,-0.0051724817603826,0.742747664451599,-0.669549524784088
0.683124899864197,-0.0714501142501831,1.24966669082642,-0.0019448754610493,-0.0042950920760631,0.742446303367615,-0.669889092445374
0.68321281671524,-0.0713009312748909,1.24960422515869,-0.0020371126011013,-0.004264716990292,0.742203652858734,-0.670157790184021
0.683915317058563,-0.0714250281453132,1.24986147880554,-0.0021798219531774,-0.002725354861468,0.741575479507446,-0.670860469341278
0.683446109294891,-0.0709808990359306,1.24960911273956,-0.0019480575574561,-0.0036912714131176,0.74141651391983,-0.671032249927521
0.684090137481689,-0.0710343569517135,1.24981832504272,-0.0023670636583119,-0.0022481307387351,0.74088442325592,-0.671624600887299
0.68362420797348,-0.0706411004066467,1.24957513809204,-0.0018191358540207,-0.0029738484881818,0.740544140338898,-0.671998620033264
0.683731317520142,-0.0704846829175949,1.24958753585815,-0.0018175157019868,-0.0026064054109156,0.740179121494293,-0.672402322292328
0.683890163898468,-0.070326067507267,1.24965012073517,-0.0018952027894556,-0.0021432777866721,0.739739418029785,-0.67288738489151
0.684109926223755,-0.0702038556337356,1.24974930286407,-0.0018372557824477,-0.0016038885805755,0.739193320274353,-0.673488974571228
0.684262633323669,-0.0699777752161026,1.24979948997498,-0.0020629819482564,-0.0013066587271168,0.738773584365845,-0.673949241638184
0.684342682361603,-0.0697152465581893,1.2498551607132,-0.0020834086462855,-0.0005654707201756,0.738621890544891,-0.674116551876068
0.684342682361603,-0.0697152465581893,1.2498551607132,-0.0020834086462855,-0.0005654707201756,0.738621890544891,-0.674116551876068
0.684674263000488,-0.0693506374955177,1.24999237060547,-0.0024775119964033,-0.0005375354085117,0.737848281860352,-0.674961984157562
0.684780478477478,-0.0690774992108345,1.25009274482727,-0.0025267491582781,-0.0001646616728976,0.73754221200943,-0.675296306610107
0.684907793998718,-0.0688002705574035,1.25028014183044,-0.0022557997144758,0.0007434546714648,0.737130403518677,-0.675746381282806
0.68489021062851,-0.0684995055198669,1.25030875205994,-0.0023875730112195,0.0007465492235496,0.737060785293579,-0.675821959972382
0.684997737407684,-0.0682593360543251,1.25041306018829,-0.0023305495269596,0.0008410628070123,0.736855626106262,-0.676045715808868
0.685034871101379,-0.0679731145501136,1.25044941902161,-0.0021821772679686,0.0008743129437789,0.736543238162994,-0.67638635635376
0.68810623884201,-0.0690554454922676,1.25006365776062,0.0061726323328912,-0.0124350739642977,0.735908448696136,-0.676938772201538
0.688189566135406,-0.0688447654247284,1.25013196468353,0.0062629166059195,-0.0122656133025884,0.735748946666718,-0.677114188671112
0.685306966304779,-0.0674173310399055,1.25066149234772,-0.0021422102581709,0.0008678997983224,0.736126720905304,-0.676839888095856
0.688216984272003,-0.0685656815767288,1.25019240379333,0.0059525412507355,-0.0128974318504333,0.735617697238922,-0.677248120307922
0.688365995883942,-0.0681573823094368,1.25022876262665,0.0068199154920876,-0.0121793756261467,0.735468447208405,-0.677415251731873
0.688365995883942,-0.0681573823094368,1.25022876262665,0.0068199154920876,-0.0121793756261467,0.735468447208405,-0.677415251731873
0.688178241252899,-0.0679556801915168,1.25039041042328,0.0070743421092629,-0.0128304213285446,0.734654188156128,-0.67828357219696
0.688399493694305,-0.0677105188369751,1.25031268596649,0.006936436984688,-0.0123789263889193,0.734581112861633,-0.678372502326965
0.688525676727295,-0.0674716904759407,1.25030255317688,0.0073307398706674,-0.0124093759804964,0.734249114990234,-0.678727090358734
0.688395321369171,-0.0672303587198257,1.25039517879486,0.0080520948395133,-0.0126180658116936,0.733916580677032,-0.679074704647064
0.689460635185242,-0.0678697824478149,1.25081121921539,0.0081260781735181,-0.0097583923488855,0.733686029911041,-0.679369986057281
0.688373506069183,-0.0667285174131393,1.25025355815887,0.0086768893525004,-0.0127450730651617,0.733090400695801,-0.679956495761871
0.688487827777863,-0.0665642470121383,1.25020861625671,0.0089307762682437,-0.0127391554415225,0.732709050178528,-0.680364191532135
0.68869024515152,-0.0663702115416526,1.25012373924255,0.008986622095108,-0.0122559377923607,0.732496201992035,-0.680601418018341
0.688784241676331,-0.0661512240767479,1.25005555152893,0.0093611190095543,-0.0122910011559724,0.731914281845093,-0.681221544742584
0.688836991786957,-0.066013216972351,1.25000524520874,0.0098782917484641,-0.0119923008605837,0.731288492679596,-0.681891202926636
0.689940094947815,-0.0667075812816619,1.25044286251068,0.0099677564576268,-0.0090099489316344,0.730946779251099,-0.682302296161652
0.689012169837952,-0.0656416863203048,1.24996638298035,0.0105318408459424,-0.0116000538691878,0.730249047279358,-0.683001458644867
0.688981413841248,-0.0650518164038658,1.25002634525299,0.0113192209973931,-0.0118898851796984,0.72883129119873,-0.684496581554413
0.689255356788635,-0.0648183077573776,1.24995493888855,0.011239867657423,-0.0113562121987342,0.728212416172028,-0.685165166854858
0.68921023607254,-0.0645814761519432,1.25001335144043,0.011904819868505,-0.0115883415564894,0.727213680744171,-0.68621027469635
0.689322710037231,-0.0641740635037422,1.24996566772461,0.0129822129383683,-0.0110718123614788,0.726404368877411,-0.687055826187134
0.689535856246948,-0.0639681071043014,1.24998140335083,0.0133020533248782,-0.0101031670346856,0.725481748580933,-0.68803882598877
0.689563870429993,-0.0637039765715599,1.24991583824158,0.0133023243397474,-0.0101842721924185,0.724686205387115,-0.688875496387482
0.690659463405609,-0.0647226795554161,1.25034666061401,0.0134683661162853,-0.0070834932848811,0.724474847316742,-0.689133167266846
0.690730810165405,-0.0643005520105362,1.25038874149323,0.0129981748759746,-0.0075268126092851,0.722895562648773,-0.690794050693512
0.689714789390564,-0.0631281211972236,1.24995899200439,0.0137861492112278,-0.0100387632846832,0.721508026123047,-0.692196011543274
0.689831376075745,-0.0627008751034736,1.24998605251312,0.0146173303946852,-0.0093727717176079,0.720546901226044,-0.693188726902008
0.690845966339111,-0.0631738975644111,1.25043928623199,0.0145668908953666,-0.0067319152876734,0.719537496566772,-0.69426828622818
0.690878331661224,-0.0630826652050018,1.25050723552704,0.0141336070373654,-0.0070620076730847,0.718283534049988,-0.69557124376297
0.690961897373199,-0.0630299746990203,1.25051498413086,0.0151747139170765,-0.0062955245375633,0.717643082141876,-0.696217238903046
0.691099643707275,-0.0622709989547729,1.25051355361938,0.0150361936539411,-0.0062656025402247,0.715851306915283,-0.698062837123871
0.690981686115265,-0.0621372610330581,1.25044822692871,0.0144342547282576,-0.0069499020464718,0.714591324329376,-0.699358820915222
0.690937221050262,-0.0618606954813003,1.25055420398712,0.0147899277508258,-0.0070095239207148,0.713111639022827,-0.700859427452087
0.690975248813629,-0.0614571273326873,1.25055193901062,0.0156435184180736,-0.0064363493584096,0.71174281835556,-0.702236592769623
0.689931988716125,-0.0607083886861801,1.25008833408356,0.0162222050130367,-0.0088923247531056,0.710694313049316,-0.703257620334625
0.690068483352661,-0.0599702820181846,1.25016438961029,0.0162656381726264,-0.0088206017389893,0.708643794059753,-0.705323696136475
0.687171936035156,-0.058499302715063,1.25061321258545,0.0085198935121297,0.00441590603441,0.707659125328064,-0.706488966941833
0.687086462974548,-0.0582489222288131,1.25063455104828,0.0086799021810293,0.0042809234000742,0.706008613109589,-0.708137214183807
0.687183380126953,-0.0584624670445919,1.25061440467834,0.0089344885200262,0.0033353394828736,0.705092191696167,-0.709051489830017
0.68724399805069,-0.057838536798954,1.25066733360291,0.0090567106381058,0.0032779064495116,0.703053057193756,-0.711072266101837
0.68724399805069,-0.057838536798954,1.25066733360291,0.0090567106381058,0.0032779064495116,0.703053057193756,-0.711072266101837
0.687202572822571,-0.0570685006678104,1.25051724910736,0.0086300233379006,0.0031511532142758,0.700603187084198,-0.713491976261139
