x,y,z,q0,q1,q2,q3
-0.623047053813934,0.16933561861515,1.05589294433594,0.0224860534071922,-0.0375296175479888,-0.591352224349976,-0.805225729942322
-0.622366905212402,0.169115215539932,1.05617320537567,0.0232691913843154,-0.0393775440752506,-0.591407954692841,-0.805074214935303
-0.621992528438568,0.169477894902229,1.05629658699036,0.0228437073528766,-0.0394265875220298,-0.589965403079987,-0.80614185333252
-0.621800720691681,0.169987976551056,1.05635488033295,0.0229829866439104,-0.0408242307603359,-0.589252233505249,-0.806589782238007
-0.621878504753113,0.170530527830124,1.05608224868774,0.0226645339280366,-0.0398106165230274,-0.587934970855713,-0.807609975337982
-0.62147468328476,0.17059925198555,1.05631375312805,0.0225367527455091,-0.0418415144085884,-0.58790522813797,-0.807532668113708
-0.621589481830597,0.171211510896683,1.05624854564667,0.0215963888913393,-0.0427262112498283,-0.587272644042969,-0.807972073554993
-0.621255159378052,0.171322107315063,1.05629992485046,0.0215960592031478,-0.0435740873217582,-0.586438059806824,-0.808532893657684
-0.621136963367462,0.171980366110802,1.05605340003967,0.0215029474347829,-0.0429091341793537,-0.584712862968445,-0.809819340705872
-0.620889484882355,0.171960458159447,1.05629813671112,0.0211915168911218,-0.0456224903464317,-0.585163116455078,-0.809353947639465
-0.620907306671143,0.172416865825653,1.05626893043518,0.0207556765526533,-0.0467663146555423,-0.58454692363739,-0.809745073318481
-0.620776176452637,0.172918438911438,1.05602860450745,0.0205936729907989,-0.0461836643517017,-0.582821130752563,-0.811025559902191
-0.620225429534912,0.17306911945343,1.05614137649536,0.0207492038607597,-0.046646062284708,-0.581940591335297,-0.811627268791199
-0.619952738285065,0.173362955451012,1.05620133876801,0.0205531530082225,-0.0477062575519084,-0.581174969673157,-0.81211906671524
-0.619860529899597,0.173612520098686,1.05617642402649,0.0206387434154748,-0.048888687044382,-0.580611824989319,-0.812449336051941
-0.620059788227081,0.173210009932518,1.05638575553894,0.0209168978035449,-0.0510975643992424,-0.579232931137085,-0.813290119171143
-0.619421303272247,0.174488052725792,1.05617046356201,0.019464936107397,-0.0501390993595123,-0.578718900680542,-0.813751578330994
-0.619451403617859,0.173643141984939,1.05677008628845,0.0202898997813463,-0.0531509332358837,-0.577471017837524,-0.81442654132843
-0.619136452674866,0.174833178520203,1.05656003952026,0.0180692039430141,-0.0532919317483902,-0.577721238136292,-0.814292192459106
-0.618869364261627,0.175066396594047,1.05654060840607,0.0179224200546741,-0.054236352443695,-0.577649354934692,-0.814283967018127
-0.618636310100555,0.175259232521057,1.05665731430054,0.0176428239792585,-0.0554110631346702,-0.577055096626282,-0.81463223695755
-0.618317008018494,0.175099730491638,1.05699467658997,0.0176428072154521,-0.0582297518849372,-0.577451825141907,-0.814154386520386
-0.618446052074432,0.175723671913147,1.05683863162994,0.0169224981218576,-0.0580671168863773,-0.575964033603668,-0.81523460149765
-0.618141114711761,0.175663828849792,1.05717504024506,0.0161043778061866,-0.0598165653645992,-0.57610684633255,-0.815023720264435
-0.617620229721069,0.175740852952003,1.05737197399139,0.0168679766356945,-0.0606883540749549,-0.575587928295135,-0.815310299396515
-0.617484271526337,0.176546841859818,1.05703186988831,0.0167916640639305,-0.0600173249840736,-0.57374894618988,-0.816656649112701
-0.617306113243103,0.176443234086037,1.05735039710999,0.0164287369698286,-0.0617295056581497,-0.573699653148651,-0.816571116447449
-0.616919457912445,0.176228374242783,1.05770063400269,0.0161054246127605,-0.0643680542707443,-0.574094831943512,-0.816095888614655
-0.617113053798676,0.176894187927246,1.05772793292999,0.0142642762511968,-0.065351016819477,-0.573701024055481,-0.816328942775726
-0.616925716400146,0.177425622940063,1.05761528015137,0.0141984205693006,-0.065293863415718,-0.57232803106308,-0.817297875881195
-0.616712808609009,0.177256926894188,1.05765044689178,0.0144778918474912,-0.0676281824707984,-0.573452770709991,-0.816314160823822
-0.616438984870911,0.17755463719368,1.05772078037262,0.0139932706952095,-0.0686112865805625,-0.572909474372864,-0.816622018814087
-0.615929186344147,0.177541747689247,1.05789756774902,0.014304531738162,-0.0687638372182846,-0.572229981422424,-0.817080080509186
-0.615679144859314,0.17785581946373,1.05780267715454,0.014441811479628,-0.0703169554471969,-0.572064399719238,-0.817061364650726
-0.615887820720673,0.178403109312057,1.05771267414093,0.013715554960072,-0.0717065781354904,-0.57189553976059,-0.817071378231049
-0.615887820720673,0.178403109312057,1.05771267414093,0.013715554960072,-0.0717065781354904,-0.57189553976059,-0.817071378231049
-0.615590035915375,0.17867748439312,1.05790877342224,0.0128608234226703,-0.0734926462173461,-0.571225583553314,-0.817395091056824
-0.615425288677216,0.178950771689415,1.05792677402496,0.0125422533601522,-0.0743468552827835,-0.570796191692352,-0.817622780799866
-0.614760458469391,0.178985238075256,1.05811035633087,0.012649443000555,-0.0747737064957618,-0.570013582706451,-0.818128049373627
-0.614491045475006,0.179321348667145,1.05814361572266,0.0125529682263731,-0.0751209780573844,-0.569315433502197,-0.81858366727829
-0.614696383476257,0.179502755403519,1.05790555477142,0.0130148958414793,-0.0764986351132392,-0.569849073886871,-0.818077445030212
-0.615042746067047,0.180033683776855,1.05788576602936,0.0115944556891918,-0.0773820281028747,-0.569725930690765,-0.818101406097412
-0.614622950553894,0.179946303367615,1.05790388584137,0.0123516460880637,-0.0778218135237693,-0.569467782974243,-0.818228363990784
-0.614309728145599,0.180178299546242,1.05807542800903,0.0112430686131119,-0.0779567509889602,-0.568725287914276,-0.818747758865356
-0.614126563072205,0.180569663643837,1.05789220333099,0.0111939860507845,-0.0787582173943519,-0.568552196025848,-0.81879198551178
-0.6142418384552,0.180525317788124,1.0579252243042,0.0113883782178163,-0.0795091465115547,-0.568624258041382,-0.818666696548462
-0.614488124847412,0.181038558483124,1.05785894393921,0.0102726183831691,-0.0802562609314918,-0.568403959274292,-0.8187615275383
-0.614434897899628,0.181236490607262,1.05782186985016,0.0101557476446032,-0.0807157084345817,-0.568201541900635,-0.81885826587677
-0.614465475082397,0.181416869163513,1.05770945549011,0.0101585639640688,-0.081304132938385,-0.56822007894516,-0.818787157535553
-0.614451229572296,0.181621044874191,1.05768072605133,0.0100128222256898,-0.0817109793424606,-0.568018794059753,-0.818888068199158
-0.614407002925873,0.181787461042404,1.05763602256775,0.0098930308595299,-0.0821420475840568,-0.567864775657654,-0.818953216075897
-0.614092946052551,0.182201892137527,1.05769109725952,0.0089910440146923,-0.0823318213224411,-0.567151963710785,-0.819438457489014
-0.614060640335083,0.182366356253624,1.05764937400818,0.0088417613878846,-0.0827087089419364,-0.567095220088959,-0.819441437721252
-0.614057123661041,0.182554274797439,1.05757546424866,0.0085701225325465,-0.0830171853303909,-0.567031800746918,-0.819456934928894
-0.614137947559357,0.182764410972595,1.05724215507507,0.0093141803517937,-0.0835218429565429,-0.567113697528839,-0.819340825080872
-0.614221155643463,0.182774245738983,1.05732381343842,0.0090527031570672,-0.0840855315327644,-0.567034900188446,-0.819340765476227
-0.614169001579285,0.182918965816498,1.05734395980835,0.0085614286363124,-0.0843091085553169,-0.566822230815887,-0.819470167160034
-0.614019095897675,0.183195188641548,1.05721807479858,0.0085687050595879,-0.0847152844071388,-0.566528916358948,-0.819630980491638
-0.614022552967072,0.183368116617203,1.05717778205872,0.008428007364273,-0.0851264744997024,-0.566349685192108,-0.819713652133942
-0.614022552967072,0.183368116617203,1.05717778205872,0.008428007364273,-0.0851264744997024,-0.566349685192108,-0.819713652133942
-0.614102840423584,0.183602869510651,1.0571357011795,0.0082964766770601,-0.08583565056324,-0.566141784191132,-0.819784641265869
-0.614175200462341,0.183738961815834,1.05704867839813,0.0085214730352163,-0.0863326415419578,-0.566145956516266,-0.819727301597595
-0.614212155342102,0.183898717164993,1.05702424049377,0.0084372051060199,-0.0866808593273162,-0.566121459007263,-0.819708406925201
-0.614076316356659,0.184097215533257,1.05717813968658,0.007563991472125,-0.0867955908179283,-0.565694808959961,-0.819999217987061
-0.614111721515656,0.184251606464386,1.05715680122375,0.0075080348178744,-0.0871177837252616,-0.565661311149597,-0.81998872756958
-0.614155173301697,0.184360235929489,1.05713140964508,0.007544563151896,-0.087399736046791,-0.5656658411026,-0.819955229759216
-0.614155173301697,0.184360235929489,1.05713140964508,0.007544563151896,-0.087399736046791,-0.5656658411026,-0.819955229759216
-0.61427116394043,0.184608072042465,1.05705618858337,0.0076845730654895,-0.0880836546421051,-0.565814912319183,-0.819777846336365
-0.614401400089264,0.184612795710564,1.05704474449158,0.0078433491289615,-0.088532730937004,-0.566017091274261,-0.819588422775269
-0.614644289016724,0.184643477201462,1.05683207511902,0.0088208997622132,-0.0892357602715492,-0.566544473171234,-0.819137752056122
-0.61471962928772,0.184744700789452,1.05681121349335,0.0089336168020963,-0.0894813165068626,-0.566631555557251,-0.819049417972565
-0.614725291728973,0.184785529971123,1.05685186386108,0.0089404378086328,-0.089687593281269,-0.566540539264679,-0.819089770317078
-0.614795744419098,0.184832245111465,1.05683171749115,0.0091134961694478,-0.0899019613862037,-0.566634058952332,-0.818999707698822
-0.614524006843567,0.184645935893059,1.05691003799438,0.0101944664493203,-0.0898821055889129,-0.566539883613586,-0.819054305553436
-0.614524006843567,0.184645935893059,1.05691003799438,0.0101944664493203,-0.0898821055889129,-0.566539883613586,-0.819054305553436
-0.614961922168732,0.185225173830986,1.0567786693573,0.0091523434966802,-0.0904234051704406,-0.566187024116516,-0.81925106048584
-0.61506187915802,0.185281902551651,1.056760430336,0.009360646829009,-0.0907189846038818,-0.566229581832886,-0.819186508655548
-0.615140676498413,0.18530760705471,1.05672681331635,0.009651050902903,-0.0909756198525428,-0.566276133060455,-0.819122552871704
-0.615439057350159,0.185273557901382,1.05649828910828,0.0107795074582099,-0.0915422663092613,-0.566858232021332,-0.818642497062683
-0.615369617938995,0.185371235013008,1.05666637420654,0.0102987149730324,-0.0915755257010459,-0.566336572170258,-0.819005966186523
-0.615176677703857,0.185138285160065,1.05670559406281,0.0116125643253326,-0.091510996222496,-0.56638640165329,-0.818961203098297
-0.615505874156952,0.184944227337837,1.05674922466278,0.0130383223295211,-0.093205526471138,-0.566454350948334,-0.818701565265656
-0.615678369998932,0.184923782944679,1.05648493766785,0.0131728649139404,-0.0927774086594581,-0.566802620887756,-0.818507015705109
-0.615678369998932,0.184923782944679,1.05648493766785,0.0131728649139404,-0.0927774086594581,-0.566802620887756,-0.818507015705109
-0.616098761558533,0.184928774833679,1.05661714076996,0.0140599552541971,-0.0944342240691185,-0.566337108612061,-0.818624973297119
-0.616207003593445,0.184975609183311,1.05663287639618,0.0140453856438398,-0.0947779417037963,-0.566316366195679,-0.818599820137024
-0.616334497928619,0.185010865330696,1.05650103092194,0.0141841964796185,-0.0945975258946418,-0.566182911396027,-0.818710625171661
-0.616529166698456,0.185023978352547,1.0564296245575,0.0142665216699242,-0.0950623899698257,-0.565858364105225,-0.818879663944244
-0.617020606994629,0.185305923223495,1.05629920959473,0.0135058052837848,-0.0955161824822425,-0.56591010093689,-0.818804025650024
-0.617198586463928,0.185310274362564,1.05627703666687,0.0137033313512802,-0.0957603901624679,-0.565682470798492,-0.818929553031921
-0.617350816726685,0.185277879238129,1.05625283718109,0.0139648728072643,-0.0959448888897895,-0.565542042255402,-0.819000482559204
-0.617193341255188,0.184895753860474,1.05630648136139,0.0149519443511962,-0.0958988294005394,-0.565303981304169,-0.81915283203125
-0.6173255443573,0.184943079948425,1.05632531642914,0.0152758685871958,-0.0959487706422805,-0.56529974937439,-0.819143891334534
-0.617526769638062,0.184827730059624,1.05624890327454,0.0155178140848875,-0.0963414087891578,-0.565003573894501,-0.819297611713409
-0.617794096469879,0.184726968407631,1.05625009536743,0.0156902614980936,-0.0966697037220001,-0.565021097660065,-0.819243550300598
-0.61794126033783,0.184680685400963,1.05622339248657,0.0158917028456926,-0.0968034714460372,-0.56496250629425,-0.81926429271698
-0.618150353431702,0.184609338641167,1.05612897872925,0.0164497233927249,-0.0971403941512107,-0.565062046051025,-0.819144785404205
-0.61854887008667,0.184702128171921,1.056227684021,0.0163166876882314,-0.0979541316628456,-0.564764380455017,-0.819255769252777
-0.618829429149628,0.184798628091812,1.05602335929871,0.016372337937355,-0.0982125476002693,-0.565106749534607,-0.818987607955933
-0.618649959564209,0.184361964464188,1.05611181259155,0.0172286815941333,-0.0981737151741981,-0.564919531345367,-0.8191037774086
-0.618723690509796,0.184411182999611,1.05625784397125,0.0169609151780605,-0.0980115532875061,-0.564755022525787,-0.819242238998413
-0.618826150894165,0.184067130088806,1.05600476264954,0.0179381296038627,-0.0983357727527618,-0.565018832683563,-0.819000661373138
-0.61925333738327,0.183918654918671,1.05602943897247,0.0180203355848789,-0.0989232808351516,-0.565177023410797,-0.818818926811218
-0.61925333738327,0.183918654918671,1.05602943897247,0.0180203355848789,-0.0989232808351516,-0.565177023410797,-0.818818926811218
-0.619565367698669,0.183671042323112,1.05603301525116,0.0181312281638383,-0.099179595708847,-0.565030694007874,-0.818886458873749
-0.619576990604401,0.183478891849518,1.05592811107635,0.0186603628098964,-0.0992782339453697,-0.56517219543457,-0.818764984607697
-0.620347440242767,0.183503791689873,1.05598449707031,0.0182602182030677,-0.100260183215141,-0.564983129501343,-0.818784773349762
-0.620347440242767,0.183503791689873,1.05598449707031,0.0182602182030677,-0.100260183215141,-0.564983129501343,-0.818784773349762
-0.620502710342407,0.183212995529175,1.0557873249054,0.0190098863095045,-0.0999347418546676,-0.565063834190369,-0.818751811981201
-0.620502710342407,0.183212995529175,1.0557873249054,0.0190098863095045,-0.0999347418546676,-0.565063834190369,-0.818751811981201
-0.62080043554306,0.182711377739906,1.05571973323822,0.0198738276958465,-0.10134020447731,-0.565016210079193,-0.818591475486755
-0.621037006378174,0.182521045207977,1.05568957328796,0.0197605974972248,-0.101241730153561,-0.564936697483063,-0.818661332130432
-0.62123167514801,0.182415425777435,1.05565512180328,0.0198797080665826,-0.10146864503622,-0.564934134483337,-0.818632006645203
-0.621518552303314,0.182310312986374,1.05546963214874,0.0208077989518642,-0.102256081998348,-0.565142214298248,-0.81836724281311
-0.622000694274902,0.182354927062988,1.05556786060333,0.020592151209712,-0.10275399684906,-0.565001547336578,-0.818407535552979
-0.622000694274902,0.182354927062988,1.05556786060333,0.020592151209712,-0.10275399684906,-0.565001547336578,-0.818407535552979
-0.622384965419769,0.182043626904488,1.0554496049881,0.020866384729743,-0.103340148925781,-0.564814984798431,-0.818455517292023
-0.622698247432709,0.181787386536598,1.0554575920105,0.0207832921296358,-0.103299207985401,-0.564980864524841,-0.818348348140717
-0.622863054275513,0.181752264499664,1.05542731285095,0.0211903620511293,-0.103775277733803,-0.564993381500244,-0.818268954753876
-0.623480558395386,0.18188202381134,1.05538439750671,0.0201282072812318,-0.103888362646103,-0.564969956874847,-0.818297624588013
-0.623690843582153,0.181755900382996,1.0553719997406,0.0202373266220092,-0.104059681296349,-0.564922749996185,-0.818305790424347
-0.623869478702545,0.181449919939041,1.05546116828918,0.0208723377436399,-0.104186534881592,-0.564641892910004,-0.818467497825623
-0.623487055301666,0.181075289845467,1.05534327030182,0.0217850413173437,-0.103643886744976,-0.564895153045654,-0.818337917327881
-0.623924314975739,0.180979907512665,1.05539965629578,0.0217175390571355,-0.104068383574486,-0.564779758453369,-0.818365395069122
-0.624144852161407,0.180884122848511,1.05553805828094,0.0212721936404705,-0.104171022772789,-0.564723432064056,-0.818403005599976
-0.624398946762085,0.180686637759209,1.05557990074158,0.0215828474611043,-0.104803405702114,-0.565122604370117,-0.818038403987885
-0.624599456787109,0.180541783571243,1.05554330348969,0.0216942597180604,-0.104889437556267,-0.565272271633148,-0.817921042442322
-0.625293254852295,0.180597081780434,1.05532217025757,0.0214298423379659,-0.105440981686115,-0.565782964229584,-0.817503988742828
-0.624916255474091,0.180060222744942,1.05530512332916,0.0227076075971126,-0.104922570288181,-0.566038727760315,-0.817359089851379
-0.625724732875824,0.180257588624954,1.05525803565979,0.0215943865478038,-0.105598568916321,-0.56605476140976,-0.817291080951691
-0.62568998336792,0.179739460349083,1.05531203746796,0.0225030723959207,-0.105626530945301,-0.566189646720886,-0.817169487476349
-0.625889778137207,0.179596722126007,1.05526781082153,0.022559605538845,-0.105738699436188,-0.566328287124634,-0.817057311534882
-0.626124799251556,0.179386019706726,1.05524361133575,0.0223071351647377,-0.105483427643776,-0.566489696502686,-0.816985309123993
-0.626321017742157,0.179320022463798,1.05520343780518,0.0225493349134922,-0.105887226760387,-0.566641747951508,-0.816821038722992
-0.626340985298157,0.179131418466568,1.05515480041504,0.0228192135691642,-0.105670973658562,-0.566921710968018,-0.816647350788116
-0.62657243013382,0.179009959101677,1.05512142181396,0.0228327438235282,-0.105674006044865,-0.567124128341675,-0.816505968570709
-0.627587258815765,0.178185299038887,1.0554131269455,0.0229108184576034,-0.107333458960056,-0.566245675086975,-0.816896855831146
-0.627860546112061,0.178907960653305,1.05516171455383,0.0211701653897762,-0.1066520139575,-0.567541003227234,-0.816133856773376
-0.627681016921997,0.178730726242065,1.0551221370697,0.021967340260744,-0.106613732874393,-0.567789554595947,-0.815944790840149
-0.628322243690491,0.178768843412399,1.05510008335114,0.0212019588798284,-0.10720856487751,-0.567661345005035,-0.815976321697235
-0.628555536270142,0.178584545850754,1.05508470535278,0.020936956629157,-0.107047319412231,-0.567672967910767,-0.81599634885788
-0.628066718578339,0.178110837936401,1.05519509315491,0.0217037070542573,-0.106475703418255,-0.567417919635773,-0.816228449344635
-0.62907612323761,0.178275719285011,1.05504250526428,0.0208263490349054,-0.107442617416382,-0.567787945270538,-0.815867185592651
-0.629311561584473,0.17814813554287,1.05500721931458,0.0208059269934892,-0.107647590339184,-0.567761361598969,-0.815859258174896
-0.629558384418488,0.178013414144516,1.054971575737,0.020786652341485,-0.107811018824577,-0.567760109901428,-0.815838932991028
-0.6297567486763,0.177877187728882,1.05493521690369,0.0207731034606695,-0.107868127524853,-0.567688703536987,-0.815881431102753
-0.629988133907318,0.17773225903511,1.05487966537476,0.020784143358469,-0.108029395341873,-0.56770920753479,-0.815845549106598
-0.629638075828552,0.177199468016624,1.05485844612122,0.0219667311757802,-0.107752062380314,-0.56764942407608,-0.815892815589905
-0.629921793937683,0.177010789513588,1.05485033988953,0.0218584854155778,-0.108108751475811,-0.567784130573273,-0.81575483083725
-0.629921793937683,0.177010789513588,1.05485033988953,0.0218584854155778,-0.108108751475811,-0.567784130573273,-0.81575483083725
-0.63090568780899,0.177383199334145,1.05461490154266,0.0202930141240358,-0.1093405559659,-0.567599594593048,-0.815759479999542
-0.631139397621155,0.177354082465172,1.05455303192139,0.0203453544527292,-0.110167235136032,-0.567647278308868,-0.815613746643066
-0.630769968032837,0.177150562405586,1.05440068244934,0.0207803100347518,-0.109714992344379,-0.56827050447464,-0.815229713916779
-0.63142603635788,0.176668047904968,1.05459845066071,0.0209867786616086,-0.110997073352337,-0.567942321300507,-0.815279543399811
-0.631504654884338,0.176448538899422,1.05446541309357,0.0208928007632493,-0.110895380377769,-0.568201541900635,-0.81511515378952
-0.631718397140503,0.176439300179482,1.05428326129913,0.0207855869084596,-0.11161520332098,-0.568266153335571,-0.81497460603714
-0.631908118724823,0.176382020115852,1.05418634414673,0.020607741549611,-0.112076438963413,-0.568309366703033,-0.81488573551178
-0.632168889045715,0.176153287291527,1.05419898033142,0.0203833058476448,-0.112499609589577,-0.56843501329422,-0.814745306968689
-0.632389187812805,0.176080763339996,1.05411028862,0.0201971270143985,-0.113039791584015,-0.568485617637634,-0.814639925956726
-0.632592022418976,0.175981730222702,1.05401134490967,0.0200849175453186,-0.113573513925076,-0.568529367446899,-0.81453800201416
-0.632751703262329,0.175965845584869,1.05390536785126,0.0203480031341314,-0.114523157477379,-0.56869912147522,-0.814279854297638
-0.633674025535583,0.176405251026154,1.05381035804749,0.0186266899108886,-0.115695901215076,-0.568649768829346,-0.814189791679382
-0.633862972259521,0.176348596811295,1.05375301837921,0.0185989867895841,-0.11614965647459,-0.56874543428421,-0.814059019088745
-0.633663177490234,0.176045522093773,1.0538637638092,0.0191606692969799,-0.116174578666687,-0.568701207637787,-0.814073324203491
-0.634204208850861,0.176104038953781,1.05375981330872,0.0181016456335783,-0.116672940552235,-0.568759202957153,-0.813985705375671
-0.634478330612183,0.175748109817505,1.05393719673157,0.0187317505478858,-0.117481604218483,-0.568791508674622,-0.813832521438599
-0.634653031826019,0.17562161386013,1.05389940738678,0.0188516266644001,-0.117961265146732,-0.568946838378906,-0.813651859760284
-0.634751617908478,0.175512030720711,1.05402541160583,0.0187532100826501,-0.118848703801632,-0.569001376628876,-0.813486874103546
-0.63489443063736,0.175371110439301,1.05398344993591,0.0189523287117481,-0.119240842759609,-0.569120943546295,-0.81334114074707
-0.635089576244354,0.175133854150772,1.05396544933319,0.0189087186008691,-0.119295455515385,-0.569221436977386,-0.813263773918152
-0.635407745838165,0.174931198358536,1.05374300479889,0.0199744142591953,-0.119997158646584,-0.569868922233582,-0.812681376934052
-0.634711027145386,0.174508720636368,1.05355381965637,0.0212758723646402,-0.11942470818758,-0.570244193077087,-0.81246954202652
-0.635677993297577,0.174653738737106,1.05371117591858,0.0203136000782251,-0.12076972424984,-0.569806337356567,-0.812602519989014
-0.635795593261719,0.17449514567852,1.05375099182129,0.0201124586164951,-0.1210652962327,-0.569574296474457,-0.812726199626923
-0.636025309562683,0.174320250749588,1.05373859405518,0.0204361267387866,-0.121863596141338,-0.569679439067841,-0.81252509355545
-0.636025309562683,0.174320250749588,1.05373859405518,0.0204361267387866,-0.121863596141338,-0.569679439067841,-0.81252509355545
-0.636399030685425,0.17409735918045,1.0534245967865,0.0203391779214143,-0.122472554445267,-0.569708824157715,-0.812415361404419
-0.636591732501984,0.173709228634834,1.05358815193176,0.0210242718458175,-0.122984476387501,-0.569402575492859,-0.812535226345062
-0.636786282062531,0.173511907458305,1.05353128910065,0.0212747938930988,-0.123315095901489,-0.569430768489838,-0.812458872795105
-0.636997878551483,0.173344492912292,1.05355215072632,0.0216175597161054,-0.123747132718563,-0.56922721862793,-0.812526762485504
-0.63715672492981,0.173146307468414,1.05352067947388,0.0218431074172258,-0.123904556035995,-0.569245219230652,-0.81248414516449
-0.636386394500732,0.172635838389397,1.0533082485199,0.0233824457973241,-0.122936345636845,-0.569675147533417,-0.812287032604218
-0.637512624263763,0.172800183296204,1.05348384380341,0.0224146023392677,-0.124017782509327,-0.569315671920776,-0.812402009963989
-0.637671589851379,0.17250394821167,1.05339002609253,0.0225203540176153,-0.123789563775063,-0.569719314575195,-0.812150835990906
-0.63788115978241,0.172316446900368,1.05346739292145,0.0228590108454227,-0.123547039926052,-0.569800138473511,-0.812121570110321
-0.637178897857666,0.171840786933899,1.05331909656525,0.0240580979734659,-0.122236251831055,-0.570345640182495,-0.811902344226837
-0.638111591339111,0.172026485204697,1.05348885059357,0.0230927132070064,-0.122672453522682,-0.570312321186066,-0.811887979507446
-0.638303458690643,0.171737492084503,1.05354285240173,0.0233484394848346,-0.122259989380836,-0.570868790149689,-0.811551809310913
-0.638424515724182,0.171666145324707,1.05340266227722,0.0231138803064823,-0.121504463255405,-0.571480572223663,-0.811241269111633
-0.638412833213806,0.171552821993828,1.05351531505585,0.022858016192913,-0.120469808578491,-0.571829438209534,-0.811156988143921
-0.637662649154663,0.170888990163803,1.05354619026184,0.0249796397984027,-0.11894316226244,-0.572956442832947,-0.81052428483963
-0.637941896915436,0.170581102371216,1.0534131526947,0.0258513446897268,-0.11802876740694,-0.573867917060852,-0.809985518455505
-0.638054370880127,0.170326501131058,1.05346167087555,0.0261334031820297,-0.117226250469685,-0.574245750904083,-0.809825241565704
-0.639082014560699,0.170791149139404,1.05381846427917,0.0227664001286029,-0.116639330983162,-0.574228465557098,-0.810023963451385
-0.638957619667053,0.170290216803551,1.05379390716553,0.0244146287441253,-0.115485996007919,-0.575337052345276,-0.809354245662689
-0.638931632041931,0.170153439044952,1.05404663085938,0.0237518213689327,-0.114569030702114,-0.575992166996002,-0.80903822183609
-0.638931632041931,0.170153439044952,1.05404663085938,0.0237518213689327,-0.114569030702114,-0.575992166996002,-0.80903822183609
-0.639290630817413,0.169632509350777,1.05415952205658,0.0246450211852788,-0.113106980919838,-0.578327536582947,-0.807549774646759
-0.639313817024231,0.169442594051361,1.05418276786804,0.023293225094676,-0.111028984189033,-0.57881361246109,-0.807530045509338
-0.639454543590546,0.168970540165901,1.05419945716858,0.023579990491271,-0.109618566930294,-0.580403923988342,-0.806572437286377
-0.639294564723969,0.168538630008698,1.05447113513947,0.024765433743596,-0.109256684780121,-0.58180296421051,-0.805577456951141
-0.638746619224548,0.168178603053093,1.0544056892395,0.0239201970398426,-0.106250435113907,-0.582816004753113,-0.805272698402405
-0.638947665691376,0.168009206652641,1.05424129962921,0.0242508575320243,-0.104944922029972,-0.584937751293182,-0.803894460201263
-0.639236271381378,0.167751252651215,1.05462431907654,0.0235828999429941,-0.103381007909775,-0.585389792919159,-0.803787887096405
-0.639268398284912,0.167584598064423,1.05465757846832,0.0226925127208232,-0.102502062916756,-0.586975872516632,-0.802768886089325
-0.639228045940399,0.167473092675209,1.05458307266235,0.0239081755280494,-0.0998981744050979,-0.587416529655457,-0.802739441394806
-0.639368414878845,0.167439162731171,1.05486452579498,0.0227807629853487,-0.0982611402869224,-0.588367581367493,-0.802277624607086
-0.639034450054169,0.167070224881172,1.0550674200058,0.0223356839269399,-0.0961582213640213,-0.589949309825897,-0.801382899284363
-0.639034450054169,0.167070224881172,1.0550674200058,0.0223356839269399,-0.0961582213640213,-0.589949309825897,-0.801382899284363
-0.638833940029144,0.166539087891579,1.05514454841614,0.0222878959029912,-0.0926954373717308,-0.593284070491791,-0.799327731132507
-0.638251662254333,0.165900304913521,1.05556225776672,0.0221651643514633,-0.0921552553772926,-0.595955848693848,-0.797403752803802
-0.638224601745605,0.165755897760391,1.0556435585022,0.0218826234340667,-0.0900794491171836,-0.597911894321442,-0.796183586120605
-0.638132333755493,0.166106954216957,1.0552875995636,0.0213288590312004,-0.0860615223646164,-0.598340332508087,-0.796321213245392
-0.638308346271515,0.16585111618042,1.05567896366119,0.0194574110209941,-0.0849726721644401,-0.600662708282471,-0.79473602771759
-0.638013958930969,0.165458112955093,1.05572485923767,0.0206439495086669,-0.0827509239315986,-0.603308200836182,-0.792934596538544
-0.637942671775818,0.164875984191895,1.05640196800232,0.0198040194809436,-0.0823587924242019,-0.605504035949707,-0.791321516036987
-0.638069987297058,0.164416313171387,1.0565732717514,0.0189363919198513,-0.0804120153188705,-0.608333170413971,-0.789370656013489
-0.638105511665344,0.16452768445015,1.05638813972473,0.0184964127838611,-0.0768754854798317,-0.609680116176605,-0.788694024085999
-0.638138294219971,0.164479866623878,1.05638456344604,0.0174327716231346,-0.0751882568001747,-0.6124107837677,-0.786762833595276
-0.638138294219971,0.164479866623878,1.05638456344604,0.0174327716231346,-0.0751882568001747,-0.6124107837677,-0.786762833595276
-0.637834191322327,0.164043962955475,1.05664241313934,0.0171079207211732,-0.071229763329029,-0.617635130882263,-0.783045709133148
-0.637742877006531,0.163456752896309,1.05711305141449,0.0164077635854482,-0.0709710568189621,-0.621201872825623,-0.780257761478424
-0.637692987918854,0.163254663348198,1.05724680423737,0.0161998718976974,-0.0694505423307418,-0.623849928379059,-0.778283715248108
-0.637549996376038,0.163118258118629,1.05737733840942,0.0157816223800182,-0.0674614533782005,-0.62666243314743,-0.776204943656921
-0.637517035007477,0.162911638617516,1.05753350257874,0.0152900116518139,-0.065522164106369,-0.629665613174438,-0.773947358131409
-0.637423157691956,0.162901744246483,1.05785226821899,0.0144317764788866,-0.0637162029743194,-0.632260024547577,-0.771996915340424
-0.637153565883636,0.163216426968574,1.05854392051697,0.013088465668261,-0.0616626963019371,-0.633525788784027,-0.771149456501007
-0.637153565883636,0.163216426968574,1.05854392051697,0.013088465668261,-0.0616626963019371,-0.633525788784027,-0.771149456501007
-0.637852072715759,0.16229584813118,1.05826830863953,0.0139925898984074,-0.0576717890799045,-0.640681147575378,-0.765510261058807
-0.63743132352829,0.161890774965286,1.05881285667419,0.0132353510707616,-0.0560873746871948,-0.643630146980286,-0.763163924217224
-0.637421250343323,0.161168098449707,1.05800521373749,0.0154301589354872,-0.0537381768226623,-0.647989511489868,-0.759594440460205
-0.637018084526062,0.160819634795189,1.05814146995544,0.0151310730725526,-0.0511112064123153,-0.6507927775383,-0.757381916046143
-0.637881338596344,0.161509439349174,1.05904543399811,0.0126059558242559,-0.0502791553735733,-0.652405202388763,-0.75609564781189
-0.637176990509033,0.161077260971069,1.05949211120605,0.0128668677061796,-0.0485109463334083,-0.652955710887909,-0.755731523036957
-0.637210965156555,0.160763740539551,1.05955231189728,0.0125660737976431,-0.0468191318213939,-0.655563771724701,-0.753582239151001
-0.637292683124542,0.160482227802277,1.05951476097107,0.011907429434359,-0.0446013435721397,-0.658539652824402,-0.751128852367401
-0.637976348400116,0.160691529512405,1.0593843460083,0.0120331225916743,-0.0409635193645954,-0.661886811256409,-0.748387038707733
-0.637737512588501,0.160097450017929,1.05972969532013,0.0115549312904477,-0.0405146554112434,-0.664937555789948,-0.745709836483002
-0.63770455121994,0.159753799438477,1.0598109960556,0.0116179771721363,-0.0389669984579086,-0.667475759983063,-0.743520617485046
-0.637600839138031,0.159391552209854,1.05989789962769,0.0125201409682631,-0.0365498177707195,-0.669789493083954,-0.7415452003479
-0.637804210186005,0.158982336521149,1.05987322330475,0.0119791608303785,-0.0352835915982723,-0.671856880187988,-0.739743232727051
-0.637748837471008,0.158621326088905,1.05983006954193,0.0119649283587932,-0.0334037542343139,-0.67397403717041,-0.737902522087097
-0.637558281421661,0.15854212641716,1.05995500087738,0.0110639808699488,-0.0320918560028076,-0.674899935722351,-0.737128138542175
-0.638002753257751,0.158002287149429,1.05977344512939,0.0114746484905481,-0.0301005821675062,-0.678505659103394,-0.733888566493988
-0.63798052072525,0.157658696174621,1.0597950220108,0.0117991846054792,-0.0286456979811191,-0.680281579494476,-0.732295870780945
-0.637627303600311,0.156844824552536,1.05966663360596,0.0123056331649422,-0.0277758035808801,-0.681101739406586,-0.731558382511139
-0.638122498989105,0.156636893749237,1.05968165397644,0.012335299514234,-0.0256323292851448,-0.684514224529266,-0.728444516658783
-0.638041794300079,0.156275361776352,1.05967652797699,0.012057788670063,-0.0241203904151916,-0.686124622821808,-0.726984202861786
-0.638078570365906,0.155772760510445,1.05951523780823,0.0120437778532505,-0.0219596866518259,-0.688196003437042,-0.725092470645905
-0.638098061084747,0.155231699347496,1.0596125125885,0.012800739146769,-0.020984947681427,-0.689888894557953,-0.723497927188873
-0.63805615901947,0.154757633805275,1.05960071086884,0.0130785880610346,-0.019393878057599,-0.691458284854889,-0.722037553787231
-0.637818813323975,0.154184535145759,1.05971717834473,0.0129972267895936,-0.0182936489582061,-0.691925823688507,-0.721619784832001
-0.637818813323975,0.154184535145759,1.05971717834473,0.0129972267895936,-0.0182936489582061,-0.691925823688507,-0.721619784832001
-0.638059318065643,0.152853012084961,1.0595771074295,0.0148385968059301,-0.0155509887263178,-0.696584045886993,-0.717153310775757
-0.63820344209671,0.152340218424797,1.05951702594757,0.0149163240566849,-0.0138518484309315,-0.698352098464966,-0.715465009212494
-0.638186872005463,0.151815786957741,1.05939245223999,0.0156336929649114,-0.0127720534801483,-0.700247824192047,-0.713614404201508
-0.638160049915314,0.151328295469284,1.05930590629578,0.0159959308803081,-0.011243836954236,-0.701628565788269,-0.712274551391602
-0.638116300106049,0.150610759854317,1.05923295021057,0.0165395028889179,-0.0094640115275979,-0.703219711780548,-0.71071720123291
-0.63824725151062,0.150021627545357,1.05914771556854,0.0169964265078306,-0.0081340661272406,-0.705097079277039,-0.708860397338867
-0.63824725151062,0.150021627545357,1.05914771556854,0.0169964265078306,-0.0081340661272406,-0.705097079277039,-0.708860397338867
-0.638006567955017,0.148927614092827,1.05900037288666,-0.0188127756118774,0.0051365755498409,0.708847641944885,0.705092132091522
-0.638215780258179,0.148057341575623,1.05906355381012,-0.0196214169263839,0.0047262301668524,0.710814356803894,0.703090012073517
-0.63808399438858,0.147531658411026,1.05895173549652,-0.0201682746410369,0.0033161016181111,0.71238100528717,0.701495289802551
-0.638203740119934,0.147133409976959,1.05877685546875,-0.0201743710786104,0.0019599047955125,0.713886320590973,0.69996839761734
-0.638292670249939,0.146458253264427,1.05870294570923,-0.0207098647952079,0.0012847682228311,0.715932786464691,0.697860896587372
-0.638233661651611,0.146008789539337,1.05861341953278,-0.021109003573656,-0.0001249859051313,0.717292368412018,0.696452498435974
-0.638208627700806,0.145499482750893,1.05847871303558,-0.0215341243892908,-0.0015085827326402,0.718964397907257,0.694711565971375
-0.638214826583862,0.145042687654495,1.05836498737335,-0.0222817678004503,-0.0032894497271627,0.720566749572754,0.69301974773407
-0.638299703598022,0.144495904445648,1.05839824676514,-0.0226504616439342,-0.0037231515161693,0.722066938877106,0.691442430019379
-0.638090848922729,0.144380569458008,1.05823075771332,-0.0224836897104978,-0.005524240899831,0.723873317241669,0.689544439315796
-0.638434648513794,0.143616631627083,1.05810976028442,-0.022840317338705,-0.0060024056583642,0.724989891052246,0.688354432582855
-0.638391852378845,0.142975777387619,1.05806457996368,-0.0237466935068368,-0.0073653585277497,0.726007699966431,0.687236964702606
-0.639816761016846,0.142311945557594,1.05799603462219,-0.0219261609017848,-0.0058025824837386,0.727113425731659,0.686142683029175
-0.638618290424347,0.142078205943108,1.0578773021698,-0.0233004931360483,-0.0086141331121325,0.728495478630066,0.684600114822388
-0.638316690921783,0.141611635684967,1.05788815021515,-0.0233622398227453,-0.0093811033293604,0.728562772274017,0.684516429901123
-0.638649523258209,0.141172841191292,1.05771577358246,-0.0239617694169282,-0.0107959536835551,0.730692386627197,0.682200849056244
-0.638606309890747,0.140781283378601,1.05762732028961,-0.0241815764456987,-0.0118165398016572,0.731608390808105,0.681193828582764
-0.638746500015259,0.140260145068169,1.05760312080383,-0.0243954304605722,-0.0124929519370198,0.732720136642456,0.679978013038635
-0.63880467414856,0.140138193964958,1.05771315097809,-0.0241350829601287,-0.0137453880161046,0.733063817024231,0.679592549800873
-0.638753771781921,0.139782294631004,1.05761396884918,-0.0243774764239788,-0.0150988940149545,0.733898520469666,0.67865377664566
-0.638688683509827,0.139491394162178,1.05764520168304,-0.0248050726950168,-0.0162023678421974,0.734654664993286,0.677794098854065
-0.638719022274017,0.139073327183723,1.05760025978088,-0.0250332970172166,-0.0170515067875385,0.735401034355164,0.676954925060272
-0.638727784156799,0.1385577917099,1.05751216411591,-0.0251908935606479,-0.0182406287640333,0.735595643520355,0.676706492900848
-0.638334214687347,0.138160526752472,1.05775022506714,-0.0252531934529542,-0.0187653601169586,0.735157787799835,0.677165627479553
-0.638356447219849,0.137746229767799,1.05763983726501,-0.025552911683917,-0.0195200908929109,0.73585969209671,0.676370143890381
-0.638561964035034,0.137244209647179,1.05761647224426,-0.0256147217005491,-0.0203347504138946,0.736935377120972,0.675171792507172
-0.638484418392181,0.136931985616684,1.05754160881042,-0.0258681885898113,-0.0212133452296257,0.73728358745575,0.674754500389099
-0.638503968715668,0.136707916855812,1.05745255947113,-0.0257094409316778,-0.0218345522880554,0.737621247768402,0.674371838569641
-0.638363003730774,0.136127591133118,1.05750489234924,-0.0263454057276248,-0.0228740815073251,0.737385332584381,0.674570798873901
-0.638281047344208,0.135834857821465,1.05740284919739,-0.0264284182339906,-0.023499708622694,0.737814784049988,0.674076318740845
-0.638145327568054,0.135469660162926,1.0573410987854,-0.0268295630812644,-0.0241439566016197,0.738009572029114,0.673824369907379
-0.637985825538635,0.135144725441933,1.0572407245636,-0.0271655451506376,-0.0247027464210987,0.737532198429108,0.674313068389893
-0.638054549694061,0.134732738137245,1.05721426010132,-0.0276883952319622,-0.0253396015614271,0.738302946090698,0.673424303531647
-0.6378093957901,0.13407501578331,1.05727517604828,-0.0281711742281913,-0.0258592795580625,0.738115966320038,0.67358934879303
-0.637599468231201,0.133993849158287,1.05700027942657,-0.0279236584901809,-0.0271884966641664,0.738160490989685,0.673498511314392
-0.637661159038544,0.133436813950539,1.05711269378662,-0.0284635368734598,-0.0268090385943651,0.738238155841827,0.673406004905701
-0.637577772140503,0.133034646511078,1.05705380439758,-0.0287164282053709,-0.0272708386182785,0.738262176513672,0.673350393772125
-0.637487053871155,0.132700875401497,1.05704045295715,-0.0288580153137445,-0.0276660174131393,0.738241314888,0.673351168632507
-0.63705962896347,0.132085397839546,1.05720245838165,-0.03011972643435,-0.0283597242087125,0.738077580928802,0.673446536064148
-0.637058794498444,0.131651476025581,1.05712234973907,-0.0299864783883094,-0.0286360345780849,0.737946927547455,0.673583745956421
-0.636916697025299,0.131291046738624,1.05699956417084,-0.0300334114581346,-0.0292811319231987,0.738093137741089,0.673393964767456
-0.63685005903244,0.130912765860558,1.05698227882385,-0.0303824972361326,-0.0297123100608587,0.737926006317139,0.673542439937592
-0.636216700077057,0.130641147494316,1.05691289901733,-0.031256329268217,-0.0307078771293163,0.737477242946625,0.673949360847473
-0.636472642421722,0.129980891942978,1.05705392360687,-0.0314579270780086,-0.0302188396453857,0.737810671329498,0.673596739768982
-0.636302173137665,0.129741653800011,1.05695974826813,-0.0315389595925807,-0.0303572341799736,0.737356126308441,0.6740842461586
-0.636215209960938,0.12936207652092,1.05705308914185,-0.0316868051886558,-0.0314105525612831,0.737481474876404,0.673892080783844
-0.636049747467041,0.128966942429543,1.05707502365112,-0.0320942029356956,-0.0317931473255157,0.737235426902771,0.67412394285202
-0.635665357112885,0.128455072641373,1.0569714307785,-0.0329179130494594,-0.0325269512832164,0.737187564373016,0.67410147190094
-0.635460495948792,0.128112375736236,1.05700540542603,-0.033181082457304,-0.032979529350996,0.736838221549988,0.674448609352112
-0.635302364826202,0.127806454896927,1.05698668956757,-0.0333933010697364,-0.0334610380232334,0.736586034297943,0.674689829349518
-0.635025084018707,0.127284198999405,1.057088971138,-0.0340026207268238,-0.0338988527655601,0.736046612262726,0.675225913524628
-0.635005295276642,0.12704610824585,1.05697226524353,-0.0335168205201625,-0.0346669368445873,0.735387206077576,0.675929486751556
-0.634795844554901,0.12673394382,1.05699253082275,-0.0337806977331638,-0.0349026620388031,0.735133469104767,0.676180064678192
-0.634638547897339,0.126474842429161,1.05699777603149,-0.0339966267347335,-0.0352908112108707,0.734777390956879,0.676536083221436
-0.63434910774231,0.12599278986454,1.05710339546204,-0.034677930176258,-0.0356719456613063,0.734102785587311,0.677213549613953
-0.634114980697632,0.125694513320923,1.05707621574402,-0.0349166765809059,-0.0357564836740493,0.73312246799469,0.678258061408997
-0.63400936126709,0.125514641404152,1.05711758136749,-0.0346040613949298,-0.0365790463984012,0.73289567232132,0.678475201129913
-0.633822739124298,0.125183925032616,1.05717432498932,-0.0348894521594047,-0.0371134541928768,0.732168436050415,0.679216325283051
-0.63370555639267,0.124973341822624,1.05719411373138,-0.0349183976650238,-0.0375099889934062,0.731679618358612,0.679719507694244
-0.633564531803131,0.124790161848068,1.05727303028107,-0.0352413579821586,-0.0378541387617588,0.731392443180084,0.679992735385895
-0.633564531803131,0.124790161848068,1.05727303028107,-0.0352413579821586,-0.0378541387617588,0.731392443180084,0.679992735385895
-0.633380651473999,0.124245822429657,1.05726790428162,-0.0348752029240131,-0.0383761450648307,0.729903936386108,0.681580066680908
-0.63327944278717,0.12407186627388,1.05727446079254,-0.0348331332206726,-0.0386069677770137,0.729264378547668,0.682253479957581
-0.633157968521118,0.123856462538242,1.05728232860565,-0.0347988232970237,-0.0390778183937072,0.728632569313049,0.682903170585632
-0.633157968521118,0.123856462538242,1.05728232860565,-0.0347988232970237,-0.0390778183937072,0.728632569313049,0.682903170585632
-0.632686376571655,0.123660363256931,1.05737543106079,-0.0346744358539581,-0.0402728132903575,0.727011442184448,0.684565782546997
-0.632481038570404,0.123591586947441,1.05735003948212,-0.0346107594668865,-0.0408520549535751,0.726285099983215,0.685305297374725
-0.632382988929749,0.123535104095936,1.0572772026062,-0.0342785939574241,-0.0417649187147617,0.725448846817017,0.686152160167694
-0.632222771644592,0.123413421213627,1.05727899074554,-0.0341528952121734,-0.0421104505658149,0.724745392799377,0.686880230903625
-0.632037103176117,0.123315431177616,1.05730581283569,-0.0342422984540462,-0.0423433408141136,0.724136233329773,0.687503635883331
-0.631848514080048,0.123146623373032,1.0573707818985,-0.0340518467128276,-0.0426658056676387,0.723312497138977,0.68835985660553
-0.631690979003906,0.123016305267811,1.05739104747772,-0.034004732966423,-0.0427829660475254,0.722862839698792,0.688827037811279
-0.63149631023407,0.122904643416405,1.05741214752197,-0.0341145768761634,-0.0430977307260036,0.722220122814178,0.689475834369659
-0.631276190280914,0.122804954648018,1.0573753118515,-0.0341514199972152,-0.0434823967516422,0.721474587917328,0.690230071544647
-0.631011366844177,0.122709281742573,1.05730593204498,-0.0343685448169708,-0.0435861758887767,0.720144629478455,0.691600143909454
-0.630852043628693,0.122599720954895,1.05732250213623,-0.0343193896114826,-0.0438123233616352,0.719404757022858,0.692358016967773
-0.630910277366638,0.122504100203514,1.0574004650116,-0.0339688770473003,-0.044382955878973,0.719069361686707,0.692687273025513
-0.630825459957123,0.122276373207569,1.05746328830719,-0.0337617695331573,-0.0453690066933631,0.718225955963135,0.693507969379425
-0.630825459957123,0.122276373207569,1.05746328830719,-0.0337617695331573,-0.0453690066933631,0.718225955963135,0.693507969379425
-0.630371630191803,0.122181467711926,1.05729603767395,-0.0338999517261981,-0.0459481701254844,0.716807961463928,0.694928705692291
-0.630164980888367,0.122076645493507,1.05731415748596,-0.0339472144842147,-0.0460126362740993,0.715768754482269,0.695992529392242
-0.629795908927917,0.12178360670805,1.0573970079422,-0.0347911193966865,-0.045832522213459,0.714578151702881,0.697185218334198
-0.629637062549591,0.121668137609959,1.05732035636902,-0.0346958562731742,-0.0461998060345649,0.713921189308167,0.697838306427002
-0.629421472549438,0.12148305773735,1.05733036994934,-0.0349946394562721,-0.0464610122144222,0.713211953639984,0.698530912399292
-0.629194319248199,0.121242120862007,1.05727589130402,-0.035262331366539,-0.046591829508543,0.712369322776794,0.699368178844452
-0.629011154174805,0.12089404463768,1.05737137794495,-0.0358002260327339,-0.0467500686645507,0.711258769035339,0.700459718704224
-0.62886518239975,0.120785295963287,1.05738663673401,-0.0358118638396263,-0.0470771268010139,0.710554659366608,0.701151549816132
-0.628689646720886,0.120604887604713,1.05739271640778,-0.0360261760652065,-0.0471685118973255,0.709927022457123,0.701769828796387
-0.628689646720886,0.120604887604713,1.05739271640778,-0.0360261760652065,-0.0471685118973255,0.709927022457123,0.701769828796387
-0.627733528614044,0.119743831455707,1.05651128292084,-0.0393656231462955,-0.0496913865208625,0.710538387298584,0.700796961784363
-0.627657532691956,0.119660757482052,1.05651462078094,-0.0394526310265064,-0.0499471388757228,0.709500014781952,0.701825261116028
-0.627795517444611,0.12031301856041,1.05733823776245,-0.0366409048438072,-0.0491843894124031,0.706159174442291,0.705391824245453
-0.626938223838806,0.11943443864584,1.0567045211792,-0.0393844917416572,-0.0500262342393398,0.70655357837677,0.704789638519287
-0.627574801445007,0.120096057653427,1.05731689929962,0.03665541857481,0.0493765622377395,-0.704910278320312,-0.706625699996948
-0.627574801445007,0.120096057653427,1.05731689929962,0.03665541857481,0.0493765622377395,-0.704910278320312,-0.706625699996948
-0.627544164657593,0.119966097176075,1.05718886852264,0.0370905101299285,0.0506509020924568,-0.704407572746277,-0.707014203071594
-0.627544164657593,0.119966097176075,1.05718886852264,0.0370905101299285,0.0506509020924568,-0.704407572746277,-0.707014203071594
-0.62701141834259,0.119815275073051,1.05718338489532,0.0373722501099109,0.051787968724966,-0.702630400657654,-0.708683252334595
-0.62701141834259,0.119815275073051,1.05718338489532,0.0373722501099109,0.051787968724966,-0.702630400657654,-0.708683252334595
-0.626624643802643,0.119457267224789,1.05725121498108,0.037823386490345,0.0521813407540321,-0.701019048690796,-0.710224568843842
-0.626567959785461,0.119479365646839,1.05715417861938,0.0375386700034141,0.0523664504289627,-0.700524866580963,-0.710713386535645
-0.626186072826385,0.119665510952473,1.05696642398834,0.0372739359736442,0.0535801760852336,-0.699809730052948,-0.711341142654419
-0.62592887878418,0.119642071425915,1.05693101882935,0.0373523123562336,0.0539851747453212,-0.699042201042175,-0.712060809135437
-0.625785291194916,0.119545355439186,1.05691409111023,0.0374241396784782,0.054153986275196,-0.698375761508942,-0.712697863578796
-0.62562221288681,0.11945503205061,1.05692207813263,0.0374646261334419,0.0543083511292934,-0.697682976722717,-0.713362276554108
-0.625355005264282,0.119140550494194,1.05703628063202,0.0380885191261768,0.0544753819704055,-0.696823000907898,-0.714156448841095
-0.625198662281036,0.11905861645937,1.05703115463257,0.0381093546748161,0.0546376481652259,-0.696132242679596,-0.714816391468048
-0.624891102313995,0.119096636772156,1.05701506137848,0.0381754338741302,0.0551619455218315,-0.695235252380371,-0.715645015239716
-0.62484335899353,0.118793055415154,1.05720102787018,0.0386751592159271,0.0546861626207828,-0.694396913051605,-0.716468155384064
-0.624659836292267,0.118705458939075,1.0572338104248,0.0387005396187305,0.0548620000481605,-0.693626344203949,-0.717199385166168
-0.624566316604614,0.118724100291729,1.05715727806091,0.0384426563978195,0.0550090037286281,-0.69307142496109,-0.717738330364227
-0.624259829521179,0.11843328922987,1.05728983879089,0.0389768593013286,0.0551316030323505,-0.692058205604553,-0.71867710351944
-0.62412428855896,0.11834555119276,1.05729746818542,0.0389643274247646,0.0551339127123355,-0.691354990005493,-0.719354152679443
-0.623961925506592,0.118208229541778,1.05729281902313,0.0390276908874511,0.0550903677940368,-0.690602660179138,-0.720076262950897
-0.623860001564026,0.118115924298763,1.05729293823242,0.0390026904642581,0.0550785958766937,-0.689943373203278,-0.720710277557373
-0.623860001564026,0.118115924298763,1.05729293823242,0.0390026904642581,0.0550785958766937,-0.689943373203278,-0.720710277557373
-0.623480081558228,0.118001997470856,1.05725765228271,0.0391138382256031,0.0556288734078407,-0.688204765319824,-0.722322642803192
-0.623248934745789,0.11787361651659,1.05727851390839,0.0393539443612098,0.0553979724645614,-0.68763792514801,-0.722866714000702
-0.623248934745789,0.11787361651659,1.05727851390839,0.0393539443612098,0.0553979724645614,-0.68763792514801,-0.722866714000702
-0.622168064117432,0.116772793233395,1.05655109882355,0.0424773953855037,0.0559495165944099,-0.687492549419403,-0.722785890102386
-0.621963441371918,0.117102153599262,1.05622041225433,0.0417921990156173,0.0566940791904926,-0.687003314495087,-0.723232746124268
-0.621768176555634,0.116978235542774,1.05623459815979,0.0417037792503833,0.0568453148007392,-0.686252593994141,-0.723938584327698
-0.622297704219818,0.117737770080566,1.05695331096649,0.0391056649386882,0.0563328340649604,-0.683996856212616,-0.726254642009735
-0.622260451316833,0.117716319859028,1.0568482875824,0.0388238839805126,0.0560645125806331,-0.68348640203476,-0.726770758628845
-0.622225284576416,0.11735525727272,1.05705380439758,0.0392875000834465,0.0551057793200016,-0.682922542095184,-0.727349162101746
-0.622069716453552,0.117085091769695,1.05713498592377,0.0396304614841938,0.0548420883715152,-0.682122349739075,-0.728100836277008
-0.621638357639313,0.117049545049667,1.05720162391663,0.0389024280011653,0.0539915673434734,-0.680078268051147,-0.730113208293915
-0.621943891048431,0.116920053958893,1.057044506073,0.039325825870037,0.0542260743677616,-0.681000411510468,-0.729212939739227
-0.621806085109711,0.116803988814354,1.05705332756042,0.0392768867313861,0.053869541734457,-0.680307745933533,-0.729888200759888
-0.620787441730499,0.11601135134697,1.0562756061554,0.0422027334570884,0.0546872280538082,-0.680548906326294,-0.72943913936615
-0.620782256126404,0.115722201764584,1.05646669864655,0.0424485616385936,0.0542538948357105,-0.679666101932526,-0.730279862880707
-0.620504438877106,0.115722194314003,1.05636870861053,0.0422359518706798,0.0541934520006179,-0.679290652275085,-0.730645954608917
-0.620507419109344,0.115637674927711,1.05638039112091,0.0422298461198806,0.0538720972836017,-0.678827285766602,-0.731100559234619
-0.620358645915985,0.115554198622703,1.05642509460449,0.0422531329095363,0.0534542948007583,-0.678345322608948,-0.731576979160309
-0.62026834487915,0.115374952554703,1.05648982524872,0.042341973632574,0.0531439930200576,-0.677838802337646,-0.732063889503479
-0.620155394077301,0.115249618887901,1.05652546882629,0.0425264798104763,0.0528967045247554,-0.677445828914642,-0.732434809207916
-0.620019257068634,0.115073479712009,1.05661487579346,0.0424772650003433,0.0529110021889209,-0.67695152759552,-0.732893407344818
-0.619910180568695,0.114935919642448,1.05670046806335,0.0425454601645469,0.0525819472968578,-0.676593065261841,-0.733244121074677
-0.619719922542572,0.114799812436104,1.05679666996002,0.0426877401769161,0.0524726286530494,-0.676183938980103,-0.733621060848236
-0.619591653347015,0.114719532430172,1.05691909790039,0.0427164919674396,0.051964271813631,-0.675922334194183,-0.733896493911743
-0.619496881961823,0.114550709724426,1.05703926086426,0.0426261611282825,0.0515769645571708,-0.675701797008514,-0.73413211107254
-0.619624197483063,0.114445149898529,1.05708408355713,0.0421737544238567,0.0510359779000282,-0.675328969955444,-0.734539031982422
-0.619226574897766,0.11426105350256,1.05724859237671,0.0426135212182998,0.0512097142636776,-0.675006031990051,-0.734798312187195
-0.619010806083679,0.114430226385593,1.0570604801178,0.0421507582068443,0.0516045577824115,-0.675168216228485,-0.734648287296295
-0.6189244389534,0.114285930991173,1.05713772773743,0.0421764925122261,0.0516198240220546,-0.674843788146973,-0.734943985939026
-0.618804275989532,0.114157348871231,1.05721509456635,0.0422637537121772,0.0511912927031517,-0.674632370471954,-0.735162913799286
-0.618700325489044,0.113977164030075,1.05730664730072,0.0421793609857559,0.0511392019689083,-0.674330055713654,-0.735448718070984
-0.618420124053955,0.113858990371227,1.05747187137604,0.0424191839993,0.0511686578392982,-0.673786461353302,-0.735930800437927
-0.618340015411377,0.113716937601566,1.05748999118805,0.0423635840415954,0.0506820753216743,-0.673716485500336,-0.736031770706177
-0.618340015411377,0.113716937601566,1.05748999118805,0.0423635840415954,0.0506820753216743,-0.673716485500336,-0.736031770706177
-0.618293583393097,0.113094724714756,1.05786442756653,0.0424353182315826,0.0495034679770469,-0.672893166542053,-0.736860632896423
-0.618241965770721,0.112910784780979,1.05793941020966,0.0424794629216194,0.0491960458457469,-0.672486782073975,-0.737249612808228
-0.618154108524323,0.112802974879742,1.05801105499268,0.0424080826342105,0.0489590913057327,-0.672039389610291,-0.737677156925201
-0.618039548397064,0.112667918205261,1.05806386470795,0.0423517413437366,0.0488775596022605,-0.671601295471191,-0.738084733486176
-0.617939352989197,0.112509749829769,1.05812239646912,0.0422675348818302,0.0486296489834785,-0.671146988868713,-0.738518953323364
-0.617828190326691,0.112389124929905,1.05818498134613,0.0421114489436149,0.0484754890203475,-0.670665502548218,-0.738975346088409
-0.617713928222656,0.112267225980759,1.05823731422424,0.0421321615576744,0.0481113083660602,-0.670156061649323,-0.739459991455078
-0.617851853370667,0.112088099122047,1.05823373794556,0.0417472757399082,0.0476150102913379,-0.66962718963623,-0.73999285697937
-0.617459774017334,0.11192275583744,1.05835342407227,0.0420757755637168,0.0478732176125049,-0.669159829616547,-0.74038028717041
-0.617368757724762,0.111697271466255,1.05842161178589,0.0421614088118076,0.0475872941315174,-0.668489456176758,-0.740999042987823
-0.617250144481659,0.111524522304535,1.05849707126617,0.0419893153011798,0.047680202871561,-0.667753219604492,-0.741666495800018
-0.617169857025146,0.111381389200687,1.0585685968399,0.0417589992284774,0.0477384105324745,-0.666894555091858,-0.742448031902313
-0.616995453834534,0.111228831112385,1.05870842933655,0.0415217354893684,0.0472495816648006,-0.666189312934875,-0.743125438690186
-0.616995453834534,0.111228831112385,1.05870842933655,0.0415217354893684,0.0472495816648006,-0.666189312934875,-0.743125438690186
-0.616672039031982,0.110871233046055,1.05894505977631,0.0411600321531295,0.046934250742197,-0.664161443710327,-0.744978249073029
-0.616872608661652,0.110746614634991,1.05900633335114,0.0403405651450157,0.046594962477684,-0.662915587425232,-0.746153175830841
-0.61654669046402,0.110585898160934,1.05921363830566,0.0403699614107608,0.0466473996639251,-0.661683142185211,-0.747241497039795
-0.616479396820068,0.110401920974255,1.05937337875366,0.0401575677096843,0.0462694428861141,-0.66052919626236,-0.748296499252319
-0.616223752498627,0.110247649252415,1.05953454971313,0.0400208085775375,0.0462254025042057,-0.659261763095856,-0.749423563480377
-0.625214278697968,0.107804879546165,1.06257748603821,0.018449380993843,0.0334350056946277,-0.674459040164948,-0.737324237823486
-0.624911367893219,0.107643626630306,1.06274700164795,0.0184682123363018,0.0336234085261821,-0.67323499917984,-0.738432765007019
-0.624074876308441,0.106714561581612,1.06277918815613,0.0201062392443418,0.033356174826622,-0.672493875026703,-0.739077150821686
-0.623909413814545,0.106436587870121,1.06295704841614,0.0201987829059362,0.0325600169599056,-0.671226978302002,-0.740261018276215
-0.615625560283661,0.109278932213783,1.06085920333862,0.0376566722989082,0.0438074693083763,-0.652360677719116,-0.755703926086426
-0.615172982215881,0.109210483729839,1.06097567081451,0.0374357923865318,0.0439457558095455,-0.650939047336578,-0.756931662559509
-0.615172982215881,0.109210483729839,1.06097567081451,0.0374357923865318,0.0439457558095455,-0.650939047336578,-0.756931662559509
-0.614467561244965,0.107778631150723,1.06039643287659,0.0390677377581596,0.0439177639782428,-0.648823440074921,-0.758665323257446
-0.614169478416443,0.107487872242927,1.06054317951202,0.0391159206628799,0.0430702865123748,-0.647307276725769,-0.760005474090576
-0.613658666610718,0.10706352442503,1.06079530715942,0.0394238531589508,0.0430135130882263,-0.645440757274628,-0.761578500270844
-0.613658666610718,0.10706352442503,1.06079530715942,0.0394238531589508,0.0430135130882263,-0.645440757274628,-0.761578500270844
-0.61330509185791,0.106622911989689,1.06089746952057,0.0383572988212108,0.0429194942116737,-0.642113149166107,-0.764445900917053
-0.621905565261841,0.104448564350605,1.06375348567963,0.0165802650153636,0.0308859813958406,-0.658805012702942,-0.751496553421021
-0.621911227703094,0.105036646127701,1.06444180011749,0.0136548969894647,0.0309579093009233,-0.656360328197479,-0.75368857383728
-0.613357305526733,0.106871478259563,1.06189477443695,0.0339696668088436,0.0409042388200759,-0.635249316692352,-0.77047473192215
-0.613349139690399,0.106814332306385,1.06187105178833,0.0326242595911026,0.0402414910495281,-0.633277297019958,-0.772189199924469
-0.612798810005188,0.105510540306568,1.06099081039429,0.0358869917690753,0.0399426557123661,-0.633425652980804,-0.771938264369965
-0.612724602222443,0.106113202869892,1.0622307062149,0.0322455167770385,0.0392871461808681,-0.629385352134705,-0.775429546833038
-0.612521111965179,0.105860792100429,1.06236112117767,0.0314283072948455,0.0386901758611202,-0.627220511436462,-0.777244985103607
-0.612455606460571,0.105655945837498,1.06229829788208,0.0301518943160772,0.0379203408956527,-0.625334799289703,-0.778851330280304
-0.612249076366425,0.105450943112373,1.0626277923584,0.0296932701021432,0.0369847007095813,-0.623231291770935,-0.780598044395447
-0.611954152584076,0.105067700147629,1.06282269954681,0.0286902021616697,0.0369418188929557,-0.620132625102997,-0.783101320266724
-0.611712872982025,0.104853063821793,1.06289982795715,0.0275491587817668,0.0363879762589931,-0.6180779337883,-0.784790933132172
-0.611446261405945,0.104802072048187,1.06296157836914,0.0263523906469345,0.0358375012874603,-0.615776240825653,-0.786664426326752
-0.611177742481232,0.104314334690571,1.06337261199951,0.0262436736375093,0.0353316403925418,-0.613063395023346,-0.788806796073914
-0.610728025436401,0.104131013154984,1.06341075897217,0.0250596087425947,0.0345457941293716,-0.610768914222717,-0.790657877922058
-0.610503137111664,0.103923469781876,1.06345546245575,0.0241551380604505,0.033847726881504,-0.608703136444092,-0.792307674884796
-0.610503137111664,0.103923469781876,1.06345546245575,0.0241551380604505,0.033847726881504,-0.608703136444092,-0.792307674884796
-0.609614491462708,0.10329856723547,1.06370651721954,0.0226703025400638,0.0332003198564052,-0.603174269199371,-0.796595573425293
-0.609260976314545,0.103013604879379,1.06378257274628,0.0220381580293178,0.0326128005981445,-0.600724756717682,-0.798486471176147
-0.60870236158371,0.102223411202431,1.06411039829254,0.0226582679897546,0.0311916545033454,-0.598279237747192,-0.800359725952148
-0.607516288757324,0.100614100694656,1.0634640455246,0.0256298016756773,0.031436838209629,-0.597057044506073,-0.801172733306885
-0.60827773809433,0.101995259523392,1.06406879425049,0.020156480371952,0.030682323500514,-0.593448221683502,-0.804034531116486
-0.607909917831421,0.101214006543159,1.06422984600067,0.0200380720198154,0.0298503432422876,-0.590785086154938,-0.806027591228485
-0.606888771057129,0.100587844848633,1.06439352035522,0.0197250563651323,0.0290441419929265,-0.586144506931305,-0.809445559978485
-0.606813669204712,0.100076481699944,1.06462073326111,0.0191676821559667,0.0280978381633758,-0.583652317523956,-0.811291038990021
-0.606622934341431,0.0997460484504699,1.06474626064301,0.018541857600212,0.0274255946278572,-0.581207811832428,-0.813081562519073
-0.606370687484741,0.0993835628032684,1.06478905677795,0.0180048942565917,0.0269515551626682,-0.579090237617493,-0.81461888551712
-0.606852114200592,0.0993368551135063,1.06490969657898,0.0169836618006229,0.0268813483417034,-0.578803598880768,-0.814846873283386
-0.606765925884247,0.0990545079112052,1.06499469280243,0.0159935634583234,0.0262390933930873,-0.576469838619232,-0.816540420055389
-0.606919765472412,0.0986313298344612,1.06481385231018,0.0165931656956672,0.0252645891159772,-0.574954509735107,-0.81762683391571
-0.606790602207184,0.0982620865106582,1.06490862369537,0.0161647945642471,0.0246605314314365,-0.572812259197235,-0.819156110286713
-0.606637895107269,0.0971380397677421,1.06526041030884,0.0157818421721458,0.023176122456789,-0.569096088409424,-0.821792840957642
-0.60613888502121,0.0974409058690071,1.0652813911438,0.0144777232781052,0.0239554289728403,-0.567708015441895,-0.82275402545929
-0.606297314167023,0.097258985042572,1.06514811515808,0.0135452300310134,0.0228676740080118,-0.565992057323456,-0.823982179164886
-0.606196939945221,0.0969058722257614,1.06519138813019,0.0129699651151895,0.0222326181828975,-0.56383889913559,-0.825483620166779
-0.605964183807373,0.0967027842998504,1.06513273715973,0.0125381341204047,0.0221084877848625,-0.561817109584808,-0.826870977878571
-0.605872392654419,0.0963700041174888,1.06506431102753,0.0121182743459939,0.0215555950999259,-0.559888243675232,-0.828199148178101
-0.605872392654419,0.0963700041174888,1.06506431102753,0.0121182743459939,0.0215555950999259,-0.559888243675232,-0.828199148178101
-0.605812191963196,0.095083974301815,1.06510615348816,0.0128905801102519,0.0194122269749641,-0.555875062942505,-0.83093923330307
-0.605832695960999,0.0947867631912231,1.0656703710556,0.0110864518210291,0.0186762940138578,-0.553080201148987,-0.832844913005829
-0.605439960956573,0.0948318988084793,1.06548845767975,0.0099830655381083,0.0185531843453645,-0.551630020141602,-0.833822786808014
-0.60543555021286,0.0944841653108596,1.06552946567535,0.009431748650968,0.0177551172673702,-0.549864709377289,-0.835011720657349
-0.605709254741669,0.0937355011701583,1.06587207317352,0.0096575357019901,0.0160052087157964,-0.547481000423431,-0.836609303951263
-0.605391979217529,0.093717560172081,1.06576025485992,0.008103028871119,0.0161883383989334,-0.545805275440216,-0.837716519832611
-0.605316340923309,0.0933859571814537,1.0657799243927,0.007324262522161,0.0156563706696033,-0.544029593467712,-0.838887989521027
-0.60493791103363,0.0930646806955337,1.0660058259964,0.0071119917556643,0.0155243454501032,-0.541795790195465,-0.840336799621582
-0.605206370353699,0.0925339609384536,1.0661096572876,0.0067063113674521,0.0138595486059784,-0.539319276809692,-0.841960608959198
-0.605064153671265,0.09212127327919,1.06624555587769,0.0065339496359229,0.013358206488192,-0.537588715553284,-0.843076109886169
-0.604996740818024,0.0920775905251503,1.06599915027618,0.0052179531194269,0.0126505503430962,-0.536494493484497,-0.843792974948883
-0.604844689369202,0.0918816030025482,1.06612777709961,0.0043064341880381,0.0120821287855505,-0.534566223621368,-0.845029234886169
-0.60480147600174,0.0914360955357551,1.0661369562149,0.003940675407648,0.0112760802730917,-0.532842338085175,-0.84613025188446
-0.604767918586731,0.0911144763231277,1.06612348556519,0.003577483119443,0.010474800132215,-0.531317591667175,-0.847100377082825
-0.604726910591125,0.0909070745110511,1.06622302532196,0.0029338353779166,0.0097854426130652,-0.529672861099243,-0.848140597343445
-0.604632973670959,0.0904030948877334,1.06625366210938,0.0029957077931612,0.0087593225762248,-0.527568638324738,-0.84946209192276
-0.604684770107269,0.0899099633097648,1.06646227836609,0.0026393646840006,0.0078679174184799,-0.52584320306778,-0.850541055202484
-0.603591799736023,0.0880186036229133,1.06576418876648,0.0059304488822817,0.0079718269407749,-0.525180160999298,-0.850933074951172
-0.603756904602051,0.0875082090497016,1.06595420837402,0.0053396793082356,0.0066942372359335,-0.523607492446899,-0.851916551589966
-0.603590130805969,0.0879469439387321,1.06613421440125,0.0040019038133323,0.0068071912974119,-0.522987544536591,-0.852303743362427
-0.603779137134552,0.0875748246908187,1.06619691848755,0.0033322535455226,0.0057188561186194,-0.521394431591034,-0.853290140628815
-0.603684723377228,0.0872139930725097,1.06619274616241,0.0025147467385977,0.0051849298179149,-0.519436061382294,-0.854489922523499
-0.603804707527161,0.0879013389348983,1.06692087650299,-0.0004774990666192,0.0041808602400124,-0.518004894256592,-0.855367362499237
-0.603658258914948,0.0865447670221328,1.06599068641663,0.0018399653490632,0.0032950905151665,-0.51808226108551,-0.855322539806366
-0.603525102138519,0.0857361182570457,1.06607830524445,0.0018881496507674,0.0020710388198494,-0.516159474849701,-0.856487929821014
-0.603540480136871,0.0855016931891441,1.06617724895477,0.0009926599450409,0.0012837615795433,-0.514857232570648,-0.857274413108826
-0.603385865688324,0.0860627368092536,1.06622350215912,-0.0012744894484058,0.0015474436804652,-0.514527916908264,-0.857471287250519
-0.603748381137848,0.0856010317802429,1.06635451316833,-0.001461406587623,5.96066129219253e-05,-0.513411104679108,-0.858141601085663
-0.6039057970047,0.0863686800003051,1.0669116973877,-0.0051818997599184,-0.0009371268097311,-0.511721611022949,-0.859135270118713
-0.603031933307648,0.0850701183080673,1.06614577770233,-0.0024495143443346,-0.0018042321316897,-0.51023918390274,-0.860027194023132
-0.603202879428864,0.0844163745641708,1.06634724140167,-0.0025171947199851,-0.0028978830669075,-0.509036064147949,-0.860736668109894
-0.603133380413055,0.0845361426472663,1.06635057926178,-0.0036205500364303,-0.0018098659347742,-0.510492026805878,-0.859872937202454
-0.60345071554184,0.0839755833148956,1.06641149520874,-0.0037405302282422,-0.0032546811271458,-0.509523451328278,-0.860442519187927
-0.60390841960907,0.0845508649945259,1.06731033325195,-0.0071466392837464,-0.0041745901107788,-0.5069739818573,-0.861921608448029
-0.603339076042175,0.0836829990148544,1.06634819507599,-0.0054041477851569,-0.004288419149816,-0.508823156356812,-0.860843420028687
-0.603777706623077,0.084494337439537,1.06691122055054,-0.008574778214097,-0.0054317098110914,-0.507439017295837,-0.86162793636322
-0.603843152523041,0.0841274932026863,1.06711208820343,-0.0085313636809587,-0.0059331785887479,-0.507151126861572,-0.861794531345367
-0.604166686534882,0.0836154967546463,1.06719219684601,-0.0088687865063548,-0.007263951934874,-0.506823897361755,-0.861973404884338
-0.603942513465881,0.0837058499455452,1.0669252872467,-0.0096535831689834,-0.0070798411034047,-0.507134437561035,-0.861783802509308
-0.604207813739777,0.0831443816423416,1.06726014614105,-0.009947495535016,-0.0078565077856183,-0.506926774978638,-0.861895978450775
-0.604016661643982,0.0826357901096344,1.06730210781097,-0.0092472014948725,-0.0078053078614175,-0.506013512611389,-0.862440645694733
-0.604154944419861,0.0827949345111846,1.06716203689575,-0.0112718688324093,-0.0082232737913727,-0.507563769817352,-0.861501276493073
-0.603486001491547,0.0816010162234306,1.06628525257111,-0.0080843465402722,-0.0081670833751559,-0.508595824241638,-0.86092871427536
-0.604034125804901,0.0822009965777397,1.06695914268494,-0.0112067116424441,-0.0091801956295967,-0.507832169532776,-0.861334204673767
-0.604068279266357,0.0817477107048034,1.06698799133301,-0.0112977102398872,-0.0095139238983392,-0.508173763751984,-0.861127972602844
-0.604384243488312,0.0813140422105789,1.06708407402039,-0.0105488784611225,-0.0102292587980628,-0.508142411708832,-0.861147701740265
-0.604315638542175,0.0809315741062164,1.06702220439911,-0.0112585527822375,-0.0103011382743716,-0.508588790893555,-0.86087441444397
-0.604426383972168,0.0806672126054763,1.06699109077454,-0.0114489467814564,-0.0103496154770255,-0.509197115898132,-0.860511600971222
-0.604556679725647,0.0803747028112411,1.06697523593903,-0.0114597016945481,-0.0108791943639516,-0.509930551052094,-0.860070466995239
-0.604624032974243,0.0800626724958419,1.06695449352264,-0.0117866117507219,-0.0111012933775782,-0.51058167219162,-0.859676837921143
-0.604662001132965,0.0796474888920784,1.06705331802368,-0.0117484638467431,-0.0107206497341394,-0.510621249675751,-0.859658598899841
-0.604730486869812,0.0794412791728973,1.06700348854065,-0.011890978552401,-0.0108189582824707,-0.511293292045593,-0.859255969524384
-0.604605197906494,0.0793989226222038,1.06696653366089,-0.0120291244238615,-0.0103664640337228,-0.51225346326828,-0.858687579631805
-0.604409694671631,0.0790754705667495,1.06688070297241,-0.0120439985767006,-0.0113937146961689,-0.511298835277557,-0.859243094921112
-0.604960024356842,0.0791201740503311,1.06678128242493,-0.0125822937116026,-0.0111306365579366,-0.514842391014099,-0.857120275497437
-0.605168461799622,0.078900970518589,1.0667690038681,-0.0126999923959374,-0.0112847257405519,-0.515893042087555,-0.856484472751617
-0.60560542345047,0.078535072505474,1.0670223236084,-0.0130861327052116,-0.0114463772624731,-0.517286717891693,-0.855635583400726
-0.605695366859436,0.0782959461212158,1.06692624092102,-0.0128326332196593,-0.0116951307281851,-0.517825961112976,-0.855309784412384
-0.605907559394836,0.077961191534996,1.06693971157074,-0.0128730833530426,-0.0119613092392683,-0.518473148345947,-0.854913413524628
-0.605738162994385,0.0780596956610679,1.06676912307739,-0.0131049491465091,-0.0109948189929127,-0.519587397575378,-0.854246079921722
-0.605764806270599,0.0778388157486915,1.06680226325989,-0.0130925402045249,-0.0107599357143044,-0.520508766174316,-0.85368812084198
-0.605951368808746,0.0776494368910789,1.06683719158173,-0.0131442565470933,-0.010703575797379,-0.521516978740692,-0.85307252407074
-0.605913817882538,0.0773547813296318,1.06681740283966,-0.0129295149818062,-0.0117416456341743,-0.520775437355042,-0.853515088558197
-0.606319606304169,0.0773943662643432,1.06691801548004,-0.013214960694313,-0.010474219918251,-0.523385167121887,-0.851929366588593
-0.606445074081421,0.0772616416215896,1.06694293022156,-0.0132711436599493,-0.0100174816325306,-0.524282991886139,-0.851381838321686
-0.606557190418243,0.0771005675196647,1.06698834896088,-0.0132047031074762,-0.0098672239109873,-0.52513974905014,-0.850856304168701
-0.606941282749176,0.0767165720462799,1.06717324256897,-0.0132213113829493,-0.0099549703299999,-0.526058554649353,-0.850287318229675
-0.606892704963684,0.076754406094551,1.06701946258545,-0.0131757305935025,-0.0094571765512228,-0.526999592781067,-0.849710822105408
-0.606953144073486,0.0766090601682663,1.06705403327942,-0.0130385588854551,-0.0092349909245967,-0.52792763710022,-0.849139153957367
-0.607349395751953,0.0763221532106399,1.06708765029907,-0.0130827231332659,-0.0096047995612025,-0.528714597225189,-0.848644495010376
-0.607271373271942,0.0764000564813613,1.06709229946136,-0.0129374740645289,-0.0089015867561101,-0.529838681221008,-0.847953140735626
-0.607478976249695,0.0762535482645034,1.06708610057831,-0.0129949860274791,-0.0091276243329048,-0.530967831611633,-0.847243189811707
-0.607447504997253,0.0758095309138298,1.06700587272644,-0.0125857088714838,-0.0103645725175738,-0.530093371868134,-0.847782552242279
-0.607476532459259,0.0757215842604637,1.06704115867615,-0.0121144903823733,-0.0102735664695501,-0.531233310699463,-0.847076773643494
-0.60777223110199,0.0752511546015739,1.06704068183899,-0.0113705014809966,-0.0096248667687177,-0.533506810665131,-0.84566456079483
-0.607510447502136,0.0750376433134079,1.06700158119202,-0.0108883511275053,-0.0102525558322668,-0.532847702503204,-0.846078932285309
-0.607911050319672,0.0754194632172584,1.06699776649475,-0.0114147709682583,-0.0089761624112725,-0.536095321178436,-0.84403258562088
-0.608046174049377,0.0750862210988998,1.06702721118927,-0.0107296193018555,-0.0092154927551746,-0.536959826946259,-0.843489289283752
-0.608255684375763,0.0749342814087867,1.06703579425812,-0.0104388240724802,-0.0093294419348239,-0.538399457931519,-0.842573463916779
-0.608522295951843,0.0749970152974128,1.06685853004456,-0.0103228203952312,-0.0094978874549269,-0.539710879325867,-0.841733515262604
-0.608550846576691,0.075014553964138,1.06683921813965,-0.0103699676692485,-0.0094394190236926,-0.540680527687073,-0.841111123561859
-0.608550846576691,0.075014553964138,1.06683921813965,-0.0103699676692485,-0.0094394190236926,-0.540680527687073,-0.841111123561859
-0.608735680580139,0.0751609057188034,1.06692898273468,-0.0109213525429368,-0.0098379459232091,-0.542373597621918,-0.840008795261383
-0.608702778816223,0.0753196328878402,1.0670952796936,-0.0103235375136137,-0.0074601089581847,-0.544922053813934,-0.838390052318573
-0.609001517295837,0.0756238475441932,1.06696927547455,-0.0115986131131649,-0.0074716182425618,-0.547289967536926,-0.836829364299774
-0.609013319015503,0.0755712240934372,1.06691324710846,-0.010811636224389,-0.0076978779397904,-0.548344790935516,-0.836147010326385
-0.609159231185913,0.075490728020668,1.06689250469208,-0.0103045031428337,-0.0076511316001415,-0.549784958362579,-0.83520770072937
-0.609287321567535,0.0753125697374343,1.06693434715271,-0.0101111819967627,-0.0076248114928603,-0.551457822322845,-0.83410656452179
-0.609511017799377,0.0752263516187667,1.06690406799316,-0.0097955521196126,-0.0079382881522178,-0.552479147911072,-0.833431363105774
-0.609511017799377,0.0752263516187667,1.06690406799316,-0.0097955521196126,-0.0079382881522178,-0.552479147911072,-0.833431363105774
-0.609464108943939,0.0753096342086792,1.06675946712494,-0.0094472486525774,-0.0069726579822599,-0.555045783519745,-0.831736981868744
-0.609513282775879,0.0753083154559135,1.06674695014954,-0.0092029217630624,-0.0067053390666842,-0.556414604187012,-0.830826818943024
-0.609532177448273,0.0754125565290451,1.0666937828064,-0.0090493680909276,-0.0060439249500632,-0.558153867721558,-0.829666078090668
-0.609839498996735,0.0755448415875434,1.06623101234436,-0.0081295585259795,-0.0058035226538777,-0.56052303314209,-0.82807856798172
-0.609719812870026,0.0756646543741226,1.06647431850433,-0.0090007102116942,-0.0050998418591916,-0.561115026473999,-0.827673256397247
-0.609762012958527,0.0755266472697258,1.06648325920105,-0.0083915060386061,-0.0047519723884761,-0.562370002269745,-0.826829552650452
-0.609978795051575,0.0753037258982658,1.06657898426056,-0.007846400141716,-0.0046044061891734,-0.563193738460541,-0.826274812221527
-0.610145390033722,0.0755093097686767,1.06644797325134,-0.0079801538959145,-0.0046633807942271,-0.565208375453949,-0.824896454811096
-0.610250651836395,0.0755066275596618,1.06638872623444,-0.0076875882223248,-0.0043083266355097,-0.566667854785919,-0.823899209499359
-0.610653340816498,0.0753520652651786,1.06617248058319,-0.006136417388916,-0.0043120724149048,-0.569027125835419,-0.822284519672394
-0.610618472099304,0.0755075737833976,1.06600761413574,-0.005770384799689,-0.003399496898055,-0.570788025856018,-0.821070194244385
-0.610364675521851,0.0758432745933532,1.06605434417725,-0.006625868845731,-0.0020331332925707,-0.571486353874207,-0.820582389831543
-0.610499560832977,0.075550764799118,1.06632721424103,-0.0058035054244101,-0.0020277961157262,-0.572744190692902,-0.819711208343506
-0.610562324523926,0.0756363645195961,1.06630599498749,-0.0056055816821753,-0.0015648942207917,-0.574013113975525,-0.818825483322144
-0.610607385635376,0.0756309181451797,1.06625807285309,-0.0052683549001812,-0.0009472450474277,-0.575430512428284,-0.817833185195923
-0.610860824584961,0.0758907720446586,1.06601393222809,-0.0053786700591444,-0.000772550702095,-0.577100574970245,-0.816655099391937
-0.611013948917389,0.0756369605660438,1.06598818302155,-0.0030058212578296,-0.0001424799702363,-0.579000532627106,-0.815321624279022
-0.611435174942017,0.0756882280111312,1.06578099727631,-0.0027642943896353,-0.0001644338772166,-0.580792486667633,-0.814046919345856
-0.611176550388336,0.075810968875885,1.06610798835754,-0.0032153942156583,0.0007262526778504,-0.581755518913269,-0.813357055187225
-0.611290693283081,0.0756795108318328,1.06614947319031,-0.0022552693262696,0.0013830242678523,-0.582943618297577,-0.812508285045624
-0.611348390579224,0.0759875327348709,1.06602883338928,-0.002259480766952,0.0021746878046542,-0.584970831871033,-0.811048328876495
-0.611331462860107,0.0759964883327484,1.06601619720459,-0.0015406155725941,0.0030148171354085,-0.586472809314728,-0.809961915016174
-0.611583948135376,0.0761881172657013,1.06577026844025,-0.0014442868996411,0.0034720196854323,-0.588548183441162,-0.808453440666199
-0.611509501934052,0.0760827809572219,1.0658837556839,-0.0001912714506033,0.004352290648967,-0.590113162994385,-0.807308912277222
-0.611517727375031,0.0758418813347816,1.06583428382874,0.0001420233456883,0.0036063126754015,-0.589599192142487,-0.807687938213348
-0.6115602850914,0.0765265598893165,1.06520938873291,0.0010196089278906,0.0062310551293194,-0.594191193580627,-0.804299116134644
-0.611593186855316,0.0766297280788421,1.06519389152527,0.0015669135609641,0.0067005548626184,-0.595884501934052,-0.80304080247879
-0.611755967140198,0.0766714289784431,1.06558477878571,0.0010361495660617,0.0074310195632278,-0.59728217124939,-0.801996052265167
-0.611947178840637,0.0767221972346305,1.06521320343018,0.00253876298666,0.0079453978687524,-0.599777460098267,-0.800123333930969
-0.612190902233124,0.0769235044717788,1.06504797935486,0.0028735476080328,0.0085421968251466,-0.601681172847748,-0.798685550689697
-0.612102091312408,0.0769672840833664,1.06526708602905,0.0024492647498846,0.0095800282433629,-0.602972805500031,-0.797700464725494
-0.61212545633316,0.0772491917014122,1.06526386737823,0.002644635271281,0.0105148889124393,-0.604728817939758,-0.796357691287994
-0.612433016300201,0.0771786198019981,1.06535446643829,0.0033295229077339,0.0110495137050747,-0.606527388095856,-0.794978857040405
-0.612439393997192,0.0775041729211807,1.06493508815765,0.0044493307359516,0.0122807221487164,-0.6093470454216,-0.792796075344086
-0.612363338470459,0.0777948424220085,1.06513619422913,0.0037174855824559,0.0133601399138569,-0.610845565795898,-0.791628360748291
-0.612294316291809,0.0776068270206451,1.06498527526855,0.0045049539767205,0.0127314087003469,-0.610946655273438,-0.791556596755981
-0.612209379673004,0.0778660848736763,1.06500387191772,0.0045380895026028,0.0132193900644779,-0.613439202308655,-0.789618372917175
-0.612681686878204,0.0781953558325767,1.06495940685272,0.0048221359029412,0.0150096444413065,-0.617269515991211,-0.786593735218048
-0.61275452375412,0.078492596745491,1.06483018398285,0.005067566409707,0.0160725377500057,-0.619319021701813,-0.78495854139328
-0.612878322601318,0.0787684768438339,1.06445670127869,0.0060283914208412,0.0170111265033483,-0.621793985366821,-0.782972931861877
-0.612548410892487,0.0788642913103103,1.06451165676117,0.0058527435176074,0.0172312892973423,-0.621987223625183,-0.782815992832184
-0.613047003746033,0.0789160653948783,1.06453633308411,0.0057736220769584,0.0170517917722463,-0.623924255371094,-0.781277418136597
-0.612942278385162,0.0789837837219238,1.0644645690918,0.0062060342170298,0.0174416676163673,-0.625980913639069,-0.779618620872498
-0.612969040870667,0.0793394148349762,1.06451237201691,0.0064880545251071,0.0185079760849475,-0.628511369228363,-0.777553141117096
-0.613357961177826,0.0796809196472168,1.06438398361206,0.006218699272722,0.0187589172273874,-0.630577623844147,-0.775874495506287
-0.613318026065826,0.079945683479309,1.06428849697113,0.0063705220818519,0.0196941457688808,-0.632710814476013,-0.774111568927765
-0.613475203514099,0.0800503641366958,1.06412923336029,0.0066108512692153,0.0199889577925205,-0.634910404682159,-0.7722989320755
-0.613475203514099,0.0800503641366958,1.06412923336029,0.0066108512692153,0.0199889577925205,-0.634910404682159,-0.7722989320755
-0.613575339317322,0.0807061865925788,1.0633727312088,0.0077558015473186,0.0224389489740133,-0.639457225799561,-0.768460094928741
-0.613428354263306,0.0808529183268547,1.06318390369415,0.0082380343228578,0.0229686442762613,-0.641653954982758,-0.766606092453003
-0.613547742366791,0.081055924296379,1.06303882598877,0.0084768012166023,0.0230947267264127,-0.644178092479706,-0.764479875564575
-0.614074945449829,0.0818526446819305,1.06313300132751,0.0080292886123061,0.0245424639433622,-0.648195028305054,-0.761036396026611
-0.614288866519928,0.0815103724598884,1.06338727474213,0.008235290646553,0.0238290410488843,-0.651041090488434,-0.758623719215393
-0.614396810531616,0.0817664116621017,1.06339275836945,0.0084977699443697,0.023501943796873,-0.653347730636597,-0.756645500659943
-0.614572405815125,0.082169771194458,1.06325590610504,0.0085057979449629,0.0233913194388151,-0.655719041824341,-0.754594683647156
-0.614824116230011,0.0826138705015182,1.06318497657776,0.0082895988598465,0.0235978011041879,-0.65768575668335,-0.752877175807953
-0.614240229129791,0.0830226615071296,1.0633225440979,0.0082668401300907,0.0237271599471569,-0.658311188220978,-0.752326488494873
-0.614735662937164,0.0831580832600593,1.06309008598328,0.0093862023204565,0.0241159964352846,-0.662181437015533,-0.748896658420563
-0.614730715751648,0.0837013870477676,1.06304228305817,0.0092572374269366,0.0246278699487447,-0.664077579975128,-0.747200727462769
-0.614792048931122,0.0838995277881622,1.06270158290863,0.0104073900729417,0.0249230787158012,-0.666261970996857,-0.745228469371796
-0.61559784412384,0.0853250548243522,1.06354284286499,0.0077435467392206,0.0241101700812578,-0.666774809360504,-0.744828939437866
-0.615851998329163,0.085812322795391,1.06338107585907,0.0067502949386835,0.0245205257087945,-0.668845593929291,-0.74296635389328
-0.615969836711884,0.0861736088991165,1.06342792510986,0.0068943779915571,0.0244649294763803,-0.670786380767822,-0.74121505022049
-0.616215288639069,0.0867441967129707,1.06331789493561,0.0070949303917586,0.0239552892744541,-0.672901034355164,-0.739310562610626
-0.616207003593445,0.0871107876300811,1.06330823898315,0.007390814833343,0.023900443688035,-0.674857676029205,-0.737523794174194
-0.616271495819092,0.0876171141862869,1.06330740451813,0.0075208451598882,0.0239086244255304,-0.676587522029877,-0.735935568809509
-0.616500020027161,0.0881183370947837,1.06325531005859,0.0072290054522454,0.0238029602915048,-0.678063452243805,-0.734582364559174
-0.616588652133942,0.0885617136955261,1.06326866149902,0.0075084301643073,0.0237804614007473,-0.679744780063629,-0.733024716377258
-0.61665403842926,0.0890419334173202,1.06319737434387,0.0077916611917316,0.0238566752523183,-0.681432783603668,-0.731450259685516
-0.616756319999695,0.0893603414297103,1.06321573257446,0.0083051100373268,0.0235945377498865,-0.682864427566528,-0.730116724967957
-0.616929709911346,0.0899670198559761,1.06304252147675,0.0082599455490708,0.0233596935868263,-0.684908628463745,-0.728207528591156
-0.616672813892365,0.0905170813202858,1.06313800811768,0.0080440258607268,0.0228191204369068,-0.684980392456055,-0.728159606456757
-0.616715729236603,0.0907413214445114,1.06321835517883,0.0087736770510673,0.0227370522916317,-0.686087250709534,-0.727110981941223
-0.616887271404266,0.0913903415203094,1.0630886554718,0.0087346248328685,0.0225690994411706,-0.687651813030243,-0.725637137889862
-0.617035150527954,0.0917941704392433,1.0629814863205,0.0090146334841847,0.022355293855071,-0.688923299312592,-0.724433302879333
-0.617114961147308,0.092262327671051,1.06291508674622,0.0093379644677042,0.0222569871693849,-0.690112829208374,-0.723299264907837
-0.617187917232513,0.0927556678652763,1.06281530857086,0.0097396904602646,0.0220415666699409,-0.691412627696991,-0.722058117389679
-0.617398619651794,0.0931794121861457,1.06276369094849,0.0102224117144942,0.0214535575360059,-0.692428469657898,-0.721095144748688
-0.617755353450775,0.0936285778880119,1.06250691413879,0.0109573602676391,0.0220293588936328,-0.694947421550751,-0.718639612197876
-0.617885947227478,0.0941091403365135,1.06244277954102,0.0113056357949972,0.0213995091617107,-0.695960342884064,-0.717672228813171
-0.617818057537079,0.0947373658418655,1.06223344802856,0.0116088036447763,0.0215075351297855,-0.697048723697662,-0.71660703420639
-0.618010520935059,0.0949969589710235,1.0623927116394,0.012310592457652,0.0204867869615554,-0.697744131088257,-0.715948224067688
-0.618047177791595,0.0955768302083015,1.06233608722687,0.0129862139001488,0.019970316439867,-0.698637068271637,-0.715079724788666
-0.61804187297821,0.0960446968674659,1.06235122680664,0.0137961218133568,0.0197096839547157,-0.69937938451767,-0.714345753192902
-0.618020176887512,0.0968145728111267,1.06200361251831,0.0131091931834816,0.0202353149652481,-0.699738085269928,-0.713992595672607
-0.61812561750412,0.0972946137189865,1.06198620796204,0.0134903853759169,0.0197948031127452,-0.70023900270462,-0.713506460189819
-0.618218183517456,0.0974143296480178,1.06232213973999,0.0149721372872591,0.0185539461672306,-0.700573801994324,-0.713181674480438
-0.618442416191101,0.0979320555925369,1.06234502792358,0.0151441367343068,0.0176017079502344,-0.701049387454987,-0.712734639644623
-0.617976665496826,0.0986453890800476,1.06242120265961,0.0150870746001601,0.0175591558218002,-0.699725329875946,-0.714036762714386
-0.617920577526093,0.0991709530353546,1.06245970726013,0.0158059690147638,0.0173507202416658,-0.699872076511383,-0.713882446289062
-0.618205189704895,0.0997430980205535,1.06229364871979,0.0154764838516712,0.0160849522799253,-0.699994206428528,-0.713799655437469
-0.618584871292114,0.100158616900444,1.06213855743408,0.0164348874241113,0.0158730894327163,-0.701499819755554,-0.712303102016449
-0.618557214736938,0.100475013256073,1.06212985515594,0.0171784348785877,0.0156146790832281,-0.70121157169342,-0.712575197219849
-0.618345260620117,0.101435512304306,1.06188130378723,0.0171836540102958,0.015639467164874,-0.701426029205322,-0.712363541126251
-0.618327438831329,0.101600684225559,1.06218957901001,0.0184498503804206,0.0146504547446966,-0.700787782669067,-0.712980687618256
-0.61830860376358,0.102198727428913,1.06216609477997,0.0187035910785198,0.0145713463425636,-0.700298368930817,-0.713456392288208
-0.618401169776917,0.102734453976154,1.06229341030121,0.0191450528800487,0.0132649056613445,-0.700098037719727,-0.71366685628891
-0.618421018123627,0.103279590606689,1.06228244304657,0.0194788053631782,0.0130883799865841,-0.699311554431915,-0.714431583881378
-0.619763672351837,0.103769026696682,1.0623072385788,0.0184373743832111,0.0101992841809988,-0.698687016963959,-0.715117275714874
-0.619712591171265,0.104447223246097,1.06229102611542,0.0189239289611578,0.0098121585324406,-0.698037266731262,-0.715744018554688
-0.618337631225586,0.105048082768917,1.06231200695038,0.0208593923598527,0.0109868692234158,-0.697835266590118,-0.715870261192322
-0.61827689409256,0.105523645877838,1.06234669685364,0.0214397218078374,0.0103705702349543,-0.697139918804169,-0.71653938293457
-0.618173062801361,0.106202989816666,1.06225872039795,0.0217814538627862,0.0105779664590954,-0.695991218090057,-0.717642068862915
-0.618245184421539,0.106751553714275,1.06225836277008,0.0222560763359069,0.0097300196066498,-0.695300042629242,-0.718309223651886
-0.618304252624512,0.107282713055611,1.06229662895203,0.022847656160593,0.0090312398970127,-0.694551765918732,-0.71902334690094
-0.618215441703796,0.107859916985035,1.06222081184387,0.0236571487039327,0.0085803372785449,-0.693677008152008,-0.719846367835999
-0.618121147155762,0.108282797038555,1.06229627132416,0.0245521925389766,0.007416367996484,-0.692814707756042,-0.720659554004669
-0.618039071559906,0.108777731657028,1.06230652332306,0.0254712030291557,0.0067670219577848,-0.692267835140228,-0.721159279346466
-0.617726981639862,0.10924419015646,1.06235861778259,0.0267115142196416,0.0064654820598661,-0.691097617149353,-0.722238719463348
-0.617708623409271,0.10971911996603,1.06229293346405,0.0274371989071369,0.0057471906766295,-0.690296649932861,-0.722983360290527
-0.617723286151886,0.110639192163944,1.06201684474945,0.0274207349866628,0.0059288907796144,-0.689268410205841,-0.723962783813477
-0.617723286151886,0.110639192163944,1.06201684474945,0.0274207349866628,0.0059288907796144,-0.689268410205841,-0.723962783813477
-0.618968784809113,0.111635737121105,1.06189370155334,0.0273667629808187,0.0025400405284017,-0.687005162239075,-0.726132571697235
-0.618936598300934,0.112248107790947,1.06175684928894,0.0277686975896358,0.0022545855026692,-0.685601949691772,-0.727443397045135
-0.618903279304504,0.112727023661137,1.06164932250977,0.0286341030150651,0.001292708562687,-0.685119092464447,-0.727867007255554
-0.618799209594727,0.113275393843651,1.06164216995239,0.0291171874850988,0.0006834059604443,-0.68411511182785,-0.728792369365692
-0.6186603307724,0.113972164690494,1.0617424249649,0.029685465618968,0.0001535506307845,-0.682593464851379,-0.730195105075836
-0.618634581565857,0.114435657858849,1.0616797208786,0.0299603138118982,-4.64443037344608e-05,-0.681834995746613,-0.730892181396484
-0.618164837360382,0.115195780992508,1.06168174743652,0.0304146874696016,-0.0012370632030069,-0.679684460163116,-0.732872724533081
-0.618116915225983,0.115708522498608,1.06169605255127,0.0312247667461633,-0.0022757863625884,-0.6788330078125,-0.733624935150146
-0.618358850479126,0.116215571761131,1.06161653995514,0.031980775296688,-0.0025752135552465,-0.679255306720734,-0.733200371265411
-0.618123710155487,0.116992346942425,1.06142449378967,0.0323469042778015,-0.0021856080275028,-0.67794930934906,-0.73439347743988
-0.616794228553772,0.117574356496334,1.06146740913391,0.0344070829451084,-0.0015027694171294,-0.677526712417603,-0.734691381454468
-0.616703629493713,0.118210628628731,1.06139171123505,0.0349531956017017,-0.0019829638767987,-0.676574885845184,-0.735541224479675
-0.616603076457977,0.11881123483181,1.06139194965363,0.0353903695940971,-0.0025193863548338,-0.675623416900635,-0.736392796039581
-0.61654794216156,0.11939112842083,1.06141149997711,0.0358080081641674,-0.0031484388746321,-0.674545228481293,-0.737357974052429
-0.61558210849762,0.119293749332428,1.06054270267487,0.0389574170112609,-0.0020193115342408,-0.674710392951965,-0.737050950527191
-0.61635547876358,0.12059785425663,1.06117451190948,0.036743264645338,-0.0035204580053687,-0.672774314880371,-0.738926589488983
-0.616255939006805,0.12122081965208,1.06114625930786,0.0372898541390895,-0.003920828923583,-0.671813607215881,-0.739770591259003
-0.616239547729492,0.121734112501144,1.06135773658752,0.0382215604186058,-0.0049548214301466,-0.670779883861542,-0.740654468536377
-0.616239547729492,0.121734112501144,1.06135773658752,0.0382215604186058,-0.0049548214301466,-0.670779883861542,-0.740654468536377
-0.616132497787476,0.12294577807188,1.06107366085052,0.0401992201805114,-0.0057706777006387,-0.669124722480774,-0.742039561271667
-0.61593896150589,0.123431675136089,1.06120610237122,0.0395837165415287,-0.0060277371667325,-0.667693674564362,-0.743358552455902
-0.615703225135803,0.123865976929665,1.06121850013733,0.0408935621380806,-0.0062943776138126,-0.667011916637421,-0.743897438049316
-0.615581333637238,0.124416656792164,1.06119608879089,0.0413065552711486,-0.0069509767927229,-0.665914416313171,-0.744851231575012
-0.615581333637238,0.124416656792164,1.06119608879089,0.0413065552711486,-0.0069509767927229,-0.665914416313171,-0.744851231575012
-0.589373648166656,0.143734589219093,1.05467534065247,0.0467941649258136,0.0458331778645515,-0.64930123090744,-0.757705569267273
-0.589227199554443,0.143888831138611,1.05456185340881,0.0477702878415584,0.0451469421386718,-0.648384809494019,-0.758470177650452
-0.58901184797287,0.144358903169632,1.05460512638092,0.048619370907545,0.0449517518281936,-0.647673726081848,-0.759035050868988
-0.589216232299805,0.144891127943993,1.0543178319931,0.0483829900622367,0.0438351891934871,-0.646441996097565,-0.760164678096771
-0.589201629161835,0.145198613405228,1.05399262905121,0.0502998977899551,0.0431739799678325,-0.646346628665924,-0.760159254074097
-0.589148879051208,0.145709037780762,1.05403566360474,0.0507964864373207,0.0427568666636943,-0.645485281944275,-0.760881304740906
-0.588737785816193,0.146353349089622,1.05423307418823,0.0502140298485755,0.0429206266999244,-0.643894553184509,-0.76225733757019
-0.588452458381653,0.146830856800079,1.05392718315125,0.0518107451498508,0.0430290587246418,-0.643788754940033,-0.762233734130859
-0.588367640972137,0.14741387963295,1.05399262905121,0.0507596433162689,0.0424102917313575,-0.642410039901733,-0.763501346111298
-0.587979972362518,0.147972196340561,1.05404496192932,0.0509299971163272,0.0425806902348995,-0.640936374664307,-0.764717936515808
-0.587989628314972,0.148405238986015,1.05391299724579,0.0514117181301116,0.0417320802807807,-0.64037823677063,-0.765200018882751
-0.587683975696564,0.148662328720093,1.05401766300201,0.052248615771532,0.0415669344365596,-0.639269292354584,-0.766079246997833
-0.587716937065125,0.149407103657722,1.05407953262329,0.0520438440144062,0.0407872945070266,-0.637937605381012,-0.767244160175323
-0.587858021259308,0.150074854493141,1.05384349822998,0.051944188773632,0.0400728955864906,-0.637662351131439,-0.767517268657684
-0.587160229682922,0.149920910596848,1.05363321304321,0.0536895580589771,0.0405304729938507,-0.637867093086243,-0.767202913761139
-0.587080597877502,0.150262653827667,1.05359125137329,0.0538936667144298,0.0400661043822765,-0.63713151216507,-0.767823934555054
-0.587283551692963,0.151264533400536,1.05376791954041,0.0526849739253521,0.0391222238540649,-0.634998261928558,-0.769721329212189
-0.587271571159363,0.151685923337936,1.05369555950165,0.0527819022536277,0.038429632782936,-0.634367823600769,-0.770269334316254
-0.587069392204285,0.152093768119812,1.05370104312897,0.0533564686775207,0.0380509421229362,-0.633847653865814,-0.770676612854004
-0.586902022361755,0.152268081903458,1.05372226238251,0.054039392620325,0.0373549722135067,-0.633068263530731,-0.771303474903107
-0.586707532405853,0.15264880657196,1.05367732048035,0.0543704554438591,0.0369280539453029,-0.632324039936066,-0.771911025047302
-0.586587727069855,0.152980878949165,1.05362164974213,0.0547062903642654,0.0364555977284908,-0.631722569465637,-0.772401988506317
-0.586645245552063,0.153562784194946,1.05350267887115,0.0543707832694053,0.0359754152595996,-0.631483793258667,-0.772643506526947
-0.586645245552063,0.153562784194946,1.05350267887115,0.0543707832694053,0.0359754152595996,-0.631483793258667,-0.772643506526947
-0.586872518062592,0.154289975762367,1.05333983898163,0.0545786470174789,0.0341859087347984,-0.63057142496109,-0.773454666137695
-0.586876749992371,0.154635012149811,1.0531667470932,0.0556512847542762,0.0337007194757461,-0.630438208580017,-0.773508131504059
-0.586568295955658,0.154938638210297,1.05309343338013,0.0555754825472831,0.032968383282423,-0.629875481128693,-0.774003505706787
-0.586450815200806,0.155412748456001,1.05323231220245,0.0566778108477592,0.0332119949162006,-0.629173696041107,-0.774483740329742
-0.586227297782898,0.155637606978416,1.05316650867462,0.0564790107309818,0.0323359221220016,-0.628768742084503,-0.774864077568054
-0.586663842201233,0.155995339155197,1.05304253101349,0.0571563951671123,0.0315877795219421,-0.628538548946381,-0.775032043457031
-0.586613416671753,0.156098395586014,1.05293130874634,0.0563442632555961,0.031037101522088,-0.62793630361557,-0.775601804256439
-0.586613416671753,0.156098395586014,1.05293130874634,0.0563442632555961,0.031037101522088,-0.62793630361557,-0.775601804256439
-0.586204171180725,0.156801342964172,1.05277144908905,0.0576691180467605,0.0302500519901514,-0.627303063869476,-0.776047766208649
-0.586204171180725,0.156801342964172,1.05277144908905,0.0576691180467605,0.0302500519901514,-0.627303063869476,-0.776047766208649
-0.585820198059082,0.157640859484672,1.05253422260284,0.0585162192583084,0.0298480931669473,-0.626258909702301,-0.776842832565308
-0.585657477378845,0.158076301217079,1.05245184898376,0.0592732541263103,0.0290279034525156,-0.625723659992218,-0.777247667312622
-0.585446059703827,0.158172205090523,1.05245304107666,0.0602232851088047,0.0285012517124414,-0.625077247619629,-0.777714192867279
-0.585341095924377,0.15855872631073,1.052325963974,0.0606503300368785,0.0281950756907463,-0.624584674835205,-0.778087854385376
-0.585165321826935,0.158864811062813,1.05225324630737,0.0612751729786396,0.0280963443219661,-0.624014973640442,-0.778499364852905
-0.5850550532341,0.15914811193943,1.05217635631561,0.0617149621248245,0.0280299112200737,-0.623407185077667,-0.778953790664673
-0.585155606269836,0.158896848559379,1.05240976810455,0.0627741739153862,0.0269499775022268,-0.623030126094818,-0.779208898544312
-0.585068225860596,0.159102216362953,1.05240261554718,0.0631013736128807,0.0269348807632923,-0.62238085269928,-0.779701769351959
-0.584972023963928,0.159594252705574,1.05225682258606,0.0631606727838516,0.0268176663666963,-0.621753215789795,-0.780201613903046
-0.58480441570282,0.159843266010284,1.05221033096313,0.0636196732521057,0.0263407099992036,-0.621121764183044,-0.780683398246765
-0.584654867649078,0.160042524337768,1.05216240882874,0.0640608519315719,0.0261985044926404,-0.620429992675781,-0.781202018260956
-0.584881007671356,0.160267993807793,1.05202317237854,0.0639652833342552,0.025561437010765,-0.619858026504517,-0.781684756278992
-0.584881007671356,0.160267993807793,1.05202317237854,0.0639652833342552,0.025561437010765,-0.619858026504517,-0.781684756278992
-0.584810316562653,0.160647511482239,1.05176973342896,0.0650094002485275,0.024806797504425,-0.618841230869293,-0.782428205013275
-0.584747552871704,0.16086021065712,1.05173277854919,0.0653762072324752,0.0245371032506227,-0.618133008480072,-0.782965779304504
-0.584630131721497,0.161013036966324,1.05167996883392,0.0659425556659698,0.024251714348793,-0.617519795894623,-0.783410966396332
-0.584635972976685,0.161333948373795,1.05152595043182,0.0667224004864692,0.0249471869319677,-0.616156995296478,-0.784395515918732
-0.584510684013367,0.1614700704813,1.05150485038757,0.0671081021428108,0.0247395765036344,-0.615616619586945,-0.784793376922607
-0.584314465522766,0.16170608997345,1.05148160457611,0.0675392299890518,0.0247873067855834,-0.614925026893616,-0.785297036170959
-0.584109783172607,0.16170334815979,1.0515615940094,0.0677906796336174,0.0237956680357456,-0.615140736103058,-0.785136938095093
-0.583478569984436,0.161602228879929,1.05175530910492,0.0692812800407409,0.0244462490081787,-0.61435741186142,-0.785600125789642
-0.583518624305725,0.161929458379745,1.05160045623779,0.0700018405914306,0.0251737982034683,-0.613300144672394,-0.786338925361633
-0.58344966173172,0.162065401673317,1.05157363414764,0.0704615712165832,0.0251098833978176,-0.61280769109726,-0.786683738231659
-0.583273231983185,0.16212186217308,1.05169022083282,0.0705063641071319,0.0241864118725061,-0.613011360168457,-0.786550104618073
-0.583298087120056,0.162241756916046,1.05169153213501,0.0707013383507728,0.0240579806268215,-0.612569391727448,-0.786880791187286
-0.583262026309967,0.162481188774109,1.05168104171753,0.0709855929017067,0.0240507926791906,-0.61214017868042,-0.787189245223999
-0.583190143108368,0.162672698497772,1.05173182487488,0.0715139061212539,0.0246836431324481,-0.6119384765625,-0.787278771400452
-0.583292067050934,0.16289347410202,1.0516939163208,0.0715678632259368,0.0248321834951639,-0.611807882785797,-0.787370681762695
-0.58331710100174,0.16316731274128,1.05161774158478,0.0715343728661537,0.0250304471701383,-0.611409962177277,-0.787676453590393
-0.583260953426361,0.163331270217896,1.05161464214325,0.0720026120543479,0.0254878997802734,-0.611232042312622,-0.787757217884064
-0.583243012428284,0.163531273603439,1.05161285400391,0.0724267438054084,0.0259552970528602,-0.611027359962463,-0.787861883640289
-0.583163142204285,0.163683131337166,1.05170249938965,0.0731993094086647,0.0265898499637842,-0.611138045787811,-0.787683486938477
-0.583008587360382,0.163616180419922,1.05170345306396,0.0726642832159996,0.0267167184501886,-0.611275672912598,-0.787621855735779
-0.58305037021637,0.163791492581367,1.05172514915466,0.0730361938476562,0.0278677456080913,-0.611187338829041,-0.78761613368988
-0.583070158958435,0.1639484167099,1.05176842212677,0.0735523477196693,0.0282878372818231,-0.611175835132599,-0.787562072277069
-0.583477258682251,0.164097815752029,1.05163550376892,0.0734500139951706,0.0281611829996109,-0.611024677753448,-0.787693381309509
-0.583501279354095,0.164260789752007,1.05164051055908,0.0740659162402153,0.0284237787127494,-0.611246049404144,-0.787454605102539
-0.583501279354095,0.164260789752007,1.05164051055908,0.0740659162402153,0.0284237787127494,-0.611246049404144,-0.787454605102539
-0.583799004554749,0.164606392383575,1.05148124694824,0.0750270038843154,0.0290952287614345,-0.611649453639984,-0.787025570869446
-0.583799004554749,0.164606392383575,1.05148124694824,0.0750270038843154,0.0290952287614345,-0.611649453639984,-0.787025570869446
-0.583772957324982,0.164722695946693,1.05132007598877,0.0777003318071365,0.0299159865826368,-0.612719237804413,-0.785902559757233
-0.583549499511719,0.164931893348694,1.05155873298645,0.0782534927129745,0.0310985185205936,-0.612592577934265,-0.78590053319931
-0.581978678703308,0.163317292928696,1.05157697200775,0.0686933174729347,0.0310872346162796,-0.612559735774994,-0.786819815635681
-0.582104682922363,0.16345688700676,1.05148935317993,0.0692421570420265,0.0316777825355529,-0.612988233566284,-0.786414265632629
-0.582412719726562,0.163849681615829,1.05125713348389,0.0687144175171852,0.0317675732076168,-0.613279461860657,-0.786229968070984
-0.582817018032074,0.164165586233139,1.05128872394562,0.0690196603536605,0.0333302542567253,-0.61261773109436,-0.786654233932495
-0.582951843738556,0.16434845328331,1.05128502845764,0.0691474378108978,0.0338547974824905,-0.612795889377594,-0.78648179769516
-0.582873702049255,0.164595514535904,1.05132126808167,0.0689008012413978,0.033992201089859,-0.6137375831604,-0.785763025283813
-0.582521736621857,0.164853692054749,1.05146110057831,0.0694335326552391,0.0353259146213531,-0.613805890083313,-0.785603880882263
-0.582587778568268,0.165044546127319,1.05150520801544,0.0692191123962402,0.0364138148725032,-0.613890588283539,-0.785506904125214
-0.582836389541626,0.165321364998817,1.05134057998657,0.0689498633146286,0.0365096442401409,-0.614063858985901,-0.785390734672546
-0.583188354969025,0.165549844503403,1.05128252506256,0.0681087300181388,0.0369507670402526,-0.614122807979584,-0.785397410392761
-0.58304226398468,0.165726989507675,1.05138766765594,0.0682832449674606,0.0383955687284469,-0.614215731620789,-0.785240232944489
-0.583280980587006,0.165884137153625,1.05143892765045,0.0672465711832046,0.0390235595405101,-0.613976299762726,-0.785485923290253
-0.583248376846313,0.166144549846649,1.05147731304169,0.0668903142213821,0.0397926457226276,-0.613980531692505,-0.785474479198456
-0.583428978919983,0.166290700435638,1.05147886276245,0.0666495114564895,0.0409705676138401,-0.614148437976837,-0.785303115844727
-0.583432734012604,0.166426241397858,1.05158889293671,0.0660091266036033,0.0419465377926826,-0.614026725292206,-0.785400807857513
-0.583437919616699,0.166567146778107,1.05162918567657,0.065765269100666,0.042614322155714,-0.614156544208527,-0.785283863544464
-0.583461821079254,0.166692584753036,1.05171608924866,0.0656349211931228,0.0435702614486217,-0.614165723323822,-0.785235106945038
-0.583520531654358,0.166880428791046,1.05182301998138,0.0651646554470062,0.0441581606864929,-0.614342987537384,-0.785102784633636
-0.583495914936066,0.166923135519028,1.05198311805725,0.0643636509776115,0.0450552701950073,-0.614237189292908,-0.785200655460358
-0.583656370639801,0.167010799050331,1.05196666717529,0.063788890838623,0.0455033704638481,-0.614533245563507,-0.784990072250366
-0.583656370639801,0.167010799050331,1.05196666717529,0.063788890838623,0.0455033704638481,-0.614533245563507,-0.784990072250366
-0.58354389667511,0.166987851262093,1.05220079421997,0.0636033192276954,0.0472560562193393,-0.614607214927673,-0.784843623638153
-0.583311557769775,0.166881218552589,1.05234158039093,0.0636230781674385,0.0484517402946949,-0.614749372005463,-0.784657776355743
-0.583429336547852,0.16686537861824,1.05241811275482,0.0631673708558082,0.0489832088351249,-0.614934802055359,-0.784516274929047
-0.583429336547852,0.16686537861824,1.05241811275482,0.0631673708558082,0.0489832088351249,-0.614934802055359,-0.784516274929047
-0.583647549152374,0.166712015867233,1.05251216888428,0.0622396282851696,0.0498374812304973,-0.615480422973633,-0.784108638763428
-0.58523416519165,0.168325781822205,1.0524959564209,0.0728279054164886,0.0505531169474124,-0.615890741348267,-0.782827615737915
-0.585313200950623,0.168215185403824,1.05251169204712,0.0725196227431297,0.0509845502674579,-0.616186082363129,-0.782595872879028
-0.58543998003006,0.168011084198952,1.05254673957825,0.0718782544136047,0.0515329428017139,-0.616579115390778,-0.782309472560883
-0.585312843322754,0.167987301945686,1.05278873443604,0.0706938654184341,0.0523806475102901,-0.616353273391724,-0.782539010047913
-0.585466623306274,0.167910754680633,1.05269980430603,0.0703129023313522,0.05270766466856,-0.616654813289642,-0.782313823699951
-0.585480749607086,0.167850360274315,1.05277156829834,0.0701038986444473,0.0536282807588577,-0.617039561271667,-0.78196656703949
-0.58573842048645,0.167798012495041,1.0523636341095,0.0702316835522651,0.0533021129667758,-0.618130683898926,-0.781115114688873
-0.585726678371429,0.167441055178642,1.0525735616684,0.0700264498591423,0.0539136193692684,-0.618194699287415,-0.781041085720062
-0.585921108722687,0.167346403002739,1.05246722698212,0.0700965747237205,0.0541514605283737,-0.618925452232361,-0.78043919801712
-0.585917472839355,0.167165234684944,1.05251598358154,0.0696859508752822,0.0545741915702819,-0.61900532245636,-0.780383288860321
-0.585865199565887,0.167074456810951,1.05265283584595,0.0688229724764823,0.0551057830452919,-0.619053304195404,-0.780384480953217
-0.585865199565887,0.167074456810951,1.05265283584595,0.0688229724764823,0.0551057830452919,-0.619053304195404,-0.780384480953217
-0.586198568344116,0.166664212942123,1.05245471000671,0.0686998143792152,0.0554291196167469,-0.620485424995422,-0.779234111309052
-0.586198568344116,0.166664212942123,1.05245471000671,0.0686998143792152,0.0554291196167469,-0.620485424995422,-0.779234111309052
-0.586457073688507,0.166373819112778,1.05236768722534,0.0683815032243728,0.0557455047965049,-0.621747076511383,-0.778233289718628
-0.586320638656616,0.166302174329758,1.05263435840607,0.0669967681169509,0.0562841556966304,-0.621635675430298,-0.778403878211975
-0.586403548717499,0.166152805089951,1.05267858505249,0.0665848478674888,0.0564473941922187,-0.622213542461395,-0.777965605258942
-0.586403548717499,0.166152805089951,1.05267858505249,0.0665848478674888,0.0564473941922187,-0.622213542461395,-0.777965605258942
-0.586651623249054,0.165763467550278,1.05279409885406,0.0655586346983909,0.0569390915334224,-0.623162925243378,-0.777256667613983
-0.586757719516754,0.165636017918587,1.0528507232666,0.0650670975446701,0.057134173810482,-0.623730719089508,-0.776828110218048
-0.587068796157837,0.165377348661423,1.05263102054596,0.06563501060009,0.0569471940398216,-0.624989330768585,-0.775781869888306
-0.587096869945526,0.1651761084795,1.05268800258636,0.0651145353913307,0.0568242222070694,-0.625697612762451,-0.775263607501984
-0.58705073595047,0.165050089359283,1.05304646492004,0.0635857582092285,0.0573379769921302,-0.625817537307739,-0.775255858898163
-0.587044835090637,0.165130391716957,1.05298399925232,0.0626594126224517,0.0581760071218013,-0.626632153987885,-0.77461051940918
-0.587183237075806,0.164768397808075,1.05313360691071,0.0625900626182556,0.0578478164970874,-0.627313613891602,-0.77408903837204
-0.587411403656006,0.164439991116524,1.05305433273315,0.0626882091164588,0.0575525984168052,-0.628578901290894,-0.773075997829437
-0.587454974651337,0.164727330207825,1.05281627178192,0.0620182119309902,0.0579238533973693,-0.629695951938629,-0.772192776203156
-0.587374567985535,0.164686143398285,1.05313634872437,0.0603410080075264,0.0585506036877632,-0.629729032516479,-0.772251307964325
-0.587374567985535,0.164686143398285,1.05313634872437,0.0603410080075264,0.0585506036877632,-0.629729032516479,-0.772251307964325
-0.587739109992981,0.164216473698616,1.05336272716522,0.0590650513768196,0.0587494149804115,-0.631458044052124,-0.770921945571899
-0.587801337242126,0.164127796888351,1.0534040927887,0.0587453246116638,0.0583130270242691,-0.632281839847565,-0.770303964614868
-0.587947905063629,0.163909986615181,1.05347371101379,0.0580893605947494,0.0591282472014427,-0.63296240568161,-0.769732594490051
-0.588595151901245,0.163622856140137,1.0532466173172,0.0577322319149971,0.0584460571408271,-0.634444832801819,-0.768590211868286
-0.588595151901245,0.163622856140137,1.0532466173172,0.0577322319149971,0.0584460571408271,-0.634444832801819,-0.768590211868286
-0.588687121868134,0.163446113467216,1.05348515510559,0.0556471049785614,0.0591415241360664,-0.635477483272552,-0.767837345600128
-0.588791370391846,0.163153290748596,1.05346322059631,0.0549617148935794,0.0590665414929389,-0.636188685894012,-0.767303287982941
-0.58897465467453,0.162755712866783,1.05334782600403,0.0551508329808712,0.0587573982775211,-0.637393832206726,-0.766312718391418
-0.588890373706818,0.162472546100616,1.05321097373962,0.0554530210793018,0.0589182749390602,-0.638537883758545,-0.765325486660004
-0.588910222053528,0.16235801577568,1.05337488651276,0.0535913333296775,0.0590637512505054,-0.638571560382843,-0.765418767929077
-0.589082002639771,0.162072256207466,1.05339097976685,0.053103994578123,0.0588370077311992,-0.639437139034271,-0.764747202396393
-0.588816404342651,0.161836788058281,1.05349361896515,0.0530280917882919,0.0591802485287189,-0.640007495880127,-0.764248847961426
-0.589270532131195,0.161261230707168,1.05361449718475,0.0526520498096942,0.0584252923727035,-0.640771985054016,-0.763692080974579
-0.589083731174469,0.160932540893555,1.05372631549835,0.0526906661689281,0.0586468651890754,-0.641590595245361,-0.762984752655029
-0.589128732681274,0.16059572994709,1.0538170337677,0.0524402372539043,0.0586888715624809,-0.642186939716339,-0.762496948242188
-0.589102029800415,0.160151660442352,1.05389630794525,0.0525805279612541,0.0586189962923526,-0.64282089471817,-0.761958420276642
-0.58921605348587,0.160041347146034,1.05356872081757,0.0528714507818222,0.0584273226559162,-0.644116580486298,-0.760857880115509
-0.589564800262451,0.159925535321236,1.05349564552307,0.0520540252327919,0.057901956140995,-0.645243644714355,-0.759998917579651
-0.589278697967529,0.159653171896935,1.05394387245178,0.0511168204247951,0.0585274510085582,-0.645026326179504,-0.760199129581451
-0.58934873342514,0.159399017691612,1.05393433570862,0.0508185364305973,0.0583472326397895,-0.645951807498932,-0.759446859359741
-0.589517116546631,0.159034311771393,1.05400574207306,0.0504436418414115,0.0581794790923595,-0.646857798099518,-0.758713245391846
-0.589551866054535,0.158810675144196,1.05405259132385,0.0501103028655052,0.0582810491323471,-0.647513151168823,-0.75816822052002
-0.589809596538544,0.158470928668976,1.05384457111359,0.0508675463497638,0.0579425990581512,-0.648748159408569,-0.757087290287018
-0.589953720569611,0.15790356695652,1.05414760112762,0.0507204122841358,0.0572528578341007,-0.649387419223785,-0.756601452827454
-0.589772701263428,0.158075779676437,1.05433285236359,0.049037892371416,0.0584202781319618,-0.649252235889435,-0.75673896074295
-0.589744329452515,0.157676473259926,1.05436182022095,0.0492124184966087,0.0585809536278247,-0.650000870227814,-0.756072282791138
-0.589872777462006,0.157426655292511,1.05432748794556,0.0489374361932277,0.0585065446794033,-0.650895416736603,-0.755325973033905
-0.589911162853241,0.157131940126419,1.05434930324554,0.0487255193293094,0.0586483255028724,-0.651526868343353,-0.754784166812897
-0.589931905269623,0.15681229531765,1.05445718765259,0.0483990088105201,0.0588614754378795,-0.651858687400818,-0.75450199842453
-0.589948058128357,0.156606286764145,1.05447292327881,0.0482928641140461,0.0589130707085132,-0.652325928211212,-0.754100739955902
-0.589964509010315,0.156339600682259,1.05448412895203,0.048089999705553,0.0591053254902362,-0.652836799621582,-0.753656506538391
-0.59000551700592,0.156059354543686,1.05445742607117,0.0479539558291435,0.0593148060142993,-0.653449296951294,-0.753117680549622
-0.590365827083588,0.155532151460647,1.05447149276733,0.0476750954985618,0.059103824198246,-0.654415011405945,-0.752312958240509
-0.590481281280518,0.15517646074295,1.05448591709137,0.0477282032370567,0.0586045309901237,-0.655280411243439,-0.751594960689545
-0.590499222278595,0.15488363802433,1.05449533462524,0.0475154817104339,0.0591323971748352,-0.655773997306824,-0.751136660575867
-0.590566694736481,0.154656291007996,1.05451190471649,0.0473841726779937,0.0593318790197372,-0.656244397163391,-0.750718176364899
-0.59051126241684,0.15472137928009,1.05435764789581,0.0466089025139808,0.0604366399347782,-0.656637907028198,-0.750334441661835
-0.59056168794632,0.154386922717094,1.05435514450073,0.0464847385883331,0.0608598925173282,-0.657146036624908,-0.749862909317017
-0.590601086616516,0.154084473848343,1.05440664291382,0.0463319681584835,0.0612689852714538,-0.657600283622742,-0.749440729618073
-0.590676307678223,0.153643250465393,1.0545289516449,0.0462421812117099,0.0618365816771984,-0.658026695251465,-0.749025285243988
-0.590655446052551,0.153379902243614,1.05450320243835,0.0466007366776466,0.0617627389729023,-0.658723890781403,-0.748395979404449
-0.590767085552216,0.153008565306664,1.05450308322906,0.0464235991239547,0.0629269108176231,-0.659272015094757,-0.747827231884003
-0.590887546539307,0.152550846338272,1.05466544628143,0.0469149835407733,0.0628454536199569,-0.659714758396149,-0.747412800788879
-0.590899527072906,0.152262330055237,1.0546680688858,0.0470115691423416,0.0634918287396431,-0.660291433334351,-0.746842682361603
-0.5908282995224,0.15197342634201,1.05474495887756,0.0471029169857502,0.0642181634902954,-0.660707771778107,-0.746406555175781
-0.590815246105194,0.151775553822517,1.05475902557373,0.0469631478190422,0.0650686994194984,-0.661327540874481,-0.74579244852066
-0.590867519378662,0.151473999023438,1.05482149124146,0.0471555031836032,0.0656567066907882,-0.661779761314392,-0.745327591896057
-0.590916991233826,0.151224032044411,1.05487561225891,0.0470229387283325,0.0664732307195663,-0.662303984165192,-0.744797706604004
-0.591076850891113,0.150873482227325,1.05490899085999,0.047212641686201,0.0665537342429161,-0.663179814815521,-0.743998765945435
-0.591308176517487,0.150571316480637,1.0548449754715,0.0473163276910781,0.0666971877217292,-0.664137840270996,-0.743124306201935
-0.591196477413177,0.150065124034882,1.05498969554901,0.047848355025053,0.067418448626995,-0.66457587480545,-0.742633402347565
-0.59114795923233,0.149787604808807,1.05505812168121,0.0479430668056011,0.0683929696679115,-0.664944112300873,-0.742208361625671
-0.591305255889893,0.149501577019691,1.05497658252716,0.0478828214108943,0.068828172981739,-0.665748596191406,-0.741450488567352
-0.591386675834656,0.149391129612923,1.05499958992004,0.0474349781870842,0.0696812197566032,-0.666099071502686,-0.741084694862366
-0.591563165187836,0.149093225598335,1.05488753318787,0.0472918599843978,0.0704492330551147,-0.666859567165375,-0.740336954593658
-0.591655194759369,0.148844733834267,1.05486845970154,0.0473156049847602,0.0709898769855499,-0.667551040649414,-0.739660322666168
-0.591710269451141,0.148559987545013,1.05483591556549,0.0473762080073356,0.0714425444602966,-0.668095827102661,-0.739120721817017
-0.591791808605194,0.148213267326355,1.05479526519775,0.0474854931235313,0.0719530582427978,-0.668814778327942,-0.738413572311401
-0.591850638389587,0.147829353809357,1.05482685565948,0.0475003644824028,0.0725038275122642,-0.669476568698883,-0.737758815288544
-0.591950833797455,0.147446155548096,1.05482411384583,0.0473150610923767,0.0734894797205925,-0.669960200786591,-0.737234055995941
-0.59195351600647,0.147096201777458,1.05485725402832,0.0476399473845958,0.0735296458005905,-0.670546352863312,-0.736675977706909
-0.592027962207794,0.146795853972435,1.05479919910431,0.0478161983191967,0.0740193948149681,-0.671197593212128,-0.736022174358368
-0.59199857711792,0.146268337965012,1.05485653877258,0.0483400113880634,0.0744241550564765,-0.671677887439728,-0.735508859157562
-0.591926574707031,0.145832166075706,1.05471968650818,0.0488219298422336,0.0754839032888412,-0.672603249549866,-0.734522640705109
-0.592043817043304,0.145370647311211,1.05468368530273,0.0491021424531936,0.0755294412374496,-0.673453271389008,-0.733720064163208
-0.59210330247879,0.145192861557007,1.05468618869781,0.0489317514002323,0.0759641155600547,-0.673967123031616,-0.733214497566223
