x,y,z,q0,q1,q2,q3
0.587426364421844,-0.161888048052788,1.47445034980774,-0.115379698574543,0.0785348042845726,0.745869636535645,-0.651305079460144
0.587427914142609,-0.161998927593231,1.47471070289612,-0.114965111017227,0.0789198353886604,0.746120691299438,-0.651044249534607
0.587402403354645,-0.16189569234848,1.47446668148041,-0.115175113081932,0.0784556791186332,0.746117889881134,-0.651066482067108
0.587383627891541,-0.161883145570755,1.47447466850281,-0.115098461508751,0.0783999413251876,0.746257841587067,-0.650926411151886
0.587362706661224,-0.1618812084198,1.47449707984924,-0.114948950707912,0.0783498659729957,0.746480166912079,-0.65070378780365
0.587366282939911,-0.16187871992588,1.47449600696564,-0.11492957174778,0.0783313140273094,0.746595919132233,-0.650576651096344
0.587413132190704,-0.161831587553024,1.47451639175415,-0.11507223546505,0.0783481821417808,0.746591508388519,-0.650554299354553
0.587344467639923,-0.16199916601181,1.47475183010101,-0.114521592855453,0.0786007046699523,0.746853947639465,-0.650319874286652
0.58733195066452,-0.161999255418777,1.47475945949554,-0.114416278898716,0.0785486027598381,0.747024118900299,-0.650149166584015
0.587299704551697,-0.161957919597626,1.4745135307312,-0.114488072693348,0.0782466828823089,0.747102618217468,-0.650082647800446
0.587209641933441,-0.161693349480629,1.47450590133667,-0.114709973335266,0.0775124654173851,0.746985077857971,-0.650266706943512
0.587368845939636,-0.162036523222923,1.4747668504715,-0.114331342279911,0.0787641033530235,0.747477829456329,-0.649616420269012
0.587348997592926,-0.162062346935272,1.47476828098297,-0.11422873288393,0.0786925703287124,0.747591376304626,-0.649512469768524
0.587328255176544,-0.162084713578224,1.47476661205292,-0.114169932901859,0.078664094209671,0.747729063034058,-0.649367690086365
0.587290585041046,-0.162101030349731,1.47475790977478,-0.114286452531815,0.0785106867551803,0.747767686843872,-0.649321377277374
0.587135314941406,-0.161900192499161,1.47472238540649,-0.11440559476614,0.0777740180492401,0.74774444103241,-0.649415850639343
0.587069809436798,-0.161890462040901,1.47447848320007,-0.113830737769604,0.0752597823739051,0.747189879417419,-0.65045040845871
0.586941301822662,-0.161966606974602,1.47447609901428,-0.114096008241177,0.0773647800087928,0.748069286346436,-0.649144887924194
0.587011635303497,-0.161955595016479,1.47446346282959,-0.113908544182777,0.0752499550580978,0.747338235378265,-0.650267481803894
0.586969792842865,-0.16200265288353,1.47446298599243,-0.113933265209198,0.0753368437290191,0.747498214244843,-0.650069415569305
0.586933791637421,-0.162038058042526,1.47445845603943,-0.113946311175823,0.0753742307424545,0.747640013694763,-0.649899482727051
0.586886346340179,-0.162076994776726,1.47445034980774,-0.114007517695427,0.0754485577344894,0.747771978378296,-0.649728357791901
0.586744785308838,-0.16216067969799,1.47424328327179,-0.113941453397274,0.0751540586352348,0.748011112213135,-0.649498701095581
0.586716115474701,-0.162203535437584,1.47424077987671,-0.114125803112984,0.075327880680561,0.748098194599152,-0.649345993995667
0.586241364479065,-0.162141039967537,1.47424530982971,-0.112410590052605,0.074605643749237,0.755862236022949,-0.640679478645325
0.586230993270874,-0.162204280495644,1.47423219680786,-0.112173892557621,0.0748945251107215,0.75592702627182,-0.640610873699188
0.586595058441162,-0.162299796938896,1.47420597076416,-0.114983297884464,0.0758178308606147,0.748290002346039,-0.64891654253006
0.586550951004028,-0.162318393588066,1.47420024871826,-0.115389078855514,0.0757957771420478,0.748233675956726,-0.648912072181702
0.586648344993591,-0.162258952856064,1.47443389892578,-0.115884482860565,0.076262429356575,0.747795283794403,-0.649274230003357
0.586593747138977,-0.16228960454464,1.4744211435318,-0.116445206105709,0.0763443484902381,0.747770845890045,-0.649192452430725
0.586604714393616,-0.162319049239159,1.47433042526245,-0.1169248893857,0.0763952434062957,0.747816443443298,-0.649047613143921
0.586635172367096,-0.162341400980949,1.47432863712311,-0.117721937596798,0.0769144520163536,0.747642397880554,-0.649042785167694
0.586576700210571,-0.162323877215385,1.47430944442749,-0.118594974279404,0.0768667161464691,0.747688293457031,-0.648836731910706
0.586581587791443,-0.162344023585319,1.47430419921875,-0.119603782892227,0.077212207019329,0.747483193874359,-0.648846626281738
0.586610972881317,-0.162358790636063,1.47428512573242,-0.120496571063995,0.0779441595077514,0.747392594814301,-0.648698389530182
0.586646616458893,-0.162323355674744,1.47426748275757,-0.121616624295712,0.0780417323112487,0.747225403785706,-0.648670136928558
0.586665749549866,-0.162277474999428,1.47423624992371,-0.123135954141617,0.078515850007534,0.746947348117828,-0.648646593093872
0.586711347103119,-0.162315472960472,1.47419476509094,-0.12407199293375,0.0789001509547233,0.746437013149261,-0.649009168148041
0.586623251438141,-0.162242516875267,1.4741678237915,-0.126015484333038,0.0814036205410957,0.746900260448456,-0.647791266441345
0.586602807044983,-0.161935165524483,1.47401285171509,-0.127916380763054,0.0814183354377746,0.746200859546661,-0.648222863674164
0.58657830953598,-0.161781087517738,1.47386074066162,-0.129384607076645,0.0817430838942527,0.744836986064911,-0.649457931518555
0.586600959300995,-0.161763712763786,1.47382485866547,-0.130627751350403,0.0825238227844238,0.744801223278046,-0.649151384830475
0.586641788482666,-0.161722466349602,1.47377681732178,-0.132237106561661,0.0833270028233528,0.743866860866547,-0.649793803691864
0.58665943145752,-0.161685571074486,1.47374880313873,-0.133822485804558,0.0841070637106895,0.743262887001038,-0.650059819221497
0.586798548698425,-0.162126526236534,1.47394275665283,-0.133989527821541,0.0835892409086227,0.743011057376862,-0.650380074977875
0.586730599403381,-0.162135630846024,1.473912358284,-0.135724037885666,0.0865431874990463,0.742669582366943,-0.650024056434631
0.586730360984802,-0.162114664912224,1.47388172149658,-0.136830821633339,0.0872879549860954,0.742360651493073,-0.650045156478882
0.586718380451202,-0.162081018090248,1.47384309768677,-0.138174280524254,0.0878293439745903,0.741374433040619,-0.650813221931458
0.586714684963226,-0.162117078900337,1.47382164001465,-0.139052376151085,0.0889792367815971,0.740579664707184,-0.651374697685242
0.586679518222809,-0.16181044280529,1.47367906570435,-0.14033630490303,0.0889947041869163,0.739103734493256,-0.652772009372711
0.586578249931335,-0.161792352795601,1.47363293170929,-0.140295505523682,0.0908408463001251,0.738456964492798,-0.653258323669434
0.58651202917099,-0.161840677261353,1.47360563278198,-0.140662908554077,0.0917417481541633,0.737615346908569,-0.654003798961639
0.586429715156555,-0.161882519721985,1.47359120845795,-0.140489503741264,0.0923998430371284,0.736931562423706,-0.65471887588501
0.586306393146515,-0.161903515458107,1.47357404232025,-0.140537068247795,0.09273262321949,0.736042380332947,-0.655661344528198
0.586103498935699,-0.161794304847717,1.47344553470612,-0.140165939927101,0.0927986502647399,0.734915971755981,-0.656993567943573
0.585958778858185,-0.162330225110054,1.47367739677429,-0.13897967338562,0.0937674939632415,0.735243916511536,-0.656740963459015
0.585804343223572,-0.162390053272247,1.47364723682404,-0.137828961014748,0.0938157364726066,0.734656035900116,-0.65763396024704
0.585611820220947,-0.162506505846977,1.4736807346344,-0.136198371648788,0.0940058380365371,0.734037280082703,-0.658636629581451
0.585526883602142,-0.162515208125114,1.47363185882568,-0.135013908147812,0.0938193798065185,0.733573794364929,-0.659422934055328
0.585351943969727,-0.162577167153358,1.47364151477814,-0.133500084280968,0.0935259088873863,0.73310661315918,-0.660291910171509
0.584777295589447,-0.162520587444305,1.4736499786377,-0.131343007087707,0.0918513312935829,0.739862382411957,-0.653388261795044
0.585127115249634,-0.162687972187996,1.47365140914917,-0.13129797577858,0.0927800461649894,0.731660187244415,-0.662439525127411
0.585057139396667,-0.162785112857819,1.47366309165955,-0.129252254962921,0.0924552753567695,0.731346845626831,-0.663232862949371
0.585036754608154,-0.162785440683365,1.47366523742676,-0.127748414874077,0.0919872820377349,0.730863034725189,-0.664121985435486
0.585036754608154,-0.162785440683365,1.47366523742676,-0.127748414874077,0.0919872820377349,0.730863034725189,-0.664121985435486
0.58445280790329,-0.162625208497047,1.47373592853546,-0.12435070425272,0.0865021497011184,0.735824048519135,-0.660013139247894
0.58445280790329,-0.162625208497047,1.47373592853546,-0.12435070425272,0.0865021497011184,0.735824048519135,-0.660013139247894
0.584770381450653,-0.162902593612671,1.47362649440765,-0.120604708790779,0.0858186408877372,0.728158473968506,-0.669234573841095
0.584761261940002,-0.162869051098823,1.47366774082184,-0.11931861191988,0.0844175368547439,0.727790176868439,-0.670043468475342
0.584541201591492,-0.162781044840813,1.47390496730804,-0.116440169513225,0.0834125056862831,0.734696865081787,-0.663102269172668
0.584984540939331,-0.162457570433617,1.473712682724,-0.116364605724811,0.0830745473504066,0.726147770881653,-0.672508239746094
0.585130453109741,-0.162878811359405,1.47398722171783,-0.114170201122761,0.0832926109433174,0.726943731307983,-0.671997368335724
0.584832787513733,-0.162327945232391,1.47379779815674,-0.112853184342384,0.0810127407312393,0.733567774295807,-0.665266394615173
0.584989130496979,-0.162747666239738,1.47409391403198,-0.110715985298157,0.081578604876995,0.734289944171906,-0.664759516716003
0.585134863853455,-0.162714704871178,1.47415256500244,-0.109503492712975,0.0810534656047821,0.733936727046967,-0.665414273738861
0.585303246974945,-0.162779629230499,1.47423732280731,-0.107927091419697,0.0809524953365325,0.733617603778839,-0.666035830974579
0.585450768470764,-0.162755027413368,1.47427845001221,-0.106838129460812,0.0801023244857788,0.73327624797821,-0.666689813137054
0.585597813129425,-0.162735626101494,1.4743058681488,-0.106039687991142,0.0794783011078834,0.733204305171967,-0.666971147060394
0.586169600486755,-0.162900343537331,1.47413957118988,-0.106220565736294,0.0803197026252746,0.725428342819214,-0.675292313098907
0.58591365814209,-0.162704661488533,1.47417998313904,-0.104644328355789,0.0788068175315857,0.733204066753387,-0.667271316051483
0.586291253566742,-0.162572860717773,1.47434568405151,-0.104666538536549,0.0787634328007698,0.732616901397705,-0.667917490005493
0.586512088775635,-0.162530556321144,1.47435820102692,-0.104442022740841,0.078549601137638,0.73235809803009,-0.668261528015137
0.586730122566223,-0.162487760186195,1.47435927391052,-0.104315243661404,0.0784550532698631,0.732079863548279,-0.668597102165222
0.586934626102448,-0.162604555487633,1.47464263439178,-0.103536672890186,0.0791046395897865,0.732369601726532,-0.66832435131073
0.58723258972168,-0.162581577897072,1.47462320327759,-0.103429384529591,0.0793637633323669,0.732205390930176,-0.66849011182785
0.587508022785187,-0.16242079436779,1.47433054447174,-0.104255065321922,0.0790638253092765,0.731834053993225,-0.668803870677948
0.587607324123383,-0.161893203854561,1.47429609298706,-0.108470715582371,0.0757351443171501,0.731932997703552,-0.668410360813141
0.587929248809814,-0.161774024367332,1.47426867485046,-0.109340637922287,0.0758074298501014,0.731590986251831,-0.66863489151001
0.58884197473526,-0.161922380328178,1.47423160076141,-0.10790341347456,0.0800181180238723,0.722459018230438,-0.678238272666931
0.589042246341705,-0.161920085549354,1.47418653964996,-0.108522437512875,0.0799474865198135,0.722363412380219,-0.678249537944794
0.589247584342957,-0.161727488040924,1.47376608848572,-0.109800942242145,0.0793134644627571,0.72201144695282,-0.678492963314056
0.589127838611603,-0.161955624818802,1.47397994995117,-0.109176084399223,0.0793110951781272,0.730518460273743,-0.669427394866943
0.589484512805939,-0.161931246519089,1.47404539585114,-0.110481649637222,0.0798672437667846,0.730430543422699,-0.669243216514587
0.589816391468048,-0.161879926919937,1.47398447990417,-0.111173361539841,0.0810099095106124,0.730196416378021,-0.669246673583984
0.589889049530029,-0.161376520991325,1.47394847869873,-0.116347849369049,0.0773967877030372,0.729523062705994,-0.669528901576996
0.590212047100067,-0.16097018122673,1.47373378276825,-0.118170350790024,0.0774032995104789,0.728694319725037,-0.670111417770386
0.591132521629333,-0.161546528339386,1.47363233566284,-0.116616152226925,0.0826755166053772,0.72054523229599,-0.678513050079346
0.591451346874237,-0.161472484469414,1.47356975078583,-0.118155024945736,0.083357498049736,0.720284044742584,-0.678440690040588
0.591266334056854,-0.161582142114639,1.47368407249451,-0.118293792009354,0.0830861926078796,0.728558719158173,-0.669556319713593
0.591266334056854,-0.161582142114639,1.47368407249451,-0.118293792009354,0.0830861926078796,0.728558719158173,-0.669556319713593
0.592134892940521,-0.161258339881897,1.47312498092651,-0.122590713202953,0.0844447091221809,0.719381868839264,-0.678476572036743
0.592557191848755,-0.161580011248589,1.4735414981842,-0.123339280486107,0.0864279642701149,0.719800710678101,-0.677646338939667
0.592353940010071,-0.16137433052063,1.47352957725525,-0.124230213463306,0.0855519846081733,0.727074384689331,-0.669784009456635
0.592529237270355,-0.16128633916378,1.47348701953888,-0.125837326049805,0.0855318456888198,0.726638197898865,-0.669959843158722
0.592693507671356,-0.161185145378113,1.47345006465912,-0.127610951662064,0.0859573557972908,0.726135551929474,-0.670114934444427
0.593361675739288,-0.161429837346077,1.47369885444641,-0.128384485840797,0.0889076963067054,0.718540549278259,-0.677725851535797
0.593516290187836,-0.161057889461517,1.47343683242798,-0.129933208227158,0.0891033709049224,0.717747867107391,-0.678244709968567
0.593619644641876,-0.160890445113182,1.47314810752869,-0.131315350532532,0.0894347578287124,0.717451333999634,-0.678248822689056
0.593729376792908,-0.160739958286285,1.47313392162323,-0.132498413324356,0.0897086560726165,0.716723620891571,-0.678751647472382
0.593729376792908,-0.160739958286285,1.47313392162323,-0.132498413324356,0.0897086560726165,0.716723620891571,-0.678751647472382
0.593479871749878,-0.161033660173416,1.47341728210449,-0.1332096606493,0.0901537016034126,0.724798381328583,-0.669921517372131
0.59243232011795,-0.160536050796509,1.47327411174774,-0.119351744651794,0.0700404495000839,0.705574095249176,-0.694992482662201
0.593432724475861,-0.16105754673481,1.47317576408386,-0.133924216032028,0.0901765525341034,0.724660813808441,-0.669925034046173
0.592568457126617,-0.160637378692627,1.47380709648132,-0.119596652686596,0.0716248676180839,0.705973565578461,-0.694383025169373
0.593546092510223,-0.161070674657822,1.47337734699249,-0.134437575936317,0.0908051058650016,0.724848091602325,-0.66953444480896
0.592634499073029,-0.160518318414688,1.47365474700928,-0.120201840996742,0.0715094953775405,0.705201745033264,-0.695074439048767
0.593640804290771,-0.161071375012398,1.4736955165863,-0.134286478161812,0.091229110956192,0.724293529987335,-0.670107066631317
0.592942297458649,-0.16059185564518,1.47378206253052,-0.124100059270859,0.072131410241127,0.697092235088348,-0.702466130256653
0.593707740306854,-0.160767465829849,1.4737114906311,-0.134120851755142,0.0911970287561416,0.72383439540863,-0.670640468597412
0.592732191085815,-0.16032050549984,1.4738427400589,-0.119430743157864,0.0712562203407287,0.704724013805389,-0.695717751979828
0.594147443771362,-0.161369398236275,1.47404551506042,-0.13250033557415,0.093049556016922,0.71770054101944,-0.677267551422119
0.594244837760925,-0.161380231380463,1.47410309314728,-0.132129102945328,0.0928323343396186,0.71755975484848,-0.677519142627716
0.594308197498322,-0.161380127072334,1.47430169582367,-0.131654694676399,0.092556856572628,0.717234194278717,-0.677993834018707
0.594428718090057,-0.161398530006409,1.47443509101868,-0.131014913320541,0.0925449579954147,0.717532217502594,-0.677803874015808
0.594552218914032,-0.161430776119232,1.47455978393555,-0.130420252680779,0.0923143476247787,0.717712759971619,-0.677758812904358
0.594585299491882,-0.161453455686569,1.47450685501099,-0.130032494664192,0.0915639698505401,0.717740952968597,-0.677905261516571
0.594617784023285,-0.161435052752495,1.47454726696014,-0.129560515284538,0.0910083726048469,0.71765410900116,-0.678162336349487
0.594920873641968,-0.161409541964531,1.47497248649597,-0.129219219088554,0.0912364870309829,0.717388689517975,-0.678477585315704
0.594643652439117,-0.161248207092285,1.47511994838715,-0.128492400050163,0.0894248560070991,0.725264847278595,-0.670435726642609
0.595202803611755,-0.161080062389374,1.47501194477081,-0.128482535481453,0.0902202054858207,0.717311501502991,-0.678834736347198
0.595375180244446,-0.161065846681595,1.47512292861938,-0.12802229821682,0.0899979025125503,0.717162489891052,-0.679108798503876
0.595618546009064,-0.161437422037125,1.47549855709076,-0.12711925804615,0.0906447395682334,0.717578113079071,-0.678753077983856
0.59581047296524,-0.16143199801445,1.47560465335846,-0.126516953110695,0.0905926600098609,0.71779853105545,-0.678639709949493
0.596010804176331,-0.161081343889236,1.47557425498962,-0.126843228936195,0.0902095213532447,0.717405617237091,-0.679045140743256
0.596128940582275,-0.161019265651703,1.47555613517761,-0.126634687185287,0.0891608595848083,0.716960966587067,-0.679691970348358
0.595819711685181,-0.161203861236572,1.47582161426544,-0.125476494431496,0.0876774936914444,0.72506719827652,-0.67145049571991
0.59601229429245,-0.161195635795593,1.47590935230255,-0.1252770870924,0.087364412844181,0.724762678146362,-0.671857357025146
0.596311271190643,-0.161287680268288,1.47635066509247,-0.124934308230877,0.0880602151155471,0.724862515926361,-0.671722590923309
0.596495628356934,-0.161237075924873,1.47614550590515,-0.12506939470768,0.0878234356641769,0.724502921104431,-0.672116219997406
0.596684455871582,-0.161201596260071,1.47617828845978,-0.125289618968964,0.0876224189996719,0.724229216575623,-0.67239648103714
0.596795618534088,-0.161151051521301,1.4760924577713,-0.125516250729561,0.0871507823467254,0.723823547363281,-0.672852158546448
0.597497940063477,-0.161382809281349,1.47647166252136,-0.125977963209152,0.0894519165158271,0.715867817401886,-0.68092668056488
0.597625017166138,-0.161279186606407,1.47618269920349,-0.126589715480804,0.0887788832187652,0.715575158596039,-0.681208848953247
0.597870945930481,-0.161103084683418,1.47626137733459,-0.127496302127838,0.0885475128889083,0.714874029159546,-0.681805729866028
0.597649276256561,-0.160885989665985,1.47629487514496,-0.127435356378555,0.087103821337223,0.721927225589752,-0.67453271150589
0.5978062748909,-0.160779371857643,1.47631168365479,-0.128715485334396,0.0867572873830795,0.721178948879242,-0.675134301185608
0.597965359687805,-0.160726934671402,1.47617292404175,-0.129525765776634,0.0867860838770866,0.720678687095642,-0.675509810447693
0.598613619804382,-0.160904198884964,1.47642612457275,-0.130898579955101,0.0889594480395317,0.712740778923035,-0.683339238166809
0.598613619804382,-0.160904198884964,1.47642612457275,-0.130898579955101,0.0889594480395317,0.712740778923035,-0.683339238166809
0.598645567893982,-0.160254672169685,1.4762818813324,-0.133657708764076,0.0873415097594261,0.718586921691895,-0.676860332489014
0.598838090896606,-0.160445228219032,1.47617864608765,-0.134434223175049,0.0882090777158737,0.718588173389435,-0.676592886447906
0.598978340625763,-0.159896701574326,1.47575080394745,-0.136267349123955,0.0873498916625976,0.716572225093842,-0.678472816944122
0.599138617515564,-0.159764096140862,1.47577059268951,-0.138233035802841,0.0865622460842132,0.715410113334656,-0.679401814937592
0.599533438682556,-0.159632846713066,1.47605848312378,-0.140128955245018,0.0874662324786186,0.714460015296936,-0.679897487163544
0.600207805633545,-0.159824296832085,1.47603285312653,-0.141724973917007,0.0898173749446868,0.706946194171906,-0.687076449394226
0.600014328956604,-0.159600079059601,1.47601878643036,-0.143159076571465,0.0886221379041671,0.713586032390594,-0.680034279823303
0.609236061573029,-0.162149086594582,1.47562563419342,-0.164417579770088,-0.0199037063866853,0.722308039665222,-0.671447575092316
0.609543323516846,-0.162069588899612,1.47585022449493,-0.166659086942673,-0.0199982840567827,0.720732092857361,-0.672584712505341
0.599720597267151,-0.158889666199684,1.47599077224731,-0.134595826268196,0.0707257613539695,0.691989719867706,-0.705713868141174
0.600948452949524,-0.159725114703178,1.47636711597443,-0.149594083428383,0.0919098630547523,0.711531102657318,-0.680365860462189
0.600090980529785,-0.159036755561829,1.47608685493469,-0.137525901198387,0.0724893882870674,0.691148817539215,-0.705794215202332
0.601121425628662,-0.159419968724251,1.47586369514465,-0.15378700196743,0.0911370515823364,0.709646224975586,-0.681502640247345
0.600234627723694,-0.158918246626854,1.47585952281952,-0.140851527452469,0.0734057575464248,0.689654111862183,-0.706505179405212
0.601468980312347,-0.158958196640015,1.47599625587463,-0.157495647668839,0.0931135788559913,0.707918167114258,-0.682185411453247
0.600505888462067,-0.158770591020584,1.47614359855652,-0.143864572048187,0.0746905952692031,0.688151657581329,-0.707227945327759
0.601909101009369,-0.159395769238472,1.47616255283356,-0.157333299517632,0.0972215756773948,0.710477769374847,-0.678981304168701
0.601909101009369,-0.159395769238472,1.47616255283356,-0.157333299517632,0.0972215756773948,0.710477769374847,-0.678981304168701
0.601921498775482,-0.158709809184074,1.47590160369873,-0.160596325993538,0.0968634709715843,0.708392679691315,-0.680445492267609
0.602514624595642,-0.159557819366455,1.47613143920898,-0.160772234201431,0.101507693529129,0.700624644756317,-0.687730848789215
0.601300477981567,-0.158889129757881,1.47588396072388,-0.164160579442978,0.0967540442943573,0.690579295158386,-0.69770359992981
0.601505815982819,-0.158527940511703,1.47578930854797,-0.165564611554146,0.0937878191471099,0.708513379096985,-0.679559409618378
0.601580917835236,-0.158455416560173,1.47581720352173,-0.166875928640366,0.0940143093466758,0.708095669746399,-0.679642856121063
0.600656449794769,-0.157730177044868,1.47602474689484,-0.170551776885986,0.0898282453417778,0.697227478027344,-0.690446972846985
0.601740717887878,-0.158233121037483,1.47606801986694,-0.167673230171204,0.094245322048664,0.707146465778351,-0.680402398109436
0.601858496665955,-0.15812174975872,1.47613370418549,-0.168652132153511,0.0944529697299003,0.706737101078033,-0.680557072162628
0.600832462310791,-0.157361105084419,1.47624182701111,-0.17203052341938,0.0897402837872505,0.695675730705261,-0.691655576229095
0.602047324180603,-0.157860577106476,1.47632503509521,-0.16858871281147,0.09442700445652,0.706126749515533,-0.681209683418274
0.602139115333557,-0.157792866230011,1.47644209861755,-0.168927922844887,0.0945767983794212,0.705965280532837,-0.681272029876709
0.601143717765808,-0.15700601041317,1.47654235363007,-0.172188594937324,0.0894458293914794,0.694453299045563,-0.69288170337677
0.6024129986763,-0.157517835497856,1.47664868831635,-0.169033065438271,0.094312883913517,0.70515650510788,-0.682119727134705
0.602559208869934,-0.157378733158111,1.47675311565399,-0.168904438614845,0.0940453559160232,0.704793810844421,-0.682563185691833
0.601639866828918,-0.156558468937874,1.47683870792389,-0.171968087553978,0.0887537375092506,0.69335812330246,-0.694121360778809
0.60282689332962,-0.157079190015793,1.47703552246094,-0.16804713010788,0.0934241563081741,0.703890979290009,-0.683790564537048
0.603056073188782,-0.156940072774887,1.47713994979858,-0.167649269104004,0.0932586565613746,0.703763842582703,-0.684041738510132
0.602756202220917,-0.156578168272972,1.47679626941681,-0.167010456323624,0.0947282239794731,0.683086633682251,-0.704646587371826
0.604234874248505,-0.156974256038666,1.47706437110901,-0.163906022906303,0.0990965291857719,0.693797588348389,-0.694233179092407
0.604548156261444,-0.156923681497574,1.4771763086319,-0.163453608751297,0.0990238562226295,0.694105744361877,-0.694042146205902
0.603978335857391,-0.155975520610809,1.47729444503784,-0.166455790400505,0.0918545648455619,0.702364504337311,-0.685958623886108
0.604108273983002,-0.155791863799095,1.47724032402039,-0.165872558951378,0.0912106484174728,0.702244877815247,-0.68630838394165
0.604388654232025,-0.155519768595695,1.47751045227051,-0.16585148870945,0.0909638479351997,0.701574742794037,-0.687031090259552
0.604283690452576,-0.155532017350197,1.47763252258301,-0.163861200213432,0.0906701236963272,0.701302766799927,-0.687824666500092
0.604479789733887,-0.15532822906971,1.47768306732178,-0.163720786571503,0.0902972966432571,0.701002061367035,-0.688213586807251
0.604689538478851,-0.155273452401161,1.47764575481415,-0.163315489888191,0.0900946334004402,0.701221585273743,-0.688112735748291
0.604689538478851,-0.155273452401161,1.47764575481415,-0.163315489888191,0.0900946334004402,0.701221585273743,-0.688112735748291
0.60597026348114,-0.155914306640625,1.47803461551666,-0.159396588802338,0.0968199372291565,0.692791223526001,-0.696605384349823
0.606185436248779,-0.155834883451462,1.4783421754837,-0.159032002091408,0.0969266146421432,0.692407250404358,-0.697055399417877
0.60639363527298,-0.155411452054977,1.47815525531769,-0.159507185220718,0.0959422886371612,0.692144393920898,-0.69734400510788
0.606588780879974,-0.155100584030151,1.47821354866028,-0.159734159708023,0.0952749699354171,0.691963970661163,-0.697562515735626
0.606747925281525,-0.154851317405701,1.47809875011444,-0.15974386036396,0.0947337597608566,0.692330062389374,-0.697270691394806
0.607277750968933,-0.154248416423798,1.47821974754333,-0.161411106586456,0.0943388640880584,0.691872358322144,-0.697394669055939
0.606719315052032,-0.153210461139679,1.47830104827881,-0.164652228355408,0.0874094814062118,0.700296998023987,-0.689081490039825
0.606834769248962,-0.152936488389969,1.47837328910828,-0.164610311388969,0.0870711207389831,0.700236201286316,-0.689196109771729
0.60697340965271,-0.152653709053993,1.47847998142242,-0.164657592773438,0.0869883075356483,0.700122952461243,-0.689310491085052
0.60713392496109,-0.151850610971451,1.47825562953949,-0.165526583790779,0.0860926955938339,0.698950171470642,-0.690403997898102
0.607379078865051,-0.151980623602867,1.47863936424255,-0.165108010172844,0.0868802145123481,0.700294673442841,-0.689041972160339
0.606605172157288,-0.151026532053947,1.47880733013153,-0.169729456305504,0.0766186863183975,0.688925683498383,-0.70050185918808
0.60643208026886,-0.150578930974007,1.47888541221619,-0.169019803404808,0.0816222950816154,0.687726140022278,-0.701286613941193
0.607619166374207,-0.151262611150741,1.4791384935379,-0.163737118244171,0.0874312743544578,0.700359046459198,-0.689233720302582
0.608130156993866,-0.150560677051544,1.47905719280243,-0.16566501557827,0.0871458873152732,0.700134217739105,-0.689037621021271
0.60841965675354,-0.150205194950104,1.47903251647949,-0.165941953659058,0.0876476317644119,0.700174391269684,-0.688866496086121
0.607334733009338,-0.149649173021317,1.47920536994934,-0.168667793273926,0.0782545432448387,0.688912391662598,-0.70059061050415
0.607258021831512,-0.14914259314537,1.47927629947662,-0.1679318100214,0.0833908393979072,0.687479734420776,-0.701581478118896
0.60897308588028,-0.148621559143066,1.47890508174896,-0.166666701436043,0.0876525044441223,0.699202656745911,-0.68967741727829
0.609378218650818,-0.149236768484116,1.47915542125702,-0.161718279123306,0.0925885215401649,0.700740575790405,-0.688648998737335
0.609378218650818,-0.149236768484116,1.47915542125702,-0.161718279123306,0.0925885215401649,0.700740575790405,-0.688648998737335
0.608409225940704,-0.147732317447662,1.47918045520782,-0.165641844272613,0.0882276892662048,0.688018441200256,-0.70100599527359
0.608874320983887,-0.147349044680595,1.47914814949036,-0.166264280676842,0.0835968777537345,0.689263463020325,-0.700202703475952
0.609975814819336,-0.147561103105545,1.47914206981659,-0.161081299185753,0.094133123755455,0.700877547264099,-0.688449323177338
0.610034883022308,-0.146727994084358,1.47900354862213,-0.161879748106003,0.0935119315981864,0.700288474559784,-0.688945889472961
0.610607147216797,-0.146818280220032,1.47916996479034,-0.160554185509682,0.0970931202173233,0.694324135780334,-0.694772899150848
0.610569655895233,-0.145860075950623,1.47896480560303,-0.160960659384727,0.096470795571804,0.693533599376678,-0.695554494857788
0.610656499862671,-0.145370706915855,1.47900116443634,-0.160570874810219,0.096965305507183,0.694108426570892,-0.695002317428589
0.610208809375763,-0.145233154296875,1.47930431365967,-0.15996053814888,0.0955155417323112,0.702440917491913,-0.686925292015076
0.610134601593018,-0.144846454262733,1.47954213619232,-0.159348323941231,0.0956467166543006,0.702388346195221,-0.687103092670441
0.610217213630676,-0.144383788108826,1.47983169555664,-0.158868238329887,0.0964194014668464,0.702891647815704,-0.68659120798111
0.610311329364777,-0.143901184201241,1.47992503643036,-0.158706709742546,0.0975169762969017,0.70328164100647,-0.686074018478394
0.610858976840973,-0.143396943807602,1.47995150089264,-0.158125281333923,0.0999365150928497,0.696265637874603,-0.692981541156769
0.610249400138855,-0.142540067434311,1.48002600669861,-0.158572018146515,0.0965886935591697,0.702938437461853,-0.686587989330292
0.610869646072388,-0.142249718308449,1.48007595539093,-0.157670915126801,0.100367903709412,0.696322739124298,-0.6929652094841
0.610327482223511,-0.141534641385078,1.48016309738159,-0.157441273331642,0.0984122082591056,0.704113185405731,-0.685384452342987
0.610382616519928,-0.141082122921944,1.48035502433777,-0.156918630003929,0.0996299162507057,0.70426619052887,-0.68517142534256
0.610466122627258,-0.140406399965286,1.48040044307709,-0.156827360391617,0.100399687886238,0.704069256782532,-0.685282111167908
0.610452771186829,-0.139817386865616,1.48048937320709,-0.156783699989319,0.100828841328621,0.703822612762451,-0.685482501983643
0.611003875732422,-0.139287576079369,1.48027276992798,-0.156034156680107,0.10414457321167,0.697878420352936,-0.691211342811584
0.610466539859772,-0.138504266738892,1.48032331466675,-0.156164601445198,0.102188393473625,0.704849243164062,-0.684366583824158
0.61035281419754,-0.137867018580437,1.48039579391479,-0.156115800142288,0.102956227958202,0.704991281032562,-0.68411648273468
0.610328793525696,-0.137148827314377,1.48040747642517,-0.155958920717239,0.103315740823746,0.705607652664185,-0.683462202548981
0.610135316848755,-0.136517196893692,1.4803239107132,-0.155131176114082,0.103645302355289,0.705742001533508,-0.683462023735046
0.610151052474976,-0.13576178252697,1.48040199279785,-0.154796734452248,0.104659251868725,0.705333232879639,-0.683805108070374
0.610104620456696,-0.135051146149635,1.4807333946228,-0.154554113745689,0.105540312826633,0.705662965774536,-0.683384299278259
0.609997987747192,-0.134395599365234,1.48089575767517,-0.154354006052017,0.106186807155609,0.706179678440094,-0.682795345783234
0.609942376613617,-0.133398413658142,1.48080217838287,-0.155075788497925,0.106031805276871,0.706941902637482,-0.681866645812988
0.609797775745392,-0.132613003253937,1.48093008995056,-0.154648557305336,0.106702707707882,0.70715594291687,-0.681636989116669
0.610101580619812,-0.131908059120178,1.48122668266296,-0.152718514204025,0.110222935676575,0.699203610420227,-0.689668357372284
0.609411001205444,-0.131726503372192,1.48157823085785,-0.151447415351868,0.0972563251852989,0.706394255161285,-0.684552371501923
0.609387338161469,-0.130539461970329,1.48186886310577,-0.152008384466171,0.110381312668324,0.707345604896545,-0.68144828081131
0.609288990497589,-0.130205005407333,1.4817807674408,-0.151712164282799,0.0983126834034919,0.708315134048462,-0.68235456943512
0.609235227108002,-0.128519222140312,1.48172569274902,-0.153090387582779,0.110516965389252,0.707968473434448,-0.680536508560181
0.609065413475037,-0.128368258476257,1.4818149805069,-0.151892960071564,0.0994096025824546,0.707952082157135,-0.682532131671906
0.609065413475037,-0.128368258476257,1.4818149805069,-0.151892960071564,0.0994096025824546,0.707952082157135,-0.682532131671906
0.609291970729828,-0.127098470926285,1.48234629631042,-0.150844812393188,0.10910027474165,0.701276004314423,-0.688153266906738
0.60919314622879,-0.12516362965107,1.48226118087769,-0.150287628173828,0.116018854081631,0.702250063419342,-0.686147391796112
0.608380019664764,-0.124769546091556,1.48233163356781,-0.150575712323189,0.102054573595524,0.709407210350037,-0.680920958518982
0.608769059181213,-0.123280346393585,1.48246777057648,-0.149871960282326,0.117419093847275,0.702735662460327,-0.685502529144287
0.608671844005585,-0.1231929063797,1.48256969451904,-0.150646239519119,0.110747694969177,0.703197181224823,-0.685969769954681
0.608294785022736,-0.121632784605026,1.48311972618103,-0.147795602679253,0.119960300624371,0.703806638717651,-0.684413850307465
0.607580363750458,-0.120880499482155,1.48293304443359,-0.149828225374222,0.104996144771576,0.711251556873322,-0.678710997104645
0.607494413852692,-0.118982560932636,1.48279738426208,-0.150059178471565,0.117283508181572,0.711318016052246,-0.676574885845184
0.607691407203674,-0.117923453450203,1.48291802406311,-0.14841715991497,0.120208695530891,0.703863441944122,-0.684177219867706
0.607611119747162,-0.116440944373608,1.48251986503601,-0.149191215634346,0.119421228766441,0.704308569431305,-0.683688640594482
0.607026278972626,-0.115581303834915,1.48291444778442,-0.155491456389427,0.116757772862911,0.710855305194855,-0.675925374031067
0.606914043426514,-0.114398159086704,1.48295676708221,-0.155208602547646,0.117420859634876,0.711421072483063,-0.675279915332794
0.606873333454132,-0.113130897283554,1.48323273658752,-0.155017212033272,0.118076704442501,0.711698293685913,-0.674917340278625
0.606768906116486,-0.111679293215275,1.48319721221924,-0.155341953039169,0.118263088166714,0.712059199810028,-0.67442923784256
0.606625258922577,-0.110242307186127,1.48291838169098,-0.155142337083817,0.118239767849445,0.712920904159546,-0.673568487167358
0.606953799724579,-0.109185218811035,1.48260569572449,-0.155152961611748,0.11951195448637,0.712887644767761,-0.673376262187958
0.606912612915039,-0.107622370123863,1.48256134986877,-0.155012875795364,0.119699671864509,0.713485360145569,-0.672741889953613
0.606890261173248,-0.106031835079193,1.48251068592072,-0.154893711209297,0.119822114706039,0.713287591934204,-0.672957241535187
0.60736757516861,-0.10458243638277,1.4827047586441,-0.152893766760826,0.122735790908337,0.706826746463776,-0.679672956466675
0.606842219829559,-0.102669723331928,1.48256838321686,-0.154027819633484,0.120258294045925,0.714033424854279,-0.672286808490753
0.607369244098663,-0.101091846823692,1.48251748085022,-0.152087777853012,0.123449362814426,0.706673085689545,-0.679884314537048
0.60677170753479,-0.098878338932991,1.48209404945374,-0.152942925691605,0.120126001536846,0.713695347309113,-0.672916769981384
0.607453107833862,-0.0971433371305465,1.48222005367279,-0.151461616158485,0.123514942824841,0.706747055053711,-0.679935276508331
0.607001125812531,-0.0949877053499221,1.48208713531494,-0.151834920048714,0.121392399072647,0.712904393672943,-0.673778355121613
0.606872200965881,-0.0929213389754295,1.48173522949219,-0.151049047708511,0.121060408651829,0.713242590427399,-0.673656821250916
0.607026219367981,-0.0910697504878044,1.48222136497498,-0.149338066577911,0.12259715795517,0.712792873382568,-0.674235999584198
0.60681939125061,-0.0887449756264686,1.48165678977966,-0.149032533168793,0.121810331940651,0.712779402732849,-0.674460411071777
0.606840670108795,-0.0866605043411254,1.4816962480545,-0.148354932665825,0.1262516528368,0.712369561195374,-0.674226105213165
0.605944991111755,-0.0840408578515052,1.481973528862,-0.15178619325161,0.12047816067934,0.704790771007538,-0.682433724403381
0.605847477912903,-0.0818586200475692,1.482142329216,-0.150610730051994,0.121842086315155,0.703546106815338,-0.683735132217407
0.606352925300598,-0.0802920907735824,1.48233723640442,-0.143166467547417,0.129447504878044,0.71211451292038,-0.675010800361633
0.606268048286438,-0.0780475214123725,1.48256742954254,-0.141981109976768,0.131022378802299,0.7112837433815,-0.675832748413086
0.605127513408661,-0.0752113610506057,1.48267352581024,-0.145951002836227,0.124399945139885,0.701230704784393,-0.6866574883461
0.604727566242218,-0.0731127262115478,1.48285913467407,-0.143638029694557,0.125307127833366,0.700613856315613,-0.687609076499939
0.604727566242218,-0.0731127262115478,1.48285913467407,-0.143638029694557,0.125307127833366,0.700613856315613,-0.687609076499939
0.60413920879364,-0.0686030387878418,1.48333358764648,-0.139580398797989,0.12831437587738,0.698966443538666,-0.689564049243927
0.603738725185394,-0.066352479159832,1.48355638980865,-0.137954607605934,0.129429697990417,0.698014259338379,-0.690646469593048
0.603299200534821,-0.0640335530042648,1.48368430137634,-0.136746928095818,0.130264267325401,0.696865260601044,-0.691888928413391
0.602953493595123,-0.0618882849812507,1.48403763771057,-0.134392634034157,0.132921069860458,0.696238577365875,-0.692475557327271
0.602476954460144,-0.059512834995985,1.48390507698059,-0.132605731487274,0.134609684348106,0.695932924747467,-0.692800998687744
0.601981699466705,-0.0573048517107963,1.48420059680939,-0.130726426839828,0.136617362499237,0.695042014122009,-0.693658947944641
0.601346790790558,-0.0548769235610961,1.48370206356049,-0.129192605614662,0.137841984629631,0.694291651248932,-0.69445526599884
0.600904405117035,-0.0526012070477008,1.48391234874725,-0.127898722887039,0.139730468392372,0.693604588508606,-0.695003628730774
0.600226104259491,-0.050247348845005,1.48364675045013,-0.126549124717712,0.141933456063271,0.692770779132843,-0.695635437965393
0.599579453468323,-0.0480312891304492,1.4836231470108,-0.124990381300449,0.14402063190937,0.691561102867126,-0.696691393852234
0.598851442337036,-0.0456266291439533,1.48362278938293,-0.123832628130913,0.144300073385239,0.690596640110016,-0.697795987129211
0.598079442977905,-0.0434893928468227,1.48335242271423,-0.122195534408092,0.147063121199608,0.689240515232086,-0.698847830295563
0.597337186336517,-0.0411964729428291,1.48318076133728,-0.121050484478474,0.150013998150826,0.68895435333252,-0.698701918125153
0.596704125404358,-0.0392004698514938,1.48311650753021,-0.119338497519493,0.151821732521057,0.688378393650055,-0.699173510074615
0.596704125404358,-0.0392004698514938,1.48311650753021,-0.119338497519493,0.151821732521057,0.688378393650055,-0.699173510074615
0.594827890396118,-0.0349433571100235,1.4822643995285,-0.115173920989037,0.15760450065136,0.686359703540802,-0.700575649738312
0.594155132770538,-0.0330113470554351,1.48211550712585,-0.11317153275013,0.161311760544777,0.685709655284882,-0.700694680213928
0.593493282794952,-0.0307379253208637,1.48139083385468,-0.112933360040188,0.163084954023361,0.684578776359558,-0.701428234577179
0.592879712581635,-0.0287346020340919,1.48113906383514,-0.112287983298302,0.166128277778625,0.684204936027527,-0.701182067394257
0.592624604701996,-0.0264969319105148,1.48043429851532,-0.113509781658649,0.168048501014709,0.683074951171875,-0.701629459857941
0.5929314494133,-0.0253436286002397,1.4801766872406,-0.107640109956264,0.1741993278265,0.675764441490173,-0.708103597164154
0.592401504516602,-0.0226948224008083,1.47948491573334,-0.110039159655571,0.173034369945526,0.675574958324432,-0.708201229572296
0.591812074184418,-0.0210420414805412,1.47933292388916,-0.109097920358181,0.175417274236679,0.674808502197266,-0.708491325378418
0.591429889202118,-0.0190183315426111,1.4789445400238,-0.109919272363186,0.176898524165154,0.674073755741119,-0.708695530891418
0.590688943862915,-0.0169927682727575,1.47868490219116,-0.114327497780323,0.176235109567642,0.679570078849792,-0.702890455722809
0.590688943862915,-0.0169927682727575,1.47868490219116,-0.114327497780323,0.176235109567642,0.679570078849792,-0.702890455722809
0.590015232563019,-0.0136088356375694,1.47841787338257,-0.116223074495792,0.177839040756226,0.678431928157806,-0.7032750248909
0.590103983879089,-0.0115602351725101,1.47823810577393,-0.11808068305254,0.179149821400642,0.677607774734497,-0.703427374362946
0.589537501335144,-0.0102261770516633,1.47840368747711,-0.117438741028309,0.179924443364143,0.677541434764862,-0.7034010887146
0.589195191860199,-0.008789088577032,1.47846567630768,-0.117904797196388,0.180167511105537,0.677057147026062,-0.703727066516876
0.588903069496155,-0.0070829857140779,1.47855639457703,-0.118260510265827,0.180505573749542,0.676913499832153,-0.703718841075897
0.58874386548996,-0.0059881377965211,1.47871196269989,-0.118560329079628,0.180845290422439,0.676651418209076,-0.703833281993866
0.588189661502838,-0.0041614938527345,1.47838449478149,-0.118991732597351,0.179309919476509,0.676442682743073,-0.704353868961334
0.587995052337646,-0.0026654489338397,1.47884702682495,-0.118770703673363,0.179119944572449,0.675563097000122,-0.705282986164093
0.587679326534271,-0.0012515243142843,1.47898864746094,-0.118580490350723,0.177945554256439,0.674555122852325,-0.706575870513916
0.587545096874237,0.000186676159501,1.47923684120178,-0.118713654577732,0.17769680917263,0.674063324928284,-0.707085251808167
0.587203085422516,0.0013105366379022,1.47937703132629,-0.118371598422527,0.177003607153892,0.67394345998764,-0.707430779933929
0.586938738822937,0.002753784880042,1.4794694185257,-0.118027999997139,0.175716936588287,0.672784268856049,-0.708910703659058
0.586738348007202,0.0041547771543264,1.47928893566132,-0.118541993200779,0.174370035529137,0.671764075756073,-0.710123896598816
0.586485326290131,0.0052485801279544,1.47950267791748,-0.11729658395052,0.173970595002174,0.67060399055481,-0.711523771286011
0.586344003677368,0.0064496137201786,1.4796187877655,-0.117504760622978,0.172854647040367,0.670183956623077,-0.712156772613525
0.586483478546143,0.0074177049100399,1.47984540462494,-0.117362588644028,0.173542484641075,0.670434713363647,-0.711776852607727
0.586264908313751,0.0089694820344448,1.47962737083435,-0.118003010749817,0.171156480908394,0.669045388698578,-0.713553845882416
0.586615920066833,0.0087656285613775,1.48019373416901,-0.11090824753046,0.177357167005539,0.661688804626465,-0.720008194446564
0.586267352104187,0.0104579962790012,1.48065447807312,-0.112109906971455,0.173757955431938,0.661276161670685,-0.721077859401703
0.585939049720764,0.0116798374801874,1.48044514656067,-0.116559475660324,0.169785350561142,0.667117118835449,-0.715920150279999
0.58644562959671,0.0119905862957239,1.48069548606873,-0.111143857240677,0.175466015934944,0.659463465213776,-0.722472608089447
0.58626401424408,0.0133134312927722,1.48074865341187,-0.111815892159939,0.172638744115829,0.659629702568054,-0.722898185253143
0.586265921592712,0.0137945394963026,1.48091745376587,-0.110050164163113,0.174807980656624,0.658692896366119,-0.723501801490784
0.585431337356567,0.0153004247695207,1.48083591461182,-0.114186815917492,0.168082118034363,0.665226697921753,-0.718459010124207
0.58532303571701,0.0158120337873697,1.48083543777466,-0.112974017858505,0.168137386441231,0.665096163749695,-0.718758642673492
0.585219979286194,0.0165265891700983,1.48085927963257,-0.112232126295567,0.167649179697037,0.664750277996063,-0.71930855512619
0.585140526294708,0.0175557676702737,1.48094916343689,-0.112211041152477,0.166604027152061,0.66373598575592,-0.720490336418152
0.585757732391357,0.0174102690070867,1.48110258579254,-0.106822527945042,0.172806069254875,0.656890332698822,-0.726100564002991
0.585480451583862,0.0181541759520769,1.48060476779938,-0.106464803218841,0.170542910695076,0.658491432666779,-0.725237488746643
0.585605382919312,0.0180619861930608,1.48097085952759,-0.103523403406143,0.174722164869308,0.658234596252441,-0.724901616573334
0.585346102714539,0.019242376089096,1.48086714744568,-0.104420714080334,0.171495154500008,0.659274101257324,-0.72459876537323
0.585274815559387,0.0195779614150524,1.48054933547974,-0.103347577154636,0.171532243490219,0.659351706504822,-0.724673271179199
0.585196375846863,0.0200603269040584,1.48044967651367,-0.102590747177601,0.171031832695007,0.659639656543732,-0.724637031555176
0.585179090499878,0.0203478410840034,1.48053026199341,-0.10143605619669,0.171615034341812,0.659824967384338,-0.724493026733398
0.58515590429306,0.0208448134362697,1.48023176193237,-0.100697532296181,0.171491429209709,0.66050112247467,-0.724008917808533
0.585044205188751,0.0210815574973821,1.48045313358307,-0.0990504771471023,0.172272548079491,0.661254405975342,-0.723362863063812
0.584686756134033,0.0214403364807367,1.48021554946899,-0.0976198762655258,0.171297892928123,0.661559402942657,-0.723509848117828
0.584896147251129,0.0213656965643167,1.48017418384552,-0.0954672694206237,0.173645347356796,0.661325514316559,-0.723451495170593
0.584621667861938,0.0219231639057397,1.48000621795654,-0.0950094610452652,0.170993342995644,0.662672460079193,-0.722910642623901
0.584624707698822,0.021469347178936,1.47984278202057,-0.0919224470853805,0.173773035407066,0.662260890007019,-0.723024070262909
0.584558308124542,0.0221626739948987,1.47972393035889,-0.0927639156579971,0.171138241887093,0.663906693458557,-0.722034931182861
0.584539175033569,0.0225050579756498,1.4797146320343,-0.0918222963809967,0.171055987477302,0.664399921894073,-0.721721053123474
0.584934175014496,0.0224233549088239,1.47971773147583,-0.0903154239058494,0.173628613352775,0.664454996585846,-0.721246063709259
0.586060166358948,0.0228070877492427,1.48006439208984,-0.0934880524873733,0.174037486314774,0.665944635868073,-0.71936696767807
0.586189985275269,0.0229710359126329,1.48011159896851,-0.0930624678730964,0.174028486013412,0.666383266448975,-0.71901798248291
0.586444497108459,0.022821195423603,1.48023676872253,-0.0911012142896652,0.176116392016411,0.665785014629364,-0.719314932823181
0.5865119099617,0.0230123307555913,1.4803307056427,-0.0907647237181663,0.175769150257111,0.666138648986816,-0.71911495923996
0.586400806903839,0.0235272571444511,1.48042416572571,-0.0909550487995147,0.17332611978054,0.66719514131546,-0.718704223632812
0.586418688297272,0.023809291422367,1.48047816753387,-0.0897004380822181,0.172141417860985,0.667432248592377,-0.718926608562469
0.586574554443359,0.0234306491911411,1.48064625263214,-0.0875183716416359,0.175039857625961,0.666719496250153,-0.719156980514526
0.586502552032471,0.0234494339674711,1.48058092594147,-0.0865608900785446,0.17431204020977,0.667344272136688,-0.718870103359222
0.586368024349213,0.02398775331676,1.4805314540863,-0.0868216753005981,0.171428918838501,0.6687952876091,-0.718183100223541
0.586376070976257,0.0241228435188531,1.48049747943878,-0.0857668817043304,0.171108022332191,0.668796181678772,-0.718385577201843
0.586074471473694,0.0243965815752744,1.48005080223083,-0.0842925831675529,0.169447436928749,0.668711841106415,-0.719031929969788
0.58626800775528,0.0244545377790927,1.48002398014069,-0.0828709229826927,0.171005889773369,0.667463541030884,-0.719987392425537
0.58620685338974,0.0251740328967571,1.47955942153931,-0.0839302241802215,0.167547553777695,0.668123126029968,-0.720066010951996
0.586467504501343,0.0248990040272474,1.47942543029785,-0.0816812366247177,0.169713690876961,0.667240083217621,-0.720635950565338
0.586470901966095,0.0247941520065069,1.47897469997406,-0.0808759406208992,0.169114544987679,0.667592704296112,-0.720541059970856
0.58660888671875,0.0252274982631206,1.47898745536804,-0.0815878137946128,0.16713710129261,0.66859894990921,-0.719988882541656
0.586837649345398,0.025557704269886,1.47871994972229,-0.0814317464828491,0.16671958565712,0.668099999427795,-0.720566391944885
0.587194263935089,0.0251864735037088,1.47846245765686,-0.0793863162398338,0.169427067041397,0.667437016963959,-0.72077751159668
0.587217628955841,0.0255688391625881,1.47805166244507,-0.0801169052720069,0.166758015751839,0.668247163295746,-0.720568358898163
0.595340251922607,0.0249674841761589,1.47803664207458,-0.0857534632086753,0.0378004200756549,0.664984405040741,-0.740954339504242
0.599681377410889,0.0225679725408554,1.47570097446442,-0.083420991897583,0.0592611394822597,0.649644732475281,-0.7533198595047
0.599270284175873,0.0237096585333347,1.47527241706848,-0.0854675620794296,0.0550473593175411,0.649556636810303,-0.753486096858978
0.599771022796631,0.0234686434268951,1.47484636306763,-0.0837578102946281,0.056587167084217,0.648944079875946,-0.754091680049896
0.600028216838837,0.0233943797647953,1.4743595123291,-0.084465853869915,0.0557386316359043,0.650402903556824,-0.752817988395691
0.600396454334259,0.022927975282073,1.47428214550018,-0.0832882821559906,0.0562935136258602,0.651529252529144,-0.751933395862579
0.600783705711365,0.022834425792098,1.47389149665833,-0.0812497958540916,0.0573013462126255,0.650676667690277,-0.752818048000336
0.601082861423492,0.0227841474115848,1.47351598739624,-0.0830061212182045,0.0562977455556392,0.652317047119141,-0.751281023025513
0.601391434669495,0.0225434377789497,1.47314763069153,-0.0822772160172462,0.0564641319215297,0.653146803379059,-0.750627517700195
0.601834416389465,0.0221357904374599,1.47279286384583,-0.0794670134782791,0.058292057365179,0.652926802635193,-0.75098180770874
0.593436300754547,0.0227582063525915,1.47183859348297,-0.072464495897293,0.17579048871994,0.655992209911346,-0.730425119400024
0.593436300754547,0.0227582063525915,1.47183859348297,-0.072464495897293,0.17579048871994,0.655992209911346,-0.730425119400024
0.594181418418884,0.0222920477390289,1.47125482559204,-0.0711308345198631,0.176733955740929,0.655985236167908,-0.73033481836319
0.594447195529938,0.0221125613898038,1.47095203399658,-0.0708256363868713,0.175987556576729,0.656339108943939,-0.730226755142212
0.594444274902344,0.0214845985174179,1.47084248065948,-0.0688434466719627,0.176029548048973,0.657120406627655,-0.729703426361084
0.594896793365479,0.0216917525976896,1.47042894363403,-0.070580393075943,0.174094006419182,0.658744990825653,-0.728536307811737
0.595099925994873,0.0214895904064178,1.46983778476715,-0.0702065452933311,0.173374325037003,0.659050226211548,-0.728467702865601
0.59528785943985,0.0209788922220468,1.46995007991791,-0.0692354962229728,0.173585385084152,0.660022675991058,-0.727629601955414
0.595501124858856,0.0206910334527492,1.46989440917969,-0.0690699964761734,0.173014014959335,0.660842895507812,-0.727036535739899
0.595839858055115,0.020147930830717,1.46970474720001,-0.0676047727465629,0.174285650253296,0.660415410995483,-0.727259039878845
0.595941781997681,0.0196631923317909,1.46977412700653,-0.0671284571290016,0.174103394150734,0.661575138568878,-0.726292073726654
0.596024990081787,0.019686559215188,1.46969723701477,-0.0682624876499176,0.171850636601448,0.663473784923553,-0.724989712238312
0.596266984939575,0.0193339362740516,1.46967136859894,-0.0684388056397438,0.171513378620148,0.664248049259186,-0.724343776702881
0.596436500549316,0.0192051157355308,1.46952319145203,-0.0689727365970611,0.170818477869034,0.66488778591156,-0.72387021780014
0.596607148647308,0.0188904777169227,1.46960186958313,-0.0690265446901321,0.170379191637039,0.665980219841003,-0.722963929176331
0.59628689289093,0.0189168509095907,1.46949136257172,-0.0726573690772056,0.167771145701408,0.673704564571381,-0.716027975082397
0.596445024013519,0.0185791105031967,1.46961891651154,-0.0730616003274917,0.167847961187363,0.67486846446991,-0.714871942996979
0.597188889980316,0.0174188390374183,1.46974718570709,-0.0685514137148857,0.171395018696785,0.668381035327911,-0.720549285411835
0.59758734703064,0.0172458179295063,1.47006416320801,-0.0702914074063301,0.170813247561455,0.669420301914215,-0.719554305076599
0.597736060619354,0.0170112177729606,1.47022151947021,-0.0723166838288307,0.171982392668724,0.669843673706055,-0.718680739402771
0.5977903008461,0.0165111981332302,1.47043192386627,-0.0719779655337333,0.171918198466301,0.670817077159882,-0.717821657657623
0.59727418422699,0.0168892182409763,1.47034180164337,-0.0762345939874649,0.167188227176666,0.680038928985596,-0.709777057170868
0.597407519817352,0.0164393968880176,1.4705628156662,-0.0762424319982528,0.167158141732216,0.680693924427032,-0.709155321121216
0.598102331161499,0.0153293423354625,1.47052192687988,-0.0721259117126464,0.170658603310585,0.67454594373703,-0.714605808258057
0.59828507900238,0.0151232052594423,1.47073459625244,-0.073024958372116,0.169962227344513,0.675060749053955,-0.714194118976593
0.598386406898499,0.0148001573979854,1.47076201438904,-0.0733570829033851,0.169470086693764,0.675755739212036,-0.713619649410248
0.597902059555054,0.0150717608630657,1.47073531150818,-0.0783828645944595,0.165828481316566,0.684832751750946,-0.705238401889801
0.598096549510956,0.0147726237773895,1.47077369689941,-0.0788267031311988,0.165766850113869,0.685767590999603,-0.704294502735138
0.598740100860596,0.014203468337655,1.47079420089722,-0.0768080055713653,0.166709512472153,0.678908228874207,-0.710909426212311
0.598910272121429,0.0136479455977678,1.47080218791962,-0.0759343355894088,0.167538970708847,0.678719162940979,-0.710988700389862
0.599147379398346,0.0130704678595066,1.47078549861908,-0.0763551518321037,0.16800744831562,0.679439902305603,-0.71014416217804
0.598852574825287,0.0126277543604373,1.47089993953705,-0.0752538368105888,0.167578756809235,0.680209159851074,-0.709626615047455
0.598863363265991,0.0124624483287334,1.47083425521851,-0.0761186555027961,0.166179984807968,0.681616306304932,-0.708512187004089
0.598438024520874,0.0123687610030174,1.47074162960052,-0.0799094662070274,0.164287537336349,0.689233720302582,-0.701128482818604
0.598543047904968,0.0119970180094242,1.47069334983826,-0.0801787301898002,0.164351880550384,0.689900398254395,-0.700426578521729
0.598646879196167,0.0116723552346229,1.47066056728363,-0.0801371484994888,0.164121046662331,0.690428972244263,-0.69996452331543
0.599336206912994,0.0106840152293443,1.47073256969452,-0.0760760381817817,0.167437583208084,0.682741701602936,-0.707135677337646
0.599393248558044,0.0104508865624666,1.47034966945648,-0.0768035799264907,0.166374534368515,0.682684361934662,-0.707363307476044
0.598859131336212,0.0103173572570085,1.47025978565216,-0.0804113522171974,0.163588494062424,0.691814959049225,-0.698688149452209
0.599515736103058,0.0099596418440341,1.47034513950348,-0.0784597098827362,0.164600387215614,0.684444665908813,-0.705893993377686
0.599480748176575,0.0098549388349056,1.47021090984344,-0.0790980234742164,0.163378074765205,0.684701502323151,-0.705857694149017
0.599577963352203,0.0092454776167869,1.47030508518219,-0.0780865848064422,0.164265975356102,0.684032201766968,-0.7064129114151
0.599612653255463,0.0089172851294279,1.47035264968872,-0.0784675031900405,0.163745924830437,0.684373676776886,-0.706160724163055
0.599548399448395,0.0086375251412391,1.47036623954773,-0.0791707187891006,0.162502363324165,0.685747385025024,-0.705035805702209
0.599563002586365,0.0082905273884534,1.4704338312149,-0.0795205384492874,0.161736279726028,0.685963928699493,-0.704962015151978
0.600222945213318,0.0077570490539073,1.47061133384705,-0.07966810464859,0.163499027490616,0.684702813625336,-0.70576423406601
0.600025594234467,0.0075855534523725,1.47081506252289,-0.0805840119719505,0.161755219101906,0.686282098293304,-0.704527139663696
0.599676012992859,0.0068709440529346,1.47101891040802,-0.0792443305253982,0.161523938179016,0.686706125736237,-0.704318940639496
0.599186956882477,0.0068014618009328,1.47103977203369,-0.0825508683919906,0.159079700708389,0.693805634975433,-0.697504699230194
0.5993532538414,0.0062908194959163,1.47131311893463,-0.0823834091424942,0.159595131874084,0.693841814994812,-0.697370827198029
0.599961400032043,0.005694730207324,1.47147500514984,-0.0796672031283378,0.160639747977257,0.686509490013123,-0.704664945602417
0.599819540977478,0.0055143125355243,1.47135758399963,-0.0800812244415283,0.159258440136909,0.687054038047791,-0.704400897026062
0.599740862846375,0.0052166413515806,1.4714515209198,-0.0802553072571754,0.158216893672943,0.686897099018097,-0.70476883649826
0.599710166454315,0.0048733092844486,1.47140765190125,-0.0804527029395103,0.15777999162674,0.686952829360962,-0.704789817333221
0.6000697016716,0.004774123430252,1.47139072418213,-0.0818965584039688,0.157286003232002,0.686661243438721,-0.705018103122711
0.600015997886658,0.0044729057699441,1.47146785259247,-0.0823543295264244,0.156704530119896,0.686636030673981,-0.705118715763092
0.599404215812683,0.0043855402618646,1.47150635719299,-0.0851586684584617,0.154013216495514,0.693610727787018,-0.698521256446838
0.599330306053162,0.003827728331089,1.47151136398315,-0.0846308916807174,0.153747051954269,0.693557262420654,-0.69869738817215
0.599242269992828,0.0037666391581296,1.47158336639404,-0.0855462700128555,0.152610942721367,0.693141043186188,-0.69924783706665
0.599151790142059,0.0034752655774354,1.4715940952301,-0.0855822637677192,0.151964828372002,0.692870438098907,-0.699652135372162
0.599591493606567,0.002932583913207,1.47164750099182,-0.0830529108643531,0.153016373515129,0.685385644435883,-0.707060754299164
0.599510252475739,0.002704469487071,1.47153615951538,-0.0833258256316185,0.15248030424118,0.685123205184937,-0.707398653030396
0.5998255610466,0.0018117651343345,1.4710601568222,-0.0832730904221534,0.153109982609749,0.685408353805542,-0.706992447376251
0.599696099758148,0.0015494599938392,1.47106468677521,-0.0832549780607223,0.152111783623695,0.684822678565979,-0.707777202129364
0.599552810192108,0.0013579446822404,1.47105598449707,-0.0836626589298248,0.151134297251701,0.684304416179657,-0.708439409732819
0.59937196969986,0.0010792072862386,1.47105312347412,-0.0836012586951255,0.150655388832092,0.683933794498444,-0.708906412124634
0.599312841892242,0.0008615422993898,1.47109222412109,-0.0839590355753898,0.150444746017456,0.683187901973724,-0.709627628326416
0.59860372543335,0.000864028930664,1.4710328578949,-0.0866339206695556,0.148325890302658,0.690276324748993,-0.702860236167908
0.59837007522583,0.0005629733204841,1.47098362445831,-0.0863372609019279,0.148085802793503,0.690229296684265,-0.702993512153625
0.595362305641174,0.0019068494439125,1.47275340557098,-0.0854363813996315,0.134333401918411,0.697375357151031,-0.69880086183548
0.595179378986359,0.0016882568597793,1.47275304794312,-0.0859233811497688,0.133297696709633,0.696643173694611,-0.699669241905212
0.59499603509903,0.0014424752444028,1.47277498245239,-0.0859992206096649,0.132797524333,0.69634085893631,-0.700055837631226
0.594871342182159,0.0012023355811834,1.47280180454254,-0.0859094113111496,0.132613658905029,0.695867717266083,-0.70057201385498
0.594703555107117,0.0010020863264799,1.47279763221741,-0.0864329114556312,0.132105231285095,0.695258617401123,-0.701208233833313
0.594034969806671,0.0010512862354516,1.47279906272888,-0.0888515412807464,0.130008801817894,0.702146589756012,-0.694401443004608
0.594368159770966,0.0006652697920799,1.47246479988098,-0.0870527699589729,0.131144434213638,0.694431662559509,-0.702130794525146
0.593721628189087,0.0007412414997816,1.47264444828033,-0.0898304805159568,0.129027962684631,0.701505303382874,-0.695106089115143
0.593562364578247,0.0005647651851177,1.47274768352509,-0.0898265466094017,0.128462791442871,0.701157510280609,-0.69556200504303
0.593361854553223,0.0003968551754951,1.47282791137695,-0.090083472430706,0.127807006239891,0.700662076473236,-0.696148693561554
0.593849658966064,-0.0003089839592576,1.47287559509277,-0.087122157216072,0.130643993616104,0.691596329212189,-0.705007970333099
0.593532085418701,-0.0002485867589712,1.47296357154846,-0.0880119726061821,0.128741383552551,0.692335546016693,-0.704521834850311
0.593244910240173,-0.0007805349305272,1.47295641899109,-0.0874698832631111,0.12863989174366,0.69247955083847,-0.704466283321381
0.592057943344116,-0.0011994475498795,1.47319877147675,-0.0872235894203186,0.12663634121418,0.700072050094604,-0.697319328784943
0.591864824295044,-0.0011060358956456,1.47327256202698,-0.0877566337585449,0.125342488288879,0.699561953544617,-0.697997868061066
0.592220425605774,-0.0015669977292418,1.47332000732422,-0.0858891680836677,0.126969516277313,0.692102551460266,-0.705333888530731
0.592477977275848,-0.0012244125828146,1.47313141822815,-0.0886360928416252,0.125977203249931,0.692072093486786,-0.705201804637909
0.591811180114746,-0.0018865009769797,1.47339773178101,-0.0860582515597343,0.126263007521629,0.692417025566101,-0.705131232738495
0.591139793395996,-0.0019085267558693,1.47363674640656,-0.0875717997550964,0.124522559344768,0.700099289417267,-0.69762909412384
0.591527044773102,-0.0021614357829093,1.47345674037933,-0.0870153084397316,0.125516965985298,0.692243814468384,-0.705317258834839
0.59091991186142,-0.0020377524197101,1.47345244884491,-0.0892088934779167,0.123735167086124,0.699995696544647,-0.697665631771088
0.591341078281403,-0.0024283835664391,1.47329807281494,-0.0881939232349395,0.126687794923782,0.692941009998322,-0.704275965690613
0.59124743938446,-0.0025468282401561,1.47332692146301,-0.0889525637030601,0.126067698001861,0.692986786365509,-0.704246997833252
0.590846955776215,-0.0024864170700311,1.47378396987915,-0.0928805172443389,0.125445440411568,0.700566530227661,-0.696306824684143
0.591409087181091,-0.0028439499437808,1.47376906871796,-0.0920788049697876,0.129884660243988,0.693409383296967,-0.702733993530273
0.591403245925903,-0.0029983790591359,1.47374761104584,-0.0937691405415535,0.131460845470428,0.693937480449677,-0.701695263385773
0.590856432914734,-0.0027902098372578,1.47325026988983,-0.0987525731325149,0.13080370426178,0.701331913471222,-0.693737685680389
0.59185779094696,-0.0026776576414704,1.47293186187744,-0.101017013192177,0.133663237094879,0.694386780261993,-0.699826240539551
0.591319382190704,-0.0026182141155004,1.47287797927856,-0.105525575578213,0.135857343673706,0.701623857021332,-0.691470205783844
0.59185665845871,-0.0028234552592039,1.47284388542175,-0.104317240417004,0.138553127646446,0.695223152637482,-0.697557091712952
0.591930091381073,-0.0030920160934329,1.47282266616821,-0.106369838118553,0.146559208631516,0.698167204856873,-0.692653238773346
0.591431677341461,-0.0035634580999612,1.47299492359161,-0.106367416679859,0.146924197673798,0.698439359664917,-0.69230192899704
0.591465771198273,-0.0037645688280463,1.47297978401184,-0.114188231527805,0.153100505471229,0.697765648365021,-0.690394401550293
0.591362416744232,-0.0038156630471348,1.47293388843536,-0.117141060531139,0.154819637537003,0.69806295633316,-0.689214885234833
0.591713666915894,-0.0034423964098095,1.47311353683472,-0.120700970292091,0.155451759696007,0.698587775230408,-0.687925219535828
0.591680407524109,-0.0033762212842702,1.47280240058899,-0.125125378370285,0.158580720424652,0.698584020137787,-0.686422765254974
0.591421902179718,-0.0034869629889726,1.47305274009705,-0.126530230045319,0.158680438995361,0.699644207954407,-0.685061156749725
0.591223061084747,-0.0036616241559386,1.47302722930908,-0.130480751395225,0.161646112799644,0.700457155704498,-0.682792007923126
0.590959966182709,-0.0036726472899317,1.47299957275391,-0.132258221507072,0.162929803133011,0.701599836349487,-0.680969417095184
0.590667009353638,-0.0038077551871538,1.47287833690643,-0.133908540010452,0.164573296904564,0.703079342842102,-0.678722023963928
0.589856684207916,-0.0042630219832062,1.47282648086548,-0.134299263358116,0.165550544857979,0.704482555389404,-0.676949918270111
0.589457392692566,-0.0043958146125078,1.47280967235565,-0.135993346571922,0.165989145636559,0.706227362155914,-0.674682438373566
0.592470586299896,-0.0064474325627088,1.47123825550079,-0.133965060114861,0.18268994987011,0.692772090435028,-0.684649288654327
0.591982364654541,-0.0065253470093011,1.4712735414505,-0.135326996445656,0.182564154267311,0.69477391242981,-0.682382643222809
0.591345310211182,-0.0067243259400129,1.4714732170105,-0.135029658675194,0.181317359209061,0.697404742240906,-0.680086493492126
0.587788879871368,-0.0044970540329813,1.47298514842987,-0.14021460711956,0.165080174803734,0.715062439441681,-0.664660930633545
0.587033927440643,-0.0045188227668404,1.47259044647217,-0.135644420981407,0.16258330643177,0.718302190303802,-0.662728786468506
0.587033927440643,-0.0045188227668404,1.47259044647217,-0.135644420981407,0.16258330643177,0.718302190303802,-0.662728786468506
0.585447192192078,-0.0052743405103683,1.47338092327118,-0.132330641150474,0.161779433488846,0.723028361797333,-0.658442199230194
0.584811091423035,-0.0053127976134419,1.47324407100677,-0.132212921977043,0.161183312535286,0.724945425987244,-0.656501173973083
0.584197521209717,-0.0056166322901844,1.47360646724701,-0.131131231784821,0.161497831344604,0.727298319339752,-0.654033780097961
0.583316385746002,-0.0058180913329124,1.47386622428894,-0.129240408539772,0.158883839845657,0.729307651519775,-0.652811825275421
0.582899212837219,-0.005712722428143,1.47383153438568,-0.129814371466637,0.160032898187637,0.730353772640228,-0.651245832443237
0.582372009754181,-0.0060113603249192,1.4738667011261,-0.129286542534828,0.162802562117577,0.732375144958496,-0.648388028144836
0.582234263420105,-0.0055495453998446,1.47384703159332,-0.131397545337677,0.15873047709465,0.733574271202087,-0.647617280483246
0.580984711647034,-0.0057310489937663,1.47411930561066,-0.13139297068119,0.159436732530594,0.743482232093811,-0.636042535305023
0.580962955951691,-0.0063115339726209,1.47443985939026,-0.12632043659687,0.160280928015709,0.737128376960754,-0.644201040267944
0.580641984939575,-0.0063824634999036,1.47457730770111,-0.12647932767868,0.161991357803345,0.73843914270401,-0.642237901687622
0.580244600772858,-0.0063569294288754,1.47439539432526,-0.125629276037216,0.161994904279709,0.739519238471985,-0.641160070896149
0.579625904560089,-0.0066728685051202,1.4747052192688,-0.123679608106613,0.164174780249596,0.740669071674347,-0.639655649662018
0.579332053661346,-0.0070492215454578,1.47504496574402,-0.123918995261192,0.166297793388367,0.742063641548157,-0.637440800666809
0.579072594642639,-0.0070290099829435,1.47511100769043,-0.123405665159225,0.167612940073013,0.743186354637146,-0.635886013507843
0.579065024852753,-0.0063494388014078,1.47463119029999,-0.125515848398209,0.168747141957283,0.743793487548828,-0.634461402893066
0.578510880470276,-0.005828134715557,1.47527873516083,-0.125810995697975,0.169838741421699,0.744497537612915,-0.633285045623779
0.577969312667847,-0.0060444697737693,1.47507607936859,-0.12597930431366,0.171397715806961,0.745010137557983,-0.632227718830109
0.577729761600494,-0.0060255462303757,1.47502708435059,-0.126156657934189,0.174485996365547,0.745808839797974,-0.630403339862823
0.57739394903183,-0.0060549341142177,1.47495138645172,-0.127640709280968,0.175715059041977,0.746236324310303,-0.629256308078766
0.577433228492737,-0.0058696558699011,1.47518932819366,-0.129832968115806,0.178098618984222,0.747221231460571,-0.626964747905731
0.577075839042664,-0.0056119756773114,1.47507739067078,-0.12723682820797,0.178156927227974,0.748525559902191,-0.625923573970795
0.576911270618439,-0.0053801713511347,1.47507214546204,-0.132892861962318,0.183097273111343,0.747873485088348,-0.624099493026733
0.576557159423828,-0.0052846521139144,1.47502684593201,-0.131194293498993,0.181564852595329,0.749282777309418,-0.623215615749359
0.57629930973053,-0.0052397055551409,1.47498714923859,-0.132819503545761,0.184261798858642,0.749906837940216,-0.621326327323914
0.576061308383942,-0.0051341317594051,1.47506260871887,-0.133833691477775,0.188094973564148,0.750796973705292,-0.618880331516266
0.575831294059753,-0.0051290774717926,1.47483503818512,-0.140511244535446,0.191146150231361,0.750271379947662,-0.617100179195404
0.575639069080353,-0.0046515576541423,1.47486531734467,-0.143126800656319,0.194479018449783,0.75050812959671,-0.615166902542114
0.57534396648407,-0.0044842585921287,1.47484481334686,-0.145827710628509,0.195852890610695,0.751189649105072,-0.613261759281158
0.575013995170593,-0.0044673616066575,1.47484374046326,-0.1471136957407,0.197917133569717,0.751527369022369,-0.611876666545868
0.574766635894775,-0.0041361730545759,1.47465717792511,-0.149757266044617,0.199627786874771,0.751704514026642,-0.61046040058136
0.574351370334625,-0.0042451508343219,1.47450613975525,-0.151390105485916,0.201745569705963,0.752607882022858,-0.608244299888611
0.574172377586365,-0.0039781704545021,1.47451913356781,-0.152887582778931,0.204782962799072,0.753174602985382,-0.606149554252625
0.573829054832458,-0.0038502579554915,1.47480165958405,-0.15496788918972,0.205390393733978,0.753502905368805,-0.605006694793701
0.573759496212006,-0.003363556228578,1.47483718395233,-0.15780882537365,0.207176938652992,0.753324031829834,-0.603884816169739
0.573482871055603,-0.0030621439218521,1.47459030151367,-0.159940257668495,0.208408877253532,0.753775656223297,-0.60233473777771
0.573237597942352,-0.0029269233345985,1.47460746765137,-0.161576449871063,0.210289716720581,0.754508197307587,-0.600323855876923
0.572574555873871,-0.0031865052878856,1.47487330436707,-0.161234974861145,0.212919294834137,0.755845904350281,-0.597800672054291
0.57234400510788,-0.0029839081689715,1.47490012645721,-0.162795796990395,0.214301943778992,0.756084978580475,-0.59658008813858
0.572065711021423,-0.0029666507616639,1.4751558303833,-0.163955375552177,0.216508120298386,0.756688177585602,-0.594698250293732
0.571723759174347,-0.0028409268707036,1.47512710094452,-0.165262371301651,0.21757709980011,0.75723797082901,-0.593244791030884
0.571426808834076,-0.0026395162567496,1.47487783432007,-0.165754735469818,0.218533918261528,0.758239388465881,-0.591473877429962
0.571207404136658,-0.0024188887327909,1.47496128082275,-0.167234405875206,0.220066621899605,0.758328557014465,-0.590373814105988
0.570987284183502,-0.0023944713175296,1.47501277923584,-0.168012410402298,0.221100240945816,0.758872330188751,-0.589066624641418
0.570356965065002,-0.002219502814114,1.47485899925232,-0.170269891619682,0.217668101191521,0.761185526847839,-0.586707353591919
0.570356965065002,-0.002219502814114,1.47485899925232,-0.170269891619682,0.217668101191521,0.761185526847839,-0.586707353591919
0.569991707801819,-0.0020977864041924,1.47495627403259,-0.170102626085281,0.220460548996925,0.760774433612823,-0.586246192455292
0.569832801818848,-0.0018003275617957,1.47495269775391,-0.170647546648979,0.224659577012062,0.760817170143127,-0.584435403347015
0.569487333297729,-0.0017060060054063,1.47486233711243,-0.171525165438652,0.22576467692852,0.760962605476379,-0.583562672138214
0.569242477416992,-0.0015414180234074,1.47483062744141,-0.172031804919243,0.226582616567612,0.761549293994904,-0.58232980966568
0.569027185440063,-0.0014305431395769,1.47481727600098,-0.172191932797432,0.227977499365806,0.762076139450073,-0.581047475337982
0.56882107257843,-0.0014289207756519,1.47508418560028,-0.171965941786766,0.229035079479218,0.762450754642487,-0.580206573009491
0.568489551544189,-0.001349770464003,1.4750349521637,-0.172231525182724,0.229453504085541,0.762986660003662,-0.579257130622864
0.567984759807587,-0.0007858192548155,1.47489547729492,-0.176544412970543,0.228453010320663,0.765539646148682,-0.574969947338104
0.567831158638,-0.0005836859345436,1.47495150566101,-0.177279815077782,0.22907181084156,0.765717267990112,-0.574260652065277
0.567521750926971,-0.00037541706115,1.4748318195343,-0.178089246153831,0.228958934545517,0.766136944293976,-0.573494732379913
0.567285060882568,-0.0005362927913665,1.47486007213593,-0.17833423614502,0.230090692639351,0.766888976097107,-0.571958601474762
0.567084729671478,-0.0004681544378399,1.47498941421509,-0.178359866142273,0.231262221932411,0.76717483997345,-0.571094036102295
0.566912591457367,3.21445986628532e-05,1.47486925125122,-0.179025217890739,0.231477096676826,0.766868650913239,-0.571210026741028
0.566652536392212,0.0002144696190953,1.47485721111298,-0.1800577044487,0.231813132762909,0.767118990421295,-0.570412397384644
0.566466987133026,0.0003399131819605,1.47484242916107,-0.180585727095604,0.232268124818802,0.767351865768433,-0.569746971130371
0.56625884771347,0.0004750126972794,1.47481954097748,-0.180792808532715,0.232555910944939,0.76782500743866,-0.568925797939301
0.56625884771347,0.0004750126972794,1.47481954097748,-0.180792808532715,0.232555910944939,0.76782500743866,-0.568925797939301
0.565983772277832,0.0004060259088873,1.47485971450806,-0.181695610284805,0.234245344996452,0.768890857696533,-0.5665003657341
0.565776407718658,0.0006488971412181,1.47479581832886,-0.182003974914551,0.2342269718647,0.769108355045319,-0.566113650798798
0.565559267997742,0.0007885387167334,1.47446477413177,-0.18232524394989,0.234240248799324,0.76959228515625,-0.565346598625183
0.565435886383057,0.0009089903905987,1.47438883781433,-0.182967886328697,0.234807536005974,0.769935548305511,-0.564435660839081
0.565374553203583,0.0011346396058797,1.47440242767334,-0.183732062578201,0.235005423426628,0.769923329353333,-0.564121603965759
0.56534743309021,0.0012770239263772,1.47445023059845,-0.184446468949318,0.235371455550194,0.769857823848724,-0.563825070858002
0.565142571926117,0.0014064852148294,1.47428500652313,-0.18465693295002,0.234979897737503,0.770302891731262,-0.563311457633972
0.565139830112457,0.0014585573226213,1.47442924976349,-0.184874057769775,0.235802531242371,0.77012974023819,-0.563133120536804
0.565091252326965,0.0013331202790141,1.47433161735535,-0.184980735182762,0.236628293991089,0.770499765872955,-0.562245011329651
0.56508082151413,0.0015382003039121,1.47424018383026,-0.185474544763565,0.236709743738174,0.770488440990448,-0.562063455581665
0.565112411975861,0.0020902613177895,1.47391104698181,-0.186075657606125,0.236506640911102,0.770078957080841,-0.562511205673218
0.565273523330688,0.0023264531046152,1.47429156303406,-0.186737790703773,0.237560272216797,0.769418954849243,-0.562750935554504
0.565272390842438,0.0026250053197145,1.47401988506317,-0.186961263418198,0.23742450773716,0.769299507141113,-0.562897384166718
0.565285325050354,0.0028938744217157,1.47397601604462,-0.187126129865646,0.237398460507393,0.769092082977295,-0.563136994838715
0.565268278121948,0.0031790509819984,1.47395586967468,-0.187717124819755,0.237199231982231,0.769294798374176,-0.562747299671173
0.565304338932037,0.0032707937061786,1.47388517856598,-0.187727838754654,0.237438052892685,0.76924866437912,-0.562705934047699
0.565285861492157,0.0038126744329929,1.47384810447693,-0.187948226928711,0.236963734030723,0.768742501735687,-0.563523530960083
0.565303802490234,0.0040949005633592,1.47382056713104,-0.187834143638611,0.237088069319725,0.768393039703369,-0.563985586166382
0.565322041511536,0.0044219978153705,1.47377789020538,-0.187440112233162,0.237885877490044,0.768257856369019,-0.56396496295929
0.565347611904144,0.0046678744256496,1.47396671772003,-0.187358155846596,0.238141924142837,0.767975389957428,-0.564268708229065
0.565376698970795,0.0050124730914831,1.47394061088562,-0.187264785170555,0.238057181239128,0.767602443695068,-0.564842581748962
0.565381526947021,0.0053842598572373,1.4738655090332,-0.187036797404289,0.237934365868568,0.767152726650238,-0.565580546855927
0.565405607223511,0.00574941188097,1.47383594512939,-0.186660751700401,0.238089606165886,0.766695082187653,-0.566259443759918
0.565470933914185,0.0059012398123741,1.47379350662231,-0.186200946569443,0.238555684685707,0.766259908676147,-0.566803514957428
0.565381228923798,0.0064667649567127,1.47332322597504,-0.185314103960991,0.23775278031826,0.765676558017731,-0.568217992782593
0.565568089485168,0.0068743526935577,1.4737628698349,-0.185119286179543,0.238479316234589,0.764849126338959,-0.569090843200684
0.56557708978653,0.0070309061557054,1.47371780872345,-0.184451907873154,0.238919362425804,0.764593720436096,-0.569466054439545
0.565617144107819,0.0076704053208231,1.47371566295624,-0.18436498939991,0.239174395799637,0.763588845729828,-0.570734143257141
0.565666079521179,0.007934327237308,1.47342479228973,-0.183115571737289,0.239055901765823,0.762801826000214,-0.572236299514771
0.565648794174194,0.0085645513609051,1.47339451313019,-0.183038085699081,0.23829548060894,0.761952936649323,-0.573707282543182
0.56561940908432,0.0089574996381998,1.47321891784668,-0.17918461561203,0.235902160406113,0.762544274330139,-0.575125455856323
0.565586864948273,0.0092873452231287,1.47317290306091,-0.178425818681717,0.236200168728828,0.762048184871674,-0.575896203517914
0.565772414207458,0.0097147701308131,1.47365057468414,-0.178132876753807,0.237253919243813,0.760998725891113,-0.576940536499023
0.565872251987457,0.0103632863610982,1.47361397743225,-0.182375088334084,0.238676398992538,0.758986234664917,-0.577678918838501
0.565855264663696,0.010739623568952,1.47361147403717,-0.182096928358078,0.23858080804348,0.758220970630646,-0.578809976577759
0.56579202413559,0.0108211832121014,1.47351825237274,-0.181345656514168,0.238692238926888,0.757946908473969,-0.579358518123627
0.565913081169128,0.0114888455718755,1.4734833240509,-0.181722491979599,0.238188698887825,0.756823599338531,-0.58091402053833
0.566040635108948,0.0120018944144248,1.47350859642029,-0.182023152709007,0.23849330842495,0.755774974822998,-0.58205908536911
0.566078722476959,0.0123676937073469,1.47348177433014,-0.181720212101936,0.238626584410667,0.754776239395142,-0.583393633365631
0.56608372926712,0.0124598704278469,1.47337758541107,-0.178147718310356,0.236717954277992,0.755490601062775,-0.584347605705261
0.566249847412109,0.0128387864679098,1.47319674491882,-0.174883678555489,0.237908333539963,0.752283334732056,-0.588969588279724
0.566532850265503,0.0129102282226085,1.47343385219574,-0.178471684455871,0.241016685962677,0.750383973121643,-0.589052438735962
0.566547274589539,0.0132753057405352,1.47340548038483,-0.178654998540878,0.240824207663536,0.749656140804291,-0.590001583099365
0.566589891910553,0.0140676423907279,1.47313320636749,-0.178862616419792,0.239727020263672,0.748503923416138,-0.591845393180847
0.566494464874268,0.0141030754894018,1.47305572032928,-0.175261378288269,0.238068714737892,0.74932450056076,-0.592553496360779
0.566505253314972,0.0144130736589431,1.4731605052948,-0.175344422459602,0.237665802240372,0.748863101005554,-0.593273401260376
0.566682934761047,0.0152692645788192,1.47287440299988,-0.180003046989441,0.238736763596535,0.746545433998108,-0.5943683385849
0.566667497158051,0.0156694930046796,1.47249507904053,-0.180180728435516,0.238119766116142,0.745925903320312,-0.595338881015778
0.56670618057251,0.0158957298845052,1.47288036346436,-0.180066809058189,0.238817855715752,0.744760274887085,-0.596551835536957
0.566708028316498,0.0163197070360183,1.47268199920654,-0.177445918321609,0.236371576786041,0.745058655738831,-0.597937345504761
0.566813349723816,0.0166057106107473,1.47283720970154,-0.177662387490272,0.236727491021156,0.744348347187042,-0.598616600036621
0.566736221313477,0.0171350352466106,1.47241950035095,-0.177280768752098,0.235793352127075,0.743683338165283,-0.599923491477966
0.566666841506958,0.017432652413845,1.47232556343079,-0.177341848611832,0.235356628894806,0.74312549829483,-0.60076767206192
0.566732048988342,0.0178815275430679,1.47226119041443,-0.181116744875908,0.237484514713287,0.74091100692749,-0.60153865814209
0.566675901412964,0.0180955659598112,1.47222220897675,-0.17786593735218,0.235385000705719,0.741614997386932,-0.602465808391571
0.566786170005798,0.0184703730046749,1.47221636772156,-0.178293392062187,0.235374242067337,0.740784466266632,-0.603364527225494
0.566838920116425,0.018758900463581,1.4721804857254,-0.17843422293663,0.23539924621582,0.740231871604919,-0.603991091251373
0.566933751106262,0.0191924292594194,1.47214877605438,-0.181959971785545,0.237643986940384,0.738096952438354,-0.60467255115509
0.566963315010071,0.0196104571223258,1.47202098369598,-0.182273373007774,0.237170711159706,0.737556219100952,-0.605423331260681
0.566923797130585,0.0199580639600753,1.47174251079559,-0.182180836796761,0.236715629696846,0.737126290798187,-0.606152236461639
0.566918015480042,0.0202133134007453,1.47151267528534,-0.181902974843979,0.236595571041107,0.73690140247345,-0.606556057929993
0.567004561424255,0.0204292107373476,1.47192883491516,-0.179085180163383,0.234684616327286,0.737417995929718,-0.607508361339569
0.567050099372864,0.020722035318613,1.47185945510864,-0.182361200451851,0.236747220158577,0.735662639141083,-0.607861578464508
0.566746056079865,0.0206030439585447,1.47197437286377,-0.177769586443901,0.234959870576858,0.736559927463531,-0.608827888965607
0.566653728485107,0.0207464173436164,1.47191870212555,-0.177326843142509,0.234835729002952,0.736352920532227,-0.609255135059357
0.56663978099823,0.0209698751568794,1.47190713882446,-0.177028998732567,0.234914973378181,0.735965251922607,-0.609779357910156
0.566695988178253,0.0212453175336122,1.47196018695831,-0.176947295665741,0.235122680664062,0.735400676727295,-0.610403835773468
0.566622972488403,0.0213750898838043,1.47192752361298,-0.176565647125244,0.235081925988197,0.73519891500473,-0.610773146152496
0.566698431968689,0.0216898918151855,1.47187483310699,-0.179757744073868,0.237126693129539,0.73351114988327,-0.611080586910248
0.56665575504303,0.0217838883399963,1.47186529636383,-0.176541015505791,0.234892040491104,0.734540820121765,-0.611644327640533
0.566730916500092,0.0220338143408298,1.4718701839447,-0.179631665349007,0.236915469169617,0.732956945896149,-0.61186408996582
0.566680788993835,0.0221477858722209,1.47183620929718,-0.176481783390045,0.234527453780174,0.73398619890213,-0.612466752529144
0.566705882549286,0.0223026387393474,1.47183763980865,-0.176396980881691,0.23434391617775,0.733795285224915,-0.612790048122406
0.566736459732056,0.0224415604025125,1.47183609008789,-0.176427364349365,0.234359219670296,0.733579337596893,-0.613033890724182
0.566786348819733,0.0225522331893444,1.4718325138092,-0.176335796713829,0.234426319599152,0.733373761177063,-0.613280415534973
0.566833794116974,0.0226594023406505,1.47184908390045,-0.176254078745842,0.234603345394134,0.733279526233673,-0.61334890127182
0.566902101039886,0.0227552093565464,1.47185218334198,-0.17629100382328,0.234809577465057,0.733217239379883,-0.613333761692047
0.566967725753784,0.0228549353778362,1.47185599803925,-0.176005721092224,0.234807521104813,0.733253419399261,-0.613373398780823
0.567043125629425,0.0229283142834901,1.47184669971466,-0.1758743673563,0.234905809164047,0.733291625976562,-0.613327741622925
0.567143499851227,0.0230025928467512,1.47182238101959,-0.175952091813087,0.234936133027077,0.733301758766174,-0.613281786441803
0.567211508750916,0.0230587422847747,1.47181940078735,-0.175948187708855,0.23488461971283,0.733365297317505,-0.613226532936096
0.567312061786652,0.0231194086372852,1.47182595729828,-0.176066592335701,0.234822705388069,0.733466863632202,-0.613094747066498
0.567354738712311,0.0231744293123483,1.47182273864746,-0.176007628440857,0.234707862138748,0.733600318431854,-0.612995982170105
0.56751412153244,0.0233400631695985,1.47182774543762,-0.179551407694817,0.237024798989296,0.732263147830963,-0.612675607204437
0.567584633827209,0.0233787056058645,1.4718269109726,-0.179583460092545,0.236991599202156,0.732387363910675,-0.612530469894409
0.567626297473907,0.0234125312417745,1.47181868553162,-0.179570078849792,0.23686671257019,0.732651054859161,-0.612267315387726
0.56756591796875,0.0232987590134143,1.47181379795074,-0.175782918930054,0.234639957547188,0.734325349330902,-0.612217962741852
0.567444503307343,0.0231686905026435,1.47187077999115,-0.175040677189827,0.234675034880638,0.734639465808868,-0.612040281295776
0.567512691020966,0.0232058316469192,1.47187280654907,-0.175156429409981,0.234579741954803,0.734769940376282,-0.611887037754059
0.567552745342255,0.0232096128165721,1.47186255455017,-0.175058156251907,0.234484061598778,0.735053241252899,-0.611611485481262
0.567948341369629,0.0228537768125534,1.47208499908447,-0.175634205341339,0.23571603000164,0.735423803329468,-0.610526502132416
0.568017363548279,0.023081125691533,1.4721245765686,-0.176014542579651,0.235159978270531,0.73536628484726,-0.610700666904449
0.567671179771423,0.0227983444929122,1.47183442115784,-0.174606025218964,0.234817996621132,0.736084401607513,-0.610371232032776
0.56795734167099,0.0228588357567787,1.47166562080383,-0.175639927387237,0.234894514083862,0.736270248889923,-0.60982072353363
0.56805294752121,0.022803520783782,1.47206711769104,-0.175841182470322,0.23538213968277,0.736330568790436,-0.609501719474792
0.56805294752121,0.022803520783782,1.47206711769104,-0.175841182470322,0.23538213968277,0.736330568790436,-0.609501719474792
0.568037033081055,0.0228772349655628,1.47204065322876,-0.176251858472824,0.235265374183655,0.736699819564819,-0.608981907367706
0.568018078804016,0.0229145158082246,1.47201633453369,-0.176563009619713,0.235288858413696,0.736742317676544,-0.608831167221069
0.568001627922058,0.022924730554223,1.47200894355774,-0.17677865922451,0.23547936975956,0.736861288547516,-0.60855096578598
0.56815630197525,0.023317702114582,1.47205722332001,-0.181159138679504,0.237650960683823,0.735254883766174,-0.608361661434174
0.568061947822571,0.0232221093028783,1.47207915782928,-0.178006440401077,0.235495090484619,0.736906170845032,-0.608132541179657
0.568061947822571,0.0232221093028783,1.47207915782928,-0.178006440401077,0.235495090484619,0.736906170845032,-0.608132541179657
0.568247020244598,0.023297606036067,1.47220468521118,-0.182382136583328,0.238363578915596,0.736145317554474,-0.606638014316559
0.568176448345184,0.0231370348483324,1.47225391864777,-0.179282590746879,0.236547246575356,0.737850785255432,-0.606200814247131
0.568192303180695,0.0227624364197254,1.47228753566742,-0.179306700825691,0.237527519464493,0.738525331020355,-0.604987800121307
0.56817489862442,0.0228679869323968,1.47236394882202,-0.179607793688774,0.237569868564606,0.738745987415314,-0.604612231254578
0.56849467754364,0.0231619179248809,1.47231817245483,-0.181346774101257,0.237337440252304,0.738987267017365,-0.603889107704163
0.568524420261383,0.0230368059128522,1.47242748737335,-0.181541457772255,0.237715974450111,0.739631235599518,-0.602892756462097
0.56859028339386,0.0226887241005897,1.47248780727386,-0.181236565113068,0.238401964306831,0.740637898445129,-0.601476073265076
0.568567395210266,0.022783787921071,1.47264754772186,-0.184310913085938,0.240726351737976,0.739522933959961,-0.600987672805786
0.568564593791962,0.0227996930480003,1.47276496887207,-0.181499108672142,0.238273203372955,0.741160094738007,-0.600804150104523
0.568596601486206,0.0227597467601299,1.47244930267334,-0.181498989462852,0.237870216369629,0.74178409576416,-0.600193560123444
0.568825900554657,0.022565234452486,1.47247493267059,-0.181792020797729,0.238273233175278,0.742284297943115,-0.599325954914093
0.568825900554657,0.022565234452486,1.47247493267059,-0.181792020797729,0.238273233175278,0.742284297943115,-0.599325954914093
0.568964958190918,0.0220683552324771,1.47249758243561,-0.181255921721458,0.238355293869972,0.743739306926727,-0.59764951467514
0.56923371553421,0.0222303569316864,1.47271478176117,-0.184745743870735,0.240335538983345,0.742520570755005,-0.597303152084351
0.569592535495758,0.0223639104515314,1.47245037555695,-0.185622468590736,0.239425301551819,0.743149042129517,-0.596614837646484
0.569796919822693,0.0223455838859081,1.47283613681793,-0.185429021716118,0.239462792873383,0.743061244487762,-0.596769273281097
0.570089221000671,0.0222560204565525,1.47313451766968,-0.185380518436432,0.239864557981491,0.742849826812744,-0.596886217594147
0.570266604423523,0.0219090264290571,1.47309648990631,-0.184531003236771,0.239862188696861,0.743425488471985,-0.596433520317078
0.570551097393036,0.0219464562833309,1.47314500808716,-0.184398040175438,0.239553093910217,0.743309259414673,-0.596743762493134
0.570764362812042,0.0219550933688879,1.47313785552979,-0.183939054608345,0.238952726125717,0.743159830570221,-0.597312092781067
0.570905208587646,0.0218440685421228,1.47312712669373,-0.180119007825851,0.236780717968941,0.744044601917267,-0.598238885402679
0.571116089820862,0.0219061747193336,1.47311425209045,-0.179741337895393,0.236169844865799,0.743543446063995,-0.599216222763062
0.571370720863342,0.0222476571798324,1.47306764125824,-0.182549402117729,0.237265303730965,0.741120219230652,-0.600934088230133
0.571622431278229,0.0223184507340192,1.47304034233093,-0.181464478373527,0.236594378948212,0.740193247795105,-0.602667212486267
0.571808278560638,0.0223918035626411,1.47299921512604,-0.180695593357086,0.23616760969162,0.738700032234192,-0.604893684387207
0.572035789489746,0.022494863718748,1.47295188903809,-0.179186210036278,0.236188754439354,0.737142205238342,-0.607230246067047
0.572035789489746,0.022494863718748,1.47295188903809,-0.179186210036278,0.236188754439354,0.737142205238342,-0.607230246067047
0.572643339633942,0.0224599763751029,1.47292697429657,-0.175566464662552,0.234416157007217,0.733630418777466,-0.613198041915894
0.572643339633942,0.0224599763751029,1.47292697429657,-0.175566464662552,0.234416157007217,0.733630418777466,-0.613198041915894
0.572779059410095,0.0225988086313009,1.47278714179993,-0.174689024686813,0.234413787722588,0.7305548787117,-0.617109060287476
0.573330342769623,0.0233027189970016,1.47264504432678,-0.171919718384743,0.232798293232918,0.724396407604218,-0.625698447227478
0.57356071472168,0.0235347263514995,1.47256219387054,-0.170591548085213,0.231530576944351,0.720979452133179,-0.630460798740387
0.573833525180817,0.0238146167248487,1.47248470783234,-0.16840061545372,0.229815945029259,0.718098402023315,-0.634949266910553
0.574124217033386,0.0241032596677541,1.47218132019043,-0.16849622130394,0.22989709675312,0.713687419891357,-0.63984888792038
0.574415683746338,0.0243113152682781,1.47210192680359,-0.167549028992653,0.229516208171844,0.71088057756424,-0.643349409103394
0.574618101119995,0.024221708998084,1.47219693660736,-0.166629418730736,0.228902563452721,0.708228826522827,-0.646722793579102
0.574941337108612,0.0247182175517082,1.47215676307678,-0.166296944022179,0.22770482301712,0.704298496246338,-0.651505470275879
0.575141310691833,0.0248610377311706,1.47201824188232,-0.165178045630455,0.226647451519966,0.701316058635712,-0.655364811420441
0.575428485870361,0.0250185877084732,1.47193920612335,-0.164173662662506,0.223176777362823,0.699011147022247,-0.65925920009613
0.575428485870361,0.0250185877084732,1.47193920612335,-0.164173662662506,0.223176777362823,0.699011147022247,-0.65925920009613
0.576251447200775,0.0255659762769937,1.47172570228577,-0.162316590547562,0.220221310853958,0.694876849651337,-0.665058016777039
0.576251447200775,0.0255659762769937,1.47172570228577,-0.162316590547562,0.220221310853958,0.694876849651337,-0.665058016777039
0.576200544834137,0.0259649120271205,1.47151291370392,-0.163337275385857,0.214086621999741,0.686103641986847,-0.675832569599152
0.57652735710144,0.0267555564641952,1.47120487689972,-0.164656281471252,0.211085215210915,0.682873249053955,-0.679717242717743
0.577654123306274,0.0256687272340059,1.47146010398865,-0.158914759755134,0.218169450759888,0.691407144069672,-0.670152544975281
0.578118920326233,0.026230115443468,1.47137820720673,-0.15947675704956,0.216861262917519,0.69020414352417,-0.671682000160217
0.577283143997192,0.0268395412713289,1.47121095657349,-0.16399835050106,0.207223668694496,0.677366137504578,-0.68654066324234
0.578640103340149,0.026372168213129,1.47122061252594,-0.158725962042809,0.215015456080437,0.688874542713165,-0.67381477355957
0.578797459602356,0.0261558573693037,1.47110164165497,-0.157446354627609,0.214659050107002,0.688587367534637,-0.674521863460541
0.577125191688538,0.0277022272348403,1.4710191488266,-0.168376132845879,0.19952617585659,0.677692890167236,-0.687438130378723
0.577851355075836,0.027594082057476,1.47098696231842,-0.16400545835495,0.201517060399055,0.671118795871735,-0.694328963756561
0.577092170715332,0.0276177488267421,1.47053742408752,-0.167469307780266,0.196164458990097,0.675525426864624,-0.690752506256104
0.577888190746307,0.0274891220033168,1.47070014476776,-0.162812948226929,0.198553636670113,0.669260859489441,-0.697250664234161
0.578016102313995,0.0275707356631755,1.47067332267761,-0.164057359099388,0.197475224733353,0.667879939079285,-0.698588013648987
0.577595114707947,0.0275710802525281,1.47076964378357,-0.167937502264977,0.193386316299438,0.672680795192719,-0.694189667701721
0.578301191329956,0.0273483321070671,1.47077548503876,-0.163535043597221,0.196323662996292,0.66678786277771,-0.700076699256897
0.578564703464508,0.0278172828257083,1.47062337398529,-0.164393246173859,0.194881841540337,0.665483415126801,-0.701518297195435
0.578149139881134,0.0280573777854442,1.47078335285187,-0.168940454721451,0.190366581082344,0.66978257894516,-0.697575092315674
0.578219532966614,0.0279939733445644,1.47073769569397,-0.168645083904266,0.189269870519638,0.669478178024292,-0.698237001895905
0.57900595664978,0.0277270656079053,1.47083675861359,-0.163983836770058,0.192809641361236,0.663748443126678,-0.703826487064362
0.579106509685516,0.0277015883475542,1.47089540958405,-0.163901075720787,0.192164108157158,0.663175642490387,-0.704562067985535
0.578743696212769,0.0274595618247985,1.47089564800262,-0.167580604553223,0.188565269112587,0.668576657772064,-0.69954639673233
0.578682720661163,0.0277756601572036,1.47089409828186,-0.167694762349129,0.186867043375969,0.667610347270966,-0.700896501541138
0.578682720661163,0.0277756601572036,1.47089409828186,-0.167694762349129,0.186867043375969,0.667610347270966,-0.700896501541138
0.579478740692139,0.0272497441619634,1.47107672691345,-0.162858873605728,0.189909145236015,0.660976946353912,-0.707475364208221
0.579478740692139,0.0272497441619634,1.47107672691345,-0.162858873605728,0.189909145236015,0.660976946353912,-0.707475364208221
0.579143464565277,0.0272836424410343,1.47112309932709,-0.166683807969093,0.187263339757919,0.665447413921356,-0.70308518409729
0.579150199890137,0.0270882584154605,1.47113132476807,-0.166510358452797,0.18538361787796,0.665546774864197,-0.703530132770538
0.579150199890137,0.0270882584154605,1.47113132476807,-0.166510358452797,0.18538361787796,0.665546774864197,-0.703530132770538
0.579305410385132,0.0265303403139114,1.47124493122101,-0.165959760546684,0.184128552675247,0.665181457996368,-0.70433497428894
0.579960346221924,0.0259925555437803,1.47131550312042,-0.161471053957939,0.187664791941643,0.659699141979218,-0.709581673145294
0.580044448375702,0.0260456781834363,1.47139799594879,-0.162178352475166,0.186905533075333,0.659067571163177,-0.710207343101501
0.580109477043152,0.0258519183844327,1.47145926952362,-0.162107780575752,0.186549991369247,0.65905225276947,-0.7103311419487
0.580109477043152,0.0258519183844327,1.47145926952362,-0.162107780575752,0.186549991369247,0.65905225276947,-0.7103311419487
0.579739809036255,0.025726780295372,1.4714822769165,-0.166378915309906,0.183497443795204,0.664890050888062,-0.7046759724617
0.579739809036255,0.025726780295372,1.4714822769165,-0.166378915309906,0.183497443795204,0.664890050888062,-0.7046759724617
0.57995593547821,0.0252838656306266,1.47149300575256,-0.166701734066009,0.180830597877502,0.66518646478653,-0.705009162425995
0.57995593547821,0.0252838656306266,1.47149300575256,-0.166701734066009,0.180830597877502,0.66518646478653,-0.705009162425995
0.580059587955475,0.0251055862754583,1.47151625156403,-0.166932851076126,0.179932236671448,0.665258169174194,-0.70511656999588
0.580286800861359,0.0244016908109188,1.47155463695526,-0.167054638266563,0.179553583264351,0.666258573532104,-0.704239130020142
0.580286800861359,0.0244016908109188,1.47155463695526,-0.167054638266563,0.179553583264351,0.666258573532104,-0.704239130020142
0.580474972724915,0.0242110677063465,1.4715701341629,-0.167244851589203,0.179335117340088,0.666442930698395,-0.704075336456299
0.580838561058044,0.0236996598541736,1.47158324718475,-0.167236864566803,0.17870107293129,0.666727721691132,-0.703968703746796
0.580838561058044,0.0236996598541736,1.47158324718475,-0.167236864566803,0.17870107293129,0.666727721691132,-0.703968703746796
0.580974698066711,0.0235286876559257,1.47158372402191,-0.167576730251312,0.177749529480934,0.666603863239288,-0.704245984554291
0.581200480461121,0.0232590064406394,1.47162473201752,-0.167686104774475,0.177503854036331,0.666893422603607,-0.704007923603058
0.581727862358093,0.0231141876429319,1.4717663526535,-0.168113619089127,0.17644627392292,0.666325151920319,-0.704709470272064
0.581727862358093,0.0231141876429319,1.4717663526535,-0.168113619089127,0.17644627392292,0.666325151920319,-0.704709470272064
0.582177639007568,0.0226276293396949,1.47175097465515,-0.168281868100166,0.175959780812263,0.666722893714905,-0.70441460609436
0.582177639007568,0.0226276293396949,1.47175097465515,-0.168281868100166,0.175959780812263,0.666722893714905,-0.70441460609436
0.582384765148163,0.0220963545143604,1.47177076339722,-0.167410060763359,0.176150351762772,0.667757451534271,-0.703594326972961
0.582635879516602,0.0218143537640571,1.47142434120178,-0.167301654815674,0.174082100391388,0.668360233306885,-0.703562557697296
0.58291107416153,0.0214791297912597,1.47185659408569,-0.166382670402527,0.174275577068329,0.668625473976135,-0.70348060131073
0.58291107416153,0.0214791297912597,1.47185659408569,-0.166382670402527,0.174275577068329,0.668625473976135,-0.70348060131073
0.583540439605713,0.0210643894970417,1.47189009189606,-0.165944263339043,0.173845946788788,0.669108808040619,-0.703230857849121
0.583744704723358,0.0208504851907491,1.47192049026489,-0.165553271770477,0.1730647534132,0.669422447681427,-0.703217208385468
0.583918392658234,0.0205354746431112,1.47184062004089,-0.164424479007721,0.17266246676445,0.669462382793427,-0.703542828559875
0.583918392658234,0.0205354746431112,1.47184062004089,-0.164424479007721,0.17266246676445,0.669462382793427,-0.703542828559875
0.584127128124237,0.0203014388680458,1.47189831733704,-0.163931056857109,0.171770140528679,0.669348239898682,-0.703984797000885
0.584251046180725,0.0199825838208198,1.47179543972015,-0.162763625383377,0.170935034751892,0.66932088136673,-0.704484760761261
0.584433078765869,0.0197117999196052,1.47183120250702,-0.161818042397499,0.17026586830616,0.669495344161987,-0.704698860645294
0.584749221801758,0.019405947998166,1.47190845012665,-0.161746382713318,0.173447340726852,0.669554471969604,-0.703882813453674
0.584909200668335,0.0191747955977916,1.47190880775452,-0.160703092813492,0.167341902852058,0.669952750205994,-0.705219566822052
0.585341691970825,0.0187740139663219,1.47197961807251,-0.158753991127014,0.168522879481316,0.670619070529938,-0.704746305942535
0.585341691970825,0.0187740139663219,1.47197961807251,-0.158753991127014,0.168522879481316,0.670619070529938,-0.704746305942535
0.585661709308624,0.0182385686784982,1.47197687625885,-0.15669472515583,0.166819870471954,0.670396447181702,-0.705823361873627
0.585661709308624,0.0182385686784982,1.47197687625885,-0.15669472515583,0.166819870471954,0.670396447181702,-0.705823361873627
0.585920751094818,0.0180479809641838,1.47207462787628,-0.155905961990356,0.16641466319561,0.670483529567719,-0.70601087808609
0.586588144302368,0.0175227150321006,1.47213447093964,-0.151838347315788,0.169393658638,0.664761066436768,-0.711578249931335
0.586786448955536,0.016948752105236,1.47220039367676,-0.150436282157898,0.169631972908974,0.665572822093964,-0.711060285568237
0.587011873722076,0.0169900637120008,1.47228217124939,-0.150963991880417,0.166579395532608,0.665364325046539,-0.711864829063416
0.587326109409332,0.0166062917560338,1.47232186794281,-0.150596395134926,0.166521564126015,0.665700256824493,-0.71164208650589
0.587515771389008,0.0164066664874553,1.4723494052887,-0.150220111012459,0.165766790509224,0.665790677070618,-0.711813271045685
0.587100744247437,0.0162625350058078,1.47232401371002,-0.152421653270721,0.163685604929924,0.672287106513977,-0.705694615840912
0.587100744247437,0.0162625350058078,1.47232401371002,-0.152421653270721,0.163685604929924,0.672287106513977,-0.705694615840912
0.587520360946655,0.0160487722605466,1.47239744663239,-0.151324138045311,0.161148890852928,0.672216594219208,-0.706581234931946
0.587520360946655,0.0160487722605466,1.47239744663239,-0.151324138045311,0.161148890852928,0.672216594219208,-0.706581234931946
0.587696671485901,0.0152833368629217,1.47237610816956,-0.149733006954193,0.159846156835556,0.673334717750549,-0.706151187419891
0.587696671485901,0.0152833368629217,1.47237610816956,-0.149733006954193,0.159846156835556,0.673334717750549,-0.706151187419891
0.587991178035736,0.0149643402546644,1.47241961956024,-0.14904959499836,0.158750712871552,0.673848092556,-0.706053256988525
0.587991178035736,0.0149643402546644,1.47241961956024,-0.14904959499836,0.158750712871552,0.673848092556,-0.706053256988525
0.58815461397171,0.01501907967031,1.47246837615967,-0.149119272828102,0.157848626375198,0.674016535282135,-0.706080079078674
0.588237643241882,0.0145848086103796,1.47243404388428,-0.148135095834732,0.15779772400856,0.674670219421387,-0.705674171447754
0.588307797908783,0.014582822099328,1.47243463993073,-0.147899895906448,0.15663805603981,0.674517750740051,-0.706127643585205
0.588405072689056,0.0144024435430765,1.47245573997498,-0.147436946630478,0.155900165438652,0.674523293972015,-0.706382274627686
0.5885871052742,0.0142197199165821,1.47247290611267,-0.146900251507759,0.155320659279823,0.674325108528137,-0.706810772418976
0.5885871052742,0.0142197199165821,1.47247290611267,-0.146900251507759,0.155320659279823,0.674325108528137,-0.706810772418976
0.589251935482025,0.0136458706110715,1.4721531867981,-0.143368363380432,0.157004997134209,0.668292284011841,-0.712867796421051
0.588865041732788,0.013786575756967,1.47219240665436,-0.145633101463318,0.153268858790398,0.674892485141754,-0.706979393959045
0.589066088199615,0.0134243182837963,1.47226738929749,-0.144397765398026,0.152469158172607,0.675615429878235,-0.706715166568756
0.589066088199615,0.0134243182837963,1.47226738929749,-0.144397765398026,0.152469158172607,0.675615429878235,-0.706715166568756
0.589116811752319,0.013254253193736,1.47233402729034,-0.144087418913841,0.151823461055756,0.676023006439209,-0.706527829170227
0.589201092720032,0.01312165427953,1.47238636016846,-0.143676698207855,0.151904940605163,0.676580727100372,-0.706059753894806
0.589293479919434,0.0129678137600421,1.47245264053345,-0.143028393387794,0.151677280664444,0.676986277103424,-0.70585161447525
0.589323103427887,0.0128714609891176,1.47249901294708,-0.142742946743965,0.15066547691822,0.676644921302795,-0.706453144550323
0.589404761791229,0.0127808786928653,1.47255206108093,-0.142334103584289,0.150025904178619,0.676901638507843,-0.706425845623016
0.589509427547455,0.0126457950100302,1.47258234024048,-0.141840174794197,0.149653404951095,0.677068173885345,-0.706444621086121
0.589620113372803,0.0125211123377084,1.47263598442078,-0.14141272008419,0.149398624897003,0.677320599555969,-0.706342220306396
0.589763522148132,0.0124100046232342,1.47266328334808,-0.14108470082283,0.149254262447357,0.677124798297882,-0.706625938415527
0.590047895908356,0.0121745131909847,1.4727098941803,-0.141828507184982,0.151017934083939,0.677345275878906,-0.705890774726868
0.590047895908356,0.0121745131909847,1.4727098941803,-0.141828507184982,0.151017934083939,0.677345275878906,-0.705890774726868
0.590358734130859,0.0116982944309711,1.47267484664917,-0.140587657690048,0.151227042078972,0.678018927574158,-0.705447256565094
0.590358734130859,0.0116982944309711,1.47267484664917,-0.140587657690048,0.151227042078972,0.678018927574158,-0.705447256565094
0.590507805347443,0.0116149755194783,1.47266221046448,-0.140544697642326,0.151113152503967,0.678292691707611,-0.705217003822327
0.590629935264587,0.0115077244117856,1.4726494550705,-0.140218541026115,0.15115787088871,0.678718447685242,-0.704862713813782
0.590779662132263,0.011450670659542,1.47264277935028,-0.140286520123482,0.151046052575111,0.679099977016449,-0.704505562782288
0.590779662132263,0.011450670659542,1.47264277935028,-0.140286520123482,0.151046052575111,0.679099977016449,-0.704505562782288
0.591207563877106,0.011487815529108,1.47299337387085,-0.140874072909355,0.150336489081383,0.679341197013855,-0.704307496547699
0.591375768184662,0.0114442715421319,1.47296154499054,-0.140710562467575,0.150134399533272,0.67958790063858,-0.704145312309265
0.591852068901062,0.0118275862187147,1.47277510166168,-0.14234022796154,0.14945150911808,0.679795503616333,-0.703762590885162
0.593196511268616,0.0110499840229749,1.47229242324829,-0.131941974163055,0.156867668032646,0.693887233734131,-0.690293073654175
0.593322455883026,0.0110552702099084,1.47223603725433,-0.131640836596489,0.15636034309864,0.693903625011444,-0.690448999404907
0.593961596488953,0.0112388962879776,1.47242283821106,-0.13615109026432,0.158143699169159,0.692807555198669,-0.690268874168396
0.593961596488953,0.0112388962879776,1.47242283821106,-0.13615109026432,0.158143699169159,0.692807555198669,-0.690268874168396
0.593889653682709,0.0110629564151167,1.47241008281708,-0.134467676281929,0.157057151198387,0.692741572856903,-0.690913021564484
0.593691170215607,0.0107355825603008,1.47243416309357,-0.132717758417129,0.156973734498024,0.692698776721954,-0.691312968730927
0.594084620475769,0.0111224306747317,1.47180271148682,-0.134154200553894,0.155818730592728,0.692350804805756,-0.691645622253418
0.594236969947815,0.0111813135445117,1.47173774242401,-0.133917272090912,0.155612006783485,0.692383944988251,-0.691704869270325
0.594709157943726,0.0117665100842714,1.47148990631104,-0.135119333863258,0.155069813132286,0.692029356956482,-0.69194769859314
0.594899594783783,0.011927293613553,1.4714766740799,-0.135120987892151,0.154778122901917,0.691697299480438,-0.692344427108765
0.595041513442993,0.0120233129709959,1.4714230298996,-0.1344995200634,0.154561161994934,0.691043734550476,-0.693166136741638
0.594841539859772,0.0116596147418022,1.47153329849243,-0.132407054305077,0.156855568289757,0.691174209117889,-0.692923545837402
0.59519499540329,0.0119976792484521,1.4716682434082,-0.133512675762177,0.156387627124786,0.690956175327301,-0.693034589290619
0.595248460769653,0.01210627425462,1.47163712978363,-0.133154854178429,0.156151369214058,0.690840542316437,-0.693271815776825
0.595374226570129,0.012195574119687,1.47156238555908,-0.132594645023346,0.156100869178772,0.690916180610657,-0.693315267562866
0.595856070518494,0.0126350056380033,1.47139370441437,-0.133854374289513,0.155467912554741,0.690790235996246,-0.69334089756012
0.595953345298767,0.0127555169165134,1.47135901451111,-0.133553668856621,0.155162811279297,0.690399169921875,-0.693856596946716
0.595925271511078,0.0128440968692302,1.47128164768219,-0.133181795477867,0.154554665088654,0.69012975692749,-0.694331705570221
0.595641195774078,0.0124995782971382,1.47143590450287,-0.130838185548782,0.154804199934006,0.689783573150635,-0.695065319538116
0.595680356025696,0.0125922709703445,1.4713968038559,-0.130414724349976,0.154438629746437,0.689273118972778,-0.695732176303864
0.595815420150757,0.0127005223184823,1.47144258022308,-0.129787892103195,0.154283493757248,0.688739120960236,-0.69641250371933
0.594964623451233,0.0133541375398635,1.47143888473511,-0.134499713778496,0.14634308218956,0.67924302816391,-0.706485986709595
0.595831394195557,0.0125508373603224,1.47141516208649,-0.1280787140131,0.154263511300087,0.688278436660767,-0.697188317775726
0.595000326633453,0.0134687013924121,1.47146153450012,-0.133671030402184,0.14570078253746,0.678872883319855,-0.707131624221802
0.595003664493561,0.0136158429086208,1.4712620973587,-0.133326321840286,0.145130887627602,0.678193390369415,-0.707965314388275
0.594964742660522,0.013614123687148,1.47123646736145,-0.132922351360321,0.144623726606369,0.677809715270996,-0.708512187004089
0.595420002937317,0.013259494677186,1.47147119045258,-0.125109225511551,0.144335061311722,0.672378182411194,-0.715138256549835
0.595570027828217,0.0134380338713526,1.47130763530731,-0.125421643257141,0.144003868103027,0.671586096286774,-0.715894222259521
0.59557181596756,0.0133262760937213,1.47136974334717,-0.124906286597252,0.144028455018997,0.671664714813232,-0.715905487537384
0.595586240291595,0.0132713438943028,1.47140789031982,-0.124425120651722,0.143543317914009,0.671317100524902,-0.716412663459778
0.595609545707703,0.012943766079843,1.47165322303772,-0.123583756387234,0.143836170434952,0.671244740486145,-0.716567397117615
0.595530271530151,0.0129439393058419,1.47122812271118,-0.123333096504211,0.143035069108009,0.670926332473755,-0.717069029808044
0.595587432384491,0.0129312984645366,1.4713032245636,-0.123237065970898,0.142827481031418,0.670558452606201,-0.717470765113831
0.595652103424072,0.0127673521637916,1.47170996665955,-0.122549585998058,0.142918229103088,0.670481562614441,-0.717642247676849
0.589482009410858,0.0109500670805573,1.46805286407471,-0.106352686882019,0.129861503839493,0.677324712276459,-0.716279566287994
0.595594048500061,0.0125906905159354,1.47177469730377,-0.122255958616733,0.142360329627991,0.669995725154877,-0.718256711959839
0.596138596534729,0.013108124025166,1.47155666351318,-0.12501434981823,0.141493245959282,0.669339597225189,-0.718564987182617
0.596096992492676,0.012950686737895,1.47158002853394,-0.126160740852356,0.141840040683746,0.668647944927216,-0.718939960002899
0.595546305179596,0.0131155932322144,1.47147071361542,-0.131957337260246,0.140629425644874,0.674515247344971,-0.712628781795502
0.595463037490845,0.0131535157561302,1.47126817703247,-0.132184624671936,0.139620885252952,0.673938035964966,-0.713330805301666
0.595187962055206,0.0132893566042184,1.47093367576599,-0.131821185350418,0.138612940907478,0.672436475753784,-0.715009570121765
0.595638751983643,0.0128337424248456,1.47096121311188,-0.128824099898338,0.141032531857491,0.665434062480927,-0.721603631973267
0.594354867935181,0.0123413847759366,1.47126889228821,-0.12806861102581,0.138585403561592,0.672407627105713,-0.715723872184753
0.59418922662735,0.0122984927147626,1.47128248214722,-0.128395929932594,0.1378024071455,0.671896874904633,-0.716295719146729
0.594056785106659,0.0120697179809212,1.47153329849243,-0.128505662083626,0.137583762407303,0.671563625335693,-0.716630578041077
0.594608664512634,0.0115508642047643,1.47171258926392,-0.125609278678894,0.141232460737228,0.663230895996094,-0.724155008792877
0.594408988952637,0.011644079349935,1.47174870967865,-0.126439973711967,0.139182060956955,0.664172887802124,-0.723543882369995
0.593800008296967,0.0117951370775699,1.47176420688629,-0.129319757223129,0.136116713285446,0.670216858386993,-0.718023657798767
0.593686044216156,0.0116961300373077,1.4717743396759,-0.130112424492836,0.135665029287338,0.669765472412109,-0.718387067317963
0.594038128852844,0.01147379912436,1.47151064872742,-0.127981156110763,0.137433648109436,0.662459373474121,-0.725176215171814
0.59391587972641,0.011241091415286,1.47171199321747,-0.128174543380737,0.137340635061264,0.662522256374359,-0.725102186203003
0.593216300010681,0.0113208433613181,1.4716465473175,-0.131210386753082,0.134241119027138,0.669306039810181,-0.718882918357849
0.593548357486725,0.0109333535656332,1.47164154052734,-0.129167973995209,0.136551380157471,0.661887466907501,-0.725654423236847
0.592905461788177,0.0110190957784652,1.47160744667053,-0.131928667426109,0.133854538202286,0.668526470661163,-0.719548642635345
0.592753171920776,0.0109135713428258,1.47161054611206,-0.132948815822601,0.133577361702919,0.668201684951782,-0.719713985919952
0.593092083930969,0.0105701265856623,1.47159516811371,-0.130675286054611,0.135875806212425,0.661240637302399,-0.726101040840149
0.592945218086243,0.0104084368795156,1.4715850353241,-0.131541222333908,0.135500341653824,0.661008298397064,-0.726226389408112
0.592718839645386,0.0104370610788464,1.47112011909485,-0.132379114627838,0.134874492883682,0.660912156105042,-0.726278126239777
0.59274697303772,0.0099440496414899,1.47152578830719,-0.130349516868591,0.139067754149437,0.67469584941864,-0.713060140609741
0.592428088188171,0.0100077539682388,1.47151112556458,-0.133046597242355,0.135511726140976,0.661186397075653,-0.72578763961792
0.591675221920013,0.0101734530180692,1.47111201286316,-0.137485474348068,0.133704856038094,0.667467057704926,-0.71951961517334
0.592105269432068,0.009588124230504,1.47111558914185,-0.132672548294067,0.138080328702927,0.674906373023987,-0.712624251842499
0.592468917369843,0.0091037349775433,1.47153067588806,-0.130446970462799,0.141138836741447,0.66827255487442,-0.718662202358246
0.592269897460938,0.0089621990919113,1.4715119600296,-0.131210178136826,0.14128366112709,0.668404698371887,-0.718371748924255
0.592253446578979,0.0085696764290332,1.47184383869171,-0.132036864757538,0.141949772834778,0.66950136423111,-0.717066586017609
0.591511726379395,0.0085802907124161,1.47182893753052,-0.135755062103271,0.140939772129059,0.676478445529938,-0.709988296031952
0.591296851634979,0.0083822486922144,1.47179126739502,-0.135975793004036,0.141211256384849,0.676621377468109,-0.709755957126617
0.591738998889923,0.0082529168576002,1.47169256210327,-0.135095864534378,0.143665045499802,0.669391751289368,-0.716257154941559
0.591433346271515,0.0081369243562221,1.47165703773499,-0.134717881679535,0.142258867621422,0.669572532176971,-0.71643990278244
0.590467512607574,0.0080736065283417,1.47140836715698,-0.13713712990284,0.139687165617943,0.677208662033081,-0.709273874759674
0.590252697467804,0.0078928181901574,1.47139489650726,-0.138508751988411,0.141399294137955,0.677079737186432,-0.708791077136993
0.589815497398376,0.0076218452304601,1.47131311893463,-0.13851834833622,0.141531690955162,0.677297830581665,-0.708554267883301
0.590165138244629,0.0073686959221959,1.47151720523834,-0.136910647153854,0.144172519445419,0.670341908931732,-0.71492063999176
0.589844703674316,0.0072935204952955,1.4715428352356,-0.136747390031814,0.143106743693352,0.670775353908539,-0.714759469032288
0.583735167980194,0.005322067067027,1.46761071681976,-0.122079201042652,0.131148397922516,0.678556978702545,-0.712360322475433
0.589277744293213,0.0068796752020716,1.47144222259521,-0.137508735060692,0.143797874450684,0.67175567150116,-0.713553071022034
0.583209931850433,0.0049323076382279,1.46755790710449,-0.124219909310341,0.133359223604202,0.679313600063324,-0.710857033729553
0.588740348815918,0.0065000210888683,1.47149348258972,-0.139780387282371,0.146110743284225,0.672406435012817,-0.712027311325073
0.588392496109009,0.0063465577550232,1.47158360481262,-0.140587881207466,0.146143808960915,0.672861576080322,-0.71143114566803
0.588112354278564,0.0060218912549316,1.47180318832397,-0.140936136245728,0.147021502256393,0.673493444919586,-0.710583090782166
0.587816298007965,0.0059650894254446,1.47156870365143,-0.142190277576447,0.147270783782005,0.673858046531677,-0.70993572473526
0.587479591369629,0.005786775611341,1.47144067287445,-0.143357276916504,0.14738030731678,0.673942863941193,-0.709597527980804
0.587255358695984,0.0055230571888387,1.47189044952393,-0.143194183707237,0.147731497883797,0.675240218639374,-0.708323061466217
0.586952805519104,0.0053987139835953,1.47153007984161,-0.14469550549984,0.148190945386887,0.675643622875214,-0.70753687620163
0.586680054664612,0.0051737437024712,1.47160458564758,-0.147909834980965,0.152981445193291,0.676544785499573,-0.704986989498138
0.586522161960602,0.0047695855610072,1.47208559513092,-0.148251369595528,0.153993472456932,0.677914142608643,-0.703377485275269
0.586316883563995,0.0043294611386954,1.47209215164185,-0.150398120284081,0.157663539052009,0.6790452003479,-0.701013743877411
