x,y,z,q0,q1,q2,q3
-0.679469883441925,-0.18841464817524,1.01430797576904,0.464095801115036,-0.568138420581818,0.516312479972839,0.441877037286758
-0.678669691085815,-0.188462615013123,1.01420295238495,0.465086966753006,-0.567336201667786,0.517175257205963,0.440855443477631
-0.677608728408813,-0.188287973403931,1.01452744007111,0.466042309999466,-0.566552877426147,0.518048942089081,0.439827054738998
-0.676804184913635,-0.188247263431549,1.01463282108307,0.466878205537796,-0.56600022315979,0.519312679767609,0.438158392906189
-0.676293253898621,-0.188733294606209,1.01420867443085,0.466835767030716,-0.567828953266144,0.518324375152588,0.43700635433197
-0.675799369812012,-0.189849138259888,1.01502680778503,0.468642383813858,-0.568530380725861,0.518098175525665,0.434421360492706
-0.674927592277527,-0.189636379480362,1.01511979103088,0.469335496425629,-0.56766551733017,0.519323289394379,0.433340072631836
-0.674094140529633,-0.189411327242851,1.01536083221436,0.470083683729172,-0.56708288192749,0.51986962556839,0.432636171579361
-0.673209428787231,-0.188986986875534,1.01570558547974,0.470114707946777,-0.566571414470673,0.520974576473236,0.431942760944366
-0.671949148178101,-0.187602072954178,1.01501393318176,0.470301419496536,-0.564647436141968,0.52218109369278,0.432801127433777
-0.671245396137238,-0.187413603067398,1.01505088806152,0.470695078372955,-0.564430236816406,0.522840559482574,0.431859523057938
-0.670404851436615,-0.186942934989929,1.01508402824402,0.47159406542778,-0.56312370300293,0.524027407169342,0.431145191192627
-0.669708609580994,-0.186898112297058,1.01513350009918,0.471946537494659,-0.563100039958954,0.524298012256622,0.430460721254349
-0.669364869594574,-0.187829256057739,1.0158703327179,0.473734259605408,-0.563582241535187,0.523922443389893,0.428317755460739
-0.668926596641541,-0.187860459089279,1.0154310464859,0.474293708801269,-0.563629388809204,0.524462521076202,0.426973730325699
-0.668239891529083,-0.187485784292221,1.01579058170319,0.47475078701973,-0.563027858734131,0.524923086166382,0.426693350076675
-0.667483329772949,-0.187028840184212,1.01614105701447,0.475452095270157,-0.56205016374588,0.525638103485107,0.426321119070053
-0.666883170604706,-0.186780780553818,1.01623213291168,0.476131081581116,-0.561525404453278,0.526052117347717,0.425743699073792
-0.666288733482361,-0.186565518379211,1.01632869243622,0.476697623729706,-0.561279535293579,0.526251256465912,0.425187647342682
-0.665262162685394,-0.18607822060585,1.01641488075256,0.478199779987335,-0.559315919876099,0.527545630931854,0.424483865499496
-0.664634585380554,-0.185818761587143,1.0165456533432,0.478607803583145,-0.559215784072876,0.527772486209869,0.423873275518417
-0.66366308927536,-0.184468597173691,1.01622867584229,0.478442788124084,-0.557600915431976,0.528596937656403,0.425157874822617
-0.663071632385254,-0.185100138187408,1.01688194274902,0.480400770902634,-0.557126224040985,0.528056025505066,0.424243211746216
-0.663071632385254,-0.185100138187408,1.01688194274902,0.480400770902634,-0.557126224040985,0.528056025505066,0.424243211746216
-0.662077486515045,-0.184785723686218,1.01677942276001,0.48168221116066,-0.556438565254211,0.528204560279846,0.423507124185562
-0.661277174949646,-0.184256657958031,1.01725852489471,0.482490420341492,-0.555185854434967,0.528515338897705,0.423843711614609
-0.660519003868103,-0.183863073587418,1.01749658584595,0.483128130435944,-0.554592847824097,0.528341114521027,0.424110472202301
-0.659822523593903,-0.183412909507751,1.01760983467102,0.484837472438812,-0.553104817867279,0.528898358345032,0.423408150672913
-0.659197151660919,-0.183101549744606,1.01769697666168,0.485439330339432,-0.55263090133667,0.529238879680634,0.422911435365677
-0.658455908298492,-0.182812824845314,1.0178564786911,0.48534619808197,-0.552421569824219,0.528919994831085,0.423689961433411
-0.657946646213531,-0.182685509324074,1.01750671863556,0.485967099666595,-0.552212417125702,0.528770506381989,0.423437237739563
-0.657228648662567,-0.182195156812668,1.01759076118469,0.486934274435043,-0.550826132297516,0.529336214065552,0.423425316810608
-0.656344771385193,-0.18147885799408,1.01810431480408,0.487805634737015,-0.549157857894897,0.529734671115875,0.424090296030045
-0.655722200870514,-0.181078672409058,1.01826119422913,0.488210678100586,-0.548584282398224,0.529743909835815,0.424354910850525
-0.655313372612,-0.18095651268959,1.0181964635849,0.489864230155945,-0.548022389411926,0.528922259807587,0.424200475215912
-0.654453217983246,-0.180626064538956,1.01836085319519,0.49093571305275,-0.546926140785217,0.528843641281128,0.424474388360977
-0.653849840164185,-0.180297136306763,1.01858365535736,0.491615355014801,-0.546238541603088,0.52869325876236,0.424760401248932
-0.653153657913208,-0.17991977930069,1.01872944831848,0.49243950843811,-0.545377969741821,0.529036402702332,0.424484252929688
-0.65226799249649,-0.179451942443848,1.01878571510315,0.493585169315338,-0.543772459030151,0.529664158821106,0.424430459737778
-0.651503145694733,-0.178865909576416,1.01912403106689,0.493967294692993,-0.542895674705505,0.529734671115875,0.425019890069961
-0.650882601737976,-0.178485870361328,1.01924788951874,0.494656682014465,-0.542038917541504,0.53000009059906,0.424980610609055
-0.650186777114868,-0.178138732910156,1.01944732666016,0.495393067598343,-0.541297137737274,0.52991783618927,0.425170987844467
-0.649414718151093,-0.177720412611961,1.01958978176117,0.495992660522461,-0.540412187576294,0.530040800571442,0.425444036722183
-0.648799359798431,-0.17713925242424,1.01986837387085,0.49641016125679,-0.539538621902466,0.530259430408478,0.425793349742889
-0.648209154605865,-0.176791697740555,1.01998400688171,0.496918201446533,-0.538886249065399,0.530424296855927,0.425821542739868
-0.647625625133514,-0.176653116941452,1.01963472366333,0.497867792844772,-0.538289368152618,0.530620515346527,0.425222635269165
-0.646863996982574,-0.175913959741592,1.02046489715576,0.498111546039581,-0.537062346935272,0.530880153179169,0.4261634349823
-0.646305501461029,-0.175410836935043,1.0206356048584,0.498401373624802,-0.53628796339035,0.531356692314148,0.426205664873123
-0.645541965961456,-0.174938529729843,1.02085113525391,0.499084949493408,-0.535210311412811,0.53174763917923,0.426273375749588
-0.645541965961456,-0.174938529729843,1.02085113525391,0.499084949493408,-0.535210311412811,0.53174763917923,0.426273375749588
-0.644432783126831,-0.174105435609818,1.02140772342682,0.499613255262375,-0.534042954444885,0.532640278339386,0.426003307104111
-0.644432783126831,-0.174105435609818,1.02140772342682,0.499613255262375,-0.534042954444885,0.532640278339386,0.426003307104111
-0.643131375312805,-0.173364385962486,1.0214147567749,0.501367270946503,-0.531861424446106,0.53401517868042,0.424949556589127
-0.64239227771759,-0.172761663794517,1.02199804782867,0.501750409603119,-0.530759811401367,0.534654140472412,0.42507129907608
-0.642034292221069,-0.172684729099274,1.02244567871094,0.500986337661743,-0.531970024108887,0.533902943134308,0.425403565168381
-0.642034292221069,-0.172684729099274,1.02244567871094,0.500986337661743,-0.531970024108887,0.533902943134308,0.425403565168381
-0.640239715576172,-0.171611398458481,1.02242302894592,0.503739356994629,-0.527933835983276,0.536785185337067,0.423549592494965
-0.639629483222961,-0.170954376459122,1.02334690093994,0.503926396369934,-0.526840448379517,0.537709295749664,0.423516720533371
-0.63915753364563,-0.171148657798767,1.0232355594635,0.503672420978546,-0.527774333953857,0.537308037281036,0.423164904117584
-0.638517796993256,-0.170555993914604,1.02394735813141,0.503704130649567,-0.52688866853714,0.538035571575165,0.423306196928024
-0.637956321239471,-0.170187801122665,1.02440285682678,0.503890335559845,-0.526281774044037,0.538752138614655,0.422928184270859
-0.637379229068756,-0.169848293066025,1.02477085590363,0.50397527217865,-0.525816321372986,0.539592444896698,0.422333925962448
-0.636746525764465,-0.16947802901268,1.0250529050827,0.504275560379028,-0.52528715133667,0.540254414081573,0.421787798404694
-0.636151492595673,-0.16903467476368,1.02531504631042,0.504059970378876,-0.524992942810059,0.5408735871315,0.421617925167084
-0.635504364967346,-0.168575212359428,1.0256541967392,0.503949880599976,-0.524412095546722,0.541730344295502,0.421372413635254
-0.634811818599701,-0.168249249458313,1.02593302726746,0.504241287708282,-0.523773312568665,0.542504668235779,0.420821905136108
-0.634283781051636,-0.167900040745735,1.02621638774872,0.504418551921844,-0.52326500415802,0.543272852897644,0.420250505208969
-0.633774995803833,-0.167486816644668,1.02667284011841,0.504098892211914,-0.522848844528198,0.544434905052185,0.419647842645645
-0.63325035572052,-0.167173251509666,1.02700507640839,0.504261493682861,-0.522210955619812,0.545616328716278,0.418711245059967
-0.632602632045746,-0.166874080896378,1.02738678455353,0.504179656505585,-0.521786749362946,0.546395123004913,0.418322682380676
-0.632245302200317,-0.166802018880844,1.02741253376007,0.504215717315674,-0.521763980388641,0.547253012657166,0.417184799909592
-0.631687164306641,-0.166234478354454,1.02810800075531,0.50432288646698,-0.520836591720581,0.548372983932495,0.416743248701096
-0.631203532218933,-0.165922224521637,1.02844524383545,0.503976762294769,-0.520590364933014,0.549517691135406,0.415960997343063
-0.630530297756195,-0.16564729809761,1.02879750728607,0.50432938337326,-0.520074188709259,0.550257205963135,0.4152010679245
-0.630066931247711,-0.165247470140457,1.02913236618042,0.504311978816986,-0.519456446170807,0.55162638425827,0.414177149534225
-0.62959361076355,-0.164858907461166,1.02942109107971,0.504182755947113,-0.51908665895462,0.552554070949554,0.413561016321182
-0.629223108291626,-0.164831757545471,1.02925610542297,0.504173815250397,-0.51918613910675,0.553411662578583,0.412298738956451
-0.628662645816803,-0.164473682641983,1.02969622612,0.504088938236237,-0.518578231334686,0.554459035396576,0.411759972572327
-0.628319382667542,-0.164109170436859,1.03011870384216,0.503886282444,-0.518346309661865,0.555480897426605,0.41092175245285
-0.62792706489563,-0.163750350475311,1.03042685985565,0.504148364067078,-0.517844498157501,0.55632221698761,0.410094171762466
-0.627573728561401,-0.163514941930771,1.03052175045013,0.503921687602997,-0.517748653888702,0.557444095611572,0.408968657255173
-0.627073049545288,-0.162822559475899,1.03133428096771,0.50382936000824,-0.516752481460571,0.558592915534973,0.408775001764297
-0.626573085784912,-0.162473171949387,1.03167867660522,0.503809034824371,-0.516652464866638,0.559000790119171,0.408368527889252
-0.626430571079254,-0.16236001253128,1.03176820278168,0.503548383712769,-0.517065703868866,0.559753656387329,0.407133996486664
-0.626365184783936,-0.16042660176754,1.03411781787872,0.500663220882416,-0.516952812671661,0.560417413711548,0.409912824630737
-0.625974535942078,-0.159766316413879,1.03457617759705,0.500514268875122,-0.516301453113556,0.56131500005722,0.409687280654907
-0.625700891017914,-0.159296035766602,1.03484761714935,0.500265419483185,-0.516075253486633,0.561957061290741,0.40939599275589
-0.625514030456543,-0.15885466337204,1.03510117530823,0.499992549419403,-0.515832185745239,0.562789499759674,0.408892035484314
-0.625297009944916,-0.158394753932953,1.03535127639771,0.499703377485275,-0.515772581100464,0.56347268819809,0.408379554748535
-0.625151574611664,-0.157845184206963,1.03568601608276,0.499121457338333,-0.515900135040283,0.564011037349701,0.408186852931976
-0.625087440013885,-0.157461419701576,1.03589701652527,0.498699516057968,-0.516098320484161,0.564654588699341,0.407561630010605
-0.625148296356201,-0.157266035676003,1.03594434261322,0.498272597789764,-0.516707479953766,0.564907491207123,0.406961053609848
-0.624918043613434,-0.156641781330109,1.0365172624588,0.497864097356796,-0.516664445400238,0.565159440040588,0.407166063785553
-0.624927878379822,-0.156232938170433,1.03683471679688,0.497499614953995,-0.516682028770447,0.565658211708069,0.406896322965622
-0.625099897384644,-0.155858337879181,1.03708004951477,0.497273504734039,-0.516949772834778,0.566013216972351,0.406338810920715
-0.625232636928558,-0.155443832278252,1.03728294372559,0.496597558259964,-0.517333924770355,0.566444993019104,0.406074404716492
-0.625491142272949,-0.15523698925972,1.03706979751587,0.496130168437958,-0.518097996711731,0.566711664199829,0.405299097299576
-0.625491142272949,-0.15523698925972,1.03706979751587,0.496130168437958,-0.518097996711731,0.566711664199829,0.405299097299576
-0.625789880752563,-0.154379427433014,1.03745865821838,0.495149731636047,-0.518665909767151,0.567369103431702,0.404851734638214
-0.625789880752563,-0.154379427433014,1.03745865821838,0.495149731636047,-0.518665909767151,0.567369103431702,0.404851734638214
-0.626276850700378,-0.153519555926323,1.0378954410553,0.496620863676071,-0.517359554767609,0.567050933837891,0.405166655778885
-0.626499891281128,-0.153115928173065,1.03812825679779,0.493426740169525,-0.51981908082962,0.56770783662796,0.405001312494278
-0.626817524433136,-0.152706027030945,1.03827285766602,0.492813050746918,-0.520383775234222,0.567633032798767,0.405128300189972
-0.627235949039459,-0.151953428983688,1.03897547721863,0.492127776145935,-0.520344853401184,0.567892730236053,0.405646800994873
-0.627648770809174,-0.151534050703049,1.03922891616821,0.491468369960785,-0.521065413951874,0.567584872245789,0.405952274799347
-0.628001689910889,-0.151136070489883,1.03947138786316,0.491118520498276,-0.52142059803009,0.567435741424561,0.406127899885178
-0.628525257110596,-0.15105827152729,1.03919303417206,0.490702748298645,-0.522296249866486,0.567239284515381,0.40577957034111
-0.628910779953003,-0.150549530982971,1.03943729400635,0.489988833665848,-0.522636651992798,0.567058920860291,0.406455397605896
-0.629501938819885,-0.150152578949928,1.03971087932587,0.489032119512558,-0.523471057415009,0.56663966178894,0.407118111848831
-0.629865050315857,-0.149482056498527,1.0402227640152,0.488380998373032,-0.523548424243927,0.566370487213135,0.408173143863678
-0.63035386800766,-0.149113640189171,1.04033088684082,0.487634479999542,-0.524146854877472,0.565860092639923,0.409005135297775
-0.632884085178375,-0.15163442492485,1.04097354412079,0.480458289384842,-0.538729727268219,0.55519711971283,0.413141995668411
-0.633541345596313,-0.151212841272354,1.04129147529602,0.479722559452057,-0.539267182350159,0.554926753044128,0.413658708333969
-0.633952736854553,-0.150500804185867,1.04189133644104,0.478912860155106,-0.539259672164917,0.554554164409637,0.415104001760483
-0.634441137313843,-0.150250002741814,1.04160189628601,0.478466778993607,-0.539732456207275,0.554066777229309,0.415654420852661
-0.634899258613586,-0.149736881256103,1.04167687892914,0.478207588195801,-0.539617240428925,0.553721308708191,0.41656157374382
-0.635532081127167,-0.149234250187874,1.04179978370667,0.477460116147995,-0.539886236190796,0.55335658788681,0.417554020881653
-0.635875225067139,-0.148517563939094,1.04232168197632,0.47666198015213,-0.539876759052277,0.552729189395905,0.419305324554443
-0.636286616325378,-0.148027956485748,1.04253351688385,0.476408869028091,-0.539768397808075,0.552156329154968,0.420485556125641
-0.636756002902985,-0.147576689720154,1.04257917404175,0.475836157798767,-0.539964556694031,0.551423072814941,0.421842336654663
-0.637392997741699,-0.147095590829849,1.04265558719635,0.474978625774383,-0.540330111980438,0.550902903079987,0.42301869392395
-0.637931108474731,-0.146617531776428,1.04272556304932,0.474590420722961,-0.540351748466492,0.550300896167755,0.424208492040634
-0.638289272785187,-0.14621689915657,1.04283308982849,0.474253058433533,-0.540404260158539,0.549441158771515,0.425630897283554
-0.638725101947784,-0.145792782306671,1.04303383827209,0.473998725414276,-0.540372431278229,0.548671662807465,0.426945477724075
-0.63911497592926,-0.145294845104218,1.04311728477478,0.473851442337036,-0.53996342420578,0.54834771156311,0.428040862083435
-0.639763176441193,-0.144815295934677,1.04325675964355,0.472873985767365,-0.540427446365356,0.547592103481293,0.429501086473465
-0.64020699262619,-0.14435938000679,1.04328012466431,0.472661733627319,-0.540419638156891,0.546558856964111,0.431057959794998
-0.640596210956573,-0.143960267305374,1.04338264465332,0.472367942333221,-0.540332436561584,0.545866906642914,0.432364195585251
-0.640961050987244,-0.143536299467087,1.04353427886963,0.472188115119934,-0.540214955806732,0.54488468170166,0.433943390846252
-0.641459405422211,-0.143005102872849,1.04357385635376,0.471660375595093,-0.540255784988403,0.544172585010529,0.435357719659805
-0.641459405422211,-0.143005102872849,1.04357385635376,0.471660375595093,-0.540255784988403,0.544172585010529,0.435357719659805
-0.642352819442749,-0.14204803109169,1.04368782043457,0.470913350582123,-0.540226936340332,0.542608201503754,0.438145726919174
-0.642831027507782,-0.141661301255226,1.0437285900116,0.470409154891968,-0.54043447971344,0.541734337806702,0.439510762691498
-0.64312756061554,-0.141229659318924,1.04379177093506,0.470403015613556,-0.5401731133461,0.54089879989624,0.440865874290466
-0.64358252286911,-0.140859097242355,1.04388821125031,0.47000190615654,-0.540296614170074,0.540090680122375,0.442131221294403
-0.643958508968353,-0.140409901738167,1.04389274120331,0.469449698925018,-0.540617644786835,0.539049386978149,0.443593949079513
-0.644454002380371,-0.139890760183334,1.04384911060333,0.469133257865906,-0.540388643741608,0.538546741008759,0.444816559553146
-0.644815742969513,-0.139419078826904,1.04388797283173,0.468665361404419,-0.540403246879578,0.53789097070694,0.446083664894104
-0.645335793495178,-0.139017805457115,1.0439178943634,0.468283742666245,-0.540601313114166,0.537234246730804,0.447034597396851
-0.645686686038971,-0.138599291443825,1.04391729831696,0.468132823705673,-0.54053395986557,0.536451041698456,0.448213070631027
-0.646051824092865,-0.138262152671814,1.04401993751526,0.467878311872482,-0.540715515613556,0.535585463047028,0.449293732643127
-0.646379470825195,-0.13786007463932,1.04400098323822,0.467852264642715,-0.54058700799942,0.534970581531525,0.450206905603409
-0.646760582923889,-0.137409508228302,1.04397320747375,0.46701255440712,-0.54114156961441,0.534513533115387,0.45095506310463
-0.647294104099274,-0.137043327093124,1.04401850700378,0.466909348964691,-0.541239798069,0.533686995506287,0.451921910047531
-0.647582113742828,-0.136626452207565,1.04395711421967,0.467070758342743,-0.540938496589661,0.533263623714447,0.452615201473236
-0.647797822952271,-0.136191666126251,1.04401588439941,0.467002093791962,-0.540801167488098,0.532722294330597,0.453486651182175
-0.648038983345032,-0.135873958468437,1.04405832290649,0.466865569353104,-0.540906548500061,0.532208204269409,0.454104900360107
-0.648038983345032,-0.135873958468437,1.04405832290649,0.466865569353104,-0.540906548500061,0.532208204269409,0.454104900360107
-0.648622214794159,-0.135270953178406,1.04410898685455,0.466618686914444,-0.541324734687805,0.530969023704529,0.455309480428696
-0.648910343647003,-0.134929031133652,1.04407930374146,0.466435939073563,-0.541503667831421,0.530532121658325,0.45579269528389
-0.64929324388504,-0.134524017572403,1.04414463043213,0.466082900762558,-0.541624307632446,0.530381321907043,0.456185728311539
-0.649605810642242,-0.134433180093765,1.04388689994812,0.466072678565979,-0.542010486125946,0.529984474182129,0.456198900938034
-0.649691939353943,-0.133886218070984,1.04417896270752,0.46605771780014,-0.541609823703766,0.529891908168793,0.456797301769257
-0.649785399436951,-0.133621245622635,1.04413640499115,0.466421335935593,-0.541433393955231,0.529606640338898,0.456965714693069
-0.649878978729248,-0.13335508108139,1.0441300868988,0.466264754533768,-0.541782259941101,0.529060125350952,0.45734491944313
-0.649945437908173,-0.133104920387268,1.04414224624634,0.466068804264069,-0.541972279548645,0.528840780258179,0.457573384046555
-0.650047421455383,-0.132804572582245,1.04405426979065,0.466010719537735,-0.542191088199615,0.528602719306946,0.457648575305939
-0.650087118148804,-0.132547795772552,1.04407680034637,0.465944170951843,-0.542536973953247,0.528204739093781,0.45776554942131
-0.65009218454361,-0.132287323474884,1.04405224323273,0.465968072414398,-0.542627811431885,0.528024554252625,0.457841336727142
-0.649996995925903,-0.131947189569473,1.04394912719727,0.46607294678688,-0.54248183965683,0.528027653694153,0.457904756069183
-0.649957716464996,-0.131683900952339,1.04390597343445,0.466114103794098,-0.542490065097809,0.528041005134583,0.457837045192719
-0.649889409542084,-0.131475120782852,1.04384934902191,0.466237545013428,-0.542420208454132,0.528141736984253,0.45767804980278
-0.649800181388855,-0.13123345375061,1.0438266992569,0.466276437044144,-0.542372286319733,0.528241395950317,0.457580268383026
-0.649756252765656,-0.13122496008873,1.04347920417786,0.466588586568832,-0.54241681098938,0.528475940227509,0.456937968730927
-0.649658262729645,-0.131066709756851,1.0434490442276,0.466744631528854,-0.542561173439026,0.528433263301849,0.456656366586685
-0.649513185024261,-0.130890488624573,1.04342186450958,0.466864883899689,-0.542562484741211,0.52859491109848,0.456344932317734
-0.649377286434174,-0.130753517150879,1.04340589046478,0.467044830322266,-0.542612016201019,0.528930068016052,0.455713331699371
-0.649160444736481,-0.130364790558815,1.04363548755646,0.466618567705154,-0.542632579803467,0.529237449169159,0.455768227577209
-0.648999631404877,-0.130277961492538,1.04362463951111,0.466600269079208,-0.542922794818878,0.529518604278564,0.455114603042602
-0.648798644542694,-0.130147278308868,1.04360675811768,0.46677553653717,-0.54282557964325,0.529885768890381,0.454623132944107
-0.648602187633514,-0.130057454109192,1.04360294342041,0.466979146003723,-0.542802631855011,0.530260384082794,0.454004168510437
-0.648341417312622,-0.129922479391098,1.04369449615479,0.467051953077316,-0.542770504951477,0.530575156211853,0.45359992980957
-0.648082435131073,-0.129835098981857,1.04369795322418,0.466944217681885,-0.542932629585266,0.530848801136017,0.453196257352829
-0.64785361289978,-0.129752516746521,1.04372882843018,0.46697598695755,-0.54290235042572,0.531378746032715,0.452578485012054
-0.647639393806458,-0.129684254527092,1.04374492168427,0.467050909996033,-0.542937397956848,0.531836807727814,0.451920449733734
-0.647422850131989,-0.129579871892929,1.04372906684875,0.467310100793839,-0.542612433433533,0.532586514949799,0.451159477233887
-0.647202908992767,-0.129485309123993,1.04371547698975,0.466915190219879,-0.543039560317993,0.532868981361389,0.450720548629761
-0.647202908992767,-0.129485309123993,1.04371547698975,0.466915190219879,-0.543039560317993,0.532868981361389,0.450720548629761
-0.64670991897583,-0.129278287291527,1.04367077350616,0.466888308525085,-0.542996406555176,0.534170091152191,0.449257671833038
-0.646458745002747,-0.129200115799904,1.04365599155426,0.46683743596077,-0.543030679225922,0.534702360630035,0.448635548353195
-0.646210491657257,-0.129140198230743,1.04358732700348,0.466790586709976,-0.542957723140717,0.535591661930084,0.447710901498795
-0.645787537097931,-0.129156589508057,1.04369187355042,0.466990619897842,-0.542955040931702,0.535924911499023,0.447106719017029
-0.645535826683044,-0.129051849246025,1.04367136955261,0.46699932217598,-0.542962670326233,0.536499738693237,0.446398586034775
-0.645535826683044,-0.129051849246025,1.04367136955261,0.46699932217598,-0.542962670326233,0.536499738693237,0.446398586034775
-0.645059645175934,-0.128982678055763,1.04354012012482,0.466864228248596,-0.543308079242706,0.537542700767517,0.444861352443695
-0.644734382629395,-0.128838658332825,1.04347848892212,0.467270910739899,-0.542893588542938,0.538344502449036,0.443970680236816
-0.644435584545135,-0.128817766904831,1.04344570636749,0.467534065246582,-0.542904198169708,0.538726449012756,0.443216502666473
-0.644076526165009,-0.128621116280556,1.04333770275116,0.467872053384781,-0.542552828788757,0.539448797702789,0.4424107670784
-0.643673181533813,-0.128713488578796,1.04324960708618,0.467876136302948,-0.543168663978577,0.539244592189789,0.441899508237839
-0.643212795257568,-0.128634408116341,1.04314768314362,0.468563079833984,-0.542676985263824,0.539830267429352,0.44105988740921
-0.642689108848572,-0.128569558262825,1.04302382469177,0.469237416982651,-0.542247116565704,0.540369629859924,0.440210282802582
-0.642169535160065,-0.128522753715515,1.04292786121368,0.470050245523453,-0.541914165019989,0.540692627429962,0.439355909824371
-0.641581654548645,-0.128439590334892,1.04283261299133,0.47110852599144,-0.541329860687256,0.541111707687378,0.438425451517105
-0.64093953371048,-0.128388926386833,1.04280686378479,0.471885144710541,-0.541006624698639,0.541262090206146,0.43780317902565
-0.640293419361115,-0.128296494483948,1.04265344142914,0.472923845052719,-0.540340006351471,0.541726589202881,0.436930388212204
-0.639631032943726,-0.128212064504623,1.04251480102539,0.473886072635651,-0.539722263813019,0.542069852352142,0.436224699020386
-0.63881242275238,-0.128247380256653,1.04244267940521,0.475445687770844,-0.538984656333923,0.542169809341431,0.435314655303955
-0.638092160224915,-0.128254160284996,1.04207682609558,0.47710582613945,-0.538097679615021,0.542532801628113,0.434141874313354
-0.637361466884613,-0.12822300195694,1.04191780090332,0.478685528039932,-0.537143290042877,0.543029487133026,0.432962208986282
-0.636489987373352,-0.128210306167603,1.04185128211975,0.480282723903656,-0.536129295825958,0.543220460414886,0.432210028171539
-0.635671973228455,-0.127935230731964,1.04207980632782,0.481336981058121,-0.53510856628418,0.543659329414368,0.431749999523163
-0.634876012802124,-0.127946019172668,1.04168200492859,0.482990175485611,-0.534112691879272,0.544119417667389,0.430555760860443
-0.633963704109192,-0.127754092216492,1.04176104068756,0.484315365552902,-0.533000767230988,0.544485807418823,0.429981589317322
-0.633091509342194,-0.127644032239914,1.04161107540131,0.485982775688171,-0.531662583351135,0.545102000236511,0.428974896669388
-0.632101237773895,-0.127621218562126,1.04156470298767,0.48768162727356,-0.530579924583435,0.545234024524689,0.428218930959701
-0.631252527236938,-0.127579003572464,1.04150521755219,0.489206820726395,-0.529703736305237,0.545396685600281,0.427355945110321
-0.630449593067169,-0.127474009990692,1.04145753383636,0.490464597940445,-0.528759777545929,0.545804858207703,0.426561266183853
-0.62956166267395,-0.127423793077469,1.04135513305664,0.49174565076828,-0.527885973453522,0.546119153499603,0.425765872001648
-0.62956166267395,-0.127423793077469,1.04135513305664,0.49174565076828,-0.527885973453522,0.546119153499603,0.425765872001648
-0.628065884113312,-0.127328023314476,1.04122745990753,0.494183629751205,-0.525957763195038,0.547279715538025,0.423834711313248
-0.627175271511078,-0.127287596464157,1.04112792015076,0.495785713195801,-0.5248783826828,0.547594606876373,0.422894060611725
-0.626470446586609,-0.127208381891251,1.04104709625244,0.496895223855972,-0.524019300937653,0.548107147216797,0.421992391347885
-0.625917732715607,-0.127414137125015,1.04058504104614,0.498110711574554,-0.523482978343964,0.548653483390808,0.420512348413467
-0.625223875045776,-0.127426579594612,1.0405433177948,0.498777151107788,-0.522966742515564,0.549194931983948,0.419657468795776
-0.624540448188782,-0.127152025699615,1.04090046882629,0.499516516923904,-0.521934568881989,0.549974203109741,0.419041752815247
-0.624016761779785,-0.127197414636612,1.0408787727356,0.500190615653992,-0.521426677703857,0.550588071346283,0.418062299489975
-0.623490393161774,-0.127466827630997,1.04062461853027,0.500944256782532,-0.521296262741089,0.551057159900665,0.416702508926392
-0.622759282588959,-0.127557963132858,1.04045569896698,0.501814663410187,-0.520707249641418,0.551616549491882,0.415650337934494
-0.622214794158936,-0.127600312232971,1.04052782058716,0.502443194389343,-0.520224452018738,0.552309513092041,0.414574086666107
-0.621624767780304,-0.127613395452499,1.04048407077789,0.503114938735962,-0.519737660884857,0.552859365940094,0.413636028766632
-0.620802283287048,-0.127424538135529,1.04073762893677,0.503822803497314,-0.518846213817596,0.553412437438965,0.413153648376465
-0.620309889316559,-0.127644807100296,1.04046475887299,0.504283726215363,-0.51876699924469,0.554094076156616,0.411775052547455
-0.620309889316559,-0.127644807100296,1.04046475887299,0.504283726215363,-0.51876699924469,0.554094076156616,0.411775052547455
-0.619135618209839,-0.127856314182281,1.04016184806824,0.505995094776154,-0.517432391643524,0.555620491504669,0.409290224313736
-0.618550777435303,-0.127901673316956,1.0401611328125,0.506461322307587,-0.516930282115936,0.556536495685577,0.408101677894592
-0.617912113666534,-0.127873033285141,1.0402135848999,0.507252037525177,-0.516067683696747,0.557370901107788,0.407071620225906
-0.617382049560547,-0.127788335084915,1.04050540924072,0.507506370544434,-0.515730261802673,0.557893753051758,0.406465440988541
-0.616628050804138,-0.127834558486938,1.04025650024414,0.508441090583801,-0.514787197113037,0.558832585811615,0.405201464891434
-0.615997672080994,-0.127855032682419,1.03995287418365,0.509378850460052,-0.513836920261383,0.559921026229858,0.403724312782288
-0.615417718887329,-0.127825319766998,1.03992569446564,0.509740769863129,-0.51347690820694,0.560526907444,0.402883917093277
-0.614854156970978,-0.127776741981506,1.04019320011139,0.509795308113098,-0.513654232025146,0.560465276241302,0.402674406766891
-0.614763259887695,-0.128114879131317,1.04030454158783,0.509289085865021,-0.514848113059998,0.560544013977051,0.401679694652557
-0.614141166210175,-0.128100484609604,1.0403733253479,0.509948551654816,-0.514384269714355,0.560989081859589,0.400814831256866
-0.613551318645477,-0.128054395318031,1.04039835929871,0.510517716407776,-0.513889074325562,0.561564862728119,0.399918258190155
-0.612332224845886,-0.127643391489983,1.04025745391846,0.512247800827026,-0.511414706707001,0.563050031661987,0.398788064718246
-0.611786186695099,-0.127581357955933,1.04027009010315,0.512914896011353,-0.510874152183533,0.563586592674255,0.397864460945129
-0.611162662506104,-0.127140551805496,1.04085671901703,0.513271391391754,-0.509814202785492,0.564439475536346,0.397555232048035
-0.610483050346375,-0.127094030380249,1.04089081287384,0.513554275035858,-0.510379254817963,0.56408953666687,0.396961241960526
-0.609953641891479,-0.126987740397453,1.04093635082245,0.513725876808167,-0.51020735502243,0.56450629234314,0.396366983652115
-0.609455406665802,-0.126951396465302,1.0409916639328,0.514650940895081,-0.508831381797791,0.565744757652283,0.395168542861938
-0.608947157859802,-0.126899033784866,1.04104018211365,0.515313625335693,-0.508322358131409,0.566322267055511,0.394131273031235
-0.608301043510437,-0.126843363046646,1.04105925559998,0.516101956367493,-0.507773041725159,0.566675364971161,0.393299490213394
-0.60772705078125,-0.126752927899361,1.04104590415955,0.51716685295105,-0.506991922855377,0.567167937755585,0.392196655273438
-0.607236385345459,-0.126700162887573,1.0410670042038,0.517522573471069,-0.506727993488312,0.567752122879028,0.391222059726715
-0.606753885746002,-0.126605123281479,1.04107809066772,0.518328189849854,-0.50610876083374,0.568304777145386,0.390153348445892
-0.60617607831955,-0.126538395881653,1.04110586643219,0.519157350063324,-0.505480587482452,0.56869101524353,0.389301508665085
-0.60564923286438,-0.126316234469414,1.04109847545624,0.519861996173859,-0.504582822322845,0.569430708885193,0.388443619012833
-0.605269372463226,-0.12620010972023,1.04114437103271,0.520197927951813,-0.504210829734802,0.570173621177673,0.387385606765747
-0.604949414730072,-0.126177906990051,1.04120802879333,0.520900547504425,-0.502852439880371,0.571640431880951,0.386043190956116
-0.604571759700775,-0.126014620065689,1.04123163223267,0.520998597145081,-0.503752827644348,0.570874989032745,0.385869801044464
-0.604121029376984,-0.125931799411774,1.04123854637146,0.521571815013885,-0.503366887569427,0.571232259273529,0.385069251060486
-0.603815138339996,-0.125903457403183,1.04126250743866,0.521955370903015,-0.503250956535339,0.571474492549896,0.384340971708298
-0.603532671928406,-0.125838324427605,1.04128885269165,0.522301495075226,-0.503099024295807,0.571774244308472,0.383623450994492
-0.603288531303406,-0.125787422060966,1.04132735729218,0.522646427154541,-0.502897799015045,0.572120666503906,0.382900208234787
-0.603069841861725,-0.125702694058418,1.04132127761841,0.52295994758606,-0.502674996852875,0.572563111782074,0.382102608680725
-0.597529947757721,-0.114463239908218,1.04255783557892,0.538583874702454,-0.458117187023163,0.601015210151672,0.372608244419098
-0.597378551959991,-0.114394061267376,1.04258704185486,0.538780272006989,-0.457868009805679,0.601439356803894,0.371945559978485
-0.602661430835724,-0.125552043318748,1.04141449928284,0.52323704957962,-0.502503991127014,0.573829352855682,0.380043148994446
-0.602568328380585,-0.125478744506836,1.04141914844513,0.523322701454163,-0.502431869506836,0.574159741401672,0.379520982503891
-0.602527141571045,-0.125461772084236,1.04147481918335,0.523335695266724,-0.502481877803802,0.574473321437836,0.378962069749832
-0.602541029453278,-0.12546506524086,1.04149389266968,0.523252844810486,-0.502679109573364,0.574715614318848,0.378447115421295
-0.602545201778412,-0.125440314412117,1.04151666164398,0.523154377937317,-0.50292044878006,0.574851632118225,0.378055781126022
-0.602589249610901,-0.12547542154789,1.04159581661224,0.523156106472015,-0.502972781658173,0.575186789035797,0.377473533153534
-0.602758347988129,-0.125683963298798,1.04135632514954,0.522574961185455,-0.504695236682892,0.574498534202576,0.377027273178101
-0.602737247943878,-0.125424087047577,1.0416624546051,0.522475719451904,-0.504375040531158,0.574852287769318,0.377054363489151
-0.602852642536163,-0.125443205237389,1.04171049594879,0.521902799606323,-0.504859626293182,0.575026452541351,0.376933574676514
-0.602990329265594,-0.125431060791016,1.04176163673401,0.521705389022827,-0.50503134727478,0.575203359127045,0.376706659793854
-0.602990329265594,-0.125431060791016,1.04176163673401,0.521705389022827,-0.50503134727478,0.575203359127045,0.376706659793854
-0.603435456752777,-0.125681504607201,1.04159438610077,0.521220743656158,-0.505984604358673,0.575304985046387,0.375942498445511
-0.603617548942566,-0.125618696212768,1.04165196418762,0.520895898342133,-0.506157755851746,0.575429856777191,0.375968307256699
-0.603845059871674,-0.125695437192917,1.0417308807373,0.521710574626923,-0.503762245178223,0.577458798885345,0.374944388866425
-0.604059398174286,-0.125686749815941,1.04177272319794,0.52141672372818,-0.50395530462265,0.577500462532043,0.375029534101486
-0.60415381193161,-0.125413954257965,1.04206025600433,0.521173477172852,-0.503667891025543,0.577674448490143,0.375485360622406
-0.604402363300323,-0.125390261411667,1.04208588600159,0.520990431308746,-0.503814697265625,0.577598631381989,0.375659018754959
-0.604759156703949,-0.125383362174034,1.04209899902344,0.520531177520752,-0.504226863384247,0.577500581741333,0.37589305639267
-0.604759156703949,-0.125383362174034,1.04209899902344,0.520531177520752,-0.504226863384247,0.577500581741333,0.37589305639267
-0.605278611183167,-0.125345468521118,1.04215002059937,0.519322156906128,-0.506161212921143,0.57606840133667,0.377161353826523
-0.605533540248871,-0.125302881002426,1.04225385189056,0.519059300422668,-0.506312251091003,0.575916528701782,0.377552002668381
-0.605809092521667,-0.125362366437912,1.04226088523865,0.518806159496307,-0.506623864173889,0.575666189193726,0.377863883972168
-0.606070220470428,-0.125370427966118,1.04228234291077,0.518701791763306,-0.506695330142975,0.575492024421692,0.378176212310791
-0.606386244297028,-0.125754445791245,1.04174470901489,0.518860101699829,-0.507069110870361,0.575308561325073,0.377736955881119
-0.60665500164032,-0.125754997134209,1.04179275035858,0.518628537654877,-0.507217705249786,0.574991345405579,0.378338009119034
-0.60703307390213,-0.125724479556084,1.04184699058533,0.518617630004883,-0.50726842880249,0.574677407741547,0.378761678934097
-0.607346475124359,-0.125730335712433,1.04190719127655,0.518218219280243,-0.507583737373352,0.574315249919891,0.379434883594513
-0.607657670974731,-0.125726044178009,1.04196155071259,0.517864584922791,-0.507794260978699,0.574036955833435,0.380056411027908
-0.607945442199707,-0.125293493270874,1.04257893562317,0.517081797122955,-0.507683575153351,0.57371997833252,0.381744861602783
-0.608301937580109,-0.125302046537399,1.04263198375702,0.516673386096954,-0.508049666881561,0.573251247406006,0.382514178752899
-0.60871410369873,-0.125290632247925,1.04269742965698,0.516185820102692,-0.50827419757843,0.572989284992218,0.383266061544418
-0.609146296977997,-0.125242561101913,1.04273092746735,0.516036510467529,-0.508293688297272,0.572763681411743,0.383778244256973
-0.609515130519867,-0.125189825892448,1.04277372360229,0.515176355838776,-0.509625971317291,0.571644186973572,0.384834736585617
-0.609860956668854,-0.125169262290001,1.04285073280334,0.514536559581757,-0.509977161884308,0.571187615394592,0.385901778936386
-0.610268533229828,-0.125180602073669,1.04294753074646,0.514420628547668,-0.509322822093964,0.571421086788177,0.386574298143387
-0.610724866390228,-0.125154405832291,1.04298210144043,0.51383912563324,-0.50970846414566,0.571043312549591,0.387396305799484
-0.611289203166962,-0.125075221061706,1.04299378395081,0.513486206531525,-0.50980418920517,0.5709308385849,0.387904316186905
-0.611825585365295,-0.125068590044975,1.04304099082947,0.512868046760559,-0.510276913642883,0.570475518703461,0.38876947760582
-0.612371683120728,-0.125032812356949,1.04308760166168,0.512417733669281,-0.51049530506134,0.570183336734772,0.3895044028759
-0.612900197505951,-0.124988578259945,1.04313719272614,0.511740565299988,-0.510934233665466,0.569807648658752,0.390367716550827
-0.613481938838959,-0.124922320246696,1.04323887825012,0.511086940765381,-0.511306762695312,0.569432497024536,0.391282796859741
-0.613971531391144,-0.124866344034672,1.04338371753693,0.510821282863617,-0.51143479347229,0.568934857845306,0.392185419797897
-0.614467322826385,-0.124890029430389,1.0434764623642,0.510236978530884,-0.511871635913849,0.568465888500214,0.393055200576782
-0.615041375160217,-0.124938704073429,1.04351234436035,0.509600877761841,-0.512446939945221,0.567937672138214,0.393893122673035
-0.615655779838562,-0.124877236783504,1.04353785514832,0.508343458175659,-0.514021456241608,0.566862285137177,0.395014047622681
-0.616215348243713,-0.12486120313406,1.04361081123352,0.507993042469025,-0.514405071735382,0.566289901733398,0.395785599946976
-0.616778671741486,-0.125126242637634,1.0431056022644,0.507666707038879,-0.515096426010132,0.565835237503052,0.39595553278923
-0.617304801940918,-0.125112041831017,1.04315650463104,0.507524788379669,-0.514447212219238,0.566064298152924,0.396653562784195
-0.617911696434021,-0.125057548284531,1.04321622848511,0.506454527378082,-0.515257954597473,0.565623641014099,0.397596448659897
-0.618342995643616,-0.124621346592903,1.04379773139954,0.505906522274017,-0.515036821365356,0.565337896347046,0.39898481965065
-0.618846118450165,-0.124581038951874,1.04386043548584,0.505260109901428,-0.51557993888855,0.564590573310852,0.400158822536469
-0.61952006816864,-0.124840669333935,1.04374718666077,0.504640460014343,-0.516814112663269,0.5636927485466,0.400613963603973
-0.620109558105469,-0.124796815216541,1.04384183883667,0.504055976867676,-0.517223358154297,0.563405930995941,0.401224702596664
-0.620578587055206,-0.124843798577785,1.04366052150726,0.504209220409393,-0.517122507095337,0.563113391399384,0.401572853326797
-0.621162295341492,-0.124853737652302,1.04387617111206,0.503608167171478,-0.517711341381073,0.5625159740448,0.402404934167862
-0.621696054935455,-0.124795220792293,1.04395759105682,0.503052175045013,-0.518054485321045,0.562214136123657,0.403079897165298
-0.622270345687866,-0.124733470380306,1.04406106472015,0.502415895462036,-0.518581748008728,0.561658620834351,0.403969079256058
-0.622690737247467,-0.124292209744453,1.04480016231537,0.501660525798798,-0.518538057804108,0.561243414878845,0.405537754297256
-0.623211324214935,-0.124285995960236,1.04486560821533,0.501457631587982,-0.518715977668762,0.560803055763245,0.406170010566711
-0.623699426651001,-0.124158017337322,1.04510354995728,0.500902235507965,-0.519011199474335,0.560335576534271,0.407122135162354
-0.624245285987854,-0.124053902924061,1.04520344734192,0.500290989875793,-0.51934152841568,0.560045838356018,0.407850593328476
-0.624730467796326,-0.123919263482094,1.04528594017029,0.499755144119263,-0.519583940505981,0.55975079536438,0.408603191375732
-0.625292122364044,-0.123953193426132,1.04544770717621,0.499421656131744,-0.520048081874847,0.559190213680267,0.409187406301498
-0.625828564167023,-0.12390798330307,1.04557049274445,0.498760133981705,-0.520609796047211,0.558621525764465,0.410056084394455
-0.626416802406311,-0.123799577355385,1.04567968845367,0.498024582862854,-0.521105229854584,0.558294117450714,0.410765916109085
-0.626883566379547,-0.123705357313156,1.04578173160553,0.497629284858704,-0.521259784698486,0.558003962039948,0.411442309617996
-0.627368628978729,-0.123679280281067,1.04588842391968,0.497405856847763,-0.521584212779999,0.557408571243286,0.412108212709427
-0.627766132354736,-0.123614616692066,1.04597747325897,0.49685925245285,-0.521953225135803,0.55695503950119,0.412912845611572
-0.628207087516785,-0.123549595475197,1.04613435268402,0.49616414308548,-0.522485494613647,0.556389272212982,0.413837045431137
-0.628785252571106,-0.123494267463684,1.04617643356323,0.49543708562851,-0.522937595844269,0.556208312511444,0.414380192756653
-0.629807591438293,-0.124129913747311,1.04574930667877,0.494213283061981,-0.525297522544861,0.555055201053619,0.414402574300766
-0.630234479904175,-0.124034345149994,1.0458300113678,0.493629336357117,-0.525576829910278,0.554766774177551,0.415130019187927
-0.630709648132324,-0.123928755521774,1.04601466655731,0.493194878101349,-0.525863349437714,0.554334700107574,0.415860563516617
-0.631198287010193,-0.123946726322174,1.04607653617859,0.492481648921966,-0.526533305644989,0.553910970687866,0.416421473026276
-0.631198287010193,-0.123946726322174,1.04607653617859,0.492481648921966,-0.526533305644989,0.553910970687866,0.416421473026276
-0.631516933441162,-0.123448573052883,1.04631543159485,0.492510348558426,-0.525209009647369,0.554306745529175,0.417532414197922
-0.631862282752991,-0.123480528593063,1.04639673233032,0.492084801197052,-0.525617361068726,0.553853034973145,0.41812190413475
-0.632166802883148,-0.123458974063396,1.04649329185486,0.491758435964584,-0.525794446468353,0.553596258163452,0.418622672557831
-0.632860243320465,-0.123643718659878,1.04664874076843,0.490996539592743,-0.527023017406464,0.552740097045898,0.419103413820267
-0.633154332637787,-0.123653471469879,1.04673624038696,0.490655690431595,-0.527274787425995,0.552317261695862,0.419742673635483
-0.633533298969269,-0.123654007911682,1.04678523540497,0.490245759487152,-0.527572631835938,0.552065789699554,0.420178294181824
-0.633804023265839,-0.12363887578249,1.0468385219574,0.489923030138016,-0.527783453464508,0.551798820495605,0.420640170574188
-0.63408625125885,-0.123723298311234,1.04673075675964,0.489690363407135,-0.528055667877197,0.551564455032349,0.42087709903717
-0.63434374332428,-0.123602204024792,1.04696357250214,0.489227503538132,-0.528204619884491,0.551365375518799,0.421488493680954
-0.634575247764587,-0.123608700931072,1.04698467254639,0.489020377397537,-0.528286337852478,0.551242768764496,0.421786963939667
-0.634575247764587,-0.123608700931072,1.04698467254639,0.489020377397537,-0.528286337852478,0.551242768764496,0.421786963939667
-0.635054230690002,-0.123669326305389,1.04710209369659,0.488959491252899,-0.528203845024109,0.550926566123962,0.422373712062836
-0.635339081287384,-0.123711191117764,1.04715645313263,0.488666921854019,-0.52848619222641,0.550695538520813,0.422659993171692
-0.635529220104218,-0.123728416860104,1.04719638824463,0.488534569740295,-0.52852874994278,0.55058091878891,0.422908842563629
-0.635529220104218,-0.123728416860104,1.04719638824463,0.488534569740295,-0.52852874994278,0.55058091878891,0.422908842563629
-0.635919570922852,-0.123814754188061,1.04734182357788,0.487991183996201,-0.528797388076782,0.550377249717712,0.423465073108673
-0.636050522327423,-0.123872093856335,1.04741096496582,0.487831324338913,-0.528859794139862,0.55026650428772,0.423715710639954
-0.636164128780365,-0.123917877674103,1.04748320579529,0.487702697515488,-0.528824388980865,0.550227165222168,0.423958718776703
-0.636261284351349,-0.12394855171442,1.04761147499084,0.487600654363632,-0.528761982917786,0.550249099731445,0.424125552177429
-0.636350333690643,-0.123974330723286,1.04774749279022,0.487423777580261,-0.528777241706848,0.55016303062439,0.424421548843384
-0.636458933353424,-0.12405165284872,1.04786384105682,0.487213879823685,-0.52881532907486,0.550146579742432,0.42463606595993
-0.636586546897888,-0.124167442321777,1.04796934127808,0.487012922763824,-0.52893453836441,0.550108551979065,0.424767524003982
-0.636692821979523,-0.124260984361172,1.04810345172882,0.486828446388245,-0.528923630714417,0.550203502178192,0.424869418144226
-0.636785507202148,-0.124371878802776,1.04821860790253,0.48659086227417,-0.528969466686249,0.550260543823242,0.425010561943054
-0.636888802051544,-0.124482505023479,1.04834485054016,0.486284554004669,-0.529043734073639,0.550361156463623,0.425138562917709
-0.636966109275818,-0.124585174024105,1.04847943782806,0.486003547906876,-0.529015123844147,0.550509989261627,0.425302386283875
-0.637024998664856,-0.124699272215366,1.04855978488922,0.485696941614151,-0.529075145721436,0.550599575042725,0.425462007522583
-0.637055575847626,-0.12480528652668,1.04868853092194,0.485498756170273,-0.529015064239502,0.550738394260406,0.42558342218399
-0.637114942073822,-0.125011295080185,1.04861569404602,0.485508561134338,-0.528876960277557,0.551054239273071,0.425334990024567
-0.637145161628723,-0.12514665722847,1.04878282546997,0.485270649194717,-0.528938770294189,0.551106452941895,0.425461828708649
-0.637110710144043,-0.125257909297943,1.04886722564697,0.48527655005455,-0.528734028339386,0.551322817802429,0.425429463386536
-0.637110710144043,-0.125257909297943,1.04886722564697,0.48527655005455,-0.528734028339386,0.551322817802429,0.425429463386536
-0.63702118396759,-0.125541299581528,1.04904270172119,0.484926640987396,-0.52873557806015,0.551390409469604,0.425738871097565
-0.636867880821228,-0.125681757926941,1.04912185668945,0.48510280251503,-0.528355121612549,0.551608562469482,0.425728023052216
-0.636867880821228,-0.125681757926941,1.04912185668945,0.48510280251503,-0.528355121612549,0.551608562469482,0.425728023052216
-0.636549293994904,-0.125868499279022,1.0492490530014,0.485428303480148,-0.52749764919281,0.552065491676331,0.425828069448471
-0.636549293994904,-0.125868499279022,1.0492490530014,0.485428303480148,-0.52749764919281,0.552065491676331,0.425828069448471
-0.635998547077179,-0.126048475503922,1.0492490530014,0.485365808010101,-0.52694696187973,0.552283048629761,0.426298350095749
-0.635839760303497,-0.126172482967377,1.04920542240143,0.48527780175209,-0.526883602142334,0.552346110343933,0.426395297050476
-0.635639011859894,-0.126268118619919,1.04916155338287,0.48535618185997,-0.526641190052032,0.5524782538414,0.426434308290482
-0.635442972183228,-0.126391351222992,1.04906141757965,0.485268801450729,-0.526561379432678,0.552604615688324,0.426468819379807
-0.635302305221558,-0.126474112272262,1.04907786846161,0.485242128372192,-0.526410222053528,0.552848100662231,0.426370143890381
-0.635103225708008,-0.126462787389755,1.04891586303711,0.485206246376038,-0.526122212409973,0.553103685379028,0.426434904336929
-0.634281754493713,-0.125785782933235,1.04930067062378,0.485896617174149,-0.523868262767792,0.554024159908295,0.427227765321732
-0.634905517101288,-0.126732528209686,1.04860711097717,0.485028058290482,-0.526167631149292,0.553305268287659,0.42631995677948
-0.634713530540466,-0.12676203250885,1.04826998710632,0.485222071409225,-0.525797069072723,0.553667306900024,0.426086276769638
-0.634586691856384,-0.126863241195679,1.04798531532288,0.485132962465286,-0.525936782360077,0.553719520568848,0.425947368144989
-0.634371876716614,-0.12660139799118,1.04824149608612,0.484733819961548,-0.525660336017609,0.553830802440643,0.426598101854324
-0.633725225925446,-0.126167759299278,1.04825365543365,0.485193997621536,-0.524322748184204,0.554307818412781,0.427101224660873
-0.63360995054245,-0.126273512840271,1.04798257350922,0.485155910253525,-0.524530470371246,0.554267704486847,0.426941394805908
-0.633539080619812,-0.126544088125229,1.0474214553833,0.485172837972641,-0.525057852268219,0.55404531955719,0.426562368869781
-0.633813619613647,-0.127576798200607,1.04593789577484,0.485667139291763,-0.526555836200714,0.553742289543152,0.424541831016541
-0.633037924766541,-0.126456707715988,1.04723703861237,0.485753804445267,-0.524603605270386,0.554136395454407,0.426341444253922
-0.632680177688599,-0.126562625169754,1.04697644710541,0.486421257257461,-0.524303257465363,0.554102599620819,0.425993859767914
-0.632436454296112,-0.126715779304504,1.04671704769135,0.486778408288956,-0.524347841739655,0.554062783718109,0.425582617521286
-0.632277548313141,-0.127286612987518,1.04599857330322,0.48768749833107,-0.52470737695694,0.553902804851532,0.424305021762848
-0.631872057914734,-0.127190977334976,1.04617428779602,0.488106489181518,-0.524335145950317,0.553750574588776,0.424482047557831
-0.631550252437592,-0.12739172577858,1.04592037200928,0.48884305357933,-0.524227321147919,0.553571999073029,0.424000382423401
-0.63121634721756,-0.127534732222557,1.04564130306244,0.489608377218246,-0.523991048336029,0.553540170192719,0.423450440168381
-0.630937039852142,-0.127723574638367,1.04535007476807,0.490257889032364,-0.524012804031372,0.553333342075348,0.422942161560059
-0.630634486675262,-0.127880364656448,1.04509031772614,0.49086982011795,-0.523939847946167,0.553192794322968,0.422506600618362
-0.630414128303528,-0.128340035676956,1.0445351600647,0.491584300994873,-0.524290680885315,0.552871286869049,0.421660602092743
-0.630239367485046,-0.128574252128601,1.04423999786377,0.491988748311996,-0.524604141712189,0.552645623683929,0.421094417572021
-0.630080282688141,-0.12880676984787,1.04392850399017,0.4923235476017,-0.524889290332794,0.552475214004517,0.420571178197861
-0.629806756973267,-0.12880951166153,1.04388892650604,0.492473155260086,-0.524845600128174,0.552469491958618,0.420457988977432
-0.62969958782196,-0.129309505224228,1.04299902915955,0.493105113506317,-0.525257527828217,0.552429378032684,0.41925385594368
-0.629607737064362,-0.129570573568344,1.04267978668213,0.49335390329361,-0.525565326213837,0.552364349365234,0.418660789728165
-0.629607737064362,-0.129570573568344,1.04267978668213,0.49335390329361,-0.525565326213837,0.552364349365234,0.418660789728165
-0.62965589761734,-0.12992000579834,1.04256391525269,0.4930180311203,-0.526560604572296,0.552076995372772,0.418184369802475
-0.629906892776489,-0.130438923835754,1.04202783107758,0.492905586957932,-0.527458429336548,0.552097916603088,0.417156547307968
-0.630098879337311,-0.130753129720688,1.04175138473511,0.492611289024353,-0.528146624565125,0.552100002765656,0.416630417108536
-0.630359470844269,-0.131139755249023,1.04148590564728,0.492126315832138,-0.529104828834534,0.551992475986481,0.416130274534225
-0.630607008934021,-0.131486505270004,1.04109108448029,0.491876274347305,-0.52962464094162,0.552338719367981,0.415304243564606
-0.631076514720917,-0.131868571043014,1.04081249237061,0.490835130214691,-0.530899405479431,0.552372455596924,0.414863228797913
-0.63151079416275,-0.132370740175247,1.04040551185608,0.489968448877335,-0.532194197177887,0.552380859851837,0.414217203855515
-0.631966412067413,-0.132683083415031,1.04041683673859,0.488894402980804,-0.53338760137558,0.5522620677948,0.414109498262405
-0.632477998733521,-0.133097797632217,1.04024219512939,0.488075226545334,-0.534399390220642,0.552344679832458,0.413661003112793
-0.632477998733521,-0.133097797632217,1.04024219512939,0.488075226545334,-0.534399390220642,0.552344679832458,0.413661003112793
-0.633699655532837,-0.133858233690262,1.03969967365265,0.486027896404266,-0.536478698253632,0.552781105041504,0.412796050310135
-0.633699655532837,-0.133858233690262,1.03969967365265,0.486027896404266,-0.536478698253632,0.552781105041504,0.412796050310135
-0.634675920009613,-0.13468411564827,1.03919172286987,0.484096348285675,-0.538473069667816,0.552858173847198,0.412365704774857
-0.635188817977905,-0.135148257017136,1.03883898258209,0.483059406280518,-0.53942209482193,0.553076207637787,0.41204896569252
-0.635973989963531,-0.135740041732788,1.03825795650482,0.481937825679779,-0.540737688541412,0.553267657756805,0.411380290985107
-0.636432945728302,-0.135943502187729,1.03810501098633,0.480903536081314,-0.541334629058838,0.55345344543457,0.411555469036102
-0.637084662914276,-0.136410132050514,1.03774738311768,0.479853689670563,-0.542462170124054,0.55326771736145,0.41154608130455
-0.637856841087341,-0.136836841702461,1.03741574287415,0.478505700826645,-0.543794274330139,0.553098142147064,0.41158527135849
-0.638486206531525,-0.137208461761475,1.03705751895905,0.477099865674972,-0.545012593269348,0.552897751331329,0.411875128746033
-0.639095306396484,-0.137670129537582,1.03661620616913,0.476110726594925,-0.545923173427582,0.55278480052948,0.411965370178223
-0.640047490596771,-0.138278365135193,1.03574550151825,0.474893897771835,-0.547502994537354,0.552577972412109,0.411550611257553
-0.640633404254913,-0.138399839401245,1.03576278686523,0.47324812412262,-0.548385918140411,0.55241721868515,0.412485510110855
-0.641484498977661,-0.139157712459564,1.03489649295807,0.472188353538513,-0.550087630748749,0.551925420761108,0.412092208862305
-0.6424440741539,-0.139543563127518,1.03449177742004,0.470735013484955,-0.551397144794464,0.551589250564575,0.41245487332344
-0.643029391765594,-0.139611303806305,1.03449213504791,0.469933778047562,-0.55155211687088,0.551445245742798,0.413353145122528
-0.644095957279205,-0.140450000762939,1.03359115123749,0.468617886304855,-0.553622961044312,0.550720810890198,0.41304424405098
-0.645130515098572,-0.140834212303162,1.03318858146667,0.467171132564545,-0.554983854293823,0.550390958786011,0.413296699523926
-0.64600145816803,-0.141151130199432,1.03273510932922,0.465329110622406,-0.556535542011261,0.550013482570648,0.413789808750153
-0.64705902338028,-0.141494542360306,1.03228402137756,0.464876234531403,-0.557382643222809,0.549116492271423,0.414349883794784
-0.648023068904877,-0.141639560461044,1.03224182128906,0.462276250123978,-0.559199273586273,0.548297584056854,0.415892720222473
-0.649373054504395,-0.142285168170929,1.03148293495178,0.46061897277832,-0.561540246009827,0.547152519226074,0.416085183620453
-0.650403738021851,-0.142590761184692,1.03109788894653,0.460574418306351,-0.562036693096161,0.546562671661377,0.416239321231842
-0.651715993881226,-0.142966911196709,1.03079450130463,0.459365278482437,-0.563533544540405,0.545662343502045,0.41673281788826
-0.652803957462311,-0.143219664692879,1.03089892864227,0.457156926393509,-0.565177381038666,0.544804453849792,0.418055474758148
-0.654201447963715,-0.143778324127197,1.03004121780396,0.45607390999794,-0.566786646842957,0.543947994709015,0.418174654245377
-0.655482470989227,-0.143917605280876,1.02967846393585,0.454725682735443,-0.567972540855408,0.543087720870972,0.41915100812912
-0.656697332859039,-0.144121751189232,1.02933883666992,0.454488843679428,-0.568603575229645,0.542090058326721,0.419843196868896
-0.65762060880661,-0.143249839544296,1.02866983413696,0.451498568058014,-0.569310545921326,0.541780531406403,0.422502726316452
-0.658890783786774,-0.143474221229553,1.02832758426666,0.450361251831055,-0.570643544197083,0.540518283843994,0.423533529043198
-0.660641431808472,-0.1445442289114,1.02873396873474,0.449637532234192,-0.572893619537354,0.538581728935242,0.423732072114944
-0.662165999412537,-0.144970268011093,1.02809250354767,0.448764115571976,-0.574309647083282,0.537449300289154,0.424178928136826
-0.663456618785858,-0.145112410187721,1.0282084941864,0.447353720664978,-0.575612246990204,0.535969376564026,0.425772339105606
-0.664945125579834,-0.145342662930489,1.02770757675171,0.446353048086166,-0.576496958732605,0.534837543964386,0.427046954631805
-0.666167497634888,-0.144182026386261,1.02672481536865,0.443334013223648,-0.577218353748322,0.534253835678101,0.429938316345215
-0.66747123003006,-0.144429206848145,1.02596879005432,0.443445831537247,-0.577663481235504,0.532824277877808,0.430997490882873
-0.6689493060112,-0.144513845443726,1.0257157087326,0.441261291503906,-0.579221546649933,0.531398594379425,0.432904750108719
-0.670481562614441,-0.144642025232315,1.02546715736389,0.439761906862259,-0.580653131008148,0.530169606208801,0.434018343687057
-0.671927869319916,-0.144762128591537,1.02503836154938,0.438900470733643,-0.581499636173248,0.528324007987976,0.436002850532532
-0.673466503620148,-0.144894897937775,1.02497267723083,0.437604516744614,-0.5826416015625,0.526722073554993,0.437715798616409
-0.674987494945526,-0.144972115755081,1.0246684551239,0.436071544885635,-0.584022700786591,0.525454998016357,0.438926368951797
-0.676699459552765,-0.145038336515427,1.02438473701477,0.434270471334457,-0.585795104503632,0.523255228996277,0.440973073244095
-0.678168892860413,-0.144931435585022,1.02413368225098,0.433072119951248,-0.586471498012543,0.521473050117493,0.4433573782444
-0.679661929607391,-0.144769668579102,1.02409696578979,0.431656926870346,-0.587181031703949,0.519858121871948,0.44568857550621
-0.681339025497437,-0.144617319107056,1.02391219139099,0.429731547832489,-0.589024186134338,0.517492771148682,0.447864681482315
-0.682816743850708,-0.144574403762817,1.02370035648346,0.428670048713684,-0.589433610439301,0.516305983066559,0.449708849191666
-0.684315860271454,-0.144430577754974,1.02346873283386,0.42728254199028,-0.59075254201889,0.513981759548187,0.451955705881119
-0.685980319976807,-0.144321829080582,1.02330327033997,0.425450384616852,-0.591892242431641,0.51214724779129,0.454269886016846
-0.687475621700287,-0.144105806946754,1.02308785915375,0.423750132322311,-0.593275487422943,0.510847330093384,0.455516308546066
-0.688868165016174,-0.143777668476105,1.02345216274261,0.422517448663711,-0.594014465808868,0.508444726467133,0.458377599716187
-0.690474152565002,-0.143625885248184,1.02334785461426,0.421405583620071,-0.594435632228851,0.508308470249176,0.459005564451218
-0.692087292671204,-0.143724724650383,1.02295100688934,0.418196678161621,-0.596570193767548,0.504080235958099,0.463809162378311
-0.693449676036835,-0.143621355295181,1.02276825904846,0.418806314468384,-0.597221493721008,0.502524852752686,0.464108496904373
-0.694859743118286,-0.143386304378509,1.02262961864471,0.418252974748611,-0.597778737545013,0.500830471515656,0.465718775987625
-0.696353077888489,-0.143190741539001,1.02257883548737,0.416684925556183,-0.598523855209351,0.500330567359924,0.466703742742538
-0.697640717029572,-0.1431705057621,1.02251327037811,0.416247069835663,-0.599348843097687,0.497741729021072,0.468799084424972
-0.699089825153351,-0.142847657203674,1.02235746383667,0.415318220853805,-0.600451171398163,0.494273453950882,0.471871763467789
-0.700360953807831,-0.142592415213585,1.02231454849243,0.414019852876663,-0.600774705410004,0.494122296571732,0.472758501768112
-0.700360953807831,-0.142592415213585,1.02231454849243,0.414019852876663,-0.600774705410004,0.494122296571732,0.472758501768112
-0.702844202518463,-0.142226815223694,1.02212798595428,0.413715332746506,-0.601374983787537,0.490611582994461,0.475907564163208
-0.703997731208801,-0.141894817352295,1.02191805839539,0.412758618593216,-0.602320432662964,0.48711958527565,0.479119002819061
-0.705384612083435,-0.141674682497978,1.02176105976105,0.411095798015594,-0.603901028633118,0.48435115814209,0.481360465288162
-0.706333041191101,-0.141373664140701,1.02178692817688,0.411009758710861,-0.603353381156921,0.484482020139694,0.481988608837128
-0.707582652568817,-0.141046226024628,1.02167141437531,0.409716486930847,-0.604544222354889,0.482340902090073,0.483741790056229
-0.708710014820099,-0.140668749809265,1.02154064178467,0.40889909863472,-0.60516369342804,0.48078840970993,0.485201984643936
-0.70973265171051,-0.140356630086899,1.02145969867706,0.407783091068268,-0.605769157409668,0.479148536920547,0.487004637718201
-0.710666358470917,-0.140056818723679,1.02136301994324,0.40762785077095,-0.606632053852081,0.475283354520798,0.489839613437653
-0.71175229549408,-0.139607727527618,1.02133524417877,0.406595826148987,-0.60713404417038,0.474065750837326,0.491253137588501
-0.712785184383392,-0.139391332864761,1.02129364013672,0.4057876765728,-0.607913076877594,0.473339557647705,0.491658270359039
-0.713702082633972,-0.139096081256866,1.02125453948975,0.40506836771965,-0.608681261539459,0.471383720636368,0.493177562952042
-0.713702082633972,-0.139096081256866,1.02125453948975,0.40506836771965,-0.608681261539459,0.471383720636368,0.493177562952042
-0.71551775932312,-0.138258457183838,1.02106308937073,0.403605699539185,-0.609529376029968,0.468966633081436,0.495627641677856
-0.716306984424591,-0.13799475133419,1.0210667848587,0.403236359357834,-0.609908223152161,0.46775558590889,0.496605843305588
-0.716965675354004,-0.137692764401436,1.02103161811829,0.402945667505264,-0.610244035720825,0.466225892305374,0.497865974903107
-0.717583656311035,-0.137363433837891,1.02100825309753,0.402123600244522,-0.610969364643097,0.464772880077362,0.498998194932938
-0.718318462371826,-0.13699871301651,1.02101385593414,0.401537150144577,-0.611477673053741,0.463371813297272,0.500149786472321
-0.719017267227173,-0.136652737855911,1.02100503444672,0.400743514299393,-0.6120285987854,0.46236726641655,0.501040935516357
-0.719441890716553,-0.13634118437767,1.0210177898407,0.400659799575806,-0.612166881561279,0.45912891626358,0.503908753395081
-0.71990180015564,-0.136069193482399,1.02094638347626,0.400184094905853,-0.612600922584534,0.458005011081696,0.504781544208527
-0.72031033039093,-0.135803431272507,1.02092003822327,0.399019926786423,-0.613287746906281,0.456651985645294,0.506093323230743
-0.720757246017456,-0.135558754205704,1.02094185352325,0.399621903896332,-0.613188982009888,0.455856621265411,0.506454586982727
-0.721125543117523,-0.135328412055969,1.02103245258331,0.399052232503891,-0.613596439361572,0.455141365528107,0.507053554058075
-0.721390843391418,-0.135072141885757,1.02110064029694,0.398873120546341,-0.613631069660187,0.454615592956543,0.507623672485352
-0.721735954284668,-0.134914934635162,1.02120041847229,0.398182272911072,-0.614232838153839,0.455766648054123,0.50640457868576
-0.72190660238266,-0.134705305099487,1.0213280916214,0.398148268461227,-0.613973617553711,0.455783158540726,0.506730854511261
-0.722077488899231,-0.134563982486725,1.02143228054047,0.397884279489517,-0.614212453365326,0.455010861158371,0.507342636585236
-0.722216725349426,-0.134413331747055,1.0215117931366,0.397556364536285,-0.614350140094757,0.454650789499283,0.507755398750305
-0.72243720293045,-0.134365722537041,1.02143001556396,0.397273927927017,-0.614614188671112,0.454435408115387,0.507849812507629
-0.722464084625244,-0.134174525737762,1.02178502082825,0.396929919719696,-0.614559888839722,0.454238891601562,0.508360147476196
-0.722582340240479,-0.133976727724075,1.02187836170197,0.396388351917267,-0.614752411842346,0.454187631607056,0.508595645427704
-0.722688734531403,-0.133891552686691,1.02220261096954,0.396003246307373,-0.614870548248291,0.454114645719528,0.508818089962006
-0.722868502140045,-0.133839294314384,1.02226650714874,0.395694017410278,-0.614966511726379,0.454381167888641,0.508704543113708
-0.722950637340546,-0.133759140968323,1.02244019508362,0.395456850528717,-0.614970862865448,0.45213994383812,0.510875940322876
-0.723145842552185,-0.133782386779785,1.02284681797028,0.394769310951233,-0.615429162979126,0.454503923654556,0.508753776550293
-0.723242402076721,-0.133805513381958,1.02298378944397,0.394378900527954,-0.615593254566193,0.454707533121109,0.50867623090744
-0.723341584205627,-0.133765935897827,1.02311944961548,0.393972724676132,-0.615614593029022,0.455144673585892,0.508574247360229
-0.723380446434021,-0.133782714605331,1.02337622642517,0.393434315919876,-0.615745186805725,0.455427676439285,0.50857937335968
-0.723369538784027,-0.133763462305069,1.02358245849609,0.393193662166595,-0.615458250045776,0.456516534090042,0.508136391639709
-0.723389387130737,-0.133784502744675,1.02378416061401,0.392194777727127,-0.615933477878571,0.456623077392578,0.508236765861511
-0.723893940448761,-0.134206771850586,1.0238584280014,0.390205800533295,-0.618098974227905,0.455459237098694,0.508183002471924
-0.723881721496582,-0.134265601634979,1.02405607700348,0.390197038650513,-0.617901384830475,0.45590016245842,0.508034825325012
-0.723161041736603,-0.133889228105545,1.02437889575958,0.391544789075851,-0.615451097488403,0.458164870738983,0.507934927940369
-0.723098456859589,-0.133950233459473,1.02456104755402,0.39118504524231,-0.615359902381897,0.458745449781418,0.507798373699188
-0.722959518432617,-0.134004235267639,1.02472829818726,0.391091138124466,-0.614998161792755,0.459914952516556,0.507250607013702
-0.722843527793884,-0.134127795696258,1.02476465702057,0.390698611736298,-0.61492532491684,0.460415959358215,0.507187068462372
-0.722659468650818,-0.134222418069839,1.02493941783905,0.390702456235886,-0.614513278007507,0.461301863193512,0.506878435611725
-0.722427904605865,-0.134293556213379,1.02509355545044,0.390722036361694,-0.614184617996216,0.461896568536758,0.506720066070557
-0.722182810306549,-0.134470760822296,1.02532780170441,0.390914559364319,-0.613875567913055,0.462493002414703,0.506402015686035
-0.721928119659424,-0.13454258441925,1.02547335624695,0.39098185300827,-0.613381505012512,0.463649392127991,0.505890846252441
-0.721644103527069,-0.134657129645348,1.0256439447403,0.39095675945282,-0.613128900527954,0.464244365692139,0.50567090511322
-0.721322119235992,-0.134782001376152,1.02588713169098,0.391051054000854,-0.612867832183838,0.464593142271042,0.50559413433075
-0.720895528793335,-0.134956330060959,1.02595210075378,0.391732007265091,-0.612190723419189,0.465343564748764,0.505196988582611
-0.721100091934204,-0.135476589202881,1.0259964466095,0.390518575906753,-0.614088475704193,0.463971376419067,0.505095303058624
-0.720794975757599,-0.13562373816967,1.02612662315369,0.390782594680786,-0.613687634468079,0.464929491281509,0.504496932029724
-0.72040730714798,-0.135701790452003,1.02641034126282,0.390861004590988,-0.613358378410339,0.465418815612793,0.504385411739349
-0.71943861246109,-0.135426431894302,1.02665138244629,0.392787247896194,-0.610711753368378,0.467654913663864,0.504031836986542
-0.719035029411316,-0.135521978139877,1.02679181098938,0.393327265977859,-0.610250949859619,0.468095660209656,0.503759860992432
-0.718709170818329,-0.135730683803558,1.02694046497345,0.393543779850006,-0.610216200351715,0.468151181936264,0.50358110666275
-0.718343675136566,-0.135821878910065,1.02705478668213,0.39402961730957,-0.609638690948486,0.469186782836914,0.502936601638794
-0.717990279197693,-0.135933220386505,1.02723920345306,0.393970787525177,-0.609571754932404,0.469399333000183,0.502865552902222
-0.717459857463837,-0.135935664176941,1.02737987041473,0.39489409327507,-0.608506321907043,0.470419585704803,0.502478003501892
-0.717036008834839,-0.136077493429184,1.02745294570923,0.395488262176514,-0.608027040958405,0.470823019742966,0.502213180065155
-0.716437816619873,-0.136241942644119,1.02748429775238,0.396442085504532,-0.607305884361267,0.471228271722794,0.501953363418579
-0.716054320335388,-0.136386439204216,1.027592420578,0.396855860948563,-0.606992185115814,0.471823751926422,0.501446306705475
-0.715672969818115,-0.136474013328552,1.02762413024902,0.396753042936325,-0.606726586818695,0.472279995679855,0.50141966342926
-0.715275824069977,-0.136502593755722,1.02777826786041,0.396916031837463,-0.606535196304321,0.472450971603393,0.501361012458801
-0.714847981929779,-0.136570900678635,1.0277841091156,0.397359430789948,-0.606230616569519,0.472648203372955,0.501192331314087
-0.714465737342834,-0.136694326996803,1.02772557735443,0.398349404335022,-0.605824112892151,0.472949177026749,0.500613629817963
-0.714112281799316,-0.136803030967712,1.02765345573425,0.398788839578628,-0.605553150177002,0.473562210798263,0.500011622905731
-0.713872194290161,-0.137093290686607,1.02745068073273,0.399187862873077,-0.605789065361023,0.473546415567398,0.49942222237587
-0.713872194290161,-0.137093290686607,1.02745068073273,0.399187862873077,-0.605789065361023,0.473546415567398,0.49942222237587
-0.712974369525909,-0.137321993708611,1.0275000333786,0.40051332116127,-0.605141878128052,0.473996758460998,0.498717874288559
-0.712300539016724,-0.137334957718849,1.02747464179993,0.40193384885788,-0.604066014289856,0.474666267633438,0.498242199420929
-0.711527705192566,-0.137287601828575,1.02780866622925,0.40298056602478,-0.60314530134201,0.475342929363251,0.497867166996002
-0.711128771305084,-0.137512102723122,1.02730965614319,0.403604805469513,-0.602960884571075,0.476098775863647,0.496861666440964
-0.710722148418427,-0.137661918997765,1.02728486061096,0.404985338449478,-0.602482736110687,0.476078361272812,0.496337443590164
-0.710134327411652,-0.137620896100998,1.02765345573425,0.405554592609406,-0.601981222629547,0.476259976625443,0.496306866407394
-0.709560751914978,-0.137911111116409,1.02718460559845,0.406501919031143,-0.602173030376434,0.474688768386841,0.496804267168045
-0.708947539329529,-0.138030022382736,1.02711939811707,0.408086806535721,-0.600934028625488,0.476893335580826,0.494890362024307
-0.708343982696533,-0.138235598802567,1.02706289291382,0.409380733966827,-0.600507855415344,0.476925432682037,0.494307547807693
-0.707569718360901,-0.138404875993729,1.02693581581116,0.410449087619781,-0.599833130836487,0.477558791637421,0.493628948926926
-0.707382321357727,-0.139018058776855,1.02676355838776,0.410476297140121,-0.601390361785889,0.475978344678879,0.493237823247909
-0.706054925918579,-0.138697683811188,1.02689337730408,0.413641333580017,-0.598487854003906,0.476111114025116,0.493995487689972
-0.705282688140869,-0.138929635286331,1.0268886089325,0.415197402238846,-0.597493410110474,0.477908760309219,0.492154538631439
-0.704282402992249,-0.139154493808746,1.02691853046417,0.416856437921524,-0.59681099653244,0.476580590009689,0.492867559194565
-0.703509330749512,-0.139484167098999,1.02686095237732,0.418413400650024,-0.596240699291229,0.476571649312973,0.492246896028519
-0.702526867389679,-0.139590442180633,1.02690422534943,0.420420110225677,-0.594576776027679,0.476762652397156,0.492364525794983
-0.701585054397583,-0.139866858720779,1.02681136131287,0.42215758562088,-0.593821585178375,0.477408438920975,0.491162121295929
-0.700470507144928,-0.140089973807335,1.02675569057465,0.42400050163269,-0.592655956745148,0.477780818939209,0.490620166063309
-0.699451744556427,-0.140278965234756,1.02671086788177,0.425595223903656,-0.591600835323334,0.478707134723663,0.48960879445076
-0.69842666387558,-0.140554368495941,1.02669978141785,0.428151279687881,-0.590211868286133,0.478811204433441,0.488954395055771
-0.697302877902985,-0.140732496976852,1.02671194076538,0.430169284343719,-0.58886581659317,0.47940593957901,0.488222777843475
-0.696320533752441,-0.140933096408844,1.02669429779053,0.431814163923263,-0.58780699968338,0.479921489953995,0.487539499998093
-0.69514262676239,-0.141279578208923,1.02673649787903,0.433777540922165,-0.586601197719574,0.480350106954575,0.486826479434967
-0.694041728973389,-0.141482770442963,1.02678942680359,0.434583395719528,-0.585597515106201,0.481271952390671,0.486405491828918
-0.692922174930573,-0.141664952039719,1.02687287330627,0.436761647462845,-0.584251046180725,0.481911897659302,0.485438853502274
-0.691641867160797,-0.141786217689514,1.02707183361053,0.438591420650482,-0.582794845104218,0.482567578554153,0.484887957572937
-0.690519034862518,-0.142233341932297,1.02689230442047,0.440318316221237,-0.582152664661407,0.482799828052521,0.483862072229385
-0.689416825771332,-0.142421901226044,1.02690315246582,0.442184656858444,-0.58076536655426,0.483931034803391,0.482695758342743
-0.688296914100647,-0.142612114548683,1.02726817131042,0.443752408027649,-0.579271852970123,0.484498530626297,0.482482224702835
-0.686729252338409,-0.142718091607094,1.02761316299438,0.447242021560669,-0.576356589794159,0.485889256000519,0.481351613998413
-0.685751080513,-0.143123298883438,1.02746558189392,0.448925316333771,-0.575527667999268,0.486722737550735,0.479932069778442
-0.685751080513,-0.143123298883438,1.02746558189392,0.448925316333771,-0.575527667999268,0.486722737550735,0.479932069778442
-0.683273136615753,-0.143646538257599,1.02755808830261,0.452634185552597,-0.572830319404602,0.489181727170944,0.477167785167694
-0.683273136615753,-0.143646538257599,1.02755808830261,0.452634185552597,-0.572830319404602,0.489181727170944,0.477167785167694
-0.680882632732391,-0.144155278801918,1.02821063995361,0.455452919006348,-0.571071743965149,0.490667313337326,0.475063562393188
-0.6797034740448,-0.145548641681671,1.02921533584595,0.458278477191925,-0.570702791213989,0.491216003894806,0.472214162349701
-0.678276658058167,-0.14578415453434,1.02942001819611,0.460059940814972,-0.569304823875427,0.492214232683182,0.471128702163696
-0.677147328853607,-0.146068006753922,1.02928328514099,0.461590945720673,-0.567997217178345,0.493523448705673,0.46983790397644
-0.675448060035706,-0.145881786942482,1.02984309196472,0.463556438684464,-0.565670788288116,0.495431751012802,0.468700170516968
-0.674282252788544,-0.146394819021225,1.02963626384735,0.46512559056282,-0.564953029155731,0.496812462806702,0.46654424071312
-0.672598421573639,-0.146282404661179,1.03030717372894,0.467202484607696,-0.56276524066925,0.498183190822601,0.465650856494904
-0.670995831489563,-0.145525097846985,1.03003668785095,0.46761628985405,-0.560850560665131,0.500058650970459,0.465535521507263
-0.669783473014832,-0.146734327077866,1.03079271316528,0.470269709825516,-0.560228049755096,0.50091153383255,0.462686538696289
-0.668319642543793,-0.146780639886856,1.03123950958252,0.471619963645935,-0.558736324310303,0.502453565597534,0.461442023515701
-0.666736900806427,-0.146894484758377,1.03148484230042,0.473181307315826,-0.557120800018311,0.504074513912201,0.460027009248734
-0.664979100227356,-0.147045731544495,1.03172326087952,0.475625097751617,-0.554748296737671,0.506187260150909,0.458049803972244
-0.663446247577667,-0.14714851975441,1.03192591667175,0.477345794439316,-0.55303156375885,0.507916688919067,0.45641827583313
-0.661848664283752,-0.147246137261391,1.03213334083557,0.478998124599457,-0.551279783248901,0.509816110134125,0.454685509204865
-0.660048723220825,-0.14739203453064,1.03244304656982,0.481244206428528,-0.549281597137451,0.511398017406464,0.452952533960342
-0.658388137817383,-0.147715449333191,1.03276467323303,0.482962042093277,-0.547969818115234,0.512799143791199,0.451125174760818
-0.65660834312439,-0.146907791495323,1.03231453895569,0.483688294887543,-0.545531749725342,0.515485107898712,0.450239837169647
-0.655107915401459,-0.14800751209259,1.03264594078064,0.486517280340195,-0.544471502304077,0.516800880432129,0.446954995393753
-0.653352856636047,-0.148034512996674,1.03291118144989,0.48823943734169,-0.542691886425018,0.518621981143951,0.44512802362442
-0.651109397411346,-0.147516548633575,1.03265810012817,0.489826142787933,-0.539937973022461,0.520804882049561,0.444184690713882
-0.649316012859344,-0.147502511739731,1.03299343585968,0.491283744573593,-0.538111746311188,0.522799074649811,0.442444831132889
-0.647571444511414,-0.14754393696785,1.0332282781601,0.49327889084816,-0.536251068115234,0.524412512779236,0.440570473670959
-0.645686089992523,-0.147375583648682,1.03371071815491,0.495160460472107,-0.534006714820862,0.526544749736786,0.438638538122177
-0.645686089992523,-0.147375583648682,1.03371071815491,0.495160460472107,-0.534006714820862,0.526544749736786,0.438638538122177
-0.642061114311218,-0.147359490394592,1.03378558158875,0.503631293773651,-0.526919007301331,0.530973613262177,0.432179301977158
-0.642061114311218,-0.147359490394592,1.03378558158875,0.503631293773651,-0.526919007301331,0.530973613262177,0.432179301977158
-0.638710260391235,-0.147414445877075,1.03406023979187,0.510481774806976,-0.521763861179352,0.534688174724579,0.425769150257111
-0.636963605880737,-0.14772567152977,1.03458917140961,0.503824591636658,-0.525484800338745,0.536627531051636,0.426682084798813
-0.636963605880737,-0.14772567152977,1.03458917140961,0.503824591636658,-0.525484800338745,0.536627531051636,0.426682084798813
-0.633878827095032,-0.147688761353493,1.03497171401978,0.506770849227905,-0.522736787796021,0.540615856647491,0.42150217294693
-0.632171392440796,-0.147775873541832,1.03525400161743,0.507537305355072,-0.521674335002899,0.54211163520813,0.41997218132019
-0.630239009857178,-0.147575736045837,1.0352703332901,0.509071230888367,-0.51965194940567,0.544192671775818,0.41792693734169
-0.628765046596527,-0.147448718547821,1.03560566902161,0.510455727577209,-0.518167972564697,0.546568214893341,0.414970099925995
-0.628765046596527,-0.147448718547821,1.03560566902161,0.510455727577209,-0.518167972564697,0.546568214893341,0.414970099925995
-0.625685274600983,-0.14736869931221,1.03604805469513,0.514246642589569,-0.515088498592377,0.550273478031158,0.409186452627182
-0.624122560024261,-0.14737631380558,1.0360381603241,0.514740943908691,-0.514057219028473,0.552235186100006,0.407214045524597
-0.622651398181915,-0.147161871194839,1.0362560749054,0.515932202339172,-0.512672960758209,0.554252922534943,0.404702574014664
-0.621174931526184,-0.147064879536629,1.03682017326355,0.517245769500732,-0.511661112308502,0.555559813976288,0.402508586645126
-0.619418382644653,-0.146485552191734,1.03652310371399,0.518181562423706,-0.509900271892548,0.557711482048035,0.400559157133102
-0.618402600288391,-0.146525621414184,1.0375714302063,0.519858062267303,-0.507452368736267,0.561151504516602,0.396672010421753
-0.617047488689423,-0.146515250205994,1.03749668598175,0.521050274372101,-0.507953107357025,0.561236143112183,0.394340485334396
-0.615702033042908,-0.14638152718544,1.03771686553955,0.521965444087982,-0.507146775722504,0.562847852706909,0.391863077878952
-0.61454850435257,-0.14615723490715,1.03793597221375,0.522229731082916,-0.506211698055267,0.564907133579254,0.389751315116882
-0.613294422626495,-0.146024733781814,1.0379536151886,0.523187756538391,-0.50510573387146,0.566825687885284,0.387106597423553
-0.612334549427032,-0.146564424037933,1.03862333297729,0.524384677410126,-0.505498349666595,0.567331075668335,0.384223282337189
-0.610928118228912,-0.145927563309669,1.03929364681244,0.525968790054321,-0.503135502338409,0.569504022598267,0.381938129663467
-0.609967768192291,-0.14566895365715,1.03945958614349,0.52596640586853,-0.503185510635376,0.570687592029572,0.380104571580887
-0.608853399753571,-0.14548347890377,1.03960764408112,0.527103424072266,-0.502051770687103,0.572305619716644,0.377587586641312
-0.607822954654694,-0.14469538629055,1.03904223442078,0.528079450130463,-0.499499529600143,0.575218856334686,0.375174134969711
-0.607822954654694,-0.14469538629055,1.03904223442078,0.528079450130463,-0.499499529600143,0.575218856334686,0.375174134969711
-0.605582654476166,-0.143904179334641,1.03948867321014,0.529409229755402,-0.499029874801636,0.576745450496674,0.371563911437988
-0.604704737663269,-0.144009411334991,1.03943562507629,0.530663073062897,-0.497337102890015,0.579190373420715,0.368226766586304
-0.603968262672424,-0.144101247191429,1.04025948047638,0.531821429729462,-0.497205972671509,0.57951021194458,0.36622416973114
-0.603155553340912,-0.144122645258904,1.04007387161255,0.532146275043488,-0.498235046863556,0.579833984375,0.363833606243133
-0.602357685565948,-0.143921494483948,1.04002583026886,0.533306956291199,-0.497771888971329,0.580387592315674,0.361880093812943
-0.60122275352478,-0.142780929803848,1.03949213027954,0.533578515052795,-0.496440708637237,0.581787049770355,0.361060351133347
-0.600155532360077,-0.142055451869965,1.03998959064484,0.534385442733765,-0.495675325393677,0.582458913326263,0.359833002090454
-0.599347531795502,-0.141761630773544,1.04005944728851,0.535764515399933,-0.493905693292618,0.583962619304657,0.357772588729858
-0.598464548587799,-0.14155900478363,1.04020893573761,0.536843478679657,-0.493782460689545,0.583215117454529,0.357544660568237
-0.597901046276093,-0.141777768731117,1.04065716266632,0.538237035274506,-0.492754340171814,0.58532726764679,0.353392452001572
-0.597055613994598,-0.140833601355553,1.04025542736053,0.538843512535095,-0.491676807403564,0.586172819137573,0.352566540241241
-0.59661591053009,-0.141303509473801,1.0404657125473,0.540249764919281,-0.49177011847496,0.586456120014191,0.349801987409592
-0.595973491668701,-0.140984296798706,1.04034829139709,0.541025400161743,-0.490810185670853,0.587711453437805,0.347839504480362
-0.595973491668701,-0.140984296798706,1.04034829139709,0.541025400161743,-0.490810185670853,0.587711453437805,0.347839504480362
-0.594951450824738,-0.139880046248436,1.04094171524048,0.542254507541656,-0.489585340023041,0.588547348976135,0.346234440803528
-0.594436943531036,-0.139546155929565,1.04101860523224,0.543168544769287,-0.489672124385834,0.587428450584412,0.346579045057297
-0.594214498996735,-0.13944610953331,1.0408308506012,0.543606877326965,-0.489767789840698,0.587715148925781,0.345268130302429
-0.593927264213562,-0.139038488268852,1.04082429409027,0.544727087020874,-0.487212598323822,0.590642869472504,0.342107206583023
-0.59343284368515,-0.138585522770882,1.04081130027771,0.545433878898621,-0.486645638942719,0.590817451477051,0.341485947370529
-0.593534708023071,-0.13811182975769,1.04113733768463,0.545209288597107,-0.48701748251915,0.590993106365204,0.341010391712189
-0.593526303768158,-0.137825965881348,1.04117691516876,0.544804155826569,-0.489115923643112,0.588769376277924,0.342497855424881
-0.593488156795502,-0.137469112873077,1.04123723506927,0.545123696327209,-0.488867938518524,0.589085400104523,0.341799646615982
-0.593595683574677,-0.137157127261162,1.04133796691895,0.545044124126434,-0.489194810390472,0.589047431945801,0.341523945331573
-0.593755066394806,-0.136870503425598,1.04137718677521,0.545147359371185,-0.489351540803909,0.589115858078003,0.341016262769699
-0.593425214290619,-0.135684624314308,1.04034912586212,0.544829666614532,-0.488684892654419,0.589377522468567,0.342026084661484
-0.594435811042786,-0.136714696884155,1.04127025604248,0.545200884342194,-0.489513516426086,0.590606808662415,0.338107019662857
-0.594803094863892,-0.136471629142761,1.04127621650696,0.545090794563293,-0.489724308252335,0.590745449066162,0.337736308574677
-0.595261991024017,-0.136174857616425,1.04152035713196,0.544482946395874,-0.490931004285812,0.589179396629333,0.339695155620575
-0.595661222934723,-0.136162549257278,1.04129648208618,0.54460072517395,-0.491236627101898,0.589101612567902,0.339198887348175
-0.596085965633392,-0.135915577411652,1.04135489463806,0.54468297958374,-0.491240352392197,0.589056968688965,0.339139074087143
-0.596226751804352,-0.135555297136307,1.04138779640198,0.544717729091644,-0.491017669439316,0.588880598545074,0.3397116959095
-0.596226751804352,-0.135555297136307,1.04138779640198,0.544717729091644,-0.491017669439316,0.588880598545074,0.3397116959095
-0.597568154335022,-0.134753406047821,1.04189991950989,0.543271481990814,-0.491775333881378,0.588702023029327,0.341237962245941
-0.598277032375336,-0.134536921977997,1.04195988178253,0.542605578899384,-0.492303550243378,0.588576197624207,0.341752350330353
-0.598914563655853,-0.134207338094711,1.04201698303223,0.542346060276031,-0.491735368967056,0.589848935604095,0.340786457061768
-0.599898099899292,-0.134038791060448,1.04211008548737,0.541236937046051,-0.492713421583176,0.589503765106201,0.341732978820801
-0.600861310958862,-0.133873671293259,1.04198563098907,0.539930939674377,-0.493781536817551,0.589428782463074,0.34238588809967
-0.601735889911652,-0.133662641048431,1.04186594486237,0.539040982723236,-0.494316101074219,0.589210689067841,0.343390822410583
-0.602364838123322,-0.133395314216614,1.04197525978088,0.538699150085449,-0.494553714990616,0.588266968727112,0.345198422670364
-0.603384613990784,-0.132852345705032,1.04232132434845,0.536791443824768,-0.496043086051941,0.587894856929779,0.346663951873779
-0.604337632656097,-0.132580548524857,1.04251289367676,0.535930216312408,-0.496918141841888,0.586634695529938,0.348870992660522
-0.605546951293945,-0.132591292262077,1.04238390922546,0.534394860267639,-0.498917281627655,0.584825813770294,0.351401060819626
-0.606344759464264,-0.132433772087097,1.04220736026764,0.534048736095428,-0.49832209944725,0.584861099720001,0.352710396051407
-0.607263028621674,-0.131646186113357,1.04291689395905,0.532811164855957,-0.497864216566086,0.585656821727753,0.353906333446503
-0.608103573322296,-0.131658315658569,1.04296147823334,0.531973958015442,-0.498772889375687,0.58469957113266,0.355465739965439
-0.609325051307678,-0.130702495574951,1.04261302947998,0.530052244663239,-0.499447554349899,0.583657801151276,0.359082549810409
-0.610302686691284,-0.130466967821121,1.04289638996124,0.529041886329651,-0.499879628419876,0.583010911941528,0.361017256975174
-0.611625969409943,-0.130722343921661,1.04349398612976,0.528496563434601,-0.500133574008942,0.583481132984161,0.360704511404037
-0.612582683563232,-0.129812672734261,1.04322135448456,0.526251614093781,-0.500993013381958,0.582717478275299,0.364013105630875
-0.613777220249176,-0.129521667957306,1.04346752166748,0.524921059608459,-0.501498878002167,0.582210659980774,0.366042971611023
-0.614886701107025,-0.129137396812439,1.04367804527283,0.523547828197479,-0.502488672733307,0.581032872200012,0.368515431880951
-0.616061568260193,-0.128494143486023,1.04421329498291,0.521890699863434,-0.50278651714325,0.580533742904663,0.371236234903336
-0.617341637611389,-0.128128290176392,1.04447913169861,0.520113945007324,-0.504585564136505,0.579111635684967,0.373503178358078
-0.618538796901703,-0.127824932336807,1.04471731185913,0.518702805042267,-0.50525826215744,0.578337550163269,0.375748813152313
-0.619872808456421,-0.127393752336502,1.04494249820709,0.517847657203674,-0.504587590694427,0.578457534313202,0.377640306949615
-0.621264576911926,-0.127382040023804,1.04477989673615,0.516643881797791,-0.505812168121338,0.577508926391602,0.379099935293198
-0.623229026794434,-0.127393245697021,1.04520058631897,0.51394248008728,-0.508450627326965,0.576196014881134,0.381233930587768
-0.624708414077759,-0.126946985721588,1.04541420936584,0.511959433555603,-0.509595930576324,0.575215339660645,0.38384473323822
-0.626038491725922,-0.126658409833908,1.04562330245972,0.511310994625092,-0.508769512176514,0.5754114985466,0.385507673025131
-0.627450048923492,-0.126260071992874,1.04574334621429,0.509325444698334,-0.511171877384186,0.573179721832275,0.388273060321808
-0.629099488258362,-0.12591615319252,1.04584980010986,0.507329821586609,-0.512762665748596,0.572090089321136,0.390389502048492
-0.630403637886047,-0.125063717365265,1.04664278030396,0.50538557767868,-0.513437390327454,0.571002244949341,0.393603831529617
-0.631585478782654,-0.124085009098053,1.04690480232239,0.504476606845856,-0.512324869632721,0.571371018886566,0.395679026842117
-0.633651614189148,-0.124938450753689,1.04578602313995,0.503048241138458,-0.515573918819427,0.569251954555511,0.39633110165596
-0.635246992111206,-0.123958982527256,1.04785358905792,0.500958859920502,-0.516068458557129,0.56814044713974,0.399912536144257
-0.635246992111206,-0.123958982527256,1.04785358905792,0.500958859920502,-0.516068458557129,0.56814044713974,0.399912536144257
-0.63890939950943,-0.122676156461239,1.04753375053406,0.495207220315933,-0.520523488521576,0.565074563026428,0.405605584383011
-0.640162527561188,-0.122337214648724,1.04640865325928,0.496459811925888,-0.519357204437256,0.56548947095871,0.404990881681442
-0.640162527561188,-0.122337214648724,1.04640865325928,0.496459811925888,-0.519357204437256,0.56548947095871,0.404990881681442
-0.643843531608582,-0.121416382491588,1.04804217815399,0.491444438695908,-0.522688925266266,0.562826573848724,0.410493940114975
-0.643843531608582,-0.121416382491588,1.04804217815399,0.491444438695908,-0.522688925266266,0.562826573848724,0.410493940114975
-0.647386014461517,-0.120070241391659,1.04730629920959,0.486695945262909,-0.52691113948822,0.559169590473175,0.41571769118309
-0.648614168167114,-0.118678607046604,1.04825627803802,0.484759300947189,-0.526759088039398,0.558412253856659,0.419176667928696
-0.650394320487976,-0.117946088314056,1.04847586154938,0.482479631900787,-0.528412818908691,0.556767344474792,0.421904474496841
-0.652016401290894,-0.117209315299988,1.0485782623291,0.48201110959053,-0.528951942920685,0.555803120136261,0.423034369945526
-0.653466284275055,-0.116068042814732,1.04833579063416,0.478171110153198,-0.53107225894928,0.553683578968048,0.427491784095764
-0.653466284275055,-0.116068042814732,1.04833579063416,0.478171110153198,-0.53107225894928,0.553683578968048,0.427491784095764
-0.656916916370392,-0.11484994739294,1.04963731765747,0.474779933691025,-0.533719539642334,0.550551772117615,0.431995868682861
-0.658236980438232,-0.113927997648716,1.04987621307373,0.47346305847168,-0.534162998199463,0.549581706523895,0.434122860431671
-0.660078287124634,-0.113429389894009,1.04948163032532,0.471804916858673,-0.535869121551514,0.547867774963379,0.435987859964371
-0.66134250164032,-0.112724289298058,1.04966592788696,0.470631927251816,-0.53667014837265,0.546139121055603,0.438432186841965
-0.662878811359406,-0.111838839948177,1.04983115196228,0.470012307167053,-0.53725528717041,0.545114457607269,0.439653784036636
-0.664169192314148,-0.111053615808487,1.05006015300751,0.467500388622284,-0.538665771484375,0.543050765991211,0.443145841360092
-0.666005909442902,-0.111006736755371,1.04938066005707,0.46558752655983,-0.541325151920319,0.541100263595581,0.444303840398788
-0.666893601417542,-0.109466165304184,1.05043709278107,0.465145587921143,-0.540820956230164,0.539785861968994,0.446971714496612
-0.668578803539276,-0.109321296215057,1.04971694946289,0.463726282119751,-0.542797684669495,0.538009643554688,0.448190212249756
-0.669788718223572,-0.108567528426647,1.0499005317688,0.46149668097496,-0.54368668794632,0.536126732826233,0.451656699180603
-0.669788718223572,-0.108567528426647,1.0499005317688,0.46149668097496,-0.54368668794632,0.536126732826233,0.451656699180603
-0.671848118305206,-0.106252484023571,1.05147981643677,0.458564549684524,-0.544338643550873,0.532960832118988,0.457566201686859
-0.673039257526398,-0.105630084872246,1.05170035362244,0.453660547733307,-0.546222031116486,0.530722677707672,0.462782055139542
-0.67386269569397,-0.104929529130459,1.05205965042114,0.452392160892487,-0.546627521514893,0.529327034950256,0.465137243270874
-0.67491739988327,-0.104054220020771,1.05210375785828,0.455512553453445,-0.545527279376984,0.529183804988861,0.463543832302094
-0.675724625587463,-0.103350378572941,1.05225789546967,0.454759836196899,-0.545698344707489,0.527794361114502,0.465660721063614
-0.676381587982178,-0.102585308253765,1.05248296260834,0.453856021165848,-0.546169221401215,0.525858223438263,0.468174159526825
-0.677575170993805,-0.102061681449413,1.052570104599,0.452778279781341,-0.546810448169708,0.524897873401642,0.469545274972916
-0.677948832511902,-0.101237647235393,1.05302846431732,0.453848749399185,-0.545513451099396,0.524074494838715,0.470938056707382
-0.679097652435303,-0.100729681551456,1.053182721138,0.452206045389175,-0.546871423721313,0.522556006908417,0.472627401351929
-0.679486095905304,-0.0999232456088066,1.05355536937714,0.45051383972168,-0.546719610691071,0.521429479122162,0.475653350353241
-0.679978728294373,-0.0991899818181991,1.05366277694702,0.450009942054748,-0.546307384967804,0.520802199840546,0.477288454771042
-0.680509567260742,-0.0987877249717712,1.05406284332275,0.445212006568909,-0.547497034072876,0.518856287002563,0.482515931129456
-0.681400954723358,-0.0983231142163276,1.05415892601013,0.444593459367752,-0.548003673553467,0.517946243286133,0.483487665653229
-0.680844902992249,-0.0968245044350624,1.05481827259064,0.450127124786377,-0.543940484523773,0.51893824338913,0.481889575719833
-0.681452810764313,-0.0965037643909454,1.05502033233643,0.44870799779892,-0.544504225254059,0.51738166809082,0.484244406223297
-0.681452810764313,-0.0965037643909454,1.05502033233643,0.44870799779892,-0.544504225254059,0.51738166809082,0.484244406223297
-0.682663083076477,-0.0959279015660286,1.05547416210175,0.446597039699554,-0.545823037624359,0.515472710132599,0.486740380525589
-0.68300074338913,-0.0954228565096855,1.05580222606659,0.446399927139282,-0.54540079832077,0.515003859996796,0.487889647483826
-0.683285474777222,-0.0948742479085922,1.05602073669434,0.44714879989624,-0.544563353061676,0.515129029750824,0.488007009029388
-0.683641314506531,-0.09446482360363,1.05640649795532,0.446145296096802,-0.544858813285828,0.514676451683044,0.489072352647781
-0.683918297290802,-0.0941083133220672,1.05678081512451,0.444366961717606,-0.545378088951111,0.513773679733276,0.49105754494667
-0.683569252490997,-0.0934014022350311,1.05722951889038,0.446205258369446,-0.543382883071899,0.513795912265778,0.491578966379166
-0.68369197845459,-0.0931398645043373,1.0576229095459,0.44463187456131,-0.543635368347168,0.513217628002167,0.493326276540756
-0.684287071228027,-0.093125008046627,1.05765616893768,0.444904536008835,-0.544242560863495,0.513374090194702,0.492247253656387
-0.683752179145813,-0.092270441353321,1.05825996398926,0.445231258869171,-0.542421400547028,0.513793110847473,0.49352303147316
-0.683825194835663,-0.0919866189360618,1.0585230588913,0.445106238126755,-0.542243540287018,0.513454496860504,0.49418306350708
-0.684509336948395,-0.0921447873115539,1.0584112405777,0.443688690662384,-0.544027864933014,0.512824296951294,0.494151145219803
-0.684502482414246,-0.0918366238474845,1.05862140655518,0.443444579839706,-0.543830454349518,0.512822985649109,0.494588822126388
-0.684646964073181,-0.091578222811222,1.05882573127747,0.443343997001648,-0.543490588665009,0.513423442840576,0.494429767131805
-0.684585154056549,-0.091343805193901,1.05907559394836,0.443025052547455,-0.543556034564972,0.513402760028839,0.494664788246155
-0.684956073760986,-0.0914733111858367,1.05928146839142,0.437109261751175,-0.545788943767548,0.512322783470154,0.498573422431946
-0.684934675693512,-0.0911126211285591,1.05937719345093,0.440393358469009,-0.544833302497864,0.513399600982666,0.49561208486557
-0.684596836566925,-0.0905954241752624,1.05964541435242,0.441663771867752,-0.54351818561554,0.514670550823212,0.494606524705887
-0.684603273868561,-0.0904944837093353,1.05987203121185,0.440181493759155,-0.54406076669693,0.514671444892883,0.495329558849335
-0.684516131877899,-0.0902549102902412,1.0600323677063,0.439707964658737,-0.54422652721405,0.514974236488342,0.495253324508667
-0.683882355690002,-0.0895241424441337,1.06051063537598,0.43962812423706,-0.542773604393005,0.516051650047302,0.495797097682953
-0.684551894664764,-0.0897770822048187,1.06031465530396,0.438384294509888,-0.544596135616302,0.516226470470428,0.494716823101044
-0.683842182159424,-0.0891539677977562,1.06079518795013,0.438417345285416,-0.543643236160278,0.516803860664368,0.495132625102997
-0.683777272701263,-0.0889738202095031,1.06087839603424,0.438300669193268,-0.543499052524567,0.517585217952728,0.494577378034592
-0.683897852897644,-0.0891355797648429,1.06057071685791,0.437652349472046,-0.544560730457306,0.517970204353333,0.493579655885696
-0.683860719203949,-0.089021548628807,1.06065797805786,0.437382191419601,-0.544802010059357,0.518712937831879,0.492772579193115
-0.683765590190887,-0.0888362526893615,1.06084108352661,0.437068730592728,-0.545011043548584,0.519341588020325,0.492156833410263
-0.683710396289825,-0.0887547209858894,1.06093406677246,0.437376618385315,-0.545017063617706,0.520230293273926,0.49093621969223
-0.683727860450745,-0.0887745544314384,1.06113994121552,0.433394432067871,-0.546523571014404,0.520179450511932,0.492843478918076
-0.683748960494995,-0.0887717381119728,1.06116592884064,0.433242380619049,-0.546919465065002,0.520974218845367,0.491697072982788
-0.683713436126709,-0.0887129232287406,1.06125366687775,0.433010905981064,-0.547269582748413,0.521690309047699,0.490751385688782
-0.683692455291748,-0.0886869356036186,1.06134557723999,0.432443618774414,-0.547768652439117,0.52243959903717,0.489896923303604
-0.683646440505981,-0.0886326432228088,1.06138586997986,0.432398796081543,-0.548366367816925,0.522987604141235,0.488681614398956
-0.683578789234161,-0.0885060802102088,1.06129014492035,0.436885446310043,-0.547407150268555,0.524634480476379,0.483978658914566
-0.683482348918915,-0.0883186683058738,1.06194567680359,0.431580036878586,-0.549135386943817,0.524243354797363,0.48719397187233
-0.683491826057434,-0.0883850380778312,1.06203818321228,0.430145263671875,-0.550212025642395,0.52489048242569,0.486550956964493
-0.683456778526306,-0.0883415788412094,1.06203591823578,0.431358367204666,-0.54978734254837,0.526016354560852,0.48473784327507
-0.683651566505432,-0.088809534907341,1.06163382530212,0.430230230093002,-0.551177680492401,0.526663839817047,0.483456760644913
-0.683607578277588,-0.0887066796422004,1.06175172328949,0.431402891874313,-0.550474762916565,0.52784252166748,0.481924921274185
-0.683636248111725,-0.0887707322835922,1.0617550611496,0.430989623069763,-0.551162600517273,0.528441727161407,0.480850607156753
-0.683556914329529,-0.0886063650250434,1.06214606761932,0.429738253355026,-0.552210688591003,0.52780681848526,0.481465011835098
-0.68357527256012,-0.0886711180210113,1.06217122077942,0.430563867092133,-0.551432013511658,0.530067026615143,0.479131162166595
-0.683775424957275,-0.0890808403491973,1.06171822547913,0.430683642625809,-0.551926612854004,0.5311199426651,0.477284371852875
-0.68379420042038,-0.0891804173588752,1.06178998947144,0.428796321153641,-0.552935659885406,0.532134652137756,0.476685017347336
-0.683872818946838,-0.0893095135688781,1.0618371963501,0.428856909275055,-0.553091764450073,0.53266704082489,0.4758540391922
-0.683935642242432,-0.0894308313727378,1.06187331676483,0.428370296955109,-0.553531646728516,0.533333539962769,0.475033670663834
-0.684000432491302,-0.0895704105496406,1.06193232536316,0.428113460540771,-0.553772449493408,0.534078299999237,0.474146902561188
-0.684108674526215,-0.0897349938750267,1.06195843219757,0.427808970212936,-0.553909778594971,0.535289704799652,0.472893804311752
-0.684108674526215,-0.0897349938750267,1.06195843219757,0.427808970212936,-0.553909778594971,0.535289704799652,0.472893804311752
-0.684312105178833,-0.0900965258479118,1.06217968463898,0.427406549453735,-0.554261982440948,0.53648579120636,0.471487611532211
-0.684432029724121,-0.0902860090136528,1.06233036518097,0.426738530397415,-0.554749071598053,0.536866068840027,0.471086531877518
-0.684747636318207,-0.0912253186106681,1.06313705444336,0.427236139774323,-0.555548071861267,0.536861538887024,0.469697088003159
-0.684906244277954,-0.0914632230997085,1.06328666210175,0.426984816789627,-0.55568391084671,0.537577629089355,0.468945771455765
-0.685120701789856,-0.0917445719242096,1.06346583366394,0.426688194274902,-0.555884122848511,0.538097143173218,0.468381732702255
-0.685293316841125,-0.0919094458222389,1.06354522705078,0.426313638687134,-0.555702209472656,0.539686441421509,0.46710866689682
-0.68551641702652,-0.092259369790554,1.06359922885895,0.426085531711578,-0.555989146232605,0.539779484272003,0.466867804527283
-0.685335576534271,-0.0922563672065734,1.06352245807648,0.429350763559341,-0.554381489753723,0.541438579559326,0.463856965303421
-0.685312986373901,-0.0924297496676445,1.0636647939682,0.432061225175857,-0.553251326084137,0.541654765605927,0.462435156106949
-0.685322761535645,-0.0927741751074791,1.06379199028015,0.431573331356049,-0.553565800189972,0.541316390037537,0.462910532951355
-0.685297846794128,-0.0931259468197822,1.06393647193909,0.430542349815369,-0.55422180891037,0.540182411670685,0.464407861232758
-0.685206592082977,-0.0936455577611923,1.06401169300079,0.429199695587158,-0.555172204971313,0.539242565631866,0.465606063604355
-0.685206592082977,-0.0936455577611923,1.06401169300079,0.429199695587158,-0.555172204971313,0.539242565631866,0.465606063604355
-0.685016751289368,-0.0941928401589393,1.0640527009964,0.43144479393959,-0.553445816040039,0.539282262325287,0.465540289878845
-0.684859216213226,-0.0944846421480178,1.06405282020569,0.431609690189362,-0.55311393737793,0.539169669151306,0.465912073850632
-0.684730648994446,-0.0947147756814956,1.06398248672485,0.431732624769211,-0.552873730659485,0.538804054260254,0.466506361961365
-0.684575319290161,-0.0950005874037742,1.06393957138062,0.432269513607025,-0.552325844764709,0.538580000400543,0.466916382312775
-0.684079349040985,-0.0944912061095237,1.06320929527283,0.431916147470474,-0.551031410694122,0.538880586624146,0.468423396348953
-0.68394136428833,-0.0948643311858177,1.06306266784668,0.432260930538177,-0.550800561904907,0.538405656814575,0.468922823667526
-0.683700978755951,-0.0953393131494522,1.06303024291992,0.433016449213028,-0.550481498241425,0.537737309932709,0.469367444515228
-0.683411359786987,-0.0956950113177299,1.06296491622925,0.433466672897339,-0.55011522769928,0.537236332893372,0.469954490661621
-0.68326997756958,-0.0967918634414672,1.06360459327698,0.43519189953804,-0.549959003925323,0.536340534687042,0.469565480947495
-0.68285745382309,-0.0968491956591606,1.06390333175659,0.435753017663956,-0.549140989780426,0.535852313041687,0.470559328794479
-0.683012843132019,-0.0975962653756141,1.06351602077484,0.43635219335556,-0.549490213394165,0.535311877727509,0.470211356878281
-0.68266761302948,-0.0979840382933616,1.06341588497162,0.437650769948959,-0.548661708831787,0.53472489118576,0.470639377832413
-0.682023227214813,-0.0981260016560554,1.06348085403442,0.438812971115112,-0.547259271144867,0.534424543380737,0.471530586481094
-0.681487917900085,-0.0985121801495552,1.06333410739899,0.439918160438538,-0.546468138694763,0.533774614334106,0.472153604030609
-0.681487917900085,-0.0985121801495552,1.06333410739899,0.439918160438538,-0.546468138694763,0.533774614334106,0.472153604030609
-0.680573105812073,-0.0991875976324081,1.06315422058105,0.441937327384949,-0.544903576374054,0.532795369625092,0.473181545734406
-0.680810511112213,-0.0999925956130027,1.06272315979004,0.441973924636841,-0.545840919017792,0.531821489334106,0.473162680864334
-0.6805340051651,-0.100336037576198,1.06251263618469,0.442826896905899,-0.545252680778503,0.53140914440155,0.473506361246109
-0.6805340051651,-0.100336037576198,1.06251263618469,0.442826896905899,-0.545252680778503,0.53140914440155,0.473506361246109
-0.67995411157608,-0.101108133792877,1.06210041046143,0.444072365760803,-0.544427514076233,0.53030252456665,0.474528878927231
-0.679641783237457,-0.101477980613708,1.06189894676208,0.444536507129669,-0.544086635112762,0.529633581638336,0.475231856107712
-0.678808450698853,-0.101506851613522,1.0618804693222,0.445507943630219,-0.542645037174225,0.529412090778351,0.476216405630112
-0.678459644317627,-0.101697899401188,1.06174778938293,0.446005791425705,-0.542035460472107,0.529180765151978,0.476701289415359
-0.678914785385132,-0.102569811046124,1.06119453907013,0.445506989955902,-0.543718457221985,0.528152883052826,0.476390957832336
-0.679059743881226,-0.103165313601494,1.06079661846161,0.445370405912399,-0.544399678707123,0.527614712715149,0.476336866617203
-0.678761839866638,-0.103304646909237,1.0606849193573,0.445729851722717,-0.543795704841614,0.527481257915497,0.476838380098343
-0.67873626947403,-0.103670425713062,1.06047987937927,0.44552955031395,-0.543936431407928,0.527288317680359,0.477078229188919
-0.677862346172333,-0.10283325612545,1.05982220172882,0.445563346147537,-0.541665434837341,0.528162658214569,0.478660672903061
-0.677846014499664,-0.10320370644331,1.05961012840271,0.445454895496368,-0.541985750198364,0.527909755706787,0.478678077459335
-0.678296267986298,-0.104089699685573,1.05915129184723,0.444765001535416,-0.543809652328491,0.527118265628815,0.478122711181641
-0.678492188453674,-0.105350993573666,1.05955851078033,0.445643752813339,-0.544850528240204,0.526348531246185,0.476966381072998
-0.678330779075623,-0.105837352573872,1.05935978889465,0.445850819349289,-0.54507452249527,0.526194334030151,0.47668668627739
-0.678168177604675,-0.106290996074676,1.0592212677002,0.446280986070633,-0.544970512390137,0.526254653930664,0.476336449384689
-0.677509486675262,-0.106404855847359,1.05926489830017,0.447204142808914,-0.54375171661377,0.526601314544678,0.476480424404144
-0.677304565906525,-0.106891371309757,1.05884778499603,0.447764337062836,-0.543539702892303,0.527040123939514,0.475710719823837
-0.677165448665619,-0.107504338026047,1.05862772464752,0.448054432868958,-0.543953001499176,0.526950001716614,0.475064337253571
-0.677431344985962,-0.108530253171921,1.05811977386475,0.448137015104294,-0.5452721118927,0.526501834392548,0.473970025777817
-0.677431344985962,-0.108530253171921,1.05811977386475,0.448137015104294,-0.5452721118927,0.526501834392548,0.473970025777817
-0.675816535949707,-0.10849217325449,1.05713701248169,0.449389100074768,-0.542789995670319,0.527565956115723,0.474449872970581
-0.675701856613159,-0.109791114926338,1.05750393867493,0.450634270906448,-0.543442130088806,0.527205228805542,0.472920924425125
-0.67536449432373,-0.110302500426769,1.05712378025055,0.451256185770035,-0.543151557445526,0.527765035629272,0.472036451101303
-0.674683570861816,-0.110117636620998,1.05603730678558,0.451248079538345,-0.542304158210754,0.528435707092285,0.472267955541611
-0.674967706203461,-0.112018868327141,1.05607903003693,0.452181428670883,-0.544509887695312,0.527304470539093,0.470096826553345
-0.673902213573456,-0.112165987491608,1.05603420734406,0.453361421823502,-0.543052792549133,0.527770936489105,0.47012248635292
-0.673576235771179,-0.112818226218224,1.05560898780823,0.453994125127792,-0.543072283267975,0.528190195560455,0.469017118215561
-0.67327481508255,-0.113399922847748,1.05520284175873,0.454256922006607,-0.543268263339996,0.528585314750671,0.468089461326599
-0.672770798206329,-0.114170901477337,1.05464482307434,0.455172777175903,-0.543349325656891,0.528651773929596,0.467029631137848
-0.672220408916473,-0.114661566913128,1.05425047874451,0.455931127071381,-0.542944252490997,0.529084086418152,0.466270625591278
-0.671772360801697,-0.115270353853703,1.05372762680054,0.455856949090958,-0.543395400047302,0.529602766036987,0.465227842330933
-0.671450018882751,-0.115796595811844,1.0531257390976,0.456367403268814,-0.543282389640808,0.529898107051849,0.464522570371628
-0.671156227588654,-0.116335339844227,1.05263447761536,0.456574738025665,-0.543636679649353,0.530115485191345,0.463655352592468
-0.670749247074127,-0.116956040263176,1.05203211307526,0.457023561000824,-0.544099688529968,0.530152380466461,0.462626725435257
-0.670416414737701,-0.117586188018322,1.0514897108078,0.456897854804993,-0.544696450233459,0.53035581111908,0.461814820766449
-0.670035421848297,-0.118172161281109,1.05094194412231,0.457213789224625,-0.545102536678314,0.530405282974243,0.460965424776077
-0.669914901256561,-0.118741005659103,1.05025398731232,0.457359224557877,-0.545639395713806,0.531074106693268,0.459413230419159
-0.669744312763214,-0.11929877102375,1.04960751533508,0.457399666309357,-0.546194851398468,0.531539976596832,0.458172738552094
-0.669729709625244,-0.120112344622612,1.0489262342453,0.457476764917374,-0.547316014766693,0.531560301780701,0.456731855869293
-0.669457495212555,-0.120717495679855,1.04846119880676,0.457678705453873,-0.547786235809326,0.531936168670654,0.455526500940323
-0.669366836547852,-0.121350429952145,1.04786157608032,0.457591116428375,-0.548753440380096,0.532171249389648,0.454173773527145
-0.669332385063171,-0.122081160545349,1.04692912101746,0.458024829626083,-0.54938930273056,0.532762408256531,0.452271044254303
-0.669219672679901,-0.122489623725414,1.04670011997223,0.457717478275299,-0.550245821475983,0.532849431037903,0.451437413692474
-0.669187068939209,-0.123081646859646,1.04614365100861,0.457197070121765,-0.551532924175262,0.532895147800446,0.450338780879974
-0.66929417848587,-0.123648099601269,1.04542469978333,0.456920266151428,-0.552575707435608,0.533083856105804,0.449116468429565
-0.669406712055206,-0.124550305306911,1.04440355300903,0.457123458385467,-0.553824603557587,0.533278226852417,0.447136491537094
-0.669447302818298,-0.125066548585892,1.04383945465088,0.456786930561066,-0.554867267608643,0.533534646034241,0.445879966020584
-0.669535934925079,-0.125859081745148,1.04295492172241,0.456578403711319,-0.556313455104828,0.533519983291626,0.444306075572967
-0.669679582118988,-0.126630216836929,1.04234325885773,0.456435471773148,-0.55768758058548,0.533340752124786,0.442943304777145
-0.669929444789886,-0.127204656600952,1.04174435138702,0.456017702817917,-0.558989822864532,0.533546507358551,0.441481947898865
-0.670247852802277,-0.127830475568771,1.04133355617523,0.454435437917709,-0.5610431432724,0.533442080020905,0.440634489059448
-0.670528411865234,-0.12843444943428,1.04042434692383,0.454311281442642,-0.562073051929474,0.533827126026154,0.438980579376221
-0.670677959918976,-0.128975033760071,1.03961384296417,0.454167723655701,-0.562796711921692,0.534140765666962,0.437818914651871
-0.671047151088715,-0.129597634077072,1.03913617134094,0.453437298536301,-0.564598917961121,0.533457338809967,0.437088251113892
-0.671329259872437,-0.130222380161285,1.0382684469223,0.453173071146011,-0.565742075443268,0.533539235591888,0.435781955718994
-0.671634078025818,-0.129931837320328,1.03693795204163,0.451289772987366,-0.56700336933136,0.533592104911804,0.436032503843307
-0.671874523162842,-0.13049790263176,1.03619456291199,0.451087146997452,-0.567978084087372,0.533603072166443,0.434958904981613
-0.672399818897247,-0.131909102201462,1.03606355190277,0.451849520206451,-0.569434523582458,0.53326690196991,0.432669430971146
-0.673037052154541,-0.132727593183517,1.03550827503204,0.451036632061005,-0.571548283100128,0.532485485076904,0.431691765785217
-0.673336625099182,-0.133232802152634,1.03465402126312,0.450883060693741,-0.572213649749756,0.532771289348602,0.430616766214371
-0.673510372638702,-0.132983028888702,1.03336751461029,0.449429154396057,-0.572862565517426,0.532731354236603,0.431322664022446
-0.674052357673645,-0.13452036678791,1.03314328193665,0.450337022542953,-0.574441611766815,0.53182053565979,0.429395645856857
-0.674241542816162,-0.134088560938835,1.03161942958832,0.448846012353897,-0.574730694293976,0.531856000423431,0.430524259805679
-0.674745321273804,-0.13460373878479,1.0310674905777,0.447906255722046,-0.576266586780548,0.531498730182648,0.429890424013138
-0.675471246242523,-0.136110752820969,1.031090259552,0.448628008365631,-0.57768988609314,0.530887484550476,0.427978903055191
-0.675751149654388,-0.135750353336334,1.02991044521332,0.447077870368958,-0.578126013278961,0.530983448028564,0.428891897201538
-0.67653900384903,-0.13749423623085,1.02954161167145,0.448147296905518,-0.57963490486145,0.529567956924438,0.427487283945084
-0.677106082439423,-0.138071849942207,1.02887630462646,0.447738409042358,-0.580661535263062,0.528910279273987,0.42733633518219
-0.677824676036835,-0.138936072587967,1.02768039703369,0.447595149278641,-0.58198755979538,0.528381109237671,0.426336139440536
-0.678209543228149,-0.139339089393616,1.0272319316864,0.447426199913025,-0.582467675209045,0.528013408184052,0.426313430070877
-0.67848014831543,-0.138717517256737,1.02600252628326,0.445672214031219,-0.582814872264862,0.528251886367798,0.427379190921783
-0.679025292396545,-0.13926687836647,1.02539885044098,0.445380300283432,-0.583663463592529,0.527281582355499,0.427723854780197
-0.679539680480957,-0.139480978250504,1.02526938915253,0.444936394691467,-0.58385294675827,0.526447355747223,0.428952991962433
-0.680431962013245,-0.141597479581833,1.02517104148865,0.446393996477127,-0.58551150560379,0.525012731552124,0.426931500434875
-0.680431962013245,-0.141597479581833,1.02517104148865,0.446393996477127,-0.58551150560379,0.525012731552124,0.426931500434875
-0.681366741657257,-0.141360491514206,1.02362489700317,0.444300472736359,-0.586208641529083,0.523851215839386,0.429577380418777
-0.682153224945068,-0.142924308776855,1.02393305301666,0.445409208536148,-0.587312638759613,0.522207200527191,0.428922116756439
-0.682548224925995,-0.142473578453064,1.02221786975861,0.444135844707489,-0.587291061878204,0.522117495536804,0.430379122495651
-0.683147847652435,-0.14305317401886,1.02174854278564,0.443948268890381,-0.587878704071045,0.52135819196701,0.43069064617157
-0.683785736560822,-0.14348392188549,1.02155303955078,0.44365057349205,-0.588387310504913,0.520186543464661,0.431718021631241
-0.683785736560822,-0.14348392188549,1.02155303955078,0.44365057349205,-0.588387310504913,0.520186543464661,0.431718021631241
-0.685085237026215,-0.144499599933624,1.02069389820099,0.442963033914566,-0.589410364627838,0.518111705780029,0.43351998925209
-0.685808837413788,-0.145112186670303,1.02002847194672,0.442957460880279,-0.590047180652618,0.517642140388489,0.433220058679581
-0.686593413352966,-0.145690351724625,1.01946246623993,0.443341314792633,-0.590364336967468,0.516349852085114,0.433937221765518
-0.687183141708374,-0.145958214998245,1.01936233043671,0.442039430141449,-0.590976059436798,0.514617621898651,0.436482787132263
-0.687822997570038,-0.146397411823273,1.01893496513367,0.442019134759903,-0.591261982917786,0.513494551181793,0.437437564134598
-0.688772976398468,-0.146967679262161,1.01813447475433,0.441872358322143,-0.591694831848145,0.512879431247711,0.437722057104111
-0.689464628696442,-0.147388398647308,1.01777517795563,0.441290706396103,-0.592106342315674,0.51187527179718,0.43892627954483
-0.690355539321899,-0.147919207811356,1.01743566989899,0.441048055887222,-0.592825651168823,0.510319590568542,0.440009593963623
-0.691299259662628,-0.148396208882332,1.01710951328278,0.440655410289764,-0.593340396881104,0.509394824504852,0.440780103206635
-0.692017555236816,-0.148606792092323,1.01719462871552,0.439683377742767,-0.594231426715851,0.50804191827774,0.442109763622284
-0.692017555236816,-0.148606792092323,1.01719462871552,0.439683377742767,-0.594231426715851,0.50804191827774,0.442109763622284
-0.693603873252869,-0.149288415908813,1.01647794246674,0.438877135515213,-0.594902873039246,0.504997730255127,0.445482760667801
-0.694453537464142,-0.149862512946129,1.01579332351685,0.438273817300797,-0.595962405204773,0.503774046897888,0.446045696735382
