x,y,z,q0,q1,q2,q3
0.68312281370163,-0.177005439996719,1.38837325572968,-0.368531614542007,-0.400412023067474,0.590047895908356,-0.596404492855072
0.683016896247864,-0.176831841468811,1.38857042789459,-0.368472754955292,-0.400273859500885,0.59158456325531,-0.595009446144104
0.681547164916992,-0.176808834075928,1.38846397399902,-0.370229482650757,-0.398178935050964,0.593772411346436,-0.593142569065094
0.680782735347748,-0.176798045635223,1.38846778869629,-0.371014922857284,-0.397276669740677,0.595079600811005,-0.591945469379425
0.679729223251343,-0.177321463823318,1.38877785205841,-0.369455367326736,-0.399693042039871,0.594012975692749,-0.592365503311157
0.678919494152069,-0.177182763814926,1.38881397247314,-0.370499402284622,-0.398633688688278,0.595381081104279,-0.591052174568176
0.678323268890381,-0.17710617184639,1.38867378234863,-0.371261924505234,-0.397701561450958,0.597120881080627,-0.589444577693939
0.677411198616028,-0.176968067884445,1.38880240917206,-0.372611314058304,-0.396369069814682,0.598332285881042,-0.58826094865799
0.67672336101532,-0.17685541510582,1.38877785205841,-0.373367995023727,-0.395035982131958,0.600118279457092,-0.586856961250305
0.676011621952057,-0.176711305975914,1.38874268531799,-0.374620884656906,-0.39390555024147,0.601648151874542,-0.585249662399292
0.675212204456329,-0.176672667264938,1.38867747783661,-0.375809162855148,-0.393114298582077,0.602944254875183,-0.583683967590332
0.674500286579132,-0.176243156194687,1.38847863674164,-0.37592214345932,-0.391834408044815,0.60441517829895,-0.582949995994568
0.67419970035553,-0.176051288843155,1.38844561576843,-0.376399785280228,-0.391117632389069,0.606141984462738,-0.581327974796295
0.673629939556122,-0.175933569669724,1.38816666603088,-0.377120137214661,-0.390230119228363,0.607746601104736,-0.579780042171478
0.672555565834045,-0.175693154335022,1.38846898078918,-0.378878235816956,-0.38908177614212,0.608838558197021,-0.578257858753204
0.671881556510925,-0.175602495670319,1.38849949836731,-0.379561364650726,-0.387945234775543,0.610486686229706,-0.576834321022034
0.671298801898956,-0.175487384200096,1.38849866390228,-0.381207019090652,-0.386428445577621,0.612410187721252,-0.574724435806274
0.670800507068634,-0.175139591097832,1.3885657787323,-0.381921887397766,-0.385642379522324,0.614257335662842,-0.572803258895874
0.670080304145813,-0.174999237060547,1.38859570026398,-0.381866991519928,-0.385193347930908,0.615110576152802,-0.57222592830658
0.669575452804565,-0.174784049391746,1.38859915733337,-0.382352203130722,-0.384434938430786,0.616595387458801,-0.57081264257431
0.669569790363312,-0.174696937203407,1.38887405395508,-0.382524490356445,-0.385057806968689,0.618084311485291,-0.568662822246552
0.669015526771545,-0.174678921699524,1.38844585418701,-0.38277879357338,-0.384140253067017,0.61939936876297,-0.567680478096008
0.668456494808197,-0.174313306808472,1.38870441913605,-0.383410006761551,-0.383323311805725,0.620801985263824,-0.566272914409637
0.668456494808197,-0.174313306808472,1.38870441913605,-0.383410006761551,-0.383323311805725,0.620801985263824,-0.566272914409637
0.668181359767914,-0.173951029777527,1.38898909091949,-0.385133236646652,-0.382621139287949,0.623271286487579,-0.562855541706085
0.667635560035706,-0.173754274845123,1.38896560668945,-0.383907109498978,-0.38217031955719,0.624567449092865,-0.562562584877014
0.667226195335388,-0.173585817217827,1.38896727561951,-0.384696453809738,-0.382069289684296,0.625644624233246,-0.560892581939697
0.666917622089386,-0.173530608415604,1.38883793354034,-0.385024666786194,-0.381688743829727,0.626505374908447,-0.559965074062347
0.666383266448975,-0.173319429159164,1.38899290561676,-0.385775029659271,-0.380788207054138,0.627567112445831,-0.558871626853943
0.666022956371307,-0.17314176261425,1.38895392417908,-0.385904848575592,-0.380065888166428,0.628544926643372,-0.558174431324005
0.665545403957367,-0.173184156417847,1.38841271400452,-0.386302471160889,-0.379390686750412,0.629284083843231,-0.557525515556335
0.665310382843018,-0.172893136739731,1.38887572288513,-0.386608868837357,-0.37910008430481,0.630186438560486,-0.556490957736969
0.664929986000061,-0.172688335180283,1.3888087272644,-0.38631147146225,-0.37871327996254,0.629468619823456,-0.557771563529968
0.663612127304077,-0.172682464122772,1.38857018947601,-0.388603001832962,-0.376750916242599,0.630864977836609,-0.555927991867065
0.66341358423233,-0.172501057386398,1.38858413696289,-0.388425469398498,-0.376455187797546,0.631606221199036,-0.555410444736481
0.663148999214172,-0.172344297170639,1.38858842849731,-0.388532876968384,-0.376156508922577,0.632129609584808,-0.554942011833191
0.662828743457794,-0.172193005681038,1.38856041431427,-0.388729393482208,-0.375595390796661,0.632743954658508,-0.554484188556671
0.662474572658539,-0.172028005123138,1.388631939888,-0.389056921005249,-0.374992430210114,0.633526742458344,-0.553768396377563
0.662474572658539,-0.172028005123138,1.388631939888,-0.389056921005249,-0.374992430210114,0.633526742458344,-0.553768396377563
0.661825954914093,-0.17157456278801,1.38865673542023,-0.390339910984039,-0.374700248241425,0.63420432806015,-0.55228579044342
0.661480784416199,-0.171519309282303,1.38869476318359,-0.390490621328354,-0.373785346746445,0.635665059089661,-0.551118612289429
0.66105580329895,-0.17118988931179,1.38867890834808,-0.390630751848221,-0.373048663139343,0.636261343955994,-0.550830125808716
0.66074550151825,-0.171155676245689,1.38875615596771,-0.391123235225677,-0.37307471036911,0.636050939559937,-0.550706207752228
0.660433888435364,-0.170962601900101,1.38887894153595,-0.391122221946716,-0.372122555971146,0.637525498867035,-0.549644887447357
0.660083532333374,-0.170734688639641,1.38895177841187,-0.391125112771988,-0.37157341837883,0.638119339942932,-0.549325108528137
0.660231232643127,-0.170603111386299,1.38878977298737,-0.390577405691147,-0.37172269821167,0.638905346393585,-0.548699915409088
0.659891724586487,-0.170573502779007,1.38889765739441,-0.390652686357498,-0.370942324399948,0.639909148216248,-0.548004269599915
0.659086108207703,-0.170304581522942,1.38924181461334,-0.391902029514313,-0.369726657867432,0.64048570394516,-0.547259628772736
0.658804059028625,-0.170144692063332,1.38929569721222,-0.392519176006317,-0.369994103908539,0.640498161315918,-0.54662162065506
0.658404231071472,-0.169934928417206,1.38937366008759,-0.392575114965439,-0.369053065776825,0.642010629177094,-0.54544198513031
0.658128321170807,-0.169667676091194,1.38940143585205,-0.393193334341049,-0.369042664766312,0.641943573951721,-0.545082688331604
0.657869756221771,-0.169543147087097,1.38945412635803,-0.393127113580704,-0.368231266736984,0.643605947494507,-0.54371702671051
0.657628834247589,-0.169357717037201,1.38948035240173,-0.393465936183929,-0.367767721414566,0.644343733787537,-0.542911410331726
0.657628834247589,-0.169357717037201,1.38948035240173,-0.393465936183929,-0.367767721414566,0.644343733787537,-0.542911410331726
0.657204389572144,-0.169230550527573,1.38961911201477,-0.394205242395401,-0.367572784423828,0.645617246627808,-0.540990710258484
0.656983613967896,-0.168960779905319,1.38956987857819,-0.394199877977371,-0.367439836263657,0.646198213100433,-0.540391027927399
0.656807601451874,-0.168763905763626,1.38954973220825,-0.394420355558395,-0.367246031761169,0.646799206733704,-0.53964227437973
0.656620979309082,-0.168601095676422,1.38955056667328,-0.394533157348633,-0.366913914680481,0.647670388221741,-0.53874009847641
0.656431257724762,-0.168423071503639,1.38955509662628,-0.395190417766571,-0.36734676361084,0.647243440151215,-0.538476526737213
0.656241595745087,-0.168349131941795,1.38965630531311,-0.395700126886368,-0.36719161272049,0.647641479969025,-0.537728905677795
0.656408607959747,-0.168291121721268,1.38944327831268,-0.394837498664856,-0.367059081792831,0.649077534675598,-0.536720812320709
0.656131386756897,-0.167863696813583,1.38938367366791,-0.394954055547714,-0.366575360298157,0.649616479873657,-0.536313593387604
0.655469000339508,-0.167741850018501,1.38979125022888,-0.396297782659531,-0.365727990865707,0.649715542793274,-0.535780668258667
0.655174911022186,-0.167383298277855,1.38975954055786,-0.396670162677765,-0.365837663412094,0.649182736873627,-0.536076128482819
0.655360043048859,-0.167153984308243,1.39004921913147,-0.396344006061554,-0.366381168365479,0.64947509765625,-0.535591602325439
0.655205190181732,-0.166948407888412,1.39015054702759,-0.397163778543472,-0.365590095520019,0.650051295757294,-0.534825384616852
0.654964864253998,-0.166754111647606,1.39025413990021,-0.397368848323822,-0.3653524518013,0.650267243385315,-0.534573018550873
0.654257535934448,-0.166568741202354,1.39013040065765,-0.39817601442337,-0.364371061325073,0.650203764438629,-0.534719288349152
0.654161691665649,-0.16646209359169,1.39007842540741,-0.396971613168716,-0.364659070968628,0.650803208351135,-0.53468918800354
0.653980076313019,-0.16634476184845,1.39023554325104,-0.397283732891083,-0.36449059844017,0.650853931903839,-0.534510552883148
0.653988182544708,-0.166380703449249,1.39026260375977,-0.397098630666733,-0.364829123020172,0.650744020938873,-0.534550726413727
0.653769850730896,-0.16623643040657,1.39035165309906,-0.3974389731884,-0.3652263879776,0.649786651134491,-0.535190880298615
0.653483927249908,-0.165909424424171,1.39033806324005,-0.397300273180008,-0.364923268556595,0.649587512016296,-0.535742223262787
0.653184294700623,-0.165879026055336,1.39045917987823,-0.397570788860321,-0.364718019962311,0.649274885654449,-0.536060214042664
0.652624487876892,-0.165776669979095,1.39070522785187,-0.398301899433136,-0.36415559053421,0.648762226104736,-0.536520302295685
0.652427315711975,-0.165585979819298,1.3906512260437,-0.398025423288345,-0.364023268222809,0.648463249206543,-0.537176132202148
0.651816606521606,-0.165332809090614,1.39081192016602,-0.398602962493896,-0.36330708861351,0.647865056991577,-0.537953972816467
0.651816606521606,-0.165332809090614,1.39081192016602,-0.398602962493896,-0.36330708861351,0.647865056991577,-0.537953972816467
0.650705277919769,-0.165193229913711,1.39113712310791,-0.399997264146805,-0.362166285514831,0.646827638149261,-0.538935780525208
0.650294065475464,-0.164956390857697,1.39127254486084,-0.400175273418427,-0.361734718084335,0.646406471729279,-0.539598524570465
0.650294065475464,-0.164956390857697,1.39127254486084,-0.400175273418427,-0.361734718084335,0.646406471729279,-0.539598524570465
0.649221897125244,-0.164562284946442,1.39145481586456,-0.400965422391891,-0.360421746969223,0.645399153232574,-0.541094124317169
0.648670971393585,-0.164284765720367,1.39144849777222,-0.401165932416916,-0.359694629907608,0.64488410949707,-0.54204261302948
0.648524403572083,-0.164242565631866,1.39133393764496,-0.400381296873093,-0.359438121318817,0.645054161548615,-0.542590439319611
0.647668182849884,-0.16406224668026,1.39156949520111,-0.401371628046036,-0.358369469642639,0.644331514835358,-0.543423712253571
0.64733874797821,-0.163846224546432,1.39157605171204,-0.402899175882339,-0.357483297586441,0.643463253974915,-0.543905258178711
0.646466732025146,-0.163545817136764,1.39164018630981,-0.402384370565414,-0.357391357421875,0.642144978046417,-0.545901238918304
0.6454017162323,-0.163097351789474,1.39181458950043,-0.403496563434601,-0.355780243873596,0.64150470495224,-0.546884477138519
0.645113050937653,-0.162877529859543,1.39234936237335,-0.403798878192902,-0.35567769408226,0.641066789627075,-0.547241628170013
0.64340215921402,-0.162285268306732,1.3921172618866,-0.405207872390747,-0.3523288667202,0.641328096389771,-0.548059642314911
0.642579138278961,-0.161880403757095,1.3922336101532,-0.40607076883316,-0.351119607686996,0.640883564949036,-0.548716604709625
0.642086803913116,-0.161618962883949,1.39216423034668,-0.406342625617981,-0.350459545850754,0.640578210353851,-0.549293696880341
0.640715897083282,-0.161199569702148,1.39245653152466,-0.408917903900146,-0.348790973424911,0.639197766780853,-0.550052046775818
0.640035152435303,-0.160761505365372,1.3923647403717,-0.409347325563431,-0.34765762090683,0.638922989368439,-0.550768852233887
0.640035152435303,-0.160761505365372,1.3923647403717,-0.409347325563431,-0.34765762090683,0.638922989368439,-0.550768852233887
0.63788378238678,-0.159842014312744,1.39255344867706,-0.411737203598022,-0.344551384449005,0.637970924377441,-0.55204176902771
0.637034237384796,-0.159208804368973,1.39286434650421,-0.41320127248764,-0.342623949050903,0.637972235679626,-0.552145898342133
0.634942352771759,-0.158541634678841,1.39294874668121,-0.414874911308289,-0.339538097381592,0.637738287448883,-0.553066551685333
0.634235441684723,-0.158114537596702,1.39285445213318,-0.41550487279892,-0.338305443525314,0.637431442737579,-0.553702473640442
0.632835209369659,-0.157228097319603,1.3933687210083,-0.416968196630478,-0.336504638195038,0.636725723743439,-0.554511070251465
0.631399869918823,-0.156592905521393,1.39290332794189,-0.417999386787414,-0.334194272756576,0.636228740215302,-0.55570125579834
0.630065321922302,-0.155913695693016,1.39304208755493,-0.419367223978043,-0.332503139972687,0.63545548915863,-0.556568920612335
0.628058791160583,-0.154963076114655,1.39330291748047,-0.422155290842056,-0.329793602228165,0.63400012254715,-0.557731986045837
0.627013325691223,-0.15440046787262,1.39303112030029,-0.422404259443283,-0.327793598175049,0.634536504745483,-0.558112442493439
0.625112354755402,-0.153447777032852,1.39337146282196,-0.425308138132095,-0.32539626955986,0.633162558078766,-0.558869898319244
0.623550772666931,-0.152671530842781,1.39342451095581,-0.426769822835922,-0.322317868471146,0.633819043636322,-0.558795154094696
0.622751355171204,-0.151947602629662,1.39362299442291,-0.427510350942612,-0.322270601987839,0.632797360420227,-0.559414327144623
0.620768129825592,-0.151147797703743,1.39315915107727,-0.429390430450439,-0.318535566329956,0.633219182491302,-0.559636175632477
0.619270503520966,-0.15024434030056,1.39315807819366,-0.429128676652908,-0.313937872648239,0.632665455341339,-0.56305068731308
0.617684543132782,-0.148944616317749,1.39330017566681,-0.430894136428833,-0.310819655656815,0.632632553577423,-0.563469231128693
0.61588054895401,-0.14809088408947,1.39287269115448,-0.43381330370903,-0.31090247631073,0.632386744022369,-0.561456084251404
0.614186525344849,-0.147187888622284,1.39283263683319,-0.43594890832901,-0.30893811583519,0.631786823272705,-0.561561465263367
0.612618625164032,-0.146111100912094,1.39273989200592,-0.435045689344406,-0.303706467151642,0.631403028964996,-0.565533101558685
0.610434412956238,-0.145105063915253,1.39306330680847,-0.439986795186996,-0.303358048200607,0.63019984960556,-0.56323516368866
0.609266102313995,-0.14429934322834,1.39273881912231,-0.441231191158295,-0.30129200220108,0.630256056785583,-0.563307762145996
0.607356548309326,-0.143135577440262,1.39282155036926,-0.444219022989273,-0.298330575227737,0.630089640617371,-0.562721371650696
0.605939924716949,-0.142161071300507,1.39260697364807,-0.444286793470383,-0.297163844108581,0.629507899284363,-0.563935101032257
0.604032576084137,-0.140951156616211,1.39266347885132,-0.444478511810303,-0.2913698554039,0.6296306848526,-0.56666374206543
0.604032576084137,-0.140951156616211,1.39266347885132,-0.444478511810303,-0.2913698554039,0.6296306848526,-0.56666374206543
0.601151704788208,-0.138965994119644,1.3924195766449,-0.449078381061554,-0.2889164686203,0.630264282226562,-0.563580453395844
0.600008428096771,-0.137874662876129,1.39275324344635,-0.447588473558426,-0.285395622253418,0.629842162132263,-0.567021250724792
0.59760046005249,-0.13665971159935,1.39243173599243,-0.450246512889862,-0.280855864286423,0.629076421260834,-0.568032622337341
0.59662914276123,-0.1358622610569,1.39232969284058,-0.450497716665268,-0.280190706253052,0.629181087017059,-0.568045973777771
0.595199406147003,-0.13487920165062,1.39198124408722,-0.452405631542206,-0.277666211128235,0.629179775714874,-0.567770779132843
0.593879163265228,-0.133714482188225,1.39183449745178,-0.455480098724365,-0.278309613466263,0.628847718238831,-0.565360307693481
0.592117190361023,-0.132443070411682,1.39195358753204,-0.455059319734573,-0.272605746984482,0.629243314266205,-0.568031668663025
0.590915679931641,-0.131458207964897,1.39190912246704,-0.456232190132141,-0.270630210638046,0.628862619400024,-0.568457007408142
0.590075016021729,-0.130451962351799,1.39148783683777,-0.458664327859878,-0.271369069814682,0.629331946372986,-0.565621316432953
0.588881194591522,-0.129394590854645,1.39131140708923,-0.459725886583328,-0.269029855728149,0.629250109195709,-0.565967619419098
0.58777928352356,-0.128459289669991,1.39114248752594,-0.457734107971191,-0.265997707843781,0.62815660238266,-0.570214092731476
0.586727917194366,-0.127289965748787,1.39096367359161,-0.459367632865906,-0.263086915016174,0.628318667411804,-0.5700723528862
0.585947871208191,-0.126560106873512,1.39099073410034,-0.461780875921249,-0.261049509048462,0.628650665283203,-0.568691611289978
0.585087239742279,-0.125543832778931,1.39079761505127,-0.464257150888443,-0.261968672275543,0.629046320915222,-0.565807819366455
0.583964407444,-0.124369874596596,1.39084589481354,-0.462148487567902,-0.258462250232696,0.627807796001434,-0.570502877235413
0.58351868391037,-0.123616896569729,1.39057528972626,-0.462245553731918,-0.257710814476013,0.627660870552063,-0.570925652980804
0.582880318164825,-0.122706919908524,1.39043092727661,-0.463061392307281,-0.256468325853348,0.627465665340424,-0.571038484573364
0.582220137119293,-0.122452713549137,1.39064395427704,-0.46516814827919,-0.255842059850693,0.626673638820648,-0.570476651191711
0.581717133522034,-0.12144148349762,1.39041709899902,-0.465486079454422,-0.254580438137054,0.626553058624268,-0.570913910865784
0.581175923347473,-0.120267324149609,1.3901162147522,-0.46462470293045,-0.253998577594757,0.626035511493683,-0.572440624237061
0.580723166465759,-0.119211390614509,1.38982272148132,-0.464509278535843,-0.253453254699707,0.625774085521698,-0.573061585426331
0.579748570919037,-0.119260221719742,1.39028990268707,-0.466027945280075,-0.252880126237869,0.624506235122681,-0.573464632034302
0.579809665679932,-0.118479512631893,1.38985073566437,-0.467703253030777,-0.255201518535614,0.623903393745422,-0.571725964546204
0.579572260379791,-0.117168813943863,1.38954591751099,-0.467376589775085,-0.253846406936646,0.623904883861542,-0.572594046592712
0.579209566116333,-0.116194918751717,1.38936269283295,-0.466657638549805,-0.253207147121429,0.623359858989716,-0.574055314064026
0.578842639923096,-0.115503840148449,1.38919758796692,-0.4639493227005,-0.251485258340836,0.622864603996277,-0.577534377574921
0.578264355659485,-0.115849830210209,1.38986241817474,-0.467485427856445,-0.250261038541794,0.622121036052704,-0.576014041900635
0.578602254390717,-0.115559674799442,1.3897670507431,-0.468508303165436,-0.249959722161293,0.622454583644867,-0.57495254278183
0.578429162502289,-0.115034900605679,1.38969075679779,-0.468463569879532,-0.249792918562889,0.621786117553711,-0.575784265995026
0.578429222106934,-0.114340826869011,1.38959383964539,-0.468502879142761,-0.250694394111633,0.619947552680969,-0.577341020107269
0.578265488147736,-0.114083424210548,1.38958430290222,-0.468112736940384,-0.249938935041428,0.620188355445862,-0.577726066112518
0.578121244907379,-0.113566845655441,1.38943791389465,-0.467635691165924,-0.250095337629318,0.619498133659363,-0.57878440618515
0.578051209449768,-0.113338813185692,1.38948333263397,-0.467698812484741,-0.249392718076706,0.618985056877136,-0.579584836959839
0.577938973903656,-0.112896524369717,1.38938617706299,-0.469205290079117,-0.250589698553085,0.618501484394073,-0.578366100788116
0.577698051929474,-0.112644076347351,1.38936471939087,-0.469002485275268,-0.25116291642189,0.617539405822754,-0.579308986663818
0.577529191970825,-0.112603023648262,1.38927042484283,-0.467869460582733,-0.252825260162354,0.616129040718079,-0.581001579761505
0.577357649803162,-0.11223329603672,1.38940155506134,-0.467716008424759,-0.252265423536301,0.616982936859131,-0.580461859703064
0.577475666999817,-0.112131506204605,1.38951408863068,-0.468989223241806,-0.252984881401062,0.614887058734894,-0.581344723701477
0.577489852905273,-0.111711382865906,1.38941049575806,-0.468899071216583,-0.25333496928215,0.614481091499329,-0.581694185733795
0.577489852905273,-0.111711382865906,1.38941049575806,-0.468899071216583,-0.25333496928215,0.614481091499329,-0.581694185733795
0.578042089939117,-0.1110715046525,1.38892412185669,-0.469972491264343,-0.25275507569313,0.614263594150543,-0.581309676170349
0.578524947166443,-0.110347226262092,1.38912963867188,-0.468984663486481,-0.253596901893616,0.613943338394165,-0.582078695297241
0.578255712985992,-0.110600844025612,1.38876223564148,-0.469886809587479,-0.253898024559021,0.612885355949402,-0.582334578037262
0.578394889831543,-0.11006385833025,1.38879358768463,-0.469875633716583,-0.254116386175156,0.61275041103363,-0.582390666007996
0.57832258939743,-0.110163815319538,1.38867437839508,-0.46892711520195,-0.255836278200149,0.611426889896393,-0.583791553974152
0.578466832637787,-0.109933167695999,1.38837766647339,-0.469555735588074,-0.25583827495575,0.610955417156219,-0.583778917789459
0.578466832637787,-0.109933167695999,1.38837766647339,-0.469555735588074,-0.25583827495575,0.610955417156219,-0.583778917789459
0.57874071598053,-0.109974086284637,1.38830840587616,-0.471161335706711,-0.256792664527893,0.610019087791443,-0.583045065402985
0.578814625740051,-0.109947301447391,1.3882257938385,-0.470918625593185,-0.257662624120712,0.608948945999146,-0.583975076675415
0.57890659570694,-0.10878774523735,1.3877649307251,-0.469516098499298,-0.257590353488922,0.608526945114136,-0.585573852062225
0.579024732112885,-0.109715342521667,1.38792061805725,-0.470445066690445,-0.260415703058243,0.607880473136902,-0.584248542785645
0.579156100749969,-0.109978437423706,1.38794100284576,-0.470287084579468,-0.262115508317947,0.607021152973175,-0.584509074687958
0.579513788223267,-0.110110312700272,1.38804256916046,-0.471640527248383,-0.262351483106613,0.607061088085175,-0.583269894123077
0.579792082309723,-0.109759449958801,1.38787472248077,-0.471885055303574,-0.262503534555435,0.606965303421021,-0.583103537559509
0.579999566078186,-0.110024839639664,1.38790118694305,-0.471710085868835,-0.264366626739502,0.606104612350464,-0.58329850435257
0.580353379249573,-0.109714172780514,1.38774609565735,-0.472096651792526,-0.264642208814621,0.606002151966095,-0.582967042922974
0.58063530921936,-0.109711013734341,1.3877272605896,-0.472064197063446,-0.265593707561493,0.605665862560272,-0.582910180091858
0.580725371837616,-0.109588988125324,1.3877946138382,-0.472469061613083,-0.266347080469131,0.605248928070068,-0.582671523094177
0.580898702144623,-0.10954350233078,1.38794422149658,-0.472778350114822,-0.267485976219177,0.604299247264862,-0.582884550094604
0.581114113330841,-0.108270086348057,1.38753008842468,-0.471278160810471,-0.267358809709549,0.604251086711884,-0.584206223487854
0.581942319869995,-0.109158776700497,1.38755190372467,-0.471760332584381,-0.269224345684052,0.603988349437714,-0.583231091499329
0.581942319869995,-0.109158776700497,1.38755190372467,-0.471760332584381,-0.269224345684052,0.603988349437714,-0.583231091499329
0.582531988620758,-0.109143495559692,1.38741445541382,-0.471572548151016,-0.271397709846497,0.60250723361969,-0.583907246589661
0.582531988620758,-0.109143495559692,1.38741445541382,-0.471572548151016,-0.271397709846497,0.60250723361969,-0.583907246589661
0.583089172840118,-0.109116159379482,1.3875880241394,-0.471386313438416,-0.273467034101486,0.600991427898407,-0.584653973579407
0.583221793174744,-0.108313143253326,1.38729453086853,-0.47031906247139,-0.273533433675766,0.600317358970642,-0.586172699928284
0.583912432193756,-0.109045036137104,1.38782286643982,-0.470353424549103,-0.275546818971634,0.599447071552277,-0.586092889308929
0.583849906921387,-0.108904972672462,1.38743984699249,-0.470214247703552,-0.275996834039688,0.598211288452148,-0.587254226207733
0.583966851234436,-0.108980387449264,1.38730621337891,-0.470558792352676,-0.276457995176315,0.59713876247406,-0.587852597236633
0.58453905582428,-0.108836397528648,1.38769781589508,-0.469549298286438,-0.277740180492401,0.596535682678223,-0.588667213916779
0.584685862064362,-0.10879697650671,1.38766348361969,-0.46923702955246,-0.278140127658844,0.595439076423645,-0.589836478233337
0.584825932979584,-0.108587056398392,1.3875572681427,-0.468919515609741,-0.278584122657776,0.594493806362152,-0.590832114219666
0.584907293319702,-0.108710080385208,1.38753199577332,-0.468949347734451,-0.279075235128403,0.593088686466217,-0.591987669467926
0.584916889667511,-0.108052663505077,1.38719236850739,-0.468022465705872,-0.27876603603363,0.592373192310333,-0.593581080436707
0.585209667682648,-0.108895599842072,1.38738572597504,-0.468776196241379,-0.27909055352211,0.591170132160187,-0.594033062458038
0.585283875465393,-0.108819618821144,1.38735866546631,-0.468351781368256,-0.279304355382919,0.590165615081787,-0.595265030860901
0.585266709327698,-0.108572714030743,1.3872663974762,-0.467923551797867,-0.279852300882339,0.589591562747955,-0.59591281414032
0.585381925106049,-0.108428873121738,1.38722431659698,-0.467471539974213,-0.279970198869705,0.588919818401337,-0.596875548362732
0.585047602653503,-0.108837872743606,1.3868842124939,-0.468054205179214,-0.279971539974213,0.587480068206787,-0.59783673286438
0.585061073303223,-0.108714826405048,1.38685190677643,-0.467649132013321,-0.280247926712036,0.586614310741425,-0.598873257637024
0.585093379020691,-0.108136139810085,1.38667643070221,-0.46713525056839,-0.279475510120392,0.586200535297394,-0.60003924369812
0.585090816020966,-0.108289286494255,1.38666558265686,-0.466451585292816,-0.279936045408249,0.584574520587921,-0.601939797401428
0.585090816020966,-0.108289286494255,1.38666558265686,-0.466451585292816,-0.279936045408249,0.584574520587921,-0.601939797401428
0.585078775882721,-0.108120433986187,1.38672113418579,-0.466655522584915,-0.280211806297302,0.583601415157318,-0.602597296237946
0.585062861442566,-0.107913494110107,1.38668715953827,-0.466364502906799,-0.279985278844833,0.582915782928467,-0.603590667247772
0.584983646869659,-0.107486113905907,1.38653540611267,-0.465012758970261,-0.280288130044937,0.582068741321564,-0.605307996273041
0.584725320339203,-0.105855688452721,1.38606595993042,-0.46318119764328,-0.278827488422394,0.581961095333099,-0.607486486434937
0.585044384002686,-0.107264161109924,1.38668119907379,-0.465543270111084,-0.27985143661499,0.581117331981659,-0.606016039848328
0.584841668605804,-0.107028737664223,1.38680171966553,-0.465404480695724,-0.279355585575104,0.580311119556427,-0.607123017311096
0.584831058979034,-0.10668671131134,1.38666427135468,-0.46463617682457,-0.279300481081009,0.579739689826965,-0.60828161239624
0.584840774536133,-0.106495454907417,1.38668012619019,-0.464497923851013,-0.279376298189163,0.579252064228058,-0.608816683292389
0.585169792175293,-0.106373846530914,1.38700914382935,-0.464128375053406,-0.279836237430573,0.579083144664764,-0.609047949314117
0.585155129432678,-0.106179006397724,1.38698518276215,-0.46379280090332,-0.279699444770813,0.578704297542572,-0.609726071357727
0.585202753543854,-0.106004223227501,1.38701200485229,-0.463434368371964,-0.279708981513977,0.578280448913574,-0.610395967960358
0.585202753543854,-0.106004223227501,1.38701200485229,-0.463434368371964,-0.279708981513977,0.578280448913574,-0.610395967960358
0.585347950458527,-0.105638399720192,1.38707971572876,-0.462837100028992,-0.279610484838486,0.577830135822296,-0.611320197582245
0.585554122924805,-0.105529546737671,1.38703632354736,-0.462230443954468,-0.279796540737152,0.57769513130188,-0.611821293830872
0.585465312004089,-0.105452291667461,1.38656067848206,-0.462044775485992,-0.279177188873291,0.577364683151245,-0.612556040287018
0.585461318492889,-0.104843258857727,1.38646829128265,-0.461540073156357,-0.278498947620392,0.577421128749847,-0.613191425800323
0.585544168949127,-0.104669310152531,1.38654935359955,-0.461123466491699,-0.278337866067886,0.577240407466888,-0.61374819278717
0.585544049739838,-0.104320228099823,1.38646900653839,-0.459681123495102,-0.278579115867615,0.576663434505463,-0.615261316299438
0.585684955120087,-0.104150488972664,1.38663077354431,-0.459786057472229,-0.277855962514877,0.576792001724243,-0.615389168262482
0.585799157619476,-0.104004666209221,1.38677036762238,-0.459491550922394,-0.277841091156006,0.576503992080688,-0.615885674953461
0.586248815059662,-0.104042038321495,1.38742923736572,-0.458105742931366,-0.279249429702759,0.576330065727234,-0.616443574428558
0.586248815059662,-0.104042038321495,1.38742923736572,-0.458105742931366,-0.279249429702759,0.576330065727234,-0.616443574428558
0.586478710174561,-0.103760257363319,1.38778841495514,-0.457338869571686,-0.279153019189835,0.576175570487976,-0.617200553417206
0.586478710174561,-0.103760257363319,1.38778841495514,-0.457338869571686,-0.279153019189835,0.576175570487976,-0.617200553417206
0.586752474308014,-0.103304132819176,1.38807094097137,-0.457337468862534,-0.277652531862259,0.576847970485687,-0.617250323295593
0.58688873052597,-0.10327136516571,1.38785588741302,-0.457002967596054,-0.277416169643402,0.576952397823334,-0.617506682872772
0.58712899684906,-0.103211611509323,1.38800323009491,-0.456503599882126,-0.277391910552979,0.577126920223236,-0.617723822593689
0.58740508556366,-0.103230014443397,1.38821601867676,-0.455983489751816,-0.277278184890747,0.577180027961731,-0.618109464645386
0.58740508556366,-0.103230014443397,1.38821601867676,-0.455983489751816,-0.277278184890747,0.577180027961731,-0.618109464645386
0.58794903755188,-0.101966798305511,1.38858079910278,-0.453051835298538,-0.277351558208466,0.578240215778351,-0.619240283966064
0.588273406028748,-0.102354735136032,1.38870048522949,-0.453356057405472,-0.277398675680161,0.578543603420258,-0.618712902069092
0.588998734951019,-0.102259762585163,1.38931632041931,-0.451724469661713,-0.278581261634827,0.579121887683868,-0.618833780288696
0.589435517787933,-0.102244578301907,1.3895628452301,-0.45110759139061,-0.278978198766708,0.57960969209671,-0.618648529052734
0.58990341424942,-0.102256000041962,1.38980960845947,-0.450385272502899,-0.279455572366714,0.580079793930054,-0.618518650531769
0.590530693531036,-0.102260649204254,1.39003014564514,-0.449304491281509,-0.280095428228378,0.580746531486511,-0.618389546871185
0.590989708900452,-0.102237343788147,1.39028012752533,-0.448562264442444,-0.280494600534439,0.581236600875854,-0.618287026882172
0.591524422168732,-0.102222435176373,1.3905131816864,-0.447575926780701,-0.280821800231934,0.581766605377197,-0.618354678153992
0.592132866382599,-0.102179050445557,1.39080119132996,-0.44672429561615,-0.281539410352707,0.582480192184448,-0.617972195148468
0.592797219753265,-0.102878712117672,1.39130437374115,-0.446144640445709,-0.283075034618378,0.582792103290558,-0.617395162582397
0.593586564064026,-0.102936215698719,1.39177048206329,-0.445580661296844,-0.283732056617737,0.583689212799072,-0.616652965545654
0.594271004199982,-0.102824084460735,1.3921332359314,-0.444532126188278,-0.284489661455154,0.584452271461487,-0.616338014602661
0.594799518585205,-0.102717854082584,1.39262914657593,-0.444150179624557,-0.284856855869293,0.585164248943329,-0.615768015384674
0.595217227935791,-0.102658823132515,1.39274525642395,-0.443591415882111,-0.284735202789307,0.585804283618927,-0.615618526935577
0.596835732460022,-0.102799661457539,1.3933436870575,-0.440421134233475,-0.287751972675323,0.586657345294952,-0.615679681301117
0.597692012786865,-0.102452173829079,1.39360690116882,-0.439688742160797,-0.287782043218613,0.587922275066376,-0.614981949329376
0.598502039909363,-0.102110400795937,1.39376533031464,-0.437080502510071,-0.289263159036636,0.588352859020233,-0.615734100341797
0.599387049674988,-0.101896584033966,1.39405608177185,-0.435455948114395,-0.290290832519531,0.589008390903473,-0.615774929523468
0.60041731595993,-0.102034032344818,1.39465761184692,-0.435131847858429,-0.291087597608566,0.589969038963318,-0.614707231521606
0.600890815258026,-0.102025389671326,1.3947229385376,-0.434513062238693,-0.291311532258987,0.590328752994537,-0.614693462848663
0.601797819137573,-0.102147325873375,1.39525961875916,-0.433420032262802,-0.292323470115662,0.590831935405731,-0.614501297473907
0.603212475776672,-0.102129057049751,1.39553773403168,-0.431246042251587,-0.294065356254578,0.591751277446747,-0.614315032958984
0.6041579246521,-0.101826533675194,1.39572691917419,-0.428612679243088,-0.295708209276199,0.592156648635864,-0.614978313446045
0.6041579246521,-0.101826533675194,1.39572691917419,-0.428612679243088,-0.295708209276199,0.592156648635864,-0.614978313446045
0.606570482254028,-0.101718798279762,1.39670658111572,-0.425514370203018,-0.298121809959412,0.593732178211212,-0.614445328712463
0.607000827789307,-0.101949781179428,1.39701414108276,-0.424572020769119,-0.299148887395859,0.59356564283371,-0.614758968353271
0.608805060386658,-0.101642601191998,1.39722335338593,-0.421765804290771,-0.300817400217056,0.594538927078247,-0.61493593454361
0.609480261802673,-0.101661764085293,1.39703345298767,-0.419643461704254,-0.301948398351669,0.594590783119202,-0.615782737731934
0.610591292381287,-0.101798355579376,1.39732348918915,-0.417709022760391,-0.303218573331833,0.595018446445465,-0.616060733795166
0.611520409584045,-0.102048099040985,1.39789521694183,-0.417902678251266,-0.303446233272552,0.59607458114624,-0.614795029163361
0.612606942653656,-0.10226471722126,1.39812970161438,-0.416532784700394,-0.304787963628769,0.596704244613647,-0.614450216293335
0.61393266916275,-0.102469302713871,1.39819610118866,-0.414457052946091,-0.306810706853867,0.597779810428619,-0.613801121711731
0.614874720573425,-0.10278944671154,1.39842486381531,-0.413302898406982,-0.308082520961761,0.598327100276947,-0.613409161567688
0.615587055683136,-0.103195190429688,1.39878034591675,-0.411669284105301,-0.309734225273132,0.598293662071228,-0.613708257675171
0.616876661777496,-0.103173524141312,1.39902377128601,-0.408463776111603,-0.312490493059158,0.598672211170197,-0.614083707332611
0.618249654769897,-0.103841036558151,1.39933705329895,-0.407725691795349,-0.313176840543747,0.600003600120544,-0.612923979759216
0.618599534034729,-0.1040930300951,1.39930427074432,-0.407643556594849,-0.313209891319275,0.600403606891632,-0.61256992816925
0.61913400888443,-0.103940032422543,1.39924418926239,-0.403335839509964,-0.316582024097443,0.599625289440155,-0.614447474479675
0.61913400888443,-0.103940032422543,1.39924418926239,-0.403335839509964,-0.316582024097443,0.599625289440155,-0.614447474479675
0.621603608131409,-0.105698101222515,1.39968574047089,-0.403378993272781,-0.318218141794205,0.602168500423431,-0.611077666282654
0.623017966747284,-0.105880290269852,1.39915013313293,-0.400942504405975,-0.319989830255508,0.60315477848053,-0.610783219337463
0.624110519886017,-0.106410518288612,1.39933621883392,-0.401694893836975,-0.321087181568146,0.604499280452728,-0.608379006385803
0.625157654285431,-0.106511026620865,1.39949238300323,-0.399806082248688,-0.32212296128273,0.605515658855438,-0.608064770698547
0.626040518283844,-0.107264399528503,1.39913260936737,-0.399002134799957,-0.322975218296051,0.606195092201233,-0.607463598251343
0.626877248287201,-0.107814699411392,1.39931464195251,-0.399624973535538,-0.323192924261093,0.607040345668793,-0.606092810630798
0.626877248287201,-0.107814699411392,1.39931464195251,-0.399624973535538,-0.323192924261093,0.607040345668793,-0.606092810630798
0.628788411617279,-0.108828648924828,1.39895486831665,-0.397244215011597,-0.327047288417816,0.608313083648682,-0.604311645030975
0.629444003105164,-0.109211444854736,1.3989759683609,-0.397389709949493,-0.326578915119171,0.609482228755951,-0.603290259838104
0.630704462528229,-0.109692081809044,1.39874386787415,-0.396278917789459,-0.328156769275665,0.610493957996368,-0.602140545845032
0.631505072116852,-0.110327698290348,1.39858162403107,-0.395847141742706,-0.329701572656631,0.610956251621246,-0.601111054420471
0.632693469524384,-0.110879838466644,1.39826786518097,-0.394644558429718,-0.330705463886261,0.612041413784027,-0.600245654582977
0.633528888225555,-0.111387267708778,1.39804196357727,-0.392627060413361,-0.332797050476074,0.612312376499176,-0.600136339664459
0.634217500686646,-0.112026885151863,1.39836311340332,-0.394604295492172,-0.332597196102142,0.613587141036987,-0.597643256187439
0.634872078895569,-0.112552523612976,1.39811956882477,-0.391910254955292,-0.335377812385559,0.613079845905304,-0.59838205575943
0.635814905166626,-0.112799167633057,1.39793455600739,-0.391786694526672,-0.335614502429962,0.614313662052155,-0.597063481807709
0.636991858482361,-0.113797880709171,1.39785730838776,-0.391372591257095,-0.337132662534714,0.615051865577698,-0.595718383789062
0.637861728668213,-0.114166274666786,1.39750647544861,-0.390042781829834,-0.338498800992966,0.615455985069275,-0.595398366451263
0.638114929199219,-0.114515081048012,1.39765286445618,-0.389533549547195,-0.339724689722061,0.615207433700562,-0.59529036283493
0.639258205890656,-0.115235649049282,1.39730334281921,-0.388188034296036,-0.34100604057312,0.615851879119873,-0.594770014286041
0.639956116676331,-0.115312092006206,1.39710009098053,-0.387781888246536,-0.341116428375244,0.616706728935242,-0.59408575296402
0.64061039686203,-0.116054862737656,1.39715766906738,-0.38702255487442,-0.34358149766922,0.61633026599884,-0.593550622463226
0.641390562057495,-0.116449035704136,1.39771151542664,-0.387299627065659,-0.343242645263672,0.617193579673767,-0.592668116092682
0.641679346561432,-0.116728112101555,1.39717638492584,-0.387404650449753,-0.342565596103668,0.617999017238617,-0.592151939868927
0.641959190368652,-0.117372706532478,1.39739525318146,-0.387161582708359,-0.343681693077087,0.617786824703217,-0.591885387897491
0.64245343208313,-0.117839358747005,1.39737582206726,-0.386854618787766,-0.344332933425903,0.618074059486389,-0.591407358646393
0.642918050289154,-0.117911465466022,1.3972373008728,-0.386420577764511,-0.344147831201553,0.618872165679932,-0.590964198112488
0.643197059631348,-0.118177957832813,1.39704120159149,-0.384850084781647,-0.345299631357193,0.618547916412354,-0.591656386852264
0.643740773200989,-0.118834093213081,1.39721536636353,-0.385784059762955,-0.345121532678604,0.619266152381897,-0.590399205684662
0.643998205661774,-0.119134575128555,1.39703571796417,-0.384378910064697,-0.346121788024902,0.619111657142639,-0.590892195701599
0.644271910190582,-0.119507476687431,1.39698958396912,-0.383928924798965,-0.346328228712082,0.619502544403076,-0.590653777122498
0.644576072692871,-0.119911536574364,1.39699292182922,-0.383773177862167,-0.346973568201065,0.619693517684937,-0.590175986289978
0.644906520843506,-0.120361030101776,1.39699530601501,-0.383276492357254,-0.347023040056229,0.61998575925827,-0.590162694454193
0.645966291427612,-0.120830751955509,1.39720785617828,-0.381682246923447,-0.348533451557159,0.6204993724823,-0.589765787124634
0.645399153232574,-0.121174924075603,1.39695286750793,-0.382692039012909,-0.347167164087295,0.620678544044495,-0.589728653430939
0.645691096782684,-0.121840931475163,1.39698171615601,-0.382983297109604,-0.347606509923935,0.621045231819153,-0.588894426822662
0.645955562591553,-0.122239664196968,1.39688801765442,-0.382925480604172,-0.3481185734272,0.621312201023102,-0.588347434997559
0.646216928958893,-0.122763909399509,1.39689242839813,-0.382792055606842,-0.348089039325714,0.621655225753784,-0.588089346885681
0.646216928958893,-0.122763909399509,1.39689242839813,-0.382792055606842,-0.348089039325714,0.621655225753784,-0.588089346885681
0.646820783615112,-0.123799689114094,1.39679992198944,-0.382686108350754,-0.348915547132492,0.622390031814575,-0.586890161037445
0.647110104560852,-0.124320417642593,1.39677929878235,-0.382627069950104,-0.34936511516571,0.622638344764709,-0.586397528648376
0.647378027439117,-0.124876126646996,1.39678847789764,-0.382351368665695,-0.349376201629639,0.622888803482056,-0.586304724216461
0.647568225860596,-0.125459372997284,1.39674305915833,-0.382338225841522,-0.349356412887573,0.623108386993408,-0.586091816425323
0.647791564464569,-0.125937178730965,1.39674007892609,-0.382640242576599,-0.349863648414612,0.623216927051544,-0.585476696491241
0.647967934608459,-0.126450642943382,1.3966691493988,-0.382433921098709,-0.349485516548157,0.623439610004425,-0.585599958896637
0.648274302482605,-0.127019852399826,1.39661777019501,-0.382514625787735,-0.349759727716446,0.623724460601807,-0.585080206394196
0.648043870925903,-0.127511903643608,1.39649903774261,-0.383788049221039,-0.349453181028366,0.623890340328217,-0.584251880645752
0.649847209453583,-0.128221765160561,1.39677762985229,-0.381354749202728,-0.351744592189789,0.624831438064575,-0.583463966846466
0.650257706642151,-0.128725469112396,1.39676427841187,-0.382015615701675,-0.351257145404816,0.625539481639862,-0.58256584405899
0.649779319763184,-0.129107147455215,1.39645278453827,-0.382787257432938,-0.351354032754898,0.625014901161194,-0.582563817501068
0.650095343589783,-0.129657328128815,1.39640188217163,-0.382571250200272,-0.351128160953522,0.625505268573761,-0.582315862178802
0.650494456291199,-0.130137652158737,1.39638471603394,-0.382515609264374,-0.351536482572555,0.62582004070282,-0.581767499446869
0.651010751724243,-0.130699783563614,1.39635813236237,-0.382710754871368,-0.352410733699799,0.626015186309814,-0.58089953660965
0.651388704776764,-0.131201103329659,1.39626431465149,-0.382363557815552,-0.352276295423508,0.626183450222015,-0.58102810382843
0.651872754096985,-0.131666213274002,1.39624261856079,-0.382981449365616,-0.352153092622757,0.626650810241699,-0.580191731452942
0.652264714241028,-0.132109105587006,1.39619207382202,-0.382966220378876,-0.352763712406158,0.626738607883453,-0.579735636711121
0.652491092681885,-0.132466718554497,1.39609205722809,-0.382012933492661,-0.353384912014008,0.626336216926575,-0.580420732498169
0.652874052524567,-0.132923424243927,1.39607214927673,-0.381899029016495,-0.353602260351181,0.626237392425537,-0.580470144748688
0.653252065181732,-0.133447960019112,1.39598226547241,-0.38167530298233,-0.35393500328064,0.625953674316406,-0.580720365047455
0.653636038303375,-0.133817836642265,1.39589786529541,-0.381393849849701,-0.35486114025116,0.62565553188324,-0.580661356449127
0.653636038303375,-0.133817836642265,1.39589786529541,-0.381393849849701,-0.35486114025116,0.62565553188324,-0.580661356449127
0.654793500900269,-0.134817808866501,1.39549374580383,-0.379816681146622,-0.356014788150787,0.625339329242706,-0.581329226493835
0.654864549636841,-0.135156735777855,1.39554500579834,-0.380055129528046,-0.356027334928513,0.624921262264252,-0.581615269184113
0.65512877702713,-0.135620936751366,1.39554524421692,-0.380109012126923,-0.356637895107269,0.624396502971649,-0.581769466400146
0.655183553695679,-0.136027485132217,1.39562141895294,-0.380240052938461,-0.356416642665863,0.623818337917328,-0.582439303398132
0.65547776222229,-0.136396467685699,1.39558577537537,-0.37989753484726,-0.356847494840622,0.623383462429047,-0.582864463329315
0.656310081481934,-0.136893644928932,1.39531230926514,-0.37871378660202,-0.358163565397263,0.622988104820251,-0.583250105381012
0.656593799591064,-0.137277603149414,1.39528918266296,-0.378485709428787,-0.35837909579277,0.622662484645844,-0.583613336086273
0.656860589981079,-0.137663275003433,1.39529061317444,-0.378263086080551,-0.358533054590225,0.622517764568329,-0.583817481994629
0.656937599182129,-0.137999415397644,1.39536273479462,-0.378528475761414,-0.358845442533493,0.621738433837891,-0.584283769130707
0.657188236713409,-0.138331055641174,1.39529538154602,-0.377928972244263,-0.358627587556839,0.621347308158875,-0.58522093296051
0.657239496707916,-0.13870894908905,1.39544463157654,-0.378312319517136,-0.358689427375793,0.620894849300385,-0.585415601730347
0.657502055168152,-0.13908252120018,1.39544451236725,-0.378189533948898,-0.358988523483276,0.620558202266693,-0.585668385028839
0.657792270183563,-0.139419287443161,1.39544713497162,-0.378284871578216,-0.359841465950012,0.620036542415619,-0.585636019706726
0.658636391162872,-0.139733031392097,1.39546275138855,-0.376745671033859,-0.360723197460175,0.619708836078644,-0.586431980133057
0.658779203891754,-0.140244483947754,1.39512038230896,-0.37648344039917,-0.360827326774597,0.618994116783142,-0.587290585041046
0.659324407577515,-0.14055509865284,1.39550507068634,-0.376351684331894,-0.362194508314133,0.618599951267242,-0.586948812007904
0.659299731254578,-0.141011446714401,1.39506316184998,-0.376331746578216,-0.361468940973282,0.618202984333038,-0.587826192378998
0.659543693065643,-0.141367524862289,1.39506888389587,-0.375966340303421,-0.361546963453293,0.61782318353653,-0.588411211967468
0.659611821174622,-0.14163464307785,1.39510810375214,-0.37616953253746,-0.361852198839188,0.617108643054962,-0.588843405246735
0.659851431846619,-0.141946166753769,1.39509630203247,-0.37589231133461,-0.362224608659744,0.616459131240845,-0.589471578598022
0.660077154636383,-0.142296686768532,1.39508092403412,-0.375843584537506,-0.362563639879227,0.615948498249054,-0.5898277759552
0.660239458084106,-0.142626270651817,1.3950275182724,-0.375784665346146,-0.363208442926407,0.615256488323212,-0.590190768241882
0.660450994968414,-0.14289765059948,1.39494669437408,-0.375079900026321,-0.36309289932251,0.614587247371674,-0.591406166553497
0.661276578903198,-0.14320419728756,1.39525294303894,-0.374245434999466,-0.364744007587433,0.614079773426056,-0.591445863246918
0.660868406295776,-0.143514961004257,1.39505410194397,-0.375390201807022,-0.364288091659546,0.613298416137695,-0.591812133789062
0.66111034154892,-0.143840670585632,1.39503145217896,-0.375018030405045,-0.364214032888412,0.612747848033905,-0.59266322851181
0.662028789520264,-0.144126713275909,1.39518117904663,-0.373614430427551,-0.365576177835464,0.612454414367676,-0.593014359474182
0.662269234657288,-0.144397035241127,1.39510989189148,-0.373691886663437,-0.366367191076279,0.611978113651276,-0.592968940734863
0.662232339382172,-0.144566357135773,1.39510118961334,-0.373770266771316,-0.366012543439865,0.611393451690674,-0.593741416931152
0.66198068857193,-0.144926369190216,1.39476585388184,-0.374214351177216,-0.365478217601776,0.610591769218445,-0.594615161418915
0.662187993526459,-0.145203158259392,1.39475560188293,-0.374046385288239,-0.365769982337952,0.610147953033447,-0.594996809959412
0.66239607334137,-0.145416542887688,1.39467203617096,-0.373589724302292,-0.365865796804428,0.609862446784973,-0.595517456531525
0.663259744644165,-0.145674169063568,1.3948016166687,-0.372127830982208,-0.367156445980072,0.609596133232117,-0.595910847187042
0.662869393825531,-0.14590273797512,1.39457154273987,-0.373018443584442,-0.366665810346603,0.608900964260101,-0.596366763114929
0.663871347904205,-0.146200135350227,1.39476537704468,-0.371644824743271,-0.368359863758087,0.608595252037048,-0.596492230892181
0.664154887199402,-0.146403551101684,1.39477217197418,-0.372144162654877,-0.368270695209503,0.608515560626984,-0.596317291259766
0.664057314395905,-0.146681621670723,1.39444601535797,-0.371588498353958,-0.368680447340012,0.607638955116272,-0.597303688526154
0.664366960525513,-0.146904349327087,1.39423215389252,-0.371244013309479,-0.369010806083679,0.607446193695068,-0.597509980201721
0.664366960525513,-0.146904349327087,1.39423215389252,-0.371244013309479,-0.369010806083679,0.607446193695068,-0.597509980201721
0.664481639862061,-0.147125691175461,1.39446151256561,-0.371325135231018,-0.369027107954025,0.606519639492035,-0.598390161991119
0.664696276187897,-0.147287204861641,1.39443600177765,-0.371138423681259,-0.369361072778702,0.60621041059494,-0.598613262176514
0.664940416812897,-0.147496595978737,1.39436650276184,-0.370901048183441,-0.369789302349091,0.605728268623352,-0.598983764648438
0.665176868438721,-0.147684663534164,1.39429581165314,-0.370757550001144,-0.370021313428879,0.605505168437958,-0.599154949188232
0.666113674640656,-0.147857174277306,1.39445817470551,-0.369371891021729,-0.371568769216537,0.605414628982544,-0.599144518375397
0.665688455104828,-0.148087680339813,1.3942836523056,-0.370310813188553,-0.370662122964859,0.604935526847839,-0.599610269069672
0.665989518165588,-0.14822843670845,1.39420866966248,-0.369865208864212,-0.371058315038681,0.604560613632202,-0.600018322467804
0.666268289089203,-0.148414209485054,1.39412379264832,-0.36943581700325,-0.371322482824326,0.60416853427887,-0.600514352321625
0.66680371761322,-0.148608803749084,1.39397919178009,-0.368655115365982,-0.372064858675003,0.604033231735229,-0.600670456886292
0.667193114757538,-0.148773908615112,1.39408874511719,-0.368224710226059,-0.372780948877335,0.603617608547211,-0.600908160209656
0.667407155036926,-0.148912772536278,1.39406085014343,-0.3680100440979,-0.37307471036911,0.603366732597351,-0.601109623908997
0.667688846588135,-0.149037137627602,1.39379036426544,-0.367475241422653,-0.373327612876892,0.603190124034882,-0.601456880569458
0.667936503887177,-0.149185374379158,1.39378654956818,-0.367242246866226,-0.373716592788696,0.602802813053131,-0.601745784282684
0.6681769490242,-0.149353131651878,1.39378702640533,-0.367018610239029,-0.3740254342556,0.602602183818817,-0.601891160011292
0.6681769490242,-0.149353131651878,1.39378702640533,-0.367018610239029,-0.3740254342556,0.602602183818817,-0.601891160011292
0.668742179870605,-0.149673342704773,1.39390671253204,-0.367568701505661,-0.373975038528442,0.602713465690613,-0.601475477218628
0.668656051158905,-0.149646192789078,1.39387583732605,-0.366460770368576,-0.374351412057877,0.601981639862061,-0.6026491522789
0.668820977210999,-0.149872928857803,1.39419615268707,-0.367961257696152,-0.373564124107361,0.602422893047333,-0.601781725883484
0.669257700443268,-0.15001954138279,1.3940681219101,-0.367285519838333,-0.373983800411224,0.602510988712311,-0.601845562458038
0.669471740722656,-0.150135815143585,1.39408850669861,-0.367240190505981,-0.374292939901352,0.60227769613266,-0.601914584636688
0.669693112373352,-0.150230228900909,1.39408993721008,-0.366969853639603,-0.37428006529808,0.602166831493378,-0.602198123931885
0.669969439506531,-0.150321513414383,1.39414012432098,-0.36666864156723,-0.374538362026215,0.602110862731934,-0.602277219295502
0.670214295387268,-0.150480628013611,1.39416205883026,-0.366494178771973,-0.374611884355545,0.602045238018036,-0.602403342723846
0.670312821865082,-0.150454968214035,1.39403522014618,-0.365071445703506,-0.375435203313828,0.601383149623871,-0.603415012359619
0.670810163021088,-0.150640934705734,1.39397835731506,-0.364456743001938,-0.375955909490585,0.601388037204742,-0.603457450866699
0.67086398601532,-0.150685250759125,1.3941011428833,-0.364490658044815,-0.375603497028351,0.601278722286224,-0.603765368461609
0.671292185783386,-0.150848194956779,1.39401662349701,-0.363885462284088,-0.37612447142601,0.600438594818115,-0.604641497135162
0.6714808344841,-0.150973901152611,1.39426457881927,-0.364041060209274,-0.376237362623215,0.600371181964874,-0.604544341564178
0.6717129945755,-0.150969743728638,1.39425599575043,-0.363815546035767,-0.376294285058975,0.600147008895874,-0.604867339134216
0.6717129945755,-0.150969743728638,1.39425599575043,-0.363815546035767,-0.376294285058975,0.600147008895874,-0.604867339134216
0.67254650592804,-0.151109784841537,1.39443349838257,-0.363149434328079,-0.376986920833588,0.600313544273376,-0.604671120643616
0.672767460346222,-0.151252016425133,1.3944878578186,-0.363166660070419,-0.377077579498291,0.600335657596588,-0.604582488536835
0.672346115112305,-0.151285037398338,1.39432418346405,-0.364086955785751,-0.375963181257248,0.600234150886536,-0.604823350906372
0.672674059867859,-0.151343286037445,1.39431738853455,-0.36353924870491,-0.375890165567398,0.600263714790344,-0.60516881942749
0.673034846782684,-0.151610523462296,1.3944057226181,-0.363964557647705,-0.376534789800644,0.600634694099426,-0.604143440723419
0.673361122608185,-0.151709794998169,1.3944571018219,-0.36369326710701,-0.376675933599472,0.600581169128418,-0.604272305965424
0.673705458641052,-0.151717990636826,1.39450514316559,-0.363500356674194,-0.376752287149429,0.600716650485992,-0.604206025600433
0.674789190292358,-0.151812851428986,1.39474952220917,-0.362126141786575,-0.377991676330566,0.601417660713196,-0.603559374809265
0.675137519836426,-0.151834979653358,1.39478433132172,-0.361830681562424,-0.378164112567902,0.601455211639404,-0.603590965270996
0.67483913898468,-0.151695117354393,1.39462101459503,-0.362482070922852,-0.377106994390488,0.601435482501984,-0.603881120681763
0.675845146179199,-0.152150452136993,1.39498722553253,-0.361033707857132,-0.379353135824203,0.60108095407486,-0.603695034980774
0.676378548145294,-0.152112111449242,1.39507758617401,-0.361820101737976,-0.378690659999847,0.601930677890778,-0.602792918682098
0.676484644412994,-0.15221095085144,1.39466547966003,-0.361718744039536,-0.378546744585037,0.601662993431091,-0.603211164474487
0.676485538482666,-0.152131661772728,1.39498090744019,-0.361995339393616,-0.378328323364258,0.601404368877411,-0.60344010591507
0.676892161369324,-0.152112066745758,1.39502573013306,-0.361363440752029,-0.378854185342789,0.601099491119385,-0.603792667388916
0.677770495414734,-0.151836678385735,1.39526724815369,-0.359850317239761,-0.38003197312355,0.601164817810059,-0.603891134262085
0.678077876567841,-0.15166999399662,1.39514517784119,-0.357955485582352,-0.380975753068924,0.600484430789948,-0.605098187923431
0.678784072399139,-0.151832818984985,1.39526224136353,-0.357286304235458,-0.382254183292389,0.600172638893127,-0.604996979236603
0.678643822669983,-0.151803374290466,1.39512002468109,-0.35741326212883,-0.38143053650856,0.599652051925659,-0.60595715045929
0.679543197154999,-0.151371777057648,1.39469110965729,-0.358551621437073,-0.37948414683342,0.601360619068146,-0.604812324047089
0.680763602256775,-0.155086159706116,1.39484310150146,-0.359530746936798,-0.384193271398544,0.599066913127899,-0.603533029556274
0.680508613586426,-0.151356890797615,1.39507460594177,-0.359233021736145,-0.379298627376556,0.601276755332947,-0.604607760906219
0.681123018264771,-0.151127904653549,1.39479672908783,-0.35730966925621,-0.38046669960022,0.600427627563477,-0.605856239795685
0.681869685649872,-0.15142884850502,1.39507722854614,-0.35812172293663,-0.380693584680557,0.600455105304718,-0.605206489562988
0.68263453245163,-0.151440471410751,1.39498651027679,-0.357232868671417,-0.381565988063812,0.600054740905762,-0.605579435825348
0.682871222496033,-0.151401609182358,1.39504718780518,-0.355571001768112,-0.38301208615303,0.598498284816742,-0.607182860374451
0.683379530906677,-0.151166290044784,1.39533340930939,-0.357000231742859,-0.382094323635101,0.598578333854675,-0.606843531131744
0.684180855751038,-0.150634109973907,1.39535045623779,-0.35439458489418,-0.383544832468033,0.597020387649536,-0.608986377716064
0.684427261352539,-0.150956019759178,1.39545631408691,-0.35599273443222,-0.383193612098694,0.596940875053406,-0.608353316783905
0.685385704040527,-0.150859162211418,1.39572834968567,-0.355015903711319,-0.384316384792328,0.596348881721497,-0.608796000480652
0.685332477092743,-0.150727063417435,1.3953891992569,-0.354127764701843,-0.384390026330948,0.594810128211975,-0.610769093036652
0.685906827449799,-0.150498151779175,1.3954371213913,-0.35327285528183,-0.384585171937943,0.593982577323914,-0.611945450305939
0.687157213687897,-0.150775536894798,1.39587640762329,-0.351512402296066,-0.387027382850647,0.592639148235321,-0.612721502780914
0.687801420688629,-0.150689050555229,1.3960086107254,-0.351590216159821,-0.387058854103088,0.592170655727386,-0.613109946250916
0.688315272331238,-0.150290504097939,1.39594006538391,-0.351580828428268,-0.386628955602646,0.592091143131256,-0.613463282585144
0.688879609107971,-0.150320157408714,1.39611458778381,-0.351299583911896,-0.38726344704628,0.590939939022064,-0.61433357000351
0.688717067241669,-0.150095045566559,1.39583253860474,-0.351435005664825,-0.386959105730057,0.589558184146881,-0.615773797035217
0.688717067241669,-0.150095045566559,1.39583253860474,-0.351435005664825,-0.386959105730057,0.589558184146881,-0.615773797035217
0.690288066864014,-0.150105535984039,1.3959995508194,-0.348181635141373,-0.390125453472137,0.586673855781555,-0.618373334407806
0.690655291080475,-0.149931982159615,1.3956618309021,-0.348414152860641,-0.389894753694534,0.586161673069,-0.618873417377472
0.691141724586487,-0.149844005703926,1.39570784568787,-0.34784147143364,-0.39063349366188,0.584691941738129,-0.620118796825409
0.691438436508179,-0.14972048997879,1.39586317539215,-0.347599297761917,-0.391095519065857,0.583403646945953,-0.621175825595856
0.692047119140625,-0.149683192372322,1.39597010612488,-0.347676545381546,-0.391270697116852,0.582655072212219,-0.621724486351013
0.692651271820068,-0.149604976177215,1.39581727981567,-0.346161991357803,-0.392812699079513,0.580805957317352,-0.623325347900391
0.692909836769104,-0.149526849389076,1.39595925807953,-0.346187204122543,-0.393110930919647,0.579630374908447,-0.62421703338623
0.693236410617828,-0.149753585457802,1.39628648757935,-0.346438258886337,-0.393791913986206,0.578175723552704,-0.62499725818634
0.693512856960297,-0.149453654885292,1.39618873596191,-0.345892280340195,-0.394610941410065,0.576601147651672,-0.626236319541931
0.693964898586273,-0.149762779474258,1.39637625217438,-0.345061749219894,-0.396244674921036,0.574869215488434,-0.627254545688629
0.69436913728714,-0.149294435977936,1.39625608921051,-0.34479096531868,-0.395971089601517,0.574500322341919,-0.627913594245911
0.695342004299164,-0.149697586894035,1.3968049287796,-0.344442546367645,-0.397897839546204,0.573647379875183,-0.627666652202606
0.695861637592316,-0.149284809827805,1.39660131931305,-0.343963235616684,-0.398134022951126,0.573227882385254,-0.628162860870361
0.696126341819763,-0.149240180850029,1.39661943912506,-0.342884719371796,-0.399430483579636,0.571659505367279,-0.629357576370239
0.696493864059448,-0.149162918329239,1.39660561084747,-0.342408776283264,-0.40045577287674,0.570127248764038,-0.630354046821594
0.696910262107849,-0.149331644177437,1.39683437347412,-0.342602849006653,-0.401033788919449,0.569310367107391,-0.630619466304779
0.697123289108276,-0.149128526449203,1.39690482616425,-0.343124657869339,-0.401067972183227,0.568936169147491,-0.630651772022247
0.69741415977478,-0.149257749319077,1.39692866802216,-0.34267869591713,-0.402113109827042,0.567968904972076,-0.631100416183472
0.697468519210815,-0.149344235658646,1.39652752876282,-0.342780351638794,-0.403105854988098,0.565646946430206,-0.632495820522308
0.698019564151764,-0.149148941040039,1.39670014381409,-0.341032713651657,-0.40475782752037,0.56530898809433,-0.632687568664551
0.69817316532135,-0.14914159476757,1.39665460586548,-0.340805202722549,-0.405473560094833,0.564352452754974,-0.633205711841583
0.697845101356506,-0.148861885070801,1.39647138118744,-0.339362472295761,-0.406387090682983,0.5625821352005,-0.634967803955078
0.697913110256195,-0.148889482021332,1.39637184143066,-0.339320808649063,-0.407154202461243,0.561279654502869,-0.635650932788849
0.697949409484863,-0.148931086063385,1.39629852771759,-0.339318424463272,-0.407634198665619,0.560541868209839,-0.635995626449585
0.698051333427429,-0.149128943681717,1.39627552032471,-0.339737981557846,-0.408586531877518,0.559795916080475,-0.635817408561707
0.698104858398438,-0.149123951792717,1.39593768119812,-0.339256912469864,-0.409084886312485,0.558944165706635,-0.636502742767334
0.698013782501221,-0.149203807115555,1.39585387706757,-0.339448511600494,-0.409672766923904,0.557745695114136,-0.637073814868927
0.697922587394714,-0.149383008480072,1.39577007293701,-0.339786350727081,-0.410156965255737,0.556938171386719,-0.637288391590118
0.697823822498322,-0.149550259113312,1.39574444293976,-0.341066747903824,-0.409866780042648,0.556761860847473,-0.636945128440857
0.697600066661835,-0.149696707725525,1.39568066596985,-0.341407746076584,-0.410147368907928,0.555996894836426,-0.637250065803528
0.69725239276886,-0.149850443005562,1.39560091495514,-0.341763764619827,-0.410343289375305,0.555067956447601,-0.637742578983307
0.696959614753723,-0.150055110454559,1.3955751657486,-0.342240214347839,-0.41053107380867,0.554319381713867,-0.638017177581787
0.696566939353943,-0.150205463171005,1.39552021026611,-0.342811435461044,-0.410826057195663,0.553482890129089,-0.638246834278107
0.695770144462585,-0.150632053613663,1.39499533176422,-0.344079971313477,-0.410286456346512,0.552343010902405,-0.638898551464081
0.695417284965515,-0.150458931922913,1.3956059217453,-0.344376474618912,-0.410506188869476,0.55189061164856,-0.638988316059113
0.694785892963409,-0.150850474834442,1.3949419260025,-0.345035791397095,-0.409964442253113,0.551290512084961,-0.63949853181839
0.694287180900574,-0.151034504175186,1.39488446712494,-0.34540668129921,-0.409872323274612,0.550811767578125,-0.639769971370697
0.693851053714752,-0.151238888502121,1.39558327198029,-0.345709174871445,-0.410441637039185,0.5501788854599,-0.639785945415497
0.693409740924835,-0.151176333427429,1.3956241607666,-0.347424209117889,-0.408962041139603,0.551175892353058,-0.638945817947388
0.692375600337982,-0.151611223816872,1.39549553394318,-0.350179404020309,-0.407152444124222,0.551493287086487,-0.638323187828064
0.692363560199738,-0.151811897754669,1.39577293395996,-0.349110573530197,-0.408259242773056,0.551150679588318,-0.638497591018677
0.692363560199738,-0.151811897754669,1.39577293395996,-0.349110573530197,-0.408259242773056,0.551150679588318,-0.638497591018677
0.691064715385437,-0.151769801974296,1.3957234621048,-0.350826054811478,-0.406342089176178,0.552085220813751,-0.63797265291214
0.690614581108093,-0.152187287807465,1.39604592323303,-0.351020127534866,-0.406476348638534,0.551851809024811,-0.637982428073883
0.689005017280579,-0.152522683143616,1.39553833007812,-0.352259576320648,-0.40502655506134,0.551057040691376,-0.638907551765442
0.688317656517029,-0.152429491281509,1.39532959461212,-0.351534128189087,-0.404787570238113,0.551229953765869,-0.639309346675873
0.688049018383026,-0.152642726898193,1.39498460292816,-0.351362109184265,-0.404532253742218,0.551713049411774,-0.639148771762848
0.687249541282654,-0.152726858854294,1.39515483379364,-0.352248400449753,-0.403768658638,0.551985621452332,-0.638908505439758
0.686934649944305,-0.152462929487228,1.39551651477814,-0.352993249893188,-0.402989894151688,0.553320586681366,-0.6378333568573
0.68679141998291,-0.152449816465378,1.39612710475922,-0.353906840085983,-0.402508437633514,0.554813742637634,-0.636332273483276
0.685589849948883,-0.153010711073875,1.39557528495789,-0.354546517133713,-0.401757895946503,0.554671168327332,-0.636574685573578
0.684924840927124,-0.152839139103889,1.39543735980988,-0.355567902326584,-0.400507271289825,0.555718660354614,-0.63587898015976
0.684221923351288,-0.153177991509438,1.39541530609131,-0.354989737272263,-0.400996625423431,0.555529057979584,-0.636059284210205
0.683006048202515,-0.153226420283318,1.39493310451508,-0.356675386428833,-0.398398399353027,0.556705415248871,-0.635720551013947
0.682610213756561,-0.15355584025383,1.39483451843262,-0.356970220804214,-0.398046493530273,0.557917654514313,-0.634711861610413
0.681930601596832,-0.153337717056274,1.39470410346985,-0.357670307159424,-0.396781653165817,0.558207094669342,-0.634855329990387
0.681630253791809,-0.153332635760307,1.39494633674622,-0.357762098312378,-0.396203845739365,0.560977756977081,-0.632718622684479
0.680856764316559,-0.153632909059525,1.39487981796265,-0.357823491096497,-0.396016895771027,0.561409056186676,-0.6324183344841
0.679504454135895,-0.153752356767654,1.39457666873932,-0.359427005052566,-0.394034266471863,0.56265389919281,-0.631640553474426
0.678971111774445,-0.153714209794998,1.39425730705261,-0.360400170087814,-0.392588138580322,0.564071893692017,-0.6307213306427
0.678016841411591,-0.153893634676933,1.3944605588913,-0.362141340970993,-0.391337722539902,0.566072762012482,-0.628704965114594
0.677129030227661,-0.154020935297012,1.39426290988922,-0.36130428314209,-0.391046673059464,0.566452980041504,-0.629025399684906
0.677129030227661,-0.154020935297012,1.39426290988922,-0.36130428314209,-0.391046673059464,0.566452980041504,-0.629025399684906
0.67616081237793,-0.153918474912643,1.39428651332855,-0.363427877426147,-0.388404637575149,0.571320712566376,-0.625023722648621
0.674772918224335,-0.153953060507774,1.39381182193756,-0.363936543464661,-0.387265205383301,0.57288384437561,-0.624003350734711
0.674531161785126,-0.15387761592865,1.3938604593277,-0.363912671804428,-0.387040495872498,0.574983716011047,-0.622222661972046
0.673937976360321,-0.154431641101837,1.39410626888275,-0.365455716848373,-0.386636734008789,0.57665342092514,-0.620020151138306
0.673239231109619,-0.154037073254585,1.39368832111359,-0.36504003405571,-0.385190427303314,0.578567981719971,-0.619381427764893
0.671937048435211,-0.154326811432838,1.39359843730927,-0.368426322937012,-0.383407056331635,0.580721735954285,-0.61646032333374
0.671454668045044,-0.154241025447845,1.39319777488708,-0.367113649845123,-0.382996678352356,0.58240795135498,-0.615907788276672
0.670455574989319,-0.154172018170357,1.3931291103363,-0.368374794721603,-0.381633281707764,0.584777235984802,-0.613752245903015
0.669570565223694,-0.153973236680031,1.39307820796967,-0.368951201438904,-0.380309998989105,0.586793541908264,-0.612301349639893
0.66890686750412,-0.154082611203194,1.39308285713196,-0.369447201490402,-0.379372388124466,0.588229477405548,-0.611205101013184
0.66890686750412,-0.154082611203194,1.39308285713196,-0.369447201490402,-0.379372388124466,0.588229477405548,-0.611205101013184
0.667500495910645,-0.154536604881287,1.39295721054077,-0.370821058750153,-0.37813863158226,0.592487514019012,-0.60701048374176
0.666864693164825,-0.154224351048469,1.39281272888184,-0.371720463037491,-0.376506626605987,0.594698905944824,-0.605309903621674
0.666141033172607,-0.154231369495392,1.39275217056274,-0.372682183980942,-0.375653654336929,0.596509277820587,-0.603464365005493
0.665498614311218,-0.15402241051197,1.39271450042725,-0.373094171285629,-0.374657988548279,0.598621606826782,-0.601734459400177
0.664973616600037,-0.154235124588013,1.39278388023376,-0.374646544456482,-0.373329192399979,0.600896120071411,-0.599323987960815
0.664069592952728,-0.154435381293297,1.39282965660095,-0.372867196798325,-0.37495619058609,0.600777566432953,-0.599536895751953
0.663516998291016,-0.154410898685455,1.39280438423157,-0.373364955186844,-0.373695224523544,0.602915585041046,-0.597865700721741
0.663508534431458,-0.154389038681984,1.39299190044403,-0.373377680778503,-0.373910188674927,0.604928016662598,-0.595686435699463
0.662009656429291,-0.154629856348038,1.39278197288513,-0.375208884477615,-0.372050374746323,0.606127619743347,-0.59447979927063
0.661301612854004,-0.154093772172928,1.39259922504425,-0.376218616962433,-0.36969268321991,0.608679175376892,-0.592702984809875
0.660636425018311,-0.154025584459305,1.39255380630493,-0.377198040485382,-0.368432074785232,0.610501646995544,-0.590988576412201
0.66026371717453,-0.1542147397995,1.39233553409576,-0.37744402885437,-0.367866665124893,0.612346351146698,-0.589272499084473
0.66026371717453,-0.1542147397995,1.39233553409576,-0.37744402885437,-0.367866665124893,0.612346351146698,-0.589272499084473
0.658214330673218,-0.153668403625488,1.39250564575195,-0.380362868309021,-0.363931000232696,0.615863561630249,-0.586165964603424
0.657849311828613,-0.15376852452755,1.39222133159637,-0.380201548337936,-0.363595604896545,0.617424428462982,-0.584835052490234
0.656689703464508,-0.153556048870087,1.39272880554199,-0.383337676525116,-0.36051020026207,0.619621098041534,-0.582369685173035
0.655817925930023,-0.153382658958435,1.3927526473999,-0.384121477603912,-0.358768165111542,0.621202409267426,-0.581243336200714
0.654911041259766,-0.153058990836143,1.39257776737213,-0.383700639009476,-0.358141332864761,0.622402250766754,-0.580623924732208
0.653914391994476,-0.152920827269554,1.39264929294586,-0.3851717710495,-0.35706090927124,0.623735785484314,-0.578881680965424
0.653546988964081,-0.152717649936676,1.39268219470978,-0.385759711265564,-0.355507552623749,0.625994920730591,-0.577004492282867
0.652915894985199,-0.152502328157425,1.39300227165222,-0.385672926902771,-0.355691015720367,0.626048624515533,-0.576891303062439
0.651239573955536,-0.152142718434334,1.39280891418457,-0.387464165687561,-0.352362066507339,0.628342866897583,-0.575237154960632
0.651239573955536,-0.152142718434334,1.39280891418457,-0.387464165687561,-0.352362066507339,0.628342866897583,-0.575237154960632
0.64962100982666,-0.151634842157364,1.39294946193695,-0.38945260643959,-0.350113749504089,0.631270110607147,-0.572053551673889
0.649065792560577,-0.151501327753067,1.39276254177094,-0.389506846666336,-0.349369823932648,0.632854282855988,-0.570719420909882
0.648249745368958,-0.15119631588459,1.39276444911957,-0.390700578689575,-0.34845158457756,0.633988857269287,-0.569203615188599
0.646906137466431,-0.150764182209969,1.3930584192276,-0.392597883939743,-0.346692651510239,0.635204434394836,-0.567614853382111
0.645974338054657,-0.150378316640854,1.39316487312317,-0.393674433231354,-0.345368593931198,0.636453688144684,-0.566275179386139
0.645134150981903,-0.150066673755646,1.39319217205048,-0.393860220909119,-0.34498143196106,0.637497782707214,-0.56520676612854
0.644327759742737,-0.14969040453434,1.39325547218323,-0.394657284021378,-0.343693614006042,0.638774037361145,-0.563993036746979
0.643943905830383,-0.149515718221664,1.39306032657623,-0.394949376583099,-0.343273192644119,0.640167117118835,-0.562463104724884
0.643052697181702,-0.149152860045433,1.39305949211121,-0.395913332700729,-0.342116177082062,0.641272008419037,-0.561230361461639
0.641991257667542,-0.14867353439331,1.39323258399963,-0.39738267660141,-0.340782284736633,0.642273247241974,-0.559856832027435
0.64094865322113,-0.148304164409637,1.39350855350494,-0.39868751168251,-0.339249134063721,0.643330752849579,-0.558644831180573
0.640631139278412,-0.148055851459503,1.39329648017883,-0.398456394672394,-0.338623046875,0.644269108772278,-0.558107674121857
0.639346599578857,-0.147524952888489,1.39364767074585,-0.400795578956604,-0.337216287851334,0.645308494567871,-0.556080162525177
0.638591408729553,-0.147221639752388,1.39390408992767,-0.401887685060501,-0.336253494024277,0.646482050418854,-0.554509699344635
0.637782037258148,-0.146701008081436,1.39374041557312,-0.402731955051422,-0.335164487361908,0.647289931774139,-0.553613245487213
0.6369269490242,-0.146489903330803,1.39394438266754,-0.403729498386383,-0.334247618913651,0.646750628948212,-0.554071128368378
0.636585175991058,-0.146222114562988,1.3938113451004,-0.403797179460526,-0.332068353891373,0.649191379547119,-0.552475392818451
0.635619938373566,-0.145727872848511,1.39401721954346,-0.405333250761032,-0.332723051309586,0.649541556835175,-0.550541639328003
0.634537398815155,-0.145283997058868,1.39419162273407,-0.405643820762634,-0.330086678266525,0.649972915649414,-0.55139023065567
0.633845627307892,-0.14483243227005,1.39428985118866,-0.408784210681915,-0.330406039953232,0.651160836219788,-0.547464370727539
0.633452653884888,-0.144590631127357,1.39405274391174,-0.406402945518494,-0.32934507727623,0.651138126850128,-0.549897849559784
0.632899224758148,-0.144034683704376,1.39416861534119,-0.407732129096985,-0.327122300863266,0.652716994285583,-0.548366785049438
0.632091164588928,-0.143588274717331,1.39443922042847,-0.407695353031158,-0.327645599842071,0.652446866035461,-0.548403203487396
0.630939364433289,-0.143042892217636,1.39463353157043,-0.411167949438095,-0.328380167484283,0.652291417121887,-0.545548617839813
0.63030743598938,-0.142478317022324,1.39478349685669,-0.411664426326752,-0.327701568603516,0.652666091918945,-0.5451340675354
0.629649817943573,-0.141979932785034,1.39486753940582,-0.412280410528183,-0.326762020587921,0.652936398983002,-0.544908702373505
0.629025936126709,-0.141434147953987,1.39497172832489,-0.410604476928711,-0.323619604110718,0.653609216213226,-0.547238111495972
0.628832221031189,-0.141027688980103,1.39484441280365,-0.41216629743576,-0.324904322624206,0.654626071453094,-0.54407799243927
0.627958238124847,-0.140317276120186,1.39504384994507,-0.413111060857773,-0.323876321315765,0.6546630859375,-0.543929815292358
0.627613484859467,-0.139834016561508,1.39503681659698,-0.413222908973694,-0.32433819770813,0.653945505619049,-0.544432580471039
0.627210855484009,-0.13918137550354,1.39556562900543,-0.413475722074509,-0.323381841182709,0.654700875282288,-0.543901562690735
0.626283705234528,-0.138677373528481,1.39528477191925,-0.414368778467178,-0.321999877691269,0.654496192932129,-0.544288098812103
0.625279724597931,-0.137826710939407,1.39561891555786,-0.415287792682648,-0.320312887430191,0.654050290584564,-0.545118272304535
0.625122249126434,-0.136896967887878,1.39558684825897,-0.414684891700745,-0.320046931505203,0.654470682144165,-0.545228958129883
0.624461770057678,-0.13645912706852,1.39582860469818,-0.415430754423141,-0.319378852844238,0.65408730506897,-0.545513033866882
0.62379914522171,-0.135568380355835,1.3953709602356,-0.415381997823715,-0.317932546138763,0.653988897800446,-0.546511828899384
0.622739911079407,-0.134638279676437,1.39564645290375,-0.417255431413651,-0.315429240465164,0.654025435447693,-0.546491622924805
0.622739791870117,-0.134075298905373,1.39597880840302,-0.416538089513779,-0.315832555294037,0.653794050216675,-0.547082364559174
0.621285378932953,-0.13301146030426,1.395831823349,-0.417792856693268,-0.31469914317131,0.652099311351776,-0.548798799514771
0.621239423751831,-0.132226720452309,1.39607965946198,-0.417288482189178,-0.314776510000229,0.65202921628952,-0.549221396446228
0.620264887809753,-0.131255269050598,1.3961763381958,-0.418319851160049,-0.313482999801636,0.65165901184082,-0.549615800380707
0.619550406932831,-0.130532011389732,1.39572286605835,-0.415826559066772,-0.30986624956131,0.651459217071533,-0.55377995967865
0.619180381298065,-0.129616841673851,1.3963371515274,-0.41698956489563,-0.308987021446228,0.651614427566528,-0.553213953971863
0.618066191673279,-0.128449857234955,1.39639580249786,-0.416911780834198,-0.307987034320831,0.650680184364319,-0.554927110671997
0.616973519325256,-0.127503976225853,1.39625859260559,-0.419576048851013,-0.307936996221542,0.650418221950531,-0.553251266479492
0.616595149040222,-0.126712739467621,1.3961216211319,-0.419440448284149,-0.307909518480301,0.649373471736908,-0.554594993591309
0.61581814289093,-0.125691458582878,1.39616751670837,-0.419777750968933,-0.306672006845474,0.648894965648651,-0.555584669113159
0.61506724357605,-0.124725386500358,1.39630365371704,-0.418545097112656,-0.303288549184799,0.649151027202606,-0.558067321777344
0.61432957649231,-0.123619191348553,1.39640891551971,-0.419701308012009,-0.301067858934402,0.648997128009796,-0.558580100536346
0.612958133220673,-0.122408151626587,1.39679431915283,-0.420624166727066,-0.299956530332565,0.647809088230133,-0.559861540794373
0.61258339881897,-0.121441558003426,1.39658260345459,-0.42028883099556,-0.299254179000854,0.647599756717682,-0.560730814933777
0.61115550994873,-0.12015089392662,1.39695775508881,-0.421812355518341,-0.296855509281158,0.646847665309906,-0.561728835105896
0.61083847284317,-0.119079597294331,1.39680540561676,-0.421269953250885,-0.296310156583786,0.646730065345764,-0.562558591365814
0.610212683677673,-0.117889367043972,1.39733469486237,-0.422251015901565,-0.296309888362885,0.646755933761597,-0.561793029308319
0.608457326889038,-0.116481371223927,1.39725661277771,-0.424025595188141,-0.292864590883255,0.646840035915375,-0.562165975570679
0.608380854129791,-0.115395151078701,1.39753460884094,-0.422781616449356,-0.292508542537689,0.645189523696899,-0.565176844596863
0.60677832365036,-0.113736726343632,1.39733397960663,-0.425722002983093,-0.289316564798355,0.644571542739868,-0.565317869186401
0.605894863605499,-0.112572245299816,1.39745032787323,-0.426141947507858,-0.288857996463776,0.644249737262726,-0.565602481365204
0.605374336242676,-0.111240327358246,1.39775836467743,-0.425719738006592,-0.287365257740021,0.645194530487061,-0.565604090690613
0.604015588760376,-0.109942182898521,1.39760529994965,-0.427234500646591,-0.285839408636093,0.643072307109833,-0.567648410797119
0.603896379470825,-0.108771055936813,1.39786434173584,-0.426574826240539,-0.28564441204071,0.642922818660736,-0.568411409854889
0.6023228764534,-0.10728757828474,1.39768958091736,-0.427276909351349,-0.28154581785202,0.641927301883698,-0.571048140525818
0.602311372756958,-0.10613053292036,1.39817011356354,-0.428388923406601,-0.281493425369263,0.642017900943756,-0.570138275623322
0.600702404975891,-0.104462221264839,1.39795613288879,-0.42943263053894,-0.279469430446625,0.641363084316254,-0.571084976196289
0.599942624568939,-0.103111207485199,1.39803147315979,-0.429934144020081,-0.278275579214096,0.640745341777802,-0.571983456611633
0.599316596984863,-0.100722596049309,1.39759254455566,-0.42891526222229,-0.275861889123917,0.641030013561249,-0.573596239089966
0.598844408988953,-0.0994351059198379,1.39757192134857,-0.429005831480026,-0.274730503559112,0.640574097633362,-0.574579834938049
0.597842037677765,-0.0978982523083686,1.39779961109161,-0.429650604724884,-0.273118644952774,0.638686537742615,-0.576962828636169
0.597400963306427,-0.0967645794153213,1.39790868759155,-0.430710464715958,-0.271079570055008,0.639130890369415,-0.576642215251923
0.596290230751038,-0.0962078943848609,1.39837563037872,-0.43309485912323,-0.270436197519302,0.638394236564636,-0.57597416639328
0.595736742019653,-0.0946583151817321,1.39846289157867,-0.433092623949051,-0.268921315670013,0.638038218021393,-0.577078461647034
0.59516853094101,-0.092383861541748,1.39807951450348,-0.430701166391373,-0.267995446920395,0.637490510940552,-0.579897344112396
0.594017267227173,-0.0915624946355819,1.39870667457581,-0.432372987270355,-0.266881018877029,0.635472655296326,-0.581380009651184
0.593949496746063,-0.0905933827161789,1.39873921871185,-0.433898329734802,-0.265820145606995,0.636170864105225,-0.579964280128479
0.593313574790955,-0.0891475304961204,1.39875912666321,-0.434058010578156,-0.264475405216217,0.635472118854523,-0.581224381923676
0.592583298683167,-0.0875751078128814,1.39873623847961,-0.432807415723801,-0.264439523220062,0.634166121482849,-0.583594858646393
0.592275500297546,-0.0863477513194084,1.39899051189423,-0.433819562196732,-0.262734919786453,0.633089005947113,-0.584781348705292
0.591312110424042,-0.0845701098442077,1.39905595779419,-0.433596462011337,-0.261486858129501,0.633083760738373,-0.585511386394501
0.591166913509369,-0.08329838514328,1.39901006221771,-0.433023482561111,-0.260857403278351,0.632745683193207,-0.58658093214035
0.590725421905518,-0.0819996371865272,1.39929699897766,-0.434480100870132,-0.258825272321701,0.632553696632385,-0.586610913276672
0.590271234512329,-0.0808324813842773,1.39953410625458,-0.434485763311386,-0.258434146642685,0.631782948970795,-0.587608993053436
0.589880287647247,-0.0795471370220184,1.39967155456543,-0.434447735548019,-0.257509708404541,0.631154656410217,-0.588717103004456
0.589333951473236,-0.0776785835623741,1.39980375766754,-0.434849858283997,-0.25555744767189,0.630724847316742,-0.589730799198151
0.589044988155365,-0.0763492733240127,1.3996387720108,-0.433065861463547,-0.255620777606964,0.629888951778412,-0.591905415058136
0.588889539241791,-0.0751370638608932,1.39991652965546,-0.434095442295074,-0.253954440355301,0.629725337028503,-0.59204238653183
0.588016152381897,-0.0736758038401603,1.40029120445251,-0.435158371925354,-0.252577751874924,0.628589749336243,-0.593057155609131
0.587985992431641,-0.072599172592163,1.39999949932098,-0.4323550760746,-0.253857225179672,0.627775847911835,-0.595418334007263
0.587848603725433,-0.0714572593569755,1.40021193027496,-0.432915151119232,-0.252228230237961,0.627134084701538,-0.596379458904266
0.58731871843338,-0.0700614526867866,1.40041983127594,-0.433308511972427,-0.251226186752319,0.626847147941589,-0.596818208694458
0.587359666824341,-0.068559855222702,1.4003210067749,-0.432959109544754,-0.249971389770508,0.626774311065674,-0.597674489021301
0.587231457233429,-0.0674719139933586,1.40055334568024,-0.432455062866211,-0.249924317002296,0.626122951507568,-0.598740756511688
0.586401224136353,-0.0662403479218483,1.40096795558929,-0.432697981595993,-0.249276489019394,0.624836564064026,-0.600177526473999
0.586143910884857,-0.0651378631591796,1.4010397195816,-0.430768340826034,-0.250248312950134,0.62350058555603,-0.60254567861557
0.586284518241882,-0.0633042678236961,1.40077078342438,-0.431465983390808,-0.247256681323051,0.624407410621643,-0.60234272480011
0.586838960647583,-0.0625862702727317,1.40125799179077,-0.43099644780159,-0.248232990503311,0.624256491661072,-0.602433860301971
0.586057722568512,-0.0614029057323932,1.40121161937714,-0.431799530982971,-0.24645371735096,0.623385787010193,-0.603489816188812
0.586191475391388,-0.060118842869997,1.40135300159454,-0.431842863559723,-0.245504274964332,0.623280823230743,-0.603954195976257
0.58705085515976,-0.059043813496828,1.40155649185181,-0.429873734712601,-0.246756926178932,0.623285353183746,-0.604843080043793
0.586781740188599,-0.0579806454479694,1.40149736404419,-0.429621636867523,-0.245767191052437,0.622570395469666,-0.606159925460815
0.586232364177704,-0.0568297989666461,1.40169513225555,-0.430142968893051,-0.244502022862434,0.621598422527313,-0.607298374176025
0.58721137046814,-0.0559866540133953,1.40206682682037,-0.42827445268631,-0.246011584997177,0.6215980052948,-0.608009338378906
0.586694121360779,-0.0548664256930351,1.40207648277283,-0.428613066673279,-0.244927331805229,0.620358347892761,-0.609472811222076
0.587257325649261,-0.05408675968647,1.40218925476074,-0.427383333444595,-0.24554705619812,0.619689047336578,-0.610766410827637
0.588140785694122,-0.0531516671180725,1.402752161026,-0.425545275211334,-0.246993482112884,0.619923889636993,-0.611228108406067
0.58797961473465,-0.0522344037890434,1.40275752544403,-0.425418108701706,-0.246728509664535,0.618831276893616,-0.612529516220093
0.587395548820496,-0.0515350960195064,1.40290367603302,-0.425547987222672,-0.246317386627197,0.61730968952179,-0.614138185977936
0.587639987468719,-0.0504469983279705,1.40299224853516,-0.424977898597717,-0.245945379137993,0.616888403892517,-0.615104258060455
0.588705897331238,-0.0497956499457359,1.40327513217926,-0.422910362482071,-0.247521609067917,0.616785764694214,-0.615999281406403
0.589009702205658,-0.0491363853216171,1.40349817276001,-0.422029793262482,-0.248006716370582,0.615952134132385,-0.617241084575653
0.58928507566452,-0.0484891198575496,1.40360796451569,-0.421362310647964,-0.248360633850098,0.615313172340393,-0.618191540241241
0.588785767555237,-0.0478222221136093,1.40363919734955,-0.421947747468948,-0.24743939936161,0.61409455537796,-0.619371950626373
0.590018510818481,-0.0474037490785121,1.40412569046021,-0.419475704431534,-0.24941174685955,0.613944470882416,-0.620408058166504
0.590305745601654,-0.0469248779118061,1.40427243709564,-0.418755441904068,-0.250290155410767,0.613034784793854,-0.621439695358276
0.590393841266632,-0.0464425832033157,1.40427339076996,-0.41818705201149,-0.250162422657013,0.612269937992096,-0.622626602649689
0.589943289756775,-0.0460961088538169,1.40437543392181,-0.418556690216064,-0.249251633882522,0.611029207706451,-0.623960852622986
0.590835690498352,-0.045798547565937,1.4046345949173,-0.416875690221786,-0.251191467046738,0.610681593418121,-0.624648451805115
0.591159582138062,-0.0456184968352317,1.40481162071228,-0.416206747293472,-0.251882344484329,0.610119223594666,-0.625365316867828
0.591687083244324,-0.0454078018665313,1.40505111217499,-0.415105372667313,-0.25290921330452,0.609636783599854,-0.626152992248535
0.591794312000275,-0.0453098863363266,1.40503585338593,-0.414872795343399,-0.253236800432205,0.609030783176422,-0.626764059066772
0.59199458360672,-0.045144498348236,1.40506410598755,-0.414384603500366,-0.253751218318939,0.608393430709839,-0.627497613430023
0.592261970043182,-0.0451646074652671,1.4051159620285,-0.41405063867569,-0.254327178001404,0.607764482498169,-0.628094136714935
0.592496633529663,-0.0452304556965827,1.40513324737549,-0.41359543800354,-0.254755795001984,0.607237637042999,-0.628729522228241
0.592787861824036,-0.0454453974962234,1.40518474578857,-0.413207620382309,-0.25499153137207,0.606845915317535,-0.629266917705536
0.592746675014496,-0.0456355288624763,1.40492355823517,-0.413225293159485,-0.254996716976166,0.606268167495728,-0.629810094833374
0.592872858047485,-0.0457574650645256,1.40486979484558,-0.413091361522675,-0.255433797836304,0.605907738208771,-0.630067527294159
0.593656182289124,-0.0460872054100036,1.40509247779846,-0.412218302488327,-0.257237106561661,0.605828702449799,-0.629981517791748
0.593897759914398,-0.046442586928606,1.40500867366791,-0.412079155445099,-0.25811356306076,0.605446040630341,-0.630081951618195
0.593896865844727,-0.0458815321326255,1.40464186668396,-0.411782026290893,-0.257502317428589,0.605589866638184,-0.630388021469116
0.594402074813843,-0.0463706143200397,1.40442931652069,-0.411383479833603,-0.25863915681839,0.605602204799652,-0.630170941352844
0.594799399375916,-0.0479592978954315,1.40470457077026,-0.412343829870224,-0.260899186134338,0.605004251003265,-0.629185497760773
0.594590485095978,-0.0484438687562942,1.40426075458527,-0.413028806447983,-0.261057585477829,0.604502141475677,-0.629152953624725
0.595414102077484,-0.0490972585976123,1.40439689159393,-0.412248849868774,-0.263075709342956,0.604690492153168,-0.628642499446869
0.595165014266968,-0.0496429242193698,1.40406739711761,-0.413311451673508,-0.263070315122604,0.604413390159607,-0.628213465213776
0.595999598503113,-0.0500952862203121,1.40415334701538,-0.412510812282562,-0.265179991722107,0.604953348636627,-0.627332389354706
0.596447348594666,-0.0508387014269828,1.40396690368652,-0.412492394447327,-0.266390055418015,0.604986071586609,-0.626800000667572
0.596937477588654,-0.0517193749547004,1.4040333032608,-0.412632614374161,-0.268403232097626,0.604951024055481,-0.625882148742676
0.596839904785156,-0.0521610863506794,1.40384864807129,-0.413251280784607,-0.268834739923477,0.604955732822418,-0.625283896923065
0.596769452095032,-0.0530472956597805,1.40354895591736,-0.413744986057281,-0.269038140773773,0.604386508464813,-0.625420451164246
0.598092436790466,-0.0539364069700241,1.40365862846375,-0.41246822476387,-0.272358447313309,0.605239510536194,-0.624000072479248
0.598201513290405,-0.0547225475311279,1.40339303016663,-0.412250459194183,-0.273350775241852,0.6052325963974,-0.623716592788696
0.598325371742249,-0.0554751269519329,1.4033237695694,-0.412569403648376,-0.274368643760681,0.605252504348755,-0.623039126396179
0.598929107189178,-0.0560010112822055,1.40283691883087,-0.412652730941772,-0.274856120347977,0.606219470500946,-0.621827840805054
0.599376082420349,-0.0568343698978424,1.40259552001953,-0.412877172231674,-0.276030510663986,0.606751263141632,-0.620638966560364
0.59978461265564,-0.057668711990118,1.4023209810257,-0.413031071424484,-0.277511060237885,0.607076585292816,-0.61955726146698
0.599633812904358,-0.058765023946762,1.40192639827728,-0.415543287992477,-0.268164128065109,0.60189551115036,-0.62700366973877
0.599854946136475,-0.059596162289381,1.40187919139862,-0.414013981819153,-0.278223425149918,0.607357621192932,-0.618304967880249
0.601009488105774,-0.0604144968092441,1.40173327922821,-0.413143366575241,-0.281439244747162,0.608482778072357,-0.616322338581085
0.60116970539093,-0.0617492198944091,1.40204524993896,-0.411525160074234,-0.285041928291321,0.607774555683136,-0.616448163986206
0.601621747016907,-0.0627285540103912,1.4016307592392,-0.411151200532913,-0.28490024805069,0.608447015285492,-0.616099834442139
0.602197468280792,-0.0638184547424316,1.40124034881592,-0.411299735307693,-0.285672634840012,0.609385669231415,-0.614713609218597
0.602857172489166,-0.0644538700580596,1.40112352371216,-0.410096764564514,-0.288428634405136,0.609984219074249,-0.613635718822479
0.602575898170471,-0.065369039773941,1.4007283449173,-0.411415845155716,-0.288144916296005,0.610407590866089,-0.612464129924774
0.604214489459991,-0.0665344893932342,1.4011058807373,-0.411518841981888,-0.290000736713409,0.612459361553192,-0.609463274478912
0.604583442211151,-0.0675271451473236,1.40076100826263,-0.411846458911896,-0.29076886177063,0.613303244113922,-0.608025670051575
0.605371832847595,-0.0685345530509948,1.40084743499756,-0.411605924367905,-0.292247265577316,0.614372551441193,-0.606397926807404
0.605748414993286,-0.06959930062294,1.40046751499176,-0.41101336479187,-0.293122887611389,0.615118682384491,-0.605620384216309
0.606016516685486,-0.0707370042800903,1.40012419223785,-0.411268532276154,-0.293641030788422,0.615760505199432,-0.604543030261993
0.606095314025879,-0.0715183541178703,1.40005493164062,-0.411630034446716,-0.293910503387451,0.616399168968201,-0.60351425409317
0.606687724590302,-0.0725478380918502,1.39993786811829,-0.411583930253982,-0.294954359531403,0.617446780204773,-0.601963698863983
0.607734560966492,-0.0735150873661041,1.3995578289032,-0.40899658203125,-0.297647148370743,0.618387758731842,-0.601435482501984
0.609473943710327,-0.0737875625491142,1.39785504341125,-0.424037605524063,-0.281934678554535,0.627476334571838,-0.589048862457275
0.608420848846436,-0.075415015220642,1.39957642555237,-0.410488843917847,-0.29789611697197,0.62055915594101,-0.598049640655518
0.60966432094574,-0.0766116678714752,1.39950239658356,-0.409036219120026,-0.300308763980865,0.62178897857666,-0.596559107303619
0.609853565692902,-0.0774658843874931,1.39945304393768,-0.409456729888916,-0.300047934055328,0.62273907661438,-0.595409572124481
0.610550165176392,-0.0783068314194679,1.39899694919586,-0.407531023025513,-0.301825493574142,0.623340904712677,-0.595202445983887
0.611599266529083,-0.0791203379631042,1.39843153953552,-0.40654256939888,-0.302726805210114,0.625098645687103,-0.593575179576874
0.611883044242859,-0.0802368223667144,1.39897882938385,-0.406515866518021,-0.304432839155197,0.625320851802826,-0.592485725879669
0.612746775150299,-0.0813751220703125,1.3990558385849,-0.407362461090088,-0.30423429608345,0.626988887786865,-0.590239226818085
0.613914966583252,-0.08238335698843,1.39871895313263,-0.404694736003876,-0.306835800409317,0.627879858016968,-0.589780449867249
0.614464104175568,-0.0832096561789512,1.39888286590576,-0.406132340431213,-0.306259572505951,0.629417777061462,-0.587447762489319
0.615235388278961,-0.0840524658560752,1.39876222610474,-0.405152261257172,-0.3074711561203,0.630440533161163,-0.586394011974335
0.615235388278961,-0.0840524658560752,1.39876222610474,-0.405152261257172,-0.3074711561203,0.630440533161163,-0.586394011974335
0.617073595523834,-0.08601775765419,1.398597240448,-0.402530521154404,-0.310748517513275,0.632121980190277,-0.584659218788147
0.618439376354218,-0.0870826095342636,1.39816308021545,-0.40097913146019,-0.312499761581421,0.633108377456665,-0.583723902702332
0.619375765323639,-0.0881743729114532,1.39817607402802,-0.400257140398026,-0.313720673322678,0.633973777294159,-0.582624137401581
0.620372354984283,-0.0890704914927482,1.39805257320404,-0.399326264858246,-0.3150335252285,0.634738981723785,-0.58172082901001
0.621498584747314,-0.0900766178965568,1.39835345745087,-0.398545473814011,-0.31639814376831,0.635616183280945,-0.580556571483612
0.621994912624359,-0.0910241156816482,1.39815521240234,-0.398490279912949,-0.316618978977203,0.636086940765381,-0.579958140850067
0.622994601726532,-0.0921537801623344,1.39803409576416,-0.397611826658249,-0.318005830049515,0.636687040328979,-0.579143285751343
0.624746859073639,-0.0931718796491622,1.39813029766083,-0.395436435937881,-0.32029664516449,0.637231349945068,-0.578771471977234
0.624939203262329,-0.0940832272171974,1.39780712127686,-0.396213799715042,-0.32030388712883,0.637706100940704,-0.577711939811707
0.625990033149719,-0.0951034426689148,1.39776086807251,-0.395410388708115,-0.321358859539032,0.638124525547028,-0.577214300632477
0.62767618894577,-0.0961009860038757,1.39777886867523,-0.393413484096527,-0.323610037565231,0.638606548309326,-0.576787650585175
0.628355801105499,-0.0972299128770828,1.39711701869965,-0.393046617507935,-0.323871552944183,0.638924896717072,-0.576538622379303
0.629307150840759,-0.0981122180819511,1.39751076698303,-0.392531782388687,-0.325248420238495,0.639049232006073,-0.575976014137268
0.629988670349121,-0.0990977138280868,1.39692211151123,-0.392089903354645,-0.325754523277283,0.639300227165222,-0.575712502002716
0.630626738071442,-0.100055553019047,1.39698970317841,-0.391860753297806,-0.326404422521591,0.639268934726715,-0.575534999370575
0.631668269634247,-0.101096138358116,1.39668452739716,-0.390708655118942,-0.327426910400391,0.639376163482666,-0.575618505477905
0.632439732551575,-0.102152675390244,1.39670860767365,-0.390395402908325,-0.328273415565491,0.639424681663513,-0.57529479265213
0.633102059364319,-0.103144958615303,1.39666259288788,-0.390363872051239,-0.32936504483223,0.639192163944244,-0.574950754642487
0.633861541748047,-0.104233227670193,1.39661824703217,-0.389524906873703,-0.330245673656464,0.639002084732056,-0.57522577047348
0.634786307811737,-0.105336211621761,1.39654123783112,-0.388898938894272,-0.33171021938324,0.638862252235413,-0.57496178150177
0.635432720184326,-0.106225423514843,1.39642751216888,-0.388436555862427,-0.332212656736374,0.638793528079987,-0.575060665607452
0.636200547218323,-0.107265599071979,1.39640951156616,-0.388199388980865,-0.333485424518585,0.638550162315369,-0.574754178524017
0.636200547218323,-0.107265599071979,1.39640951156616,-0.388199388980865,-0.333485424518585,0.638550162315369,-0.574754178524017
0.637750923633575,-0.109356872737408,1.39637613296509,-0.387049108743668,-0.335961729288101,0.637875854969025,-0.574836611747742
0.638374865055084,-0.110343426465988,1.39633774757385,-0.386814177036285,-0.336798906326294,0.637700855731964,-0.574699103832245
0.639218270778656,-0.111397281289101,1.39623916149139,-0.386072248220444,-0.338275879621506,0.637106776237488,-0.574989259243011
0.639799833297729,-0.11242038756609,1.39615106582642,-0.385549575090408,-0.339392870664597,0.636497795581818,-0.575356006622314
0.640389382839203,-0.113471493124962,1.3960816860199,-0.385264188051224,-0.340360522270203,0.635885536670685,-0.575652420520782
0.641486465930939,-0.114651441574097,1.39596152305603,-0.384313017129898,-0.342640340328216,0.635429620742798,-0.57543933391571
0.641651332378387,-0.115519225597381,1.39594423770905,-0.38449290394783,-0.343165695667267,0.634662806987762,-0.57585209608078
0.64217072725296,-0.116668045520782,1.39590346813202,-0.384427100419998,-0.344169437885284,0.633986234664917,-0.576042234897614
0.64281815290451,-0.117679491639137,1.3958535194397,-0.383849650621414,-0.345413863658905,0.633236169815063,-0.57650750875473
0.643236994743347,-0.118728399276733,1.3958158493042,-0.384144008159637,-0.346404641866684,0.632566630840302,-0.576451897621155
0.643698871135712,-0.119817934930324,1.39576625823975,-0.384138137102127,-0.347297638654709,0.631920754909515,-0.576626718044281
0.644183993339539,-0.120937705039978,1.39564609527588,-0.384313851594925,-0.34836134314537,0.631289780139923,-0.57655930519104
0.644183993339539,-0.120937705039978,1.39564609527588,-0.384313851594925,-0.34836134314537,0.631289780139923,-0.57655930519104
0.645010709762573,-0.12291693687439,1.3955489397049,-0.384239554405212,-0.349935829639435,0.630056619644165,-0.577004015445709
0.645404040813446,-0.123854011297226,1.39552116394043,-0.384298592805862,-0.350841969251633,0.6294806599617,-0.577043116092682
0.64590060710907,-0.124862343072891,1.39545631408691,-0.384215325117111,-0.351652562618256,0.629157602787018,-0.57695734500885
0.646520853042603,-0.125685721635818,1.39542460441589,-0.383874416351318,-0.352837979793549,0.628909468650818,-0.576731085777283
0.646914720535278,-0.126601561903953,1.39530980587006,-0.383851557970047,-0.353428244590759,0.628456652164459,-0.576878428459167
0.647418975830078,-0.127553686499596,1.39528441429138,-0.38362044095993,-0.354239881038666,0.6280557513237,-0.576970994472504
0.648326337337494,-0.128547385334969,1.39493691921234,-0.382730573415756,-0.355411201715469,0.627971947193146,-0.576932907104492
0.648356437683105,-0.129295274615288,1.39514374732971,-0.38327094912529,-0.355583220720291,0.627262055873871,-0.577240347862244
0.648905158042908,-0.130150407552719,1.3950959444046,-0.383171856403351,-0.356419265270233,0.627187311649323,-0.576871693134308
0.649764657020569,-0.131086826324463,1.39473307132721,-0.382173866033554,-0.357652693986893,0.627030789852142,-0.5769402384758
0.650476098060608,-0.131848096847534,1.3950834274292,-0.382706165313721,-0.357946038246155,0.62689870595932,-0.576549112796783
0.650249838829041,-0.132692158222198,1.39485287666321,-0.382940351963043,-0.358330637216568,0.625760495662689,-0.577390372753143
0.650689125061035,-0.133479043841362,1.39471232891083,-0.382456958293915,-0.358936876058578,0.625077188014984,-0.578073978424072
0.650689125061035,-0.133479043841362,1.39471232891083,-0.382456958293915,-0.358936876058578,0.625077188014984,-0.578073978424072
0.652001559734344,-0.135289400815964,1.39426577091217,-0.381137609481812,-0.361232072114944,0.623892426490784,-0.578795313835144
0.652466058731079,-0.136093765497208,1.39424288272858,-0.380940139293671,-0.362054586410522,0.623281538486481,-0.579069495201111
0.652797222137451,-0.136928573250771,1.39418971538544,-0.380525261163711,-0.362337857484818,0.622329115867615,-0.580188274383545
0.652741551399231,-0.13756962120533,1.39447057247162,-0.381051272153854,-0.362088024616241,0.621426463127136,-0.580966055393219
0.653221845626831,-0.138351038098335,1.39445757865906,-0.380566298961639,-0.363335132598877,0.620591819286346,-0.581397294998169
0.653970241546631,-0.13937246799469,1.39424228668213,-0.379833459854126,-0.364649683237076,0.619751214981079,-0.581949770450592
0.653970241546631,-0.13937246799469,1.39424228668213,-0.379833459854126,-0.364649683237076,0.619751214981079,-0.581949770450592
0.654786944389343,-0.140838429331779,1.39417409896851,-0.379059791564941,-0.36491385102272,0.618594765663147,-0.583516955375671
0.654976606369019,-0.141541033983231,1.39432775974274,-0.379138767719269,-0.365417599678039,0.617461442947388,-0.584350347518921
0.655947506427765,-0.142493009567261,1.39411604404449,-0.377752065658569,-0.366652935743332,0.616671800613403,-0.585307717323303
0.65629518032074,-0.143276289105415,1.39406895637512,-0.377257317304611,-0.366915166378021,0.616076052188873,-0.586089134216309
0.656287252902985,-0.143757492303848,1.39429676532745,-0.377964437007904,-0.366951316595078,0.615227520465851,-0.586502134799957
0.656690537929535,-0.14454248547554,1.39428651332855,-0.377113938331604,-0.367100477218628,0.614364445209503,-0.587859451770782
0.65728223323822,-0.145170792937279,1.39406263828278,-0.376158058643341,-0.367469012737274,0.613946855068207,-0.588677525520325
0.657889842987061,-0.146049544215202,1.39399003982544,-0.375295370817184,-0.368380039930344,0.613097369670868,-0.589543163776398
0.658275425434113,-0.14661680161953,1.39388608932495,-0.374833881855011,-0.368719458580017,0.612509489059448,-0.59023517370224
0.658157825469971,-0.147220894694328,1.39407956600189,-0.375304043292999,-0.368192881345749,0.611576557159424,-0.591231882572174
0.658476293087006,-0.147966012358665,1.39404761791229,-0.374750584363937,-0.36839684844017,0.610598981380463,-0.592465102672577
0.659172534942627,-0.148593753576279,1.39376628398895,-0.373905092477798,-0.369514793157578,0.610232889652252,-0.592680037021637
0.659348607063293,-0.149228110909462,1.39384710788727,-0.373735010623932,-0.369724988937378,0.609242975711823,-0.593673825263977
0.659674942493439,-0.149788871407509,1.39379155635834,-0.372924536466599,-0.369910508394241,0.608469128608704,-0.594860315322876
0.659949898719788,-0.150430411100387,1.39374136924744,-0.372493892908096,-0.370150238275528,0.607625901699066,-0.595842182636261
0.66018283367157,-0.151003569364548,1.39365875720978,-0.37232032418251,-0.370451211929321,0.606893658638,-0.596509695053101
0.660562098026276,-0.151629537343979,1.39361989498138,-0.372112929821014,-0.371012032032013,0.606266498565674,-0.596928119659424
0.660884976387024,-0.152233064174652,1.39349377155304,-0.370502889156341,-0.371809870004654,0.604941844940186,-0.598774135112762
0.66191029548645,-0.152864828705788,1.3936527967453,-0.368842780590057,-0.373519629240036,0.604237020015717,-0.599446296691895
0.661449730396271,-0.153409793972969,1.39335739612579,-0.36948099732399,-0.372738629579544,0.603157222270966,-0.600625693798065
0.661745250225067,-0.153956413269043,1.3932900428772,-0.369181126356125,-0.373173803091049,0.602552533149719,-0.601146459579468
0.662015676498413,-0.154494553804397,1.39323079586029,-0.368721276521683,-0.373439818620682,0.601691544055939,-0.602125227451324
0.662232756614685,-0.15506386756897,1.39314448833466,-0.368443012237549,-0.373907029628754,0.600967586040497,-0.602728188037872
0.662497937679291,-0.155570387840271,1.39303863048553,-0.367969036102295,-0.374281913042068,0.60021311044693,-0.603536427021027
0.662812232971191,-0.156076565384865,1.39295077323914,-0.367291927337646,-0.374747335910797,0.599433600902557,-0.604434132575989
0.663272202014923,-0.156632766127586,1.39275074005127,-0.366595774888992,-0.375425010919571,0.599012017250061,-0.604854047298431
0.663173794746399,-0.157096549868584,1.39278829097748,-0.366973757743835,-0.375331938266754,0.598525583744049,-0.605163991451263
0.663403451442719,-0.157566711306572,1.39274322986603,-0.366503953933716,-0.375844150781631,0.597739517688751,-0.605907082557678
0.663613319396973,-0.158016085624695,1.39270782470703,-0.366198241710663,-0.376188725233078,0.597337424755096,-0.606274724006653
0.663816690444946,-0.158512160181999,1.39267909526825,-0.365913063287735,-0.377036571502685,0.595562398433685,-0.607665002346039
0.664114713668823,-0.159071147441864,1.39262115955353,-0.365375250577927,-0.377054452896118,0.59513920545578,-0.608391404151917
0.664376199245453,-0.159524112939835,1.39259743690491,-0.365113645792007,-0.377581566572189,0.594777524471283,-0.608575463294983
0.665007770061493,-0.160073474049568,1.39220929145813,-0.364188551902771,-0.378462165594101,0.594936490058899,-0.608427166938782
0.664770543575287,-0.160414725542068,1.39244961738586,-0.364622831344604,-0.378384649753571,0.594089388847351,-0.609042882919312
0.665124475955963,-0.160875916481018,1.39221203327179,-0.363897621631622,-0.378857910633087,0.593778014183044,-0.609485805034637
0.665103793144226,-0.161282107234001,1.39234387874603,-0.36414635181427,-0.379051059484482,0.593039035797119,-0.609936594963074
0.665300488471985,-0.161766648292542,1.39235651493073,-0.36396649479866,-0.379377067089081,0.592693865299225,-0.610176622867584
0.665486097335815,-0.162130609154701,1.39233815670013,-0.363636672496796,-0.379718512296677,0.591962814331055,-0.610870242118835
0.665629625320435,-0.16251040995121,1.39232325553894,-0.363403737545013,-0.379985511302948,0.591629028320312,-0.611166000366211
0.665813982486725,-0.162980049848556,1.39228594303131,-0.363187342882156,-0.380259394645691,0.591159164905548,-0.611578822135925
0.665813982486725,-0.162980049848556,1.39228594303131,-0.363187342882156,-0.380259394645691,0.591159164905548,-0.611578822135925
0.666102051734924,-0.163746893405914,1.39223432540894,-0.362914681434631,-0.380767434835434,0.590202808380127,-0.612347722053528
0.666168689727783,-0.164225578308105,1.39219927787781,-0.362781435251236,-0.381021410226822,0.589739859104156,-0.612714648246765
0.666239023208618,-0.164642453193664,1.39214742183685,-0.362836092710495,-0.381074994802475,0.589330911636353,-0.613042414188385
0.666253983974457,-0.16499175131321,1.39209413528442,-0.362847536802292,-0.381154537200928,0.588913321495056,-0.6133873462677
0.666366338729858,-0.165350049734116,1.39205944538116,-0.36277037858963,-0.381335586309433,0.588440597057343,-0.613774001598358
0.666472554206848,-0.165651395916939,1.39205682277679,-0.362542659044266,-0.381565868854523,0.587870657444,-0.614311516284943
0.666472554206848,-0.165651395916939,1.39205682277679,-0.362542659044266,-0.381565868854523,0.587870657444,-0.614311516284943
0.666588008403778,-0.166282787919044,1.39202320575714,-0.362349271774292,-0.381705552339554,0.587162375450134,-0.615015685558319
0.666588008403778,-0.166282787919044,1.39202320575714,-0.362349271774292,-0.381705552339554,0.587162375450134,-0.615015685558319
0.666819512844086,-0.166903629899025,1.39205265045166,-0.361994504928589,-0.382011771202087,0.58698046207428,-0.615207970142365
0.666888415813446,-0.167180016636848,1.39208602905273,-0.362126797437668,-0.382047206163406,0.586968243122101,-0.615119934082031
0.666354179382324,-0.1674335449934,1.39200854301453,-0.363089621067047,-0.381146341562271,0.586754202842712,-0.615315437316895
0.666329324245453,-0.16772186756134,1.39205241203308,-0.363368779420853,-0.381105601787567,0.586684584617615,-0.61524224281311
0.666975021362305,-0.168112277984619,1.39211761951447,-0.362396001815796,-0.382003426551819,0.586800456047058,-0.615148723125458
0.666938006877899,-0.168346226215362,1.39218962192535,-0.362598419189453,-0.381962060928345,0.586839556694031,-0.615017712116241
0.66762501001358,-0.168606862425804,1.39234745502472,-0.3614841401577,-0.382934033870697,0.587333023548126,-0.614598095417023
0.667617797851562,-0.168824657797813,1.39237082004547,-0.361696362495422,-0.382798135280609,0.587551832199097,-0.614348649978638
0.667614638805389,-0.169074028730392,1.39239549636841,-0.361931264400482,-0.382764101028442,0.587746977806091,-0.614044785499573
0.667567610740662,-0.169302731752396,1.39242815971375,-0.362136781215668,-0.382609397172928,0.588283360004425,-0.613506019115448
0.667567610740662,-0.169302731752396,1.39242815971375,-0.362136781215668,-0.382609397172928,0.588283360004425,-0.613506019115448
0.666976392269135,-0.170057147741318,1.39231276512146,-0.363791435956955,-0.382021129131317,0.588045477867126,-0.613121688365936
0.666908383369446,-0.170042037963867,1.39224004745483,-0.363864839076996,-0.381564259529114,0.588429808616638,-0.612993955612183
0.666946768760681,-0.17047056555748,1.39230835437775,-0.364014953374863,-0.381963104009628,0.588410973548889,-0.612674474716187
0.666990041732788,-0.170622780919075,1.39230346679688,-0.36395651102066,-0.381854981184006,0.588896691799164,-0.612309753894806
0.666968524456024,-0.170557409524918,1.39224100112915,-0.363864719867706,-0.381633341312408,0.589232921600342,-0.612178802490234
0.667016744613647,-0.170729875564575,1.39223635196686,-0.364000618457794,-0.38169738650322,0.58951336145401,-0.611788094043732
0.667016744613647,-0.170729875564575,1.39223635196686,-0.364000618457794,-0.38169738650322,0.58951336145401,-0.611788094043732
0.667440414428711,-0.171161666512489,1.39194548130035,-0.363450855016708,-0.382417887449265,0.590405881404877,-0.610803604125977
0.667601823806763,-0.171553149819374,1.3922917842865,-0.364548593759537,-0.382381409406662,0.590987503528595,-0.609608769416809
0.667601823806763,-0.171553149819374,1.3922917842865,-0.364548593759537,-0.382381409406662,0.590987503528595,-0.609608769416809
0.667318284511566,-0.171697482466698,1.39234018325806,-0.365289062261581,-0.381835162639618,0.591840982437134,-0.608679175376892
0.667347073554993,-0.171804189682007,1.39235579967499,-0.365433096885681,-0.382010906934738,0.592012107372284,-0.608315765857697
0.667653739452362,-0.171736121177673,1.39225423336029,-0.364065080881119,-0.382889032363892,0.592181324958801,-0.608419358730316
0.667354762554169,-0.17174331843853,1.3923202753067,-0.36462739109993,-0.382314562797546,0.592795133590698,-0.607845604419708
0.667770326137543,-0.171936750411987,1.39231419563293,-0.363969087600708,-0.382601231336594,0.594128549098969,-0.606757283210754
0.668211460113525,-0.172155305743217,1.39265191555023,-0.363680511713028,-0.383474200963974,0.594503700733185,-0.606011152267456
0.668273329734802,-0.172101229429245,1.39267611503601,-0.363630384206772,-0.383350044488907,0.594991981983185,-0.605640530586243
0.66832572221756,-0.172045677900314,1.39268577098846,-0.363668471574783,-0.383127748966217,0.595577836036682,-0.605182230472565
0.668388307094574,-0.17208257317543,1.39273226261139,-0.36383393406868,-0.383094161748886,0.595992386341095,-0.604695737361908
0.668444275856018,-0.172088384628296,1.39277112483978,-0.364016115665436,-0.38295242190361,0.596526086330414,-0.604149222373962
0.668519198894501,-0.172098860144615,1.39282131195068,-0.364142626523972,-0.382802754640579,0.596942842006683,-0.603756189346313
0.668345928192139,-0.172158017754555,1.39242219924927,-0.364573240280151,-0.382054954767227,0.597397565841675,-0.603520154953003
0.66841846704483,-0.172159969806671,1.39243793487549,-0.364702671766281,-0.381860762834549,0.597923159599304,-0.603044033050537
0.668101072311401,-0.172085970640182,1.39272356033325,-0.36565375328064,-0.381175309419632,0.598239183425903,-0.602588176727295
0.668198883533478,-0.172066107392311,1.39273726940155,-0.365746140480042,-0.380987256765366,0.598681926727295,-0.602211594581604
0.668325901031494,-0.172071188688278,1.39278161525726,-0.365841299295425,-0.380882382392883,0.599127471446991,-0.601776778697968
0.66846114397049,-0.172092467546463,1.39280962944031,-0.365906715393066,-0.380838751792908,0.599527657032013,-0.601365804672241
0.668625235557556,-0.172100216150284,1.39283716678619,-0.36590713262558,-0.380765706300735,0.599981009960175,-0.600959599018097
0.668813705444336,-0.172106072306633,1.39283859729767,-0.365873903036117,-0.380768448114395,0.60038810968399,-0.600571393966675
0.669031739234924,-0.172119498252869,1.39284670352936,-0.365817666053772,-0.380761504173279,0.600973606109619,-0.600024163722992
0.669330596923828,-0.172126308083534,1.39283752441406,-0.36561182141304,-0.380944848060608,0.601321339607239,-0.599684715270996
0.669330596923828,-0.172126308083534,1.39283752441406,-0.36561182141304,-0.380944848060608,0.601321339607239,-0.599684715270996
0.670053660869598,-0.17208930850029,1.39283931255341,-0.365209966897964,-0.38139483332634,0.602024912834167,-0.598937213420868
0.670457005500793,-0.172065734863281,1.392786860466,-0.364887744188309,-0.381550401449203,0.602214395999908,-0.598843991756439
0.670894205570221,-0.172033846378326,1.39272153377533,-0.364665895700455,-0.381794691085815,0.602402210235596,-0.598634660243988
0.67131495475769,-0.171973913908005,1.39270162582397,-0.364456027746201,-0.382017374038696,0.602602958679199,-0.598418176174164
0.67171835899353,-0.171892195940018,1.39263153076172,-0.364396423101425,-0.382352560758591,0.602759897708893,-0.598082304000854
0.672391414642334,-0.172421395778656,1.39271628856659,-0.364959925413132,-0.382610946893692,0.603044271469116,-0.59728616476059
0.673569560050964,-0.172566175460815,1.39272153377533,-0.363909155130386,-0.384081214666367,0.603188812732697,-0.596837520599365
0.673484027385712,-0.172387778759003,1.39252460002899,-0.364558190107346,-0.383317410945892,0.603185534477234,-0.596935868263245
0.67408275604248,-0.172335386276245,1.39240550994873,-0.365415573120117,-0.382772028446198,0.60368025302887,-0.596261024475098
0.67499852180481,-0.172346591949463,1.39205026626587,-0.363091558218002,-0.38483726978302,0.602981626987457,-0.597057938575745
0.675076723098755,-0.172255083918571,1.39222157001495,-0.36367717385292,-0.384605050086975,0.602529346942902,-0.597307622432709
0.675986051559448,-0.172483772039413,1.3921012878418,-0.36282616853714,-0.386002004146576,0.602083742618561,-0.597373306751251
0.67618316411972,-0.172321856021881,1.39207029342651,-0.362942516803741,-0.386047840118408,0.601679503917694,-0.5976802110672
0.676778197288513,-0.172250643372536,1.39203417301178,-0.362579852342606,-0.386625230312347,0.601434409618378,-0.597773849964142
0.677279412746429,-0.172221973538399,1.39194452762604,-0.361932635307312,-0.387441009283066,0.600873351097107,-0.598202049732208
0.677279412746429,-0.172221973538399,1.39194452762604,-0.361932635307312,-0.387441009283066,0.600873351097107,-0.598202049732208
0.67846953868866,-0.172019332647324,1.39185619354248,-0.361071974039078,-0.388707906007767,0.599817097187042,-0.598959624767303
0.679145395755768,-0.172079399228096,1.39197742938995,-0.361854583024979,-0.388655215501785,0.599802911281586,-0.598535716533661
0.679629623889923,-0.171989977359772,1.39203691482544,-0.361073940992355,-0.389542609453201,0.599114894866943,-0.599119007587433
0.680608987808228,-0.172019705176353,1.39227080345154,-0.35937711596489,-0.391761779785156,0.598219335079193,-0.59958690404892
0.681260585784912,-0.171895831823349,1.39216828346252,-0.358568459749222,-0.392504751682281,0.597728848457336,-0.600074112415314
0.681346595287323,-0.171503186225891,1.39187276363373,-0.358077257871628,-0.392132073640823,0.596913695335388,-0.601420938968658
0.682068884372711,-0.171414896845818,1.39179539680481,-0.357170462608337,-0.393078356981277,0.596496164798737,-0.601756632328033
0.683032810688019,-0.170934662222862,1.39217758178711,-0.358542233705521,-0.391977399587631,0.598481774330139,-0.599684119224548
0.683004021644592,-0.170555487275124,1.39210152626038,-0.360415488481522,-0.390370637178421,0.597095847129822,-0.60098922252655
0.683779239654541,-0.169800311326981,1.39211916923523,-0.357219189405441,-0.392491817474365,0.595461964607239,-0.603133320808411
0.684180557727814,-0.169876262545586,1.39225292205811,-0.356671005487442,-0.393412679433823,0.594655275344849,-0.603653430938721
0.683994770050049,-0.169318497180939,1.39208626747131,-0.357332795858383,-0.39188602566719,0.594253301620483,-0.6046501994133
0.685083508491516,-0.1690693795681,1.39237701892853,-0.355751097202301,-0.393531292676926,0.593599438667297,-0.605156183242798
0.685281872749329,-0.168977051973343,1.39194810390472,-0.355750679969788,-0.393633812665939,0.592546284198761,-0.606121122837067
0.685641407966614,-0.168980240821838,1.39208233356476,-0.355434060096741,-0.39408552646637,0.591475188732147,-0.607059001922607
0.685892879962921,-0.168758064508438,1.39235055446625,-0.355227410793304,-0.39444375038147,0.590318202972412,-0.608072340488434
0.686024248600006,-0.168671607971191,1.39264249801636,-0.356791645288467,-0.393801927566528,0.589439511299133,-0.608424961566925
0.686024248600006,-0.168671607971191,1.39264249801636,-0.356791645288467,-0.393801927566528,0.589439511299133,-0.608424961566925
0.686439335346222,-0.168419390916824,1.39251697063446,-0.35503888130188,-0.395132720470428,0.586504280567169,-0.611416816711426
0.687443017959595,-0.168287545442581,1.39273536205292,-0.353620290756226,-0.396616995334625,0.58525276184082,-0.612476050853729
0.687458872795105,-0.168359190225601,1.39289200305939,-0.352969735860825,-0.397483319044113,0.583225548267365,-0.614220976829529
0.687458872795105,-0.168359190225601,1.39289200305939,-0.352969735860825,-0.397483319044113,0.583225548267365,-0.614220976829529
0.687820672988892,-0.168197602033615,1.39285254478455,-0.35261943936348,-0.398107647895813,0.580848515033722,-0.616267085075378
0.68797093629837,-0.167617261409759,1.39267206192017,-0.352578997612,-0.397167265415192,0.580297589302063,-0.617414772510529
0.688128173351288,-0.167518362402916,1.39261710643768,-0.352359294891357,-0.397780179977417,0.578856647014618,-0.61849719285965
0.688151657581329,-0.167609617114067,1.39227390289307,-0.352348804473877,-0.397919446229935,0.577614605426788,-0.619573712348938
0.688480257987976,-0.167655974626541,1.39197599887848,-0.351604551076889,-0.398340225219727,0.576717734336853,-0.620561063289642
0.688495278358459,-0.167524576187134,1.39199388027191,-0.351565539836883,-0.398499041795731,0.575369715690613,-0.621731460094452
