x,y,z,q0,q1,q2,q3
0.575631499290466,0.200259953737259,0.857025742530823,0.376956880092621,0.483651846647263,0.303209692239761,-0.72941642999649
0.575517892837524,0.199908316135406,0.856761813163757,0.377501606941223,0.483365207910538,0.301929533481598,-0.729855597019196
0.575496971607208,0.19960281252861,0.856884360313416,0.377721667289734,0.482614129781723,0.300275266170502,-0.730920433998108
0.575525164604187,0.199360176920891,0.85679703950882,0.37790435552597,0.482694834470749,0.299395173788071,-0.731133759021759
0.57560920715332,0.199163556098938,0.856906652450562,0.377906531095505,0.482624262571335,0.298889607191086,-0.731386065483093
0.575744867324829,0.199019432067871,0.856919765472412,0.378022789955139,0.482486128807068,0.298307925462723,-0.731654524803162
0.575923144817352,0.198918610811233,0.85696268081665,0.377970099449158,0.482731759548187,0.297909587621689,-0.731682062149048
0.57613080739975,0.198840945959091,0.856937110424042,0.378267884254456,0.483763128519058,0.297149389982224,-0.731155872344971
0.576317071914673,0.198777660727501,0.856943190097809,0.378196895122528,0.483930557966232,0.297304958105087,-0.731018662452698
0.576757550239563,0.198538348078728,0.857256948947906,0.377453863620758,0.484313875436783,0.299814075231552,-0.730123400688171
0.576974868774414,0.198553696274757,0.857246935367584,0.377251893281937,0.484465450048447,0.300264239311218,-0.729942262172699
0.577096581459045,0.19864746928215,0.857146263122559,0.378136485815048,0.488790422677994,0.299955725669861,-0.726720929145813
0.577597677707672,0.19873072206974,0.857077777385712,0.377222001552582,0.484777748584747,0.300811439752579,-0.729524970054626
0.577833473682404,0.198860943317413,0.857015132904053,0.378413766622543,0.488032102584839,0.300176948308945,-0.726994872093201
0.578267812728882,0.199222266674042,0.856743574142456,0.377123385667801,0.484019249677658,0.299129575490951,-0.73077005147934
0.578719854354858,0.199347227811813,0.856675386428833,0.375987738370895,0.484383374452591,0.300616413354874,-0.730503857135773
0.579166352748871,0.199574410915375,0.856547176837921,0.375117897987366,0.484792292118073,0.302632480859756,-0.729847133159637
0.579166352748871,0.199574410915375,0.856547176837921,0.375117897987366,0.484792292118073,0.302632480859756,-0.729847133159637
0.580018281936646,0.200059905648232,0.856279671192169,0.374246209859848,0.485714882612228,0.304090827703476,-0.729074478149414
0.580286920070648,0.200305834412575,0.856145262718201,0.375840544700623,0.489288330078125,0.303977102041245,-0.725905478000641
0.580821633338928,0.200449913740158,0.855989575386047,0.373962819576263,0.486097574234009,0.30615234375,-0.728101432323456
0.580821633338928,0.200449913740158,0.855989575386047,0.373962819576263,0.486097574234009,0.30615234375,-0.728101432323456
0.581671416759491,0.200981438159943,0.855714559555054,0.37228313088417,0.487210661172867,0.309583038091659,-0.726766467094421
0.582290768623352,0.201371222734451,0.855554461479187,0.372019439935684,0.487356513738632,0.310442000627518,-0.726437151432037
0.582682907581329,0.201745748519897,0.855525076389313,0.373007535934448,0.491468667984009,0.310819417238235,-0.7229905128479
0.583130955696106,0.20218314230442,0.855274319648743,0.370408982038498,0.488002330064774,0.31122887134552,-0.726489901542664
0.583503007888794,0.202455341815948,0.85498583316803,0.369428157806396,0.488419741392136,0.312713325023651,-0.726071178913116
0.583962321281433,0.202740758657455,0.854710817337036,0.368622303009033,0.488912373781204,0.314422756433487,-0.72541069984436
0.584432482719421,0.203126519918442,0.854471564292908,0.369202256202698,0.488885998725891,0.315015643835068,-0.72487610578537
0.58478569984436,0.203451544046402,0.854403972625732,0.369136780500412,0.493562370538711,0.316122621297836,-0.721249461174011
0.585163176059723,0.203719258308411,0.854240834712982,0.368439465761185,0.490366965532303,0.318518429994583,-0.722730040550232
0.585486650466919,0.203995287418365,0.854110360145569,0.3676498234272,0.491125762462616,0.31998661160469,-0.721967995166779
0.585914433002472,0.204341292381287,0.854019701480865,0.367521643638611,0.491606503725052,0.321234554052353,-0.721151411533356
0.586344182491302,0.204904928803444,0.853703141212463,0.367462515830994,0.491367429494858,0.32004189491272,-0.721874356269836
0.586673259735107,0.20515650510788,0.853558838367462,0.366704732179642,0.492268919944763,0.321934133768082,-0.720803320407867
0.586673259735107,0.20515650510788,0.853558838367462,0.366704732179642,0.492268919944763,0.321934133768082,-0.720803320407867
0.58732271194458,0.205594405531883,0.85330605506897,0.363908380270004,0.49223592877388,0.324719816446304,-0.720993459224701
0.587551236152649,0.20579668879509,0.853188455104828,0.363488763570786,0.492245048284531,0.325660884380341,-0.720774471759796
0.587867677211761,0.206012383103371,0.853056490421295,0.363423436880112,0.492564499378204,0.326923996210098,-0.720016956329346
0.588182330131531,0.206252068281174,0.85306191444397,0.363841205835342,0.492717295885086,0.327370464801788,-0.71949827671051
0.58842521905899,0.20642539858818,0.852956175804138,0.364142775535583,0.492462158203125,0.328066766262054,-0.719203293323517
0.588623225688934,0.206565260887146,0.852874934673309,0.36365133523941,0.492538243532181,0.328936338424683,-0.719002604484558
0.58877032995224,0.206701651215553,0.852816462516785,0.363311737775803,0.492456972599029,0.329657763242722,-0.718899548053741
0.58893483877182,0.206839188933372,0.852775931358337,0.362813204526901,0.493553042411804,0.330462515354156,-0.718029677867889
0.589028000831604,0.206953421235085,0.852737665176392,0.36275914311409,0.493522197008133,0.330693393945694,-0.717971920967102
0.589113235473633,0.207266956567764,0.852683186531067,0.362451165914536,0.493599325418472,0.329176902770996,-0.718770802021027
0.589177489280701,0.207324326038361,0.852672100067139,0.362419337034225,0.49357670545578,0.329306662082672,-0.718742907047272
0.589168190956116,0.207347869873047,0.852517545223236,0.362440526485443,0.493661344051361,0.329342514276505,-0.718657791614532
0.589218854904175,0.207369983196258,0.852510750293732,0.362335234880447,0.493546575307846,0.329175591468811,-0.718866109848022
0.589179277420044,0.207388058304787,0.852522492408752,0.362673401832581,0.493605196475983,0.329049557447433,-0.718712985515594
0.589149475097656,0.207375600934029,0.852556705474854,0.362949728965759,0.493560045957565,0.328913003206253,-0.718666911125183
0.589100897312164,0.207346349954605,0.852566123008728,0.362920969724655,0.493439704179764,0.328754603862762,-0.718836665153503
0.58899998664856,0.207323551177978,0.852604985237122,0.363419741392136,0.493388831615448,0.328479200601578,-0.718745410442352
0.5889493227005,0.207267478108406,0.852636218070984,0.363308727741241,0.493310213088989,0.328282654285431,-0.718945324420929
0.588823437690735,0.20693276822567,0.852725327014923,0.364020019769669,0.492251724004745,0.329398781061172,-0.718800485134125
0.588674783706665,0.206847727298736,0.852759480476379,0.364913374185562,0.491850197315216,0.328885912895203,-0.718857288360596
0.588492810726166,0.206731036305427,0.852874517440796,0.36475870013237,0.491092830896378,0.329034775495529,-0.719385147094727
0.58832198381424,0.20660850405693,0.852832615375519,0.365437865257263,0.491573512554169,0.328013241291046,-0.719178676605225
0.588023781776428,0.206432446837425,0.852890729904175,0.364758163690567,0.491754055023193,0.327911525964737,-0.719446659088135
0.587764382362366,0.206322640180588,0.852924525737762,0.365141868591309,0.491700500249863,0.327285319566727,-0.719573736190796
0.586931645870209,0.206125244498253,0.853094816207886,0.371317714452743,0.497602432966232,0.314123749732971,-0.718220949172974
0.58715432882309,0.20597568154335,0.852944731712341,0.364942193031311,0.491669654846191,0.325848132371902,-0.720348060131073
0.58715432882309,0.20597568154335,0.852944731712341,0.364942193031311,0.491669654846191,0.325848132371902,-0.720348060131073
0.586704790592194,0.205658569931984,0.852945685386658,0.365696102380753,0.491307020187378,0.324747264385223,-0.720710158348083
0.586412847042084,0.205484718084335,0.852946579456329,0.365468680858612,0.49017608165741,0.324999392032623,-0.721481382846832
0.586121022701263,0.20528119802475,0.852899491786957,0.366076976060867,0.490213572978973,0.324101984500885,-0.721551299095154
0.585717916488647,0.205017209053039,0.852914571762085,0.367081761360168,0.489665895700455,0.322317719459534,-0.722211599349976
0.585383415222168,0.204816803336143,0.852924942970276,0.36763396859169,0.489554435014725,0.321545749902725,-0.722350418567657
0.585049211978912,0.204589635133743,0.852966904640198,0.367701202630997,0.489333838224411,0.321054697036743,-0.722684025764465
0.58485734462738,0.20408770442009,0.853028655052185,0.367869704961777,0.48976942896843,0.322537124156952,-0.721642255783081
0.584517657756805,0.203840956091881,0.853159010410309,0.367714524269104,0.489953875541687,0.322466850280762,-0.721627473831177
0.584155857563019,0.203609839081764,0.853065073490143,0.368224173784256,0.489594459533691,0.32091423869133,-0.722303509712219
0.583882987499237,0.203385427594185,0.853095889091492,0.368405520915985,0.489862233400345,0.320021688938141,-0.722425520420074
0.58351069688797,0.203204587101936,0.853102326393127,0.369860351085663,0.493757218122482,0.317787706851959,-0.720012485980988
0.583181500434875,0.202948853373527,0.853105425834656,0.370331317186356,0.493473201990128,0.316725432872772,-0.720433115959167
0.582894742488861,0.202728152275085,0.853116989135742,0.370612472295761,0.493695586919784,0.316031992435455,-0.720440804958344
0.582613468170166,0.202497005462646,0.853097558021545,0.370619177818298,0.493981420993805,0.315245807170868,-0.720585882663727
0.582448542118073,0.202380493283272,0.85367077589035,0.370409190654755,0.49436828494072,0.314583450555801,-0.720717966556549
0.582171559333801,0.202005609869957,0.853843331336975,0.370338171720505,0.494150906801224,0.314536482095718,-0.720924019813538
0.581922769546509,0.201626300811767,0.853877902030945,0.370447427034378,0.494434654712677,0.314908683300018,-0.72051066160202
0.581447243690491,0.201316863298416,0.853199601173401,0.370741844177246,0.494543552398682,0.314057767391205,-0.720655798912048
0.581188261508942,0.201123178005219,0.853204607963562,0.370979338884354,0.494641840457916,0.313267111778259,-0.720810353755951
0.580942511558533,0.200900137424469,0.85322892665863,0.370968192815781,0.494122356176376,0.312007576227188,-0.72171813249588
0.580712914466858,0.200713008642197,0.853279888629913,0.371259331703186,0.494290977716446,0.311302483081818,-0.721757411956787
0.580497682094574,0.200538888573646,0.853297472000122,0.371320396661758,0.494395971298218,0.310690820217133,-0.721917688846588
0.580281972885132,0.200418949127197,0.853304147720337,0.371628254652023,0.494495302438736,0.309860318899155,-0.722048103809357
0.58005952835083,0.200282827019691,0.853320062160492,0.372137665748596,0.494543701410294,0.308880805969238,-0.722172319889069
0.579730808734894,0.200080633163452,0.852957487106323,0.372150838375091,0.494640529155731,0.308051377534866,-0.722453474998474
0.57954877614975,0.199980586767197,0.852945268154144,0.37236350774765,0.494743943214417,0.307507216930389,-0.722504854202271
0.579457938671112,0.199953109025955,0.853254795074463,0.372073352336883,0.49496927857399,0.307179003953934,-0.722639560699463
0.579317271709442,0.19987541437149,0.853256225585938,0.372085124254227,0.494863212108612,0.306855082511902,-0.722843766212463
0.579174697399139,0.199824407696724,0.853219091892242,0.372442960739136,0.494731932878494,0.306578278541565,-0.722866714000702
0.578987300395966,0.199695557355881,0.853260278701782,0.372578710317612,0.494758099317551,0.307110548019409,-0.722552835941315
0.578838229179382,0.199649915099144,0.853259682655334,0.37205845117569,0.494377434253693,0.30647075176239,-0.7233527302742
0.578750789165497,0.199606776237488,0.853254795074463,0.372277200222015,0.49407696723938,0.306407064199448,-0.723472535610199
0.578678548336029,0.199584543704986,0.853242993354797,0.372805297374725,0.493928879499435,0.306287527084351,-0.723352253437042
0.578659415245056,0.199580013751984,0.853217542171478,0.372973293066025,0.493745595216751,0.306275278329849,-0.723395943641663
0.578710794448853,0.199562638998032,0.853166580200195,0.373835474252701,0.49319726228714,0.306277185678482,-0.723324179649353
0.578702509403229,0.199575155973434,0.853129982948303,0.374009609222412,0.493055373430252,0.306194305419922,-0.723365962505341
0.578703343868256,0.199614599347115,0.853109240531921,0.374229997396469,0.492975950241089,0.306156396865845,-0.723322033882141
0.57877117395401,0.199645161628723,0.853099703788757,0.374160289764404,0.492808222770691,0.306147217750549,-0.723476409912109
0.578837156295776,0.199779361486435,0.853044390678406,0.374442607164383,0.492583155632019,0.30535763502121,-0.72381716966629
0.57892781496048,0.199829220771789,0.853022456169128,0.374294310808182,0.492612183094025,0.305433213710785,-0.723842263221741
0.57907772064209,0.199921742081642,0.853155970573425,0.374395608901977,0.492660492658615,0.305539518594742,-0.723712146282196
0.579280138015747,0.200023517012596,0.853151738643646,0.375193387269974,0.492835640907288,0.305863827466965,-0.7230424284935
0.57948625087738,0.200068950653076,0.853110909461975,0.374418348073959,0.49297297000885,0.30637001991272,-0.723136246204376
0.579642772674561,0.20013926923275,0.853084325790405,0.374369829893112,0.49300828576088,0.306583285331726,-0.723046898841858
0.579642772674561,0.20013926923275,0.853084325790405,0.374369829893112,0.49300828576088,0.306583285331726,-0.723046898841858
0.579983472824097,0.200301617383957,0.852974891662598,0.374098151922226,0.493244796991348,0.30709183216095,-0.722810328006744
0.580207526683807,0.200385391712189,0.852931141853333,0.373658388853073,0.493393301963806,0.307425141334534,-0.722794771194458
0.580445051193237,0.200486436486244,0.852908849716187,0.37340721487999,0.49387726187706,0.308159917593002,-0.722280919551849
0.580678880214691,0.200561702251434,0.852699160575867,0.372702747583389,0.49372786283493,0.308722227811813,-0.722506761550903
0.580958724021912,0.200662150979042,0.852685511112213,0.37234565615654,0.494042962789536,0.309033751487732,-0.722342252731323
0.581351578235626,0.200798124074936,0.852670788764954,0.372190237045288,0.493644803762436,0.309067815542221,-0.722680032253265
0.581858396530151,0.20099264383316,0.852731108665466,0.372138917446136,0.493706285953522,0.309638381004333,-0.722420156002045
0.582092821598053,0.201101079583168,0.852569103240967,0.371831327676773,0.494175791740417,0.309899300336838,-0.722145557403564
0.582412242889404,0.20120906829834,0.852569699287415,0.370941132307053,0.494665801525116,0.310460686683655,-0.722026765346527
0.582626700401306,0.201254397630692,0.852231383323669,0.370482891798019,0.494877755641937,0.310717523097992,-0.722006320953369
0.582961678504944,0.201373487710953,0.852259516716003,0.36920690536499,0.495825231075287,0.311814218759537,-0.721537053585052
0.583165109157562,0.201731875538826,0.852247297763824,0.368612796068191,0.496306419372559,0.31014209985733,-0.722230136394501
0.583476364612579,0.201842963695526,0.852269887924194,0.367939621210098,0.496724933385849,0.310439676046371,-0.722157955169678
0.583824396133423,0.201974108815193,0.85236668586731,0.367677748203278,0.496947914361954,0.310791611671448,-0.721986472606659
0.584227561950684,0.202084511518478,0.852320313453674,0.367976129055023,0.496558785438538,0.310839772224426,-0.722081363201141
0.584638118743896,0.202388823032379,0.852606356143951,0.367983937263489,0.496277302503586,0.310364037752151,-0.722475588321686
0.585005164146423,0.202501907944679,0.85262668132782,0.368024498224258,0.495810180902481,0.310746222734451,-0.722611367702484
0.585407376289368,0.202568933367729,0.852644205093384,0.366377413272858,0.492201298475266,0.312508583068848,-0.725150942802429
0.585616171360016,0.202762380242348,0.852736115455627,0.367769986391068,0.496359556913376,0.312020540237427,-0.721814155578613
0.585616171360016,0.202762380242348,0.852736115455627,0.367769986391068,0.496359556913376,0.312020540237427,-0.721814155578613
0.586408913135529,0.203016459941864,0.852757215499878,0.366423338651657,0.492777436971664,0.314071953296661,-0.72406017780304
0.586589932441711,0.203194051980972,0.852818608283997,0.368272811174393,0.496414870023727,0.313106507062912,-0.721049010753632
0.586911559104919,0.203340172767639,0.852849125862122,0.368945866823196,0.496288686990738,0.313303887844086,-0.720706045627594
0.586911559104919,0.203340172767639,0.852849125862122,0.368945866823196,0.496288686990738,0.313303887844086,-0.720706045627594
0.587781488895416,0.203544080257416,0.852670907974243,0.368837177753448,0.491201639175415,0.314911156892776,-0.723540782928467
0.588154137134552,0.20367294549942,0.85267573595047,0.369845330715179,0.491029530763626,0.315379679203033,-0.722938537597656
0.588519275188446,0.203778699040413,0.85270369052887,0.369830727577209,0.491063266992569,0.316763550043106,-0.722317695617676
0.588857650756836,0.203871205449104,0.852671980857849,0.370358407497406,0.490688621997833,0.317216366529465,-0.722103297710419
0.589226245880127,0.203961238265038,0.852658629417419,0.370940446853638,0.490269362926483,0.317636668682098,-0.721904575824738
0.589703500270844,0.204075664281845,0.852649927139282,0.372004985809326,0.490602552890778,0.317138940095901,-0.721349060535431
0.590190291404724,0.204223707318306,0.852554976940155,0.373303472995758,0.489545404911041,0.316770911216736,-0.721558094024658
0.590190291404724,0.204223707318306,0.852554976940155,0.373303472995758,0.489545404911041,0.316770911216736,-0.721558094024658
0.591076374053955,0.204482942819595,0.852665543556213,0.375636339187622,0.492017507553101,0.316383242607117,-0.718830943107605
0.591424703598022,0.204490184783935,0.85235869884491,0.375834494829178,0.491592019796371,0.316688060760498,-0.718884229660034
0.589817762374878,0.205846458673477,0.852843880653381,0.403986841440201,0.499281346797943,0.313522726297378,-0.699439883232117
0.590493142604828,0.206014975905418,0.853189647197723,0.404421180486679,0.499607086181641,0.313770025968552,-0.698845386505127
0.590947210788727,0.206130594015121,0.852649331092834,0.405274271965027,0.498939573764801,0.314064025878906,-0.698695957660675
0.591599643230438,0.206373766064644,0.853036284446716,0.405662506818771,0.498762905597687,0.314883291721344,-0.698228001594543
0.592101395130157,0.206558585166931,0.853217959403992,0.405762523412704,0.498821556568146,0.315916806459427,-0.697660684585571
0.592664122581482,0.206739753484726,0.853228688240051,0.405016362667084,0.494916647672653,0.318126142024994,-0.699867904186249
0.592924535274506,0.207064092159271,0.853250920772552,0.406461298465729,0.499233812093735,0.31851589679718,-0.695774793624878
0.593538880348206,0.206357941031456,0.853531301021576,0.409096032381058,0.498233169317245,0.327918589115143,-0.690560400485992
0.594115853309631,0.207715213298798,0.853354573249817,0.406760036945343,0.492644041776657,0.32218462228775,-0.698602318763733
0.594432234764099,0.208172529935837,0.853373765945435,0.408158749341965,0.491084545850754,0.322868138551712,-0.698568999767303
0.594687581062317,0.209177523851395,0.853637993335724,0.410901844501495,0.488391190767288,0.321859687566757,-0.699313938617706
0.594906449317932,0.209885790944099,0.853919386863708,0.413784056901932,0.489615231752396,0.322151273488998,-0.696619153022766
0.594967246055603,0.210439652204513,0.854216158390045,0.414615213871002,0.483912855386734,0.324727207422256,-0.698909759521484
0.595042824745178,0.211484223604202,0.854573011398315,0.416833490133286,0.482043027877808,0.324848860502243,-0.698825895786285
0.594952404499054,0.212519779801369,0.85506397485733,0.418797492980957,0.478009104728699,0.32648378610611,-0.699660301208496
0.594766676425934,0.213661566376686,0.855414807796478,0.423497676849365,0.478646546602249,0.326122045516968,-0.696556985378265
0.594796001911163,0.215007603168487,0.856542587280273,0.423018097877502,0.470784902572632,0.328020751476288,-0.701298594474792
0.595386445522308,0.21573606133461,0.856817305088043,0.41040900349617,0.463855445384979,0.331848621368408,-0.711532831192017
0.593961238861084,0.21806700527668,0.858593165874481,0.431685894727707,0.466972202062607,0.328954875469208,-0.698121070861816
0.593171060085297,0.216698825359344,0.859806895256042,0.410789728164673,0.445699393749237,0.343125194311142,-0.717543661594391
0.592515110969543,0.219679623842239,0.859591960906982,0.416660249233246,0.44790643453598,0.335044533014297,-0.716602504253387
0.591485738754272,0.221373349428177,0.861060857772827,0.416455030441284,0.43487361073494,0.336142003536224,-0.724195241928101
0.591078996658325,0.223437145352364,0.862327933311462,0.424315601587295,0.438561171293259,0.33674618601799,-0.717092990875244
0.590166568756104,0.225310534238815,0.863565266132355,0.42473977804184,0.427957087755203,0.337677299976349,-0.722788214683533
0.589666128158569,0.228749841451645,0.865556716918945,0.446235597133636,0.434510111808777,0.338272839784622,-0.705440402030945
0.588226854801178,0.229102700948715,0.866920113563538,0.428330779075623,0.417211651802063,0.343734890222549,-0.724095046520233
0.587948203086853,0.233097538352013,0.868995070457458,0.448256283998489,0.414956212043762,0.341018497943878,-0.714551687240601
0.586877286434174,0.235104009509087,0.870845556259155,0.454766094684601,0.406979322433472,0.342469811439514,-0.714331865310669
0.585434913635254,0.238500192761421,0.871799111366272,0.459228247404099,0.398641258478165,0.336155146360397,-0.719162344932556
0.584165930747986,0.240769848227501,0.873649120330811,0.46115505695343,0.388974159955978,0.335433542728424,-0.723546385765076
0.583304703235626,0.24288047850132,0.87654447555542,0.463432431221008,0.387281388044357,0.343167811632156,-0.719360411167145
0.581841945648193,0.245083048939705,0.878697216510773,0.464818805456161,0.377249926328659,0.344107538461685,-0.723336815834045
0.580457508563995,0.246990993618965,0.87983250617981,0.456866174936295,0.367439717054367,0.347699612379074,-0.731687307357788
0.579349935054779,0.248945668339729,0.8819460272789,0.459778636693954,0.361518532037735,0.352870434522629,-0.730335891246796
0.577981650829315,0.25161674618721,0.883952796459198,0.462307423353195,0.354900568723679,0.353849679231644,-0.731510639190674
0.576757609844208,0.254252225160599,0.885924100875854,0.465311884880066,0.348605781793594,0.354673981666565,-0.732233047485352
0.575222730636597,0.257271766662598,0.887689173221588,0.465082615613937,0.340751379728317,0.352441817522049,-0.737137317657471
0.574092626571655,0.259778022766113,0.889655590057373,0.470973610877991,0.335909426212311,0.355736762285232,-0.734030067920685
0.572539269924164,0.262784868478775,0.891479969024658,0.469855099916458,0.328075468540192,0.352959483861923,-0.739609658718109
0.571240484714508,0.265574008226395,0.893375337123871,0.473153948783875,0.323762267827988,0.355473041534424,-0.738202154636383
0.569332897663116,0.268347084522247,0.894795656204224,0.480196297168732,0.315743505954742,0.35420161485672,-0.737738907337189
0.568075180053711,0.27152207493782,0.897643685340881,0.473118871450424,0.314648658037186,0.354095876216888,-0.742812871932983
0.566608190536499,0.275613933801651,0.899932503700256,0.493215024471283,0.312232106924057,0.349004715681076,-0.733106911182404
0.565150737762451,0.278291881084442,0.901700556278229,0.493372976779938,0.30497619509697,0.350256711244583,-0.735454320907593
0.563461065292358,0.279946595430374,0.902220487594604,0.479287266731262,0.293707996606827,0.357129961252213,-0.745974242687225
0.561970233917236,0.282692700624466,0.904004633426666,0.48310112953186,0.28756856918335,0.357076168060303,-0.74593186378479
0.560398101806641,0.28614154458046,0.906530261039734,0.498444348573685,0.284481853246689,0.352322638034821,-0.739251136779785
0.558558166027069,0.287892550230026,0.90702486038208,0.483777195215225,0.273219257593155,0.360330104827881,-0.749315202236176
0.556862056255341,0.29047617316246,0.908484220504761,0.48621729016304,0.267308741807938,0.361081391572952,-0.749505937099457
0.555022358894348,0.293034195899963,0.909746885299683,0.488815635442734,0.260222285985947,0.362567871809006,-0.749592125415802
0.553091824054718,0.295692712068558,0.91132926940918,0.488984853029251,0.254654765129089,0.363941133022308,-0.750727295875549
0.551339983940125,0.298814505338669,0.91343480348587,0.501981675624847,0.252014011144638,0.360092371702194,-0.744873821735382
0.549273073673248,0.301711469888687,0.914916038513184,0.50760018825531,0.247082576155663,0.359648913145065,-0.742930054664612
0.547676205635071,0.304196745157242,0.916808426380158,0.508266866207123,0.243786677718163,0.359853386878967,-0.74346387386322
0.545904874801636,0.306880950927734,0.917170643806458,0.507046818733215,0.237625062465668,0.361944049596786,-0.745274662971497
0.543468832969666,0.309180527925491,0.919121742248535,0.511902093887329,0.232354879379272,0.360976427793503,-0.744085729122162
0.543468832969666,0.309180527925491,0.919121742248535,0.511902093887329,0.232354879379272,0.360976427793503,-0.744085729122162
0.53906774520874,0.314332723617554,0.921719789505005,0.51522034406662,0.224340483546257,0.360872864723206,-0.744305193424225
0.536903023719788,0.316610753536224,0.921749234199524,0.509014308452606,0.218256860971451,0.364503860473633,-0.748602271080017
0.534187734127045,0.318820983171463,0.922772407531738,0.509617984294891,0.21278390288353,0.365692615509033,-0.749187350273132
0.531906127929688,0.320887476205826,0.923380494117737,0.503474056720734,0.207967698574066,0.3692646920681,-0.752932369709015
0.529333591461182,0.322895407676697,0.924298107624054,0.502098381519318,0.203387036919594,0.370194494724274,-0.754643738269806
0.526161134243011,0.32509046792984,0.925986051559448,0.507194399833679,0.200882732868194,0.369840413331985,-0.752075910568237
0.523232400417328,0.327083826065063,0.926530718803406,0.505823135375977,0.195811614394188,0.371662169694901,-0.753437638282776
0.520417451858521,0.32894092798233,0.927195608615875,0.505228698253632,0.192184999585152,0.37389287352562,-0.753666520118713
0.517435073852539,0.329925775527954,0.926502227783203,0.489971160888672,0.182859614491463,0.383039385080338,-0.761427342891693
0.515121817588806,0.332658857107162,0.927774012088776,0.504140913486481,0.183711990714073,0.378104567527771,-0.754406213760376
0.511790096759796,0.334462761878967,0.928240299224854,0.504487931728363,0.180153548717499,0.37880864739418,-0.754679203033447
0.511790096759796,0.334462761878967,0.928240299224854,0.504487931728363,0.180153548717499,0.37880864739418,-0.754679203033447
0.505191206932068,0.338242143392563,0.929186105728149,0.505796611309052,0.180714517831802,0.383807301521301,-0.751135110855103
0.501842141151428,0.339920252561569,0.929121732711792,0.504086554050446,0.177486211061478,0.386207431554794,-0.751823961734772
0.499037683010101,0.341881066560745,0.927464842796326,0.511523246765137,0.170403823256493,0.381572514772415,-0.750805497169495
0.495105147361755,0.343404650688171,0.928800582885742,0.508807837963104,0.175161257386207,0.389677256345749,-0.747385382652283
0.495105147361755,0.343404650688171,0.928800582885742,0.508807837963104,0.175161257386207,0.389677256345749,-0.747385382652283
0.487682223320007,0.346210181713104,0.92836344242096,0.513644278049469,0.173171326518059,0.394873827695847,-0.741792380809784
0.484286069869995,0.347814977169037,0.92687463760376,0.519049406051636,0.167065441608429,0.391887009143829,-0.741013824939728
0.480309277772903,0.349138736724854,0.927803337574005,0.51982045173645,0.173790574073792,0.399238020181656,-0.734977960586548
0.476297974586487,0.350146055221558,0.927357912063599,0.519458413124084,0.174247145652771,0.402188032865524,-0.733516037464142
0.472926199436188,0.351459681987762,0.926660060882568,0.523045241832733,0.175785928964615,0.403765588998795,-0.729723513126373
0.46926936507225,0.352593153715134,0.926276445388794,0.520115852355957,0.178108334541321,0.406556785106659,-0.72970449924469
0.464904069900513,0.353191256523132,0.925430059432983,0.520647823810577,0.175306215882301,0.406568467617035,-0.729997098445892
0.461561918258667,0.35401850938797,0.924593806266785,0.518824756145477,0.177408337593079,0.409174203872681,-0.729330956935883
0.457353711128235,0.354537338018417,0.923995316028595,0.515590846538544,0.178363084793091,0.412499457597732,-0.729518353939056
0.45351505279541,0.355124861001968,0.922706425189972,0.515117466449738,0.176999360322952,0.413463711738586,-0.729638993740082
0.450587272644043,0.369787216186523,0.936695754528046,0.322673082351685,0.309610366821289,0.405944764614105,-0.797014713287354
0.450587272644043,0.369787216186523,0.936695754528046,0.322673082351685,0.309610366821289,0.405944764614105,-0.797014713287354
0.439995735883713,0.354400366544724,0.917678713798523,0.524969041347504,0.16087007522583,0.418084621429443,-0.723694443702698
0.436738848686218,0.35621252655983,0.915202379226685,0.504939556121826,0.162702605128288,0.413746386766434,-0.739849925041199
0.433996081352234,0.357992172241211,0.914961755275726,0.50754588842392,0.171572476625443,0.406677305698395,-0.739982187747955
0.429571568965912,0.359501659870148,0.91657143831253,0.476389020681381,0.192882984876633,0.418848693370819,-0.748609185218811
0.425784438848495,0.359917134046555,0.912324905395508,0.476189374923706,0.177421554923058,0.411335319280624,-0.756682693958282
0.421900928020477,0.361586719751358,0.911493003368378,0.47470235824585,0.177844271063805,0.403950899839401,-0.761480808258057
0.417071521282196,0.362576603889465,0.912633717060089,0.440575778484344,0.190245270729065,0.417142599821091,-0.77181077003479
0.413892149925232,0.365190118551254,0.907759189605713,0.450445502996445,0.174405872821808,0.391730129718781,-0.783089280128479
0.409545838832855,0.366730630397797,0.907191455364227,0.440185904502869,0.166489467024803,0.392411053180695,-0.790272891521454
0.405235052108765,0.369040131568909,0.90730619430542,0.442007035017013,0.166502386331558,0.387859672307968,-0.791499674320221
0.400875985622406,0.371042191982269,0.907095551490784,0.439989387989044,0.1690224558115,0.385992228984833,-0.793001055717468
0.396246016025543,0.373127520084381,0.907092928886414,0.437087804079056,0.164733126759529,0.385857254266739,-0.795569956302643
0.391201615333557,0.375298380851746,0.907364785671234,0.430847972631454,0.152932614088058,0.3901626765728,-0.799221336841583
0.386638849973679,0.377824425697327,0.907622158527374,0.43417039513588,0.154529541730881,0.389097183942795,-0.797634065151215
0.386638849973679,0.377824425697327,0.907622158527374,0.43417039513588,0.154529541730881,0.389097183942795,-0.797634065151215
0.376716375350952,0.382767528295517,0.908501982688904,0.431472837924957,0.138087227940559,0.394315361976623,-0.799549043178558
0.371408671140671,0.384514719247818,0.908501386642456,0.422364503145218,0.129229888319969,0.399739354848862,-0.803191363811493
0.366248428821564,0.386892557144165,0.908970594406128,0.422981709241867,0.123307585716248,0.399248689413071,-0.8040412068367
0.361024886369705,0.389739364385605,0.910149335861206,0.429577708244324,0.121226072311401,0.393110036849976,-0.803885400295258
0.355490744113922,0.391514867544174,0.9102783203125,0.417767494916916,0.114621087908745,0.393770843744278,-0.810726165771484
0.349256277084351,0.393697082996368,0.913376808166504,0.398963063955307,0.124477349221706,0.400185346603393,-0.815589070320129
0.343729317188263,0.395747691392899,0.915643870830536,0.378558963537216,0.129211083054543,0.400815337896347,-0.824223697185516
0.338466048240662,0.398554652929306,0.916950404644012,0.379644691944122,0.13422155380249,0.391145169734955,-0.827562689781189
0.333299428224564,0.400728225708008,0.917284309864044,0.368869423866272,0.135039761662483,0.383427768945694,-0.83587259054184
0.327654391527176,0.402780383825302,0.917606234550476,0.354673057794571,0.136183187365532,0.377794295549393,-0.844353377819061
0.322515487670898,0.405173152685165,0.91821300983429,0.351996511220932,0.136345848441124,0.367337435483932,-0.850042104721069
0.322515487670898,0.405173152685165,0.91821300983429,0.351996511220932,0.136345848441124,0.367337435483932,-0.850042104721069
0.312083721160889,0.408807992935181,0.917787790298462,0.332042545080185,0.137232273817062,0.356266111135483,-0.862548291683197
0.30700010061264,0.410483747720718,0.91766345500946,0.31998485326767,0.136167198419571,0.351804792881012,-0.86908084154129
0.301519602537155,0.412056416273117,0.913927912712097,0.331597685813904,0.120022311806679,0.335229128599167,-0.873647034168243
0.301519602537155,0.412056416273117,0.913927912712097,0.331597685813904,0.120022311806679,0.335229128599167,-0.873647034168243
0.292691349983215,0.415270328521729,0.915382862091064,0.300172716379166,0.148295685648918,0.336938768625259,-0.879986941814423
0.287748277187347,0.416666895151138,0.914908230304718,0.295221358537674,0.144778519868851,0.332814514636993,-0.88380891084671
0.287748277187347,0.416666895151138,0.914908230304718,0.295221358537674,0.144778519868851,0.332814514636993,-0.88380891084671
0.278950810432434,0.419401586055756,0.912548184394836,0.28561669588089,0.158872961997986,0.326031893491745,-0.887065887451172
0.275560140609741,0.421875119209289,0.909809231758118,0.283257335424423,0.158570498228073,0.312989890575409,-0.892557084560394
0.270458459854126,0.421345829963684,0.909013152122498,0.263203710317612,0.157312303781509,0.326964229345322,-0.893907725811005
0.270458459854126,0.421345829963684,0.909013152122498,0.263203710317612,0.157312303781509,0.326964229345322,-0.893907725811005
0.262839078903198,0.423708111047745,0.905698120594025,0.249007269740105,0.172734558582306,0.32406222820282,-0.89618182182312
0.259092777967453,0.424691468477249,0.903463125228882,0.240232244133949,0.176754266023636,0.324370741844177,-0.897680401802063
0.255462288856506,0.425420612096786,0.901244580745697,0.236370339989662,0.180961608886719,0.325602859258652,-0.897421181201935
0.255462288856506,0.425420612096786,0.901244580745697,0.236370339989662,0.180961608886719,0.325602859258652,-0.897421181201935
0.249068766832352,0.427883476018906,0.89740252494812,0.229699209332466,0.19565923511982,0.323203206062317,-0.8969367146492
0.245734676718712,0.428506791591644,0.894733011722565,0.224167674779892,0.195701315999031,0.325345784425735,-0.897552192211151
0.242927193641663,0.429273426532745,0.892720937728882,0.217651277780533,0.201217144727707,0.327719926834106,-0.897072553634644
0.240134939551353,0.430149585008621,0.890783190727234,0.216948494315147,0.203356996178627,0.326718717813492,-0.897125482559204
0.238250210881233,0.431803375482559,0.887500405311584,0.2229263484478,0.207346200942993,0.319628566503525,-0.897300958633423
0.235807076096535,0.432552993297577,0.885346949100494,0.220524325966835,0.212378978729248,0.320188224315643,-0.89651757478714
0.233412653207779,0.433180421590805,0.883479654788971,0.21908737719059,0.218501895666122,0.319428682327271,-0.895669043064117
0.230337917804718,0.43279904127121,0.882845997810364,0.207777976989746,0.229237705469131,0.328001797199249,-0.89257675409317
0.22808338701725,0.433372646570206,0.880816698074341,0.204723671078682,0.234000891447067,0.327376306056976,-0.892276108264923
0.226711049675941,0.434776723384857,0.877893805503845,0.213312581181526,0.238595604896545,0.315936952829361,-0.893170595169067
0.224101990461349,0.434278070926666,0.876999855041504,0.199472203850746,0.246276721358299,0.322591483592987,-0.891904413700104
0.222099155187607,0.433857649564743,0.875198185443878,0.194370597600937,0.246992588043213,0.325051218271255,-0.891939699649811
0.220486089587212,0.434126734733581,0.873679995536804,0.194364979863167,0.252057820558548,0.32403501868248,-0.89089298248291
0.21889317035675,0.434344470500946,0.871779918670654,0.187390685081482,0.253765910863876,0.322809934616089,-0.892346024513245
0.217180356383324,0.434082001447678,0.869955718517303,0.181777879595757,0.255875527858734,0.322810620069504,-0.892904162406921
0.215925082564354,0.434291630983353,0.868470430374146,0.180176377296448,0.258840560913086,0.321431308984756,-0.892871737480164
0.214312076568603,0.433952033519745,0.866718471050262,0.174871489405632,0.259286165237427,0.320019334554672,-0.894303262233734
0.21366947889328,0.434665143489838,0.864108443260193,0.183815568685532,0.25974491238594,0.310478359460831,-0.89573860168457
0.21156357228756,0.433523505926132,0.863805890083313,0.166699320077896,0.263460278511047,0.318491101264954,-0.895189046859741
0.210724949836731,0.433924227952957,0.862184882164001,0.160786375403404,0.263977378606796,0.317371398210526,-0.896514892578125
0.209551274776459,0.433935850858688,0.86112105846405,0.159298062324524,0.267493307590485,0.314844816923141,-0.896629333496094
0.208389669656754,0.433159112930298,0.859769105911255,0.150186762213707,0.267405480146408,0.31283563375473,-0.898928284645081
0.20801018178463,0.433791875839233,0.857625067234039,0.158746406435966,0.266237527132034,0.303244441747665,-0.901088297367096
0.206902578473091,0.433176040649414,0.856668710708618,0.14974182844162,0.268604665994644,0.299981296062469,-0.903017222881317
0.205932855606079,0.432519525289536,0.855793416500092,0.139833107590675,0.271694660186768,0.295269787311554,-0.905231833457947
0.204945802688599,0.4318408370018,0.854897975921631,0.130656898021698,0.273433685302734,0.291004925966263,-0.90745747089386
0.204065442085266,0.43103289604187,0.854078054428101,0.120871946215629,0.27562814950943,0.285998910665512,-0.90973836183548
0.202515378594398,0.430504500865936,0.854220509529114,0.103539876639843,0.276745915412903,0.285564333200455,-0.911671102046967
0.202585563063621,0.43010613322258,0.853094279766083,0.104575403034687,0.272697180509567,0.282775431871414,-0.913640201091766
0.20158340036869,0.429419070482254,0.853099286556244,0.0936599671840667,0.273332327604294,0.280353039503097,-0.915379464626312
0.200558811426163,0.429043233394623,0.853414714336395,0.0838107988238334,0.278723388910294,0.274423182010651,-0.916504740715027
0.200953736901283,0.428698658943176,0.852740824222565,0.0855250358581543,0.276486039161682,0.272053241729736,-0.917729794979096
0.199680581688881,0.428235113620758,0.853565454483032,0.0671671256422996,0.280377745628357,0.269227623939514,-0.918908894062042
0.199759781360626,0.427838623523712,0.85358452796936,0.0638685896992683,0.280927270650864,0.266063660383224,-0.919897198677063
0.199240207672119,0.4278165102005,0.85436350107193,0.0524693764746189,0.283971786499023,0.26235219836235,-0.920748829841614
0.199205696582794,0.427774399518967,0.854945659637451,0.0471819564700126,0.285271495580673,0.258765667676926,-0.921647727489471
0.199431836605072,0.427778422832489,0.855518102645874,0.0442834682762622,0.285741895437241,0.255288928747177,-0.922614872455597
0.199078112840652,0.427964419126511,0.8568075299263,0.0325852967798709,0.287953913211823,0.250371485948563,-0.923761188983917
0.199990689754486,0.428224742412567,0.857276022434235,0.0376528240740299,0.287213236093521,0.247289091348648,-0.924629032611847
0.199968487024307,0.428569316864014,0.858740568161011,0.0293565411120653,0.289361238479614,0.241587325930595,-0.92576664686203
0.199591338634491,0.429041773080826,0.860901355743408,0.0133786536753177,0.292522817850113,0.234952315688133,-0.926848948001862
0.199584230780602,0.42922630906105,0.862572193145752,0.0072118281386792,0.290805339813232,0.222038805484772,-0.930633783340454
0.199944794178009,0.429878652095795,0.864571690559387,0.0032628981862217,0.297082036733627,0.221543461084366,-0.928789615631104
0.201039478182793,0.43057319521904,0.866105556488037,0.0068096322938799,0.297064453363419,0.215757086873055,-0.930137276649475
0.200793787837029,0.43096461892128,0.86883956193924,-0.0105090895667672,0.293674051761627,0.203497648239136,-0.93393462896347
0.201326191425323,0.431643098592758,0.87121170759201,-0.0176572035998106,0.294230610132217,0.197269663214684,-0.934987306594849
0.201955765485763,0.432120859622955,0.87368255853653,-0.0221375171095132,0.295521467924118,0.192357704043388,-0.935508191585541
0.202733874320984,0.432776063680649,0.876232147216797,-0.0275791175663471,0.294690072536469,0.186572536826134,-0.936796605587006
0.203504502773285,0.433588892221451,0.878964960575104,-0.0327898152172565,0.295650810003281,0.18115670979023,-0.937388777732849
0.204350635409355,0.434052258729935,0.88154274225235,-0.0396453700959682,0.293298631906509,0.177118346095085,-0.938633739948273
0.205184131860733,0.435551583766937,0.884798526763916,-0.0450798906385898,0.292767763137817,0.170424953103065,-0.939792692661285
0.206600680947304,0.436133503913879,0.887622475624084,-0.0467712394893169,0.291044116020203,0.169016569852829,-0.940499424934387
0.208009824156761,0.437078177928925,0.89165872335434,-0.0553873628377914,0.290836691856384,0.168813303112984,-0.940132081508636
0.209380581974983,0.438330262899399,0.89490807056427,-0.0591683760285377,0.286865532398224,0.165873691439629,-0.94164389371872
0.210812121629715,0.439592838287354,0.89838045835495,-0.0606414638459682,0.285055905580521,0.163377180695534,-0.942535758018494
0.212357312440872,0.44086354970932,0.901893734931946,-0.0623196549713611,0.281119972467422,0.161873295903206,-0.943866968154907
0.213677644729614,0.443085461854935,0.90492832660675,-0.0541745722293853,0.282405167818069,0.163823530077934,-0.943649411201477
0.215388268232345,0.444424450397491,0.908750474452972,-0.0558122955262661,0.279535859823227,0.162868797779083,-0.944573223590851
0.2172661870718,0.445916593074799,0.912659883499146,-0.0569263584911823,0.274952560663223,0.160828232765198,-0.946200132369995
0.219109863042831,0.447389453649521,0.916718423366547,-0.059620201587677,0.270815521478653,0.159318372607231,-0.947482109069824
0.221159622073173,0.448839217424393,0.92080169916153,-0.061058159917593,0.266504228115082,0.158251717686653,-0.948790729045868
0.223231494426727,0.450419217348099,0.924989342689514,-0.0630485787987709,0.26274049282074,0.156890287995338,-0.949935734272003
0.225355461239815,0.451920121908188,0.929212152957916,-0.0652583464980125,0.258541941642761,0.156426534056664,-0.951014339923859
0.227457225322723,0.453541547060013,0.933698534965515,-0.068202793598175,0.254998117685318,0.15509732067585,-0.951981723308563
0.229705765843391,0.455278843641281,0.938060700893402,-0.069900281727314,0.252150684595108,0.155928760766983,-0.952481091022492
0.232029035687447,0.457031965255737,0.942590475082398,-0.0714867785573005,0.248186886310577,0.156025409698486,-0.953388214111328
0.234366297721863,0.458696901798248,0.947085022926331,-0.071411594748497,0.243469730019569,0.157982617616653,-0.95428740978241
0.23696593940258,0.460451662540436,0.951628684997559,-0.0718576684594154,0.241860181093216,0.160241737961769,-0.954286575317383
0.239425301551819,0.462408691644669,0.956356525421143,-0.0695536062121391,0.23758926987648,0.162013202905655,-0.955230593681335
0.241947308182716,0.464224398136139,0.961196899414062,-0.0683362707495689,0.236140519380569,0.164276584982872,-0.955291092395782
0.241947308182716,0.464224398136139,0.961196899414062,-0.0683362707495689,0.236140519380569,0.164276584982872,-0.955291092395782
0.247338280081749,0.467853426933289,0.970541059970856,-0.064267911016941,0.234744891524315,0.168669581413269,-0.955151855945587
0.250305235385895,0.469883233308792,0.97523158788681,-0.0626409575343132,0.227911278605461,0.17204612493515,-0.95631206035614
0.253112018108368,0.471715927124023,0.979938387870789,-0.0591675527393817,0.223394975066185,0.175133392214775,-0.957038283348084
0.256389796733856,0.473581165075302,0.984502255916596,-0.0542560219764709,0.221949607133865,0.177960112690926,-0.95714408159256
0.259529292583466,0.475554645061493,0.989201188087463,-0.0507899336516857,0.21915565431118,0.179124653339386,-0.957760691642761
0.262631505727768,0.477438449859619,0.993818163871765,-0.0482858605682849,0.215244188904762,0.180896639823913,-0.958443999290466
0.266056954860687,0.478975474834442,0.99835866689682,-0.0450347475707531,0.212122052907944,0.183537662029266,-0.958796203136444
0.269630342721939,0.480020850896835,1.00281739234924,-0.0436969585716724,0.208843499422073,0.188811495900154,-0.958553731441498
0.272874414920807,0.481684923171997,1.00749778747559,-0.0396248362958431,0.208120837807655,0.189519673585892,-0.95874810218811
0.276179611682892,0.483010917901993,1.0120370388031,-0.0357988663017749,0.213297992944717,0.188261270523071,-0.958008408546448
0.279587894678116,0.484200447797775,1.0162113904953,-0.035258449614048,0.203184798359871,0.192139700055122,-0.959455609321594
0.282782912254333,0.485763281583786,1.02064597606659,-0.0281003657728433,0.20678885281086,0.190097391605377,-0.959328889846802
0.286033391952515,0.486908555030823,1.02478575706482,-0.0262997429817914,0.198435798287392,0.192206382751465,-0.960722804069519
0.286033391952515,0.486908555030823,1.02478575706482,-0.0262997429817914,0.198435798287392,0.192206382751465,-0.960722804069519
0.293324321508408,0.488589227199554,1.03294241428375,-0.0141595238819718,0.196356192231178,0.196178197860718,-0.960602879524231
0.296628892421722,0.489621222019196,1.03694009780884,-0.0055011375807225,0.192674487829208,0.198227137327194,-0.961016297340393
0.299984872341156,0.490330457687378,1.04093515872955,0.0070048277266323,0.189135208725929,0.200598001480103,-0.961217641830444
0.303289294242859,0.491183757781982,1.04468321800232,0.0146227162331342,0.182953357696533,0.204195931553841,-0.961570799350738
0.306484997272491,0.491737931966782,1.04826784133911,0.0225029289722442,0.173164457082748,0.209418445825577,-0.962107956409454
0.30950927734375,0.492534875869751,1.0517475605011,0.035614188760519,0.175911173224449,0.207899749279022,-0.961542785167694
0.312361538410187,0.492930471897125,1.05520868301392,0.043794821947813,0.166252493858337,0.213464766740799,-0.961704254150391
0.315407454967499,0.493215560913086,1.05860149860382,0.0562433078885078,0.170730143785477,0.214675754308701,-0.960001230239868
0.318417876958847,0.493043929338455,1.06187641620636,0.0653351917862892,0.161478757858276,0.223207384347916,-0.959080040454864
0.321135103702545,0.49291718006134,1.06494474411011,0.0796093791723251,0.159633487462997,0.227163702249527,-0.957379877567291
0.324003130197525,0.4928979575634,1.0677901506424,0.0942595824599266,0.164294391870499,0.228347897529602,-0.954976320266724
0.326627612113953,0.492741733789444,1.07030010223389,0.107184268534184,0.160748705267906,0.232005402445793,-0.953333616256714
0.329140543937683,0.49238458275795,1.07264637947083,0.120518438518047,0.158431589603424,0.236594587564468,-0.950998365879059
0.331526458263397,0.491964399814606,1.07487106323242,0.132578149437904,0.155439928174019,0.240375325083733,-0.948936879634857
0.333658814430237,0.491220235824585,1.07679724693298,0.146408945322037,0.145781576633453,0.246268197894096,-0.946923553943634
0.335785865783691,0.490917026996612,1.07859635353088,0.163627415895462,0.149227231740952,0.245311707258224,-0.943811118602753
0.338037550449371,0.489954829216003,1.08071565628052,0.179260417819023,0.14737431704998,0.251407861709595,-0.939649224281311
0.339987277984619,0.488871157169342,1.08218765258789,0.195381596684456,0.144584104418754,0.256155490875244,-0.935577809810638
0.341742187738419,0.487773507833481,1.08380281925201,0.214381709694862,0.142855852842331,0.260054707527161,-0.930593550205231
0.343756556510925,0.486509680747986,1.08554124832153,0.227223619818687,0.141627609729767,0.267614871263504,-0.925577342510223
0.345246821641922,0.485391169786453,1.08570528030396,0.246782511472702,0.133637025952339,0.26949480175972,-0.921201467514038
0.346802294254303,0.48442280292511,1.08665406703949,0.273033231496811,0.131512776017189,0.269782930612564,-0.913988173007965
0.348207890987396,0.482414126396179,1.0869243144989,0.28751215338707,0.120076946914196,0.276567786931992,-0.909081101417542
0.350504815578461,0.480924785137177,1.08684945106506,0.309720069169998,0.115347735583782,0.277476668357849,-0.902094900608063
0.351809442043304,0.479332983493805,1.08766889572144,0.335551410913467,0.121295981109142,0.2754085958004,-0.892660439014435
0.351968854665756,0.476178854703903,1.08928370475769,0.348714292049408,0.121513739228249,0.27836012840271,-0.886650145053864
0.351968854665756,0.476178854703903,1.08928370475769,0.348714292049408,0.121513739228249,0.27836012840271,-0.886650145053864
0.352386474609375,0.471357494592667,1.08671593666077,0.39563661813736,0.105807259678841,0.27405259013176,-0.870156109333038
0.354147762060165,0.467991977930069,1.08932197093964,0.392391294240951,0.118123449385166,0.287409037351608,-0.865720510482788
0.354147762060165,0.467991977930069,1.08932197093964,0.392391294240951,0.118123449385166,0.287409037351608,-0.865720510482788
0.354815483093262,0.461613535881042,1.08926653862,0.411206722259521,0.120746299624443,0.288515269756317,-0.856205761432648
0.353380471467972,0.458702027797699,1.08655679225922,0.433127075433731,0.106286942958832,0.273135334253311,-0.852350413799286
0.354906260967255,0.454724222421646,1.0890486240387,0.425150841474533,0.121601663529873,0.277792155742645,-0.852813839912415
0.354661405086517,0.450752347707748,1.08649337291718,0.437505543231964,0.112811259925365,0.281838297843933,-0.846421778202057
0.354151666164398,0.446700751781464,1.08738136291504,0.440163195133209,0.113371841609478,0.286757379770279,-0.843311011791229
0.353901207447052,0.442718625068664,1.08678293228149,0.449572801589966,0.112985208630562,0.285862386226654,-0.838690280914307
0.352568447589874,0.438594192266464,1.08393335342407,0.48152682185173,0.0982718095183372,0.271579325199127,-0.827477693557739
0.351656317710876,0.434893131256104,1.08356845378876,0.4901262819767,0.0912476107478141,0.266611576080322,-0.824844539165497
0.350653171539307,0.43058443069458,1.08260977268219,0.500277400016785,0.0924304649233818,0.270567148923874,-0.817295968532562
0.349894523620605,0.426341682672501,1.08184814453125,0.51362556219101,0.0908512100577354,0.268706738948822,-0.809772610664368
0.348991900682449,0.421820640563965,1.08111429214478,0.523998439311981,0.0893619880080223,0.26902574300766,-0.803159594535828
0.348991900682449,0.421820640563965,1.08111429214478,0.523998439311981,0.0893619880080223,0.26902574300766,-0.803159594535828
0.346310317516327,0.412508398294449,1.07924914360046,0.537740647792816,0.084483653306961,0.272342920303345,-0.793427348136902
0.346540719270706,0.407901793718338,1.08120059967041,0.529063940048218,0.101125322282314,0.288023144006729,-0.791775166988373
0.345129132270813,0.402969211339951,1.08038091659546,0.535129070281982,0.0996442735195159,0.28985658288002,-0.787204623222351
0.344084411859512,0.398705184459686,1.07865858078003,0.540511012077332,0.0956793129444122,0.284314095973969,-0.786040067672729
0.340612947940826,0.393374085426331,1.07569634914398,0.55919736623764,0.076808676123619,0.275108069181442,-0.778276562690735
0.340611934661865,0.389009743928909,1.07620179653168,0.548372447490692,0.0887319445610046,0.286175906658173,-0.780716180801392
0.33926710486412,0.384596139192581,1.07543933391571,0.553219556808472,0.0891605913639068,0.285048514604568,-0.77765417098999
0.33733057975769,0.379737168550491,1.07409286499023,0.558780193328857,0.0854880958795547,0.285697430372238,-0.773843348026276
0.335900127887726,0.375202208757401,1.07474148273468,0.557208061218262,0.0944842547178268,0.29436844587326,-0.770674526691437
0.334203451871872,0.370592534542084,1.07385337352753,0.562059760093689,0.0942671149969101,0.295761853456497,-0.766633868217468
0.332441985607147,0.366081446409225,1.07154321670532,0.571182250976562,0.0869155600666999,0.290346831083298,-0.762820601463318
0.330945432186127,0.361615836620331,1.07085955142975,0.574175655841827,0.0894442275166511,0.291908055543899,-0.759678721427917
0.32915872335434,0.356843203306198,1.07117581367493,0.577795684337616,0.0955739989876747,0.298207253217697,-0.753717601299286
0.327514737844467,0.35216560959816,1.07031095027924,0.58617240190506,0.0953217446804046,0.296669900417328,-0.747865438461304
0.324032992124557,0.344511568546295,1.06630158424377,0.618596911430359,0.0673480480909347,0.289763301610947,-0.727213442325592
0.32372921705246,0.342647939920425,1.06830751895905,0.595164477825165,0.095238447189331,0.297964096069336,-0.740220427513123
0.321993589401245,0.338049113750458,1.06758666038513,0.597639620304108,0.096570573747158,0.298355609178543,-0.737892270088196
0.320352613925934,0.333626598119736,1.06721496582031,0.599028706550598,0.100842371582985,0.300246685743332,-0.735423266887665
0.318401426076889,0.328703820705414,1.06601989269257,0.605886340141296,0.0976824313402175,0.298179596662521,-0.731060147285461
0.316638588905334,0.324088603258133,1.0654274225235,0.60892790555954,0.0986877903342247,0.29866424202919,-0.728194653987885
0.314909040927887,0.31955087184906,1.0646196603775,0.611462950706482,0.0988377630710601,0.297990620136261,-0.726323425769806
0.313901662826538,0.315282493829727,1.06365132331848,0.611225426197052,0.100515708327293,0.29609352350235,-0.727068722248077
0.311551183462143,0.310124278068542,1.06355023384094,0.619158864021301,0.0996481701731681,0.298226535320282,-0.719564735889435
0.30869534611702,0.302980035543442,1.06088781356812,0.646836400032043,0.0761589631438255,0.29039254784584,-0.701052665710449
0.30689263343811,0.298368245363235,1.06026339530945,0.647125005722046,0.0762493386864662,0.292538702487946,-0.699883103370667
0.305290073156357,0.293863594532013,1.05983710289001,0.649747490882874,0.076856642961502,0.292360305786133,-0.697457313537598
0.30389016866684,0.289607256650925,1.05926096439362,0.650994837284088,0.0777964890003204,0.291430324316025,-0.696578741073608
0.302332460880279,0.285159200429916,1.05888116359711,0.653369188308716,0.0784016847610473,0.291274607181549,-0.694349467754364
0.300787389278412,0.280672401189804,1.05856156349182,0.656017065048218,0.0792693793773651,0.291701555252075,-0.69156950712204
0.299427449703216,0.276351809501648,1.05840599536896,0.659868717193604,0.080142006278038,0.290712803602219,-0.688212752342224
0.297785401344299,0.271926194429398,1.05799245834351,0.660526275634766,0.0800001472234726,0.291930437088013,-0.687082052230835
0.296413421630859,0.267903089523315,1.05765962600708,0.661798536777496,0.0812507271766662,0.29034823179245,-0.686381042003632
0.294963121414185,0.263555198907852,1.05744755268097,0.664157569408417,0.0810260698199272,0.290276855230331,-0.684155583381653
0.29296737909317,0.258799016475677,1.05708289146423,0.658817887306213,0.0791253894567489,0.295885115861893,-0.687132060527802
0.291641771793365,0.253913760185242,1.05710220336914,0.656705677509308,0.0775540918111801,0.299512386322021,-0.687761127948761
0.290223211050034,0.24991363286972,1.05721962451935,0.658978044986725,0.0779726132750511,0.300034999847412,-0.68530809879303
0.288923025131226,0.246032923460007,1.05717408657074,0.65966534614563,0.0787037461996078,0.299277365207672,-0.684894621372223
0.287529677152634,0.242109879851341,1.05724573135376,0.661639928817749,0.0786363407969474,0.299218147993088,-0.683020889759064
0.286819338798523,0.239638313651085,1.0575258731842,-0.676780760288239,-0.0830652490258216,-0.288161218166351,0.672332644462585
0.285014450550079,0.234758019447327,1.05753374099731,0.666209936141968,0.0806021019816398,0.297334402799606,-0.679161131381989
0.283700495958328,0.231089204549789,1.05767977237701,0.669523417949677,0.0807829946279525,0.296537905931473,-0.676223278045654
0.282359808683395,0.228219673037529,1.05784606933594,-0.675863027572632,-0.082912765443325,-0.292730838060379,0.671299815177917
0.282359808683395,0.228219673037529,1.05784606933594,-0.675863027572632,-0.082912765443325,-0.292730838060379,0.671299815177917
0.28004115819931,0.220780491828918,1.05834221839905,-0.674821197986603,-0.0832560956478118,-0.294118791818619,0.671698570251465
0.278782099485397,0.218297243118286,1.05846321582794,-0.680030524730682,-0.0849166437983512,-0.288525581359863,0.668655872344971
0.277597010135651,0.214254602789879,1.0588835477829,-0.676023244857788,-0.0831535831093788,-0.292248517274857,0.671318769454956
0.276337683200836,0.211139008402824,1.05909442901611,-0.675572037696838,-0.0829781964421272,-0.291401207447052,0.672162473201752
0.275169312953949,0.208130121231079,1.05958008766174,-0.676719546318054,-0.0830059647560119,-0.290662050247192,0.67132431268692
0.27403250336647,0.20517948269844,1.05990648269653,-0.676000773906708,-0.0830528065562248,-0.290234088897705,0.672227323055267
0.272763013839722,0.202344298362732,1.06027030944824,-0.675109446048737,-0.0826038122177124,-0.289311230182648,0.67357462644577
0.272763013839722,0.202344298362732,1.06027030944824,-0.675109446048737,-0.0826038122177124,-0.289311230182648,0.67357462644577
0.27033856511116,0.196876764297485,1.06098592281342,-0.676442325115204,-0.0820298343896865,-0.287957817316055,0.67288726568222
0.269099175930023,0.194280609488487,1.06133365631104,-0.674932956695557,-0.0821206495165824,-0.288636833429336,0.674099743366241
0.268594861030579,0.192964032292366,1.0628160238266,0.667034447193146,0.093987338244915,0.291106432676315,-0.679329574108124
0.268594861030579,0.192964032292366,1.0628160238266,0.667034447193146,0.093987338244915,0.291106432676315,-0.679329574108124
0.26541930437088,0.186795771121979,1.06266689300537,-0.676819682121277,-0.0823704302310943,-0.288121104240417,0.672396123409271
0.264287114143372,0.18454697728157,1.06309354305267,-0.677235424518585,-0.0831446126103401,-0.286771029233932,0.672459363937378
0.263011395931244,0.182245001196861,1.06353998184204,-0.677831292152405,-0.0828650444746017,-0.286058276891708,0.672197103500366
0.261768102645874,0.179980233311653,1.06398677825928,-0.678479909896851,-0.0825263932347297,-0.285616487264633,0.671772181987762
0.260978758335114,0.178749442100525,1.06554818153381,0.670107483863831,0.0924292281270027,0.289284884929657,-0.677294015884399
0.259891748428345,0.176695078611374,1.06603801250458,0.670216083526611,0.0934622511267662,0.288194745779037,-0.677509546279907
0.258569121360779,0.174493610858917,1.06644380092621,0.670577645301819,0.0923090800642967,0.287265509366989,-0.677704513072968
0.257068693637848,0.171378552913666,1.06591689586639,-0.678298115730286,-0.0825423374772071,-0.283098667860031,0.673018336296082
0.255911380052566,0.16935770213604,1.06645822525024,-0.678340673446655,-0.0826717168092727,-0.282894909381866,0.673045098781586
0.255223900079727,0.16870567202568,1.06615710258484,0.669001638889313,0.0859268829226493,0.276629120111465,-0.684492409229279
0.254027158021927,0.1663758456707,1.06835961341858,0.66983163356781,0.093305118381977,0.284691900014877,-0.679389715194702
0.252498626708984,0.163404420018196,1.06781232357025,-0.676810681819916,-0.0836250558495521,-0.281018882989883,0.675250053405762
0.251342386007309,0.161565378308296,1.06824231147766,-0.67629337310791,-0.0837139710783958,-0.27988138794899,0.676229119300842
0.250673472881317,0.160750672221184,1.06971955299377,0.666533768177032,0.094363696873188,0.284020721912384,-0.682759404182434
0.249116033315659,0.158007830381393,1.06911468505859,0.673468947410583,0.0846705809235572,0.279722571372986,-0.678988814353943
0.248386934399605,0.156939312815666,1.07054102420807,0.664340615272522,0.0948765352368354,0.28374245762825,-0.684938132762909
0.248386934399605,0.156939312815666,1.07054102420807,0.664340615272522,0.0948765352368354,0.28374245762825,-0.684938132762909
0.246306613087654,0.153407782316208,1.07130026817322,0.663518965244293,0.0952729433774948,0.282243877649307,-0.686297237873077
0.245333299040794,0.151898756623268,1.07171034812927,0.663790762424469,0.0963702797889709,0.279834419488907,-0.686867833137512
0.243867471814155,0.148882523179054,1.07107067108154,0.672831356525421,0.0858293026685714,0.276327788829803,-0.680862903594971
0.243447482585907,0.1484195291996,1.07260739803314,0.662986934185028,0.0979750454425811,0.279011487960815,-0.687751352787018
0.24190728366375,0.14544877409935,1.07188665866852,0.672604501247406,0.0865950882434845,0.274962097406387,-0.681542575359344
0.241552695631981,0.145069554448128,1.07327878475189,0.663177788257599,0.0986955016851425,0.276541441679001,-0.688461542129517
0.240631759166718,0.143389582633972,1.07346618175507,0.662639915943146,0.0980066731572151,0.275063842535019,-0.689668834209442
0.239292964339256,0.140535935759544,1.07283234596252,0.670871913433075,0.0880514681339263,0.27149224281311,-0.684448599815369
0.238876238465309,0.140149280428886,1.07423758506775,0.660028517246246,0.099498726427555,0.273295789957047,-0.692655742168427
0.237492442131042,0.137300580739975,1.07349932193756,0.667263567447662,0.0892253667116165,0.268802046775818,-0.688871443271637
0.237271368503571,0.136873483657837,1.07490026950836,0.657018542289734,0.100696265697479,0.269942551851273,-0.696647703647614
0.236475735902786,0.135210454463959,1.07527959346771,0.654771685600281,0.101347230374813,0.269595891237259,-0.698799729347229
0.235724672675133,0.133913993835449,1.07343411445618,0.654842674732208,0.0920154601335525,0.257297068834305,-0.704636335372925
0.234853357076645,0.132212415337563,1.0757417678833,0.651930153369904,0.102805078029632,0.26485413312912,-0.703043639659882
0.234124004840851,0.130654588341713,1.07613956928253,0.650722324848175,0.103807434439659,0.26456207036972,-0.704124569892883
0.233605355024338,0.129035741090775,1.07634580135345,0.648184835910797,0.0999326333403587,0.260450959205627,-0.708544552326202
0.232810154557228,0.127752870321274,1.07670497894287,0.647181510925293,0.100840166211128,0.259162038564682,-0.70980441570282
0.232209444046021,0.126756057143211,1.07462549209595,0.648865520954132,0.0914085432887077,0.244901210069656,-0.714591920375824
0.231011554598808,0.125209301710129,1.07537603378296,0.650924742221832,0.0997122675180435,0.24873349070549,-0.710271894931793
0.23039972782135,0.123966053128242,1.07770204544067,0.649032056331635,0.111760079860687,0.256000280380249,-0.707623481750488
0.229724764823913,0.12256321310997,1.0780987739563,0.649766504764557,0.11299280077219,0.255181640386581,-0.707049071788788
0.228881001472473,0.121105335652828,1.07830142974854,0.648726046085358,0.112905569374561,0.254563182592392,-0.708240509033203
0.228778719902038,0.121260866522789,1.07912528514862,0.661041796207428,0.119898870587349,0.242079809308052,-0.700032472610474
0.228012546896935,0.120097972452641,1.07944822311401,0.660850048065186,0.121067315340042,0.24143049120903,-0.70023649930954
0.227340832352638,0.119467876851559,1.07677805423737,0.659271419048309,0.11187794059515,0.227855309844017,-0.707761883735657
0.22652342915535,0.117601603269577,1.08013594150543,0.65739381313324,0.123066872358322,0.238509491086006,-0.704131662845612
0.225537016987801,0.116416253149509,1.08030903339386,0.65167361497879,0.123397879302502,0.237101629376411,-0.709843158721924
0.224954515695572,0.115272507071495,1.07860994338989,0.649451494216919,0.112625740468502,0.223533973097801,-0.718025684356689
0.224511131644249,0.114093288779259,1.07854104042053,0.643806636333466,0.111939273774624,0.220487356185913,-0.724132716655731
0.22333924472332,0.112348660826683,1.08170223236084,0.641875088214874,0.123409241437912,0.232606187462807,-0.720181167125702
0.222623527050018,0.111184827983379,1.08207392692566,0.638196468353271,0.123322457075119,0.231123492121696,-0.723932862281799
0.220777377486229,0.111690670251846,1.08025920391083,0.62866199016571,0.112942904233932,0.215043991804123,-0.738772094249725
0.221073418855667,0.108588345348835,1.0829895734787,0.632397055625916,0.121171943843365,0.229968681931496,-0.729729890823364
0.220322206616402,0.107728764414787,1.08345293998718,0.632153689861298,0.121432110667229,0.229640230536461,-0.730001032352448
0.219528377056122,0.106851503252983,1.08379435539246,0.63111674785614,0.12127511203289,0.227939382195473,-0.73145592212677
0.218797147274017,0.105828739702701,1.0841383934021,0.632902443408966,0.120084390044212,0.227929949760437,-0.730111122131348
0.21801695227623,0.104943364858627,1.08456087112427,0.634706616401672,0.120045483112335,0.227700248360634,-0.728621482849121
0.217356532812119,0.10425440967083,1.0850236415863,0.635478436946869,0.121393844485283,0.227432757616043,-0.727808594703674
0.217356532812119,0.10425440967083,1.0850236415863,0.635478436946869,0.121393844485283,0.227432757616043,-0.727808594703674
0.215895891189575,0.102767817676067,1.08575189113617,0.638581931591034,0.121710859239101,0.226856216788292,-0.72521436214447
0.215540573000908,0.102562345564365,1.08315491676331,0.63998544216156,0.110458590090275,0.212288737297058,-0.730171918869019
0.214666843414307,0.10152181237936,1.08649241924286,0.641154050827026,0.124055579304695,0.225986942648888,-0.722815215587616
0.213991954922676,0.100741341710091,1.08594608306885,0.637777388095856,0.12270824611187,0.228032350540161,-0.72538548707962
0.213649287819862,0.100387431681156,1.08330976963043,0.639156758785248,0.11155703663826,0.214209303259849,-0.730169892311096
0.213649287819862,0.100387431681156,1.08330976963043,0.639156758785248,0.11155703663826,0.214209303259849,-0.730169892311096
0.212556228041649,0.0994652584195137,1.08440709114075,0.642454624176025,0.115129806101322,0.208915054798126,-0.728252589702606
0.212556228041649,0.0994652584195137,1.08440709114075,0.642454624176025,0.115129806101322,0.208915054798126,-0.728252589702606
0.211517855525017,0.0980332791805267,1.08475983142853,0.641824126243591,0.116030029952526,0.209652930498123,-0.728453516960144
0.210462808609009,0.0971354097127914,1.08743953704834,0.638981640338898,0.128202944993973,0.22255240380764,-0.725077271461487
0.210033848881721,0.0965509861707687,1.08744382858276,0.639386355876923,0.128481656312943,0.221400886774063,-0.725023567676544
0.20970031619072,0.0961111932992935,1.08714997768402,0.642061591148376,0.130540490150452,0.219505906105042,-0.722864627838135
0.209208548069,0.0953108295798301,1.08774876594543,0.641381978988647,0.131580501794815,0.219248324632645,-0.723357498645782
0.209078967571258,0.0950915738940239,1.08486199378967,0.642882227897644,0.120302461087704,0.203886970877647,-0.728464126586914
0.208657816052437,0.0945749133825302,1.08492088317871,0.643261730670929,0.12194874882698,0.202515125274658,-0.728237867355347
0.208326458930969,0.0940147936344146,1.08494699001312,0.642849743366241,0.12307883054018,0.201231509447098,-0.728767335414886
0.207773819565773,0.0934079736471176,1.08479499816895,0.640559494495392,0.123703718185425,0.200851574540138,-0.730780243873596
0.207396969199181,0.0929228290915489,1.08467531204224,0.641454637050629,0.124693632125854,0.197222843766212,-0.73081511259079
0.207251071929932,0.0924378558993339,1.0847932100296,0.643519580364227,0.1267861276865,0.193455308675766,-0.729645788669586
0.206195086240768,0.0901762247085571,1.08461654186249,0.629950165748596,0.121844574809074,0.204043254256248,-0.739380300045013
0.206782475113869,0.0910293906927108,1.08501827716827,0.643660187721252,0.129516005516052,0.189631283283234,-0.730046033859253
0.206632927060127,0.0907719507813453,1.08485841751099,0.644446074962616,0.13153637945652,0.185883238911629,-0.729955315589905
0.206402912735939,0.090175449848175,1.08464133739471,0.64262980222702,0.132821872830391,0.183269143104553,-0.731982111930847
0.206453159451485,0.089517168700695,1.08451414108276,0.641191840171814,0.133942663669586,0.180790141224861,-0.733653426170349
0.206318944692612,0.0883522182703018,1.08745956420898,0.643629550933838,0.146929547190666,0.189851462841034,-0.72671115398407
0.207084715366363,0.088092140853405,1.08444476127625,0.641025722026825,0.135655075311661,0.172295466065407,-0.735525667667389
0.207413852214813,0.087520033121109,1.08411681652069,0.641211032867432,0.136927634477615,0.168406918644905,-0.736028730869293
0.208042070269585,0.0867339074611663,1.08381795883179,0.64026802778244,0.137281015515327,0.16464938223362,-0.73763233423233
0.208748206496239,0.0861445814371109,1.0833557844162,0.639740765094757,0.138015866279602,0.159557476639748,-0.739070296287537
0.209627822041512,0.0856278464198112,1.08226716518402,0.638690590858459,0.13886433839798,0.15440459549427,-0.740911662578583
0.210760101675987,0.0847681313753128,1.08218061923981,0.636234223842621,0.138836070895195,0.150342151522636,-0.743860125541687
0.211889177560806,0.0836355090141296,1.08390927314758,0.635314285755157,0.151399672031403,0.160722941160202,-0.740014910697937
0.213212728500366,0.0836786925792694,1.0822948217392,0.628489136695862,0.14686231315136,0.148647457361221,-0.749224126338959
0.214687988162041,0.0808617323637008,1.08199870586395,0.614096462726593,0.142706975340843,0.163054421544075,-0.758902907371521
0.217176675796509,0.081941157579422,1.08090305328369,0.624558091163635,0.151339769363403,0.145363390445709,-0.752258539199829
0.218697175383568,0.0807517543435096,1.07804417610168,0.603887915611267,0.140196293592453,0.145445838570595,-0.771044790744781
0.221666142344475,0.0818860232830047,1.07650434970856,0.612866640090942,0.149764969944954,0.127540737390518,-0.765309274196625
0.223795786499977,0.0804290324449539,1.07321178913116,0.59777295589447,0.138162478804588,0.127966985106468,-0.779232382774353
0.226986244320869,0.0793932005763053,1.07309150695801,0.593800961971283,0.146916463971138,0.135496273636818,-0.779395163059235
0.229722827672958,0.0805911347270011,1.06894648075104,0.584658026695251,0.143781542778015,0.116802766919136,-0.789847493171692
0.233001977205276,0.0813674628734588,1.06617367267609,0.581819176673889,0.14905709028244,0.106882557272911,-0.792366504669189
0.23686246573925,0.0808640271425247,1.06295847892761,0.57604044675827,0.149149134755134,0.102132476866245,-0.797183096408844
0.240496322512627,0.081755593419075,1.06013548374176,0.566364943981171,0.155351921916008,0.0943402796983718,-0.803863525390625
0.244531169533729,0.0823605209589004,1.05676972866058,0.559854447841644,0.160676151514053,0.0861799716949462,-0.808281600475311
0.248962044715881,0.082837201654911,1.05327546596527,0.554364144802094,0.165125831961632,0.0804686248302459,-0.811750411987305
0.253230690956116,0.0837619751691818,1.04968249797821,0.547960698604584,0.184711098670959,0.0628516674041748,-0.813431262969971
0.258210301399231,0.0847829580307006,1.04612684249878,0.546054840087891,0.19091109931469,0.0613781958818435,-0.813394069671631
0.262891203165054,0.0857547521591186,1.04162907600403,0.537516951560974,0.201886624097824,0.0491487570106983,-0.817252576351166
0.268442392349243,0.0869687721133232,1.03778922557831,0.53573203086853,0.214657858014107,0.0422716662287712,-0.815552890300751
0.273976266384125,0.0886936783790588,1.03273904323578,0.531325280666351,0.214262738823891,0.0425443835556507,-0.81851989030838
0.279405564069748,0.0891845226287841,1.02869153022766,0.523726165294647,0.233966186642647,0.0326084457337856,-0.818478763103485
0.285114288330078,0.0904339104890823,1.02385175228119,0.51787006855011,0.244862049818039,0.0281044524163007,-0.819184541702271
0.291149854660034,0.0917010828852653,1.01881062984467,0.512174129486084,0.255894482135773,0.0239040777087211,-0.819526970386505
0.298052579164505,0.092940829694271,1.01326274871826,0.505644619464874,0.261012643575668,0.0330618061125278,-0.821646392345428
0.303779304027557,0.0941542312502861,1.00822746753693,0.499157011508942,0.277385860681534,0.020174877718091,-0.820665836334229
0.310321122407913,0.0954563692212104,1.00263202190399,0.490365028381348,0.287082821130753,0.0191094167530536,-0.822654604911804
0.317646890878677,0.0968358144164085,0.99654096364975,0.48406970500946,0.28555154800415,0.0269853435456752,-0.826685309410095
0.324083209037781,0.0980159938335418,0.990823268890381,0.477750808000565,0.306883662939072,0.0186944063752889,-0.822938084602356
0.330989092588425,0.100037164986134,0.984632730484009,0.469353049993515,0.317520022392273,0.0159270912408828,-0.823793113231659
0.33820903301239,0.101680539548397,0.978743076324463,0.463784962892532,0.329834014177322,0.0175759531557559,-0.822073042392731
0.345513939857483,0.103134326636791,0.972577452659607,0.45784667134285,0.338755309581757,0.0202312599867582,-0.821712911128998
0.353146910667419,0.105122409760952,0.969300866127014,0.436848133802414,0.360315859317779,0.0353594981133937,-0.82345974445343
0.362214624881744,0.107577085494995,0.961651563644409,0.436372637748718,0.362208157777786,0.0448214076459407,-0.822420358657837
0.369155913591385,0.109412118792534,0.955593228340149,0.433007210493088,0.374830812215805,0.0395371913909912,-0.818806111812592
0.377558439970016,0.111919298768044,0.949186205863953,0.427241951227188,0.383291363716125,0.0542094893753528,-0.817076146602631
0.385441452264786,0.114054635167122,0.943213582038879,0.422138690948486,0.393349915742874,0.0612433217465877,-0.814447104930878
0.393890351057053,0.116558939218521,0.937025785446167,0.417583435773849,0.398705452680588,0.0645056813955307,-0.813939273357391
0.393890351057053,0.116558939218521,0.937025785446167,0.417583435773849,0.398705452680588,0.0645056813955307,-0.813939273357391
0.410261958837509,0.120888531208038,0.925293326377869,0.405663132667542,0.415889859199524,0.0801517888903617,-0.80996835231781
0.419045388698578,0.123396202921867,0.919601559638977,0.40289580821991,0.423844039440155,0.0869811549782753,-0.806514382362366
0.42759695649147,0.125909358263016,0.914100110530853,0.396253496408463,0.429650962352753,0.0958748310804367,-0.805724143981934
0.436092793941498,0.128633171319961,0.908744931221008,0.390081584453583,0.437767684459686,0.102800525724888,-0.803509771823883
0.436092793941498,0.128633171319961,0.908744931221008,0.390081584453583,0.437767684459686,0.102800525724888,-0.803509771823883
0.452904045581818,0.134348139166832,0.898980259895325,0.371208488941193,0.459963023662567,0.117923863232136,-0.797955095767975
0.461811542510986,0.137638702988624,0.893842697143555,0.371526569128036,0.461019784212112,0.127742379903793,-0.795682489871979
0.470795542001724,0.140021234750748,0.889024078845978,0.360574245452881,0.464856058359146,0.137806236743927,-0.796809077262878
0.479581445455551,0.142939239740372,0.884393811225891,0.353368610143661,0.470657497644424,0.149158149957657,-0.794584155082703
0.488284349441528,0.146439269185066,0.879954695701599,0.351992756128311,0.478425949811935,0.161781385540962,-0.788058638572693
0.497061133384705,0.148647055029869,0.875899076461792,0.33816123008728,0.481674373149872,0.176222547888756,-0.789038956165314
0.506457269191742,0.152425616979599,0.871516466140747,0.342600405216217,0.489685356616974,0.188094556331634,-0.779393076896667
0.515558838844299,0.154751345515251,0.868236839771271,0.332240909337997,0.488127529621124,0.20467846095562,-0.780675530433655
0.523517787456512,0.157909914851189,0.865500748157501,0.319591194391251,0.497609198093414,0.220069944858551,-0.775767982006073
0.532297968864441,0.160842224955559,0.862477540969849,0.315517693758011,0.501016914844513,0.236046880483627,-0.770527482032776
0.541307628154755,0.163757339119911,0.859701991081238,0.309954017400742,0.506091892719269,0.251724034547806,-0.764483153820038
0.549781560897827,0.166502520442009,0.857294082641602,0.309014111757278,0.50561797618866,0.268874973058701,-0.759320139884949
0.558226525783539,0.170042470097542,0.855065643787384,0.311817228794098,0.513523995876312,0.281065702438354,-0.748375058174133
0.567272424697876,0.173030972480774,0.852881789207458,0.298681348562241,0.514268338680267,0.286637365818024,-0.751103639602661
0.575227618217468,0.176277369260788,0.851455092430115,0.289022982120514,0.518493831157684,0.309613406658173,-0.742811858654022
0.582992017269135,0.179459527134895,0.850147128105164,0.283757388591766,0.525711536407471,0.322838395833969,-0.734087646007538
0.590212106704712,0.182570278644562,0.848693132400513,0.27964922785759,0.531599640846252,0.333470553159714,-0.726633071899414
0.597376346588135,0.18543641269207,0.84774512052536,0.276374250650406,0.537021696567535,0.345502376556396,-0.718229234218597
0.603806614875793,0.188364386558533,0.846852660179138,0.271039456129074,0.543478965759277,0.354436635971069,-0.711015403270721
0.610339760780334,0.191318333148956,0.846513569355011,0.265623152256012,0.549070179462433,0.36134147644043,-0.705265045166016
0.616059958934784,0.194107219576836,0.84557569026947,0.26169827580452,0.555187582969666,0.367934703826904,-0.698501825332642
0.621776282787323,0.197043672204018,0.845609307289124,0.257608443498611,0.56119030714035,0.374438107013702,-0.691736459732056
0.627324521541595,0.200018376111984,0.845890998840332,0.262135177850723,0.572523176670074,0.364755660295486,-0.685897707939148
0.632760643959045,0.202758356928825,0.845858752727509,0.263836264610291,0.575144410133362,0.3695427775383,-0.680468678474426
0.635972142219543,0.205020204186439,0.845919251441956,0.25736877322197,0.581609904766083,0.374558418989182,-0.674683094024658
0.642119109630585,0.207739517092705,0.846174478530884,0.266479700803757,0.581402003765106,0.37735903263092,-0.66974675655365
0.644065499305725,0.21115317940712,0.847021818161011,0.291079998016357,0.593151748180389,0.383246600627899,-0.645419001579285
0.645894527435303,0.212471663951874,0.847175180912018,0.283516436815262,0.595694959163666,0.39130163192749,-0.64159882068634
0.649371743202209,0.213452786207199,0.847757577896118,0.268941849470138,0.594066977500916,0.393082737922668,-0.648259997367859
0.652178406715393,0.215464323759079,0.848218262195587,0.269651800394058,0.595452904701233,0.395868957042694,-0.644989669322968
0.654782772064209,0.217263653874397,0.848778247833252,0.272807002067566,0.593970477581024,0.39990371465683,-0.642535984516144
0.657077431678772,0.219151139259338,0.849164545536041,0.275411158800125,0.593768060207367,0.401329100131989,-0.640720844268799
0.658983886241913,0.220693528652191,0.849894344806671,0.278546154499054,0.591730713844299,0.404739052057266,-0.639103472232819
0.661395847797394,0.221197351813316,0.850396871566772,0.27733051776886,0.580610811710358,0.428957432508469,-0.634014666080475
0.662696540355682,0.222634866833687,0.850826859474182,0.281108111143112,0.577833831310272,0.430485785007477,-0.633852064609528
0.663858652114868,0.22386634349823,0.851270198822021,0.285413861274719,0.573517560958862,0.433166265487671,-0.634021759033203
0.664612591266632,0.224864825606346,0.851558744907379,0.288607776165008,0.569232046604156,0.43587651848793,-0.634580314159393
0.665002942085266,0.225560560822487,0.851860523223877,0.29459086060524,0.562792897224426,0.43966469168663,-0.634961068630219
0.665241241455078,0.226543232798576,0.852199137210846,0.29975089430809,0.558152198791504,0.441583931446075,-0.635310292243958
0.665180623531342,0.227214500308037,0.852349579334259,0.303006231784821,0.553123652935028,0.442774534225464,-0.637332201004028
0.664902627468109,0.227782711386681,0.852535903453827,0.30774000287056,0.546997308731079,0.444957822561264,-0.638829171657562
0.664326667785645,0.228036358952522,0.852632105350494,0.312491655349731,0.540264010429382,0.447063088417053,-0.640779495239258
0.663447678089142,0.22827997803688,0.852864325046539,0.317154347896576,0.533976912498474,0.449118226766586,-0.642319619655609
0.662489354610443,0.228448122739792,0.852932691574097,0.321732074022293,0.527665257453918,0.449819147586823,-0.644764006137848
0.660939455032349,0.229863405227661,0.852960348129272,0.319798678159714,0.522213578224182,0.439826309680939,-0.656943559646606
0.659235596656799,0.229714542627335,0.853045344352722,0.323676913976669,0.512459456920624,0.439287006855011,-0.663057804107666
0.659235596656799,0.229714542627335,0.853045344352722,0.323676913976669,0.512459456920624,0.439287006855011,-0.663057804107666
0.65577620267868,0.229192212224007,0.853070378303528,0.334272980690002,0.504786610603333,0.440892219543457,-0.662620723247528
0.653714060783386,0.228781759738922,0.853327512741089,0.338909894227982,0.500092208385468,0.439539700746536,-0.664720058441162
0.651315152645111,0.228282392024994,0.853394746780396,0.342502683401108,0.494881689548492,0.437963396310806,-0.667811393737793
0.648849546909332,0.22756814956665,0.853469669818878,0.345897108316422,0.487403810024261,0.436524659395218,-0.672487139701843
0.646309196949005,0.226749703288078,0.853621006011963,0.351258099079132,0.482028871774673,0.434270769357681,-0.67503696680069
0.643590986728668,0.226015418767929,0.853761970996857,0.356076061725616,0.481907367706299,0.433254152536392,-0.673250198364258
0.640865802764893,0.225071057677269,0.854077577590942,0.35909977555275,0.474657028913498,0.427908957004547,-0.680178046226501
0.640865802764893,0.225071057677269,0.854077577590942,0.35909977555275,0.474657028913498,0.427908957004547,-0.680178046226501
0.634916543960571,0.222926944494247,0.854580879211426,0.367744892835617,0.471218585968018,0.422706812620163,-0.681201696395874
0.63187837600708,0.221712678670883,0.85498583316803,0.370242118835449,0.46381002664566,0.416936755180359,-0.688451111316681
0.628740012645721,0.220417112112045,0.855210721492767,0.3720862865448,0.462406367063522,0.412232220172882,-0.691228568553925
0.625774443149567,0.218643739819527,0.855794727802277,0.373472571372986,0.461526989936829,0.410280734300613,-0.692228972911835
0.62285190820694,0.217766374349594,0.856327533721924,0.372998178005219,0.465927630662918,0.405238419771194,-0.692506790161133
0.619717478752136,0.216202467679977,0.856517314910889,0.384801238775253,0.45683941245079,0.397739320993423,-0.696440398693085
0.616299629211426,0.215868145227432,0.857092797756195,0.40174925327301,0.456680238246918,0.389849752187729,-0.691417276859283
0.613120973110199,0.213634490966797,0.858005523681641,0.404889702796936,0.453657537698746,0.387452811002731,-0.692921102046967
0.609858751296997,0.212964564561844,0.858190476894379,0.411791056394577,0.450164616107941,0.376360267400742,-0.697232306003571
0.607226669788361,0.211059287190437,0.858995318412781,0.412171512842178,0.446193099021912,0.371380060911179,-0.702213168144226
0.604349970817566,0.207797855138779,0.859662234783173,0.395214229822159,0.442615151405334,0.368949621915817,-0.71538382768631
0.601465165615082,0.205916702747345,0.860964417457581,0.398014217615128,0.436791151762009,0.363725036382675,-0.720071017742157
0.598227262496948,0.203548759222031,0.861149072647095,0.398099690675735,0.437220513820648,0.363293796777725,-0.719980955123901
0.595393896102905,0.201410755515098,0.861845254898071,0.403026759624481,0.433464825153351,0.35997673869133,-0.721175849437714
0.592702984809875,0.200580701231956,0.862293362617493,0.406173586845398,0.429522693157196,0.347157299518585,-0.728021383285522
0.590161502361298,0.19904425740242,0.862862586975098,0.409216910600662,0.430504113435745,0.341908693313599,-0.728221297264099
0.587687253952026,0.19720721244812,0.863804161548615,0.411954432725906,0.424824774265289,0.335772901773453,-0.732853353023529
0.585271894931793,0.195368453860283,0.864314198493958,0.414076775312424,0.425645470619202,0.333138704299927,-0.732383072376251
0.583109378814697,0.195525079965591,0.86467444896698,0.434367507696152,0.428653359413147,0.322792559862137,-0.723454296588898
0.580670475959778,0.192017376422882,0.865613222122192,0.418523579835892,0.418881982564926,0.321260899305344,-0.739031374454498
0.578301906585693,0.190538540482521,0.866203784942627,0.420415312051773,0.417380481958389,0.315117180347443,-0.74144846200943
0.576650500297546,0.189001977443695,0.867507934570312,0.422085672616959,0.416814148426056,0.311500608921051,-0.742345631122589
0.57478654384613,0.187596261501312,0.86795973777771,0.423516750335693,0.415464639663696,0.306296050548553,-0.744449734687805
0.573162794113159,0.186432540416718,0.868147611618042,0.441924721002579,0.42208606004715,0.306973397731781,-0.729598104953766
0.57116687297821,0.184647664427757,0.868538498878479,0.425629943609238,0.414550542831421,0.297531992197037,-0.747302949428558
0.569987535476685,0.183655619621277,0.868773877620697,0.444767415523529,0.420632779598236,0.297972619533539,-0.732435941696167
0.568240284919739,0.182128459215164,0.869206070899963,0.427919149398804,0.41292878985405,0.289283126592636,-0.750126838684082
0.567239820957184,0.182440534234047,0.869323074817657,0.445245444774628,0.419275403022766,0.2822026014328,-0.739138960838318
0.56593120098114,0.180031716823578,0.870025277137756,0.427801251411438,0.414296746253967,0.283114403486252,-0.751791536808014
0.564878404140472,0.177825421094894,0.870503008365631,0.427599847316742,0.416233956813812,0.289815098047256,-0.748274624347687
0.563889563083649,0.177485883235931,0.870648503303528,0.423763424158096,0.418465346097946,0.285070061683655,-0.751030147075653
0.563331365585327,0.178965345025063,0.869984209537506,0.442804992198944,0.428151875734329,0.270804017782211,-0.739780366420746
0.562824845314026,0.178449183702469,0.870027005672455,0.440827012062073,0.433003157377243,0.269314557313919,-0.738681018352509
0.563004672527313,0.177334785461426,0.869661390781403,0.427933156490326,0.431074142456055,0.268888294696808,-0.747494101524353
0.561584413051605,0.177470356225967,0.869871020317078,0.438219755887985,0.437399208545685,0.264757841825485,-0.739289402961731
0.561086237430573,0.175535202026367,0.869894206523895,0.420240372419357,0.43707725405693,0.266554921865463,-0.749206185340881
0.561926484107971,0.176149994134903,0.868879377841949,0.420268326997757,0.436415642499924,0.266652673482895,-0.749541282653809
0.561607599258423,0.175947457551956,0.868326008319855,0.418014287948608,0.438918650150299,0.26697701215744,-0.749224841594696
0.560352504253387,0.176690995693207,0.868481576442719,0.432287305593491,0.446712225675583,0.26344957947731,-0.737679064273834
0.560338973999023,0.176696106791496,0.868083477020264,0.430112838745117,0.449513763189316,0.264309048652649,-0.736940383911133
0.560218036174774,0.17682683467865,0.867449164390564,0.430310308933258,0.455027729272842,0.263160079717636,-0.733845770359039
0.559866428375244,0.176204338669777,0.866908431053162,0.416354566812515,0.452147722244263,0.266528427600861,-0.742410957813263
0.560457408428192,0.177154138684273,0.866545677185059,0.426495164632797,0.453131675720215,0.265401840209961,-0.73643434047699
0.560772359371185,0.177521347999573,0.865601062774658,0.425198167562485,0.457966089248657,0.267659515142441,-0.733370423316956
0.560815989971161,0.177652299404144,0.865158677101135,0.412388026714325,0.453918009996414,0.268720924854279,-0.74275416135788
0.561431169509888,0.178738579154015,0.864281535148621,0.422581136226654,0.464414805173874,0.267776697874069,-0.730780243873596
0.561862647533417,0.179414331912994,0.863570094108582,0.423584312200546,0.466583162546158,0.269031018018722,-0.728353559970856
0.562361836433411,0.180298820137978,0.862843990325928,0.420638024806976,0.465546488761902,0.27098798751831,-0.729997038841248
0.562879085540771,0.180863186717033,0.861947238445282,0.419124484062195,0.466810166835785,0.272371053695679,-0.729545712471008
0.563321471214294,0.181772738695145,0.861219763755798,0.419806003570557,0.473786115646362,0.274707168340683,-0.723758101463318
0.56385338306427,0.183206185698509,0.860457479953766,0.415550023317337,0.474822491407394,0.271368354558945,-0.726788103580475
0.566384136676788,0.18249237537384,0.859495580196381,0.39228481054306,0.470774322748184,0.283367723226547,-0.737690269947052
0.565383672714233,0.184566780924797,0.858873307704926,0.41124352812767,0.48168808221817,0.281635820865631,-0.720788896083832
0.565816760063171,0.185357928276062,0.858558535575867,0.413082718849182,0.482921302318573,0.274047195911407,-0.721836507320404
0.568879008293152,0.185653179883957,0.857011258602142,0.382336974143982,0.4752396941185,0.290372550487518,-0.737325847148895
0.569258868694305,0.186398595571518,0.856717109680176,0.384133547544479,0.479713588953018,0.283054292201996,-0.736340045928955
0.570058047771454,0.187535241246223,0.855862855911255,0.381604760885239,0.482684224843979,0.284441649913788,-0.735178053379059
0.571270048618317,0.188651621341705,0.855150461196899,0.37529069185257,0.483055800199509,0.299992978572845,-0.731996059417725
0.57211297750473,0.189787551760673,0.854432106018066,0.369628190994263,0.484647184610367,0.301944524049759,-0.733022272586823
0.572965621948242,0.190807044506073,0.854008793830872,0.369107663631439,0.490728706121445,0.305122882127762,-0.727904498577118
0.573644399642944,0.191979944705963,0.853420495986938,0.365056127309799,0.491453260183334,0.306791394948959,-0.72875702381134
0.574581265449524,0.192959159612656,0.8528111577034,0.363030016422272,0.493813216686249,0.311041980981827,-0.726368129253387
0.57519268989563,0.194069847464561,0.852291285991669,0.35985404253006,0.495272696018219,0.311468064785004,-0.726772248744965
0.576098203659058,0.195067316293716,0.851901888847351,0.357787638902664,0.497257679700851,0.315546065568924,-0.724674761295319
0.576819539070129,0.196107015013695,0.851426601409912,0.354377806186676,0.495436519384384,0.316763550043106,-0.727062523365021
0.577344238758087,0.197060376405716,0.851012468338013,0.352980315685272,0.500863909721375,0.319358944892883,-0.722876310348511
0.577976942062378,0.198205009102821,0.850762844085693,0.351770550012589,0.50247460603714,0.319324344396591,-0.722363412380219
0.578619599342346,0.199026674032211,0.850330889225006,0.350072205066681,0.503934383392334,0.322312146425247,-0.720842957496643
0.57913601398468,0.199817448854446,0.850224018096924,0.347845494747162,0.506031692028046,0.324976086616516,-0.719253838062286
0.579549670219421,0.200783059000969,0.849910259246826,0.346180021762848,0.503807544708252,0.325908660888672,-0.721194088459015
0.58003693819046,0.201505482196808,0.849473237991333,0.344975978136063,0.504939019680023,0.327926754951477,-0.720064103603363
0.58042848110199,0.202400237321854,0.849248170852661,0.343372374773026,0.50469559431076,0.328376322984695,-0.720796048641205
0.580681443214417,0.202996715903282,0.849107682704926,0.342274814844131,0.50588858127594,0.330415219068527,-0.71954882144928
0.580981433391571,0.203551948070526,0.84898853302002,0.340619921684265,0.506119787693024,0.331773579120636,-0.719546556472778
0.581194639205933,0.204284071922302,0.849002361297607,0.338953822851181,0.506268203258514,0.331392168998718,-0.720404028892517
0.581247746944427,0.204719603061676,0.848725557327271,0.337988257408142,0.507445275783539,0.332743883132935,-0.719405889511108
0.581264734268188,0.205127030611038,0.848688244819641,0.337811946868896,0.508083164691925,0.333249658346176,-0.718804121017456
0.581293761730194,0.205486297607422,0.848806858062744,0.337509423494339,0.508295774459839,0.33370053768158,-0.718586683273315
0.581336259841919,0.205775782465935,0.848693788051605,0.336822688579559,0.508487641811371,0.333932936191559,-0.718665182590485
0.58116352558136,0.206233933568001,0.848527073860168,0.336569607257843,0.50895631313324,0.332574516534805,-0.719081699848175
0.58102685213089,0.206365793943405,0.848298192024231,0.335925251245499,0.508864223957062,0.333018600940704,-0.719242691993713
0.580832958221436,0.206523939967155,0.848460733890533,0.336146593093872,0.509009778499603,0.332531005144119,-0.719261884689331
0.58052396774292,0.206564873456955,0.848300337791443,0.336229473352432,0.509093225002289,0.332015335559845,-0.719402372837067
0.58003443479538,0.206593856215477,0.848361849784851,0.337504476308823,0.512618958950043,0.329986184835434,-0.717232048511505
0.579343616962433,0.206586569547653,0.848460674285889,0.339569628238678,0.513661444187164,0.329015165567398,-0.715956330299377
0.579100072383881,0.206287443637848,0.848503649234772,0.335490167140961,0.509536921977997,0.329271972179413,-0.720693051815033
0.578554809093475,0.206103682518005,0.848591864109039,0.335805118083954,0.509417772293091,0.328528702259064,-0.720969617366791
0.578045248985291,0.205888658761978,0.848698616027832,0.335960566997528,0.509724855422974,0.327456682920456,-0.721168041229248
0.577367067337036,0.205669522285461,0.848787426948547,0.335958153009415,0.51023805141449,0.325745582580566,-0.721580982208252
0.576598465442657,0.205268055200577,0.849124908447266,0.33500811457634,0.509447813034058,0.32489413022995,-0.722963571548462
0.575872182846069,0.204874068498611,0.849187076091766,0.335475772619247,0.508952498435974,0.323140203952789,-0.723881125450134
0.575210094451904,0.204203188419342,0.849341571331024,0.336974114179611,0.509239196777344,0.322346419095993,-0.723337113857269
0.574278056621552,0.203707724809647,0.849352598190308,0.336081624031067,0.509436666965485,0.321631610393524,-0.723931312561035
0.573444843292236,0.203219354152679,0.849438607692719,0.336780250072479,0.509012818336487,0.319030195474625,-0.725055158138275
0.572484493255615,0.202753335237503,0.849639058113098,0.339514374732971,0.512304484844208,0.3146653175354,-0.723367094993591
0.571521818637848,0.202098205685616,0.849788844585419,0.339584618806839,0.512609422206879,0.31271094083786,-0.723965287208557
0.57077544927597,0.20131641626358,0.849938631057739,0.340186953544617,0.512253820896149,0.312720090150833,-0.723930239677429
0.57077544927597,0.20131641626358,0.849938631057739,0.340186953544617,0.512253820896149,0.312720090150833,-0.723930239677429
0.568808197975159,0.199951469898224,0.850217580795288,0.340806484222412,0.510851562023163,0.306793689727783,-0.72715836763382
0.567951440811157,0.199245437979698,0.850332498550415,0.341498225927353,0.510832905769348,0.304268807172775,-0.727907538414001
0.567005336284637,0.198225870728493,0.850574672222137,0.342678517103195,0.509739756584167,0.303605407476425,-0.728395938873291
0.566084265708923,0.197543978691101,0.850831747055054,0.343014985322952,0.509782016277313,0.30028110742569,-0.729584932327271
0.564802646636963,0.196559190750122,0.851040124893188,0.347646832466125,0.506362020969391,0.286969542503357,-0.735110700130463
0.564426243305206,0.195693403482437,0.851291537284851,0.343420207500458,0.505072593688965,0.297995567321777,-0.733595967292786
0.563529968261719,0.194887042045593,0.851567625999451,0.343286663293839,0.504772663116455,0.29525700211525,-0.73497086763382
0.563529968261719,0.194887042045593,0.851567625999451,0.343286663293839,0.504772663116455,0.29525700211525,-0.73497086763382
0.56149959564209,0.192967057228088,0.852091610431671,0.345533907413483,0.501150965690613,0.290256023406982,-0.738380253314972
0.560720860958099,0.192213043570518,0.852227330207825,0.347250729799271,0.503966271877289,0.288369089365005,-0.736395478248596
0.560003221035004,0.19117659330368,0.852395594120026,0.348676711320877,0.50290721654892,0.28726190328598,-0.736878275871277
0.558797478675842,0.190242648124695,0.85275262594223,0.348903059959412,0.500694572925568,0.283788114786148,-0.739618837833405
0.558049857616425,0.189606577157974,0.852792084217072,0.352538168430328,0.507312297821045,0.279129981994629,-0.735144674777985
0.558049857616425,0.189606577157974,0.852792084217072,0.352538168430328,0.507312297821045,0.279129981994629,-0.735144674777985
0.556415140628815,0.187752336263657,0.853330373764038,0.354690462350845,0.506513118743896,0.275106579065323,-0.736176252365112
0.555933356285095,0.187011063098907,0.853481769561768,0.354263305664062,0.505334258079529,0.273091346025467,-0.737940430641174
0.555028438568115,0.185754552483559,0.85383802652359,0.357930213212967,0.502099394798279,0.263411194086075,-0.741887390613556
0.55464118719101,0.185111433267593,0.854027986526489,0.352636516094208,0.499306350946426,0.27148911356926,-0.743393898010254
0.554042756557465,0.184459507465362,0.854208946228027,0.355021834373474,0.505281031131744,0.26763191819191,-0.739610552787781
0.553752839565277,0.183442771434784,0.854348659515381,0.354080200195312,0.505915522575378,0.269314229488373,-0.739017248153687
0.552221715450287,0.18190786242485,0.855141401290894,0.35541620850563,0.505715906620026,0.266680181026459,-0.739467680454254
0.552207350730896,0.18156498670578,0.855026125907898,0.356722891330719,0.498424053192139,0.262161403894424,-0.745381593704224
0.55204850435257,0.1810302734375,0.855171978473663,0.357475191354752,0.5008305311203,0.260327905416489,-0.744049489498138
0.551576495170593,0.180678367614746,0.855697929859161,0.359115749597549,0.505687057971954,0.25734281539917,-0.741006851196289
0.551261603832245,0.180156409740448,0.855782866477966,0.359319746494293,0.505546927452087,0.256200939416885,-0.741399168968201
0.550937950611115,0.179741233587265,0.855937838554382,0.359320163726807,0.505129337310791,0.254316061735153,-0.742331981658936
0.550639271736145,0.179305613040924,0.856241941452026,0.358220100402832,0.499564081430435,0.252736032009125,-0.747153759002686
0.550412833690643,0.178978428244591,0.856281578540802,0.358618587255478,0.499543279409409,0.251694887876511,-0.747327864170074
0.550188720226288,0.178729861974716,0.85628604888916,0.359977543354034,0.505154192447662,0.250149995088577,-0.743411302566528
0.550110280513763,0.178483709692955,0.856349110603333,0.359982907772064,0.504978239536285,0.249443352222443,-0.743765652179718
0.550102651119232,0.178270384669304,0.856549143791199,0.359691679477692,0.504632830619812,0.248939335346222,-0.744309782981873
0.550070345401764,0.178086191415787,0.856607496738434,0.360216408967972,0.504368782043457,0.248620957136154,-0.744341194629669
0.550003349781036,0.177959367632866,0.856515824794769,0.360418796539307,0.504489183425903,0.248257294297218,-0.744283080101013
0.550018727779388,0.177934259176254,0.856566607952118,0.360755741596222,0.504561066627502,0.248148620128632,-0.74410742521286
0.550079166889191,0.177917897701263,0.856593608856201,0.360640704631805,0.504355490207672,0.248193278908729,-0.744287610054016
0.550097942352295,0.177909791469574,0.856365561485291,0.360713511705399,0.504378914833069,0.248440310359001,-0.74415397644043
0.550198018550873,0.178042933344841,0.856371760368347,0.36062553524971,0.504621982574463,0.248808458447456,-0.743908762931824
0.550198018550873,0.178042933344841,0.856371760368347,0.36062553524971,0.504621982574463,0.248808458447456,-0.743908762931824
0.550587177276611,0.178273901343346,0.85634458065033,0.362696409225464,0.503503978252411,0.250356614589691,-0.743139743804932
0.551841855049133,0.179448649287224,0.85586816072464,0.360054820775986,0.504185616970062,0.251120507717133,-0.743704199790955
0.551841855049133,0.179448649287224,0.85586816072464,0.360054820775986,0.504185616970062,0.251120507717133,-0.743704199790955
0.552295207977295,0.180037379264831,0.855942726135254,0.359826236963272,0.498576819896698,0.253299593925476,-0.746850371360779
0.55268394947052,0.180480569601059,0.855760753154755,0.360386282205582,0.504361391067505,0.254673779010773,-0.742214739322662
0.55306601524353,0.180948853492737,0.855652093887329,0.359831929206848,0.504944145679474,0.256403654813766,-0.741491556167603
0.553331613540649,0.18135079741478,0.855467319488525,0.360009849071503,0.505060374736786,0.257234692573547,-0.741038024425507
0.553892731666565,0.181796342134476,0.855371534824371,0.358927994966507,0.50083190202713,0.259843051433563,-0.743518531322479
0.55368572473526,0.182117119431496,0.855453252792358,0.357020527124405,0.502042889595032,0.262658447027206,-0.742630422115326
0.553976893424988,0.182765141129494,0.855381369590759,0.357764899730682,0.505646765232086,0.263309746980667,-0.739590227603912
0.554437041282654,0.183339759707451,0.855241715908051,0.356971681118011,0.501240015029907,0.26726621389389,-0.741551458835602
0.554745972156525,0.183958977460861,0.855153203010559,0.357924193143845,0.50517076253891,0.267780274152756,-0.738231956958771
0.555074512958527,0.184813991189003,0.854907095432281,0.35637155175209,0.498652577400208,0.267804712057114,-0.743387937545776
0.555790543556213,0.185612067580223,0.854714632034302,0.358243018388748,0.500594019889832,0.269987404346466,-0.740388095378876
0.556345105171204,0.186248496174812,0.854607045650482,0.358016639947891,0.50086110830307,0.272678941488266,-0.739329814910889
0.556850433349609,0.187258988618851,0.854417204856873,0.356633514165878,0.501535475254059,0.273281931877136,-0.739318430423737
0.55730676651001,0.187951683998108,0.854306519031525,0.356463611125946,0.502138316631317,0.27536278963089,-0.738218247890472
0.557702839374542,0.188582077622414,0.854243636131287,0.360721111297607,0.502977192401886,0.267666637897491,-0.738409698009491
0.558622539043427,0.189710006117821,0.853960990905762,0.355342745780945,0.502703428268433,0.279033452272415,-0.736994743347168
0.558773815631866,0.190287485718727,0.853936553001404,0.358761489391327,0.503365695476532,0.270171403884888,-0.738187372684479
0.559317946434021,0.19102019071579,0.853886604309082,0.358045607805252,0.503589928150177,0.272650480270386,-0.737470209598541
0.559824824333191,0.192120134830475,0.853672623634338,0.358952701091766,0.506760835647583,0.272223889827728,-0.735010623931885
0.560921192169189,0.192926436662674,0.85345470905304,0.353087604045868,0.501604557037354,0.288498520851135,-0.735180735588074
0.561577916145325,0.193681955337524,0.853317499160767,0.352394461631775,0.501749753952026,0.291282564401627,-0.734315991401672
0.561971724033356,0.194640070199966,0.853293895721436,0.351745367050171,0.502196431159973,0.291398733854294,-0.734275698661804
0.56267923116684,0.195498168468475,0.853089332580566,0.352554947137833,0.502283215522766,0.293932288885117,-0.732816815376282
0.563124895095825,0.196166858077049,0.853043437004089,0.352982133626938,0.505644381046295,0.296339064836502,-0.729322016239166
0.563601434230804,0.197067558765411,0.85298490524292,0.350782573223114,0.5014289021492,0.298311829566956,-0.732482552528381
0.564147114753723,0.197775274515152,0.852847099304199,0.350149869918823,0.501276910305023,0.300581634044647,-0.731961309909821
0.564704835414886,0.198419630527496,0.852613806724548,0.350718051195145,0.501338362693787,0.302920281887054,-0.730681955814362
0.565085589885712,0.199083790183067,0.852698922157288,0.351657569408417,0.50587671995163,0.304985523223877,-0.726229667663574
0.565530359745026,0.200004130601883,0.852443277835846,0.351431488990784,0.505273044109344,0.304557889699936,-0.726938486099243
0.565854787826538,0.200573682785034,0.852343022823334,0.351616531610489,0.505537748336792,0.30665323138237,-0.725783169269562
0.566173434257507,0.20111195743084,0.852287888526917,0.351764798164368,0.506093740463257,0.308810323476791,-0.724407970905304
0.566668748855591,0.201742902398109,0.852169692516327,0.352358967065811,0.506165146827698,0.310157835483551,-0.723492980003357
0.567025721073151,0.202511161565781,0.852052211761475,0.35150596499443,0.506201028823853,0.310647904872894,-0.72367250919342
0.567364573478699,0.202908381819725,0.852005481719971,0.35137352347374,0.505602300167084,0.312285035848617,-0.723450899124146
0.567788422107697,0.20329250395298,0.852082788944244,0.349722892045975,0.501376271247864,0.315318614244461,-0.725871860980988
0.567788422107697,0.20329250395298,0.852082788944244,0.349722892045975,0.501376271247864,0.315318614244461,-0.725871860980988
0.568310737609863,0.204108670353889,0.85191935300827,0.349277585744858,0.500637888908386,0.318411588668823,-0.725245356559753
0.568397641181946,0.204649388790131,0.851869225502014,0.348644644021988,0.501049101352692,0.318156123161316,-0.725378155708313
0.568548023700714,0.20494057238102,0.85186767578125,0.349035501480102,0.501117944717407,0.319040268659592,-0.72475403547287
0.568630635738373,0.205224454402924,0.851873874664307,0.349534958600998,0.5012566447258,0.319839656352997,-0.724064767360687
0.568756401538849,0.205472037196159,0.851876854896545,0.349693030118942,0.500937581062317,0.321167111396789,-0.723621547222137
0.56881582736969,0.205697685480118,0.851882696151733,0.350328058004379,0.501516222953796,0.322611153125763,-0.722269892692566
0.568915724754333,0.20590204000473,0.851900279521942,0.35059455037117,0.501602232456207,0.323382884263992,-0.72173547744751
0.568963527679443,0.206045031547546,0.85187566280365,0.351533323526382,0.501041650772095,0.32352688908577,-0.721603810787201
0.568968057632446,0.206143721938133,0.851890206336975,0.351814240217209,0.501115560531616,0.323962956666946,-0.721219897270203
0.568843126296997,0.206167370080948,0.851951539516449,0.351791203022003,0.501261591911316,0.324508517980576,-0.720884263515472
0.568719267845154,0.206231832504272,0.852155804634094,0.353026986122131,0.50136411190033,0.32457709312439,-0.72017765045166
0.568609654903412,0.20621919631958,0.852198839187622,0.353292942047119,0.501162648200989,0.324753195047378,-0.720107972621918
0.568443477153778,0.206160128116608,0.852265596389771,0.354100346565247,0.500186562538147,0.324201941490173,-0.720638275146484
0.568270802497864,0.206077024340629,0.852320909500122,0.354348301887512,0.499712109565735,0.323968112468719,-0.720950603485107
0.568270802497864,0.206077024340629,0.852320909500122,0.354348301887512,0.499712109565735,0.323968112468719,-0.720950603485107
0.567723572254181,0.205763831734657,0.8524449467659,0.355505108833313,0.499251186847687,0.32344576716423,-0.720934987068176
0.567373871803284,0.205574929714203,0.852412223815918,0.356336086988449,0.499126017093658,0.322941899299622,-0.720837295055389
0.567005753517151,0.205364003777504,0.852531254291534,0.356367588043213,0.498915165662766,0.321548491716385,-0.721590220928192
0.566759765148163,0.205163285136223,0.852680861949921,0.356579154729843,0.498891770839691,0.320725202560425,-0.721868276596069
0.566392481327057,0.204612210392952,0.852779507637024,0.356846451759338,0.499170631170273,0.32274404168129,-0.720642507076263
0.566043317317963,0.204377979040146,0.852881789207458,0.357219278812408,0.499191015958786,0.322153925895691,-0.720707774162292
0.565672636032104,0.204096704721451,0.852988719940186,0.357472836971283,0.498945236206055,0.321484327316284,-0.721051156520844
0.56525981426239,0.203789323568344,0.85310959815979,0.357787489891052,0.498019248247147,0.320200026035309,-0.722105920314789
0.56471574306488,0.203437507152557,0.853268027305603,0.358362346887589,0.497943013906479,0.318359732627869,-0.722686886787415
0.564229726791382,0.203025743365288,0.853370249271393,0.35878324508667,0.497335642576218,0.317513793706894,-0.723268091678619
0.56363308429718,0.20269364118576,0.853493690490723,0.358754754066467,0.497544676065445,0.316867411136627,-0.723421990871429
0.563316166400909,0.20214007794857,0.853621661663055,0.359142065048218,0.497338056564331,0.317878156900406,-0.722928285598755
0.562707781791687,0.201834380626678,0.853740692138672,0.361539393663406,0.500677227973938,0.315559774637222,-0.720439970493317
0.562149703502655,0.201415732502937,0.853910028934479,0.360946804285049,0.49651375412941,0.314835727214813,-0.723926901817322
0.561560571193695,0.201030552387237,0.854108333587646,0.361263602972031,0.496812850236893,0.314150184392929,-0.723861455917358
0.561079621315002,0.200646042823792,0.854183495044708,0.362063974142075,0.495376884937286,0.312727838754654,-0.725060522556305
0.560546636581421,0.200273111462593,0.854185998439789,0.363189369440079,0.49498701095581,0.311511695384979,-0.72528749704361
0.559978008270264,0.199735432863235,0.854374170303345,0.3650221824646,0.49891784787178,0.311378121376038,-0.721722543239594
0.559507250785828,0.199281305074692,0.854474067687988,0.36520066857338,0.493918836116791,0.310932278633118,-0.72525429725647
0.558859586715698,0.198896586894989,0.854656279087067,0.365471065044403,0.493681460618973,0.310147553682327,-0.725615739822388
0.558445334434509,0.198552936315536,0.854796051979065,0.366213619709015,0.492915004491806,0.308611810207367,-0.726416647434235
0.557833135128021,0.19826740026474,0.854878902435303,0.368797838687897,0.496265083551407,0.306112200021744,-0.723881542682648
0.557383894920349,0.197983220219612,0.855009436607361,0.369246929883957,0.495965242385864,0.30537611246109,-0.724169015884399
0.556933104991913,0.197384923696518,0.855224847793579,0.370463013648987,0.495158553123474,0.306353360414505,-0.723686933517456
0.556534290313721,0.196952074766159,0.855567932128906,0.369180351495743,0.491321265697479,0.307153135538101,-0.726612865924835
0.555961966514587,0.196699649095535,0.855731010437012,0.371842354536057,0.493666350841522,0.30407527089119,-0.724958717823029
0.555566430091858,0.196443945169449,0.855915784835815,0.373006880283356,0.493616104125977,0.302917420864105,-0.724879443645477
0.555173814296722,0.196211844682693,0.856094658374786,0.373027205467224,0.493543207645416,0.302277356386185,-0.725185751914978
0.554879903793335,0.196005955338478,0.856261372566223,0.373446106910706,0.493422776460648,0.301715135574341,-0.72528612613678
0.5545374751091,0.195633560419083,0.856453418731689,0.372227221727371,0.489249408245087,0.302507966756821,-0.728403031826019
0.554211795330048,0.19539600610733,0.856737732887268,0.373141050338745,0.488704949617386,0.301404058933258,-0.72875851392746
0.553832948207855,0.194996356964111,0.856979250907898,0.375636577606201,0.49214243888855,0.301248162984848,-0.725219130516052
0.553697824478149,0.194765880703926,0.857182800769806,0.375078648328781,0.487720340490341,0.301209598779678,-0.728503823280334
0.55333137512207,0.194639682769775,0.857399344444275,0.375871360301971,0.487864524126053,0.300912231206894,-0.728121399879456
0.553044855594635,0.194580912590027,0.857600212097168,0.376842498779297,0.491166591644287,0.299465954303741,-0.725992560386658
0.552773416042328,0.194488272070885,0.857852220535278,0.376545786857605,0.491645842790604,0.299606919288635,-0.725764036178589
0.552644491195679,0.194464027881622,0.85809600353241,0.376754969358444,0.491487324237823,0.299231588840485,-0.725917637348175
0.552641093730927,0.194408908486366,0.858347713947296,0.375977754592896,0.486966341733932,0.29960373044014,-0.729206562042236
0.552437245845795,0.194377064704895,0.858363151550293,0.376038730144501,0.486099392175674,0.299497187137604,-0.729797065258026
0.552252292633057,0.19438324868679,0.858527779579163,0.375556588172913,0.484647125005722,0.300420194864273,-0.730631411075592
0.552222967147827,0.194484785199165,0.858809351921082,0.375649154186249,0.483520478010178,0.300502508878708,-0.731296122074127
0.552175343036652,0.19459730386734,0.859031796455383,0.376234918832779,0.481991827487946,0.30040568113327,-0.732043445110321
0.552123844623566,0.19480961561203,0.859291851520538,0.37708592414856,0.48146390914917,0.300850600004196,-0.731770277023315
0.552052199840546,0.195150941610336,0.859703063964844,0.37994122505188,0.484176576137543,0.300389111042023,-0.728686630725861
0.55193817615509,0.195623025298119,0.859748959541321,0.379810214042664,0.482909321784973,0.300406754016876,-0.729587912559509
0.552065014839172,0.195969417691231,0.859633445739746,0.381162196397781,0.48150822520256,0.30119925737381,-0.729482293128967
0.552276492118835,0.196365296840668,0.860025525093079,0.382208466529846,0.480065613985062,0.302264094352722,-0.729445159435272
0.550629794597626,0.197932079434395,0.860904932022095,0.408980965614319,0.483285903930664,0.300353050231934,-0.713412523269653
0.552666127681732,0.19726225733757,0.86065673828125,0.38600766658783,0.472271531820297,0.307343631982803,-0.730409204959869
0.55126416683197,0.198989003896713,0.861254572868347,0.41307720541954,0.481544494628906,0.30348601937294,-0.710899770259857
0.551648676395416,0.199481010437012,0.861463129520416,0.413694083690643,0.479082405567169,0.305281609296799,-0.711435556411743
0.552031636238098,0.200301751494408,0.861589550971985,0.414273232221603,0.475931346416473,0.305112183094025,-0.713283658027649
0.552629590034485,0.201048821210861,0.861898303031921,0.416777700185776,0.474407613277435,0.306423217058182,-0.712276995182037
0.552629590034485,0.201048821210861,0.861898303031921,0.416777700185776,0.474407613277435,0.306423217058182,-0.712276995182037
0.553969144821167,0.201332628726959,0.86260062456131,0.418887943029404,0.464984506368637,0.321505784988403,-0.710602819919586
0.554474532604218,0.202218413352966,0.862591147422791,0.421911090612411,0.465215623378754,0.322230964899063,-0.708330929279327
0.555302619934082,0.203073367476463,0.862775444984436,0.423351645469666,0.462329387664795,0.323870956897736,-0.708613038063049
0.555690348148346,0.205025807023048,0.862752318382263,0.423171401023865,0.445535570383072,0.319664090871811,-0.721275925636292
0.556585788726807,0.205902114510536,0.862780809402466,0.426502615213394,0.442262291908264,0.323029667139053,-0.71982741355896
0.558666527271271,0.206375077366829,0.862578272819519,0.415360063314438,0.441626340150833,0.328151702880859,-0.72440230846405
0.559519410133362,0.20646108686924,0.862951755523682,0.421944916248321,0.438923299312591,0.338842213153839,-0.717282891273499
0.559094130992889,0.206497177481651,0.863637149333954,0.419883608818054,0.429524123668671,0.343055039644241,-0.722163498401642
0.559980392456055,0.210181891918182,0.863413035869598,0.441249996423721,0.425218433141708,0.332404285669327,-0.716934442520142
0.560691237449646,0.209047079086304,0.864257752895355,0.428483337163925,0.419805735349655,0.346942365169525,-0.720968902111053
0.561575293540955,0.21212038397789,0.86453104019165,0.452012896537781,0.420208126306534,0.344887763261795,-0.707221329212189
0.562098741531372,0.212892681360245,0.865048170089722,0.436660826206207,0.409355044364929,0.343850135803223,-0.723548889160156
0.562534630298615,0.214224964380264,0.865244448184967,0.43911749124527,0.400417894124985,0.344635486602783,-0.726682722568512
0.56357741355896,0.215723112225533,0.866459727287292,0.449377238750458,0.402197957038879,0.35364493727684,-0.715005040168762
0.56374329328537,0.217002809047699,0.867047607898712,0.445710271596909,0.397543728351593,0.354534536600113,-0.719448804855347
0.563698649406433,0.218156769871712,0.867319345474243,0.449814766645432,0.38875138759613,0.357107639312744,-0.720425605773926
0.564736783504486,0.222118318080902,0.868408560752869,0.470621287822723,0.392887949943542,0.352330893278122,-0.707119345664978
0.564884185791016,0.224259346723556,0.869691133499146,0.477915704250336,0.3880914747715,0.35196515917778,-0.705054759979248
0.565280616283417,0.225289985537529,0.870376706123352,0.475683003664017,0.376790940761566,0.355816692113876,-0.710738182067871
0.565254151821136,0.2269317060709,0.872337698936462,0.478438585996628,0.373005598783493,0.359505623579025,-0.709026992321014
0.56521475315094,0.228842452168465,0.873062193393707,0.472328573465347,0.366218835115433,0.360715448856354,-0.716012537479401
