x,y,z,q0,q1,q2,q3
0.645721018314362,0.204118490219116,0.856724381446838,0.304258108139038,0.530819058418274,0.390319287776947,-0.687974631786346
0.652732193470001,0.204212069511413,0.856936156749725,0.307491928339005,0.532342255115509,0.404903531074524,-0.676841020584106
0.658739387989044,0.205475345253944,0.857198119163513,0.313597679138184,0.541684865951538,0.39647626876831,-0.671595692634583
0.665053844451904,0.206665888428688,0.857465147972107,0.30573633313179,0.541247725486755,0.413362830877304,-0.665362596511841
0.670618414878845,0.207702592015266,0.857763409614563,0.303252577781677,0.545977294445038,0.417258650064468,-0.660183191299438
0.675905644893646,0.208638027310371,0.858050227165222,0.303183943033218,0.549911260604858,0.421374559402466,-0.654309332370758
0.680565416812897,0.209540888667107,0.858460068702698,0.309196680784225,0.55840939283371,0.411461740732193,-0.650596499443054
0.680565416812897,0.209540888667107,0.858460068702698,0.309196680784225,0.55840939283371,0.411461740732193,-0.650596499443054
0.689669013023376,0.211231991648674,0.859203040599823,0.302193999290466,0.563136696815491,0.4277523458004,-0.639205694198608
0.693789064884186,0.211793750524521,0.860035002231598,0.298949033021927,0.563126266002655,0.432105362415314,-0.637811481952667
0.697245657444,0.211989551782608,0.860355377197266,0.300102680921555,0.563980042934418,0.436334073543549,-0.633622646331787
0.70058286190033,0.212525025010109,0.860643744468689,0.301756918430328,0.566067934036255,0.438060343265533,-0.629772245883942
0.703290045261383,0.213018864393234,0.860755503177643,0.311184912919998,0.572436332702637,0.42712989449501,-0.626929759979248
0.706274390220642,0.213193342089653,0.86093270778656,0.302814483642578,0.567782700061798,0.441530972719193,-0.62528121471405
0.708370923995972,0.213493376970291,0.860587120056152,0.312929898500443,0.57330334186554,0.430694937705994,-0.622816324234009
0.71084052324295,0.213391169905663,0.861205518245697,0.301645666360855,0.567069172859192,0.446218192577362,-0.623162627220154
0.712505221366882,0.213589638471603,0.86080539226532,0.307834029197693,0.566335558891296,0.44793313741684,-0.619562864303589
0.713677585124969,0.21380640566349,0.861310601234436,0.313805758953094,0.570361196994781,0.443112730979919,-0.616331994533539
0.715000808238983,0.213358581066132,0.861300349235535,0.318552374839783,0.567982792854309,0.437531113624573,-0.620069861412048
0.71585476398468,0.213315963745117,0.861554086208344,0.325218975543976,0.565907537937164,0.439620196819305,-0.617021441459656
0.716382205486298,0.21305575966835,0.861585080623627,0.32776552438736,0.563704013824463,0.441195905208588,-0.616566181182861
0.716243386268616,0.214054003357887,0.861128807067871,0.324935078620911,0.565971732139587,0.433246225118637,-0.621603548526764
0.716188371181488,0.213713616132736,0.861146986484528,0.326689690351486,0.563410043716431,0.433724284172058,-0.622676730155945
0.716144502162933,0.212049081921577,0.860960423946381,0.332503855228424,0.554482817649841,0.452302396297455,-0.614339172840118
0.715499997138977,0.212688624858856,0.860296308994293,0.325624167919159,0.550858557224274,0.450058221817017,-0.622873485088348
0.714646100997925,0.21206122636795,0.860033631324768,0.326588690280914,0.539496660232544,0.448588669300079,-0.63328629732132
0.714646100997925,0.21206122636795,0.860033631324768,0.326588690280914,0.539496660232544,0.448588669300079,-0.63328629732132
0.712467133998871,0.211020767688751,0.859243452548981,0.338401466608047,0.538917660713196,0.450362622737885,-0.626279234886169
0.710975825786591,0.210251823067665,0.858638346195221,0.339924961328506,0.527521073818207,0.448362708091736,-0.636508703231812
0.709287464618683,0.209682837128639,0.858561635017395,0.344168603420258,0.523224830627441,0.448121756315231,-0.637942552566528
0.707494974136353,0.209203898906708,0.858566164970398,0.352425992488861,0.528705954551697,0.448643088340759,-0.628478646278381
0.705429792404175,0.208386138081551,0.857765913009644,0.353796243667602,0.514783442020416,0.447038263082504,-0.640299201011658
0.70336651802063,0.207824170589447,0.857428669929504,0.358942478895187,0.509963750839233,0.446468144655228,-0.641688168048859
0.700986742973328,0.207160264253616,0.85710072517395,0.363316088914871,0.504948914051056,0.445186167955399,-0.64407879114151
0.698712885379791,0.20635686814785,0.856597185134888,0.368567883968353,0.499941170215607,0.444510817527771,-0.645466089248657
0.696244239807129,0.205948859453201,0.856251776218414,0.37616029381752,0.504363238811493,0.444664537906647,-0.637490928173065
0.693913400173187,0.20521305501461,0.857749462127686,0.376698553562164,0.49025297164917,0.441522479057312,-0.650237083435059
0.691354751586914,0.204569235444069,0.85768848657608,0.382674336433411,0.485164254903793,0.441064298152924,-0.65087503194809
0.688821792602539,0.203781485557556,0.857685208320618,0.387001693248749,0.478844314813614,0.440302729606628,-0.653506994247437
0.686057925224304,0.203509241342545,0.85665100812912,0.392251998186111,0.474653422832489,0.435902655124664,-0.656377553939819
0.683616399765015,0.202979847788811,0.857460618019104,0.396808385848999,0.468670666217804,0.434467226266861,-0.658884942531586
0.680998504161835,0.202335223555565,0.857461869716644,0.400164008140564,0.464053422212601,0.433846414089203,-0.660530567169189
0.67842423915863,0.201536536216736,0.857557654380798,0.40574637055397,0.458702206611633,0.433488368988037,-0.661097645759583
0.675936102867126,0.20099963247776,0.85764741897583,0.410454332828522,0.453545808792114,0.432182013988495,-0.662602663040161
0.673416197299957,0.200433924794197,0.857606291770935,0.415467113256454,0.447984784841537,0.430897682905197,-0.664096355438232
0.671103715896606,0.200028792023659,0.857814073562622,0.419885665178299,0.444108098745346,0.42900076508522,-0.665148377418518
0.668760359287262,0.199650749564171,0.857902586460114,0.423964112997055,0.44300165772438,0.428427875041962,-0.663666725158691
0.666367173194885,0.199205011129379,0.85785710811615,0.424767464399338,0.43633896112442,0.424377679824829,-0.670137763023376
0.663936913013458,0.198833018541336,0.857224464416504,0.428021132946014,0.436372518539429,0.423150449991226,-0.668820381164551
0.662163496017456,0.198582291603088,0.858293533325195,0.429949164390564,0.434599965810776,0.420971184968948,-0.670111954212189
0.660136818885803,0.198367819190025,0.858328104019165,0.43141171336174,0.432741403579712,0.419534742832184,-0.671274423599243
0.658368527889252,0.197421476244926,0.85837060213089,0.433466970920563,0.430951148271561,0.422903746366501,-0.668984353542328
0.656832933425903,0.19777025282383,0.858481884002686,0.433440268039703,0.430889964103699,0.417945772409439,-0.672149240970612
0.655427217483521,0.198245778679848,0.858458518981934,0.432303696870804,0.430045634508133,0.412507742643356,-0.67676568031311
0.653511047363281,0.198020577430725,0.858400285243988,0.43991008400917,0.423832207918167,0.410851627588272,-0.676791310310364
0.651660740375519,0.197809994220734,0.856980621814728,0.442532658576965,0.41913691163063,0.407801330089569,-0.679843485355377
0.65095055103302,0.197557061910629,0.858819425106049,0.451463013887405,0.422985255718231,0.412866562604904,-0.668435454368591
0.649249732494354,0.197404861450195,0.857281565666199,0.452785551548004,0.419360756874084,0.409886240959167,-0.671651005744934
0.648818135261536,0.198428615927696,0.858354568481445,0.445969671010971,0.419574320316315,0.406958669424057,-0.677829682826996
0.646970570087433,0.198448807001114,0.857040286064148,0.456416189670563,0.418151199817657,0.401619553565979,-0.674933791160583
0.646324694156647,0.198706582188606,0.85758775472641,0.457445293664932,0.421397477388382,0.401910364627838,-0.672038733959198
0.645394504070282,0.19880348443985,0.856752455234528,0.458442747592926,0.421678334474564,0.400269210338592,-0.672162413597107
0.644713521003723,0.199152961373329,0.857242584228516,0.458143413066864,0.41955104470253,0.396134346723557,-0.676135540008545
0.644180774688721,0.199421271681786,0.857283890247345,0.457407653331757,0.420982182025909,0.395230203866959,-0.676273107528687
0.643600106239319,0.199631661176681,0.856832146644592,0.459167063236237,0.432599633932114,0.39953076839447,-0.665130376815796
0.643039166927338,0.200364112854004,0.856543660163879,0.458150923252106,0.426025927066803,0.394217193126678,-0.673195779323578
0.642699003219604,0.199884161353111,0.856430172920227,0.457406312227249,0.428506106138229,0.399403154850006,-0.669058382511139
0.642388761043549,0.200640678405762,0.856272280216217,0.454779744148254,0.428691267967224,0.394988089799881,-0.673337876796722
0.64224773645401,0.201185002923012,0.855801165103912,0.453597217798233,0.429606854915619,0.39454710483551,-0.673810124397278
0.641892552375793,0.201963365077972,0.855435848236084,0.455252081155777,0.42975977063179,0.389442503452301,-0.675563931465149
0.641911923885345,0.202467501163483,0.855162501335144,0.454510927200317,0.434209048748016,0.391290098428726,-0.672141671180725
0.641870141029358,0.202446937561035,0.854881644248962,0.451739430427551,0.437614738941193,0.394801259040833,-0.669743895530701
0.641648530960083,0.203314453363418,0.854307770729065,0.450506776571274,0.433349728584289,0.390622586011887,-0.67577052116394
0.641802132129669,0.203879907727241,0.853983938694,0.450220674276352,0.438140571117401,0.392138361930847,-0.671983540058136
0.641831755638123,0.204433962702751,0.853771090507507,0.449930369853973,0.436837673187256,0.390829503536224,-0.673786282539368
0.641838908195496,0.205039381980896,0.853384613990784,0.449074119329453,0.438319116830826,0.390868127346039,-0.673372745513916
0.641807377338409,0.205567717552185,0.852751791477203,0.446589410305023,0.442376673221588,0.393330365419388,-0.670933723449707
0.641807377338409,0.205567717552185,0.852751791477203,0.446589410305023,0.442376673221588,0.393330365419388,-0.670933723449707
0.641958236694336,0.206569075584412,0.852400004863739,0.43594616651535,0.44953265786171,0.395479023456573,-0.67191356420517
0.64200234413147,0.207145124673843,0.851976037025452,0.435929656028748,0.451909005641937,0.396054595708847,-0.66998815536499
0.642195403575897,0.20786988735199,0.851515173912048,0.433603376150131,0.453974276781082,0.398970693349838,-0.668369591236115
0.64196503162384,0.208235412836075,0.851253390312195,0.433293640613556,0.452965646982193,0.397614121437073,-0.670061111450195
0.641998708248138,0.208906695246696,0.850855231285095,0.432727366685867,0.457810252904892,0.398929089307785,-0.666342616081238
0.642047166824341,0.209409520030022,0.851110219955444,0.431770801544189,0.456534802913666,0.397842139005661,-0.668484628200531
0.641938090324402,0.209353178739548,0.850024342536926,0.434065103530884,0.453382700681686,0.401522397994995,-0.66694188117981
0.641920566558838,0.210033178329468,0.849726378917694,0.433424741029739,0.454226225614548,0.400887697935104,-0.667166173458099
0.641990780830383,0.210778504610062,0.849311828613281,0.433082908391953,0.459063947200775,0.402806222438812,-0.662907779216766
0.641644954681396,0.211128085851669,0.849236369132996,0.431969463825226,0.45778825879097,0.401276141405106,-0.665439665317535
0.64115047454834,0.211961820721626,0.849003195762634,0.433245331048965,0.458758741617203,0.401327043771744,-0.663909316062927
0.641148209571838,0.21211776137352,0.848660528659821,0.429642468690872,0.458691418170929,0.402137607336044,-0.665804028511047
0.640814065933228,0.213572859764099,0.848211109638214,0.426979660987854,0.460109084844589,0.395600825548172,-0.670438766479492
0.640477120876312,0.214009687304497,0.847817182540894,0.426269739866257,0.460748255252838,0.39547860622406,-0.670523643493652
0.640307784080505,0.214581102132797,0.848762571811676,0.425299286842346,0.460848867893219,0.396580755710602,-0.670419692993164
0.639816761016846,0.215348809957504,0.847822844982147,0.424842327833176,0.461760342121124,0.395472556352615,-0.670736849308014
0.63930881023407,0.215801179409027,0.847563326358795,0.42435222864151,0.462951600551605,0.395063757896423,-0.670466840267181
0.63878208398819,0.216174095869064,0.847313940525055,0.423864245414734,0.463179111480713,0.39515221118927,-0.670566141605377
0.638236045837402,0.216724589467049,0.847085177898407,0.422281742095947,0.462727963924408,0.395653069019318,-0.671579957008362
0.637767434120178,0.217175751924515,0.846872508525848,0.422712206840515,0.465476781129837,0.396737188100815,-0.668764054775238
0.637225866317749,0.216726824641228,0.847381889820099,0.425341874361038,0.465630680322647,0.403295338153839,-0.663042545318604
0.636246502399445,0.216830015182495,0.846850752830505,0.42563784122467,0.461987376213074,0.400986909866333,-0.666790664196014
0.635588049888611,0.217326626181602,0.847165107727051,0.424968987703323,0.461515814065933,0.401635020971298,-0.667153537273407
0.635005831718445,0.218002244830132,0.84721314907074,0.425045341253281,0.464712023735046,0.402667671442032,-0.664257705211639
0.633927822113037,0.218175858259201,0.846615612506866,0.42670202255249,0.464775145053864,0.401989102363586,-0.663561880588531
0.63321191072464,0.218828126788139,0.847066044807434,0.425442188978195,0.461336940526962,0.397684842348099,-0.669338583946228
0.63321191072464,0.218828126788139,0.847066044807434,0.425442188978195,0.461336940526962,0.397684842348099,-0.669338583946228
0.631206035614014,0.219140768051147,0.84659206867218,0.42627027630806,0.459104657173157,0.400061398744583,-0.668930232524872
0.630212128162384,0.220116972923279,0.846232771873474,0.427298188209534,0.462288945913315,0.398225337266922,-0.667174518108368
0.629204571247101,0.220803618431091,0.846818029880524,0.425826281309128,0.458430528640747,0.39671927690506,-0.671660184860229
0.62799459695816,0.221251234412193,0.846412301063538,0.424331516027451,0.463040232658386,0.396122843027115,-0.669793605804443
0.626831591129303,0.221745416522026,0.846301555633545,0.422658562660217,0.459498256444931,0.394079625606537,-0.674479424953461
0.625437200069427,0.222062140703201,0.846479713916779,0.423512607812881,0.460475474596024,0.393369883298874,-0.673691093921661
0.624295175075531,0.222575902938843,0.846463680267334,0.430512934923172,0.451644241809845,0.389290899038315,-0.677590548992157
0.622926950454712,0.223082587122917,0.846538126468658,0.431243896484375,0.455042272806168,0.390248447656631,-0.674293398857117
0.621536076068878,0.223747044801712,0.846356093883514,0.432107210159302,0.450811624526977,0.386805862188339,-0.678552627563477
0.619904935359955,0.224064961075783,0.846515357494354,0.431671291589737,0.449341773986816,0.386207371950149,-0.680144071578979
0.619904935359955,0.224064961075783,0.846515357494354,0.431671291589737,0.449341773986816,0.386207371950149,-0.680144071578979
0.617075860500336,0.225276365876198,0.847156763076782,0.433613449335098,0.447593003511429,0.382752865552902,-0.682011842727661
0.61548388004303,0.224512919783592,0.847163319587708,0.431992530822754,0.445017218589783,0.390965133905411,-0.680065035820007
0.61390233039856,0.225989431142807,0.847133994102478,0.432606637477875,0.441447585821152,0.382475346326828,-0.686795473098755
0.612289369106293,0.226616635918617,0.847384810447693,0.432962626218796,0.441507399082184,0.383546561002731,-0.685935080051422
0.610592365264893,0.22709846496582,0.847743928432465,0.434201300144196,0.436281144618988,0.382043033838272,-0.689326703548431
0.608869910240173,0.228395238518715,0.847764015197754,0.438770860433578,0.432521134614944,0.379849672317505,-0.69001430273056
0.607107102870941,0.228323474526405,0.848223209381104,0.43643119931221,0.429330497980118,0.3809854388237,-0.692858815193176
0.605514049530029,0.228689685463905,0.84892475605011,0.430328458547592,0.423532098531723,0.382984220981598,-0.699114561080933
0.603677093982697,0.229246765375137,0.848663449287415,0.432874709367752,0.420046448707581,0.381996780633926,-0.700184941291809
0.602026164531708,0.230128407478332,0.849063396453857,0.433328449726105,0.416644513607025,0.38277480006218,-0.701510906219482
0.599966526031494,0.231149464845657,0.849819302558899,0.444931477308273,0.416115939617157,0.379115402698517,-0.696530759334564
0.598321795463562,0.231752425432205,0.850262641906738,0.446727305650711,0.414856761693954,0.381434798240662,-0.694864213466644
0.596659183502197,0.232419058680534,0.850232779979706,0.449678838253021,0.409986704587936,0.380648344755173,-0.696280658245087
0.594270467758179,0.233109578490257,0.850607931613922,0.450798481702805,0.406260937452316,0.37875559926033,-0.698768317699432
0.592301964759827,0.233397215604782,0.851107954978943,0.451272785663605,0.408851146697998,0.384611219167709,-0.693734765052795
0.590115606784821,0.234067156910896,0.851587414741516,0.459690928459167,0.40423196554184,0.383169531822205,-0.691709518432617
0.588508784770966,0.23560243844986,0.851768374443054,0.460103332996368,0.402721464633942,0.377390146255493,-0.695483386516571
0.586944699287415,0.236536055803299,0.851690173149109,0.461059480905533,0.397270292043686,0.374253988265991,-0.699667453765869
0.584698081016541,0.23656615614891,0.85244357585907,0.461425125598907,0.398914456367493,0.37634751200676,-0.697364151477814
0.582815766334534,0.236859947443008,0.852862596511841,0.46313750743866,0.396265000104904,0.379836946725845,-0.695846080780029
0.580783784389496,0.238295868039131,0.853232622146606,0.465620666742325,0.394239664077759,0.370658308267593,-0.700275003910065
0.578942835330963,0.239020377397537,0.853483319282532,0.46701654791832,0.391686290502548,0.368883103132248,-0.701714158058167
0.577143728733063,0.238639831542969,0.854016482830048,0.469450563192367,0.392466217279434,0.373039186000824,-0.697444081306458
0.575579702854156,0.239788115024567,0.854601085186005,0.468328148126602,0.396674752235413,0.373321413993835,-0.695664525032043
0.574089825153351,0.240976735949516,0.854171752929688,0.471017062664032,0.390211522579193,0.367126613855362,-0.700782358646393
0.572346746921539,0.241569370031357,0.854845881462097,0.473380863666534,0.390320360660553,0.366356700658798,-0.699530839920044
0.570474982261658,0.241161063313484,0.855001926422119,0.474662005901337,0.388080894947052,0.37047016620636,-0.697739958763123
0.568807244300842,0.242638021707535,0.854874968528748,0.475537896156311,0.384421586990356,0.362722128629684,-0.703218698501587
0.567411839962006,0.242715105414391,0.855768084526062,0.475814014673233,0.38998082280159,0.368247896432877,-0.697072088718414
0.565774500370026,0.242789596319199,0.856190919876099,0.47944164276123,0.385297119617462,0.367701351642609,-0.697479367256165
0.564008951187134,0.244254648685455,0.855639815330505,0.481020122766495,0.384288787841797,0.360701739788055,-0.700596928596497
0.562950015068054,0.244078889489174,0.856656491756439,0.477112025022507,0.38783523440361,0.366196572780609,-0.698461353778839
0.561009764671326,0.244062006473541,0.857227683067322,0.479787260293961,0.380625367164612,0.364167660474777,-0.701648354530334
0.559231400489807,0.244655668735504,0.857815027236938,0.481946766376495,0.37956964969635,0.362284034490585,-0.701715409755707
0.557626605033875,0.244991585612297,0.858273208141327,0.484005928039551,0.377461791038513,0.359946966171265,-0.702637135982513
0.5550377368927,0.243844091892242,0.858746647834778,0.467432051897049,0.372572898864746,0.362401992082596,-0.715095579624176
0.553920328617096,0.246240511536598,0.859936773777008,0.489342272281647,0.377195417881012,0.352614969015121,-0.702801883220673
0.551785349845886,0.246344685554504,0.860253572463989,0.476672440767288,0.377112448215485,0.351934224367142,-0.71183705329895
0.549790978431702,0.248476445674896,0.860901534557343,0.494483947753906,0.375122308731079,0.33631443977356,-0.708280682563782
0.54753565788269,0.247667595744133,0.862325012683868,0.481309145689011,0.372650355100632,0.341000586748123,-0.716374218463898
0.545674324035645,0.2499770373106,0.863191843032837,0.500419557094574,0.373950004577637,0.327651143074036,-0.708792388439178
0.542339205741882,0.248438820242882,0.865210771560669,0.482809036970138,0.368600934743881,0.333162367343903,-0.721132218837738
0.541040241718292,0.25067138671875,0.867083191871643,0.507964193820953,0.370911598205566,0.323226898908615,-0.707051157951355
0.538764715194702,0.251143664121628,0.868281841278076,0.506522417068481,0.367880403995514,0.320389926433563,-0.710949718952179
0.535958886146545,0.253153711557388,0.86882221698761,0.511739730834961,0.363528311252594,0.307342529296875,-0.71519947052002
0.533608496189117,0.253829598426819,0.871971249580383,0.522664785385132,0.36568757891655,0.307806521654129,-0.705938577651978
0.530702114105225,0.255573809146881,0.872279345989227,0.519574403762817,0.359628528356552,0.295833319425583,-0.716374576091766
0.527761161327362,0.257482051849365,0.874517679214478,0.528984665870667,0.359658122062683,0.288434356451034,-0.712479472160339
0.524778604507446,0.25924888253212,0.876153945922852,0.534037530422211,0.356560200452805,0.282034337520599,-0.712829113006592
0.521640777587891,0.26078936457634,0.877891361713409,0.534138858318329,0.35337370634079,0.277839183807373,-0.715980648994446
0.518517792224884,0.263132691383362,0.879969835281372,0.542698383331299,0.352291405200958,0.271190404891968,-0.712618410587311
0.515198647975922,0.265218317508698,0.881993591785431,0.546582162380219,0.349212050437927,0.26768559217453,-0.712490975856781
0.510863125324249,0.26596474647522,0.883575201034546,0.534452080726624,0.339314967393875,0.269908517599106,-0.725517690181732
0.507601499557495,0.268369197845459,0.885499119758606,0.538148105144501,0.334815382957458,0.266325294971466,-0.726199865341187
0.504686295986176,0.272148191928864,0.887385129928589,0.555210530757904,0.335209161043167,0.258278369903564,-0.71600866317749
0.501011967658997,0.274830788373947,0.888982713222504,0.557616591453552,0.33013728260994,0.256408244371414,-0.717166721820831
0.497460603713989,0.277501255273819,0.890720784664154,0.559379935264587,0.324974685907364,0.255058020353317,-0.718631386756897
0.493859350681305,0.280002921819687,0.89240300655365,0.559695959091187,0.318347156047821,0.257213711738586,-0.720580816268921
0.490323901176453,0.2827969789505,0.895043015480042,0.563120782375336,0.31662318110466,0.261873751878738,-0.716984748840332
0.485765099525452,0.286483466625214,0.895613491535187,0.56660521030426,0.307248204946518,0.254767537117004,-0.720867931842804
0.48221617937088,0.289319843053818,0.897194564342499,0.566861510276794,0.300603866577148,0.259137123823166,-0.721909523010254
0.478396505117416,0.29261726140976,0.898473501205444,0.567478358745575,0.293809026479721,0.258449763059616,-0.724464178085327
0.474168181419373,0.295940935611725,0.899505734443665,0.565497934818268,0.285623073577881,0.264524072408676,-0.727089107036591
0.470211446285248,0.299282938241959,0.900406897068024,0.565649688243866,0.280225813388824,0.268390774726868,-0.727653980255127
0.466558516025543,0.302809983491898,0.901118993759155,0.564532160758972,0.273746073246002,0.27251809835434,-0.729452252388
0.46243804693222,0.30610978603363,0.902324259281158,0.563778638839722,0.264573454856873,0.278614521026611,-0.731114625930786
0.458794176578522,0.309213787317276,0.904131531715393,0.559312760829926,0.261756628751755,0.289774596691132,-0.731220424175262
0.454580962657928,0.313086152076721,0.904251158237457,0.559103727340698,0.257109850645065,0.293705940246582,-0.731460392475128
0.450672268867493,0.316816210746765,0.904563426971436,0.556509971618652,0.250529557466507,0.300120145082474,-0.733116388320923
0.44661808013916,0.320669531822205,0.904660642147064,0.553439199924469,0.245891466736793,0.306723684072495,-0.734277248382568
0.442655473947525,0.32448348402977,0.904402017593384,0.549632251262665,0.238060012459755,0.313456743955612,-0.73686957359314
0.438817203044891,0.328787684440613,0.904874622821808,0.539355278015137,0.238495409488678,0.322678565979004,-0.74033397436142
0.434886872768402,0.332628160715103,0.904281437397003,0.536354303359985,0.232757776975632,0.328818649053574,-0.741637587547302
0.431003153324127,0.336638301610947,0.903781592845917,0.53196918964386,0.229049533605576,0.337103337049484,-0.742230892181396
0.427394479513168,0.340488970279694,0.902831315994263,0.526745319366455,0.224911987781525,0.346380978822708,-0.742949724197388
0.423378944396973,0.344090133905411,0.901557922363281,0.523792088031769,0.218189403414726,0.354332804679871,-0.743292391300201
0.419804900884628,0.348111063241959,0.900490760803223,0.519121110439301,0.215732395648956,0.362458378076553,-0.74336850643158
0.415805876255035,0.351516485214233,0.899195969104767,0.517542243003845,0.210507392883301,0.371212005615234,-0.741645693778992
0.412287920713425,0.355176120996475,0.8976229429245,0.515099763870239,0.20645660161972,0.380320310592651,-0.739867746829987
0.408130049705505,0.357757955789566,0.893378138542175,0.533362030982971,0.182709068059921,0.379717290401459,-0.733455657958984
0.404761731624603,0.360591292381287,0.893048346042633,0.531104505062103,0.185386121273041,0.396600961685181,-0.725443124771118
0.40201860666275,0.365317404270172,0.890599966049194,0.522825419902802,0.18367101252079,0.396450221538544,-0.731946647167206
0.398768395185471,0.368866145610809,0.889445424079895,0.518698751926422,0.185049533843994,0.403674602508545,-0.730585396289825
0.395741105079651,0.37226727604866,0.887793600559235,0.514771103858948,0.185609683394432,0.410973846912384,-0.729150414466858
0.392177015542984,0.374894112348557,0.887858152389526,0.507811427116394,0.195633590221405,0.431422680616379,-0.71953421831131
0.389216840267181,0.37804251909256,0.884462058544159,0.513152599334717,0.183167025446892,0.424902081489563,-0.722898781299591
0.386354088783264,0.380616754293442,0.882527947425842,0.512244403362274,0.183849915862083,0.434019833803177,-0.717935919761658
0.382956892251968,0.383215874433517,0.88078910112381,0.510361671447754,0.180851191282272,0.436067670583725,-0.718796789646149
0.379196405410767,0.384872108697891,0.880373239517212,0.508405447006226,0.183809161186218,0.448404133319855,-0.711808919906616
0.37674930691719,0.387535333633423,0.877474844455719,0.509508788585663,0.178456723690033,0.444161891937256,-0.715034425258636
0.373474776744842,0.389441430568695,0.877637267112732,0.499510318040848,0.191186353564262,0.45928230881691,-0.709222912788391
0.370254576206207,0.390243023633957,0.875061571598053,0.507189750671387,0.182327315211296,0.460727781057358,-0.705156266689301
0.367196530103683,0.39213615655899,0.873516082763672,0.499509692192078,0.184082344174385,0.459553956985474,-0.710924744606018
0.36493444442749,0.394202560186386,0.87050324678421,0.4965580701828,0.180914118885994,0.45476484298706,-0.71686065196991
0.36131352186203,0.395068138837814,0.87057101726532,0.487607896327972,0.19026505947113,0.463400095701218,-0.715051114559174
0.358027756214142,0.396059334278107,0.868991136550903,0.480854868888855,0.189141988754272,0.459920704364777,-0.722133636474609
0.35547086596489,0.397035598754883,0.865649521350861,0.482794731855392,0.179650694131851,0.449446797370911,-0.729816794395447
0.352690994739532,0.397796958684921,0.863849461078644,0.476640254259109,0.180735856294632,0.449606835842133,-0.733486533164978
0.349683523178101,0.398278892040253,0.862338244915009,0.471706420183182,0.182385981082916,0.448862701654434,-0.736716151237488
0.347252130508423,0.398720234632492,0.860353946685791,0.46538981795311,0.185724630951881,0.4509197473526,-0.738640666007996
0.34448978304863,0.398849964141846,0.858592987060547,0.459779649972916,0.186827689409256,0.450551331043243,-0.742092669010162
0.341926008462906,0.399071037769318,0.856771945953369,0.453391551971435,0.188374206423759,0.449555963277817,-0.746224343776703
0.339346796274185,0.399139761924744,0.854859709739685,0.445661127567291,0.189242675900459,0.449706465005875,-0.750558137893677
0.337036639451981,0.399169147014618,0.853163540363312,0.43850240111351,0.192665681242943,0.44991073012352,-0.753774523735046
0.334762454032898,0.39903661608696,0.85121750831604,0.430862456560135,0.195841267704964,0.450160413980484,-0.757205069065094
0.332371354103088,0.398949980735779,0.849163293838501,0.424541622400284,0.198305249214172,0.450295299291611,-0.760048389434814
0.330287754535675,0.398801445960998,0.847262978553772,0.418304324150085,0.201680704951286,0.450043708086014,-0.762762844562531
0.328248232603073,0.398677825927734,0.845361351966858,0.41133251786232,0.205733776092529,0.450999975204468,-0.764904081821442
0.32593184709549,0.398472607135773,0.845805704593658,0.386524945497513,0.225960940122604,0.462304949760437,-0.765385091304779
0.323746711015701,0.397568166255951,0.843585669994354,0.369681894779205,0.229400813579559,0.466200679540634,-0.770303547382355
0.321679979562759,0.397063255310059,0.841694593429565,0.362191706895828,0.232455372810364,0.465087890625,-0.773611664772034
0.320631325244904,0.396754741668701,0.837224721908569,0.372715830802917,0.223700642585754,0.457902580499649,-0.775478005409241
0.319055020809174,0.396358042955399,0.835267841815948,0.365725606679916,0.228840693831444,0.458679854869842,-0.776845932006836
0.317256391048431,0.39664289355278,0.836690366268158,0.348468720912933,0.25354215502739,0.464409053325653,-0.773699104785919
0.316424787044525,0.396489381790161,0.831201374530792,0.366115540266037,0.233463183045387,0.448981255292892,-0.780941843986511
0.314831972122192,0.39529749751091,0.829918503761292,0.351389437913895,0.243898630142212,0.459282785654068,-0.778523147106171
0.314094185829163,0.395771563053131,0.827665209770203,0.359877347946167,0.244711622595787,0.452247112989426,-0.778509497642517
0.312696218490601,0.394844561815262,0.825771510601044,0.349035233259201,0.247126057744026,0.456627070903778,-0.780125021934509
0.311133801937103,0.394804656505585,0.825084090232849,0.352080553770065,0.253826856613159,0.458841413259506,-0.775290668010712
0.309856623411179,0.394105702638626,0.824745178222656,0.332721441984177,0.266441106796265,0.463720947504044,-0.776703715324402
0.308694183826446,0.393677294254303,0.82214629650116,0.343528479337692,0.26371043920517,0.461593449115753,-0.774194180965424
0.307215631008148,0.392713278532028,0.821282923221588,0.341321915388107,0.267896503210068,0.462696462869644,-0.773073613643646
0.307615369558334,0.393499374389648,0.820578455924988,0.345896750688553,0.272503405809402,0.463122963905334,-0.769164800643921
0.306478679180145,0.393344223499298,0.819534420967102,0.347737789154053,0.278287529945373,0.46334445476532,-0.766124308109283
0.306478679180145,0.393344223499298,0.819534420967102,0.347737789154053,0.278287529945373,0.46334445476532,-0.766124308109283
0.304739028215408,0.392736554145813,0.817404866218567,0.344956785440445,0.272214472293854,0.464217692613602,-0.769029319286346
0.303992033004761,0.392571151256561,0.816494822502136,0.350632905960083,0.280522882938385,0.467460870742798,-0.761474788188934
0.303180396556854,0.392303645610809,0.815682172775269,0.346911430358887,0.273001283407211,0.46772101521492,-0.765741407871246
0.303180396556854,0.392303645610809,0.815682172775269,0.346911430358887,0.273001283407211,0.46772101521492,-0.765741407871246
0.301746904850006,0.391985058784485,0.814195036888123,0.352069556713104,0.275844722986221,0.469070315361023,-0.761531233787537
0.299894094467163,0.391852349042892,0.813979804515839,0.352988809347153,0.282000422477722,0.478293657302856,-0.753066897392273
0.299277067184448,0.391835391521454,0.813398480415344,0.353772073984146,0.281170248985291,0.479284048080444,-0.752379834651947
0.298052459955215,0.390874147415161,0.813002109527588,0.349956780672073,0.278611719608307,0.48171004652977,-0.753565669059753
0.297230720520019,0.390494793653488,0.812114834785461,0.343145370483398,0.275783091783524,0.485028088092804,-0.755607545375824
0.296541512012482,0.390566825866699,0.811556816101074,0.339038133621216,0.266211777925491,0.484467923641205,-0.761232733726501
0.295999437570572,0.390785992145538,0.811127066612244,0.343237340450287,0.273689299821854,0.487400263547897,-0.754800319671631
0.295472025871277,0.391038686037064,0.81073522567749,0.34306925535202,0.273444652557373,0.488095462322235,-0.754515945911407
0.294861435890198,0.391257911920547,0.810277223587036,0.338680148124695,0.265508443117142,0.487442970275879,-0.759737074375153
0.294250667095184,0.391604065895081,0.809692740440369,0.338423699140549,0.264985203742981,0.486748814582825,-0.760478675365448
0.29384058713913,0.392088800668716,0.809326827526093,0.341968923807144,0.274071276187897,0.489281058311462,-0.754020035266876
0.293386459350586,0.392354369163513,0.808813571929932,0.339468747377396,0.274477392435074,0.490252077579498,-0.754371285438538
0.293667197227478,0.393843740224838,0.808440923690796,0.347809582948685,0.276744365692139,0.488832116127014,-0.750655949115753
0.292748868465424,0.392934143543243,0.808027625083923,0.335459053516388,0.276800096035004,0.491629660129547,-0.75441986322403
0.293729931116104,0.393483608961105,0.807035446166992,0.33644437789917,0.274949789047241,0.487287133932114,-0.75746887922287
0.29210302233696,0.393846839666367,0.806844353675842,0.333972603082657,0.277806222438812,0.491259068250656,-0.754950702190399
0.292075306177139,0.394152671098709,0.806180417537689,0.329544991254807,0.268612086772919,0.488886117935181,-0.761733531951904
0.291818737983704,0.394643068313599,0.80557382106781,0.329358071088791,0.26898318529129,0.491813898086548,-0.759796440601349
0.291874915361404,0.395263254642487,0.805020213127136,0.332625240087509,0.277204245328903,0.495698869228363,-0.752861797809601
0.291699439287186,0.395692348480225,0.80426287651062,0.328325748443604,0.268474966287613,0.49374121427536,-0.759172677993774
0.292377561330795,0.397286415100098,0.803553760051727,0.337217062711716,0.276709198951721,0.495880365371704,-0.750879108905792
0.293642699718475,0.397301018238068,0.802375197410583,0.324657827615738,0.26499280333519,0.491722524166107,-0.76327258348465
0.294178068637848,0.398204684257507,0.802094638347626,0.334371566772461,0.274872630834579,0.495094448328018,-0.753340840339661
0.294595003128052,0.398326545953751,0.801566600799561,0.329269766807556,0.266370058059692,0.49331796169281,-0.75978010892868
0.294940829277039,0.39885750412941,0.801018297672272,0.334874868392944,0.274705469608307,0.498299211263657,-0.751061677932739
0.295570850372314,0.399181425571442,0.800466775894165,0.336329847574234,0.274270951747894,0.499196231365204,-0.749973952770233
0.296156972646713,0.399295121431351,0.799956440925598,0.333155363798141,0.266108155250549,0.497690111398697,-0.755313575267792
0.296439528465271,0.399201601743698,0.79937756061554,0.332507759332657,0.270067542791367,0.499775826931,-0.752812266349792
0.297123789787292,0.399233937263489,0.79915452003479,0.333438575267792,0.270621478557587,0.501889824867249,-0.750792562961578
0.298236429691315,0.399534165859222,0.799247980117798,0.334644794464111,0.263708800077438,0.499114543199539,-0.75455641746521
0.298919200897217,0.399511814117432,0.799046277999878,0.335173040628433,0.262266367673874,0.499036580324173,-0.754876017570496
0.299716949462891,0.399531364440918,0.798807919025421,0.33622333407402,0.258506536483765,0.495959967374802,-0.757728099822998
0.300606697797775,0.399509519338608,0.79865175485611,0.33761066198349,0.255835264921188,0.495400041341782,-0.758383989334106
0.301315486431122,0.399644374847412,0.798625409603119,0.343550056219101,0.262372195720673,0.497607707977295,-0.752011239528656
0.302199900150299,0.399464905261993,0.798616290092468,0.344506591558456,0.261102020740509,0.497271239757538,-0.752238154411316
0.303166687488556,0.399215817451477,0.798705101013184,0.343891859054565,0.258454531431198,0.49626949429512,-0.754092991352081
0.304432511329651,0.398970425128937,0.798829078674316,0.343656480312347,0.256069213151932,0.49935519695282,-0.75297623872757
0.305482685565948,0.398788094520569,0.798909902572632,0.343804180622101,0.255669087171555,0.498857945203781,-0.75337427854538
0.306520879268646,0.398727416992188,0.799070835113525,0.345640331506729,0.25944584608078,0.496497839689255,-0.752801895141602
0.307760864496231,0.398472130298615,0.799110174179077,0.346683949232101,0.258804976940155,0.496676504611969,-0.752424597740173
0.309207916259766,0.397758364677429,0.799023032188416,0.338064581155777,0.255250424146652,0.499772399663925,-0.755504608154297
0.3103928565979,0.39814418554306,0.799450218677521,0.348614126443863,0.259649723768234,0.496235907077789,-0.751531898975372
0.311963587999344,0.398129910230637,0.799643278121948,0.348159730434418,0.260574072599411,0.495393633842468,-0.751978158950806
0.313103348016739,0.397359281778336,0.799403071403503,0.341065943241119,0.259410321712494,0.497521936893463,-0.754222989082336
0.314296036958694,0.39643383026123,0.800095200538635,0.339996099472046,0.260409951210022,0.497765988111496,-0.754200458526611
0.316288113594055,0.396949291229248,0.800072550773621,0.343402355909347,0.261108160018921,0.496836513280868,-0.753027856349945
0.317473292350769,0.395958513021469,0.800655543804169,0.341022938489914,0.26199346780777,0.496336877346039,-0.754130303859711
0.317473292350769,0.395958513021469,0.800655543804169,0.341022938489914,0.26199346780777,0.496336877346039,-0.754130303859711
0.321413457393646,0.396360069513321,0.801444351673126,0.351439774036407,0.265925675630569,0.493831783533096,-0.749602496623993
0.322588920593262,0.394243955612183,0.801066756248474,0.329835891723633,0.263126999139786,0.498023480176926,-0.757591724395752
0.325388669967651,0.395424842834473,0.80227142572403,0.346618175506592,0.263094276189804,0.494759649038315,-0.752230167388916
0.326326191425323,0.393938988447189,0.802738428115845,0.341104000806808,0.266283243894577,0.493427157402039,-0.754500508308411
0.328236192464828,0.393424540758133,0.803304493427277,0.340716868638992,0.266808986663818,0.491474777460098,-0.755762934684753
0.330684006214142,0.393951952457428,0.804012060165405,0.348240584135055,0.268524706363678,0.488627284765243,-0.753569006919861
0.331961333751678,0.392260760068893,0.804672062397003,0.338868707418442,0.266659766435623,0.489504426717758,-0.757922112941742
0.333875715732574,0.391638338565826,0.805599510669708,0.337904870510101,0.266637533903122,0.488105416297913,-0.75926148891449
0.335798859596252,0.391043812036514,0.806576013565063,0.33778390288353,0.265199363231659,0.484773814678192,-0.761948585510254
0.337675362825394,0.390404403209686,0.807604551315308,0.338833779096603,0.267300128936768,0.48495352268219,-0.760632872581482
0.339615285396576,0.389769792556763,0.808706521987915,0.338048487901688,0.267585396766663,0.484572887420654,-0.761124432086945
0.341575682163239,0.389137774705887,0.80990594625473,0.337496191263199,0.268333196640015,0.4835264980793,-0.761771500110626
0.343480616807938,0.388575315475464,0.811184346675873,0.339162945747375,0.268106877803802,0.482252389192581,-0.761918604373932
0.345342457294464,0.387805193662643,0.812634289264679,0.336947828531265,0.261618733406067,0.479770690202713,-0.766708493232727
0.347360581159592,0.387235552072525,0.81385338306427,0.336923241615295,0.269481837749481,0.480603098869324,-0.763467848300934
0.349278092384338,0.386762827634811,0.815631985664368,0.342444688081741,0.270257532596588,0.478270024061203,-0.762201011180878
0.351516902446747,0.386527925729752,0.817246437072754,0.345589488744736,0.271189749240875,0.476735234260559,-0.761411607265472
0.35411810874939,0.387270927429199,0.819032549858093,0.356379449367523,0.27445712685585,0.473063081502914,-0.757547497749329
0.355462431907654,0.385361313819885,0.82080090045929,0.347028493881226,0.273087710142136,0.47660219669342,-0.76016092300415
0.357868492603302,0.385620802640915,0.822334051132202,0.351949989795685,0.273636728525162,0.473702073097229,-0.759513258934021
0.360216796398163,0.385457068681717,0.824521720409393,0.359218895435333,0.27460053563118,0.471536248922348,-0.757106363773346
0.362181127071381,0.384524881839752,0.826057255268097,0.352850288152695,0.273192554712295,0.473059237003326,-0.759656190872192
0.362181127071381,0.384524881839752,0.826057255268097,0.352850288152695,0.273192554712295,0.473059237003326,-0.759656190872192
0.36652284860611,0.383668541908264,0.830490171909332,0.362777292728424,0.273779332637787,0.471088409423828,-0.755985021591187
0.368632197380066,0.382820188999176,0.832120597362518,0.356321483850479,0.271822601556778,0.472028464078903,-0.759168446063995
0.370619237422943,0.381981492042542,0.834236979484558,0.353969097137451,0.267179071903229,0.470755368471146,-0.762699604034424
0.372972428798675,0.382034748792648,0.836943686008453,0.366252154111862,0.273258686065674,0.470423370599747,-0.754911243915558
0.374907791614532,0.380866974592209,0.83869993686676,0.358982533216476,0.270574480295181,0.472535103559494,-0.758044600486755
0.377285748720169,0.381011843681335,0.841377258300781,0.36913076043129,0.27286621928215,0.468694299459457,-0.754726588726044
0.378910332918167,0.379276812076569,0.843645513057709,0.36053141951561,0.270677089691162,0.47084766626358,-0.758322834968567
0.381213009357452,0.379303693771362,0.845779895782471,0.363720118999481,0.27045676112175,0.470342814922333,-0.757191121578217
0.383141756057739,0.378775656223297,0.848293662071228,0.368992954492569,0.275289356708527,0.466056555509567,-0.755547106266022
0.383141756057739,0.378775656223297,0.848293662071228,0.368992954492569,0.275289356708527,0.466056555509567,-0.755547106266022
0.386881828308105,0.376757234334946,0.853480219841003,0.366841316223144,0.271493524312973,0.467454046010971,-0.757103443145752
0.389200657606125,0.376569181680679,0.855796337127686,0.372813105583191,0.273331850767136,0.463922321796417,-0.755695819854736
0.391252934932709,0.375989228487015,0.858389317989349,0.371242195367813,0.269974201917648,0.465285092592239,-0.756837487220764
0.393146514892578,0.375317901372909,0.861045479774475,0.376879692077637,0.271110385656357,0.462519019842148,-0.755339026451111
0.394963622093201,0.374233961105347,0.863547027111053,0.374209582805633,0.27248740196228,0.460536688566208,-0.757379591464996
0.396777480840683,0.373429328203201,0.866054892539978,0.374219238758087,0.271804839372635,0.457648932933807,-0.759367942810059
0.398725301027298,0.372499465942383,0.868446111679077,0.371819406747818,0.267520070075989,0.459536820650101,-0.760926604270935
0.400233864784241,0.371821135282516,0.871092081069946,0.373639225959778,0.270387679338455,0.453890115022659,-0.762409389019012
0.402009129524231,0.370940446853638,0.873497009277344,0.371569812297821,0.269638270139694,0.452841281890869,-0.764307498931885
0.402866423130035,0.370462089776993,0.878615736961365,0.357206434011459,0.283825308084488,0.458123624324799,-0.762869238853455
0.405136525630951,0.369335949420929,0.878633737564087,0.370978653430939,0.269317418336868,0.448741883039474,-0.76712042093277
0.406611651182175,0.368369936943054,0.881145238876343,0.366847097873688,0.264122247695923,0.451135128736496,-0.769506216049194
0.40793251991272,0.367355942726135,0.883787214756012,0.364479213953018,0.2615727186203,0.448450088500977,-0.773063540458679
0.40962752699852,0.367032527923584,0.885154604911804,0.36938065290451,0.257925152778625,0.441874414682388,-0.775744557380676
0.410840898752213,0.366221129894257,0.88798052072525,0.372680187225342,0.257090747356415,0.440717339515686,-0.775101363658905
0.411891430616379,0.364998996257782,0.8901686668396,0.370278030633926,0.256975442171097,0.438848346471786,-0.777348041534424
0.41304549574852,0.363765299320221,0.892741799354553,0.370960861444473,0.256341546773911,0.436414450407028,-0.778601050376892
0.41412878036499,0.362588763237,0.895204067230225,0.368263900279999,0.248917609453201,0.437675446271896,-0.781576633453369
0.414959669113159,0.361284255981445,0.897541701793671,0.365407973527908,0.245275408029556,0.437934577465057,-0.783919811248779
0.415427953004837,0.360115826129913,0.90397047996521,0.339580833911896,0.269621729850769,0.447802722454071,-0.781960308551788
0.416407525539398,0.359222024679184,0.906240224838257,0.337760716676712,0.270092844963074,0.444005101919174,-0.784746527671814
0.417141258716583,0.357800811529159,0.908692240715027,0.335093289613724,0.263153105974197,0.44674825668335,-0.786688685417175
0.417987704277039,0.356550186872482,0.911074042320252,0.329016298055649,0.259441256523132,0.444188803434372,-0.791918396949768
0.418524563312531,0.355393350124359,0.913503885269165,0.333964020013809,0.26384237408638,0.439738780260086,-0.790876269340515
0.418962478637695,0.353649735450745,0.915639758110046,0.332669854164123,0.259986877441406,0.438923835754394,-0.793147921562195
0.419760078191757,0.352625280618668,0.917951345443726,0.328429520130157,0.254644215106964,0.439501613378525,-0.796321988105774
0.420122504234314,0.351005852222443,0.920283794403076,0.322727859020233,0.251450270414352,0.437417566776276,-0.800803065299988
0.420502185821533,0.349566698074341,0.9224933385849,0.320182412862778,0.249604925513267,0.434052318334579,-0.804225862026215
0.419989168643951,0.348404794931412,0.922523736953735,0.331539005041122,0.236821517348289,0.425290107727051,-0.808162033557892
0.420252025127411,0.346602082252502,0.924218356609344,0.33009135723114,0.232048809528351,0.422348588705063,-0.811674058437347
0.420387923717499,0.344707369804382,0.926791191101074,0.328397423028946,0.238258928060532,0.416396200656891,-0.813635051250458
0.42206671833992,0.343486189842224,0.930307030677795,0.306504815816879,0.243196934461594,0.424396634101868,-0.816576719284058
0.421302616596222,0.342221170663834,0.929883778095245,0.318415015935898,0.228059872984886,0.413377821445465,-0.822021484375
0.421734511852264,0.340582758188248,0.931367993354797,0.316944539546966,0.231668725609779,0.409274250268936,-0.823632478713989
0.422943443059921,0.338898867368698,0.935289144515991,0.302647948265076,0.242697224020958,0.414513677358627,-0.823213636875153
0.423404574394226,0.337173372507095,0.93640398979187,0.291455566883087,0.234714239835739,0.414994359016418,-0.829302549362183
0.423498660326004,0.334959596395492,0.93820995092392,0.286045968532562,0.2346011698246,0.415037512779236,-0.831194221973419
0.423697710037231,0.333367586135864,0.939411818981171,0.289991468191147,0.233584895730019,0.412916094064713,-0.831169903278351
0.424193382263184,0.331984907388687,0.940459370613098,0.288189858198166,0.233317002654076,0.410796076059341,-0.832920432090759
0.425047934055328,0.331243187189102,0.941402316093445,0.284752428531647,0.236228808760643,0.410492449998856,-0.833431422710419
0.425291061401367,0.329335421323776,0.942183256149292,0.285179913043976,0.237788289785385,0.406651705503464,-0.834723770618439
0.425837874412537,0.327635109424591,0.942778646945953,0.278588503599167,0.232764333486557,0.409400224685669,-0.83701890707016
0.426245838403702,0.32630655169487,0.943739354610443,0.270481139421463,0.233315259218216,0.407455891370773,-0.840466380119324
0.426935076713562,0.325219631195068,0.94475245475769,0.276991635560989,0.237397745251655,0.406156837940216,-0.837827324867249
0.427132844924927,0.322852790355682,0.944699943065643,0.267762780189514,0.233992472290993,0.408643037080765,-0.840572118759155
0.427429765462875,0.320877373218536,0.945404529571533,0.263274520635605,0.233247444033623,0.406750380992889,-0.843111157417297
0.427429765462875,0.320877373218536,0.945404529571533,0.263274520635605,0.233247444033623,0.406750380992889,-0.843111157417297
0.428988963365555,0.319217652082443,0.94630765914917,0.275371253490448,0.240302309393883,0.403251767158508,-0.838936030864716
0.429179400205612,0.317282885313034,0.946390867233276,0.261340588331222,0.234729632735252,0.405609369277954,-0.843850791454315
0.429179400205612,0.317282885313034,0.946390867233276,0.261340588331222,0.234729632735252,0.405609369277954,-0.843850791454315
0.429703116416931,0.313690185546875,0.946853160858154,0.258806139230728,0.239149481058121,0.405433148145676,-0.843475580215454
0.429914325475693,0.312517791986465,0.947156965732574,0.256393074989319,0.237574487924576,0.408889442682266,-0.842988967895508
0.429983764886856,0.311220824718475,0.947513937950134,0.257915794849396,0.238247707486153,0.410385549068451,-0.841606318950653
0.429983764886856,0.311220824718475,0.947513937950134,0.257915794849396,0.238247707486153,0.410385549068451,-0.841606318950653
0.430024772882461,0.308429539203644,0.948372304439545,0.264803767204285,0.242576971650124,0.410167545080185,-0.838330447673798
0.429860383272171,0.307151854038239,0.948917627334595,0.266029864549637,0.243235409259796,0.409605771303177,-0.838026106357574
0.429699301719666,0.306313902139664,0.949111700057983,0.268015146255493,0.240753337740898,0.41342368721962,-0.836233496665955
0.429281175136566,0.304726779460907,0.949703693389893,0.272181391716003,0.241129398345947,0.413725882768631,-0.834628522396088
0.428281247615814,0.302476406097412,0.950885772705078,0.275755822658539,0.245095565915108,0.411796301603317,-0.833253085613251
0.428281247615814,0.302476406097412,0.950885772705078,0.275755822658539,0.245095565915108,0.411796301603317,-0.833253085613251
0.426600307226181,0.300445646047592,0.953190445899963,0.301275700330734,0.249685972929001,0.411364525556564,-0.823206603527069
0.424905121326446,0.297500759363174,0.953806281089783,0.289451390504837,0.247840210795402,0.415289610624313,-0.82603132724762
0.423808723688126,0.296418011188507,0.955537557601929,0.310649245977402,0.255236148834229,0.409594804048538,-0.818891823291779
0.420659482479095,0.292360901832581,0.955752849578857,0.305329024791717,0.247489795088768,0.409971565008163,-0.823071241378784
0.418235421180725,0.29202264547348,0.958436071872711,0.334929823875427,0.253393083810806,0.403732299804688,-0.812781870365143
0.41694039106369,0.289885014295578,0.96092289686203,0.354653984308243,0.25673520565033,0.39780655503273,-0.806261479854584
0.414070725440979,0.287176936864853,0.962069749832153,0.35787358880043,0.253015577793121,0.392796993255615,-0.808467864990234
0.414070725440979,0.287176936864853,0.962069749832153,0.35787358880043,0.253015577793121,0.392796993255615,-0.808467864990234
0.407577872276306,0.280473381280899,0.963351964950562,0.334436863660812,0.239177674055099,0.392500817775726,-0.822732746601105
0.404121369123459,0.277307718992233,0.965016663074493,0.34012696146965,0.241007044911384,0.388467669487,-0.82177996635437
0.400753676891327,0.273809283971786,0.966728568077087,0.349805772304535,0.236861109733581,0.384343087673187,-0.820861220359802
0.39677619934082,0.271136462688446,0.970018982887268,0.342143565416336,0.237553864717483,0.37761378288269,-0.826990902423859
0.393477201461792,0.268510639667511,0.970700740814209,0.351146340370178,0.232828199863434,0.363210678100586,-0.831002593040466
0.388563692569733,0.263989925384521,0.974332332611084,0.346805840730667,0.236291587352753,0.365578830242157,-0.830809354782104
0.384203910827637,0.260258466005325,0.976977407932282,0.35271617770195,0.23310025036335,0.360175251960754,-0.831582546234131
0.379616618156433,0.256595551967621,0.979697167873383,0.35645255446434,0.232483625411987,0.352206498384476,-0.833572685718536
0.374938189983368,0.252689242362976,0.982405781745911,0.357141435146332,0.223935648798943,0.348196536302566,-0.837294518947601
0.370322078466415,0.248890668153763,0.985338568687439,0.360417574644089,0.221590861678123,0.340106099843979,-0.839836061000824
0.365217745304108,0.244759380817413,0.98843777179718,0.364316582679748,0.219311863183975,0.332113176584244,-0.841948091983795
0.360698968172073,0.240952417254448,0.99196457862854,0.367734432220459,0.218651294708252,0.323357731103897,-0.844039559364319
0.355478525161743,0.236462354660034,0.994599938392639,0.363216161727905,0.212580353021622,0.319699019193649,-0.848926484584808
0.350457847118378,0.232370540499687,0.998376727104187,0.366991609334946,0.211442649364471,0.312047153711319,-0.850432753562927
0.345794916152954,0.228470057249069,1.00218653678894,0.371386855840683,0.216054752469063,0.30245515704155,-0.850830912590027
0.340654969215393,0.223947450518608,1.00547897815704,0.370373845100403,0.210669115185738,0.294181376695633,-0.855511069297791
0.340654969215393,0.223947450518608,1.00547897815704,0.370373845100403,0.210669115185738,0.294181376695633,-0.855511069297791
0.331561148166656,0.216676279902458,1.01173770427704,0.377165794372559,0.195803806185722,0.270097643136978,-0.863975822925568
0.325947523117065,0.211542099714279,1.01684212684631,0.369546383619308,0.200808644294739,0.272611051797867,-0.865329265594482
0.320622622966766,0.207169324159622,1.02060973644257,0.371204495429993,0.189653262495995,0.26472869515419,-0.86957323551178
0.315787196159363,0.203736990690231,1.02406859397888,0.372559756040573,0.184164255857468,0.25089168548584,-0.874263167381287
0.310948252677917,0.199462130665779,1.02900838851929,0.377683490514755,0.185385003685951,0.246844783425331,-0.872957766056061
0.306885868310928,0.196055918931961,1.03201365470886,0.381582885980606,0.178249508142471,0.23288944363594,-0.876575231552124
0.301519393920898,0.191555738449097,1.03757309913635,0.377271920442581,0.179991662502289,0.232603624463081,-0.878159761428833
0.297304213047028,0.188247010111809,1.0404109954834,0.382886826992035,0.1715167760849,0.217994332313538,-0.881168603897095
0.292139768600464,0.184395655989647,1.0453292131424,0.379569888114929,0.170902788639069,0.212888404726982,-0.883966982364655
0.287557184696198,0.180464461445808,1.0489844083786,0.374265789985657,0.163921996951103,0.208388850092888,-0.888610661029816
0.283193498849869,0.176827028393745,1.05363774299622,0.376594722270966,0.163166373968124,0.201105490326881,-0.889443576335907
0.278550088405609,0.173307597637177,1.05809557437897,0.379645437002182,0.161396652460098,0.192929163575172,-0.890280187129974
0.274919629096985,0.170024573802948,1.06186091899872,0.381196826696396,0.157159239053726,0.184486135840416,-0.892163038253784
0.270587503910065,0.166316971182823,1.06596255302429,0.381485670804977,0.152791008353233,0.179395914077759,-0.893834888935089
0.265972524881363,0.16227151453495,1.07145321369171,0.376566886901855,0.153413146734238,0.180945664644241,-0.895500183105469
0.261660903692245,0.158932477235794,1.07567226886749,0.378107905387878,0.154491454362869,0.173758372664452,-0.896088659763336
0.258634328842163,0.156188264489174,1.07821643352509,0.385067999362946,0.149561882019043,0.162643522024155,-0.896047472953796
0.253871858119965,0.152442261576652,1.08407127857208,0.382648885250091,0.155016928911209,0.156991198658943,-0.897164165973663
0.24989165365696,0.148761555552483,1.08745074272156,0.37622857093811,0.146867200732231,0.156128168106079,-0.901391208171844
0.246726781129837,0.146639972925186,1.09044396877289,0.38885110616684,0.14457893371582,0.137971743941307,-0.899363994598389
0.242911532521248,0.143539384007454,1.09401762485504,0.38663911819458,0.140603467822075,0.133341401815414,-0.901643395423889
0.250746130943298,0.14224636554718,1.10262382030487,0.376424223184586,0.131469652056694,0.13421031832695,-0.907197952270508
0.235617265105247,0.136500492691994,1.10084009170532,0.376780599355698,0.128768920898438,0.130520775914192,-0.907975316047668
0.23222379386425,0.133500203490257,1.10412263870239,0.378571629524231,0.126001358032227,0.126602172851562,-0.908173441886902
0.229182153940201,0.13127076625824,1.10843777656555,0.379068225622177,0.132074311375618,0.126373022794724,-0.907134830951691
0.225813165307045,0.128016024827957,1.11047208309174,0.38092890381813,0.122518919408321,0.118569426238537,-0.908748388290405
0.222853988409042,0.125747203826904,1.11334145069122,0.384140104055405,0.123105689883232,0.113953739404678,-0.907907426357269
0.219906136393547,0.122988849878311,1.11620330810547,0.384715497493744,0.121506363153458,0.111328423023224,-0.908204972743988
0.217312678694725,0.120400123298168,1.11865699291229,0.384758830070496,0.113127589225769,0.117228075861931,-0.908526539802551
0.21476636826992,0.118318565189838,1.12146854400635,0.393950909376144,0.11344625800848,0.11135233938694,-0.905280828475952
0.211735740303993,0.114560008049011,1.12357258796692,0.383644700050354,0.103702045977116,0.114591673016548,-0.910456717014313
0.209201037883758,0.111977070569992,1.12594163417816,0.385610342025757,0.103373371064663,0.112634249031544,-0.909907758235931
0.206739544868469,0.109434723854065,1.12802565097809,0.385869473218918,0.10299164801836,0.110974371433258,-0.910045146942139
0.203521773219108,0.106882959604263,1.13040089607239,0.385704934597015,0.100823082029819,0.109376184642315,-0.910551071166992
0.20186173915863,0.104567557573318,1.13171136379242,0.391345292329788,0.106287017464638,0.105660758912563,-0.907958090305328
0.199563801288605,0.102222755551338,1.13341808319092,0.394152969121933,0.105892270803451,0.104443401098251,-0.906929969787598
0.196668282151222,0.099748708307743,1.13533532619476,0.395297735929489,0.105525121092796,0.103786997497082,-0.906549751758575
0.194485634565353,0.0976848974823951,1.13656938076019,0.400385499000549,0.100635424256325,0.103899851441383,-0.904858469963074
0.19275438785553,0.0954366326332092,1.13763725757599,0.404276847839355,0.100534521043301,0.103427201509476,-0.903192102909088
0.190053656697273,0.0927392020821571,1.13930356502533,0.403570562601089,0.0989948809146881,0.103870935738087,-0.903626978397369
0.188058465719223,0.0905887708067894,1.14031898975372,0.406255424022675,0.102457605302334,0.102671258151531,-0.902173817157745
0.186393618583679,0.0883566886186599,1.14116871356964,0.411792427301407,0.109457440674305,0.0933036059141159,-0.89985591173172
0.184663683176041,0.0863094180822372,1.1417133808136,0.411685764789581,0.0996086224913597,0.102098368108272,-0.900093793869019
0.182722702622414,0.0841081216931343,1.14222371578217,0.414683729410172,0.0983128994703292,0.101618982851505,-0.898913562297821
0.180889174342155,0.0820499882102012,1.14296185970306,0.416380196809769,0.0989614650607109,0.100613251328468,-0.898171067237854
0.179051414132118,0.0800080597400665,1.14356780052185,0.417192965745926,0.0987897515296936,0.100284233689308,-0.897849559783936
0.177256941795349,0.0780262202024459,1.1441525220871,0.417583554983139,0.0986083894968032,0.0998772159218788,-0.897733271121979
0.17481005191803,0.0759855881333351,1.14509212970734,0.417701095342636,0.0990818738937377,0.0984374433755874,-0.897785425186157
0.173569276928902,0.0738653019070625,1.14495968818665,0.420953303575516,0.0975311696529388,0.0983056873083114,-0.896449744701385
0.171960413455963,0.07200338691473,1.14543855190277,0.422381013631821,0.100918374955654,0.0965162441134452,-0.895597279071808
0.169624015688896,0.0700497850775718,1.1464204788208,0.418775320053101,0.0982894375920295,0.0969936400651931,-0.897529244422913
0.168646067380905,0.0681517124176025,1.14629483222961,0.422748178243637,0.0980740338563919,0.0962511375546455,-0.895768463611603
0.166600361466408,0.0668130815029144,1.14730179309845,0.424678951501846,0.101698324084282,0.0934956893324852,-0.894742250442505
0.165716737508774,0.0655786767601966,1.14739537239075,0.435879468917847,0.111465878784656,0.0863353088498115,-0.888893067836761
0.163491100072861,0.063602901995182,1.14817523956299,0.431473731994629,0.107491858303547,0.0878493040800094,-0.891380071640015
0.162560194730759,0.0613583624362945,1.14804947376251,0.429796129465103,0.102982342243194,0.091836042702198,-0.89232063293457
0.161073938012123,0.059827409684658,1.14850771427155,0.435338050127029,0.100881487131119,0.0892853736877441,-0.890130281448364
0.159738823771477,0.0580442622303962,1.14885222911835,0.437082469463348,0.103196986019611,0.0888718143105506,-0.889050662517548
0.157635033130646,0.0560922138392925,1.14946389198303,0.432063966989517,0.100297585129738,0.0908212140202522,-0.891634881496429
0.15702423453331,0.0544714480638504,1.14950466156006,0.438771963119507,0.102042183279991,0.0894393175840377,-0.888294577598572
0.155777856707573,0.0524782389402389,1.14970433712006,0.438447564840317,0.0997780561447143,0.0924411192536354,-0.888404607772827
0.154711097478866,0.0510056503117084,1.14991819858551,0.441806972026825,0.105222620069981,0.0895208790898323,-0.886408925056458
0.15278859436512,0.0493887066841125,1.15067172050476,0.439858734607696,0.100730046629906,0.0926684662699699,-0.887575566768646
0.151544317603111,0.0477967411279678,1.15087234973907,0.445248305797577,0.102492243051529,0.0914611145853996,-0.884807527065277
0.150541752576828,0.0463574603199958,1.15102255344391,0.44779497385025,0.102970294654369,0.0926473513245582,-0.883342087268829
0.149407655000687,0.0449580550193786,1.1513135433197,0.447871446609497,0.105631783604622,0.0930419117212295,-0.882947504520416
0.148365572094917,0.0436192341148853,1.15125787258148,0.452196955680847,0.103648856282234,0.0925393626093864,-0.881028592586517
0.147744074463844,0.0425671637058258,1.15153956413269,0.456461280584335,0.113745108246803,0.0903160125017166,-0.877808690071106
0.146505132317543,0.0409940257668495,1.15133786201477,0.456789165735245,0.107477203011513,0.0934030562639236,-0.87810492515564
0.145809561014175,0.0400207713246345,1.1513397693634,0.460366457700729,0.108883008360863,0.0925269499421119,-0.876154124736786
0.145068570971489,0.0388875529170036,1.15101027488708,0.460525870323181,0.112470589578152,0.0920157134532928,-0.875670909881592
0.144272699952125,0.0375755876302719,1.15069615840912,0.460913062095642,0.111085079610348,0.0925548151135444,-0.875587224960327
0.14347979426384,0.0368061102926731,1.15077114105225,0.464776247739792,0.124825954437256,0.0807271525263786,-0.872860133647919
0.143142655491829,0.0356438159942626,1.15026116371155,0.464055716991425,0.113710969686508,0.090817779302597,-0.873770177364349
0.142422258853912,0.0347818136215209,1.1502058506012,0.466043710708618,0.126439079642296,0.0787860006093978,-0.872129201889038
0.14200197160244,0.03350730240345,1.14946246147156,0.46243417263031,0.112969599664211,0.0895076096057891,-0.874860525131226
0.141761794686317,0.0322848483920097,1.14881503582001,0.461642444133758,0.117323495447636,0.0894696712493896,-0.874709486961365
0.141058504581451,0.0311342701315879,1.14843904972076,0.457888036966324,0.11132787913084,0.0922762379050254,-0.877171456813812
0.140792682766914,0.0306123178452253,1.1481659412384,0.464018434286117,0.115355275571346,0.0893242359161377,-0.873728394508362
0.140466451644897,0.0299156829714775,1.14765191078186,0.465025246143341,0.121401011943817,0.0870707556605339,-0.872600793838501
0.139884889125824,0.028445016592741,1.14705240726471,0.457683116197586,0.112847395241261,0.0931289121508598,-0.876994132995605
0.139527305960655,0.0280944965779781,1.1466109752655,0.461963325738907,0.115696139633656,0.0913502871990203,-0.874562442302704
0.139229714870453,0.0274662170559167,1.14608824253082,0.462411373853683,0.116550900042057,0.0914687141776084,-0.874199688434601
0.13893087208271,0.0267455969005823,1.14538443088531,0.462867558002472,0.117824949324131,0.0904308259487152,-0.873895406723022
0.138640388846397,0.0261392705142498,1.14485454559326,0.463689535856247,0.118802681565285,0.0905199274420738,-0.873317897319794
0.138490632176399,0.025578211992979,1.14412069320679,0.462308138608932,0.123368680477142,0.0900532379746437,-0.873465478420258
0.13804529607296,0.0248178765177726,1.14370465278625,0.460479438304901,0.120109595358372,0.0919584110379219,-0.874686300754547
0.137795105576515,0.0242522433400154,1.14304578304291,0.460216283798218,0.121266834437847,0.0912256836891174,-0.874741911888123
0.137463241815567,0.0234864503145217,1.14245963096619,0.458695828914642,0.121144481003284,0.0925076380372047,-0.875422596931458
0.137308403849602,0.0229858979582786,1.14180982112885,0.457356929779053,0.12515427172184,0.0909086614847183,-0.875726401805878
0.136960983276367,0.0224772728979587,1.14132106304169,0.457403600215912,0.123353898525238,0.0916193276643753,-0.875883340835571
0.136573851108551,0.0217638500034809,1.14074349403381,0.45759978890419,0.122952729463577,0.0923781245946884,-0.87575763463974
0.136360287666321,0.0213468857109546,1.14022982120514,0.457816988229752,0.124789535999298,0.0925753563642501,-0.875363349914551
0.135818645358086,0.0207032915204763,1.13966274261475,0.457602709531784,0.12446267157793,0.0928997695446014,-0.875487565994263
0.135579258203506,0.0203646328300237,1.13922595977783,0.460159540176392,0.12599179148674,0.0926279425621032,-0.873956143856049
0.1352598965168,0.0198529735207557,1.13866376876831,0.458670288324356,0.125625491142273,0.0938759967684745,-0.874658286571503
0.134901970624924,0.0193488392978906,1.13821423053741,0.458359330892563,0.125377923250198,0.0945036932826042,-0.874789237976074
0.134548127651215,0.0187098756432533,1.13773131370544,0.459541141986847,0.122156761586666,0.0959746167063713,-0.874464809894562
0.134548127651215,0.0187098756432533,1.13773131370544,0.459541141986847,0.122156761586666,0.0959746167063713,-0.874464809894562
0.133789032697678,0.0174908004701137,1.1367644071579,0.455226212739944,0.122844912111759,0.0977353230118751,-0.876428067684174
0.133605301380157,0.0174932796508073,1.13673627376556,0.459716349840164,0.125898703932762,0.0946775823831558,-0.873983204364777
0.133562490344047,0.0171733275055885,1.13642716407776,0.460050910711288,0.132651850581169,0.0932328104972839,-0.872963011264801
0.13325996696949,0.0167688727378845,1.13636744022369,0.461580902338028,0.128047853708267,0.094062902033329,-0.87275367975235
0.133079752326012,0.0164260752499103,1.13612830638885,0.460952371358871,0.128523722290993,0.0934029892086982,-0.873086869716644
0.132958382368088,0.0159778948873281,1.13586735725403,0.45976448059082,0.128484085202217,0.093619093298912,-0.873695552349091
0.133160412311554,0.0156592912971973,1.13556039333344,0.459179848432541,0.133007600903511,0.0922532379627227,-0.87347137928009
0.133192673325539,0.0154091604053974,1.13548290729523,0.459515243768692,0.136113539338112,0.0907997116446495,-0.872968792915344
0.133312463760376,0.0150458086282014,1.13526439666748,0.460309773683548,0.136399134993553,0.0895941108465194,-0.872630000114441
0.133408606052399,0.0145691465586423,1.1350953578949,0.458128213882446,0.12995633482933,0.0914543569087982,-0.874566256999969
0.133709967136383,0.0144308693706989,1.13497829437256,0.458408415317535,0.131651937961578,0.0887593179941177,-0.874443411827087
0.134204775094986,0.0146015677601099,1.1350405216217,0.461698830127716,0.136377364397049,0.0850944593548774,-0.872349977493286
0.134793877601624,0.0145256966352462,1.1349036693573,0.462343513965607,0.143327578902245,0.0812062919139862,-0.871264159679413
0.135300323367119,0.0143787842243909,1.13482844829559,0.461207538843155,0.138714298605919,0.0807216167449951,-0.872656881809235
0.135698214173317,0.0143017712980508,1.13484585285187,0.459759742021561,0.150697335600853,0.068695843219757,-0.872463285923004
0.136941269040108,0.0141293127089738,1.13427102565765,0.45393106341362,0.139887526631355,0.0779256895184516,-0.876530528068542
0.137892007827759,0.0142443906515836,1.13385140895844,0.452500402927399,0.141024112701416,0.0749115571379661,-0.877350568771362
0.13910798728466,0.0143907666206359,1.13330829143524,0.45160248875618,0.142715021967888,0.072415754199028,-0.877749145030975
0.140382796525955,0.014710946008563,1.13249373435974,0.449970573186874,0.14375202357769,0.0704958662390708,-0.878574013710022
0.141755655407905,0.0151465907692909,1.13176369667053,0.448004573583603,0.143972769379616,0.0696868002414703,-0.879606544971466
0.143220737576485,0.0153733640909194,1.13062238693237,0.443738639354706,0.144101187586784,0.0691950023174285,-0.881783902645111
0.145089268684387,0.016454342752695,1.12945353984833,0.443625956773758,0.145022228360176,0.0677274242043495,-0.881803631782532
0.147814840078354,0.0165582410991191,1.12707281112671,0.45732456445694,0.146596178412437,0.0653200596570968,-0.874698221683502
0.149529427289963,0.0167766325175762,1.1249805688858,0.457223236560821,0.142580330371857,0.0673678517341613,-0.875259578227997
0.151694253087044,0.0177659168839454,1.12284231185913,0.458477556705475,0.144318848848343,0.0642989575862884,-0.874549090862274
0.154817715287209,0.0202262923121452,1.12151384353638,0.450593888759613,0.15253783762455,0.0637828856706619,-0.877285063266754
0.157366618514061,0.0218050293624401,1.11900079250336,0.450193017721176,0.158970534801483,0.0592835620045661,-0.876664221286774
0.15890796482563,0.0244413800537586,1.1171133518219,0.431206196546555,0.153876528143883,0.0576280429959297,-0.887165367603302
0.161439165472984,0.0260081887245178,1.11364877223969,0.42458438873291,0.155173271894455,0.0545052587985992,-0.890324950218201
0.166101738810539,0.0266570933163166,1.10979425907135,0.432428747415543,0.156421706080437,0.0602790005505085,-0.885948121547699
0.169452995061874,0.0288625098764896,1.10648190975189,0.425020813941956,0.161617115139961,0.05798801779747,-0.888748943805695
0.172856256365776,0.0309206955134868,1.10243725776672,0.422004163265228,0.163928225636482,0.0553132332861423,-0.889932870864868
0.173976346850395,0.0350663065910339,1.09689104557037,0.41089916229248,0.164300724864006,0.0282462835311889,-0.896308779716492
0.183292165398598,0.0404993258416652,1.1106858253479,0.238599941134453,0.220508515834808,0.106347627937794,-0.939753353595734
0.185569390654564,0.0450654663145542,1.11626040935516,0.103510610759258,0.240443259477615,0.113262705504894,-0.958459317684174
0.189285174012184,0.0403579697012901,1.08465015888214,0.392210245132446,0.183942943811417,0.046920072287321,-0.90007483959198
0.194144144654274,0.0428711026906967,1.079305768013,0.38500115275383,0.189525082707405,0.0460346825420856,-0.902072727680206
0.19945053756237,0.0455579683184623,1.07378840446472,0.376014947891235,0.195549741387367,0.0445399321615695,-0.904648780822754
0.204701438546181,0.0482211597263813,1.06806826591492,0.369402021169662,0.202088862657547,0.042143315076828,-0.906049847602844
0.210551619529724,0.0512859709560871,1.06194067001343,0.362824708223343,0.208133593201637,0.0427634306252002,-0.907309234142304
0.217104867100716,0.054782785475254,1.05572283267975,0.365123212337494,0.222656652331352,0.0383767895400524,-0.903125882148743
0.223134115338326,0.057380586862564,1.04895675182343,0.352168023586273,0.225662440061569,0.0402361713349819,-0.907433331012726
0.230173528194427,0.0600640885531902,1.04245972633362,0.341108739376068,0.232736229896545,0.0418278276920318,-0.909796237945557
0.237314194440842,0.0629997700452804,1.03546547889709,0.333735793828964,0.242453768849373,0.0424858778715133,-0.909962356090546
0.244801431894302,0.0661973431706428,1.02817344665527,0.329502284526825,0.250445783138275,0.0434277839958667,-0.909296095371246
0.252652883529663,0.069532036781311,1.02081751823425,0.323215812444687,0.260483980178833,0.0446202009916305,-0.908674120903015
0.261228024959564,0.0728166624903678,1.01368999481201,0.320600301027298,0.272132277488708,0.0458317473530769,-0.906123042106628
0.26961413025856,0.0762949287891388,1.00606513023376,0.313135117292404,0.282003402709961,0.0481967963278293,-0.905592441558838
0.277804553508758,0.079462856054306,0.998336613178253,0.309601098299026,0.297259032726288,0.0445321723818779,-0.902109444141388
0.287342578172684,0.0834238976240158,0.990303754806519,0.305103689432144,0.305885791778564,0.0551747009158134,-0.900167465209961
0.287342578172684,0.0834238976240158,0.990303754806519,0.305103689432144,0.305885791778564,0.0551747009158134,-0.900167465209961
0.306097447872162,0.0911795645952224,0.974380791187286,0.297543823719025,0.3285813331604,0.0612994320690631,-0.89428436756134
0.315888047218323,0.094916746020317,0.966453731060028,0.294133365154266,0.339508265256882,0.0659325942397117,-0.8909952044487
0.325655221939087,0.0988131314516067,0.958335101604462,0.28923761844635,0.350755721330643,0.0726395919919014,-0.887713670730591
0.335557460784912,0.102412551641464,0.951091766357422,0.289555162191391,0.364488273859024,0.070394791662693,-0.88224184513092
0.346049010753632,0.106501452624798,0.943379282951355,0.288990616798401,0.376029849052429,0.0768875628709793,-0.877025842666626
0.356417447328568,0.110680535435677,0.935584008693695,0.285027265548706,0.387277603149414,0.0855302438139915,-0.872616946697235
0.367162585258484,0.114988677203655,0.92845207452774,0.285327911376953,0.400758862495422,0.0924158841371536,-0.865701854228973
0.378616124391556,0.119367375969887,0.921894371509552,0.282093614339828,0.411224514245987,0.103249229490757,-0.860614418983459
0.389134883880615,0.124210268259048,0.916307926177978,0.27840593457222,0.429595112800598,0.110802963376045,-0.851857364177704
0.400911122560501,0.12788625061512,0.910345733165741,0.273769348859787,0.44251337647438,0.129096820950508,-0.844136416912079
0.413054823875427,0.133219107985496,0.904150247573852,0.276576638221741,0.449330627918243,0.142154514789581,-0.837495982646942
0.426006853580475,0.137482196092606,0.898437738418579,0.283904701471329,0.455047309398651,0.154586553573608,-0.829718708992004
0.437934279441833,0.141840681433678,0.893193602561951,0.286729216575623,0.465380400419235,0.16775444149971,-0.820405960083008
0.450123429298401,0.145780831575394,0.888014197349548,0.285651326179504,0.471155554056168,0.1827791929245,-0.814252734184265
0.460960388183594,0.150315880775452,0.883843064308167,0.282571792602539,0.47861921787262,0.189611986279488,-0.809397399425507
0.47426438331604,0.153489679098129,0.879764020442963,0.280233383178711,0.485787600278854,0.21375373005867,-0.799868106842041
0.486316412687302,0.157582148909569,0.875174880027771,0.281480312347412,0.4929259121418,0.227184236049652,-0.79131555557251
0.498774349689484,0.160935640335083,0.871465861797333,0.284877508878708,0.497631758451462,0.243931815028191,-0.782115638256073
0.511940956115723,0.164617761969566,0.867906749248505,0.28728860616684,0.504985451698303,0.257819503545761,-0.772000014781952
0.523736953735352,0.16771325469017,0.864917099475861,0.285433858633041,0.50568962097168,0.274826675653458,-0.766339242458344
0.536886036396027,0.171450763940811,0.861633002758026,0.291387289762497,0.506436228752136,0.286812722682953,-0.759180068969727
0.549035847187042,0.174580812454224,0.859227120876312,0.27682176232338,0.510582745075226,0.300778597593307,-0.756443798542023
0.561012804508209,0.17756812274456,0.856918036937714,0.275966137647629,0.517633557319641,0.316053539514542,-0.745659649372101
0.572619199752808,0.180360034108162,0.854768335819244,0.27269172668457,0.523493707180023,0.329686909914017,-0.736817598342896
0.58392059803009,0.183200389146805,0.853277802467346,0.275080889463425,0.534091413021088,0.338696449995041,-0.724128246307373
0.594458818435669,0.185931816697121,0.851736307144165,0.280611872673035,0.542569696903229,0.33494508266449,-0.717416763305664
0.605605006217957,0.188448309898376,0.85099333524704,0.268740475177765,0.543408572673798,0.358027070760727,-0.710142433643341
0.615456759929657,0.190731763839722,0.849710941314697,0.274526864290237,0.556865870952606,0.353273123502731,-0.699809730052948
0.623961091041565,0.193912237882614,0.849295496940613,0.295146286487579,0.570346832275391,0.359492719173431,-0.677021503448486
0.633649587631226,0.195173189043999,0.849037885665894,0.276565313339233,0.573394596576691,0.36494168639183,-0.679373025894165
0.633649587631226,0.195173189043999,0.849037885665894,0.276565313339233,0.573394596576691,0.36494168639183,-0.679373025894165
0.651752054691315,0.199136093258858,0.848298847675323,0.269339293241501,0.586838722229004,0.37586373090744,-0.664682626724243
0.66048389673233,0.201046943664551,0.848295390605927,0.260836392641068,0.591486036777496,0.392511904239654,-0.654249906539917
0.668258905410767,0.202715083956718,0.848129689693451,0.266439288854599,0.599177718162537,0.384473145008087,-0.64975118637085
0.677079379558563,0.202390968799591,0.848649144172668,0.261565834283829,0.594120144844055,0.416208654642105,-0.636690735816956
0.683794796466827,0.204967066645622,0.848546266555786,0.255166202783585,0.602377235889435,0.411346524953842,-0.634685695171356
0.690537929534912,0.206248983740806,0.849034667015076,0.255897343158722,0.607000172138214,0.416228055953979,-0.626754701137543
0.698693871498108,0.208025053143501,0.849616348743439,0.264573752880096,0.609247803688049,0.414208859205246,-0.622293412685394
0.702795147895813,0.20854926109314,0.849921524524689,0.255326122045517,0.613862752914429,0.423700451850891,-0.615190386772156
0.708266317844391,0.209453821182251,0.850711405277252,-0.255540370941162,-0.616146266460419,-0.427517354488373,0.610157132148743
0.713153719902039,0.210297390818596,0.850683331489563,-0.255228519439697,-0.618471026420593,-0.430898666381836,0.605539798736572
0.719844102859497,0.211891427636146,0.850954234600067,-0.263595342636108,-0.615710496902466,-0.426332145929336,0.607995808124542
0.723868906497955,0.212474122643471,0.851528525352478,-0.266802161931992,-0.615911841392517,-0.429837256669998,0.603911638259888
0.727212190628052,0.213226824998856,0.851852893829346,-0.264817446470261,-0.618505895137787,-0.431762337684631,0.600752413272858
0.72909539937973,0.215515196323395,0.852046072483063,-0.284356355667114,-0.624878346920013,-0.438020378351211,0.580350577831268
0.732010662555695,0.214112356305122,0.852394700050354,-0.260441333055496,-0.622993171215057,-0.437325745820999,0.593966364860535
0.735503196716309,0.214795395731926,0.8525071144104,-0.285118848085403,-0.620771467685699,-0.424248248338699,0.59444385766983
0.73752236366272,0.215131402015686,0.852779567241669,-0.276360273361206,-0.614921689033508,-0.438517779111862,0.594305098056793
0.738898575305939,0.215377002954483,0.852939128875732,-0.279723048210144,-0.612758040428162,-0.439560264348984,0.594196438789368
0.737726628780365,0.214748427271843,0.852552771568298,-0.275217235088348,-0.614149451255798,-0.448747754096985,0.587963819503784
0.738224506378174,0.214839145541191,0.852365791797638,-0.277379274368286,-0.611972630023956,-0.449818283319473,0.588399469852448
0.739488244056702,0.214998662471771,0.852547883987427,-0.281579464673996,-0.608774602413177,-0.449509769678116,0.589955568313599
0.739488244056702,0.214998662471771,0.852547883987427,-0.281579464673996,-0.608774602413177,-0.449509769678116,0.589955568313599
0.739797592163086,0.215918213129043,0.852057695388794,-0.299103319644928,-0.599138140678406,-0.443333566188812,0.595840752124786
0.73875093460083,0.215950220823288,0.851772010326385,-0.304851889610291,-0.596576631069183,-0.443348824977875,0.595485866069794
0.73875093460083,0.215950220823288,0.851772010326385,-0.304851889610291,-0.596576631069183,-0.443348824977875,0.595485866069794
0.73327910900116,0.214302599430084,0.851243138313293,0.300369262695312,0.590974569320679,0.449936419725418,-0.598401725292206
0.731381297111511,0.212613686919212,0.850939273834229,0.32074424624443,0.586067080497742,0.44566684961319,-0.59584379196167
0.729352712631226,0.212349683046341,0.850668787956238,0.314616918563843,0.576982915401459,0.456181764602661,-0.600004434585571
0.726808309555054,0.211676210165024,0.85118180513382,0.31461638212204,0.571488976478577,0.455146819353104,-0.606018543243408
0.723605394363403,0.211392939090729,0.850632131099701,0.323207408189774,0.567114472389221,0.453492850065231,-0.606846392154694
0.720593571662903,0.210954219102859,0.850406229496002,0.327495545148849,0.562402725219727,0.45002344250679,-0.611497223377228
0.716689229011536,0.211788862943649,0.850263237953186,0.328466236591339,0.562562882900238,0.439343422651291,-0.618555009365082
0.713131546974182,0.211323410272598,0.850193977355957,0.334219753742218,0.559513866901398,0.434458762407303,-0.621680915355682
0.709613382816315,0.210679143667221,0.850159764289856,0.337016344070435,0.550155580043793,0.432469069957733,-0.629856824874878
0.705442547798157,0.210161373019218,0.85041069984436,0.351253718137741,0.549513697624207,0.416327655315399,-0.63350373506546
0.701490163803101,0.209520399570465,0.849845707416534,0.356509506702423,0.543112337589264,0.413453102111816,-0.637955009937286
0.697871327400208,0.208974421024323,0.850823938846588,0.352297186851501,0.531449139118195,0.423388987779617,-0.643576383590698
0.693952023983002,0.20837190747261,0.850975871086121,0.35712668299675,0.523743033409119,0.421170115470886,-0.648667395114899
0.689653098583221,0.20789048075676,0.851142525672913,0.365095019340515,0.520003318786621,0.417657226324081,-0.649510979652405
0.685563564300537,0.207352012395859,0.851229310035706,0.370045036077499,0.512783885002136,0.414599597454071,-0.654390335083008
0.68141770362854,0.206912398338318,0.85179328918457,0.376934915781021,0.506675958633423,0.412184178829193,-0.656737148761749
0.677203178405762,0.20621258020401,0.852127552032471,0.378017544746399,0.48790255188942,0.410356342792511,-0.671313405036926
0.672852396965027,0.205674082040787,0.851852893829346,0.383736222982407,0.480636686086655,0.40814745426178,-0.674648463726044
0.668863773345947,0.205287992954254,0.85241687297821,0.390222996473312,0.479006409645081,0.405102699995041,-0.673921883106232
0.664861559867859,0.204841181635857,0.85317325592041,0.395793527364731,0.469316035509109,0.399480521678925,-0.680812239646912
0.660654544830322,0.204480022192001,0.853742659091949,0.399915754795074,0.464398801326752,0.398600220680237,-0.682289481163025
0.656712114810944,0.204163923859596,0.854140877723694,0.403731226921081,0.461434096097946,0.397379010915756,-0.682766258716583
0.652791917324066,0.203887358307838,0.854894816875458,0.406345635652542,0.453763723373413,0.393317848443985,-0.688681960105896
0.649210333824158,0.203625977039337,0.855669260025024,0.408024609088898,0.450720369815826,0.390193790197372,-0.691459238529205
0.646195471286774,0.203806549310684,0.856276988983154,0.41145521402359,0.450947880744934,0.385264873504639,-0.69204169511795
0.64178204536438,0.203268393874168,0.857320487499237,0.416815608739853,0.444170385599136,0.384170740842819,-0.693822979927063
0.638416290283203,0.203399196267128,0.858484327793121,0.425857454538345,0.441730380058289,0.37982514500618,-0.692280650138855
0.635051608085632,0.204093769192696,0.859008550643921,0.431074947118759,0.439664661884308,0.374042958021164,-0.693513691425323
0.631975889205933,0.203966602683067,0.859733045101166,0.434592515230179,0.435784846544266,0.370620846748352,-0.695601344108582
0.628938138484955,0.204217821359634,0.860467672348022,0.440311402082443,0.4405557513237,0.366553723812103,-0.691140353679657
0.626013159751892,0.204006209969521,0.861279428005219,0.439621299505234,0.427732616662979,0.361918389797211,-0.701992332935333
0.623647809028625,0.204348653554916,0.862010836601257,0.441062808036804,0.428900003433227,0.357797116041183,-0.702488362789154
0.621057212352753,0.204561546444893,0.863113701343536,0.443717628717422,0.424670696258545,0.352999091148376,-0.705805420875549
0.619199693202972,0.204536646604538,0.863449394702911,0.442940235137939,0.429394692182541,0.35236120223999,-0.70375120639801
0.616381108760834,0.205046713352203,0.863821268081665,0.446763545274734,0.41864201426506,0.346237361431122,-0.710817098617554
0.614579379558563,0.204848930239677,0.864245057106018,0.441005051136017,0.416813880205154,0.345513850450516,-0.715822041034698
0.612766742706299,0.204914569854736,0.864756226539612,0.438923686742783,0.416393309831619,0.343789488077164,-0.718172490596771
0.61062616109848,0.203839689493179,0.865718185901642,0.421695828437805,0.411140352487564,0.344625353813171,-0.731005966663361
0.609424710273743,0.205710977315903,0.865687072277069,0.442524015903473,0.413348227739334,0.336956948041916,-0.720954775810242
0.608185589313507,0.205989181995392,0.866228044033051,0.440989434719086,0.417812287807465,0.33732196688652,-0.719148993492126
0.606904208660126,0.206509217619896,0.866378784179688,0.442116498947143,0.42290997505188,0.33510023355484,-0.716510951519012
0.605201721191406,0.205149531364441,0.866434216499329,0.422890186309814,0.413080304861069,0.338002473115921,-0.732313394546509
0.604218602180481,0.205470114946365,0.86657440662384,0.421664327383041,0.408021509647369,0.336309880018234,-0.736622989177704
0.603303730487823,0.206060439348221,0.866550385951996,0.42031991481781,0.421285152435303,0.335511773824692,-0.730261564254761
0.602542281150818,0.205830752849579,0.866682529449463,0.417396873235703,0.422689318656921,0.340727061033249,-0.728710174560547
0.602006554603577,0.206589624285698,0.866345286369324,0.416821777820587,0.415021806955338,0.33580294251442,-0.735698938369751
0.601433038711548,0.207166135311127,0.866005957126617,0.41641765832901,0.415809959173203,0.333145648241043,-0.7366903424263
0.601133048534393,0.207465261220932,0.865738987922668,0.415381699800491,0.41681694984436,0.333266586065292,-0.736651182174683
0.600716054439545,0.207693815231323,0.865500807762146,0.413992136716843,0.414190113544464,0.332914501428604,-0.739070475101471
0.600524842739105,0.20828515291214,0.865177512168884,0.412697941064835,0.415211230516434,0.331878840923309,-0.739686727523804
0.600669026374817,0.210232228040695,0.86487340927124,0.427892297506332,0.422564089298248,0.328836858272552,-0.728157997131348
0.600787937641144,0.210519194602966,0.864322483539581,0.426520884037018,0.428177386522293,0.330695152282715,-0.724834382534027
0.600795567035675,0.21035972237587,0.864165306091309,0.424899399280548,0.438316136598587,0.33610811829567,-0.717196524143219
0.600733757019043,0.208841100335121,0.863890886306763,0.402361303567886,0.424883455038071,0.33948415517807,-0.736430525779724
0.601190686225891,0.209920093417168,0.863107979297638,0.404019623994827,0.42378243803978,0.332500070333481,-0.739337801933289
0.601585149765015,0.210266023874283,0.862702667713165,0.402279943227768,0.432846516370773,0.335244119167328,-0.73377537727356
0.601877629756927,0.209850817918777,0.862363398075104,0.397080183029175,0.434440791606903,0.34185379743576,-0.732614815235138
0.602429032325745,0.210616499185562,0.861441910266876,0.398311972618103,0.430219322443008,0.335300892591476,-0.737449884414673
0.602955222129822,0.210879951715469,0.860800266265869,0.396715402603149,0.435098260641098,0.337440431118011,-0.734466075897217
0.603409290313721,0.211181715130806,0.860334455966949,0.394632905721664,0.438120871782303,0.337822288274765,-0.733615159988403
0.604367733001709,0.213017731904983,0.859578490257263,0.413183301687241,0.441081374883652,0.333180904388428,-0.72368311882019
0.60458916425705,0.213344186544418,0.859161138534546,0.409756004810333,0.445089250802994,0.333898961544037,-0.722846567630768
0.605529010295868,0.213615268468857,0.858565747737885,0.409320801496506,0.446277558803558,0.333745747804642,-0.722431063652039
0.606082797050476,0.213689580559731,0.858147084712982,0.40784952044487,0.449321091175079,0.33434584736824,-0.721097946166992
0.606830239295959,0.213749587535858,0.857498407363892,0.406517535448074,0.450493961572647,0.335756838321686,-0.720462441444397
0.607593059539795,0.213911265134811,0.856973707675934,0.404277890920639,0.453335881233215,0.336924940347672,-0.719393968582153
0.608338356018066,0.214066192507744,0.856342732906342,0.404269069433212,0.456106841564178,0.337180584669113,-0.717525124549866
0.60919177532196,0.214382141828537,0.85560941696167,0.407782942056656,0.471419364213943,0.335811346769333,-0.706192314624786
0.609949767589569,0.214294940233231,0.85513961315155,0.404134184122086,0.470975995063782,0.338654786348343,-0.707227051258087
0.609949767589569,0.214294940233231,0.85513961315155,0.404134184122086,0.470975995063782,0.338654786348343,-0.707227051258087
0.611471652984619,0.214382499456406,0.854311108589172,0.400766313076019,0.474898159503937,0.339980781078339,-0.705883383750916
0.612380266189575,0.214475870132446,0.853650748729706,0.400938749313354,0.476745188236237,0.339782118797302,-0.704634964466095
0.61303585767746,0.215579569339752,0.853124976158142,0.41537669301033,0.489647090435028,0.333469867706299,-0.690293967723846
0.613712430000305,0.214374572038651,0.852690935134888,0.398734003305435,0.481838703155518,0.340686708688736,-0.701979577541351
0.614295840263367,0.214430272579193,0.852236747741699,0.398850619792938,0.483205705881119,0.340135812759399,-0.701240360736847
0.614295840263367,0.214430272579193,0.852236747741699,0.398850619792938,0.483205705881119,0.340135812759399,-0.701240360736847
0.615622460842133,0.214196056127548,0.851525068283081,0.395922690629959,0.486235052347183,0.340721875429153,-0.700520813465118
0.615945041179657,0.214264720678329,0.851077914237976,0.397399932146072,0.493233978748321,0.338770240545273,-0.695721387863159
0.616280198097229,0.214171200990677,0.850818455219269,0.396888673305511,0.495530486106873,0.339210391044617,-0.694165050983429
0.616604745388031,0.214082136750221,0.850498259067535,0.396216183900833,0.498228549957275,0.339075803756714,-0.692682087421417
0.617230594158173,0.213895305991173,0.850116789340973,0.396044939756393,0.495308130979538,0.339817315340042,-0.694508790969849
0.617568373680115,0.213706612586975,0.850032091140747,0.395848333835602,0.496604293584824,0.340245604515076,-0.693484902381897
0.617879509925842,0.213620096445084,0.84970897436142,0.394564479589462,0.498210549354553,0.340436339378357,-0.692970633506775
0.618308842182159,0.212480425834656,0.84965980052948,0.394530534744263,0.499304741621017,0.347776889801025,-0.688543200492859
0.618479490280151,0.212789982557297,0.849408149719238,0.392571985721588,0.502593815326691,0.344523906707764,-0.688904881477356
0.618502676486969,0.213255599141121,0.848968923091888,0.393491476774216,0.502628982067108,0.338973432779312,-0.691104650497437
0.618574619293213,0.213187947869301,0.848842680454254,0.39337694644928,0.503515005111694,0.338365018367767,-0.690823018550873
0.618631899356842,0.212953969836235,0.848663449287415,0.394795328378677,0.497377872467041,0.331936627626419,-0.6975457072258
0.618333637714386,0.213013797998428,0.848227858543396,0.395338594913483,0.507819652557373,0.335863173007965,-0.687766373157501
0.618301391601562,0.213007569313049,0.84838604927063,0.395496219396591,0.508514523506165,0.335274875164032,-0.687449395656586
0.618159472942352,0.212933629751205,0.848340511322021,0.395462572574615,0.508926093578339,0.334663093090057,-0.687462210655212
0.61984246969223,0.211694285273552,0.847884356975555,0.369592517614365,0.502154469490051,0.336856216192245,-0.705528318881989
0.621309816837311,0.211043179035187,0.847844481468201,0.353552907705307,0.462133944034576,0.345721900463104,-0.736144661903381
0.619286358356476,0.211074471473694,0.848196744918823,0.368261158466339,0.504827320575714,0.340736538171768,-0.70244699716568
0.61887663602829,0.210651516914368,0.848266363143921,0.37052121758461,0.50393158197403,0.342851758003235,-0.700870633125305
0.618234217166901,0.210600152611732,0.848283469676971,0.376338422298431,0.505457937717438,0.330456167459488,-0.702624082565308
0.617659747600555,0.211554929614067,0.847810685634613,0.376042932271957,0.504854917526245,0.321254670619965,-0.707466423511505
0.617508232593536,0.211689859628677,0.847774386405945,0.371527314186096,0.502807080745697,0.33204659819603,-0.706326901912689
0.617508232593536,0.211689859628677,0.847774386405945,0.371527314186096,0.502807080745697,0.33204659819603,-0.706326901912689
0.61637419462204,0.211841702461243,0.847816050052643,0.368860602378845,0.498378694057465,0.332966476678848,-0.710418105125427
0.615736663341522,0.211999908089638,0.8477942943573,0.368856579065323,0.498502105474472,0.332423061132431,-0.710588157176971
0.615207552909851,0.212132290005684,0.847957074642181,0.369261413812637,0.497434973716736,0.331880033016205,-0.711379051208496
0.614001154899597,0.212324321269989,0.84800785779953,0.378697901964188,0.503050327301025,0.317659288644791,-0.708957552909851
0.613533496856689,0.212442383170128,0.848053157329559,0.373303771018982,0.501046121120453,0.329930037260055,-0.707632184028625
0.612565636634827,0.212565422058105,0.848239004611969,0.373936295509338,0.502139031887054,0.328604966402054,-0.707139909267426
0.611740410327911,0.212751820683479,0.848442554473877,0.380325973033905,0.501643121242523,0.317442566156387,-0.709180235862732
0.61132550239563,0.213041976094246,0.848394751548767,0.372823625802994,0.495212376117706,0.329893946647644,-0.711995184421539
0.608126878738403,0.21454593539238,0.84905070066452,0.406355679035187,0.508560359477997,0.312615305185318,-0.691746413707733
0.607726335525513,0.214814588427544,0.848895668983459,0.401903688907623,0.505025148391724,0.324145406484604,-0.69163054227829
0.608565986156464,0.213815689086914,0.848711609840393,0.376743704080582,0.498352825641632,0.325977474451065,-0.709540128707886
0.60784786939621,0.214054942131042,0.848750114440918,0.37645035982132,0.492231577634811,0.329245269298553,-0.71245414018631
0.606566190719604,0.214691862463951,0.848898231983185,0.384825706481934,0.497120976448059,0.313126415014267,-0.711851000785828
0.604309976100922,0.216054499149323,0.849396407604218,0.402913868427277,0.497457206249237,0.323623150587082,-0.696753084659576
0.603006839752197,0.21645350754261,0.849633157253265,0.405686289072037,0.501782774925232,0.321339279413223,-0.69309014081955
0.602614521980286,0.216736018657684,0.849663615226746,0.408723831176758,0.492064893245697,0.324639707803726,-0.696725308895111
0.600746273994446,0.217187955975533,0.8502516746521,0.414117008447647,0.499098420143127,0.311665773391724,-0.694458246231079
0.600206434726715,0.21775072813034,0.850107431411743,0.408648639917374,0.489408582448959,0.322621792554855,-0.699571847915649
0.598970174789429,0.218239963054657,0.850521802902222,0.410489469766617,0.488007187843323,0.325073391199112,-0.698337018489838
0.597820639610291,0.218791037797928,0.850850701332092,0.415649205446243,0.484866470098495,0.323740214109421,-0.698092103004456
0.596365094184875,0.219497919082642,0.851277828216553,0.416750341653824,0.481451749801636,0.323586016893387,-0.699868142604828
0.595373153686523,0.219979271292686,0.851660430431366,0.418325245380402,0.478178948163986,0.323682427406311,-0.701126754283905
0.59502899646759,0.219716548919678,0.852141499519348,0.406146943569183,0.468333184719086,0.326909452676773,-0.713329553604126
0.592142343521118,0.221548348665237,0.852889597415924,0.427872508764267,0.474224179983139,0.320586025714874,-0.69947212934494
0.590553224086761,0.222079783678055,0.85361659526825,0.43090009689331,0.464789420366287,0.32100784778595,-0.703740119934082
0.59009176492691,0.222090244293213,0.854120969772339,0.419916182756424,0.456369876861572,0.322568595409393,-0.715085029602051
0.587052464485168,0.221710920333862,0.855146467685699,0.419199585914612,0.438067615032196,0.321912914514542,-0.727145493030548
0.58616840839386,0.223885595798492,0.855573415756226,0.430228680372238,0.443911075592041,0.319058239459991,-0.718365013599396
0.582846283912659,0.223532065749168,0.857018172740936,0.429724633693695,0.428664863109589,0.31750151515007,-0.728543817996979
0.580730438232422,0.226296320557594,0.858261466026306,0.45249542593956,0.433641999959946,0.311755448579788,-0.714150607585907
0.580730438232422,0.226296320557594,0.858261466026306,0.45249542593956,0.433641999959946,0.311755448579788,-0.714150607585907
0.575673758983612,0.226586848497391,0.860989212989807,0.445214152336121,0.415293782949448,0.313097208738327,-0.728893339633942
0.573263168334961,0.227811440825462,0.862478494644165,0.451163500547409,0.408439815044403,0.309368222951889,-0.73069816827774
0.571278810501099,0.229096680879593,0.864944696426392,0.459183305501938,0.405645281076431,0.312904179096222,-0.725736498832703
0.567827939987183,0.230177253484726,0.865986287593842,0.462284982204437,0.391616135835648,0.304381459951401,-0.735038459300995
0.565483570098877,0.232134759426117,0.867650091648102,0.473127663135529,0.386594265699387,0.300511330366135,-0.732385098934174
0.563091278076172,0.233686566352844,0.870716869831085,0.492680162191391,0.385527342557907,0.303792297840118,-0.718571543693542
0.560116589069366,0.235150963068008,0.872467041015625,0.497099161148071,0.379388391971588,0.302550852298737,-0.719318985939026
0.556138277053833,0.235841706395149,0.87258392572403,0.483007162809372,0.363326460123062,0.300278663635254,-0.737923324108124
0.553788721561432,0.237846463918686,0.875101268291473,0.49406173825264,0.362486124038696,0.30362793803215,-0.729600548744202
0.550839066505432,0.24087829887867,0.876092910766602,0.513504028320312,0.356014043092728,0.292250245809555,-0.723987221717834
0.548069477081299,0.241795063018799,0.878630220890045,0.520678102970123,0.3516965508461,0.299469500780106,-0.717998623847961
0.544889807701111,0.243515193462372,0.880118072032928,0.523364841938019,0.344928681850433,0.300898402929306,-0.718730509281158
0.541697144508362,0.245014935731888,0.881391286849976,0.52367889881134,0.337087571620941,0.303272902965546,-0.721219718456268
0.538341641426086,0.247845873236656,0.881978392601013,0.531272768974304,0.328461974859238,0.295811206102371,-0.722743213176727
0.534533858299255,0.247723251581192,0.884498596191406,0.518742442131042,0.321512162685394,0.310001611709595,-0.728996157646179
0.53197854757309,0.251076608896255,0.884554028511047,0.536677956581116,0.31168320775032,0.301420122385025,-0.723862051963806
0.528578877449036,0.252936124801636,0.886248290538788,0.54429429769516,0.304904222488403,0.301844894886017,-0.720879256725311
0.525678873062134,0.2541663646698,0.888815879821777,0.547607898712158,0.300082474946976,0.311257869005203,-0.716376185417175
0.522621095180511,0.255846738815308,0.890299201011658,0.552075743675232,0.291937261819839,0.313843369483948,-0.715183436870575
0.51938658952713,0.2575663626194,0.891769051551819,0.556075751781464,0.284306734800339,0.317730754613876,-0.713440120220184
0.515719294548035,0.259764730930328,0.892571806907654,0.563198089599609,0.272479057312012,0.313704341650009,-0.714249849319458
0.512819111347198,0.261129349470138,0.89493453502655,0.563908755779266,0.268127650022507,0.322525322437286,-0.711401522159576
0.509455680847168,0.263335794210434,0.895211100578308,0.567825555801392,0.256190240383148,0.319950073957443,-0.713843584060669
0.50633293390274,0.264836817979813,0.897752046585083,0.568405389785767,0.253452122211456,0.327704966068268,-0.71083527803421
0.502955913543701,0.266954988241196,0.899055361747742,0.569489538669586,0.247340261936188,0.329167485237122,-0.711444437503815
0.499522566795349,0.268919914960861,0.900421500205994,0.569327235221863,0.241016775369644,0.33063742518425,-0.713061392307281
0.495967417955399,0.271053284406662,0.901480257511139,0.568935096263885,0.235698357224464,0.332822293043137,-0.714134812355042
0.492300927639008,0.273059070110321,0.902709722518921,0.568329691886902,0.23034793138504,0.333925843238831,-0.715845346450806
0.488431334495544,0.275302618741989,0.903681993484497,0.566134870052338,0.226186469197273,0.335365206003189,-0.718234837055206
0.484500527381897,0.277374476194382,0.904672801494598,0.564845561981201,0.221649780869484,0.335689216852188,-0.720509350299835
0.480769872665405,0.279505580663681,0.905349671840668,0.559884786605835,0.217514708638191,0.339039534330368,-0.724063992500305
0.476587474346161,0.281088083982468,0.905632317066193,0.548643290996552,0.210309088230133,0.343788981437683,-0.732509315013885
0.472224593162537,0.283292502164841,0.906705677509308,0.546940088272095,0.207696124911308,0.344404488801956,-0.734237313270569
0.467856556177139,0.286001980304718,0.90814745426178,0.550543427467346,0.2066181153059,0.342190355062485,-0.732882499694824
0.463528573513031,0.288046896457672,0.908949971199036,0.548230290412903,0.203474953770638,0.343618214130402,-0.734825313091278
0.459092944860458,0.290006995201111,0.909803569316864,0.544146537780762,0.200878992676735,0.346917033195496,-0.737021684646606
0.45487368106842,0.291934102773666,0.910005688667297,0.539236664772034,0.196160525083542,0.34914293885231,-0.740840256214142
0.450138926506042,0.293840140104294,0.911099791526794,0.540043771266937,0.193379372358322,0.350465506315231,-0.740358769893646
0.445187866687775,0.296008259057999,0.910679340362549,0.540805697441101,0.183364063501358,0.347783207893372,-0.74360865354538
0.440753221511841,0.297596305608749,0.911561965942383,0.538972914218903,0.180185809731483,0.351228475570679,-0.74409681558609
0.43699723482132,0.299149125814438,0.911613464355469,0.537661492824554,0.173485070466995,0.352187901735306,-0.746181428432465
0.431789517402649,0.30038771033287,0.913614630699158,0.532941579818726,0.174589574337006,0.362252980470657,-0.744489431381226
0.427206516265869,0.301774263381958,0.914218604564667,0.531761825084686,0.170321300625801,0.365654438734055,-0.744658946990967
0.422571182250977,0.3024463057518,0.914228916168213,0.524060070514679,0.162826150655746,0.373577088117599,-0.747856259346008
0.417924791574478,0.304326146841049,0.91522228717804,0.524178385734558,0.161353662610054,0.372994959354401,-0.748382866382599
0.413447231054306,0.305339306592941,0.915554165840149,0.519427597522736,0.157069325447082,0.378232508897781,-0.749976336956024
0.408904612064362,0.306717067956924,0.916374802589416,0.520155191421509,0.153187781572342,0.37680447101593,-0.750993072986603
0.404252469539642,0.307554453611374,0.917259931564331,0.516537725925446,0.149885669350624,0.38004058599472,-0.752523958683014
0.399973332881927,0.307979792356491,0.917167901992798,0.50837630033493,0.144003733992577,0.387553662061691,-0.755393028259277
0.396239280700684,0.309543788433075,0.916081130504608,0.505434811115265,0.13389328122139,0.378468841314316,-0.763786435127258
0.392299592494965,0.31027552485466,0.916314721107483,0.500170111656189,0.130908951163292,0.3820641040802,-0.76597648859024
0.387985825538635,0.311236917972565,0.9171222448349,0.495502144098282,0.129924550652504,0.382694870233536,-0.768857479095459
0.38426461815834,0.312363296747208,0.917563676834106,0.502186894416809,0.128694429993629,0.379953622817993,-0.766081750392914
0.38045671582222,0.313270688056946,0.917712926864624,0.498892694711685,0.127094522118568,0.380417168140411,-0.768268048763275
0.377511322498321,0.314511358737946,0.918232917785644,0.473758310079575,0.132472172379494,0.385285586118698,-0.780742764472961
0.372974336147308,0.314489603042602,0.917307496070862,0.482771754264831,0.123002991080284,0.38565057516098,-0.7765793800354
0.369290888309479,0.315654933452606,0.918048739433289,0.48598700761795,0.124151542782783,0.380020827054977,-0.777166247367859
0.366035640239716,0.315829455852508,0.917309880256653,0.473179847002029,0.123021341860294,0.386556833982468,-0.782010495662689
0.36256355047226,0.316617250442505,0.917135298252106,0.469358891248703,0.121558584272861,0.382731229066849,-0.786411225795746
0.359345555305481,0.317292153835297,0.917019486427307,0.463715046644211,0.122906342148781,0.382837057113647,-0.78949248790741
0.35646864771843,0.317832797765732,0.91671097278595,0.459535956382751,0.124396480619907,0.384370625019073,-0.790956079959869
0.351868212223053,0.316262304782867,0.916694939136505,0.461585730314255,0.116515293717384,0.387978196144104,-0.789199411869049
0.350835144519806,0.319123208522797,0.916203439235687,0.451779544353485,0.12665744125843,0.380760073661804,-0.796790421009064
0.348583161830902,0.321021199226379,0.915206074714661,0.457648456096649,0.125143840909004,0.367469519376755,-0.799914479255676
0.345790654420853,0.32093757390976,0.91450560092926,0.447248727083206,0.122167773544788,0.370414227247238,-0.804883122444153
0.343149453401565,0.320572942495346,0.91434109210968,0.440771460533142,0.123913176357746,0.373983412981033,-0.806537270545959
0.341666877269745,0.322351694107056,0.914060533046722,0.452064305543899,0.127975180745125,0.368196666240692,-0.802303910255432
0.339328497648239,0.322249323129654,0.913271903991699,0.44112491607666,0.124819718301296,0.371679872274399,-0.807268857955933
0.337510287761688,0.322675764560699,0.912903428077698,0.439867824316025,0.125360071659088,0.371441543102264,-0.807980418205261
0.335917949676514,0.323371827602386,0.912863075733185,0.445866823196411,0.127724751830101,0.368782013654709,-0.805536568164825
0.333452612161636,0.322143822908401,0.912459671497345,0.429888010025024,0.123201966285705,0.376525580883026,-0.811323642730713
0.332593202590942,0.323025643825531,0.911795020103455,0.433105528354645,0.125308528542519,0.375790923833847,-0.809628665447235
0.331208407878876,0.323253870010376,0.911596953868866,0.431772947311401,0.124215714633465,0.373335629701614,-0.811642229557037
0.330471992492676,0.32389572262764,0.91163843870163,0.438886702060699,0.12864163517952,0.372359544038773,-0.807575464248657
0.32934033870697,0.323977470397949,0.911325097084045,0.436423063278198,0.126385644078255,0.370900273323059,-0.809934973716736
0.328134953975677,0.323451042175293,0.910637199878693,0.426713526248932,0.123234882950783,0.37608140707016,-0.813198328018188
0.327713131904602,0.323482185602188,0.910257279872894,0.426970541477203,0.124162681400776,0.38030868768692,-0.810953259468079
0.327197670936584,0.323456913232803,0.909991979598999,0.426708489656448,0.123698964715004,0.381490767002106,-0.810606718063354
0.326721966266632,0.323371440172195,0.909664213657379,0.427525728940964,0.122718878090382,0.382168710231781,-0.810005605220795
0.326441526412964,0.323281407356262,0.90954202413559,0.430749148130417,0.12701977789402,0.379734992980957,-0.808778405189514
0.326377689838409,0.323135942220688,0.909449279308319,0.431137561798096,0.126868948340416,0.380647301673889,-0.808166086673737
0.326487421989441,0.323047339916229,0.90943706035614,0.43141296505928,0.127053007483482,0.380903869867325,-0.80786919593811
0.326767563819885,0.322964817285538,0.909434616565704,0.430808991193771,0.127461448311806,0.381500989198685,-0.80784547328949
0.32720023393631,0.322885096073151,0.909270882606506,0.427698463201523,0.122468195855617,0.385158658027649,-0.808534801006317
0.327739834785461,0.323010563850403,0.909055709838867,0.427143633365631,0.122368782758713,0.38507941365242,-0.808880746364594
0.328326523303986,0.323169112205505,0.908867835998535,0.4249407351017,0.122562639415264,0.385113269090652,-0.809994757175446
0.329171597957611,0.323749214410782,0.90905237197876,0.432594478130341,0.126411825418472,0.380872935056686,-0.807352423667908
0.330037295818329,0.324181914329529,0.908452987670898,0.430645376443863,0.125579237937927,0.38193741440773,-0.808021247386932
0.330747008323669,0.324620336294174,0.908058881759644,0.428193062543869,0.125027358531952,0.38216558098793,-0.809301197528839
0.33172595500946,0.325428903102875,0.907447934150696,0.427513092756271,0.125571846961975,0.380762159824371,-0.810237348079681
0.332556307315826,0.326130002737045,0.907087922096252,0.426588773727417,0.126744896173477,0.380410850048065,-0.810706734657288
0.333252429962158,0.326897859573364,0.906777858734131,0.425790786743164,0.127687111496925,0.382055371999741,-0.810204923152924
0.334348380565643,0.327969342470169,0.906227469444275,0.426113545894623,0.12962518632412,0.381532281637192,-0.809973895549774
0.334898263216019,0.328535079956055,0.90543806552887,0.416322469711304,0.127058118581772,0.386207461357117,-0.813250064849854
0.335716068744659,0.329449713230133,0.905102550983429,0.415880739688873,0.128727748990059,0.388196289539337,-0.812266051769257
0.336149990558624,0.329804062843323,0.908083617687225,0.401692509651184,0.147847905755043,0.405420958995819,-0.807723999023438
0.33680135011673,0.330980271100998,0.907761633396149,0.403800517320633,0.148540481925011,0.405558884143829,-0.806475579738617
0.337702840566635,0.331807076931,0.907399773597717,0.404828906059265,0.151045307517052,0.407721132040024,-0.804401874542236
0.338158041238785,0.333242475986481,0.906169712543488,0.407792806625366,0.147228419780731,0.402287423610687,-0.80634593963623
0.339206099510193,0.333946168422699,0.906772136688232,0.403055906295776,0.152758613228798,0.406916409730911,-0.805375695228577
0.34017813205719,0.334979474544525,0.906620442867279,0.403685957193375,0.160872012376785,0.405430793762207,-0.804228782653809
0.34079298377037,0.335758656263351,0.906486392021179,0.397145420312881,0.156073868274689,0.408366709947586,-0.806940674781799
0.341385424137115,0.33670911192894,0.906231164932251,0.395279139280319,0.156562343239784,0.40763333439827,-0.808132231235504
0.342390894889831,0.337604433298111,0.906327128410339,0.392284989356995,0.160528182983398,0.409793555736542,-0.807720541954041
0.343035131692886,0.338743329048157,0.90694797039032,0.40098974108696,0.164806932210922,0.406118035316467,-0.80443400144577
0.343571782112122,0.339569509029388,0.906945765018463,0.399175256490707,0.16652575135231,0.405539989471435,-0.805273711681366
0.344202190637589,0.340145140886307,0.906893134117126,0.397856384515762,0.167069301009178,0.406377881765366,-0.805391371250153
0.344484806060791,0.340038001537323,0.90685510635376,0.386476278305054,0.166354611515999,0.411155194044113,-0.808649301528931
0.344862073659897,0.340448200702667,0.907111346721649,0.38623720407486,0.167176380753517,0.411099463701248,-0.808622360229492
0.346071064472198,0.341670989990234,0.904040336608887,0.401242017745972,0.150744825601578,0.393202155828476,-0.813432812690735
0.345658272504807,0.341281712055206,0.907865881919861,0.385715216398239,0.169228494167328,0.410309106111526,-0.808846056461334
0.346032798290253,0.341573536396027,0.908284664154053,0.386238276958466,0.169940650463104,0.410177677869797,-0.808513700962067
0.346339344978333,0.341790527105331,0.908606171607971,0.386534035205841,0.169860914349556,0.410442411899567,-0.808254718780518
0.34664785861969,0.341968059539795,0.908936560153961,0.386765003204346,0.169737502932548,0.410437017679214,-0.808172941207886
0.347110450267792,0.342142820358276,0.909442126750946,0.384807288646698,0.170570001006126,0.410906881093979,-0.80869334936142
0.347387909889221,0.342267334461212,0.90974634885788,0.384891122579575,0.169799670577049,0.410811990499496,-0.808863639831543
0.347634881734848,0.342375218868256,0.910055637359619,0.384996503591537,0.168851718306541,0.410847395658493,-0.808993935585022
0.347852796316147,0.34249410033226,0.91040849685669,0.386269450187683,0.168661266565323,0.410190254449844,-0.808760344982147
0.34794408082962,0.343076020479202,0.911543011665344,0.398603796958923,0.171573668718338,0.404454559087753,-0.80504298210144
0.34794408082962,0.343076020479202,0.911543011665344,0.398603796958923,0.171573668718338,0.404454559087753,-0.80504298210144
0.347769141197205,0.342840522527695,0.910793125629425,0.392781108617783,0.163457497954369,0.402656495571136,-0.810476660728455
0.347992181777954,0.342417538166046,0.91215854883194,0.386823892593384,0.16754537820816,0.406370967626572,-0.81065309047699
0.347991406917572,0.342318922281265,0.912560403347015,0.387436270713806,0.169254213571548,0.406621634960175,-0.809879660606384
0.34807413816452,0.342816948890686,0.913408160209656,0.397955924272537,0.172001391649246,0.40218859910965,-0.806406259536743
0.347916156053543,0.342678189277649,0.913699150085449,0.398019820451736,0.1719870865345,0.401730984449387,-0.806605875492096
0.347554624080658,0.341939359903336,0.913477540016174,0.38871306180954,0.169237047433853,0.405479699373245,-0.809843957424164
0.348218411207199,0.342458456754684,0.910512685775757,0.403023689985275,0.15272168815136,0.387932568788528,-0.814712464809418
0.348218411207199,0.342458456754684,0.910512685775757,0.403023689985275,0.15272168815136,0.387932568788528,-0.814712464809418
0.347508251667023,0.341678112745285,0.911147892475128,0.402591973543167,0.152459487318993,0.386741131544113,-0.815541088581085
0.346975326538086,0.341175079345703,0.911510109901428,0.402311861515045,0.151473790407181,0.386133998632431,-0.816150367259979
0.346998453140259,0.341243982315063,0.912215411663055,0.412299454212189,0.155264630913734,0.382232367992401,-0.81228107213974
0.346341282129288,0.340184688568115,0.91194212436676,0.403278946876526,0.151658445596695,0.387306094169617,-0.815082788467407
0.344987094402313,0.338974893093109,0.915496945381165,0.388366788625717,0.168116360902786,0.402600258588791,-0.811678111553192
0.344386905431747,0.33842208981514,0.915704727172852,0.388593107461929,0.166802138090134,0.40086230635643,-0.81270045042038
0.343913555145264,0.337735056877136,0.916064143180847,0.387131899595261,0.167304053902626,0.401572972536087,-0.812943756580353
0.343344151973724,0.337076723575592,0.916063725948334,0.388050615787506,0.167197152972221,0.401593685150146,-0.812517285346985
0.342741429805756,0.336617857217789,0.916394233703613,0.386427849531174,0.1690983325243,0.39937761425972,-0.813988268375397
0.342401683330536,0.33641055226326,0.917238116264343,0.395204156637192,0.173053920269012,0.395984917879105,-0.810593664646149
0.341699719429016,0.335375100374222,0.917092323303223,0.382668703794479,0.172305539250374,0.400216490030289,-0.814679265022278
0.340758264064789,0.33455491065979,0.916988134384155,0.382717937231064,0.16991651058197,0.398881912231445,-0.815811693668365
0.340779989957809,0.33417335152626,0.913430333137512,0.403255641460419,0.151716455817223,0.38310381770134,-0.81706714630127
0.339937031269073,0.333518713712692,0.913453698158264,0.402806550264359,0.150521889328957,0.382623672485352,-0.81773430109024
0.339091658592224,0.332669466733932,0.913378477096558,0.40039274096489,0.149063766002655,0.381833583116531,-0.819554090499878
0.338663041591644,0.332472443580627,0.913752138614654,0.411703318357468,0.153424322605133,0.381087064743042,-0.813470363616943
0.338663041591644,0.332472443580627,0.913752138614654,0.411703318357468,0.153424322605133,0.381087064743042,-0.813470363616943
0.336271703243256,0.329954773187637,0.913120269775391,0.398593902587891,0.148298725485802,0.384153813123703,-0.819485485553741
0.335963606834412,0.330251604318619,0.912573218345642,0.402379602193832,0.149604022502899,0.381763696670532,-0.818514406681061
0.335152685642242,0.329657047986984,0.912281155586243,0.40214741230011,0.149667039513588,0.382600247859955,-0.818226397037506
0.334354162216187,0.329138159751892,0.911999225616455,0.406151086091995,0.156016156077385,0.380804389715195,-0.815897285938263
0.333335429430008,0.32851567864418,0.911490082740784,0.402532547712326,0.150588050484657,0.38311767578125,-0.81762570142746
0.332589447498321,0.328094482421875,0.910993933677673,0.402193039655685,0.151914924383163,0.384541183710098,-0.8168785572052
0.331456303596497,0.327697962522507,0.910502195358276,0.401185363531113,0.151941522955894,0.382953494787216,-0.818114101886749
0.330561429262161,0.32739794254303,0.909974873065948,0.401923805475235,0.153297752141952,0.383076220750809,-0.817440927028656
0.329632192850113,0.327352195978165,0.90935343503952,0.405996531248093,0.155194714665413,0.383078217506409,-0.815066039562225
