x,y,z,q0,q1,q2,q3
0.568580448627472,-0.0268262140452861,0.862940669059753,-0.0276632439345121,0.0380451828241348,0.645394742488861,-0.76239949464798
0.568682670593262,-0.0267289504408836,0.862952947616577,-0.0277401898056268,0.038045734167099,0.64483517408371,-0.762870013713837
0.568701446056366,-0.0267252307385206,0.862935543060303,-0.0276593882590532,0.0384141132235527,0.644420206546783,-0.763205051422119
0.568891286849976,-0.0266046896576881,0.862917184829712,-0.0280447266995906,0.0384941697120666,0.643779635429382,-0.763727426528931
0.568854689598083,-0.0265352111309766,0.862868249416351,-0.028432173654437,0.0382977351546287,0.643224775791168,-0.764190316200256
0.569016575813293,-0.026319071650505,0.862955987453461,-0.0281771197915077,0.0378317274153232,0.642506182193756,-0.764827311038971
0.568954169750214,-0.0260072611272335,0.862188100814819,-0.0288422163575887,0.0416060946881771,0.642164409160614,-0.764893412590027
0.569008409976959,-0.0258728861808776,0.862207353115082,-0.0287901367992162,0.0413231253623962,0.6417396068573,-0.765267193317413
0.569064974784851,-0.0256991945207119,0.862206339836121,-0.028804276138544,0.0409235693514347,0.641403138637543,-0.765570163726807
0.569182634353638,-0.0256376937031745,0.862223207950592,-0.0286135096102952,0.0408505350351333,0.641009211540222,-0.765911102294922
0.569265723228455,-0.0254799593240022,0.862223386764526,-0.0286451186984777,0.0405822917819023,0.640704870223999,-0.766178727149963
0.568963468074799,-0.025769293308258,0.862767517566681,-0.0282148979604244,0.0367136262357234,0.639532029628754,-0.767368733882904
0.569125592708588,-0.0256321523338556,0.862815141677856,-0.027894427999854,0.0366060696542263,0.639075636863708,-0.767765820026398
0.569052040576935,-0.0256110113114118,0.862740516662598,-0.0282046757638454,0.036458496004343,0.638730645179749,-0.768048524856567
0.569218099117279,-0.0254409369081258,0.862808525562286,-0.0280986223369836,0.0363070406019687,0.638333261013031,-0.768389880657196
0.569177627563477,-0.0253314822912216,0.862749218940735,-0.0287369862198829,0.0359733328223228,0.638016521930695,-0.76864492893219
0.569058477878571,-0.02523123472929,0.862635910511017,-0.0284310691058635,0.0357647985219955,0.637377679347992,-0.769195854663849
0.569093644618988,-0.0251499526202678,0.862652003765106,-0.0284608770161867,0.0356493927538394,0.63704514503479,-0.76947557926178
0.5691157579422,-0.0250696837902069,0.862622082233429,-0.0285363458096981,0.0355392284691333,0.636776447296143,-0.769700229167938
0.569134593009949,-0.0249914601445198,0.862613141536713,-0.0285428613424301,0.0354178696870803,0.636515915393829,-0.769921004772186
0.569165706634521,-0.0249488372355699,0.862602472305298,-0.0285036042332649,0.0354295335710048,0.636272132396698,-0.770123481750488
0.569227933883667,-0.0248892940580844,0.862630844116211,-0.0284633338451385,0.035582710057497,0.636075019836426,-0.770280718803406
0.569273054599762,-0.0248309634625911,0.862633585929871,-0.0284640789031982,0.0355324633419513,0.635906934738159,-0.770421743392944
0.569273054599762,-0.0248309634625911,0.862633585929871,-0.0284640789031982,0.0355324633419513,0.635906934738159,-0.770421743392944
0.569321930408478,-0.0247108750045299,0.862621486186981,-0.028391258791089,0.035396322607994,0.635748088359833,-0.770561754703522
0.569356918334961,-0.0246233996003866,0.862605214118958,-0.0284409094601869,0.035151794552803,0.635757744312286,-0.770563185214996
0.569383323192596,-0.0245964433997869,0.862581789493561,-0.0282716229557991,0.0350715965032577,0.635830163955688,-0.770513296127319
0.569416522979736,-0.0245590303093194,0.862563252449036,-0.0281676426529884,0.0350388810038566,0.635925114154816,-0.770440220832825
0.569416522979736,-0.0245590303093194,0.862563252449036,-0.0281676426529884,0.0350388810038566,0.635925114154816,-0.770440220832825
0.569415628910065,-0.024551885202527,0.862513542175293,-0.0277347769588232,0.0348901115357875,0.636122643947601,-0.770299673080444
0.569563090801239,-0.0245349518954753,0.862478792667389,-0.0276781562715768,0.0350278988480567,0.636396467685699,-0.770069241523743
0.569603800773621,-0.0245324820280075,0.862452149391174,-0.0276186652481555,0.0350199341773986,0.636611878871918,-0.769893646240234
0.569639027118683,-0.0245325416326522,0.86244535446167,-0.0275031700730323,0.0349933840334415,0.636896848678589,-0.769663214683533
0.569810926914215,-0.0245085321366786,0.862383663654327,-0.0275122299790382,0.0352808088064193,0.637312948703766,-0.769305288791656
0.569831132888794,-0.0245153792202472,0.862376749515533,-0.0274311266839504,0.0352533608675003,0.637639701366425,-0.769038677215576
0.569855272769928,-0.0245219934731721,0.862383961677551,-0.0274047739803791,0.0351485274732112,0.637969255447388,-0.768771052360535
0.569881319999695,-0.0245366208255291,0.862383604049683,-0.02741314843297,0.0350290983915329,0.638349831104279,-0.768460154533386
0.569920897483826,-0.0245662666857242,0.862398982048035,-0.0274021383374929,0.0350095480680465,0.638735115528107,-0.768141210079193
0.570072531700134,-0.0245426744222641,0.862430572509766,-0.0270302426069974,0.0348129235208034,0.639139711856842,-0.767826676368713
0.570090889930725,-0.0246252007782459,0.862419605255127,-0.0274756886065006,0.0346812605857849,0.639798521995544,-0.767268121242523
0.570336997509003,-0.0246866047382354,0.862531423568726,-0.0270420927554368,0.0350264832377433,0.640282988548279,-0.766863465309143
0.570407629013062,-0.0247325710952281,0.862551867961884,-0.0270361751317977,0.0350418575108051,0.640697121620178,-0.766517102718353
0.570470929145813,-0.0247751083225011,0.862557888031006,-0.0270051322877407,0.0350224636495113,0.641085267066956,-0.766194403171539
0.570525467395782,-0.0248112045228481,0.86256468296051,-0.0269354451447725,0.034978549927473,0.641519725322723,-0.765835106372833
0.570592522621155,-0.0248587131500244,0.862559378147125,-0.0268762912601232,0.0350344628095626,0.641959369182587,-0.765466153621674
0.570655584335327,-0.0249250344932079,0.862558841705322,-0.0268024913966655,0.0349859669804573,0.642387747764587,-0.765111565589905
0.570854663848877,-0.0249659642577171,0.862540364265442,-0.0267964359372854,0.0351133048534393,0.643029093742371,-0.764567017555237
0.570898711681366,-0.0250339545309543,0.862487435340881,-0.0267492104321718,0.0352971963584423,0.6436567902565,-0.764031827449799
0.571009755134583,-0.0250807255506515,0.862494885921478,-0.0267482958734035,0.0353828184306621,0.644225358963013,-0.763548493385315
0.571216404438019,-0.0251916032284498,0.862545847892761,-0.0269161593168973,0.0356768742203712,0.645080924034119,-0.762806177139282
0.57120406627655,-0.0252949632704257,0.862492382526398,-0.0272569209337234,0.0357196331024169,0.645798921585083,-0.762184321880341
0.571415305137634,-0.025296214967966,0.862540066242218,-0.0269572380930185,0.0358099751174449,0.646337032318115,-0.761734485626221
0.571546375751495,-0.0253280401229858,0.862524807453156,-0.026917852461338,0.0359429195523262,0.647011578083038,-0.761156797409058
0.571644127368927,-0.0253507606685161,0.862515091896057,-0.0270138792693614,0.0358525142073631,0.647701978683472,-0.760570228099823
0.571690082550049,-0.0254198797047138,0.862438678741455,-0.0273657198995351,0.0357785485684871,0.648592054843903,-0.759802281856537
0.5719273686409,-0.0254424512386322,0.862427651882172,-0.027566822245717,0.0359169207513332,0.649459898471832,-0.759046792984009
0.572269856929779,-0.0255378596484661,0.862433254718781,-0.0276251509785652,0.0365296527743339,0.650574743747711,-0.758059918880463
0.572553396224976,-0.0255434103310108,0.862392663955688,-0.0276561826467514,0.0369229465723037,0.6515172123909,-0.75722998380661
0.572879791259766,-0.0255354512482881,0.862276673316956,-0.0276134423911571,0.0377543754875659,0.652461528778076,-0.756376922130585
0.573110103607178,-0.0255686230957508,0.862234592437744,-0.0274988524615764,0.037912081927061,0.653429985046387,-0.755536794662476
0.573110103607178,-0.0255686230957508,0.862234592437744,-0.0274988524615764,0.037912081927061,0.653429985046387,-0.755536794662476
0.573649406433105,-0.0256443321704864,0.862083971500397,-0.0270756278187036,0.0392005145549774,0.655728161334991,-0.753492414951324
0.573164224624634,-0.0257201008498668,0.862299680709839,-0.027005972340703,0.0379792675375938,0.656295478343964,-0.753063440322876
0.573253273963928,-0.025776632130146,0.862306952476501,-0.0269218198955059,0.0378984697163105,0.657205879688263,-0.752276122570038
0.573359847068787,-0.025778591632843,0.86233651638031,-0.0267864353954792,0.0377216674387455,0.658090591430664,-0.751516103744507
0.573422968387604,-0.0258588027209043,0.862321197986603,-0.02643433958292,0.0377847142517566,0.6589195728302,-0.75079870223999
0.573626518249512,-0.0258572101593017,0.862371742725372,-0.0261363498866558,0.0378325954079628,0.659768760204315,-0.750060558319092
0.573728322982788,-0.0259296726435422,0.862371504306793,-0.0260494612157344,0.0378603972494602,0.660667300224304,-0.749270796775818
0.574100971221924,-0.0260016210377216,0.862393200397491,-0.026219829916954,0.0384768508374691,0.661946594715118,-0.748103499412537
0.57422924041748,-0.0260453466325998,0.8623948097229,-0.0261556953191757,0.0386156812310218,0.662811815738678,-0.747332036495209
0.574799478054047,-0.0261236540973186,0.862489104270935,-0.0261007938534021,0.0392884910106658,0.663699388504028,-0.746510863304138
0.574797034263611,-0.026237616315484,0.86250913143158,-0.0261456798762083,0.0397513397037982,0.664721190929413,-0.745574951171875
0.574924111366272,-0.0263555794954299,0.862506091594696,-0.0260189808905124,0.0401434302330017,0.665647566318512,-0.744731485843658
0.575109541416168,-0.0264665074646472,0.862533986568451,-0.0260912850499153,0.040624763816595,0.666615903377533,-0.743836164474487
0.575425088405609,-0.0264976806938648,0.862574577331543,-0.0264021623879671,0.0411910004913806,0.667733788490295,-0.742790579795837
0.575919389724731,-0.0266420170664787,0.862763643264771,-0.0261700451374053,0.0425109416246414,0.668284833431244,-0.74222868680954
0.576138973236084,-0.0268729422241449,0.862834930419922,-0.0261665470898151,0.0429461114108562,0.669582068920135,-0.741033673286438
0.576001763343811,-0.0270516853779554,0.862768888473511,-0.0263939779251813,0.0430003404617309,0.670775353908539,-0.73994243144989
0.575864493846893,-0.0265381149947643,0.86258465051651,-0.0266393348574638,0.0415285676717758,0.670591413974762,-0.740184426307678
0.575921893119812,-0.0264474600553512,0.862504959106445,-0.0269253086298704,0.0405683182179927,0.671410918235779,-0.739484012126923
0.576146841049194,-0.0264063142240047,0.8625608086586,-0.0265397876501083,0.0405238643288612,0.672355890274048,-0.738641440868378
0.576314747333527,-0.0265222527086734,0.862715780735016,-0.0266750771552324,0.0412380956113338,0.67328542470932,-0.737749755382538
0.576448082923889,-0.0265814140439033,0.862743318080902,-0.0267223231494426,0.0413871742784976,0.674143016338348,-0.736956179141998
0.576553821563721,-0.0265956819057464,0.862772047519684,-0.0267203655093908,0.0412922501564025,0.674988090991974,-0.73618757724762
0.576582252979279,-0.0266446135938167,0.862801849842072,-0.0265530981123447,0.0412247739732265,0.675934672355652,-0.735328435897827
0.576154112815857,-0.02722710929811,0.862547099590302,-0.0264614783227443,0.0425221472978591,0.675863921642303,-0.735322892665863
0.575722217559814,-0.0269559379667043,0.862082779407501,-0.0271875523030757,0.0408914498984813,0.677087545394897,-0.734262347221375
0.576403498649597,-0.026333563029766,0.862479209899902,-0.0274330079555511,0.0384288057684898,0.679237127304077,-0.732398569583893
0.576850831508636,-0.0271415077149868,0.862298846244812,-0.026902325451374,0.0436541326344013,0.679327189922333,-0.732041835784912
0.577248334884644,-0.0276876986026763,0.862474679946899,-0.0264212414622306,0.045147243887186,0.68142169713974,-0.730019390583038
0.577248334884644,-0.0276876986026763,0.862474679946899,-0.0264212414622306,0.045147243887186,0.68142169713974,-0.730019390583038
0.577538847923279,-0.0278033092617988,0.86241626739502,-0.0263930540531873,0.0449225082993507,0.683223068714142,-0.728348612785339
0.578436017036438,-0.0269696675240993,0.862610757350922,-0.0308552980422973,0.0415141992270946,0.684784233570099,-0.726908028125763
0.577774882316589,-0.027237981557846,0.862101256847382,-0.0272749308496713,0.0422999933362007,0.684012711048126,-0.727731704711914
0.57796436548233,-0.0273035988211631,0.862084567546844,-0.0272029899060726,0.0430129244923591,0.684718370437622,-0.727028667926788
0.578851222991943,-0.0272774025797843,0.862518906593323,-0.0311054456979036,0.0416812971234321,0.687367081642151,-0.724445760250092
0.578977048397064,-0.0273444540798664,0.862488031387329,-0.0309615805745124,0.0416761003434658,0.688068628311157,-0.723786056041718
0.57915723323822,-0.0274052992463111,0.862476944923401,-0.0312217846512794,0.0415127091109752,0.689034402370453,-0.722864866256714
0.579220056533813,-0.0274878721684217,0.862427234649658,-0.0314490385353565,0.0414749085903167,0.689630389213562,-0.722288608551025
0.579220056533813,-0.0274878721684217,0.862427234649658,-0.0314490385353565,0.0414749085903167,0.689630389213562,-0.722288608551025
0.579485058784485,-0.0276614315807819,0.862430274486542,-0.0312053337693214,0.0418364554643631,0.690860450267792,-0.721101701259613
0.57944917678833,-0.0275345109403133,0.862234115600586,-0.0298034157603979,0.0422180593013763,0.690554797649384,-0.7214315533638
0.579609990119934,-0.0275454297661781,0.862266659736633,-0.0299485996365547,0.0422515124082565,0.691115736961365,-0.720886290073395
0.579744577407837,-0.0276003275066614,0.862294793128967,-0.0301302205771207,0.0424054786562919,0.691618204116821,-0.720387578010559
0.580091834068298,-0.0278467833995819,0.862551748752594,-0.0320003181695938,0.0421133860945701,0.692962884902954,-0.719030618667603
0.580297231674194,-0.0279836617410182,0.86250901222229,-0.0320680364966392,0.0427770018577575,0.693320155143738,-0.7186439037323
0.580161511898041,-0.0279051046818494,0.862323224544525,-0.0305591560900211,0.0432698391377925,0.692682802677155,-0.719294488430023
0.580161511898041,-0.0279051046818494,0.862323224544525,-0.0305591560900211,0.0432698391377925,0.692682802677155,-0.719294488430023
0.580340385437012,-0.0281602647155523,0.862382292747498,-0.0303776618093252,0.043851725757122,0.693081974983215,-0.718882322311401
0.580674529075623,-0.0278659295290708,0.862849593162537,-0.0304295402020216,0.0412173420190811,0.693823754787445,-0.718320190906525
0.580674529075623,-0.0278659295290708,0.862849593162537,-0.0304295402020216,0.0412173420190811,0.693823754787445,-0.718320190906525
0.58120322227478,-0.0279437415301799,0.863168597221375,-0.0342119969427585,0.0387601293623447,0.694451928138733,-0.717679381370544
0.580935597419739,-0.0279362872242927,0.862877249717712,-0.0322544798254966,0.0395257212221622,0.693586766719818,-0.718564331531525
0.581483066082001,-0.027882382273674,0.863011956214905,-0.033119224011898,0.0406751073896884,0.694196283817291,-0.717872023582458
0.581702888011932,-0.027878688648343,0.862961709499359,-0.0332386754453182,0.041175402700901,0.694462537765503,-0.717580437660217
0.582457900047302,-0.0276006050407886,0.862648189067841,-0.0334051474928855,0.0436507649719715,0.695442140102386,-0.716476798057556
0.582477688789368,-0.0276068113744258,0.862539172172546,-0.0336404629051685,0.0435421988368034,0.695858538150787,-0.716067910194397
0.582280993461609,-0.031170230358839,0.864127576351166,-0.0214587971568107,0.0451864413917064,0.686217188835144,-0.725674629211426
0.58285915851593,-0.0315634533762931,0.8643479347229,-0.0223379004746675,0.0457270219922065,0.687053799629211,-0.724822223186493
0.583212435245514,-0.0318174213171005,0.864421427249908,-0.0215389169752597,0.0466273315250873,0.686743199825287,-0.725083291530609
0.58245724439621,-0.0279583111405372,0.863007783889771,-0.0359313152730464,0.0414882339537143,0.696662664413452,-0.715296387672424
0.582593441009521,-0.027924008667469,0.863005936145782,-0.0360609591007232,0.041748259216547,0.69686222076416,-0.715080380439758
0.582593441009521,-0.027924008667469,0.863005936145782,-0.0360609591007232,0.041748259216547,0.69686222076416,-0.715080380439758
0.582846105098724,-0.0278118532150983,0.863006055355072,-0.0364290513098239,0.0422091521322727,0.697440683841705,-0.714470326900482
0.583136439323425,-0.0277304761111736,0.862974524497986,-0.0366364382207393,0.042851835489273,0.697881758213043,-0.713990569114685
0.583136439323425,-0.0277304761111736,0.862974524497986,-0.0366364382207393,0.042851835489273,0.697881758213043,-0.713990569114685
0.583275377750397,-0.0274008549749851,0.862681746482849,-0.0355806834995746,0.0438922829926013,0.697920083999634,-0.713943302631378
0.583722591400146,-0.0274619534611701,0.863043546676636,-0.0376871898770332,0.0435287803411483,0.699428975582123,-0.712379157543182
0.583783328533173,-0.0270787738263607,0.862825989723206,-0.0367515236139297,0.0438986457884311,0.699127793312073,-0.712700963020325
0.583964228630066,-0.0269598886370658,0.86281156539917,-0.0371290855109691,0.0441901385784149,0.69980400800705,-0.711999416351318
0.584107637405396,-0.02686114795506,0.862836718559265,-0.0373106822371482,0.0443889088928699,0.700489819049835,-0.711302816867828
0.584470868110657,-0.026817787438631,0.862841248512268,-0.0374555513262748,0.0451682358980178,0.701393365859985,-0.7103551030159
0.584757924079895,-0.0265970714390277,0.862850904464722,-0.0378386676311492,0.0452683418989181,0.702361166477203,-0.709371566772461
0.585063695907593,-0.0264733582735061,0.862845063209534,-0.0380456335842609,0.0457265600562095,0.70325231552124,-0.708447515964508
0.585335314273834,-0.0263441242277622,0.862894237041473,-0.0384723804891109,0.0457991100847721,0.704134404659271,-0.707543015480042
0.585335314273834,-0.0263441242277622,0.862894237041473,-0.0384723804891109,0.0457991100847721,0.704134404659271,-0.707543015480042
0.585664689540863,-0.0283489767462015,0.864098608493805,-0.0324463509023189,0.0468324050307273,0.701551914215088,-0.710337221622467
0.585900068283081,-0.0283447578549385,0.864176988601685,-0.032698106020689,0.0469366498291492,0.702038824558258,-0.709837555885315
0.586072087287903,-0.0282871648669242,0.864247024059296,-0.0324751287698745,0.0468877553939819,0.702509164810181,-0.709385633468628
0.586131572723389,-0.0280355513095855,0.864025115966797,-0.0307661425322294,0.0478356704115867,0.702222466468811,-0.709682166576385
0.586564719676971,-0.028164817020297,0.864299178123474,-0.0324162207543849,0.0477164834737777,0.703542411327362,-0.708308219909668
0.587124943733215,-0.0279992893338203,0.864406049251556,-0.0326771847903728,0.0480098649859428,0.703461110591888,-0.708357036113739
0.587432026863098,-0.0255064293742179,0.86311537027359,-0.0392307862639427,0.0482412092387676,0.709862768650055,-0.701590180397034
0.587643623352051,-0.0253972858190536,0.863137364387512,-0.0395583622157573,0.0485169142484664,0.710496842861176,-0.700910568237305
0.588278710842133,-0.0253472849726676,0.863368988037109,-0.0415015257894992,0.048680692911148,0.712252259254456,-0.699002623558044
0.5885009765625,-0.0252173133194446,0.863391697406769,-0.0417804606258869,0.0489294044673442,0.712799429893494,-0.698410630226135
0.588834285736084,-0.0251605845987796,0.863433241844177,-0.0417893305420875,0.0495475716888904,0.713319718837738,-0.697835028171539
0.58905428647995,-0.0250272545963525,0.863467335700989,-0.0419385619461536,0.0497960485517978,0.713824868202209,-0.697291612625122
0.58956778049469,-0.024815484881401,0.863511919975281,-0.0425736233592033,0.0503294914960861,0.714345633983612,-0.696681320667267
0.589818835258484,-0.0247705001384019,0.863440930843353,-0.0426376573741436,0.0509389638900756,0.714961528778076,-0.696000874042511
0.589834213256836,-0.0244813580065965,0.863301753997803,-0.0410336144268512,0.0514095649123191,0.714507758617401,-0.696528613567352
0.589879512786865,-0.0245749093592166,0.863324165344238,-0.0390784740447998,0.0520797185599803,0.714984178543091,-0.696102142333984
0.590110540390015,-0.0244679860770702,0.863353312015533,-0.0391972586512565,0.0523087009787559,0.715276479721069,-0.695777893066406
0.590244293212891,-0.0246248729526996,0.863649010658264,-0.0378640443086624,0.0536739453673362,0.715569496154785,-0.695446491241455
0.590619087219238,-0.0244051925837993,0.863579034805298,-0.0381893962621688,0.0542268939316272,0.716260492801666,-0.694674015045166
0.590919196605682,-0.0242818444967269,0.863594532012939,-0.0386469811201095,0.0544172078371048,0.716424763202667,-0.694464504718781
0.591250419616699,-0.024044282734394,0.863518357276917,-0.0392515510320663,0.0548828281462192,0.716930031776428,-0.693872153759003
0.591489136219025,-0.0239650718867778,0.86357307434082,-0.0394685715436935,0.0549373440444469,0.716957092285156,-0.693827569484711
0.590719103813171,-0.0242146626114845,0.863543927669525,-0.0364850237965583,0.0554446280002594,0.716747045516968,-0.694167494773865
0.591904401779175,-0.02346015535295,0.863388061523438,-0.0418406724929809,0.0549477078020572,0.717484652996063,-0.693142056465149
0.593206107616425,-0.0231632720679044,0.863440275192261,-0.0470878444612026,0.0545115880668163,0.716550588607788,-0.693805813789368
0.593324780464172,-0.0231882445514202,0.863399624824524,-0.0470809824764728,0.0546347498893737,0.716435194015503,-0.693915843963623
0.593549311161041,-0.0231093261390924,0.863465249538422,-0.0469992198050022,0.0550061427056789,0.716265678405762,-0.694067001342773
0.593784511089325,-0.0230154711753129,0.863499224185944,-0.0470767505466938,0.0553064085543155,0.716096341609955,-0.694212555885315
0.593766093254089,-0.0227064117789268,0.863337099552155,-0.0434896238148212,0.0568375140428543,0.716619431972504,-0.693782925605774
0.594027638435364,-0.0225892700254917,0.86336350440979,-0.0438080690801143,0.0570429377257823,0.716471314430237,-0.693899095058441
0.594249308109283,-0.0225370097905397,0.863421022891998,-0.0437696985900402,0.0571683049201965,0.71625292301178,-0.694116592407227
0.594622373580933,-0.0222599133849143,0.863431990146637,-0.0456334315240383,0.0573557056486606,0.715679347515106,-0.694572508335114
0.594861626625061,-0.0222340449690818,0.863529086112976,-0.0452212877571582,0.057865060865879,0.715207159519196,-0.695043623447418
0.59509402513504,-0.0221402551978826,0.863533020019531,-0.0453502796590328,0.0581139549612998,0.714778482913971,-0.695455253124237
0.5948725938797,-0.0223666168749332,0.863691687583923,-0.0434138849377632,0.0591000169515609,0.714595675468445,-0.695683419704437
0.595256745815277,-0.0220290869474411,0.863618433475494,-0.044522151350975,0.0593239404261112,0.714253723621368,-0.695945501327515
0.595942974090576,-0.0220091119408607,0.863604009151459,-0.0482837930321693,0.0590501017868518,0.714125573635101,-0.695849537849426
0.596353888511658,-0.0215035248547792,0.86351478099823,-0.0499654673039913,0.0587042868137359,0.713549852371216,-0.696350455284119
0.596221923828125,-0.0214930772781372,0.863406479358673,-0.0497867614030838,0.0588015355169773,0.713494598865509,-0.696411669254303
0.596613645553589,-0.0214600265026092,0.863530516624451,-0.0490253306925296,0.0592992715537548,0.712312161922455,-0.697632849216461
0.596726953983307,-0.0213811062276363,0.863543927669525,-0.0486028157174587,0.059523019939661,0.711825907230377,-0.698139429092407
0.596836686134338,-0.0213718228042125,0.86362099647522,-0.0481185056269168,0.0597026795148849,0.71123343706131,-0.698761343955994
0.596879422664642,-0.022309586405754,0.864230275154114,-0.0448446422815322,0.0618632771074771,0.71161162853241,-0.698405981063843
0.596282124519348,-0.0216486454010009,0.863881468772888,-0.0414825342595577,0.0612182654440403,0.70896315574646,-0.701357841491699
0.596630692481995,-0.0215086005628108,0.864006280899048,-0.0414810329675674,0.0613479539752006,0.70792019367218,-0.70239931344986
0.597112059593201,-0.0217639803886413,0.864152550697327,-0.0433603711426258,0.0612916089594364,0.707241892814636,-0.70297384262085
0.597179889678955,-0.0227391347289085,0.86480712890625,-0.0397395305335521,0.0633947551250457,0.707089245319366,-0.703154861927032
0.597179889678955,-0.0227391347289085,0.86480712890625,-0.0397395305335521,0.0633947551250457,0.707089245319366,-0.703154861927032
0.598415970802307,-0.0211706757545471,0.863863229751587,-0.0391945801675319,0.0663137212395668,0.705154657363892,-0.704856932163239
0.598216950893402,-0.0212345663458108,0.864053606987,-0.0379360429942607,0.0662821829319,0.703615486621857,-0.706465065479279
0.597003817558289,-0.0224029049277305,0.864445805549622,-0.0317912437021732,0.0683108419179916,0.703561663627625,-0.706628620624542
0.598474979400635,-0.0208261851221323,0.86407333612442,-0.0420492365956306,0.0656703859567642,0.702466785907745,-0.70743191242218
0.598474979400635,-0.0208261851221323,0.86407333612442,-0.0420492365956306,0.0656703859567642,0.702466785907745,-0.70743191242218
0.598150372505188,-0.0207144357264041,0.863932192325592,-0.0414661653339862,0.065273568034172,0.700717329978943,-0.709235668182373
0.598191142082214,-0.0203775651752948,0.863975524902344,-0.040900819003582,0.0656482502818107,0.699731171131134,-0.710206806659698
0.59732985496521,-0.0213384740054607,0.864611804485321,-0.0380282700061798,0.064389482140541,0.69702011346817,-0.713141560554504
0.597156167030334,-0.0207729842513799,0.864402890205383,-0.0365172438323497,0.065315768122673,0.695987343788147,-0.714144229888916
0.597156167030334,-0.0207729842513799,0.864402890205383,-0.0365172438323497,0.065315768122673,0.695987343788147,-0.714144229888916
0.598104119300842,-0.0202416665852069,0.864120483398438,-0.0369014106690883,0.0693947225809097,0.697144389152527,-0.712609589099884
0.598223209381104,-0.0201963298022747,0.864113807678223,-0.0369524322450161,0.0695692375302314,0.695557653903961,-0.714138925075531
0.598461747169495,-0.0204410068690776,0.863673031330109,-0.0410679243505001,0.0721177980303764,0.693378984928131,-0.715778112411499
0.59755927324295,-0.0194498784840106,0.863070428371429,-0.0414503067731857,0.0690282061696052,0.691949844360352,-0.717441558837891
0.598311901092529,-0.0195229575037956,0.864332735538483,-0.0372175201773643,0.0685323327779769,0.691195666790009,-0.71844756603241
0.598432004451752,-0.0199597440659999,0.864536225795746,-0.036738283932209,0.070094846189022,0.690889537334442,-0.718615829944611
0.598544359207153,-0.0198215097188949,0.864492416381836,-0.0367304049432277,0.0703630074858665,0.68948894739151,-0.719933986663818
0.598544359207153,-0.0198215097188949,0.864492416381836,-0.0367304049432277,0.0703630074858665,0.68948894739151,-0.719933986663818
0.598253488540649,-0.0191615987569093,0.864372313022614,-0.036469180136919,0.0695037916302681,0.685620188713074,-0.723715603351593
0.598343133926392,-0.018926702439785,0.864513874053955,-0.0362771153450012,0.0701052099466323,0.683989703655243,-0.725208520889282
0.598185300827026,-0.0187322348356246,0.864395797252655,-0.0364519879221916,0.0698306635022163,0.682911813259125,-0.726241230964661
0.598228096961975,-0.0184095539152622,0.864316463470459,-0.0356073901057243,0.0699428617954254,0.680873513221741,-0.728183686733246
0.598174750804901,-0.0186929050832986,0.86437451839447,-0.0352672711014747,0.0707735195755958,0.679940223693848,-0.728991568088531
0.597916483879089,-0.0190251544117927,0.863970518112183,-0.0349640250205993,0.0741114392876625,0.678013443946838,-0.730467557907104
0.597206950187683,-0.0187456645071506,0.863745033740997,-0.0345813818275928,0.0732780024409294,0.67654675245285,-0.731928288936615
0.597206950187683,-0.0187456645071506,0.863745033740997,-0.0345813818275928,0.0732780024409294,0.67654675245285,-0.731928288936615
0.597714722156525,-0.0187830552458763,0.863994538784027,-0.0332927703857421,0.0755421817302703,0.673675358295441,-0.734402298927307
0.597288370132446,-0.0231606028974056,0.866316795349121,-0.0174368061125278,0.0777376443147659,0.659358203411102,-0.747595846652985
0.597368836402893,-0.0226825438439846,0.866193056106567,-0.0190387088805437,0.079160563647747,0.659335076808929,-0.747427880764008
0.597308576107025,-0.022102179005742,0.865982890129089,-0.0198999159038066,0.0795537829399108,0.659456014633179,-0.747256934642792
0.597352385520935,-0.0213243849575519,0.865805268287659,-0.0217922497540712,0.0795856416225433,0.659521400928497,-0.747143089771271
0.597495317459106,-0.0215048026293516,0.865816354751587,-0.0220867227762937,0.081711046397686,0.660708725452423,-0.745854914188385
0.597095012664795,-0.0205633267760276,0.865439236164093,-0.0227787382900714,0.080302894115448,0.65933620929718,-0.747200429439545
0.597185969352722,-0.0194216817617416,0.864911496639252,-0.0284877307713031,0.0820652693510055,0.665053308010101,-0.741726279258728
0.597276151180267,-0.0192426182329654,0.864893794059753,-0.0283524505794048,0.0825182348489761,0.663668572902679,-0.742920577526093
0.596911191940308,-0.0182069763541221,0.864646434783936,-0.028502769768238,0.0808869823813438,0.660949349403381,-0.745513796806335
0.597096025943756,-0.0181777607649564,0.864693701267242,-0.0284027382731437,0.0813111215829849,0.659680068492889,-0.746595025062561
0.597529768943787,-0.018626645207405,0.865052342414856,-0.0279628410935401,0.0838003382086753,0.659176230430603,-0.746781289577484
0.596852958202362,-0.0178244449198246,0.864560484886169,-0.0257969200611114,0.0828934609889984,0.656015515327454,-0.749737858772278
0.59646213054657,-0.0174719505012035,0.864342927932739,-0.0256859455257654,0.082210898399353,0.654318571090698,-0.751298069953918
0.597142219543457,-0.017580684274435,0.864918947219849,-0.0273613445460796,0.0834245234727859,0.653898060321808,-0.751471281051636
0.597247302532196,-0.0176181457936763,0.865024209022522,-0.0265945307910442,0.0848500654101371,0.652281284332275,-0.752743244171143
0.597025156021118,-0.0174809675663709,0.864995360374451,-0.0266707818955183,0.0846450924873352,0.651148200035095,-0.753743946552277
0.597226500511169,-0.017170513048768,0.865127444267273,-0.0266600642353296,0.085357166826725,0.649538338184357,-0.755051910877228
0.597345352172852,-0.0174940936267375,0.865395486354828,-0.0261382050812244,0.0876877382397651,0.648685693740845,-0.755535900592804
0.597345352172852,-0.0174940936267375,0.865395486354828,-0.0261382050812244,0.0876877382397651,0.648685693740845,-0.755535900592804
0.596944212913513,-0.0168757103383541,0.865222215652466,-0.0257407072931528,0.0871379673480987,0.645263195037842,-0.758537948131561
0.596038460731506,-0.0168312210589647,0.864752054214478,-0.0226456616073846,0.0883915573358535,0.642041921615601,-0.761220276355743
0.596038460731506,-0.0168312210589647,0.864752054214478,-0.0226456616073846,0.0883915573358535,0.642041921615601,-0.761220276355743
0.596155285835266,-0.0166519060730934,0.864816784858704,-0.0221231207251548,0.0902341529726982,0.639360666275024,-0.763273417949677
0.596155285835266,-0.0166519060730934,0.864816784858704,-0.0221231207251548,0.0902341529726982,0.639360666275024,-0.763273417949677
0.59693855047226,-0.0170993134379386,0.864959359169006,-0.0217248350381851,0.0942155718803405,0.638056099414825,-0.763895273208618
0.596396863460541,-0.016396302729845,0.864828407764435,-0.0218010395765304,0.0924079716205596,0.636030972003937,-0.765800297260284
0.596088528633118,-0.0162440687417984,0.864746689796448,-0.0215058922767639,0.0922320410609245,0.634896099567413,-0.766770958900452
0.596325755119324,-0.0160388052463531,0.864788293838501,-0.0211471635848283,0.0927553251385688,0.633625686168671,-0.767768025398254
0.596336364746094,-0.0157794058322906,0.864890456199646,-0.0213702041655778,0.0925670862197876,0.632822215557098,-0.768446922302246
0.596330046653748,-0.0156353525817394,0.864897727966309,-0.0212664119899272,0.0928071215748786,0.631975531578064,-0.76911735534668
0.596330046653748,-0.0156353525817394,0.864897727966309,-0.0212664119899272,0.0928071215748786,0.631975531578064,-0.76911735534668
0.596240282058716,-0.015297120437026,0.864809691905975,-0.0207687634974718,0.0935923606157302,0.629936397075653,-0.770707070827484
0.596281230449677,-0.0150606473907828,0.864953637123108,-0.0201617367565631,0.0936833247542381,0.62924325466156,-0.771278083324432
0.596243262290955,-0.0149776879698038,0.864920258522034,-0.0204701479524374,0.0943718329071998,0.628608047962189,-0.771703898906708
0.596132874488831,-0.0147288292646408,0.865008533000946,-0.0206504110246896,0.0939420163631439,0.627910971641541,-0.772318780422211
0.596056938171387,-0.0145871108397841,0.864991724491119,-0.020640168339014,0.0940586850047111,0.626987397670746,-0.773054957389832
0.596056938171387,-0.0145871108397841,0.864991724491119,-0.020640168339014,0.0940586850047111,0.626987397670746,-0.773054957389832
0.59589821100235,-0.0143061298877,0.864984512329102,-0.0202197916805744,0.09458589553833,0.625530123710632,-0.774181365966797
0.595813453197479,-0.0141584500670433,0.864981889724731,-0.0201375372707843,0.0946685895323753,0.625072836875916,-0.774542689323425
0.595539331436157,-0.0141040887683629,0.864957809448242,-0.020105829462409,0.0951761454343795,0.624616324901581,-0.774849474430084
0.596023797988892,-0.0144716678187251,0.865161061286926,-0.0200816951692104,0.0973849892616272,0.624962210655212,-0.774296581745148
0.595949947834015,-0.0142825655639171,0.865236639976501,-0.0199533961713314,0.097489982843399,0.624498903751373,-0.774660408496857
0.595844328403473,-0.0140658393502235,0.865271389484406,-0.0199390854686498,0.0974124372005462,0.623971402645111,-0.775095522403717
0.595726609230042,-0.0139095801860094,0.865269839763641,-0.0197049304842948,0.097532570362091,0.623473346233368,-0.775487065315247
0.595670104026794,-0.0137476846575737,0.865287184715271,-0.0197123736143112,0.0975540354847908,0.623147428035736,-0.775746047496796
0.595623373985291,-0.013586844317615,0.865310847759247,-0.0197254046797752,0.0975823551416397,0.622874200344086,-0.775961577892303
0.595224916934967,-0.0127467922866344,0.86505126953125,-0.0197904985398054,0.0950726419687271,0.621389329433441,-0.77746057510376
0.595266401767731,-0.0126462234184145,0.864985346794128,-0.0198843646794557,0.0955937132239341,0.62098491191864,-0.777717292308807
0.622570157051086,-0.0301794204860925,0.860250651836395,-0.0280078388750553,0.204865679144859,0.605000078678131,-0.768908679485321
0.631213247776031,-0.0360204949975013,0.861053168773651,-0.0288883037865161,0.24435256421566,0.596706449985504,-0.763805329799652
0.633286654949188,-0.0372083224356174,0.861468553543091,-0.0289678685367107,0.253475517034531,0.594252109527588,-0.762741982936859
0.633761942386627,-0.03732655569911,0.861653685569763,-0.0290272179991006,0.255304098129272,0.593628287315369,-0.762615740299225
0.633844971656799,-0.037173181772232,0.861683011054993,-0.0292033813893795,0.255550891160965,0.59346330165863,-0.762654662132263
0.634165525436401,-0.0374322347342968,0.86200875043869,-0.0294630508869886,0.256658285856247,0.59422904253006,-0.761676013469696
0.634148597717285,-0.0372616872191429,0.86199277639389,-0.0295449905097484,0.256556391716003,0.594027459621429,-0.761864423751831
0.634145319461823,-0.0371274948120117,0.862013220787048,-0.0297043845057487,0.25646635890007,0.593888700008392,-0.761996626853943
0.634145855903625,-0.037016324698925,0.862018644809723,-0.0297133699059486,0.256700485944748,0.593768119812012,-0.762011408805847
0.634136557579041,-0.0368939712643623,0.862012505531311,-0.0298560503870248,0.256736010313034,0.593610048294067,-0.762117028236389
0.633782565593719,-0.0363555029034614,0.861661672592163,-0.0296904928982257,0.255647271871567,0.592258512973785,-0.763539612293243
0.633963882923126,-0.0365864783525466,0.861988186836243,-0.0300001986324787,0.256085604429245,0.593364119529724,-0.762521624565125
0.633893311023712,-0.0364718064665794,0.861956059932709,-0.0299779139459133,0.256208956241608,0.593031883239746,-0.762739539146423
0.633878111839294,-0.0363699272274971,0.861960589885712,-0.0300457365810871,0.256129950284958,0.592846632003784,-0.762907326221466
0.633863627910614,-0.0362566262483596,0.86194783449173,-0.0301727354526519,0.256061434745789,0.592739582061768,-0.763008594512939
0.633849382400513,-0.0361692085862159,0.861947238445282,-0.0302200838923454,0.25599855184555,0.592664897441864,-0.763085782527924
0.633858442306519,-0.0360693335533142,0.861940085887909,-0.0302923377603292,0.255894005298615,0.592566251754761,-0.763194441795349
0.633542835712433,-0.0355176217854023,0.86159360408783,-0.0301656369119882,0.254644930362701,0.591401755809784,-0.764519393444061
0.633548617362976,-0.0353962779045105,0.861585676670074,-0.0302071012556552,0.254385143518448,0.591423094272614,-0.764587759971619
0.633548617362976,-0.0353962779045105,0.861585676670074,-0.0302071012556552,0.254385143518448,0.591423094272614,-0.764587759971619
0.633597195148468,-0.0352264568209648,0.861531734466553,-0.0302866827696561,0.254316478967667,0.591478765010834,-0.764564454555511
0.633597195148468,-0.0352264568209648,0.861531734466553,-0.0302866827696561,0.254316478967667,0.591478765010834,-0.764564454555511
0.633671283721924,-0.0350838750600814,0.861489772796631,-0.0302540827542543,0.25431102514267,0.591582834720612,-0.764486968517303
0.633843779563904,-0.0349444448947906,0.861510694026947,-0.030075853690505,0.254229635000229,0.591467499732971,-0.764610290527344
0.633843779563904,-0.0349444448947906,0.861510694026947,-0.030075853690505,0.254229635000229,0.591467499732971,-0.764610290527344
0.633928894996643,-0.0348364561796188,0.861488580703735,-0.0300245303660631,0.254367232322693,0.59158581495285,-0.764474987983704
0.634026706218719,-0.0348060503602027,0.861464321613312,-0.0300474930554628,0.254728972911835,0.591600835323334,-0.764342129230499
0.633988857269287,-0.0347542762756347,0.861484169960022,-0.0299028363078832,0.254337668418884,0.591748058795929,-0.764364063739777
0.634198486804962,-0.0345625430345535,0.86139976978302,-0.0300279725342988,0.2540363073349,0.591685235500336,-0.764507949352264
0.634297907352448,-0.0345323272049427,0.861429631710052,-0.0299949888139963,0.254175305366516,0.591743946075439,-0.76441764831543
0.634290933609009,-0.0345187187194824,0.861409306526184,-0.0299115255475044,0.254210233688354,0.591910362243652,-0.764280498027802
0.634236693382263,-0.0345779433846473,0.861393094062805,-0.0300556905567646,0.254342347383499,0.592297315597534,-0.763930857181549
0.634275376796722,-0.0345822498202323,0.861389458179474,-0.0298754516988992,0.254452854394913,0.592511057853699,-0.763735413551331
0.634340584278107,-0.0345865748822689,0.861399292945862,-0.0297856163233518,0.254601240158081,0.592667639255524,-0.763568043708801
0.634472191333771,-0.0345900580286979,0.861399829387665,-0.0297658555209636,0.255168259143829,0.592816293239594,-0.763263940811157
0.634512186050415,-0.0345892794430255,0.861411094665527,-0.0296968091279268,0.255241453647614,0.593010067939758,-0.763091683387756
0.634512186050415,-0.0345892794430255,0.861411094665527,-0.0296968091279268,0.255241453647614,0.593010067939758,-0.763091683387756
0.634818613529205,-0.0345915183424949,0.86163341999054,-0.0294165574014186,0.256242364645004,0.593219399452209,-0.762604296207428
0.634688079357147,-0.0345376878976821,0.861440479755402,-0.0296993162482976,0.255416363477707,0.593448460102081,-0.762692093849182
0.63470846414566,-0.0345385037362575,0.861461281776428,-0.0296559482812881,0.25540217757225,0.593552589416504,-0.762617588043213
0.634772539138794,-0.0345459803938865,0.861473321914673,-0.0296959429979324,0.255514681339264,0.593554258346558,-0.762576997280121
0.634868144989014,-0.0346579924225807,0.861621916294098,-0.0296694077551364,0.256444066762924,0.593587636947632,-0.762239992618561
0.6348996758461,-0.0346768200397491,0.861625134944916,-0.0296536050736904,0.256534218788147,0.5936119556427,-0.762191414833069
0.63490217924118,-0.0346050038933754,0.86150074005127,-0.0297030825167894,0.255754232406616,0.593535602092743,-0.762511074542999
0.634969294071198,-0.0347191169857978,0.861643433570862,-0.0296573005616664,0.25663149356842,0.59354966878891,-0.76220703125
0.634967684745789,-0.0346415564417839,0.861513614654541,-0.0297410916537046,0.255824595689774,0.593469679355621,-0.762537181377411
0.635139465332031,-0.0346177220344543,0.861581325531006,-0.0294822566211223,0.256015628576279,0.593180418014526,-0.762708187103271
0.63522332906723,-0.0347379334270954,0.861744046211243,-0.0294708032160997,0.256933927536011,0.593095123767853,-0.762466132640839
0.63527375459671,-0.0347707271575927,0.861754834651947,-0.0294591002166271,0.257050931453705,0.59293520450592,-0.762551486492157
0.635335445404053,-0.0348006710410118,0.861789464950562,-0.0294647477567195,0.257151573896408,0.592780709266663,-0.762637495994568
0.635398387908936,-0.034830704331398,0.861802220344543,-0.0294937174767255,0.257250905036926,0.592615067958832,-0.762731671333313
0.635348200798035,-0.0348430387675762,0.861854553222656,-0.0294330865144729,0.256751120090485,0.592510521411896,-0.762983500957489
0.635356307029724,-0.0348690226674079,0.861861705780029,-0.0293974187225103,0.256680876016617,0.59241658449173,-0.7630814909935
0.635375380516052,-0.0348935723304748,0.861882328987122,-0.0294078793376684,0.256658762693405,0.592315018177032,-0.763167262077332
0.635267615318298,-0.0349746420979499,0.861805319786072,-0.0293803364038467,0.256561100482941,0.592354476451874,-0.763170599937439
0.635452270507812,-0.0349912531673908,0.86191326379776,-0.0293530765920877,0.256856650114059,0.592117726802826,-0.763255953788757
0.63530433177948,-0.0350715145468711,0.861848473548889,-0.0293202549219131,0.25668066740036,0.592213273048401,-0.763242304325104
0.635514974594116,-0.0350984558463096,0.861954629421234,-0.0293584242463111,0.257025837898254,0.591999471187592,-0.763290524482727
0.635345220565796,-0.0351893678307533,0.861892104148865,-0.0292732659727334,0.256811559200287,0.592089414596558,-0.763296186923981
0.635330319404602,-0.0352707020938396,0.861912369728088,-0.0292405001819133,0.256819933652878,0.591984033584595,-0.763376414775848
0.63553124666214,-0.035291813313961,0.862003028392792,-0.0292824134230613,0.257174760103226,0.591794490814209,-0.763402223587036
0.635536789894104,-0.035341378301382,0.862001359462738,-0.0293122548609972,0.257079243659973,0.591732144355774,-0.763481616973877
0.63552463054657,-0.0353791862726211,0.861995697021484,-0.0293054599314928,0.256970822811127,0.591745853424072,-0.763507664203644
0.63552463054657,-0.0353791862726211,0.861995697021484,-0.0293054599314928,0.256970822811127,0.591745853424072,-0.763507664203644
0.635505378246307,-0.0354567021131515,0.86197555065155,-0.0293818805366754,0.25680747628212,0.591684639453888,-0.763607263565063
0.635657846927643,-0.0359552502632141,0.862214803695679,-0.0296163670718669,0.257586359977722,0.592961430549622,-0.762344241142273
0.635459899902344,-0.0355121865868568,0.861971259117126,-0.0295048393309116,0.256574064493179,0.591730237007141,-0.763645589351654
0.635623216629028,-0.0360244959592819,0.86222630739212,-0.0296885874122381,0.257416129112244,0.592953741550446,-0.762405097484589
0.635563135147095,-0.0360395945608615,0.862237989902496,-0.0297487620264291,0.257207304239273,0.592925190925598,-0.762495338916779
0.635593056678772,-0.0360769368708133,0.862266182899475,-0.0297683309763669,0.257287353277206,0.59293657541275,-0.762458622455597
0.63542914390564,-0.036090187728405,0.862269043922424,-0.0297693032771348,0.256688088178635,0.592933475971222,-0.762663006782532
0.635259449481964,-0.0361919477581977,0.862226963043213,-0.0299569740891456,0.256622195243835,0.593049287796021,-0.762587785720825
0.635183811187744,-0.03622293099761,0.86223566532135,-0.0299491621553897,0.256454944610596,0.593076765537262,-0.762622952461243
0.635100126266479,-0.0362408533692359,0.862249672412872,-0.0299256350845098,0.256217569112778,0.593122780323029,-0.762667834758759
0.635077834129333,-0.0362692549824714,0.862265467643738,-0.0300397723913192,0.256025075912476,0.593374788761139,-0.762531995773315
0.634956181049347,-0.0362803414463996,0.862273931503296,-0.029985973611474,0.2557093501091,0.593509793281555,-0.762535035610199
0.634871542453766,-0.0362829975783824,0.862276136875153,-0.0301546640694141,0.255452126264572,0.593600213527679,-0.762544214725494
0.634884834289551,-0.0362030267715454,0.862323701381683,-0.0299480129033327,0.255096137523651,0.593602657318115,-0.762669622898102
0.634593307971954,-0.0362944975495338,0.862250208854675,-0.0301224943250417,0.254828304052353,0.593891382217407,-0.762527525424957
0.634150624275208,-0.0358404032886028,0.861877799034119,-0.0299404375255107,0.253481864929199,0.59295254945755,-0.763713181018829
0.634141385555267,-0.0357417464256286,0.861891388893127,-0.0297633130103349,0.253096640110016,0.59297376871109,-0.763831317424774
0.633996844291687,-0.0357076004147529,0.861844062805176,-0.0298500750213861,0.252616703510284,0.593252718448639,-0.763770222663879
0.633880913257599,-0.0357216261327266,0.86185497045517,-0.0300660673528909,0.252558529376984,0.593578398227692,-0.763527929782867
0.633707225322723,-0.0356949791312217,0.861803412437439,-0.0301211085170507,0.252035200595856,0.593931198120117,-0.763424396514893
0.633867204189301,-0.0360688902437686,0.862036168575287,-0.0302665382623672,0.252393662929535,0.595503568649292,-0.762074053287506
0.633634150028229,-0.0360327437520027,0.86195957660675,-0.0302809681743383,0.251804143190384,0.595925390720367,-0.761938750743866
0.63306987285614,-0.0355765745043754,0.861487984657288,-0.0301539655774831,0.249980509281158,0.595432996749878,-0.762928605079651
0.633224010467529,-0.0360046699643135,0.86176061630249,-0.0304278023540973,0.250705271959305,0.597169876098633,-0.761320650577545
0.632855236530304,-0.0360559746623039,0.861640691757202,-0.0305976644158363,0.250137627124786,0.597995400428772,-0.760852456092834
0.63261604309082,-0.0360285565257072,0.861556768417358,-0.0306632835417985,0.249557763338089,0.598509013652802,-0.760636389255524
0.632304430007935,-0.0359418094158172,0.861473441123962,-0.0307509936392307,0.24865634739399,0.599133193492889,-0.760436654090881
0.63204163312912,-0.0359100326895713,0.861379981040955,-0.0308221373707056,0.248062252998352,0.599625587463379,-0.760239660739899
0.63204163312912,-0.0359100326895713,0.861379981040955,-0.0308221373707056,0.248062252998352,0.599625587463379,-0.760239660739899
0.631666541099548,-0.0357635468244552,0.861235558986664,-0.0309960860759019,0.246947899460793,0.600397109985352,-0.759986460208893
0.631288647651672,-0.0356523916125297,0.861137568950653,-0.0310578905045986,0.245638817548752,0.601056098937988,-0.759887158870697
0.63078647851944,-0.0356140024960041,0.860934734344482,-0.0314852707087993,0.244577705860138,0.601734042167664,-0.75967538356781
0.630068361759186,-0.0351138226687908,0.860524296760559,-0.0311492811888456,0.242594584822655,0.601247429847717,-0.760709524154663
0.629867076873779,-0.0348067879676818,0.860360503196716,-0.0316905565559864,0.240794137120247,0.601521730422974,-0.761042356491089
0.629524230957031,-0.0347582027316093,0.860338985919952,-0.0315879769623279,0.240534320473671,0.602268576622009,-0.760538101196289
0.629266560077667,-0.0346767380833625,0.860233008861542,-0.0317871123552322,0.2399632781744,0.602757751941681,-0.760322511196136
0.628967106342316,-0.0345787443220615,0.860127568244934,-0.0319369137287139,0.239200308918953,0.603300154209137,-0.76012647151947
0.628646850585938,-0.0345553904771804,0.86003315448761,-0.0323946923017501,0.23868516087532,0.60371071100235,-0.759943008422852
0.628295004367828,-0.0344805642962455,0.859891772270203,-0.032463502138853,0.237924709916115,0.604189157485962,-0.759798288345337
0.628085911273956,-0.0349369198083877,0.860109269618988,-0.0323336012661457,0.238339677453041,0.606015264987946,-0.758217811584473
0.6278116106987,-0.0347029343247413,0.859923362731934,-0.0322829820215702,0.237067744135857,0.606205642223358,-0.758466482162476
0.627472221851349,-0.0345911607146263,0.859768390655518,-0.0324433930218219,0.236055076122284,0.606743097305298,-0.758345663547516
0.626844108104706,-0.0344836413860321,0.859607934951782,-0.0326586328446865,0.234629675745964,0.607612907886505,-0.758082449436188
0.626292109489441,-0.0338535830378532,0.859096169471741,-0.0326819494366645,0.232103884220123,0.606906354427338,-0.759423732757568
0.625966131687164,-0.0337627455592155,0.858989953994751,-0.0327796712517738,0.231310606002808,0.607450723648071,-0.759226262569427
0.625633537769318,-0.0336769968271255,0.858877897262573,-0.032828215509653,0.230446696281433,0.60797381401062,-0.759068191051483
0.625720620155334,-0.0341426655650138,0.859221577644348,-0.0327208712697029,0.231631577014923,0.609555900096893,-0.757441580295563
0.625423908233643,-0.0340358912944793,0.859124660491943,-0.0329754091799259,0.230995938181877,0.610058009624481,-0.757220387458801
0.624593138694763,-0.0336060672998428,0.85860812664032,-0.0330566950142383,0.228976383805275,0.609957158565521,-0.757911086082458
0.624280512332916,-0.0335226505994796,0.858485400676727,-0.0331109166145324,0.228227317333221,0.610537111759186,-0.757667779922485
0.624070048332214,-0.0333228148519992,0.858302652835846,-0.0333800390362739,0.227013930678368,0.611069917678833,-0.757590889930725
0.623813271522522,-0.0332540534436702,0.858202159404755,-0.0334446988999843,0.226318210363388,0.611753880977631,-0.757244229316711
0.623673260211945,-0.0331145077943801,0.85814356803894,-0.0332958474755287,0.225486814975738,0.612304508686066,-0.757053732872009
0.623236060142517,-0.0331038683652877,0.857987761497498,-0.0335844941437244,0.224602311849594,0.613313138484955,-0.756487250328064
0.622877299785614,-0.0329535230994224,0.857888579368591,-0.033680722117424,0.223147720098495,0.61438512802124,-0.756043434143066
0.622647762298584,-0.0329109132289886,0.857799291610718,-0.033790111541748,0.222323030233383,0.615299344062805,-0.755537867546082
0.622211933135986,-0.0329660102725029,0.857669532299042,-0.0336875990033149,0.221736818552017,0.616399824619293,-0.754817247390747
0.622153103351593,-0.0328715071082115,0.857592701911926,-0.0335457362234592,0.221049800515175,0.617198169231415,-0.754372656345367
0.622153103351593,-0.0328715071082115,0.857592701911926,-0.0335457362234592,0.221049800515175,0.617198169231415,-0.754372656345367
0.621867179870605,-0.0327991917729377,0.857365250587463,-0.0334910079836845,0.219502866268158,0.619120240211487,-0.753250956535339
0.621697604656219,-0.0328990556299686,0.857246398925781,-0.0331466346979141,0.219254657626152,0.619905114173889,-0.752692818641663
0.585386037826538,-0.0078522292897105,0.862339019775391,-0.0268850307911634,0.0670223161578178,0.641352713108063,-0.763840198516846
0.585386037826538,-0.0078522292897105,0.862339019775391,-0.0268850307911634,0.0670223161578178,0.641352713108063,-0.763840198516846
0.585213959217072,-0.0079005043953657,0.862211465835571,-0.0273297727108001,0.0656227841973304,0.643434286117554,-0.76219367980957
0.585263133049011,-0.0079089552164077,0.862186312675476,-0.0270209796726703,0.0652923807501792,0.644315838813782,-0.76148796081543
0.58516252040863,-0.0079383803531527,0.862146258354187,-0.0270307790488004,0.064958781003952,0.645308077335358,-0.760675489902496
0.585049688816071,-0.0080250762403011,0.862112045288086,-0.0269391424953937,0.0646595358848571,0.646234571933746,-0.759917318820953
0.584849178791046,-0.0081589752808213,0.862099468708038,-0.0269337501376867,0.0646931231021881,0.647361814975739,-0.758954644203186
0.58490389585495,-0.0080931102856993,0.862054526805878,-0.0270809419453144,0.0639525651931762,0.647988855838776,-0.758476972579956
0.584829211235046,-0.0080892210826277,0.862016201019287,-0.0273282881826162,0.0633155107498169,0.648874640464783,-0.757763862609863
0.58482950925827,-0.0081367008388042,0.862029433250427,-0.0275714807212352,0.0628920048475265,0.64986127614975,-0.756944298744202
0.584747016429901,-0.0081547517329454,0.862007260322571,-0.0278005823493003,0.0623791143298149,0.650588691234589,-0.756353318691254
0.584635376930237,-0.0082068089395761,0.86207789182663,-0.0276064965873956,0.0617230422794818,0.651554822921753,-0.755582213401794
0.584557890892029,-0.0083168251439929,0.862134993076324,-0.0275043584406375,0.0614929720759391,0.65216052532196,-0.755082011222839
0.584511995315552,-0.008387267589569,0.862144947052002,-0.0276142489165067,0.0612710751593112,0.652727782726288,-0.754605710506439
0.58451920747757,-0.008465546183288,0.862185001373291,-0.0278106555342674,0.0610185638070106,0.653343737125397,-0.754085719585419
0.584557056427002,-0.0085399458184838,0.862226843833923,-0.0281846467405557,0.060773778706789,0.654011368751526,-0.753512680530548
0.584557056427002,-0.0085399458184838,0.862226843833923,-0.0281846467405557,0.060773778706789,0.654011368751526,-0.753512680530548
0.584443747997284,-0.0087115224450826,0.862190246582031,-0.0285212527960538,0.0599755384027957,0.655042588710785,-0.752667844295502
0.584320843219757,-0.008945619687438,0.86223179101944,-0.0285892002284526,0.0602977499365806,0.655665695667267,-0.752096652984619
0.584426283836365,-0.0090509559959173,0.862301588058472,-0.0285905376076698,0.0604174956679344,0.655970096588135,-0.751821517944336
0.584426283836365,-0.0090509559959173,0.862301588058472,-0.0285905376076698,0.0604174956679344,0.655970096588135,-0.751821517944336
0.58442747592926,-0.0092452401295304,0.862301766872406,-0.0290964897722005,0.059925053268671,0.656543552875519,-0.751340866088867
0.584117412567139,-0.0098265744745731,0.861863613128662,-0.0296003818511962,0.0626875683665275,0.65608537197113,-0.751496016979218
0.584117412567139,-0.0098265744745731,0.861863613128662,-0.0296003818511962,0.0626875683665275,0.65608537197113,-0.751496016979218
0.58422327041626,-0.0096590556204319,0.862281322479248,-0.0301091577857732,0.0587450973689556,0.657227039337158,-0.750796318054199
0.584429740905762,-0.0097555881366133,0.862356185913086,-0.0301115587353706,0.059001225978136,0.657122373580933,-0.750867784023285
0.584429740905762,-0.0097555881366133,0.862356185913086,-0.0301115587353706,0.059001225978136,0.657122373580933,-0.750867784023285
0.584190547466278,-0.010459542274475,0.861912965774536,-0.0304809547960758,0.061602409929037,0.656292617321014,-0.751369476318359
0.584512710571289,-0.0111637562513351,0.862159729003906,-0.0304378699511289,0.0629558712244033,0.65741354227066,-0.750278413295746
0.584585189819336,-0.0112501205876469,0.862130105495453,-0.0308002475649118,0.0626599043607711,0.657292068004608,-0.750394821166992
0.584582567214966,-0.0114195197820663,0.862085223197937,-0.0307919643819332,0.0622208043932914,0.657261371612549,-0.750458538532257
0.584582567214966,-0.0114195197820663,0.862085223197937,-0.0307919643819332,0.0622208043932914,0.657261371612549,-0.750458538532257
0.584591746330261,-0.0116519946604967,0.862109363079071,-0.0309050641953945,0.0614250600337982,0.656993925571442,-0.75075364112854
0.584710478782654,-0.0117625566199421,0.862166881561279,-0.0305681955069303,0.0611706376075744,0.656817615032196,-0.750942349433899
0.584796607494354,-0.0119042322039604,0.862195730209351,-0.0308133661746978,0.0608311705291271,0.656874656677246,-0.750909984111786
0.584418118000031,-0.0114494981244206,0.86190277338028,-0.0311212241649627,0.0585065595805645,0.655761241912842,-0.752054333686829
0.584431409835815,-0.0115746157243847,0.861881077289581,-0.0310187004506587,0.0580976419150829,0.655597865581512,-0.752232730388641
0.584562659263611,-0.0115876290947198,0.861803650856018,-0.0308721996843814,0.0573088563978672,0.655160367488861,-0.75268030166626
0.584603667259216,-0.0117728235200047,0.861791849136353,-0.0306714661419391,0.0571271777153015,0.655002653598785,-0.75283944606781
0.584603667259216,-0.0117728235200047,0.861791849136353,-0.0306714661419391,0.0571271777153015,0.655002653598785,-0.75283944606781
0.58476448059082,-0.0120785599574446,0.861781775951385,-0.0303592272102832,0.0568508617579937,0.654685437679291,-0.753149032592773
0.585122108459473,-0.0127654047682881,0.862159132957458,-0.0300027187913656,0.0586408004164695,0.655306816101074,-0.752485275268555
0.585158586502075,-0.0129284029826521,0.862156271934509,-0.0297554489225149,0.0584580712020397,0.655072093009949,-0.752713620662689
0.585564613342285,-0.0128417573869228,0.862610340118408,-0.0294963661581277,0.0556107684969902,0.655460357666016,-0.752601563930511
0.585251331329346,-0.0124995885416865,0.862320423126221,-0.0296399798244237,0.0533366575837135,0.654458105564117,-0.753632128238678
0.585329592227936,-0.0126403924077749,0.862320125102997,-0.0295374356210231,0.0531200766563415,0.654318273067474,-0.753772914409637
0.585364937782288,-0.012773516587913,0.862323403358459,-0.0294706523418426,0.0528501905500888,0.654170989990234,-0.753922283649445
0.585326671600342,-0.0129665993154048,0.862266600131989,-0.029767008498311,0.052495289593935,0.65404736995697,-0.754042625427246
0.585416257381439,-0.0131551632657647,0.862269580364227,-0.0297981481999158,0.0522009506821632,0.654025793075562,-0.754080533981323
0.585492968559265,-0.0132029056549072,0.86220908164978,-0.0298957731574773,0.0512641593813896,0.653877377510071,-0.754269599914551
0.585312485694885,-0.0136794317513704,0.861767649650574,-0.030020086094737,0.0538865774869918,0.653184115886688,-0.75468248128891
0.585521936416626,-0.0137463910505175,0.861802816390991,-0.0297820065170526,0.0535851940512657,0.652934551239014,-0.754929304122925
0.585578262805939,-0.0139273246750235,0.861793637275696,-0.029446292668581,0.0534521788358688,0.652795195579529,-0.755072355270386
0.585632979869843,-0.0140615217387676,0.861785888671875,-0.0294320229440927,0.0532255470752716,0.652728378772736,-0.755146622657776
0.585682153701782,-0.0142079656943678,0.861797153949738,-0.0292744114995002,0.0530447959899902,0.652567982673645,-0.755304038524628
0.585747599601746,-0.0143531039357185,0.861814737319946,-0.0290945600718259,0.052969891577959,0.652432262897491,-0.755433559417725
0.585833668708801,-0.0145102199167013,0.861843645572662,-0.0290056988596916,0.0529288277029991,0.652321934700012,-0.755535066127777
0.585891842842102,-0.0146605661138892,0.861851513385773,-0.0288076642900705,0.0528674237430095,0.652166366577148,-0.755681395530701
0.585970878601074,-0.0147865898907184,0.861867725849152,-0.0287398416548967,0.0527478381991386,0.652064204216003,-0.755780458450317
0.586050093173981,-0.0149189941585063,0.861880540847778,-0.0286122448742389,0.0526340715587139,0.651935279369354,-0.755904316902161
0.586495101451874,-0.0147576006129384,0.862303256988525,-0.0282793436199426,0.0499550253152847,0.652419805526733,-0.755680680274963
0.586683452129364,-0.0149459475651383,0.86237645149231,-0.0280716475099325,0.0500652305781841,0.652234196662903,-0.755841314792633
0.586747586727142,-0.0150477811694145,0.862348914146423,-0.0283898208290338,0.0495523810386657,0.652355849742889,-0.755758285522461
0.586734533309937,-0.0152121130377054,0.86234986782074,-0.0284670535475015,0.0496193096041679,0.652189910411835,-0.755894124507904
0.586996138095856,-0.0152745246887207,0.862348198890686,-0.0284379664808511,0.0493800155818462,0.652009248733521,-0.756066739559174
0.587093889713287,-0.0153605286031961,0.862349033355713,-0.028469942510128,0.0491179376840591,0.651920020580292,-0.756159543991089
0.587139129638672,-0.0154722053557634,0.862269341945648,-0.0290882606059312,0.0490041971206665,0.651818037033081,-0.756231248378754
0.586983859539032,-0.0159731339663267,0.861836194992065,-0.0291780717670917,0.0518285259604454,0.651009440422058,-0.756735861301422
0.587095499038696,-0.0160722024738788,0.861864805221558,-0.0291319657117128,0.0518393255770206,0.650901198387146,-0.756830096244812
0.587537229061127,-0.0158278085291385,0.862317025661469,-0.029024975374341,0.0485224239528179,0.651517033576965,-0.756524085998535
0.588467955589294,-0.0160099472850561,0.862177789211273,-0.0291488505899906,0.0501452349126338,0.651787579059601,-0.75618040561676
0.587505877017975,-0.0160669162869453,0.862099885940552,-0.0291386935859918,0.048392467200756,0.651263117790222,-0.756746709346771
0.587476491928101,-0.0162716321647167,0.862209439277649,-0.0290838703513145,0.0477115176618099,0.650941133499146,-0.757068991661072
0.588116049766541,-0.0165339596569538,0.862509727478027,-0.0286363270133733,0.0486699864268302,0.650489449501038,-0.757413148880005
0.587758541107178,-0.0166410095989704,0.862214088439941,-0.0287318229675292,0.0504124239087104,0.649973928928375,-0.757738173007965
0.587758541107178,-0.0166410095989704,0.862214088439941,-0.0287318229675292,0.0504124239087104,0.649973928928375,-0.757738173007965
0.587352395057678,-0.0163878053426742,0.862183094024658,-0.0287755262106657,0.0477905236184597,0.650010645389557,-0.75787478685379
0.587877750396729,-0.0166765786707401,0.862243175506592,-0.028845002874732,0.0476938895881176,0.649876296520233,-0.757993519306183
0.588040471076965,-0.0167176984250545,0.862254500389099,-0.0288357306271791,0.0477002188563346,0.649747788906097,-0.758103668689728
0.587369799613953,-0.0169711448252201,0.862578511238098,-0.0287307221442461,0.0449722036719322,0.648772954940796,-0.759108483791351
0.58739709854126,-0.0170431938022375,0.862587809562683,-0.0286833215504884,0.0448058880865573,0.648561596870422,-0.759300827980042
0.587461590766907,-0.0171257574111223,0.862594604492188,-0.0287913344800472,0.0447383113205432,0.648384571075439,-0.759451806545258
0.587434887886047,-0.0172232016921043,0.862642407417297,-0.0287757609039545,0.0444862619042396,0.648135364055634,-0.759679853916168
0.587516307830811,-0.0173220708966255,0.862695872783661,-0.0287419538944959,0.0446187071502208,0.648003995418549,-0.759785413742065
0.587568521499634,-0.0173749197274446,0.862707495689392,-0.0290412623435258,0.0442272722721099,0.648053646087646,-0.759754538536072
0.587603807449341,-0.0174483899027109,0.862724721431732,-0.029020182788372,0.044152557849884,0.648006916046143,-0.759799659252167
0.587639808654785,-0.0175271052867174,0.862753748893738,-0.029002483934164,0.0441079437732696,0.647996425628662,-0.759811818599701
0.587782025337219,-0.0175874140113592,0.862758040428162,-0.0290163587778806,0.0441630370914936,0.648125767707825,-0.759697794914246
0.587813556194305,-0.0176504589617252,0.862760901451111,-0.0290078949183225,0.0441325157880783,0.648169755935669,-0.759662389755249
0.587843179702759,-0.0177022963762283,0.862762629985809,-0.0290311332792043,0.0440576896071434,0.648197650909424,-0.759642004966736
0.588362574577332,-0.0181219056248664,0.863039791584015,-0.0286945607513189,0.0459433235228061,0.648650169372559,-0.759156584739685
0.588373064994812,-0.0181424245238304,0.863022983074188,-0.0287454482167959,0.0457693412899971,0.64862984418869,-0.759182691574097
0.588404834270477,-0.0181314814835786,0.862990617752075,-0.0289532970637083,0.0453916788101196,0.648540139198303,-0.759274065494537
0.588411569595337,-0.0181653462350368,0.862979650497437,-0.0289654098451137,0.045295376330614,0.648494720458984,-0.759318113327026
0.588419198989868,-0.0181798338890075,0.862967431545258,-0.0290281474590301,0.0451268665492534,0.648471057415009,-0.759346008300781
0.588419198989868,-0.0181798338890075,0.862967431545258,-0.0290281474590301,0.0451268665492534,0.648471057415009,-0.759346008300781
0.588436722755432,-0.0182374268770217,0.862943708896637,-0.0289985258132219,0.04489666223526,0.648387849330902,-0.759431838989258
0.588067412376404,-0.0180503129959106,0.862767994403839,-0.0292686652392148,0.0436461046338081,0.648159801959991,-0.759688913822174
0.588115096092224,-0.0181222204118967,0.862785577774048,-0.0292715169489383,0.0434972010552883,0.648158431053162,-0.759698510169983
0.588137567043304,-0.0181462261825799,0.862788319587708,-0.0292593725025653,0.0433863215148448,0.648249685764313,-0.759627521038055
0.588700413703918,-0.0182930100709199,0.862831711769104,-0.0292890761047601,0.0433162376284599,0.648590862751007,-0.759339094161987
0.58872252702713,-0.0183082893490791,0.862816572189331,-0.0292689781635999,0.043124221265316,0.648615956306458,-0.759329378604889
0.588765442371368,-0.0183657053858041,0.86279958486557,-0.0291486363857984,0.0431537367403507,0.648713409900665,-0.759249031543732
0.58867359161377,-0.0184496268630027,0.862738490104675,-0.0294021964073181,0.0430722534656524,0.64885413646698,-0.759123682975769
0.588684439659119,-0.0185056030750274,0.862733125686646,-0.0293873865157365,0.0430392585694789,0.648884773254395,-0.759099841117859
0.588709115982056,-0.0185402855277061,0.862750768661499,-0.0294073708355426,0.0430034771561622,0.648970425128937,-0.759027779102325
0.588745474815369,-0.0185887813568115,0.862747073173523,-0.0294765289872884,0.0430676080286502,0.649020969867706,-0.758978366851807
0.588765859603882,-0.0186272133141756,0.862758159637451,-0.0295289438217878,0.0430375561118125,0.649081110954285,-0.758926570415497
0.588775277137756,-0.0186685398221015,0.862761855125427,-0.0295551735907793,0.0431053377687931,0.649167537689209,-0.758847713470459
0.588845133781433,-0.0187289528548717,0.86283415555954,-0.0297695454210042,0.0432325899600982,0.649307906627655,-0.75871205329895
0.588923156261444,-0.0188098568469285,0.862951695919037,-0.0297002661973238,0.044094942510128,0.649223327636719,-0.758737564086914
0.588933706283569,-0.0188557244837284,0.862960159778595,-0.0297715924680233,0.0441862344741821,0.649304032325745,-0.75866037607193
0.588923931121826,-0.0188668146729469,0.862986326217651,-0.0300088934600353,0.0441465750336647,0.649370968341827,-0.758596062660217
0.588924586772919,-0.0189421158283948,0.862981200218201,-0.029904868453741,0.0441346280276775,0.649521827697754,-0.758471667766571
0.588930368423462,-0.0189828462898731,0.862982153892517,-0.030064083635807,0.0441653989255428,0.649695098400116,-0.758315145969391
0.588906526565552,-0.0190590023994445,0.862993717193604,-0.030215473845601,0.0442206934094429,0.649764835834503,-0.758246123790741
0.588882923126221,-0.0190820097923278,0.862989127635956,-0.0303288381546735,0.0441540218889713,0.650013148784637,-0.758032619953156
0.588878273963928,-0.0191414132714271,0.862996280193329,-0.0303926803171634,0.0441536270081996,0.650145530700684,-0.757916629314423
0.588823914527893,-0.0191916227340698,0.862973868846893,-0.0304568875581026,0.0440131202340126,0.650449872016907,-0.757661104202271
0.588804841041565,-0.0192396510392427,0.862981796264648,-0.0304445810616016,0.044031199067831,0.650609910488129,-0.757523059844971
0.588803768157959,-0.0193087961524724,0.862988710403442,-0.03046790137887,0.0441133417189121,0.650866091251373,-0.757297158241272
0.588813722133636,-0.0193721167743206,0.863008916378021,-0.0305451918393373,0.0442791953682899,0.651134133338928,-0.757053971290588
0.588821887969971,-0.0194585025310516,0.86302387714386,-0.0305752959102392,0.0444244816899299,0.651437044143677,-0.756783545017242
0.588814377784729,-0.0195192396640777,0.863029718399048,-0.0304978843778371,0.0445624813437461,0.6517613530159,-0.756499290466309
0.588811278343201,-0.0195564404129982,0.863030672073364,-0.0306914411485195,0.0446063429117202,0.652064979076385,-0.756227314472198
0.588659405708313,-0.0196540895849466,0.863057434558868,-0.0307667627930641,0.0446740835905075,0.652622699737549,-0.755738973617554
0.588659405708313,-0.0196540895849466,0.863057434558868,-0.0307667627930641,0.0446740835905075,0.652622699737549,-0.755738973617554
0.588748276233673,-0.0197800602763891,0.863093435764313,-0.0312062464654445,0.0448216386139392,0.65365207195282,-0.754821956157684
0.588740706443787,-0.0197250694036483,0.863128542900085,-0.0311526805162429,0.0447066985070705,0.654313027858734,-0.754258096218109
0.588828861713409,-0.0198166500777006,0.863118410110474,-0.0310093108564615,0.0450248531997203,0.654922246932983,-0.753716230392456
0.588838756084442,-0.0198919456452131,0.86309689283371,-0.031018141657114,0.0452664047479629,0.655401349067688,-0.753284811973572
0.58886182308197,-0.0199798457324504,0.863082706928253,-0.0310013554990291,0.0455682501196861,0.655959367752075,-0.752781331539154
0.588408350944519,-0.0196378286927938,0.862740039825439,-0.0313630551099777,0.0439965613186359,0.656081795692444,-0.75275319814682
0.589022219181061,-0.020159788429737,0.863039433956146,-0.0308714937418699,0.0467174537479877,0.657191097736359,-0.751641154289246
0.58865225315094,-0.0198111347854137,0.862706780433655,-0.0312408357858657,0.0451828762888908,0.657505512237549,-0.751444697380066
0.588843286037445,-0.0198397450149059,0.862651765346527,-0.0313521958887577,0.0458023436367511,0.658288419246674,-0.750716745853424
0.589731812477112,-0.0205622501671314,0.863037407398224,-0.0312501192092895,0.0490031242370605,0.660210192203522,-0.748828887939453
0.589731812477112,-0.0205622501671314,0.863037407398224,-0.0312501192092895,0.0490031242370605,0.660210192203522,-0.748828887939453
0.590285420417786,-0.020663583651185,0.863000750541687,-0.0311660747975111,0.0509982593357563,0.661754012107849,-0.747335016727448
0.590458333492279,-0.0207402743399143,0.862940847873688,-0.0311137083917856,0.0518966913223266,0.662483870983124,-0.746628403663635
0.588687181472778,-0.0199008807539939,0.862562119960785,-0.0317454300820827,0.0466337502002716,0.661481082439423,-0.747837126255035
0.588687181472778,-0.0199008807539939,0.862562119960785,-0.0317454300820827,0.0466337502002716,0.661481082439423,-0.747837126255035
0.588380813598633,-0.0206235386431217,0.86296558380127,-0.0312793478369712,0.0463652238249778,0.661539793014526,-0.747821509838104
0.588658094406128,-0.0207735113799572,0.862556099891663,-0.0313846655189991,0.0496081262826919,0.662504553794861,-0.746754169464111
0.588732004165649,-0.0207504332065582,0.862642109394073,-0.030996399000287,0.0500123836100101,0.663399279117584,-0.745948672294617
0.588804185390472,-0.0207912903279066,0.862628936767578,-0.0313784182071685,0.050325620919466,0.664172887802124,-0.745222866535187
0.588816285133362,-0.0208405405282974,0.862606048583984,-0.0314629077911376,0.0508921816945076,0.664864301681519,-0.744563937187195
0.589057147502899,-0.0204909220337867,0.862972557544708,-0.03110858425498,0.0493398606777191,0.666260063648224,-0.743434846401215
0.588936507701874,-0.0205102451145648,0.862932801246643,-0.0312684923410415,0.0492921210825443,0.666983783245087,-0.742782115936279
0.588908314704895,-0.020551897585392,0.862955391407013,-0.0313164070248603,0.0494964607059955,0.667645871639252,-0.7421715259552
0.588839888572693,-0.0205598697066307,0.8629310131073,-0.0314635932445526,0.0495701692998409,0.668276250362396,-0.741592705249786
0.588813841342926,-0.020608365535736,0.862957358360291,-0.0314420089125633,0.049943521618843,0.668904304504395,-0.741002142429352
0.588883280754089,-0.0207417495548725,0.863038063049316,-0.0312390923500061,0.0513773374259471,0.669844567775726,-0.740062713623047
0.588847279548645,-0.0208074524998664,0.863038420677185,-0.0312050152570009,0.0516864322125911,0.670487940311432,-0.739459693431854
0.589052259922028,-0.0213454607874155,0.863263964653015,-0.0314038135111331,0.053140003234148,0.672234535217285,-0.737760722637177
0.589127838611603,-0.0213528163731098,0.86332231760025,-0.0313557311892509,0.0538261085748672,0.672611713409424,-0.737369060516357
0.589102506637573,-0.0213446635752916,0.863309323787689,-0.0315989777445793,0.0540634579956531,0.673231363296509,-0.736775636672974
0.589056432247162,-0.0213663130998611,0.863296091556549,-0.031718909740448,0.0543009452521801,0.67387855052948,-0.736161112785339
0.588472723960876,-0.0208722464740276,0.862943530082703,-0.0323632843792438,0.0526226833462715,0.673655927181244,-0.736458659172058
0.589040040969849,-0.021905293688178,0.863128781318665,-0.0356388352811336,0.056916307657957,0.67625892162323,-0.733596861362457
0.58925449848175,-0.0216610468924045,0.86316579580307,-0.0365295931696891,0.0570806600153446,0.677042126655579,-0.732817411422729
0.589162051677704,-0.0216567516326904,0.863167524337769,-0.0365721322596073,0.057286899536848,0.67750084400177,-0.732375144958496
0.587921321392059,-0.0212184786796569,0.862342178821564,-0.0330346561968326,0.0567355193197727,0.675035834312439,-0.734858155250549
0.587868809700012,-0.0211999397724866,0.862358450889587,-0.0331089608371257,0.0569504983723163,0.675409078598022,-0.734495103359222
0.588758707046509,-0.0209167711436748,0.862946271896362,-0.0373846292495727,0.0558875277638435,0.67763614654541,-0.73231714963913
0.588695287704468,-0.0208741165697574,0.862934768199921,-0.0375718846917152,0.0560960099101066,0.677968382835388,-0.73198401927948
0.587946236133575,-0.0205892212688922,0.862673044204712,-0.0383748933672905,0.0545942559838295,0.678521335124969,-0.731543362140656
0.587946236133575,-0.0205892212688922,0.862673044204712,-0.0383748933672905,0.0545942559838295,0.678521335124969,-0.731543362140656
0.588678121566772,-0.0201124008744955,0.86336624622345,-0.0384305231273174,0.0532403215765953,0.679782032966614,-0.730469048023224
0.588511347770691,-0.0200400203466415,0.86333030462265,-0.0383820980787277,0.0534315556287765,0.680008828639984,-0.730246424674988
0.588417649269104,-0.0199905391782522,0.863321304321289,-0.0385660119354724,0.0537977293133735,0.680246531963348,-0.729988396167755
0.588293552398682,-0.0199334062635898,0.863316893577576,-0.0386201664805412,0.0540710687637329,0.680467069149017,-0.729759931564331
0.588316440582275,-0.0197871085256338,0.863402843475342,-0.0388658717274665,0.0542311519384384,0.680798649787903,-0.729425549507141
0.588050723075867,-0.0200078412890434,0.863452017307281,-0.0382271446287632,0.0554775483906269,0.681142568588257,-0.729044377803802
0.587883234024048,-0.0199040062725543,0.863411784172058,-0.0380504727363586,0.0557594150304794,0.681185781955719,-0.728991746902466
0.58776330947876,-0.0198138244450092,0.86340194940567,-0.0381296873092651,0.0559749975800514,0.68135929107666,-0.72880893945694
0.587642431259155,-0.0196986235678195,0.863396406173706,-0.038236454129219,0.0561493635177612,0.681568622589111,-0.728594243526459
0.587474644184113,-0.019550334662199,0.863239765167236,-0.0385328829288482,0.0557519607245922,0.681552886962891,-0.728623926639557
0.587390244007111,-0.0196078680455684,0.86333441734314,-0.0383360870182514,0.057011280208826,0.681744873523712,-0.728357076644897
0.587390244007111,-0.0196078680455684,0.86333441734314,-0.0383360870182514,0.057011280208826,0.681744873523712,-0.728357076644897
0.586726188659668,-0.0197503715753555,0.862844467163086,-0.0383267775177955,0.0601912811398506,0.681412935256958,-0.728412270545959
0.586624443531036,-0.0196625627577304,0.862834334373474,-0.0383296497166156,0.0604476071894168,0.681533813476562,-0.728277862071991
0.586751103401184,-0.0201811455190181,0.863077759742737,-0.0380949787795543,0.0623238310217857,0.682648479938507,-0.727087140083313
0.586751103401184,-0.0201811455190181,0.863077759742737,-0.0380949787795543,0.0623238310217857,0.682648479938507,-0.727087140083313
0.585709929466248,-0.0199902802705764,0.863511085510254,-0.0354646816849708,0.0581395775079727,0.68137139081955,-0.728762686252594
0.585709929466248,-0.0199902802705764,0.863511085510254,-0.0354646816849708,0.0581395775079727,0.68137139081955,-0.728762686252594
0.58558177947998,-0.0202084854245185,0.863800227642059,-0.0312929674983024,0.0586614795029163,0.677809059619904,-0.732225835323334
0.585604786872864,-0.0208494663238525,0.864170432090759,-0.0311022009700536,0.0607011616230011,0.678288638591766,-0.731623291969299
0.58532327413559,-0.0209474004805088,0.864275574684143,-0.0304935965687036,0.0608124397695064,0.677696287631989,-0.73218834400177
0.584977567195892,-0.0204537250101566,0.864110827445984,-0.0301628801971673,0.0596240237355232,0.676114082336426,-0.733760833740234
0.584846019744873,-0.0205163545906543,0.864173293113708,-0.0296790786087512,0.0599079839885234,0.675734281539917,-0.734107315540314
0.585451066493988,-0.0202800948172807,0.863939642906189,-0.029258782044053,0.0626672506332397,0.676110148429871,-0.733547449111938
0.585336208343506,-0.0202381424605846,0.863904118537903,-0.0289064701646566,0.0621499605476856,0.675613641738892,-0.734062671661377
0.585149049758911,-0.0204655714333057,0.864067196846008,-0.0278916247189044,0.0630283653736114,0.675163865089417,-0.734440922737122
0.585400402545929,-0.0207176208496093,0.864370822906494,-0.0289019122719764,0.0622498132288455,0.675159454345703,-0.734472155570984
0.585328638553619,-0.0208269003778696,0.864442646503448,-0.0283572077751159,0.0627202987670898,0.674779951572418,-0.734802186489105
0.58517450094223,-0.0206145159900188,0.864394545555115,-0.0286111757159233,0.0632064938545227,0.675640463829041,-0.733959317207336
0.585157632827759,-0.0206510741263628,0.864421367645264,-0.0282618049532175,0.0637919977307319,0.675490856170654,-0.734059929847717
0.585561215877533,-0.0176591910421848,0.863030254840851,-0.0387123003602027,0.0630794465541839,0.68360698223114,-0.726088106632233
0.585552573204041,-0.0175627879798412,0.862995266914368,-0.0386007018387317,0.0634986385703086,0.683760583400726,-0.725912749767303
0.585068166255951,-0.0207583718001842,0.864510416984558,-0.0269219614565372,0.0651539713144302,0.674634873867035,-0.734777569770813
0.584994256496429,-0.0208378247916698,0.864573955535889,-0.0262374337762594,0.0655761510133743,0.674417316913605,-0.734964430332184
0.584933936595917,-0.0209812372922897,0.864650845527649,-0.0254216771572828,0.0660557597875595,0.673992037773132,-0.735340178012848
0.584933936595917,-0.0209812372922897,0.864650845527649,-0.0254216771572828,0.0660557597875595,0.673992037773132,-0.735340178012848
0.584232270717621,-0.020999327301979,0.864493608474731,-0.0247421115636825,0.0654475390911102,0.673340439796448,-0.736014366149902
0.584782600402832,-0.0210630781948566,0.864734888076782,-0.0241669192910194,0.0675780549645423,0.673600733280182,-0.735602617263794
0.584851682186127,-0.0211675018072128,0.864986538887024,-0.0231037884950637,0.0678114965558052,0.672431528568268,-0.736684203147888
0.584717333316803,-0.0211042501032352,0.865019381046295,-0.02210533618927,0.0682289376854896,0.671822965145111,-0.737231373786926
0.584647715091705,-0.0212439782917499,0.865123569965363,-0.0213323514908552,0.0685523748397827,0.67124617099762,-0.737749397754669
0.584562242031097,-0.0214031916111707,0.865232110023499,-0.0205390155315399,0.068812072277069,0.670535981655121,-0.738393187522888
0.585194170475006,-0.0168469510972499,0.862990736961365,-0.0373510345816612,0.0674721673130989,0.683890879154205,-0.725496888160706
0.584928154945374,-0.0167041197419166,0.862973570823669,-0.0362131334841251,0.0678493753075599,0.683641970157623,-0.725753843784332
0.584772884845734,-0.016702689230442,0.862997949123383,-0.0358126647770404,0.0681730806827545,0.683511972427368,-0.72586590051651
0.584611892700195,-0.0169735588133335,0.863069534301758,-0.0354351513087749,0.0685644298791885,0.683599233627319,-0.725765407085419
0.58400285243988,-0.0169835295528173,0.863079309463501,-0.030565770342946,0.0695823282003402,0.683114528656006,-0.726346075534821
0.58393120765686,-0.0168236009776592,0.863023042678833,-0.030815964564681,0.0698336139321327,0.682927191257477,-0.726487576961517
0.583916068077087,-0.016711488366127,0.862973749637604,-0.0311306007206439,0.0700821876525878,0.682686388492584,-0.726676523685455
0.584039866924286,-0.0163757763803005,0.862910449504852,-0.0336311161518096,0.0698542967438697,0.682243287563324,-0.72700297832489
0.583023190498352,-0.0161621049046516,0.862505197525024,-0.0342941097915172,0.0691086053848266,0.682946681976318,-0.726382672786713
0.583023190498352,-0.0161621049046516,0.862505197525024,-0.0342941097915172,0.0691086053848266,0.682946681976318,-0.726382672786713
0.584160923957825,-0.0165040343999862,0.863088726997375,-0.0356228500604629,0.0703794807195663,0.681093394756317,-0.727935135364532
0.584037959575653,-0.0163841098546981,0.863083064556122,-0.0356627739965915,0.0704726204276084,0.680992901325226,-0.728018283843994
0.583865225315094,-0.0171449407935142,0.863574028015137,-0.0335974879562854,0.0729918703436851,0.682234704494476,-0.72670441865921
0.583918988704681,-0.0160851813852787,0.862977564334869,-0.0363662615418434,0.0708056539297103,0.680537521839142,-0.728376865386963
0.583918988704681,-0.0160851813852787,0.862977564334869,-0.0363662615418434,0.0708056539297103,0.680537521839142,-0.728376865386963
0.583645462989807,-0.0159091763198375,0.863013625144958,-0.0355579778552055,0.0711458474397659,0.68019437789917,-0.72870409488678
0.583581924438477,-0.0158029552549123,0.863044321537018,-0.0355494879186153,0.0713943094015121,0.679864227771759,-0.728988230228424
0.582842707633972,-0.0162443406879901,0.863493323326111,-0.0337932370603084,0.0696072578430175,0.677307665348053,-0.731619536876678
0.582872271537781,-0.0159538835287094,0.863422393798828,-0.0346081368625164,0.0698041245341301,0.677521049976349,-0.731365084648132
0.58286052942276,-0.0158115550875663,0.863394498825073,-0.0348683409392833,0.0700380951166153,0.677519917488098,-0.731331467628479
0.58286052942276,-0.0158115550875663,0.863394498825073,-0.0348683409392833,0.0700380951166153,0.677519917488098,-0.731331467628479
0.582992076873779,-0.0163408331573009,0.863934099674225,-0.0332692712545394,0.0732126459479332,0.678117692470551,-0.73054051399231
0.582973659038544,-0.0162043273448944,0.863754749298096,-0.0344304852187633,0.0729596018791198,0.678235650062561,-0.730402588844299
0.582989275455475,-0.01614610850811,0.863740265369415,-0.0345225632190704,0.0731354504823684,0.677943766117096,-0.730651617050171
0.583065152168274,-0.0162254646420478,0.863792181015015,-0.034983567893505,0.0732762515544891,0.677996695041656,-0.730566382408142
0.58300507068634,-0.0161950346082448,0.863830327987671,-0.034778393805027,0.0734796747565269,0.677827060222626,-0.730713188648224
0.58300507068634,-0.0161950346082448,0.863830327987671,-0.034778393805027,0.0734796747565269,0.677827060222626,-0.730713188648224
0.582618057727814,-0.0154492305591702,0.863494515419006,-0.0349307619035244,0.0716570243239402,0.675908386707306,-0.732661604881287
0.58243727684021,-0.0159843266010284,0.863937735557556,-0.0334449522197246,0.0741326510906219,0.676252424716949,-0.73216700553894
0.583361327648163,-0.0153743214905262,0.8635293841362,-0.0342617258429527,0.0772786438465118,0.6772620677948,-0.730869472026825
0.583034157752991,-0.0158028732985258,0.863112568855286,-0.034143079072237,0.08048627525568,0.675817131996155,-0.731865704059601
0.583033561706543,-0.0157320573925972,0.863228023052216,-0.0334689356386661,0.0811520665884018,0.675275444984436,-0.732323288917542
0.582998633384705,-0.0157267060130834,0.86326664686203,-0.0333502665162086,0.0814552903175354,0.674878418445587,-0.732660889625549
0.582962274551392,-0.0157161392271518,0.863350868225098,-0.0331540703773498,0.0819867476820945,0.674361705780029,-0.733086109161377
0.582921743392944,-0.0157123282551765,0.863380670547485,-0.0330490320920944,0.082241877913475,0.674038350582123,-0.733359694480896
0.582791924476624,-0.0157554857432842,0.863368034362793,-0.0329343639314174,0.0823197811841964,0.673929393291473,-0.733456134796143
0.582751989364624,-0.0157357770949602,0.863390922546387,-0.0328555442392826,0.0825578197836875,0.673571467399597,-0.733761787414551
0.582241237163544,-0.0210789106786251,0.866105556488037,-0.0148787098005414,0.0845870301127433,0.658159554004669,-0.747963666915894
0.582152366638184,-0.0207988154143095,0.866067349910736,-0.0148776937276124,0.0848027318716049,0.657677471637726,-0.748363196849823
0.582367658615112,-0.0197379123419523,0.866297721862793,-0.0159187000244855,0.0804468095302581,0.657811105251312,-0.748705208301544
0.582330942153931,-0.0196291543543338,0.866274952888489,-0.0161999035626649,0.0808055028319358,0.657732367515564,-0.748729765415192
0.582217335700989,-0.0193898044526577,0.866144180297852,-0.0161443222314119,0.0812601596117019,0.657222628593445,-0.749129176139832
0.582165837287903,-0.0192898884415626,0.866103053092957,-0.0163710452616214,0.081490084528923,0.65719348192215,-0.749124825000763
0.582165837287903,-0.0192898884415626,0.866103053092957,-0.0163710452616214,0.081490084528923,0.65719348192215,-0.749124825000763
0.581710994243622,-0.0195361487567424,0.865566670894623,-0.0168608743697404,0.0846805498003959,0.656102478504181,-0.749716222286224
0.581640839576721,-0.019371585920453,0.865527987480164,-0.0172501038759946,0.0847144499421119,0.656177282333374,-0.749638140201569
0.58184278011322,-0.0197599083185195,0.865745723247528,-0.017489556223154,0.0863805338740348,0.657215774059296,-0.748531877994537
0.581735372543335,-0.0195922404527664,0.865664958953857,-0.0178271755576133,0.0862427502870559,0.657069027423859,-0.748668730258942
0.581692814826965,-0.019600011408329,0.865609228610992,-0.0188430529087781,0.0861282423138618,0.657554268836975,-0.748230814933777
0.581639766693115,-0.0194526500999927,0.865511417388916,-0.0193029083311557,0.0862019434571266,0.657556533813477,-0.748208522796631
0.581254601478577,-0.0187601596117019,0.865130364894867,-0.0196210127323865,0.0849780887365341,0.656186282634735,-0.749542117118835
0.581095993518829,-0.0186071973294019,0.865065336227417,-0.0199433956295251,0.0847793668508529,0.656113803386688,-0.749619483947754
0.580979228019714,-0.0184277929365634,0.864960730075836,-0.0203675329685211,0.0847938954830169,0.656194627285004,-0.749535739421844
0.580979228019714,-0.0184277929365634,0.864960730075836,-0.0203675329685211,0.0847938954830169,0.656194627285004,-0.749535739421844
0.580683767795563,-0.0180231481790542,0.864750146865845,-0.0211565159261226,0.083939790725708,0.655957221984863,-0.749817669391632
0.580576837062836,-0.0178889073431491,0.864700257778168,-0.0214655343443155,0.0838236734271049,0.655858635902405,-0.749908208847046
0.580480098724365,-0.0176734291017055,0.864602327346802,-0.0221976488828659,0.0836561322212219,0.655937075614929,-0.74983686208725
0.580367147922516,-0.0175488032400608,0.864520072937012,-0.0223873555660247,0.0835582688450813,0.655754029750824,-0.750002324581146
0.580367147922516,-0.0175488032400608,0.864520072937012,-0.0223873555660247,0.0835582688450813,0.655754029750824,-0.750002324581146
0.580060720443726,-0.0172586031258106,0.864414572715759,-0.0229963324964046,0.0831148028373718,0.655565619468689,-0.750197887420654
0.579946637153625,-0.0171613618731498,0.864357769489288,-0.0232291258871555,0.0829827561974525,0.65541410446167,-0.750337660312653
0.579946637153625,-0.0171613618731498,0.864357769489288,-0.0232291258871555,0.0829827561974525,0.65541410446167,-0.750337660312653
0.579747438430786,-0.016915738582611,0.864231467247009,-0.0239941719919443,0.0828946009278297,0.655114054679871,-0.750585436820984
0.579651474952698,-0.0168493334203958,0.864194869995117,-0.0241569895297288,0.0828611925244331,0.654886841773987,-0.750782072544098
0.579162836074829,-0.0155670149251818,0.86336362361908,-0.0294146407395601,0.0821810215711593,0.659284830093384,-0.746809542179108
0.579090178012848,-0.0155524406582117,0.863352417945862,-0.0294169131666421,0.0821703150868415,0.658778309822083,-0.74725753068924
0.578994870185852,-0.0155608430504798,0.863320648670197,-0.0295509416610002,0.0821965113282203,0.658223628997803,-0.747738063335419
0.579013586044312,-0.015476094558835,0.863327980041504,-0.0292376391589641,0.0822213143110275,0.657415926456451,-0.748457849025726
0.578969359397888,-0.0154813723638653,0.863347887992859,-0.029175329953432,0.0824642032384872,0.6568843126297,-0.748900294303894
0.578106880187988,-0.0155200324952602,0.862883925437927,-0.026028249412775,0.0832228288054466,0.654475033283234,-0.751038551330566
0.57800030708313,-0.0155293578281998,0.86287933588028,-0.0259698759764432,0.0831566154956817,0.654006242752075,-0.751456141471863
0.57864648103714,-0.0154783641919493,0.863326072692871,-0.0292078480124473,0.0820577219128608,0.655456364154816,-0.75019359588623
0.578563213348389,-0.01547890342772,0.863324642181396,-0.0292182769626379,0.0818986669182777,0.655094146728516,-0.750526964664459
0.578466355800629,-0.0155106727033853,0.86331433057785,-0.029134502634406,0.0817511305212974,0.654754042625427,-0.750842988491058
0.578433036804199,-0.0154328569769859,0.863281309604645,-0.0291509125381708,0.0815569162368774,0.654427289962769,-0.751148283481598
0.57835578918457,-0.0154757108539342,0.863252818584442,-0.02908231690526,0.0815046355128288,0.654177606105804,-0.751374006271362
0.57835578918457,-0.0154757108539342,0.863252818584442,-0.02908231690526,0.0815046355128288,0.654177606105804,-0.751374006271362
0.578122675418854,-0.0155852017924189,0.863212108612061,-0.0291878674179315,0.0812002643942833,0.653637290000916,-0.751872897148132
0.578031063079834,-0.0156193356961011,0.863197386264801,-0.0292047802358865,0.0810818150639534,0.653501331806183,-0.752003312110901
0.577952921390533,-0.0156875066459178,0.86317765712738,-0.0291779730468988,0.081008642911911,0.653353750705719,-0.752140402793884
0.577850461006165,-0.0158053152263164,0.863152205944061,-0.029218329116702,0.0804188475012779,0.653222739696503,-0.752315938472748
0.577695608139038,-0.0157791841775178,0.863127827644348,-0.0287635009735822,0.080121137201786,0.653247833251953,-0.752343356609344
0.57763409614563,-0.0158635377883911,0.863098502159119,-0.0287545248866081,0.0800631418824195,0.653148233890533,-0.752436459064484
0.577560067176819,-0.0159881226718425,0.863077759742737,-0.0285696145147085,0.0800529867410659,0.653134346008301,-0.752456605434418
0.577587485313416,-0.0169964302331209,0.863577961921692,-0.0249699354171752,0.0805593132972717,0.650085031986237,-0.755166351795197
0.577523112297058,-0.0170930549502372,0.863575220108032,-0.0248826500028371,0.0805110931396484,0.650012969970703,-0.755236387252808
0.577475905418396,-0.0171691607683897,0.863563179969788,-0.024892559275031,0.0804130136966705,0.650010883808136,-0.755248367786407
0.577475905418396,-0.0171691607683897,0.863563179969788,-0.024892559275031,0.0804130136966705,0.650010883808136,-0.755248367786407
0.577261507511139,-0.0171670708805322,0.863433837890625,-0.0255235489457845,0.0803428366780281,0.650946736335754,-0.754428327083588
0.577025592327118,-0.0166672803461551,0.862934827804565,-0.0288052298128604,0.0797566398978233,0.653125703334808,-0.752486646175385
0.576993346214294,-0.0167580023407936,0.862931072711945,-0.0288453716784715,0.0797222033143043,0.653241991996765,-0.752387762069702
0.57694000005722,-0.0168942417949438,0.862928867340088,-0.0288014952093362,0.0796796232461929,0.653395771980286,-0.752260327339172
0.576917111873627,-0.0169928986579179,0.862918138504028,-0.0288847703486681,0.07968370616436,0.653488576412201,-0.75217616558075
0.576886773109436,-0.0171044170856475,0.862913131713867,-0.0289632026106119,0.0796314999461174,0.653630554676056,-0.75205534696579
0.576995313167572,-0.0171326883137226,0.862928032875061,-0.0289838723838329,0.0796242654323577,0.653672754764557,-0.752018511295319
0.576967477798462,-0.0172248035669326,0.862927615642548,-0.0290295295417308,0.0796121731400489,0.653804361820221,-0.751903653144836
0.576950371265411,-0.0173244923353195,0.862932860851288,-0.029124841094017,0.0796251744031906,0.653975605964661,-0.751749634742737
0.576937019824982,-0.0174317769706249,0.862938165664673,-0.0291512738913297,0.0796125456690788,0.654115974903107,-0.751627862453461
0.576918005943298,-0.0175253301858901,0.86294162273407,-0.0292308945208787,0.0796034857630729,0.654289364814758,-0.751474738121033
0.576910555362701,-0.0176712870597839,0.862957239151001,-0.0292420964688062,0.079670064151287,0.654508352279663,-0.751276552677155
0.576910614967346,-0.0178104788064956,0.86299866437912,-0.0294847972691059,0.0795778483152389,0.654820740222931,-0.7510045170784
0.57687646150589,-0.0179159566760063,0.862998723983765,-0.0295052658766508,0.0794673189520835,0.655066311359406,-0.75080132484436
0.576690435409546,-0.0181358270347118,0.862980902194977,-0.0295752212405204,0.0794914290308952,0.655539870262146,-0.750382423400879
0.576765179634094,-0.0181455910205841,0.862914562225342,-0.0297064650803804,0.0789258554577827,0.655666053295135,-0.750326812267303
0.576584756374359,-0.0183657296001911,0.862923264503479,-0.0299909394234418,0.0786829590797424,0.656065881252289,-0.749991476535797
0.576703071594238,-0.0183531753718853,0.862955689430237,-0.0299617275595664,0.0784715265035629,0.656233906745911,-0.749867737293243
0.576658964157104,-0.0184376947581768,0.862948894500732,-0.0300237201154232,0.078285127878189,0.656441390514374,-0.749703168869019
0.576654553413391,-0.0185078009963035,0.8629469871521,-0.0301754102110862,0.0780743211507797,0.656737446784973,-0.749459683895111
0.57656329870224,-0.0186113957315683,0.862948477268219,-0.0301510486751794,0.0778958424925804,0.657119750976562,-0.749143958091736
0.576772809028625,-0.0193341970443725,0.863295018672943,-0.0299186650663614,0.0799348428845405,0.658716201782227,-0.747534811496735
0.576317071914673,-0.0189195610582828,0.862987637519836,-0.0299984142184257,0.0780983716249466,0.658223807811737,-0.748159289360046
0.576365113258362,-0.0189616084098815,0.863017559051514,-0.0299002379179,0.0781274586915969,0.658458411693573,-0.747953593730927
0.576251089572906,-0.0188965946435928,0.862990200519562,-0.0298321619629859,0.077987365424633,0.658408939838409,-0.748014450073242
0.576246023178101,-0.0191344991326332,0.863018870353699,-0.0299753863364458,0.0777942687273025,0.659312605857849,-0.747232556343079
0.576159358024597,-0.0191532559692859,0.862993061542511,-0.0301075484603643,0.0772792994976043,0.659860730171204,-0.746796786785126
0.576070427894592,-0.020107664167881,0.863458752632141,-0.0269810259342193,0.077377438545227,0.65755969285965,-0.748932540416718
0.575973391532898,-0.0201843343675136,0.863474011421204,-0.0270066559314727,0.0770774036645889,0.65791779756546,-0.748648107051849
0.575935482978821,-0.0202548112720251,0.86351066827774,-0.0273254439234733,0.0767481178045272,0.658356666564941,-0.748284518718719
0.575885534286499,-0.0200916323810815,0.863488435745239,-0.0278529357165098,0.0766472667455673,0.659557521343231,-0.747216999530792
0.576052248477936,-0.0206859782338142,0.863707423210144,-0.0279432833194732,0.0778143778443336,0.661162793636322,-0.745672881603241
0.575982093811035,-0.0207479558885097,0.86371523141861,-0.0279394723474979,0.0776756182312965,0.661540329456329,-0.745352506637573
0.575778663158417,-0.0206532087177038,0.863681674003601,-0.0278542935848236,0.0774475410580635,0.661564886569977,-0.745357692241669
0.575610756874084,-0.0205918699502944,0.863616824150085,-0.0282930247485637,0.0771417170763015,0.662758350372314,-0.74431174993515
0.575594782829285,-0.0209895260632038,0.863728642463684,-0.0280888881534338,0.0768903121352195,0.662825107574463,-0.744286060333252
0.575424551963806,-0.0210132524371147,0.863702058792114,-0.0282228533178567,0.076638214290142,0.663517594337463,-0.743689835071564
0.575424551963806,-0.0210132524371147,0.863702058792114,-0.0282228533178567,0.076638214290142,0.663517594337463,-0.743689835071564
0.575023531913757,-0.0205271411687135,0.863521635532379,-0.0285633113235235,0.0742854252457618,0.663245439529419,-0.744158148765564
0.574922919273376,-0.0206039659678936,0.863518416881561,-0.0284981839358806,0.0740524604916572,0.663682520389557,-0.743794143199921
0.574922919273376,-0.0206039659678936,0.863518416881561,-0.0284981839358806,0.0740524604916572,0.663682520389557,-0.743794143199921
0.574641406536102,-0.0197117701172828,0.8629549741745,-0.0325987115502357,0.0723971799015998,0.667987108230591,-0.73992508649826
0.574527978897095,-0.0197915434837341,0.862915515899658,-0.0324185825884342,0.072366252541542,0.668635785579681,-0.739350020885468
0.574192821979523,-0.0198710989207029,0.862790524959564,-0.0326496288180351,0.0718986615538597,0.669461727142334,-0.738637745380402
0.573601603507996,-0.0200029648840427,0.863480448722839,-0.0324640236794948,0.0667311325669288,0.669834971427917,-0.738792419433594
0.573601603507996,-0.0200029648840427,0.863480448722839,-0.0324640236794948,0.0667311325669288,0.669834971427917,-0.738792419433594
0.573723137378693,-0.0200594440102577,0.8633673787117,-0.0324804224073886,0.0672377571463584,0.671693325042725,-0.73705643415451
0.57367479801178,-0.019967745989561,0.863414824008942,-0.0326339490711689,0.0670708790421485,0.672549068927765,-0.736284196376801
0.573712170124054,-0.0197115316987037,0.862892091274261,-0.0306156668812036,0.0690507143735885,0.673379600048065,-0.735428333282471
0.57367616891861,-0.0198024325072765,0.862910509109497,-0.0307774785906076,0.0689727663993835,0.674347579479218,-0.734541296958923
0.573662102222443,-0.0199227333068847,0.862876772880554,-0.0306330751627683,0.0691259652376174,0.67544549703598,-0.733523368835449
0.573769688606262,-0.0200661625713109,0.862805366516113,-0.0308018252253532,0.0693718045949935,0.676399946212769,-0.732613086700439
0.574708998203278,-0.0195591636002063,0.862503051757812,-0.0330021567642688,0.0706735774874687,0.678065836429596,-0.73085081577301
0.572677135467529,-0.0199327394366264,0.862815499305725,-0.0315098837018013,0.0665809884667396,0.676702737808228,-0.73256242275238
0.573188900947571,-0.0195768289268016,0.86318576335907,-0.0341116674244403,0.0654834657907486,0.678349256515503,-0.731020331382751
0.573439478874207,-0.0205007866024971,0.863648355007172,-0.0350156649947166,0.0664896219968795,0.681235790252686,-0.728196978569031
0.573427498340607,-0.0205423533916473,0.863637208938599,-0.0347856618463993,0.0666644796729087,0.68180775642395,-0.727656543254852
0.573427498340607,-0.0205423533916473,0.863637208938599,-0.0347856618463993,0.0666644796729087,0.68180775642395,-0.727656543254852
0.573230743408203,-0.0206668451428413,0.863527655601501,-0.0357402749359607,0.0655302107334137,0.6839959025383,-0.725656986236572
0.572780013084412,-0.0237692724913358,0.864974737167358,-0.0250572673976421,0.066621646285057,0.676409840583801,-0.733078062534332
0.572533428668976,-0.0235745087265968,0.864841401576996,-0.0241988021880388,0.0648240819573402,0.675318717956543,-0.734273076057434
0.572533428668976,-0.0235745087265968,0.864841401576996,-0.0241988021880388,0.0648240819573402,0.675318717956543,-0.734273076057434
0.572770059108734,-0.0245976261794567,0.865254402160645,-0.023396885022521,0.0665911138057708,0.677122294902802,-0.732477784156799
0.57284152507782,-0.0247756987810134,0.865342497825623,-0.023142660036683,0.0665265321731567,0.677946925163269,-0.731728553771973
0.572821974754333,-0.0251310151070356,0.865497231483459,-0.0225706361234188,0.0665508210659027,0.678196609020233,-0.731512844562531
0.573085248470306,-0.0203908234834671,0.863160371780396,-0.0382455922663211,0.0629501193761825,0.689909040927887,-0.720138967037201
0.573000609874725,-0.0212735123932361,0.86360365152359,-0.0364253893494606,0.0643284618854522,0.692046940326691,-0.718057155609131
0.573198914527893,-0.0204239822924137,0.863010883331299,-0.0400078296661376,0.061811126768589,0.69138514995575,-0.71872478723526
0.573080897331238,-0.0204808954149484,0.862948715686798,-0.0404433459043502,0.0613523684442043,0.692462682723999,-0.71770179271698
0.573009550571442,-0.0206779558211565,0.862983822822571,-0.0398148261010646,0.0613966546952724,0.693176090717316,-0.717044115066528
0.573039293289185,-0.020826555788517,0.863032281398773,-0.0397440195083618,0.0613381490111351,0.693937718868256,-0.716315984725952
0.573090553283691,-0.0208734534680843,0.863026022911072,-0.0407026782631874,0.0612605959177017,0.694969356060028,-0.715267896652222
0.573262095451355,-0.0209302976727485,0.863023579120636,-0.0411160215735435,0.0612917765974998,0.696007132530212,-0.714231729507446
0.57255083322525,-0.0214692130684852,0.863290309906006,-0.0358208753168582,0.0631035044789314,0.696421980857849,-0.71395468711853
0.572785258293152,-0.0220036432147026,0.863557696342468,-0.0362002737820148,0.0638553574681282,0.69834965467453,-0.711983025074005
0.573301911354065,-0.0215233881026506,0.863232851028442,-0.041571382433176,0.0619156621396541,0.698343813419342,-0.711866796016693
0.573241531848907,-0.021689074113965,0.863266587257385,-0.0415939316153526,0.0618095397949218,0.69908344745636,-0.711148202419281
0.573241531848907,-0.021689074113965,0.863266587257385,-0.0415939316153526,0.0618095397949218,0.69908344745636,-0.711148202419281
0.572635471820831,-0.0219735614955425,0.863076210021973,-0.0389614887535572,0.0617428831756114,0.70055365562439,-0.709855318069458
0.572816431522369,-0.0219517406076192,0.863114297389984,-0.0412097722291946,0.061379887163639,0.700869739055634,-0.709447741508484
0.573533535003662,-0.0220494866371154,0.863334119319916,-0.0434206612408161,0.0615460835397243,0.701510787010193,-0.708667278289795
0.573461294174194,-0.0222229324281215,0.863509476184845,-0.0429078266024589,0.0614066384732723,0.702297449111938,-0.707931220531464
0.57221257686615,-0.0231538489460945,0.863384366035461,-0.0363868772983551,0.0627196803689003,0.702187120914459,-0.70829051733017
0.573432385921478,-0.0226936675608158,0.863465070724487,-0.0421546995639801,0.0614519789814949,0.702831447124481,-0.707442402839661
0.573034048080444,-0.0232129041105508,0.863535940647125,-0.0405164174735546,0.061865147203207,0.703399062156677,-0.706937730312347
0.573034048080444,-0.0232129041105508,0.863535940647125,-0.0405164174735546,0.061865147203207,0.703399062156677,-0.706937730312347
0.572728991508484,-0.023629143834114,0.863612473011017,-0.0414347872138023,0.0618779249489307,0.705291390419006,-0.704995393753052
0.573272466659546,-0.0238595306873321,0.863849759101868,-0.0444077551364898,0.0615537911653518,0.706488728523254,-0.70364248752594
0.572893619537354,-0.0241021327674388,0.863876640796661,-0.0412327870726585,0.0624889396131038,0.706088662147522,-0.70415472984314
0.572970628738403,-0.0242523681372404,0.863798081874847,-0.0425682514905929,0.0625702738761901,0.707324743270874,-0.702826261520386
0.573780655860901,-0.0251931026577949,0.864489436149597,-0.0443046763539314,0.0639085322618484,0.709401607513428,-0.700501382350922
0.573738098144531,-0.0245780162513256,0.864257574081421,-0.0454815588891506,0.0622740760445594,0.709019601345062,-0.700959861278534
0.573647618293762,-0.0248134471476078,0.864367961883545,-0.0451519042253494,0.0623132735490798,0.709707796573639,-0.700280785560608
0.573294103145599,-0.0250363163650035,0.864290058612823,-0.0432898364961147,0.0629492998123169,0.709806621074677,-0.700241446495056
0.573553264141083,-0.0254324898123741,0.864454865455627,-0.0458378791809082,0.062391635030508,0.711252689361572,-0.698660016059875
0.573378145694733,-0.0257251523435115,0.864645302295685,-0.0455186516046524,0.0623034797608852,0.711751401424408,-0.698180735111237
0.573380172252655,-0.0258309282362461,0.864630699157715,-0.0457531698048114,0.0615873709321022,0.712315559387207,-0.697653353214264
0.5732262134552,-0.0259036533534526,0.864642262458801,-0.0454064570367336,0.0613166987895965,0.712450206279755,-0.697562336921692
0.573383092880249,-0.0264655500650405,0.86473548412323,-0.0455468259751796,0.0616359822452068,0.713817000389099,-0.696126341819763
0.573194563388824,-0.0264921747148036,0.864534139633179,-0.0440497882664203,0.0618754066526889,0.713551878929138,-0.696473121643066
0.573185205459595,-0.0268045756965875,0.864454567432404,-0.0432352647185325,0.062023714184761,0.714147090911865,-0.695900678634644
0.573194742202759,-0.026993365958333,0.864449381828308,-0.0434130318462848,0.061668187379837,0.714718222618103,-0.695334613323212
0.573285460472107,-0.0271148011088371,0.86459219455719,-0.0444885194301605,0.0613282583653926,0.715155422687531,-0.694847166538239
0.573585689067841,-0.0276828799396753,0.864921271800995,-0.0456624329090118,0.0617550276219844,0.716534674167633,-0.693310439586639
0.573460817337036,-0.0286352448165416,0.865315675735474,-0.043664913624525,0.0630023181438446,0.71819657087326,-0.691605389118195
0.572633564472198,-0.0279817227274179,0.864688754081726,-0.0429076105356216,0.0612980499863624,0.717817544937134,-0.692198991775513
0.572979807853699,-0.0278769824653863,0.864623546600342,-0.0447911396622657,0.0606181807816028,0.71823650598526,-0.69170480966568
0.573041558265686,-0.0280320812016725,0.864600539207458,-0.0451413840055465,0.0603740662336349,0.718490123748779,-0.691439926624298
0.573249578475952,-0.0280717425048351,0.864524483680725,-0.0458402968943119,0.0603261180222034,0.719203054904938,-0.69065660238266
0.573257744312286,-0.0284042581915855,0.864546716213226,-0.0452530905604362,0.0601009055972099,0.719580113887787,-0.69032210111618
0.573048174381256,-0.0288273990154266,0.864679992198944,-0.044270321726799,0.0595770999789238,0.719467222690582,-0.690548896789551
0.573569774627686,-0.0291885435581207,0.864696800708771,-0.0475744195282459,0.0589312687516212,0.719943583011627,-0.689887702465057
0.573743999004364,-0.0295142699033021,0.864856123924255,-0.0465453527867794,0.0591946020722389,0.719649255275726,-0.690242290496826
0.573743999004364,-0.0295142699033021,0.864856123924255,-0.0465453527867794,0.0591946020722389,0.719649255275726,-0.690242290496826
0.573847651481628,-0.0299130752682685,0.864774644374847,-0.0464682318270206,0.0585148558020591,0.719853043556213,-0.690093040466309
0.573344469070435,-0.0298775285482406,0.864612102508545,-0.0442888960242271,0.0582644939422607,0.720369517803192,-0.689718544483185
0.573344469070435,-0.0298775285482406,0.864612102508545,-0.0442888960242271,0.0582644939422607,0.720369517803192,-0.689718544483185
0.574066996574402,-0.0313536003232002,0.865275502204895,-0.0445627868175506,0.0595122650265693,0.721612930297852,-0.688293159008026
0.574043214321136,-0.0306672193109989,0.864632606506348,-0.0477044582366943,0.0573907531797885,0.721108853816986,-0.688790678977966
0.574199795722961,-0.0307282228022813,0.864536345005035,-0.0480356141924858,0.0575036481022834,0.721562385559082,-0.688283264636993
0.572635352611542,-0.0313565507531166,0.864497661590576,-0.0395230092108249,0.0583096258342266,0.721435010433197,-0.688890039920807
0.573766350746155,-0.0311980918049812,0.864711284637451,-0.0432648360729217,0.0573561415076255,0.720431327819824,-0.689794957637787
0.573828756809235,-0.0313861295580863,0.864701926708221,-0.043197888880968,0.0573087669909,0.720400810241699,-0.689834952354431
0.573852241039276,-0.0315170064568519,0.864703416824341,-0.0432226248085498,0.0571809634566307,0.720362603664398,-0.689884006977081
0.573888301849365,-0.0316461734473705,0.864707410335541,-0.043257612735033,0.0570975057780742,0.720275521278381,-0.689979732036591
0.573931813240051,-0.0318860076367855,0.864767551422119,-0.0429905988276004,0.0572681315243244,0.720227837562561,-0.690031945705414
0.574031174182892,-0.0320774428546428,0.864792346954346,-0.0430709458887577,0.0571336969733238,0.720014870166779,-0.690260291099548
0.574066519737244,-0.0321349799633026,0.864694118499756,-0.043665774166584,0.056770984083414,0.719927787780762,-0.690343797206879
0.574097275733948,-0.0322698019444942,0.864685297012329,-0.0437747947871685,0.0567209981381893,0.719813585281372,-0.690460026264191
0.574752449989319,-0.0324063599109649,0.864667594432831,-0.0478831678628921,0.0562289543449878,0.719829678535461,-0.690210700035095
0.574622273445129,-0.0324388481676578,0.864501059055328,-0.048756830394268,0.0557675547897815,0.720162093639374,-0.689840018749237
0.574532270431519,-0.03303924202919,0.8647740483284,-0.0468019843101501,0.0559686049818992,0.71901947259903,-0.691149950027466
0.574699878692627,-0.0329821929335594,0.864740908145905,-0.0475323237478733,0.0558226220309734,0.718851983547211,-0.691286146640778
0.574699878692627,-0.0329821929335594,0.864740908145905,-0.0475323237478733,0.0558226220309734,0.718851983547211,-0.691286146640778
0.574615955352783,-0.0333954952657222,0.864730834960938,-0.0472804680466651,0.0557870715856552,0.718559622764587,-0.691610038280487
0.574617862701416,-0.0334982797503471,0.864726006984711,-0.0473003722727298,0.0556824281811714,0.718411147594452,-0.691771328449249
0.57459968328476,-0.0336019918322563,0.86470752954483,-0.0472320765256881,0.0556155517697334,0.718275129795074,-0.691922605037689
0.574685335159302,-0.0337555930018425,0.864732265472412,-0.0471663884818553,0.0554917566478252,0.718055963516235,-0.692164540290833
0.574727714061737,-0.0338763184845447,0.864697515964508,-0.0472430512309074,0.0555132031440734,0.717848002910614,-0.692373156547546
0.574908792972565,-0.0337193273007869,0.864431440830231,-0.0487477295100688,0.0545058920979499,0.717461049556732,-0.692749977111816
0.574944376945496,-0.0338418707251548,0.864396274089813,-0.0488113947212696,0.0545467399060726,0.717262804508209,-0.692947566509247
0.574958145618439,-0.033929631114006,0.864370465278625,-0.0488073043525218,0.0545593500137329,0.717119157314301,-0.693095564842224
0.575157344341278,-0.0338163003325462,0.864339828491211,-0.0496748276054859,0.0544968880712986,0.716886579990387,-0.693279266357422
0.574940621852875,-0.0341348052024841,0.864317297935486,-0.0486752390861511,0.0546478778123855,0.716821014881134,-0.693405985832214
0.574941337108612,-0.0341921225190162,0.864307582378387,-0.0487240403890609,0.054602850228548,0.716716289520264,-0.693514406681061
0.574945569038391,-0.0342891961336135,0.864297270774841,-0.0486305728554725,0.0546586364507675,0.716575503349304,-0.693662166595459
0.574954867362976,-0.0343605503439903,0.864268064498901,-0.048668049275875,0.0547249838709831,0.716421961784363,-0.693812847137451
0.574949741363525,-0.0344118326902389,0.864247560501099,-0.0486577227711677,0.0547272004187107,0.716304063796997,-0.693935096263885
0.574641168117523,-0.0348719134926795,0.864510655403137,-0.0470134876668453,0.0552530772984027,0.715811550617218,-0.694514811038971
0.574754476547241,-0.0347128771245479,0.86431097984314,-0.0481668040156364,0.0543993934988975,0.715445518493652,-0.694880127906799
0.574610471725464,-0.0349657163023948,0.864482641220093,-0.0470281727612018,0.0552005134522914,0.715477168560028,-0.694862306118011
0.574602007865906,-0.0350114367902278,0.864454746246338,-0.0470867790281772,0.0552114099264144,0.715270280838013,-0.695070624351501
0.574596464633942,-0.0351274460554122,0.864486217498779,-0.0468133725225925,0.0554013028740882,0.71517938375473,-0.695167422294617
0.574570715427399,-0.0350846275687217,0.864389836788177,-0.0471369586884975,0.0552366860210895,0.714828968048096,-0.695518851280212
0.574587106704712,-0.0349696055054664,0.864208817481995,-0.0482123754918575,0.0541642904281616,0.714105784893036,-0.696272134780884
0.574577689170837,-0.0349533036351203,0.86416620016098,-0.048394575715065,0.0541415885090827,0.713874876499176,-0.696497976779938
0.574586391448975,-0.034986637532711,0.864161729812622,-0.0483538657426834,0.0542310737073421,0.713659703731537,-0.696714401245117
0.57457709312439,-0.0349852666258811,0.864139556884766,-0.0484032295644283,0.0542463660240173,0.713423252105713,-0.696951925754547
0.574556410312653,-0.0349412783980369,0.864092648029327,-0.0485885143280029,0.0541723743081092,0.713213801383972,-0.697159051895142
0.574556410312653,-0.0349412783980369,0.864092648029327,-0.0485885143280029,0.0541723743081092,0.713213801383972,-0.697159051895142
0.574501156806946,-0.0348913967609405,0.86406147480011,-0.048304870724678,0.0541707836091518,0.712791442871094,-0.697610676288605
0.574485540390015,-0.0348477512598037,0.864032328128815,-0.0483717620372772,0.0541253723204135,0.712535560131073,-0.697870850563049
0.573954999446869,-0.0346546098589897,0.863983988761902,-0.044833518564701,0.0545217655599117,0.71190869808197,-0.698715507984161
0.573932945728302,-0.0346091836690902,0.863958299160004,-0.0448120534420013,0.0545657724142074,0.711583614349365,-0.699044644832611
0.574401438236237,-0.0346717834472656,0.863965153694153,-0.0479943454265594,0.0541146397590637,0.711487293243408,-0.698966503143311
0.573877453804016,-0.0344700627028942,0.863904654979706,-0.0447774194180965,0.05447643622756,0.710861444473267,-0.699788153171539
0.573877453804016,-0.0344700627028942,0.863904654979706,-0.0447774194180965,0.05447643622756,0.710861444473267,-0.699788153171539
0.573775887489319,-0.0342585183680057,0.863933444023132,-0.0444649122655391,0.0544336810708045,0.710338890552521,-0.700341701507568
0.573746621608734,-0.0341661795973777,0.863891959190369,-0.0445963516831398,0.0543612763285636,0.709931671619415,-0.700751781463623
0.574153482913971,-0.0341171659529209,0.863844335079193,-0.0480993315577507,0.0537840127944946,0.709657490253448,-0.700842440128326
0.573621273040771,-0.0339706949889659,0.863889813423157,-0.0445389188826084,0.053808469325304,0.708517909049988,-0.702227532863617
0.57359790802002,-0.033793356269598,0.863863945007324,-0.0449209585785865,0.0538300648331642,0.707924067974091,-0.702800214290619
0.573572278022766,-0.0336599238216877,0.863828063011169,-0.0450694076716899,0.053808394819498,0.707476675510406,-0.703242659568787
0.573572278022766,-0.0336599238216877,0.863828063011169,-0.0450694076716899,0.053808394819498,0.707476675510406,-0.703242659568787
0.573932766914368,-0.033941812813282,0.864127993583679,-0.046458426862955,0.0547924451529979,0.70696085691452,-0.703594923019409
0.573705196380615,-0.0345042645931243,0.864471018314362,-0.0444248020648956,0.0561965145170688,0.707796573638916,-0.702774882316589
0.573943138122559,-0.0340644344687461,0.864418387413025,-0.0459885373711586,0.055939458310604,0.707272469997406,-0.703222215175629
0.574001729488373,-0.0330792888998985,0.863930225372314,-0.0485184714198112,0.0542547143995761,0.705513775348663,-0.704948782920837
0.573818206787109,-0.0331013314425945,0.863901674747467,-0.0481227487325668,0.0543304085731506,0.705042898654938,-0.705440938472748
0.573203921318054,-0.0327842310070991,0.863833367824554,-0.0445623062551021,0.0550405867397785,0.704372763633728,-0.706288695335388
0.573114693164825,-0.0328851640224456,0.863783895969391,-0.0446260347962379,0.0551850423216819,0.703123509883881,-0.707517087459564
0.572807013988495,-0.0330269411206245,0.863819122314453,-0.043062474578619,0.0557140186429023,0.702546238899231,-0.708145797252655
0.57278311252594,-0.0328458659350872,0.863755583763123,-0.0433124117553234,0.0557316578924655,0.701968908309937,-0.708701372146606
0.57274454832077,-0.0325816348195076,0.863635182380676,-0.0435501635074615,0.0556598342955112,0.70112806558609,-0.709524512290955
0.572735071182251,-0.0324156992137432,0.863563537597656,-0.0437249429523944,0.0557461120188236,0.700399398803711,-0.710226118564606
0.572742104530334,-0.0323177203536033,0.86357855796814,-0.043529350310564,0.0561245158314704,0.69962477684021,-0.710971593856812
0.572987794876099,-0.0319449789822101,0.863528490066528,-0.0447279922664165,0.0560370720922946,0.69892942905426,-0.711587727069855
0.57274854183197,-0.0317717120051384,0.863283157348633,-0.0447239726781845,0.0554365366697311,0.697864949703217,-0.712678849697113
0.573058605194092,-0.0312691703438758,0.863323569297791,-0.0458274185657501,0.0554399006068706,0.696892261505127,-0.713559627532959
0.572832047939301,-0.0312640964984893,0.863394796848297,-0.0452503561973571,0.0552426315844059,0.695800602436066,-0.714676201343536
0.572618424892426,-0.032301302999258,0.864024817943573,-0.0402666330337524,0.0560985244810581,0.692018032073975,-0.718569874763489
0.572378277778625,-0.0331018380820751,0.864467799663544,-0.0351818241178989,0.0569598339498043,0.688953995704651,-0.721706449985504
0.572274327278137,-0.0336079075932502,0.864871859550476,-0.0321739427745342,0.0577724240720272,0.685899078845978,-0.724685966968536
0.57215815782547,-0.0337117463350296,0.86494243144989,-0.0311187468469142,0.0577165856957435,0.683932960033417,-0.726592183113098
0.57247519493103,-0.0336206331849098,0.865044236183167,-0.0349673219025135,0.0568866245448589,0.683001756668091,-0.727358102798462
0.571561336517334,-0.0324134305119514,0.864502429962158,-0.0344731770455837,0.0576463975012302,0.684789836406708,-0.725638687610626
0.57393753528595,-0.0302859786897897,0.86327737569809,-0.0444485880434513,0.0604714900255203,0.689308285713196,-0.72057044506073
0.573136806488037,-0.0300152543932199,0.863373458385468,-0.0440305396914482,0.0594767294824123,0.68902575969696,-0.720948934555054
0.572441577911377,-0.0297504924237728,0.863433837890625,-0.0390973500907421,0.0600852333009243,0.687301814556122,-0.72282612323761
0.572270333766937,-0.0304119810461998,0.863883912563324,-0.0369607619941234,0.0622259527444839,0.686711847782135,-0.723317921161652
0.572344243526459,-0.0294377021491527,0.863480865955353,-0.0424228087067604,0.0595108568668365,0.685479462146759,-0.724414825439453
0.571362972259521,-0.0298741292208433,0.863971292972565,-0.039957582950592,0.0572618506848812,0.682649970054626,-0.727401971817017
0.571056365966797,-0.029331911355257,0.863787412643433,-0.0380779653787612,0.0578619688749313,0.681438744068146,-0.72858989238739
0.571236193180084,-0.0290716849267482,0.863779067993164,-0.040427878499031,0.0572425089776515,0.68062150478363,-0.729275822639465
0.571873188018799,-0.0283567178994417,0.862908720970154,-0.0415910258889198,0.0628262907266616,0.680212318897247,-0.729132533073425
0.571873188018799,-0.0283567178994417,0.862908720970154,-0.0415910258889198,0.0628262907266616,0.680212318897247,-0.729132533073425
0.571727573871613,-0.0279024094343185,0.862958669662476,-0.0398676469922065,0.0622202940285205,0.67696750164032,-0.732293844223022
0.571750283241272,-0.0284407995641231,0.863232970237732,-0.0384545214474201,0.0646187514066696,0.676871001720428,-0.732250928878784
0.571703732013702,-0.0272453390061855,0.862929105758667,-0.0394820347428321,0.063011310994625,0.674062967300415,-0.734921753406525
0.57178521156311,-0.0275420118123292,0.863159358501434,-0.0387765057384967,0.0647153779864311,0.673777759075165,-0.735072672367096
0.571433126926422,-0.0274214260280132,0.863011121749878,-0.0377863049507141,0.0650610774755477,0.671884179115295,-0.736824870109558
0.571029424667358,-0.0261040944606065,0.862718045711517,-0.0385871045291423,0.0627402290701866,0.668509185314178,-0.740047454833984
0.570566177368164,-0.0267212726175785,0.862488508224487,-0.0346091501414775,0.0657594725489616,0.666881322860718,-0.741449356079102
0.57037615776062,-0.0256709158420562,0.862194538116455,-0.0349067375063896,0.063673198223114,0.664201676845551,-0.74401843547821
0.57037615776062,-0.0256709158420562,0.862194538116455,-0.0349067375063896,0.063673198223114,0.664201676845551,-0.74401843547821
0.570268869400024,-0.0250216647982597,0.862183570861816,-0.0343191809952259,0.064364492893219,0.660839676856995,-0.746974110603333
0.570058584213257,-0.0246901046484708,0.862214624881744,-0.0335651002824306,0.064450979232788,0.658905267715454,-0.748707830905914
0.570058524608612,-0.0243601854890584,0.862258791923523,-0.0333847999572753,0.0649131312966346,0.657289087772369,-0.750095188617706
0.569998979568481,-0.0239801965653896,0.862220168113708,-0.0329559184610843,0.0649947971105575,0.655479490756989,-0.751688957214355
