x,y,z,q0,q1,q2,q3
-0.541281521320343,-0.0898428931832313,1.25946688652039,-0.0876409485936164,0.0718911588191986,-0.662474513053894,-0.740458130836487
-0.541069090366364,-0.0899785980582237,1.26007997989655,-0.0910529866814613,0.0710442885756492,-0.660272717475891,-0.742093145847321
-0.540556609630585,-0.0902661383152008,1.26028752326965,-0.0946430414915084,0.0690603256225586,-0.657728850841522,-0.744087517261505
-0.540467441082001,-0.0905958414077758,1.26056659221649,-0.0978919938206672,0.0682682245969772,-0.655821561813354,-0.745422542095184
-0.540299654006958,-0.0905599743127822,1.26111328601837,-0.102109864354134,0.0671772211790084,-0.653221428394318,-0.747236669063568
-0.539996325969696,-0.0906802490353584,1.2615795135498,-0.106181152164936,0.0661295130848884,-0.65090548992157,-0.748782098293304
-0.539810180664062,-0.0908255726099014,1.26182770729065,-0.110460594296455,0.0648192912340164,-0.648461699485779,-0.750396132469177
-0.539658546447754,-0.0908748805522918,1.26232266426086,-0.114794835448265,0.0636627674102783,-0.64587789773941,-0.7520712018013
-0.539168179035187,-0.0910429507493972,1.26269328594208,-0.118961110711098,0.0628231838345527,-0.643096506595612,-0.753875553607941
-0.53892970085144,-0.0914119929075241,1.26280403137207,-0.123044595122337,0.0613032020628452,-0.640516698360443,-0.75553971529007
-0.53862076997757,-0.0911547243595123,1.26339411735535,-0.128331810235977,0.0609122477471828,-0.637769758701324,-0.757014095783234
-0.538304805755615,-0.0914558991789817,1.26348567008972,-0.132484003901482,0.0595135614275932,-0.63505232334137,-0.758692800998688
-0.537952542304993,-0.09129598736763,1.26401996612549,-0.137664660811424,0.0592471957206726,-0.631927192211151,-0.760398685932159
-0.537581622600555,-0.0915651768445968,1.26413261890411,-0.142136767506599,0.0581454001367092,-0.629103124141693,-0.762001037597656
-0.537255346775055,-0.0912471115589141,1.26472055912018,-0.147653594613075,0.0578340739011764,-0.626263499259949,-0.76331353187561
-0.537349283695221,-0.0915074348449707,1.26472592353821,-0.152942329645157,0.056183323264122,-0.623421609401703,-0.764720678329468
-0.537145435810089,-0.0911607891321182,1.26528525352478,-0.158819049596786,0.0559670776128768,-0.620661556720734,-0.765782952308655
-0.536585450172424,-0.0912571996450424,1.2656272649765,-0.163405522704124,0.0558061636984348,-0.617689907550812,-0.767231106758118
-0.536318004131317,-0.0912638306617736,1.26582074165344,-0.168767467141151,0.0551819801330566,-0.614882946014404,-0.768369376659393
-0.535768270492554,-0.0918031185865402,1.26579594612122,-0.173084408044815,0.0544751957058906,-0.611970067024231,-0.769783735275269
-0.53550773859024,-0.0916119515895843,1.26602518558502,-0.178852662444115,0.0540270805358886,-0.609326839447021,-0.770593047142029
-0.535313487052917,-0.0914182513952255,1.26654887199402,-0.184790313243866,0.0540193915367126,-0.606701076030731,-0.77126407623291
-0.53479278087616,-0.0917065143585205,1.2665319442749,-0.189404875040054,0.0537259839475154,-0.604163467884064,-0.772156655788422
-0.534306645393372,-0.0917538106441497,1.26697850227356,-0.194555133581161,0.0541187226772308,-0.601628243923187,-0.772827923297882
-0.533916175365448,-0.0919282436370849,1.26699435710907,-0.200171068310738,0.0531616657972335,-0.598990738391876,-0.773508489131927
-0.53344190120697,-0.0919435396790504,1.26733493804932,-0.205183759331703,0.0535429753363132,-0.596960246562958,-0.773738503456116
-0.533333122730255,-0.0921784490346908,1.26748144626617,-0.210552975535393,0.053066361695528,-0.594535887241364,-0.774195373058319
-0.532815635204315,-0.0923934951424598,1.26766812801361,-0.215361580252647,0.0533400662243366,-0.592196643352509,-0.774646520614624
-0.532721161842346,-0.0924946665763855,1.26789689064026,-0.220882132649422,0.0532316006720066,-0.590055048465729,-0.77473384141922
-0.532721161842346,-0.0924946665763855,1.26789689064026,-0.220882132649422,0.0532316006720066,-0.590055048465729,-0.77473384141922
-0.532039821147919,-0.0930946990847587,1.26791429519653,-0.230406284332275,0.0534478276968002,-0.586304843425751,-0.77479213476181
-0.53145557641983,-0.093470275402069,1.26800155639648,-0.234701573848724,0.0541736781597137,-0.584390103816986,-0.774899005889893
-0.531470775604248,-0.0939632505178451,1.26791453361511,-0.239750251173973,0.0536905936896801,-0.582638084888458,-0.774706423282623
-0.531470775604248,-0.0939632505178451,1.26791453361511,-0.239750251173973,0.0536905936896801,-0.582638084888458,-0.774706423282623
-0.531094253063202,-0.0949911549687385,1.26776468753815,-0.248943626880646,0.0535089485347271,-0.57935094833374,-0.774284422397614
-0.530874609947205,-0.0952155590057373,1.26808965206146,-0.253648340702057,0.0548371784389019,-0.577999770641327,-0.773674190044403
-0.530976235866547,-0.0959008336067199,1.26786172389984,-0.257905781269073,0.055015105754137,-0.576269686222076,-0.773544549942017
-0.53039813041687,-0.0965534746646881,1.26756656169891,-0.262417882680893,0.054506529122591,-0.575225114822388,-0.772840201854706
-0.530473291873932,-0.0971186384558677,1.26752638816833,-0.267590999603271,0.0543607324361801,-0.573636770248413,-0.772256970405579
-0.530165612697601,-0.0979038104414939,1.26714396476746,-0.270894795656204,0.0551554337143898,-0.572472751140594,-0.771912455558777
-0.53001195192337,-0.0984362363815307,1.26709079742432,-0.275966137647629,0.0551185496151447,-0.571045100688934,-0.771175801753998
-0.529794812202454,-0.0992433056235313,1.26671254634857,-0.279896438121796,0.055209994316101,-0.570199191570282,-0.770378232002258
-0.529603958129883,-0.0998008400201797,1.26662790775299,-0.284223258495331,0.0559026934206485,-0.569174885749817,-0.769501090049744
-0.529406428337097,-0.100533202290535,1.26633930206299,-0.288313120603561,0.0561397150158882,-0.567978084087372,-0.768846333026886
-0.528880536556244,-0.101342909038067,1.26581060886383,-0.29185277223587,0.0570122934877872,-0.566920876502991,-0.768226742744446
-0.528880536556244,-0.101342909038067,1.26581060886383,-0.29185277223587,0.0570122934877872,-0.566920876502991,-0.768226742744446
-0.528927803039551,-0.103135779500008,1.26503682136536,-0.299748361110687,0.0569419637322425,-0.565499007701874,-0.766237139701843
-0.529190719127655,-0.103791013360023,1.26486003398895,-0.304271131753922,0.0569182038307189,-0.564522922039032,-0.765175461769104
-0.528919577598572,-0.104511819779873,1.26458466053009,-0.308014124631882,0.0578425899147987,-0.563873648643494,-0.764086425304413
-0.528862833976746,-0.105519242584705,1.26380598545074,-0.311616271734238,0.0577136911451816,-0.563262522220612,-0.763085722923279
-0.528803467750549,-0.106632113456726,1.26350879669189,-0.315024107694626,0.057921752333641,-0.562560558319092,-0.762188017368317
-0.529357016086578,-0.107847988605499,1.26273560523987,-0.31871435046196,0.0571475028991699,-0.562670350074768,-0.760629594326019
-0.528572559356689,-0.108173914253712,1.26266205310822,-0.322458744049072,0.0591266378760337,-0.56142395734787,-0.759820759296417
-0.528582274913788,-0.10901303589344,1.26195800304413,-0.325868964195251,0.059019036591053,-0.560897290706635,-0.75876247882843
-0.528454661369324,-0.109907917678356,1.26142776012421,-0.329291194677353,0.0592981912195682,-0.560353219509125,-0.757664322853088
-0.528391540050507,-0.111086286604404,1.26076638698578,-0.331962674856186,0.0594162531197071,-0.560057580471039,-0.756707370281219
-0.528990626335144,-0.112221494317055,1.26017343997955,-0.335745066404343,0.0583418756723403,-0.560141026973724,-0.755058586597443
-0.528990626335144,-0.112221494317055,1.26017343997955,-0.335745066404343,0.0583418756723403,-0.560141026973724,-0.755058586597443
-0.528448224067688,-0.114009216427803,1.25907015800476,-0.341261774301529,0.0590163618326187,-0.558530986309052,-0.753724455833435
-0.528016448020935,-0.114655308425426,1.25867164134979,-0.343991667032242,0.0602968819439411,-0.558248281478882,-0.752590775489807
-0.528194069862366,-0.115585118532181,1.25810945034027,-0.347167730331421,0.0597331263124942,-0.557875335216522,-0.751453042030334
-0.527939021587372,-0.116790920495987,1.25737547874451,-0.349143475294113,0.0601163320243358,-0.55782687664032,-0.75054258108139
-0.527779102325439,-0.11785527318716,1.25698101520538,-0.351519882678986,0.0605998672544956,-0.557318091392517,-0.749772012233734
-0.527641892433167,-0.118608884513378,1.25650584697723,-0.354069471359253,0.0608129054307937,-0.557169795036316,-0.748664438724518
-0.527129650115967,-0.11933308839798,1.2563761472702,-0.35628354549408,0.0621078945696353,-0.556983530521393,-0.747645676136017
-0.527265071868896,-0.120459787547588,1.25584650039673,-0.358643770217896,0.0615370497107505,-0.556545734405518,-0.746890008449554
-0.526909708976746,-0.121384359896183,1.25536143779755,-0.359991848468781,0.0628980472683906,-0.556510746479034,-0.746153831481934
-0.526685535907745,-0.122475147247314,1.25499248504639,-0.362077385187149,0.0627726688981056,-0.556145071983337,-0.745427548885345
-0.526426136493683,-0.123474292457104,1.25470471382141,-0.363650649785995,0.0632642954587936,-0.555721759796143,-0.744935631752014
-0.526421904563904,-0.124155767261982,1.25438976287842,-0.36602571606636,0.0632601827383041,-0.555829763412476,-0.743691205978394
-0.526421904563904,-0.124155767261982,1.25438976287842,-0.36602571606636,0.0632601827383041,-0.555829763412476,-0.743691205978394
-0.525664806365967,-0.125918239355087,1.25372934341431,-0.369021862745285,0.0644581168889999,-0.555443584918976,-0.742395162582397
-0.525582313537598,-0.126806542277336,1.25376832485199,-0.370674252510071,0.0648434087634086,-0.554855167865753,-0.741978108882904
-0.525558888912201,-0.127927929162979,1.25327396392822,-0.372060686349869,0.0642016977071762,-0.554503858089447,-0.741602599620819
-0.525425612926483,-0.128739461302757,1.25310254096985,-0.373607188463211,0.0645323321223259,-0.554319977760315,-0.740933537483215
-0.52511739730835,-0.129514813423157,1.25265562534332,-0.374813944101334,0.0650035217404365,-0.554283857345581,-0.740309655666351
-0.524893403053284,-0.130155429244041,1.25254642963409,-0.376404702663422,0.0653201714158058,-0.553961277008057,-0.739715933799744
-0.524814903736115,-0.131179273128509,1.25233221054077,-0.377253234386444,0.06521637737751,-0.554091989994049,-0.739194750785828
-0.524881303310394,-0.132045656442642,1.25192177295685,-0.378773540258408,0.0648340731859207,-0.553746402263641,-0.738709688186646
-0.52504026889801,-0.132781058549881,1.25178098678589,-0.380411148071289,0.0652203112840652,-0.554651021957397,-0.737153887748718
-0.524724781513214,-0.133657559752464,1.25155591964722,-0.381369650363922,0.064948596060276,-0.553611516952515,-0.737464010715485
-0.524562180042267,-0.134719669818878,1.25090229511261,-0.381830155849457,0.0646562799811363,-0.55367386341095,-0.737204551696777
-0.524328649044037,-0.135451808571815,1.25082159042358,-0.382975816726685,0.0649049803614616,-0.553730130195618,-0.736545920372009
-0.524299144744873,-0.136061370372772,1.25064814090729,-0.384474337100983,0.0649397149682045,-0.553488373756409,-0.735943675041199
-0.524263858795166,-0.136826723814011,1.25037181377411,-0.385543972253799,0.0648291781544685,-0.553665339946747,-0.735260307788849
-0.524321436882019,-0.137460589408875,1.25053513050079,-0.38705438375473,0.0650355964899063,-0.553750276565552,-0.734384000301361
-0.524283409118652,-0.138507425785065,1.25009250640869,-0.387672126293182,0.0643081367015838,-0.553669214248657,-0.734183371067047
-0.524244606494904,-0.139259412884712,1.25004816055298,-0.388669461011887,0.0641550421714782,-0.55389940738678,-0.733495473861694
-0.523900806903839,-0.139886856079102,1.24977195262909,-0.389480173587799,0.0651008784770965,-0.554417490959167,-0.73259025812149
-0.523987710475922,-0.141117140650749,1.24957919120789,-0.389756768941879,0.0641520693898201,-0.554308950901031,-0.73260885477066
-0.523965299129486,-0.141763478517532,1.2495311498642,-0.391081184148788,0.0636704117059707,-0.55430668592453,-0.731946647167206
-0.523924887180328,-0.142752200365067,1.24915874004364,-0.391485631465912,0.0636412650346756,-0.554699718952179,-0.731434881687164
-0.523751020431519,-0.143556177616119,1.24899327754974,-0.391959518194199,0.0637359023094177,-0.555122256278992,-0.730852067470551
-0.523685276508331,-0.14433516561985,1.24876248836517,-0.392550081014633,0.0633082762360572,-0.55537086725235,-0.730383217334747
-0.523415088653564,-0.144969642162323,1.24883985519409,-0.393328756093979,0.0642589554190635,-0.555731654167175,-0.72960638999939
-0.523655295372009,-0.145708560943603,1.24882209300995,-0.394375681877136,0.0632792711257934,-0.55580472946167,-0.729071140289307
-0.523695290088654,-0.146641194820404,1.24856078624725,-0.394758850336075,0.062564916908741,-0.556142389774323,-0.728667855262756
-0.523720443248749,-0.147464022040367,1.2485226392746,-0.395629584789276,0.0630760714411735,-0.556993246078491,-0.72750061750412
-0.52336460351944,-0.147804707288742,1.24834823608398,-0.396219700574875,0.063159666955471,-0.556786358356476,-0.727330684661865
-0.523429870605469,-0.149044990539551,1.24813580513,-0.39627993106842,0.0631798282265663,-0.557732582092285,-0.726570606231689
-0.523426353931427,-0.149530157446861,1.24785256385803,-0.39701709151268,0.0618950054049491,-0.557376623153687,-0.72655189037323
-0.523426353931427,-0.149530157446861,1.24785256385803,-0.39701709151268,0.0618950054049491,-0.557376623153687,-0.72655189037323
-0.523353219032288,-0.15104678273201,1.24756288528442,-0.397900223731995,0.0617000795900821,-0.55795019865036,-0.725644588470459
-0.523255407810211,-0.151806563138962,1.24755835533142,-0.398634165525436,0.0620561242103576,-0.558564424514771,-0.724738359451294
-0.523113250732422,-0.152187749743462,1.24756395816803,-0.399171888828278,0.0616254769265651,-0.558249294757843,-0.724721848964691
-0.523113250732422,-0.152187749743462,1.24756395816803,-0.399171888828278,0.0616254769265651,-0.558249294757843,-0.724721848964691
-0.522932529449463,-0.153625100851059,1.24712550640106,-0.399756610393524,0.0612444020807743,-0.55881929397583,-0.723992347717285
-0.52309775352478,-0.154274731874466,1.2473281621933,-0.400818049907684,0.0613792315125465,-0.559248328208923,-0.723062038421631
-0.522899389266968,-0.154839694499969,1.24713981151581,-0.401094406843185,0.0606944225728511,-0.559162080287933,-0.723033428192139
-0.522845268249512,-0.155519023537636,1.24717605113983,-0.401659429073334,0.0610752142965793,-0.559754312038422,-0.72222888469696
-0.522718131542206,-0.156005501747131,1.24694204330444,-0.401956498622894,0.0603853464126586,-0.55932492017746,-0.722454249858856
-0.522361636161804,-0.15675000846386,1.24703729152679,-0.402030199766159,0.0615974254906177,-0.559715747833252,-0.722008109092712
-0.52267599105835,-0.157623529434204,1.24664449691772,-0.402210295200348,0.0601612217724323,-0.560265421867371,-0.721602559089661
-0.52267599105835,-0.157623529434204,1.24664449691772,-0.402210295200348,0.0601612217724323,-0.560265421867371,-0.721602559089661
-0.521952629089355,-0.1580820530653,1.24646747112274,-0.40325453877449,0.0602248758077621,-0.559834778308868,-0.721348583698273
-0.521827638149261,-0.158511683344841,1.24660849571228,-0.404063284397125,0.0610372722148895,-0.560418903827667,-0.720373511314392
-0.521852016448975,-0.15910017490387,1.2465637922287,-0.404497802257538,0.0609106011688709,-0.560617923736572,-0.719985365867615
-0.521886825561523,-0.159796699881554,1.24640536308289,-0.404637813568115,0.0603052414953708,-0.560673773288727,-0.719914197921753
-0.52171665430069,-0.160271972417831,1.24625766277313,-0.404911071062088,0.0602890998125076,-0.560738384723663,-0.719711601734161
-0.521666586399078,-0.160747528076172,1.24623394012451,-0.405235052108765,0.0601260066032409,-0.560887038707733,-0.719426929950714
-0.521634042263031,-0.161214977502823,1.2462385892868,-0.405587583780289,0.0599929764866828,-0.561025857925415,-0.719131052494049
-0.521498739719391,-0.16185998916626,1.24584770202637,-0.405486881732941,0.0596461929380893,-0.561301290988922,-0.719001829624176
-0.521385431289673,-0.162319645285606,1.24575114250183,-0.405783176422119,0.0594061166048049,-0.561417639255524,-0.718763768672943
-0.521223366260529,-0.162650644779205,1.24582040309906,-0.406082570552826,0.0596469119191169,-0.561273574829102,-0.718687117099762
-0.521073043346405,-0.163068503141403,1.24586009979248,-0.406329423189163,0.0596288852393627,-0.561362326145172,-0.718479692935944
-0.520983159542084,-0.163494542241096,1.24578654766083,-0.406504482030868,0.0593631044030189,-0.561465322971344,-0.718322157859802
-0.520778775215149,-0.16391296684742,1.24580454826355,-0.406680881977081,0.0595316626131534,-0.561600863933563,-0.718102514743805
-0.520581364631653,-0.164505526423454,1.24571418762207,-0.406531989574432,0.0596051774919033,-0.561666309833527,-0.718129456043243
-0.520622849464417,-0.164756879210472,1.24575507640839,-0.407045513391495,0.0593104511499404,-0.561907947063446,-0.717673778533936
-0.520517587661743,-0.165103420615196,1.24574887752533,-0.407214522361755,0.0593038201332092,-0.56192284822464,-0.717566847801208
-0.520351648330688,-0.165410369634628,1.245734333992,-0.407345533370972,0.0591070614755153,-0.561979413032532,-0.717464447021484
-0.519991755485535,-0.165932476520538,1.24574422836304,-0.406837224960327,0.0594872273504734,-0.561749815940857,-0.717900931835175
-0.519884347915649,-0.166239961981773,1.24565756320953,-0.406898498535156,0.0593520775437355,-0.56182736158371,-0.717816889286041
-0.519884347915649,-0.166239961981773,1.24565756320953,-0.406898498535156,0.0593520775437355,-0.56182736158371,-0.717816889286041
-0.519704639911652,-0.167060613632202,1.2454137802124,-0.406782150268555,0.0592046231031417,-0.562282919883728,-0.717538118362427
-0.519598722457886,-0.167348057031631,1.24539494514465,-0.406843572854996,0.0591491349041461,-0.562324523925781,-0.717475295066833
-0.519445776939392,-0.167603582143784,1.24535524845123,-0.406894952058792,0.0591190122067928,-0.562278747558594,-0.717484533786774
-0.519361615180969,-0.167671963572502,1.24569690227509,-0.407360821962357,0.0593713968992233,-0.562163829803467,-0.717289447784424
-0.519918918609619,-0.168174684047699,1.24559354782104,-0.408043563365936,0.0580733828246593,-0.562764644622803,-0.716536045074463
-0.51984578371048,-0.168378368020058,1.2455643415451,-0.408071756362915,0.0578799918293952,-0.56266051530838,-0.716617345809937
-0.519107937812805,-0.168196558952331,1.24573254585266,-0.407812595367432,0.0589337423443794,-0.561981618404388,-0.717211604118347
-0.519020855426788,-0.168437659740448,1.24574971199036,-0.407811522483826,0.058880515396595,-0.561945855617523,-0.717244446277618
-0.518940567970276,-0.168659791350365,1.24576711654663,-0.407869011163711,0.0587851293385028,-0.561940789222717,-0.717223644256592
-0.518752217292786,-0.1688412129879,1.24578297138214,-0.407831311225891,0.0588587112724781,-0.561833143234253,-0.717323362827301
-0.51873105764389,-0.169036492705345,1.24568605422974,-0.407997936010361,0.0583941377699375,-0.561764299869537,-0.717320501804352
-0.518599271774292,-0.169237211346626,1.24565637111664,-0.407862067222595,0.0585118904709816,-0.561813056468964,-0.717349946498871
-0.518527448177338,-0.169441029429436,1.24565827846527,-0.407884359359741,0.0584719218313694,-0.561772167682648,-0.717372536659241
-0.518435657024384,-0.169621631503105,1.24565255641937,-0.407848447561264,0.0583132281899452,-0.561787247657776,-0.717394053936005
-0.518361151218414,-0.16980704665184,1.24568152427673,-0.407909065485001,0.0582457222044467,-0.561807334423065,-0.717349410057068
-0.518279194831848,-0.169961780309677,1.24567258358002,-0.407927632331848,0.0580246523022651,-0.56171989440918,-0.717425167560577
-0.518231987953186,-0.170341894030571,1.24541223049164,-0.407580107450485,0.0576812848448753,-0.561982810497284,-0.717444598674774
-0.518161356449127,-0.170469477772713,1.24540388584137,-0.407635033130646,0.0575224384665489,-0.561971306800842,-0.717435121536255
-0.518116652965546,-0.170678064227104,1.24539721012115,-0.407667636871338,0.0573612749576568,-0.561862766742706,-0.71751457452774
-0.518013417720795,-0.170803472399712,1.24538171291351,-0.407673865556717,0.0573280975222587,-0.561824858188629,-0.717543303966522
-0.51797753572464,-0.170906320214271,1.24538469314575,-0.407764792442322,0.0572476275265216,-0.561821699142456,-0.717500627040863
-0.517919421195984,-0.170982882380486,1.24537873268127,-0.407832652330399,0.0571435578167438,-0.561820507049561,-0.717471241950989
-0.517779767513275,-0.170916989445686,1.24565863609314,-0.408019065856934,0.0575731247663497,-0.561728477478027,-0.717402935028076
-0.517851531505585,-0.171076610684395,1.24576556682587,-0.408344477415085,0.0573143996298313,-0.561594128608704,-0.717343509197235
-0.51783299446106,-0.171093374490738,1.24586129188538,-0.408530086278915,0.0573314242064952,-0.561612844467163,-0.717221915721893
-0.51783299446106,-0.171093374490738,1.24586129188538,-0.408530086278915,0.0573314242064952,-0.561612844467163,-0.717221915721893
-0.51769232749939,-0.171138241887093,1.24580335617065,-0.408932864665985,0.0573765262961387,-0.561516463756561,-0.717064142227173
-0.517597377300262,-0.171136140823364,1.24580705165863,-0.409119933843613,0.0573100931942462,-0.561525642871857,-0.716955542564392
-0.517566561698914,-0.171153366565704,1.24580669403076,-0.409328311681747,0.0572177059948444,-0.561436116695404,-0.716914176940918
-0.517159819602966,-0.171217739582062,1.24569249153137,-0.409122377634048,0.0576616376638412,-0.561126828193665,-0.717238187789917
-0.517294824123383,-0.171065077185631,1.24580264091492,-0.409683078527451,0.0575544312596321,-0.561327993869781,-0.716769158840179
-0.517272114753723,-0.171077385544777,1.24580430984497,-0.409928470849991,0.0575590506196022,-0.561318159103394,-0.71663624048233
-0.517239987850189,-0.171084016561508,1.24579346179962,-0.41013291478157,0.0577089600265026,-0.561222732067108,-0.716582000255585
-0.51719456911087,-0.171070545911789,1.24576163291931,-0.410362482070923,0.0577137656509876,-0.561146974563599,-0.716509580612183
-0.517102003097534,-0.171034872531891,1.24575233459473,-0.410608917474747,0.0577977448701858,-0.561021327972412,-0.716459929943085
-0.517008781433105,-0.170972004532814,1.24572932720184,-0.410881161689758,0.0579042322933673,-0.560989916324615,-0.716319799423218
-0.516963362693787,-0.170929610729218,1.24576854705811,-0.411155819892883,0.058007214218378,-0.560920715332031,-0.716208219528198
-0.51701694726944,-0.17090767621994,1.24561882019043,-0.411532610654831,0.0576341710984706,-0.560760855674744,-0.716146886348724
-0.516888320446014,-0.170650258660316,1.24568665027618,-0.412012726068497,0.0580742135643959,-0.560688436031342,-0.715892016887665
-0.51687890291214,-0.170618206262589,1.24564588069916,-0.412208348512649,0.0581122152507305,-0.560621559619904,-0.715828716754913
-0.51690936088562,-0.170769363641739,1.24537014961243,-0.412120163440704,0.0578489005565643,-0.560778915882111,-0.715777575969696
-0.516813039779663,-0.171135291457176,1.24513006210327,-0.411764234304428,0.0574234910309314,-0.560654878616333,-0.716113746166229
-0.516754746437073,-0.1710324883461,1.24507164955139,-0.411871373653412,0.0574863702058792,-0.560644686222076,-0.716054916381836
-0.51689076423645,-0.170814365148544,1.24507975578308,-0.412486165761948,0.0572992824018001,-0.560644090175629,-0.715716540813446
-0.516895413398743,-0.170778512954712,1.24504339694977,-0.412690490484238,0.0574018396437168,-0.56059855222702,-0.715626120567322
-0.516892433166504,-0.17071245610714,1.24500012397766,-0.412908852100372,0.0574044957756996,-0.560576021671295,-0.715517461299896
-0.51691061258316,-0.170690611004829,1.2448947429657,-0.413116425275803,0.0572608485817909,-0.5605309009552,-0.71544474363327
-0.516926467418671,-0.170624896883965,1.24483633041382,-0.413348525762558,0.0572394207119941,-0.560474336147308,-0.715356707572937
-0.51695990562439,-0.170557275414467,1.24479293823242,-0.41363188624382,0.0572171621024608,-0.560438811779022,-0.715222418308258
-0.516970634460449,-0.170485228300095,1.24474740028381,-0.413840651512146,0.0572094619274139,-0.560402572154999,-0.715130686759949
-0.516978561878204,-0.170416355133057,1.24468290805817,-0.414033234119415,0.0571902729570865,-0.560350120067596,-0.715061843395233
-0.516973376274109,-0.170174419879913,1.24478113651276,-0.414471656084061,0.0573028661310672,-0.560136139392853,-0.714966535568237
-0.517006695270538,-0.17010734975338,1.24473583698273,-0.414695024490356,0.0573140420019626,-0.560124695301056,-0.714844942092896
-0.51703941822052,-0.17002335190773,1.24468588829041,-0.414906471967697,0.0572570227086544,-0.56002014875412,-0.714808881282806
-0.517081141471863,-0.169933468103409,1.24462330341339,-0.415150016546249,0.0570618510246276,-0.560014247894287,-0.714687645435333
-0.517046093940735,-0.169810175895691,1.24454891681671,-0.415300488471985,0.0572015419602394,-0.559948921203613,-0.714640200138092
-0.517080903053284,-0.169761657714844,1.24447298049927,-0.415446490049362,0.0571675188839435,-0.559922873973846,-0.714578568935394
-0.51710832118988,-0.169687807559967,1.24440860748291,-0.41557365655899,0.0571727119386196,-0.559907376766205,-0.714516222476959
-0.517133831977844,-0.169588208198547,1.24436831474304,-0.415739983320236,0.0571860522031784,-0.559881448745728,-0.714438736438751
-0.517157554626465,-0.169521704316139,1.24431931972504,-0.415881484746933,0.0572188273072242,-0.559854805469513,-0.714374780654907
-0.517197966575623,-0.169445663690567,1.2442706823349,-0.415984839200974,0.0573329403996467,-0.559832811355591,-0.714322507381439
-0.517220139503479,-0.169365078210831,1.24422788619995,-0.416131258010864,0.0573692061007022,-0.559822082519531,-0.714242815971375
-0.517254233360291,-0.169295608997345,1.24417698383331,-0.416266322135925,0.0573459826409816,-0.559791266918182,-0.714190065860748
-0.517256915569305,-0.169204831123352,1.2441291809082,-0.416365951299667,0.0574606209993362,-0.559776842594147,-0.714134216308594
-0.517266631126404,-0.169129818677902,1.24408948421478,-0.416498899459839,0.057491697371006,-0.559729397296906,-0.714091241359711
-0.517266631126404,-0.169129818677902,1.24408948421478,-0.416498899459839,0.057491697371006,-0.559729397296906,-0.714091241359711
-0.517341494560242,-0.168981820344925,1.24398338794708,-0.416749089956284,0.0574513413012027,-0.55966979265213,-0.713995218276978
-0.517328679561615,-0.168912634253502,1.24383199214935,-0.41669112443924,0.0574184656143188,-0.559593498706818,-0.714091598987579
-0.517410755157471,-0.168793752789497,1.24390852451324,-0.416987627744675,0.0574827827513217,-0.559597730636597,-0.713909924030304
-0.517502129077911,-0.168719127774239,1.24383366107941,-0.417089521884918,0.0573710016906261,-0.559630274772644,-0.713833928108215
-0.517495393753052,-0.168627396225929,1.24372005462646,-0.417221337556839,0.057287860661745,-0.559517562389374,-0.713851869106293
-0.517541229724884,-0.168551281094551,1.24368262290955,-0.417371511459351,0.0572286918759346,-0.559468567371368,-0.713807225227356
-0.517555356025696,-0.168472126126289,1.2436500787735,-0.417496740818024,0.0572141520678997,-0.559405982494354,-0.713784098625183
-0.517613172531128,-0.168369814753532,1.24369609355927,-0.417629987001419,0.0573374256491661,-0.559409856796265,-0.71369343996048
-0.517632782459259,-0.168351620435715,1.24375998973846,-0.41764360666275,0.0574954859912395,-0.559286534786224,-0.713769316673279
-0.517632782459259,-0.168351620435715,1.24375998973846,-0.41764360666275,0.0574954859912395,-0.559286534786224,-0.713769316673279
-0.517720520496368,-0.168072357773781,1.24361133575439,-0.418228834867477,0.0571717508137226,-0.559112370014191,-0.713589072227478
-0.517748951911926,-0.167970702052116,1.24359154701233,-0.418418288230896,0.0570710636675357,-0.559086441993713,-0.71350634098053
-0.517748951911926,-0.167970702052116,1.24359154701233,-0.418418288230896,0.0570710636675357,-0.559086441993713,-0.71350634098053
-0.517778217792511,-0.167777836322784,1.24351871013641,-0.418801695108414,0.0569107420742511,-0.558944821357727,-0.713405191898346
-0.517810463905334,-0.167708531022072,1.24347794055939,-0.418971747159958,0.0569101236760616,-0.558885395526886,-0.713351964950562
-0.517875254154205,-0.167628422379494,1.2434469461441,-0.419184178113937,0.0568294487893581,-0.558812260627747,-0.713290750980377
-0.51787269115448,-0.167577743530273,1.24337518215179,-0.419387429952621,0.0567837990820407,-0.558659195899963,-0.713294982910156
-0.518053650856018,-0.167412236332893,1.24334585666656,-0.419862180948257,0.0564160756766796,-0.558762907981873,-0.712963461875916
-0.517919480800629,-0.167397022247314,1.24332249164581,-0.419705182313919,0.056804571300745,-0.558543562889099,-0.713196933269501
-0.517929196357727,-0.167163863778114,1.24337339401245,-0.420207172632217,0.0569077208638191,-0.55863630771637,-0.712820410728455
-0.517855823040009,-0.167288303375244,1.24326753616333,-0.420000970363617,0.0571625418961048,-0.558250188827515,-0.713223874568939
-0.517989933490753,-0.167078584432602,1.24329388141632,-0.42053684592247,0.0569641292095184,-0.558456003665924,-0.712762713432312
-0.517996490001678,-0.167059153318405,1.24315869808197,-0.420709848403931,0.0568274483084678,-0.558295488357544,-0.712797224521637
-0.518005192279816,-0.16699093580246,1.24313426017761,-0.420901447534561,0.0568546280264854,-0.558188140392303,-0.712766051292419
-0.518042325973511,-0.167118042707443,1.24285399913788,-0.420798540115356,0.0565931499004364,-0.558264791965485,-0.712787628173828
-0.518042325973511,-0.167118042707443,1.24285399913788,-0.420798540115356,0.0565931499004364,-0.558264791965485,-0.712787628173828
-0.518126368522644,-0.166969209909439,1.24287903308868,-0.421111822128296,0.0566961653530597,-0.558189690113068,-0.712653279304504
-0.518133282661438,-0.166932925581932,1.2428252696991,-0.421238452196121,0.0567057579755783,-0.558123767375946,-0.71262913942337
-0.518095195293427,-0.166912898421288,1.24267768859863,-0.421360313892365,0.0566193535923957,-0.55796092748642,-0.712691605091095
-0.518093407154083,-0.166866391897202,1.24261951446533,-0.421497374773026,0.0564865171909332,-0.557960152626038,-0.712621688842773
-0.518107652664185,-0.16682431101799,1.24262750148773,-0.421622425317764,0.0565491057932376,-0.557936310768127,-0.712561368942261
-0.518122673034668,-0.166802898049354,1.24256694316864,-0.42171174287796,0.0564870685338974,-0.557885348796844,-0.712553322315216
-0.518154799938202,-0.166781723499298,1.24251270294189,-0.421811074018478,0.056431371718645,-0.557848930358887,-0.712527513504028
-0.518167734146118,-0.166755884885788,1.24245989322662,-0.421894907951355,0.0563699454069137,-0.557811737060547,-0.712511837482452
-0.518135547637939,-0.166737720370293,1.24232459068298,-0.421810507774353,0.0563156194984912,-0.557765483856201,-0.712602376937866
-0.51816999912262,-0.166731297969818,1.2422571182251,-0.4218909740448,0.0562006719410419,-0.557716608047485,-0.712601959705353
-0.518217206001282,-0.166689962148666,1.24220252037048,-0.421917647123337,0.0560850761830806,-0.557770371437073,-0.712553262710571
-0.517858922481537,-0.167001664638519,1.24198198318481,-0.421046882867813,0.0565209165215492,-0.557514131069183,-0.713234066963196
-0.517895340919495,-0.16698831319809,1.24189305305481,-0.421102523803711,0.0563618689775466,-0.557500720024109,-0.713224291801453
-0.51790463924408,-0.167020887136459,1.24173319339752,-0.421139240264893,0.0561355613172054,-0.557388544082642,-0.713308155536652
-0.517919421195984,-0.167019933462143,1.24163460731506,-0.421163767576218,0.0559968575835228,-0.557361006736755,-0.713326156139374
-0.517927408218384,-0.167002260684967,1.24154603481293,-0.421197533607483,0.0558851547539234,-0.557336270809174,-0.713334262371063
-0.518371939659119,-0.166649982333183,1.24162435531616,-0.422208160161972,0.0552848130464553,-0.557551324367523,-0.712615132331848
-0.518406093120575,-0.166640922427177,1.24152684211731,-0.422257483005524,0.0551348179578781,-0.557536065578461,-0.712609469890594
-0.518436670303345,-0.166623085737228,1.24146199226379,-0.42234879732132,0.0549886859953403,-0.55750983953476,-0.712587118148804
-0.518436670303345,-0.166623085737228,1.24146199226379,-0.42234879732132,0.0549886859953403,-0.55750983953476,-0.712587118148804
-0.518511652946472,-0.166446149349213,1.24151372909546,-0.42278516292572,0.0548739321529865,-0.557360291481018,-0.712454199790955
-0.518511652946472,-0.166446149349213,1.24151372909546,-0.42278516292572,0.0548739321529865,-0.557360291481018,-0.712454199790955
-0.518563032150269,-0.166406318545341,1.24138724803925,-0.422922641038895,0.0546479597687721,-0.557343006134033,-0.712403535842896
-0.518563032150269,-0.166406318545341,1.24138724803925,-0.422922641038895,0.0546479597687721,-0.557343006134033,-0.712403535842896
-0.518484354019165,-0.166479378938675,1.24122047424316,-0.422752320766449,0.0546915307641029,-0.557174265384674,-0.712633192539215
-0.518484354019165,-0.166479378938675,1.24122047424316,-0.422752320766449,0.0546915307641029,-0.557174265384674,-0.712633192539215
-0.518710553646088,-0.166317820549011,1.24120247364044,-0.423294007778168,0.0542754344642162,-0.557385206222534,-0.712178349494934
-0.518607020378113,-0.166378617286682,1.24112784862518,-0.422976553440094,0.0545046441257,-0.557311952114105,-0.712406754493713
-0.518604636192322,-0.166381493210793,1.24100661277771,-0.423059076070786,0.054325632750988,-0.557229578495026,-0.712436020374298
-0.518604636192322,-0.166381493210793,1.24100661277771,-0.423059076070786,0.054325632750988,-0.557229578495026,-0.712436020374298
-0.518675625324249,-0.166263356804848,1.24101293087006,-0.42318594455719,0.0542662441730499,-0.557385742664337,-0.712242960929871
-0.518708050251007,-0.166214123368263,1.2409782409668,-0.423276335000992,0.054160363972187,-0.557404756546021,-0.712182402610779
-0.518730461597443,-0.16620722413063,1.24087488651276,-0.423365980386734,0.0539295896887779,-0.557366907596588,-0.712176203727722
-0.518805861473083,-0.166103214025497,1.24093687534332,-0.423445999622345,0.0539005808532238,-0.557512223720551,-0.712017118930817
-0.518869578838348,-0.166092112660408,1.24083316326141,-0.423514395952225,0.0536066703498363,-0.557521462440491,-0.711991488933563
-0.518869578838348,-0.166092112660408,1.24083316326141,-0.423514395952225,0.0536066703498363,-0.557521462440491,-0.711991488933563
-0.518911838531494,-0.165998324751854,1.24082612991333,-0.423574149608612,0.0535451099276542,-0.557622849941254,-0.711881101131439
-0.519132316112518,-0.165898591279983,1.24080419540405,-0.42353019118309,0.0529974587261676,-0.55786257982254,-0.711760401725769
-0.519403159618378,-0.165984660387039,1.24100720882416,-0.423523128032684,0.0530495941638946,-0.558334052562714,-0.711390912532806
-0.51949405670166,-0.165931612253189,1.24101650714874,-0.423392325639725,0.052815742790699,-0.558549880981445,-0.711316645145416
-0.519577205181122,-0.165852233767509,1.24098145961761,-0.423234015703201,0.0524753853678703,-0.558712422847748,-0.711308479309082
-0.51966917514801,-0.165754288434982,1.24111771583557,-0.423035651445389,0.0524023063480854,-0.559003591537476,-0.71120297908783
-0.519791007041931,-0.165698379278183,1.24116086959839,-0.422815471887589,0.0521295815706253,-0.55923467874527,-0.71117240190506
-0.519903302192688,-0.165566071867943,1.2412246465683,-0.422529757022858,0.0516199953854084,-0.559569835662842,-0.711115717887878
-0.520039319992065,-0.165592327713966,1.24112641811371,-0.421957731246948,0.0513085573911666,-0.559962928295135,-0.711168587207794
-0.52135556936264,-0.165526852011681,1.2414391040802,-0.422804743051529,0.0491602532565593,-0.559962809085846,-0.710817158222198
-0.521528422832489,-0.165402725338936,1.2415611743927,-0.422372609376907,0.0487238690257072,-0.560266256332397,-0.710865080356598
-0.521528422832489,-0.165402725338936,1.2415611743927,-0.422372609376907,0.0487238690257072,-0.560266256332397,-0.710865080356598
-0.521645426750183,-0.164939001202583,1.24155962467194,-0.421356290578842,0.0475189425051212,-0.560667335987091,-0.711233496665955
-0.521645426750183,-0.164939001202583,1.24155962467194,-0.421356290578842,0.0475189425051212,-0.560667335987091,-0.711233496665955
-0.520947813987732,-0.164803579449654,1.24134302139282,-0.41872051358223,0.0477593317627906,-0.561630368232727,-0.712013721466064
-0.520947813987732,-0.164803579449654,1.24134302139282,-0.41872051358223,0.0477593317627906,-0.561630368232727,-0.712013721466064
-0.521416962146759,-0.164143949747085,1.24201476573944,-0.41771873831749,0.0466019958257675,-0.562664031982422,-0.711862564086914
-0.521416962146759,-0.164143949747085,1.24201476573944,-0.41771873831749,0.0466019958257675,-0.562664031982422,-0.711862564086914
-0.521636068820953,-0.163904368877411,1.24232280254364,-0.415673047304153,0.0458360016345977,-0.563470661640167,-0.712471544742584
-0.521959125995636,-0.163911074399948,1.24234640598297,-0.414284318685532,0.0450967103242874,-0.564166128635406,-0.712777316570282
-0.521959125995636,-0.163911074399948,1.24234640598297,-0.414284318685532,0.0450967103242874,-0.564166128635406,-0.712777316570282
-0.523777484893799,-0.163429602980614,1.24326491355896,-0.413606524467468,0.0420049428939819,-0.565462410449982,-0.712332367897034
-0.523873865604401,-0.163490206003189,1.24333679676056,-0.412130236625671,0.0415516085922718,-0.566022455692291,-0.712769687175751
-0.523873865604401,-0.163490206003189,1.24333679676056,-0.412130236625671,0.0415516085922718,-0.566022455692291,-0.712769687175751
-0.524397432804108,-0.163067489862442,1.24381685256958,-0.409420281648636,0.0400751382112503,-0.56732040643692,-0.713383913040161
-0.524878144264221,-0.162996619939804,1.24394464492798,-0.408150225877762,0.0391507260501384,-0.56848680973053,-0.713234424591064
-0.525162279605865,-0.162554562091827,1.24429225921631,-0.406832486391068,0.0385855585336685,-0.569663047790527,-0.713079690933228
-0.525162279605865,-0.162554562091827,1.24429225921631,-0.406832486391068,0.0385855585336685,-0.569663047790527,-0.713079690933228
-0.525901257991791,-0.161942169070244,1.24516332149506,-0.404131710529327,0.0372471213340759,-0.57142162322998,-0.713279545307159
-0.526319861412048,-0.161713615059853,1.24536001682281,-0.402670443058014,0.0362212285399436,-0.572319626808167,-0.713438630104065
-0.526799917221069,-0.16147243976593,1.24573719501495,-0.401206701993942,0.0353526622056961,-0.573350608348846,-0.713479161262512
-0.52736485004425,-0.161237254738808,1.24611461162567,-0.399686276912689,0.0341889895498752,-0.574398279190063,-0.713546514511108
-0.527683675289154,-0.160963550209999,1.24643135070801,-0.397804170846939,0.0337189994752407,-0.575560748577118,-0.713683784008026
-0.527683675289154,-0.160963550209999,1.24643135070801,-0.397804170846939,0.0337189994752407,-0.575560748577118,-0.713683784008026
-0.528289318084717,-0.160435646772385,1.24692177772522,-0.393896222114563,0.0321892090141773,-0.577979743480682,-0.713967144489288
-0.528289318084717,-0.160435646772385,1.24692177772522,-0.393896222114563,0.0321892090141773,-0.577979743480682,-0.713967144489288
-0.529238522052765,-0.15989463031292,1.24762046337128,-0.390026122331619,0.0307529661804437,-0.580385327339172,-0.714203655719757
-0.529238522052765,-0.15989463031292,1.24762046337128,-0.390026122331619,0.0307529661804437,-0.580385327339172,-0.714203655719757
-0.53018444776535,-0.159266263246536,1.24826657772064,-0.385793805122375,0.0290504042059183,-0.583004236221313,-0.71444046497345
-0.53018444776535,-0.159266263246536,1.24826657772064,-0.385793805122375,0.0290504042059183,-0.583004236221313,-0.71444046497345
-0.531091570854187,-0.158582344651222,1.24879157543182,-0.381109625101089,0.0267940089106559,-0.585351824760437,-0.715122878551483
-0.531091570854187,-0.158582344651222,1.24879157543182,-0.381109625101089,0.0267940089106559,-0.585351824760437,-0.715122878551483
-0.532494962215424,-0.158403396606445,1.24954116344452,-0.376516729593277,0.0254144128412008,-0.589815020561218,-0.713938057422638
-0.532494962215424,-0.158403396606445,1.24954116344452,-0.376516729593277,0.0254144128412008,-0.589815020561218,-0.713938057422638
-0.533058226108551,-0.15748205780983,1.25009822845459,-0.371365666389465,0.0242834296077489,-0.592104911804199,-0.714779496192932
-0.533058226108551,-0.15748205780983,1.25009822845459,-0.371365666389465,0.0242834296077489,-0.592104911804199,-0.714779496192932
-0.533749520778656,-0.156515076756477,1.25086712837219,-0.366262823343277,0.0237279962748289,-0.595458209514618,-0.714645445346832
-0.533749520778656,-0.156515076756477,1.25086712837219,-0.366262823343277,0.0237279962748289,-0.595458209514618,-0.714645445346832
-0.534659862518311,-0.155515253543854,1.25166618824005,-0.36099049448967,0.0219080746173858,-0.598170161247253,-0.715121328830719
-0.535393118858337,-0.155561864376068,1.25190496444702,-0.358137130737305,0.0211204923689365,-0.600268244743347,-0.714821398258209
-0.535984337329865,-0.154971972107887,1.2524493932724,-0.355655580759048,0.0197173040360212,-0.601116895675659,-0.715387165546417
-0.536428153514862,-0.154680281877518,1.25291383266449,-0.35281628370285,0.0198327675461769,-0.603524744510651,-0.714762210845947
-0.536847174167633,-0.154196456074715,1.2530620098114,-0.349695056676865,0.0185161866247653,-0.604650616645813,-0.71537971496582
-0.53741991519928,-0.153817161917686,1.25337755680084,-0.346808552742004,0.0173961985856294,-0.606493890285492,-0.715252697467804
-0.538030743598938,-0.153432011604309,1.25390899181366,-0.344133347272873,0.017440989613533,-0.608822643756866,-0.714564979076385
-0.538783490657806,-0.153221949934959,1.25426197052002,-0.341093450784683,0.0175956077873706,-0.610369861125946,-0.714698731899261
-0.539014875888824,-0.15288807451725,1.25433743000031,-0.33792182803154,0.0165920592844486,-0.612375617027283,-0.714513659477234
-0.539014875888824,-0.15288807451725,1.25433743000031,-0.33792182803154,0.0165920592844486,-0.612375617027283,-0.714513659477234
-0.540028929710388,-0.151777863502502,1.25501024723053,-0.331440716981888,0.0143237374722957,-0.615628302097321,-0.714803338050842
-0.540028929710388,-0.151777863502502,1.25501024723053,-0.331440716981888,0.0143237374722957,-0.615628302097321,-0.714803338050842
-0.541561305522919,-0.150890305638313,1.25571298599243,-0.325109869241714,0.0135076669976115,-0.619674801826477,-0.714229762554169
-0.541561305522919,-0.150890305638313,1.25571298599243,-0.325109869241714,0.0135076669976115,-0.619674801826477,-0.714229762554169
-0.542416989803314,-0.150046542286873,1.25630474090576,-0.317974030971527,0.0131765836849808,-0.623547494411469,-0.714077889919281
-0.542416989803314,-0.150046542286873,1.25630474090576,-0.317974030971527,0.0131765836849808,-0.623547494411469,-0.714077889919281
-0.543432533740997,-0.14907743036747,1.25687146186829,-0.311486542224884,0.0123726390302181,-0.627830982208252,-0.713197886943817
-0.543432533740997,-0.14907743036747,1.25687146186829,-0.311486542224884,0.0123726390302181,-0.627830982208252,-0.713197886943817
-0.544529914855957,-0.148396193981171,1.25722873210907,-0.304275900125503,0.0111803635954856,-0.632124483585358,-0.712537586688995
-0.544672012329102,-0.147392213344574,1.25774049758911,-0.301942348480225,0.0107638426125049,-0.63436084985733,-0.711548507213593
-0.544672012329102,-0.147392213344574,1.25774049758911,-0.301942348480225,0.0107638426125049,-0.63436084985733,-0.711548507213593
-0.545728802680969,-0.147227928042412,1.25800657272339,-0.297947525978088,0.0107190953567624,-0.636204659938812,-0.711587071418762
-0.545728802680969,-0.147227928042412,1.25800657272339,-0.297947525978088,0.0107190953567624,-0.636204659938812,-0.711587071418762
-0.546569108963013,-0.146145910024643,1.25847089290619,-0.291331261396408,0.0099969133734703,-0.640789747238159,-0.710221588611603
-0.547590374946594,-0.144973292946815,1.25902032852173,-0.284190028905868,0.0103210983797907,-0.645324528217316,-0.709003269672394
-0.547936141490936,-0.144602805376053,1.25905895233154,-0.28104367852211,0.0086014978587627,-0.647269487380981,-0.708507359027863
-0.548565685749054,-0.14400552213192,1.25939989089966,-0.277557164430618,0.0091429213061928,-0.6496342420578,-0.707710206508636
-0.548565685749054,-0.14400552213192,1.25939989089966,-0.277557164430618,0.0091429213061928,-0.6496342420578,-0.707710206508636
-0.549211025238037,-0.142693117260933,1.25977110862732,-0.270702093839645,0.0087715480476617,-0.654369235038757,-0.706006050109863
-0.549750566482544,-0.142500415444374,1.25978207588196,-0.266867160797119,0.0082605807110667,-0.656635165214539,-0.705367922782898
-0.550067067146301,-0.14164987206459,1.26026546955109,-0.263824790716171,0.0088268397375941,-0.658686220645905,-0.704592764377594
-0.550067067146301,-0.14164987206459,1.26026546955109,-0.263824790716171,0.0088268397375941,-0.658686220645905,-0.704592764377594
-0.549336075782776,-0.140509888529777,1.2602105140686,-0.255113065242767,0.0102635482326149,-0.662858366966248,-0.703868389129639
-0.550530612468719,-0.139803141355514,1.26063776016235,-0.251877576112747,0.0110489530488848,-0.665753602981567,-0.702287435531616
-0.550956070423126,-0.139156490564346,1.26077699661255,-0.249101832509041,0.0098700448870658,-0.66818904876709,-0.700980961322784
-0.550956070423126,-0.139156490564346,1.26077699661255,-0.249101832509041,0.0098700448870658,-0.66818904876709,-0.700980961322784
-0.552929222583771,-0.138790011405945,1.26097047328949,-0.247214943170547,0.0077612255699932,-0.670618891716003,-0.699353158473969
-0.552929222583771,-0.138790011405945,1.26097047328949,-0.247214943170547,0.0077612255699932,-0.670618891716003,-0.699353158473969
-0.554830431938171,-0.137179598212242,1.26133394241333,-0.237136915326118,0.0086287846788764,-0.678021788597107,-0.695685207843781
-0.554830431938171,-0.137179598212242,1.26133394241333,-0.237136915326118,0.0086287846788764,-0.678021788597107,-0.695685207843781
-0.555304050445557,-0.136577054858208,1.26140093803406,-0.234566226601601,0.0073263994418084,-0.680661559104919,-0.693991959095001
-0.55568665266037,-0.13582706451416,1.26152491569519,-0.231313839554787,0.0072284298948943,-0.683136641979218,-0.692651510238647
-0.55618017911911,-0.135685965418816,1.26122939586639,-0.22778095304966,0.0066075678914785,-0.685691058635712,-0.691303074359894
-0.556599974632263,-0.134915053844452,1.26146912574768,0.224920615553856,-0.0079222666099667,0.689063310623169,0.688868343830109
-0.557416141033173,-0.134256705641746,1.26162505149841,0.22225047647953,-0.0067071411758661,0.6905677318573,0.688241183757782
-0.557655453681946,-0.133462458848953,1.26163327693939,0.219140842556953,-0.0071990517899394,0.693057358264923,0.686729311943054
-0.558706641197205,-0.132152497768402,1.26182699203491,0.213282033801079,-0.0071058319881558,0.698076963424683,0.683482825756073
-0.558706641197205,-0.132152497768402,1.26182699203491,0.213282033801079,-0.0071058319881558,0.698076963424683,0.683482825756073
-0.559643447399139,-0.130986526608467,1.26178681850433,0.20746174454689,-0.0072590401396155,0.702807903289795,0.680417537689209
-0.559643447399139,-0.130986526608467,1.26178681850433,0.20746174454689,-0.0072590401396155,0.702807903289795,0.680417537689209
-0.559974491596222,-0.130685120820999,1.26148819923401,0.203982755541801,-0.0073577291332185,0.705538630485535,0.678639948368073
-0.56083607673645,-0.12946780025959,1.26153314113617,0.198381766676903,-0.0076162572950124,0.710277736186981,0.67534601688385
-0.561317026615143,-0.128545209765434,1.26177906990051,0.196129277348518,-0.008250830695033,0.71276730298996,0.673370718955994
-0.561317026615143,-0.128545209765434,1.26177906990051,0.196129277348518,-0.008250830695033,0.71276730298996,0.673370718955994
-0.562007308006287,-0.127517625689507,1.26156520843506,0.190193027257919,-0.0082448255270719,0.717595517635345,0.669936835765839
-0.562007308006287,-0.127517625689507,1.26156520843506,0.190193027257919,-0.0082448255270719,0.717595517635345,0.669936835765839
-0.562740743160248,-0.1261937469244,1.26162791252136,0.184908583760262,-0.0089738070964813,0.722415506839752,0.666216254234314
-0.562740743160248,-0.1261937469244,1.26162791252136,0.184908583760262,-0.0089738070964813,0.722415506839752,0.666216254234314
-0.563343405723572,-0.124741643667221,1.26156008243561,0.179745763540268,-0.0099089611321687,0.727381527423859,0.662200570106506
-0.563343405723572,-0.124741643667221,1.26156008243561,0.179745763540268,-0.0099089611321687,0.727381527423859,0.662200570106506
-0.564569592475891,-0.123922884464264,1.26147818565369,0.174769148230553,-0.0092179179191589,0.732071340084076,0.658363580703735
-0.564569592475891,-0.123922884464264,1.26147818565369,0.174769148230553,-0.0092179179191589,0.732071340084076,0.658363580703735
-0.564839839935303,-0.121816396713257,1.26173102855682,0.170316591858864,-0.0112452190369367,0.736199080944061,0.654886782169342
-0.565018057823181,-0.12098827958107,1.26172590255737,0.16794453561306,-0.012099890038371,0.738691449165344,0.652674078941345
-0.565018057823181,-0.12098827958107,1.26172590255737,0.16794453561306,-0.012099890038371,0.738691449165344,0.652674078941345
-0.565615773200989,-0.119929350912571,1.26143848896027,0.162904918193817,-0.0122237913310527,0.743071854114532,0.648966014385223
-0.565615773200989,-0.119929350912571,1.26143848896027,0.162904918193817,-0.0122237913310527,0.743071854114532,0.648966014385223
-0.565818786621094,-0.118890956044197,1.26154339313507,0.16097055375576,-0.0130502162501215,0.745174169540405,0.64701920747757
-0.565818786621094,-0.118890956044197,1.26154339313507,0.16097055375576,-0.0130502162501215,0.745174169540405,0.64701920747757
-0.565695941448212,-0.1165526881814,1.26128578186035,0.153994053602219,-0.0151501754298806,0.751679658889771,0.641119539737701
-0.565695941448212,-0.1165526881814,1.26128578186035,0.153994053602219,-0.0151501754298806,0.751679658889771,0.641119539737701
-0.565695941448212,-0.1165526881814,1.26128578186035,0.153994053602219,-0.0151501754298806,0.751679658889771,0.641119539737701
-0.566288232803345,-0.115302607417107,1.26115620136261,0.149826899170875,-0.0153090953826904,0.755737662315369,0.637320995330811
-0.566455483436584,-0.114907987415791,1.26079070568085,0.147316247224808,-0.0154238827526569,0.758004248142242,0.635208308696747
-0.567099153995514,-0.113325327634811,1.26084208488464,0.144029349088669,-0.0159485656768083,0.76221090555191,0.630900800228119
-0.567099153995514,-0.113325327634811,1.26084208488464,0.144029349088669,-0.0159485656768083,0.76221090555191,0.630900800228119
-0.567342102527618,-0.111838705837726,1.26060545444489,0.140021279454231,-0.0168178081512451,0.766589879989624,0.626459300518036
-0.567342102527618,-0.111838705837726,1.26060545444489,0.140021279454231,-0.0168178081512451,0.766589879989624,0.626459300518036
-0.568199396133423,-0.111361145973205,1.26010930538177,0.135569140315056,-0.0155502064153552,0.771081745624542,0.621942400932312
-0.568199396133423,-0.111361145973205,1.26010930538177,0.135569140315056,-0.0155502064153552,0.771081745624542,0.621942400932312
-0.567787706851959,-0.109453029930591,1.25998854637146,0.132252722978592,-0.0177648700773715,0.77490109205246,0.617836475372314
-0.568434417247772,-0.10933755338192,1.25992584228516,0.130631610751152,-0.0165902711451053,0.776879191398621,0.615726351737976
-0.568631887435913,-0.108629673719406,1.25986051559448,0.129135861992836,-0.0169220827519893,0.779238939285278,0.613045036792755
-0.568631887435913,-0.108629673719406,1.25986051559448,0.129135861992836,-0.0169220827519893,0.779238939285278,0.613045036792755
-0.568207859992981,-0.106513641774654,1.25982940196991,0.125901088118553,-0.019657164812088,0.78270149230957,0.609213411808014
-0.568207859992981,-0.106513641774654,1.25982940196991,0.125901088118553,-0.019657164812088,0.78270149230957,0.609213411808014
-0.568898618221283,-0.106504261493683,1.25971186161041,0.124355271458626,-0.0182302463799715,0.784598171710968,0.607131898403168
-0.569072425365448,-0.10587440431118,1.25959753990173,0.122752360999584,-0.0181186124682426,0.785797715187073,0.605908989906311
-0.568628907203674,-0.104584500193596,1.25966167449951,0.121149122714996,-0.019618310034275,0.787101030349731,0.604491531848907
-0.568783342838287,-0.103830404579639,1.2596435546875,0.119806319475174,-0.0197596680372953,0.788884937763214,0.602425515651703
-0.569114625453949,-0.10276997089386,1.25936543941498,0.116896621882915,-0.0202207937836647,0.792619645595551,0.598063945770264
-0.568682670593262,-0.101405784487724,1.25934422016144,0.115545839071274,-0.0216953158378601,0.794107675552368,0.596298277378082
-0.568682670593262,-0.101405784487724,1.25934422016144,0.115545839071274,-0.0216953158378601,0.794107675552368,0.596298277378082
-0.569276988506317,-0.101295098662376,1.25928854942322,0.114346265792847,-0.0208833161741495,0.796140611171722,0.593842625617981
-0.56935727596283,-0.100038275122643,1.25908255577087,0.11151273548603,-0.020590191707015,0.798228025436401,0.591585159301758
-0.56935727596283,-0.100038275122643,1.25908255577087,0.11151273548603,-0.020590191707015,0.798228025436401,0.591585159301758
-0.568731725215912,-0.0985693484544754,1.25912082195282,0.110235504806042,-0.0226802378892898,0.799523830413818,0.589996218681335
-0.568823277950287,-0.0970560610294342,1.25904560089111,0.108035139739513,-0.0236421711742877,0.802361249923706,0.586503207683563
-0.568628132343292,-0.0962177067995071,1.25901234149933,0.106793537735939,-0.0243616215884685,0.803804278373718,0.584722459316254
-0.568628132343292,-0.0962177067995071,1.25901234149933,0.106793537735939,-0.0243616215884685,0.803804278373718,0.584722459316254
-0.568617343902588,-0.0945939421653747,1.25895833969116,0.104624539613724,-0.0252707749605178,0.80642306804657,0.581461071968079
-0.568617343902588,-0.0945939421653747,1.25895833969116,0.104624539613724,-0.0252707749605178,0.80642306804657,0.581461071968079
-0.568729817867279,-0.0932624712586402,1.25884199142456,0.102491937577724,-0.0250459406524896,0.808443427085876,0.579040050506592
-0.568729817867279,-0.0932624712586402,1.25884199142456,0.102491937577724,-0.0250459406524896,0.808443427085876,0.579040050506592
-0.56860888004303,-0.0918401554226875,1.25881779193878,0.100450403988361,-0.0259439032524824,0.81083619594574,0.576004683971405
-0.56860888004303,-0.0918401554226875,1.25881779193878,0.100450403988361,-0.0259439032524824,0.81083619594574,0.576004683971405
-0.56859165430069,-0.090303286910057,1.25873184204102,0.0987422093749046,-0.0265900921076536,0.813152134418488,0.572997987270355
-0.56859165430069,-0.090303286910057,1.25873184204102,0.0987422093749046,-0.0265900921076536,0.813152134418488,0.572997987270355
-0.56859165430069,-0.090303286910057,1.25873184204102,0.0987422093749046,-0.0265900921076536,0.813152134418488,0.572997987270355
-0.568509161472321,-0.08892522752285,1.25862598419189,0.0967678725719451,-0.0266004838049411,0.815083742141724,0.570584774017334
-0.568595767021179,-0.0883632600307464,1.25860476493835,0.0958539247512817,-0.0264150612056255,0.815890669822693,0.56959342956543
-0.568519055843353,-0.0874581038951873,1.25849747657776,0.0952086076140403,-0.0268705040216445,0.817178606987,0.567831516265869
-0.568831443786621,-0.0872631147503852,1.25838768482208,0.0942064449191093,-0.0260634124279022,0.818486630916595,0.566149890422821
-0.568304419517517,-0.0858577489852905,1.25848627090454,0.0935694128274917,-0.0282947123050689,0.81950980424881,0.564666271209717
-0.568113803863525,-0.0843658596277237,1.25840938091278,0.0918856263160705,-0.0285791456699371,0.82136869430542,0.562222242355347
-0.568113803863525,-0.0843658596277237,1.25840938091278,0.0918856263160705,-0.0285791456699371,0.82136869430542,0.562222242355347
-0.568113803863525,-0.0843658596277237,1.25840938091278,0.0918856263160705,-0.0285791456699371,0.82136869430542,0.562222242355347
-0.568047702312469,-0.0831545814871788,1.25839138031006,0.0902839452028274,-0.0287666209042072,0.822932839393616,0.560181140899658
-0.567890763282776,-0.0822941213846206,1.25837361812592,0.089704193174839,-0.0292205102741718,0.823787271976471,0.558993697166443
-0.568004369735718,-0.0818852856755256,1.25842547416687,0.0889782458543777,-0.0289521403610706,0.824378192424774,0.558251976966858
-0.568030834197998,-0.0803100168704986,1.25826859474182,0.0882981643080711,-0.029072418808937,0.82642388343811,0.555321455001831
-0.568030834197998,-0.0803100168704986,1.25826859474182,0.0882981643080711,-0.029072418808937,0.82642388343811,0.555321455001831
-0.567901194095612,-0.0798068344593048,1.25831782817841,0.0871652141213417,-0.0294059198349714,0.826690673828125,0.55508553981781
-0.56791627407074,-0.0792641267180442,1.25831913948059,0.0866309106349945,-0.029354240745306,0.827320516109467,0.554233074188232
-0.567987442016602,-0.0779378563165664,1.25818824768066,0.0858229622244834,-0.0290933605283498,0.828825175762177,0.552120387554169
-0.567987442016602,-0.0779378563165664,1.25818824768066,0.0858229622244834,-0.0290933605283498,0.828825175762177,0.552120387554169
-0.568446397781372,-0.0760947167873382,1.25852990150452,0.0855636149644851,-0.0305727515369653,0.830463767051697,0.549612820148468
-0.568446397781372,-0.0760947167873382,1.25852990150452,0.0855636149644851,-0.0305727515369653,0.830463767051697,0.549612820148468
-0.567388772964478,-0.0752132683992385,1.2581330537796,0.0832336694002151,-0.0306562352925539,0.830951035022736,0.549229204654694
-0.567388772964478,-0.0752132683992385,1.2581330537796,0.0832336694002151,-0.0306562352925539,0.830951035022736,0.549229204654694
-0.568166673183441,-0.0747941955924034,1.25818383693695,0.0833113268017768,-0.0299849938601255,0.831677794456482,0.548153400421143
-0.56795334815979,-0.0738428756594657,1.25811016559601,0.0827445387840271,-0.0309829004108905,0.832648634910583,0.546708106994629
-0.56817489862442,-0.0731587186455726,1.25828647613525,0.0828562155365943,-0.0306553672999143,0.832564473152161,0.546837747097015
-0.568070232868195,-0.0726054608821868,1.25816571712494,0.082322359085083,-0.0312569923698902,0.833497583866119,0.545461177825928
-0.568066716194153,-0.0719328969717025,1.25825667381287,0.0819749385118484,-0.0310476534068584,0.833555459976196,0.545436978340149
-0.567048490047455,-0.071304939687252,1.25791716575623,0.0805266723036766,-0.0319706313312053,0.834067165851593,0.544816672801971
-0.567734718322754,-0.0710823684930801,1.25784778594971,0.0804013386368751,-0.0313767045736312,0.834869682788849,0.543639361858368
-0.567892849445343,-0.0700860992074012,1.25802183151245,0.0805762037634849,-0.0318281315267086,0.835207283496857,0.543068468570709
-0.567824900150299,-0.0691815689206123,1.25786578655243,0.0793642550706863,-0.0315878503024578,0.836112082004547,0.541867434978485
-0.567824900150299,-0.0691815689206123,1.25786578655243,0.0793642550706863,-0.0315878503024578,0.836112082004547,0.541867434978485
-0.567029654979706,-0.0680694654583931,1.25749027729034,0.0780935287475586,-0.0313930176198482,0.836685001850128,0.541178643703461
-0.567029654979706,-0.0680694654583931,1.25749027729034,0.0780935287475586,-0.0313930176198482,0.836685001850128,0.541178643703461
-0.56692361831665,-0.0676405578851699,1.25747871398926,0.0774416029453277,-0.0319003947079181,0.836712062358856,0.541200757026672
-0.567051470279694,-0.0666763335466384,1.25776135921478,0.0777762085199356,-0.032595369964838,0.836878180503845,0.540854394435883
-0.566809833049774,-0.0660090297460556,1.25754630565643,0.0771319270133972,-0.0325787663459777,0.837284564971924,0.540318429470062
-0.566711068153381,-0.0658336207270622,1.25731360912323,0.0762587189674377,-0.032215692102909,0.837719440460205,0.539789855480194
-0.567118704319,-0.0658783763647079,1.25728738307953,0.07587780803442,-0.0311923194676637,0.838165640830994,0.539210498332977
-0.567118704319,-0.0658783763647079,1.25728738307953,0.07587780803442,-0.0311923194676637,0.838165640830994,0.539210498332977
-0.56706827878952,-0.0641236156225204,1.25701034069061,0.0749486610293388,-0.0315982773900032,0.839194238185883,0.537715077400208
-0.56706827878952,-0.0641236156225204,1.25701034069061,0.0749486610293388,-0.0315982773900032,0.839194238185883,0.537715077400208
-0.567741274833679,-0.0630632489919662,1.25696754455566,0.0747615694999694,-0.0314524695277214,0.8403679728508,0.535913228988647
-0.567741274833679,-0.0630632489919662,1.25696754455566,0.0747615694999694,-0.0314524695277214,0.8403679728508,0.535913228988647
-0.567877411842346,-0.062378816306591,1.25698828697205,0.074018694460392,-0.0311741754412651,0.840602219104767,0.535665392875671
-0.567877411842346,-0.062378816306591,1.25698828697205,0.074018694460392,-0.0311741754412651,0.840602219104767,0.535665392875671
-0.567936301231384,-0.0617304742336273,1.25714981555939,0.0739623755216598,-0.0313040167093277,0.840798914432526,0.53535670042038
-0.567936301231384,-0.0617304742336273,1.25714981555939,0.0739623755216598,-0.0313040167093277,0.840798914432526,0.53535670042038
-0.567707002162933,-0.0606119967997074,1.25678086280823,0.0732063725590705,-0.0313557460904121,0.841438889503479,0.534451425075531
-0.567626774311066,-0.0601278878748416,1.25675511360168,0.072889931499958,-0.0313745588064193,0.841608643531799,0.53422623872757
-0.567316710948944,-0.0595822595059871,1.25667822360992,0.0724484324455261,-0.0315736047923564,0.841499745845795,0.534446120262146
-0.567758202552795,-0.0591715350747108,1.25700616836548,0.0725240558385849,-0.0314026810228824,0.84168016910553,0.534161806106567
-0.568418323993683,-0.0588001944124698,1.25687503814697,0.072902612388134,-0.0305644124746322,0.842285215854645,0.533204257488251
-0.567877054214478,-0.0582845136523246,1.2569363117218,0.0720144286751747,-0.0310387909412384,0.84198534488678,0.533770859241486
-0.567813277244568,-0.0576556958258152,1.25656294822693,0.0711855143308639,-0.0303573179990053,0.842083334922791,0.533766508102417
-0.567813277244568,-0.0576556958258152,1.25656294822693,0.0711855143308639,-0.0303573179990053,0.842083334922791,0.533766508102417
-0.567813277244568,-0.0576556958258152,1.25656294822693,0.0711855143308639,-0.0303573179990053,0.842083334922791,0.533766508102417
-0.567661583423615,-0.0563014559447765,1.25645053386688,0.0709840580821037,-0.0309388544410467,0.842553615570068,0.533017337322235
-0.56764805316925,-0.0558665171265602,1.25643455982208,0.0708131194114685,-0.030962536111474,0.842609882354736,0.53294974565506
-0.566981494426727,-0.0554273575544357,1.25637173652649,0.0700255632400512,-0.0310084037482738,0.842120289802551,0.533824384212494
-0.566992163658142,-0.0550033897161483,1.25634121894836,0.0698486119508743,-0.0308896135538816,0.842135906219482,0.533829748630524
-0.567044794559479,-0.0547235421836376,1.25644779205322,0.0694228559732437,-0.0308111365884542,0.841996729373932,0.534109234809875
-0.566837131977081,-0.0535778552293777,1.25636088848114,0.0690394937992096,-0.0312173031270504,0.842248916625977,0.53373771905899
-0.566837131977081,-0.0535778552293777,1.25636088848114,0.0690394937992096,-0.0312173031270504,0.842248916625977,0.53373771905899
-0.567597389221191,-0.052841667085886,1.25636124610901,0.0693474858999252,-0.0305850356817245,0.842710256576538,0.53300553560257
-0.567597389221191,-0.052841667085886,1.25636124610901,0.0693474858999252,-0.0305850356817245,0.842710256576538,0.53300553560257
-0.567629873752594,-0.0518343821167945,1.25631356239319,0.0694776996970176,-0.0306464806199073,0.842899918556213,0.532685160636902
-0.567629873752594,-0.0518343821167945,1.25631356239319,0.0694776996970176,-0.0306464806199073,0.842899918556213,0.532685160636902
-0.56765604019165,-0.0514633283019065,1.25627779960632,0.0692844986915588,-0.0305080916732549,0.842911899089813,0.532699286937714
-0.567526280879974,-0.0510975793004035,1.25627076625824,0.0689040273427963,-0.0304456613957881,0.842804908752441,0.532921493053436
-0.567721486091614,-0.0508878789842128,1.25626850128174,0.068772405385971,-0.0299423038959503,0.842603445053101,0.533285439014435
-0.567437589168549,-0.0503394976258277,1.25615787506104,0.0683677271008491,-0.0301289707422256,0.842434644699097,0.533593535423279
-0.567437589168549,-0.0503394976258277,1.25615787506104,0.0683677271008491,-0.0301289707422256,0.842434644699097,0.533593535423279
-0.567568480968475,-0.0496334955096244,1.25616669654846,0.0681611597537994,-0.0308666471391916,0.842579364776611,0.533349275588989
-0.567608594894409,-0.049190204590559,1.25624132156372,0.0682698637247085,-0.0311740208417177,0.842638492584229,0.533223986625671
-0.567523002624512,-0.0488245114684104,1.25603747367859,0.0678668320178985,-0.0307236351072788,0.842521011829376,0.53348708152771
-0.567517280578613,-0.0484302602708339,1.25602090358734,0.0677889660000801,-0.0305858012288808,0.842521846294403,0.533503890037537
-0.567448019981384,-0.0479191094636917,1.25607180595398,0.0678791403770446,-0.0299092307686805,0.842513144016266,0.53354424238205
-0.567091941833496,-0.0467665195465087,1.25596284866333,0.0675809308886528,-0.0307777877897024,0.8427614569664,0.533140420913696
-0.567091941833496,-0.0467665195465087,1.25596284866333,0.0675809308886528,-0.0307777877897024,0.8427614569664,0.533140420913696
-0.565999329090118,-0.0455021783709526,1.25588405132294,0.0667855963110923,-0.0326407290995121,0.842156827449799,0.534084439277649
-0.566912472248077,-0.045964915305376,1.25585198402405,0.0672570616006851,-0.0305901337414979,0.842670202255249,0.533336520195007
-0.566738426685333,-0.0455605015158653,1.25581765174866,0.0670745074748992,-0.0306316893547773,0.842585384845734,0.533491015434265
-0.56680554151535,-0.0454520098865032,1.25583004951477,0.0668447166681289,-0.0300386101007461,0.842220842838287,0.534128844738007
-0.566773474216461,-0.0450930073857307,1.25579082965851,0.0667633563280105,-0.0300157722085714,0.84223860502243,0.534112274646759
-0.566845536231995,-0.0444668941199779,1.25583434104919,0.0667485371232032,-0.0309008993208408,0.842226147651672,0.534083366394043
-0.565657794475555,-0.0428649447858333,1.25574278831482,0.066252663731575,-0.0333946757018566,0.841813683509827,0.534645020961761
-0.565657794475555,-0.0428649447858333,1.25574278831482,0.066252663731575,-0.0333946757018566,0.841813683509827,0.534645020961761
-0.566845536231995,-0.0431305654346942,1.25586032867432,0.0672014206647872,-0.029866037890315,0.842196464538574,0.534132122993469
-0.566845536231995,-0.0431305654346942,1.25586032867432,0.0672014206647872,-0.029866037890315,0.842196464538574,0.534132122993469
-0.566506624221802,-0.0422902666032314,1.25560617446899,0.066968061029911,-0.0302607286721467,0.842416822910309,0.533791601657867
-0.566506624221802,-0.0422902666032314,1.25560617446899,0.066968061029911,-0.0302607286721467,0.842416822910309,0.533791601657867
-0.566506624221802,-0.0422902666032314,1.25560617446899,0.066968061029911,-0.0302607286721467,0.842416822910309,0.533791601657867
-0.566534996032715,-0.041564155369997,1.2556300163269,0.0671647042036056,-0.0304141044616699,0.842531323432922,0.533577561378479
-0.566504001617432,-0.041054468601942,1.2555490732193,0.0669359192252159,-0.0305888652801513,0.842252016067505,0.534037053585052
-0.566504001617432,-0.041054468601942,1.2555490732193,0.0669359192252159,-0.0305888652801513,0.842252016067505,0.534037053585052
-0.56656551361084,-0.0407966338098049,1.25560343265533,0.06702321767807,-0.0304270647466182,0.842017769813538,0.534404754638672
-0.566267728805542,-0.0403063111007213,1.25550448894501,0.0670890435576438,-0.0297631248831748,0.841909408569336,0.534604430198669
-0.56593531370163,-0.0387780852615833,1.25582039356232,0.0677258819341659,-0.0322034284472465,0.841443419456482,0.535116076469421
-0.56593531370163,-0.0387780852615833,1.25582039356232,0.0677258819341659,-0.0322034284472465,0.841443419456482,0.535116076469421
-0.565911829471588,-0.0385160185396671,1.25579059123993,0.0678086951375007,-0.032092060893774,0.841473460197449,0.535065054893494
-0.565814137458801,-0.038499429821968,1.25551950931549,0.0675975829362869,-0.0304541587829589,0.841757953166962,0.534739851951599
-0.565806090831757,-0.0382264591753482,1.25550842285156,0.0676599740982055,-0.0304008815437555,0.841833829879761,0.534615516662598
-0.566240608692169,-0.038542740046978,1.25538957118988,0.0677520483732223,-0.0290823560208082,0.842237114906311,0.534041702747345
-0.566240608692169,-0.038542740046978,1.25538957118988,0.0677520483732223,-0.0290823560208082,0.842237114906311,0.534041702747345
-0.566190838813782,-0.0379432030022144,1.25544738769531,0.0677839294075965,-0.0302180461585521,0.842532873153687,0.533507823944092
-0.566145658493042,-0.0377133265137672,1.25538837909698,0.0678430870175361,-0.0292968545109033,0.842401087284088,0.533759772777557
-0.566072702407837,-0.037417821586132,1.25539970397949,0.0678918212652206,-0.0293418895453214,0.842470407485962,0.533641755580902
-0.565981209278107,-0.0371039099991321,1.25535619258881,0.0678885132074356,-0.0294168833643198,0.842548847198486,0.533514082431793
-0.565984725952148,-0.0369043461978435,1.25534808635712,0.0679661929607391,-0.0294085461646318,0.842698812484741,0.533267736434937
-0.566050410270691,-0.0367848351597785,1.25534653663635,0.067959651350975,-0.0299383699893951,0.842745900154114,0.533164739608765
-0.565930724143982,-0.0365265756845474,1.25525379180908,0.0678683221340179,-0.029787354171276,0.842759668827057,0.533162951469421
-0.564946949481964,-0.0357108823955059,1.25508284568787,0.0675975009799003,-0.0305832717567682,0.842672109603882,0.533290803432465
-0.564946949481964,-0.0357108823955059,1.25508284568787,0.0675975009799003,-0.0305832717567682,0.842672109603882,0.533290803432465
-0.564878463745117,-0.035554189234972,1.2550767660141,0.0676759630441665,-0.0306504927575588,0.842777788639069,0.533110022544861
-0.564585626125336,-0.0344757437705993,1.25532388687134,0.0683697238564491,-0.0318254493176937,0.842533946037292,0.533338010311127
-0.564398646354675,-0.0343170315027236,1.25533378124237,0.0680558532476425,-0.0320145413279533,0.842507898807526,0.533407926559448
-0.564283788204193,-0.0341318659484386,1.2553323507309,0.0680797398090362,-0.0319565273821353,0.842608332633972,0.533249735832214
-0.565049231052399,-0.0349255353212356,1.25502121448517,0.0678374916315078,-0.0295761842280626,0.843458712100983,0.532072007656097
-0.565049231052399,-0.0349255353212356,1.25502121448517,0.0678374916315078,-0.0295761842280626,0.843458712100983,0.532072007656097
-0.565022110939026,-0.0347756445407867,1.25498986244202,0.0678804963827133,-0.0295370407402515,0.843609392642975,0.531829953193665
-0.56505274772644,-0.0345997810363769,1.25502383708954,0.0679355710744857,-0.0295581873506307,0.843908309936523,0.531347215175629
-0.565023362636566,-0.0344693623483181,1.25500571727753,0.068009577691555,-0.029463043436408,0.844089210033417,0.531055629253387
-0.564987421035767,-0.0343558490276336,1.25498080253601,0.0680852234363555,-0.0292869880795478,0.844216346740723,0.530853629112244
-0.564934313297272,-0.0342271886765956,1.25497078895569,0.0681782364845275,-0.0291481204330921,0.844367623329163,0.530608654022217
-0.564790844917297,-0.0338171459734439,1.25494742393494,0.0684500634670257,-0.0296175144612789,0.844890415668488,0.529714703559875
-0.564614176750183,-0.0337466858327388,1.25496292114258,0.0682461932301521,-0.0288951154798269,0.844924747943878,0.529726088047028
-0.564554631710052,-0.0336188487708568,1.25496411323547,0.0683298110961914,-0.0288240108639001,0.84508091211319,0.529470086097717
-0.564476013183594,-0.0332755707204341,1.25491011142731,0.0686724334955215,-0.0290728937834501,0.845378220081329,0.528937160968781
-0.564460813999176,-0.0332438610494136,1.25491690635681,0.0687035992741584,-0.029577737674117,0.845497369766235,0.528714716434479
-0.56453663110733,-0.03340670093894,1.25490140914917,0.0685550272464752,-0.0289659965783357,0.845358848571777,0.528989434242249
-0.564469933509827,-0.0333031825721263,1.2548953294754,0.0685830116271972,-0.0289513245224952,0.845545053482056,0.528688848018646
-0.56443727016449,-0.0331936776638031,1.25488746166229,0.0686933025717735,-0.0289548281580209,0.845715284347534,0.528401851654053
-0.564455568790436,-0.0332628861069679,1.25484752655029,0.0686970576643943,-0.0282042417675256,0.845584869384766,0.52865070104599
-0.564227044582367,-0.0328204929828643,1.25479984283447,0.0689661055803299,-0.0288573168218135,0.846024632453918,0.527876198291779
-0.564100742340088,-0.0327070243656635,1.25477087497711,0.0690641328692436,-0.0288176443427801,0.846142649650574,0.527676343917847
-0.564534425735474,-0.0325254760682582,1.25462806224823,0.0697700530290603,-0.028545219451189,0.846940219402313,0.526317238807678
-0.56443578004837,-0.0324627757072448,1.25463974475861,0.0697837844491005,-0.0283694174140691,0.847045719623566,0.526154816150665
-0.564258992671967,-0.0322463065385818,1.25462603569031,0.0699579939246177,-0.0283131562173366,0.847340643405914,0.525659680366516
-0.564258992671967,-0.0322463065385818,1.25462603569031,0.0699579939246177,-0.0283131562173366,0.847340643405914,0.525659680366516
-0.564155042171478,-0.0321770086884498,1.25463509559631,0.0700569674372673,-0.0278787799179554,0.847420632839203,0.525540828704834
-0.564155042171478,-0.0321770086884498,1.25463509559631,0.0700569674372673,-0.0278787799179554,0.847420632839203,0.525540828704834
-0.563505887985229,-0.0316484197974205,1.25471580028534,0.0699827447533607,-0.0292830355465412,0.847616970539093,0.525157690048218
-0.563505887985229,-0.0316484197974205,1.25471580028534,0.0699827447533607,-0.0292830355465412,0.847616970539093,0.525157690048218
-0.563905119895935,-0.0317496359348297,1.25460398197174,0.0704836547374725,-0.0272223483771085,0.84796530008316,0.524638891220093
-0.563292562961578,-0.0315849334001541,1.25472068786621,0.0700936913490295,-0.0279371999204158,0.847759366035461,0.524986207485199
-0.563247919082642,-0.0314493291079998,1.25468814373016,0.0701069757342338,-0.0278699696063995,0.847921133041382,0.524726748466492
-0.563181400299072,-0.0314027182757854,1.25467813014984,0.0702766105532646,-0.0278760455548763,0.848099172115326,0.524416029453278
-0.563092947006226,-0.0313072688877582,1.25467276573181,0.070350669324398,-0.0278914365917444,0.848273575305939,0.524122834205627
-0.563005447387695,-0.031233076006174,1.25466763973236,0.0704079270362854,-0.0278539936989545,0.84842848777771,0.523866295814514
-0.562741637229919,-0.0307820476591587,1.25463545322418,0.0706620588898658,-0.028585122898221,0.848886847496033,0.523049712181091
-0.562666058540344,-0.0307063609361648,1.254638671875,0.070723183453083,-0.0285790264606475,0.849059402942657,0.522761523723602
-0.562611758708954,-0.0308885686099529,1.25465130805969,0.0704868733882904,-0.0281122289597988,0.848961293697357,0.522978067398071
-0.562520384788513,-0.0308138951659202,1.25465369224548,0.0705408155918121,-0.0280804280191659,0.849153161048889,0.522661149501801
-0.562520384788513,-0.0308138951659202,1.25465369224548,0.0705408155918121,-0.0280804280191659,0.849153161048889,0.522661149501801
-0.562342524528503,-0.0306636616587638,1.25464606285095,0.070580169558525,-0.0279182698577642,0.849519550800323,0.522068619728088
-0.562274277210236,-0.0304404757916927,1.25470888614655,0.0708905309438705,-0.028419479727745,0.850008070468903,0.521203756332397
-0.562205731868744,-0.0302936770021915,1.25467574596405,0.0710649862885475,-0.0285395234823226,0.850281238555908,0.520727574825287
-0.562110781669617,-0.0302245467901229,1.25467753410339,0.0711442157626152,-0.0284990910440683,0.850491285324097,0.520375669002533
-0.562004804611206,-0.0301854759454727,1.25466310977936,0.0711392536759376,-0.0284776668995618,0.850671172142029,0.520083427429199
-0.562004804611206,-0.0301854759454727,1.25466310977936,0.0711392536759376,-0.0284776668995618,0.850671172142029,0.520083427429199
-0.561526656150818,-0.0301174633204936,1.25462961196899,0.0709624215960502,-0.0291934013366699,0.850745797157288,0.519945919513702
-0.561414957046509,-0.0300517044961452,1.25461852550507,0.0709872245788574,-0.0292437933385372,0.850947320461273,0.519609868526459
-0.561482131481171,-0.0302199237048625,1.25468277931213,0.0707930624485015,-0.0288277436047792,0.851047456264496,0.519495785236359
-0.561362683773041,-0.0301680639386177,1.25469052791595,0.0707955285906791,-0.0288317315280437,0.85124796628952,0.519166231155396
-0.561138331890106,-0.0301790572702884,1.25464487075806,0.0707707479596138,-0.0287254098802804,0.851308166980743,0.519076883792877
-0.561122715473175,-0.0300867669284343,1.25469756126404,0.0708428621292114,-0.0288468729704618,0.851667881011963,0.518469989299774
-0.561122715473175,-0.0300867669284343,1.25469756126404,0.0708428621292114,-0.0288468729704618,0.851667881011963,0.518469989299774
-0.560507833957672,-0.0301679223775863,1.25464951992035,0.0706523731350898,-0.0286711324006319,0.851720750331879,0.518418729305267
-0.560896396636963,-0.0300856418907642,1.25474536418915,0.0710420086979866,-0.0286971386522054,0.852610766887665,0.516898989677429
-0.560614943504333,-0.0300092138350009,1.25468230247498,0.0709369629621505,-0.0287536699324846,0.852680265903473,0.516795456409454
-0.560498714447021,-0.030021034181118,1.25468266010284,0.0709248557686805,-0.0286992080509662,0.852906823158264,0.516426146030426
-0.56048446893692,-0.0301512330770492,1.25469040870667,0.0709734633564949,-0.0283734258264303,0.852952778339386,0.516361713409424
-0.56048446893692,-0.0301512330770492,1.25469040870667,0.0709734633564949,-0.0283734258264303,0.852952778339386,0.516361713409424
-0.560475170612335,-0.0304460562765598,1.25458121299744,0.0708674043416976,-0.0278179943561553,0.853596150875092,0.515342235565186
-0.560380339622498,-0.030466079711914,1.25458693504333,0.0708771049976348,-0.0277265254408121,0.853820860385895,0.514973521232605
-0.560405194759369,-0.0306654945015907,1.25458455085754,0.0708970800042152,-0.0269178338348865,0.853808760643005,0.515033781528473
-0.560253858566284,-0.0305373333394527,1.25462830066681,0.0710335373878479,-0.0275285840034484,0.854331612586975,0.514114797115326
-0.560077250003815,-0.0302761681377887,1.25462508201599,0.071291446685791,-0.0280612092465162,0.854826748371124,0.513226389884949
-0.559958219528198,-0.0302862934768199,1.25464594364166,0.0712694898247718,-0.0280675422400236,0.855056285858154,0.512846648693085
-0.559772133827209,-0.0303297415375709,1.25466918945312,0.0712452456355094,-0.0280130822211503,0.855525732040405,0.512069463729858
-0.559772133827209,-0.0303297415375709,1.25466918945312,0.0712452456355094,-0.0280130822211503,0.855525732040405,0.512069463729858
-0.559665501117706,-0.0303447097539901,1.2546843290329,0.0712433382868766,-0.0280143450945615,0.855804741382599,0.511603355407715
-0.557756006717682,-0.02862349152565,1.25479888916016,0.0702534466981887,-0.0319355130195617,0.855052828788757,0.512766420841217
-0.557725429534912,-0.0288717858493328,1.25494337081909,0.0700492709875106,-0.0319942273199558,0.85527104139328,0.512426495552063
-0.557620465755463,-0.0288751982152462,1.25495862960815,0.0700521916151046,-0.0319965556263923,0.855462491512299,0.51210629940033
-0.557467997074127,-0.0289232954382896,1.25488495826721,0.0699963420629501,-0.0314666889607906,0.855380356311798,0.512284219264984
-0.557399868965149,-0.0289440751075744,1.25490498542786,0.0700705423951149,-0.0314276665449142,0.855542778968811,0.512004911899567
-0.557260751724243,-0.0287070982158184,1.25489890575409,0.0703840628266334,-0.0319500155746936,0.855992197990417,0.511177659034729
-0.557117462158203,-0.0286263525485992,1.25491487979889,0.0704670399427414,-0.0313840769231319,0.856179356575012,0.510887801647186
-0.557099997997284,-0.0286159627139568,1.25502467155457,0.0706021338701248,-0.0319108180701732,0.85660308599472,0.510125696659088
-0.557228326797485,-0.028748869895935,1.2550356388092,0.0708764493465423,-0.0320973731577396,0.85682874917984,0.509696841239929
-0.557228326797485,-0.028748869895935,1.2550356388092,0.0708764493465423,-0.0320973731577396,0.85682874917984,0.509696841239929
-0.55698162317276,-0.0287159197032451,1.25500750541687,0.0707928240299224,-0.032051783055067,0.85679417848587,0.509769380092621
-0.557654321193695,-0.029407363384962,1.25502467155457,0.0713251009583473,-0.0305105578154325,0.857308506965637,0.508924305438995
-0.556915640830994,-0.0286814607679843,1.2550356388092,0.0709892809391021,-0.0321200601756572,0.857002258300781,0.509387791156769
-0.556865394115448,-0.0286706164479255,1.25507628917694,0.0710693374276161,-0.0322465784847736,0.857106506824493,0.509193301200867
-0.5568568110466,-0.0286667682230472,1.25509345531464,0.0711591988801956,-0.0322755277156829,0.857186019420624,0.509044945240021
-0.556847453117371,-0.0286813005805015,1.25510668754578,0.0712190866470336,-0.032288447022438,0.857262909412384,0.508906364440918
-0.556877613067627,-0.0289725288748741,1.25514936447144,0.0709787458181381,-0.0318064130842685,0.857044100761414,0.509338438510895
-0.556864202022552,-0.0288841128349304,1.25524950027466,0.0710437893867492,-0.0316484794020652,0.857443511486053,0.508666932582855
-0.556859612464905,-0.0290051884949207,1.25518655776978,0.0710454359650611,-0.0318883247673511,0.857191026210785,0.509076833724976
-0.556842923164368,-0.0290180370211601,1.25520277023315,0.0710700377821922,-0.0319623500108718,0.85723352432251,0.508997201919556
-0.556838393211365,-0.0290117524564266,1.25521075725555,0.0709974840283393,-0.0319686233997345,0.857288897037506,0.508913636207581
-0.556838393211365,-0.0290117524564266,1.25521075725555,0.0709974840283393,-0.0319686233997345,0.857288897037506,0.508913636207581
-0.556833148002625,-0.0290378257632255,1.25522565841675,0.0709933936595916,-0.0321500599384307,0.857335686683655,0.508824169635773
-0.55681312084198,-0.0290496982634067,1.25526165962219,0.0710123032331466,-0.0322006866335868,0.857346177101135,0.508800506591797
-0.556911408901215,-0.0291115269064903,1.2553505897522,0.0711119771003723,-0.0325331389904022,0.857424139976501,0.508634030818939
-0.556911408901215,-0.0291115269064903,1.2553505897522,0.0711119771003723,-0.0325331389904022,0.857424139976501,0.508634030818939
-0.556885004043579,-0.0291648358106613,1.25538694858551,0.0711238011717796,-0.0327779352664947,0.857354581356049,0.508733928203583
-0.556842267513275,-0.0291027128696441,1.25538456439972,0.0711622834205627,-0.0322025045752525,0.857360243797302,0.508755803108215
-0.55867075920105,-0.0308720134198665,1.25534200668335,0.0721973851323127,-0.0283917672932147,0.8582923412323,0.507262885570526
-0.558691143989563,-0.0308862440288066,1.2553653717041,0.0721395611763,-0.0286524072289466,0.858257114887238,0.507316291332245
-0.558698058128357,-0.0308811962604522,1.2553745508194,0.0720890238881111,-0.0288769211620092,0.858185172080994,0.507432281970978
-0.558066010475159,-0.030860710889101,1.2552717924118,0.0716394484043121,-0.0292003359645605,0.857596814632416,0.508471131324768
-0.558743536472321,-0.0308938063681125,1.2553802728653,0.0720069855451583,-0.029167590662837,0.858110249042511,0.507554113864899
-0.55879157781601,-0.0309245772659778,1.25538992881775,0.071981556713581,-0.0293252896517515,0.858066558837891,0.507622420787811
-0.55884850025177,-0.0309689976274967,1.25539636611938,0.0719332695007324,-0.0294630154967308,0.858029901981354,0.507683098316193
-0.558882236480713,-0.0309798493981361,1.25541412830353,0.0718785896897316,-0.0296803954988718,0.857991695404053,0.507742881774902
-0.558228373527527,-0.0310005694627761,1.25532758235931,0.071305975317955,-0.0300947166979312,0.857409179210663,0.508782207965851
-0.558305501937866,-0.0310553945600986,1.25534856319427,0.0712630152702331,-0.0302379410713911,0.857384383678436,0.508821487426758
-0.556705236434937,-0.0294340066611766,1.25542736053467,0.0703458115458488,-0.033845093101263,0.856348752975464,0.510463416576385
-0.558506429195404,-0.0311740413308143,1.25531148910522,0.0711021497845649,-0.0300999265164136,0.857274532318115,0.509037137031555
-0.558579921722412,-0.0312424004077911,1.25531148910522,0.0710103139281272,-0.0302699469029903,0.857235610485077,0.509105503559113
-0.559240698814392,-0.0310393460094928,1.25539660453796,0.0717415362596511,-0.0307176522910594,0.857938528060913,0.507790625095367
-0.558807373046875,-0.031101070344448,1.25531303882599,0.0713432282209396,-0.0309640113264322,0.857365071773529,0.508799135684967
-0.559635162353516,-0.0312008336186409,1.25548672676086,0.0718676820397377,-0.0311952475458383,0.857929825782776,0.507758140563965
-0.559916257858276,-0.0313119813799858,1.25554013252258,0.0719854161143302,-0.0323596931993961,0.858039617538452,0.507483124732971
-0.560085654258728,-0.0313846655189991,1.25555408000946,0.0720096006989479,-0.0325446128845214,0.857961714267731,0.507599592208862
-0.560085654258728,-0.0313846655189991,1.25555408000946,0.0720096006989479,-0.0325446128845214,0.857961714267731,0.507599592208862
-0.560490012168884,-0.0315877832472324,1.25556826591492,0.0720276162028312,-0.0324333198368549,0.857572972774506,0.508260428905487
-0.559123754501343,-0.0300629138946533,1.25569272041321,0.0713098794221878,-0.0359279625117778,0.85654079914093,0.509864747524261
-0.559357643127441,-0.0301544964313507,1.25570952892303,0.0713515058159828,-0.0361108183860778,0.856487989425659,0.509934604167938
-0.560539126396179,-0.0317904204130172,1.25548350811005,0.0718341395258903,-0.032628197222948,0.856669425964355,0.509796798229218
-0.561462640762329,-0.0319131352007389,1.2556015253067,0.0722996518015861,-0.0328491665422916,0.857267558574677,0.508710205554962
-0.561707675457001,-0.0319677628576755,1.25558388233185,0.0722795873880386,-0.0327778607606887,0.857061803340912,0.509064316749573
-0.561864018440247,-0.0320110283792018,1.25545585155487,0.0722538083791732,-0.0318513438105583,0.856599569320679,0.509903967380524
-0.561912298202515,-0.0317627228796482,1.25559067726135,0.0724405646324157,-0.0325435698032379,0.856170833110809,0.510553359985352
-0.560833752155304,-0.0307479612529277,1.25555205345154,0.0714674293994903,-0.0360285192728042,0.855123221874237,0.51220977306366
-0.56175971031189,-0.031037587672472,1.25547289848328,0.0721022561192512,-0.0358585193753242,0.855408072471619,0.511656522750854
-0.562074363231659,-0.0311575978994369,1.2554475069046,0.072160005569458,-0.0358765572309494,0.855042695999146,0.512257635593414
-0.563775062561035,-0.0325159393250942,1.25535356998444,0.0731593444943428,-0.0325544774532318,0.855195641517639,0.512082576751709
-0.563411772251129,-0.0324669629335403,1.25539565086365,0.0725829824805259,-0.0326787158846855,0.854536354541779,0.513255715370178
-0.563861727714539,-0.0327178798615932,1.25535762310028,0.0725549608469009,-0.0332147106528282,0.854138553142548,0.513886988162994
-0.562668144702911,-0.0315398052334785,1.25528287887573,0.0714332163333892,-0.0363042876124382,0.852880537509918,0.515920698642731
-0.562936961650848,-0.0316304415464401,1.25523519515991,0.0713585168123245,-0.0364074744284153,0.852457821369171,0.516621828079224
-0.562936961650848,-0.0316304415464401,1.25523519515991,0.0713585168123245,-0.0364074744284153,0.852457821369171,0.516621828079224
-0.56499046087265,-0.0330547951161861,1.25520396232605,0.0723997727036476,-0.0330821834504604,0.852191686630249,0.517139434814453
-0.565065383911133,-0.0330307111144065,1.25519788265228,0.0721540227532386,-0.0335539393126964,0.851526379585266,0.518238246440887
-0.565628886222839,-0.0338016562163829,1.25502347946167,0.0716155841946601,-0.0324028842151165,0.850802779197693,0.519572854042053
-0.565435528755188,-0.0336517356336116,1.25494229793549,0.0714856311678886,-0.0331347994506359,0.850040555000305,0.520790636539459
-0.566146075725555,-0.0334869921207428,1.25505018234253,0.0720367580652237,-0.0334786251187324,0.849642515182495,0.521342158317566
-0.565943837165833,-0.0338481068611145,1.25496256351471,0.0713193118572235,-0.0332565903663635,0.848178923130035,0.523832201957703
-0.565596222877502,-0.0326637625694274,1.25494956970215,0.0710756331682205,-0.0361480452120304,0.847572565078735,0.524654567241669
-0.565952718257904,-0.0328944772481918,1.2548942565918,0.0709421336650848,-0.0361249670386314,0.846766531467438,0.525974094867706
-0.56780344247818,-0.034420296549797,1.25496482849121,0.0716913864016532,-0.0330150052905082,0.846499145030975,0.526506960391998
-0.568187713623047,-0.0343138054013252,1.25488066673279,0.0719424858689308,-0.0334591716527938,0.846006810665131,0.527235507965088
-0.567258059978485,-0.0334607660770416,1.25480020046234,0.0709421038627624,-0.0369076281785965,0.844368755817413,0.529760718345642
-0.568814337253571,-0.0348698459565639,1.25471556186676,0.0713001117110252,-0.0340862050652504,0.843768954277039,0.530856370925903
-0.568552255630493,-0.0347422212362289,1.2544869184494,0.071156345307827,-0.034625805914402,0.842521607875824,0.532818257808685
-0.568552255630493,-0.0347422212362289,1.2544869184494,0.071156345307827,-0.034625805914402,0.842521607875824,0.532818257808685
-0.56996887922287,-0.0352964140474796,1.2545473575592,0.071090430021286,-0.0342583023011684,0.840707659721375,0.535708069801331
-0.570240199565887,-0.035130850970745,1.254469871521,0.0712468028068542,-0.0349565595388412,0.839969217777252,0.536799609661102
-0.570240199565887,-0.035130850970745,1.254469871521,0.0712468028068542,-0.0349565595388412,0.839969217777252,0.536799609661102
-0.570967972278595,-0.0355159044265747,1.2543830871582,0.0708982124924659,-0.0350930467247962,0.837473511695862,0.540721893310547
-0.571270942687988,-0.0356061272323131,1.25429010391235,0.0707686468958854,-0.0353765711188316,0.836190223693848,0.542702913284302
-0.571270942687988,-0.0356061272323131,1.25429010391235,0.0707686468958854,-0.0353765711188316,0.836190223693848,0.542702913284302
-0.571204602718353,-0.0354489274322986,1.25418889522552,0.06999072432518,-0.0366302169859409,0.832654774188995,0.548129081726074
-0.572668254375458,-0.0362309105694294,1.25420820713043,0.0705799385905265,-0.0358000844717025,0.832488775253296,0.548360586166382
-0.57268613576889,-0.0353977754712104,1.25439643859863,0.0709200054407119,-0.0367549769580364,0.83046555519104,0.551313459873199
-0.57293826341629,-0.035751637071371,1.25409770011902,0.0704391524195671,-0.0377056412398815,0.829372107982635,0.552954494953156
-0.572781383991241,-0.0360648334026336,1.25396072864532,0.069763071835041,-0.0367954671382904,0.827239274978638,0.5562863945961
-0.573372721672058,-0.0361789502203464,1.25387358665466,0.0700855255126953,-0.0373981557786464,0.826192140579224,0.557759761810303
-0.574269473552704,-0.0364203564822673,1.25389122962952,0.0700446143746376,-0.0367194227874279,0.824887037277222,0.559738218784332
-0.574372529983521,-0.0364839136600494,1.25386321544647,0.0694088190793991,-0.0377780608832836,0.823119699954987,0.562342762947083
-0.574372529983521,-0.0364839136600494,1.25386321544647,0.0694088190793991,-0.0377780608832836,0.823119699954987,0.562342762947083
-0.574481308460236,-0.0365673787891864,1.25372993946075,0.0689951479434967,-0.0388007462024688,0.819835484027863,0.56710147857666
-0.575035214424133,-0.0368817001581192,1.25363075733185,0.0690450966358184,-0.038454532623291,0.818439364433289,0.569131791591644
-0.575276672840118,-0.0370326787233352,1.25364184379578,0.0686554163694381,-0.0391296073794364,0.816601157188416,0.571767389774323
-0.575685262680054,-0.0368708483874797,1.25374984741211,0.0688381344079971,-0.0399860925972461,0.814839124679565,0.574194967746735
-0.575685262680054,-0.0368708483874797,1.25374984741211,0.0688381344079971,-0.0399860925972461,0.814839124679565,0.574194967746735
-0.576759099960327,-0.0376482419669628,1.2536153793335,0.0685231760144233,-0.039747416973114,0.811354398727417,0.579162240028381
-0.576764464378357,-0.0379206947982311,1.25364971160889,0.0676686763763427,-0.0397717133164405,0.809089362621307,0.582420527935028
-0.577119827270508,-0.0384117141366004,1.25328361988068,0.0669508129358291,-0.0392992049455642,0.808011591434479,0.58402955532074
-0.577119827270508,-0.0384117141366004,1.25328361988068,0.0669508129358291,-0.0392992049455642,0.808011591434479,0.58402955532074
-0.577555000782013,-0.0386867448687553,1.25324606895447,0.0664571449160575,-0.041555531322956,0.804801106452942,0.588346719741821
-0.577893376350403,-0.0387893207371234,1.25323128700256,0.0660968050360679,-0.041408285498619,0.803307294845581,0.590435564517975
-0.57796722650528,-0.0392381250858306,1.25328660011292,0.0652037039399147,-0.0419774539768695,0.801096796989441,0.593490064144135
-0.578330934047699,-0.0396664775907993,1.25318908691406,0.0643066242337226,-0.0413612425327301,0.798852801322937,0.596647322177887
-0.578672766685486,-0.0397829301655292,1.25312578678131,0.0642507672309875,-0.0414600558578968,0.797597587108612,0.598323702812195
-0.578874945640564,-0.0399269945919513,1.25298452377319,0.063836358487606,-0.0417634136974811,0.795721411705017,0.600839555263519
-0.578862428665161,-0.0401843637228012,1.25296151638031,0.0629844665527343,-0.0427390038967132,0.79372376203537,0.603497385978699
-0.57909083366394,-0.0407380312681198,1.25290012359619,0.0621825046837329,-0.0424863621592521,0.791625320911407,0.606347739696503
-0.579396724700928,-0.0408424362540245,1.25280368328094,0.0620196461677551,-0.0428316444158554,0.790193378925323,0.608205199241638
-0.579396724700928,-0.0408424362540245,1.25280368328094,0.0620196461677551,-0.0428316444158554,0.790193378925323,0.608205199241638
-0.579595863819122,-0.0414935946464538,1.25265669822693,0.0604404397308826,-0.0437941066920757,0.786301851272583,0.613317668437958
-0.579209089279175,-0.0414562188088893,1.25265645980835,0.0594919323921203,-0.0457975268363952,0.784857213497162,0.615111827850342
-0.580080449581146,-0.0424117930233478,1.25240099430084,0.0593622140586376,-0.04438366740942,0.783560633659363,0.616878509521484
-0.579625308513641,-0.0416601486504077,1.25260508060455,0.0591693148016929,-0.046794980764389,0.781573057174683,0.619235694408417
-0.579503774642944,-0.0420837178826332,1.2523010969162,0.058113507926464,-0.0472718179225921,0.779958724975586,0.621331334114075
-0.57942008972168,-0.0425462014973163,1.25229179859161,0.05690573528409,-0.0481108203530311,0.777816474437714,0.624058425426483
-0.579937517642975,-0.0429403819143772,1.25223457813263,0.0569499172270298,-0.0480101890861988,0.776205778121948,0.626064121723175
-0.579821586608887,-0.0430811084806919,1.25204908847809,0.0562474317848682,-0.0484012253582477,0.774361133575439,0.628377556800842
-0.579392313957214,-0.0431793928146362,1.25200438499451,0.0552792772650718,-0.0500919856131076,0.772550642490387,0.630555748939514
-0.579962253570557,-0.0436163544654846,1.25183737277985,0.0553863160312175,-0.0495523996651172,0.77089536190033,0.632611453533173
-0.579829216003418,-0.0433702506124973,1.25198698043823,0.0551218055188655,-0.0512277521193027,0.769091010093689,0.63469398021698
-0.58021879196167,-0.0445030853152275,1.25154185295105,0.0541315525770187,-0.0501215942203998,0.767859876155853,0.636355936527252
-0.580657720565796,-0.0441013164818286,1.25187587738037,0.0544124953448772,-0.0517746247351169,0.765982806682587,0.638458371162415
-0.580020427703857,-0.0442223399877548,1.25170207023621,0.0537708662450313,-0.0526294112205505,0.764015078544617,0.640796363353729
-0.580088555812836,-0.0449344329535961,1.25136852264404,0.0528189465403556,-0.0525356754660606,0.762335479259491,0.642880260944366
-0.580530166625977,-0.0448134914040565,1.25148379802704,0.053582526743412,-0.0527681671082973,0.760954558849335,0.644432127475739
-0.581298470497131,-0.0450545251369476,1.25149643421173,0.0536893792450428,-0.0531094893813133,0.759896159172058,0.645642757415771
-0.580772697925568,-0.0460083372890949,1.25106692314148,0.0523639991879463,-0.0532068163156509,0.758400559425354,0.647499620914459
-0.581396043300629,-0.0456292070448398,1.25144064426422,0.0529206618666648,-0.0540019907057285,0.756472051143646,0.64964085817337
-0.581546306610107,-0.0462209954857826,1.25108778476715,0.0523940660059452,-0.0536047145724296,0.755388379096985,0.650976181030273
-0.581291496753693,-0.0462967306375503,1.25105810165405,0.0518272072076797,-0.0549913421273231,0.754063725471497,0.652440011501312
-0.580953001976013,-0.0462608262896537,1.25120258331299,0.052032571285963,-0.055941954255104,0.7523113489151,0.654362976551056
-0.580997347831726,-0.0466104038059711,1.25120508670807,0.0517357811331748,-0.0566932633519172,0.751222789287567,0.655571401119232
-0.580782413482666,-0.0466943494975566,1.25139045715332,0.05144914239645,-0.0575140826404094,0.750397741794586,0.656466662883759
-0.580999553203583,-0.0474967323243618,1.25136029720306,0.0507747493684291,-0.0577651746571064,0.74982762336731,0.65714818239212
-0.581059694290161,-0.0472713857889175,1.25175619125366,0.051195453852415,-0.0591143108904361,0.748217701911926,0.658828556537628
-0.581373870372772,-0.0475813746452331,1.25171208381653,0.051246803253889,-0.0589417852461338,0.747477114200592,0.659680068492889
-0.581480979919434,-0.0479893051087856,1.25174760818481,0.0509263202548027,-0.0594508983194828,0.746316432952881,0.660972058773041
-0.581651568412781,-0.0482958108186721,1.2517261505127,0.0507518462836742,-0.0594767779111862,0.745387136936188,0.662030756473541
-0.581768691539764,-0.0486358925700187,1.25181782245636,0.0505723990499973,-0.0598362013697624,0.744431674480438,0.663086473941803
-0.581768691539764,-0.0486358925700187,1.25181782245636,0.0505723990499973,-0.0598362013697624,0.744431674480438,0.663086473941803
-0.581835269927979,-0.0500211901962757,1.25168871879578,0.0490781441330909,-0.0598070919513702,0.742381632328033,0.6654953956604
-0.581759095191956,-0.0502018481492996,1.25182378292084,0.0486514531075954,-0.061025146394968,0.742091715335846,0.665739297866821
-0.582143306732178,-0.0508966706693172,1.251788854599,0.0484743081033229,-0.0601596646010875,0.740571081638336,0.667521953582764
-0.582049071788788,-0.0511353760957717,1.25192189216614,0.0479871146380901,-0.0611608475446701,0.740172266960144,0.667908310890198
-0.582130968570709,-0.0517123565077781,1.25201416015625,0.047396495938301,-0.0609220005571842,0.738823652267456,0.669463694095612
-0.582135796546936,-0.0524348802864551,1.25174081325531,0.0465861409902572,-0.0606299452483654,0.737675368785858,0.670812129974365
-0.582187116146088,-0.0527779497206211,1.25173604488373,0.0461730547249317,-0.0609000660479068,0.737007200717926,0.671550214290619
-0.582347333431244,-0.052945889532566,1.25197458267212,0.0462513975799083,-0.0613809004426002,0.736070811748505,0.672527432441711
-0.582304298877716,-0.0537472777068614,1.25173783302307,0.0452483221888542,-0.0610639974474906,0.735275447368622,0.6734938621521
-0.582156956195831,-0.0539998598396778,1.2519816160202,0.0446759536862373,-0.0626802071928978,0.735241711139679,0.673420250415802
-0.582201421260834,-0.0539554692804813,1.25205993652344,0.0447968691587448,-0.0626676902174949,0.733867287635803,0.674911081790924
-0.582349061965942,-0.054384671151638,1.25201117992401,0.044553842395544,-0.0626738592982292,0.733418822288513,0.67541378736496
-0.582150936126709,-0.0547951236367225,1.25207364559174,0.0439190678298473,-0.0632083714008331,0.732278048992157,0.67664235830307
-0.582035839557648,-0.054968599230051,1.25207853317261,0.0435277894139289,-0.0638661459088325,0.731730699539185,0.677197635173798
-0.581812560558319,-0.055280115455389,1.25220119953156,0.0428133979439735,-0.0646608099341392,0.731014907360077,0.677940547466278
-0.581702709197998,-0.0553256571292877,1.25249075889587,0.0427359864115715,-0.0657812058925628,0.730387985706329,0.678513050079346
-0.581782519817352,-0.0559684894979,1.2524002790451,0.0420591533184051,-0.065463975071907,0.729267358779907,0.679790198802948
-0.581813216209412,-0.056493055075407,1.2522851228714,0.0415739379823207,-0.0651028528809547,0.728246092796326,0.680948555469513
-0.581537067890167,-0.0571526661515235,1.25206255912781,0.0403385199606418,-0.0651865154504776,0.727471113204956,0.681842565536499
-0.581556916236877,-0.0572090707719326,1.25196254253387,0.040323294699192,-0.0654435604810714,0.727440416812897,0.68185168504715
-0.581282615661621,-0.0570909492671489,1.25233590602875,0.0401302985846996,-0.0677039101719856,0.727550089359283,0.681525230407715
-0.581004500389099,-0.0580620467662811,1.25164151191711,0.0386709496378898,-0.0665505900979042,0.72637003660202,0.682980358600616
-0.580995082855225,-0.0585930123925209,1.25154554843903,0.0381280481815338,-0.0664239376783371,0.725500166416168,0.683947145938873
-0.581031560897827,-0.0583970323204994,1.25168061256409,0.0385422930121421,-0.0669578611850738,0.725033521652222,0.684366583824158
-0.581129550933838,-0.0589861087501049,1.25164985656738,0.0380413122475147,-0.066593125462532,0.724158108234406,0.685356438159943
-0.581129550933838,-0.0589861087501049,1.25164985656738,0.0380413122475147,-0.066593125462532,0.724158108234406,0.685356438159943
-0.581029057502747,-0.059324350208044,1.25141775608063,0.0377642624080181,-0.0669520869851112,0.72377210855484,0.68574446439743
-0.580972015857697,-0.0593525655567646,1.25169396400452,0.0377951338887214,-0.0678972080349922,0.723508834838867,0.685927510261536
-0.580536007881165,-0.0596992224454879,1.2516907453537,0.0369064211845397,-0.0688623636960983,0.723018765449524,0.686396360397339
-0.580223977565765,-0.0600365959107875,1.25137650966644,0.0362173542380332,-0.0692866668105125,0.723171174526215,0.686229646205902
-0.580118954181671,-0.0602977164089679,1.25132691860199,0.0359216928482055,-0.0695306584239006,0.722977876663208,0.686424314975739
-0.580024778842926,-0.0603475198149681,1.25158321857452,0.0359209105372428,-0.0704570412635803,0.72295731306076,0.686351478099823
-0.579828500747681,-0.0607571713626384,1.25128734111786,0.0353002957999706,-0.0703673362731933,0.722913444042206,0.686438977718353
-0.579828500747681,-0.0607571713626384,1.25128734111786,0.0353002957999706,-0.0703673362731933,0.722913444042206,0.686438977718353
-0.579693734645844,-0.0612616054713726,1.25115144252777,0.0349296666681766,-0.0707638189196586,0.722957849502563,0.686370491981506
-0.579708933830261,-0.0615600273013114,1.25110101699829,0.0348072126507759,-0.0705561190843582,0.722682952880859,0.686687469482422
-0.579352498054504,-0.0620016641914844,1.25085079669952,0.0340717621147632,-0.0708766430616378,0.722949206829071,0.686411201953888
-0.579051434993744,-0.0620737262070179,1.25084698200226,0.0337932594120502,-0.0719432979822158,0.723586201667786,0.685642242431641
-0.578704118728638,-0.0622825063765049,1.25093674659729,0.0332409888505935,-0.0726799219846725,0.723771810531616,0.685395479202271
-0.578635573387146,-0.062579907476902,1.2509171962738,0.0329783260822296,-0.0728320106863975,0.723909556865692,0.685246706008911
-0.578987002372742,-0.0626904964447021,1.25095844268799,0.033699557185173,-0.072688415646553,0.723961889743805,0.68517142534256
-0.579010844230652,-0.0627147927880287,1.25130486488342,0.0339015759527683,-0.0731770172715187,0.724011540412903,0.685057103633881
-0.578616619110107,-0.0627849251031875,1.25135672092438,0.0334732457995414,-0.0739967748522758,0.724506080150604,0.684466958045959
-0.578468263149261,-0.0629703179001808,1.25133454799652,0.033309519290924,-0.0744006037712097,0.72485888004303,0.684057474136353
-0.578468263149261,-0.0629703179001808,1.25133454799652,0.033309519290924,-0.0744006037712097,0.72485888004303,0.684057474136353
-0.57807856798172,-0.0635691583156585,1.25104153156281,0.0326072312891483,-0.0751789063215255,0.72616046667099,0.682624280452728
-0.57813435792923,-0.063858151435852,1.25098752975464,0.0326264314353466,-0.074827179312706,0.726196765899658,0.682623386383057
-0.57818078994751,-0.0637482926249504,1.25113964080811,0.0331079810857772,-0.0752950012683868,0.726533055305481,0.682190835475922
-0.578086137771606,-0.0639335960149765,1.25116109848022,0.0331321768462657,-0.0755358636379242,0.726961016654968,0.681706964969635
-0.577971637248993,-0.0640684813261032,1.25116539001465,0.033074751496315,-0.0759636685252189,0.727439999580383,0.681151151657104
-0.5777268409729,-0.0641464367508888,1.25114846229553,0.032933484762907,-0.0768728777766227,0.728286325931549,0.68015068769455
-0.577720165252686,-0.064567707479,1.25102066993713,0.0328247658908367,-0.0767963826656341,0.728820502758026,0.679592192173004
-0.577620387077332,-0.0645780339837074,1.25113654136658,0.0328880213201046,-0.0771523416042327,0.729184627532959,0.67915803194046
-0.577404379844666,-0.065555527806282,1.25061976909637,0.0318513624370098,-0.076069176197052,0.729212045669556,0.679300308227539
-0.577320456504822,-0.0657247155904769,1.25063955783844,0.0317347683012485,-0.0762770324945449,0.729723870754242,0.678732573986053
-0.577379524707794,-0.0654602646827697,1.25084590911865,0.0324228480458259,-0.076586052775383,0.730035841464996,0.678329646587372
-0.577442824840546,-0.0658516362309455,1.2508807182312,0.0323841571807861,-0.0762862712144851,0.73017406463623,0.678216338157654
-0.577309131622314,-0.0660369545221328,1.25092506408691,0.0322974249720573,-0.0765238180756568,0.730680048465729,0.677648723125458
-0.57720947265625,-0.0662047192454338,1.25097036361694,0.0322470404207706,-0.0767315998673439,0.731125712394714,0.677146732807159
-0.576901316642761,-0.0666906982660293,1.25082051753998,0.0315995290875434,-0.0767756775021553,0.731664001941681,0.67659056186676
-0.576901316642761,-0.0666906982660293,1.25082051753998,0.0315995290875434,-0.0767756775021553,0.731664001941681,0.67659056186676
-0.576618373394012,-0.066745139658451,1.25124955177307,0.0318219847977161,-0.078128233551979,0.732886016368866,0.675101101398468
-0.576637625694275,-0.0669732019305229,1.25128197669983,0.0318619310855865,-0.0780649930238723,0.733327865600586,0.674626529216766
-0.576459944248199,-0.0671350136399269,1.25132465362549,0.031710997223854,-0.0782986879348754,0.73368626832962,0.674216747283936
-0.576441943645477,-0.067653477191925,1.2510097026825,0.0313242897391319,-0.0772631168365478,0.733687937259674,0.674352407455444
-0.576376020908356,-0.0678240358829498,1.25105559825897,0.031344685703516,-0.0773615762591362,0.734108507633209,0.67388242483139
-0.576295375823975,-0.0679901391267776,1.25107645988464,0.0313209407031536,-0.0774337351322174,0.734493434429169,0.673455536365509
-0.576280653476715,-0.0679594129323959,1.25137734413147,0.0316256694495677,-0.0779929384589195,0.734931468963623,0.672898769378662
-0.576269268989563,-0.068155825138092,1.2514396905899,0.0317278765141963,-0.0780842751264572,0.735454022884369,0.672312140464783
-0.575989067554474,-0.067962422966957,1.25162291526794,0.031854473054409,-0.0797352641820907,0.737065017223358,0.670345366001129
-0.575953662395477,-0.0681330412626266,1.25165677070618,0.0320911258459091,-0.0797446891665458,0.737450063228607,0.669909298419952
-0.575873970985413,-0.0683301985263824,1.25162386894226,0.0320532359182834,-0.0797512605786323,0.737814784049988,0.669508576393127
-0.575761437416077,-0.0685508102178573,1.25153088569641,0.0320114083588123,-0.0792798772454261,0.737791895866394,0.669591903686523
-0.575768113136292,-0.0687594264745712,1.25155353546143,0.0320887453854084,-0.0792194455862045,0.738268792629242,0.669069409370422
-0.575706958770752,-0.06895512342453,1.2515549659729,0.032065562903881,-0.0792262554168701,0.738710701465607,0.668581664562225
-0.57572215795517,-0.0692674666643142,1.25154840946198,0.0320506207644939,-0.0786661803722381,0.738803029060364,0.668546557426453
-0.57564103603363,-0.0695050060749054,1.25151991844177,0.031972486525774,-0.0786124691367149,0.739239096641541,0.668074429035187
-0.575578987598419,-0.0696828812360763,1.25153362751007,0.0319659076631069,-0.0786276385188102,0.739606499671936,0.667666256427765
-0.575537860393524,-0.0698688104748725,1.251544713974,0.031955249607563,-0.0786282569169998,0.740075647830963,0.667146623134613
-0.575580060482025,-0.0700496733188629,1.25159811973572,0.0320340506732463,-0.0786188319325447,0.740544676780701,0.666623294353485
-0.575432300567627,-0.070112720131874,1.25165605545044,0.0320878103375434,-0.0792392939329147,0.741347253322601,0.665654480457306
-0.575431108474731,-0.0702930688858032,1.2516576051712,0.0320169180631637,-0.0792093724012374,0.74171906709671,0.665247082710266
-0.57550323009491,-0.070424884557724,1.25169658660889,0.0321128740906715,-0.0793590322136879,0.742429971694946,0.664431095123291
-0.57550323009491,-0.070424884557724,1.25169658660889,0.0321128740906715,-0.0793590322136879,0.742429971694946,0.664431095123291
-0.575386464595795,-0.0709583759307861,1.25183987617493,0.0319276861846447,-0.0795513391494751,0.743332087993622,0.663407623767853
-0.575447618961334,-0.0713214576244354,1.25170254707336,0.0318912863731384,-0.0783982202410698,0.74300080537796,0.663917601108551
-0.575447618961334,-0.0713214576244354,1.25170254707336,0.0318912863731384,-0.0783982202410698,0.74300080537796,0.663917601108551
-0.575366914272308,-0.0717663317918777,1.25168561935425,0.0317659564316272,-0.0783680826425552,0.743731021881104,0.663108944892883
-0.575343549251556,-0.0719797387719154,1.25168132781982,0.0317158475518226,-0.0783208385109901,0.744076430797577,0.662729442119598
-0.575376093387604,-0.0717719942331314,1.25187206268311,0.0322895050048828,-0.0788223296403884,0.744493722915649,0.662173449993134
-0.575376093387604,-0.0717719942331314,1.25187206268311,0.0322895050048828,-0.0788223296403884,0.744493722915649,0.662173449993134
-0.575322389602661,-0.0720766335725784,1.2519143819809,0.0322295948863029,-0.0793244019150734,0.745597302913666,0.660873413085938
-0.575236976146698,-0.0729600042104721,1.25134444236755,0.0313068442046642,-0.0781320109963417,0.745654463768005,0.660995244979858
-0.575272500514984,-0.0726134628057479,1.25153243541718,0.0319682620465755,-0.0788193568587303,0.74623566865921,0.660225749015808
-0.575272500514984,-0.0726134628057479,1.25153243541718,0.0319682620465755,-0.0788193568587303,0.74623566865921,0.660225749015808
-0.575219929218292,-0.0730341747403144,1.25143933296204,0.0317865312099456,-0.0786972716450691,0.746814668178558,0.659593999385834
-0.575219929218292,-0.0730341747403144,1.25143933296204,0.0317865312099456,-0.0786972716450691,0.746814668178558,0.659593999385834
-0.575211822986603,-0.0738374590873718,1.25114095211029,0.0312013812363147,-0.0779847130179405,0.747409880161285,0.659032106399536
-0.575690984725952,-0.0739078521728515,1.2512059211731,0.0320242345333099,-0.0769098177552223,0.747431039810181,0.659094989299774
-0.575479090213776,-0.0740270316600799,1.25125157833099,0.0317745804786682,-0.0775356069207191,0.747488915920258,0.658968091011047
-0.575682938098907,-0.0741596817970275,1.25126791000366,0.0320459380745887,-0.0770249217748642,0.747949659824371,0.658491909503937
-0.575868427753448,-0.0750186815857887,1.25117707252502,0.0313842706382274,-0.0765797719359397,0.748425602912903,0.658034682273865
-0.575868427753448,-0.0750186815857887,1.25117707252502,0.0313842706382274,-0.0765797719359397,0.748425602912903,0.658034682273865
-0.57544469833374,-0.0744553655385971,1.25149214267731,0.0318111665546894,-0.0786687210202217,0.748823583126068,0.657314658164978
-0.575417876243591,-0.074775218963623,1.25121581554413,0.031486552208662,-0.0781164765357971,0.748877227306366,0.657334923744202
-0.575408697128296,-0.0750275701284408,1.25111699104309,0.0313138626515865,-0.0779497101902961,0.749018549919128,0.657202005386353
-0.575333416461945,-0.0755885541439056,1.25077545642853,0.0305872540920972,-0.0774035677313804,0.749186635017395,0.657109260559082
-0.575426042079926,-0.0755448937416076,1.25103008747101,0.0308763738721609,-0.0777525827288627,0.749389171600342,0.656823515892029
-0.575604617595673,-0.0753500238060951,1.25127625465393,0.0315015986561775,-0.0784304365515708,0.749891340732574,0.656139671802521
-0.576059997081757,-0.0764916539192199,1.25072526931763,0.0309340823441743,-0.0757507011294364,0.749611020088196,0.656801521778107
-0.576090812683105,-0.0766583681106567,1.25067472457886,0.0308990478515625,-0.0757063701748848,0.74977034330368,0.656626462936401
-0.575713455677032,-0.0763769969344139,1.2507951259613,0.0309731233865022,-0.076642096042633,0.749586701393127,0.656724154949188
-0.575836956501007,-0.0765546411275863,1.2508465051651,0.0311620831489563,-0.0768513903021812,0.749759078025818,0.656493842601776
-0.575895249843597,-0.0767115727066993,1.25080907344818,0.031210845336318,-0.0766858458518982,0.749897420406342,0.656352818012238
-0.575873017311096,-0.0767525285482406,1.2506697177887,0.031189490109682,-0.076356790959835,0.750030815601349,0.656239807605743
-0.576007127761841,-0.0770336836576461,1.25068151950836,0.0311859659850597,-0.0760719403624534,0.750116765499115,0.656174898147583
-0.576273381710052,-0.0767450481653213,1.25084578990936,0.0320244207978248,-0.0762783288955688,0.750302016735077,0.655898690223694
-0.576353967189789,-0.0768504440784454,1.250816822052,0.032173927873373,-0.0761709511280059,0.750434458255768,0.655752122402191
-0.576725900173187,-0.0777819901704788,1.25043630599976,0.0316597111523151,-0.0746678858995437,0.750983834266663,0.655321061611176
-0.576748907566071,-0.0779735222458839,1.2503741979599,0.031578779220581,-0.0745017305016517,0.751109719276428,0.655199587345123
-0.576391339302063,-0.077647253870964,1.25048553943634,0.0315459556877613,-0.0754332244396209,0.750947713851929,0.655280292034149
-0.576535105705261,-0.077755257487297,1.25043320655823,0.031735498458147,-0.075322113931179,0.751020014286041,0.655201137065887
-0.576513588428497,-0.0777635425329208,1.25043416023254,0.0318018160760402,-0.0757975429296493,0.751606583595276,0.654470086097717
-0.576587080955505,-0.0778783038258552,1.2504096031189,0.031826514750719,-0.0756743773818016,0.751727044582367,0.654344797134399
-0.576684951782227,-0.0780141204595565,1.2503844499588,0.0319212116301059,-0.075689747929573,0.751841366291046,0.654206871986389
-0.576717853546143,-0.0781144052743911,1.2503627538681,0.0320189855992794,-0.0754613280296325,0.751946806907654,0.654107451438904
-0.576717853546143,-0.0781144052743911,1.2503627538681,0.0320189855992794,-0.0754613280296325,0.751946806907654,0.654107451438904
-0.57691091299057,-0.0783640146255493,1.25031757354736,0.0321190319955349,-0.0753700286149978,0.752144396305084,0.653885781764984
-0.577433705329895,-0.0789744108915329,1.2501060962677,0.0319898128509521,-0.0740792155265808,0.752599239349365,0.653516173362732
-0.57750803232193,-0.0790965259075164,1.25009417533875,0.0321394242346286,-0.0739955902099609,0.752689957618713,0.653413772583008
-0.577264130115509,-0.0789068937301635,1.25020170211792,0.0321022048592567,-0.0746529996395111,0.752202093601227,0.653902530670166
-0.577397167682648,-0.0790067464113235,1.25015079975128,0.032078132033348,-0.074300117790699,0.752339720726013,0.653785526752472
-0.577504932880402,-0.0791194885969162,1.25013887882233,0.0321114808320999,-0.0741883516311645,0.752414703369141,0.653710246086121
-0.577607452869415,-0.0792045518755912,1.25012695789337,0.0321626402437686,-0.0740887448191642,0.752477586269379,0.653646767139435
-0.577688097953796,-0.0793019086122512,1.25010669231415,0.0321575179696083,-0.0740408450365066,0.752553582191467,0.653564929962158
-0.577780306339264,-0.0793878734111785,1.25009822845459,0.0321827866137027,-0.0739656761288642,0.752603232860565,0.653514981269836
-0.577880382537842,-0.0794678777456283,1.2500878572464,0.0322057530283927,-0.0739175379276275,0.752644002437592,0.653472185134888
-0.577995896339417,-0.0795174986124038,1.2500706911087,0.0321185402572155,-0.0738493055105209,0.752697885036469,0.653422176837921
-0.577995896339417,-0.0795174986124038,1.2500706911087,0.0321185402572155,-0.0738493055105209,0.752697885036469,0.653422176837921
-0.578144013881683,-0.0798941105604171,1.24975311756134,0.0318746380507946,-0.0731524601578712,0.752644300460815,0.653574347496033
-0.578408539295197,-0.0795905143022537,1.24996829032898,0.0325666032731533,-0.0734655633568763,0.752626776695251,0.653525292873383
-0.578408539295197,-0.0795905143022537,1.24996829032898,0.0325666032731533,-0.0734655633568763,0.752626776695251,0.653525292873383
-0.578616082668304,-0.079707995057106,1.24995791912079,0.0326841510832309,-0.0734182372689247,0.75264847278595,0.653499782085419
-0.579033553600311,-0.0797363296151161,1.25025987625122,0.0331743508577346,-0.0731858164072036,0.752434492111206,0.653747379779816
-0.579231142997742,-0.0798127353191375,1.25025546550751,0.0333284437656402,-0.0730354264378547,0.752458095550537,0.653729259967804
-0.579332828521729,-0.0798482373356819,1.25025284290314,0.0333755910396575,-0.0730530023574829,0.752437949180603,0.653748035430908
-0.579439997673035,-0.079913318157196,1.25025975704193,0.0335573405027389,-0.0730539932847023,0.752411425113678,0.653769135475159
-0.579548299312592,-0.0799523591995239,1.25026559829712,0.0336046069860458,-0.0730968043208122,0.752375483512878,0.653803288936615
-0.579600989818573,-0.0798528790473938,1.25027394294739,0.0336933247745037,-0.0734153613448143,0.752618610858917,0.653483092784882
-0.579586565494537,-0.0802379250526428,1.25004291534424,0.0331349335610866,-0.0730900764465332,0.752623081207275,0.653542995452881
-0.580096006393433,-0.0809432417154312,1.24960136413574,0.0328972525894641,-0.0714953169226646,0.75288200378418,0.653433203697205
-0.580216646194458,-0.0809555724263191,1.24961018562317,0.0329908691346645,-0.0715353935956955,0.752833485603333,0.653479993343353
-0.580216646194458,-0.0809555724263191,1.24961018562317,0.0329908691346645,-0.0715353935956955,0.752833485603333,0.653479993343353
-0.580491662025452,-0.0809726193547248,1.24961507320404,0.0331632085144519,-0.0716340169310569,0.752706110477448,0.653607070446014
-0.580635726451874,-0.0809793025255203,1.24960744380951,0.0332891754806041,-0.071686290204525,0.752628028392792,0.653685092926025
-0.580744504928589,-0.0809845626354217,1.24961388111115,0.0333585403859615,-0.0717930868268013,0.752550363540649,0.653759062290192
-0.580582439899445,-0.0801305845379829,1.25000989437103,0.0340546332299709,-0.0733724981546402,0.752108216285706,0.654056668281555
