x,y,z,q0,q1,q2,q3
-0.600491940975189,0.0711026787757873,1.24414646625519,0.026395509019494,0.0351531133055686,-0.671479165554047,-0.739718377590179
-0.600209891796112,0.0711495280265808,1.24414575099945,0.0260347407311201,0.0345818921923637,-0.671787619590759,-0.739478051662445
-0.600009441375732,0.0711389109492302,1.24417173862457,0.0260250605642795,0.0342261716723442,-0.671825528144836,-0.739460527896881
-0.5998615026474,0.0710389390587806,1.2442090511322,0.0259783435612916,0.0335772559046745,-0.671709656715393,-0.739597201347351
-0.599578380584717,0.0710798352956771,1.24418926239014,0.0256055016070604,0.0330586209893226,-0.671251177787781,-0.740049660205841
-0.599408268928528,0.0709500908851623,1.24421763420105,0.0257358662784099,0.0326861888170242,-0.670943439006805,-0.74034059047699
-0.599408268928528,0.0709500908851623,1.24421763420105,0.0257358662784099,0.0326861888170242,-0.670943439006805,-0.74034059047699
-0.598914444446564,0.0709013193845748,1.24420547485352,0.0241980776190757,0.0322289168834686,-0.671232223510742,-0.740150690078735
-0.598914444446564,0.0709013193845748,1.24420547485352,0.0241980776190757,0.0322289168834686,-0.671232223510742,-0.740150690078735
-0.598193109035492,0.0710999369621276,1.2441211938858,0.0243113115429878,0.0305893663316965,-0.670464098453522,-0.74091237783432
-0.597894072532654,0.0710590034723281,1.2440710067749,0.0237910561263561,0.030233234167099,-0.670421659946442,-0.740982353687286
-0.597894072532654,0.0710590034723281,1.2440710067749,0.0237910561263561,0.030233234167099,-0.670421659946442,-0.740982353687286
-0.597308576107025,0.0710877999663353,1.24405801296234,0.0227660313248634,0.029697386547923,-0.670340836048126,-0.741109311580658
-0.596914172172546,0.0711623579263687,1.24406838417053,0.0223612636327743,0.029610926285386,-0.670002460479736,-0.741431057453156
-0.596618235111237,0.0711906850337982,1.24408435821533,0.0220003053545951,0.0295755136758089,-0.670016288757324,-0.741430819034576
-0.596364736557007,0.071209967136383,1.24411153793335,0.0215516220778226,0.0295949280261993,-0.669977009296417,-0.741478741168976
-0.596033215522766,0.0712011754512786,1.24431216716766,0.0215681083500385,0.0293181147426366,-0.670094192028046,-0.741383194923401
-0.595637202262878,0.0713258236646652,1.24432098865509,0.0208454430103302,0.0292345602065324,-0.670255601406097,-0.741261303424835
-0.595637202262878,0.0713258236646652,1.24432098865509,0.0208454430103302,0.0292345602065324,-0.670255601406097,-0.741261303424835
-0.595254063606262,0.0712349116802215,1.2444384098053,0.020228162407875,0.0298209078609943,-0.669485569000244,-0.741950571537018
-0.595089852809906,0.0712457150220871,1.24449944496155,0.0197955220937728,0.0302626006305217,-0.669488131999969,-0.741942048072815
-0.595019042491913,0.0712201744318008,1.24458885192871,0.0182855688035488,0.0314694382250309,-0.669692158699036,-0.741746425628662
-0.594802021980286,0.0712239295244216,1.24466443061829,0.0182302519679069,0.0320907905697822,-0.669644355773926,-0.74176436662674
-0.594618141651154,0.0711737051606178,1.24475121498108,0.0182316470891237,0.0323823764920234,-0.669379889965057,-0.741990327835083
-0.594618141651154,0.0711737051606178,1.24475121498108,0.0182316470891237,0.0323823764920234,-0.669379889965057,-0.741990327835083
-0.594194412231445,0.0711991786956787,1.24496412277222,0.0181330032646656,0.0332721881568431,-0.669414579868317,-0.741922080516815
-0.594194412231445,0.0711991786956787,1.24496412277222,0.0181330032646656,0.0332721881568431,-0.669414579868317,-0.741922080516815
-0.593964755535126,0.0711828768253326,1.24519860744476,0.0180625021457672,0.0333401337265968,-0.66946816444397,-0.741872370243073
-0.593917965888977,0.0711454525589943,1.24524533748627,0.0180788207799196,0.0337597392499446,-0.669248521327972,-0.742051064968109
-0.59382951259613,0.0711295157670974,1.24530076980591,0.0180203840136528,0.034101702272892,-0.669159591197968,-0.742117047309875
-0.593787670135498,0.071037009358406,1.24536788463593,0.0181418005377054,0.0343786180019378,-0.668942391872406,-0.742297053337097
-0.593729197978973,0.0710629746317863,1.24537646770477,0.0191204436123371,0.034157458692789,-0.668343663215637,-0.742821991443634
-0.593747019767761,0.0710201933979988,1.24526381492615,0.018945699557662,0.0350936912000179,-0.667966723442078,-0.743121802806854
-0.593685805797577,0.0709683746099472,1.24531495571136,0.0184735506772995,0.0350020863115787,-0.668072521686554,-0.743042886257172
-0.593678712844849,0.0709110796451568,1.24527060985565,0.0183816570788621,0.0352087169885635,-0.667836248874664,-0.743247747421265
-0.593725323677063,0.0709302127361297,1.24513745307922,0.0177297443151474,0.0352383740246295,-0.667599380016327,-0.743474900722504
-0.593680918216705,0.0708484649658203,1.24508678913116,0.0178484376519918,0.0357776395976543,-0.6674525141716,-0.743578374385834
-0.593706965446472,0.0708325877785682,1.24483895301819,0.0172938033938407,0.0361817702651023,-0.667266130447388,-0.743739008903503
-0.593755424022675,0.0707601532340049,1.24465024471283,0.0158476307988166,0.0370622687041759,-0.667243540287018,-0.743748188018799
-0.593818128108978,0.0707762837409973,1.2444087266922,0.015721084550023,0.0376741774380207,-0.666713356971741,-0.744195580482483
-0.593878746032715,0.0706505998969078,1.24429786205292,0.0183643624186515,0.0361028872430324,-0.667753279209137,-0.743279933929443
-0.593928337097168,0.070704698562622,1.24422609806061,0.0181059055030345,0.0359547100961208,-0.667254626750946,-0.743740916252136
-0.593910396099091,0.0704886317253112,1.24423098564148,0.0177529230713844,0.036184474825859,-0.665968239307404,-0.744890511035919
-0.593910396099091,0.0704886317253112,1.24423098564148,0.0177529230713844,0.036184474825859,-0.665968239307404,-0.744890511035919
-0.593887269496918,0.0704153254628181,1.24410676956177,0.0167764425277709,0.0364431254565715,-0.66566264629364,-0.745173633098602
-0.593931674957275,0.0702069699764251,1.24400353431702,0.0172075629234313,0.0366817079484462,-0.665098130702972,-0.745656073093414
-0.593931674957275,0.0702069699764251,1.24400353431702,0.0172075629234313,0.0366817079484462,-0.665098130702972,-0.745656073093414
-0.593818604946136,0.070032924413681,1.24388647079468,0.017280476167798,0.0361363403499126,-0.664450347423553,-0.746258199214935
-0.593818604946136,0.070032924413681,1.24388647079468,0.017280476167798,0.0361363403499126,-0.664450347423553,-0.746258199214935
-0.593619048595428,0.0698431953787803,1.24381351470947,0.0174061581492424,0.0351000651717186,-0.663968682289124,-0.746733367443085
-0.593502640724182,0.0696369111537933,1.24376285076141,0.0175796058028936,0.0345113351941108,-0.663372218608856,-0.747286558151245
-0.593376815319061,0.0694784373044967,1.24463999271393,0.0205289106816053,0.0325528271496295,-0.662953197956085,-0.747670948505402
-0.593286514282227,0.0695283636450767,1.24445843696594,0.0203418582677841,0.0325679630041122,-0.66242778301239,-0.7481409907341
-0.593050003051758,0.069491758942604,1.24411201477051,0.0194928105920553,0.0324769020080566,-0.66213858127594,-0.748423457145691
-0.593616664409637,0.0693706795573234,1.24408626556396,0.0158710479736328,0.0322782807052135,-0.66303563117981,-0.747723281383514
-0.593408584594727,0.0691533386707305,1.24402809143066,0.0161420963704586,0.0321333892643451,-0.662373065948486,-0.748310744762421
-0.593106806278229,0.0689399689435958,1.24406266212463,0.0164751876145601,0.0313319787383079,-0.662395060062408,-0.748317897319794
-0.592883288860321,0.0689007565379142,1.24405586719513,0.0169519018381834,0.0311890244483947,-0.661997675895691,-0.748664796352386
-0.592673361301422,0.0688170120120048,1.24404382705688,0.0171831473708152,0.0306803472340106,-0.661420524120331,-0.749190628528595
-0.592542469501495,0.0687455236911773,1.24401831626892,0.0175725240260362,0.0303467083722352,-0.66091650724411,-0.749639570713043
-0.592380106449127,0.0685088038444519,1.24404656887054,0.018363069742918,0.030274549499154,-0.660270571708679,-0.750192582607269
-0.591607689857483,0.0685657039284706,1.24400532245636,0.0192653723061084,0.0312966369092464,-0.660670697689056,-0.749775826931
-0.59148770570755,0.0683619901537895,1.244056224823,0.0196958296000957,0.031135955825448,-0.659910321235657,-0.75044047832489
-0.591288149356842,0.0685674473643302,1.24414169788361,0.0235747881233692,0.0290600974112749,-0.659528911113739,-0.750747203826904
-0.590007483959198,0.0684436857700347,1.24414610862732,0.0211349353194236,0.028048725798726,-0.651778817176819,-0.757595539093018
-0.589707374572754,0.0684905126690864,1.24415016174316,0.0206672232598066,0.0281008053570985,-0.650901317596436,-0.758360683917999
-0.589491128921509,0.0684141144156456,1.24425649642944,0.0196067355573177,0.0288403742015361,-0.650561034679413,-0.758652985095978
-0.589159727096558,0.0684271082282066,1.24426782131195,0.0203401762992143,0.0282457694411277,-0.649126350879669,-0.759883940219879
-0.588955402374268,0.0683632716536521,1.24429500102997,0.0200850088149309,0.0284248832613229,-0.648169994354248,-0.760699868202209
-0.588777840137482,0.0682980269193649,1.24428105354309,0.0198260769248008,0.0286303684115409,-0.647368907928467,-0.761380851268768
-0.588544070720673,0.0682626888155937,1.24431097507477,0.0195403322577476,0.0287220254540443,-0.646118819713593,-0.76244592666626
-0.588442921638489,0.0681603923439979,1.24432408809662,0.0196173228323459,0.0289994776248931,-0.645034551620483,-0.763351023197174
-0.588249146938324,0.0680957809090614,1.2443962097168,0.0197931602597236,0.0292957406491041,-0.643489420413971,-0.764638125896454
-0.588196158409119,0.0680030584335327,1.24446523189545,0.0200295597314834,0.0296799018979072,-0.642210960388184,-0.76569128036499
-0.588062107563019,0.0679439678788185,1.24446964263916,0.0197442844510078,0.0301023442298173,-0.641215622425079,-0.766515970230103
-0.58794093132019,0.0679445415735244,1.24421358108521,0.0135986255481839,0.0338852182030677,-0.639459431171417,-0.767957270145416
-0.587743759155273,0.067992478609085,1.24456632137299,0.0198397077620029,0.030749125406146,-0.638533532619476,-0.768723547458649
-0.587743759155273,0.067992478609085,1.24456632137299,0.0198397077620029,0.030749125406146,-0.638533532619476,-0.768723547458649
-0.587415277957916,0.0679080337285995,1.24464583396912,0.0197454262524843,0.0314387753605842,-0.635583996772766,-0.771138548851013
-0.587415277957916,0.0679080337285995,1.24464583396912,0.0197454262524843,0.0314387753605842,-0.635583996772766,-0.771138548851013
-0.587069630622864,0.0681829899549484,1.24469995498657,0.0180479753762483,0.0327133238315582,-0.633263409137726,-0.773034036159515
-0.586926341056824,0.0682383254170417,1.24471259117126,0.0189593527466058,0.0326293557882308,-0.631701111793518,-0.774293005466461
-0.586768984794617,0.0681441575288772,1.24506568908691,0.0196745712310075,0.0323055908083915,-0.629981458187103,-0.775688588619232
-0.586652457714081,0.0682866647839546,1.2450977563858,0.0195621363818645,0.0327940918505191,-0.628764748573303,-0.776657462120056
-0.586436808109283,0.0683433711528778,1.24509835243225,0.0194084104150533,0.0330717265605926,-0.627190709114075,-0.777921319007874
-0.586318254470825,0.0682203918695449,1.24512076377869,0.0193367283791303,0.03334816172719,-0.625852286815643,-0.778988480567932
-0.586167931556702,0.0682767182588577,1.24514758586884,0.0190775282680988,0.0333964377641677,-0.624023258686066,-0.780458748340607
-0.586002051830292,0.0683968067169189,1.24514496326447,0.0187345054000616,0.0335835330188274,-0.622671127319336,-0.781538128852844
-0.586002051830292,0.0683968067169189,1.24514496326447,0.0187345054000616,0.0335835330188274,-0.622671127319336,-0.781538128852844
-0.585757195949554,0.068383976817131,1.24495625495911,0.0181681141257286,0.0345799401402473,-0.619336128234863,-0.784153640270233
-0.58552348613739,0.0683773607015609,1.24495017528534,0.0180897358804941,0.0346707701683044,-0.617542088031769,-0.785565078258514
-0.585420370101929,0.068399041891098,1.24466502666473,0.0162301938980817,0.0360160395503044,-0.616359651088715,-0.786473274230957
-0.585137009620667,0.0684995576739311,1.24446213245392,0.0168099422007799,0.0357389152050018,-0.614224910736084,-0.788142025470734
-0.585251927375793,0.0680524483323097,1.2445467710495,0.0175126492977142,0.0378744453191757,-0.61185759305954,-0.789866507053375
-0.584696888923645,0.068606823682785,1.24495685100555,0.01812294870615,0.0351414196193218,-0.610420763492584,-0.791089832782745
-0.584476470947266,0.068569578230381,1.2443323135376,0.0164959300309419,0.0364119373261928,-0.608579933643341,-0.792485117912292
-0.584241211414337,0.0686153024435043,1.24445748329163,0.0165762659162282,0.0361775644123554,-0.606671035289764,-0.793956339359283
-0.584241211414337,0.0686153024435043,1.24445748329163,0.0165762659162282,0.0361775644123554,-0.606671035289764,-0.793956339359283
-0.583653390407562,0.0687662288546562,1.24441874027252,0.0158846341073513,0.0366066023707389,-0.602734625339508,-0.796943306922913
-0.583377659320831,0.0687867254018783,1.24441647529602,0.01570950075984,0.0365812554955482,-0.600440204143524,-0.798678040504456
-0.583165228366852,0.0687838867306709,1.24440729618073,0.0152308046817779,0.0364288091659545,-0.597923159599304,-0.800580322742462
-0.582817792892456,0.0688624233007431,1.24439024925232,0.0151501344516873,0.0369958020746707,-0.596085906028748,-0.801924705505371
-0.582578957080841,0.0688864737749099,1.24458146095276,0.0141486544162034,0.0376059040427207,-0.594224154949188,-0.803295254707336
-0.58225017786026,0.0688507482409477,1.24467813968658,0.0136640705168247,0.0380207300186157,-0.591662347316742,-0.805172979831696
-0.581964731216431,0.0688817799091339,1.24462592601776,0.0130082871764898,0.0382528938353061,-0.589240908622742,-0.806946456432343
-0.58163321018219,0.0690020322799682,1.24470543861389,0.0130908899009227,0.0387737713754177,-0.587394535541534,-0.808265447616577
-0.581289410591125,0.0689607262611389,1.2445330619812,0.0133938426151871,0.0386373996734619,-0.584878742694855,-0.810089230537415
-0.58092474937439,0.0691965445876121,1.24460315704346,0.0129165649414062,0.0387366451323032,-0.582662343978882,-0.811687886714935
-0.58068060874939,0.069226324558258,1.24524438381195,0.0142858335748314,0.0380042120814323,-0.580440878868103,-0.813289701938629
-0.580344974994659,0.0693244040012359,1.24530041217804,0.0142500093206763,0.0386222079396247,-0.578359186649323,-0.814742863178253
-0.58005166053772,0.0693908557295799,1.24537539482117,0.0138514023274183,0.0389397181570529,-0.576242566108704,-0.816233098506927
-0.579907536506653,0.069373533129692,1.24515986442566,0.0121982507407665,0.0404339469969272,-0.574716210365295,-0.817262291908264
-0.579564094543457,0.0695381686091423,1.24540436267853,0.0127788288518786,0.0403128042817115,-0.572690546512604,-0.818680167198181
-0.57937878370285,0.0695652216672897,1.24520027637482,0.0123044420033693,0.0408403165638446,-0.570623517036438,-0.820103347301483
-0.579036176204681,0.0697324648499488,1.24551558494568,0.0128704961389303,0.0401465073227882,-0.568956673145294,-0.821286082267761
-0.57874196767807,0.0698875859379768,1.24513483047485,0.0117822140455245,0.0411323234438896,-0.566998958587646,-0.82260650396347
-0.581112444400787,0.0647254884243011,1.24629604816437,-0.0004041695210617,0.0164949931204319,-0.563951194286346,-0.825643360614777
-0.580775737762451,0.0647827088832855,1.24632060527802,0.0008421894162893,0.0159135591238737,-0.561854302883148,-0.827082812786102
-0.580519914627075,0.0649157166481018,1.24633646011353,0.0001153998746303,0.0166817642748355,-0.560518205165863,-0.827974081039429
-0.580224335193634,0.0649354606866836,1.24549305438995,-0.0019515897147357,0.0178870353847742,-0.558965027332306,-0.828996002674103
-0.579919397830963,0.0650593638420105,1.24567043781281,-0.0008006081334315,0.0177460275590419,-0.557426810264587,-0.830036044120789
-0.579792976379395,0.0651113614439964,1.24553096294403,-0.0008385289111174,0.0175469554960727,-0.555819153785706,-0.831117630004883
-0.577280044555664,0.0703736096620559,1.24489200115204,0.0140921575948596,0.041510596871376,-0.554921746253967,-0.830746710300446
-0.577053427696228,0.0705658346414566,1.24465870857239,0.0135729368776083,0.0416528582572937,-0.553607702255249,-0.831624507904053
-0.576839447021484,0.0706700980663299,1.24533081054688,0.0158534739166498,0.0403034277260303,-0.552899420261383,-0.832121729850769
-0.576631307601929,0.0707597956061363,1.2452107667923,0.0172760095447301,0.0394439473748207,-0.551141679286957,-0.833299815654755
-0.57657527923584,0.0709154307842254,1.24546945095062,0.0185345858335495,0.0388772413134574,-0.550012707710266,-0.834044992923737
-0.576450347900391,0.0709518641233444,1.244673371315,0.0156110972166061,0.040460530668497,-0.549777328968048,-0.83418470621109
-0.57634425163269,0.0711627602577209,1.24456357955933,0.0156368892639875,0.0404038727283477,-0.549219310283661,-0.834554433822632
-0.576429069042206,0.071515217423439,1.24461245536804,0.0163190588355064,0.0404448136687278,-0.547696888446808,-0.83553946018219
-0.576204478740692,0.0712825208902359,1.24478578567505,0.0170942340046167,0.0396867245435714,-0.547907531261444,-0.835422217845917
-0.576150476932526,0.0714480280876159,1.24479782581329,0.0174708999693393,0.0393599160015583,-0.547639846801758,-0.835605263710022
-0.576069414615631,0.0717649981379509,1.244788646698,0.0176963247358798,0.0391718484461307,-0.54753839969635,-0.835675835609436
-0.576152622699738,0.0723377168178558,1.24533247947693,0.0194577146321535,0.0379733964800834,-0.547105610370636,-0.835975408554077
-0.576102674007416,0.0726828575134277,1.24452698230743,0.0176547970622777,0.0392247959971427,-0.547142744064331,-0.835933446884155
-0.57609087228775,0.0728096514940261,1.24454689025879,0.0192159544676542,0.0381407029926776,-0.546852290630341,-0.83613920211792
-0.576187491416931,0.0730045661330223,1.2445604801178,0.0183395817875862,0.0388505049049854,-0.547479808330536,-0.835715413093567
-0.576281189918518,0.0733735710382461,1.24454438686371,0.01846719160676,0.0389306806027889,-0.547590255737305,-0.835636496543884
-0.57611221075058,0.073253147304058,1.24458503723145,0.0187503062188625,0.0387581065297126,-0.54885858297348,-0.834805607795715
-0.576193273067474,0.0734606385231018,1.24456334114075,0.018842713907361,0.0387855321168899,-0.549234569072723,-0.83455502986908
-0.576193273067474,0.0734606385231018,1.24456334114075,0.018842713907361,0.0387855321168899,-0.549234569072723,-0.83455502986908
-0.57649040222168,0.073841743171215,1.24448561668396,0.0191405061632394,0.038894310593605,-0.550500929355621,-0.8337082862854
-0.576640486717224,0.0741577893495559,1.24442803859711,0.0190054178237915,0.0391162931919097,-0.550799548625946,-0.833503842353821
-0.576854825019836,0.0744004398584365,1.24443745613098,0.0189493224024772,0.0393853895366191,-0.551099121570587,-0.83329439163208
-0.576981544494629,0.0746048986911773,1.24431025981903,0.0187191795557737,0.0395344644784927,-0.552095115184784,-0.832633018493652
-0.576186537742615,0.0776354148983955,1.25900197029114,0.0589023418724536,0.0132487788796424,-0.555678248405457,-0.829202473163605
-0.577518224716187,0.0751139968633651,1.24429976940155,0.0191108789294958,0.0397538393735885,-0.553606986999512,-0.831609070301056
-0.577729463577271,0.0754984468221664,1.24427366256714,0.0189391728490591,0.0399705804884433,-0.554462432861328,-0.831032514572144
-0.578025996685028,0.0757226571440696,1.24444210529327,0.0196620225906372,0.0397692061960697,-0.555533289909363,-0.830309927463531
-0.578257620334625,0.0759849548339843,1.24429786205292,0.0206096656620502,0.0390708521008491,-0.555967330932617,-0.830029606819153
-0.578578472137451,0.076240450143814,1.24421942234039,0.0207100957632064,0.0393665321171283,-0.557160973548889,-0.829212367534637
-0.578903913497925,0.0765625536441803,1.24418807029724,0.020567663013935,0.0394198819994926,-0.55854469537735,-0.828281879425049
-0.579290688037872,0.0767915546894073,1.24421119689941,0.0198833681643009,0.0402896180748939,-0.560110211372375,-0.82719886302948
-0.579635262489319,0.0769022107124328,1.24415349960327,0.0201466344296932,0.0407396145164966,-0.561237394809723,-0.826406002044678
-0.580039381980896,0.0770671069622039,1.24447154998779,0.0211511999368667,0.0404864251613616,-0.562689244747162,-0.825405597686768
-0.580413222312927,0.0773005187511444,1.2443413734436,0.0223959758877754,0.0397941917181015,-0.563483715057373,-0.824864268302917
-0.580771863460541,0.0775357037782669,1.24435389041901,0.0215500313788652,0.0407991856336593,-0.566053569316864,-0.823076248168945
-0.581209659576416,0.0776084214448928,1.24434566497803,0.0220143944025039,0.0413717217743396,-0.567209899425507,-0.822238862514496
-0.581639349460602,0.0779991447925567,1.24430525302887,0.0221489816904068,0.0421199165284633,-0.568729162216187,-0.821147084236145
-0.582168757915497,0.0779998153448104,1.24430632591248,0.0227456968277692,0.0424534194171428,-0.570528507232666,-0.819864332675934
-0.582627832889557,0.0781856477260589,1.24424886703491,0.0242251548916101,0.0422531440854072,-0.571650743484497,-0.819050252437592
-0.585388660430908,0.0732331424951553,1.24505472183228,0.0092326523736119,0.0180780421942472,-0.572979331016541,-0.819318413734436
-0.585817217826843,0.073387786746025,1.24501085281372,0.0095688160508871,0.0184999126940965,-0.574762642383575,-0.818055033683777
-0.586280465126038,0.0736402720212936,1.24575233459473,0.0120272384956479,0.017303017899394,-0.576182425022125,-0.817049503326416
-0.584754109382629,0.0783090591430664,1.24450349807739,0.0267002675682306,0.0446685962378978,-0.577735304832458,-0.814563572406769
-0.585249662399292,0.0782304778695106,1.2445102930069,0.0270534455776214,0.0449256002902984,-0.579469978809357,-0.813304603099823
-0.585560977458954,0.0783399268984794,1.24392712116241,0.0264694485813379,0.0451294146478176,-0.580833315849304,-0.81233948469162
-0.585778951644897,0.0786070898175239,1.24393081665039,0.0252936594188213,0.0435468889772892,-0.583364009857178,-0.810648143291473
-0.586128115653992,0.0788009613752365,1.24384522438049,0.0252490062266588,0.0436119213700294,-0.585686922073364,-0.80896931886673
-0.58651739358902,0.0789921805262565,1.24383473396301,0.0254432559013366,0.0436173602938652,-0.587751924991608,-0.807463943958282
-0.586947858333588,0.0789239481091499,1.24380123615265,0.0254490878432989,0.0434033684432506,-0.589414834976196,-0.806262195110321
-0.587464690208435,0.0790043547749519,1.24381756782532,0.0248554609715938,0.0441935248672962,-0.591768324375153,-0.804511845111847
-0.587856590747833,0.0791095644235611,1.24375069141388,0.0252258162945508,0.0441306941211223,-0.59407502412796,-0.80280202627182
-0.58821302652359,0.079262651503086,1.2436830997467,0.0262202024459838,0.0433602631092071,-0.596050798892975,-0.801346361637115
-0.588559627532959,0.0795460417866706,1.24363541603088,0.026173124089837,0.0432429388165473,-0.598210453987122,-0.799743294715881
-0.589298367500305,0.079189158976078,1.24360680580139,0.027866868302226,0.044124536216259,-0.599863290786743,-0.798398733139038
-0.589298367500305,0.079189158976078,1.24360680580139,0.027866868302226,0.044124536216259,-0.599863290786743,-0.798398733139038
-0.589967250823975,0.0799631178379058,1.2436717748642,0.0273516457527875,0.0425628721714019,-0.605761647224426,-0.794035971164703
-0.590366184711456,0.0799941197037696,1.24377655982971,0.0282956156879663,0.0419337451457977,-0.608316600322723,-0.792080700397491
-0.591157138347626,0.0796022564172744,1.24334454536438,0.0275744665414094,0.044826328754425,-0.610013484954834,-0.790641486644745
-0.591645658016205,0.0798336118459701,1.24397003650665,0.0294404700398445,0.0436164438724517,-0.612532138824463,-0.78869217634201
-0.591748595237732,0.0803357884287834,1.24413394927979,0.0300905741751194,0.0407960340380668,-0.615597188472748,-0.786428928375244
-0.594062447547913,0.0760900452733039,1.24470603466034,0.0166061483323574,0.0152596496045589,-0.617085516452789,-0.786572873592377
-0.59499853849411,0.0764534696936607,1.24453735351562,0.0171120464801788,0.0158559549599885,-0.618226945400238,-0.785653471946716
-0.595320343971252,0.0767716765403747,1.24441766738892,0.0166612081229686,0.0153802474960684,-0.621176064014435,-0.783342957496643
-0.595659136772156,0.0769087597727775,1.24417054653168,0.0153808686882257,0.0164445638656616,-0.624374091625214,-0.780800938606262
-0.596078395843506,0.0771581754088401,1.24411201477051,0.0158221535384655,0.0165221747010946,-0.627200782299042,-0.778521716594696
-0.594528794288635,0.0812901109457016,1.24344682693481,0.0305276531726121,0.0411740392446517,-0.631304740905762,-0.773839294910431
-0.595033049583435,0.0815588533878326,1.24388480186462,0.0317212790250778,0.0398953035473823,-0.633875250816345,-0.771753966808319
-0.595394909381866,0.0813980028033256,1.24382936954498,0.0314117297530174,0.0390076115727424,-0.636493742465973,-0.769654154777527
-0.595394909381866,0.0813980028033256,1.24382936954498,0.0314117297530174,0.0390076115727424,-0.636493742465973,-0.769654154777527
-0.596155226230621,0.0817415043711662,1.24375975131989,0.0311935152858495,0.0383160188794136,-0.641273856163025,-0.765719830989838
-0.596458196640015,0.0819162279367446,1.24372124671936,0.0311979204416275,0.0380056016147136,-0.644322037696838,-0.763172030448914
-0.59691995382309,0.0820386931300163,1.24370431900024,0.0302188005298376,0.0387098714709281,-0.647144079208374,-0.760784506797791
-0.597374141216278,0.0823538824915885,1.24363195896149,0.0311462003737688,0.0380164720118045,-0.649112403392792,-0.759103357791901
-0.597762584686279,0.0825266167521476,1.24357223510742,0.0305921416729688,0.0376578345894813,-0.651725590229034,-0.756901443004608
-0.598149538040161,0.0827188938856124,1.2437527179718,0.0308807957917451,0.0371984653174877,-0.653900563716888,-0.755034327507019
-0.598491609096527,0.0834135860204696,1.24395942687988,0.0305581092834472,0.0353866890072822,-0.656167447566986,-0.753165543079376
-0.598821818828583,0.0836407244205474,1.24372470378876,0.0300547815859317,0.035239215940237,-0.658586144447327,-0.751078724861145
-0.599233508110046,0.0838836804032325,1.2437641620636,0.0298593137413263,0.0343091078102588,-0.660826623439789,-0.749159336090088
-0.599534153938293,0.0841520503163337,1.24371635913849,0.0296015571802854,0.0337558351457119,-0.662567734718323,-0.74765533208847
-0.599788665771484,0.0843175426125526,1.24382257461548,0.0243722833693027,0.0363305993378162,-0.664978086948395,-0.745580554008484
-0.600104033946991,0.0846869200468063,1.24347126483917,0.0234049577265977,0.0363472141325473,-0.667330801486969,-0.743505775928497
-0.600426554679871,0.0848364382982254,1.24346423149109,0.0292047206312418,0.0327447317540645,-0.669232904911041,-0.741756200790405
-0.600811183452606,0.0853219181299209,1.24340295791626,0.0285522174090147,0.0317538678646087,-0.671093165874481,-0.740142166614532
-0.601207375526428,0.0854268223047256,1.2434800863266,0.0292238257825374,0.031321246176958,-0.673185110092163,-0.738232135772705
-0.601920485496521,0.0855948850512504,1.24325060844421,0.0228587575256824,0.0348249487578868,-0.678197503089905,-0.733698189258575
-0.602202892303467,0.0856688767671585,1.24326527118683,0.0232160296291112,0.0340329818427562,-0.680387914180756,-0.731693267822266
-0.602514684200287,0.0859838128089904,1.24358606338501,0.0239696037024259,0.0328624583780765,-0.68222987651825,-0.730005383491516
-0.603620827198029,0.0864734947681427,1.24318063259125,0.0235046315938234,0.0339891798794269,-0.682613611221313,-0.729610204696655
-0.603812277317047,0.0868096500635147,1.24346745014191,0.0241785887628793,0.032765831798315,-0.682564198970795,-0.729690313339233
-0.604216933250427,0.0870288088917732,1.2431914806366,0.0237140748649835,0.032526895403862,-0.684402287006378,-0.727992713451385
-0.604603826999664,0.087380826473236,1.24312138557434,0.0237306952476501,0.0320622958242893,-0.686468482017517,-0.726064801216125
-0.605054974555969,0.0874093472957611,1.24315297603607,0.0234188213944435,0.0320905819535255,-0.689854204654694,-0.722857415676117
-0.605057299137115,0.0878610908985138,1.24324512481689,0.023191824555397,0.0307341441512107,-0.693070948123932,-0.719840407371521
-0.604903519153595,0.0881840512156486,1.24319577217102,0.0229235999286174,0.0292299147695302,-0.693744242191315,-0.719262897968292
-0.605328798294067,0.0882899165153503,1.24315452575684,0.0239707361906766,0.0286180805414915,-0.695421934127808,-0.71763151884079
-0.606182396411896,0.0888183116912841,1.24319291114807,0.024232966825366,0.0285655949264764,-0.695794224739075,-0.71726381778717
-0.606758832931519,0.0889569744467735,1.24356985092163,0.0242144428193569,0.0282050743699073,-0.697280824184418,-0.71583354473114
-0.60700249671936,0.0893860608339309,1.24317598342896,0.0231411829590797,0.0281224977225065,-0.699158132076263,-0.714038908481598
-0.607414126396179,0.0896800607442855,1.24312102794647,0.0231962036341428,0.0274392087012529,-0.700617849826813,-0.712631464004517
-0.607775926589966,0.0899304002523422,1.24291908740997,0.0225207693874835,0.0271868556737899,-0.701647043228149,-0.711649537086487
-0.607381761074066,0.090295061469078,1.24315714836121,0.022478936240077,0.0254349280148744,-0.704664528369904,-0.708728432655334
-0.60834401845932,0.0905801653861999,1.24259650707245,0.0213925093412399,0.0265580415725708,-0.704643368721008,-0.708741724491119
-0.608127474784851,0.0908315107226371,1.24335598945618,-0.0247900784015655,-0.0229973942041397,0.706741034984589,0.706663966178894
-0.608590424060822,0.0910489410161972,1.243292927742,-0.0229878313839435,-0.0238515343517065,0.708266973495483,0.70516699552536
-0.609027564525604,0.0915153175592422,1.24328136444092,-0.0245970096439123,-0.0225063320249319,0.708903610706329,0.704517126083374
-0.609366357326508,0.09175655990839,1.24326038360596,-0.0244676060974597,-0.0220153499394655,0.71001011133194,0.703421950340271
-0.609627783298492,0.0918662175536155,1.2432713508606,-0.0217078682035207,-0.022329231724143,0.713724136352539,0.699734270572662
-0.609793305397034,0.0922565460205078,1.24316871166229,-0.0223719794303178,-0.0216020252555608,0.713306546211243,0.700161933898926
-0.610457956790924,0.0923654213547706,1.2432507276535,-0.022158583626151,-0.0214486420154571,0.715690135955811,0.697736859321594
-0.610456645488739,0.0927386879920959,1.24335157871246,-0.0229450482875108,-0.0200179424136877,0.715562403202057,0.697884917259216
-0.61085033416748,0.0928917974233627,1.24297404289246,-0.0218834765255451,-0.0199598707258701,0.716177999973297,0.697288990020752
-0.611333072185516,0.0931487455964088,1.24299824237823,-0.0224662981927394,-0.020112169906497,0.717076063156128,0.696342468261719
-0.611624360084534,0.0934638679027557,1.24301517009735,-0.0226158760488033,-0.0194893572479486,0.717866897583008,0.695539951324463
-0.611854493618011,0.0937089323997497,1.24303984642029,-0.0224505644291639,-0.0185477342456579,0.718660652637482,0.694751024246216
-0.612371444702148,0.0938021466135978,1.24309086799622,-0.0225016754120588,-0.0186052713543176,0.721170485019684,0.692142069339752
-0.612678229808807,0.0940104350447654,1.24308001995087,-0.0223861336708068,-0.0181851349771022,0.72153639793396,0.691775679588318
-0.612938046455383,0.094228446483612,1.24322128295898,-0.0226839240640401,-0.0176920145750045,0.722050189971924,0.691242456436157
-0.613021850585938,0.0945751518011093,1.24323356151581,-0.0227608736604452,-0.016768742352724,0.722144424915314,0.691164553165436
-0.613421857357025,0.0947544053196907,1.24320149421692,-0.0228740703314542,-0.0167000908404588,0.724030137062073,0.689186573028564
-0.613664567470551,0.0949373543262481,1.24322056770325,-0.0228656344115734,-0.0164103563874959,0.724395215511322,0.688810229301453
-0.613881468772888,0.0951746702194213,1.24321627616882,-0.0229422524571418,-0.0158420801162719,0.723974704742432,0.689263045787811
-0.61427229642868,0.0951574593782424,1.24327158927917,-0.0233767591416835,-0.0154953757300972,0.724311172962189,0.688902616500854
-0.614752531051636,0.0952904224395752,1.24352836608887,-0.0241557192057371,-0.0148395933210849,0.725363850593567,0.687781751155853
-0.614935874938965,0.095420978963375,1.243616938591,-0.0243350602686405,-0.0145240267738699,0.725684523582458,0.687443852424622
-0.614935874938965,0.095420978963375,1.243616938591,-0.0243350602686405,-0.0145240267738699,0.725684523582458,0.687443852424622
-0.615285754203796,0.09589184820652,1.24318969249725,-0.0229105968028306,-0.0149610619992017,0.726084232330322,0.687061190605164
-0.615505456924438,0.0960482358932495,1.24315893650055,-0.0226404182612895,-0.0149977672845125,0.726078033447266,0.687075793743134
-0.615699827671051,0.0961859673261642,1.24309110641479,-0.022410113364458,-0.0149648403748869,0.725928425788879,0.687242269515991
-0.615908920764923,0.0963291823863983,1.24256122112274,-0.0209175515919923,-0.0156515147536993,0.725701570510864,0.687513470649719
-0.616122424602509,0.0964777320623397,1.2425309419632,-0.0213929750025272,-0.0151645820587873,0.724542260169983,0.68873143196106
-0.616427958011627,0.096561774611473,1.24285483360291,-0.0225437078624963,-0.0151190217584371,0.725172281265259,0.688032329082489
-0.616533100605011,0.0966592356562614,1.24289751052856,-0.022806966677308,-0.0147790908813476,0.725008487701416,0.688203513622284
-0.616727471351624,0.096866987645626,1.24287903308868,-0.0230215657502412,-0.0149919595569372,0.72456419467926,0.688659608364105
-0.616810321807861,0.0969415307044982,1.2428994178772,-0.0232386495918035,-0.0146506112068891,0.724314332008362,0.68892240524292
-0.616994440555573,0.0970928519964218,1.24312138557434,-0.024121705442667,-0.0141919674351811,0.723894059658051,0.689343214035034
-0.617155432701111,0.0971485674381256,1.2431184053421,-0.024433234706521,-0.0143244517967104,0.723408102989197,0.689839661121368
-0.617321014404297,0.0972917675971984,1.24314224720001,-0.0250230990350246,-0.0139071736484766,0.723438739776611,0.689794838428497
-0.617436826229095,0.0973450765013694,1.24314308166504,-0.0253528263419866,-0.0137686999514698,0.723101437091827,0.69013911485672
-0.617554187774658,0.0974665805697441,1.24315762519836,-0.0254744291305542,-0.0133633995428681,0.722772538661957,0.690487086772919
-0.617690920829773,0.097602292895317,1.24315786361694,-0.0257482659071683,-0.013170595280826,0.722462713718414,0.690804958343506
-0.617690920829773,0.097602292895317,1.24315786361694,-0.0257482659071683,-0.013170595280826,0.722462713718414,0.690804958343506
-0.617906928062439,0.0976993069052696,1.24309945106506,-0.0265391636639833,-0.0129321431741118,0.721704304218292,0.691571712493896
-0.617995142936707,0.0977694988250732,1.24310040473938,-0.0269793327897787,-0.012680510058999,0.721387267112732,0.691889941692352
-0.61809515953064,0.0979103222489357,1.24280035495758,-0.0262402761727571,-0.0128986397758126,0.721096456050873,0.692217409610748
-0.618178308010101,0.0979182943701744,1.24281692504883,-0.0266386978328228,-0.0127478027716279,0.720669865608215,0.692649245262146
-0.618178308010101,0.0979182943701744,1.24281692504883,-0.0266386978328228,-0.0127478027716279,0.720669865608215,0.692649245262146
-0.61834579706192,0.0980946123600006,1.2428240776062,-0.0273336973041296,-0.0123560046777129,0.720029532909393,0.693294882774353
-0.618340134620667,0.0981708019971847,1.24272167682648,-0.0267931278795003,-0.0124468458816409,0.719172835350037,0.694203078746796
-0.618425190448761,0.0983446091413497,1.24274086952209,-0.0270606409758329,-0.0122774699702858,0.718795537948608,0.694586098194122
-0.618448913097382,0.098455861210823,1.24273669719696,-0.0268812999129295,-0.0125227076932787,0.718232989311218,0.695170402526855
-0.618448913097382,0.098455861210823,1.24273669719696,-0.0268812999129295,-0.0125227076932787,0.718232989311218,0.695170402526855
-0.618611812591553,0.0986463353037834,1.2427693605423,-0.0275616087019443,-0.0123067991808056,0.717183828353882,0.696230053901672
-0.618683576583862,0.0987241715192794,1.2431275844574,-0.0289318691939115,-0.0118711981922388,0.716581642627716,0.696801900863647
-0.618736505508423,0.0988789051771164,1.24319171905518,-0.0294111426919698,-0.0117436815053224,0.716027200222015,0.697353661060333
-0.618736505508423,0.0988789051771164,1.24319171905518,-0.0294111426919698,-0.0117436815053224,0.716027200222015,0.697353661060333
-0.618765115737915,0.0991133898496627,1.2432450056076,-0.0299475900828838,-0.0115537028759717,0.714712738990784,0.698681116104126
-0.618704259395599,0.0992285087704658,1.24326288700104,-0.0300414357334375,-0.0114800008013844,0.713736176490784,0.699675917625427
-0.618674457073212,0.0993477404117584,1.24328088760376,-0.0300611183047294,-0.0115102659910917,0.712612330913544,0.700819313526154
-0.618711352348328,0.0994161367416381,1.24329340457916,-0.0304997507482767,-0.0114583317190408,0.711625933647156,0.701802790164948
-0.618561506271362,0.0995577871799469,1.24331176280975,-0.0310262814164161,-0.0108743822202086,0.7108393907547,0.702585697174072
-0.618464231491089,0.0997587889432907,1.24330043792725,-0.0313485525548458,-0.0108989709988236,0.710015058517456,0.703404009342194
-0.618340909481049,0.0998760461807251,1.24333465099335,-0.0316225029528141,-0.0106538254767656,0.709039390087128,0.704379022121429
-0.618162333965302,0.100179135799408,1.24335443973541,-0.0318826586008071,-0.0099490992724895,0.70850533246994,0.704914629459381
-0.618143081665039,0.100194744765759,1.24315392971039,-0.0330653749406337,-0.0098919896408915,0.707608044147491,0.705761849880219
-0.618031144142151,0.100361838936806,1.24317610263824,-0.0336721614003181,-0.0095374919474124,0.706830024719238,0.706517279148102
-0.617838382720947,0.100561231374741,1.24318611621857,0.0343510396778583,0.0090222544968128,-0.70576286315918,-0.707557499408722
-0.617660999298096,0.100860044360161,1.24315166473389,0.0346463918685913,0.0087516466155648,-0.704903244972229,-0.708402812480927
-0.617517292499542,0.100948803126812,1.2428787946701,0.0345719270408153,0.0091632101684808,-0.703936517238617,-0.709361910820007
-0.617367208003998,0.10115422308445,1.24319088459015,0.0360835343599319,0.0082928221672773,-0.703003227710724,-0.71022230386734
-0.617174863815308,0.101463660597801,1.243248462677,0.036147441715002,0.0077101825736463,-0.701969981193542,-0.711246907711029
-0.616992652416229,0.101558074355125,1.2433420419693,0.0369616784155368,0.0072891628369688,-0.701345205307007,-0.711825668811798
-0.616765379905701,0.101701810956001,1.24339377880096,0.0373547673225402,0.0063805696554481,-0.700729727745056,-0.712419748306274
-0.616681456565857,0.101862192153931,1.24326181411743,0.0379288084805011,0.0065940795466303,-0.700201034545898,-0.712907075881958
-0.616453170776367,0.102002039551735,1.24294483661652,0.0371704027056694,0.0067628449760377,-0.699227333068848,-0.71390026807785
-0.616255402565002,0.102225929498672,1.24294328689575,0.0373463295400142,0.0064537343569099,-0.698381662368774,-0.71472156047821
-0.616014719009399,0.102491959929466,1.2429496049881,0.0374415330588817,0.006209182087332,-0.697502374649048,-0.715576708316803
-0.615745544433594,0.102700755000114,1.24278056621552,0.0374795608222484,0.0065061235800385,-0.696741461753845,-0.716313064098358
-0.615545451641083,0.102879486978054,1.24274504184723,0.0374503470957279,0.0062705748714506,-0.695575177669525,-0.717449188232422
-0.615287184715271,0.103062942624092,1.24258279800415,0.0370905175805091,0.0061743268743157,-0.694432139396667,-0.718575060367584
-0.615082800388336,0.10322493314743,1.24248933792114,0.0373411551117897,0.0059115574695169,-0.693629622459412,-0.719339072704315
-0.614944815635681,0.103304103016853,1.24237012863159,0.0373243652284145,0.005766303744167,-0.69248753786087,-0.720440685749054
-0.614665150642395,0.103477478027344,1.24227929115295,0.0369091443717479,0.0056189941242337,-0.691424965858459,-0.721482992172241
-0.61445415019989,0.103654608130455,1.24242997169495,0.0375016741454601,0.0051561943255364,-0.690772414207458,-0.722080707550049
-0.614175975322723,0.103863641619682,1.24241495132446,0.0376880504190921,0.004959465470165,-0.689920485019684,-0.722886502742767
-0.613950133323669,0.104025214910507,1.24252200126648,0.0382879227399826,0.0045298966579139,-0.689469158649445,-0.723288357257843
-0.613655805587769,0.104348421096802,1.24266862869263,0.0387314967811107,0.0039192424155771,-0.689235270023346,-0.723491132259369
-0.613386690616608,0.104487687349319,1.24250507354736,0.0383371859788894,0.0038759000599384,-0.68864369392395,-0.724075376987457
-0.613134801387787,0.104634150862694,1.24243402481079,0.0380686894059181,0.0037336491513997,-0.687784135341644,-0.72490668296814
-0.612356960773468,0.104863300919533,1.24241030216217,0.036347959190607,0.003623240860179,-0.683244347572327,-0.729275584220886
-0.6122225522995,0.104994714260101,1.24264299869537,0.0371655896306037,0.0029829391278326,-0.683101713657379,-0.729370951652527
-0.612379848957062,0.10505323112011,1.24282705783844,0.0385856255888938,0.0029885473195463,-0.685707747936249,-0.726847350597382
-0.612250328063965,0.105174839496612,1.24288284778595,0.0386360473930835,0.0029545589350163,-0.685696423053741,-0.726855576038361
-0.612083613872528,0.10531659424305,1.24290132522583,0.0385999605059623,0.0029082528781145,-0.68510115146637,-0.727418780326843
-0.611842215061188,0.105418838560581,1.24238049983978,0.0373628884553909,0.0034310836344957,-0.684321105480194,-0.728214859962463
-0.611696064472198,0.105471536517143,1.24237751960754,0.0374772436916828,0.0036626262590289,-0.683538615703583,-0.728942453861237
-0.611494779586792,0.105532929301262,1.24233257770538,0.0375052690505981,0.0038350897375494,-0.682844758033752,-0.7295902967453
-0.611295223236084,0.105627618730068,1.24236011505127,0.0373783968389034,0.003835498355329,-0.681981444358826,-0.730403661727905
-0.611109972000122,0.105712443590164,1.24235868453979,0.0373771339654922,0.0038165897130966,-0.681300163269043,-0.73103940486908
-0.61091160774231,0.105828449130058,1.24269652366638,0.0384307093918323,0.0032307938672602,-0.680537223815918,-0.731697857379913
-0.610668897628784,0.105918228626251,1.24277174472809,0.0385621301829814,0.00308384350501,-0.679518222808838,-0.7326380610466
-0.610366821289062,0.106012918055057,1.24241542816162,0.0373013094067573,0.0035365785006433,-0.678445219993591,-0.733695030212402
-0.609977126121521,0.106089510023594,1.24243807792664,0.0370538793504238,0.0034508618991822,-0.677635788917542,-0.734455645084381
-0.609748601913452,0.106081649661064,1.24261081218719,0.037634965032339,0.003065810771659,-0.67652952671051,-0.735446929931641
-0.609448075294495,0.106162652373314,1.24261748790741,0.0375271439552307,0.002976591931656,-0.675340175628662,-0.736544966697693
-0.609254717826843,0.106285944581032,1.24273133277893,0.0376907959580421,0.0030856495723128,-0.674305140972137,-0.73748391866684
-0.609066128730774,0.106351137161255,1.24291431903839,0.0382524952292442,0.0031442933250218,-0.673387169837952,-0.73829311132431
-0.608765542507172,0.106282278895378,1.24257349967957,0.0370522029697895,0.0037193715106695,-0.672881186008453,-0.738812863826752
-0.60858291387558,0.106381744146347,1.24256336688995,0.0369777604937553,0.0040737716481089,-0.672235250473022,-0.739402294158936
-0.608372449874878,0.106337286531925,1.24259722232819,0.036856435239315,0.004202848765999,-0.671706974506378,-0.739887654781342
-0.608171880245209,0.106272622942924,1.24294805526733,0.0377914458513259,0.00406178785488,-0.671258449554443,-0.740248203277588
-0.607895195484161,0.106291025876999,1.24301338195801,0.0375573560595512,0.004130101762712,-0.670825719833374,-0.740651965141296
-0.607690036296844,0.106190077960491,1.24298965930939,0.0372251980006694,0.0044319289736449,-0.670319557189941,-0.741125047206879
-0.607450544834137,0.106090307235718,1.24307322502136,0.0370772518217563,0.0043188631534576,-0.670036256313324,-0.741389214992523
-0.607243835926056,0.106068566441536,1.24278855323792,0.0357645787298679,0.0047991075552999,-0.669586420059204,-0.74185699224472
-0.607009947299957,0.105990462005138,1.24278891086578,0.0354228988289833,0.0051610544323921,-0.668912529945374,-0.742478728294373
-0.606790482997894,0.105995580554008,1.24279618263245,0.0352212563157081,0.0054151439107954,-0.668660283088684,-0.742713689804077
-0.606573104858398,0.105936340987682,1.24282193183899,0.035100121051073,0.0054589887149631,-0.668403506278992,-0.742950201034546
-0.606394648551941,0.105847895145416,1.24320316314697,0.0360212624073028,0.0051480731926858,-0.667901039123535,-0.743360102176666
-0.606202065944672,0.105734631419182,1.24318838119507,0.0358068346977233,0.0055413390509784,-0.667316555976868,-0.743892431259155
-0.605996906757355,0.105534471571445,1.24323105812073,0.0356576368212699,0.0056411204859614,-0.666956901550293,-0.744221270084381
-0.605719327926636,0.105331212282181,1.24327838420868,0.0356004238128662,0.0059692654758691,-0.666597068309784,-0.744543790817261
-0.60560142993927,0.105153471231461,1.24330151081085,0.0355372689664363,0.006257695145905,-0.66585385799408,-0.745209097862244
-0.605399131774902,0.105045914649963,1.24300050735474,0.0342669859528541,0.0069132726639509,-0.665358006954193,-0.745705604553223
-0.605214655399323,0.10499233007431,1.24300515651703,0.0340002998709678,0.0070008863694965,-0.665105700492859,-0.745941996574402
-0.605084180831909,0.10479536652565,1.2430157661438,0.0339614115655422,0.0073548778891563,-0.664628565311432,-0.746365427970886
-0.604888439178467,0.104700870811939,1.24300611019135,0.0335660129785537,0.0074387388303875,-0.664381086826324,-0.746602892875671
-0.604847252368927,0.10465046018362,1.24298858642578,0.0333968251943588,0.0077303028665483,-0.663801372051239,-0.747122824192047
-0.604782104492188,0.104616835713386,1.243319272995,0.0341904088854789,0.007874890230596,-0.663161635398865,-0.747653543949127
-0.604527235031128,0.104390107095242,1.24295365810394,0.0329896695911884,0.0085594020783901,-0.663240253925323,-0.74763011932373
-0.60425728559494,0.10413197427988,1.24298739433289,0.0328061170876026,0.0083680972456932,-0.663442015647888,-0.747461378574371
-0.604273617267609,0.103872992098331,1.24300944805145,0.0328633300960063,0.0088508278131484,-0.662828385829926,-0.747997522354126
-0.604159712791443,0.103699311614037,1.24336242675781,0.0339462719857692,0.0088233891874551,-0.662599861621857,-0.748151779174805
-0.603938102722168,0.103365756571293,1.24335980415344,0.0336967669427394,0.0089184176176786,-0.662859320640564,-0.747932195663452
-0.603856980800629,0.103226207196712,1.24338173866272,0.0336060598492622,0.0089619867503643,-0.662824094295502,-0.747967004776001
-0.603866934776306,0.103214010596275,1.24281823635101,0.0318309739232063,0.0101950131356716,-0.662542998790741,-0.748277723789215
-0.603662073612213,0.102968938648701,1.24283814430237,0.0316072478890419,0.0103009333834052,-0.662853181362152,-0.74801117181778
-0.603569805622101,0.102781623601913,1.24305009841919,0.0320298187434673,0.0102933282032608,-0.662875115871429,-0.74797385931015
-0.603485286235809,0.102649703621864,1.24290871620178,0.0313537344336509,0.0106184910982847,-0.662947118282318,-0.747933983802795
-0.602943778038025,0.102467082440853,1.24280309677124,0.0344520658254623,0.0084017273038625,-0.658340990543365,-0.75188410282135
-0.602869093418121,0.102178454399109,1.24322521686554,0.0353851653635501,0.0083520915359258,-0.65838760137558,-0.751800537109375
-0.602663040161133,0.101991824805737,1.24322187900543,0.0351275131106376,0.0085081923753023,-0.658754825592041,-0.751489102840424
-0.602573156356812,0.101760044693947,1.24323844909668,0.0349531359970569,0.008770071901381,-0.65884405374527,-0.751415848731995
-0.602573156356812,0.101760044693947,1.24323844909668,0.0349531359970569,0.008770071901381,-0.65884405374527,-0.751415848731995
-0.602559447288513,0.101444281637669,1.24288725852966,0.0336482115089893,0.010063505731523,-0.658652722835541,-0.751626968383789
-0.602384388446808,0.101131945848465,1.24293148517609,0.03345912322402,0.0101759787648916,-0.659026384353638,-0.751306354999542
-0.602338969707489,0.100807704031467,1.24299848079681,0.0334270298480987,0.0103866001591086,-0.659083902835846,-0.751254439353943
-0.602338969707489,0.100807704031467,1.24299848079681,0.0334270298480987,0.0103866001591086,-0.659083902835846,-0.751254439353943
-0.60222190618515,0.100353613495827,1.24296462535858,0.0326867587864398,0.0113893980160355,-0.659294068813324,-0.751087963581085
-0.602317273616791,0.100233562290668,1.24296498298645,0.0324314795434474,0.0117561798542737,-0.659073233604431,-0.751287281513214
-0.602169811725616,0.0998468548059463,1.24298286437988,0.0319991447031497,0.0117582902312278,-0.659411430358887,-0.751008927822113
-0.602169811725616,0.0998468548059463,1.24298286437988,0.0319991447031497,0.0117582902312278,-0.659411430358887,-0.751008927822113
-0.602113008499146,0.0992748215794563,1.24300730228424,0.0313185714185237,0.0125203393399715,-0.659927070140839,-0.750572204589844
-0.602815628051758,0.0989930555224418,1.24352419376373,0.0292977765202522,0.0150943333283066,-0.6645587682724,-0.746508896350861
-0.602622985839844,0.0986276566982269,1.24315643310547,0.0279116407036781,0.0159238371998071,-0.664955973625183,-0.746191024780273
-0.602559149265289,0.0983742624521255,1.24369323253632,0.0291036646813154,0.0156179368495941,-0.664978206157684,-0.74613219499588
-0.601880133152008,0.0981504619121551,1.24361348152161,0.0320470780134201,0.0131273316219449,-0.660680592060089,-0.749867975711823
-0.601858913898468,0.097856305539608,1.24343347549438,0.025529695674777,0.0168170072138309,-0.660906374454498,-0.749845445156097
-0.601800799369812,0.0975413993000984,1.24320030212402,0.0246112458407878,0.0175629500299692,-0.661134421825409,-0.749657988548279
-0.601763308048248,0.0972298234701156,1.24319183826447,0.024446653202176,0.0178878493607044,-0.661396920681,-0.74942421913147
-0.601703584194183,0.0968695059418678,1.24304389953613,0.0293096974492073,0.0155645618215203,-0.661472737789154,-0.749234676361084
-0.601666510105133,0.096581146121025,1.2430419921875,0.0290602967143058,0.0158038847148418,-0.661642968654633,-0.749089002609253
-0.601684510707855,0.0961628034710884,1.24305486679077,0.0285178925842046,0.0161379016935825,-0.661814332008362,-0.748951494693756
-0.601708352565765,0.0958199501037597,1.24305200576782,0.0283915102481842,0.0164279211312532,-0.662296056747437,-0.748523831367493
-0.601687014102936,0.0955480635166168,1.24307334423065,0.0281026735901832,0.0166698396205902,-0.662562668323517,-0.748293340206146
-0.601670622825623,0.0952945575118064,1.2431126832962,0.0279628951102495,0.0168869514018297,-0.662822544574738,-0.748063683509827
-0.601694047451019,0.0949477553367614,1.24334847927094,0.02848288603127,0.016865212470293,-0.663076043128967,-0.747819900512695
-0.601692140102386,0.0945678204298019,1.2434207201004,0.0282316990196704,0.0172234773635864,-0.663325667381287,-0.74759978055954
-0.601619720458984,0.0942307859659195,1.24346613883972,0.0281589683145284,0.017281824722886,-0.663540184497833,-0.747410714626312
-0.601591527462006,0.0939381718635559,1.24345850944519,0.0280432645231485,0.017698997631669,-0.663626611232758,-0.747328758239746
-0.601585507392883,0.0935892015695571,1.24344348907471,0.0279230531305074,0.0180327463895082,-0.663671433925629,-0.74728536605835
-0.601590216159821,0.0932436734437942,1.24343383312225,0.0278810728341341,0.0183085277676582,-0.66367369890213,-0.747278273105621
-0.601565062999725,0.092801421880722,1.24357557296753,0.0224023032933473,0.0218102410435676,-0.663947105407715,-0.747125566005707
-0.601638615131378,0.0923817008733749,1.2434287071228,0.0277114920318126,0.019497949630022,-0.663688778877258,-0.747241020202637
-0.6016606092453,0.092185690999031,1.24344754219055,0.0273596588522195,0.019276088103652,-0.663776755332947,-0.747181534767151
-0.601774632930756,0.0917520821094513,1.24345755577087,0.0271164551377296,0.0192868690937757,-0.663628756999969,-0.747321665287018
-0.601764976978302,0.0913894772529602,1.24323070049286,0.026442889124155,0.0199371688067913,-0.663652002811432,-0.747308135032654
-0.601766407489777,0.0910571292042732,1.24321830272675,0.0263696871697902,0.0201708972454071,-0.663688540458679,-0.747271955013275
-0.601770281791687,0.0907298624515533,1.24324297904968,0.0263313967734575,0.020702488720417,-0.664222002029419,-0.746784567832947
-0.601787567138672,0.0903989672660827,1.24330759048462,0.0263528525829315,0.0209657959640026,-0.66432774066925,-0.746682584285736
-0.601817309856415,0.0900686830282211,1.24330377578735,0.0262230262160301,0.0212867558002471,-0.664465487003326,-0.746555209159851
-0.601822078227997,0.0897490978240966,1.24332177639008,0.026041654869914,0.0216521676629781,-0.664604842662811,-0.746427118778229
-0.601862370967865,0.0894287526607513,1.24330961704254,0.0257645454257726,0.0225850827991962,-0.665138125419617,-0.745933830738068
-0.60194343328476,0.0889395698904991,1.24338793754578,0.0258154943585395,0.0231472048908472,-0.664829075336456,-0.746190428733826
-0.601998448371887,0.0885620862245559,1.24361026287079,0.0262458473443985,0.0232654940336942,-0.66475510597229,-0.746237635612488
-0.60196441411972,0.0882281810045242,1.24360990524292,0.0258059538900852,0.0234464090317487,-0.664968430995941,-0.746057212352753
-0.602002859115601,0.0878422632813453,1.24360179901123,0.0255045108497142,0.0238277912139892,-0.664964854717255,-0.746058762073517
-0.602498054504395,0.0873464047908783,1.2437629699707,0.0201604757457971,0.0274325590580701,-0.668239533901215,-0.743166923522949
-0.602367043495178,0.0870475769042968,1.24358582496643,0.0191597007215023,0.027933357283473,-0.668715059757233,-0.742746889591217
-0.602360010147095,0.0866517126560211,1.24363541603088,0.0189675614237785,0.0283817034214735,-0.667446792125702,-0.743874669075012
-0.602413892745972,0.0862498432397842,1.24366939067841,0.018808240070939,0.0287375599145889,-0.667229771614075,-0.74405974149704
-0.602450907230377,0.0859329849481582,1.24367690086365,0.0189960952848196,0.028887465596199,-0.667093873023987,-0.74417108297348
-0.602385878562927,0.0858209282159805,1.24370932579041,0.0186472050845623,0.0288215298205614,-0.665647506713867,-0.745476484298706
-0.602503597736359,0.0853253006935119,1.24376547336578,0.0191259291023015,0.0293777100741863,-0.666878819465637,-0.744341254234314
-0.602620005607605,0.0848308354616165,1.24380147457123,0.0193513128906488,0.0297404341399669,-0.66650253534317,-0.744658052921295
-0.602691948413849,0.0844663679599762,1.24380469322205,0.0194730386137962,0.0298772826790809,-0.666322827339172,-0.744810044765472
-0.602705597877502,0.0842255502939224,1.24399530887604,0.0199754498898983,0.029605709016323,-0.666436076164246,-0.744706332683563
-0.603158473968506,0.0837418735027313,1.24387753009796,0.0201228540390729,0.0308948326855897,-0.66612046957016,-0.744932353496552
-0.603166520595551,0.0835066437721252,1.24385845661163,0.0200513992458581,0.0308083184063434,-0.666152775287628,-0.74490886926651
-0.603256225585938,0.0831203907728195,1.2438850402832,0.0204258039593696,0.0308634862303733,-0.665982604026794,-0.745048701763153
-0.60336035490036,0.0827090516686439,1.24404859542847,0.0212285257875919,0.0308513976633548,-0.665740489959717,-0.745243012905121
-0.60353422164917,0.0823425278067588,1.24401664733887,0.0215621087700128,0.0312514826655387,-0.665339946746826,-0.745574533939362
-0.60353422164917,0.0823425278067588,1.24401664733887,0.0215621087700128,0.0312514826655387,-0.665339946746826,-0.745574533939362
-0.603670239448547,0.0816496983170509,1.24414825439453,0.0229841377586126,0.0312538407742977,-0.662926733493805,-0.747678518295288
-0.603869020938873,0.0811143964529037,1.2443505525589,0.0241079982370138,0.0314679443836212,-0.662341296672821,-0.748152792453766
-0.604004621505737,0.0807792544364929,1.24377059936523,0.0225392039865255,0.0327863469719886,-0.661928594112396,-0.748510360717773
-0.604598939418793,0.0805561691522598,1.24394702911377,0.0219799298793077,0.0310685336589813,-0.660767197608948,-0.749625504016876
-0.60482782125473,0.0801888108253479,1.24399125576019,0.0220908783376216,0.0313406661152839,-0.660047471523285,-0.750244677066803
-0.605115711688995,0.0798726677894592,1.24406921863556,0.0218845829367637,0.0316773131489753,-0.659002900123596,-0.75115442276001
-0.605299711227417,0.0795165300369262,1.24412047863007,0.0221542548388242,0.0323366522789001,-0.658270239830017,-0.751760482788086
-0.60552841424942,0.0791551396250724,1.24415969848633,0.0219634100794792,0.0330739505589008,-0.657216250896454,-0.752655625343323
-0.605341851711273,0.0788512900471687,1.24420189857483,0.0230437293648719,0.0353858098387718,-0.657094955444336,-0.752624154090881
-0.605545580387115,0.0784039124846458,1.24423718452454,0.0237679108977317,0.0358266644179821,-0.655073463916779,-0.754341065883636
-0.605611681938171,0.0781107693910598,1.24416470527649,0.0291425753384828,0.0335333198308944,-0.653616726398468,-0.755520761013031
-0.605911433696747,0.0777204185724258,1.24432444572449,0.0234007481485605,0.0374438539147377,-0.652339816093445,-0.75663948059082
-0.606114625930786,0.0774971544742584,1.24423897266388,0.0288448054343462,0.0353998132050037,-0.651317715644836,-0.757430016994476
-0.606353998184204,0.077208861708641,1.24425053596497,0.0287795886397361,0.0361137129366397,-0.650116741657257,-0.758429825305939
-0.606736183166504,0.0767631158232688,1.24428582191467,0.0287053976207971,0.0371617451310157,-0.648489654064178,-0.759773731231689
-0.607004821300507,0.0763740614056587,1.24435949325562,0.0283927638083696,0.0378266051411628,-0.647206902503967,-0.76084578037262
-0.607142984867096,0.0762475654482841,1.24430370330811,0.0281263645738363,0.0384183973073959,-0.645769357681274,-0.762046575546265
-0.607350945472717,0.0759795978665351,1.24425530433655,0.0279246643185615,0.0390743650496006,-0.643852651119232,-0.763640761375427
-0.607599318027496,0.0757476687431335,1.24385380744934,0.0267911329865455,0.04048652946949,-0.642142653465271,-0.765046417713165
-0.607943892478943,0.0752439275383949,1.24429881572723,0.0283535085618495,0.040557537227869,-0.640025079250336,-0.766758739948273
-0.608043193817139,0.0750386863946914,1.24430572986603,0.0279640275985002,0.0411751084029674,-0.637921512126923,-0.768491268157959
-0.608328223228455,0.0747153535485267,1.24440622329712,0.02806231752038,0.0417103841900825,-0.635721504688263,-0.770279884338379
-0.608417272567749,0.0744796171784401,1.24442291259766,0.0279011260718107,0.0421934500336647,-0.633983135223389,-0.771690726280212
-0.608742833137512,0.073821485042572,1.24418544769287,0.0286803282797336,0.0446294508874416,-0.63022780418396,-0.77459579706192
-0.608850121498108,0.0734654888510704,1.2442444562912,0.0287923719733953,0.0449406020343303,-0.628000915050507,-0.776380181312561
-0.608927011489868,0.0732245743274688,1.24399089813232,0.0276721399277448,0.0460107438266277,-0.625109612941742,-0.778688192367554
-0.608822405338287,0.0733810514211654,1.24412667751312,0.0263522323220968,0.0447687432169914,-0.623064398765564,-0.780443549156189
-0.608797311782837,0.0731177031993866,1.24414074420929,0.0260638501495122,0.0456747375428676,-0.620639503002167,-0.782330632209778
-0.608702003955841,0.0729022100567817,1.24436211585999,0.0259452667087316,0.0455313511192798,-0.617799341678619,-0.784587621688843
-0.608712315559387,0.0725938528776168,1.24439120292664,0.0250500813126564,0.0460067093372345,-0.614990532398224,-0.786792635917664
-0.608783960342407,0.0722115933895111,1.24443745613098,0.0247435234487056,0.0463173277676105,-0.611826121807098,-0.789247393608093
-0.608926594257355,0.0714451819658279,1.24420380592346,0.0253555066883564,0.0488966330885887,-0.607678174972534,-0.792271077632904
-0.608849763870239,0.0712888985872268,1.24423325061798,0.019011365249753,0.0523136816918849,-0.604462206363678,-0.79468697309494
-0.608849763870239,0.0712888985872268,1.24423325061798,0.019011365249753,0.0523136816918849,-0.604462206363678,-0.79468697309494
-0.608313083648682,0.0713007748126983,1.24440801143646,0.021069798618555,0.0493924990296363,-0.600243270397186,-0.798012912273407
-0.608333051204681,0.0708346366882324,1.2445240020752,0.0213607866317033,0.0493730083107948,-0.596613049507141,-0.800723969936371
-0.608333051204681,0.0708346366882324,1.2445240020752,0.0213607866317033,0.0493730083107948,-0.596613049507141,-0.800723969936371
-0.608073174953461,0.0703670680522918,1.24481415748596,0.020988043397665,0.0497890152037143,-0.591161131858826,-0.804741621017456
-0.607856929302216,0.0701382905244827,1.24479627609253,0.0202983263880014,0.0501385293900966,-0.58850485086441,-0.806682169437408
-0.607693791389465,0.0698222368955612,1.24457240104675,0.0190886091440916,0.0512482151389122,-0.585262954235077,-0.808997333049774
-0.607447922229767,0.0696530267596244,1.24441528320312,0.0193651113659143,0.0510393902659416,-0.582773625850677,-0.810798943042755
-0.607284963130951,0.069365456700325,1.24434697628021,0.0187224745750427,0.0514489784836769,-0.580264329910278,-0.812585830688477
-0.607100486755371,0.0691351518034935,1.24441480636597,0.0184640400111675,0.0511153414845466,-0.577658414840698,-0.814467310905457
-0.607100486755371,0.0691351518034935,1.24441480636597,0.0184640400111675,0.0511153414845466,-0.577658414840698,-0.814467310905457
-0.606737375259399,0.068711370229721,1.24503421783447,0.0195101201534271,0.0508159957826137,-0.573316216468811,-0.817524135112762
-0.606600880622864,0.0684994831681251,1.24398851394653,0.0164040904492139,0.0526910051703453,-0.570570886135101,-0.819392085075378
-0.606308579444885,0.0684464871883392,1.24436628818512,0.0172120258212089,0.0521060302853584,-0.5689617395401,-0.820531010627747
-0.606312334537506,0.0679451748728752,1.24448382854462,0.0165150109678506,0.0526704899966716,-0.566575467586517,-0.822158932685852
-0.608147919178009,0.0628129094839096,1.2454297542572,0.0028742323629558,0.027987303212285,-0.565403819084167,-0.824334323406219
-0.608003675937653,0.0626038238406181,1.24552059173584,0.0027098809368908,0.0281375292688608,-0.563417911529541,-0.825688421726227
-0.605931043624878,0.0673873648047447,1.24471247196198,0.0162352435290813,0.0528111681342124,-0.561468839645386,-0.825651407241821
-0.60553765296936,0.0675282254815101,1.24439668655396,0.0149329006671905,0.0534148775041103,-0.560150265693665,-0.826532244682312
-0.605477929115295,0.0673183649778366,1.24514782428741,0.0170835126191377,0.0520008504390716,-0.55890691280365,-0.827422022819519
-0.605322003364563,0.0672093033790588,1.24471473693848,0.0170111544430255,0.0520469434559345,-0.557646751403809,-0.828270375728607
-0.605355978012085,0.0669849887490272,1.24472236633301,0.0173713490366935,0.0522126667201519,-0.555779576301575,-0.829506635665894
-0.605359375476837,0.0668741390109062,1.24470448493958,0.0164232607930898,0.0531802996993064,-0.555203437805176,-0.829850196838379
-0.605348706245422,0.0667298957705497,1.24477124214172,0.0167655367404222,0.0530220381915569,-0.554543733596802,-0.83029443025589
-0.60526031255722,0.0666510611772537,1.24478149414062,0.0168913155794143,0.0529074780642986,-0.554247975349426,-0.830496728420258
-0.605296909809113,0.0665895789861679,1.24482941627502,0.0172148402780294,0.0528202392160892,-0.553646981716156,-0.830896377563477
-0.605229079723358,0.0665346980094909,1.24572002887726,0.0197867415845394,0.0510954707860946,-0.553426802158356,-0.831093668937683
-0.60530686378479,0.0663850158452987,1.24601745605469,0.0208031143993139,0.0503390133380889,-0.553142130374908,-0.831304430961609
-0.605270087718964,0.0664817094802856,1.24470782279968,0.0174946691840887,0.0527188219130039,-0.553056418895721,-0.831290185451508
-0.605270087718964,0.0664817094802856,1.24470782279968,0.0174946691840887,0.0527188219130039,-0.553056418895721,-0.831290185451508
-0.605372428894043,0.0662749707698822,1.24471950531006,0.0182846337556839,0.0525536984205246,-0.553283214569092,-0.831132650375366
-0.605405986309052,0.0662266537547111,1.2446174621582,0.0182590652257204,0.052641075104475,-0.553533136844635,-0.830961287021637
-0.605435311794281,0.066173568367958,1.24461209774017,0.0184045154601335,0.0525678098201751,-0.553835153579712,-0.83076149225235
-0.605551481246948,0.0661240369081497,1.24460852146149,0.0185930747538805,0.052524659782648,-0.554041028022766,-0.830622673034668
-0.605590760707855,0.0660408735275268,1.2446061372757,0.0186841897666454,0.0524300821125507,-0.55456417798996,-0.830277442932129
-0.60478800535202,0.0678653866052627,1.25986683368683,0.0606210827827453,0.0252620093524456,-0.55804717540741,-0.827206254005432
-0.604482769966125,0.0682506337761879,1.2597987651825,0.0599923804402351,0.0250086709856987,-0.559540390968323,-0.826250553131104
-0.604569494724274,0.0681781023740768,1.25977337360382,0.0600322410464286,0.0249591581523418,-0.560588538646698,-0.825538396835327
-0.60463285446167,0.0681255161762237,1.25976276397705,0.0601175688207149,0.0248757135123014,-0.561212778091431,-0.82511043548584
-0.605785548686981,0.06582011282444,1.24444890022278,0.0185649506747722,0.05198809877038,-0.558354437351227,-0.827763915061951
-0.605827867984772,0.0657735764980316,1.2453465461731,0.0209835972636938,0.0501142255961895,-0.559205174446106,-0.827247142791748
-0.605969369411469,0.0656326562166214,1.24439632892609,0.0186255630105733,0.0516474023461341,-0.560232579708099,-0.826513826847076
-0.606092691421509,0.0654840320348739,1.24529564380646,0.0221990551799535,0.0488369315862655,-0.560870170593262,-0.82616400718689
-0.606195747852325,0.0654099360108375,1.24528455734253,0.0224252920597791,0.0486902706325054,-0.561762154102325,-0.82556015253067
-0.606322169303894,0.0653104707598686,1.24527609348297,0.022734310477972,0.048561718314886,-0.562919318675995,-0.824770867824554
-0.606484353542328,0.0650843828916549,1.24543690681458,0.0236584246158599,0.0484296791255474,-0.56400328874588,-0.824011623859406
-0.606609642505646,0.0650157332420349,1.24541616439819,0.0226326547563076,0.049118336290121,-0.565296471118927,-0.823113024234772
-0.606813430786133,0.0647771656513214,1.2442889213562,0.0199793148785829,0.051131147891283,-0.566471576690674,-0.822250783443451
-0.606908798217773,0.0647285431623458,1.24434006214142,0.0200134143233299,0.0508552566170692,-0.56769186258316,-0.821425080299377
-0.607008278369904,0.0646101161837577,1.24416399002075,0.0194236300885677,0.0509504452347755,-0.568836271762848,-0.820641279220581
-0.607167780399323,0.0645875185728073,1.24424695968628,0.019659562036395,0.0505483970046043,-0.570533871650696,-0.819481253623962
-0.607347726821899,0.0642993748188018,1.24420952796936,0.0197729375213384,0.0508027635514736,-0.571470022201538,-0.818810164928436
-0.607555091381073,0.0641628056764602,1.24432969093323,0.0202517472207546,0.0506235733628273,-0.573010325431824,-0.817732453346252
-0.607625067234039,0.0640687569975853,1.244349360466,0.0199923105537891,0.0503674522042274,-0.574570655822754,-0.816659033298492
-0.607895493507385,0.064065434038639,1.24421954154968,0.0195127949118614,0.0508957840502262,-0.575579822063446,-0.815926969051361
-0.608103334903717,0.063927948474884,1.24419164657593,0.0192125905305147,0.0509222634136676,-0.57734888792038,-0.814681708812714
-0.60794073343277,0.0636500120162963,1.24432873725891,0.0203033778816461,0.0496265105903148,-0.579128623008728,-0.813471019268036
-0.608104050159454,0.0635509639978408,1.24462854862213,0.0196870770305395,0.0496688373386859,-0.581331193447113,-0.811911046504974
-0.609922170639038,0.0589432604610919,1.24540293216705,0.0056578782387077,0.0245663747191429,-0.582961678504944,-0.812108516693115
-0.610078394412994,0.0589919090270996,1.24532055854797,0.0055458187125623,0.0248894002288579,-0.584548056125641,-0.81095826625824
-0.610047459602356,0.0587770938873291,1.24521338939667,0.0048825195990502,0.0245134271681308,-0.586335361003876,-0.809682786464691
-0.610078752040863,0.0587675422430038,1.24517238140106,0.004694283939898,0.0246090963482856,-0.58832198381424,-0.808238565921783
-0.610084891319275,0.0588641613721847,1.24521088600159,0.004637740086764,0.0244249813258647,-0.589980125427246,-0.807034969329834
-0.610209345817566,0.0584993511438369,1.24532902240753,0.0047401841729879,0.0240941271185874,-0.591971457004547,-0.805584728717804
-0.610184013843536,0.0584637150168418,1.24533951282501,0.0048101064749062,0.0239565167576074,-0.594124376773834,-0.804001986980438
-0.610149562358856,0.0584765262901783,1.24492299556732,0.0047142733819782,0.0234199352562427,-0.596019387245178,-0.802614688873291
-0.610169649124146,0.0583986937999725,1.24579286575317,0.0067952452227473,0.0215071197599172,-0.598054528236389,-0.80113810300827
-0.610194623470306,0.0584250502288341,1.24596846103668,0.006154307629913,0.021731037646532,-0.600977957248688,-0.798946440219879
-0.610108494758606,0.0585671812295913,1.24542653560638,0.0057464186102151,0.0216005481779575,-0.602709650993347,-0.797647535800934
-0.608383595943451,0.0627712607383728,1.2448478937149,0.018534867092967,0.04706547036767,-0.606296718120575,-0.79362815618515
-0.608335614204407,0.0628877505660057,1.24484014511108,0.0198362488299608,0.0458683893084526,-0.60792201757431,-0.792422533035278
-0.608393013477325,0.0628295838832855,1.24496746063232,0.0192217864096164,0.0462214052677154,-0.610860645771027,-0.790154099464417
-0.608287394046783,0.0626539662480354,1.24528431892395,0.0198526140302419,0.0447526462376117,-0.613384783267975,-0.788265407085419
-0.608264744281769,0.062830701470375,1.2452620267868,0.0198901128023862,0.0445177182555198,-0.616294741630554,-0.786004722118378
-0.608389258384705,0.0628734827041626,1.24523913860321,0.0201513804495334,0.0447346158325672,-0.618859171867371,-0.783968210220337
-0.608289480209351,0.0629559978842735,1.24521279335022,0.0211238097399473,0.0437154993414878,-0.621135532855988,-0.782197892665863
-0.608343660831451,0.063007965683937,1.24522542953491,0.021277654916048,0.0432501658797264,-0.623940825462341,-0.779983758926392
-0.608328521251678,0.0630444511771202,1.24523055553436,0.0212385524064302,0.043116558343172,-0.626958310604095,-0.777568817138672
-0.60827773809433,0.0630954727530479,1.24538636207581,0.0216976758092641,0.0424323230981826,-0.629454553127289,-0.775574564933777
-0.60840380191803,0.0630931928753852,1.24546897411346,0.0206212177872657,0.0427162423729896,-0.632842540740967,-0.772826194763184
-0.608436405658722,0.0631101578474044,1.24543154239655,0.0204721074551343,0.0427450127899646,-0.635631799697876,-0.770536184310913
-0.608412384986877,0.0629271790385246,1.2453339099884,0.0203678086400032,0.0425499938428401,-0.638164699077606,-0.768453359603882
-0.608394742012024,0.0629309639334678,1.24517273902893,0.0206528268754482,0.0418188832700252,-0.640709161758423,-0.766365766525269
-0.60848069190979,0.0630512610077858,1.24518322944641,0.0201878398656845,0.0416082181036472,-0.643541872501373,-0.764012515544891
-0.609314501285553,0.0630794838070869,1.24525165557861,0.0184912867844104,0.0444045811891555,-0.6529421210289,-0.755878925323486
-0.609274625778198,0.0631950721144676,1.24521994590759,0.0178186912089586,0.0440886914730072,-0.655557692050934,-0.753646373748779
-0.609379351139069,0.0632946491241455,1.24524283409119,0.0172744393348693,0.0441645644605159,-0.657858610153198,-0.751647114753723
-0.609322190284729,0.0633317679166793,1.24525117874146,0.0160109102725982,0.0444635823369026,-0.659590780735016,-0.750137805938721
-0.609380662441254,0.0632151886820793,1.24528288841248,0.0154544245451688,0.0445112250745296,-0.661413609981537,-0.748539924621582
-0.609371364116669,0.0635441988706588,1.2453008890152,0.014268641360104,0.0445302687585353,-0.663070559501648,-0.747094988822937
-0.609647572040558,0.0629518255591392,1.24567317962646,0.0158087704330682,0.0455808863043785,-0.663750886917114,-0.746396124362946
-0.608888208866119,0.0636780858039856,1.24572265148163,0.0155678912997245,0.0420334264636039,-0.66432923078537,-0.746094882488251
-0.609076023101807,0.0637475550174713,1.24561190605164,0.0151321282610297,0.0423738807439804,-0.667092621326447,-0.743614852428436
-0.608911871910095,0.0639723539352417,1.24507319927216,0.0123024843633174,0.0434927903115749,-0.668330192565918,-0.742490351200104
-0.608839809894562,0.0644468292593956,1.24460542201996,0.0109751531854271,0.0437146909534931,-0.670223772525787,-0.740789294242859
-0.609011828899384,0.0642106980085372,1.24525892734528,0.0124706663191318,0.0430885329842567,-0.671765089035034,-0.739404916763306
-0.609112799167633,0.0643338114023208,1.24546682834625,0.0123168909922242,0.042398102581501,-0.673517942428589,-0.737851142883301
-0.609112799167633,0.0643338114023208,1.24546682834625,0.0123168909922242,0.042398102581501,-0.673517942428589,-0.737851142883301
-0.60936975479126,0.0648024305701255,1.24460625648499,0.0081115588545799,0.0448076017200946,-0.677351117134094,-0.734249234199524
-0.609366893768311,0.0651007890701294,1.24460828304291,0.0073592094704508,0.0444796234369277,-0.679962158203125,-0.731859982013702
-0.609602093696594,0.0652004554867744,1.24520254135132,0.0084652500227093,0.0438598543405532,-0.681360840797424,-0.730583429336548
-0.609688282012939,0.0654298216104507,1.24519729614258,0.0080141993239521,0.0436931997537612,-0.683510422706604,-0.728587925434113
-0.609720945358276,0.0657491236925125,1.24525427818298,0.0047635063529014,0.0446869283914566,-0.686033725738525,-0.726180613040924
-0.609747350215912,0.0659153386950492,1.24522256851196,0.0050034248270094,0.0441029109060764,-0.687450587749481,-0.724873542785645
-0.610384345054626,0.0661721974611282,1.24514973163605,0.0051428554579615,0.0445570722222328,-0.688712239265442,-0.723645985126495
-0.610114276409149,0.0665563568472862,1.24508428573608,0.0053693572990596,0.0433052070438861,-0.691409230232239,-0.721144378185272
-0.610254406929016,0.0668104663491249,1.2444189786911,0.0031402464956045,0.0440822355449199,-0.693715333938599,-0.718892276287079
-0.610269665718079,0.0668879076838493,1.2444874048233,0.0025536122266203,0.0431833714246749,-0.695972323417664,-0.716764509677887
-0.610743939876556,0.0670185387134552,1.24561333656311,0.00363425235264,0.042640171945095,-0.697566509246826,-0.715240895748138
-0.610991835594177,0.0671261176466941,1.24545347690582,0.003131311153993,0.0424445606768131,-0.699530720710754,-0.713334083557129
-0.61114376783371,0.067145712673664,1.24559164047241,0.0032751848921179,0.041736401617527,-0.701476573944092,-0.711461842060089
-0.611283838748932,0.0670705139636993,1.24545764923096,0.0027807413134723,0.0413844212889671,-0.70343005657196,-0.709553301334381
-0.611503601074219,0.067372165620327,1.24474489688873,0.0025811302475631,0.0412931106984615,-0.704473078250885,-0.70852392911911
-0.611794233322144,0.0672930255532264,1.24485003948212,-0.0010028494289144,-0.0419245213270187,0.706572234630585,0.706397294998169
-0.611970067024231,0.0671684592962265,1.24499499797821,-0.0014177121920511,-0.0411131866276264,0.708008646965027,0.705004692077637
-0.612158238887787,0.0675379782915115,1.24546110630035,-0.002489503705874,-0.0399990379810333,0.709520816802979,0.703544080257416
-0.612442672252655,0.0677874088287353,1.24541234970093,-0.0027306899428367,-0.0399621054530143,0.711124181747437,0.701924443244934
-0.61249977350235,0.0678688213229179,1.24546301364899,-0.0026578609831631,-0.039144966751337,0.712368309497833,0.700708329677582
-0.6126669049263,0.0679477900266647,1.24531066417694,-0.0069918893277645,-0.0369616150856018,0.713385999202728,0.699760973453522
-0.612883508205414,0.0680604130029678,1.24534332752228,-0.007246961351484,-0.0363941714167594,0.714742302894592,0.698402941226959
-0.613066911697388,0.0680721029639244,1.24532473087311,-0.0074706133455038,-0.0359518192708492,0.715599298477173,0.697545170783997
-0.613249540328979,0.0681042969226837,1.24537432193756,-0.0045094224624335,-0.0369030870497226,0.716665387153625,0.69642561674118
-0.613767802715302,0.0682285204529762,1.24529123306274,-0.0032679801806807,-0.0382381752133369,0.719201147556305,0.693741381168365
-0.613777577877045,0.0683872625231742,1.24520444869995,-0.00289410748519,-0.038151815533638,0.720308780670166,0.692597508430481
-0.613743305206299,0.0686928927898407,1.2452552318573,-0.0034248521551489,-0.0371183305978775,0.71992439031601,0.693050861358643
-0.6138796210289,0.0687302127480506,1.24457466602325,-0.0014003255637362,-0.0377608798444271,0.721001982688904,0.691901862621307
-0.613967597484589,0.0688474625349044,1.24456143379211,-0.0055140662007033,-0.0357733406126499,0.721861064434052,0.691090881824493
-0.614132404327393,0.0690322667360305,1.24458396434784,-0.0053855935111641,-0.0356970280408859,0.722833335399628,0.690078914165497
-0.614385426044464,0.0691387504339218,1.24458944797516,-0.0054635615088045,-0.0359546579420566,0.72326785326004,0.689609408378601
-0.614468336105347,0.0693264752626419,1.24459707736969,-0.0054493094794452,-0.0358803905546665,0.724290430545807,0.688539266586304
-0.614610910415649,0.0694261044263839,1.24505031108856,-0.0065231183543801,-0.0350906699895858,0.725460708141327,0.687337636947632
-0.614788413047791,0.0694137513637542,1.24511671066284,-0.0068137580528855,-0.0349110774695873,0.725879788398743,0.686901211738586
-0.614920675754547,0.0695428699254989,1.24510204792023,-0.0066906958818435,-0.0349688902497291,0.72663277387619,0.686102986335754
-0.615018308162689,0.0697400346398353,1.24510681629181,-0.0065095163881778,-0.034978162497282,0.727489650249481,0.685195684432983
-0.61511242389679,0.0699354037642479,1.24502813816071,-0.0062516122125089,-0.0352129563689231,0.728293061256409,0.684331953525543
-0.61530876159668,0.070060059428215,1.24498379230499,-0.0064101880416274,-0.0354069508612155,0.728902697563171,0.683671116828918
-0.615399181842804,0.0701872706413269,1.24497854709625,-0.0062103443779051,-0.0351691357791423,0.729739248752594,0.682792186737061
-0.615551114082336,0.0702256336808204,1.24517428874969,-0.0069468221627175,-0.0348650924861431,0.729979574680328,0.682543814182281
-0.615623295307159,0.0703986287117004,1.24514555931091,-0.006978889927268,-0.0348745994269847,0.73055511713028,0.681927084922791
-0.6158167719841,0.070478469133377,1.245121717453,-0.0061430470086634,-0.0353448875248432,0.731331706047058,0.681077718734741
-0.61598527431488,0.0705290287733078,1.24495494365692,-0.0071212793700397,-0.0350798182189464,0.731610774993896,0.680782079696655
-0.616139888763428,0.0706634670495987,1.24496626853943,-0.0076077370904386,-0.0350803285837173,0.731964528560638,0.680396676063538
-0.616168141365051,0.0708199962973594,1.24493885040283,-0.007987355813384,-0.0346935391426086,0.73231166601181,0.680038452148438
-0.616238117218018,0.0709466263651847,1.24492609500885,-0.0084018530324101,-0.0344820283353328,0.732607007026672,0.67972606420517
-0.616275608539581,0.0710893422365188,1.24493682384491,-0.0085995951667428,-0.0337893888354301,0.732968807220459,0.679368197917938
-0.616364121437073,0.0711813643574714,1.24493563175201,-0.009077108465135,-0.0335181839764118,0.733235239982605,0.67908787727356
-0.616364121437073,0.0711813643574714,1.24493563175201,-0.009077108465135,-0.0335181839764118,0.733235239982605,0.67908787727356
-0.61645519733429,0.0714235305786132,1.24488925933838,-0.009818728081882,-0.0329015702009201,0.733472168445587,0.678851842880249
-0.616564452648163,0.07145906239748,1.24492216110229,-0.0061744889244437,-0.0343459732830524,0.733779609203339,0.678490877151489
-0.616714656352997,0.0714998692274093,1.24507033824921,-0.0065966169349849,-0.034228790551424,0.734120666980743,0.678123831748962
-0.616840243339539,0.0715221166610717,1.24505829811096,-0.0070672761648893,-0.0340731553733348,0.733806848526001,0.678466320037842
-0.616836786270142,0.0716586858034133,1.24505245685577,-0.0072717242874205,-0.0335173793137073,0.733922302722931,0.678366959095001
-0.616848468780518,0.0718265622854232,1.24502778053284,-0.008472841233015,-0.0328633412718772,0.733526527881622,0.678812861442566
-0.617026150226593,0.0718511193990707,1.24480509757996,-0.0073563517071306,-0.0336780995130538,0.734504520893097,0.67772775888443
-0.617201387882233,0.0718883126974105,1.24497544765472,-0.0085479654371738,-0.033114269375801,0.734501302242279,0.677745163440704
-0.617196917533875,0.0720287039875984,1.24496555328369,-0.0087776845321059,-0.0328797474503517,0.73460990190506,0.677635908126831
-0.617253720760345,0.072117306292057,1.24498963356018,-0.0092045534402132,-0.0326431281864643,0.734449803829193,0.677815079689026
-0.617255032062531,0.0721692889928817,1.24500441551208,-0.0095368884503841,-0.032231505960226,0.734391450881958,0.677893459796906
-0.617327570915222,0.0723315998911857,1.24497127532959,-0.0098550142720341,-0.0322460196912288,0.734137833118439,0.678162753582001
-0.617387413978577,0.0723723396658897,1.24509811401367,-0.0106508405879139,-0.031930174678564,0.733766198158264,0.678567826747894
-0.617314994335175,0.0725612714886665,1.24507939815521,-0.0109055368229746,-0.0315077826380729,0.732622802257538,0.679817736148834
-0.617540299892426,0.0725456029176712,1.24508810043335,-0.0110968984663486,-0.0317556262016296,0.73248016834259,0.67995673418045
-0.617480933666229,0.0727206468582153,1.24503755569458,-0.0112117733806371,-0.0315250195562839,0.73216700553894,0.680302917957306
-0.617519378662109,0.0728394612669944,1.24503111839294,-0.0118534108623862,-0.0312535464763641,0.73144394159317,0.681081891059875
-0.61731231212616,0.0730077400803566,1.24502408504486,-0.0123864030465483,-0.030680488795042,0.729982495307922,0.682664513587952
-0.617332935333252,0.0731638669967651,1.24497330188751,-0.0126582626253366,-0.0304338056594133,0.729382336139679,0.683311879634857
-0.617468059062958,0.0732624977827072,1.24499034881592,-0.0133147174492478,-0.0306490212678909,0.728442013263702,0.684292197227478
-0.617437839508057,0.0735674872994422,1.24495267868042,-0.0134053835645318,-0.0303309429436922,0.728007435798645,0.68476676940918
-0.617527961730957,0.07369264960289,1.24494397640228,-0.0135541623458266,-0.0303580928593873,0.728100180625916,0.684664070606232
-0.617522537708282,0.0738468915224075,1.24492025375366,-0.0137323942035436,-0.030074467882514,0.727470636367798,0.685342013835907
-0.617462337017059,0.0739044845104217,1.24492514133453,-0.0139633901417255,-0.0298020951449871,0.725547850131989,0.687384366989136
-0.617497265338898,0.0740624442696571,1.24499380588531,-0.0143635803833603,-0.0295888036489486,0.72474730014801,0.688229382038116
-0.61737859249115,0.0743327438831329,1.24498999118805,-0.015010823495686,-0.02919945679605,0.723438203334808,0.689608216285706
-0.617379248142242,0.0745096355676651,1.24498498439789,-0.015013855881989,-0.0290947239845991,0.72270792722702,0.690377831459045
-0.617366135120392,0.0746737048029899,1.24502158164978,-0.0151288155466318,-0.0289491601288318,0.721848905086517,0.691279411315918
-0.617370545864105,0.07476157695055,1.24501121044159,-0.0156167857348918,-0.0287254080176353,0.721378087997437,0.691769361495972
-0.617370545864105,0.07476157695055,1.24501121044159,-0.0156167857348918,-0.0287254080176353,0.721378087997437,0.691769361495972
-0.617430627346039,0.0750232636928558,1.24503779411316,-0.0149388518184423,-0.0288290046155452,0.720393240451813,0.692805588245392
-0.61719274520874,0.0755204930901527,1.24492311477661,-0.0180363748222589,-0.0267297364771366,0.71780264377594,0.69549959897995
-0.617159962654114,0.0756129473447799,1.24500370025635,-0.0164187345653772,-0.0271979346871376,0.717246651649475,0.696094870567322
-0.61714094877243,0.07593534886837,1.2449506521225,-0.0174345001578331,-0.0267784558236598,0.716092050075531,0.697274148464203
-0.616993248462677,0.0761474519968032,1.24494349956512,-0.0177205167710781,-0.0262825824320316,0.715287923812866,0.698110580444336
-0.616895079612732,0.0763037428259849,1.24498093128204,-0.016911631450057,-0.0264123864471912,0.714109480381012,0.699331104755402
-0.616801023483276,0.0765303522348404,1.24495577812195,-0.0168339423835277,-0.0261861179023981,0.712886452674866,0.700588285923004
-0.616795778274536,0.0767736360430717,1.24505817890167,-0.0171317253261804,-0.0259083677083253,0.711836397647858,0.701658248901367
-0.616680860519409,0.0769826173782348,1.24499034881592,-0.017073294147849,-0.0261611491441726,0.710778534412384,0.702721834182739
-0.616751670837402,0.077076643705368,1.24497056007385,-0.0165063440799713,-0.0267171133309602,0.711028635501862,0.702461361885071
-0.616672992706299,0.0773277282714843,1.24492073059082,-0.0165211912244558,-0.0264574773609638,0.709499716758728,0.704015076160431
-0.616544127464294,0.0776102840900421,1.24492704868317,-0.0170060154050588,-0.025940453633666,0.708350479602814,0.705179035663605
-0.616432130336761,0.0778013095259666,1.2450464963913,-0.0176994390785694,-0.0255080312490463,0.707365155220032,0.706166207790375
-0.616315305233002,0.0780717134475708,1.24502193927765,0.0183467976748943,0.0254654623568058,-0.70555317401886,-0.707961738109589
-0.616211116313934,0.0784504860639572,1.24501001834869,0.0177687425166368,0.0254492778331041,-0.705252289772034,-0.708276748657227
-0.616070985794067,0.078645259141922,1.24497544765472,0.0182195995002985,0.0251446478068828,-0.703275084495544,-0.710239291191101
-0.615887582302094,0.0790069997310638,1.24494087696075,0.0170450955629348,0.0248348861932754,-0.703125596046448,-0.710427582263947
-0.615800380706787,0.0793918520212173,1.24490547180176,0.016681645065546,0.0248350519686937,-0.702225267887115,-0.711326122283936
-0.615564942359924,0.079677790403366,1.24492335319519,0.0168927945196628,0.0245497711002826,-0.699792981147766,-0.713723957538605
-0.615635871887207,0.0797564834356308,1.24490213394165,0.0161805637180805,0.0249574519693851,-0.700336337089539,-0.713193297386169
-0.615520834922791,0.0800093784928321,1.24494743347168,0.0163531564176082,0.0249225702136755,-0.69960606098175,-0.713906824588776
-0.615281045436859,0.0803999602794647,1.24492084980011,0.016728788614273,0.0243993140757083,-0.697483420372009,-0.71599018573761
-0.615299999713898,0.0806643068790435,1.2448662519455,0.0165903773158788,0.0247893650084733,-0.696475505828857,-0.716960430145264
-0.615208208560944,0.0809323340654373,1.2449107170105,0.0164449326694011,0.0246791318058967,-0.695474565029144,-0.717938661575317
-0.615114808082581,0.0811668410897255,1.24445915222168,0.0152871394529938,0.0251440200954675,-0.694740474224091,-0.71865838766098
-0.615203738212585,0.0812825709581375,1.24445736408234,0.0151789020746946,0.025449039414525,-0.695263922214508,-0.718143463134766
-0.615151524543762,0.0815909504890441,1.24485111236572,0.01646064594388,0.0248163826763629,-0.694065570831299,-0.719295680522919
-0.614754498004913,0.0819902420043945,1.24477362632751,0.0221613477915525,0.0215494167059659,-0.691031336784363,-0.722163498401642
-0.615176022052765,0.0821702182292938,1.24496448040009,0.0187146160751581,0.0240212697535753,-0.693938076496124,-0.719390511512756
-0.614508330821991,0.0825264379382133,1.244797706604,0.0216931458562612,0.0215135160833597,-0.688728272914886,-0.724375665187836
-0.614599883556366,0.0825960785150528,1.24477458000183,0.021274259313941,0.0215653944760561,-0.687271237373352,-0.72576904296875
-0.614363372325897,0.0830104947090148,1.24465572834015,0.0203902181237936,0.0214478466659784,-0.686402797698975,-0.726619124412537
-0.614324569702148,0.0830689221620559,1.24472975730896,0.0147706866264343,0.0243473723530769,-0.684893727302551,-0.728086292743683
-0.614196836948395,0.0833008661866188,1.24452984333038,0.0196323096752166,0.0222378671169281,-0.684249758720398,-0.72864431142807
-0.614047348499298,0.0835526511073112,1.24454092979431,0.0196234304457902,0.0220188330858945,-0.683308660984039,-0.729533731937408
-0.613940834999084,0.0837564915418624,1.24454259872437,0.01957668364048,0.0218551252037286,-0.682709336280823,-0.730100870132446
-0.61382532119751,0.0840224474668502,1.24459767341614,0.0197970736771821,0.0214817505329847,-0.682051420211792,-0.730720579624176
-0.61375617980957,0.0842191874980926,1.24460935592651,0.0198078155517578,0.0213107485324144,-0.681693971157074,-0.731058776378632
-0.613638579845428,0.0845355987548828,1.24459934234619,0.0196530222892761,0.0209469851106405,-0.681678175926208,-0.731088161468506
-0.613580763339996,0.0846980363130569,1.24458026885986,0.0197390560060739,0.0208282191306352,-0.681284546852112,-0.73145604133606
-0.613591730594635,0.0848283544182777,1.24465835094452,0.0200022794306278,0.0207220762968063,-0.680997550487518,-0.731719136238098
-0.613556623458862,0.0849768444895744,1.24469411373138,0.0144249070435762,0.0234033856540918,-0.680549383163452,-0.732186317443848
-0.613482296466827,0.0851936191320419,1.2445821762085,0.0195587519556283,0.0206048265099525,-0.680613994598389,-0.732091248035431
-0.61349093914032,0.0852818712592125,1.24457859992981,0.0196222234517335,0.0206900164484977,-0.680398046970367,-0.7322878241539
-0.613449215888977,0.0854611992835998,1.24482381343842,0.0202489029616117,0.0202519092708826,-0.680418431758881,-0.73226410150528
-0.613496124744415,0.085532933473587,1.2448228597641,0.0202128533273935,0.0203925352543592,-0.68017566204071,-0.732486605644226
-0.613512754440308,0.0856576710939407,1.24482190608978,0.0201009139418602,0.0204714611172676,-0.680025339126587,-0.732627272605896
-0.613559246063232,0.0857239067554473,1.24482774734497,0.0198780596256256,0.0205483622848987,-0.679834246635437,-0.732808470726013
-0.613604366779327,0.085801251232624,1.24479591846466,0.0196616612374782,0.0207374617457389,-0.679653942584991,-0.732976019382477
-0.613622784614563,0.0858865827322006,1.24481165409088,0.0194682925939559,0.0208872072398662,-0.679536402225494,-0.733085989952087
-0.613685488700867,0.0859322845935821,1.24487316608429,0.019436040893197,0.0211013313382864,-0.679371654987335,-0.733233451843262
-0.613745808601379,0.0859841108322143,1.24473512172699,0.0133251845836639,0.0242727566510438,-0.679309129714966,-0.733329653739929
-0.613796234130859,0.0860474482178688,1.24486422538757,0.0188393481075763,0.0216734372079372,-0.67912358045578,-0.733462154865265
-0.613852143287659,0.0860699862241745,1.24465811252594,0.017844570800662,0.022415617480874,-0.679005265235901,-0.733574211597443
-0.613922119140625,0.0860976576805114,1.24468243122101,0.0175019297748804,0.0227810591459274,-0.678897202014923,-0.733671069145203
-0.613992154598236,0.0861120820045471,1.24465596675873,0.0169252399355173,0.0232887230813503,-0.678798973560333,-0.733759582042694
-0.614147365093231,0.086042582988739,1.24464082717896,0.0166922695934772,0.0242971591651439,-0.678429901599884,-0.734073519706726
-0.614224195480347,0.0860520005226135,1.24458909034729,0.0159516390413045,0.0249255523085594,-0.678257048130035,-0.734228610992432
-0.614325642585754,0.0860309600830078,1.24502468109131,0.0111851785331964,0.0274926666170358,-0.67817634344101,-0.734299600124359
-0.614476084709167,0.0860041454434394,1.24506831169128,0.0099609764292836,0.0285297557711601,-0.678605973720551,-0.733880758285522
-0.614530026912689,0.0859502702951431,1.24510729312897,0.0091706486418843,0.0291481036692857,-0.678362727165222,-0.734091520309448
-0.614649176597595,0.0859365463256836,1.24512183666229,0.0086738904938101,0.0297381021082401,-0.678200960159302,-0.734223365783691
-0.61466521024704,0.0858803540468216,1.24514281749725,0.0081138750538229,0.0301901623606681,-0.678260505199432,-0.734156250953674
-0.614781677722931,0.0858513712882995,1.24513185024261,0.0076414430513978,0.0307577159255743,-0.678070783615112,-0.734313130378723
-0.614810407161713,0.0857395976781845,1.24482703208923,0.0060792271979153,0.0315718725323677,-0.677982091903687,-0.734375
-0.614879608154297,0.0856402441859245,1.24484288692474,0.0056265224702656,0.0320577174425125,-0.677824795246124,-0.734502792358398
-0.614960610866547,0.0854721516370773,1.24488282203674,0.0053562107495963,0.0324905179440975,-0.677796959877014,-0.734511435031891
-0.615012764930725,0.0853699818253517,1.2448935508728,0.0050885817036032,0.0329055488109588,-0.67771303653717,-0.734572350978851
-0.615073323249817,0.0852737724781036,1.24492132663727,0.0049615134485065,0.0332206338644027,-0.677636444568634,-0.734629511833191
-0.615141928195953,0.0851367264986038,1.24492740631104,0.0047686235047876,0.0335627160966396,-0.677591681480408,-0.734656631946564
-0.615195333957672,0.0850229412317276,1.24493813514709,0.0047373031266033,0.0337945520877838,-0.677563488483429,-0.73467230796814
-0.615246593952179,0.0849239751696586,1.2449426651001,0.0048121958971023,0.033938955515623,-0.677627921104431,-0.734605729579926
-0.61525559425354,0.0847705230116844,1.24496150016785,0.0048502520658075,0.0338517092168331,-0.677917301654816,-0.734342277050018
-0.615385174751282,0.0846985131502151,1.24497628211975,0.0051616532728075,0.0341104678809642,-0.67787766456604,-0.734364867210388
-0.615620970726013,0.0844464376568794,1.24500715732574,0.0053939567878842,0.0343315638601779,-0.680056393146515,-0.732335686683655
-0.615701854228973,0.084330603480339,1.24498546123505,0.0056690317578613,0.0343496203422546,-0.680340945720673,-0.732068479061127
-0.615940809249878,0.084141120314598,1.2449699640274,0.0060968506149947,0.0344328433275222,-0.680232882499695,-0.732161402702332
-0.61578893661499,0.0841354951262474,1.24495530128479,0.0065859085880219,0.0334823206067085,-0.679379940032959,-0.732992887496948
-0.615900099277496,0.0839651674032211,1.24493360519409,0.0070090563967823,0.0334925688803195,-0.679884731769562,-0.732520163059235
-0.616014897823334,0.0838195979595184,1.2449334859848,0.0074307103641331,0.0333984158933162,-0.680444002151489,-0.732000946998596
-0.61609673500061,0.0837040841579437,1.24492490291595,0.0076736267656087,0.0333666391670703,-0.681021451950073,-0.731462776660919
-0.616468548774719,0.0833797752857208,1.24494099617004,0.0079761017113924,0.0338530987501144,-0.683548510074615,-0.729075908660889
-0.616355121135712,0.0834569260478019,1.24485778808594,0.0084697687998414,0.03329723700881,-0.683191299438477,-0.729430794715881
-0.616489291191101,0.0832673236727714,1.24478948116302,0.0085016805678606,0.0335168130695819,-0.683735072612762,-0.728910684585571
-0.616642355918884,0.0831067413091659,1.24482297897339,0.008746588602662,0.0336324460804462,-0.684588491916656,-0.728100955486298
-0.616875290870667,0.0829105675220489,1.24490892887115,0.0091893477365374,0.0334809496998786,-0.685496091842651,-0.727248013019562
-0.617107689380646,0.0827149823307991,1.24520671367645,0.0102375447750091,0.0334747917950153,-0.685958206653595,-0.726798534393311
-0.617323637008667,0.082470566034317,1.24494647979736,0.0091714579612016,0.0337568819522857,-0.686729252338409,-0.726071238517761
-0.617514789104462,0.0822862833738327,1.24527263641357,0.0099752051755785,0.034118041396141,-0.687055826187134,-0.725734710693359
-0.617591559886932,0.0820386409759521,1.24528193473816,0.0101019591093063,0.0344999395310878,-0.68759697675705,-0.725202143192291
-0.617765724658966,0.0819175988435745,1.24497544765472,0.0088854450732469,0.0352324917912483,-0.688380181789398,-0.72443950176239
-0.617939293384552,0.0816449746489524,1.2451446056366,0.0095712933689355,0.0352961346507072,-0.689159274101257,-0.723686456680298
-0.618073582649231,0.0814872682094574,1.24508261680603,0.0091888010501861,0.0356494709849357,-0.6895552277565,-0.723296821117401
-0.618179202079773,0.081298142671585,1.24510741233826,0.0090030180290341,0.0358298532664775,-0.689937710762024,-0.722925424575806
-0.618324875831604,0.0811008065938949,1.24518811702728,0.0091784857213497,0.0358700864017009,-0.690524697303772,-0.722360730171204
-0.618454694747925,0.0809338986873626,1.24530529975891,0.0088652353733778,0.0362302362918853,-0.691088259220123,-0.721807360649109
-0.618546724319458,0.0807111486792564,1.24533820152283,0.0085921287536621,0.0366502106189727,-0.691475927829742,-0.721418082714081
-0.618619859218597,0.0805714428424835,1.24532806873322,0.0083859181031584,0.0369219072163105,-0.691876411437988,-0.721022367477417
-0.618715524673462,0.080487921833992,1.24568593502045,0.0094080362468957,0.0366150140762329,-0.692722797393799,-0.720212519168854
-0.618811190128326,0.0803393870592117,1.24567902088165,0.00939283054322,0.0369530022144317,-0.693308115005493,-0.719631969928741
-0.618893682956696,0.0801960900425911,1.24533331394196,0.0082054557278752,0.0377010963857173,-0.693728744983673,-0.719202160835266
-0.618978559970856,0.0799665600061416,1.24533307552338,0.0081236753612756,0.0379341579973697,-0.693924248218536,-0.719002187252045
-0.619038343429565,0.0797889828681945,1.24535703659058,0.0080846892669796,0.0380696728825569,-0.694325149059296,-0.718608379364014
-0.619016647338867,0.0797204971313476,1.24529564380646,0.0100021604448556,0.0371945239603519,-0.694612324237823,-0.718352556228638
-0.619070529937744,0.079501025378704,1.24538350105286,0.0080309426411986,0.0381859131157398,-0.695008873939514,-0.717941761016846
-0.619102895259857,0.0792848467826843,1.24469244480133,0.0061091454699635,0.0391966328024864,-0.695111572742462,-0.71780663728714
-0.619098484516144,0.0791686996817588,1.24468755722046,0.0082176905125379,0.0381256565451622,-0.695348799228668,-0.717613399028778
-0.619158864021301,0.0789036080241203,1.2452152967453,0.0077941175550222,0.0381441786885261,-0.695893228054047,-0.717089176177979
-0.619140326976776,0.0787204653024673,1.24518251419067,0.0077277324162423,0.0380123518407344,-0.696262121200562,-0.716738760471344
-0.619139075279236,0.0785625055432319,1.245157122612,0.0076357326470315,0.0378573536872863,-0.696632325649261,-0.716388046741486
-0.619109988212585,0.078398197889328,1.24515080451965,0.007763176690787,0.037746425718069,-0.696918308734894,-0.716114342212677
-0.619078993797302,0.0782320797443389,1.24512827396393,0.0077805258333683,0.0376355499029159,-0.697241365909576,-0.715805530548096
-0.619081139564514,0.0781339779496193,1.24470520019531,0.0070803496055305,0.0379247479140758,-0.697959721088409,-0.715097010135651
-0.619049966335297,0.0779530853033065,1.24469518661499,0.0071771168150007,0.037732183933258,-0.698345899581909,-0.714729189872742
-0.618984580039978,0.0778245255351066,1.24467313289642,0.007290446665138,0.0375171117484569,-0.698719441890717,-0.714374184608459
-0.618961334228516,0.0776445120573043,1.2446882724762,0.0075675346888601,0.037318866699934,-0.698938429355621,-0.714167535305023
-0.618868052959442,0.0775471925735473,1.2450053691864,0.0128983836621046,0.034661091864109,-0.698951601982117,-0.71421217918396
-0.61880898475647,0.077409878373146,1.24464631080627,0.0119580356404185,0.0349321439862251,-0.699270129203796,-0.713903367519379
-0.618729591369629,0.0772827789187431,1.24464344978333,0.0120139168575406,0.0348235219717025,-0.699622273445129,-0.713562786579132
-0.618921041488647,0.0768978148698806,1.24505388736725,0.0086250295862555,0.0365934409201145,-0.701611578464508,-0.711567163467407
-0.61868292093277,0.0768901407718658,1.24497222900391,0.0091837588697671,0.036116324365139,-0.700758397579193,-0.712424695491791
-0.618623018264771,0.0767312049865722,1.24497950077057,0.0090445848181843,0.0361485071480274,-0.701034605503082,-0.712153077125549
-0.618635833263397,0.0765064358711242,1.2449756860733,0.0088734151795506,0.0363501720130443,-0.702006042003632,-0.711187303066254
-0.618589282035828,0.0763391405344009,1.24497509002686,0.0088072260841727,0.0363666824996471,-0.702429354190826,-0.710769236087799
-0.618522047996521,0.0762113779783248,1.24496173858643,0.0087772151455283,0.0363454222679138,-0.702882051467896,-0.710323214530945
-0.61839634180069,0.0761369913816452,1.24494183063507,0.0090619679540395,0.0360391400754451,-0.702768981456757,-0.710446953773499
-0.618343472480774,0.0760125517845153,1.24496304988861,0.0092169102281332,0.0359371304512023,-0.703162491321564,-0.710060596466064
-0.618298947811127,0.0758697241544723,1.24499499797821,0.0094100702553987,0.0357952490448951,-0.703586399555206,-0.70964527130127
-0.618256509304047,0.0757341682910919,1.24500632286072,0.0094922231510281,0.035693559795618,-0.704029262065887,-0.709209799766541
-0.618256509304047,0.0757341682910919,1.24500632286072,0.0094922231510281,0.035693559795618,-0.704029262065887,-0.709209799766541
-0.618147134780884,0.0755212903022766,1.24492979049683,0.0141833154484629,0.0335364826023578,-0.705115020275116,-0.708157479763031
-0.618076682090759,0.0753002613782882,1.24493217468262,0.0143207339569926,0.0332317315042018,-0.705727100372314,-0.707558929920197
-0.618157386779785,0.0752550661563873,1.24491667747498,-0.0134666729718446,-0.0339308604598045,0.70673394203186,0.706537008285522
-0.618166923522949,0.0751831009984016,1.24486470222473,-0.0146910874173045,-0.033226802945137,0.706993460655212,0.706286489963531
-0.618148267269135,0.0750414878129959,1.24485242366791,-0.0149002922698855,-0.033173955976963,0.707434773445129,0.70584237575531
-0.618107318878174,0.0749948248267173,1.24484968185425,-0.0150203816592693,-0.0328165926039218,0.707960665225983,0.705329179763794
-0.618127882480621,0.0748598054051399,1.24481904506683,-0.0111690536141395,-0.0346083864569664,0.70874685049057,0.704524993896484
-0.618095695972443,0.0747754424810409,1.24481272697449,-0.0113826319575309,-0.0344744212925434,0.709041893482208,0.704231262207031
-0.618107438087463,0.0746672675013542,1.24484992027283,-0.0120327873155474,-0.0341776572167873,0.70939302444458,0.703881084918976
-0.617965757846832,0.0746762603521347,1.2448228597641,-0.0121692577376961,-0.0337964184582233,0.709890484809875,0.703395783901215
-0.617917418479919,0.0746761262416839,1.24477207660675,-0.0123584009706974,-0.0335489176213741,0.710070431232452,0.703222393989563
-0.617903351783752,0.0746980831027031,1.24473249912262,-0.0127443233504891,-0.0334195233881473,0.710045397281647,0.703246891498566
-0.617840349674225,0.0747197121381759,1.24464440345764,-0.0172983836382627,-0.0311119798570871,0.709808647632599,0.703494548797607
-0.617767214775085,0.0747540146112442,1.24464869499207,-0.0157033968716859,-0.0314838103950023,0.709748148918152,0.703576385974884
-0.617699801921844,0.0747432261705398,1.24463665485382,-0.0160333290696144,-0.0310876965522766,0.709640681743622,0.703695058822632
-0.617527484893799,0.0748415738344192,1.24456834793091,-0.0170371625572443,-0.0300178229808807,0.709924161434174,0.703431844711304
-0.617418587207794,0.0749202743172645,1.24457573890686,-0.0162799060344696,-0.0299151428043842,0.709494352340698,0.703887820243835
-0.61731231212616,0.0749386101961135,1.2445250749588,-0.0164160579442977,-0.0296448171138763,0.70923376083374,0.704158544540405
-0.617279231548309,0.0748675838112831,1.2445604801178,-0.0144110564142465,-0.03026351518929,0.708779811859131,0.704633116722107
-0.617082715034485,0.0749914944171905,1.24454498291016,-0.0142233548685908,-0.0294658262282609,0.708390533924103,0.705062031745911
-0.616926848888397,0.0750917717814445,1.24455463886261,-0.0139018520712852,-0.0288243535906076,0.707970798015594,0.705516338348389
-0.61688643693924,0.0751416757702827,1.24455344676971,-0.0140234576538205,-0.0286051165312528,0.707380712032318,0.706114590167999
-0.616744935512543,0.075291059911251,1.24451041221619,-0.0139845767989754,-0.0282250680029392,0.70703262090683,0.70647931098938
-0.616598784923553,0.0754150301218032,1.24446511268616,0.013906804844737,0.0277043506503105,-0.706453740596771,-0.707080125808716
-0.616440117359161,0.0754857063293457,1.24444341659546,0.0133717246353626,0.0274044070392847,-0.70533686876297,-0.70821613073349
-0.616319060325623,0.075568214058876,1.24444043636322,0.0137425763532519,0.0269345082342624,-0.704870223999023,-0.708691656589508
-0.616055488586426,0.0757888182997703,1.24440407752991,0.0166126023977994,0.0243424717336893,-0.704559028148651,-0.709033370018005
-0.615904152393341,0.0759353786706924,1.24441027641296,0.0142365787178277,0.0249051880091428,-0.703672230243683,-0.709945321083069
-0.615793526172638,0.0761166810989379,1.24431002140045,0.0127155221998691,0.0252170544117689,-0.703250467777252,-0.710381150245667
-0.615666091442108,0.0763066560029983,1.24428761005402,0.0126522993668913,0.0249126404523849,-0.702728152275085,-0.710909724235535
-0.615544617176056,0.0764234811067581,1.24422955513,0.0121599389240145,0.0248380694538354,-0.701870441436768,-0.711767673492432
-0.615419864654541,0.0766886621713638,1.24421286582947,0.01172202732414,0.0245483294129371,-0.701363325119019,-0.712284684181213
-0.615324735641479,0.076910488307476,1.24419379234314,0.0115380864590406,0.0242634993046522,-0.701151669025421,-0.71250593662262
-0.615285933017731,0.0769943594932556,1.24420821666718,0.0116805331781506,0.0241574067622423,-0.700778901576996,-0.712873816490173
-0.61523050069809,0.0771884247660636,1.24420666694641,0.0117103857919573,0.0242779962718486,-0.700719892978668,-0.712927281856537
-0.615271627902985,0.0775006860494613,1.24420428276062,0.0117842089384794,0.0244737993925809,-0.700674831867218,-0.71296364068985
-0.615325570106506,0.0776321217417717,1.24418640136719,0.0122507289052009,0.0248004626482725,-0.700738847255707,-0.712881445884705
-0.615282654762268,0.0777036100625991,1.24422979354858,0.0129093863070011,0.02475106716156,-0.700760006904602,-0.712850749492645
-0.615311324596405,0.077731966972351,1.24430418014526,0.0134725719690322,0.0246963910758495,-0.700716376304626,-0.712885200977325
-0.615347027778625,0.0778376460075378,1.2444179058075,0.014246767386794,0.0248018074780702,-0.70070892572403,-0.712873876094818
-0.615384161472321,0.0781104117631912,1.24447500705719,0.0146864401176571,0.0247330330312252,-0.700775802135468,-0.712801516056061
-0.615435481071472,0.0782020688056945,1.24445700645447,0.0150581141933798,0.0248440504074096,-0.700666546821594,-0.712897300720215
-0.615512430667877,0.0782701224088668,1.24410057067871,0.0144872078672051,0.0255783051252365,-0.700394988059998,-0.713149964809418
-0.615541100502014,0.0781942009925842,1.24400019645691,0.014863877557218,0.0260538328438997,-0.70005202293396,-0.713461637496948
-0.615571796894073,0.0782675296068191,1.24389576911926,0.0149608850479125,0.0263114050030708,-0.699795663356781,-0.713701605796814
-0.615584909915924,0.0784714743494987,1.24381899833679,0.0148626109585165,0.0262938514351844,-0.699645102024078,-0.713851928710938
-0.615571260452271,0.0784131586551666,1.24376451969147,0.0151271931827068,0.0265913400799036,-0.699266374111176,-0.714206457138062
-0.615559101104736,0.0785280168056488,1.24372959136963,0.0156382415443658,0.0265569798648357,-0.698669016361237,-0.714781045913696
-0.615521311759949,0.078569620847702,1.24350845813751,0.0198069810867309,0.0247300546616315,-0.697801649570465,-0.715590119361877
-0.61577981710434,0.0785263031721115,1.24406981468201,0.0170068256556987,0.02663947455585,-0.699101507663727,-0.714323759078979
-0.615473568439484,0.0787014067173004,1.24377512931824,0.0163607560098171,0.0266863759607076,-0.696889877319336,-0.716494739055634
-0.615425169467926,0.0787991806864738,1.24371957778931,0.0161345861852169,0.0268647391349077,-0.696151375770569,-0.717210710048676
-0.615439832210541,0.0788680836558342,1.24400591850281,0.0171040128916502,0.0265221055597066,-0.695596218109131,-0.717739582061768
-0.615321159362793,0.0790373608469963,1.24371409416199,0.0164388883858919,0.0273025687783956,-0.695281684398651,-0.718030631542206
-0.615610837936401,0.0788857862353324,1.24366724491119,0.0163525808602571,0.0279154907912015,-0.696242272853851,-0.717077374458313
-0.615261673927307,0.0791051685810089,1.24346923828125,0.0217802636325359,0.0252923034131526,-0.693455934524536,-0.719725549221039
-0.615297555923462,0.079154185950756,1.2434413433075,0.0218518264591693,0.0256393495947122,-0.693067073822021,-0.720085561275482
-0.615316689014435,0.0791564062237739,1.24381864070892,0.0234051290899515,0.0257702954113483,-0.69263082742691,-0.720451772212982
-0.615462779998779,0.0792966037988662,1.24380850791931,0.0233901906758546,0.0257955770939588,-0.692222714424133,-0.720843434333801
-0.615480601787567,0.0794002339243888,1.24336409568787,0.0223972499370574,0.0268989112228155,-0.69205629825592,-0.720994293689728
-0.615609407424927,0.0794394239783287,1.24341595172882,0.0217595789581537,0.0278149414807558,-0.69193297624588,-0.721097588539124
-0.615720629692078,0.079340860247612,1.243408203125,0.0222464259713888,0.028134498745203,-0.691550135612488,-0.721437573432922
-0.615863919258118,0.0794594511389732,1.24338686466217,0.0239246226847171,0.0279185529798269,-0.69097375869751,-0.721944332122803
-0.615915417671204,0.0796768069267273,1.24329602718353,0.0241916514933109,0.0280113518238067,-0.691104888916016,-0.721806228160858
-0.61610746383667,0.0796209126710891,1.24333512783051,0.0254189260303974,0.0282971542328596,-0.690134823322296,-0.722680509090424
-0.616127908229828,0.0798484981060028,1.24330353736877,0.0258084628731012,0.0283983815461397,-0.690107762813568,-0.722688734531403
-0.616171002388,0.0800229609012603,1.24327909946442,0.0264838933944702,0.0284456107765436,-0.689827084541321,-0.722930252552032
-0.616361677646637,0.0801775008440017,1.24296593666077,0.020882524549961,0.0318790152668952,-0.689154207706451,-0.723611831665039
-0.616532266139984,0.0801979452371597,1.24360823631287,0.0234244987368583,0.0308967847377061,-0.688606679439545,-0.724097788333893
-0.616545855998993,0.0802628546953201,1.24290144443512,0.0221736188977956,0.0318060107529163,-0.68837571144104,-0.724317371845245
-0.61665666103363,0.080391027033329,1.24312913417816,0.0297746993601322,0.0284560974687337,-0.687984883785248,-0.724555432796478
-0.61687821149826,0.0804648101329803,1.24307131767273,0.0307951886206865,0.0287507530301809,-0.687231540679932,-0.725215792655945
-0.616974174976349,0.0805914551019668,1.24296844005585,0.0315746068954467,0.0289382506161928,-0.686907649040222,-0.725481748580933
-0.617057263851166,0.0807206109166145,1.24291253089905,0.0325008481740951,0.0288567580282688,-0.686713457107544,-0.725627720355988
-0.617173731327057,0.0808370560407638,1.24278032779694,0.0335678942501544,0.0287074707448482,-0.686657249927521,-0.725638329982758
-0.617277920246124,0.0808373838663101,1.24300158023834,0.0356721058487892,0.0279768519103527,-0.686079025268555,-0.726113319396973
-0.617373585700989,0.0809177458286285,1.24291884899139,0.0366355367004871,0.0278008785098791,-0.685775876045227,-0.726358473300934
-0.617424607276917,0.081028863787651,1.24214231967926,0.0356208346784114,0.0286243334412574,-0.685713827610016,-0.726435482501984
-0.617532074451447,0.0811724066734314,1.24207496643066,0.0370688140392303,0.0281650107353925,-0.685424327850342,-0.72665411233902
-0.617641091346741,0.0812966898083686,1.24201214313507,0.0381517186760902,0.0279730837792158,-0.685249924659729,-0.726769924163818
-0.617828786373138,0.0814518481492996,1.24197196960449,0.0392268821597099,0.0278814658522605,-0.684968888759613,-0.726981103420258
-0.617915272712708,0.081559807062149,1.24193513393402,0.0402151457965374,0.02794467844069,-0.684989869594574,-0.726904988288879
-0.617932617664337,0.0816021561622619,1.24194896221161,0.0414735227823257,0.0275240931659936,-0.684983253479004,-0.726856529712677
-0.618063151836395,0.0817847102880477,1.2419251203537,0.0421934761106967,0.0273630544543266,-0.6850865483284,-0.726723790168762
-0.618420779705048,0.0813983827829361,1.24194979667664,0.0444008037447929,0.0286086164414882,-0.684391021728516,-0.727199494838715
-0.618676781654358,0.0814083814620971,1.24194502830505,0.0454171635210514,0.0287832170724868,-0.684647262096405,-0.726888537406921
-0.618629097938538,0.0819940418004989,1.24226450920105,0.0459849163889884,0.0267406664788723,-0.686262965202332,-0.725405871868134
-0.618719220161438,0.0821467116475105,1.24221968650818,0.0470226556062698,0.0264103114604949,-0.686743319034576,-0.724896669387817
-0.618898391723633,0.0822303593158721,1.24221479892731,0.0479882359504699,0.0262672882527112,-0.68704217672348,-0.724555253982544
-0.618898391723633,0.0822303593158721,1.24221479892731,0.0479882359504699,0.0262672882527112,-0.68704217672348,-0.724555253982544
-0.619332194328308,0.0822981894016265,1.24227094650269,0.0501976497471332,0.0258746575564146,-0.688149392604828,-0.723368048667908
-0.619508743286133,0.0823271200060844,1.24222898483276,0.0511939078569412,0.0257991831749677,-0.688377141952515,-0.723084032535553
-0.619582116603851,0.0824541673064231,1.241375207901,0.0501334369182586,0.026569303125143,-0.688585758209229,-0.722931921482086
-0.619748294353485,0.082611046731472,1.24141418933868,0.0513403341174125,0.0259859450161457,-0.688843011856079,-0.722623109817505
-0.619881153106689,0.0826268345117569,1.24143862724304,0.0523558557033538,0.0253947470337152,-0.689352929592133,-0.722084879875183
-0.620136082172394,0.0825038999319076,1.24136209487915,0.0532557889819145,0.0253892447799444,-0.689070284366608,-0.722289025783539
-0.620791792869568,0.0825425386428833,1.24149823188782,0.0503975972533226,0.0276511516422033,-0.693617522716522,-0.718046188354492
-0.620431780815125,0.0826171785593032,1.24126648902893,0.0544470436871051,0.0251902937889099,-0.689157903194427,-0.722123503684998
-0.620488286018372,0.0828028470277786,1.24127519130707,0.0551898404955863,0.024762162938714,-0.689101099967957,-0.7221360206604
-0.620575726032257,0.0828481614589691,1.24116170406342,0.0553743429481983,0.0247441176325082,-0.688968300819397,-0.722249507904053
-0.621232151985168,0.082829475402832,1.24127399921417,0.0519474036991596,0.0272928513586521,-0.693008184432983,-0.71853768825531
-0.621326863765717,0.0828723758459091,1.2412223815918,0.052097912877798,0.0273657329380512,-0.692746102809906,-0.718776762485504
-0.621513485908508,0.0828416943550109,1.2413272857666,0.0526607707142829,0.0275113321840763,-0.691934168338776,-0.719511687755585
-0.62159252166748,0.0828710794448852,1.24140298366547,0.0528929643332958,0.0274320058524608,-0.691431879997253,-0.719980359077454
-0.621657729148865,0.082907497882843,1.24140346050262,0.053022164851427,0.027486877515912,-0.690918982028961,-0.720460951328278
-0.62171733379364,0.0829404518008232,1.2414116859436,0.0530022531747818,0.0276424996554851,-0.69046813249588,-0.72088885307312
-0.621763408184052,0.0829589664936065,1.24142360687256,0.0528827980160713,0.0279082283377647,-0.690055787563324,-0.721282005310059
-0.621727347373962,0.0830303877592086,1.24142587184906,0.0524821877479553,0.0281067732721567,-0.689713001251221,-0.721631348133087
-0.621737003326416,0.0830671787261962,1.24144959449768,0.0523121617734432,0.0285154059529304,-0.689135015010834,-0.722179532051086
-0.621844887733459,0.0829596072435379,1.24152684211731,0.0524674542248249,0.028900422155857,-0.688242673873901,-0.723003625869751
-0.621850728988647,0.0829853788018226,1.24153590202332,0.052230205386877,0.0292048435658216,-0.687610328197479,-0.723609805107117
-0.621880888938904,0.0830819457769393,1.24144494533539,0.0516376681625843,0.0295993443578481,-0.687078595161438,-0.724141240119934
-0.621798932552338,0.0831560716032981,1.24143958091736,0.0512424893677234,0.0298185516148805,-0.686591684818268,-0.724621951580048
-0.621351599693298,0.0830743163824081,1.24137222766876,0.0552869699895381,0.027647603303194,-0.681396722793579,-0.729299366474152
-0.621330678462982,0.0830541849136352,1.241379737854,0.055080845952034,0.0280841402709484,-0.680429518222809,-0.730200707912445
-0.621253371238708,0.0831609517335891,1.24142074584961,0.0547475069761276,0.0281660556793212,-0.680096566677094,-0.730532705783844
-0.621272087097168,0.0831523686647415,1.24145555496216,0.0547644384205341,0.0284710843116045,-0.679434955120087,-0.731135010719299
-0.621222138404846,0.0832195729017257,1.2414665222168,0.0551095716655254,0.0293943732976913,-0.678707778453827,-0.731747627258301
-0.62118124961853,0.0832114517688751,1.24145364761353,0.0550197549164295,0.0297809951007366,-0.67808586359024,-0.732315182685852
-0.621097445487976,0.0829594358801841,1.24111127853394,0.0538436099886894,0.0307349786162376,-0.677617430686951,-0.732796549797058
-0.621092200279236,0.0829604566097259,1.24156868457794,0.0549847595393657,0.0305066183209419,-0.67686516046524,-0.733416497707367
-0.621095240116119,0.0829631090164184,1.24157881736755,0.0550317615270614,0.0309241972863674,-0.676359474658966,-0.733861804008484
-0.621121048927307,0.0829074755311012,1.24173986911774,0.055461436510086,0.0310982391238212,-0.675831854343414,-0.734308123588562
-0.621072590351105,0.0829483270645141,1.2418315410614,0.0499688200652599,0.0343997329473495,-0.675266623497009,-0.735074758529663
-0.621457695960999,0.0829090029001236,1.24132800102234,0.0534598231315612,0.0309904459863901,-0.674002230167389,-0.736140429973602
-0.621143758296967,0.0828548967838287,1.24125647544861,0.0536165311932563,0.0321716181933879,-0.674002230167389,-0.736078262329102
-0.621142387390137,0.0829028785228729,1.24143767356873,0.0480470135807991,0.0353599861264228,-0.673071444034576,-0.737167656421661
-0.621142566204071,0.0830819308757782,1.24183118343353,0.0550803281366825,0.0322018228471279,-0.672912240028381,-0.736965656280518
-0.620958268642426,0.0830824300646781,1.24243438243866,0.0571119934320449,0.0321289114654064,-0.672833681106567,-0.736886024475098
-0.620896458625793,0.0830831378698349,1.24246203899384,0.0574077665805816,0.0327084735035896,-0.672520101070404,-0.737123668193817
-0.620820701122284,0.0831257998943328,1.24236810207367,0.05729241669178,0.0333439372479915,-0.672242820262909,-0.737357020378113
-0.620799720287323,0.0831023454666137,1.242511510849,0.0520385578274726,0.036354798823595,-0.671861588954926,-0.737951397895813
-0.620674252510071,0.0831034779548645,1.24196791648865,0.0565494932234287,0.0344946086406707,-0.671286225318909,-0.738232493400574
-0.620581269264221,0.0830562189221382,1.241614818573,0.0497699342668056,0.0385780707001686,-0.6704962849617,-0.739235758781433
-0.620741486549377,0.0829842314124107,1.24237036705017,0.0521873384714126,0.0375673361122608,-0.669613003730774,-0.73992121219635
-0.620922029018402,0.0828644707798957,1.24224579334259,0.0576660148799419,0.034690011292696,-0.668554961681366,-0.740611612796783
-0.620938181877136,0.082957923412323,1.24231731891632,0.0522452071309089,0.0373343490064144,-0.668265998363495,-0.74114578962326
