x,y,z,q0,q1,q2,q3
-0.621783077716827,-0.0627419427037239,1.40996134281158,-0.197229608893394,-0.114890776574612,-0.604032397270203,-0.763574123382568
-0.621783077716827,-0.0627419427037239,1.40996134281158,-0.197229608893394,-0.114890776574612,-0.604032397270203,-0.763574123382568
-0.62193888425827,-0.0628443211317062,1.4098573923111,-0.197088107466698,-0.114599227905273,-0.602137506008148,-0.765149474143982
-0.621994972229004,-0.0629220679402351,1.40983355045319,-0.197330221533775,-0.114180468022823,-0.6010782122612,-0.765982091426849
-0.622170090675354,-0.0631009042263031,1.40979480743408,-0.197706162929535,-0.113941259682178,-0.600225508213043,-0.766589224338531
-0.622170090675354,-0.0631009042263031,1.40979480743408,-0.197706162929535,-0.113941259682178,-0.600225508213043,-0.766589224338531
-0.622239768505096,-0.0632515102624893,1.40975368022919,-0.19823394715786,-0.113194637000561,-0.598204672336578,-0.768141627311707
-0.622480630874634,-0.0635904371738433,1.40959107875824,-0.200049504637718,-0.113275147974491,-0.597332239151001,-0.768337965011597
-0.622452914714813,-0.0637224018573761,1.40953397750854,-0.199023723602295,-0.112925142049789,-0.596667110919952,-0.769172012805939
-0.622480571269989,-0.063865952193737,1.40953409671783,-0.199544072151184,-0.112633414566517,-0.59582656621933,-0.769731521606445
-0.62245911359787,-0.0640589892864227,1.40940988063812,-0.19992233812809,-0.112176366150379,-0.595263063907623,-0.770135998725891
-0.622482061386108,-0.0642734766006469,1.40939116477966,-0.200474798679352,-0.111938878893852,-0.594569325447083,-0.770562648773193
-0.622559309005737,-0.0645700618624687,1.40940177440643,-0.201094031333923,-0.112727805972099,-0.593992948532104,-0.77073085308075
-0.622612476348877,-0.0648033246397972,1.40937077999115,-0.203310638666153,-0.111464612185955,-0.5928995013237,-0.771174848079681
-0.622638285160065,-0.0650432333350181,1.40934312343597,-0.204059094190598,-0.111210837960243,-0.592249512672424,-0.771513164043427
-0.622652888298035,-0.0652329474687576,1.40928900241852,-0.204726934432983,-0.110909126698971,-0.591590881347656,-0.771884918212891
-0.622764408588409,-0.0654399320483207,1.40944337844849,-0.205724805593491,-0.111134551465511,-0.590954899787903,-0.772074282169342
-0.62276816368103,-0.065674178302288,1.40947115421295,-0.206370308995247,-0.11117447167635,-0.590587794780731,-0.772177219390869
-0.622715651988983,-0.0658968538045883,1.40945887565613,-0.206973701715469,-0.110892735421658,-0.589974761009216,-0.772524774074554
-0.622585892677307,-0.0661706030368805,1.40930688381195,-0.206378549337387,-0.110433213412762,-0.589833438396454,-0.772857666015625
-0.622543096542358,-0.0664477944374084,1.40938591957092,-0.206983432173729,-0.110457122325897,-0.589662194252014,-0.7728231549263
-0.622456133365631,-0.0666741356253624,1.40939998626709,-0.207271888852119,-0.111455343663692,-0.589535415172577,-0.772699117660522
-0.622427761554718,-0.0668733865022659,1.40940093994141,-0.208008825778961,-0.110350109636784,-0.589126706123352,-0.772971391677856
-0.622386336326599,-0.0671354532241821,1.40937685966492,-0.208492711186409,-0.110327295958996,-0.588955581188202,-0.772974789142609
-0.622310519218445,-0.067409798502922,1.4093827009201,-0.209205731749535,-0.11066222935915,-0.588523626327515,-0.773063182830811
-0.622310519218445,-0.067409798502922,1.4093827009201,-0.209205731749535,-0.11066222935915,-0.588523626327515,-0.773063182830811
-0.622336089611053,-0.0679267644882202,1.40940320491791,-0.211065948009491,-0.109824374318123,-0.587827265262604,-0.773206889629364
-0.622317910194397,-0.0681203603744506,1.40940022468567,-0.211738899350166,-0.109688192605972,-0.58732807636261,-0.7734215259552
-0.622344493865967,-0.0683485269546508,1.40939939022064,-0.212620854377746,-0.10960041731596,-0.586934447288513,-0.773490905761719
-0.622348725795746,-0.0685489028692245,1.40944802761078,-0.213379099965095,-0.109337083995342,-0.586447060108185,-0.773689031600952
-0.622365474700928,-0.0687261074781417,1.40940999984741,-0.214655920863151,-0.108445443212986,-0.585766792297363,-0.773976624011993
-0.622381448745728,-0.0688933357596397,1.4094465970993,-0.215673848986626,-0.108112305402756,-0.585390150547028,-0.774025142192841
-0.62239146232605,-0.0689989551901817,1.40948641300201,-0.21611262857914,-0.108189575374126,-0.585261285305023,-0.773989498615265
-0.62247234582901,-0.0692376419901847,1.40958857536316,-0.218265816569328,-0.107544273138046,-0.58466249704361,-0.773927688598633
-0.62252289056778,-0.069375142455101,1.40961313247681,-0.219116643071175,-0.107018642127514,-0.584308445453644,-0.774027526378632
-0.622502624988556,-0.069396398961544,1.40951979160309,-0.219993308186531,-0.106441363692284,-0.583736419677734,-0.774290144443512
-0.622495353221893,-0.0694938451051712,1.4095344543457,-0.220538303256035,-0.106019176542759,-0.583659410476685,-0.77425092458725
-0.622493088245392,-0.0695994198322296,1.40957736968994,-0.221141636371612,-0.105501443147659,-0.583418250083923,-0.774331331253052
-0.622493088245392,-0.0695994198322296,1.40957736968994,-0.221141636371612,-0.105501443147659,-0.583418250083923,-0.774331331253052
-0.622462451457977,-0.0698776692152023,1.40977871417999,-0.222542837262154,-0.104908600449562,-0.5831298828125,-0.774227678775787
-0.622462451457977,-0.0698776692152023,1.40977871417999,-0.222542837262154,-0.104908600449562,-0.5831298828125,-0.774227678775787
-0.622351706027985,-0.0700390934944152,1.40983355045319,-0.223533719778061,-0.104622907936573,-0.583170711994171,-0.773950099945068
-0.622307598590851,-0.0700853615999221,1.40986287593842,-0.22260320186615,-0.104509837925434,-0.583411812782288,-0.77405172586441
-0.622276663780212,-0.0701313316822052,1.4098801612854,-0.223089650273323,-0.104034006595612,-0.583179771900177,-0.774150609970093
-0.622276663780212,-0.0701313316822052,1.4098801612854,-0.223089650273323,-0.104034006595612,-0.583179771900177,-0.774150609970093
-0.62226802110672,-0.0702087581157684,1.4099303483963,-0.223968550562858,-0.102385081350803,-0.583041369915009,-0.774220943450928
-0.622254610061646,-0.070250391960144,1.4099485874176,-0.224267989397049,-0.102034755051136,-0.583034098148346,-0.774186074733734
-0.622186601161957,-0.0702609270811081,1.40996742248535,-0.22455757856369,-0.101830296218395,-0.583083987236023,-0.774091482162476
-0.622128307819366,-0.0702876076102256,1.40998220443726,-0.224870443344116,-0.101607367396355,-0.583047330379486,-0.774057567119598
-0.622064054012299,-0.0703128203749656,1.41000092029572,-0.225120201706886,-0.10141222178936,-0.583073914051056,-0.773990571498871
-0.622064054012299,-0.0703128203749656,1.41000092029572,-0.225120201706886,-0.10141222178936,-0.583073914051056,-0.773990571498871
-0.621922433376312,-0.0703727975487709,1.40997707843781,-0.226228177547455,-0.100448377430439,-0.582986533641815,-0.773858845233917
-0.621845006942749,-0.0704112350940704,1.41001188755035,-0.226423114538193,-0.10037063062191,-0.583145380020142,-0.773692309856415
-0.621735990047455,-0.0704283565282821,1.41004848480225,-0.226003661751747,-0.100937835872173,-0.583653450012207,-0.77335798740387
-0.621635854244232,-0.0704446583986282,1.41007399559021,-0.227537393569946,-0.10047908872366,-0.583516597747803,-0.773071229457855
-0.621561169624329,-0.0704496651887893,1.41010785102844,-0.227690309286117,-0.100558049976826,-0.583700299263,-0.772877097129822
-0.621483385562897,-0.0704710930585861,1.41012895107269,-0.227886840701103,-0.100760988891125,-0.584024488925934,-0.772548019886017
-0.621422410011292,-0.070515751838684,1.41026258468628,-0.228002801537514,-0.101359605789185,-0.584577679634094,-0.772016882896423
-0.621333837509155,-0.070493683218956,1.41026878356934,-0.228200063109398,-0.101632721722126,-0.584924221038818,-0.771659970283508
-0.621225237846375,-0.0704797655344009,1.41026079654694,-0.228328317403793,-0.101891450583935,-0.585212588310242,-0.771369278430939
-0.621111571788788,-0.0704447478055954,1.41025614738464,-0.227045714855194,-0.102548904716968,-0.586031854152679,-0.771038591861725
-0.62099152803421,-0.0704271867871284,1.41022658348083,-0.227279901504517,-0.102695658802986,-0.586373805999756,-0.770690143108368
-0.62101686000824,-0.0703925713896751,1.41035747528076,-0.227661430835724,-0.103249035775661,-0.586813867092133,-0.770168423652649
-0.620884120464325,-0.0703236311674118,1.41033124923706,-0.227776393294334,-0.103629000484943,-0.587262868881226,-0.769741058349609
-0.620700359344482,-0.0703351125121116,1.41015374660492,-0.227985829114914,-0.103211514651775,-0.587479412555695,-0.769569873809814
-0.620575726032257,-0.0702884718775749,1.41013896465302,-0.228078499436378,-0.103820137679577,-0.587774753570557,-0.769235014915466
-0.62042772769928,-0.0702343359589576,1.41009485721588,-0.228220298886299,-0.104179628193378,-0.58814662694931,-0.768860042095184
-0.620297312736511,-0.0702145770192146,1.41003668308258,-0.228109687566757,-0.104547813534737,-0.588602781295776,-0.768493831157684
-0.620205283164978,-0.0701411962509155,1.4100399017334,-0.228158250451088,-0.10493116825819,-0.588983118534088,-0.768135547637939
-0.620084822177887,-0.0700682699680328,1.41000878810883,-0.22818885743618,-0.105080015957355,-0.589266836643219,-0.767888426780701
-0.620041251182556,-0.069922961294651,1.41016149520874,-0.22822792828083,-0.106375753879547,-0.589672148227692,-0.767387211322784
-0.619939804077148,-0.0698027089238166,1.41017246246338,-0.228412359952927,-0.106726042926311,-0.58984100818634,-0.767153799533844
-0.619856715202332,-0.069685198366642,1.41016530990601,-0.228546991944313,-0.107043020427227,-0.590269327163696,-0.766739964485168
-0.619766175746918,-0.0695759803056716,1.4101642370224,-0.228656485676765,-0.107431337237358,-0.590382158756256,-0.766566157341003
-0.619692027568817,-0.0694590583443641,1.41015243530273,-0.228766024112701,-0.107771463692188,-0.590478301048279,-0.76641172170639
-0.619599163532257,-0.0693106800317764,1.41019785404205,-0.228807404637337,-0.108512967824936,-0.59042227268219,-0.766337811946869
-0.619500279426575,-0.0691420808434486,1.41020500659943,-0.230357900261879,-0.108509190380573,-0.589905798435211,-0.766271591186523
-0.619457185268402,-0.0690645277500152,1.41020953655243,-0.229510307312012,-0.109020888805389,-0.590344846248627,-0.766115248203278
-0.619394779205322,-0.068871721625328,1.41019690036774,-0.229251697659492,-0.10988886654377,-0.590601563453674,-0.765870690345764
-0.619376063346863,-0.0687929168343544,1.41019594669342,-0.229772195219994,-0.109635137021542,-0.590565025806427,-0.765779256820679
-0.619302690029144,-0.0686312243342399,1.41018390655518,-0.229535982012749,-0.110449634492397,-0.590710580348969,-0.765620768070221
-0.619243621826172,-0.0685162767767906,1.4101824760437,-0.229561999440193,-0.110797300934791,-0.590742468833923,-0.765538096427917
-0.619184613227844,-0.0684081315994262,1.41018426418304,-0.229546174407005,-0.110916569828987,-0.590785026550293,-0.765492737293243
-0.619018018245697,-0.0684038698673248,1.41013312339783,-0.229126140475273,-0.11120568215847,-0.590775310993195,-0.765584111213684
-0.6188725233078,-0.0681745186448097,1.41004741191864,-0.229368299245834,-0.111631125211716,-0.590859591960907,-0.765384554862976
-0.618819177150726,-0.068049632012844,1.41005790233612,-0.229548886418343,-0.111704625189304,-0.590888023376465,-0.765297710895538
-0.618783712387085,-0.0679323673248291,1.41006338596344,-0.229804173111916,-0.111852698028088,-0.590879321098328,-0.765206277370453
-0.618746638298035,-0.0677821114659309,1.41007006168365,-0.230149462819099,-0.112029083073139,-0.590893924236298,-0.765065431594849
-0.618722856044769,-0.0676263868808746,1.41008794307709,-0.230510741472244,-0.112079940736294,-0.590828061103821,-0.76500004529953
-0.61868691444397,-0.0674375146627426,1.41002702713013,-0.230782836675644,-0.112047366797924,-0.590690195560455,-0.765029430389404
-0.61868691444397,-0.0674375146627426,1.41002702713013,-0.230782836675644,-0.112047366797924,-0.590690195560455,-0.765029430389404
-0.618719816207886,-0.0672291368246078,1.41004264354706,-0.231554925441742,-0.111980430781841,-0.590665102005005,-0.764825046062469
-0.618793547153473,-0.0670666843652725,1.41017663478851,-0.232160151004791,-0.112385131418705,-0.590631365776062,-0.764608383178711
-0.618677973747253,-0.0669376254081726,1.4099532365799,-0.232555598020554,-0.111393310129642,-0.590109050273895,-0.765036404132843
-0.618654906749725,-0.0668040439486503,1.40999066829681,-0.23385064303875,-0.111623741686344,-0.589693903923035,-0.764928221702576
-0.618634343147278,-0.0666173100471496,1.40990722179413,-0.234184145927429,-0.111624494194984,-0.589511513710022,-0.764966547489166
-0.618715524673462,-0.0664763376116752,1.41002988815308,-0.234764948487282,-0.112195819616318,-0.589249908924103,-0.764906644821167
-0.618698418140411,-0.0663414001464843,1.41001677513123,-0.235089689493179,-0.112280048429966,-0.588912308216095,-0.76505446434021
-0.618700325489044,-0.0662149712443351,1.41000270843506,-0.235348463058472,-0.112446866929531,-0.588618695735931,-0.76517641544342
-0.618718385696411,-0.0661401152610778,1.40998935699463,-0.234694555401802,-0.112526141107082,-0.588611364364624,-0.765371203422546
-0.618717849254608,-0.0660116896033287,1.40998327732086,-0.234906420111656,-0.11254620552063,-0.588223040103912,-0.765601694583893
-0.618706285953522,-0.0658675357699394,1.409916639328,-0.235132917761803,-0.112540289759636,-0.587851405143738,-0.765818536281586
-0.618638277053833,-0.0657572969794273,1.40976476669312,-0.235135093331337,-0.112379975616932,-0.587554037570953,-0.766069531440735
-0.618743002414703,-0.0656188875436782,1.40990018844604,-0.235811039805412,-0.112664066255093,-0.58718866109848,-0.766100227832794
-0.618682026863098,-0.0656076520681381,1.40977907180786,-0.235646098852158,-0.112810865044594,-0.586870193481445,-0.766373336315155
-0.618668556213379,-0.0654070898890495,1.40975701808929,-0.236178517341614,-0.112474016845226,-0.58647894859314,-0.766558349132538
-0.618637442588806,-0.0653484091162681,1.40975546836853,-0.236492991447449,-0.113117434084415,-0.586342751979828,-0.766470909118652
-0.618622243404388,-0.0652608573436737,1.40975975990295,-0.236772522330284,-0.113033697009087,-0.586027979850769,-0.766637802124023
-0.618617355823517,-0.0651776045560836,1.40975987911224,-0.237071514129639,-0.112978681921959,-0.585785925388336,-0.76673835515976
-0.618591487407684,-0.0650989264249801,1.40978193283081,-0.23728734254837,-0.112862095236778,-0.585580885410309,-0.766845524311066
-0.618578433990479,-0.0650389194488525,1.4097888469696,-0.237509399652481,-0.112773105502129,-0.585342168807983,-0.766972005367279
-0.618574559688568,-0.0649509131908416,1.40976130962372,-0.237690523266792,-0.112748727202415,-0.585247099399567,-0.766992092132568
-0.618545353412628,-0.0649006515741348,1.40976011753082,-0.23788920044899,-0.112695522606373,-0.585032522678375,-0.767101883888245
-0.618574321269989,-0.0648216754198074,1.4098207950592,-0.238214075565338,-0.112871579825878,-0.584837377071381,-0.767124116420746
-0.618462741374969,-0.0647787824273109,1.40973198413849,-0.238185748457909,-0.112395867705345,-0.5846346616745,-0.767357230186462
-0.61848372220993,-0.0647180899977684,1.40982222557068,-0.23830683529377,-0.113149985671043,-0.584571123123169,-0.767257213592529
-0.618509948253632,-0.0647009834647178,1.40979135036469,-0.238498836755753,-0.112395510077477,-0.58435732126236,-0.767471194267273
-0.618396520614624,-0.064712181687355,1.40966475009918,-0.238372072577477,-0.11199115216732,-0.584350824356079,-0.767574608325958
-0.618339478969574,-0.0647143870592117,1.4097226858139,-0.238518565893173,-0.112071327865124,-0.584413230419159,-0.767470002174377
-0.618370294570923,-0.06474020332098,1.40981113910675,-0.238743588328362,-0.112260289490223,-0.584359586238861,-0.767413198947906
-0.618332922458649,-0.0647993236780166,1.40978968143463,-0.239071384072304,-0.11164540797472,-0.584318339824677,-0.767432272434235
-0.618300378322601,-0.0648690015077591,1.40978062152863,-0.239114806056023,-0.11162843555212,-0.584414482116699,-0.767347931861877
-0.618234992027283,-0.0649115070700645,1.40977883338928,-0.238886788487434,-0.112212114036083,-0.584631323814392,-0.767168641090393
-0.618214249610901,-0.0650237947702407,1.40979182720184,-0.239344865083694,-0.11171867698431,-0.584616124629974,-0.767109453678131
-0.618167221546173,-0.065126359462738,1.40972495079041,-0.239393010735512,-0.111741349101067,-0.584778964519501,-0.766966998577118
-0.618088185787201,-0.0651967525482177,1.40971565246582,-0.239522770047188,-0.111787907779217,-0.58479642868042,-0.766906440258026
-0.617978990077972,-0.0653156489133834,1.40970993041992,-0.239595338702202,-0.112716041505337,-0.585127890110016,-0.766495048999786
-0.617853820323944,-0.0654402002692222,1.40957927703857,-0.23956935107708,-0.111621409654617,-0.585361778736115,-0.766484677791595
-0.617775976657867,-0.0655372366309166,1.40957057476044,-0.239723280072212,-0.111611925065517,-0.585465908050537,-0.766358375549316
-0.617632687091827,-0.0656640529632568,1.40956389904022,-0.239921495318413,-0.11262159794569,-0.585859060287476,-0.76584804058075
-0.617568016052246,-0.0657924562692642,1.40953540802002,-0.240085244178772,-0.112770967185497,-0.586095809936523,-0.765593469142914
-0.617599964141846,-0.0659465193748474,1.40973675251007,-0.240579098463058,-0.113469213247299,-0.586123883724213,-0.765313863754272
-0.617516458034515,-0.0659692883491516,1.40970063209534,-0.241965845227241,-0.113604009151459,-0.586219787597656,-0.764782905578613
-0.617416739463806,-0.0661043971776962,1.4096657037735,-0.242102235555649,-0.113728746771812,-0.586420178413391,-0.764567673206329
-0.617470443248749,-0.0665630102157592,1.40977346897125,-0.241266563534737,-0.11334665864706,-0.586999595165253,-0.764443814754486
-0.617325782775879,-0.0666588395833969,1.40962147712708,-0.241454496979713,-0.113209053874016,-0.587043762207031,-0.76437109708786
-0.617159247398376,-0.0668032467365264,1.40944910049438,-0.241690292954445,-0.112887963652611,-0.587180435657501,-0.764239072799683
-0.616919457912445,-0.0667223408818245,1.40946221351624,-0.243009969592094,-0.11390396207571,-0.586969435214996,-0.763831853866577
-0.616827189922333,-0.0668923407793045,1.40945863723755,-0.243280753493309,-0.11413649469614,-0.587194502353668,-0.763537764549255
-0.616784989833832,-0.067189797759056,1.40965723991394,-0.242700651288033,-0.114802323281765,-0.58776181936264,-0.763185977935791
-0.616730749607086,-0.0673338398337364,1.40974569320679,-0.243069604039192,-0.115057796239853,-0.587877333164215,-0.762941122055054
-0.616753697395325,-0.0677216351032257,1.40977883338928,-0.24331533908844,-0.114407002925873,-0.588043630123138,-0.762832581996918
-0.616646945476532,-0.0678727179765701,1.40975975990295,-0.243621021509171,-0.114553943276405,-0.587897717952728,-0.762825310230255
-0.616513311862946,-0.0677803605794906,1.40986382961273,-0.244355320930481,-0.114864803850651,-0.587597608566284,-0.762774884700775
-0.616404712200165,-0.0679108649492263,1.40991151332855,-0.244819238781929,-0.115622133016586,-0.587668836116791,-0.762456774711609
-0.616341471672058,-0.0680058598518371,1.40996468067169,-0.245279774069786,-0.115728676319122,-0.587640881538391,-0.762314260005951
-0.616290688514709,-0.0681032985448837,1.41001319885254,-0.245598763227463,-0.115854248404503,-0.587553739547729,-0.762259542942047
-0.616216957569122,-0.0681454241275787,1.41005909442902,-0.245716661214828,-0.11646331846714,-0.5875403881073,-0.762139022350311
-0.616105794906616,-0.0681492909789085,1.41010582447052,-0.246317252516746,-0.115741513669491,-0.587648868560791,-0.761971473693848
-0.616111397743225,-0.0682886764407157,1.41013789176941,-0.246389299631119,-0.116592459380627,-0.587372243404388,-0.76203179359436
-0.616180539131165,-0.0683327168226242,1.41028118133545,-0.247019872069359,-0.116853035986423,-0.587110817432404,-0.761989116668701
-0.616185307502747,-0.0683588981628418,1.41030466556549,-0.24737885594368,-0.115965977311134,-0.58674293756485,-0.762291431427002
-0.616007089614868,-0.0683712735772132,1.41024196147919,-0.247284978628159,-0.115701146423817,-0.586695611476898,-0.762398600578308
-0.61609935760498,-0.0684014558792114,1.41034483909607,-0.247841283679008,-0.116175726056099,-0.586463749408722,-0.762324154376984
-0.616047024726868,-0.0684009417891502,1.41030025482178,-0.247999727725983,-0.115824401378631,-0.586222589015961,-0.762511670589447
-0.616040647029877,-0.0684113055467605,1.41030073165894,-0.248187616467476,-0.115571759641171,-0.585975825786591,-0.762678503990173
-0.616040647029877,-0.0684001371264457,1.41035842895508,-0.248487681150436,-0.115522526204586,-0.585714101791382,-0.762789249420166
-0.616022646427155,-0.0683971643447876,1.41036343574524,-0.248751938343048,-0.11542659252882,-0.585409104824066,-0.762951850891113
-0.616013467311859,-0.0683981701731681,1.4103776216507,-0.248958796262741,-0.115346014499664,-0.585148811340332,-0.763096213340759
-0.616001486778259,-0.0684119760990142,1.41038012504578,-0.249026864767075,-0.115226455032825,-0.584910333156586,-0.763274788856506
-0.615988969802856,-0.0684373751282692,1.41039824485779,-0.249048292636871,-0.115196950733662,-0.584729373455048,-0.763410925865173
-0.615971922874451,-0.0684730187058448,1.41041028499603,-0.249050855636597,-0.115025267004967,-0.584568500518799,-0.763559103012085
-0.615962028503418,-0.0685156360268592,1.41040873527527,-0.249049007892609,-0.11492944508791,-0.584496855735779,-0.763629078865051
-0.615839898586273,-0.0686152651906013,1.41046917438507,-0.248733535408974,-0.114779159426689,-0.584666788578033,-0.763624310493469
-0.615834534168243,-0.0686597228050232,1.41046345233917,-0.24875870347023,-0.114621579647064,-0.584634780883789,-0.763664305210114
-0.615861773490906,-0.0687703117728233,1.41045069694519,-0.24912041425705,-0.11407159268856,-0.584524691104889,-0.763713002204895
-0.615862727165222,-0.0688318908214569,1.4104460477829,-0.248932287096977,-0.113984286785126,-0.584571778774261,-0.76375138759613
-0.615860939025879,-0.0688771978020668,1.410435795784,-0.24892720580101,-0.113850936293602,-0.584575235843658,-0.763770222663879
-0.615854024887085,-0.0688900873064994,1.41043365001678,-0.248441055417061,-0.114270485937595,-0.584749281406403,-0.763732671737671
-0.615750730037689,-0.0689678713679313,1.41031050682068,-0.248233154416084,-0.114588402211666,-0.58494246006012,-0.763604700565338
-0.615764796733856,-0.0690466165542602,1.41029322147369,-0.248199060559273,-0.11461628973484,-0.584985733032227,-0.763578414916992
-0.615767538547516,-0.0691109448671341,1.41027998924255,-0.248216986656189,-0.114608854055405,-0.584973394870758,-0.763583242893219
-0.61585134267807,-0.0691769793629646,1.41020059585571,-0.248319804668427,-0.11474534124136,-0.58492249250412,-0.763568222522736
-0.615853786468506,-0.0692581161856651,1.41018497943878,-0.248272314667702,-0.114781700074673,-0.584924936294556,-0.76357626914978
-0.61590164899826,-0.0693997740745544,1.41017854213715,-0.248757779598236,-0.114262394607067,-0.584781885147095,-0.763605892658234
-0.615883469581604,-0.0694243758916854,1.41017127037048,-0.248251736164093,-0.114980883896351,-0.585027575492859,-0.763474404811859
-0.615893602371216,-0.0695114880800247,1.41016256809235,-0.248254612088203,-0.115048222243786,-0.58504730463028,-0.763448238372803
-0.615907311439514,-0.0696030706167221,1.41013658046722,-0.248277440667152,-0.115104131400585,-0.585070848464966,-0.76341438293457
-0.615894019603729,-0.0696940124034881,1.41012620925903,-0.248342990875244,-0.115260496735573,-0.585029244422913,-0.763401329517365
-0.615894019603729,-0.0696940124034881,1.41012620925903,-0.248342990875244,-0.115260496735573,-0.585029244422913,-0.763401329517365
-0.615907371044159,-0.0698622614145279,1.41012251377106,-0.248423665761948,-0.115350633859634,-0.585045099258423,-0.763349294662476
-0.615916192531586,-0.069937415421009,1.41012525558472,-0.248479962348938,-0.115431629121304,-0.585078179836273,-0.763293385505676
-0.615945279598236,-0.070001408457756,1.410151720047,-0.24862077832222,-0.115546368062496,-0.58508974313736,-0.763221323490143
-0.615956664085388,-0.0700669139623642,1.4101597070694,-0.24867981672287,-0.115624383091927,-0.585075497627258,-0.763201177120209
-0.615961253643036,-0.0701321363449096,1.41017174720764,-0.248725950717926,-0.115719892084598,-0.585080206394196,-0.763168096542358
-0.615970492362976,-0.0702112913131713,1.41018640995026,-0.248719066381454,-0.11577046662569,-0.585041582584381,-0.763192296028137
-0.615977823734283,-0.0702826157212257,1.41017138957977,-0.248725444078445,-0.115826703608036,-0.585035502910614,-0.763186275959015
-0.615985572338104,-0.0703579038381576,1.41017580032349,-0.248722240328789,-0.115871988236904,-0.58504444360733,-0.763173639774323
-0.615991950035095,-0.0704424232244491,1.41018092632294,-0.248682007193565,-0.115948669612408,-0.585054874420166,-0.763167202472687
-0.616006731987,-0.0705110058188438,1.41017997264862,-0.248680725693703,-0.116055406630039,-0.585019052028656,-0.763178646564484
-0.616024374961853,-0.0705712959170341,1.41018652915955,-0.248641550540924,-0.116165928542614,-0.585027992725372,-0.763167798519135
-0.616038918495178,-0.0706482604146003,1.4101939201355,-0.248598515987396,-0.116248399019241,-0.585015773773193,-0.763178646564484
-0.616056561470032,-0.0707157999277114,1.41020476818085,-0.248531863093376,-0.116362929344177,-0.585042774677277,-0.763162195682526
-0.616065204143524,-0.0707751885056495,1.41021156311035,-0.248493507504463,-0.11643598228693,-0.585025131702423,-0.763177216053009
-0.616077423095703,-0.0708574205636978,1.41018438339233,-0.2482980042696,-0.116523452103138,-0.585088193416595,-0.763178944587708
-0.616095542907715,-0.0709218308329582,1.41020202636719,-0.248192071914673,-0.116664834320545,-0.585110127925873,-0.763175070285797
-0.616114854812622,-0.0709850117564201,1.41021418571472,-0.248038902878761,-0.116789698600769,-0.585143446922302,-0.763180136680603
-0.616134643554688,-0.0710652694106102,1.41020882129669,-0.247857466340065,-0.116946198046207,-0.585269451141357,-0.763118624687195
-0.616153240203857,-0.0711351484060287,1.41021025180817,-0.247707411646843,-0.117079257965088,-0.585343420505524,-0.763090193271637
-0.616320848464966,-0.0714841336011886,1.41021275520325,-0.247849285602569,-0.11581239849329,-0.585346937179565,-0.763234734535217
-0.616395950317383,-0.0715805813670158,1.41028881072998,-0.247754663228989,-0.116153582930565,-0.585530996322632,-0.763072311878204
-0.616404414176941,-0.0716505348682403,1.41033291816711,-0.247527003288269,-0.116411656141281,-0.585671544075012,-0.762998998165131
-0.616238951683044,-0.0715101584792137,1.41044569015503,-0.247287169098854,-0.117372393608093,-0.585865914821625,-0.76278030872345
-0.616269767284393,-0.0715532973408699,1.41047215461731,-0.24708679318428,-0.117549881339073,-0.585942029953003,-0.762759566307068
-0.616296768188477,-0.0715891346335411,1.41049611568451,-0.246865317225456,-0.117713153362274,-0.586115062236786,-0.762673079967499
-0.616301953792572,-0.0716294348239898,1.41050970554352,-0.246635526418686,-0.117938205599785,-0.586303412914276,-0.762567937374115
-0.616400241851807,-0.071648396551609,1.41057908535004,-0.246561259031296,-0.117507047951221,-0.586496889591217,-0.762509703636169
-0.616377651691437,-0.0716670453548431,1.41054022312164,-0.246216863393784,-0.117509342730045,-0.586776912212372,-0.762405216693878
-0.616373181343079,-0.0716547295451164,1.41052305698395,-0.246775209903717,-0.11757655441761,-0.586900472640991,-0.762119293212891
-0.616410374641418,-0.0716933012008667,1.41052281856537,-0.246354222297668,-0.117848135530949,-0.587417781352997,-0.761814653873444
-0.616673529148102,-0.071557343006134,1.41035902500153,-0.246441781520844,-0.118067540228367,-0.587357997894287,-0.761798620223999
-0.616909146308899,-0.0720026567578315,1.41047263145447,-0.244819134473801,-0.117403261363506,-0.58850771188736,-0.761537075042725
-0.616784453392029,-0.0717490762472152,1.41047620773315,-0.244168430566788,-0.119211316108704,-0.589239537715912,-0.760898947715759
-0.616923153400421,-0.0719988271594047,1.41034638881683,-0.24387301504612,-0.117492139339447,-0.58976024389267,-0.76085764169693
-0.616822123527527,-0.0721509382128715,1.41027522087097,-0.242958307266235,-0.118412561714649,-0.590808570384979,-0.76019412279129
-0.616847693920135,-0.0722069144248962,1.41027069091797,-0.242582470178604,-0.118618756532669,-0.591947913169861,-0.759395182132721
-0.616788148880005,-0.0719406679272651,1.41025805473328,-0.243176251649857,-0.119071155786514,-0.592686176300049,-0.758558213710785
-0.616637468338013,-0.0719802007079124,1.41041254997253,-0.242547899484634,-0.119104146957397,-0.594690144062042,-0.757184565067291
-0.616590738296509,-0.071906454861164,1.41049027442932,-0.24063041806221,-0.119403474032879,-0.596660614013672,-0.756198346614838
-0.616664290428162,-0.0721355378627777,1.41043424606323,-0.239625588059425,-0.120609529316425,-0.598588705062866,-0.754800915718079
-0.616549789905548,-0.0723384544253349,1.41032576560974,-0.238690733909607,-0.120526552200317,-0.600981831550598,-0.753207206726074
-0.616765856742859,-0.0726358219981193,1.41032350063324,-0.237852111458778,-0.120569534599781,-0.603237330913544,-0.751660943031311
-0.616851449012756,-0.072793036699295,1.41030192375183,-0.237248122692108,-0.120668910443783,-0.605809092521667,-0.749765157699585
-0.616843402385712,-0.0729719400405883,1.41030478477478,-0.236331552267075,-0.121004238724709,-0.608837902545929,-0.74754387140274
-0.61691826581955,-0.0730941072106361,1.41029286384583,-0.235671624541283,-0.121585465967655,-0.611853539943695,-0.745192110538483
-0.617010891437531,-0.0732672289013862,1.41033124923706,-0.235066011548042,-0.12203349173069,-0.614813089370728,-0.742870509624481
-0.61714768409729,-0.0734140127897262,1.41034889221191,-0.234418645501137,-0.122496917843819,-0.6180100440979,-0.74034184217453
-0.617728710174561,-0.0736008509993553,1.41036283969879,-0.235317409038544,-0.12171134352684,-0.621967256069183,-0.736864149570465
-0.617828547954559,-0.0738248527050018,1.41039776802063,-0.232689827680588,-0.122799552977085,-0.625918745994568,-0.734167277812958
-0.617828547954559,-0.0738248527050018,1.41039776802063,-0.232689827680588,-0.122799552977085,-0.625918745994568,-0.734167277812958
-0.617839157581329,-0.0740713626146316,1.4104220867157,-0.233384504914284,-0.124378256499767,-0.630993068218231,-0.729321181774139
-0.618398427963257,-0.0743683502078056,1.41041457653046,-0.232063978910446,-0.124172292649746,-0.63569438457489,-0.725686073303223
-0.618176817893982,-0.0744167193770408,1.41041350364685,-0.230095818638801,-0.126366257667542,-0.638281345367432,-0.723660349845886
-0.618206381797791,-0.0746137872338295,1.41043949127197,-0.229030340909958,-0.126345172524452,-0.642071545124054,-0.720642924308777
-0.618830263614655,-0.074992686510086,1.41040396690369,-0.22740164399147,-0.127092152833939,-0.646577000617981,-0.716989815235138
-0.618858754634857,-0.0751142799854278,1.41039419174194,-0.228127837181091,-0.127992123365402,-0.64892166852951,-0.71447628736496
-0.619078576564789,-0.0752503052353859,1.41022884845734,-0.225062742829323,-0.129545003175735,-0.652475953102112,-0.711927056312561
-0.618920743465424,-0.0753257870674133,1.41043984889984,-0.225016176700592,-0.131442338228226,-0.654395580291748,-0.709829032421112
-0.619254946708679,-0.0752373114228248,1.41034328937531,-0.224741116166115,-0.132324203848839,-0.65745598077774,-0.706918120384216
-0.620444357395172,-0.0757781490683555,1.41033947467804,-0.221479788422585,-0.132433876395225,-0.663155317306519,-0.702590346336365
-0.620483577251434,-0.0761591717600822,1.41047883033752,-0.218960851430893,-0.133510813117027,-0.666249394416809,-0.700244903564453
-0.620909988880157,-0.0760610625147819,1.41035044193268,-0.218538388609886,-0.134424954652786,-0.668862760066986,-0.697705924510956
-0.621189773082733,-0.0761795863509178,1.41039657592773,-0.217003345489502,-0.135340973734856,-0.671152651309967,-0.695806503295898
-0.621351659297943,-0.0762894377112388,1.41042923927307,-0.215484112501144,-0.136463686823845,-0.673514544963837,-0.693773984909058
-0.621549606323242,-0.0764655768871307,1.4104335308075,-0.21416100859642,-0.137484893202782,-0.676227033138275,-0.691339373588562
-0.62175840139389,-0.0765721648931503,1.41042220592499,-0.212456077337265,-0.138804778456688,-0.678479015827179,-0.689392447471619
-0.622101128101349,-0.0766724050045013,1.41041457653046,-0.210494711995125,-0.139974310994148,-0.680983066558838,-0.687285304069519
-0.621278345584869,-0.0762622505426406,1.41042530536652,-0.211489841341972,-0.141274437308311,-0.67972606420517,-0.687957882881165
-0.622524619102478,-0.0768229812383651,1.41052007675171,-0.207280322909355,-0.141492187976837,-0.684460759162903,-0.684491217136383
-0.622815072536469,-0.0767685249447822,1.41053450107574,0.203854158520698,0.142314314842224,0.686831474304199,0.682973444461823
-0.622007787227631,-0.0763187855482101,1.41055297851562,0.204788208007812,0.14386847615242,0.685545980930328,0.683659613132477
-0.623239815235138,-0.0769616067409515,1.41054654121399,0.200802624225616,0.144190281629562,0.690773189067841,0.679499804973602
-0.62297248840332,-0.0767608806490898,1.41060614585876,0.20112968981266,0.144921094179153,0.690998554229736,0.679018259048462
-0.623871862888336,-0.077020838856697,1.41057300567627,0.197832614183426,0.145713731646538,0.693579435348511,0.677183330059052
-0.623998522758484,-0.0771230235695838,1.41061174869537,0.196392446756363,0.146519765257835,0.695181906223297,0.675784111022949
-0.623745858669281,-0.0768724605441093,1.41059482097626,0.196650683879852,0.146972522139549,0.695107877254486,0.675686836242676
-0.624030649662018,-0.0768341794610023,1.41056084632874,0.195039227604866,0.147372081875801,0.696464419364929,0.67466938495636
-0.624297499656677,-0.0769338011741638,1.41052460670471,0.193975552916527,0.147485911846161,0.697905421257019,0.673460841178894
-0.624552667140961,-0.0770570114254951,1.41048431396484,0.192600712180138,0.147843107581139,0.699673473834991,0.671940684318542
-0.62529182434082,-0.0773400589823722,1.4104950428009,0.18918576836586,0.148378804326057,0.702254235744476,0.670098125934601
-0.625526785850525,-0.0774329602718353,1.41046905517578,0.188101187348366,0.14826574921608,0.703622698783875,0.668992042541504
-0.625815510749817,-0.0775231570005416,1.41034770011902,0.186650618910789,0.149086162447929,0.705174803733826,0.667580246925354
-0.626072227954865,-0.0775783210992813,1.41036367416382,0.185002386569977,0.149846822023392,0.706896841526031,0.666045784950256
-0.625923812389374,-0.0773429349064827,1.41023218631744,0.185901522636413,0.149828985333443,0.706831037998199,0.665869176387787
-0.626647710800171,-0.0777645260095596,1.41024744510651,0.182340785861015,0.150694295763969,0.709957301616669,0.663327693939209
-0.626899719238281,-0.0778325125575065,1.41014921665192,0.181317463517189,0.150770172476768,0.711068511009216,0.662400186061859
-0.627148270606995,-0.0778901129961013,1.41010856628418,0.180039122700691,0.151038140058517,0.712157607078552,0.661517024040222
-0.62736701965332,-0.0780106484889984,1.41007566452026,0.178703874349594,0.151401191949844,0.713725626468658,0.660104870796204
-0.62767630815506,-0.078145258128643,1.41006946563721,0.177697017788887,0.15187306702137,0.715026319026947,0.658859491348267
-0.627998352050781,-0.0782314985990524,1.40992951393127,0.176436021924019,0.152027532458305,0.716137945652008,0.657954692840576
-0.628214240074158,-0.0783655196428299,1.40985310077667,0.175404265522957,0.15255169570446,0.717745721340179,0.656355500221252
-0.628011286258698,-0.0781888589262962,1.40988779067993,0.17586812376976,0.152539983391762,0.717772960662842,0.656204342842102
-0.628284394741058,-0.0783686265349388,1.40974700450897,0.17468523979187,0.152956321835518,0.719434857368469,0.654601395130157
-0.6289342045784,-0.0788531973958015,1.40971374511719,0.171580836176872,0.153713494539261,0.722186028957367,0.652211308479309
-0.6289342045784,-0.0788531973958015,1.40971374511719,0.171580836176872,0.153713494539261,0.722186028957367,0.652211308479309
-0.628911375999451,-0.0789704322814941,1.40952503681183,0.171148017048836,0.154411405324936,0.723350822925568,0.650868117809296
-0.629151463508606,-0.0791266113519668,1.40951120853424,0.169860854744911,0.154922127723694,0.724798977375031,0.64947122335434
-0.629793345928192,-0.0796171575784683,1.40930438041687,0.167270913720131,0.155754014849663,0.727078020572662,0.647393763065338
-0.629550993442535,-0.0794977620244026,1.40936768054962,0.168135672807693,0.15548712015152,0.727165222167969,0.647136092185974
-0.629773497581482,-0.0797377675771713,1.4092276096344,0.16697646677494,0.155914708971977,0.728562235832214,0.645760357379913
-0.630313694477081,-0.0801932960748672,1.40919995307922,0.164297834038734,0.156691536307335,0.730867326259613,0.643651247024536
-0.630571365356445,-0.0803848505020141,1.40910112857819,0.16313099861145,0.157012775540352,0.731966137886047,0.642620205879211
-0.630360722541809,-0.0803553462028503,1.40902590751648,0.164102137088776,0.157051339745521,0.732308626174927,0.641973078250885
-0.630860686302185,-0.0809024050831794,1.40899920463562,0.161949872970581,0.158078297972679,0.734484255313873,0.639778435230255
-0.630860686302185,-0.0809024050831794,1.40899920463562,0.161949872970581,0.158078297972679,0.734484255313873,0.639778435230255
-0.63109278678894,-0.0813557356595993,1.40877282619476,0.160057306289673,0.158788695931435,0.737002789974213,0.637177228927612
-0.630918741226196,-0.0811908766627311,1.40864658355713,0.161199182271957,0.15846112370491,0.736877262592316,0.637116074562073
-0.631085336208344,-0.0814977586269378,1.40860283374786,0.160130441188812,0.159137979149818,0.738253772258759,0.63562148809433
-0.631170153617859,-0.0817793235182762,1.40874862670898,0.159162282943726,0.159765034914017,0.73956698179245,0.6341792345047
-0.631334900856018,-0.0821124911308288,1.40863597393036,0.158175498247147,0.160416334867477,0.740822196006775,0.63279515504837
-0.631462037563324,-0.082374632358551,1.4085521697998,0.157096609473228,0.160738065838814,0.741969764232635,0.631636559963226
-0.631489932537079,-0.0825944170355796,1.40845561027527,0.155969247221947,0.160802781581879,0.74297159910202,0.630721151828766
-0.63156121969223,-0.0828102976083755,1.40839457511902,0.154465034604072,0.160987883806229,0.744229257106781,0.629560351371765
-0.632053375244141,-0.0833905786275863,1.40846538543701,0.152391031384468,0.162134796380997,0.74624091386795,0.627386569976807
-0.632164895534515,-0.0836202576756477,1.40835893154144,0.150787591934204,0.162467077374458,0.747631251811981,0.626031160354614
-0.632213890552521,-0.0838735476136207,1.40830218791962,0.149775132536888,0.16255696117878,0.748690664768219,0.624983966350555
-0.632269322872162,-0.084070399403572,1.40819478034973,0.148879766464233,0.162826970219612,0.749737679958344,0.623871445655823
-0.632019281387329,-0.0840894356369972,1.40822625160217,0.149628803133965,0.162788271903992,0.749786555767059,0.623643457889557
-0.632421255111694,-0.0845815390348434,1.40820145606995,0.147051870822906,0.163662567734718,0.751859962940216,0.621527850627899
-0.6324742436409,-0.0847897753119468,1.40817356109619,0.146280154585838,0.163848176598549,0.752787053585052,0.620538234710693
-0.6324742436409,-0.0847897753119468,1.40817356109619,0.146280154585838,0.163848176598549,0.752787053585052,0.620538234710693
-0.632490336894989,-0.085378386080265,1.40808546543121,0.14425653219223,0.164396166801453,0.754846513271332,0.618361234664917
-0.632471680641174,-0.0855104923248291,1.40789520740509,0.143467351794243,0.163941383361816,0.755826890468597,0.6174675822258
-0.63250344991684,-0.0857210084795951,1.40796279907227,0.142734602093697,0.164199933409691,0.75669527053833,0.616504371166229
-0.63250344991684,-0.0857210084795951,1.40796279907227,0.142734602093697,0.164199933409691,0.75669527053833,0.616504371166229
-0.632504761219025,-0.0862775072455406,1.40784096717834,0.140228435397148,0.16474187374115,0.759246230125427,0.613792538642883
-0.632262289524078,-0.0862453058362007,1.40783286094666,0.141303226351738,0.164590537548065,0.759194672107697,0.613650500774384
-0.632293701171875,-0.0864620953798294,1.40785419940948,0.140480130910873,0.164899185299873,0.760036289691925,0.612713992595673
-0.632364451885223,-0.08669463545084,1.40799808502197,0.139629617333412,0.165174409747124,0.760941982269287,0.611709296703339
-0.632349610328674,-0.0869593769311904,1.40803694725037,0.138653546571732,0.165468022227287,0.762054920196533,0.610465228557587
-0.632364511489868,-0.0871476605534553,1.40801227092743,0.137985229492188,0.16550700366497,0.762824237346649,0.609644889831543
-0.632386088371277,-0.0873527899384498,1.40802693367004,0.137425720691681,0.165714710950851,0.763504803180695,0.608862221240997
-0.632397770881653,-0.0875607877969741,1.40806758403778,0.136649459600449,0.165738821029663,0.764342248439789,0.60797905921936
-0.632400810718536,-0.0877728536725044,1.40805995464325,0.13587112724781,0.165884077548981,0.765119731426239,0.607135474681854
-0.632503509521484,-0.0882310718297958,1.40826821327209,0.134974673390388,0.166814461350441,0.766094386577606,0.605849981307983
-0.632735967636108,-0.0886983424425125,1.40824413299561,0.13242843747139,0.167301088571548,0.767806172370911,0.604108273983002
-0.632726073265076,-0.0889073684811592,1.408243060112,0.132011190056801,0.16730409860611,0.768387317657471,0.603459537029266
-0.632692575454712,-0.0890991985797882,1.40812575817108,0.131348982453346,0.167331591248512,0.769008636474609,0.602804660797119
-0.632826328277588,-0.0892939269542694,1.40819430351257,0.130895614624023,0.167708218097687,0.769636988639832,0.601996004581451
-0.632530093193054,-0.0890508592128753,1.40798377990723,0.132351383566856,0.166717663407326,0.769076824188232,0.602668285369873
-0.632543981075287,-0.0893332883715629,1.40819680690765,0.131491348147392,0.166928768157959,0.769867300987244,0.601788401603699
-0.632639288902283,-0.0896332561969757,1.40813958644867,0.1310655772686,0.167245179414749,0.770520806312561,0.600956320762634
-0.632508635520935,-0.0896355286240577,1.40807330608368,0.130426377058029,0.166751399636269,0.770919263362885,0.600721538066864
-0.632460355758667,-0.0897906348109245,1.40801763534546,0.129753902554512,0.16656482219696,0.771376132965088,0.600332617759705
-0.632843732833862,-0.0899620354175567,1.40805053710938,0.130233287811279,0.167183548212051,0.771637260913849,0.59972083568573
-0.632430851459503,-0.0900880992412567,1.40803909301758,0.128958031535149,0.166459977626801,0.772340953350067,0.599291563034058
-0.632636189460754,-0.0900849103927612,1.4080194234848,0.129148080945015,0.166480407118797,0.772557020187378,0.598966360092163
-0.632619619369507,-0.0902221053838729,1.40801680088043,0.12879054248333,0.166367933154106,0.772956013679504,0.598559677600861
-0.632613658905029,-0.0903413891792297,1.40800774097443,0.1285110861063,0.16618500649929,0.77327823638916,0.598254323005676
-0.632635891437531,-0.0904354155063629,1.40799295902252,0.128285229206085,0.165947526693344,0.773433864116669,0.598167598247528
-0.632392764091492,-0.0906993299722671,1.40804743766785,0.127367004752159,0.16574364900589,0.774097800254822,0.597561299800873
-0.632311940193176,-0.0908123403787612,1.40798830986023,0.127072110772133,0.165496945381164,0.774590730667114,0.597053229808807
-0.632303357124329,-0.0909655392169952,1.40801048278809,0.126778110861778,0.165545582771301,0.774969816207886,0.596610426902771
-0.632271289825439,-0.0910714566707611,1.40800034999847,0.126476109027862,0.165354624390602,0.775261461734772,0.596348285675049
-0.632281184196472,-0.0911608412861824,1.4080023765564,0.126273438334465,0.165166392922401,0.775393128395081,0.596272230148315
-0.632281184196472,-0.0911608412861824,1.4080023765564,0.126273438334465,0.165166392922401,0.775393128395081,0.596272230148315
-0.63216495513916,-0.0913615748286247,1.40797996520996,0.126382574439049,0.167015910148621,0.775676786899567,0.595364451408386
-0.632186472415924,-0.0914194285869598,1.40776336193085,0.125714480876923,0.164414599537849,0.776035308837891,0.595762550830841
-0.632129073143005,-0.0914904773235321,1.40776753425598,0.125554144382477,0.16420878469944,0.776155054569244,0.595697283744812
-0.632095158100128,-0.0916872173547744,1.40797829627991,0.125271946191788,0.164378747344017,0.776452839374542,0.595321536064148
-0.632271587848663,-0.0916057601571083,1.40791928768158,0.125848680734634,0.164282724261284,0.776172518730164,0.59559166431427
-0.632201552391052,-0.0917036905884742,1.40794384479523,0.125630348920822,0.164163023233414,0.776362478733063,0.59542328119278
-0.632148265838623,-0.091804102063179,1.40796720981598,0.125632420182228,0.164074569940567,0.776431560516357,0.595357179641724
-0.632107198238373,-0.0918751955032348,1.40796864032745,0.125399127602577,0.16389624774456,0.776579678058624,0.595262289047241
-0.632061719894409,-0.0919675454497337,1.4079954624176,0.125130951404572,0.16375957429409,0.77681040763855,0.595055222511292
-0.63199520111084,-0.0920412391424179,1.40799200534821,0.124965183436871,0.163602262735367,0.776886522769928,0.595034003257751
-0.631955146789551,-0.0921026617288589,1.40798783302307,0.124815352261066,0.163468882441521,0.776967525482178,0.594996213912964
-0.63189297914505,-0.0921553596854209,1.4079794883728,0.124662138521671,0.163440376520157,0.777049422264099,0.594929397106171
-0.631868839263916,-0.0921963527798652,1.40795814990997,0.124616302549839,0.163319736719131,0.777022480964661,0.595007240772247
-0.631807565689087,-0.0922120958566665,1.40790164470673,0.124525137245655,0.163083955645561,0.7770015001297,0.595118343830109
-0.631746172904968,-0.0922420844435691,1.40789771080017,0.124428398907185,0.162963509559631,0.77696704864502,0.595216631889343
-0.631682515144348,-0.0922707989811897,1.40789008140564,0.124304011464119,0.162827387452125,0.776935756206512,0.595320582389832
-0.63162636756897,-0.0923271849751472,1.40787196159363,0.124128542840481,0.162747830152512,0.776974499225616,0.595328450202942
-0.631577670574188,-0.0923414900898933,1.40786170959473,0.124116294085979,0.162547513842583,0.776845693588257,0.595553755760193
-0.631531596183777,-0.0923791825771331,1.40784597396851,0.124014101922512,0.162435561418533,0.776830971240997,0.595624923706055
-0.631485223770142,-0.0923783257603645,1.40784013271332,0.124091394245625,0.16230671107769,0.776675820350647,0.595846176147461
-0.631435573101044,-0.0923799648880958,1.40783262252808,0.124054037034511,0.162156239151955,0.776539385318756,0.596072614192963
-0.631389200687408,-0.0923761576414108,1.4078221321106,0.124056853353977,0.162020355463028,0.776381015777588,0.596315205097198
-0.631356716156006,-0.0923748314380645,1.40781140327454,0.124022513628006,0.161862567067146,0.776251494884491,0.59653377532959
-0.63132643699646,-0.0923735350370407,1.40780913829803,0.124015845358372,0.161828324198723,0.776095271110535,0.596747756004333
-0.631282567977905,-0.0923555418848991,1.40779030323029,0.123968280851841,0.161667570471764,0.775845170021057,0.597126424312592
-0.631227910518646,-0.0923443660140037,1.40778994560242,0.12392857670784,0.161567136645317,0.775661647319794,0.597400069236755
-0.63116979598999,-0.0923174396157264,1.40778970718384,0.123909570276737,0.161417588591576,0.775493621826172,0.597662508487701
-0.631127953529358,-0.0922952070832252,1.4077787399292,0.12394717335701,0.161313310265541,0.77531760931015,0.597911238670349
-0.631106615066528,-0.092275820672512,1.40777277946472,0.123994216322899,0.161111041903496,0.775121510028839,0.598210096359253
-0.631244003772736,-0.0924457237124443,1.40784299373627,0.124233298003673,0.161625012755394,0.775087118148804,0.598066449165344
-0.63119649887085,-0.0924162790179252,1.40784537792206,0.124217852950096,0.161532297730446,0.774933278560638,0.598294079303741
-0.630914092063904,-0.0925242155790329,1.40787768363953,0.123521164059639,0.161281690001488,0.775052011013031,0.598351955413818
-0.630834877490997,-0.0924584716558456,1.40788590908051,0.123637117445469,0.161045163869858,0.77470862865448,0.598836243152618
-0.630995035171509,-0.0922690257430076,1.40784013271332,0.124341771006584,0.160985469818115,0.774105846881866,0.599485635757446
-0.630804002285004,-0.0922915339469909,1.40788853168488,0.124003626406193,0.160928592085838,0.774032413959503,0.599665760993958
-0.630769550800323,-0.0922415405511856,1.40787744522095,0.124021023511887,0.160841092467308,0.77379709482193,0.599989175796509
-0.630732953548431,-0.0922003760933876,1.40786349773407,0.124012105166912,0.16080516576767,0.773565232753754,0.600299596786499
-0.630684971809387,-0.0921198204159736,1.40788042545319,0.124096535146236,0.160717234015465,0.773302912712097,0.600643634796143
-0.630628824234009,-0.0921230614185333,1.40785717964172,0.124025203287601,0.160691067576408,0.773078978061676,0.600953459739685
-0.630493879318237,-0.0918824300169944,1.40800857543945,0.124056376516819,0.160288751125336,0.772672176361084,0.601577401161194
-0.630442202091217,-0.0917753428220748,1.40796720981598,0.124135255813599,0.160166636109352,0.772300243377686,0.602070987224579
-0.630408525466919,-0.0917373374104499,1.40791368484497,0.12404378503561,0.160167947411537,0.772034466266632,0.60243034362793
-0.630405724048615,-0.0916546061635017,1.40790379047394,0.124151557683945,0.160219177603722,0.77167546749115,0.602854073047638
-0.630406498908997,-0.0913552343845367,1.40765035152435,0.124387674033642,0.159582242369652,0.77105838060379,0.603763401508331
-0.630435049533844,-0.0912541151046752,1.40763103961945,0.124423325061798,0.159573256969452,0.770652174949646,0.604276716709137
-0.630706191062927,-0.0914225503802299,1.40762186050415,0.122826896607876,0.160308286547661,0.771036386489868,0.603918612003326
-0.630720376968384,-0.0913199856877327,1.40762174129486,0.122889682650566,0.160189360380173,0.770530223846436,0.604583024978638
-0.630745410919189,-0.0912090167403221,1.40761590003967,0.122886210680008,0.160202205181122,0.770146012306213,0.605069696903229
-0.630766570568085,-0.0910723954439163,1.40763282775879,0.122999168932438,0.160202533006668,0.769674122333527,0.605646848678589
-0.630818843841553,-0.0909439325332641,1.40762197971344,0.122977994382381,0.160237729549408,0.769225716590881,0.606211185455322
-0.630832731723785,-0.090813510119915,1.40761053562164,0.122997097671032,0.160176664590835,0.768802225589752,0.606760561466217
-0.630882680416107,-0.0906745120882988,1.40760433673859,0.123104505240917,0.160114273428917,0.768349468708038,0.607328534126282
-0.630907773971558,-0.0904899016022682,1.40757668018341,0.123138673603535,0.159913182258606,0.767861127853394,0.607991755008698
-0.630959689617157,-0.0903282016515731,1.40756702423096,0.123235322535038,0.159751951694488,0.76738303899765,0.608617722988129
-0.631060481071472,-0.0901551619172096,1.40758037567139,0.12334618717432,0.159618198871612,0.766788363456726,0.609379529953003
-0.631125807762146,-0.0899791792035102,1.40757858753204,0.123510830104351,0.159358769655228,0.766167402267456,0.610194563865662
-0.631213963031769,-0.0898107066750526,1.40764081478119,0.123725920915604,0.159315094351768,0.765677988529205,0.610776424407959
-0.631254434585571,-0.0896467417478561,1.40764224529266,0.123815812170505,0.159198626875877,0.765430867671967,0.611098170280457
-0.631666541099548,-0.0893257930874824,1.40750467777252,0.124767482280731,0.159266114234924,0.764516413211823,0.612031042575836
-0.631433486938477,-0.0893051102757453,1.40764665603638,0.123991869390011,0.158930465579033,0.764564871788025,0.612215399742126
-0.631495594978333,-0.0891774222254753,1.40776348114014,0.123885184526443,0.158911347389221,0.764185667037964,0.612715303897858
-0.63160103559494,-0.0889795273542404,1.40774726867676,0.123944029211998,0.158786162734032,0.763803780078888,0.613211750984192
-0.631706178188324,-0.0887904241681099,1.40774846076965,0.124035492539406,0.158618107438087,0.763343393802643,0.613809704780579
-0.631833434104919,-0.088585764169693,1.40776133537292,0.124432727694511,0.158769831061363,0.76284396648407,0.614310741424561
-0.631946980953217,-0.0883747860789299,1.40778005123138,0.124523013830185,0.158604875206947,0.762413084506989,0.614869713783264
-0.63210254907608,-0.0881461575627327,1.40777146816254,0.124628029763698,0.158425837755203,0.76198399066925,0.615426361560822
-0.632240295410156,-0.0879155769944191,1.40779101848602,0.124287962913513,0.157928749918938,0.761593878269196,0.616105258464813
-0.632095515727997,-0.0874298140406608,1.40781486034393,0.126115515828133,0.156932502985001,0.760115444660187,0.617811858654022
-0.632153749465942,-0.0870754718780517,1.40787422657013,0.1263497620821,0.156374529004097,0.75959700345993,0.618542790412903
-0.632291853427887,-0.0868165269494056,1.40787041187286,0.126420438289642,0.156068116426468,0.759137570858002,0.619169533252716
-0.632697820663452,-0.0868564769625663,1.40789258480072,0.124625116586685,0.156480342149734,0.759707152843475,0.61873060464859
-0.632872939109802,-0.086625725030899,1.4078973531723,0.124639540910721,0.156375527381897,0.759293973445892,0.619261085987091
-0.632872939109802,-0.086625725030899,1.4078973531723,0.124639540910721,0.156375527381897,0.759293973445892,0.619261085987091
-0.633150219917297,-0.0861625894904136,1.407958984375,0.125474497675896,0.155934363603592,0.758226037025452,0.620510935783386
-0.633342087268829,-0.0859068930149078,1.40798187255859,0.125533640384674,0.155755430459976,0.757670760154724,0.621221959590912
-0.633413851261139,-0.0856247022747993,1.40778231620789,0.12532351911068,0.155085578560829,0.757304012775421,0.621878802776337
-0.633777678012848,-0.0854047983884811,1.40799391269684,0.125551432371139,0.155313923954964,0.756628632545471,0.622597515583038
-0.633962333202362,-0.0851288810372352,1.40803003311157,0.125747159123421,0.155173450708389,0.756074607372284,0.623265624046326
-0.63415265083313,-0.0848063081502914,1.40805244445801,0.125640064477921,0.154679268598556,0.755643010139465,0.623933136463165
-0.634386837482452,-0.0844310894608497,1.40816748142242,0.125931352376938,0.154276058077812,0.75498902797699,0.624765396118164
-0.634587109088898,-0.0841956064105033,1.40817677974701,0.126015946269035,0.154001042246818,0.754541277885437,0.625356912612915
-0.634840965270996,-0.083873264491558,1.40825343132019,0.126317575573921,0.153743475675583,0.75400447845459,0.626006484031677
-0.634817123413086,-0.0831439569592475,1.40807104110718,0.128636494278908,0.152205407619476,0.752111554145813,0.62818318605423
-0.635045349597931,-0.0828161165118217,1.40812230110168,0.128750696778297,0.151880845427513,0.75154060125351,0.628921449184418
-0.635576069355011,-0.0827681720256805,1.40812921524048,0.127068862318993,0.152247682213783,0.75214034318924,0.628457486629486
-0.63584840297699,-0.0823932439088821,1.40818560123444,0.126677677035332,0.151924833655357,0.751558423042297,0.629310488700867
-0.636110663414001,-0.0820257142186164,1.40846931934357,0.126962095499039,0.151621460914612,0.750835955142975,0.63018786907196
-0.636081457138062,-0.0812882483005523,1.40822601318359,0.129202052950859,0.150004655122757,0.748861908912659,0.632464528083801
-0.636664927005768,-0.0812182500958442,1.40824222564697,0.128371357917786,0.150302097201347,0.749168574810028,0.632199764251709
-0.636960864067078,-0.0809389501810073,1.40847587585449,0.12848187983036,0.150097608566284,0.748659789562225,0.632828056812286
-0.637347400188446,-0.0804239138960838,1.40850138664246,0.128856107592583,0.149371266365051,0.747730016708374,0.634022235870361
-0.63767671585083,-0.080007866024971,1.40852665901184,0.129214257001877,0.148879840970039,0.746981501579285,0.634946584701538
-0.637826681137085,-0.0794802829623222,1.40823292732239,0.129440814256668,0.147556573152542,0.74666428565979,0.635582029819489
-0.638265490531921,-0.0793023258447647,1.40835380554199,0.129471972584724,0.147595703601837,0.746023416519165,0.636318802833557
-0.63857102394104,-0.0787379890680313,1.40843033790588,0.129119649529457,0.146776303648949,0.745475709438324,0.637221038341522
-0.63890928030014,-0.0784798935055732,1.40838015079498,0.12919670343399,0.146478876471519,0.744983077049255,0.637849748134613
-0.639202475547791,-0.0779113844037056,1.40847957134247,0.129592180252075,0.145626530051231,0.744361519813538,0.638689756393433
-0.639736354351044,-0.0774657502770423,1.40868890285492,0.130258366465568,0.145514830946922,0.743218898773193,0.639909267425537
-0.640090882778168,-0.0771713554859161,1.40858674049377,0.130465656518936,0.145037576556206,0.742755651473999,0.640512943267822
-0.640284955501556,-0.0767478123307228,1.40848100185394,0.130363076925278,0.144065484404564,0.742461204528809,0.641094326972961
-0.640617847442627,-0.0762898549437522,1.40852880477905,0.13085275888443,0.14335809648037,0.741675615310669,0.642061769962311
-0.640676140785217,-0.0755153596401214,1.40874838829041,0.133363127708435,0.141972944140434,0.739498972892761,0.644359648227692
-0.641135811805725,-0.0750485658645629,1.40873885154724,0.133665233850479,0.141224697232246,0.738641500473022,0.645443975925446
-0.64179927110672,-0.0749028697609901,1.4085693359375,0.132005274295807,0.140902727842331,0.739798843860626,0.644529700279236
-0.641274511814117,-0.0737610831856727,1.40869009494781,0.135211408138275,0.139142259955406,0.735304236412048,0.649372696876526
-0.64244419336319,-0.0739090293645858,1.40883409976959,0.132514432072639,0.138833940029144,0.738325417041779,0.646560609340668
-0.641961634159088,-0.072818785905838,1.40893793106079,0.135792091488838,0.137348428368568,0.734183847904205,0.650899291038513
-0.643131732940674,-0.0729339867830276,1.4087461233139,0.133117496967316,0.136989116668701,0.737136423587799,0.648184716701508
-0.642710328102112,-0.0717331320047378,1.40879392623901,0.136045560240745,0.134882196784019,0.73250675201416,0.653247535228729
-0.643835544586182,-0.0720145180821418,1.40864109992981,0.133352532982826,0.135107174515724,0.736229360103607,0.649561107158661
-0.643318712711334,-0.0710077956318855,1.40868091583252,0.13618229329586,0.133708357810974,0.732228219509125,0.653772294521332
-0.644534111022949,-0.0710867717862129,1.40871798992157,0.133419305086136,0.133421689271927,0.73523736000061,0.651017785072327
-0.64404171705246,-0.0699918717145919,1.4088888168335,0.136709585785866,0.132275208830833,0.731402993202209,0.65487664937973
-0.645273447036743,-0.0701854228973388,1.40885937213898,0.133388355374336,0.132523357868194,0.735297083854675,0.651140093803406
-0.64466404914856,-0.0690887421369552,1.40893042087555,0.136602178215981,0.130330592393875,0.730994045734406,0.655745029449463
-0.64466404914856,-0.0690887421369552,1.40893042087555,0.136602178215981,0.130330592393875,0.730994045734406,0.655745029449463
-0.645909249782562,-0.068620964884758,1.40871000289917,0.133536532521248,0.12873175740242,0.734622180461884,0.652630388736725
-0.645193576812744,-0.0675395354628562,1.40884971618652,0.136686846613884,0.127087697386742,0.730406761169434,0.65701699256897
-0.645193576812744,-0.0675395354628562,1.40884971618652,0.136686846613884,0.127087697386742,0.730406761169434,0.65701699256897
-0.645788669586182,-0.0667848736047744,1.40895044803619,0.136543750762939,0.126127853989601,0.729617297649384,0.658108115196228
-0.646873652935028,-0.0668466761708259,1.40922057628632,0.134131893515587,0.126311585307121,0.73378723859787,0.653919160366058
-0.646160781383514,-0.0657342672348022,1.40932440757751,0.137188643217087,0.124857127666473,0.729522347450256,0.658321499824524
-0.647190690040588,-0.0658735707402229,1.40932977199554,0.13439168035984,0.124984346330166,0.733296930789948,0.654670417308807
-0.646569132804871,-0.0646796599030494,1.40943884849548,0.137257516384125,0.123614758253098,0.728613555431366,0.659546971321106
-0.647554755210876,-0.0649077594280242,1.4094021320343,0.134591788053512,0.123992890119553,0.732612907886505,0.655583083629608
-0.646961450576782,-0.0637282207608223,1.40958404541016,0.137212917208671,0.123388960957527,0.728373765945435,0.659863293170929
-0.647907793521881,-0.0637973397970199,1.40951812267303,0.134523078799248,0.123480528593063,0.7319056391716,0.656483173370361
-0.647226393222809,-0.0626116469502449,1.40953838825226,0.137596383690834,0.122371599078178,0.727180540561676,0.661287426948547
-0.647771060466766,-0.0623718649148941,1.40946221351624,0.137003168463707,0.121624059975147,0.729074537754059,0.659460544586182
-0.647982358932495,-0.0618156567215919,1.40965783596039,0.13785046339035,0.121539488434791,0.728099703788757,0.660375952720642
-0.648028910160065,-0.0614125691354274,1.40938949584961,0.138361349701881,0.121419221162796,0.727517664432526,0.66093248128891
-0.648183286190033,-0.0610256493091583,1.40966713428497,0.13827845454216,0.122186712920666,0.727122664451599,0.661242961883545
-0.648311913013458,-0.0603153705596923,1.40975761413574,0.140126258134842,0.1213184222579,0.725377142429352,0.662928700447083
-0.648959696292877,-0.0600243620574474,1.4097056388855,0.138938620686531,0.121381215751171,0.724788427352905,0.663810670375824
-0.648974776268005,-0.0594966299831867,1.40950512886047,0.139647617936134,0.121065534651279,0.723752558231354,0.664848744869232
-0.649141371250153,-0.0588010810315609,1.40960347652435,0.13999816775322,0.121704056859016,0.722263932228088,0.666275799274445
-0.649267613887787,-0.058333370834589,1.40983378887177,0.140428528189659,0.122275047004223,0.720953226089478,0.667499125003815
-0.649339735507965,-0.0577750280499458,1.40985155105591,0.142896711826324,0.121757604181766,0.718798637390137,0.669390976428986
-0.649452269077301,-0.0573034286499023,1.40984117984772,0.144018560647964,0.121028296649456,0.716962277889252,0.671249508857727
-0.649481236934662,-0.056661270558834,1.40984272956848,0.144409045577049,0.122338615357876,0.715334236621857,0.672663509845734
-0.649499297142029,-0.0560519061982631,1.40983104705811,0.14603641629219,0.121477641165257,0.712963461875916,0.674981236457825
-0.649491786956787,-0.0555514842271804,1.40982854366302,0.146679103374481,0.121969349682331,0.711381018161774,0.676421225070953
-0.648993670940399,-0.0547349974513053,1.409672498703,0.149918764829636,0.12128147482872,0.707207798957825,0.680200278759003
-0.649575233459473,-0.0543218031525611,1.40968573093414,0.149405762553215,0.121654316782951,0.706824243068695,0.680645167827606
-0.649533748626709,-0.0537761859595775,1.40961134433746,0.150786012411117,0.122104421257973,0.704519629478455,0.682646453380585
-0.649481892585754,-0.0533914640545845,1.40982151031494,0.151635393500328,0.122678153216839,0.70277202129364,0.684155344963074
-0.648872971534729,-0.05267234146595,1.40980339050293,0.154813647270203,0.122369512915611,0.698833823204041,0.687524378299713
-0.64930534362793,-0.0526755601167678,1.40972483158112,0.153063088655472,0.121164701879025,0.698972821235657,0.687988340854645
-0.649218916893005,-0.052053652703762,1.40948951244354,0.154721453785896,0.121124856173992,0.696665287017822,0.689962089061737
-0.648578226566315,-0.0514364168047905,1.40945553779602,-0.157996773719788,-0.121507339179516,-0.692643582820892,-0.693194091320038
-0.648989081382751,-0.0515990369021892,1.40961575508118,-0.156620487570763,-0.123404085636139,-0.692868530750275,-0.692946434020996
-0.648215532302856,-0.0507402792572975,1.40957593917847,-0.160250350832939,-0.122244097292423,-0.688309729099274,-0.69685423374176
-0.64804607629776,-0.0503755956888198,1.40953373908997,-0.161716103553772,-0.122492030262947,-0.686107397079468,-0.69864159822464
-0.647833526134491,-0.0499120578169822,1.40931570529938,-0.163210108876228,-0.122615873813629,-0.683977425098419,-0.700359106063843
-0.64760947227478,-0.0496513731777668,1.4092630147934,-0.164300367236137,-0.122968174517155,-0.681993663311005,-0.701974987983704
-0.647975444793701,-0.0496262647211551,1.40924692153931,-0.163701668381691,-0.123388841748238,-0.681780457496643,-0.70224803686142
-0.647162914276123,-0.0490617528557777,1.40913617610931,-0.166638925671577,-0.12326367944479,-0.677837014198303,-0.705389797687531
-0.6474649310112,-0.049061931669712,1.40914833545685,-0.165922313928604,-0.123621739447117,-0.67777818441391,-0.705552279949188
-0.647215366363525,-0.0486891418695449,1.40907943248749,-0.167653247714043,-0.1258335262537,-0.675971269607544,-0.706485211849213
-0.646946609020233,-0.0484740883111953,1.40938425064087,-0.168861925601959,-0.126073762774467,-0.673660159111023,-0.708359479904175
-0.646603941917419,-0.0482345670461654,1.40926206111908,-0.171113833785057,-0.12595821917057,-0.672053873538971,-0.709364652633667
-0.646135747432709,-0.0479578077793121,1.40921020507812,-0.171128615736961,-0.125845372676849,-0.670984923839569,-0.710392475128174
-0.646099746227264,-0.048083160072565,1.40912652015686,-0.173527047038078,-0.126451909542084,-0.66870778799057,-0.711848556995392
-0.644876420497894,-0.0477991551160812,1.4093359708786,-0.176634013652802,-0.127757608890533,-0.663722574710846,-0.71550726890564
-0.644566833972931,-0.0476610325276851,1.40909123420715,-0.177591219544411,-0.127453848719597,-0.662053644657135,-0.716869652271271
-0.644184231758118,-0.0476078391075134,1.4090610742569,-0.176985293626785,-0.128593370318413,-0.660694241523743,-0.718069016933441
-0.643910646438599,-0.0476773008704185,1.40902400016785,-0.177971467375755,-0.128992348909378,-0.659405052661896,-0.718938112258911
-0.643910646438599,-0.0476773008704185,1.40902400016785,-0.177971467375755,-0.128992348909378,-0.659405052661896,-0.718938112258911
-0.643247961997986,-0.0477055199444294,1.40900814533234,-0.181229785084724,-0.129199743270874,-0.656373798847198,-0.720858335494995
-0.642945945262909,-0.0478804595768451,1.40891337394714,-0.181665077805519,-0.129863739013672,-0.655305445194244,-0.721601068973541
-0.642597019672394,-0.0479725822806358,1.40886270999908,-0.182571575045586,-0.130015224218369,-0.653829872608185,-0.72268271446228
-0.64227706193924,-0.0480773150920867,1.40886425971985,-0.181605637073517,-0.131006523966789,-0.652811110019684,-0.723667323589325
-0.641947627067566,-0.0481568127870559,1.40881729125977,-0.182198375463486,-0.131520703434944,-0.651653587818146,-0.724467873573303
-0.641621291637421,-0.0483174622058868,1.40872466564178,-0.184480994939804,-0.131910935044289,-0.650063633918762,-0.725247323513031
-0.64128714799881,-0.0484624728560447,1.40871775150299,-0.185149013996124,-0.132066577672958,-0.648825824260712,-0.726156711578369
-0.640919089317322,-0.0486999005079269,1.40868949890137,-0.184333309531212,-0.133341461420059,-0.648315787315369,-0.7265864610672
-0.640594959259033,-0.0489422529935836,1.40869307518005,-0.184979721903801,-0.133943423628807,-0.647156357765198,-0.727344691753387
-0.640298902988434,-0.0492378026247024,1.40863907337189,-0.187043905258179,-0.133667767047882,-0.645778477191925,-0.728091895580292
-0.640298902988434,-0.0492378026247024,1.40863907337189,-0.187043905258179,-0.133667767047882,-0.645778477191925,-0.728091895580292
-0.639725804328918,-0.0496538057923316,1.40866446495056,-0.186846792697906,-0.134227767586708,-0.644113004207611,-0.729513347148895
-0.639413714408875,-0.0500166118144989,1.40864157676697,-0.188559308648109,-0.134762302041054,-0.642922461032867,-0.73002415895462
-0.639011025428772,-0.0503335036337375,1.40846419334412,-0.189395204186439,-0.134072706103325,-0.642092227935791,-0.73066520690918
-0.638789772987366,-0.0507216826081275,1.40867614746094,-0.188568368554115,-0.136038392782211,-0.641500651836395,-0.731035232543945
-0.638478517532349,-0.0511245802044868,1.40869188308716,-0.189092919230461,-0.136597856879234,-0.640716969966888,-0.731482446193695
-0.638214349746704,-0.0514475889503955,1.40868663787842,-0.189666464924812,-0.137115254998207,-0.639857649803162,-0.73198926448822
-0.637848436832428,-0.0518707297742366,1.40876412391663,-0.190199702978134,-0.137533366680145,-0.639036059379578,-0.732490062713623
-0.637560844421387,-0.0522897168993949,1.40875065326691,-0.190992951393127,-0.138063728809357,-0.638092577457428,-0.733006119728088
-0.637305915355682,-0.0527602396905422,1.40876603126526,-0.192929059267044,-0.138565987348556,-0.636719584465027,-0.733597934246063
-0.637011826038361,-0.0532027408480644,1.40879654884338,-0.192005127668381,-0.13891775906086,-0.63639223575592,-0.734057724475861
-0.636702299118042,-0.0538330450654029,1.40916109085083,-0.194293409585953,-0.139275908470154,-0.635229229927063,-0.734395146369934
-0.636422753334045,-0.0543306656181812,1.4091637134552,-0.193385139107704,-0.140361800789833,-0.635210156440735,-0.734444499015808
-0.636088013648987,-0.0549143366515636,1.40910172462463,-0.195569753646851,-0.139612689614296,-0.634137392044067,-0.734935700893402
-0.635950148105621,-0.0554999634623527,1.40921580791473,-0.196459576487541,-0.140320643782616,-0.63350236415863,-0.735111176967621
-0.635659396648407,-0.0561861842870712,1.40916228294373,-0.196939498186111,-0.140361651778221,-0.633216559886932,-0.735221266746521
-0.6355020403862,-0.0568619072437286,1.4093941450119,-0.197918131947517,-0.141102090477943,-0.632580161094666,-0.735364556312561
-0.635191679000854,-0.0574673861265182,1.40944361686707,-0.198440834879875,-0.14113661646843,-0.631812334060669,-0.735876977443695
-0.634846866130829,-0.0579456984996795,1.40928113460541,-0.199034795165062,-0.140839964151382,-0.630952894687653,-0.736510574817657
-0.634671986103058,-0.0587966553866863,1.4094957113266,-0.199920862913132,-0.141428291797638,-0.630388200283051,-0.736641347408295
-0.634346067905426,-0.0594004839658737,1.40968680381775,-0.200119599699974,-0.142037779092789,-0.629640161991119,-0.737109661102295
-0.634183466434479,-0.0602310113608837,1.40970063209534,-0.199654623866081,-0.142502084374428,-0.629556059837341,-0.737218022346497
-0.633851408958435,-0.0607910379767417,1.40965902805328,-0.200507253408432,-0.141938507556915,-0.628464996814728,-0.738025784492493
-0.633687973022461,-0.0616014339029789,1.4097466468811,-0.201258555054665,-0.14204640686512,-0.627709269523621,-0.738443553447723
-0.633483529090881,-0.0624945014715194,1.41004693508148,-0.203213542699814,-0.141714751720428,-0.627007961273193,-0.738567709922791
-0.633222699165344,-0.0632988587021827,1.41009140014648,-0.202659666538238,-0.142218366265297,-0.626836657524109,-0.738768339157104
-0.633046269416809,-0.064181238412857,1.41017746925354,-0.204848021268845,-0.142072483897209,-0.625964045524597,-0.73893278837204
-0.632827877998352,-0.0650225430727005,1.41012358665466,-0.205758973956108,-0.141635149717331,-0.625208020210266,-0.739403486251831
-0.632551372051239,-0.0659791156649589,1.41029751300812,-0.206192925572395,-0.142345249652862,-0.624928176403046,-0.739382922649384
-0.632374823093414,-0.067012071609497,1.41049003601074,-0.207028284668922,-0.142499014735222,-0.624490261077881,-0.739489793777466
-0.632163524627686,-0.0679010450839996,1.4103467464447,-0.20765408873558,-0.141067504882812,-0.623972296714783,-0.740025818347931
-0.632017612457275,-0.0689724460244178,1.41076874732971,-0.208598211407661,-0.141474217176437,-0.623566150665283,-0.740024983882904
-0.631790518760681,-0.070059910416603,1.4109103679657,-0.208917513489723,-0.141870886087418,-0.623382270336151,-0.740013897418976
-0.631557583808899,-0.0711321011185646,1.41093313694,-0.209902390837669,-0.140347644686699,-0.62314236164093,-0.74022775888443
-0.631332159042358,-0.072313480079174,1.41100144386292,-0.210642546415329,-0.140069738030434,-0.622846364974976,-0.74031925201416
-0.63111025094986,-0.07351665943861,1.41109657287598,-0.210955306887627,-0.140037953853607,-0.622909307479858,-0.740183174610138
-0.630807459354401,-0.0746828764677047,1.41129994392395,-0.211528435349464,-0.140144884586334,-0.622910559177399,-0.739998400211334
-0.630587041378021,-0.0758903622627258,1.41135001182556,-0.212332308292389,-0.138935074210167,-0.62305873632431,-0.739871501922607
-0.630246639251709,-0.0771119818091392,1.41132700443268,-0.212714999914169,-0.138161554932594,-0.623327493667603,-0.739680051803589
-0.630124151706696,-0.0783018767833709,1.4113667011261,-0.213863924145698,-0.137757107615471,-0.622990727424622,-0.739707887172699
-0.629841268062592,-0.0795332342386245,1.41165268421173,-0.213050737977028,-0.138258323073387,-0.623573780059814,-0.739357650279999
-0.629669964313507,-0.0807827040553093,1.41174507141113,-0.21397653222084,-0.137641787528992,-0.62360817193985,-0.739176452159882
-0.629330277442932,-0.0819923430681228,1.41173875331879,-0.216421484947205,-0.137145459651947,-0.622886836528778,-0.739165067672729
-0.629141926765442,-0.0832832977175712,1.41179752349854,-0.215737298130989,-0.136572450399399,-0.623494684696198,-0.738958597183228
-0.62880265712738,-0.0844195559620857,1.41161668300629,-0.216431811451912,-0.135541930794716,-0.623336434364319,-0.73907870054245
-0.628560066223145,-0.0857775211334228,1.41197407245636,-0.218712091445923,-0.136093452572822,-0.623044013977051,-0.738552510738373
-0.628318667411804,-0.0869998037815094,1.41192853450775,-0.218165144324303,-0.134653240442276,-0.623569905757904,-0.738534450531006
-0.6285040974617,-0.0883345231413841,1.41208755970001,-0.21876172721386,-0.133522570133209,-0.624772429466248,-0.737546265125275
-0.627691507339478,-0.0894690752029419,1.41179621219635,-0.219946935772896,-0.133109956979752,-0.623844265937805,-0.738053739070892
-0.627535820007324,-0.0906972140073776,1.41198635101318,-0.220991387963295,-0.132196262478828,-0.623983085155487,-0.737788617610931
-0.627415597438812,-0.0919120609760284,1.41199970245361,-0.222344294190407,-0.131543576717377,-0.623704552650452,-0.737734317779541
-0.627150654792786,-0.0931814387440681,1.41196513175964,-0.223061189055443,-0.130627781152725,-0.623916268348694,-0.737501740455627
-0.626866281032562,-0.0943152457475662,1.41204559803009,-0.224248111248016,-0.129737794399261,-0.624088704586029,-0.737152695655823
-0.626954436302185,-0.0955820977687835,1.41206359863281,-0.225137263536453,-0.128014326095581,-0.62528795003891,-0.736166059970856
-0.626913607120514,-0.0966904908418655,1.41212177276611,-0.225459218025207,-0.126676365733147,-0.625816881656647,-0.735849559307098
-0.626623272895813,-0.0979722216725349,1.4122166633606,-0.227594926953316,-0.126641675829887,-0.626025676727295,-0.735019981861115
-0.625947117805481,-0.0990520864725112,1.41226577758789,-0.22965981066227,-0.126310363411903,-0.625065326690674,-0.735252022743225
-0.625700116157532,-0.10007531940937,1.41203320026398,-0.230767250061035,-0.125062480568886,-0.624938607215881,-0.735226213932037
-0.626014649868011,-0.102005071938038,1.41212558746338,-0.23124349117279,-0.122390873730183,-0.627118349075317,-0.733668506145477
-0.625541150569916,-0.102526418864727,1.41216945648193,-0.232474654912949,-0.121768794953823,-0.627205550670624,-0.7333083152771
-0.625311374664307,-0.103595897555351,1.41225469112396,-0.235604628920555,-0.120447129011154,-0.626722395420074,-0.732940673828125
-0.624611794948578,-0.104713134467602,1.41231560707092,-0.237179324030876,-0.121072098612785,-0.6260746717453,-0.732883334159851
-0.624368965625763,-0.105831496417522,1.41225636005402,-0.236823871731758,-0.120649076998234,-0.626863896846771,-0.732393205165863
-0.624202370643616,-0.106984153389931,1.41236054897308,-0.238092809915543,-0.119200401008129,-0.627279579639435,-0.731863081455231
-0.623933076858521,-0.108103930950165,1.41223561763763,-0.239299491047859,-0.117750868201256,-0.627683758735657,-0.731357395648956
-0.623607695102692,-0.109251745045185,1.41235792636871,-0.240078508853912,-0.116503320634365,-0.627938807010651,-0.731082856655121
-0.623685300350189,-0.110377930104732,1.41227006912231,-0.240435615181923,-0.114587165415287,-0.629295706748962,-0.730100929737091
-0.623424291610718,-0.11146043241024,1.4122371673584,-0.241457015275955,-0.113472387194633,-0.629806756973267,-0.729497194290161
-0.622815430164337,-0.112586423754692,1.41237115859985,-0.243506386876106,-0.112603954970837,-0.629347681999207,-0.729346632957458
-0.622509479522705,-0.113670311868191,1.41242694854736,-0.243773385882378,-0.112672880291939,-0.629885971546173,-0.728781878948212
-0.622165560722351,-0.114782229065895,1.41242170333862,-0.244269907474518,-0.111834041774273,-0.630576848983765,-0.728147089481354
-0.621861696243286,-0.115830920636654,1.4123706817627,-0.245270580053329,-0.110816836357117,-0.631262600421906,-0.727371692657471
-0.621523797512054,-0.11691926419735,1.41243135929108,-0.245803236961365,-0.110038809478283,-0.631786286830902,-0.726855158805847
-0.621224641799927,-0.118001408874989,1.41243040561676,-0.246600478887558,-0.109115101397038,-0.632285416126251,-0.726290106773376
-0.620868861675262,-0.119123078882694,1.41240739822388,-0.247136056423187,-0.108509503304958,-0.632949531078339,-0.725620090961456
-0.62050324678421,-0.120195403695107,1.41237497329712,-0.247691914439201,-0.107610896229744,-0.633578598499298,-0.725015103816986
-0.620055556297302,-0.121231414377689,1.41236877441406,-0.248331964015961,-0.106798827648163,-0.634637236595154,-0.723989546298981
-0.619752287864685,-0.12240944057703,1.41236364841461,-0.248583108186722,-0.106969609856606,-0.635128378868103,-0.723447144031525
-0.619435369968414,-0.123508900403976,1.41227424144745,-0.24891871213913,-0.105719350278378,-0.635971963405609,-0.7227743268013
-0.619050681591034,-0.124454535543919,1.4122257232666,-0.249633491039276,-0.105170518159866,-0.636477530002594,-0.722162544727325
-0.618540167808533,-0.125463366508484,1.41243505477905,-0.250387996435165,-0.104655392467976,-0.637145042419434,-0.721387207508087
-0.61825168132782,-0.126667469739914,1.41236674785614,-0.250573545694351,-0.105197563767433,-0.638029873371124,-0.720461189746857
-0.61787074804306,-0.127759993076324,1.41233420372009,-0.251086294651031,-0.104971654713154,-0.638857483863831,-0.719581723213196
-0.617612838745117,-0.128782898187637,1.41234731674194,-0.252019822597504,-0.1037882193923,-0.639437198638916,-0.71891176700592
-0.617161870002747,-0.129851132631302,1.41235184669495,-0.25241881608963,-0.103644914925098,-0.640149772167206,-0.718157887458801
-0.617030560970306,-0.130897462368011,1.41237759590149,-0.252255171537399,-0.102085962891579,-0.641883015632629,-0.716890573501587
-0.616267919540405,-0.131866812705994,1.41233623027802,-0.253499358892441,-0.102508589625358,-0.641632974147797,-0.71661514043808
-0.615707874298096,-0.132830515503883,1.41235637664795,-0.253747642040253,-0.10224274545908,-0.642600893974304,-0.715697288513184
-0.615289866924286,-0.133797004818916,1.41233575344086,-0.25564181804657,-0.101354286074638,-0.6430344581604,-0.714759588241577
-0.614871084690094,-0.134817630052567,1.41236770153046,-0.254796296358109,-0.102159231901169,-0.644370377063751,-0.713743031024933
-0.614392042160034,-0.135798320174217,1.41217732429504,-0.255282014608383,-0.102420642971992,-0.645203113555908,-0.712779223918915
-0.613961517810822,-0.136777177453041,1.41213142871857,-0.256007611751556,-0.102755069732666,-0.645945310592651,-0.711797833442688
-0.613383948802948,-0.137653231620788,1.41198086738586,-0.256479471921921,-0.102265983819962,-0.646706283092499,-0.711007058620453
-0.612881720066071,-0.13878133893013,1.41204333305359,-0.256543308496475,-0.102799132466316,-0.647760570049286,-0.709946572780609
-0.612614750862122,-0.139687687158585,1.41207897663116,-0.257602870464325,-0.102172553539276,-0.648245692253113,-0.709210216999054
-0.612614750862122,-0.139687687158585,1.41207897663116,-0.257602870464325,-0.102172553539276,-0.648245692253113,-0.709210216999054
-0.611698269844055,-0.141319274902344,1.41205322742462,-0.258867532014847,-0.102028258144855,-0.649780869483948,-0.707363188266754
-0.611220598220825,-0.142232745885849,1.41204226016998,-0.259622722864151,-0.102240167558193,-0.650397598743439,-0.706488609313965
-0.610600352287292,-0.143000915646553,1.41182434558868,-0.260043889284134,-0.101592548191547,-0.651306688785553,-0.705588936805725
-0.610215067863464,-0.14372555911541,1.41204953193665,-0.261101126670837,-0.102117940783501,-0.651766061782837,-0.704698145389557
-0.609707891941071,-0.144554615020752,1.41195321083069,-0.261660426855087,-0.102346420288086,-0.652549862861633,-0.703731536865234
-0.609200239181519,-0.145431756973267,1.41175878047943,-0.262310326099396,-0.102300047874451,-0.653222143650055,-0.702871918678284
-0.608801245689392,-0.146052151918411,1.4119039773941,-0.263243317604065,-0.102621138095856,-0.653635859489441,-0.70209127664566
-0.608295440673828,-0.146910578012466,1.41162264347076,-0.263430744409561,-0.102648369967937,-0.654654204845428,-0.701067328453064
-0.607899963855743,-0.147535532712936,1.41173148155212,-0.264380186796188,-0.103155680000782,-0.655047833919525,-0.700267493724823
-0.607537567615509,-0.148337006568909,1.41168451309204,-0.265043348073959,-0.103726707398891,-0.655466794967651,-0.69953989982605
-0.607085108757019,-0.148967951536179,1.4116632938385,-0.265683889389038,-0.104366727173328,-0.655845940113068,-0.698846042156219
-0.606642544269562,-0.149652063846588,1.41178965568542,-0.266174852848053,-0.10494888573885,-0.656522989273071,-0.69793576002121
-0.606218993663788,-0.150283113121986,1.41178226470947,-0.266727149486542,-0.105168923735618,-0.656979978084564,-0.697261333465576
-0.605702996253967,-0.150841191411018,1.41179227828979,-0.267183005809784,-0.104792758822441,-0.657636523246765,-0.696524143218994
-0.60568630695343,-0.15130490064621,1.41177248954773,-0.268871694803238,-0.104998677968979,-0.657859444618225,-0.69563227891922
-0.605216860771179,-0.151968702673912,1.41191387176514,-0.269150763750076,-0.105457611382008,-0.658070206642151,-0.695255696773529
-0.604852735996246,-0.152554303407669,1.41192710399628,-0.269491910934448,-0.105816215276718,-0.658601641654968,-0.694565296173096
-0.604910492897034,-0.153222277760506,1.41199958324432,-0.269430577754974,-0.105373829603195,-0.6598961353302,-0.693426787853241
-0.604538321495056,-0.153725802898407,1.4119873046875,-0.26977276802063,-0.10575421154499,-0.6601402759552,-0.693003237247467
-0.604031085968018,-0.154198884963989,1.41189181804657,-0.270038217306137,-0.105509951710701,-0.660688579082489,-0.692414402961731
-0.603507339954376,-0.154860705137253,1.41185867786407,-0.269561797380447,-0.106129430234432,-0.660911917686462,-0.692292094230652
-0.602863550186157,-0.155377775430679,1.41171264648438,-0.270456224679947,-0.108424067497253,-0.660343766212463,-0.692129969596863
-0.602652370929718,-0.155964910984039,1.41186261177063,-0.269747257232666,-0.10657761991024,-0.661744236946106,-0.691355466842651
-0.602369129657745,-0.156421855092049,1.41164946556091,-0.270327299833298,-0.106630966067314,-0.662123739719391,-0.690757155418396
-0.601649343967438,-0.15679107606411,1.41163063049316,-0.271457493305206,-0.108366765081882,-0.661242127418518,-0.690888226032257
-0.600973129272461,-0.157408103346825,1.4115617275238,-0.271003276109695,-0.108385771512985,-0.662200510501862,-0.690145075321198
-0.600514352321625,-0.157726019620895,1.41146242618561,-0.271292924880981,-0.108422510325909,-0.662136435508728,-0.690087020397186
-0.600215792655945,-0.158130347728729,1.41148781776428,-0.271886199712753,-0.108757935464382,-0.662153899669647,-0.689783930778503
-0.599854946136475,-0.158633068203926,1.41140758991241,-0.272099137306213,-0.109177492558956,-0.66255384683609,-0.689249515533447
-0.599385321140289,-0.159161627292633,1.41146528720856,-0.272211670875549,-0.10995003581047,-0.662877798080444,-0.688770890235901
-0.598922789096832,-0.159546047449112,1.41121459007263,-0.272417426109314,-0.1097621768713,-0.663026213645935,-0.68857616186142
-0.59854531288147,-0.160004526376724,1.41118514537811,-0.272793412208557,-0.110190138220787,-0.663228273391724,-0.688164353370667
-0.598304808139801,-0.160543724894524,1.4110769033432,-0.273376971483231,-0.110794521868229,-0.663390517234802,-0.687679052352905
-0.597786724567413,-0.160903543233871,1.41099405288696,-0.273667603731155,-0.110915035009384,-0.663432359695435,-0.68750387430191
-0.597494781017303,-0.161462813615799,1.41095209121704,-0.27418440580368,-0.11130029708147,-0.663571953773499,-0.687100887298584
-0.597263097763062,-0.161870822310448,1.41099882125854,-0.274787127971649,-0.111805811524391,-0.663214087486267,-0.687123537063599
-0.597263097763062,-0.161870822310448,1.41099882125854,-0.274787127971649,-0.111805811524391,-0.663214087486267,-0.687123537063599
-0.596109747886658,-0.162562325596809,1.41079688072205,-0.275285691022873,-0.110954426229,-0.663691103458405,-0.686601340770721
-0.596174776554108,-0.163037553429603,1.41068828105927,-0.27648138999939,-0.111738160252571,-0.663807511329651,-0.685880720615387
-0.595691919326782,-0.163637369871139,1.41060423851013,-0.276182949542999,-0.112016692757607,-0.663990080356598,-0.685778677463531
-0.59520697593689,-0.16389636695385,1.41053783893585,-0.276586711406708,-0.111516639590263,-0.663770854473114,-0.685909688472748
-0.595037698745728,-0.164302974939346,1.41054487228394,-0.278058409690857,-0.112443052232265,-0.663766443729401,-0.685167193412781
-0.59448903799057,-0.164550393819809,1.41053748130798,-0.278435498476028,-0.112338036298752,-0.663816690444946,-0.684982717037201
-0.59448903799057,-0.164550393819809,1.41053748130798,-0.278435498476028,-0.112338036298752,-0.663816690444946,-0.684982717037201
-0.594293475151062,-0.165480688214302,1.41057336330414,-0.280021727085114,-0.113004416227341,-0.663290619850159,-0.684736132621765
-0.593944728374481,-0.165787845849991,1.41049480438232,-0.280914425849914,-0.11254420876503,-0.663001596927643,-0.684725999832153
-0.593603432178497,-0.166084051132202,1.4104391336441,-0.281457751989365,-0.112556107342243,-0.662858545780182,-0.684639513492584
-0.593312919139862,-0.16647607088089,1.4102748632431,-0.282125622034073,-0.113358102738857,-0.662935495376587,-0.684157609939575
-0.592981815338135,-0.166795283555984,1.4101836681366,-0.282682836055756,-0.113263040781021,-0.662854969501495,-0.684021592140198
-0.592726767063141,-0.167049780488014,1.41011130809784,-0.28344663977623,-0.112296253442764,-0.662607550621033,-0.684104442596436
-0.592208325862885,-0.167434155941009,1.41012620925903,-0.283236771821976,-0.112239748239517,-0.662190496921539,-0.684604406356812
-0.591855645179749,-0.167713060975075,1.41009509563446,-0.283939301967621,-0.112019591033459,-0.661859929561615,-0.684669077396393
-0.591541111469269,-0.167955696582794,1.4100136756897,-0.284714698791504,-0.111788526177406,-0.661480963230133,-0.684750854969025
-0.591251194477081,-0.168179512023926,1.40991234779358,-0.285078853368759,-0.111704975366592,-0.661318004131317,-0.684770584106445
-0.590799987316132,-0.16828778386116,1.4097912311554,-0.285513520240784,-0.110894158482552,-0.661092162132263,-0.68493914604187
-0.590510666370392,-0.168503269553185,1.40971314907074,-0.28619322180748,-0.110464081168175,-0.661076962947845,-0.684739649295807
-0.589802861213684,-0.168563216924667,1.40978705883026,-0.286397725343704,-0.109210982918739,-0.660881042480469,-0.685044288635254
-0.589483678340912,-0.168766558170319,1.40975093841553,-0.287012487649918,-0.109204486012459,-0.660593092441559,-0.685065865516663
-0.58918833732605,-0.16898450255394,1.40970134735107,-0.287420570850372,-0.109747521579266,-0.660465180873871,-0.684931218624115
-0.588963687419891,-0.169115260243416,1.40967345237732,-0.287888377904892,-0.109562084078789,-0.660120725631714,-0.685096383094788
-0.589205920696259,-0.169358342885971,1.40949285030365,-0.288872212171555,-0.110260277986526,-0.659588277339935,-0.685083150863647
-0.589119434356689,-0.16952982544899,1.40963554382324,-0.289618313312531,-0.110687613487244,-0.659102380275726,-0.685166776180267
-0.588983416557312,-0.169627860188484,1.40962564945221,-0.290083259344101,-0.109914779663086,-0.65878963470459,-0.685395479202271
-0.588802874088287,-0.169672980904579,1.4095401763916,-0.290475130081177,-0.109533429145813,-0.65850818157196,-0.685560762882233
-0.588650941848755,-0.169730961322784,1.40953505039215,-0.291058540344238,-0.109185688197613,-0.658014178276062,-0.685843229293823
-0.588404715061188,-0.169650375843048,1.40960228443146,-0.291485667228699,-0.108857862651348,-0.657353520393372,-0.68634706735611
-0.588430941104889,-0.169724851846695,1.40966165065765,-0.29205384850502,-0.109261341392994,-0.657077193260193,-0.686305999755859
-0.588393867015839,-0.169855982065201,1.40969479084015,-0.292340010404587,-0.109589725732803,-0.656926453113556,-0.686276257038116
-0.588195025920868,-0.169671505689621,1.40944790840149,-0.29260590672493,-0.108805365860462,-0.656770765781403,-0.686436891555786
-0.588196754455566,-0.169693484902382,1.40958380699158,-0.293004840612411,-0.109257847070694,-0.65643972158432,-0.686511337757111
-0.588092148303986,-0.16965626180172,1.40959286689758,-0.293296337127685,-0.109208025038242,-0.656275689601898,-0.686551511287689
-0.587822616100311,-0.169575855135918,1.40956354141235,-0.293256521224976,-0.1088030859828,-0.656139612197876,-0.686762928962708
-0.587687075138092,-0.169410437345505,1.40964341163635,-0.293511748313904,-0.108731545507908,-0.655740797519684,-0.68704617023468
-0.587842345237732,-0.169502541422844,1.40965473651886,-0.294122755527496,-0.109554119408131,-0.655834257602692,-0.686564862728119
-0.587806761264801,-0.169421136379242,1.40967702865601,-0.294223487377167,-0.10973734408617,-0.655792355537415,-0.686532437801361
-0.587752461433411,-0.169302761554718,1.40970134735107,-0.294428914785385,-0.10987414419651,-0.655617535114288,-0.686589419841766
-0.587417960166931,-0.169035524129867,1.40971529483795,-0.294245451688766,-0.110076308250427,-0.655389428138733,-0.686853408813477
-0.587601780891418,-0.169048085808754,1.40968155860901,-0.294537961483002,-0.110809311270714,-0.655479967594147,-0.686523616313934
-0.587322533130646,-0.168778538703918,1.40970075130463,-0.294441282749176,-0.110579550266266,-0.655153095722198,-0.686914086341858
-0.587374746799469,-0.168732941150665,1.40964865684509,-0.294314205646515,-0.110954232513905,-0.655274927616119,-0.686791837215424
-0.587317943572998,-0.168378442525864,1.40950679779053,-0.294475317001343,-0.110623300075531,-0.65474671125412,-0.687279760837555
-0.587278664112091,-0.168311536312103,1.40944314002991,-0.294231653213501,-0.11068320274353,-0.655122756958008,-0.687016069889069
-0.587275326251984,-0.168126299977302,1.40943348407745,-0.294247001409531,-0.110768854618072,-0.655006170272827,-0.687106966972351
-0.587275326251984,-0.168126299977302,1.40943348407745,-0.294247001409531,-0.110768854618072,-0.655006170272827,-0.687106966972351
-0.587074279785156,-0.167952075600624,1.40969657897949,-0.293482750654221,-0.110897965729237,-0.655206978321075,-0.687221586704254
-0.587004899978638,-0.167775049805641,1.40977644920349,-0.293371558189392,-0.111154139041901,-0.655215978622437,-0.687219142913818
-0.586915969848633,-0.16739621758461,1.40985226631165,-0.293455451726913,-0.111055694520473,-0.65509706735611,-0.687312543392181
-0.586892306804657,-0.16718415915966,1.40990161895752,-0.293209254741669,-0.11148040741682,-0.655022501945496,-0.687419712543488
-0.586944699287415,-0.166889905929565,1.40966844558716,-0.293118894100189,-0.111450180411339,-0.65479838848114,-0.687676906585693
-0.587331831455231,-0.166499808430672,1.40949881076813,-0.294044345617294,-0.111832678318024,-0.65433531999588,-0.687660217285156
-0.587355494499207,-0.166345223784447,1.4098014831543,-0.293951690196991,-0.113758444786072,-0.654164850711823,-0.687546193599701
-0.587340295314789,-0.166094645857811,1.40983033180237,-0.293818831443787,-0.114059500396252,-0.654000759124756,-0.687709271907806
-0.587340295314789,-0.166094645857811,1.40983033180237,-0.293818831443787,-0.114059500396252,-0.654000759124756,-0.687709271907806
-0.587248027324677,-0.165579542517662,1.4096165895462,-0.293083161115646,-0.114700302481651,-0.653999984264374,-0.687917351722717
-0.587215662002563,-0.165261775255203,1.40965211391449,-0.292954295873642,-0.11493919044733,-0.653688251972198,-0.688228607177734
-0.58717679977417,-0.16494919359684,1.40964996814728,-0.2928486764431,-0.115051440894604,-0.653370678424835,-0.68855619430542
-0.58717679977417,-0.16494919359684,1.40964996814728,-0.2928486764431,-0.115051440894604,-0.653370678424835,-0.68855619430542
-0.587296724319458,-0.164455100893974,1.40976750850677,-0.292799711227417,-0.115712493658066,-0.652726829051971,-0.689076840877533
-0.58715146780014,-0.164101868867874,1.4096200466156,-0.292264640331268,-0.115640461444855,-0.652738511562347,-0.689304828643799
-0.58710241317749,-0.163794249296188,1.4096440076828,-0.292020529508591,-0.115739390254021,-0.652257800102234,-0.689846575260162
-0.587028086185455,-0.163311406970024,1.40956878662109,-0.291963428258896,-0.115825101733208,-0.651606500148773,-0.690471529960632
-0.587082862854004,-0.163039952516556,1.40973138809204,-0.291972160339355,-0.116596892476082,-0.651096224784851,-0.690819263458252
-0.586984753608704,-0.162707716226578,1.40975117683411,-0.291695594787598,-0.117687687277794,-0.65082448720932,-0.691007077693939
-0.586872637271881,-0.162388741970062,1.40965259075165,-0.291128784418106,-0.117990858852863,-0.650572657585144,-0.69143134355545
-0.586845934391022,-0.16220360994339,1.4097865819931,-0.290739238262177,-0.118675529956818,-0.650610089302063,-0.691443085670471
-0.586814522743225,-0.161847800016403,1.40976989269257,-0.290649324655533,-0.118930168449879,-0.650126338005066,-0.69189190864563
-0.586458504199982,-0.16137170791626,1.40956020355225,-0.290053486824036,-0.117857478559017,-0.649890422821045,-0.692546963691711
-0.586349248886108,-0.1609026491642,1.40964484214783,-0.289883464574814,-0.117884591221809,-0.649160385131836,-0.693297684192657
-0.586397349834442,-0.160653114318848,1.40959572792053,-0.289460808038711,-0.117891274392605,-0.649050772190094,-0.693575739860535
-0.586397349834442,-0.160653114318848,1.40959572792053,-0.289460808038711,-0.117891274392605,-0.649050772190094,-0.693575739860535
-0.587040603160858,-0.159655466675758,1.40948641300201,-0.291218936443329,-0.118463531136513,-0.647933125495911,-0.693787157535553
-0.586968243122101,-0.159121036529541,1.40956377983093,-0.291285425424576,-0.118384040892124,-0.64717710018158,-0.694478034973145
-0.586950540542603,-0.158788099884987,1.40957498550415,-0.291124820709229,-0.118491768836975,-0.646808087825775,-0.69487076997757
-0.586975038051605,-0.158524796366692,1.40953624248505,-0.290861904621124,-0.119059845805168,-0.64663165807724,-0.695048034191132
-0.586863160133362,-0.158040508627892,1.40951466560364,-0.290748298168182,-0.119171358644962,-0.645833730697632,-0.695817887783051
-0.586249887943268,-0.158014923334122,1.40998542308807,-0.288870871067047,-0.120127484202385,-0.645569562911987,-0.696680009365082
-0.586182057857513,-0.157675057649612,1.4099645614624,-0.288562059402466,-0.120293870568275,-0.645304024219513,-0.697025179862976
-0.586173534393311,-0.157436192035675,1.41000294685364,-0.288160443305969,-0.120753332972526,-0.645121455192566,-0.697280824184418
-0.586089491844177,-0.15708127617836,1.41006445884705,-0.287567496299744,-0.121361203491688,-0.644940555095673,-0.697587490081787
-0.586150467395782,-0.156856939196587,1.41001462936401,-0.287639439105987,-0.12168450653553,-0.644732415676117,-0.697693705558777
-0.586628139019012,-0.155971229076385,1.40975069999695,-0.289526045322418,-0.120962038636207,-0.64395672082901,-0.697755515575409
-0.586628139019012,-0.155971229076385,1.40975069999695,-0.289526045322418,-0.120962038636207,-0.64395672082901,-0.697755515575409
-0.586490333080292,-0.155285939574242,1.40969371795654,-0.288885921239853,-0.121701337397098,-0.643331170082092,-0.698469042778015
-0.586647152900696,-0.154980450868607,1.40987884998322,-0.288986802101135,-0.122702546417713,-0.642855048179626,-0.698690116405487
-0.585869431495667,-0.154741406440735,1.4101288318634,-0.28648453950882,-0.122206851840019,-0.642851769924164,-0.699809908866882
-0.586528480052948,-0.154204100370407,1.40994048118591,-0.288495093584061,-0.123103283345699,-0.642002999782562,-0.699606001377106
-0.586517572402954,-0.1537876278162,1.40981531143188,-0.288264900445938,-0.123066693544388,-0.641647577285767,-0.700033068656921
-0.586456179618835,-0.153275072574615,1.40981340408325,-0.288215577602386,-0.123173259198666,-0.64127504825592,-0.700375974178314
-0.586435914039612,-0.153047561645508,1.40996479988098,-0.287266165018082,-0.124632306396961,-0.641294658184052,-0.70048987865448
-0.586394488811493,-0.152482137084007,1.40996611118317,-0.287263333797455,-0.124587580561638,-0.640869081020355,-0.700888395309448
-0.585660755634308,-0.152344644069672,1.41020548343658,-0.285293519496918,-0.124963752925396,-0.640797555446625,-0.701690912246704
-0.58563369512558,-0.151954308152199,1.41024518013,-0.285145550966263,-0.125229343771935,-0.64039820432663,-0.702068388462067
-0.585604667663574,-0.15159198641777,1.41021835803986,-0.284671455621719,-0.124932669103146,-0.640228450298309,-0.702468276023865
-0.585629165172577,-0.151177361607551,1.41024720668793,-0.284379184246063,-0.125297993421555,-0.639863967895508,-0.702853560447693
-0.585712134838104,-0.150842815637589,1.41021454334259,-0.283946365118027,-0.125691935420036,-0.639579236507416,-0.703217148780823
-0.585722625255585,-0.150451689958572,1.41018581390381,-0.283643275499344,-0.12584288418293,-0.639244735240936,-0.703616678714752
-0.585677564144135,-0.150048837065697,1.41016983985901,-0.283137142658234,-0.126130178570747,-0.639198958873749,-0.703810513019562
-0.585659086704254,-0.149673283100128,1.41020500659943,-0.282673239707947,-0.127398565411568,-0.639175891876221,-0.703789472579956
-0.585627794265747,-0.149231553077698,1.41026496887207,-0.282201826572418,-0.127664670348167,-0.638929843902588,-0.704154014587402
-0.585574448108673,-0.148743391036987,1.4101767539978,-0.28192812204361,-0.127658352255821,-0.638576090335846,-0.704585313796997
-0.585658609867096,-0.148374080657959,1.41032016277313,-0.281564712524414,-0.127410978078842,-0.638474106788635,-0.704867959022522
-0.585632801055908,-0.147842973470688,1.41037201881409,-0.281219571828842,-0.127483487129211,-0.638296544551849,-0.705153167247772
-0.585637629032135,-0.147413372993469,1.4103536605835,-0.280305027961731,-0.127438172698021,-0.638277113437653,-0.705543160438538
-0.585637629032135,-0.147413372993469,1.4103536605835,-0.280305027961731,-0.127438172698021,-0.638277113437653,-0.705543160438538
-0.585808217525482,-0.146959975361824,1.41025698184967,-0.279915690422058,-0.126928344368935,-0.638013064861298,-0.70602822303772
-0.585863530635834,-0.146532595157623,1.41024196147919,-0.27942106127739,-0.127495184540749,-0.63794332742691,-0.706185042858124
-0.586072683334351,-0.146537765860558,1.41013312339783,-0.278384804725647,-0.128361970186233,-0.638376951217651,-0.70604532957077
-0.58602511882782,-0.145956844091415,1.41017711162567,-0.278048932552338,-0.128492847084999,-0.638071417808533,-0.706429958343506
-0.585874974727631,-0.145165860652924,1.41024518013,-0.278047472238541,-0.128390416502952,-0.637712478637695,-0.706773221492767
-0.585888147354126,-0.144716471433639,1.41023051738739,-0.276970148086548,-0.128852650523186,-0.637776374816895,-0.707054376602173
-0.585904240608215,-0.14428973197937,1.41023135185242,-0.276387184858322,-0.128954827785492,-0.637628257274628,-0.70739734172821
-0.585923969745636,-0.143876701593399,1.41022872924805,-0.276114970445633,-0.12957476079464,-0.637634515762329,-0.707384705543518
-0.586120128631592,-0.143825367093086,1.41017651557922,-0.275530189275742,-0.130678728222847,-0.637831926345825,-0.707231760025024
-0.585992515087128,-0.143412858247757,1.41003656387329,-0.27455922961235,-0.130380511283875,-0.638109862804413,-0.707413613796234
-0.585800468921661,-0.142643481492996,1.40990221500397,-0.273816704750061,-0.130742862820625,-0.638154685497284,-0.707594096660614
-0.585800468921661,-0.142643481492996,1.40990221500397,-0.273816704750061,-0.130742862820625,-0.638154685497284,-0.707594096660614
-0.586035132408142,-0.142063736915588,1.41011142730713,-0.272619396448135,-0.132139056921005,-0.638130307197571,-0.707818984985352
-0.585916936397552,-0.141281902790069,1.41008579730988,-0.27196791768074,-0.131902679800987,-0.6380295753479,-0.708204388618469
-0.585927426815033,-0.140869289636612,1.41006553173065,-0.270518153905868,-0.1322131305933,-0.638225317001343,-0.70852530002594
-0.586009919643402,-0.14084067940712,1.41004836559296,-0.269493490457535,-0.132926285266876,-0.638502538204193,-0.708532691001892
-0.585879564285278,-0.140123456716537,1.41005992889404,-0.268874526023865,-0.132744237780571,-0.638207852840424,-0.709067165851593
-0.586008191108704,-0.140140175819397,1.40997505187988,-0.267883509397507,-0.134224072098732,-0.638661742210388,-0.708755016326904
-0.585942924022675,-0.13968163728714,1.40996372699738,-0.266956359148026,-0.134546056389809,-0.638490438461304,-0.709197819232941
-0.585774838924408,-0.138865903019905,1.4100649356842,-0.266337126493454,-0.13444872200489,-0.637959718704224,-0.709926426410675
-0.585756242275238,-0.138412550091743,1.40998816490173,-0.265428274869919,-0.1352708786726,-0.637934684753418,-0.710133254528046
-0.585743069648743,-0.138015285134315,1.40996038913727,-0.264472752809524,-0.135700032114983,-0.637875378131866,-0.710460960865021
-0.585792243480682,-0.137911692261696,1.41008687019348,-0.263887941837311,-0.137014091014862,-0.638038396835327,-0.710279822349548
-0.585457861423492,-0.1369489133358,1.40994942188263,-0.262781322002411,-0.139022767543793,-0.637791395187378,-0.710521638393402
-0.585497617721558,-0.136757850646973,1.41005551815033,-0.261711001396179,-0.139779761433601,-0.637872219085693,-0.710695564746857
-0.585471510887146,-0.136389568448067,1.41002345085144,-0.260916918516159,-0.140275239944458,-0.637692630290985,-0.711050868034363
-0.585444986820221,-0.135894909501076,1.40996158123016,-0.26024055480957,-0.140665262937546,-0.637646794319153,-0.711262822151184
-0.5854532122612,-0.135480687022209,1.40988159179688,-0.259406685829163,-0.141152381896973,-0.63752156496048,-0.711583197116852
-0.58546382188797,-0.135080218315125,1.40985417366028,-0.25828555226326,-0.140894129872322,-0.637582302093506,-0.711987614631653
-0.585399568080902,-0.134724274277687,1.40984582901001,-0.257885873317719,-0.142586782574654,-0.637553453445435,-0.711821317672729
-0.585530519485474,-0.134301856160164,1.40969109535217,-0.256821990013123,-0.1422518491745,-0.637385487556458,-0.712423086166382
-0.585525035858154,-0.133958220481873,1.40979671478271,-0.256112635135651,-0.142631396651268,-0.637338817119598,-0.712644279003143
-0.585575103759766,-0.133607983589172,1.40978813171387,-0.255514323711395,-0.14328721165657,-0.637462556362152,-0.712616920471191
-0.585662603378296,-0.13322576880455,1.40965676307678,-0.254604429006576,-0.143702656030655,-0.637608885765076,-0.712727904319763
-0.585681319236755,-0.132729813456535,1.40967869758606,-0.254316657781601,-0.143804013729095,-0.637708961963654,-0.712720632553101
-0.585694491863251,-0.132444858551025,1.4096747636795,-0.253369867801666,-0.144456058740616,-0.638111352920532,-0.712565720081329
-0.58574777841568,-0.13206934928894,1.4096451997757,-0.25256335735321,-0.14496323466301,-0.638302803039551,-0.712577700614929
-0.585834324359894,-0.13165907561779,1.40953195095062,-0.25182917714119,-0.145109176635742,-0.638787508010864,-0.712373554706573
-0.585928082466125,-0.13133579492569,1.40955913066864,-0.251347213983536,-0.14531497657299,-0.639145731925964,-0.712180495262146
-0.586136043071747,-0.131580740213394,1.40953433513641,-0.250603258609772,-0.145979925990105,-0.640008270740509,-0.711531579494476
-0.586271703243256,-0.131217956542969,1.40960335731506,-0.249941393733025,-0.145906984806061,-0.640773773193359,-0.711090505123138
-0.58635938167572,-0.13081282377243,1.40949523448944,-0.249632760882378,-0.145978525280952,-0.641474008560181,-0.710552513599396
-0.586380481719971,-0.1301489174366,1.40951097011566,-0.249135285615921,-0.145212814211845,-0.642378330230713,-0.710066974163055
-0.586511433124542,-0.130099967122078,1.40955471992493,-0.248121365904808,-0.145935446023941,-0.643810212612152,-0.708976149559021
-0.587006509304047,-0.129922568798065,1.40956842899323,-0.246791660785675,-0.145238876342773,-0.646398186683655,-0.707226276397705
-0.586649239063263,-0.129123508930206,1.40947008132935,-0.247042208909988,-0.144985064864159,-0.646685540676117,-0.706928133964539
-0.586785793304443,-0.128829538822174,1.40944302082062,-0.246607050299644,-0.1450015604496,-0.648467004299164,-0.70544308423996
-0.586919188499451,-0.128799870610237,1.40931129455566,-0.24540850520134,-0.145579427480698,-0.650900483131409,-0.703498303890228
-0.587158977985382,-0.128460317850113,1.40938282012939,-0.244079828262329,-0.145845711231232,-0.653084635734558,-0.701879322528839
-0.587306559085846,-0.128199264407158,1.40941882133484,-0.243656203150749,-0.146155953407288,-0.655331790447235,-0.699864625930786
-0.58738648891449,-0.127671971917152,1.40935719013214,-0.243900537490845,-0.145092278718948,-0.657779693603516,-0.697701096534729
-0.587980151176453,-0.127524256706238,1.40926623344421,-0.242360904812813,-0.144603043794632,-0.661605417728424,-0.69471549987793
-0.587696373462677,-0.127308249473572,1.40932536125183,-0.241969838738441,-0.146072775125504,-0.663177967071533,-0.693042993545532
-0.587785243988037,-0.126453801989555,1.4093165397644,-0.241904929280281,-0.147068098187447,-0.665486872196198,-0.690637588500977
-0.588059186935425,-0.126279503107071,1.40915417671204,-0.241041615605354,-0.146543562412262,-0.668204426765442,-0.688423454761505
-0.588059186935425,-0.126279503107071,1.40915417671204,-0.241041615605354,-0.146543562412262,-0.668204426765442,-0.688423454761505
-0.588868975639343,-0.126165837049484,1.40916645526886,-0.238761410117149,-0.145147457718849,-0.674231350421906,-0.683620929718018
-0.589156746864319,-0.125556334853172,1.40923964977264,-0.237795889377594,-0.147336632013321,-0.676444053649902,-0.681299209594727
-0.589405715465546,-0.125398263335228,1.40921914577484,0.236843898892403,0.147670984268188,0.679265260696411,0.67874675989151
-0.589399874210358,-0.124983213841915,1.40922498703003,0.236412554979324,0.149182200431824,0.680363297462463,0.677465498447418
-0.590538620948792,-0.125168994069099,1.40915286540985,0.23330745100975,0.148073732852936,0.685316324234009,0.673782885074615
-0.590714395046234,-0.124773561954498,1.40922570228577,0.232510969042778,0.148137599229813,0.687242090702057,0.672080516815186
-0.590030789375305,-0.12406861782074,1.40913319587708,0.233761951327324,0.149545654654503,0.687091529369354,0.671488225460052
-0.590194344520569,-0.123607531189919,1.4091591835022,0.23256841301918,0.149491101503372,0.688759803771973,0.670204699039459
-0.591409146785736,-0.123762100934982,1.40913379192352,0.229306250810623,0.148876309394836,0.693264603614807,0.666812419891357
-0.591723263263702,-0.123432263731956,1.40913105010986,0.227843835949898,0.149771243333817,0.695358633995056,0.664930045604706
-0.591877102851868,-0.123036980628967,1.40906262397766,0.227114111185074,0.149603739380836,0.696757555007935,0.663752138614655
-0.592101633548737,-0.122690454125404,1.40907883644104,0.225856870412827,0.150114774703979,0.698354601860046,0.662386059761047
-0.592357039451599,-0.122323006391525,1.40910696983337,0.224737122654915,0.150447130203247,0.699815392494202,0.661148488521576
-0.592524707317352,-0.122262217104435,1.4092423915863,0.223213464021683,0.149661600589752,0.701279640197754,0.660290956497192
-0.592807352542877,-0.121822088956833,1.4090793132782,0.221672311425209,0.149845749139786,0.703303515911102,0.658613622188568
-0.59310108423233,-0.121206119656563,1.40905129909515,0.220748394727707,0.149656862020492,0.704163789749146,0.658047437667847
-0.593373417854309,-0.120743103325367,1.40909075737,0.219786703586578,0.150204628705978,0.705169439315796,0.657167077064514
-0.593549907207489,-0.120246157050133,1.40919160842896,0.218875139951706,0.150272041559219,0.705750942230225,0.656831562519073
-0.593894839286804,-0.119703255593777,1.40910494327545,0.217879697680473,0.151711300015449,0.707176983356476,0.655295968055725
-0.593205153942108,-0.118856579065323,1.40925371646881,0.218884214758873,0.152135193347931,0.705268800258636,0.656917572021484
-0.593410789966583,-0.118366286158562,1.40932822227478,0.217578426003456,0.152297630906105,0.706347286701202,0.65615451335907
-0.593697845935822,-0.117724917829037,1.40915548801422,0.216665402054787,0.15153968334198,0.707273423671722,0.655634105205536
-0.594003915786743,-0.117327257990837,1.40920972824097,0.215524092316628,0.151834324002266,0.708187937736511,0.654954612255096
-0.594200670719147,-0.116725869476795,1.40921223163605,0.214911386370659,0.153413116931915,0.708853483200073,0.654067575931549
-0.594497740268707,-0.116264797747135,1.40917563438416,0.213676154613495,0.153532668948173,0.709703028202057,0.653522729873657
-0.59474390745163,-0.115781247615814,1.40919923782349,0.212852194905281,0.153553292155266,0.710502684116364,0.652917504310608
-0.595013976097107,-0.115126773715019,1.40907871723175,0.211882561445236,0.153485953807831,0.711530447006226,0.652129113674164
-0.595111548900604,-0.11454851180315,1.40888404846191,0.210796266794205,0.152799129486084,0.712707579135895,0.651356518268585
-0.595293164253235,-0.114148966968059,1.40891349315643,0.209530040621758,0.153083190321922,0.713606715202332,0.650713682174683
-0.595679521560669,-0.113693736493587,1.40904784202576,0.208782225847244,0.153559342026711,0.714023530483246,0.650384485721588
-0.5959552526474,-0.113230586051941,1.40915596485138,0.207632333040237,0.153777822852135,0.714712917804718,0.649943649768829
-0.5961794257164,-0.112697534263134,1.40915298461914,0.206664547324181,0.154109865427017,0.715546905994415,0.649255454540253
-0.59649258852005,-0.112118750810623,1.40894079208374,0.206014022231102,0.153852492570877,0.716361165046692,0.648624897003174
-0.596717119216919,-0.111630819737911,1.40898203849792,0.204835459589958,0.154236376285553,0.717338919639587,0.647826075553894
-0.59692907333374,-0.111233748495579,1.40894246101379,0.203662171959877,0.154321119189262,0.717969179153442,0.647477567195892
-0.597152829170227,-0.110776729881763,1.40900588035583,0.202726528048515,0.154788807034492,0.718531429767609,0.647035658359528
-0.597317457199097,-0.110232509672642,1.40899455547333,0.201708301901817,0.154736220836639,0.719191431999207,0.646632969379425
-0.59757137298584,-0.109740406274796,1.40889739990234,0.20090751349926,0.155029565095901,0.720019161701202,0.645890414714813
-0.597774505615234,-0.109279662370682,1.40884137153625,0.199859172105789,0.155567079782486,0.720750331878662,0.645270645618439
-0.59799736738205,-0.108824394643307,1.40882587432861,0.198541030287743,0.155823111534119,0.721421301364899,0.644865751266479
-0.598204672336578,-0.108358673751354,1.40879225730896,0.197609513998032,0.155959710478783,0.722160279750824,0.644291639328003
-0.598441064357758,-0.107966169714928,1.40884149074554,0.196635410189629,0.156337708234787,0.723139107227325,0.643399477005005
-0.598596632480621,-0.10747529566288,1.40883696079254,0.195741832256317,0.156341314315796,0.723691940307617,0.643049359321594
-0.598813474178314,-0.107048809528351,1.40881145000458,0.194794923067093,0.156761586666107,0.724315881729126,0.64253181219101
-0.598993301391602,-0.106696106493473,1.40882313251495,0.194369778037071,0.157585173845291,0.724881410598755,0.641821205615997
-0.598993301391602,-0.106696106493473,1.40882313251495,0.194369778037071,0.157585173845291,0.724881410598755,0.641821205615997
-0.599340796470642,-0.105729483067989,1.40884232521057,0.191846162080765,0.158163011074066,0.726463258266449,0.640648603439331
-0.599535465240479,-0.105244889855385,1.40879738330841,0.190963760018349,0.158414348959923,0.727252423763275,0.639954507350922
-0.59971159696579,-0.104785963892937,1.4086639881134,0.190180107951164,0.158429518342018,0.72790116071701,0.639446198940277
-0.599897503852844,-0.104308031499386,1.40873718261719,0.189317032694817,0.158596038818359,0.728409171104431,0.639082491397858
-0.600108027458191,-0.10396209359169,1.40878641605377,0.188234940171242,0.159186214208603,0.729045033454895,0.638530135154724
-0.600347876548767,-0.103630103170872,1.40869009494781,0.187488168478012,0.159966439008713,0.729743421077728,0.637756586074829
-0.600582897663116,-0.103183545172214,1.40868747234344,0.186677768826485,0.160094007849693,0.729888677597046,0.63779616355896
-0.600615322589874,-0.102739915251732,1.40852320194244,0.185789376497269,0.160250455141068,0.730966627597809,0.636780858039856
-0.600892841815948,-0.102284789085388,1.40864360332489,0.1851956397295,0.160615280270576,0.731476843357086,0.636275827884674
-0.601055920124054,-0.101757317781448,1.40859425067902,0.185522243380546,0.159465193748474,0.731312990188599,0.636658489704132
-0.601172864437103,-0.101312562823296,1.40856218338013,0.18522347509861,0.159914806485176,0.731151878833771,0.636817336082458
-0.601350843906403,-0.100889280438423,1.40860748291016,0.18458753824234,0.160001426935196,0.731447458267212,0.636640965938568
-0.601663649082184,-0.100538089871406,1.40865516662598,0.183999583125114,0.160133525729179,0.732371985912323,0.635714173316956
-0.601862907409668,-0.100098252296448,1.40860641002655,0.183233454823494,0.160416305065155,0.732973992824554,0.635170340538025
-0.602088451385498,-0.0996694341301918,1.40862572193146,0.182829603552818,0.160046011209488,0.73327761888504,0.635029733181
-0.602147161960602,-0.0991837382316589,1.40840673446655,0.181878224015236,0.159463331103325,0.733824968338013,0.634816884994507
-0.602339684963226,-0.0987606421113014,1.40839624404907,0.181229770183563,0.159735381603241,0.733927130699158,0.634815990924835
-0.602551639080048,-0.0983915776014328,1.40834879875183,0.180559054017067,0.159900099039078,0.73429661989212,0.634538471698761
-0.602884232997894,-0.0980311706662178,1.40860021114349,0.18025441467762,0.161239340901375,0.734315872192383,0.634263813495636
-0.603145360946655,-0.0976190418004989,1.40861415863037,0.179374247789383,0.16089041531086,0.734829664230347,0.63400673866272
-0.60338693857193,-0.0971802249550819,1.40852403640747,0.178865775465965,0.160959810018539,0.735229134559631,0.633669555187225
-0.603564262390137,-0.0967752039432525,1.4085568189621,0.17817334830761,0.161179795861244,0.735624134540558,0.633350372314453
-0.603764653205872,-0.0964438915252685,1.40853810310364,0.177937135100365,0.161685541272163,0.735872149467468,0.63299947977066
-0.603929877281189,-0.096118539571762,1.4085396528244,0.175230965018272,0.164563030004501,0.737567961215973,0.631036102771759
-0.604160070419312,-0.0957844704389572,1.40853083133698,0.174423605203629,0.164754197001457,0.737921953201294,0.630796074867249
-0.604343891143799,-0.0954112187027931,1.40853798389435,0.173765882849693,0.164914816617966,0.738158404827118,0.630658984184265
-0.604523599147797,-0.0949744582176208,1.40841352939606,0.173348501324654,0.165138229727745,0.738213121891022,0.630651414394379
-0.604788184165955,-0.0945701301097869,1.40841519832611,0.172615826129913,0.165166646242142,0.738478183746338,0.630534470081329
-0.604983806610107,-0.0943003743886947,1.40842092037201,0.171979889273643,0.165211215615272,0.738923311233521,0.630174875259399
-0.605158448219299,-0.094031311571598,1.40855646133423,0.171157747507095,0.165957093238831,0.739245474338531,0.629824876785278
-0.60526716709137,-0.0935808941721916,1.40863156318665,0.170528873801231,0.166031822562218,0.739433169364929,0.629755556583405
-0.605429828166962,-0.0932903885841369,1.4086389541626,0.169552698731422,0.165837168693542,0.739849030971527,0.629581987857819
-0.605679214000702,-0.0930899977684021,1.40860402584076,0.16871964931488,0.166375115513801,0.740201711654663,0.629249095916748
-0.605879366397858,-0.0928264930844307,1.40862286090851,0.168212249875069,0.167258083820343,0.74052894115448,0.628765821456909
-0.606144428253174,-0.0925772860646247,1.40864980220795,0.167852953076363,0.167517766356468,0.740681350231171,0.628612995147705
-0.606342554092407,-0.092258982360363,1.40864217281342,0.167104095220566,0.167722299695015,0.740999102592468,0.628383457660675
-0.606470346450806,-0.0919657498598098,1.40859436988831,0.165707513689995,0.168183758854866,0.741796553134918,0.627688586711884
-0.607464790344238,-0.092397503554821,1.40855813026428,0.162389501929283,0.168612614274025,0.745164394378662,0.624443411827087
-0.6076300740242,-0.0921447053551673,1.40859258174896,0.162205368280411,0.16841247677803,0.745177567005157,0.624529540538788
-0.6076300740242,-0.0921447053551673,1.40859258174896,0.162205368280411,0.16841247677803,0.745177567005157,0.624529540538788
-0.607984185218811,-0.0916912406682968,1.4086287021637,0.160484448075294,0.169594988226891,0.745810091495514,0.62389862537384
-0.608162939548492,-0.091469220817089,1.40859436988831,0.159732490777969,0.170089706778526,0.746267795562744,0.623409569263458
-0.608312606811523,-0.0912241786718368,1.40854012966156,0.15964649617672,0.170138582587242,0.746445596218109,0.623205482959747
-0.608485817909241,-0.0910059958696365,1.4085738658905,0.15935043990612,0.170399680733681,0.746697604656219,0.622907817363739
-0.608667969703674,-0.0907384008169174,1.40855503082275,0.15784715116024,0.170732200145721,0.747115969657898,0.622697770595551
