x,y,z,q0,q1,q2,q3
0.667374849319458,-0.267916470766068,0.78827041387558,-0.328153938055038,-0.592483699321747,0.502727866172791,-0.537161886692047
0.667476296424866,-0.26789990067482,0.788407683372498,-0.327661007642746,-0.59267383813858,0.502449631690979,-0.537513077259064
0.667533099651337,-0.267896682024002,0.788536131381989,-0.327126294374466,-0.593057215213776,0.502291858196259,-0.537563502788544
0.667516648769379,-0.267886489629745,0.78865909576416,-0.32657116651535,-0.593536078929901,0.5017991065979,-0.53783243894577
0.667483270168304,-0.267920464277267,0.788823008537292,-0.326562374830246,-0.593646049499512,0.501736402511597,-0.537775039672852
0.667411625385284,-0.26790252327919,0.78893780708313,-0.326029777526855,-0.593780517578125,0.501673221588135,-0.538008689880371
0.667329549789429,-0.267913818359375,0.789072811603546,-0.325404644012451,-0.594330608844757,0.501523971557617,-0.537918984889984
0.667203426361084,-0.267911672592163,0.789220154285431,-0.324228674173355,-0.594590842723846,0.501682043075562,-0.538193881511688
0.666699826717377,-0.267203748226166,0.788726568222046,-0.313831716775894,-0.600368201732635,0.49921116232872,-0.540237009525299
0.666535377502441,-0.267236799001694,0.788885354995728,-0.312979578971863,-0.601166903972626,0.498967409133911,-0.540068209171295
0.666704654693604,-0.267955988645554,0.789640605449677,-0.321882277727127,-0.595735728740692,0.502209663391113,-0.537844121456146
0.666619420051575,-0.267813473939896,0.789698839187622,-0.321480751037598,-0.594460129737854,0.503387808799744,-0.538394093513489
0.66607004404068,-0.268007904291153,0.789925813674927,-0.319203972816467,-0.597037076950073,0.503181338310242,-0.537088632583618
0.665905296802521,-0.267909854650497,0.790033519268036,-0.318512320518494,-0.597265422344208,0.501853108406067,-0.538486242294312
0.665671288967133,-0.267907053232193,0.79011857509613,-0.317765057086945,-0.597700953483582,0.501968324184418,-0.538337111473083
0.665264785289764,-0.267179489135742,0.789632856845856,-0.308118194341659,-0.603217720985413,0.500435829162598,-0.539217710494995
0.664889931678772,-0.267200320959091,0.789714157581329,-0.306333810091019,-0.603504121303558,0.501692473888397,-0.538745880126953
0.664534151554108,-0.267141282558441,0.789748311042786,-0.304313868284225,-0.60492330789566,0.501193583011627,-0.538763046264648
0.664318025112152,-0.267061442136765,0.789821684360504,-0.304604887962341,-0.605590581893921,0.500153779983521,-0.538815498352051
0.664129078388214,-0.267801105976105,0.79044634103775,-0.31362721323967,-0.600769579410553,0.501981317996979,-0.537335097789764
0.663785815238953,-0.267767488956451,0.790510356426239,-0.313375264406204,-0.601047277450562,0.502000033855438,-0.537153780460358
0.663499355316162,-0.267713993787766,0.790539741516113,-0.313122421503067,-0.601388216018677,0.501996219158173,-0.536923110485077
0.662974953651428,-0.266887873411179,0.790022134780884,-0.302957683801651,-0.60700935125351,0.499967992305756,-0.538320183753967
0.662611365318298,-0.266828835010529,0.790058255195618,-0.30129662156105,-0.607295155525208,0.50117152929306,-0.537810385227203
0.66228461265564,-0.266712188720703,0.790130138397217,-0.301126956939697,-0.60706353187561,0.501392960548401,-0.537960708141327
0.66199916601181,-0.266618549823761,0.790202498435974,-0.301105260848999,-0.607330679893494,0.501480400562286,-0.5375896692276
0.66168212890625,-0.266502052545547,0.790317237377167,-0.300921827554703,-0.607736647129059,0.501328647136688,-0.537375032901764
0.66110634803772,-0.266398131847382,0.790330827236176,-0.299970656633377,-0.608556151390076,0.500194549560547,-0.538035809993744
0.661001145839691,-0.266175925731659,0.790481686592102,-0.300180405378342,-0.608168661594391,0.500786364078522,-0.537806510925293
0.660521447658539,-0.266091138124466,0.790524125099182,-0.29964804649353,-0.608954310417175,0.500256657600403,-0.537707149982452
0.660544276237488,-0.265851825475693,0.790492415428162,-0.2989122569561,-0.60902988910675,0.502322554588318,-0.536102771759033
0.66033262014389,-0.265576601028442,0.790685772895813,-0.300580769777298,-0.607064306735992,0.502516329288483,-0.537216484546661
0.659893751144409,-0.265548348426819,0.790903329849243,-0.301586270332336,-0.607183694839478,0.50208592414856,-0.536920666694641
0.659529209136963,-0.265489101409912,0.791003346443176,-0.301078379154205,-0.60617858171463,0.503548800945282,-0.536971092224121
0.659315466880798,-0.266035318374634,0.7916020154953,-0.310641497373581,-0.601289093494415,0.505205154418945,-0.535463750362396
0.659047365188599,-0.265888094902039,0.791658580303192,-0.31137216091156,-0.601125240325928,0.505372583866119,-0.535064816474915
0.658845961093903,-0.265700161457062,0.791718363761902,-0.313551992177963,-0.60153990983963,0.504762351512909,-0.533900737762451
0.658393740653992,-0.264821201562881,0.791250228881836,-0.305633813142776,-0.606361925601959,0.502918720245361,-0.534776628017426
0.658083736896515,-0.264608025550842,0.791220426559448,-0.305596113204956,-0.606254756450653,0.50313138961792,-0.534719824790955
0.657867014408112,-0.264422178268433,0.791295528411865,-0.308890700340271,-0.607117295265198,0.501529812812805,-0.533350884914398
0.657470107078552,-0.264403492212295,0.791344046592712,-0.308717966079712,-0.605863392353058,0.503791272640228,-0.532744824886322
0.657159566879272,-0.264330357313156,0.791402816772461,-0.309822618961334,-0.605303943157196,0.50391960144043,-0.532618224620819
0.656831502914429,-0.264224261045456,0.791491687297821,-0.311203420162201,-0.603946447372437,0.5042405128479,-0.533050358295441
0.656552255153656,-0.264154851436615,0.791551351547241,-0.312055319547653,-0.603692829608917,0.504294455051422,-0.532788634300232
0.656335353851318,-0.263959676027298,0.791469871997833,-0.312760382890701,-0.601980447769165,0.50531268119812,-0.533347487449646
0.65599113702774,-0.263917654752731,0.791477084159851,-0.313550412654877,-0.601109802722931,0.505760014057159,-0.533441781997681
0.655657172203064,-0.263859778642654,0.791488885879517,-0.314353942871094,-0.600053906440735,0.506497800350189,-0.533457517623901
0.655273675918579,-0.263841271400452,0.791508078575134,-0.315511733293533,-0.599867463111877,0.506735980510712,-0.532757222652435
0.655273675918579,-0.263841271400452,0.791508078575134,-0.315511733293533,-0.599867463111877,0.506735980510712,-0.532757222652435
0.65466845035553,-0.264513105154037,0.792186617851257,-0.328001946210861,-0.594352245330811,0.506935894489288,-0.531202375888824
0.654230833053589,-0.264529645442963,0.7922003865242,-0.328808307647705,-0.593775272369385,0.507124543190002,-0.531169474124908
0.653734982013702,-0.264831304550171,0.792331516742706,-0.332347810268402,-0.591333866119385,0.508026421070099,-0.53082799911499
0.653111934661865,-0.264910340309143,0.792360782623291,-0.331395268440247,-0.589749455451965,0.510644197463989,-0.530674397945404
0.652703106403351,-0.264691472053528,0.792251944541931,-0.329489022493362,-0.591409862041473,0.510186970233917,-0.530453145503998
0.652128994464874,-0.264898210763931,0.792403221130371,-0.33144798874855,-0.59435373544693,0.506551802158356,-0.529425442218781
0.651565551757812,-0.2652488052845,0.792590260505676,-0.334915280342102,-0.592753529548645,0.507309257984161,-0.528311014175415
0.651565551757812,-0.2652488052845,0.792590260505676,-0.334915280342102,-0.592753529548645,0.507309257984161,-0.528311014175415
0.650511741638184,-0.264783322811127,0.792531549930573,-0.330025047063828,-0.593125998973846,0.509222149848938,-0.529129505157471
0.649838864803314,-0.265047430992126,0.79257196187973,-0.332361549139023,-0.591902554035187,0.50989955663681,-0.528383791446686
0.649268507957458,-0.264961749315262,0.792657554149628,-0.336162179708481,-0.593603312969208,0.508805096149445,-0.525116801261902
0.648593962192535,-0.264996111392975,0.792650997638702,-0.336896061897278,-0.592556655406952,0.509290277957916,-0.525358259677887
0.647864282131195,-0.265289932489395,0.792820394039154,-0.339668869972229,-0.589787900447845,0.51126229763031,-0.52477240562439
0.647236824035645,-0.265013545751572,0.792630851268768,-0.338030457496643,-0.592571318149567,0.510233163833618,-0.523695349693298
0.647236824035645,-0.265013545751572,0.792630851268768,-0.338030457496643,-0.592571318149567,0.510233163833618,-0.523695349693298
0.645351946353912,-0.265705972909927,0.792596161365509,-0.342618495225906,-0.588317573070526,0.511964082717896,-0.523820579051971
0.645351946353912,-0.265705972909927,0.792596161365509,-0.342618495225906,-0.588317573070526,0.511964082717896,-0.523820579051971
0.643004417419434,-0.26573184132576,0.791757225990295,-0.351347148418427,-0.597504496574402,0.50787740945816,-0.511472463607788
0.643004417419434,-0.26573184132576,0.791757225990295,-0.351347148418427,-0.597504496574402,0.50787740945816,-0.511472463607788
0.641223013401031,-0.266154706478119,0.791786670684814,-0.355425387620926,-0.595909953117371,0.509413123130798,-0.508981764316559
0.64025092124939,-0.266240328550339,0.79159152507782,-0.35730454325676,-0.594779253005981,0.510433256626129,-0.507965743541718
0.639417469501495,-0.266128569841385,0.79147082567215,-0.355647504329681,-0.596137583255768,0.51041442155838,-0.507555067539215
0.638291835784912,-0.266290485858917,0.791426062583923,-0.354918479919434,-0.597233831882477,0.51015692949295,-0.507035255432129
0.637278079986572,-0.266693532466888,0.791263461112976,-0.360011607408524,-0.593585908412933,0.512629091739655,-0.505231559276581
0.636524558067322,-0.266198486089706,0.791102647781372,-0.356400489807129,-0.594023644924164,0.512440204620361,-0.507464051246643
0.635286211967468,-0.266593545675278,0.791090488433838,-0.35814094543457,-0.594962596893311,0.512224197387695,-0.505352318286896
0.634127497673035,-0.266677856445312,0.790908932685852,-0.359982699155807,-0.59521746635437,0.512190282344818,-0.503775656223297
0.633043646812439,-0.266717731952667,0.790812611579895,-0.361147284507751,-0.594455778598785,0.512785315513611,-0.503235757350922
0.632034778594971,-0.266864836215973,0.790774285793304,-0.364768028259277,-0.589950263500214,0.516290366649628,-0.502341866493225
0.630806624889374,-0.266479611396789,0.790452182292938,-0.361975967884064,-0.592268764972687,0.515594780445099,-0.502347528934479
0.62947016954422,-0.26667109131813,0.790210127830505,-0.363761365413666,-0.592775166034698,0.515899062156677,-0.500143468379974
0.62833708524704,-0.266675919294357,0.790237247943878,-0.364467114210129,-0.592988550662994,0.516237854957581,-0.499026000499725
0.627028703689575,-0.266872137784958,0.790221571922302,-0.365860849618912,-0.597138822078705,0.512884736061096,-0.496508151292801
0.625961542129517,-0.267129361629486,0.790101408958435,-0.370574206113815,-0.590024471282959,0.519114315509796,-0.495041906833649
0.624555706977844,-0.26746740937233,0.790053486824036,-0.373910397291183,-0.588119328022003,0.519909858703613,-0.49396425485611
0.623133659362793,-0.267407834529877,0.789630770683289,-0.373460471630096,-0.589453220367432,0.521325409412384,-0.491215020418167
0.621704697608948,-0.266837567090988,0.789026737213135,-0.367115318775177,-0.594661951065063,0.519401133060455,-0.491757988929748
0.621704697608948,-0.266837567090988,0.789026737213135,-0.367115318775177,-0.594661951065063,0.519401133060455,-0.491757988929748
0.618983387947083,-0.267071425914764,0.7886922955513,-0.368555694818497,-0.594509184360504,0.520837604999542,-0.489340245723724
0.617526471614838,-0.267160475254059,0.788464903831482,-0.370677560567856,-0.593027830123901,0.52257251739502,-0.487682431936264
0.615942895412445,-0.267399072647095,0.788205027580261,-0.372522562742233,-0.592014193534851,0.523435652256012,-0.486581325531006
0.615942895412445,-0.267399072647095,0.788205027580261,-0.372522562742233,-0.592014193534851,0.523435652256012,-0.486581325531006
0.613319098949432,-0.267727494239807,0.787980377674103,-0.375157594680786,-0.592240333557129,0.524687588214874,-0.482919454574585
0.613319098949432,-0.267727494239807,0.787980377674103,-0.375157594680786,-0.592240333557129,0.524687588214874,-0.482919454574585
0.610398530960083,-0.268168807029724,0.787769019603729,-0.37721860408783,-0.591071844100952,0.526278614997864,-0.481010526418686
0.609444379806519,-0.268164813518524,0.78773432970047,-0.376223295927048,-0.588025987148285,0.530031383037567,-0.481402307748795
0.609444379806519,-0.268164813518524,0.78773432970047,-0.376223295927048,-0.588025987148285,0.530031383037567,-0.481402307748795
0.605847716331482,-0.268994361162186,0.787449181079865,-0.381157219409943,-0.590484619140625,0.528492510318756,-0.476175308227539
0.604493737220764,-0.269169449806213,0.787436366081238,-0.3830446600914,-0.58967798948288,0.529159486293793,-0.474917858839035
0.603026449680328,-0.269448578357696,0.78742128610611,-0.384811490774155,-0.590191304683685,0.529708862304688,-0.472231924533844
0.599986910820007,-0.268607437610626,0.786017835140228,-0.389382869005203,-0.564666867256165,0.549205839633942,-0.477394253015518
0.598366260528564,-0.268877506256104,0.785923361778259,-0.390855193138123,-0.563928008079529,0.55068427324295,-0.475356817245483
0.598256230354309,-0.270328372716904,0.787179827690125,-0.388526171445847,-0.58752566576004,0.533048093318939,-0.468743890523911
0.595397412776947,-0.269424170255661,0.785897791385651,-0.393084079027176,-0.562883257865906,0.552633166313171,-0.472487181425095
0.593940675258636,-0.269674926996231,0.785925149917603,-0.39566645026207,-0.562082409858704,0.552875578403473,-0.470999211072922
0.592244207859039,-0.269955992698669,0.785819411277771,-0.395928412675857,-0.56079888343811,0.555553495883942,-0.469154268503189
0.590767502784729,-0.270342588424683,0.785949885845184,-0.396716475486755,-0.560275852680206,0.556529343128204,-0.467955470085144
0.589165508747101,-0.270699590444565,0.786020934581757,-0.397868305444717,-0.561931908130646,0.55584043264389,-0.465805530548096
0.587736010551453,-0.271077275276184,0.785985767841339,-0.399951070547104,-0.559902727603912,0.557908713817596,-0.463989466428757
0.586355030536652,-0.271435499191284,0.786221265792847,-0.400672733783722,-0.561648368835449,0.557277917861938,-0.462010830640793
0.584692478179932,-0.27170592546463,0.786317110061646,-0.402557343244553,-0.5602747797966,0.558895528316498,-0.46008226275444
0.583146631717682,-0.272075563669205,0.786347031593323,-0.403080135583878,-0.559440851211548,0.560660064220428,-0.458489805459976
0.583007276058197,-0.273583650588989,0.787561893463135,-0.402117282152176,-0.580708563327789,0.544355630874634,-0.452500015497208
0.581519901752472,-0.273955166339874,0.787570476531982,-0.404095619916916,-0.579720020294189,0.546211242675781,-0.449760586023331
0.578722476959229,-0.273059636354446,0.786642670631409,-0.408500909805298,-0.556144297122955,0.56417715549469,-0.453359216451645
0.57827627658844,-0.274810671806335,0.787733852863312,-0.407720565795898,-0.577882051467896,0.548537194728851,-0.446008175611496
0.57682341337204,-0.275188118219376,0.787770450115204,-0.408437252044678,-0.578154325485229,0.549318373203278,-0.444033354520798
0.57677549123764,-0.275566637516022,0.78876805305481,-0.402869671583176,-0.566181063652039,0.555898189544678,-0.45619335770607
0.575495183467865,-0.275945723056793,0.788962364196777,-0.403756231069565,-0.568009912967682,0.557616055011749,-0.451010018587112
0.573838174343109,-0.276363790035248,0.788838028907776,-0.407185047864914,-0.568390071392059,0.558317899703979,-0.446558177471161
0.572552382946014,-0.276699632406235,0.789268910884857,-0.408573776483536,-0.56604415178299,0.559661448001862,-0.446587830781937
0.57081413269043,-0.277355462312698,0.789202690124512,-0.410680025815964,-0.562231659889221,0.560828924179077,-0.448005050420761
0.569704413414001,-0.277551144361496,0.789388597011566,-0.41091451048851,-0.561920404434204,0.563651263713837,-0.444625914096832
0.568048179149628,-0.278185665607452,0.789389729499817,-0.412366658449173,-0.561001002788544,0.562995135784149,-0.445272922515869
0.566566288471222,-0.278710305690765,0.789572298526764,-0.41560772061348,-0.561308324337006,0.563309609889984,-0.441458344459534
0.565443336963654,-0.279123246669769,0.789772510528564,-0.415783584117889,-0.556947767734528,0.565802752971649,-0.443622052669525
0.563946664333344,-0.279488295316696,0.790073990821838,-0.41806960105896,-0.554524123668671,0.56810462474823,-0.441563099622726
0.562797069549561,-0.279854625463486,0.790007531642914,-0.419423222541809,-0.55335533618927,0.569420635700226,-0.440048098564148
0.561263501644135,-0.280284851789474,0.790330588817596,-0.422930002212524,-0.55074554681778,0.570076584815979,-0.439115345478058
0.560261070728302,-0.280494779348373,0.790507197380066,-0.425352543592453,-0.547647356987,0.57198566198349,-0.43816664814949
0.558934807777405,-0.280917018651962,0.790814399719238,-0.429062455892563,-0.546875357627869,0.57322096824646,-0.433878421783447
0.557698369026184,-0.281497776508331,0.790877997875214,-0.428895592689514,-0.544407725334167,0.574747800827026,-0.435125261545181
0.55594527721405,-0.282110631465912,0.791146218776703,-0.430324643850326,-0.540827333927155,0.578148484230042,-0.433671176433563
0.554669678211212,-0.282478034496307,0.791399598121643,-0.436038821935654,-0.539323091506958,0.576570093631744,-0.431934744119644
0.55315363407135,-0.282607853412628,0.791534125804901,-0.439228653907776,-0.532501995563507,0.581839799880981,-0.430095851421356
0.551767349243164,-0.283065587282181,0.791799306869507,-0.441547632217407,-0.532375931739807,0.581345498561859,-0.428543299436569
0.550370693206787,-0.28369814157486,0.792333960533142,-0.445225059986115,-0.529975891113281,0.582795381546021,-0.425734639167786
0.549156665802002,-0.284042567014694,0.792488932609558,-0.44462588429451,-0.526564240455627,0.586681246757507,-0.425256371498108
0.547799348831177,-0.284540265798569,0.792882323265076,-0.450139850378036,-0.524884462356567,0.585393249988556,-0.423302888870239
0.546271979808807,-0.284811347723007,0.793124437332153,-0.450755625963211,-0.5203937292099,0.590009450912476,-0.421780288219452
0.54475861787796,-0.285189658403397,0.793316543102264,-0.455176293849945,-0.519280910491943,0.589160561561584,-0.419585168361664
0.543117642402649,-0.285538285970688,0.793767631053925,-0.455438703298569,-0.51657897233963,0.59234219789505,-0.41815397143364
0.541683793067932,-0.286068856716156,0.794261574745178,-0.462051928043365,-0.513242185115814,0.591675281524658,-0.415945738554001
0.540187358856201,-0.286296039819717,0.794517517089844,-0.460225641727448,-0.510076463222504,0.596480131149292,-0.415000885725021
0.538659930229187,-0.286774098873138,0.795036792755127,-0.465054988861084,-0.511912763118744,0.594871640205383,-0.409630537033081
0.536891102790833,-0.287015944719315,0.795359373092651,-0.466622084379196,-0.506237745285034,0.596848249435425,-0.412018567323685
0.53593635559082,-0.288052380084991,0.79669976234436,-0.467750459909439,-0.517013669013977,0.58909946680069,-0.40849506855011
0.53367418050766,-0.287434339523315,0.796078085899353,-0.468345552682877,-0.500426590442657,0.602502703666687,-0.408920735120773
0.53193873167038,-0.287752747535706,0.79658454656601,-0.469212889671326,-0.499426543712616,0.603417694568634,-0.407798618078232
0.530226230621338,-0.288056641817093,0.79719066619873,-0.471715688705444,-0.498156189918518,0.603303015232086,-0.406632661819458
0.528148114681244,-0.288337588310242,0.797659397125244,-0.472494930028915,-0.494694322347641,0.607057869434357,-0.40435990691185
0.526922464370728,-0.288041085004807,0.798029780387878,-0.471881955862045,-0.490218698978424,0.610731482505798,-0.404994159936905
0.524801790714264,-0.288408845663071,0.798718154430389,-0.472705692052841,-0.491690516471863,0.609952330589294,-0.403420507907867
0.522875010967255,-0.2886783182621,0.799280285835266,-0.474354714155197,-0.489620804786682,0.61152982711792,-0.401609718799591
0.520995378494263,-0.288590133190155,0.79980731010437,-0.474031090736389,-0.489505112171173,0.612383723258972,-0.400831192731857
0.519762456417084,-0.289417862892151,0.801350653171539,-0.475448310375214,-0.501921951770782,0.602778553962708,-0.398348271846771
0.517515480518341,-0.288236409425735,0.800922811031342,-0.47541880607605,-0.482065945863724,0.618572235107422,-0.398695230484009
0.5160813331604,-0.289411872625351,0.802651584148407,-0.475669652223587,-0.500310897827148,0.606112480163574,-0.395037949085236
0.511438071727753,-0.285625815391541,0.80016678571701,-0.475324600934982,-0.442042618989944,0.647846877574921,-0.398696899414062
0.512053608894348,-0.288697689771652,0.803600311279297,-0.473484605550766,-0.493401527404785,0.614234387874603,-0.393806457519531
0.510289549827576,-0.288447707891464,0.804547071456909,-0.475622564554214,-0.492811471223831,0.614316344261169,-0.391836255788803
0.508407473564148,-0.288017481565475,0.805070281028748,-0.475100636482239,-0.487147927284241,0.619597911834717,-0.391235083341599
0.506696820259094,-0.288128226995468,0.806122779846191,-0.473638266324997,-0.498170793056488,0.613543689250946,-0.388660132884979
0.506696820259094,-0.288128226995468,0.806122779846191,-0.473638266324997,-0.498170793056488,0.613543689250946,-0.388660132884979
0.503154098987579,-0.287410318851471,0.807782709598541,-0.47332626581192,-0.493017643690109,0.619247913360596,-0.386559009552002
0.503154098987579,-0.287410318851471,0.807782709598541,-0.47332626581192,-0.493017643690109,0.619247913360596,-0.386559009552002
0.497795939445496,-0.284069180488586,0.807487726211548,-0.468110710382461,-0.452383816242218,0.652283072471619,-0.388263016939163
0.495884865522385,-0.282953411340714,0.808615446090698,-0.467914700508118,-0.44499996304512,0.657668650150299,-0.387947112321854
0.496295541524887,-0.285536617040634,0.811812818050385,-0.470440924167633,-0.488551497459412,0.628628730773926,-0.380563735961914
0.492507487535477,-0.282095372676849,0.810660481452942,-0.466906696557999,-0.447317481040955,0.658925235271454,-0.384347379207611
0.491105437278748,-0.281716167926788,0.811942636966705,-0.468852251768112,-0.448311626911163,0.657909214496613,-0.382557302713394
0.491779357194901,-0.284019321203232,0.815330028533936,-0.470235556364059,-0.495053291320801,0.627008378505707,-0.37504830956459
0.488090068101883,-0.280437111854553,0.81429922580719,-0.468822002410889,-0.447656154632568,0.660602450370789,-0.378700792789459
0.486456245183945,-0.279881596565247,0.815644323825836,-0.465981364250183,-0.445033460855484,0.664800822734833,-0.377950072288513
0.487536460161209,-0.282402038574219,0.819014489650726,-0.465111315250397,-0.489490240812302,0.637004315853119,-0.371882259845734
0.483887255191803,-0.278852730989456,0.817915797233582,-0.468487799167633,-0.446807116270065,0.665014743804932,-0.372341126203537
0.48274827003479,-0.278366237878799,0.819120228290558,-0.467594265937805,-0.446728318929672,0.66677063703537,-0.370413690805435
0.483139753341675,-0.279884904623032,0.821599721908569,-0.467534691095352,-0.471531689167023,0.651594996452332,-0.36673304438591
0.483139753341675,-0.279884904623032,0.821599721908569,-0.467534691095352,-0.471531689167023,0.651594996452332,-0.36673304438591
0.481088578701019,-0.279547274112701,0.82476019859314,-0.468023210763931,-0.485978603363037,0.64365291595459,-0.361234217882156
0.480279386043549,-0.279156386852264,0.825977325439453,-0.465765923261642,-0.487890809774399,0.645398259162903,-0.358449220657349
0.478835463523865,-0.277815401554108,0.826221585273743,-0.464883655309677,-0.471678793430328,0.658042192459106,-0.358305633068085
0.477859884500503,-0.277205020189285,0.827395141124725,-0.464170515537262,-0.471852988004684,0.659190654754639,-0.356886684894562
0.47681787610054,-0.276966392993927,0.828302681446075,-0.463078558444977,-0.475610613822937,0.658127725124359,-0.355275452136993
0.476580202579498,-0.276403665542602,0.829798698425293,-0.463738650083542,-0.475488811731339,0.657816886901855,-0.355153381824493
0.475903570652008,-0.276056617498398,0.830819845199585,-0.458760440349579,-0.474673897027969,0.66249692440033,-0.354007452726364
0.47507780790329,-0.275868654251099,0.831893503665924,-0.457833081483841,-0.477293312549591,0.662231624126434,-0.352178275585175
0.475048542022705,-0.275069117546081,0.832886934280396,-0.457498997449875,-0.478203475475311,0.661390483379364,-0.35295695066452
0.474380046129227,-0.274822264909744,0.834043264389038,-0.454768598079681,-0.476035207509995,0.664648830890656,-0.353295713663101
0.474283009767532,-0.274394631385803,0.834945559501648,-0.450809329748154,-0.476244777441025,0.667326390743256,-0.353040218353271
0.474220424890518,-0.274139285087585,0.836208462715149,-0.452948331832886,-0.477406620979309,0.665280103683472,-0.352595120668411
0.474169075489044,-0.273866713047028,0.837137699127197,-0.448178291320801,-0.477429389953613,0.667665362358093,-0.354147404432297
0.474602609872818,-0.2742660343647,0.838882923126221,-0.4474176466465,-0.491700768470764,0.658324241638184,-0.353067964315414
0.474404662847519,-0.273293435573578,0.839143872261047,-0.443708062171936,-0.478542476892471,0.668894052505493,-0.355950921773911
0.474404662847519,-0.273293435573578,0.839143872261047,-0.443708062171936,-0.478542476892471,0.668894052505493,-0.355950921773911
0.475739687681198,-0.273631393909454,0.841811060905457,-0.439589828252792,-0.499732971191406,0.655905425548553,-0.356112122535706
0.473892480134964,-0.27035653591156,0.840387344360352,-0.433684676885605,-0.454264760017395,0.687326550483704,-0.3648881316185
0.47448268532753,-0.270112574100494,0.841235816478729,-0.431627780199051,-0.454409658908844,0.688165545463562,-0.3655646443367
0.47448268532753,-0.270112574100494,0.841235816478729,-0.431627780199051,-0.454409658908844,0.688165545463562,-0.3655646443367
0.476100981235504,-0.269450128078461,0.842878818511963,-0.431447863578796,-0.455230265855789,0.686968445777893,-0.367004960775375
0.47693395614624,-0.269222021102905,0.843549430370331,-0.427450805902481,-0.45375320315361,0.689495384693146,-0.368768364191055
0.480397969484329,-0.27240440249443,0.846720695495605,-0.430923074483871,-0.503198623657227,0.655835092067719,-0.361907452344894
0.479283034801483,-0.268859654664993,0.845147132873535,-0.424615442752838,-0.451985836029053,0.690292418003082,-0.37270250916481
0.480874210596085,-0.269453585147858,0.845856249332428,-0.42786055803299,-0.461339265108109,0.68182784318924,-0.373111546039581
0.483965784311295,-0.271534204483032,0.848516643047333,-0.430191397666931,-0.499318838119507,0.655687272548676,-0.368361681699753
0.485547393560409,-0.271514117717743,0.849242329597473,-0.424448758363724,-0.505327761173248,0.653880536556244,-0.370036959648132
0.486102849245071,-0.270680457353592,0.848833620548248,-0.422946691513062,-0.490268766880035,0.66393905878067,-0.374082386493683
0.487833201885223,-0.270428985357284,0.849377155303955,-0.421658247709274,-0.487357258796692,0.66529244184494,-0.376926124095917
0.489515453577042,-0.270386964082718,0.849962532520294,-0.421842634677887,-0.485494315624237,0.665697515010834,-0.378405779600143
0.491466850042343,-0.270227253437042,0.850533604621887,-0.420196324586868,-0.489653319120407,0.662776231765747,-0.380003064870834
0.493000090122223,-0.270396828651428,0.850938260555267,-0.422502547502518,-0.491303712129593,0.659430086612701,-0.381135702133179
0.494697451591492,-0.270235806703568,0.851273894309998,-0.421338647603989,-0.490258663892746,0.65961879491806,-0.383436143398285
0.496905267238617,-0.26983579993248,0.851547002792358,-0.420611351728439,-0.487756788730621,0.660099506378174,-0.386585175991058
0.498566955327988,-0.270217955112457,0.852071106433868,-0.418916404247284,-0.487459570169449,0.659655570983887,-0.389546900987625
0.501007556915283,-0.269998461008072,0.852384686470032,-0.41960471868515,-0.48780345916748,0.658006072044373,-0.391162037849426
0.503018021583557,-0.269799709320068,0.852607250213623,-0.420752882957458,-0.485687762498856,0.656919002532959,-0.394375205039978
0.505217969417572,-0.269601285457611,0.852869153022766,-0.415439963340759,-0.483776539564133,0.658986330032349,-0.398882329463959
0.507174968719482,-0.269895195960998,0.85307502746582,-0.418271601200104,-0.48498210310936,0.656536936759949,-0.398498147726059
0.509416520595551,-0.269683688879013,0.85328084230423,-0.419805020093918,-0.484939843416214,0.654300332069397,-0.400609970092773
0.511667728424072,-0.269683241844177,0.853424072265625,-0.415458709001541,-0.482825428247452,0.654754996299744,-0.406902521848679
0.51391726732254,-0.269729733467102,0.853727459907532,-0.416650861501694,-0.481027483940125,0.65361762046814,-0.409632563591003
0.516392529010773,-0.269608467817307,0.853922843933105,-0.418274223804474,-0.481856256723404,0.650576889514923,-0.411838471889496
0.518155097961426,-0.269698292016983,0.853867709636688,-0.416267156600952,-0.481464296579361,0.65038925409317,-0.414617598056793
0.523304224014282,-0.269362658262253,0.854338943958282,-0.41908672451973,-0.47914183139801,0.646498918533325,-0.420510083436966
0.523304224014282,-0.269362658262253,0.854338943958282,-0.41908672451973,-0.47914183139801,0.646498918533325,-0.420510083436966
0.525539040565491,-0.26923394203186,0.854459643363953,-0.417426586151123,-0.478935986757278,0.645433068275452,-0.424018204212189
0.527414679527283,-0.269189834594727,0.854351758956909,-0.419326722621918,-0.479758560657501,0.642181575298309,-0.426145166158676
0.530052900314331,-0.268737137317657,0.854353904724121,-0.418314069509506,-0.476512432098389,0.642351388931274,-0.430504411458969
0.531834602355957,-0.269314020872116,0.854429602622986,-0.417931646108627,-0.480779856443405,0.639045000076294,-0.431051582098007
0.534143507480621,-0.268967181444168,0.854427814483643,-0.419019162654877,-0.478479981422424,0.638659596443176,-0.433121353387833
0.536431133747101,-0.268649071455002,0.854554176330566,-0.417584151029587,-0.476059108972549,0.638713419437408,-0.437077075242996
0.538662314414978,-0.268408924341202,0.854554355144501,-0.420153707265854,-0.479387044906616,0.633428990840912,-0.438664644956589
0.540837168693542,-0.268320202827454,0.854650735855103,-0.421564877033234,-0.476294338703156,0.633125245571136,-0.441111534833908
0.542938649654388,-0.267957359552383,0.854727387428284,-0.421617865562439,-0.474583953619003,0.631671786308289,-0.444971024990082
0.544954895973206,-0.267620772123337,0.854612231254578,-0.421319156885147,-0.473410665988922,0.631816327571869,-0.446296721696854
0.546835124492645,-0.267297476530075,0.854736924171448,-0.422280043363571,-0.472601652145386,0.630361497402191,-0.448298841714859
0.548878073692322,-0.26692134141922,0.854631185531616,-0.421927690505981,-0.47200220823288,0.629004955291748,-0.451158612966537
0.548878073692322,-0.26692134141922,0.854631185531616,-0.421927690505981,-0.47200220823288,0.629004955291748,-0.451158612966537
0.552388548851013,-0.266205996274948,0.854671359062195,-0.420076668262482,-0.470060169696808,0.62824159860611,-0.455951452255249
0.55446594953537,-0.265663027763367,0.854918241500854,-0.421780616044998,-0.472259849309921,0.62571120262146,-0.455584615468979
0.55446594953537,-0.265663027763367,0.854918241500854,-0.421780616044998,-0.472259849309921,0.62571120262146,-0.455584615468979
0.557479918003082,-0.264936566352844,0.854856908321381,-0.419417172670364,-0.467335909605026,0.625635206699371,-0.462889969348907
0.559072077274323,-0.264370799064636,0.854884207248688,-0.420427292585373,-0.46918511390686,0.623217165470123,-0.463364273309708
0.560338795185089,-0.264042019844055,0.854928493499756,-0.422955930233002,-0.468049854040146,0.621401906013489,-0.464647442102432
0.561853110790253,-0.263464778661728,0.855001866817474,-0.418591439723969,-0.469869881868362,0.621783137321472,-0.466250091791153
0.563070178031921,-0.262947499752045,0.855168223381042,-0.42201629281044,-0.468500643968582,0.619681537151337,-0.467337429523468
0.564550518989563,-0.262161612510681,0.855246424674988,-0.420628130435944,-0.470791459083557,0.619450271129608,-0.466592639684677
0.564698696136475,-0.260376214981079,0.854024827480316,-0.418865352869034,-0.442390084266663,0.635992407798767,-0.473662912845612
0.565699398517609,-0.259523212909698,0.85409140586853,-0.420060366392136,-0.443107753992081,0.633985161781311,-0.474623829126358
0.566931843757629,-0.258761942386627,0.854142069816589,-0.419282883405685,-0.444941312074661,0.632852733135223,-0.475106805562973
0.567750513553619,-0.258189737796783,0.85418164730072,-0.417619794607162,-0.443738907575607,0.633998513221741,-0.476167291402817
0.568502962589264,-0.257626503705978,0.854279518127441,-0.421224057674408,-0.44561368227005,0.630635976791382,-0.475707113742828
0.569494485855103,-0.256799727678299,0.854438662528992,-0.41979569196701,-0.445154160261154,0.631623268127441,-0.476089894771576
0.570107102394104,-0.255983620882034,0.854376316070557,-0.417262107133865,-0.446107804775238,0.632303476333618,-0.476521402597427
0.570906162261963,-0.255208939313888,0.854526698589325,-0.419645488262177,-0.447218328714371,0.629867792129517,-0.476613104343414
0.571326017379761,-0.254673093557358,0.854620695114136,-0.420472025871277,-0.446771204471588,0.63025963306427,-0.475785046815872
0.572866261005402,-0.255144238471985,0.855881214141846,-0.419183284044266,-0.472538650035858,0.614788949489594,-0.472257435321808
0.572307586669922,-0.252964437007904,0.854755759239197,-0.417801320552826,-0.44590812921524,0.632069647312164,-0.476545870304108
0.572737574577332,-0.252209544181824,0.854772984981537,-0.417958050966263,-0.446079015731812,0.632280111312866,-0.47596925497055
0.573209762573242,-0.251444816589355,0.85472047328949,-0.418953895568848,-0.44828999042511,0.630464136600494,-0.47542479634285
0.573394536972046,-0.250582069158554,0.854714155197144,-0.419512301683426,-0.45221546292305,0.629897177219391,-0.471953451633453
0.573955059051514,-0.249203070998192,0.855042934417725,-0.418713063001633,-0.45128521323204,0.631431102752686,-0.471504002809524
0.573955059051514,-0.249203070998192,0.855042934417725,-0.418713063001633,-0.45128521323204,0.631431102752686,-0.471504002809524
0.573826670646667,-0.248524367809296,0.854807555675507,-0.416892021894455,-0.452299296855927,0.630743384361267,-0.473063588142395
0.57385915517807,-0.247957572340965,0.854816794395447,-0.417344212532043,-0.451635718345642,0.631377458572388,-0.472452729940414
0.574744582176208,-0.248528674244881,0.85593056678772,-0.416868984699249,-0.474937438964844,0.617779791355133,-0.467977494001388
0.575019121170044,-0.247659966349602,0.8561772108078,-0.417407095432281,-0.480536818504333,0.614668369293213,-0.465874075889587
0.575226604938507,-0.246974527835846,0.856372833251953,-0.416876643896103,-0.480213314294815,0.616019487380981,-0.464896768331528
0.575118601322174,-0.246497958898544,0.856297254562378,-0.417849481105804,-0.480417400598526,0.614902317523956,-0.465291351079941
0.574845016002655,-0.24585884809494,0.856146574020386,-0.415905296802521,-0.481691718101501,0.614973783493042,-0.46562123298645
0.574687123298645,-0.24543984234333,0.856112897396088,-0.414057701826096,-0.481708139181137,0.616561949253082,-0.465150147676468
0.574624955654144,-0.244894921779633,0.856104493141174,-0.414186984300613,-0.480701416730881,0.618058323860168,-0.464089781045914
0.574512958526611,-0.244510978460312,0.856144309043884,-0.41771188378334,-0.481781214475632,0.615596115589142,-0.463082313537598
0.57436728477478,-0.243982776999473,0.856024384498596,-0.4160475730896,-0.483366847038269,0.615151405334473,-0.463518679141998
0.574297964572906,-0.243622049689293,0.855986356735229,-0.41597843170166,-0.483522742986679,0.615437269210815,-0.4630386531353
0.574165403842926,-0.24311588704586,0.85590922832489,-0.416300445795059,-0.482129216194153,0.617233216762543,-0.461809992790222
0.574088573455811,-0.242805555462837,0.85584282875061,-0.416622132062912,-0.481888055801392,0.61747932434082,-0.461442410945892
0.574035584926605,-0.242529153823853,0.855758011341095,-0.417780131101608,-0.482125788927078,0.616831660270691,-0.46101325750351
0.573899924755096,-0.242173880338669,0.855603158473969,-0.416802972555161,-0.483056932687759,0.61637282371521,-0.461536347866058
0.573919534683228,-0.241949379444122,0.855570018291473,-0.416789889335632,-0.482439249753952,0.616993546485901,-0.461364865303039
0.574068248271942,-0.241666331887245,0.855555236339569,-0.415967315435409,-0.483184844255447,0.616888701915741,-0.461467295885086
0.574077367782593,-0.241527304053306,0.855518877506256,-0.416050255298615,-0.482998371124268,0.617001593112946,-0.461436480283737
0.574098944664001,-0.241416051983833,0.855497241020203,-0.416188031435013,-0.482713967561722,0.617222249507904,-0.461315035820007
0.574125111103058,-0.241340801119804,0.855485260486603,-0.416246592998505,-0.482578009366989,0.617267668247223,-0.461343586444855
0.574195444583893,-0.241173848509789,0.855504631996155,-0.416036039590836,-0.481235504150391,0.618727266788483,-0.460980415344238
0.574449419975281,-0.241082072257996,0.855567514896393,-0.415853768587112,-0.481468737125397,0.618898391723633,-0.460671573877335
0.574530243873596,-0.24106203019619,0.855582714080811,-0.416110724210739,-0.481137931346893,0.61909008026123,-0.460527539253235
0.57463264465332,-0.24105615913868,0.855600535869598,-0.416338562965393,-0.480792015790939,0.619255900382996,-0.460460096597672
0.574797749519348,-0.241080895066261,0.855666100978851,-0.416719347238541,-0.48059955239296,0.619450211524963,-0.460054844617844
0.574922323226929,-0.241120591759682,0.855698108673096,-0.416893035173416,-0.480371415615082,0.619615375995636,-0.459913372993469
0.575065195560455,-0.241161987185478,0.85573136806488,-0.416939586400986,-0.480255246162414,0.619774997234344,-0.459777414798737
0.575112581253052,-0.241239964962006,0.855631411075592,-0.417180091142654,-0.479169696569443,0.62047553062439,-0.459747225046158
0.575389206409454,-0.24144022166729,0.855704069137573,-0.417983084917068,-0.478656828403473,0.621178388595581,-0.458601444959641
0.575563430786133,-0.241524502635002,0.855752170085907,-0.418115317821503,-0.478503584861755,0.621236801147461,-0.45856162905693
0.575789153575897,-0.241777688264847,0.855824708938599,-0.418569624423981,-0.479254275560379,0.620838105678558,-0.457902640104294
0.576033413410187,-0.241916656494141,0.855914056301117,-0.41864413022995,-0.479015529155731,0.62092250585556,-0.457969784736633
0.576202154159546,-0.242076590657234,0.855945944786072,-0.416866093873978,-0.478168606758118,0.622363090515137,-0.458521276712418
0.576462149620056,-0.24221433699131,0.856019079685211,-0.416583389043808,-0.477699905633926,0.62241929769516,-0.459189713001251
0.576759397983551,-0.242358684539795,0.856089472770691,-0.416543275117874,-0.477227479219437,0.622159898281097,-0.460068315267563
0.577230274677277,-0.242530688643456,0.856243550777435,-0.418580889701843,-0.478467702865601,0.619491338729858,-0.460531264543533
0.57758367061615,-0.242836594581604,0.856386065483093,-0.419982194900513,-0.477157294750214,0.619969546794891,-0.459971368312836
0.57758367061615,-0.242836594581604,0.856386065483093,-0.419982194900513,-0.477157294750214,0.619969546794891,-0.459971368312836
0.578221380710602,-0.243121445178986,0.856376886367798,-0.421230763196945,-0.475873619318008,0.619908928871155,-0.460241347551346
0.578508079051971,-0.243263646960258,0.85637891292572,-0.421312987804413,-0.475350975990295,0.62008672952652,-0.460466474294662
0.578982293605804,-0.243447318673134,0.856447458267212,-0.421096742153168,-0.47531732916832,0.620826244354248,-0.459701836109161
0.578982293605804,-0.243447318673134,0.856447458267212,-0.421096742153168,-0.47531732916832,0.620826244354248,-0.459701836109161
0.579559564590454,-0.244040325284004,0.85632050037384,-0.420600324869156,-0.471604526042938,0.622291326522827,-0.461993634700775
0.579927325248718,-0.244251295924187,0.856151223182678,-0.419944316148758,-0.471467316150665,0.622960805892944,-0.461828291416168
0.580271005630493,-0.244457796216011,0.856121420860291,-0.419635742902756,-0.471143633127213,0.62289947271347,-0.46252104640007
0.580605506896973,-0.24461430311203,0.85605776309967,-0.419863551855087,-0.469605892896652,0.623387336730957,-0.46322038769722
0.580931007862091,-0.244879722595215,0.856039643287659,-0.419954121112823,-0.470801025629044,0.621788501739502,-0.464073330163956
0.581073939800262,-0.245165646076202,0.855979323387146,-0.420716613531113,-0.470814973115921,0.621135592460632,-0.464242935180664
0.581674575805664,-0.245406836271286,0.856107473373413,-0.421178162097931,-0.470491826534271,0.621161699295044,-0.464117109775543
0.581966996192932,-0.245510250329971,0.856011152267456,-0.420576274394989,-0.470881730318069,0.621017217636108,-0.46446031332016
0.582134425640106,-0.245662614703178,0.855879843235016,-0.423840224742889,-0.471898138523102,0.618099868297577,-0.464353412389755
0.582595467567444,-0.245641216635704,0.855747282505035,-0.422380834817886,-0.472792774438858,0.618280708789825,-0.464532554149628
0.582894623279572,-0.245669350028038,0.855602741241455,-0.422423154115677,-0.471497356891632,0.618828237056732,-0.465081393718719
0.582887709140778,-0.24583013355732,0.855423450469971,-0.421176850795746,-0.469592899084091,0.620540976524353,-0.465855866670609
0.583130657672882,-0.245915412902832,0.855259954929352,-0.421232044696808,-0.469488590955734,0.62031888961792,-0.466206640005112
0.583296656608582,-0.245936721563339,0.855143189430237,-0.421330213546753,-0.468929290771484,0.620235979557037,-0.466790676116943
0.583542883396149,-0.245961844921112,0.855072736740112,-0.421429693698883,-0.468772888183594,0.620435297489166,-0.466593086719513
0.583824694156647,-0.24591913819313,0.85496973991394,-0.424162060022354,-0.470643371343613,0.61775666475296,-0.465787589550018
0.584026575088501,-0.245860069990158,0.854857981204987,-0.424063354730606,-0.470198512077331,0.618349015712738,-0.465540736913681
0.584026575088501,-0.245860069990158,0.854857981204987,-0.424063354730606,-0.470198512077331,0.618349015712738,-0.465540736913681
0.584553360939026,-0.245790228247642,0.85467517375946,-0.423818796873093,-0.470508009195328,0.619096755981445,-0.464455723762512
0.584665238857269,-0.245576396584511,0.85445648431778,-0.423003911972046,-0.470475614070892,0.61921763420105,-0.465069800615311
0.584652185440063,-0.245583415031433,0.854322135448456,-0.423793435096741,-0.470212757587433,0.618836462497711,-0.465124219655991
0.584652185440063,-0.245583415031433,0.854322135448456,-0.423793435096741,-0.470212757587433,0.618836462497711,-0.465124219655991
0.58483749628067,-0.245390743017197,0.854070901870728,-0.423315972089767,-0.471475660800934,0.618322372436523,-0.464964270591736
0.584913611412048,-0.245203882455826,0.853948831558228,-0.42394208908081,-0.470944792032242,0.618483901023865,-0.464716970920563
0.58497941493988,-0.245099604129791,0.85384601354599,-0.423941552639008,-0.47150319814682,0.618191301822662,-0.464540630578995
0.585196137428284,-0.24489139020443,0.853780150413513,-0.423423826694489,-0.47247725725174,0.617954194545746,-0.464338362216949
0.585269927978516,-0.244746387004852,0.853623032569885,-0.423122942447662,-0.47325411438942,0.617920935153961,-0.463865548372269
0.585338771343231,-0.244486257433891,0.853430330753326,-0.422939240932465,-0.475409209728241,0.616364538669586,-0.463900327682495
0.585402727127075,-0.244326531887054,0.853297114372253,-0.422563135623932,-0.475905895233154,0.616410911083221,-0.463671863079071
0.585549652576447,-0.244302198290825,0.853203952312469,-0.422998636960983,-0.475699931383133,0.617112874984741,-0.462550938129425
0.585539042949677,-0.244051739573479,0.852983057498932,-0.421642392873764,-0.477138072252274,0.61672043800354,-0.462831556797028
0.585570216178894,-0.243910536170006,0.85283625125885,-0.42168065905571,-0.477186858654022,0.616866111755371,-0.462551891803741
0.585583209991455,-0.24377715587616,0.852699398994446,-0.421727061271667,-0.477355718612671,0.616849422454834,-0.462357938289642
0.585607469081879,-0.24363648891449,0.852537095546722,-0.421661287546158,-0.477762639522552,0.616735875606537,-0.462149053812027
0.585597395896912,-0.243406727910042,0.852311849594116,-0.419187873601913,-0.476379454135895,0.619446337223053,-0.462201744318008
0.585631787776947,-0.24325031042099,0.852073967456818,-0.419055819511414,-0.47725784778595,0.619182169437408,-0.461769044399261
0.585605442523956,-0.242983117699623,0.851721405982971,-0.417768329381943,-0.479307681322098,0.618224680423737,-0.46209529042244
0.585646867752075,-0.242743939161301,0.851459324359894,-0.418029516935349,-0.478515654802322,0.618786752223969,-0.461927682161331
0.585731625556946,-0.242557093501091,0.851078450679779,-0.418084859848022,-0.479721575975418,0.618097603321075,-0.461549311876297
0.585750639438629,-0.242237225174904,0.850695729255676,-0.422810196876526,-0.482568681240082,0.615178048610687,-0.458164662122726
0.585628867149353,-0.242149502038956,0.850286781787872,-0.42034524679184,-0.479971051216125,0.617001056671143,-0.46070322394371
0.585569679737091,-0.242011100053787,0.849851250648499,-0.420637995004654,-0.479725420475006,0.617122888565063,-0.460528582334518
0.585447311401367,-0.241892650723457,0.849307119846344,-0.420876145362854,-0.478902399539948,0.617910504341125,-0.460111230611801
0.585452079772949,-0.241764396429062,0.848854422569275,-0.420909821987152,-0.480154097080231,0.617298185825348,-0.459597438573837
0.585550308227539,-0.241369858384132,0.848223149776459,-0.418619275093079,-0.482202470302582,0.616890072822571,-0.460092663764954
0.585440576076508,-0.241270273923874,0.847751617431641,-0.422631531953812,-0.483404189348221,0.613805532455444,-0.459288507699966
0.585460901260376,-0.241083338856697,0.847246289253235,-0.422283798456192,-0.484273225069046,0.614162266254425,-0.458214432001114
0.585467517375946,-0.240887776017189,0.846664130687714,-0.422227680683136,-0.484208792448044,0.614668190479279,-0.457655757665634
0.585459470748901,-0.24077408015728,0.845981180667877,-0.421401560306549,-0.486843377351761,0.613928735256195,-0.456613212823868
0.585432052612305,-0.24039626121521,0.845262587070465,-0.420080572366714,-0.489525318145752,0.611870646476746,-0.457724332809448
0.585389852523804,-0.240185230970383,0.844577431678772,-0.422158122062683,-0.492061257362366,0.610524654388428,-0.454882591962814
0.585419774055481,-0.240032240748405,0.843993246555328,-0.421450018882751,-0.491668909788132,0.610833764076233,-0.45554792881012
0.585419774055481,-0.240032240748405,0.843993246555328,-0.421450018882751,-0.491668909788132,0.610833764076233,-0.45554792881012
0.585220694541931,-0.239784687757492,0.842511713504791,-0.419848412275314,-0.490960568189621,0.610807955265045,-0.457819640636444
0.585157930850983,-0.239470675587654,0.84175968170166,-0.418780446052551,-0.494142025709152,0.608838438987732,-0.457998186349869
0.585315048694611,-0.239195883274078,0.841078460216522,-0.416757971048355,-0.496461510658264,0.608464896678925,-0.457830965518951
0.585268318653107,-0.239034384489059,0.840384781360626,-0.417875856161117,-0.497442990541458,0.607123792171478,-0.457526922225952
0.585268318653107,-0.239034384489059,0.840384781360626,-0.417875856161117,-0.497442990541458,0.607123792171478,-0.457526922225952
0.585240185260773,-0.238601818680763,0.838949143886566,-0.417898595333099,-0.49853789806366,0.605974316596985,-0.457838386297226
0.585154473781586,-0.238223329186439,0.838058233261108,-0.415606290102005,-0.50133866071701,0.605291664600372,-0.457769781351089
0.585122227668762,-0.238035500049591,0.837359845638275,-0.415676027536392,-0.501997530460358,0.604842662811279,-0.457577675580978
0.585078060626984,-0.23778261244297,0.836657762527466,-0.416263490915298,-0.502954185009003,0.603395640850067,-0.457903236150742
0.58498477935791,-0.23747318983078,0.835906744003296,-0.416015684604645,-0.503856778144836,0.60375702381134,-0.456658333539963
0.584888339042664,-0.237049847841263,0.835228383541107,-0.414833396673203,-0.505783379077911,0.603701770305634,-0.455676227807999
0.58469146490097,-0.236921459436417,0.834206342697144,-0.416511833667755,-0.505568981170654,0.602403581142426,-0.456100702285767
0.584571123123169,-0.23669508099556,0.833385229110718,-0.417660802602768,-0.506301939487457,0.601468026638031,-0.455471158027649
0.584334373474121,-0.236493781208992,0.83260178565979,-0.415960639715195,-0.506121933460236,0.603123962879181,-0.455037206411362
0.584101140499115,-0.236164748668671,0.831820666790009,-0.415790975093841,-0.50775146484375,0.602215528488159,-0.454579770565033
0.583948791027069,-0.236012279987335,0.830976963043213,-0.416015952825546,-0.508809447288513,0.602156221866608,-0.453267484903336
0.583869338035583,-0.235838010907173,0.830263495445251,-0.41895854473114,-0.510884523391724,0.59889829158783,-0.452539086341858
0.583643674850464,-0.235656157135963,0.829480707645416,-0.418886631727219,-0.512141942977905,0.598638474941254,-0.451527029275894
0.583390831947327,-0.23552879691124,0.828746259212494,-0.418745964765549,-0.512921810150146,0.598511338233948,-0.45094022154808
0.583097279071808,-0.235294654965401,0.827860474586487,-0.414537966251373,-0.514487326145172,0.600356817245483,-0.450591713190079
0.583165287971497,-0.235116124153137,0.827034294605255,-0.415219783782959,-0.51640784740448,0.598682701587677,-0.449993968009949
0.582971453666687,-0.235029324889183,0.826381027698517,-0.415491431951523,-0.517592668533325,0.597622156143188,-0.449791848659515
0.582742035388947,-0.234951093792915,0.825644671916962,-0.415610879659653,-0.518936574459076,0.59625107049942,-0.449952393770218
0.582471072673798,-0.234764710068703,0.824725747108459,-0.41329687833786,-0.521730065345764,0.595443725585938,-0.449922680854797
0.582272589206696,-0.234623208642006,0.823877334594727,-0.412285834550857,-0.52212780714035,0.595963478088379,-0.449700236320496
0.582142531871796,-0.234552964568138,0.823168992996216,-0.412217974662781,-0.523166537284851,0.595705151557922,-0.448897033929825
0.582170844078064,-0.234481811523438,0.822590708732605,-0.411692500114441,-0.524621665477753,0.594922125339508,-0.448719412088394
0.581953287124634,-0.234415769577026,0.821781694889069,-0.411542236804962,-0.526504039764404,0.593684017658234,-0.448292344808578
0.581634759902954,-0.234274968504906,0.820803582668304,-0.40947887301445,-0.529096305370331,0.592519700527191,-0.448669731616974
0.581611692905426,-0.234217047691345,0.820211946964264,-0.409307688474655,-0.529945731163025,0.592180073261261,-0.448271840810776
0.581396698951721,-0.234199538826942,0.819388926029205,-0.406760424375534,-0.529541492462158,0.594212114810944,-0.448379188776016
0.581396698951721,-0.234199538826942,0.819388926029205,-0.406760424375534,-0.529541492462158,0.594212114810944,-0.448379188776016
0.581083834171295,-0.234246358275414,0.817832052707672,-0.407505393028259,-0.533949017524719,0.590499997138977,-0.447378486394882
0.580991089344025,-0.234352007508278,0.817219734191895,-0.407120376825333,-0.536500096321106,0.588893532752991,-0.446794509887695
0.580913662910461,-0.234271958470344,0.816539764404297,-0.407196462154388,-0.53901207447052,0.588717997074127,-0.443923532962799
0.580960273742676,-0.234214842319488,0.815459668636322,-0.404108136892319,-0.542471885681152,0.588580191135406,-0.442712485790253
0.580747067928314,-0.234216123819351,0.814906120300293,-0.4054174721241,-0.540329217910767,0.586937308311462,-0.446301937103271
0.580521762371063,-0.234370917081833,0.814201295375824,-0.405404448509216,-0.541471064090729,0.586343944072723,-0.445709526538849
0.580528795719147,-0.234425336122513,0.813488602638245,-0.404333561658859,-0.541926324367523,0.587243914604187,-0.44494366645813
0.580429494380951,-0.234600871801376,0.812770187854767,-0.40180516242981,-0.542681872844696,0.588302791118622,-0.444914430379867
0.580504894256592,-0.234697312116623,0.812266647815704,-0.401082098484039,-0.543171882629395,0.588519215583801,-0.444682568311691
0.58042448759079,-0.234907150268555,0.811581969261169,-0.4034284055233,-0.546038448810577,0.58422315120697,-0.444714277982712
0.580419719219208,-0.235064342617989,0.81087464094162,-0.402627527713776,-0.547246396541595,0.584306478500366,-0.443845331668854
0.580543279647827,-0.235170677304268,0.810308873653412,-0.401993334293365,-0.547946095466614,0.584302365779877,-0.443561851978302
0.580545246601105,-0.235312968492508,0.809621632099152,-0.401451617479324,-0.548087477684021,0.584537327289581,-0.443568468093872
0.580435633659363,-0.235500112175941,0.80880868434906,-0.399770319461823,-0.54866886138916,0.585035085678101,-0.443712025880814
0.580589056015015,-0.235634922981262,0.808196544647217,-0.399362534284592,-0.551068842411041,0.583396971225739,-0.443261623382568
0.580606400966644,-0.235846176743507,0.807567596435547,-0.39781066775322,-0.551424920558929,0.583730638027191,-0.443774372339249
0.580596387386322,-0.236255213618279,0.806713700294495,-0.396858692169189,-0.55398964881897,0.582262516021729,-0.443361341953278
0.580787122249603,-0.236469134688377,0.806129455566406,-0.396049201488495,-0.55527001619339,0.581805884838104,-0.443082898855209
0.580866694450378,-0.236689433455467,0.805441200733185,-0.395882159471512,-0.556445479393005,0.580255448818207,-0.443789482116699
0.580866694450378,-0.236689433455467,0.805441200733185,-0.395882159471512,-0.556445479393005,0.580255448818207,-0.443789482116699
0.581113815307617,-0.237388491630554,0.80376011133194,-0.389300256967545,-0.559083163738251,0.582773745059967,-0.442996919155121
0.58111572265625,-0.2376918643713,0.803224861621857,-0.389115393161774,-0.559364378452301,0.581438362598419,-0.444556206464767
0.58111572265625,-0.2376918643713,0.803224861621857,-0.389115393161774,-0.559364378452301,0.581438362598419,-0.444556206464767
0.581616699695587,-0.238252058625221,0.801771640777588,-0.390631943941116,-0.565149307250977,0.576709866523743,-0.442061632871628
0.581868648529053,-0.238644689321518,0.801116168498993,-0.386367321014404,-0.565392315387726,0.57793778181076,-0.443891763687134
0.582100987434387,-0.238991662859917,0.800097286701202,-0.384925007820129,-0.565697848796844,0.576963484287262,-0.446017980575562
0.582396268844604,-0.239331543445587,0.799354672431946,-0.383630067110062,-0.566813230514526,0.57672792673111,-0.446021974086761
0.582499265670776,-0.239742308855057,0.7987180352211,-0.382955014705658,-0.568388938903809,0.574783802032471,-0.447105556726456
0.582892179489136,-0.240093901753426,0.798012495040894,-0.381251513957977,-0.569352090358734,0.573673248291016,-0.448759198188782
0.583337068557739,-0.240439236164093,0.797432661056519,-0.380204796791077,-0.572315096855164,0.572815179824829,-0.446970164775848
0.583621621131897,-0.240910843014717,0.796606540679932,-0.380305826663971,-0.576485693454742,0.568693995475769,-0.446787238121033
0.584113299846649,-0.241323724389076,0.795917868614197,-0.378754824399948,-0.577716171741486,0.568423271179199,-0.446860074996948
0.584384918212891,-0.241678565740585,0.794992387294769,-0.373047173023224,-0.573432564735413,0.5719113945961,-0.452689915895462
0.585010528564453,-0.242008402943611,0.794340312480927,-0.374269783496857,-0.575690388679504,0.568678498268127,-0.452887982130051
0.585712611675262,-0.242300122976303,0.793536305427551,-0.372914135456085,-0.57580953836441,0.568780958652496,-0.453725248575211
0.584871590137482,-0.241793662309647,0.791831135749817,-0.373072654008865,-0.558116257190704,0.58124166727066,-0.459871113300323
0.585187554359436,-0.242049694061279,0.790859222412109,-0.371192723512649,-0.554246842861176,0.584036707878113,-0.462523132562637
0.585955560207367,-0.24263259768486,0.790398359298706,-0.369643419981003,-0.559761166572571,0.579758644104004,-0.462505251169205
0.585955560207367,-0.24263259768486,0.790398359298706,-0.369643419981003,-0.559761166572571,0.579758644104004,-0.462505251169205
0.587332427501678,-0.243073761463165,0.788807153701782,-0.371231824159622,-0.56159108877182,0.576912820339203,-0.462573528289795
0.587960720062256,-0.243551701307297,0.788122832775116,-0.367810755968094,-0.558095991611481,0.57933121919632,-0.466497004032135
0.588789641857147,-0.243976086378098,0.787616312503815,-0.368419408798218,-0.563039481639862,0.574088037014008,-0.466558486223221
0.588389873504639,-0.244663909077644,0.786215960979462,-0.377179116010666,-0.574099838733673,0.565532147884369,-0.456419408321381
0.589305400848389,-0.245015650987625,0.785588383674622,-0.376706540584564,-0.575451612472534,0.56423807144165,-0.456708818674088
0.589982509613037,-0.245215341448784,0.784712255001068,-0.376662135124206,-0.573236882686615,0.564650475978851,-0.45901545882225
0.589982509613037,-0.245215341448784,0.784712255001068,-0.376662135124206,-0.573236882686615,0.564650475978851,-0.45901545882225
0.591823160648346,-0.246117532253265,0.783447980880737,-0.375964283943176,-0.574979424476624,0.561663389205933,-0.46106830239296
0.592581808567047,-0.246456444263458,0.782862544059753,-0.375065833330154,-0.576023042201996,0.560046017169952,-0.462462365627289
0.593515753746033,-0.246771469712257,0.782282114028931,-0.374649554491043,-0.576614677906036,0.55928099155426,-0.462988197803497
0.594350099563599,-0.247091189026832,0.781655073165894,-0.374471962451935,-0.576116979122162,0.558481693267822,-0.464712828397751
0.595375061035156,-0.247336760163307,0.780851125717163,-0.374157100915909,-0.574574053287506,0.558690845966339,-0.466621965169907
0.596224963665009,-0.247691750526428,0.780306935310364,-0.372967809438705,-0.574930667877197,0.55777245759964,-0.46823051571846
0.597248911857605,-0.24807259440422,0.779768228530884,-0.372699737548828,-0.574877798557281,0.556431353092194,-0.470100730657578
0.598357558250427,-0.248422518372536,0.779253482818604,-0.372296839952469,-0.575653493404388,0.554990291595459,-0.471172779798508
0.600867927074432,-0.249678924679756,0.780066668987274,-0.367664754390716,-0.599482119083405,0.536750853061676,-0.466199964284897
0.602025151252747,-0.250017166137695,0.779250919818878,-0.366291254758835,-0.600288271903992,0.536105453968048,-0.466986089944839
0.60125195980072,-0.249309346079826,0.777763545513153,-0.369968891143799,-0.577206134796143,0.551022469997406,-0.475741922855377
0.604029774665833,-0.250812590122223,0.778746724128723,-0.366085052490234,-0.602252900600433,0.53119158744812,-0.470221966505051
0.604949295520782,-0.251169830560684,0.778152942657471,-0.364812403917313,-0.603049695491791,0.529327273368835,-0.472287654876709
0.605970978736877,-0.25143176317215,0.777662932872772,-0.364483296871185,-0.602852404117584,0.529154241085052,-0.472987204790115
0.607144176959991,-0.251568675041199,0.777352452278137,-0.36323156952858,-0.602506935596466,0.527961790561676,-0.475715041160583
0.608309209346771,-0.251818299293518,0.776787996292114,-0.362360060214996,-0.603344142436981,0.528073132038116,-0.475194603204727
0.608952641487122,-0.252370029687881,0.776713669300079,-0.363715291023254,-0.605968058109283,0.523289859294891,-0.476110935211182
0.610220015048981,-0.252605825662613,0.776242911815643,-0.363042801618576,-0.605793356895447,0.522897064685822,-0.477276533842087
0.611442983150482,-0.252942234277725,0.776348233222961,-0.348727822303772,-0.593770503997803,0.5320845246315,-0.492657572031021
0.612661004066467,-0.253026992082596,0.776005506515503,-0.34793484210968,-0.592991650104523,0.532733023166656,-0.493455111980438
0.613733410835266,-0.253103345632553,0.775675714015961,-0.348566621541977,-0.591703057289124,0.532423794269562,-0.49488765001297
0.614819884300232,-0.253417372703552,0.775378346443176,-0.34791499376297,-0.590726912021637,0.532776951789856,-0.496130734682083
0.614819884300232,-0.253417372703552,0.775378346443176,-0.34791499376297,-0.590726912021637,0.532776951789856,-0.496130734682083
0.616761445999146,-0.253796428442001,0.774788022041321,-0.350655198097229,-0.593669474124908,0.527724921703339,-0.496088653802872
0.617766857147217,-0.253923386335373,0.774563729763031,-0.351517379283905,-0.594571173191071,0.525335192680359,-0.4969342648983
0.618425667285919,-0.254344761371612,0.774412035942078,-0.350876271724701,-0.597178757190704,0.521916508674622,-0.497862219810486
0.61954003572464,-0.255462855100632,0.774763166904449,-0.359365820884705,-0.5875044465065,0.526838362216949,-0.498132795095444
0.620353817939758,-0.255651295185089,0.77451765537262,-0.356304258108139,-0.591388463973999,0.524518430233002,-0.49818417429924
0.621432721614838,-0.254926264286041,0.773750841617584,-0.349871248006821,-0.596981287002563,0.519941568374634,-0.500863492488861
0.621432721614838,-0.254926264286041,0.773750841617584,-0.349871248006821,-0.596981287002563,0.519941568374634,-0.500863492488861
0.623047053813934,-0.255245894193649,0.773140072822571,-0.347513377666473,-0.598191738128662,0.518362522125244,-0.502694249153137
0.623772859573364,-0.255417138338089,0.773092448711395,-0.347262322902679,-0.597239792346954,0.517756521701813,-0.504620552062988
0.624498248100281,-0.255615472793579,0.772931039333344,-0.345885246992111,-0.597330152988434,0.516757309436798,-0.506479918956757
0.624975562095642,-0.256019175052643,0.772814095020294,-0.343309193849564,-0.598816633224487,0.516160011291504,-0.507086157798767
0.626063585281372,-0.256854206323624,0.773253858089447,-0.352709233760834,-0.594878137111664,0.515660345554352,-0.505777359008789
0.626540243625641,-0.256458520889282,0.772582769393921,-0.344500720500946,-0.601068615913391,0.511506676673889,-0.508327424526215
0.627306580543518,-0.256470263004303,0.772406995296478,-0.343985974788666,-0.600109875202179,0.511839926242828,-0.509472072124481
0.627306580543518,-0.256470263004303,0.772406995296478,-0.343985974788666,-0.600109875202179,0.511839926242828,-0.509472072124481
0.628703832626343,-0.257759690284729,0.772786736488342,-0.356484085321426,-0.594435334205627,0.512937843799591,-0.506419479846954
0.628979861736298,-0.257550626993179,0.772616505622864,-0.343236863613129,-0.594878613948822,0.51499617099762,-0.512920141220093
0.629474103450775,-0.257739216089249,0.7724369764328,-0.346071302890778,-0.597196042537689,0.511232018470764,-0.512087285518646
0.629474103450775,-0.257739216089249,0.7724369764328,-0.346071302890778,-0.597196042537689,0.511232018470764,-0.512087285518646
0.630842089653015,-0.258276402950287,0.772493243217468,-0.353124767541885,-0.593534529209137,0.510468363761902,-0.512290775775909
0.631179869174957,-0.25832810997963,0.772358536720276,-0.349967658519745,-0.594011723995209,0.511373698711395,-0.513000726699829
0.631709456443787,-0.258343726396561,0.772360324859619,-0.351065337657928,-0.595307648181915,0.508433997631073,-0.513669967651367
0.631709456443787,-0.258343726396561,0.772360324859619,-0.351065337657928,-0.595307648181915,0.508433997631073,-0.513669967651367
0.632673561573029,-0.258063644170761,0.772284269332886,-0.347429543733597,-0.601238250732422,0.505653560161591,-0.511976420879364
0.632908344268799,-0.258274346590042,0.772192418575287,-0.341397911310196,-0.595791518688202,0.511275827884674,-0.516794979572296
0.633140504360199,-0.25842621922493,0.772198915481567,-0.341753661632538,-0.595039665699005,0.511371254920959,-0.517331421375275
0.633277475833893,-0.258534818887711,0.772091507911682,-0.340374022722244,-0.594721376895905,0.511448800563812,-0.518528878688812
0.633542060852051,-0.258538782596588,0.772112905979156,-0.339787662029266,-0.594879806041718,0.511067450046539,-0.519107401371002
0.633927881717682,-0.258441627025604,0.772241413593292,-0.339467018842697,-0.595794081687927,0.509723901748657,-0.519589245319366
0.634049952030182,-0.258767187595367,0.772303462028503,-0.34088009595871,-0.59455019235611,0.510658383369446,-0.519171297550201
0.634390115737915,-0.2586889564991,0.772445678710938,-0.340930163860321,-0.595120906829834,0.509704113006592,-0.519422113895416
0.634565412998199,-0.258691310882568,0.772506415843964,-0.340419471263885,-0.595640540122986,0.509303569793701,-0.519554674625397
0.634660542011261,-0.258585065603256,0.772495865821838,-0.337125927209854,-0.599162876605988,0.507465302944183,-0.519450604915619
0.634760320186615,-0.258819997310638,0.772681891918182,-0.339489996433258,-0.597859680652618,0.507566928863525,-0.519313395023346
0.634929776191711,-0.258837074041367,0.772752642631531,-0.33940452337265,-0.597765803337097,0.507675647735596,-0.51937073469162
0.635257601737976,-0.258613407611847,0.77291202545166,-0.344993531703949,-0.60304981470108,0.501756250858307,-0.515316486358643
0.635343015193939,-0.258616179227829,0.772966265678406,-0.344907075166702,-0.603099703788757,0.501615464687347,-0.515453040599823
0.635412693023682,-0.25862592458725,0.77304208278656,-0.344657897949219,-0.603516340255737,0.501250565052032,-0.515487194061279
0.635456085205078,-0.258644759654999,0.773124814033508,-0.344522178173065,-0.603828608989716,0.500891864299774,-0.515560805797577
0.635456085205078,-0.258644759654999,0.773124814033508,-0.344522178173065,-0.603828608989716,0.500891864299774,-0.515560805797577
0.63548755645752,-0.258636146783829,0.77330219745636,-0.343918830156326,-0.604135990142822,0.500471591949463,-0.516011536121368
0.635478556156158,-0.258646160364151,0.773412525653839,-0.343545377254486,-0.604462206363678,0.50017261505127,-0.516168177127838
0.635469913482666,-0.258653849363327,0.773524880409241,-0.343172520399094,-0.604598641395569,0.500098347663879,-0.51632821559906
0.635459363460541,-0.25840961933136,0.773522734642029,-0.340279012918472,-0.606251001358032,0.499519675970078,-0.516865611076355
0.635539472103119,-0.258288502693176,0.773562073707581,-0.340271681547165,-0.604719281196594,0.500677049160004,-0.517544627189636
0.635539472103119,-0.258288502693176,0.773562073707581,-0.340271681547165,-0.604719281196594,0.500677049160004,-0.517544627189636
0.635206460952759,-0.258815109729767,0.773981392383575,-0.34097883105278,-0.602693915367126,0.500666975975037,-0.519448041915894
0.635061860084534,-0.258848667144775,0.774079442024231,-0.339997142553329,-0.60319721698761,0.500633835792542,-0.519539177417755
0.635061860084534,-0.258848667144775,0.774079442024231,-0.339997142553329,-0.60319721698761,0.500633835792542,-0.519539177417755
0.634794175624847,-0.25899875164032,0.774405121803284,-0.33892360329628,-0.604257345199585,0.500294744968414,-0.519335508346558
0.6346635222435,-0.259053975343704,0.774551391601562,-0.338602364063263,-0.604366779327393,0.500420808792114,-0.519296109676361
0.634532690048218,-0.259158551692963,0.77469277381897,-0.33809494972229,-0.604860186576843,0.500393331050873,-0.519078373908997
0.634425759315491,-0.258972674608231,0.774711966514587,-0.335173040628433,-0.606546759605408,0.500049829483032,-0.519336521625519
0.634266555309296,-0.25939753651619,0.775019288063049,-0.3383709192276,-0.604373157024384,0.501064777374268,-0.518818259239197
0.634215533733368,-0.25905904173851,0.775035619735718,-0.335945338010788,-0.60455733537674,0.501311063766479,-0.519940674304962
0.634037256240845,-0.25917461514473,0.775164723396301,-0.335960298776627,-0.604342699050903,0.501784086227417,-0.519724428653717
0.633781731128693,-0.259355902671814,0.775311589241028,-0.334357470273972,-0.603539049625397,0.504140079021454,-0.51941180229187
0.633437991142273,-0.259679853916168,0.775578856468201,-0.334009617567062,-0.605073690414429,0.503378927707672,-0.518587708473206
0.633248090744019,-0.259857267141342,0.775797963142395,-0.334162205457687,-0.604788482189178,0.504160344600677,-0.518062710762024
0.63305538892746,-0.259992510080338,0.775967061519623,-0.333660364151001,-0.604837715625763,0.504525542259216,-0.517972886562347
0.632778704166412,-0.259951621294022,0.776160776615143,-0.328689962625503,-0.603692352771759,0.506943821907043,-0.5201216340065
0.632824718952179,-0.259847581386566,0.776277661323547,-0.333183616399765,-0.604832112789154,0.50317770242691,-0.519595146179199
0.632565855979919,-0.260063260793686,0.776470363140106,-0.333256512880325,-0.604467272758484,0.50346177816391,-0.519697725772858
0.631947338581085,-0.259837031364441,0.776200652122498,-0.323879271745682,-0.61168497800827,0.500239133834839,-0.52029275894165
0.631676197052002,-0.26011660695076,0.776374578475952,-0.321831047534943,-0.61141574382782,0.502588093280792,-0.519616007804871
0.631718277931213,-0.261033475399017,0.777117908000946,-0.332603305578232,-0.606431424617767,0.503377676010132,-0.517906427383423
0.631553709506989,-0.261321872472763,0.777373671531677,-0.332951903343201,-0.606770038604736,0.503124594688416,-0.517531454563141
0.63139933347702,-0.261596024036407,0.777606010437012,-0.332797408103943,-0.607787311077118,0.502557158470154,-0.516988396644592
0.631154716014862,-0.261715799570084,0.777740240097046,-0.32845750451088,-0.603085875511169,0.509043633937836,-0.51891964673996
0.63112860918045,-0.261706918478012,0.777922987937927,-0.329534143209457,-0.605737328529358,0.506624639034271,-0.517514228820801
0.630628705024719,-0.261324197053909,0.777650594711304,-0.321078836917877,-0.610610127449036,0.504658699035645,-0.519021511077881
0.630466878414154,-0.261522024869919,0.777814507484436,-0.320389688014984,-0.610478579998016,0.505131781101227,-0.519141912460327
0.630285143852234,-0.261748552322388,0.777984261512756,-0.320174127817154,-0.610172390937805,0.505712330341339,-0.519069731235504
0.630123138427734,-0.262162446975708,0.778281331062317,-0.321042954921722,-0.613460659980774,0.502074301242828,-0.518188059329987
0.629976153373718,-0.262395232915878,0.778451085090637,-0.321090430021286,-0.612919986248016,0.502461731433868,-0.518423020839691
0.629998326301575,-0.263305157423019,0.779181957244873,-0.331684082746506,-0.609910309314728,0.503836154937744,-0.513949751853943
0.629661381244659,-0.263667434453964,0.779297947883606,-0.324638038873672,-0.60413533449173,0.510563731193542,-0.518609166145325
0.629548013210297,-0.263051241636276,0.779054462909698,-0.322181165218353,-0.613833963871002,0.503625571727753,-0.515527307987213
0.629465758800507,-0.263195723295212,0.779079973697662,-0.318835467100143,-0.608906745910645,0.508125782012939,-0.519022941589355
0.629375338554382,-0.263387709856033,0.779213905334473,-0.318238645792007,-0.608702838420868,0.50841224193573,-0.519347727298737
0.629280090332031,-0.263586282730102,0.779319703578949,-0.318098872900009,-0.608495354652405,0.508771479129791,-0.519324600696564
0.629084527492523,-0.263813823461533,0.779405236244202,-0.314690202474594,-0.60629677772522,0.511725962162018,-0.521067082881927
0.629130661487579,-0.264033019542694,0.779386460781097,-0.313481003046036,-0.607184946537018,0.512376248836517,-0.520121932029724
0.628772675991058,-0.26435798406601,0.779582798480988,-0.31430447101593,-0.607155323028564,0.510716259479523,-0.521290719509125
0.628728866577148,-0.264563739299774,0.779679775238037,-0.314248293638229,-0.606877624988556,0.511154294013977,-0.521218717098236
0.628894865512848,-0.26460787653923,0.779848158359528,-0.321148604154587,-0.61150860786438,0.50597208738327,-0.516636312007904
0.629005491733551,-0.264704078435898,0.779964447021484,-0.320404887199402,-0.61075347661972,0.507151007652283,-0.516835451126099
0.628994584083557,-0.264826357364654,0.780029654502869,-0.320219129323959,-0.610113859176636,0.507647812366486,-0.517218112945557
0.628853857517242,-0.26507979631424,0.780029654502869,-0.31746369600296,-0.607192277908325,0.510220885276794,-0.51981645822525
0.628853857517242,-0.26507979631424,0.780029654502869,-0.31746369600296,-0.607192277908325,0.510220885276794,-0.51981645822525
0.628996431827545,-0.265171438455582,0.780191898345947,-0.319824397563934,-0.608914792537689,0.508391499519348,-0.518144071102142
0.62900322675705,-0.265257984399795,0.780218303203583,-0.320005595684052,-0.608741819858551,0.508433282375336,-0.518194139003754
0.629015207290649,-0.265327870845795,0.78024959564209,-0.320147305727005,-0.608507215976715,0.508501052856445,-0.518315970897675
0.629031181335449,-0.265392899513245,0.780282497406006,-0.320205986499786,-0.608276844024658,0.50853830575943,-0.518513679504395
0.629063725471497,-0.26544514298439,0.780309915542603,-0.320339262485504,-0.608281195163727,0.508378446102142,-0.518582999706268
0.62910008430481,-0.265473037958145,0.780341386795044,-0.320244163274765,-0.608211636543274,0.508234441280365,-0.518864274024963
0.629138708114624,-0.265482574701309,0.780371606349945,-0.320156008005142,-0.608148753643036,0.508123695850372,-0.519100725650787
0.629181504249573,-0.265485465526581,0.780389308929443,-0.320002526044846,-0.608247876167297,0.507912993431091,-0.519285619258881
0.629190921783447,-0.265528827905655,0.780333936214447,-0.319300651550293,-0.606737732887268,0.507457137107849,-0.521923184394836
0.629190921783447,-0.265528827905655,0.780333936214447,-0.319300651550293,-0.606737732887268,0.507457137107849,-0.521923184394836
0.629255056381226,-0.265430361032486,0.78030002117157,-0.31927302479744,-0.606465220451355,0.507377922534943,-0.52233350276947
0.629306375980377,-0.265307396650314,0.780309677124023,-0.320818722248077,-0.608347654342651,0.50663959980011,-0.519908607006073
0.629144906997681,-0.265347898006439,0.78017657995224,-0.319809913635254,-0.606308400630951,0.50685578584671,-0.522693991661072
0.629176676273346,-0.265249639749527,0.780124962329865,-0.320373088121414,-0.606255054473877,0.506771266460419,-0.522492945194244
0.629403471946716,-0.266120195388794,0.780770659446716,-0.331169545650482,-0.598429560661316,0.511817455291748,-0.51985764503479
0.629410564899445,-0.265993893146515,0.780710101127625,-0.332107365131378,-0.598259627819061,0.511615097522736,-0.519654035568237
0.629409730434418,-0.265839427709579,0.780625343322754,-0.333093672990799,-0.597865641117096,0.511704802513123,-0.519387602806091
0.629342138767242,-0.26572173833847,0.780540108680725,-0.331376880407333,-0.595387399196625,0.514344692230225,-0.520723283290863
0.62918621301651,-0.265667140483856,0.780529499053955,-0.332043886184692,-0.595897257328033,0.513730704784393,-0.520321428775787
0.629367887973785,-0.265067517757416,0.780221104621887,-0.331247329711914,-0.594508528709412,0.515110313892365,-0.52105301618576
0.62934011220932,-0.264842510223389,0.780110120773315,-0.335035771131516,-0.596311986446381,0.512365758419037,-0.519273102283478
0.629314601421356,-0.26465106010437,0.780034899711609,-0.336218148469925,-0.596210122108459,0.512189328670502,-0.518799602985382
0.629265964031219,-0.264603763818741,0.780092239379883,-0.343702614307404,-0.597895264625549,0.509237468242645,-0.514846503734589
0.629008710384369,-0.264271080493927,0.779785215854645,-0.335995048284531,-0.59439092874527,0.514189898967743,-0.51905232667923
0.628823041915894,-0.264065235853195,0.7797572016716,-0.341982454061508,-0.597405731678009,0.508889079093933,-0.516900837421417
0.628668487071991,-0.263840794563293,0.7797030210495,-0.345086872577667,-0.5994713306427,0.507974326610565,-0.513333439826965
0.628448188304901,-0.263670325279236,0.779548346996307,-0.345097064971924,-0.595721781253815,0.509747385978699,-0.515927731990814
0.628186106681824,-0.263461917638779,0.779468953609467,-0.346599340438843,-0.594394147396088,0.51046758890152,-0.515739798545837
0.628063917160034,-0.263077318668365,0.779265165328979,-0.3487628698349,-0.590577244758606,0.512941360473633,-0.516211450099945
0.627785742282867,-0.262915402650833,0.779179751873016,-0.350521057844162,-0.589862525463104,0.513186037540436,-0.515594363212585
0.627251923084259,-0.262808442115784,0.779068768024445,-0.34689250588417,-0.586499333381653,0.517837345600128,-0.517231822013855
0.626890480518341,-0.262701988220215,0.778996706008911,-0.348634541034698,-0.586326956748962,0.517868638038635,-0.516223430633545
0.626494407653809,-0.26274111866951,0.779057204723358,-0.357711523771286,-0.58801805973053,0.513104557991028,-0.512836515903473
0.625953555107117,-0.262598633766174,0.77893078327179,-0.35653230547905,-0.590693652629852,0.511764764785767,-0.511920571327209
0.625461578369141,-0.262200206518173,0.778845846652985,-0.356238633394241,-0.591091275215149,0.511450052261353,-0.511980652809143
0.624734401702881,-0.262099862098694,0.778769373893738,-0.355243116617203,-0.590198457241058,0.513803780078888,-0.511345267295837
0.624052166938782,-0.261997580528259,0.778659105300903,-0.356001049280167,-0.589803338050842,0.514313220977783,-0.510761260986328
0.623383760452271,-0.261944830417633,0.778611242771149,-0.35408079624176,-0.587481081485748,0.517578482627869,-0.511473715305328
0.622929811477661,-0.261743903160095,0.778549492359161,-0.355377465486526,-0.586124539375305,0.518892526626587,-0.510798931121826
0.621992290019989,-0.261806488037109,0.778581857681274,-0.358610659837723,-0.590309321880341,0.515019834041595,-0.507629752159119
0.621289849281311,-0.261781871318817,0.778570771217346,-0.360101997852325,-0.590392529964447,0.515436172485352,-0.506052196025848
0.620634734630585,-0.261582165956497,0.778458476066589,-0.361683815717697,-0.588669240474701,0.517229378223419,-0.505101025104523
0.619560539722443,-0.261206835508347,0.777939736843109,-0.358346939086914,-0.589581489562988,0.51858526468277,-0.505025267601013
0.618580400943756,-0.261404395103455,0.777983069419861,-0.358886957168579,-0.591143190860748,0.518654823303223,-0.502739727497101
0.61752051115036,-0.261385321617126,0.777844190597534,-0.362053960561752,-0.590418100357056,0.517598628997803,-0.502409219741821
0.61752051115036,-0.261385321617126,0.777844190597534,-0.362053960561752,-0.590418100357056,0.517598628997803,-0.502409219741821
0.614703178405762,-0.261758208274841,0.777137637138367,-0.372930526733398,-0.600094735622406,0.513552665710449,-0.486901223659515
0.613769829273224,-0.261868715286255,0.777177572250366,-0.374868512153625,-0.598772346973419,0.51492166519165,-0.485593527555466
0.612790048122406,-0.261781722307205,0.777037680149078,-0.376289755105972,-0.597328066825867,0.517047107219696,-0.484012126922607
0.611919224262238,-0.261797964572906,0.777175426483154,-0.378247916698456,-0.595355033874512,0.51832115650177,-0.483553767204285
0.611919224262238,-0.261797964572906,0.777175426483154,-0.378247916698456,-0.595355033874512,0.51832115650177,-0.483553767204285
0.609512329101562,-0.262134820222855,0.776953101158142,-0.382017761468887,-0.594229638576508,0.521266996860504,-0.478784024715424
0.608256101608276,-0.262307971715927,0.777011036872864,-0.383877545595169,-0.593969404697418,0.521486103534698,-0.477379024028778
0.607046067714691,-0.26247364282608,0.776994824409485,-0.385266959667206,-0.593841791152954,0.522704601287842,-0.475080281496048
0.605884492397308,-0.262706816196442,0.777097463607788,-0.386939138174057,-0.592980921268463,0.524260997772217,-0.473077297210693
0.604472100734711,-0.262987017631531,0.776959419250488,-0.388004720211029,-0.591736018657684,0.52588415145874,-0.471960574388504
0.601868271827698,-0.262242347002029,0.775710999965668,-0.39170292019844,-0.570007801055908,0.544602870941162,-0.474413067102432
0.600403308868408,-0.262491106987,0.775905787944794,-0.39439794421196,-0.567800760269165,0.545234739780426,-0.474100708961487
0.600507080554962,-0.263935446739197,0.777302026748657,-0.391189217567444,-0.591254591941833,0.52904886007309,-0.466365039348602
0.597860455513,-0.263109713792801,0.776244521141052,-0.396312385797501,-0.566124439239502,0.547962605953217,-0.471356242895126
0.596745729446411,-0.263241648674011,0.776553988456726,-0.396788835525513,-0.564784646034241,0.550233721733093,-0.469914764165878
0.595475196838379,-0.263871431350708,0.776820063591003,-0.398912280797958,-0.565658509731293,0.549667835235596,-0.467723220586777
0.594004988670349,-0.264233350753784,0.776924312114716,-0.398535579442978,-0.564542174339294,0.55216372013092,-0.466451317071915
0.592812538146973,-0.264665126800537,0.777312636375427,-0.399164646863937,-0.56414407491684,0.5533127784729,-0.465031266212463
0.591463029384613,-0.26503449678421,0.777603447437286,-0.400020778179169,-0.563487589359283,0.554447710514069,-0.463738054037094
0.590315222740173,-0.265332043170929,0.778075695037842,-0.400572180747986,-0.562848091125488,0.55560165643692,-0.462656140327454
0.58883661031723,-0.265844166278839,0.778294086456299,-0.40193784236908,-0.561216533184052,0.558197498321533,-0.460323303937912
0.588979601860046,-0.267507016658783,0.780007004737854,-0.39946386218071,-0.584950387477875,0.540336132049561,-0.454200953245163
0.586288511753082,-0.266895264387131,0.779275357723236,-0.40391606092453,-0.562720715999603,0.557509362697601,-0.457581371068954
0.584981441497803,-0.267368942499161,0.779612421989441,-0.406007498502731,-0.561207294464111,0.559998750686646,-0.454539030790329
0.583626508712769,-0.267743498086929,0.77996289730072,-0.408395707607269,-0.558006942272186,0.562476992607117,-0.453277945518494
0.58368968963623,-0.26943626999855,0.781417071819305,-0.406718045473099,-0.579167008399963,0.547224402427673,-0.446868360042572
0.58229124546051,-0.269972205162048,0.781684279441833,-0.408903121948242,-0.577001571655273,0.548608601093292,-0.445977687835693
0.580937325954437,-0.270561248064041,0.782131016254425,-0.411020457744598,-0.57654994726181,0.549714684486389,-0.443244844675064
0.579528331756592,-0.271174728870392,0.782404541969299,-0.414233058691025,-0.57433295249939,0.552177369594574,-0.440060079097748
0.578139305114746,-0.271648317575455,0.782763063907623,-0.416430234909058,-0.572121679782867,0.553450644016266,-0.439266622066498
0.578073978424072,-0.272134482860565,0.783505320549011,-0.406193435192108,-0.557924628257751,0.566003561019897,-0.450962275266647
0.576663613319397,-0.272756516933441,0.784090578556061,-0.408965468406677,-0.554437875747681,0.5677769780159,-0.450527667999268
0.574158191680908,-0.273560345172882,0.783807575702667,-0.423914045095444,-0.56684023141861,0.558006346225739,-0.433149129152298
0.572745740413666,-0.27414733171463,0.784136772155762,-0.425440102815628,-0.565589547157288,0.559623956680298,-0.431196421384811
0.571355998516083,-0.274570405483246,0.784456849098206,-0.427140116691589,-0.559422969818115,0.563849210739136,-0.43205514550209
0.571285426616669,-0.275006771087646,0.785425782203674,-0.42427521944046,-0.545701026916504,0.572687864303589,-0.440714985132217
0.570197880268097,-0.275467693805695,0.78570568561554,-0.423187285661697,-0.54711776971817,0.575251221656799,-0.436647206544876
0.568558931350708,-0.27612030506134,0.786171019077301,-0.426052331924438,-0.544441998004913,0.575568914413452,-0.436786979436874
0.567245960235596,-0.276634514331818,0.786515414714813,-0.426845014095306,-0.544268190860748,0.577771008014679,-0.433308720588684
0.56580638885498,-0.277387678623199,0.78680819272995,-0.430785655975342,-0.54360818862915,0.57740706205368,-0.430714428424835
0.564153850078583,-0.278217494487762,0.787169575691223,-0.430065602064133,-0.54109138250351,0.579135537147522,-0.432279795408249
0.562960863113403,-0.278567403554916,0.787485361099243,-0.431747257709503,-0.53862053155899,0.582728028297424,-0.428847461938858
0.561246454715729,-0.279248356819153,0.787717700004578,-0.433826595544815,-0.538880050182343,0.582009732723236,-0.427396357059479
0.559699594974518,-0.279925167560577,0.787781357765198,-0.43093878030777,-0.534729599952698,0.587176144123077,-0.428462475538254
0.558270812034607,-0.280541688203812,0.78829550743103,-0.435435503721237,-0.532860100269318,0.586851954460144,-0.426685810089111
0.557020664215088,-0.280843257904053,0.788627922534943,-0.437302649021149,-0.528631687164307,0.589574813842773,-0.426282078027725
0.555358111858368,-0.281566768884659,0.788756132125854,-0.437119245529175,-0.530118584632874,0.590658485889435,-0.42311218380928
0.55368983745575,-0.281983375549316,0.789127230644226,-0.437476933002472,-0.527651429176331,0.592124164104462,-0.423777341842651
0.552229404449463,-0.282557189464569,0.789487719535828,-0.440192341804504,-0.52656477689743,0.591850638389587,-0.4226975440979
0.550989091396332,-0.282736510038376,0.789812207221985,-0.441276341676712,-0.525129735469818,0.594940960407257,-0.418997913599014
0.54922878742218,-0.283500909805298,0.789883852005005,-0.437002271413803,-0.524492144584656,0.598202466964722,-0.419632315635681
0.547573089599609,-0.283721745014191,0.790343284606934,-0.441974639892578,-0.521891534328461,0.597139179706573,-0.419180780649185
0.547573089599609,-0.283721745014191,0.790343284606934,-0.441974639892578,-0.521891534328461,0.597139179706573,-0.419180780649185
0.544954419136047,-0.284257084131241,0.791085004806519,-0.444907426834106,-0.517192363739014,0.603304266929626,-0.413029819726944
0.543050765991211,-0.284797608852386,0.791239500045776,-0.445601254701614,-0.517409324645996,0.601835489273071,-0.414151161909103
0.541475236415863,-0.285034209489822,0.791449427604675,-0.442854285240173,-0.515442371368408,0.60577517747879,-0.413806468248367
0.540050268173218,-0.285302400588989,0.791770935058594,-0.446164965629578,-0.514775037765503,0.6050044298172,-0.412205189466476
0.538817405700684,-0.285123109817505,0.791825830936432,-0.447015315294266,-0.511129081249237,0.608775973320007,-0.41026371717453
0.536931931972504,-0.285369038581848,0.791978776454926,-0.446672916412354,-0.513999044895172,0.607935428619385,-0.408292710781097
0.535247802734375,-0.285493910312653,0.79224020242691,-0.447097480297089,-0.510797083377838,0.61074423789978,-0.407654106616974
0.533936977386475,-0.285502731800079,0.792360126972198,-0.449248075485229,-0.511985003948212,0.609764218330383,-0.40525957942009
0.532471656799316,-0.285579264163971,0.792687654495239,-0.45066174864769,-0.511362135410309,0.610565781593323,-0.403264552354813
0.531250238418579,-0.285177767276764,0.79265296459198,-0.451393246650696,-0.506735682487488,0.614666998386383,-0.40205442905426
0.529877424240112,-0.286243587732315,0.793683409690857,-0.451105028390884,-0.519295692443848,0.606978476047516,-0.398011952638626
0.527935862541199,-0.285378247499466,0.792984127998352,-0.453738212585449,-0.507054567337036,0.61528205871582,-0.398051977157593
0.527063846588135,-0.285790711641312,0.793933153152466,-0.454043328762054,-0.519116222858429,0.607074022293091,-0.394745707511902
0.525573968887329,-0.285699486732483,0.794059932231903,-0.451989561319351,-0.519706428050995,0.609426617622375,-0.392695814371109
0.52389532327652,-0.284536302089691,0.793427348136902,-0.455043524503708,-0.501790285110474,0.621363937854767,-0.393762320280075
0.522531628608704,-0.28418105840683,0.793620228767395,-0.456382066011429,-0.504386365413666,0.621499061584473,-0.388649880886078
0.519598960876465,-0.282211780548096,0.792284488677979,-0.45591601729393,-0.476604819297791,0.640667319297791,-0.393108129501343
0.520374298095703,-0.284164518117905,0.794555902481079,-0.45510721206665,-0.515984177589417,0.614415526390076,-0.386175245046616
0.518332004547119,-0.283310830593109,0.793790638446808,-0.454533576965332,-0.500482559204102,0.62674880027771,-0.38743045926094
0.517641246318817,-0.28371125459671,0.794729053974152,-0.456070989370346,-0.518711388111115,0.613295316696167,-0.38315337896347
0.517641246318817,-0.28371125459671,0.794729053974152,-0.456070989370346,-0.518711388111115,0.613295316696167,-0.38315337896347
0.515165507793427,-0.283017665147781,0.795000314712524,-0.455082505941391,-0.516791343688965,0.61681067943573,-0.381275713443756
0.514052450656891,-0.282506376504898,0.79508513212204,-0.456657946109772,-0.521098971366882,0.613295793533325,-0.379193812608719
0.512018322944641,-0.281240612268448,0.794248104095459,-0.457181960344315,-0.503956377506256,0.626772999763489,-0.379695117473602
0.511768162250519,-0.281176388263702,0.795233845710754,-0.455204546451569,-0.519017398357391,0.616755902767181,-0.378182619810104
0.508620083332062,-0.278176695108414,0.793165802955627,-0.451237678527832,-0.474741846323013,0.650822699069977,-0.383972346782684
0.509491443634033,-0.280221194028854,0.795588254928589,-0.452252924442291,-0.51708996295929,0.620713412761688,-0.37788924574852
0.508676409721375,-0.279540508985519,0.795761346817017,-0.454421609640121,-0.523313462734222,0.617424786090851,-0.372062683105469
0.507890999317169,-0.279186725616455,0.796057224273682,-0.45010831952095,-0.523732244968414,0.618334233760834,-0.375192731618881
0.506402313709259,-0.277282983064651,0.795078694820404,-0.446541309356689,-0.506902098655701,0.632867813110352,-0.378324806690216
0.506315171718597,-0.277437537908554,0.796370148658752,-0.44619220495224,-0.522940754890442,0.620961606502533,-0.376632660627365
0.504815280437469,-0.275993973016739,0.795523703098297,-0.446479231119156,-0.512277603149414,0.629182159900665,-0.377303600311279
0.504964411258698,-0.276092231273651,0.796800076961517,-0.44558048248291,-0.530165731906891,0.617392420768738,-0.373107075691223
0.502510607242584,-0.272597640752792,0.794527530670166,-0.441968441009521,-0.488034218549728,0.649138510227203,-0.380927354097366
0.501923501491547,-0.271767109632492,0.794713318347931,-0.43832340836525,-0.486918359994888,0.651920437812805,-0.38181546330452
0.503409504890442,-0.273224622011185,0.797025978565216,-0.441604167222977,-0.533572316169739,0.618949472904205,-0.370388954877853
0.501218199729919,-0.270047426223755,0.795143783092499,-0.439741373062134,-0.4912029504776,0.649341523647308,-0.37908148765564
0.501218199729919,-0.270047426223755,0.795143783092499,-0.439741373062134,-0.4912029504776,0.649341523647308,-0.37908148765564
0.502541482448578,-0.270381093025208,0.79741907119751,-0.440918236970901,-0.529705703258514,0.621672570705414,-0.372191190719604
0.502722442150116,-0.269455790519714,0.797803044319153,-0.440849006175995,-0.539414346218109,0.615916192531586,-0.367874592542648
0.499944359064102,-0.265428990125656,0.795923233032227,-0.439921051263809,-0.486925393342972,0.653302490711212,-0.377583086490631
0.500426411628723,-0.26515519618988,0.79566490650177,-0.438907116651535,-0.497111648321152,0.648035109043121,-0.374554723501205
0.502141833305359,-0.266638845205307,0.797918379306793,-0.439556986093521,-0.534041702747345,0.621664464473724,-0.367590367794037
0.499803125858307,-0.262602716684341,0.7961305975914,-0.438692450523376,-0.488252341747284,0.655270099639893,-0.373871326446533
0.500008285045624,-0.26167106628418,0.796105086803436,-0.43790528178215,-0.490814596414566,0.654576778411865,-0.372651696205139
0.502782881259918,-0.263889938592911,0.798003375530243,-0.444900542497635,-0.536415755748749,0.618541598320007,-0.362943530082703
0.50058925151825,-0.259690374135971,0.796032190322876,-0.441983759403229,-0.491845071315765,0.652074575424194,-0.370860546827316
0.501252233982086,-0.259140938520432,0.795737624168396,-0.443219482898712,-0.494186341762543,0.650745689868927,-0.368600755929947
0.503688097000122,-0.261216998100281,0.797711193561554,-0.442955046892166,-0.537002801895142,0.619899749755859,-0.362136900424957
0.50171160697937,-0.257302522659302,0.795662522315979,-0.444015830755234,-0.494507998228073,0.650109648704529,-0.368332922458649
0.502092957496643,-0.256459176540375,0.795529723167419,-0.44191512465477,-0.491544544696808,0.653459131717682,-0.368898451328278
0.505046308040619,-0.258899539709091,0.797288954257965,-0.445411443710327,-0.539069294929504,0.617063641548157,-0.360895574092865
0.503332018852234,-0.254962354898453,0.794756174087524,-0.442562252283096,-0.494050711393356,0.650737464427948,-0.369585484266281
0.503747582435608,-0.254220277070999,0.794890880584717,-0.446950256824493,-0.498579293489456,0.646729946136475,-0.365232139825821
0.506960690021515,-0.256798058748245,0.79655385017395,-0.448253959417343,-0.542365431785583,0.61162143945694,-0.361700922250748
0.505284309387207,-0.252748131752014,0.794308602809906,-0.441997975111008,-0.495610296726227,0.648497700691223,-0.372100830078125
0.505932629108429,-0.252023190259933,0.794117987155914,-0.440802067518234,-0.49632453918457,0.64767187833786,-0.374000817537308
0.509300470352173,-0.25439041852951,0.795609772205353,-0.444733530282974,-0.541885316371918,0.611569404602051,-0.366817802190781
0.507810711860657,-0.250771403312683,0.793569266796112,-0.442353457212448,-0.499197602272034,0.644707381725311,-0.373467296361923
0.509132862091064,-0.251110255718231,0.793037354946136,-0.440802693367004,-0.505637407302856,0.638929128646851,-0.376554846763611
0.511777758598328,-0.25288513302803,0.794576227664948,-0.438699096441269,-0.548029720783234,0.607558786869049,-0.371589601039886
0.511777758598328,-0.25288513302803,0.794576227664948,-0.438699096441269,-0.548029720783234,0.607558786869049,-0.371589601039886
0.511986136436462,-0.249525189399719,0.791960835456848,-0.438506007194519,-0.507735848426819,0.63617992401123,-0.381040811538696
0.51481431722641,-0.251498728990555,0.793637275695801,-0.441895306110382,-0.548705577850342,0.602722346782684,-0.374668717384338
0.515698373317719,-0.251125365495682,0.793299674987793,-0.439639061689377,-0.547629654407501,0.604601085186005,-0.375868231058121
0.517067670822144,-0.251002669334412,0.793199360370636,-0.442335039377213,-0.55537211894989,0.595816552639008,-0.375371932983398
0.517376005649567,-0.249714314937591,0.791787147521973,-0.44245770573616,-0.538306951522827,0.608799338340759,-0.379236549139023
0.51870197057724,-0.249126002192497,0.791454255580902,-0.442871242761612,-0.534801781177521,0.61055862903595,-0.380881160497665
0.519571244716644,-0.248831689357758,0.791035413742065,-0.441967695951462,-0.538989365100861,0.606338441371918,-0.382764846086502
0.519571244716644,-0.248831689357758,0.791035413742065,-0.441967695951462,-0.538989365100861,0.606338441371918,-0.382764846086502
0.521803498268127,-0.248425871133804,0.790666341781616,-0.443689942359924,-0.540192484855652,0.603648006916046,-0.383327931165695
0.523241698741913,-0.248217180371284,0.790640532970428,-0.445069432258606,-0.536142766475677,0.605594038963318,-0.38434362411499
0.523241698741913,-0.248217180371284,0.790640532970428,-0.445069432258606,-0.536142766475677,0.605594038963318,-0.38434362411499
0.525369048118591,-0.247940942645073,0.790207326412201,-0.442882627248764,-0.535825729370117,0.60505747795105,-0.388138264417648
0.526917219161987,-0.247657909989357,0.790063858032227,-0.445908963680267,-0.534416139125824,0.603623151779175,-0.388849467039108
0.527789533138275,-0.247731730341911,0.789904415607452,-0.446139693260193,-0.536281943321228,0.601674199104309,-0.389036476612091
0.52915346622467,-0.247590303421021,0.789891481399536,-0.447282046079636,-0.533678591251373,0.601929545402527,-0.390905410051346
0.52915346622467,-0.247590303421021,0.789891481399536,-0.447282046079636,-0.533678591251373,0.601929545402527,-0.390905410051346
0.531528949737549,-0.247492641210556,0.789713561534882,-0.445151001214981,-0.533331036567688,0.601775765419006,-0.394036114215851
0.532479345798492,-0.247856855392456,0.789837777614594,-0.447191953659058,-0.533264100551605,0.600381135940552,-0.393943279981613
0.533657908439636,-0.247860416769981,0.789743959903717,-0.449998110532761,-0.533269345760345,0.597652077674866,-0.39488935470581
0.534783363342285,-0.247965544462204,0.789799332618713,-0.449499577283859,-0.532788515090942,0.597874224185944,-0.395769208669662
0.535648465156555,-0.248280122876167,0.789806842803955,-0.451324969530106,-0.532261490821838,0.596101999282837,-0.397071748971939
0.537154674530029,-0.248534858226776,0.790130496025085,-0.4512639939785,-0.53364634513855,0.595673322677612,-0.395923942327499
0.538181126117706,-0.248671174049377,0.790020942687988,-0.45036444067955,-0.529312133789062,0.596858620643616,-0.400949627161026
0.539426922798157,-0.248745605349541,0.790217280387878,-0.45032325387001,-0.526473581790924,0.598299145698547,-0.40258252620697
0.539949238300323,-0.249430522322655,0.790350019931793,-0.451759070158005,-0.526448488235474,0.596916198730469,-0.403059273958206
0.54116427898407,-0.249681800603866,0.790570080280304,-0.451259970664978,-0.527348756790161,0.595056712627411,-0.405185699462891
0.542060256004333,-0.249982342123985,0.790647745132446,-0.450031757354736,-0.527924656867981,0.594863593578339,-0.406084358692169
0.543162643909454,-0.250232577323914,0.790910005569458,-0.449890434741974,-0.526818871498108,0.594744980335236,-0.407846689224243
0.543835520744324,-0.250884354114532,0.791141629219055,-0.451350420713425,-0.526664912700653,0.592828869819641,-0.409219861030579
0.544556558132172,-0.251274466514587,0.791247010231018,-0.449513733386993,-0.525050103664398,0.593485236167908,-0.412353128194809
0.545346081256866,-0.251618087291717,0.791515111923218,-0.449050754308701,-0.52510792016983,0.592844069004059,-0.413703858852386
0.546142220497131,-0.252073287963867,0.791868507862091,-0.449135065078735,-0.526098966598511,0.592808544635773,-0.412402331829071
0.547008633613586,-0.252508580684662,0.792194426059723,-0.447014272212982,-0.527923703193665,0.591718554496765,-0.413937360048294
0.547647655010223,-0.252934396266937,0.79237425327301,-0.445713728666305,-0.524561822414398,0.591663360595703,-0.419653117656708
0.548242926597595,-0.253238826990128,0.79267293214798,-0.444443106651306,-0.523828566074371,0.592119932174683,-0.42126938700676
0.548846244812012,-0.253738462924957,0.793154776096344,-0.445141077041626,-0.521889209747314,0.59264600276947,-0.422198981046677
0.549394249916077,-0.254113286733627,0.793566763401031,-0.444250166416168,-0.522348463535309,0.591866135597229,-0.423661053180695
0.549974083900452,-0.254525065422058,0.794029533863068,-0.442401438951492,-0.52101194858551,0.592743158340454,-0.426008582115173
0.550453126430511,-0.254976987838745,0.794599115848541,-0.44304034113884,-0.519366979598999,0.593333423137665,-0.426531225442886
0.551126420497894,-0.255260020494461,0.795214831829071,-0.442556142807007,-0.519743204116821,0.592922568321228,-0.427146285772324
0.551419019699097,-0.255583703517914,0.795794129371643,-0.44270396232605,-0.518715858459473,0.592961192131042,-0.428187280893326
0.551485478878021,-0.255953907966614,0.796357691287994,-0.442020416259766,-0.519593417644501,0.591726541519165,-0.429535090923309
0.551868557929993,-0.256342351436615,0.797001242637634,-0.442590475082397,-0.517568171024323,0.59270042181015,-0.430050283670425
0.552184402942657,-0.256600558757782,0.797551989555359,-0.439547061920166,-0.515947818756104,0.595350861549377,-0.431455254554748
0.553889989852905,-0.258793622255325,0.799594163894653,-0.436374306678772,-0.549081742763519,0.571248888969421,-0.426335155963898
0.554032444953918,-0.258937507867813,0.800107300281525,-0.435508072376251,-0.548087239265442,0.572137892246246,-0.427307099103928
0.553667664527893,-0.258587539196014,0.800661087036133,-0.437094748020172,-0.537233948707581,0.579829096794128,-0.429099053144455
0.552919924259186,-0.257657200098038,0.800415754318237,-0.438961893320084,-0.517039716243744,0.594833016395569,-0.43145826458931
0.553110480308533,-0.257934957742691,0.801172256469727,-0.436539083719253,-0.518642485141754,0.595002233982086,-0.431759238243103
0.553278923034668,-0.258035957813263,0.801772594451904,-0.432087302207947,-0.51398766040802,0.598918497562408,-0.436364680528641
0.553187072277069,-0.258295714855194,0.802503764629364,-0.432279497385025,-0.516992509365082,0.595792174339294,-0.436903834342956
0.553036630153656,-0.258467227220535,0.803384602069855,-0.428993344306946,-0.514335095882416,0.599663376808167,-0.437982112169266
0.553154468536377,-0.258445590734482,0.804370880126953,-0.430066138505936,-0.517313003540039,0.597390413284302,-0.436526536941528
0.553427219390869,-0.258397698402405,0.805237889289856,-0.428871333599091,-0.516687989234924,0.597803115844727,-0.437874913215637
0.553066849708557,-0.258689612150192,0.806174576282501,-0.424586325883865,-0.513966679573059,0.600281178951263,-0.441845268011093
0.553272426128387,-0.258945822715759,0.807141721248627,-0.425788313150406,-0.515334367752075,0.598538637161255,-0.441459566354752
0.553223967552185,-0.258992195129394,0.808110892772675,-0.423900604248047,-0.515947699546814,0.599281668663025,-0.441551744937897
0.553098976612091,-0.258864194154739,0.809192299842834,-0.424266368150711,-0.51396369934082,0.599455773830414,-0.443274319171906
0.553052365779877,-0.258820861577988,0.81011962890625,-0.422420889139175,-0.515653789043427,0.598853826522827,-0.443887323141098
0.552955985069275,-0.258735746145248,0.811179876327515,-0.421210020780563,-0.514155924320221,0.600408613681793,-0.444674730300903
0.552865028381348,-0.258566439151764,0.812135457992554,-0.419709712266922,-0.514032363891602,0.600716710090637,-0.445818334817886
0.552743077278137,-0.25840350985527,0.813159704208374,-0.418624520301819,-0.51576042175293,0.602213501930237,-0.442813396453857
0.552579879760742,-0.258293271064758,0.81421822309494,-0.418146371841431,-0.513132274150848,0.6021568775177,-0.446381002664566
0.552446126937866,-0.258197098970413,0.815216958522797,-0.413917452096939,-0.513239324092865,0.605039536952972,-0.44630166888237
0.552415370941162,-0.257792413234711,0.816346943378448,-0.415743499994278,-0.511081218719482,0.60477477312088,-0.447437942028046
0.552106618881226,-0.257499933242798,0.817230880260468,-0.410191714763641,-0.51209020614624,0.607143580913544,-0.448199838399887
0.552200376987457,-0.257149398326874,0.818283915519714,-0.411537259817123,-0.513188123703003,0.605290293693542,-0.448217332363129
0.552041471004486,-0.256980121135712,0.819469809532166,-0.410375833511352,-0.513072073459625,0.606226146221161,-0.448150247335434
0.552080273628235,-0.256669610738754,0.820461511611938,-0.409189224243164,-0.512830495834351,0.60699462890625,-0.448471665382385
0.551684856414795,-0.256310254335403,0.821576595306396,-0.406361669301987,-0.510357618331909,0.610765397548676,-0.448743879795074
0.55174458026886,-0.255890935659409,0.822522699832916,-0.408048719167709,-0.512423753738403,0.608376562595367,-0.448102921247482
0.551667511463165,-0.255636632442474,0.82355397939682,-0.406360477209091,-0.513503968715668,0.609234035015106,-0.447234839200974
0.551531672477722,-0.255248993635178,0.824521899223328,-0.406533390283585,-0.511395215988159,0.610240757465363,-0.448120355606079
0.551379919052124,-0.254772037267685,0.825381517410278,-0.402312010526657,-0.509259283542633,0.614239752292633,-0.448898524045944
0.551276087760925,-0.254384964704513,0.826262950897217,-0.401760876178741,-0.509372353553772,0.614395141601562,-0.449050813913345
0.551234781742096,-0.253811210393906,0.827196955680847,-0.402761697769165,-0.510702788829803,0.612870812416077,-0.448726028203964
0.551282048225403,-0.253356218338013,0.827998161315918,-0.402511209249496,-0.511564433574677,0.6143599152565,-0.445924460887909
0.551198601722717,-0.252906650304794,0.82885080575943,-0.401676267385483,-0.510589957237244,0.614392757415771,-0.447745203971863
0.551145672798157,-0.252557933330536,0.829710721969604,-0.400997579097748,-0.50952422618866,0.615609407424927,-0.44789645075798
0.551329493522644,-0.252064138650894,0.830516338348389,-0.400679588317871,-0.509005308151245,0.616534411907196,-0.447498440742493
0.551260590553284,-0.251733541488647,0.831230759620667,-0.401083558797836,-0.510905206203461,0.615388810634613,-0.446547538042068
0.551212668418884,-0.251315146684647,0.831837892532349,-0.397473305463791,-0.509210228919983,0.618452310562134,-0.447478175163269
0.551214873790741,-0.250730246305466,0.832572937011719,-0.396475195884705,-0.507929742336273,0.619263231754303,-0.448695749044418
0.551321566104889,-0.25033164024353,0.833166718482971,-0.395892381668091,-0.507704496383667,0.620030224323273,-0.448405832052231
0.551514506340027,-0.249903038144112,0.833832204341888,-0.39816215634346,-0.510499775409698,0.617158889770508,-0.447182148694992
0.551958560943604,-0.249360099434853,0.834691822528839,-0.396927028894424,-0.509785532951355,0.618420422077179,-0.447352290153503
0.552115797996521,-0.24902018904686,0.835282623767853,-0.396531611680984,-0.509310007095337,0.618738412857056,-0.447804480791092
0.55198061466217,-0.248801186680794,0.835889756679535,-0.396896809339523,-0.507963061332703,0.618882417678833,-0.448810875415802
0.552619695663452,-0.248098775744438,0.83671897649765,-0.395136564970016,-0.507517278194427,0.62024050951004,-0.448993623256683
0.552816390991211,-0.247592911124229,0.83721661567688,-0.394225925207138,-0.509459137916565,0.618638336658478,-0.449804484844208
0.553078889846802,-0.247290819883347,0.837901294231415,-0.393924295902252,-0.510478496551514,0.617702126502991,-0.450199514627457
0.553550183773041,-0.246720746159554,0.838531613349915,-0.390172362327576,-0.507645726203918,0.621399939060211,-0.451578825712204
0.554012954235077,-0.246269464492798,0.839191913604736,-0.389572978019714,-0.507486045360565,0.621931552886963,-0.451544225215912
0.554580807685852,-0.245861485600471,0.839938640594482,-0.391990572214127,-0.508162975311279,0.620453119277954,-0.450723737478256
0.555082440376282,-0.245414271950722,0.840500891208649,-0.392213344573975,-0.507244348526001,0.620465934276581,-0.451546400785446
0.555195569992065,-0.245060563087463,0.841263949871063,-0.392279148101807,-0.503917992115021,0.6224285364151,-0.452511161565781
0.555891633033752,-0.244742512702942,0.842049598693848,-0.396063297986984,-0.507274270057678,0.619863212108612,-0.448972463607788
0.556463718414307,-0.244340196251869,0.842570066452026,-0.393473565578461,-0.503928124904633,0.622011184692383,-0.452036619186401
0.556994676589966,-0.243875324726105,0.843159317970276,-0.395660907030106,-0.502652108669281,0.621387779712677,-0.452405571937561
0.557460248470306,-0.243536651134491,0.84361457824707,-0.396564900875091,-0.501425564289093,0.622450947761536,-0.451512634754181
0.558123111724854,-0.243311256170273,0.844188570976257,-0.396921217441559,-0.500896453857422,0.622816979885101,-0.451281845569611
0.558616578578949,-0.243087634444237,0.844692528247833,-0.398169875144958,-0.499761193990707,0.622832536697388,-0.45141926407814
0.559382438659668,-0.242684349417686,0.845255494117737,-0.398321509361267,-0.498708605766296,0.623625338077545,-0.451355010271072
0.560108184814453,-0.242386892437935,0.845741391181946,-0.401762187480927,-0.501029968261719,0.622022449970245,-0.44793313741684
0.560108184814453,-0.242386892437935,0.845741391181946,-0.401762187480927,-0.501029968261719,0.622022449970245,-0.44793313741684
0.561188459396362,-0.242158710956573,0.846271991729736,-0.403251349925995,-0.498003840446472,0.62109363079071,-0.451246291399002
0.561939775943756,-0.241981729865074,0.846696138381958,-0.403929710388184,-0.497143805027008,0.620631873607635,-0.45222207903862
0.562446057796478,-0.241993427276611,0.847010552883148,-0.403837293386459,-0.492569297552109,0.623867511749268,-0.452858179807663
0.563070297241211,-0.241844266653061,0.847278654575348,-0.403233021497726,-0.492333471775055,0.624022603034973,-0.453438609838486
0.564052224159241,-0.241685777902603,0.847550272941589,-0.40223890542984,-0.49244824051857,0.623958826065063,-0.454283982515335
0.564736068248749,-0.241669714450836,0.847736239433289,-0.404713302850723,-0.492896735668182,0.621687114238739,-0.45471453666687
0.565391600131989,-0.2416090965271,0.847935259342194,-0.403910160064697,-0.492634534835815,0.62163633108139,-0.455780893564224
0.566083371639252,-0.241569578647613,0.848212480545044,-0.404772222042084,-0.492376208305359,0.62064117193222,-0.456650525331497
0.566771447658539,-0.241547599434853,0.84855043888092,-0.404463529586792,-0.491364419460297,0.620667636394501,-0.457976013422012
0.567409515380859,-0.241507992148399,0.848821520805359,-0.40375879406929,-0.491485267877579,0.61961954832077,-0.459883451461792
0.568099558353424,-0.241509765386581,0.849058032035828,-0.403177678585052,-0.490078389644623,0.61946713924408,-0.462094724178314
0.568789124488831,-0.241505637764931,0.849202692508698,-0.403416872024536,-0.488886445760727,0.619031131267548,-0.463729828596115
0.569482207298279,-0.241680443286896,0.849574446678162,-0.403198331594467,-0.48770597577095,0.61942720413208,-0.464633047580719
0.569987416267395,-0.241768345236778,0.849749624729156,-0.400842398405075,-0.486606776714325,0.621276795864105,-0.465353906154633
0.57075834274292,-0.241725012660026,0.85003387928009,-0.400130778551102,-0.486176371574402,0.621633112430573,-0.465940445661545
0.571448385715485,-0.24176262319088,0.850302040576935,-0.401663720607758,-0.487119138240814,0.619487345218658,-0.466494143009186
0.571962714195251,-0.241813406348228,0.850491881370544,-0.400511145591736,-0.487197369337082,0.619632303714752,-0.467210352420807
0.571336388587952,-0.240904480218887,0.849520325660706,-0.401593118906021,-0.465387940406799,0.632284104824066,-0.471544414758682
0.571768999099731,-0.240969151258469,0.849705934524536,-0.401161015033722,-0.464666098356247,0.632462322711945,-0.472383767366409
0.572100102901459,-0.241123601794243,0.849876284599304,-0.401227116584778,-0.463407635688782,0.632230699062347,-0.473871916532516
0.572587132453918,-0.241354793310165,0.850140690803528,-0.402013391256332,-0.462471157312393,0.63252317905426,-0.473730087280273
0.572984099388123,-0.241501018404961,0.850278615951538,-0.401996284723282,-0.462706357240677,0.631403088569641,-0.475007325410843
0.573556065559387,-0.241498574614525,0.850521504878998,-0.401325196027756,-0.462704688310623,0.631504356861115,-0.475441664457321
0.573895335197449,-0.241578072309494,0.850636541843414,-0.400935918092728,-0.462744027376175,0.631437182426453,-0.475820809602737
0.574308097362518,-0.241597831249237,0.850659608840942,-0.400044292211533,-0.463591992855072,0.63104122877121,-0.476271033287048
0.574500977993011,-0.241719201207161,0.850682497024536,-0.397847026586533,-0.462475687265396,0.632367491722107,-0.477436184883118
0.574784815311432,-0.24176549911499,0.850711107254028,-0.397177159786224,-0.462331026792526,0.632414281368256,-0.478071600198746
0.57510632276535,-0.24178022146225,0.85063910484314,-0.395766109228134,-0.46270015835762,0.632707357406616,-0.478496849536896
0.57545804977417,-0.2418013215065,0.850682735443115,-0.395377308130264,-0.462214678525925,0.632749080657959,-0.479231655597687
0.57573127746582,-0.241807550191879,0.850698113441467,-0.394923180341721,-0.462055921554565,0.632720351219177,-0.479796946048737
0.576137959957123,-0.241741478443146,0.850726366043091,-0.39768585562706,-0.46361893415451,0.629777312278748,-0.479879200458527
0.576419353485107,-0.241722539067268,0.850691437721252,-0.397412717342377,-0.46335244178772,0.629699468612671,-0.480464696884155
0.576727330684662,-0.241573646664619,0.850781857967377,-0.397313922643661,-0.463335901498795,0.63057154417038,-0.479417473077774
0.576940476894379,-0.241492867469788,0.850766062736511,-0.397398144006729,-0.46301531791687,0.630492210388184,-0.47976154088974
0.57686460018158,-0.241593211889267,0.850558876991272,-0.396013647317886,-0.460411220788956,0.631732106208801,-0.481777220964432
0.577195167541504,-0.241480603814125,0.850577473640442,-0.396411061286926,-0.459786862134933,0.632109642028809,-0.481551468372345
0.577657043933868,-0.241251870989799,0.850691258907318,-0.399029403924942,-0.460937678813934,0.630770683288574,-0.480042010545731
0.577988505363464,-0.24106153845787,0.85076379776001,-0.399754106998444,-0.461166530847549,0.630310893058777,-0.479823231697083
0.57812511920929,-0.240947365760803,0.850720167160034,-0.402894020080566,-0.462858557701111,0.628290116786957,-0.478215456008911
0.578270435333252,-0.240818202495575,0.850721120834351,-0.403329819440842,-0.462181657552719,0.628497898578644,-0.478229612112045
0.57841831445694,-0.240623563528061,0.850696623325348,-0.403577387332916,-0.461301445960998,0.628839075565338,-0.478422105312347
0.578458905220032,-0.240546882152557,0.850616276264191,-0.404172211885452,-0.45977783203125,0.628423988819122,-0.479929596185684
0.578460514545441,-0.240429908037186,0.850625038146973,-0.402956664562225,-0.458014756441116,0.63052237033844,-0.479885339736938
0.578522801399231,-0.240275919437408,0.850613713264465,-0.404272764921188,-0.457476735115051,0.630543172359467,-0.479264110326767
0.578522801399231,-0.240136101841926,0.850682258605957,-0.40529528260231,-0.457432925701141,0.630353271961212,-0.478691458702087
0.578516483306885,-0.240014880895615,0.850702404975891,-0.406826883554459,-0.457681059837341,0.62974739074707,-0.477952003479004
0.578516483306885,-0.240014880895615,0.850702404975891,-0.406826883554459,-0.457681059837341,0.62974739074707,-0.477952003479004
0.578366041183472,-0.239797756075859,0.850786507129669,-0.408129394054413,-0.457628935575485,0.630002856254578,-0.476552933454513
0.578233242034912,-0.239723429083824,0.850857257843018,-0.408966898918152,-0.457507759332657,0.629837810993195,-0.476169288158417
0.578098118305206,-0.239641577005386,0.850865066051483,-0.409315764904022,-0.457712769508362,0.629705667495728,-0.475847005844116
0.577952146530151,-0.239573270082474,0.850877583026886,-0.409394323825836,-0.458101540803909,0.629598617553711,-0.475547105073929
0.57776141166687,-0.239506512880325,0.850879609584808,-0.409298181533813,-0.458436012268066,0.629522860050201,-0.475407481193542
0.577682375907898,-0.239433959126472,0.850908577442169,-0.411256015300751,-0.460267394781113,0.62733918428421,-0.474834859371185
0.578336119651794,-0.24033959209919,0.851918876171112,-0.410081893205643,-0.480631321668625,0.61497575044632,-0.47183820605278
0.577984035015106,-0.240141630172729,0.851768255233765,-0.407446175813675,-0.481365859508514,0.615466773509979,-0.472731500864029
0.577475965023041,-0.240165740251541,0.851643145084381,-0.407896369695663,-0.481305450201034,0.615354120731354,-0.472551465034485
0.577207088470459,-0.240058496594429,0.851560771465302,-0.405049383640289,-0.480799973011017,0.618153214454651,-0.471861183643341
0.576863884925842,-0.240002006292343,0.851485013961792,-0.40503117442131,-0.480771690607071,0.618405044078827,-0.471575707197189
0.576489388942719,-0.239967927336693,0.851400554180145,-0.405224114656448,-0.480798810720444,0.618598818778992,-0.471128076314926
0.576042056083679,-0.239919111132622,0.85148549079895,-0.408347696065903,-0.482251107692719,0.616266250610352,-0.470002293586731
0.575347006320953,-0.239953890442848,0.851323425769806,-0.409002751111984,-0.482012093067169,0.616454422473907,-0.469430476427078
0.575034618377686,-0.239842638373375,0.851317346096039,-0.408084005117416,-0.482211500406265,0.617394745349884,-0.468789309263229
0.574624121189117,-0.239813670516014,0.85127592086792,-0.408241093158722,-0.483171671628952,0.617693901062012,-0.467267245054245
0.574317395687103,-0.239777252078056,0.851367712020874,-0.408387333154678,-0.483611285686493,0.617986440658569,-0.466297030448914
0.573808610439301,-0.239752277731895,0.851310193538666,-0.407841712236404,-0.484425216913223,0.618281245231628,-0.465538024902344
0.573063492774963,-0.239686980843544,0.851119637489319,-0.406073778867722,-0.48713019490242,0.617511451244354,-0.46528235077858
0.57267165184021,-0.239620804786682,0.851270198822021,-0.402856469154358,-0.486816763877869,0.620536684989929,-0.464381635189056
0.572157323360443,-0.239623576402664,0.851378381252289,-0.403427988290787,-0.486637711524963,0.620887875556946,-0.463603168725967
0.571589291095734,-0.23960842192173,0.851314425468445,-0.406073033809662,-0.487670034170151,0.619430661201477,-0.4621562063694
0.571205914020538,-0.239602535963058,0.851402640342712,-0.405396103858948,-0.487966001033783,0.620346307754517,-0.46120885014534
0.570622205734253,-0.239569514989853,0.851412415504456,-0.402804523706436,-0.488178610801697,0.622594714164734,-0.460223823785782
0.570523858070374,-0.239512532949448,0.851535677909851,-0.404135018587112,-0.490141928195953,0.621295690536499,-0.458723783493042
0.570214927196503,-0.239534735679626,0.851532399654388,-0.404008865356445,-0.490745335817337,0.621549010276794,-0.45784592628479
0.569703996181488,-0.239633142948151,0.851429760456085,-0.403945237398148,-0.491355806589127,0.621764123439789,-0.456954330205917
0.569425940513611,-0.239722654223442,0.851394236087799,-0.403720736503601,-0.491930395364761,0.622213542461395,-0.455921322107315
0.569187164306641,-0.239813163876534,0.851353168487549,-0.40280544757843,-0.491821557283401,0.623361051082611,-0.455280601978302
0.569022059440613,-0.239896655082703,0.851317465305328,-0.402846097946167,-0.492549419403076,0.623707354068756,-0.453981757164001
0.568869829177856,-0.240163579583168,0.851224184036255,-0.403204560279846,-0.494445949792862,0.622785449028015,-0.452866017818451
0.568751037120819,-0.240286096930504,0.851101279258728,-0.403357952833176,-0.494793742895126,0.622804939746857,-0.45232230424881
0.568740844726562,-0.240425556898117,0.850979089736938,-0.40290179848671,-0.496470540761948,0.62341046333313,-0.450051873922348
0.568722009658813,-0.2406085729599,0.850825607776642,-0.402752876281738,-0.497157156467438,0.623206675052643,-0.449709177017212
0.568480610847473,-0.240936949849129,0.850482523441315,-0.401160985231399,-0.49568435549736,0.623515665531158,-0.45232218503952
0.568480610847473,-0.240936949849129,0.850482523441315,-0.401160985231399,-0.49568435549736,0.623515665531158,-0.45232218503952
0.568589925765991,-0.241450324654579,0.850076079368591,-0.403371006250381,-0.497674226760864,0.620071291923523,-0.452906042337418
0.56859940290451,-0.242080554366112,0.849819183349609,-0.404571205377579,-0.498195171356201,0.619694650173187,-0.451776713132858
0.568749845027924,-0.24236598610878,0.849374890327454,-0.402929157018661,-0.499472826719284,0.619707345962524,-0.451816111803055
