x,y,z,q0,q1,q2,q3
-0.489761531352997,-0.287118703126907,1.47214961051941,0.276833266019821,0.0760284662246704,0.685846924781799,0.668728113174438
-0.490644335746765,-0.28581440448761,1.47263085842133,0.274354875087738,0.0755175724625587,0.687222838401794,0.668394565582275
-0.491664707660675,-0.284574389457703,1.47291243076324,0.271960020065308,0.0753176361322403,0.688399612903595,0.668184757232666
-0.49271696805954,-0.283241808414459,1.47332751750946,0.269872695207596,0.07358418405056,0.688920378684998,0.668687522411346
-0.493888646364212,-0.281964957714081,1.47369718551636,0.26720866560936,0.0735450088977813,0.690080225467682,0.668565630912781
-0.494922429323196,-0.280553609132767,1.47411024570465,0.26472195982933,0.0727080106735229,0.69143670797348,0.6682448387146
-0.496149837970734,-0.279244959354401,1.47460603713989,0.26158943772316,0.0722440630197525,0.692204177379608,0.668734073638916
-0.497304826974869,-0.27789506316185,1.47510981559753,0.260010629892349,0.0715078487992286,0.692117154598236,0.66951858997345
-0.498586297035217,-0.276495486497879,1.47555673122406,0.257034152746201,0.0709270015358924,0.693128705024719,0.669683218002319
-0.499416470527649,-0.274954259395599,1.47637534141541,0.254077851772308,0.0698058828711509,0.693836987018585,0.670195460319519
-0.500777661800385,-0.273394644260406,1.47647488117218,0.251655697822571,0.0688827261328697,0.69553017616272,0.669449388980865
-0.502126753330231,-0.271930277347565,1.47699558734894,0.248763337731361,0.0684597343206405,0.695914089679718,0.670174419879913
-0.503402709960938,-0.270400851964951,1.47765731811523,0.24575363099575,0.068296417593956,0.696989774703979,0.670183658599854
-0.504722416400909,-0.268915951251984,1.47819066047668,0.24287460744381,0.0676241815090179,0.698184072971344,0.670058012008667
-0.506019175052643,-0.267249315977097,1.47884809970856,0.240285441279411,0.0683945044875145,0.699063837528229,0.66999626159668
-0.50750344991684,-0.26569601893425,1.47952032089233,0.237482413649559,0.0666443333029747,0.700224637985229,0.669959843158722
-0.508886933326721,-0.264067649841309,1.48013234138489,0.23479026556015,0.0675092488527298,0.70102334022522,0.66998690366745
-0.509939789772034,-0.262306034564972,1.48078060150146,0.231295421719551,0.0661242008209228,0.702132821083069,0.670178830623627
-0.511322140693665,-0.260617911815643,1.48151123523712,0.228346720337868,0.0655806884169578,0.70370215177536,0.669597148895264
-0.513105869293213,-0.258902966976166,1.48180222511292,0.225643023848534,0.0650097802281379,0.704265475273132,0.669976949691772
-0.513105869293213,-0.258902966976166,1.48180222511292,0.225643023848534,0.0650097802281379,0.704265475273132,0.669976949691772
-0.515635907649994,-0.255425244569778,1.4831086397171,0.218989506363869,0.0628095716238021,0.706359565258026,0.670190215110779
-0.517350256443024,-0.253645092248917,1.48341679573059,0.216030478477478,0.061925571411848,0.707318842411041,0.670221030712128
-0.51870334148407,-0.252039760351181,1.48412120342255,0.212245017290115,0.0601796768605709,0.710798501968384,0.667904138565063
-0.520184278488159,-0.250357359647751,1.484539270401,0.208564594388008,0.0594241991639137,0.712196052074432,0.6676424741745
-0.521542191505432,-0.248428791761398,1.48510885238647,0.205011576414108,0.0583886615931987,0.713954925537109,0.666955173015594
-0.522872626781464,-0.246590316295624,1.48555600643158,0.201107427477837,0.0571736991405487,0.713843643665314,0.6683669090271
-0.524385869503021,-0.244719550013542,1.48594856262207,0.197241574525833,0.0553342178463935,0.714967966079712,0.668471992015839
-0.525796711444855,-0.242959678173065,1.48628234863281,0.193312108516693,0.0549016743898391,0.716251313686371,0.668281435966492
-0.52681565284729,-0.240811914205551,1.4866544008255,0.189241290092468,0.0538070052862167,0.714898467063904,0.670979022979736
-0.528234779834747,-0.238716050982475,1.48708784580231,0.185603857040405,0.0527752265334129,0.7159144282341,0.670993685722351
-0.52969229221344,-0.236966639757156,1.48740530014038,0.181459009647369,0.0521379448473453,0.717164218425751,0.670842528343201
-0.531049847602844,-0.234901934862137,1.48788070678711,0.177808091044426,0.0507907830178737,0.717873513698578,0.67116504907608
-0.532582402229309,-0.233041495084762,1.48831129074097,0.174080103635788,0.0505489222705364,0.719416856765747,0.670507431030273
-0.534072279930115,-0.231211185455322,1.48871397972107,0.170215040445328,0.0500464662909507,0.7204549908638,0.670423090457916
-0.535317957401276,-0.229183807969093,1.48899900913239,0.165988922119141,0.0490200482308864,0.721019804477692,0.670951008796692
-0.536733329296112,-0.227004081010818,1.48936223983765,0.162564650177956,0.0502711161971092,0.722295999526978,0.67032378911972
-0.538092434406281,-0.225122272968292,1.4894152879715,0.158298015594482,0.0494919046759605,0.723404049873352,0.670208215713501
-0.539542973041534,-0.223300561308861,1.48995649814606,0.154411867260933,0.0500370785593986,0.723910093307495,0.670527696609497
-0.541088461875916,-0.221328988671303,1.49020826816559,0.150636851787567,0.0482367649674415,0.724983990192413,0.670358121395111
-0.542353749275208,-0.219271063804626,1.49031114578247,0.146457597613335,0.0492364875972271,0.725971519947052,0.670142889022827
-0.543883502483368,-0.217418342828751,1.49057054519653,0.142711371183395,0.0478690825402736,0.727250456809998,0.669663310050964
-0.54540079832077,-0.215456679463387,1.49118173122406,0.139380797743797,0.0482942424714565,0.728071451187134,0.669442117214203
-0.546497702598572,-0.213234007358551,1.49095714092255,0.135750710964203,0.0470887348055839,0.729030728340149,0.669230103492737
-0.548068940639496,-0.21149879693985,1.49131035804749,0.132028371095657,0.0476541481912136,0.729616165161133,0.669296562671661
-0.54947292804718,-0.209715977311134,1.49171042442322,0.128637626767159,0.048150960355997,0.730715155601501,0.668722033500671
-0.550821542739868,-0.207658305764198,1.49191093444824,0.125194206833839,0.0482312925159931,0.731367468833923,0.668656826019287
-0.552178561687469,-0.206195801496506,1.49197673797607,0.124304533004761,0.0485247410833835,0.731656134128571,0.668485701084137
-0.553674757480621,-0.203923016786575,1.49223744869232,0.119341000914574,0.0480899848043918,0.732086896896362,0.668949782848358
-0.555241405963898,-0.202281922101974,1.49239838123322,0.116412743926048,0.0490961410105228,0.733229517936707,0.668140888214111
-0.556541919708252,-0.200326979160309,1.49261164665222,0.113530896604061,0.04943073913455,0.734050989151001,0.66770988702774
-0.557949662208557,-0.19840681552887,1.49285900592804,0.110692910850048,0.0500530637800693,0.735027492046356,0.667065501213074
-0.559423923492432,-0.196792498230934,1.49304437637329,0.107720643281937,0.0514639839529991,0.735996425151825,0.666376233100891
-0.560891270637512,-0.195014148950577,1.49305486679077,0.105306163430214,0.0523266494274139,0.737137258052826,0.6654332280159
-0.562081933021545,-0.193064451217651,1.49327301979065,0.102611683309078,0.0526398792862892,0.737573623657227,0.665345907211304
-0.563404977321625,-0.191408917307854,1.49344086647034,0.0997191742062568,0.0541332811117172,0.738639354705811,0.664482951164246
-0.564777076244354,-0.189773261547089,1.49350988864899,0.0970553830265998,0.0558962114155292,0.740315973758698,0.662863492965698
-0.566132724285126,-0.18835124373436,1.49340271949768,0.0942209213972091,0.0570437610149383,0.741073310375214,0.66232842206955
-0.567326247692108,-0.186589613556862,1.49353289604187,0.0915845930576324,0.0581044070422649,0.741595447063446,0.662021517753601
-0.568452537059784,-0.184780776500702,1.493781208992,0.089171178638935,0.0588078498840332,0.742605865001678,0.661155760288239
-0.570066392421722,-0.183876127004623,1.49348044395447,0.0841911137104034,0.062236301600933,0.747150659561157,0.656356930732727
-0.570824086666107,-0.18167632818222,1.49363350868225,0.0833161696791648,0.0618907958269119,0.744923889636993,0.659026801586151
-0.571957290172577,-0.180146589875221,1.49349665641785,0.0808543860912323,0.0628230050206184,0.746049523353577,0.657971203327179
-0.573074698448181,-0.178765505552292,1.49314510822296,0.0785102024674415,0.0640349611639976,0.747748732566833,0.656207084655762
-0.574151635169983,-0.177239656448364,1.49298310279846,0.0760602504014968,0.0649350881576538,0.748136818408966,0.65596467256546
-0.575229287147522,-0.175785049796104,1.49302387237549,0.0735491067171096,0.0660909786820411,0.749027907848358,0.655118107795715
-0.576236605644226,-0.174303412437439,1.49284613132477,0.0714565217494964,0.0668463259935379,0.75041788816452,0.653680801391602
-0.577237784862518,-0.172859787940979,1.49251687526703,0.0690554827451706,0.0677361339330673,0.751443564891815,0.652668297290802
-0.578224122524261,-0.171455934643745,1.49215960502625,0.0665943250060081,0.0685538724064827,0.752596318721771,0.651509284973145
-0.579269051551819,-0.17019359767437,1.49197435379028,0.0644559115171432,0.0696389228105545,0.753568768501282,0.650484502315521
-0.580265700817108,-0.168854385614395,1.49176049232483,0.0622899308800697,0.0703361183404922,0.754598915576935,0.649425506591797
-0.581235766410828,-0.167536497116089,1.49149107933044,0.0604440383613109,0.0708255171775817,0.75541216135025,0.64860063791275
-0.581235766410828,-0.167536497116089,1.49149107933044,0.0604440383613109,0.0708255171775817,0.75541216135025,0.64860063791275
-0.583086371421814,-0.164868474006653,1.4908595085144,0.0557796396315097,0.0722427368164062,0.757703065872192,0.646185517311096
-0.584032297134399,-0.163659602403641,1.49047553539276,0.053834956139326,0.0728429406881332,0.758685886859894,0.645129084587097
-0.58507376909256,-0.16260789334774,1.49025702476501,0.0523142740130424,0.0733622014522552,0.759699583053589,0.644001364707947
-0.58507376909256,-0.16260789334774,1.49025702476501,0.0523142740130424,0.0733622014522552,0.759699583053589,0.644001364707947
-0.586789190769196,-0.15992783010006,1.48967170715332,0.0480561777949333,0.0739585161209106,0.761192262172699,0.642500758171082
-0.587659299373627,-0.158745467662811,1.48919558525085,0.0465315505862236,0.0736676976084709,0.761941075325012,0.641758143901825
-0.58840024471283,-0.157461613416672,1.48880708217621,0.0444749034941196,0.0739060044288635,0.762870907783508,0.640771329402924
-0.589357197284698,-0.156576007604599,1.48831987380981,0.0430988557636737,0.074194349348545,0.763589859008789,0.639975309371948
-0.590001702308655,-0.155146062374115,1.48790645599365,0.0416203588247299,0.0732517093420028,0.764253735542297,0.639388918876648
-0.590652525424957,-0.153973788022995,1.48724663257599,0.0397175438702106,0.0728171989321708,0.76439756155014,0.639387667179108
-0.591461777687073,-0.152949005365372,1.48672199249268,0.0382337868213653,0.0729583352804184,0.765369117259979,0.638298809528351
-0.592119991779327,-0.15177446603775,1.48627483844757,0.037070021033287,0.0720806270837783,0.765867054462433,0.637869775295258
-0.592790722846985,-0.150548130273819,1.4860508441925,0.0360090509057045,0.0714814960956573,0.766406357288361,0.637349963188171
-0.593350648880005,-0.149526968598366,1.48536491394043,0.0345230028033256,0.0707707032561302,0.766851365566254,0.636976301670074
-0.594047725200653,-0.148559898138046,1.48480629920959,0.0333200208842754,0.0706141516566276,0.767657697200775,0.63608592748642
-0.594578087329865,-0.147488579154015,1.48458218574524,0.0325630269944667,0.0699489042162895,0.767925024032593,0.635875821113586
-0.595175802707672,-0.146481737494469,1.4842050075531,0.0316934138536453,0.0692388191819191,0.76859712600708,0.635185122489929
-0.595625996589661,-0.145466849207878,1.48388457298279,0.0309153217822313,0.0703171715140342,0.768659710884094,0.635029256343842
-0.595625996589661,-0.145466849207878,1.48388457298279,0.0309153217822313,0.0703171715140342,0.768659710884094,0.635029256343842
-0.596870362758636,-0.143922343850136,1.48325181007385,0.0297182686626911,0.0681034550070762,0.769952356815338,0.633760452270508
-0.597187995910645,-0.142915636301041,1.48279702663422,0.0291493684053421,0.0670703053474426,0.770175516605377,0.633625745773315
-0.597791910171509,-0.14223350584507,1.48292481899261,0.0288445651531219,0.0673357173800468,0.770413100719452,0.633322656154633
-0.598209202289581,-0.141426369547844,1.48284006118774,0.028481001034379,0.0668526887893676,0.770090460777283,0.633782625198364
-0.598611354827881,-0.140682652592659,1.48260986804962,0.0282104909420013,0.0664806738495826,0.770324945449829,0.63354879617691
-0.599108815193176,-0.14006045460701,1.4828314781189,0.0280232988297939,0.0666252449154853,0.77038586139679,0.633467674255371
-0.599618792533875,-0.139445126056671,1.48273873329163,0.0283589009195566,0.0666493028402328,0.770473599433899,0.633343756198883
-0.59986287355423,-0.138587132096291,1.48288691043854,0.0282294899225235,0.0659839957952499,0.770061612129211,0.633919954299927
-0.600350439548492,-0.13797165453434,1.48310256004333,0.0285529978573322,0.0661365166306495,0.769493699073792,0.634578824043274
-0.600815057754517,-0.137381449341774,1.48312222957611,0.0288817305117845,0.0660437867045402,0.768846750259399,0.635357141494751
-0.601284921169281,-0.136849641799927,1.48323822021484,0.0293617900460958,0.0661164373159408,0.768367767333984,0.635906755924225
-0.601887881755829,-0.136468529701233,1.4835159778595,0.0300085972994565,0.0668583214282989,0.767286360263824,0.637103676795959
-0.601946949958801,-0.135824576020241,1.48362588882446,0.0318574346601963,0.0666490346193313,0.76557445526123,0.639092206954956
-0.602404534816742,-0.135277330875397,1.48384392261505,0.0325522236526012,0.0667752847075462,0.763929903507233,0.641009151935577
-0.602945685386658,-0.134387373924255,1.48393893241882,0.0316765308380126,0.0665803626179695,0.761720418930054,0.643696904182434
-0.603395521640778,-0.133858770132065,1.48390018939972,0.0333025492727756,0.0660344958305358,0.75917774438858,0.646668195724487
-0.603548288345337,-0.133501082658768,1.4840292930603,0.0364919900894165,0.0662509948015213,0.756557524204254,0.649538218975067
-0.603955686092377,-0.132953315973282,1.4841456413269,0.0376065224409103,0.0665572360157966,0.75411993265152,0.652272284030914
-0.604600250720978,-0.132675766944885,1.48440384864807,0.0393734239041805,0.0675880834460258,0.751605451107025,0.654958724975586
-0.605438232421875,-0.132634371519089,1.48456311225891,0.0381716005504131,0.0716109201312065,0.754170358181,0.651645600795746
-0.605573415756226,-0.131766498088837,1.48438692092896,0.038637101650238,0.0721782073378562,0.751755952835083,0.654339849948883
-0.605685949325562,-0.130789488554001,1.48450255393982,0.0445354469120502,0.0676256716251373,0.742120325565338,0.665357768535614
-0.606126666069031,-0.130438476800918,1.48429894447327,0.0460920818150043,0.0685020610690116,0.739373505115509,0.668213963508606
-0.6065434217453,-0.129912555217743,1.48451483249664,0.0480627827346324,0.0684693828225135,0.735544919967651,0.672291398048401
-0.606775879859924,-0.129283756017685,1.48413753509521,0.0497344620525836,0.0674448758363723,0.731658458709717,0.676501035690308
-0.607183694839478,-0.128849267959595,1.48412847518921,0.0512940175831317,0.068868264555931,0.728877007961273,0.679238200187683
-0.607437491416931,-0.128229707479477,1.48404479026794,0.0530131235718727,0.0693314895033836,0.724666595458984,0.683550417423248
-0.607750475406647,-0.127894431352615,1.48382699489594,0.0547489821910858,0.0696652382612228,0.720601737499237,0.68766462802887
-0.608031094074249,-0.127325460314751,1.48378586769104,0.0571493916213512,0.0692990720272064,0.716653347015381,0.691621005535126
-0.608422815799713,-0.127017885446548,1.48347651958466,0.0592273734509944,0.0695789530873298,0.713101148605347,0.695081114768982
-0.608611106872559,-0.126538544893265,1.48323202133179,0.0611325614154338,0.069216676056385,0.709069848060608,0.699064970016479
-0.608763635158539,-0.12613271176815,1.48306226730347,0.0634087398648262,0.0688753947615623,0.705280303955078,0.702719926834106
-0.609020352363586,-0.125752687454224,1.48325383663177,-0.0655166879296302,-0.0687861740589141,-0.701323747634888,-0.706485092639923
-0.609276235103607,-0.125534176826477,1.48319494724274,-0.0674130842089653,-0.068587839603424,-0.698223471641541,-0.709390759468079
-0.609402239322662,-0.125017657876015,1.48317158222198,-0.0689852982759475,-0.0698265954852104,-0.695240676403046,-0.712043404579163
-0.609566926956177,-0.124768704175949,1.48313641548157,-0.0706674307584762,-0.0694687739014625,-0.691451907157898,-0.715593814849854
-0.609563648700714,-0.124376550316811,1.48316979408264,-0.0723300278186798,-0.0684257224202156,-0.687471866607666,-0.719353199005127
-0.609615802764893,-0.1241794526577,1.48290157318115,-0.0748299956321716,-0.0652649253606796,-0.684125304222107,-0.722574234008789
-0.609803795814514,-0.124020293354988,1.48295068740845,-0.0759852156043052,-0.0648872330784797,-0.681383311748505,-0.725074410438538
-0.609998106956482,-0.124060958623886,1.4830607175827,-0.0772960931062698,-0.0645368471741676,-0.678636372089386,-0.727539122104645
-0.60996550321579,-0.12379178404808,1.48295032978058,-0.0781900957226753,-0.0632382035255432,-0.675631821155548,-0.730348527431488
-0.610005021095276,-0.12374684214592,1.48277151584625,-0.0790362358093261,-0.0623104535043239,-0.672950685024261,-0.732808470726013
-0.61016058921814,-0.123826652765274,1.48270952701569,-0.0798497647047042,-0.0615536198019981,-0.670729041099548,-0.734818160533905
-0.609942495822906,-0.123467862606049,1.48261106014252,-0.0804591253399849,-0.0596634745597839,-0.667779743671417,-0.73758864402771
-0.609975159168243,-0.1234410405159,1.48264443874359,-0.081074483692646,-0.058624293655157,-0.665604472160339,-0.739567935466766
-0.610116958618164,-0.123476088047028,1.48293995857239,-0.0817197114229202,-0.0578250810503959,-0.663682103157043,-0.741285622119904
-0.610236942768097,-0.12357559800148,1.48321259021759,-0.082122229039669,-0.0571323595941066,-0.661713182926178,-0.743052899837494
-0.610219061374664,-0.123614713549614,1.48328220844269,-0.0826794430613517,-0.0555838979780674,-0.66005802154541,-0.744579136371613
-0.610243797302246,-0.123712681233883,1.48336184024811,-0.0830373242497444,-0.0544131658971309,-0.658564865589142,-0.745946645736694
-0.61017632484436,-0.12379090487957,1.4832661151886,-0.0831894725561142,-0.0529997274279594,-0.656940698623657,-0.747462093830109
-0.610152125358582,-0.123751766979694,1.48352468013763,-0.0828504562377929,-0.0533134974539279,-0.656006693840027,-0.748297214508057
-0.609930455684662,-0.123756840825081,1.48320806026459,-0.0831164419651031,-0.0511737652122974,-0.654613137245178,-0.749636292457581
-0.609920382499695,-0.123919136822224,1.48337817192078,-0.083305723965168,-0.050017450004816,-0.653669953346252,-0.750515818595886
-0.60992020368576,-0.124066114425659,1.4834600687027,-0.0835667103528976,-0.048850979655981,-0.652447998523712,-0.751626133918762
-0.609854757785797,-0.12418121099472,1.48358619213104,-0.0838344991207122,-0.0476511381566524,-0.651645839214325,-0.752368927001953
-0.609842360019684,-0.124300464987755,1.48387634754181,-0.0843471139669418,-0.0465101934969425,-0.650919198989868,-0.753011763095856
-0.609704554080963,-0.124327957630157,1.4838707447052,-0.0846610143780708,-0.0450882911682128,-0.650064408779144,-0.753800928592682
-0.609741449356079,-0.124593511223793,1.48420357704163,-0.0849183052778244,-0.0444995090365409,-0.649296641349792,-0.754468441009521
-0.609653353691101,-0.124746434390545,1.48428440093994,-0.085208386182785,-0.0434851236641407,-0.648599326610565,-0.755094349384308
-0.609653353691101,-0.124746434390545,1.48428440093994,-0.085208386182785,-0.0434851236641407,-0.648599326610565,-0.755094349384308
-0.609466075897217,-0.125028759241104,1.48435616493225,-0.0858612209558487,-0.0415049493312835,-0.6471928358078,-0.756337642669678
-0.609334766864777,-0.125188514590263,1.48421204090118,-0.0861924737691879,-0.0405734442174434,-0.646570861339569,-0.756882429122925
-0.609222292900085,-0.12530854344368,1.48418271541595,-0.0867533162236213,-0.0392029471695423,-0.645462453365326,-0.757835865020752
-0.609166502952576,-0.125443071126938,1.48426675796509,-0.0872671753168106,-0.0385611616075038,-0.644942939281464,-0.758252024650574
-0.609102666378021,-0.125599727034569,1.48453772068024,-0.0877844393253326,-0.0382154136896133,-0.644526720046997,-0.758563637733459
-0.608943581581116,-0.12583115696907,1.48430800437927,-0.0882077366113662,-0.0375165045261383,-0.644002854824066,-0.758994340896606
-0.608851492404938,-0.125955909490585,1.48435020446777,-0.0888431891798973,-0.0370883792638778,-0.64357852935791,-0.759301126003265
-0.608745753765106,-0.126091301441193,1.48438656330109,-0.0893283039331436,-0.0366300083696842,-0.643219292163849,-0.759570777416229
-0.608552217483521,-0.126033112406731,1.48452520370483,-0.0899502858519554,-0.0358132682740688,-0.64290714263916,-0.759800612926483
-0.608370065689087,-0.12615630030632,1.48453438282013,-0.0903423279523849,-0.0354533344507217,-0.64266049861908,-0.759979546070099
-0.608208775520325,-0.126249745488167,1.48441922664642,-0.0908879563212394,-0.0350678339600563,-0.642308592796326,-0.760229706764221
-0.608138561248779,-0.12646010518074,1.4845130443573,-0.0911190882325172,-0.0356926508247852,-0.642492413520813,-0.760017693042755
-0.607934832572937,-0.126587271690369,1.48433494567871,-0.091591939330101,-0.0347854942083358,-0.642012000083923,-0.760408759117126
-0.60784375667572,-0.12673257291317,1.48434734344482,-0.0920340120792388,-0.0347346365451812,-0.641848623752594,-0.760495662689209
-0.607780814170837,-0.126869797706604,1.48469650745392,-0.0924204438924789,-0.0350884273648262,-0.641542732715607,-0.760690629482269
-0.607715547084808,-0.127045646309853,1.48481118679047,-0.0926691591739654,-0.0354709811508655,-0.64128714799881,-0.760858118534088
-0.607715547084808,-0.127045646309853,1.48481118679047,-0.0926691591739654,-0.0354709811508655,-0.64128714799881,-0.760858118534088
-0.607485473155975,-0.127298384904861,1.48494136333466,-0.0933844298124313,-0.0359441228210926,-0.641075730323792,-0.76092666387558
-0.6073859333992,-0.127427875995636,1.48499667644501,-0.0937475487589836,-0.0362527966499328,-0.64089447259903,-0.761019945144653
-0.607290506362915,-0.127555027604103,1.48507285118103,-0.0941720306873321,-0.0366723947227001,-0.640755951404572,-0.761064231395721
-0.607218980789185,-0.127647265791893,1.48527848720551,-0.0947812348604202,-0.0371134467422962,-0.640948176383972,-0.760805308818817
-0.607141256332397,-0.127778843045235,1.48534882068634,-0.0951811671257019,-0.0377339795231819,-0.640960454940796,-0.760714471340179
-0.607104003429413,-0.127905458211899,1.48547005653381,-0.09538534283638,-0.038809236139059,-0.641141295433044,-0.760482311248779
-0.607077062129974,-0.128041222691536,1.48555493354797,-0.0958983525633812,-0.0389548502862453,-0.640528082847595,-0.760927021503448
-0.607041239738464,-0.1281917989254,1.48562490940094,-0.0962520912289619,-0.0397823601961135,-0.640419900417328,-0.76093053817749
-0.607062339782715,-0.128313392400741,1.48571908473969,-0.0966450646519661,-0.0406494177877903,-0.64023095369339,-0.760993897914886
-0.607034146785736,-0.128487646579742,1.4857941865921,-0.09698948264122,-0.0415609404444694,-0.63994437456131,-0.761141955852509
-0.606999754905701,-0.128645077347755,1.4858626127243,-0.097322903573513,-0.0429138056933879,-0.640085935592651,-0.760905206203461
-0.607021152973175,-0.128785848617554,1.48590457439423,-0.0979616194963455,-0.043281078338623,-0.639510571956635,-0.761286079883575
-0.607006072998047,-0.128915533423424,1.48596692085266,-0.0983738005161285,-0.0441384315490722,-0.63942289352417,-0.761257469654083
-0.606957852840424,-0.129100561141968,1.48605561256409,-0.0990838706493377,-0.0448498725891113,-0.639379024505615,-0.761160612106323
-0.606951534748077,-0.129255682229996,1.48613214492798,-0.0991787761449813,-0.0464337803423404,-0.639329075813293,-0.76109516620636
-0.606968820095062,-0.129319429397583,1.48616051673889,-0.0993282347917556,-0.0473417676985263,-0.639285981655121,-0.761055946350098
-0.606969833374023,-0.129441112279892,1.48620247840881,-0.099961057305336,-0.0477932393550872,-0.63862669467926,-0.761498153209686
-0.60696804523468,-0.129559174180031,1.48620855808258,-0.100340366363525,-0.0486939214169979,-0.638544797897339,-0.761459946632385
-0.606943130493164,-0.129725933074951,1.48614144325256,-0.101008616387844,-0.0499047078192234,-0.63883513212204,-0.761049628257751
-0.606927573680878,-0.129835724830627,1.48601818084717,-0.101490415632725,-0.0506664030253887,-0.638826251029968,-0.76094263792038
-0.606940805912018,-0.129931956529617,1.48601448535919,-0.102030590176582,-0.0515060238540172,-0.638604581356049,-0.761000096797943
-0.606944799423218,-0.130020678043365,1.48595905303955,-0.102749086916447,-0.0519294776022434,-0.638095438480377,-0.761301696300507
-0.606992840766907,-0.13021394610405,1.48593199253082,-0.10317425429821,-0.0534680224955081,-0.638614296913147,-0.760702311992645
-0.607018828392029,-0.130285710096359,1.485924243927,-0.103756621479988,-0.0544257648289203,-0.638460695743561,-0.760684192180634
-0.607077479362488,-0.130364969372749,1.48591160774231,-0.104553617537022,-0.0548489242792129,-0.638052105903625,-0.760887503623962
-0.607076108455658,-0.130437657237053,1.48592483997345,-0.10488411784172,-0.0561437122523784,-0.638271152973175,-0.760563850402832
-0.607108652591705,-0.130561918020248,1.48591935634613,-0.106167927384376,-0.0556105375289917,-0.637911260128021,-0.760726809501648
-0.607187926769257,-0.130618885159492,1.48599815368652,-0.107024200260639,-0.0559332929551601,-0.637345254421234,-0.761057376861572
-0.607121765613556,-0.130598485469818,1.48601651191711,-0.10755081474781,-0.0565391480922699,-0.636930108070374,-0.761285901069641
-0.607103109359741,-0.130690962076187,1.48601496219635,-0.107714675366878,-0.0578916408121585,-0.637018144130707,-0.761087477207184
-0.607089519500732,-0.13074679672718,1.48601174354553,-0.10814443975687,-0.0585865080356597,-0.637000739574432,-0.760987937450409
-0.607078909873962,-0.130728587508202,1.4860121011734,-0.108151435852051,-0.0591820366680622,-0.636924564838409,-0.761004567146301
-0.607078909873962,-0.130728587508202,1.4860121011734,-0.108151435852051,-0.0591820366680622,-0.636924564838409,-0.761004567146301
-0.607007563114166,-0.13081693649292,1.48601102828979,-0.108935244381428,-0.0603021420538425,-0.636510014533997,-0.761151552200317
-0.606968641281128,-0.13085263967514,1.48600268363953,-0.109255954623222,-0.0606986284255981,-0.636442363262177,-0.761130809783936
-0.606968641281128,-0.13085263967514,1.48600268363953,-0.109255954623222,-0.0606986284255981,-0.636442363262177,-0.761130809783936
-0.606858909130096,-0.130979508161545,1.48601043224335,-0.110168382525444,-0.0614467076957225,-0.636037230491638,-0.761277854442596
-0.606815159320831,-0.131001383066177,1.48602473735809,-0.11035668104887,-0.0618649385869503,-0.635789632797241,-0.761423468589783
-0.606763303279877,-0.131033107638359,1.48604154586792,-0.110499277710915,-0.0622389204800128,-0.635540187358856,-0.761580526828766
-0.606693208217621,-0.131056785583496,1.4860668182373,-0.110646866261959,-0.0625848621129989,-0.63543313741684,-0.761620044708252
-0.606635272502899,-0.131081998348236,1.4860851764679,-0.11076907068491,-0.0628741234540939,-0.635335564613342,-0.761659920215607
-0.606563866138458,-0.131096005439758,1.48612236976624,-0.1108687967062,-0.0630629733204841,-0.635285377502441,-0.761671662330627
-0.60655277967453,-0.131193429231644,1.48613739013672,-0.110920377075672,-0.0634652972221374,-0.635477006435394,-0.761470913887024
-0.60655277967453,-0.131193429231644,1.48613739013672,-0.110920377075672,-0.0634652972221374,-0.635477006435394,-0.761470913887024
-0.606405019760132,-0.131229102611542,1.48620247840881,-0.111022546887398,-0.0638293400406837,-0.635424196720123,-0.761469662189484
-0.606401860713959,-0.131376504898071,1.48619365692139,-0.110951542854309,-0.0642051622271537,-0.635571300983429,-0.761325538158417
-0.606307208538055,-0.13126465678215,1.4864513874054,-0.111086674034595,-0.0642837584018707,-0.635498464107513,-0.761359989643097
-0.606233239173889,-0.131286084651947,1.48648691177368,-0.11104679107666,-0.0644128322601318,-0.635539531707764,-0.7613205909729
-0.606067478656769,-0.131109297275543,1.48654007911682,-0.110146224498749,-0.0661063939332962,-0.635484158992767,-0.761352479457855
-0.606010377407074,-0.1311394572258,1.48656523227692,-0.110042497515678,-0.0662679597735405,-0.635683119297028,-0.761187374591827
-0.60597813129425,-0.131206169724464,1.48658502101898,-0.109882995486259,-0.066442422568798,-0.635950922966003,-0.760971426963806
-0.605920433998108,-0.13125404715538,1.4866007566452,-0.109830290079117,-0.0665813237428665,-0.63642293214798,-0.760572373867035
-0.605863094329834,-0.131319522857666,1.48662900924683,-0.109618902206421,-0.0667592510581016,-0.636913061141968,-0.760176837444305
-0.605819582939148,-0.131384328007698,1.48662853240967,-0.10941781848669,-0.0669108480215072,-0.63740062713623,-0.759783565998077
-0.605748414993286,-0.131453394889831,1.48657643795013,-0.109097890555859,-0.0669138804078102,-0.637973487377167,-0.759348452091217
-0.605723440647125,-0.131536960601807,1.48658668994904,-0.10889907181263,-0.0670998319983482,-0.638837993144989,-0.758633494377136
-0.60568779706955,-0.131630539894104,1.48657131195068,-0.108767926692963,-0.0671942606568336,-0.639862060546875,-0.757780253887177
-0.605720520019531,-0.131837174296379,1.4865448474884,-0.109394550323486,-0.0654014721512794,-0.640923738479614,-0.756949365139008
-0.605693876743317,-0.131969153881073,1.48634946346283,-0.109121188521385,-0.065473586320877,-0.642355024814606,-0.755768358707428
-0.605703830718994,-0.132043600082397,1.48631262779236,-0.108548060059547,-0.065659299492836,-0.644049108028412,-0.754391849040985
-0.605714917182922,-0.132198348641396,1.4862642288208,-0.108509331941605,-0.0651848539710044,-0.645450592041016,-0.753239870071411
-0.60575658082962,-0.132335126399994,1.48624932765961,-0.108265392482281,-0.0658568665385246,-0.647836923599243,-0.751164972782135
-0.60574871301651,-0.132467865943909,1.48619294166565,-0.108189314603806,-0.0659301280975341,-0.649907231330872,-0.74937915802002
-0.605791926383972,-0.132654070854187,1.48611998558044,-0.108133152127266,-0.0660186260938644,-0.652272522449493,-0.747321426868439
-0.605863332748413,-0.132896959781647,1.48603773117065,-0.108094602823257,-0.0661567822098732,-0.654772996902466,-0.745124936103821
-0.605871856212616,-0.132998362183571,1.48597955703735,-0.107964299619198,-0.066171757876873,-0.657299399375916,-0.742914974689484
-0.60603666305542,-0.13327744603157,1.48585867881775,-0.107906669378281,-0.0653990656137466,-0.660140633583069,-0.740468442440033
-0.6060591340065,-0.133370369672775,1.48582100868225,-0.107748314738274,-0.0660683959722518,-0.662703990936279,-0.738138735294342
-0.60612678527832,-0.13358536362648,1.4857816696167,-0.107742041349411,-0.0663304179906845,-0.66566926240921,-0.735442996025085
-0.606179416179657,-0.133773177862167,1.48569011688232,-0.107639856636524,-0.0666160658001899,-0.668568193912506,-0.732797861099243
-0.606246829032898,-0.133967369794845,1.4856231212616,-0.107552841305733,-0.0667360872030258,-0.671564280986786,-0.730054795742035
-0.606326758861542,-0.13415589928627,1.48559021949768,-0.107394255697727,-0.0673060417175293,-0.674612998962402,-0.727209687232971
-0.606436312198639,-0.134353086352348,1.48553490638733,-0.1062026694417,-0.0684226527810096,-0.677226364612579,-0.724847495555878
-0.606480240821838,-0.134552866220474,1.4854588508606,-0.106236800551414,-0.0687922537326812,-0.680213093757629,-0.722005307674408
-0.60657399892807,-0.134872153401375,1.48555159568787,-0.106033973395824,-0.0693355724215507,-0.68355393409729,-0.718820869922638
-0.60671478509903,-0.135240390896797,1.48551142215729,-0.106571413576603,-0.0678503662347793,-0.686398088932037,-0.71616804599762
-0.60684597492218,-0.135600224137306,1.48522090911865,-0.106193147599697,-0.0690542459487915,-0.690302848815918,-0.712345838546753
-0.606927812099457,-0.135935410857201,1.48518872261047,-0.106031961739063,-0.0684665217995643,-0.693064451217651,-0.709740340709686
-0.606969177722931,-0.136196061968803,1.4851861000061,-0.105697929859161,-0.0687121450901031,-0.695782721042633,-0.707101821899414
-0.606926083564758,-0.136355862021446,1.48512947559357,-0.105466842651367,-0.0684183612465858,-0.698775112628937,-0.704208076000214
-0.60687381029129,-0.1363615244627,1.48537564277649,0.105064913630486,0.0688703954219818,0.701763987541199,0.701245844364166
-0.606963276863098,-0.136612892150879,1.48539459705353,0.104923255741596,0.0685887411236763,0.704243659973145,0.698804557323456
-0.60700249671936,-0.136902093887329,1.48538267612457,0.104320861399174,0.0691034942865371,0.707105159759521,0.695948362350464
-0.60702121257782,-0.137101709842682,1.48538100719452,0.103815950453281,0.0693424567580223,0.709804594516754,0.693246901035309
-0.606993556022644,-0.137166455388069,1.48539900779724,0.103063344955444,0.0703528523445129,0.712029576301575,0.690972208976746
-0.607039213180542,-0.13740511238575,1.48541593551636,0.102573744952679,0.0708206072449684,0.714380443096161,0.688566446304321
-0.607108950614929,-0.137902900576591,1.48546695709229,0.10245456546545,0.0722923129796981,0.717127025127411,0.685569643974304
-0.607165157794952,-0.13809622824192,1.48549354076385,0.101919710636139,0.0727554187178611,0.718999981880188,0.683636009693146
-0.607160091400146,-0.138384163379669,1.48522794246674,0.101214557886124,0.0730889365077018,0.721122622489929,0.681465983390808
-0.607152044773102,-0.138581871986389,1.48528265953064,0.100210480391979,0.0739145800471305,0.7230024933815,0.679530680179596
-0.607161343097687,-0.138588756322861,1.48550283908844,0.100072011351585,0.0741766616702079,0.724782168865204,0.677624106407166
-0.607155442237854,-0.138749629259109,1.48548066616058,0.0992501974105835,0.0747179388999939,0.727052628993988,0.675248980522156
-0.607261121273041,-0.138921797275543,1.48546493053436,0.0998388454318046,0.0740028619766235,0.727690041065216,0.674553990364075
-0.607313573360443,-0.139094784855843,1.48546802997589,0.09917813539505,0.074610099196434,0.729493141174316,0.672634303569794
-0.607318043708801,-0.139260441064835,1.48539078235626,0.0984407290816307,0.0751761570572853,0.731243133544922,0.670776784420013
-0.6073117852211,-0.139454782009125,1.48519814014435,0.0977016016840934,0.0754337832331657,0.732589900493622,0.669385015964508
-0.607541739940643,-0.13942939043045,1.48515129089355,0.0954589694738388,0.0758780837059021,0.734319627285004,0.667761087417603
-0.607713162899017,-0.139636412262917,1.48525655269623,0.0951956436038017,0.0765094384551048,0.73595917224884,0.665919005870819
-0.607737123966217,-0.139792144298553,1.48504555225372,0.0944661796092987,0.0768198296427726,0.737377524375916,0.664416491985321
-0.607816636562347,-0.140034884214401,1.48495066165924,0.0937353521585464,0.0774910002946853,0.73896449804306,0.662676751613617
-0.607853770256042,-0.140129148960113,1.48489677906036,0.093053251504898,0.0778212919831276,0.740339994430542,0.661197245121002
-0.607810020446777,-0.140084505081177,1.48494398593903,0.0926046669483184,0.077808491885662,0.741287350654602,0.660199522972107
-0.60777473449707,-0.140323147177696,1.4849671125412,0.0935208201408386,0.0781044065952301,0.742434561252594,0.658744633197784
-0.60777360200882,-0.140423893928528,1.48489022254944,0.0927399471402168,0.078589029610157,0.744296789169312,0.656692683696747
-0.60788768529892,-0.140479803085327,1.48505425453186,0.092333547770977,0.0787417143583297,0.745446741580963,0.65542608499527
-0.607860386371613,-0.140589982271194,1.48483645915985,0.0915839821100235,0.0795105174183845,0.746179938316345,0.654603838920593
-0.608086168766022,-0.140586107969284,1.48478102684021,0.0901670083403587,0.0792940258979797,0.74767541885376,0.653118669986725
-0.608199000358582,-0.140698835253715,1.48471665382385,0.0893832445144653,0.0789049416780471,0.748990833759308,0.651764988899231
-0.608267605304718,-0.140877768397331,1.48465847969055,0.0884826034307479,0.0794151127338409,0.750273942947388,0.650348544120789
-0.60838520526886,-0.141004055738449,1.48460185527802,0.0882574468851089,0.0791807621717453,0.751607179641724,0.648866415023804
-0.608421325683594,-0.141072139143944,1.48460590839386,0.0872359052300453,0.0796475037932396,0.752319693565369,0.648121416568756
-0.608507752418518,-0.141261085867882,1.4845871925354,0.0869789123535156,0.079583428800106,0.754033625125885,0.646169185638428
-0.60851377248764,-0.141253426671028,1.48459208011627,0.0861817896366119,0.0794601589441299,0.754486739635468,0.645762026309967
-0.608526229858398,-0.141364499926567,1.4845085144043,0.0854238420724868,0.0794984474778175,0.755713820457458,0.644421756267548
-0.608526229858398,-0.141364499926567,1.4845085144043,0.0854238420724868,0.0794984474778175,0.755713820457458,0.644421756267548
-0.608761429786682,-0.141584187746048,1.48444950580597,0.0846041142940521,0.0796122997999191,0.757917284965515,0.641923308372498
-0.608758389949799,-0.141597360372543,1.48447453975677,0.0840351432561874,0.0794825702905654,0.758880794048309,0.640874862670898
-0.60903400182724,-0.141981601715088,1.48453390598297,0.0836926251649856,0.0801962092518806,0.760198056697845,0.63926762342453
-0.609089970588684,-0.14188739657402,1.48440229892731,0.0833310410380363,0.0799717903137207,0.761084318161011,0.638287782669067
-0.609118700027466,-0.14190474152565,1.48439598083496,0.0824790745973587,0.0802309289574623,0.761916935443878,0.637371897697449
-0.609182417392731,-0.141940608620644,1.48437821865082,0.0823234617710113,0.0799862965941429,0.762927412986755,0.636212944984436
-0.60923832654953,-0.141905844211578,1.48438155651093,0.0817215964198112,0.0798204541206359,0.76375150680542,0.635321915149689
-0.609313607215881,-0.141946390271187,1.48431098461151,0.0813731700181961,0.0795918405055999,0.764551043510437,0.634433090686798
-0.609313607215881,-0.141946390271187,1.48431098461151,0.0813731700181961,0.0795918405055999,0.764551043510437,0.634433090686798
-0.609568059444427,-0.14207997918129,1.48452007770538,0.0810549780726432,0.0795315727591514,0.766231775283813,0.632450640201569
-0.609617054462433,-0.142217576503754,1.48435151576996,0.0802588537335395,0.0793754085898399,0.767216205596924,0.631377458572388
-0.609726130962372,-0.14226521551609,1.48433709144592,0.0800795778632164,0.0791173055768013,0.767989099025726,0.630492210388184
-0.609863221645355,-0.142431348562241,1.48433637619019,0.0799298584461212,0.0790601819753646,0.769001662731171,0.629283249378204
-0.61000394821167,-0.142549008131027,1.48435950279236,0.0794835239648819,0.0791642367839813,0.769764482975006,0.628393113613129
-0.610046982765198,-0.142515510320663,1.48432576656342,0.0782001987099647,0.0794269070029258,0.770999133586884,0.627005994319916
-0.61007696390152,-0.14246654510498,1.48432278633118,0.0780116617679596,0.0789350643754005,0.771673321723938,0.626261711120605
-0.610178291797638,-0.142522186040878,1.48432111740112,0.0777253955602645,0.0787331163883209,0.772102355957031,0.625793814659119
-0.610307037830353,-0.142701730132103,1.48423647880554,0.0775068402290344,0.0786172449588775,0.772842228412628,0.62492161989212
-0.610457181930542,-0.142798230051994,1.48424649238586,0.077365756034851,0.0784289836883544,0.773616790771484,0.624003708362579
-0.610523283481598,-0.142819508910179,1.48418271541595,0.0770080089569091,0.0779157578945159,0.774319767951965,0.623239755630493
-0.610523283481598,-0.142819508910179,1.48418271541595,0.0770080089569091,0.0779157578945159,0.774319767951965,0.623239755630493
-0.610819697380066,-0.142950281500816,1.48436164855957,0.076792225241661,0.0774789974093437,0.77521950006485,0.622201561927795
-0.610921740531921,-0.143069580197334,1.48410701751709,0.076412484049797,0.0771850794553756,0.775601863861084,0.621808230876923
-0.610983848571777,-0.143118470907211,1.48401117324829,0.076288416981697,0.0766582638025283,0.776398301124573,0.620893955230713
-0.611177384853363,-0.143320202827454,1.48400866985321,0.0761770829558372,0.0766665637493133,0.77702522277832,0.620121955871582
-0.611386477947235,-0.143391087651253,1.48407518863678,0.0759253501892089,0.0766254737973213,0.777090728282928,0.620075821876526
-0.611485362052917,-0.143369480967522,1.48414587974548,0.0759889408946037,0.0761618390679359,0.777351796627045,0.619797766208649
-0.611669063568115,-0.143410965800285,1.48416185379028,0.0757744163274765,0.0758922696113586,0.777710020542145,0.619407653808594
-0.611851394176483,-0.143444418907165,1.48419630527496,0.0759019404649734,0.0755595266819,0.77831619977951,0.61867094039917
-0.612053632736206,-0.143670931458473,1.48413908481598,0.0757059529423713,0.0756333023309707,0.77876228094101,0.61812424659729
-0.612142503261566,-0.143547341227531,1.48419177532196,0.0755569785833358,0.0749847292900085,0.778833866119385,0.618131339550018
-0.612310171127319,-0.143568888306618,1.48415529727936,0.0753720998764038,0.0745101496577262,0.779241859912872,0.61769688129425
-0.612491607666016,-0.143757075071335,1.48408985137939,0.0752535909414291,0.0742015987634658,0.780151963233948,0.616598725318909
-0.61273729801178,-0.143867552280426,1.48411881923676,0.0752055570483207,0.0740506872534751,0.780607879161835,0.616045475006104
-0.612947583198547,-0.143978238105774,1.4841103553772,0.0749822854995727,0.073850616812706,0.781282067298889,0.615241646766663
-0.613087773323059,-0.143933534622192,1.48408913612366,0.0748751685023307,0.0731459110975265,0.781572818756104,0.614969432353973
-0.613324999809265,-0.143947407603264,1.48407328128815,0.074833407998085,0.0725018307566642,0.781918346881866,0.614611387252808
-0.613643646240234,-0.144184291362762,1.48428726196289,0.0748264417052269,0.0725741535425186,0.782806158065796,0.613472640514374
-0.613931357860565,-0.144279152154922,1.48436331748962,0.0745163261890411,0.0723407939076423,0.783353865146637,0.612838506698608
-0.614087700843811,-0.144412726163864,1.48415577411652,0.0742684304714202,0.0716584175825119,0.783950567245483,0.61218535900116
-0.61442369222641,-0.144605085253715,1.48408448696136,0.0738180503249168,0.0714158043265342,0.784807622432709,0.611169219017029
-0.614698529243469,-0.144617810845375,1.48409426212311,0.0735283717513084,0.0709308087825775,0.785197257995605,0.610759854316711
-0.614766120910645,-0.144520998001099,1.48408186435699,0.0731434971094131,0.0697780027985572,0.785945117473602,0.609976589679718
-0.615100741386414,-0.144766479730606,1.48408365249634,0.0725009813904762,0.0697208642959594,0.787195920944214,0.608445048332214
-0.615308046340942,-0.144776299595833,1.48409712314606,0.0721734687685966,0.0689393579959869,0.787588477134705,0.608064889907837
-0.615547716617584,-0.144864678382874,1.48402392864227,0.0715910196304321,0.0682633072137832,0.788738429546356,0.606717824935913
-0.615758538246155,-0.14484167098999,1.4840726852417,0.0710518956184387,0.0675872191786766,0.788931488990784,0.60660594701767
-0.616089642047882,-0.145082160830498,1.48379325866699,0.0705779790878295,0.0671207085251808,0.790210843086243,0.605045914649963
-0.616727590560913,-0.145207405090332,1.48383045196533,0.0706925764679908,0.0671008974313736,0.791035711765289,0.603955864906311
-0.617116808891296,-0.145393133163452,1.48386454582214,0.0701894164085388,0.0669395625591278,0.791644096374512,0.603234827518463
-0.617321312427521,-0.145347774028778,1.48390460014343,0.0694448873400688,0.066080555319786,0.792252898216248,0.602616250514984
-0.61757755279541,-0.145494148135185,1.48381161689758,0.0689050778746604,0.0657462924718856,0.793733060359955,0.600764155387878
-0.617865800857544,-0.145522117614746,1.48379755020142,0.0681404694914817,0.0652530342340469,0.794502079486847,0.599887907505035
-0.618023037910461,-0.145593702793121,1.48377251625061,0.0671260133385658,0.0649151802062988,0.79500287771225,0.599375188350677
-0.618388712406158,-0.145655259490013,1.48377549648285,0.0667830184102058,0.0645657628774643,0.795974314212799,0.598160624504089
-0.618651986122131,-0.145697593688965,1.48378169536591,0.0660422667860984,0.0638719722628593,0.796066522598267,0.598194718360901
-0.618547141551971,-0.145736485719681,1.48364436626434,0.0644800886511802,0.0630159378051757,0.796557724475861,0.597801864147186
-0.618550002574921,-0.145558729767799,1.48356819152832,0.0634080246090889,0.0618945322930812,0.796826064586639,0.597676217556
-0.618899047374725,-0.145791590213776,1.48362910747528,0.0627384334802627,0.0621142052114009,0.797701001167297,0.596555888652802
-0.618977308273315,-0.145601466298103,1.48355507850647,0.0618742480874061,0.061165478080511,0.79826420545578,0.595990598201752
-0.619233071804047,-0.145793199539184,1.4836277961731,0.0611155293881893,0.0613275431096553,0.799093663692474,0.594939827919006
-0.619274079799652,-0.145702093839645,1.48348200321198,0.0601712465286254,0.0606699660420417,0.79926586151123,0.594871997833252
-0.619863867759705,-0.145727604627609,1.48348891735077,0.060220330953598,0.0609256848692894,0.80021345615387,0.593565404415131
-0.620005130767822,-0.145753532648086,1.48345077037811,0.0594213455915451,0.0608473047614097,0.800704777240753,0.592991173267365
-0.61976945400238,-0.145917057991028,1.48337829113007,0.0576641112565994,0.0604570396244525,0.801186501979828,0.592553853988647
-0.61995393037796,-0.145918563008308,1.48335576057434,0.056894052773714,0.0604986287653446,0.80164498090744,0.592003583908081
-0.620555341243744,-0.145999178290367,1.48345494270325,0.057284016162157,0.0611580125987529,0.802009165287018,0.591404795646667
-0.620750427246094,-0.146174669265747,1.4832980632782,0.0552678294479846,0.0618023797869682,0.804858386516571,0.587647020816803
-0.620673418045044,-0.145800590515137,1.48331987857819,0.0556762591004371,0.0606407150626182,0.802604198455811,0.590803980827332
-0.62079906463623,-0.14577804505825,1.48330616950989,0.0551164634525775,0.0607322491705417,0.80278342962265,0.590603649616241
-0.621196627616882,-0.146295920014381,1.48318147659302,0.0532537885010242,0.0624359026551246,0.806131839752197,0.586018204689026
-0.62133002281189,-0.146332159638405,1.4832044839859,0.0525967814028263,0.0626976117491722,0.806345880031586,0.585755109786987
-0.621429622173309,-0.146349117159843,1.48318803310394,0.0520161241292953,0.0630860179662704,0.806537330150604,0.585501611232758
-0.621545672416687,-0.146333694458008,1.48323798179626,0.0513704866170883,0.063333548605442,0.806676149368286,0.585340559482574
-0.621650099754333,-0.14635095000267,1.48320245742798,0.0506303124129772,0.0635922849178314,0.806860029697418,0.585123538970947
-0.621798396110535,-0.146299779415131,1.48321998119354,0.0499974079430103,0.0638118535280227,0.806846022605896,0.585173428058624
-0.621992588043213,-0.146312713623047,1.48318207263947,0.0495789721608161,0.0641635432839393,0.806974649429321,0.584993004798889
-0.622079193592072,-0.146278008818626,1.48320412635803,0.0491292029619216,0.0643530935049057,0.806958258152008,0.585032880306244
-0.622207164764404,-0.14626881480217,1.48317420482635,0.0486173778772354,0.0647474005818367,0.807091534137726,0.58484822511673
-0.622291922569275,-0.146231234073639,1.48318564891815,0.0478786267340183,0.0649529621005058,0.807129681110382,0.58483362197876
-0.622458100318909,-0.146245628595352,1.48319005966187,0.0472889728844165,0.0653347969055175,0.806917726993561,0.585131704807281
-0.622599542140961,-0.146227821707725,1.48315298557281,0.0467662587761879,0.0655198991298675,0.806901037693024,0.585175812244415
-0.622721552848816,-0.146202400326729,1.48307871818542,0.0463158823549747,0.065541036427021,0.807009041309357,0.585060477256775
-0.622816205024719,-0.146185800433159,1.48305261135101,0.0458401404321193,0.0655174553394317,0.806849896907806,0.585319876670837
-0.622926831245422,-0.146164909005165,1.48302149772644,0.0453659296035766,0.0655839517712593,0.806762635707855,0.585469841957092
-0.623020887374878,-0.146121591329575,1.48297739028931,0.0449610836803913,0.0655219480395317,0.806557297706604,0.585790753364563
-0.623124480247498,-0.146095871925354,1.48295497894287,0.0444477647542953,0.0655968487262725,0.806370377540588,0.586078763008118
-0.622810244560242,-0.146037772297859,1.48284518718719,0.0428596027195453,0.0650562345981597,0.806041121482849,0.586709916591644
-0.622994661331177,-0.145995646715164,1.48288536071777,0.0424652583897113,0.0650509521365165,0.805831491947174,0.587027072906494
-0.623056828975677,-0.145944952964783,1.48281741142273,0.0416890680789947,0.0647617653012275,0.805487513542175,0.587586522102356
-0.623223483562469,-0.145917668938637,1.48284256458282,0.0412257984280586,0.0647134780883789,0.805270075798035,0.587922394275665
-0.623330891132355,-0.145904138684273,1.48283135890961,0.0407734774053096,0.0645448714494705,0.805010378360748,0.588328003883362
-0.62387615442276,-0.145893469452858,1.48282492160797,0.0411855950951576,0.064896821975708,0.804752469062805,0.588613390922546
-0.623379707336426,-0.145985066890716,1.48281836509705,0.0410949625074863,0.0641032084822654,0.804160177707672,0.589515447616577
-0.624131858348846,-0.14581860601902,1.48278796672821,0.039938386529684,0.0643913596868515,0.803991913795471,0.589792907238007
-0.624082088470459,-0.145984902977943,1.48280763626099,0.0408384799957275,0.0642380639910698,0.803448081016541,0.59048855304718
-0.624410092830658,-0.145765006542206,1.48277294635773,0.0388882793486118,0.0638016909360885,0.8031005859375,0.591140031814575
-0.624362766742706,-0.14592644572258,1.48278224468231,0.0397835299372673,0.0635756179690361,0.802631855010986,0.59174120426178
-0.62467086315155,-0.145717471837997,1.4827333688736,0.0376808382570743,0.0631060823798179,0.802344799041748,0.592318058013916
-0.62458074092865,-0.145866096019745,1.48274755477905,0.0386616960167884,0.0627302452921867,0.801790237426758,0.593045234680176
-0.624890327453613,-0.145653754472732,1.4827481508255,0.0367264673113822,0.0622568354010582,0.801315009593964,0.593859851360321
-0.624789893627167,-0.145788043737411,1.4827082157135,0.0376132801175117,0.0618853233754634,0.800800740718842,0.594536602497101
-0.625128448009491,-0.145611137151718,1.48276388645172,0.0355498604476451,0.061500210314989,0.800418019294739,0.595218598842621
-0.625040054321289,-0.145772337913513,1.48277950286865,0.0364730022847652,0.0611081011593341,0.799896061420441,0.595904231071472
-0.625414133071899,-0.145561471581459,1.48281347751617,0.0342626236379146,0.0610333420336246,0.7998206615448,0.596144378185272
-0.6254643201828,-0.14551967382431,1.48281383514404,0.0336587727069854,0.0603438727557659,0.798895597457886,0.597487807273865
-0.625462293624878,-0.145423918962479,1.48266196250916,0.0331086888909339,0.0596089176833629,0.798326909542084,0.598351776599884
-0.625510990619659,-0.145398780703545,1.48264992237091,0.0323675535619258,0.0591037161648273,0.797952055931091,0.598942220211029
-0.62561708688736,-0.145401775836944,1.48278439044952,0.0318879447877407,0.0587258748710155,0.797521352767944,0.599578440189362
-0.625067472457886,-0.145120233297348,1.48256433010101,0.0303962845355272,0.0569634586572647,0.796955347061157,0.600577652454376
-0.625215828418732,-0.145133167505264,1.48261904716492,0.0296406242996454,0.0568612217903137,0.796515226364136,0.601208508014679
-0.62539803981781,-0.145258545875549,1.4826911687851,0.0292725414037704,0.056959468871355,0.796454131603241,0.601298272609711
-0.625237822532654,-0.145449280738831,1.48272836208344,0.0303008146584033,0.0566667653620243,0.796033799648285,0.601831376552582
-0.62552672624588,-0.145072147250175,1.48270010948181,0.0273685976862907,0.0575572364032268,0.795588314533234,0.602476119995117
-0.625401496887207,-0.144835203886032,1.48251521587372,0.0268494300544261,0.0565089024603366,0.795064389705658,0.603289842605591
-0.625446498394012,-0.144816935062408,1.48245894908905,0.0263919420540332,0.0563682653009891,0.795337378978729,0.602963209152222
-0.625303685665131,-0.145126283168793,1.48247027397156,0.0286661833524703,0.0542565025389194,0.794318675994873,0.604394137859344
-0.625471174716949,-0.145080983638763,1.48253047466278,0.0285302530974149,0.0541274771094322,0.793964326381683,0.604877650737762
-0.625595450401306,-0.145101055502892,1.48254919052124,0.028181318193674,0.0539325550198555,0.793752670288086,0.605189085006714
-0.625940501689911,-0.144883200526237,1.48247468471527,0.025848601013422,0.0536380857229232,0.793610990047455,0.605505108833313
-0.625850319862366,-0.145017668604851,1.48271822929382,0.0274959150701761,0.0536318495869636,0.792908489704132,0.606352865695953
-0.626018762588501,-0.145162284374237,1.48265182971954,0.0272695664316415,0.0537454336881637,0.792957603931427,0.606288850307465
-0.626288175582886,-0.145346134901047,1.48273086547852,0.0270110331475734,0.0540715605020523,0.792824029922485,0.606446027755737
-0.626414179801941,-0.145342662930489,1.48271811008453,0.0267604943364858,0.0540170408785343,0.792517483234406,0.606862604618073
-0.626414179801941,-0.145342662930489,1.48271811008453,0.0267604943364858,0.0540170408785343,0.792517483234406,0.606862604618073
-0.626618325710297,-0.145317748188972,1.48259460926056,0.0260496269911527,0.0537262260913848,0.791974306106567,0.607627987861633
-0.627100348472595,-0.145225316286087,1.48257410526276,0.0262233335524797,0.0543457567691803,0.792189419269562,0.607284784317017
-0.627210140228271,-0.145188167691231,1.48254716396332,0.0260002817958593,0.0541304536163806,0.791741371154785,0.607897698879242
-0.626884937286377,-0.145129576325417,1.48242652416229,0.0246315579861402,0.0534650012850761,0.791368544101715,0.608498632907867
-0.627020478248596,-0.145074605941772,1.48243117332458,0.0246519036591053,0.053167276084423,0.790712714195251,0.609375894069672
-0.627535700798035,-0.145097821950912,1.48245978355408,0.0253089237958192,0.0535912066698074,0.7906294465065,0.609419822692871
-0.627641260623932,-0.145075485110283,1.48243069648743,0.0249672159552574,0.053539115935564,0.790344953536987,0.60980749130249
-0.627876400947571,-0.14523059129715,1.48248267173767,0.0246861614286899,0.0539008527994155,0.790149509906769,0.610040426254272
-0.627965569496155,-0.145220160484314,1.48246359825134,0.0242641679942607,0.0539403520524501,0.789895474910736,0.610382676124573
-0.627935230731964,-0.145002916455269,1.48237287998199,0.0238261800259351,0.0532724782824516,0.789393484592438,0.611107468605042
-0.62802666425705,-0.144957065582275,1.48233890533447,0.0233848523348569,0.0531618557870388,0.789067268371582,0.611555159091949
-0.628117322921753,-0.144904837012291,1.4822963476181,0.0229683592915534,0.0530873984098434,0.788723051548004,0.612021505832672
-0.62820166349411,-0.144870728254318,1.48225808143616,0.0224512834101915,0.0532922893762588,0.78858083486557,0.612205922603607
-0.628326654434204,-0.14487087726593,1.4822108745575,0.0216331630945205,0.053789310157299,0.788694441318512,0.612045586109161
-0.628346860408783,-0.144649401307106,1.48220658302307,0.0212044212967157,0.0535012483596801,0.788074612617493,0.612883865833282
-0.628302812576294,-0.144290551543236,1.48221457004547,0.0226734075695276,0.0506233163177967,0.783917248249054,0.618382573127747
-0.628503561019897,-0.144481807947159,1.48213589191437,0.020747048780322,0.0531532205641269,0.78701651096344,0.614287734031677
-0.628592967987061,-0.144404649734497,1.4821035861969,0.0204717256128788,0.0534075014293193,0.786840379238129,0.614500403404236
-0.628678262233734,-0.144333496689796,1.48207855224609,0.020295713096857,0.0536005198955535,0.786694049835205,0.614676654338837
-0.628315031528473,-0.144236624240875,1.48197317123413,0.0190070550888776,0.0531628765165805,0.786371290683746,0.615168809890747
-0.628825187683105,-0.144335880875587,1.48202061653137,0.0194482654333114,0.0539705343544483,0.785976111888885,0.615589559078217
-0.628962993621826,-0.144356369972229,1.48197340965271,0.0192704927176237,0.0545936785638332,0.786549270153046,0.614807605743408
-0.628568768501282,-0.144264414906502,1.48186874389648,0.0180830992758274,0.0541319437325,0.786364436149597,0.615120947360992
-0.628685593605042,-0.14419125020504,1.48185706138611,0.0180148519575595,0.0543264187872409,0.78630268573761,0.615184783935547
-0.628761768341064,-0.144120126962662,1.4818160533905,0.0179284811019897,0.0543919876217842,0.786331474781036,0.615144610404968
-0.628849864006042,-0.143995448946953,1.48177695274353,0.0178800169378519,0.0544025935232639,0.786543488502502,0.614874064922333
-0.628904163837433,-0.143882274627685,1.48172044754028,0.0178976096212863,0.0542355999350547,0.786588251590729,0.61483108997345
-0.628968715667725,-0.143787875771522,1.48169362545013,0.0178523324429988,0.0541112013161182,0.786664426326752,0.614745855331421
-0.628916800022125,-0.143620923161507,1.48143649101257,0.0177659131586551,0.053413238376379,0.786924421787262,0.614476501941681
-0.628925859928131,-0.143351629376411,1.48153471946716,0.0177980903536081,0.0529626421630382,0.786928415298462,0.614509403705597
-0.629011690616608,-0.143363326787949,1.48149609565735,0.0176136400550603,0.052881184965372,0.787409126758575,0.613905787467957
-0.629260063171387,-0.142997741699219,1.48141121864319,0.0158149488270282,0.0526233874261379,0.787434160709381,0.613944828510284
-0.629001796245575,-0.143028110265732,1.48135328292847,0.0173793174326419,0.0515554547309875,0.787599682807922,0.613780617713928
-0.629006505012512,-0.142950281500816,1.48118233680725,0.0171302687376737,0.0510246604681015,0.787641823291779,0.613778054714203
-0.62907612323761,-0.142824620008469,1.48118734359741,0.0170635413378477,0.0506114549934864,0.787358045578003,0.614177942276001
-0.629381000995636,-0.142252907156944,1.48106050491333,0.014075324870646,0.0510925948619842,0.787400364875793,0.6141597032547
-0.629379510879517,-0.142135843634605,1.48109269142151,0.0140075627714395,0.0504816658794879,0.787393569946289,0.614220499992371
-0.629326581954956,-0.141966506838798,1.48096692562103,0.0139153255149722,0.0495604425668716,0.787212073802948,0.614530205726624
-0.629252374172211,-0.141913741827011,1.4809318780899,0.0143097173422575,0.0491427518427372,0.787657380104065,0.613983988761902
-0.629343748092651,-0.141771420836449,1.48101222515106,0.013627354055643,0.048773068934679,0.787048161029816,0.614809513092041
-0.629067540168762,-0.142022952437401,1.48105132579803,0.0162469092756509,0.047276820987463,0.786592900753021,0.615445017814636
-0.628966450691223,-0.141914024949074,1.48096585273743,0.0158394705504179,0.0466510616242885,0.786548674106598,0.615559935569763
-0.628906965255737,-0.141803860664368,1.48091065883636,0.0154223311692476,0.0461068712174892,0.786207318305969,0.616047441959381
-0.628888070583344,-0.141692951321602,1.48088884353638,0.0150787597522139,0.0457642376422882,0.785877346992493,0.616502463817596
-0.628860294818878,-0.141591012477875,1.48083662986755,0.0147932339459657,0.0453655123710632,0.785573661327362,0.616925537586212
-0.628802001476288,-0.14152292907238,1.48081147670746,0.0143001787364482,0.0450208261609077,0.785072684288025,0.617599844932556
-0.62862628698349,-0.141339004039764,1.48062419891357,0.0138118183240294,0.0441662780940532,0.784675896167755,0.618176698684692
-0.628513038158417,-0.14124484360218,1.48054242134094,0.0132791753858327,0.0436915159225463,0.784266412258148,0.618741393089294
-0.628822028636932,-0.141191482543945,1.48051917552948,0.0135614508762955,0.0438951924443244,0.784044146537781,0.6190025806427
-0.628739893436432,-0.14107209444046,1.48054587841034,0.0130247510969638,0.0435641482472419,0.783490300178528,0.619738221168518
-0.628599882125854,-0.140979930758476,1.480513215065,0.0123469773679971,0.043126955628395,0.783037483692169,0.62035471200943
-0.628214418888092,-0.140914529561996,1.48062765598297,0.0108817340806126,0.0425956137478351,0.78217214345932,0.621509492397308
-0.628065645694733,-0.140804797410965,1.48056530952454,0.0103483190760016,0.0421445071697235,0.78179258108139,0.622026562690735
-0.628534615039825,-0.14058330655098,1.48049938678741,0.0089231561869382,0.0428279750049114,0.78125125169754,0.622681796550751
-0.628371953964233,-0.140477538108826,1.48042917251587,0.0082615977153182,0.0424664951860904,0.78076708316803,0.623322725296021
-0.628360211849213,-0.140543133020401,1.4804105758667,0.0077303727157413,0.0426231063902378,0.780372142791748,0.623813211917877
-0.628139078617096,-0.140308365225792,1.4803968667984,0.0071010766550898,0.0421327725052833,0.779858469963074,0.624495923519135
-0.628141403198242,-0.140478387475014,1.4804550409317,0.0063123973086476,0.0427250936627388,0.779535531997681,0.62486732006073
-0.627907454967499,-0.140302270650864,1.48040354251862,0.005662003532052,0.0422961264848709,0.778876602649689,0.625723779201508
-0.627695083618164,-0.140516847372055,1.48052644729614,0.006874734070152,0.0421433672308921,0.778276562690735,0.626468241214752
-0.627384305000305,-0.140294700860977,1.48046481609344,0.0063238134607672,0.0414449833333492,0.777634859085083,0.627316772937775
-0.627258479595184,-0.140268996357918,1.48042261600494,0.0058865747414529,0.0414195209741592,0.77709299325943,0.627993941307068
-0.627154409885406,-0.140272751450539,1.48050773143768,0.0052920435555279,0.0416638180613517,0.776354491710663,0.628895819187164
-0.626980423927307,-0.140223026275635,1.48051977157593,0.0048277438618242,0.0414935834705829,0.775866627693176,0.62951248884201
-0.627027332782745,-0.140341684222221,1.48059701919556,0.0045279148034751,0.0424605458974838,0.776183307170868,0.629059851169586
-0.626922905445099,-0.14035139977932,1.48062634468079,0.0040368419140577,0.0426804795861244,0.775582671165466,0.629788637161255
-0.626712143421173,-0.140229433774948,1.48057818412781,0.0037829077336937,0.0424731634557247,0.775263786315918,0.630196571350098
-0.626565933227539,-0.140171736478805,1.48067784309387,0.0033403928391635,0.0422736220061779,0.774009466171265,0.631752490997314
-0.62649941444397,-0.140268087387085,1.48071777820587,0.0030334838666021,0.0427919663488864,0.773680686950684,0.632121860980988
-0.626238763332367,-0.14008817076683,1.48078393936157,0.0027869215700775,0.042626105248928,0.772989451885223,0.632979154586792
-0.626097321510315,-0.140011876821518,1.48083543777466,0.0027120546437799,0.0427233390510082,0.772623598575592,0.633419454097748
-0.625594913959503,-0.139993295073509,1.48074734210968,0.0017112236237153,0.042411021888256,0.771734178066254,0.634527206420898
-0.625459492206573,-0.139936730265617,1.48076105117798,0.0016679000109434,0.0425306744873523,0.77121764421463,0.635147094726562
-0.625320672988892,-0.139829963445663,1.48071432113647,0.0016503153601661,0.0425841249525547,0.770477592945099,0.636041045188904
-0.625275433063507,-0.139869824051857,1.48076164722443,0.0015421448042616,0.0431150868535041,0.769539594650269,0.637140214443207
-0.625275433063507,-0.139869824051857,1.48076164722443,0.0015421448042616,0.0431150868535041,0.769539594650269,0.637140214443207
-0.62491112947464,-0.13948018848896,1.48098397254944,0.0016679032705724,0.0432568378746509,0.767615139484406,0.639447629451752
-0.625054776668549,-0.139710441231728,1.48110866546631,0.0018710305448621,0.044532086700201,0.767022490501404,0.640070378780365
-0.624965310096741,-0.139607071876526,1.48119843006134,0.0020493117626756,0.0449832715094089,0.76597648859024,0.64128977060318
-0.624750316143036,-0.139265716075897,1.48125076293945,0.0022012488916516,0.0447599403560161,0.764908850193024,0.642577826976776
-0.624695718288422,-0.139230534434318,1.48125672340393,0.0022588982246816,0.045267604291439,0.76374077796936,0.643930077552795
-0.625062882900238,-0.139251202344894,1.48135101795197,0.0030255732126533,0.0467055849730968,0.762861728668213,0.644865453243256
-0.624540627002716,-0.138879373669624,1.48172914981842,0.0024009670596569,0.0463422760367393,0.761497914791107,0.646504104137421
-0.624647259712219,-0.138883501291275,1.48204743862152,0.0028048348613083,0.0473312325775623,0.760332047939301,0.647801756858826
-0.624541997909546,-0.13873727619648,1.48188471794128,0.003025545971468,0.0476310662925243,0.759228587150574,0.6490718126297
-0.624449372291565,-0.138610273599625,1.48162531852722,0.0032472151797264,0.0479658991098403,0.758115172386169,0.650346159934998
-0.624482691287994,-0.138230308890343,1.48160684108734,0.0016769387293606,0.048401154577732,0.756065487861633,0.652701675891876
-0.624200344085693,-0.138156175613403,1.48164772987366,0.0035617486573755,0.0484831444919109,0.754833519458771,0.654112577438354
-0.624348163604736,-0.137781828641891,1.48185670375824,0.0025027762167155,0.0493822395801544,0.75301206111908,0.656146466732025
-0.624192357063293,-0.137387707829475,1.48218178749084,0.0027990327216684,0.0496297478675842,0.751494348049164,0.657864153385162
-0.624091446399689,-0.137249439954758,1.48208844661713,0.0031574601307511,0.0502782985568046,0.750310122966766,0.65916383266449
-0.623970746994019,-0.137046918272972,1.48194849491119,0.0034708445891737,0.0507838167250156,0.749380111694336,0.660180568695068
-0.623819410800934,-0.136745512485504,1.48203670978546,0.0038101566024124,0.0512386374175548,0.747742831707001,0.661997497081757
-0.623593747615814,-0.136169150471687,1.48243486881256,0.0043012201786041,0.0512824207544326,0.746132910251617,0.663805186748505
-0.623566389083862,-0.136142879724503,1.48251867294312,0.0046551404520869,0.0525071173906326,0.745211601257324,0.664741337299347
-0.623566389083862,-0.136142879724503,1.48251867294312,0.0046551404520869,0.0525071173906326,0.745211601257324,0.664741337299347
-0.623165011405945,-0.135530814528465,1.48295068740845,0.0052398988045752,0.0536437667906284,0.742565333843231,0.667601346969604
-0.622944533824921,-0.135249957442284,1.48292529582977,0.00563420727849,0.0542200617492198,0.741191744804382,0.669076383113861
-0.622763693332672,-0.134969860315323,1.48277807235718,0.006110553164035,0.0545870997011661,0.739806711673737,0.670573592185974
-0.622702956199646,-0.134833320975304,1.48291778564453,0.0068370760418474,0.0556419156491756,0.738643229007721,0.671761512756348
-0.622305333614349,-0.134337112307548,1.48287451267242,0.0072720269672572,0.0554527975618839,0.736956477165222,0.673622608184814
-0.622267067432404,-0.134144112467766,1.4832501411438,0.0080049764364957,0.0567294396460056,0.735691130161285,0.674889922142029
-0.622105419635773,-0.133789181709289,1.48346650600433,0.0087255593389272,0.0573540702462196,0.734404683113098,0.676227986812592
-0.622105419635773,-0.133789181709289,1.48346650600433,0.0087255593389272,0.0573540702462196,0.734404683113098,0.676227986812592
-0.621681034564972,-0.133039966225624,1.48348653316498,0.0102088954299688,0.058349784463644,0.731610894203186,0.679144084453583
-0.621618866920471,-0.132954195141792,1.48342800140381,0.010962214320898,0.0594756379723548,0.730453193187714,0.680279850959778
-0.621397614479065,-0.132497727870941,1.48371016979218,0.011766143143177,0.0599346719682216,0.729003310203552,0.681779861450195
-0.621218919754028,-0.132252246141434,1.483558177948,0.0124038094654679,0.0606121718883514,0.727484345436096,0.683329343795776
-0.620847225189209,-0.131757751107216,1.48342299461365,0.013057867065072,0.0603444874286651,0.726035475730896,0.684880077838898
-0.620633900165558,-0.131407037377357,1.48339772224426,0.0139073226600885,0.0607659816741943,0.724647521972656,0.686294436454773
-0.620459854602814,-0.131035357713699,1.48370170593262,0.0152835575863718,0.0607811734080314,0.720383048057556,0.690739095211029
-0.620303094387054,-0.130687028169632,1.48373138904572,0.0160921942442655,0.0613595396280288,0.719095706939697,0.692009806632996
-0.620138466358185,-0.130311876535416,1.48392605781555,0.0168506205081939,0.0619240514934062,0.717575669288635,0.693517684936523
-0.619949102401733,-0.130001336336136,1.48380100727081,0.0177207365632057,0.0623165145516395,0.716311752796173,0.694766223430634
-0.619824051856995,-0.129668831825256,1.48382079601288,0.0185751672834157,0.0629125237464904,0.71541166305542,0.695617198944092
-0.619560360908508,-0.129199892282486,1.48358929157257,0.0195217672735452,0.0625504255294799,0.713705599308014,0.697374105453491
-0.619481205940247,-0.129096537828445,1.48388862609863,0.0220746248960495,0.0627884939312934,0.711542010307312,0.699484348297119
-0.619404494762421,-0.128933519124985,1.48409330844879,0.022615261375904,0.0633783936500549,0.709910452365875,0.701069951057434
-0.619263827800751,-0.128625303506851,1.48412477970123,0.0233155060559511,0.0637230798602104,0.708402216434479,0.702539920806885
-0.619147598743439,-0.128327876329422,1.48415374755859,0.0241460893303155,0.0641543194651603,0.706891238689423,0.703992962837219
-0.619062423706055,-0.127912148833275,1.48392474651337,0.0252095591276884,0.0647006630897522,0.706659555435181,0.704138159751892
-0.6191326379776,-0.127742141485214,1.48426568508148,0.0262048952281475,0.0655403509736061,0.705679416656494,0.70500659942627
-0.618772268295288,-0.127357587218285,1.4839802980423,-0.0264666453003883,-0.0652048736810684,-0.703386902809143,-0.70731508731842
-0.618534505367279,-0.127005502581596,1.48390555381775,-0.0268901288509368,-0.0653445646166801,-0.701725423336029,-0.708934783935547
-0.618393659591675,-0.126752898097038,1.4839563369751,-0.0274105016142129,-0.0656445547938346,-0.70028030872345,-0.710314691066742
-0.618393659591675,-0.126752898097038,1.4839563369751,-0.0274105016142129,-0.0656445547938346,-0.70028030872345,-0.710314691066742
-0.617994487285614,-0.126180022954941,1.48400700092316,-0.0277635883539915,-0.0671463385224342,-0.697884857654572,-0.712514817714691
-0.617954969406128,-0.125981628894806,1.48407113552094,-0.0291769262403249,-0.0666596814990043,-0.695509374141693,-0.714823007583618
-0.617810487747192,-0.125698253512383,1.48405802249908,-0.0298592671751976,-0.0670821443200111,-0.693583786487579,-0.716624081134796
-0.617740392684937,-0.125473693013191,1.48418319225311,-0.0300210695713758,-0.0678325816988945,-0.692675471305847,-0.717424690723419
-0.617715299129486,-0.125267565250397,1.48430323600769,-0.0308296140283346,-0.0688540190458297,-0.690775156021118,-0.719123303890228
-0.617603003978729,-0.124853923916817,1.48429989814758,-0.0315779782831668,-0.0698269829154014,-0.68855345249176,-0.721125066280365
-0.617749512195587,-0.124586515128613,1.48476481437683,-0.0328206457197666,-0.0711738541722297,-0.686305344104767,-0.723078429698944
-0.617711126804352,-0.124298334121704,1.48482704162598,-0.0339930541813373,-0.0722809880971908,-0.684058248996735,-0.725040793418884
-0.617702066898346,-0.123939372599125,1.48485100269318,-0.0352135486900806,-0.0731627717614173,-0.681555509567261,-0.727247834205627
-0.617737889289856,-0.12365885078907,1.48475611209869,-0.0364847369492054,-0.0740878283977508,-0.678844332695007,-0.729623258113861
-0.617745876312256,-0.12346600741148,1.48477411270142,-0.0376728698611259,-0.0755876451730728,-0.67601490020752,-0.732032299041748
-0.617720484733582,-0.123046047985554,1.48485970497131,-0.039564736187458,-0.0767713338136673,-0.673076808452606,-0.734512329101562
-0.61773407459259,-0.122717462480068,1.484734416008,-0.0412053540349006,-0.077858105301857,-0.670138955116272,-0.736989796161652
-0.617824912071228,-0.122313737869263,1.48485469818115,-0.0435270965099334,-0.0791896134614944,-0.667347371578217,-0.739244103431702
-0.61794102191925,-0.122007973492145,1.48484468460083,-0.0455071032047271,-0.0809106528759002,-0.664333283901215,-0.741649448871613
-0.617997646331787,-0.121592424809933,1.48490583896637,-0.0467795729637146,-0.0843960642814636,-0.66120320558548,-0.743975400924683
-0.618143379688263,-0.121374145150185,1.48480951786041,-0.0495646633207798,-0.0843324586749076,-0.658199667930603,-0.746461391448975
-0.618124186992645,-0.12094409763813,1.48471975326538,-0.0521634183824062,-0.0856026113033294,-0.654891669750214,-0.74904477596283
-0.618224084377289,-0.120655111968517,1.48466515541077,-0.0543516539037227,-0.0873646289110183,-0.651633620262146,-0.751523077487946
-0.618126034736633,-0.120201379060745,1.4845187664032,-0.055628839880228,-0.090469866991043,-0.6484494805336,-0.753812849521637
-0.618124961853027,-0.11988790333271,1.48429143428802,-0.0590580143034458,-0.0901152491569519,-0.645571529865265,-0.756061434745789
-0.618174910545349,-0.119571767747402,1.48419487476349,-0.0611374042928218,-0.0914986506104469,-0.642460763454437,-0.758376240730286
-0.618114233016968,-0.119189046323299,1.48410224914551,-0.0625992119312286,-0.094337522983551,-0.639064729213715,-0.760774672031403
-0.618372142314911,-0.119055427610874,1.48401308059692,-0.0654775947332382,-0.0945106670260429,-0.636436998844147,-0.76271116733551
-0.618271470069885,-0.118754521012306,1.48389101028442,-0.0673795416951179,-0.0954526513814926,-0.633104145526886,-0.765197992324829
-0.618234694004059,-0.118485733866692,1.48377156257629,-0.0692399367690086,-0.0965174213051796,-0.630199611186981,-0.767293095588684
-0.618269145488739,-0.118204817175865,1.48384213447571,-0.0711063370108604,-0.0976727902889251,-0.627496361732483,-0.769189298152924
-0.618270814418793,-0.117993593215942,1.48375368118286,-0.0726177841424942,-0.0988554656505584,-0.625224113464355,-0.770745813846588
-0.617772459983826,-0.117759823799133,1.48340475559235,-0.073418341577053,-0.0988332852721214,-0.622094035148621,-0.773201584815979
-0.617772459983826,-0.117759823799133,1.48340475559235,-0.073418341577053,-0.0988332852721214,-0.622094035148621,-0.773201584815979
-0.617605268955231,-0.117339290678501,1.48298621177673,-0.0762538909912109,-0.100053280591965,-0.6170494556427,-0.776804089546204
-0.617615938186646,-0.117174386978149,1.48293256759644,-0.0774468556046485,-0.100940681993961,-0.615200757980347,-0.778036594390869
-0.61773955821991,-0.117047592997551,1.48337399959564,-0.0792115107178688,-0.102087073028088,-0.613413691520691,-0.779119729995728
-0.617689490318298,-0.116877995431423,1.48335886001587,-0.0805241614580154,-0.102547705173492,-0.61136919260025,-0.780530273914337
-0.617668390274048,-0.116764649748802,1.48335039615631,-0.0816912427544593,-0.103174261748791,-0.609713673591614,-0.781620681285858
-0.617607176303864,-0.116677112877369,1.48332846164703,-0.0829950124025344,-0.103398434817791,-0.60796445608139,-0.782815456390381
-0.617604970932007,-0.116594702005386,1.48333883285522,-0.0841740146279335,-0.103941947221756,-0.606603562831879,-0.783672749996185
-0.617561936378479,-0.116545401513576,1.48334634304047,-0.085237942636013,-0.104198075830936,-0.605380237102509,-0.784469306468964
-0.617477655410767,-0.116502322256565,1.48333787918091,-0.0863312929868698,-0.104139141738415,-0.604380190372467,-0.78512841463089
-0.617400407791138,-0.116458863019943,1.48333299160004,-0.0873649939894676,-0.103915527462959,-0.603416562080383,-0.785784661769867
-0.617343604564667,-0.116478070616722,1.48334538936615,-0.0882901102304458,-0.103646017611027,-0.602799355983734,-0.786190450191498
-0.61722069978714,-0.116516456007957,1.48334562778473,-0.0893558114767074,-0.10271068662405,-0.601951360702515,-0.786842226982117
-0.617064416408539,-0.116523154079914,1.48335373401642,-0.0900315418839454,-0.102583587169647,-0.601730644702911,-0.786950647830963
-0.616858124732971,-0.116656921803951,1.48319602012634,-0.0909805595874786,-0.10180489718914,-0.601429224014282,-0.787172973155975
-0.616698622703552,-0.116744890809059,1.48315596580505,-0.0915774181485176,-0.101131685078144,-0.601154386997223,-0.787400484085083
-0.616564333438873,-0.116712622344494,1.48313498497009,-0.0920304208993911,-0.100413270294666,-0.601131975650787,-0.787456631660461
-0.6165452003479,-0.1168262809515,1.48318827152252,-0.0927048996090889,-0.100085340440273,-0.600953280925751,-0.787555754184723
-0.616420269012451,-0.116978801786899,1.48321139812469,-0.0938284620642662,-0.0992678329348564,-0.600876033306122,-0.787584960460663
-0.616329252719879,-0.117084577679634,1.48320400714874,-0.0944450125098228,-0.0986731424927711,-0.600917756557465,-0.787554204463959
-0.616230309009552,-0.117212794721127,1.48321652412415,-0.0951096639037132,-0.0979303270578384,-0.600842237472534,-0.787624537944794
-0.616024971008301,-0.117319449782371,1.48317134380341,-0.0957049056887626,-0.0966802164912223,-0.600815117359161,-0.78772759437561
-0.615967571735382,-0.117513403296471,1.48319017887115,-0.0961267426609993,-0.0962882190942764,-0.600747764110565,-0.787775576114655
-0.615843594074249,-0.117576912045479,1.48317682743073,-0.0956955552101135,-0.0972569808363914,-0.600898742675781,-0.787593901157379
-0.615732669830322,-0.117768704891205,1.48319137096405,-0.0961253494024276,-0.0968063101172447,-0.60076904296875,-0.787696003913879
-0.615719974040985,-0.118009328842163,1.48322629928589,-0.0965878963470459,-0.0964768826961517,-0.600743472576141,-0.787699341773987
-0.615635931491852,-0.11823445558548,1.48330473899841,-0.0969725549221038,-0.096060462296009,-0.601036727428436,-0.787479281425476
-0.615509688854218,-0.118467129766941,1.48325550556183,-0.0980089455842971,-0.0939892455935478,-0.600580036640167,-0.787949204444885
-0.615404486656189,-0.11867181956768,1.48330569267273,-0.097842589020729,-0.0938258841633796,-0.600635766983032,-0.787946879863739
-0.615705072879791,-0.119014143943787,1.48343336582184,-0.0987097695469856,-0.0941915363073349,-0.600891292095184,-0.787600219249725
-0.615584135055542,-0.119349583983421,1.48345029354095,-0.0993052050471305,-0.0938296988606453,-0.600811183452606,-0.7876296043396
-0.615498960018158,-0.119657076895237,1.48360502719879,-0.0995025783777237,-0.0938660278916359,-0.600955605506897,-0.787490129470825
-0.615339457988739,-0.119898200035095,1.48354208469391,-0.0997328534722328,-0.0933984294533729,-0.601273536682129,-0.78727388381958
-0.615277230739594,-0.120182871818542,1.48375475406647,-0.0999588370323181,-0.0933742672204971,-0.601436913013458,-0.787123441696167
-0.614919364452362,-0.120431214570999,1.48375141620636,-0.0999338403344154,-0.0926358550786972,-0.601415812969208,-0.787229895591736
-0.614818751811981,-0.12077022343874,1.48386585712433,-0.100216142833233,-0.0925772041082382,-0.601710677146912,-0.786975502967834
-0.61468517780304,-0.121106632053852,1.48387289047241,-0.0994117856025695,-0.0940768495202064,-0.602115869522095,-0.786589741706848
-0.614615797996521,-0.121448300778866,1.48399186134338,-0.0997653231024742,-0.0940147042274475,-0.602595150470734,-0.786185383796692
-0.61445289850235,-0.121815696358681,1.48391544818878,-0.0997996255755424,-0.093820184469223,-0.603086769580841,-0.785827040672302
-0.614326655864716,-0.122206032276153,1.48397934436798,-0.0999723076820373,-0.0938061624765396,-0.603674471378326,-0.785355448722839
-0.614287614822388,-0.122568100690842,1.48418545722961,-0.100467167794704,-0.0939219519495964,-0.6043621301651,-0.784749269485474
-0.614186763763428,-0.122977085411549,1.4842449426651,-0.100832864642143,-0.0938586443662643,-0.605149805545807,-0.78410267829895
-0.614083707332611,-0.123351037502289,1.48428916931152,-0.101192742586136,-0.0937748029828071,-0.605892598628998,-0.783492505550385
-0.614002525806427,-0.123748064041138,1.4843453168869,-0.101632423698902,-0.0937066152691841,-0.606624782085419,-0.782876968383789
-0.613896727561951,-0.124134913086891,1.48443198204041,-0.102142736315727,-0.093607522547245,-0.607550621032715,-0.782104194164276
-0.613849282264709,-0.124608263373375,1.48450136184692,-0.103383541107178,-0.0920600071549415,-0.60835063457489,-0.781502664089203
-0.613718807697296,-0.124963916838169,1.4843738079071,-0.103785201907158,-0.0915891453623771,-0.609377264976501,-0.780704438686371
-0.613655745983124,-0.125320762395859,1.48428845405579,-0.103784970939159,-0.0913384333252906,-0.610421895980835,-0.779917359352112
-0.613723278045654,-0.125708132982254,1.48458218574524,-0.10466443002224,-0.090176060795784,-0.611697673797607,-0.778935015201569
-0.613635540008545,-0.126211732625961,1.48457145690918,-0.10536178201437,-0.0899513885378837,-0.612881600856781,-0.777935683727264
-0.61357593536377,-0.126606419682503,1.4845986366272,-0.105890423059464,-0.0895561203360557,-0.613963842391968,-0.777055680751801
-0.613379836082458,-0.126908481121063,1.48461759090424,-0.106351755559444,-0.0899304971098899,-0.61519467830658,-0.775975167751312
-0.613374650478363,-0.127294436097145,1.48469316959381,-0.106854669749737,-0.0895982906222343,-0.616433024406433,-0.774961054325104
-0.613327741622925,-0.127660423517227,1.48483431339264,-0.107415355741978,-0.0890915989875793,-0.617717981338501,-0.773917973041534
-0.613271474838257,-0.128091007471085,1.48481523990631,-0.107758231461048,-0.0885392501950264,-0.61910080909729,-0.772828042507172
-0.613285481929779,-0.128518790006637,1.48478257656097,-0.107784658670425,-0.0878022909164428,-0.620826959609985,-0.771522641181946
-0.613285481929779,-0.128518790006637,1.48478257656097,-0.107784658670425,-0.0878022909164428,-0.620826959609985,-0.771522641181946
-0.613088607788086,-0.129284903407097,1.48494577407837,-0.108613282442093,-0.0859532579779625,-0.623352766036987,-0.769575655460358
-0.613052248954773,-0.129674851894379,1.48495137691498,-0.108328402042389,-0.0850171521306037,-0.625193774700165,-0.768225073814392
-0.612966954708099,-0.130094230175018,1.48475980758667,-0.108352825045586,-0.0823928415775299,-0.627130687236786,-0.766927897930145
-0.612920343875885,-0.130547493696213,1.4850594997406,-0.108506724238396,-0.0822921320796012,-0.629213392734528,-0.765209078788757
-0.612849473953247,-0.131031259894371,1.48518264293671,-0.108420550823212,-0.0809408873319625,-0.631468653678894,-0.763505756855011
-0.612720668315887,-0.131499111652374,1.48515725135803,-0.108146093785763,-0.0790494456887245,-0.633913934230804,-0.761714339256287
-0.612664043903351,-0.131977617740631,1.48529183864594,-0.107913374900818,-0.0775289684534072,-0.636469602584839,-0.759770035743713
-0.612664043903351,-0.131977617740631,1.48529183864594,-0.107913374900818,-0.0775289684534072,-0.636469602584839,-0.759770035743713
-0.612484753131866,-0.132980167865753,1.48541712760925,-0.106883488595486,-0.0737970620393753,-0.642218351364136,-0.755437314510345
-0.612376391887665,-0.133481860160828,1.48532402515411,-0.106096163392067,-0.0718540996313095,-0.644953846931458,-0.753402411937714
-0.612217009067535,-0.134041264653206,1.48522543907166,-0.105068936944008,-0.069648303091526,-0.647911965847015,-0.751212358474731
-0.612170219421387,-0.134432822465897,1.48556351661682,-0.103709772229195,-0.0695875734090805,-0.650884091854095,-0.74883371591568
-0.612665176391602,-0.135405153036117,1.48567461967468,-0.102705381810665,-0.0666209906339645,-0.65627133846283,-0.744527578353882
-0.612603545188904,-0.135934144258499,1.4858124256134,-0.102058246731758,-0.0646291971206665,-0.658798277378082,-0.742557942867279
-0.612181842327118,-0.136164411902428,1.48593997955322,-0.10097623616457,-0.0624620467424392,-0.65870726108551,-0.742971897125244
-0.612011253833771,-0.136701434850693,1.48597657680511,-0.0999194532632827,-0.0604467503726482,-0.661559641361237,-0.74074375629425
-0.612065732479095,-0.137217357754707,1.48626112937927,-0.0992148220539093,-0.0586285293102264,-0.664518535137177,-0.738332033157349
-0.612043261528015,-0.137664675712585,1.48655092716217,-0.0984286665916442,-0.0568923950195312,-0.666791558265686,-0.73652172088623
-0.612081289291382,-0.138208448886871,1.48645722866058,-0.0973151177167892,-0.0550614744424819,-0.669524133205414,-0.734326541423798
-0.612106442451477,-0.138674080371857,1.48657596111298,-0.0960475802421569,-0.0533708371222019,-0.672129213809967,-0.732235550880432
-0.612142562866211,-0.139225125312805,1.48644649982452,-0.0943387225270271,-0.0518178939819335,-0.674308359622955,-0.730563700199127
-0.612172782421112,-0.139747709035873,1.48673033714294,-0.0935993045568466,-0.0505945272743701,-0.67634654045105,-0.728858590126038
-0.612164556980133,-0.139966547489166,1.48701012134552,-0.0925736054778099,-0.0487594977021217,-0.678524911403656,-0.72708785533905
-0.612213730812073,-0.140414133667946,1.48708009719849,-0.0915785729885101,-0.0472076870501041,-0.680375337600708,-0.725585460662842
-0.612297654151917,-0.140946209430694,1.48715853691101,-0.0903342142701149,-0.045941337943077,-0.682019293308258,-0.724278211593628
-0.612307906150818,-0.14130525290966,1.48719251155853,-0.0894277319312095,-0.0446781851351261,-0.683546304702759,-0.723029136657715
-0.612427055835724,-0.141688048839569,1.4872864484787,-0.0884763374924659,-0.0435595475137233,-0.684963822364807,-0.721871912479401
-0.612544596195221,-0.142036288976669,1.48733067512512,-0.0876172184944152,-0.0424716211855411,-0.686396896839142,-0.720679402351379
-0.612667441368103,-0.142360866069794,1.48736929893494,-0.0867591500282287,-0.0414957553148269,-0.687455475330353,-0.719830513000488
-0.61282217502594,-0.142688751220703,1.48738741874695,-0.085974782705307,-0.0407328754663467,-0.688494145870209,-0.718975007534027
-0.613007724285126,-0.143149316310883,1.48724520206451,-0.0850200429558754,-0.0400763675570488,-0.689811825752258,-0.717861533164978
-0.613167464733124,-0.143415734171867,1.48726093769073,-0.0843369215726852,-0.0393280014395713,-0.690568149089813,-0.71725606918335
-0.613238573074341,-0.143559813499451,1.48726606369019,-0.083457663655281,-0.0383435599505901,-0.691101729869843,-0.716898322105408
-0.613380610942841,-0.143864318728447,1.48727869987488,-0.0825311467051506,-0.0376318246126174,-0.691837131977081,-0.71633368730545
-0.613600850105286,-0.144090667366982,1.48743486404419,-0.0819489359855651,-0.0369167029857635,-0.69263356924057,-0.71566778421402
-0.613791406154633,-0.144333526492119,1.48744940757751,-0.0811681002378463,-0.0362202003598213,-0.693297564983368,-0.715149223804474
-0.613983392715454,-0.144536375999451,1.48747169971466,-0.0803858190774917,-0.0357525683939456,-0.694003939628601,-0.714575827121735
-0.614063501358032,-0.144699543714523,1.48728966712952,-0.0794907510280609,-0.0357556119561195,-0.694656252861023,-0.714041650295258
-0.61425256729126,-0.14487436413765,1.48725080490112,-0.0786924213171005,-0.0349934250116348,-0.695363521575928,-0.713479280471802
-0.614454746246338,-0.145047754049301,1.48721218109131,-0.078025609254837,-0.0346452631056308,-0.696049809455872,-0.71289998292923
-0.614673733711243,-0.145158231258392,1.48717725276947,-0.0773080512881279,-0.0340378917753696,-0.696429789066315,-0.712636470794678
-0.614928364753723,-0.145295187830925,1.4871906042099,-0.0764898806810379,-0.0337804555892944,-0.696786463260651,-0.712388038635254
-0.615198135375977,-0.145480826497078,1.48727536201477,-0.0758312195539474,-0.0335140153765678,-0.697494566440582,-0.711777985095978
-0.615405559539795,-0.145493403077125,1.48726260662079,-0.0750832110643386,-0.0329845957458019,-0.697699666023254,-0.711680948734283
-0.615671575069427,-0.145514518022537,1.48724484443665,-0.0743251368403434,-0.0326244421303272,-0.698407053947449,-0.711082875728607
-0.615921378135681,-0.145557031035423,1.487175822258,-0.0735741034150123,-0.0320947803556919,-0.69876891374588,-0.710829854011536
-0.615921378135681,-0.145557031035423,1.487175822258,-0.0735741034150123,-0.0320947803556919,-0.69876891374588,-0.710829854011536
-0.616287350654602,-0.145360887050629,1.4869259595871,-0.0716846585273742,-0.0339901410043239,-0.699511408805847,-0.710204184055328
-0.616492331027985,-0.145345389842987,1.48680353164673,-0.0708878114819526,-0.0335622876882553,-0.699862420558929,-0.709958732128143
-0.616886854171753,-0.145445689558983,1.48673009872437,-0.0705173760652542,-0.0306084733456373,-0.70016610622406,-0.709829449653625
-0.617229580879211,-0.145366579294205,1.48673391342163,-0.0699381604790687,-0.030452849343419,-0.700619578361511,-0.709445953369141
-0.617537438869476,-0.145263880491257,1.48667800426483,-0.0692989155650138,-0.0301345363259315,-0.700883209705353,-0.709261894226074
-0.617822825908661,-0.145154535770416,1.48661780357361,-0.0685779824852943,-0.0297784078866243,-0.701257288455963,-0.708977162837982
-0.618156969547272,-0.145141005516052,1.48651969432831,-0.0677814930677414,-0.0296587329357862,-0.701771199703217,-0.708550155162811
-0.618418335914612,-0.144980132579803,1.48643374443054,-0.0671082884073257,-0.0291822124272584,-0.70242041349411,-0.707990646362305
-0.618418335914612,-0.144980132579803,1.48643374443054,-0.0671082884073257,-0.0291822124272584,-0.70242041349411,-0.707990646362305
-0.619030117988586,-0.144696652889252,1.48643529415131,-0.0657178908586502,-0.0286829881370067,-0.703466475009918,-0.707102179527283
-0.619281530380249,-0.144570916891098,1.48634922504425,-0.0647500902414321,-0.0284334644675254,-0.704067766666412,-0.706602871417999
-0.619568347930908,-0.144436776638031,1.48625636100769,-0.0639159977436065,-0.0281890835613012,-0.704605579376221,-0.706152379512787
-0.619856059551239,-0.144236862659454,1.4861752986908,-0.0630704909563064,-0.0279036853462457,-0.705214738845825,-0.705631375312805
-0.620154619216919,-0.144138246774673,1.48612236976624,0.0621150210499763,0.0279038585722446,0.70608526468277,0.704845130443573
-0.620428621768951,-0.144148275256157,1.48583173751831,0.0609924793243408,0.0277977157384157,0.706960201263428,0.704069912433624
-0.620747029781342,-0.143945395946503,1.48580002784729,0.0603473372757434,0.0274837110191583,0.707235872745514,0.703861176967621
-0.620999038219452,-0.143708318471909,1.48582112789154,0.0594690814614295,0.0270978678017854,0.707776248455048,0.703407406806946
-0.62125825881958,-0.143604665994644,1.4857759475708,0.058456901460886,0.0271553453058004,0.708417594432831,0.702844202518463
-0.621555626392365,-0.143371820449829,1.48572242259979,0.0576776750385761,0.0268546137958765,0.708917558193207,0.702416002750397
-0.621840357780457,-0.143222957849503,1.48570156097412,0.0568650364875793,0.0268156751990318,0.709539890289307,0.701855063438416
-0.62213921546936,-0.143103301525116,1.48567008972168,0.0558360666036605,0.0268860012292861,0.710293292999268,0.701172649860382
-0.622389733791351,-0.142952144145965,1.48563539981842,0.0549514256417751,0.0269852727651596,0.710969090461731,0.700553476810455
-0.622636556625366,-0.142746165394783,1.4855535030365,0.0540616586804389,0.0266354493796825,0.711243391036987,0.700357615947723
-0.62294328212738,-0.142569810152054,1.48548674583435,0.0531891882419586,0.0267310626804828,0.711924970149994,0.699728012084961
-0.623224437236786,-0.142444729804993,1.48543477058411,0.0521422773599624,0.0268653929233551,0.712503731250763,0.699212253093719
-0.623465240001678,-0.142233967781067,1.48537409305573,0.0514064244925975,0.0267802588641643,0.712891519069672,0.698874771595001
-0.623788058757782,-0.142096966505051,1.48537874221802,0.0504417978227138,0.0268781352788209,0.713481247425079,0.698339223861694
-0.623999357223511,-0.141849756240845,1.48534154891968,0.0495314113795757,0.0269659720361232,0.713842570781708,0.698031663894653
-0.624278485774994,-0.141626730561256,1.4852888584137,0.0488010197877883,0.0267153829336166,0.713927209377289,0.698006451129913
-0.624547064304352,-0.141516000032425,1.4851633310318,0.0479473732411861,0.0271453578025102,0.71514219045639,0.696803987026215
-0.624876797199249,-0.141348391771317,1.48515748977661,0.0471957735717296,0.0273930169641971,0.715612590312958,0.696362614631653
-0.62516713142395,-0.141193076968193,1.48522639274597,0.0463957265019416,0.0273442678153514,0.715507745742798,0.696525990962982
-0.625390410423279,-0.141028359532356,1.48514950275421,0.0455130860209465,0.0274289101362228,0.715804755687714,0.69627583026886
-0.625590085983276,-0.140878483653068,1.48501825332642,0.0445013865828514,0.0274982508271932,0.716180860996246,0.695951402187347
-0.625844597816467,-0.140751898288727,1.48499274253845,0.0438711233437061,0.0277383439242839,0.716588795185089,0.69556200504303
-0.626067996025085,-0.140623956918716,1.4849556684494,0.0431804880499839,0.0279616098850965,0.716839253902435,0.695338129997253
-0.626299738883972,-0.140593364834785,1.48492467403412,0.0420476719737052,0.028614355251193,0.717274844646454,0.69493180513382
-0.626299738883972,-0.140593364834785,1.48492467403412,0.0420476719737052,0.028614355251193,0.717274844646454,0.69493180513382
-0.626668453216553,-0.140271916985512,1.48482966423035,0.0407312139868736,0.0287669543176889,0.717838048934937,0.69442218542099
-0.626863658428192,-0.140173196792603,1.48484003543854,0.0400694832205772,0.0292480457574129,0.718214154243469,0.694051444530487
-0.627297937870026,-0.140375316143036,1.48480808734894,0.0387651063501834,0.0310358759015798,0.721964120864868,0.690146327018738
-0.627543330192566,-0.140274047851562,1.48490822315216,0.0383684858679771,0.031441181898117,0.722172021865845,0.689932525157928
-0.627741992473602,-0.140182822942734,1.48495936393738,0.0379373654723167,0.0320092104375362,0.722614109516144,0.689467251300812
-0.627924919128418,-0.140150740742683,1.48482501506805,0.0373745970427989,0.0326162539422512,0.723096311092377,0.688963770866394
-0.62813264131546,-0.140057161450386,1.48484838008881,0.0370582938194274,0.0330431200563907,0.723373234272003,0.688669741153717
-0.628359019756317,-0.139962524175644,1.48485136032104,0.0368819460272789,0.0334892123937606,0.723681092262268,0.688334286212921
-0.628474593162537,-0.139734864234924,1.48475253582001,0.0367337726056575,0.0336808636784553,0.723741352558136,0.688269376754761
-0.628767967224121,-0.139616698026657,1.48500311374664,0.0366576500236988,0.0345531925559043,0.723991930484772,0.687966585159302
-0.629104435443878,-0.139495044946671,1.48499131202698,0.0367008671164512,0.0356272719800472,0.724692940711975,0.687171101570129
-0.62933474779129,-0.139306783676147,1.48493981361389,0.0368500612676143,0.0358875282108783,0.724979043006897,0.686847567558289
-0.629530489444733,-0.139190673828125,1.48483955860138,0.0368667505681514,0.0360191278159618,0.724673449993134,0.687162280082703
-0.629823923110962,-0.139148265123367,1.4845517873764,0.0368059054017066,0.0366064347326755,0.725191593170166,0.686587572097778
-0.630075395107269,-0.139010608196258,1.48446083068848,0.0368195660412311,0.0371923446655273,0.725664794445038,0.686055183410645
-0.630297243595123,-0.138848930597305,1.48434627056122,0.0368796810507774,0.0378923825919628,0.72623884677887,0.685405910015106
-0.630601227283478,-0.138667076826095,1.48430776596069,0.0373428799211978,0.0384407825767993,0.726535677909851,0.685035586357117
-0.630805730819702,-0.138422399759293,1.48422932624817,0.037548542022705,0.0388174578547477,0.72684782743454,0.684671998023987
-0.630941987037659,-0.138320684432983,1.48432195186615,0.0386343896389007,0.0394495502114295,0.727351427078247,0.684040307998657
-0.631220757961273,-0.138183385133743,1.48420405387878,0.0389440096914768,0.0399967022240161,0.727593123912811,0.683733701705933
-0.63144862651825,-0.137992680072784,1.48405027389526,0.0393570512533187,0.0403175428509712,0.728202760219574,0.683042109012604
-0.631651639938354,-0.137940973043442,1.48374497890472,0.039128229022026,0.0410417951643466,0.728990972042084,0.682170629501343
-0.631904721260071,-0.137791827321052,1.48359858989716,0.040013313293457,0.041273470968008,0.729396522045135,0.681671679019928
-0.632212042808533,-0.137633040547371,1.48339533805847,0.0403746366500854,0.0420470684766769,0.730211615562439,0.680729746818542
-0.632372081279755,-0.137557506561279,1.48307800292969,0.0404279269278049,0.0426176153123378,0.730491816997528,0.680390357971191
-0.632550537586212,-0.137354373931885,1.48305869102478,0.0405715890228748,0.0433334633708,0.731441020965576,0.679316103458405
-0.63285893201828,-0.137355029582977,1.48283338546753,0.0410603731870651,0.0441351570188999,0.732351183891296,0.678253650665283
-0.632951736450195,-0.13702617585659,1.48276662826538,0.0414223037660121,0.0444314554333686,0.732811033725739,0.677715361118317
-0.633220314979553,-0.136944144964218,1.48270511627197,0.0418061427772045,0.0453311912715435,0.73362010717392,0.676756083965302
-0.633433818817139,-0.136859938502312,1.48266685009003,0.0420879870653152,0.0462548471987247,0.734711408615112,0.675491273403168
-0.633433818817139,-0.136859938502312,1.48266685009003,0.0420879870653152,0.0462548471987247,0.734711408615112,0.675491273403168
-0.633878588676453,-0.136818632483482,1.48259770870209,0.0433184951543808,0.0473959818482399,0.736286163330078,0.67361706495285
-0.634100675582886,-0.136763125658035,1.48280608654022,0.0440502725541591,0.0481421165168285,0.737179160118103,0.672539114952087
-0.634275197982788,-0.136673629283905,1.48274910449982,0.0447422228753566,0.0485244579613208,0.738220512866974,0.671322584152222
-0.634275197982788,-0.136673629283905,1.48274910449982,0.0447422228753566,0.0485244579613208,0.738220512866974,0.671322584152222
-0.634468257427216,-0.136643260717392,1.48261952400208,0.0454470552504062,0.0494660958647728,0.741327226161957,0.667773723602295
-0.634393572807312,-0.13656935095787,1.48243153095245,0.0455277450382709,0.0505123622715473,0.74282318353653,0.666025280952454
-0.634427905082703,-0.136594548821449,1.48239326477051,0.045785404741764,0.0508102849125862,0.744858145713806,0.66370815038681
-0.634427905082703,-0.136594548821449,1.48239326477051,0.045785404741764,0.0508102849125862,0.744858145713806,0.66370815038681
-0.634535431861877,-0.13674233853817,1.48230290412903,0.0462131425738334,0.0507378242909908,0.748999059200287,0.65900731086731
-0.634630501270294,-0.136964902281761,1.48227679729462,0.0464290790259838,0.0512724742293357,0.751161277294159,0.65648490190506
-0.634548246860504,-0.137016847729683,1.48207175731659,0.0465807691216468,0.0509645789861679,0.753348410129547,0.653987050056458
-0.634548246860504,-0.137016847729683,1.48207175731659,0.0465807691216468,0.0509645789861679,0.753348410129547,0.653987050056458
-0.634633481502533,-0.136930197477341,1.48201906681061,0.0452336557209491,0.050925076007843,0.758265733718872,0.648377895355225
-0.634496688842773,-0.136824712157249,1.48231863975525,0.0474199280142784,0.048867505043745,0.756708920001984,0.650196075439453
-0.634744942188263,-0.137432709336281,1.48223972320557,0.0452438034117221,0.0517582446336746,0.763353168964386,0.642313063144684
-0.63458126783371,-0.137435153126717,1.48213469982147,0.0448684282600879,0.0518314726650714,0.766321957111359,0.63878870010376
-0.634552776813507,-0.137659713625908,1.48214554786682,0.0447775274515152,0.0516509488224983,0.76775449514389,0.637087225914001
-0.634481489658356,-0.137774005532265,1.48214995861053,0.0446600690484046,0.0516431182622909,0.770336747169495,0.633971512317657
-0.634593069553375,-0.138138324022293,1.48231518268585,0.0447631664574146,0.0521552748978138,0.772494316101074,0.631291270256042
-0.634315133094788,-0.13810920715332,1.48222887516022,0.0445661507546901,0.0515554435551166,0.774388372898102,0.629029929637909
-0.634201288223267,-0.138252317905426,1.48213136196136,0.044364508241415,0.0515918619930744,0.777229905128479,0.625526785850525
-0.634133875370026,-0.13838991522789,1.48210167884827,0.044085007160902,0.0517593957483768,0.77949595451355,0.622706711292267
-0.634060978889465,-0.138605803251266,1.48206794261932,0.0438316091895103,0.0516370199620723,0.780831933021545,0.621058762073517
-0.633969128131866,-0.138737291097641,1.48200368881226,0.0436305999755859,0.0516098104417324,0.783143699169159,0.618157565593719
-0.633969128131866,-0.138737291097641,1.48200368881226,0.0436305999755859,0.0516098104417324,0.783143699169159,0.618157565593719
-0.633796572685242,-0.139142647385597,1.48205316066742,0.0431158989667892,0.0522226430475711,0.787624359130859,0.61242288351059
-0.633607447147369,-0.139291197061539,1.48189353942871,0.0424665994942188,0.0522235035896301,0.789767205715179,0.609702587127686
-0.6334348320961,-0.139479041099548,1.48165261745453,0.0420387685298919,0.0523107424378395,0.791602611541748,0.607339918613434
-0.633315443992615,-0.139579012989998,1.48166227340698,0.0419383943080902,0.0520243123173713,0.792297601699829,0.606464505195618
-0.633212387561798,-0.139841079711914,1.48171472549438,0.0424539446830749,0.0522681698203086,0.79405289888382,0.604107260704041
-0.63310033082962,-0.140147686004639,1.48141765594482,0.0421878360211849,0.0525271818041801,0.795675039291382,0.601965606212616
-0.633083760738373,-0.140344470739365,1.48137903213501,0.0429573878645896,0.0521384961903095,0.795775771141052,0.601811647415161
-0.632816851139069,-0.14041043817997,1.48133206367493,0.0424735285341739,0.0522661842405796,0.797061562538147,0.600131034851074
-0.632476806640625,-0.140401870012283,1.48130738735199,0.0417176596820354,0.0522824823856353,0.798644363880157,0.598074853420258
-0.632444202899933,-0.140713006258011,1.48125231266022,0.0418069325387477,0.0527129657566547,0.800447583198547,0.595615088939667
-0.632301688194275,-0.140874117612839,1.48112618923187,0.0416770204901695,0.0529175624251365,0.801833748817444,0.593738317489624
-0.631850004196167,-0.140792548656464,1.48093259334564,0.0411290489137172,0.052514661103487,0.803023397922516,0.592202842235565
-0.631789088249207,-0.141142189502716,1.48093819618225,0.0409603491425514,0.0532927773892879,0.804430186748505,0.590232372283936
-0.631517887115479,-0.141239821910858,1.48067760467529,0.0405654683709144,0.053506352007389,0.805672645568848,0.588543295860291
-0.631254494190216,-0.141286671161652,1.48064458370209,0.040299717336893,0.0537242330610752,0.806854605674744,0.586920261383057
-0.63104635477066,-0.141548693180084,1.48062109947205,0.040077444165945,0.054355964064598,0.808504045009613,0.584602892398834
-0.630955934524536,-0.141721755266189,1.48065972328186,0.040187332779169,0.0550089217722415,0.809596121311188,0.583020806312561
-0.630641996860504,-0.141856744885445,1.48057556152344,0.0398961454629898,0.0552742145955562,0.810652196407318,0.581546366214752
-0.630178868770599,-0.141807034611702,1.48035478591919,0.0391935929656028,0.0556194707751274,0.812574028968811,0.578872799873352
-0.629946291446686,-0.141942501068115,1.48034417629242,0.0392200462520122,0.0557192899286747,0.812834799289703,0.5784952044487
-0.629630565643311,-0.142044425010681,1.48029375076294,0.0390285737812519,0.0560489371418952,0.813754141330719,0.577182531356812
-0.62938529253006,-0.142308428883552,1.48030543327332,0.0390258096158504,0.0565535761415958,0.814695060253143,0.575804471969604
-0.629079639911652,-0.142482250928879,1.48030948638916,0.0388376899063587,0.0570850558578968,0.815574526786804,0.574518322944641
-0.62896192073822,-0.142817854881287,1.48046088218689,0.0386979989707469,0.0581015907227993,0.816604495048523,0.572960674762726
-0.628566980361938,-0.142857894301414,1.4802839756012,0.0385810770094394,0.0584581643342971,0.817224323749542,0.572047770023346
-0.628223896026611,-0.142963051795959,1.48029828071594,0.0385126806795597,0.0590777955949306,0.817831754684448,0.571119844913483
-0.627928674221039,-0.143100276589394,1.48036539554596,0.0383906476199626,0.0598681420087814,0.818495452404022,0.570094108581543
-0.627537965774536,-0.143106073141098,1.48032188415527,0.0382955037057399,0.0602909959852695,0.818932354450226,0.569428145885468
-0.62718003988266,-0.143169671297073,1.48027217388153,0.038430456072092,0.0607265345752239,0.819446623325348,0.568632185459137
-0.626884341239929,-0.143249541521072,1.48033845424652,0.0384676046669483,0.0614261105656623,0.819775700569153,0.568080067634583
-0.626535713672638,-0.143270224332809,1.4803878068924,0.0383163467049598,0.0621730722486972,0.819933712482452,0.5677809715271
-0.626018524169922,-0.143175303936005,1.48032593727112,0.0382633954286575,0.062275942414999,0.820044696331024,0.567612886428833
-0.62571769952774,-0.143306314945221,1.4804013967514,0.0386062748730182,0.0629009827971458,0.820335626602173,0.567099988460541
-0.625352680683136,-0.143399298191071,1.48049414157867,0.0388410128653049,0.0637839660048484,0.820733904838562,0.566408812999725
-0.624995946884155,-0.143415749073029,1.48051869869232,0.039115160703659,0.0642658025026321,0.820909917354584,0.566080391407013
-0.624616265296936,-0.143461763858795,1.48057532310486,0.0393647961318492,0.0648344084620475,0.821204721927643,0.56557035446167
-0.624183833599091,-0.143495827913284,1.48063921928406,0.0394806303083896,0.0654687955975532,0.821567237377167,0.564962387084961
-0.623808443546295,-0.143542915582657,1.48072040081024,0.0398972816765308,0.066087007522583,0.821637809276581,0.564758598804474
-0.62336528301239,-0.143595427274704,1.48079669475555,0.0400959998369216,0.0666290298104286,0.821818053722382,0.564418256282806
-0.623020052909851,-0.143597841262817,1.48090779781342,0.040343876928091,0.0675960853695869,0.822856605052948,0.562770187854767
-0.622618138790131,-0.143594354391098,1.48094475269318,0.0409210883080959,0.0677156969904899,0.822435081005096,0.563330054283142
-0.62231719493866,-0.143830537796021,1.48103880882263,0.0404541864991188,0.0692343041300773,0.824034929275513,0.560835599899292
-0.621787250041962,-0.143609941005707,1.48104166984558,0.0419716350734233,0.0687180757522583,0.822906613349915,0.562441885471344
-0.621383607387543,-0.143570467829704,1.48112678527832,0.0425355620682239,0.0692545920610427,0.822984218597412,0.562220275402069
-0.621205449104309,-0.143828779459,1.48128747940063,0.0432044565677642,0.0705162733793258,0.823387145996094,0.561421930789948
-0.620699644088745,-0.143653124570847,1.48134553432465,0.0437213629484176,0.070585623383522,0.823324739933014,0.561464607715607
-0.620390832424164,-0.143815442919731,1.4813768863678,0.0431488715112209,0.0718664526939392,0.824895262718201,0.559036076068878
-0.619962811470032,-0.143589675426483,1.4814647436142,0.0448162779211998,0.071512371301651,0.823457717895508,0.561065912246704
-0.619595468044281,-0.143600523471832,1.48153162002563,0.0453026704490184,0.0720850601792335,0.823469281196594,0.560936748981476
-0.619564294815063,-0.143562704324722,1.48168861865997,0.046735756099224,0.0728636309504509,0.823419213294983,0.560791969299316
-0.619159340858459,-0.143502205610275,1.48175358772278,0.0471930690109729,0.0732233598828315,0.82329922914505,0.560882806777954
-0.618433237075806,-0.143438994884491,1.48176002502441,0.0468407943844795,0.0731865167617797,0.822978556156158,0.561387598514557
-0.617997646331787,-0.143387138843536,1.48180079460144,0.0473424457013607,0.0735023990273475,0.822712123394012,0.561694741249084
-0.617537438869476,-0.143273532390594,1.48180997371674,0.047712180763483,0.0734869018197059,0.822533369064331,0.561927258968353
-0.617518782615662,-0.143240556120872,1.48191511631012,0.0490184687077999,0.0742138847708702,0.822396337985992,0.561919808387756
-0.616671204566956,-0.143147155642509,1.48185276985168,0.0484315082430839,0.0738275945186615,0.821946203708649,0.562679529190063
-0.616813063621521,-0.143112733960152,1.4819188117981,0.0500516556203365,0.0747070983052253,0.821686804294586,0.562800586223602
-0.616063416004181,-0.143223792314529,1.48182451725006,0.0484405867755413,0.0752938613295555,0.8227658867836,0.561284840106964
-0.615744531154633,-0.14315527677536,1.4818069934845,0.0488675236701965,0.0754568427801132,0.822354733943939,0.561828196048737
-0.615684866905212,-0.142944455146789,1.48179459571838,0.0500648468732833,0.0756725594401359,0.82195371389389,0.562280535697937
-0.61541336774826,-0.143016457557678,1.48188400268555,0.0507769621908664,0.0774067789316177,0.821712136268616,0.562333583831787
-0.614587604999542,-0.142643541097641,1.48176372051239,0.0512737967073917,0.0761333033442497,0.819523870944977,0.565645933151245
-0.614096581935883,-0.142227947711944,1.48162770271301,0.0516004934906959,0.074125662446022,0.818742632865906,0.567012846469879
-0.61388236284256,-0.142219886183739,1.48166823387146,0.0519346557557582,0.0745292976498603,0.818251073360443,0.567638516426086
-0.613507151603699,-0.142131760716438,1.48162770271301,0.0521356984972953,0.0745601579546928,0.817800045013428,0.568265497684479
-0.613188982009888,-0.142082318663597,1.48159992694855,0.0523658208549022,0.0746985152363777,0.817253351211548,0.569012403488159
-0.612913131713867,-0.141924455761909,1.4815685749054,0.0525633171200752,0.0748272240161895,0.81655216217041,0.569982945919037
-0.612706303596497,-0.142019912600517,1.48156487941742,0.0526992492377758,0.0752834975719451,0.816122055053711,0.570526123046875
-0.612435340881348,-0.142014548182487,1.48148107528687,0.0531711801886558,0.0751403346657753,0.816160321235657,0.570446491241455
-0.612171947956085,-0.141981899738312,1.48148930072784,0.0534477941691875,0.0752742365002632,0.815585613250732,0.571224331855774
-0.61231142282486,-0.141952276229858,1.48157823085785,0.0546068362891674,0.075715385377407,0.815189003944397,0.571622431278229
-0.612054288387299,-0.141877859830856,1.48153531551361,0.0548090673983097,0.0757064446806907,0.814771354198456,0.57219934463501
-0.611706078052521,-0.141750037670135,1.48153352737427,0.0552196092903614,0.0766084417700767,0.814411282539368,0.57255232334137
-0.610998451709747,-0.141662329435349,1.48145854473114,0.0543713867664337,0.0760724917054176,0.813851535320282,0.573500156402588
-0.61079353094101,-0.141595736145973,1.48153746128082,0.054753340780735,0.0762783885002136,0.813508927822113,0.573922455310822
-0.610883831977844,-0.14145216345787,1.48153686523438,0.0555934198200702,0.0764749869704246,0.81310647726059,0.574385762214661
-0.61061018705368,-0.141357511281967,1.48151135444641,0.0555417612195014,0.0763673484325409,0.812745869159698,0.574915170669556
-0.610127687454224,-0.141411334276199,1.48147642612457,0.0545595735311508,0.0748119503259658,0.8123379945755,0.575789451599121
-0.610127687454224,-0.141411334276199,1.48147642612457,0.0545595735311508,0.0748119503259658,0.8123379945755,0.575789451599121
-0.609630048274994,-0.141259774565697,1.48140752315521,0.0547181777656078,0.0760693922638893,0.811723411083221,0.576476097106934
-0.609264254570007,-0.141094326972961,1.48148024082184,0.0524229183793067,0.0780868530273437,0.813502252101898,0.573906302452087
-0.609101355075836,-0.141082793474197,1.48146748542786,0.0524388700723648,0.0782335922122001,0.813238441944122,0.574258804321289
-0.609195232391357,-0.141298338770866,1.48140394687653,0.0528041645884513,0.0789271667599678,0.813233435153961,0.574137330055237
-0.60907781124115,-0.14135330915451,1.4815399646759,0.0524673983454704,0.0778914019465446,0.812802493572235,0.57491934299469
-0.60886538028717,-0.141312003135681,1.48150789737701,0.0523989759385585,0.0778049826622009,0.812676548957825,0.575115323066711
-0.608922600746155,-0.141567841172218,1.48149061203003,0.0547237619757652,0.0760968551039695,0.81025767326355,0.578530192375183
-0.608780205249786,-0.141583502292633,1.48149919509888,0.0546329952776432,0.0762646868824958,0.809930980205536,0.578974068164825
-0.608637511730194,-0.141585305333138,1.48146235942841,0.0545755624771118,0.076353333890438,0.809604465961456,0.579424202442169
-0.608527898788452,-0.141569465398788,1.48144328594208,0.0545625798404216,0.0764045268297195,0.809256374835968,0.579904675483704
-0.608240723609924,-0.141385644674301,1.48145282268524,0.054524790495634,0.0775344371795654,0.808745622634888,0.580470621585846
-0.608129441738129,-0.141370505094528,1.48142313957214,0.0544501431286335,0.0776022374629974,0.808393955230713,0.580958127975464
-0.608126819133759,-0.141460806131363,1.48135995864868,0.054513219743967,0.0778910666704177,0.808194398880005,0.581191122531891
-0.608361005783081,-0.14140747487545,1.48142659664154,0.055269531905651,0.0782428309321403,0.807938694953918,0.581427991390228
-0.608361005783081,-0.14140747487545,1.48142659664154,0.055269531905651,0.0782428309321403,0.807938694953918,0.581427991390228
-0.608303725719452,-0.141392379999161,1.48136734962463,0.0549201853573322,0.0769237577915191,0.807266891002655,0.582569122314453
-0.608435094356537,-0.141639724373817,1.48141324520111,0.0552985332906246,0.0782010853290557,0.807326853275299,0.582280158996582
-0.608399987220764,-0.14163875579834,1.48139762878418,0.0553499236702919,0.0788856372237205,0.806791305541992,0.582924783229828
-0.607724487781525,-0.141444265842438,1.48137509822845,0.0542268082499504,0.0778974816203117,0.806371688842773,0.583743274211884
-0.607622921466827,-0.141323164105415,1.48114466667175,0.0543229170143604,0.0775037109851837,0.806071102619171,0.584201812744141
-0.607623338699341,-0.141268849372864,1.48114156723022,0.0546921379864215,0.0776281356811523,0.805683553218842,0.584685146808624
-0.607631921768188,-0.141274303197861,1.48102271556854,0.0548653677105903,0.0775226652622222,0.805479049682617,0.584964692592621
-0.607346415519714,-0.140897944569588,1.48098433017731,0.0524221621453762,0.079102836549282,0.807510495185852,0.582169711589813
-0.607346415519714,-0.140897944569588,1.48098433017731,0.0524221621453762,0.079102836549282,0.807510495185852,0.582169711589813
-0.607351064682007,-0.140825852751732,1.48095285892487,0.0527399219572544,0.0787486433982849,0.80698436498642,0.582917988300323
-0.607506394386292,-0.141027763485909,1.48089027404785,0.053017470985651,0.0789885595440864,0.806960999965668,0.582892775535583
-0.607649028301239,-0.141073018312454,1.48105323314667,0.053188469260931,0.0792392641305923,0.806501507759094,0.583478808403015
-0.607560276985168,-0.140835404396057,1.48097944259644,0.0530185513198375,0.0770977139472961,0.805840134620667,0.584693789482117
-0.607630491256714,-0.140880599617958,1.48104906082153,0.0531071349978446,0.077072262763977,0.805525481700897,0.585122287273407
-0.607963502407074,-0.141109228134155,1.48118162155151,0.0557990036904811,0.0751759558916091,0.803047955036163,0.58851420879364
-0.608027160167694,-0.141067415475845,1.48125493526459,0.055867101997137,0.0750191211700439,0.802839815616608,0.588811755180359
-0.607955574989319,-0.140892535448074,1.48129332065582,0.0560404472053051,0.0759755596518516,0.80256986618042,0.589040637016296
-0.608011782169342,-0.140849769115448,1.48130965232849,0.0560646764934062,0.0757391229271888,0.802240431308746,0.589517414569855
-0.608122527599335,-0.140878170728683,1.48121309280396,0.0561341568827629,0.0755458250641822,0.802092909812927,0.58973628282547
-0.608210921287537,-0.140792891383171,1.48143196105957,0.0563189126551151,0.0753627642989158,0.801743447780609,0.590216875076294
-0.608245551586151,-0.140727803111076,1.4814647436142,0.0562871545553207,0.0750188454985618,0.801312446594238,0.590848803520203
-0.608124196529388,-0.140503257513046,1.48124015331268,0.0559394881129264,0.0741730630397796,0.80043351650238,0.592178463935852
-0.608528912067413,-0.140902802348137,1.48139047622681,0.0561490170657634,0.0748700648546218,0.800437271595001,0.592065870761871
-0.60846471786499,-0.140626206994057,1.48135328292847,0.0558470599353313,0.072451077401638,0.799720168113708,0.593363046646118
-0.608689427375793,-0.140707433223724,1.48142910003662,0.0559390597045421,0.0724817588925361,0.79941999912262,0.593755006790161
-0.60867178440094,-0.140496701002121,1.48122942447662,0.0557734034955501,0.0716034024953842,0.798805713653564,0.594703257083893
-0.60859352350235,-0.140241295099258,1.48117363452911,0.0553928092122077,0.0707165151834487,0.798029780387878,0.595885336399078
-0.60865843296051,-0.14014695584774,1.48119068145752,0.0551822334527969,0.0702460557222366,0.797390818595886,0.59681510925293
-0.608801066875458,-0.140114441514015,1.48146057128906,0.0551457293331623,0.0699604824185371,0.796883463859558,0.597529292106628
-0.608783364295959,-0.139867454767227,1.4812695980072,0.0548049658536911,0.0689359530806541,0.796121060848236,0.598694980144501
-0.608799159526825,-0.139654278755188,1.4813117980957,0.0544252209365367,0.0683736801147461,0.795020580291748,0.600254356861115
-0.609053254127502,-0.139718800783157,1.48173320293427,0.054310992360115,0.0681888535618782,0.794245839118958,0.6013103723526
-0.609045207500458,-0.139556244015694,1.48163032531738,0.0537516698241233,0.067619614303112,0.793202936649323,0.602799713611603
-0.609035491943359,-0.139280647039413,1.48164069652557,0.0532957799732685,0.066593699157238,0.792306363582611,0.604132056236267
-0.609007716178894,-0.139079973101616,1.48172736167908,0.0528561174869537,0.0673529282212257,0.791205704212189,0.605527520179749
-0.609114408493042,-0.138966679573059,1.48175835609436,0.0523508414626121,0.0659379735589027,0.790407657623291,0.606768012046814
-0.60931384563446,-0.139057338237762,1.48175990581512,0.0519666075706481,0.06468416005373,0.790030479431152,0.607426941394806
-0.609322488307953,-0.138831943273544,1.48180663585663,0.0505964048206806,0.0646105334162712,0.789878010749817,0.607748508453369
-0.609407305717468,-0.13885335624218,1.48158740997314,0.0500818826258182,0.0639279410243034,0.789358496665955,0.608537673950195
-0.609509468078613,-0.138792991638184,1.48160350322723,0.0498268604278564,0.0630753636360168,0.788802266120911,0.60936838388443
-0.609579563140869,-0.138688877224922,1.48163497447968,0.0492344386875629,0.0624729096889495,0.788064777851105,0.610431969165802
-0.609667956829071,-0.138601779937744,1.48165106773376,0.0485968105494976,0.0618367865681648,0.787443161010742,0.611349284648895
-0.609848260879517,-0.138532042503357,1.48184216022491,0.0481550768017768,0.0613789297640323,0.786720991134644,0.612359225749969
-0.609840869903564,-0.138338789343834,1.48186993598938,0.0476178489625453,0.0621887668967247,0.786180377006531,0.613013446331024
-0.610010027885437,-0.138307079672813,1.48187029361725,0.0470373407006263,0.0601683668792247,0.785711169242859,0.613861083984375
