x,y,z,q0,q1,q2,q3
0.635443508625031,-0.321645736694336,0.751624763011932,0.276741236448288,-0.898873746395111,-0.314828813076019,-0.127761572599411
0.635287702083588,-0.321652621030807,0.752107620239258,0.278082937002182,-0.898499011993408,-0.315439671278,-0.125965237617493
0.635287702083588,-0.321652621030807,0.752107620239258,0.278082937002182,-0.898499011993408,-0.315439671278,-0.125965237617493
0.6356600522995,-0.32109346985817,0.752438545227051,0.290002286434174,-0.894591093063354,-0.320563673973083,-0.113335147500038
0.634736776351929,-0.321527600288391,0.753651142120361,0.283923983573914,-0.897079765796661,-0.316720604896545,-0.119679898023605
0.635088860988617,-0.321054816246033,0.753495216369629,0.293217301368713,-0.893302798271179,-0.322584390640259,-0.109421528875828
0.634341955184937,-0.320189446210861,0.754163324832916,0.297573894262314,-0.894265294075012,-0.31588676571846,-0.109338335692882
0.633733868598938,-0.321516841650009,0.755296349525452,0.286616235971451,-0.894665718078613,-0.321977257728577,-0.117281407117844
0.630975842475891,-0.320674628019333,0.755752205848694,0.307000041007996,-0.888686895370483,-0.314731121063232,-0.130119234323502
0.632985889911652,-0.321343511343002,0.756440699100494,0.28816419839859,-0.894290447235107,-0.322879076004028,-0.113820530474186
0.632625758647919,-0.320843189954758,0.756696045398712,0.28743577003479,-0.895561397075653,-0.319387644529343,-0.11550784856081
0.631801009178162,-0.319808691740036,0.757445454597473,0.293277025222778,-0.895896971225739,-0.314532220363617,-0.111476182937622
0.631993293762207,-0.319190710783005,0.757341086864471,0.299632608890533,-0.892354607582092,-0.319833666086197,-0.107842788100243
0.631343483924866,-0.319453567266464,0.757759690284729,0.300411105155945,-0.891539394855499,-0.322555184364319,-0.104254193603992
0.629400730133057,-0.321275264024734,0.759253561496735,0.304049044847488,-0.882713377475739,-0.338494628667831,-0.117442831397056
0.62945294380188,-0.320747584104538,0.759050011634827,0.310402274131775,-0.879582583904266,-0.342819899320602,-0.111621916294098
0.62926584482193,-0.32043531537056,0.759487926959991,0.285327255725861,-0.895016610622406,-0.324021548032761,-0.111998751759529
0.628845930099487,-0.319772779941559,0.759537100791931,0.289111346006393,-0.893385648727417,-0.32630929350853,-0.108624629676342
0.627798974514008,-0.319953143596649,0.760038018226624,0.283614277839661,-0.89671516418457,-0.321026593446732,-0.111386366188526
0.62663608789444,-0.318859845399857,0.7603759765625,0.285208284854889,-0.898934423923492,-0.312474220991135,-0.113724492490292
0.626410067081451,-0.319468885660172,0.760321617126465,0.280136466026306,-0.897277474403381,-0.321436792612076,-0.114434331655502
0.625552773475647,-0.319355726242065,0.760589182376862,0.280968964099884,-0.897786557674408,-0.319754809141159,-0.113105058670044
0.624792635440826,-0.319187223911285,0.760747194290161,0.280137330293655,-0.897961437702179,-0.320256024599075,-0.112358465790749
0.624330639839172,-0.31747379899025,0.760236263275146,0.292526543140411,-0.894943952560425,-0.319135278463364,-0.107964746654034
0.623254358768463,-0.317850947380066,0.7606041431427,0.288982421159744,-0.895132601261139,-0.322822034358978,-0.104941450059414
0.622287452220917,-0.318469375371933,0.761101424694061,0.280511438846588,-0.899363577365875,-0.315647065639496,-0.113250516355038
0.621352314949036,-0.318397313356399,0.761247575283051,0.281158417463303,-0.896940886974335,-0.320996969938278,-0.115793749690056
0.621352314949036,-0.318397313356399,0.761247575283051,0.281158417463303,-0.896940886974335,-0.320996969938278,-0.115793749690056
0.619217276573181,-0.316421389579773,0.761804401874542,0.28456574678421,-0.901058435440064,-0.306248247623444,-0.115446746349335
0.618177831172943,-0.316021293401718,0.761665940284729,0.284146159887314,-0.90150260925293,-0.306378036737442,-0.112633861601353
0.618391096591949,-0.316291123628616,0.760682165622711,0.291023015975952,-0.895168423652649,-0.320967346429825,-0.104687012732029
0.616162836551666,-0.315125495195389,0.761893510818481,0.286283552646637,-0.90064936876297,-0.305161327123642,-0.117256455123425
0.615172028541565,-0.314591974020004,0.761873543262482,0.285925179719925,-0.900785386562347,-0.305065363645554,-0.117335796356201
0.614119946956635,-0.314116954803467,0.761751413345337,0.282493442296982,-0.902299106121063,-0.304439008235931,-0.115631818771362
0.61291778087616,-0.313416600227356,0.762071371078491,0.283243864774704,-0.901456415653229,-0.304319947957992,-0.120576441287994
0.611789047718048,-0.31279256939888,0.762144029140472,0.280730724334717,-0.902560412883758,-0.302605301141739,-0.122495397925377
0.610571682453156,-0.312088221311569,0.761962890625,0.277267217636108,-0.903868496417999,-0.302276790142059,-0.121545769274235
0.609236180782318,-0.311174154281616,0.762280464172363,0.276900231838226,-0.903577446937561,-0.301233857870102,-0.127013459801674
0.608080804347992,-0.310339570045471,0.762399971485138,0.273448795080185,-0.904972493648529,-0.299353122711182,-0.12899062037468
0.606797337532043,-0.309519171714783,0.762453734874725,0.268550276756287,-0.905938923358917,-0.299861878156662,-0.131295815110207
0.605367541313171,-0.308505088090897,0.762671113014221,0.267052531242371,-0.906231462955475,-0.298798680305481,-0.134709373116493
0.604122340679169,-0.307983726263046,0.7632856965065,0.257908165454865,-0.909129858016968,-0.295036166906357,-0.141138270497322
0.603190898895264,-0.305996060371399,0.762377679347992,0.268485873937607,-0.904877245426178,-0.303081095218658,-0.131357535719871
0.601740181446075,-0.305071383714676,0.762646555900574,0.263676077127457,-0.90618759393692,-0.302084177732468,-0.134329184889793
0.599621951580048,-0.304984867572784,0.763602495193481,0.245825871825218,-0.911800801753998,-0.293772041797638,-0.14794185757637
0.597858130931854,-0.303716331720352,0.764235496520996,0.244339987635612,-0.912349939346314,-0.292063027620315,-0.150382444262504
0.596340179443359,-0.30242645740509,0.764311492443085,0.241451188921928,-0.913050055503845,-0.292203962802887,-0.150526598095894
0.594645619392395,-0.30172798037529,0.764830231666565,0.23538912832737,-0.914816915988922,-0.289229154586792,-0.155076116323471
0.592687785625458,-0.300513178110123,0.765504896640778,0.233402222394943,-0.914734244346619,-0.289584517478943,-0.157878637313843
0.591090142726898,-0.299549579620361,0.765691757202148,0.227169066667557,-0.91667640209198,-0.287531971931458,-0.159449473023415
0.58916974067688,-0.298559635877609,0.766115725040436,0.223074078559875,-0.918188214302063,-0.286648035049438,-0.15811775624752
0.587229609489441,-0.297357499599457,0.767051219940186,0.220784783363342,-0.918079733848572,-0.285403460264206,-0.164099037647247
0.585236787796021,-0.296145796775818,0.767378091812134,0.217651307582855,-0.919345140457153,-0.283409208059311,-0.164656221866608
0.583244025707245,-0.29511022567749,0.768068611621857,0.21387343108654,-0.919920802116394,-0.283560454845428,-0.166123747825623
0.581056296825409,-0.293952882289886,0.768708467483521,0.212222665548325,-0.920510113239288,-0.281870752573013,-0.167843878269196
0.578789591789246,-0.292651951313019,0.769475400447845,0.209972277283668,-0.921886324882507,-0.280096292495727,-0.166081622242927
0.576788544654846,-0.291616141796112,0.770013928413391,0.208081886172295,-0.921823263168335,-0.279821693897247,-0.169243574142456
0.574622273445129,-0.290427953004837,0.770677328109741,0.204082503914833,-0.92316347360611,-0.277810364961624,-0.170120626688004
0.572209179401398,-0.289330661296844,0.771264553070068,0.201543241739273,-0.924862325191498,-0.275766253471375,-0.167220950126648
0.569906234741211,-0.288126707077026,0.772052109241486,0.198853209614754,-0.925598084926605,-0.274925291538239,-0.167755201458931
0.567651510238647,-0.287012279033661,0.772837162017822,0.196189016103745,-0.926342248916626,-0.274684488773346,-0.16717803478241
0.565203487873077,-0.285704106092453,0.773690521717072,0.194199666380882,-0.927406072616577,-0.272204160690308,-0.167658522725105
0.56282365322113,-0.284279942512512,0.774669408798218,0.194243147969246,-0.92722749710083,-0.270857006311417,-0.170748800039291
0.560409605503082,-0.28296571969986,0.775567889213562,0.192706733942032,-0.928104281425476,-0.268992066383362,-0.170675322413444
0.557997047901154,-0.28149676322937,0.776356220245361,0.193079456686973,-0.92808198928833,-0.269450515508652,-0.169648915529251
0.555478453636169,-0.279883205890656,0.77743673324585,0.192939415574074,-0.928825378417969,-0.266881495714188,-0.169800758361816
0.55273312330246,-0.278703659772873,0.77811586856842,0.188784629106522,-0.929532051086426,-0.266019374132156,-0.171942874789238
0.550230145454407,-0.277173668146133,0.7790287733078,0.187744915485382,-0.930268704891205,-0.264295965433121,-0.171754196286201
0.547608613967896,-0.275639295578003,0.779716610908508,0.184218510985374,-0.932350873947144,-0.262672752141953,-0.166698470711708
0.545083701610565,-0.274031192064285,0.780618607997894,0.182062849402428,-0.932967662811279,-0.262201756238937,-0.166358545422554
0.545083701610565,-0.274031192064285,0.780618607997894,0.182062849402428,-0.932967662811279,-0.262201756238937,-0.166358545422554
0.539825439453125,-0.27035117149353,0.78228348493576,0.178122878074646,-0.934475958347321,-0.259741902351379,-0.166015475988388
0.537405967712402,-0.268595933914185,0.78327739238739,0.179287195205688,-0.934329211711884,-0.260049968957901,-0.165103018283844
0.53488689661026,-0.26664811372757,0.784163355827332,0.176317349076271,-0.935438394546509,-0.258594989776611,-0.164305537939072
0.53210061788559,-0.264428526163101,0.784912347793579,0.176407605409622,-0.93559867143631,-0.257692277431488,-0.164713487029076
0.529757082462311,-0.262344539165497,0.785885035991669,0.174109384417534,-0.936728417873383,-0.255961567163467,-0.163430735468864
0.527208626270294,-0.260236471891403,0.786881685256958,0.172721996903419,-0.937376201152802,-0.255299389362335,-0.16222020983696
0.524600863456726,-0.258117854595184,0.787758111953735,0.170048087835312,-0.937641024589539,-0.255519270896912,-0.163166046142578
0.524600863456726,-0.258117854595184,0.787758111953735,0.170048087835312,-0.937641024589539,-0.255519270896912,-0.163166046142578
0.51957756280899,-0.253340691328049,0.789718627929688,0.167759031057358,-0.937676429748535,-0.254797339439392,-0.166428655385971
0.517092883586884,-0.251016914844513,0.790526032447815,0.165694907307625,-0.939111173152924,-0.254037469625473,-0.161495253443718
0.514607846736908,-0.248410642147064,0.791502714157104,0.16471540927887,-0.939719200134277,-0.252827018499374,-0.160857319831848
0.512311398983002,-0.246029138565063,0.792510628700256,0.163365915417671,-0.939997136592865,-0.253291964530945,-0.159876644611359
0.509876310825348,-0.243280082941055,0.793536961078644,0.16284766793251,-0.94041097164154,-0.253243267536163,-0.158037140965462
0.507671117782593,-0.240501999855042,0.794504284858704,0.161942079663277,-0.941068828105926,-0.252132207155228,-0.156823232769966
0.505472481250763,-0.237736567854881,0.795684337615967,0.162171602249146,-0.940287828445435,-0.254068523645401,-0.158139884471893
0.505472481250763,-0.237736567854881,0.795684337615967,0.162171602249146,-0.940287828445435,-0.254068523645401,-0.158139884471893
0.501143455505371,-0.231907516717911,0.797931790351868,0.160631790757179,-0.940996885299683,-0.254276275634766,-0.155133947730064
0.499082446098328,-0.228988647460938,0.798709750175476,0.158082991838455,-0.942534267902374,-0.253501087427139,-0.14958730340004
0.497108966112137,-0.2259671241045,0.800028920173645,0.159300610423088,-0.94127357006073,-0.255949169397354,-0.152044251561165
0.495153844356537,-0.222749084234238,0.80123370885849,0.159106448292732,-0.941276907920837,-0.25637823343277,-0.151502639055252
0.493267357349396,-0.219588249921799,0.802249431610107,0.156502246856689,-0.943144023418426,-0.254752725362778,-0.145216226577759
0.491452634334564,-0.21636351943016,0.803454518318176,0.157477095723152,-0.941700041294098,-0.258037865161896,-0.147709667682648
0.489757537841797,-0.2129727602005,0.804701566696167,0.155363664031029,-0.942058265209198,-0.258390307426453,-0.147046163678169
0.48807755112648,-0.209570035338402,0.805751502513885,0.155252009630203,-0.942968368530273,-0.258747190237045,-0.140560522675514
0.486546844244003,-0.20612022280693,0.806947290897369,0.154063105583191,-0.942313253879547,-0.260087758302689,-0.143753170967102
0.485153675079346,-0.202767878770828,0.808010935783386,0.151709496974945,-0.943634748458862,-0.259624540805817,-0.138321116566658
0.48371422290802,-0.199092745780945,0.809529662132263,0.152525261044502,-0.942728161811829,-0.261134803295135,-0.140742674469948
0.482318520545959,-0.195692673325539,0.810669243335724,0.150227636098862,-0.942991971969604,-0.262629270553589,-0.138649359345436
0.481178194284439,-0.192095771431923,0.811930477619171,0.148688331246376,-0.942509591579437,-0.265429973602295,-0.138254016637802
0.479919195175171,-0.188666954636574,0.813021719455719,0.145657628774643,-0.943746864795685,-0.265203148126602,-0.133392438292503
0.478926479816437,-0.184928372502327,0.814536809921265,0.1454688757658,-0.943189859390259,-0.266146928071976,-0.135637864470482
0.478026777505875,-0.181396901607513,0.815776109695435,0.14387284219265,-0.94340181350708,-0.267320722341537,-0.133542284369469
0.477150827646255,-0.177860736846924,0.817094385623932,0.142830103635788,-0.943316459655762,-0.269154071807861,-0.131565034389496
0.476323843002319,-0.174238473176956,0.818579256534576,0.141786620020866,-0.943265080451965,-0.269823640584946,-0.131692185997963
0.475674152374268,-0.170740514993668,0.819725155830383,0.139382809400558,-0.943827927112579,-0.271917313337326,-0.125785678625107
0.475087881088257,-0.16730797290802,0.821293890476227,0.137720957398415,-0.943428933620453,-0.274277061223984,-0.125487625598907
0.474616765975952,-0.164029240608215,0.822741687297821,0.138225167989731,-0.942194819450378,-0.277664363384247,-0.126749709248543
0.474199801683426,-0.161265268921852,0.824265837669373,0.137508675456047,-0.939837455749512,-0.285993427038193,-0.126511394977569
0.473909497261047,-0.158127427101135,0.825538635253906,0.135506361722946,-0.93860787153244,-0.291292041540146,-0.125705853104591
0.474104315042496,-0.154906451702118,0.827316582202911,0.130302414298058,-0.939536154270172,-0.292277753353119,-0.12192952632904
0.473734140396118,-0.151825726032257,0.828303873538971,0.133007913827896,-0.938521504402161,-0.295758217573166,-0.118377819657326
0.47424104809761,-0.14900740981102,0.830556631088257,0.129003942012787,-0.935512900352478,-0.305889070034027,-0.1208541020751
0.474256545305252,-0.144076108932495,0.831177592277527,0.129540622234344,-0.942876279354096,-0.283264964818954,-0.118172310292721
0.474050134420395,-0.140789940953255,0.832685232162476,0.129894986748695,-0.942510843276978,-0.2838494181633,-0.1192906498909
0.474855810403824,-0.137851133942604,0.834029316902161,0.128061041235924,-0.942176103591919,-0.286862969398498,-0.116680957376957
0.475100666284561,-0.134796723723412,0.835418939590454,0.129924803972244,-0.94174462556839,-0.287663102149963,-0.116133868694305
0.47584930062294,-0.13204351067543,0.836785912513733,0.127910777926445,-0.942357242107391,-0.287365555763245,-0.11411702632904
0.476368248462677,-0.129300132393837,0.838140726089478,0.127573117613792,-0.941288471221924,-0.290693432092667,-0.114884994924068
0.477307617664337,-0.126683056354523,0.839373648166656,0.127003267407417,-0.941886723041534,-0.289201021194458,-0.114380449056625
0.47808051109314,-0.124197363853455,0.840559780597687,0.124501079320907,-0.942587375640869,-0.289143115282059,-0.111466079950333
0.478950798511505,-0.121676184237003,0.842050850391388,0.125077590346336,-0.941536545753479,-0.291038513183594,-0.114721171557903
0.478950798511505,-0.121676184237003,0.842050850391388,0.125077590346336,-0.941536545753479,-0.291038513183594,-0.114721171557903
0.481252104043961,-0.117204628884792,0.844311594963074,0.122210636734962,-0.942638576030731,-0.289570331573486,-0.112455353140831
0.482552587985992,-0.115121357142925,0.845422983169556,0.120725445449352,-0.942460656166077,-0.290262639522552,-0.113758146762848
0.483658492565155,-0.113286539912224,0.84653639793396,0.122773118317127,-0.941450715065002,-0.291263610124588,-0.117316171526909
0.485082179307938,-0.111330665647983,0.84753292798996,0.123146072030067,-0.941639184951782,-0.290062785148621,-0.118382953107357
0.486599177122116,-0.109643079340458,0.848291873931885,0.122119285166263,-0.941720545291901,-0.289311170578003,-0.120616689324379
0.488095492124557,-0.108182862401009,0.849154233932495,0.12248382717371,-0.942751884460449,-0.286906331777573,-0.117904730141163
0.489760637283325,-0.106579139828682,0.850117802619934,0.124373890459538,-0.942507863044739,-0.285551428794861,-0.121123030781746
0.491201639175415,-0.105518713593483,0.850631296634674,0.123331740498543,-0.944135963916779,-0.281227678060532,-0.119615405797958
0.492925405502319,-0.104242041707039,0.851630330085754,0.129838243126869,-0.943024516105652,-0.280694961547852,-0.122707493603229
0.494517207145691,-0.103528276085853,0.852413058280945,0.128561913967133,-0.944459974765778,-0.275795936584473,-0.124111756682396
0.496492624282837,-0.104580253362656,0.853251874446869,0.128500819206238,-0.939857661724091,-0.29195100069046,-0.122146353125572
0.498440235853195,-0.103280335664749,0.853515982627869,0.136743411421776,-0.939601063728332,-0.290327191352844,-0.119002588093281
0.499726057052612,-0.102588266134262,0.853514552116394,0.143840759992599,-0.939490795135498,-0.286254793405533,-0.121348842978477
0.501544833183289,-0.10138364136219,0.854062914848328,0.14898045361042,-0.941840708255768,-0.275030702352524,-0.122878223657608
0.503273129463196,-0.101079016923904,0.854149520397186,0.153171718120575,-0.942691206932068,-0.270955950021744,-0.120228700339794
0.50470381975174,-0.100931085646152,0.854446530342102,0.158265069127083,-0.941974937915802,-0.269849926233292,-0.121723435819149
0.506441533565521,-0.100811719894409,0.85480797290802,0.162775784730911,-0.941632568836212,-0.266863375902176,-0.124964639544487
0.508249402046204,-0.100854739546776,0.85493791103363,0.166341617703438,-0.941365242004394,-0.265692234039307,-0.124779939651489
0.509759068489075,-0.100897565484047,0.855350255966187,0.171436980366707,-0.941211104393005,-0.262017369270325,-0.1268001049757
0.511547327041626,-0.101118214428425,0.855594158172607,0.175609022378922,-0.94096964597702,-0.259162694215774,-0.128734081983566
0.513190150260925,-0.101242229342461,0.855975389480591,0.181597232818603,-0.939814984798431,-0.258069068193436,-0.13103637099266
0.514684557914734,-0.101571977138519,0.856391966342926,0.183089092373848,-0.940653026103973,-0.251458138227463,-0.13571585714817
0.516446113586426,-0.101826697587967,0.856733083724976,0.186367213726044,-0.940830826759338,-0.250368744134903,-0.131986886262894
0.517680644989014,-0.102421663701534,0.857263743877411,0.190924942493439,-0.939875543117523,-0.246257871389389,-0.139781311154366
0.519618451595306,-0.1025230884552,0.857396841049194,0.193883061408996,-0.940531730651856,-0.244483068585396,-0.134304985404015
0.521041750907898,-0.102934926748276,0.857915818691254,0.199291184544563,-0.939785838127136,-0.242430463433266,-0.135326638817787
0.52269035577774,-0.103441320359707,0.858375430107117,0.202001184225082,-0.940099537372589,-0.238963693380356,-0.135295912623405
0.524106740951538,-0.104155160486698,0.858789563179016,0.203189849853516,-0.940100967884064,-0.236102193593979,-0.138491600751877
0.525554418563843,-0.104744210839272,0.859501659870148,0.207349479198456,-0.939937233924866,-0.231592059135437,-0.141029998660088
0.527187705039978,-0.104712814092636,0.859880447387695,0.212489798665047,-0.938789904117584,-0.232091829180717,-0.140197142958641
0.528463542461395,-0.105490669608116,0.860338807106018,0.213618919253349,-0.93924605846405,-0.227387666702271,-0.143103376030922
0.52981823682785,-0.105815716087818,0.860693752765656,0.217403456568718,-0.938613533973694,-0.226691573858261,-0.142657995223999
0.531337797641754,-0.106420800089836,0.861312687397003,0.219975158572197,-0.938227891921997,-0.224003955721855,-0.145469799637794
0.533009469509125,-0.106713056564331,0.861685752868652,0.222534656524658,-0.938460886478424,-0.22031344473362,-0.145709544420242
0.534356355667114,-0.10679891705513,0.861885786056519,0.227403193712234,-0.93742448091507,-0.220641434192657,-0.144363299012184
0.535735189914703,-0.107028909027576,0.86227947473526,0.230459064245224,-0.937015354633331,-0.219189062714577,-0.144384995102882
0.537392973899841,-0.107222102582455,0.862741887569427,0.230880260467529,-0.937463045120239,-0.215454444289207,-0.146413117647171
0.538765549659729,-0.107428342103958,0.862984001636505,0.234846651554108,-0.936364531517029,-0.215450406074524,-0.147138506174087
0.540153503417969,-0.107592396438122,0.863162994384766,0.237483307719231,-0.935998618602753,-0.214885696768761,-0.146056711673736
0.541394770145416,-0.10732813179493,0.863176643848419,0.241985827684402,-0.935441017150879,-0.212331354618073,-0.145974561572075
0.542699217796326,-0.107236370444298,0.863318860530853,0.243636786937714,-0.935230255126953,-0.211700737476349,-0.145494446158409
0.544027745723724,-0.106897197663784,0.863610148429871,0.248578146100044,-0.933765769004822,-0.21186999976635,-0.146291613578796
0.545420587062836,-0.106296867132187,0.863923728466034,0.249467730522156,-0.930136442184448,-0.218183577060699,-0.15814009308815
0.546205461025238,-0.106661386787891,0.863406538963318,0.251941084861755,-0.933135449886322,-0.208795353770256,-0.148956999182701
0.547305285930634,-0.106398873031139,0.863396763801575,0.251836657524109,-0.933494985103607,-0.206248819828033,-0.150422006845474
0.548324882984161,-0.105554983019829,0.863490879535675,0.254828184843063,-0.929539501667023,-0.213195502758026,-0.159895867109299
0.549365341663361,-0.105546973645687,0.863360702991486,0.256079107522964,-0.929622173309326,-0.210524559020996,-0.160952940583229
0.550303936004639,-0.105071119964123,0.862999856472015,0.256851702928543,-0.929650485515594,-0.209229543805122,-0.161245837807655
0.551124572753906,-0.104798771440983,0.862531960010529,0.255832850933075,-0.931625008583069,-0.206580922007561,-0.154753595590591
0.551839172840118,-0.103584960103035,0.862358629703522,0.262792736291885,-0.927974343299866,-0.209433227777481,-0.161062479019165
0.552665531635284,-0.103005640208721,0.861507534980774,0.260978162288666,-0.929036557674408,-0.209132492542267,-0.158256113529205
0.55327832698822,-0.10242435336113,0.861712515354156,0.261597782373428,-0.927686512470245,-0.209226503968239,-0.164889991283417
0.553752541542053,-0.101661071181297,0.86067259311676,0.262038797140121,-0.927248001098633,-0.211298570036888,-0.164012804627418
0.55413830280304,-0.100564137101173,0.860318422317505,0.264983147382736,-0.926341712474823,-0.21164034307003,-0.163961365818977
0.554377257823944,-0.10001602768898,0.859924674034119,0.263715267181396,-0.926463544368744,-0.211851209402084,-0.165041178464889
0.554911494255066,-0.0992632210254669,0.859002530574799,0.26179900765419,-0.927326679229736,-0.211813762784004,-0.163283303380013
0.554968297481537,-0.0983231887221336,0.858442306518555,0.261582404375076,-0.926091015338898,-0.213360741734505,-0.168543949723244
0.554966866970062,-0.097168356180191,0.857882738113403,0.265155822038651,-0.924570083618164,-0.216410979628563,-0.167417913675308
0.555061340332031,-0.0964268147945404,0.857193410396576,0.262350827455521,-0.925203323364258,-0.216034650802612,-0.168819144368172
0.55524879693985,-0.0954173356294632,0.856347441673279,0.262719631195068,-0.926102161407471,-0.216452389955521,-0.162670239806175
0.55518639087677,-0.0945116654038429,0.856250941753387,0.261762320995331,-0.925570964813232,-0.216096252202988,-0.167634427547455
0.554768741130829,-0.0936147347092628,0.855095148086548,0.262665539979935,-0.925901293754578,-0.217848882079124,-0.162034749984741
0.554323136806488,-0.092879332602024,0.8543701171875,0.26227217912674,-0.926252484321594,-0.218721598386764,-0.159469842910767
0.553998351097107,-0.0918837413191795,0.854241132736206,0.262798756361008,-0.923787176609039,-0.223707854747772,-0.165857896208763
0.553495109081268,-0.0911742001771926,0.853423237800598,0.262740939855576,-0.925815463066101,-0.22007006406784,-0.159379377961159
0.553044319152832,-0.0903255045413971,0.852773487567902,0.264445692300797,-0.925309062004089,-0.222750410437584,-0.15573662519455
0.552478969097137,-0.0896627306938171,0.852251291275024,0.263897836208344,-0.925763010978699,-0.221812829375267,-0.155306324362755
0.551757037639618,-0.0890434458851814,0.851611912250519,0.262787729501724,-0.927181303501129,-0.221974849700928,-0.148338973522186
0.551166832447052,-0.0884955301880836,0.851559162139893,0.262881994247437,-0.924873530864716,-0.225594490766525,-0.156873717904091
0.550409376621246,-0.0875249207019805,0.85077565908432,0.264688819646835,-0.924641251564026,-0.227392882108688,-0.152548924088478
0.549534142017365,-0.0869431719183921,0.85013747215271,0.263708591461182,-0.925977408885956,-0.22714339196682,-0.146388068795204
0.548930466175079,-0.0866277292370796,0.849903583526611,0.261493444442749,-0.925821125507355,-0.228810906410217,-0.148734450340271
0.547935783863068,-0.0859500020742416,0.849757313728333,0.264847218990326,-0.925548076629639,-0.228495433926582,-0.144936338067055
0.547209501266479,-0.0856935530900955,0.848860919475555,0.262228935956955,-0.926473379135132,-0.229882910847664,-0.141552582383156
0.546218276023865,-0.0856541693210601,0.84828507900238,0.25716358423233,-0.928513824939728,-0.229190602898598,-0.13856565952301
0.545459449291229,-0.0858032181859016,0.848488092422485,0.253592133522034,-0.929578602313995,-0.225001096725464,-0.144738629460335
0.544665038585663,-0.0856851488351821,0.847914576530457,0.253779709339142,-0.928823590278626,-0.226791843771935,-0.146450951695442
0.543899655342102,-0.0858234539628028,0.847488701343536,0.250749856233597,-0.929583132266998,-0.227362558245659,-0.145966321229935
0.543013215065002,-0.0862185508012771,0.846974730491638,0.249024227261543,-0.932296097278595,-0.222815290093422,-0.138435065746307
0.542377829551697,-0.0864408910274505,0.846593081951141,0.248532399535179,-0.93161815404892,-0.224663987755775,-0.140872955322266
0.541581809520721,-0.0869827046990394,0.845675826072693,0.245527237653732,-0.933158278465271,-0.225091516971588,-0.135151460766792
0.540880739688873,-0.0870776996016502,0.845560073852539,0.24537505209446,-0.929130733013153,-0.233740553259849,-0.147892907261848
0.540062606334686,-0.0879363119602203,0.844708561897278,0.244725808501244,-0.933260440826416,-0.225366815924644,-0.135441347956657
0.539470613002777,-0.0887757539749145,0.844282925128937,0.243054404854774,-0.933100759983063,-0.227369233965874,-0.136203393340111
0.538654208183289,-0.0893823578953743,0.843694269657135,0.242939502000809,-0.933291018009186,-0.227410778403282,-0.135029166936874
0.537988126277924,-0.0896281450986862,0.843307137489319,0.242803245782852,-0.92967289686203,-0.235039904713631,-0.146666884422302
0.537232935428619,-0.0905177146196365,0.842639744281769,0.243347257375717,-0.92891526222229,-0.237261638045311,-0.146988302469254
0.536447882652283,-0.0917241647839546,0.841919422149658,0.241335928440094,-0.932790815830231,-0.230893224477768,-0.135450273752212
0.535766899585724,-0.0922119617462158,0.841488659381866,0.241280749440193,-0.929435849189758,-0.237279906868935,-0.1470747590065
0.534622311592102,-0.0934591069817543,0.840240359306335,0.241580381989479,-0.932551503181458,-0.232034415006637,-0.134709909558296
0.533878326416016,-0.0943255424499511,0.839894473552704,0.240304380655289,-0.93234920501709,-0.233337908983231,-0.136134341359138
0.532721102237701,-0.0952145606279373,0.839054346084595,0.240022480487823,-0.932506263256073,-0.232821494340897,-0.136438593268394
0.531728029251099,-0.0958900600671768,0.838075876235962,0.239964380860329,-0.932376384735107,-0.234972417354584,-0.133713707327843
0.530555665493011,-0.0970552489161491,0.837388873100281,0.238290593028068,-0.932088613510132,-0.235776633024216,-0.137250751256943
0.529515206813812,-0.0979914814233779,0.836849629878998,0.236032992601395,-0.932702839374542,-0.235473960638046,-0.137499302625656
0.528262913227081,-0.0989923477172851,0.835865259170532,0.234496563673019,-0.93255090713501,-0.237908512353897,-0.136966452002525
0.526980578899384,-0.0998739153146743,0.835107922554016,0.232854843139648,-0.932572245597839,-0.238352552056313,-0.138836622238159
0.525884211063385,-0.100839674472809,0.834615767002106,0.229771926999092,-0.932883143424988,-0.238519221544266,-0.141571581363678
0.524283945560455,-0.10179241001606,0.833464801311493,0.226719051599503,-0.933917582035065,-0.238697573542595,-0.13935449719429
0.52283763885498,-0.102772414684296,0.832576394081116,0.223662927746773,-0.934479415416718,-0.239216178655624,-0.139638960361481
0.521473050117493,-0.103533305227757,0.831866860389709,0.223330706357956,-0.933732986450195,-0.241176620125771,-0.141773506999016
0.519760727882385,-0.104660451412201,0.831059634685516,0.219293937087059,-0.935088634490967,-0.239728510379791,-0.141598522663116
0.518240749835968,-0.10570802539587,0.830480217933655,0.216344013810158,-0.935102164745331,-0.240362197160721,-0.144932001829147
0.516538083553314,-0.10673227161169,0.829432845115662,0.211282059550285,-0.936423003673554,-0.241629034280777,-0.141729891300201
0.51476389169693,-0.107704237103462,0.828506529331207,0.207964658737183,-0.937222301959992,-0.241158172488213,-0.142154902219772
0.512924253940582,-0.10892640799284,0.827761888504028,0.203860059380531,-0.93740975856781,-0.243312448263168,-0.143190041184425
0.511309325695038,-0.109442308545113,0.827016413211823,0.204313322901726,-0.937402963638306,-0.244411766529083,-0.140693813562393
0.509230256080627,-0.111067250370979,0.826446115970612,0.196618810296059,-0.938884377479553,-0.242489352822304,-0.145039260387421
0.507483065128326,-0.112089015543461,0.825728714466095,0.193525210022926,-0.938793957233429,-0.243077874183655,-0.14875191450119
0.505702793598175,-0.112914085388184,0.82494443655014,0.190965458750725,-0.940542578697205,-0.242721691727638,-0.141414195299149
0.503669381141663,-0.114009231328964,0.824348390102386,0.188653469085693,-0.939110398292542,-0.246396034955978,-0.147548481822014
0.501593351364136,-0.115303374826908,0.823628187179565,0.182316645979881,-0.94119781255722,-0.245756104588509,-0.143218189477921
0.499504506587982,-0.116512328386307,0.82305371761322,0.177613541483879,-0.941264688968658,-0.247004106640816,-0.146504357457161
0.496817648410797,-0.118407309055328,0.822455585002899,0.167080998420715,-0.943652033805847,-0.242821201682091,-0.150475531816482
0.495274215936661,-0.119458086788654,0.822367608547211,0.165700748562813,-0.942344784736633,-0.246978580951691,-0.153399169445038
0.492933392524719,-0.120647773146629,0.821584224700928,0.160437390208244,-0.943492114543915,-0.248711347579956,-0.149081408977508
0.491039723157883,-0.121863216161728,0.821117639541626,0.156953364610672,-0.942939341068268,-0.253094851970673,-0.148909255862236
0.488866478204727,-0.123114481568336,0.820847630500793,0.152075603604317,-0.943521857261658,-0.254012852907181,-0.148718148469925
0.487105578184128,-0.124135755002499,0.820168137550354,0.143826901912689,-0.945448160171509,-0.249355465173721,-0.152523592114448
0.487105578184128,-0.124135755002499,0.820168137550354,0.143826901912689,-0.945448160171509,-0.249355465173721,-0.152523592114448
0.482861697673798,-0.126787155866623,0.819583654403687,0.133360207080841,-0.946994364261627,-0.251668721437454,-0.148592129349709
0.480514019727707,-0.127945616841316,0.81917417049408,0.128801450133324,-0.94751513004303,-0.252222716808319,-0.148354083299637
0.478576123714447,-0.129200667142868,0.819060921669006,0.123829402029514,-0.947789788246155,-0.254029840230942,-0.147747486829758
0.476460993289948,-0.130510941147804,0.818856596946716,0.119671083986759,-0.94803661108017,-0.254848480224609,-0.148181900382042
0.474451720714569,-0.13160066306591,0.81861412525177,0.11583212018013,-0.947879433631897,-0.257287383079529,-0.148022830486298
0.474451720714569,-0.13160066306591,0.81861412525177,0.11583212018013,-0.947879433631897,-0.257287383079529,-0.148022830486298
0.470571964979172,-0.134115412831306,0.818349301815033,0.106398858129978,-0.947336614131928,-0.262334316968918,-0.149710595607758
0.468698889017105,-0.136574417352676,0.818885684013367,0.103046901524067,-0.942888259887695,-0.278515070676804,-0.150905624032021
0.466761827468872,-0.137785285711288,0.818389773368835,0.100451789796352,-0.943847835063934,-0.279176533222198,-0.145331248641014
0.465135991573334,-0.139048531651497,0.818450093269348,0.0911447629332542,-0.939788997173309,-0.291196644306183,-0.153927579522133
0.463776737451553,-0.138886272907257,0.817548334598541,0.0928188115358352,-0.947375655174255,-0.26934015750885,-0.146013304591179
0.462200224399567,-0.141465798020363,0.81796932220459,0.0836941376328468,-0.939520478248596,-0.296166449785232,-0.150274157524109
0.462200224399567,-0.141465798020363,0.81796932220459,0.0836941376328468,-0.939520478248596,-0.296166449785232,-0.150274157524109
0.459111541509628,-0.14413258433342,0.816983044147491,0.0825192630290985,-0.940660178661346,-0.2947998046875,-0.146431639790535
0.457422912120819,-0.14573036134243,0.816590428352356,0.0820055976510047,-0.93770170211792,-0.303281098604202,-0.148361802101135
0.457220554351807,-0.147054016590118,0.816653192043304,0.0725775063037872,-0.937759935855866,-0.306820958852768,-0.145601138472557
0.455889582633972,-0.146141692996025,0.816017687320709,0.0718476399779319,-0.944255113601685,-0.286953926086426,-0.144491851329803
0.454816192388534,-0.147093832492828,0.815781116485596,0.0667741447687149,-0.942047297954559,-0.294001221656799,-0.147144332528114
0.454023331403732,-0.148360162973404,0.815431475639343,0.0617810115218162,-0.941562175750732,-0.297295987606049,-0.145805329084396
0.453166335821152,-0.149412289261818,0.814950585365295,0.0651104226708412,-0.942747116088867,-0.29412966966629,-0.143095806241035
0.452490836381912,-0.150537520647049,0.814481675624847,0.0619028583168983,-0.942295372486114,-0.295864164829254,-0.143916830420494
0.451970100402832,-0.151762455701828,0.814046025276184,0.0582626387476921,-0.941517233848572,-0.298525303602219,-0.145029589533806
0.451550364494324,-0.152679309248924,0.813693761825562,0.0519477576017379,-0.938974738121033,-0.306554228067398,-0.147147968411446
0.451193988323212,-0.154199153184891,0.813064157962799,0.052124448120594,-0.940691590309143,-0.303108304738998,-0.14320595562458
0.451025992631912,-0.155171245336533,0.812772810459137,0.0497685372829437,-0.940033733844757,-0.304394632577896,-0.145615145564079
0.45099464058876,-0.15635971724987,0.812312304973602,0.0472512245178222,-0.939063608646393,-0.307453572750091,-0.146284550428391
0.451032280921936,-0.157671093940735,0.811463892459869,0.0444347225129604,-0.938651084899902,-0.309504181146622,-0.145488187670708
0.451056063175201,-0.158637195825577,0.810988426208496,0.0368683896958828,-0.935819864273071,-0.316378325223923,-0.150953069329262
0.451312333345413,-0.159989356994629,0.810238420963287,0.0407493710517883,-0.937667727470398,-0.311976313591003,-0.147613301873207
0.451723843812943,-0.161141395568848,0.809635162353516,0.0327539034187793,-0.934354305267334,-0.319690823554993,-0.153970792889595
0.452122956514359,-0.162435337901115,0.808970093727112,0.0366255901753902,-0.935596227645874,-0.316681653261185,-0.15175949037075
0.45299220085144,-0.163742274045944,0.808144748210907,0.0323226563632488,-0.935228049755096,-0.317793905735016,-0.152678832411766
0.453583657741547,-0.164900079369545,0.807498931884766,0.0316630899906158,-0.935230135917664,-0.317935228347778,-0.15251062810421
0.454428404569626,-0.166096150875091,0.806971192359924,0.0255436431616544,-0.931182682514191,-0.327242434024811,-0.158614739775658
0.455233365297318,-0.167665600776672,0.8059321641922,0.0294604934751987,-0.932685554027557,-0.322793781757355,-0.158221259713173
0.455233365297318,-0.167665600776672,0.8059321641922,0.0294604934751987,-0.932685554027557,-0.322793781757355,-0.158221259713173
0.457633405923843,-0.170228153467178,0.804627299308777,0.023177832365036,-0.930122256278992,-0.329686403274536,-0.160132601857185
0.458913683891296,-0.171754375100136,0.803602337837219,0.0251922309398651,-0.933094203472138,-0.322609037160873,-0.156920313835144
0.460194528102875,-0.173152446746826,0.803087413311005,0.0262564662843942,-0.933666110038757,-0.321248084306717,-0.156134963035583
0.461678475141525,-0.174825057387352,0.802066326141357,0.0242614690214395,-0.933942794799805,-0.321763157844543,-0.153722614049911
0.463004946708679,-0.176122903823853,0.801419913768768,0.022292997688055,-0.93110179901123,-0.327664375305176,-0.158709138631821
0.464517384767532,-0.177961766719818,0.800443410873413,0.0260720234364271,-0.93328869342804,-0.322816401720047,-0.155185282230377
0.465926945209503,-0.179518848657608,0.799719750881195,0.0237038414925336,-0.931251168251038,-0.327450156211853,-0.158070161938667
0.467588067054748,-0.181483566761017,0.798690795898438,0.0285987462848424,-0.933479607105255,-0.32261523604393,-0.154004618525505
0.469137161970138,-0.183231517672539,0.797885417938232,0.0331177748739719,-0.933339655399322,-0.322298437356949,-0.154610216617584
0.470926433801651,-0.185124903917313,0.796954989433289,0.0342317149043083,-0.933402061462402,-0.323357135057449,-0.151753187179565
0.472518742084503,-0.186984837055206,0.796024322509766,0.0339470952749252,-0.930599689483643,-0.329907029867172,-0.154897347092628
0.474324285984039,-0.189181923866272,0.794893324375153,0.0414868742227554,-0.933234870433807,-0.324070483446121,-0.149432241916656
0.475968569517136,-0.19125571846962,0.79402095079422,0.0455899238586425,-0.931866884231567,-0.326677739620209,-0.151087865233421
0.47797080874443,-0.193252176046371,0.79305225610733,0.0493186637759208,-0.931646347045898,-0.326299875974655,-0.152089729905128
0.47797080874443,-0.193252176046371,0.79305225610733,0.0493186637759208,-0.931646347045898,-0.326299875974655,-0.152089729905128
0.481528520584106,-0.19765892624855,0.791081607341766,0.0541205182671546,-0.931178033351898,-0.326633006334305,-0.15260873734951
0.483344554901123,-0.199956253170967,0.790057301521301,0.058224681764841,-0.930223762989044,-0.328048348426819,-0.153876736760139
0.48541647195816,-0.202099502086639,0.789116144180298,0.0598875992000103,-0.930091381072998,-0.327998965978622,-0.154143929481506
0.487482100725174,-0.204234957695007,0.788165092468262,0.0617853142321109,-0.92980432510376,-0.328102916479111,-0.154903158545494
0.489278793334961,-0.206482499837875,0.787061452865601,0.0671809166669845,-0.928876638412476,-0.329001277685165,-0.156312748789787
0.49132427573204,-0.208640471100807,0.786104202270508,0.0686942115426063,-0.928241908550262,-0.328843176364899,-0.159719854593277
0.49319726228714,-0.210834190249443,0.785126328468323,0.0716391131281852,-0.927453815937042,-0.329011857509613,-0.16263073682785
0.495356023311615,-0.213198751211166,0.784091591835022,0.0730447843670845,-0.92823725938797,-0.32773032784462,-0.160103589296341
0.497495144605637,-0.215412527322769,0.783050000667572,0.0752413496375083,-0.928367257118225,-0.326406836509705,-0.161032602190971
0.499550044536591,-0.217719808220863,0.781811773777008,0.076026938855648,-0.927072763442993,-0.327923685312271,-0.164991095662117
0.501403748989105,-0.219854235649109,0.781053721904755,0.0746980383992195,-0.923909604549408,-0.33403691649437,-0.170969873666763
0.503579199314117,-0.222159594297409,0.779942989349365,0.0818324536085128,-0.926334381103516,-0.326704025268555,-0.168738052248955
0.50564181804657,-0.224506795406341,0.77883517742157,0.0792005509138107,-0.923583328723908,-0.330682426691055,-0.177115842700004
0.507475256919861,-0.226776629686356,0.777901113033295,0.0841449573636055,-0.923830568790436,-0.328578740358353,-0.177462086081505
0.509590268135071,-0.229105085134506,0.776865005493164,0.0848357528448104,-0.923719525337219,-0.327910840511322,-0.178940951824188
0.511673331260681,-0.231295391917229,0.77584981918335,0.086038626730442,-0.922921478748322,-0.328013330698013,-0.182265996932983
0.513475775718689,-0.233403995633125,0.774903118610382,0.0863537490367889,-0.920673608779907,-0.330416619777679,-0.189018651843071
0.515330195426941,-0.235594794154167,0.774082064628601,0.0873348489403724,-0.922512829303742,-0.325849145650864,-0.187524139881134
0.517226934432983,-0.237949654459953,0.772906005382538,0.0870585292577743,-0.922290146350861,-0.325109362602234,-0.19001479446888
0.518986761569977,-0.240249007940292,0.772063255310059,0.0894853919744491,-0.921523928642273,-0.324720919132233,-0.193242520093918
0.520786762237549,-0.24235811829567,0.771270394325256,0.0863800123333931,-0.919503509998322,-0.328886657953262,-0.197194442152977
0.522623538970947,-0.244598999619484,0.770426392555237,0.0930934771895408,-0.921991884708404,-0.321251183748245,-0.195095300674438
0.524177312850952,-0.24689145386219,0.769743859767914,0.0946271568536758,-0.921342670917511,-0.321257948875427,-0.197400003671646
0.525794923305511,-0.249045610427856,0.768872380256653,0.0955855846405029,-0.920974135398865,-0.320999771356583,-0.19907084107399
0.527260065078735,-0.251294791698456,0.76820296049118,0.0983613207936286,-0.920810759067535,-0.320430040359497,-0.199392199516296
0.528605341911316,-0.253478080034256,0.767646312713623,0.099949799478054,-0.920216739177704,-0.320258498191833,-0.201608568429947
0.530150055885315,-0.255444467067719,0.767178893089294,0.101960629224777,-0.921145260334015,-0.31790092587471,-0.200086668133736
0.531387746334076,-0.257540166378021,0.766725540161133,0.102423034608364,-0.918909907341003,-0.320623815059662,-0.205705314874649
0.531387746334076,-0.257540166378021,0.766725540161133,0.102423034608364,-0.918909907341003,-0.320623815059662,-0.205705314874649
0.533944964408875,-0.261690884828568,0.765784859657288,0.102700717747211,-0.921538949012756,-0.314113944768906,-0.203841283917427
0.535355448722839,-0.264062136411667,0.765047311782837,0.0999606475234031,-0.921461939811706,-0.315983712673187,-0.20265781879425
0.536341905593872,-0.265554845333099,0.764884173870087,0.101812139153481,-0.92250007390976,-0.31050506234169,-0.205461457371712
0.537354230880737,-0.26743471622467,0.764463663101196,0.102289043366909,-0.922298789024353,-0.310122191905975,-0.20670260488987
0.538578987121582,-0.26929584145546,0.764122724533081,0.101391851902008,-0.923772394657135,-0.306655764579773,-0.205733999609947
0.539584517478943,-0.271174073219299,0.763677060604095,0.100976780056953,-0.923111438751221,-0.307641208171844,-0.207427188754082
0.540538012981415,-0.272800147533417,0.763424396514893,0.10129052400589,-0.923486709594727,-0.305922597646713,-0.208144471049309
0.541661977767944,-0.274582207202911,0.763038635253906,0.0994300171732902,-0.923999845981598,-0.305081725120544,-0.207997918128967
0.541905522346497,-0.278053909540176,0.762854933738708,0.10811747610569,-0.912269473075867,-0.33032813668251,-0.216698616743088
0.543324768543243,-0.279097437858581,0.762437701225281,0.104895167052746,-0.918480813503265,-0.317799687385559,-0.210697293281555
0.544306039810181,-0.28043007850647,0.761973977088928,0.106015592813492,-0.919630408287048,-0.314873188734055,-0.209512993693352
0.544306039810181,-0.28043007850647,0.761973977088928,0.106015592813492,-0.919630408287048,-0.314873188734055,-0.209512993693352
0.546200633049011,-0.282620847225189,0.761427998542786,0.108264304697513,-0.922218799591064,-0.306245267391205,-0.209774032235146
0.547034740447998,-0.283713668584824,0.761146306991577,0.111730337142944,-0.923669755458832,-0.302097618579865,-0.207575231790543
0.547851026058197,-0.285055309534073,0.76080733537674,0.114004708826542,-0.923704087734222,-0.302317440509796,-0.205859243869781
0.548582971096039,-0.286223888397217,0.760540366172791,0.11607288569212,-0.924209773540497,-0.301072627305984,-0.204251855611801
0.549460351467133,-0.287275671958923,0.760209381580353,0.118627771735191,-0.926097512245178,-0.296756356954575,-0.200516045093536
0.550249636173248,-0.288370192050934,0.759884357452393,0.120185650885105,-0.92675518989563,-0.296343833208084,-0.197130963206291
0.550833880901337,-0.289360135793686,0.759700655937195,0.123416423797607,-0.927578210830688,-0.294128775596619,-0.194564744830132
0.551566600799561,-0.290297508239746,0.759426712989807,0.127314433455467,-0.929091513156891,-0.290919989347458,-0.189592942595482
0.55214124917984,-0.291073173284531,0.759123027324677,0.129664942622185,-0.931806862354279,-0.286587119102478,-0.181082472205162
0.552627265453339,-0.29189333319664,0.758846163749695,0.13223722577095,-0.932771801948547,-0.284178286790848,-0.178025588393211
0.553125381469727,-0.292643368244171,0.758597373962402,0.136596605181694,-0.933052361011505,-0.283404558897018,-0.174460977315903
0.553712546825409,-0.293525129556656,0.758248805999756,0.13776507973671,-0.93426376581192,-0.281368106603622,-0.17030568420887
0.553812503814697,-0.293967396020889,0.758047819137573,0.139564260840416,-0.931469202041626,-0.286663442850113,-0.1752460449934
0.554119944572449,-0.294707208871841,0.757688224315643,0.145003691315651,-0.935100495815277,-0.278340488672256,-0.164584025740623
0.554422438144684,-0.29543274641037,0.757429003715515,0.149007380008698,-0.935519695281982,-0.276834666728973,-0.161128625273705
0.554422438144684,-0.29543274641037,0.757429003715515,0.149007380008698,-0.935519695281982,-0.276834666728973,-0.161128625273705
0.554574251174927,-0.29655796289444,0.757015347480774,0.155080839991569,-0.935174226760864,-0.276806592941284,-0.15740804374218
0.554494976997375,-0.296817481517792,0.756709396839142,0.156806811690331,-0.931868672370911,-0.282641917467117,-0.164760261774063
0.554451048374176,-0.297240704298019,0.756558179855347,0.160030245780945,-0.934336841106415,-0.27805507183075,-0.155210927128792
0.554338574409485,-0.297659337520599,0.756336092948914,0.160676196217537,-0.93493390083313,-0.277663379907608,-0.151608422398567
0.554108500480652,-0.297761976718903,0.756352424621582,0.164058148860931,-0.933632075786591,-0.278711438179016,-0.154064431786537
0.553724646568298,-0.297953575849533,0.756343245506287,0.164100542664528,-0.934002220630646,-0.279154002666473,-0.150944575667381
0.553394496440887,-0.297770380973816,0.756236612796783,0.165928214788437,-0.933042407035828,-0.28068220615387,-0.152044206857681
0.553191363811493,-0.297811150550842,0.756428301334381,0.164581626653671,-0.933230221271515,-0.280751138925552,-0.152227386832237
0.55268794298172,-0.297723352909088,0.756152868270874,0.163106575608253,-0.934023141860962,-0.281214475631714,-0.148039191961288
0.552431583404541,-0.297237634658813,0.756465494632721,0.160762339830399,-0.930240452289581,-0.289412915706635,-0.15826678276062
0.551919281482697,-0.297119259834289,0.756432294845581,0.163725078105927,-0.932948291301727,-0.28391820192337,-0.148970156908035
0.551409780979156,-0.296680122613907,0.756635785102844,0.164009585976601,-0.932531714439392,-0.28532150387764,-0.148583605885506
0.551058113574982,-0.296101063489914,0.756896138191223,0.15922674536705,-0.929486870765686,-0.294132351875305,-0.155522927641869
0.550519108772278,-0.295586168766022,0.757029175758362,0.160674035549164,-0.929505586624146,-0.292684614658356,-0.156649321317673
0.549947798252106,-0.294957876205444,0.757219076156616,0.160899460315704,-0.932338356971741,-0.289605408906937,-0.144864097237587
0.549947798252106,-0.294957876205444,0.757219076156616,0.160899460315704,-0.932338356971741,-0.289605408906937,-0.144864097237587
0.548818707466125,-0.293228060007095,0.757571935653687,0.162984892725944,-0.93092155456543,-0.294565290212631,-0.14160718023777
0.548818707466125,-0.293228060007095,0.757571935653687,0.162984892725944,-0.93092155456543,-0.294565290212631,-0.14160718023777
0.548079311847687,-0.292160868644714,0.758503317832947,0.157343834638595,-0.931177496910095,-0.296840041875839,-0.141553685069084
0.547389566898346,-0.291021227836609,0.758446872234344,0.15970316529274,-0.929665982723236,-0.302305907011032,-0.137213602662086
0.547389566898346,-0.291021227836609,0.758446872234344,0.15970316529274,-0.929665982723236,-0.302305907011032,-0.137213602662086
0.546399474143982,-0.290368050336838,0.75906890630722,0.154412820935249,-0.928079783916473,-0.311125218868256,-0.134260952472687
0.545861899852753,-0.289501398801804,0.759432017803192,0.153014943003654,-0.927805304527283,-0.313003540039062,-0.133388444781303
0.545291602611542,-0.288536101579666,0.75993400812149,0.153664603829384,-0.925834476947784,-0.317221522331238,-0.136339038610458
0.544671237468719,-0.287521481513977,0.759921610355377,0.153751686215401,-0.924230873584747,-0.322476238012314,-0.13478410243988
0.5444575548172,-0.28525710105896,0.760241270065308,0.147279500961304,-0.931966781616211,-0.304393410682678,-0.130734816193581
0.543881237506866,-0.283966571092606,0.760259687900543,0.148905843496323,-0.930792391300201,-0.307143867015839,-0.130825668573379
0.543537139892578,-0.283085405826569,0.760927438735962,0.145104065537453,-0.931283593177795,-0.307146102190018,-0.131595239043236
0.543048739433289,-0.28207927942276,0.760957658290863,0.144150078296661,-0.93122524023056,-0.308578312397003,-0.129691824316978
0.542275249958038,-0.281056433916092,0.761423408985138,0.144768998026848,-0.931111931800842,-0.307983696460724,-0.131219893693924
0.542031705379486,-0.279881805181503,0.761566460132599,0.145468860864639,-0.930818021297455,-0.310116559267044,-0.127453580498695
0.541595578193665,-0.278745651245117,0.761836409568787,0.14552241563797,-0.930515348911285,-0.311067759990692,-0.127284899353981
0.541278004646301,-0.277757197618484,0.762046456336975,0.144935354590416,-0.930829346179962,-0.311439305543899,-0.124724753201008
0.540988862514496,-0.277702540159225,0.762299358844757,0.145839005708694,-0.92783522605896,-0.320967704057693,-0.121788688004017
0.540528774261475,-0.275649219751358,0.762579441070557,0.145012512803078,-0.931866705417633,-0.309965282678604,-0.120487816631794
0.540617108345032,-0.274702340364456,0.762259721755981,0.146483808755875,-0.930327713489532,-0.316380590200424,-0.113739922642708
0.540101945400238,-0.273303627967834,0.762702465057373,0.150652453303337,-0.930431842803955,-0.314156383275986,-0.11360564827919
0.539797127246857,-0.273935347795486,0.763094067573547,0.144647523760796,-0.929476082324982,-0.320150285959244,-0.112495578825474
0.539952099323273,-0.271647721529007,0.763431787490845,0.151402786374092,-0.930720210075378,-0.313520163297653,-0.111992470920086
0.539621889591217,-0.270819783210754,0.763331770896912,0.150720849633217,-0.931311786174774,-0.313695937395096,-0.107406504452229
0.539628982543945,-0.269515752792358,0.763299226760864,0.155429854989052,-0.927095293998718,-0.321779400110245,-0.113110028207302
0.539532542228699,-0.268276572227478,0.763545334339142,0.158274635672569,-0.928320586681366,-0.319881856441498,-0.104143850505352
0.539741992950439,-0.267759799957275,0.764123857021332,0.15319998562336,-0.926343083381653,-0.324607700109482,-0.114228874444962
0.539431750774384,-0.268267273902893,0.76413768529892,0.152364149689674,-0.927536070346832,-0.325188308954239,-0.10351026058197
0.539656579494476,-0.266008049249649,0.764464795589447,0.15853388607502,-0.929430902004242,-0.316476613283157,-0.104248136281967
0.539917826652527,-0.265834361314774,0.764295876026154,0.163227558135986,-0.923722445964813,-0.3320252597332,-0.0992622449994087
0.539937436580658,-0.265212625265121,0.764678180217743,0.160240367054939,-0.925360381603241,-0.328146904706955,-0.101739771664143
0.540261387825012,-0.262756705284119,0.764511346817017,0.164709031581879,-0.927349328994751,-0.321799963712692,-0.0966398641467094
0.540409028530121,-0.261946439743042,0.764387369155884,0.165869504213333,-0.928606331348419,-0.32008546590805,-0.0878808498382568
0.540815472602844,-0.262849390506744,0.765081524848938,0.158747628331184,-0.927898466587067,-0.323925942182541,-0.094213105738163
0.540815472602844,-0.262849390506744,0.765081524848938,0.158747628331184,-0.927898466587067,-0.323925942182541,-0.094213105738163
0.541560471057892,-0.260467231273651,0.764701366424561,0.168534159660339,-0.923810660839081,-0.33314236998558,-0.084771417081356
0.542242407798767,-0.258768051862717,0.764943778514862,0.169762566685676,-0.926407396793366,-0.325395286083221,-0.0840720310807228
0.542790174484253,-0.259191244840622,0.765206336975098,0.170733228325844,-0.922587990760803,-0.33539617061615,-0.0848019123077392
0.543435454368591,-0.258190304040909,0.765278935432434,0.174250781536102,-0.921857059001923,-0.336143285036087,-0.0826076120138168
0.544157862663269,-0.256438165903091,0.765273451805115,0.175361320376396,-0.9255450963974,-0.325517326593399,-0.0815672799944877
0.545023024082184,-0.256759285926819,0.765386879444122,0.176857128739357,-0.921111166477203,-0.337426096200943,-0.0801204890012741
0.545683860778809,-0.256234586238861,0.76545524597168,0.178361997008324,-0.92027759552002,-0.338890999555588,-0.0801803842186927
0.546648144721985,-0.255420237779617,0.765406131744385,0.181787222623825,-0.919626712799072,-0.339193075895309,-0.0786668732762336
0.547676205635071,-0.254131734371185,0.765709161758423,0.182788729667663,-0.923626482486725,-0.327190101146698,-0.0803060159087181
0.54863840341568,-0.253260850906372,0.765652596950531,0.186415612697601,-0.922540903091431,-0.328843146562576,-0.0776511207222938
0.549794733524323,-0.252674639225006,0.765852868556976,0.19163690507412,-0.921441853046417,-0.328563064336777,-0.0791594535112381
0.550983786582947,-0.252104014158249,0.765886068344116,0.194220408797264,-0.920823395252228,-0.329119205474854,-0.0777384266257286
0.552142262458801,-0.252661764621735,0.765876948833466,0.198369070887566,-0.916087329387665,-0.340074717998505,-0.0760465860366821
0.55342710018158,-0.252138048410416,0.76589047908783,0.201318293809891,-0.915538012981415,-0.339985281229019,-0.0753076449036598
0.55469799041748,-0.252248048782349,0.766179740428925,0.20088192820549,-0.916444718837738,-0.337073504924774,-0.0784665569663047
0.556155264377594,-0.250699728727341,0.766013026237488,0.205258995294571,-0.918788135051727,-0.328527539968491,-0.0759401246905326
0.556155264377594,-0.250699728727341,0.766013026237488,0.205258995294571,-0.918788135051727,-0.328527539968491,-0.0759401246905326
0.558790981769562,-0.250563144683838,0.765974640846252,0.214787140488624,-0.912414014339447,-0.340611070394516,-0.0731526166200637
0.560322880744934,-0.250209420919418,0.766005635261536,0.217231884598732,-0.911859750747681,-0.340873301029205,-0.0716074854135513
0.56177830696106,-0.249950349330902,0.766249656677246,0.221442177891731,-0.910477995872498,-0.341879218816757,-0.0714963227510452
0.563426494598389,-0.249657064676285,0.766370952129364,0.224500462412834,-0.909348130226135,-0.34298637509346,-0.0710341334342956
0.565049529075623,-0.249277800321579,0.766402125358582,0.227154210209846,-0.909199297428131,-0.341710835695267,-0.0706487298011779
0.566591560840607,-0.24894867837429,0.766527414321899,0.231841564178467,-0.908498883247376,-0.340446203947067,-0.0705379545688629
0.568315029144287,-0.24915674328804,0.766833305358887,0.229326605796814,-0.910357117652893,-0.336405873298645,-0.0740978568792343
0.570054411888123,-0.248349234461784,0.766701877117157,0.236388608813286,-0.907696485519409,-0.339777439832687,-0.0689870119094848
0.571892738342285,-0.248669952154159,0.767212450504303,0.235717609524727,-0.908782005310059,-0.336528450250626,-0.0728085190057754
0.573736846446991,-0.248049169778824,0.767280459403992,0.243868008255959,-0.905393421649933,-0.340729504823685,-0.0685184374451637
0.575563907623291,-0.247778683900833,0.767423570156097,0.246975556015968,-0.904808759689331,-0.339969515800476,-0.0688828378915786
0.577477991580963,-0.248030617833138,0.767844557762146,0.24454839527607,-0.906493663787842,-0.336318135261536,-0.0731825307011604
0.579432129859924,-0.247346863150597,0.767763495445251,0.252091079950333,-0.903618156909943,-0.339369922876358,-0.0689407661557197
0.581529021263123,-0.247121274471283,0.768025755882263,0.256301254034042,-0.902656316757202,-0.338854908943176,-0.0685485377907753
0.583463549613953,-0.246900618076324,0.768097639083862,0.257410109043121,-0.903069734573364,-0.33695724606514,-0.0683009102940559
0.586197316646576,-0.249299913644791,0.769900441169739,0.260363906621933,-0.891910433769226,-0.362687855958939,-0.0718597769737243
0.588192999362946,-0.248191267251968,0.769647240638733,0.269399285316467,-0.889827847480774,-0.361908823251724,-0.0682090148329734
0.590256154537201,-0.248217135667801,0.769956171512604,0.267710030078888,-0.892818033695221,-0.354790598154068,-0.0730137526988983
0.592306852340698,-0.24789559841156,0.770343065261841,0.272220194339752,-0.891684472560883,-0.354150503873825,-0.0732979923486709
0.594436943531036,-0.247463673353195,0.770490527153015,0.276610553264618,-0.891278982162476,-0.351743310689926,-0.0733829364180564
0.596310257911682,-0.246501356363297,0.770117282867432,0.283087641000748,-0.889308094978333,-0.352218151092529,-0.0702485367655754
0.597720682621002,-0.246335387229919,0.770370721817017,0.28790757060051,-0.89062774181366,-0.343002825975418,-0.0789961963891983
0.600077927112579,-0.245908558368683,0.770596742630005,0.288691371679306,-0.891057133674622,-0.340979307889938,-0.0800499394536018
0.602005898952484,-0.244903281331062,0.770404875278473,0.297960370779037,-0.88777232170105,-0.342185974121094,-0.077385812997818
0.604218125343323,-0.244337826967239,0.770388424396515,0.299523383378982,-0.888220250606537,-0.33964478969574,-0.0774075239896774
0.606531262397766,-0.244422852993011,0.770592987537384,0.294817388057709,-0.891670346260071,-0.333348512649536,-0.0829786881804466
0.608577251434326,-0.243995994329452,0.770731747150421,0.298646539449692,-0.890297889709473,-0.333031177520752,-0.0852661952376365
0.610944747924805,-0.242852061986923,0.770480275154114,0.304290801286697,-0.888400793075562,-0.333957135677338,-0.0813866406679153
0.613674879074097,-0.241588324308395,0.770301878452301,0.297955900430679,-0.894697368144989,-0.322938024997711,-0.0803129523992538
0.615901112556458,-0.241333216428757,0.770896553993225,0.297575831413269,-0.895947337150574,-0.318049311637878,-0.087015226483345
0.6181480884552,-0.240997537970543,0.770591020584106,0.299050956964493,-0.895782768726349,-0.317077785730362,-0.0871989801526069
0.620178282260895,-0.239822566509247,0.770148396492004,0.306602537631989,-0.892719507217407,-0.319469630718231,-0.0835833474993705
0.621505439281464,-0.240873113274574,0.770342767238617,0.315503597259521,-0.883713364601135,-0.334133833646774,-0.0886725336313247
0.624116957187653,-0.238559067249298,0.770394086837769,0.312095195055008,-0.891310155391693,-0.316946923732758,-0.087791234254837
0.625967264175415,-0.237992480397224,0.770291328430176,0.313867568969727,-0.890358865261078,-0.31640288233757,-0.0929383784532547
0.625967264175415,-0.237992480397224,0.770291328430176,0.313867568969727,-0.890358865261078,-0.31640288233757,-0.0929383784532547
0.629860043525696,-0.236545249819755,0.770255446434021,0.320877552032471,-0.888199329376221,-0.314920753240585,-0.0946820452809333
0.631911873817444,-0.238097757101059,0.770463645458221,0.320957213640213,-0.883885741233826,-0.325283795595169,-0.0996134579181671
0.63347977399826,-0.235812902450561,0.770379602909088,0.32228621840477,-0.889814615249634,-0.307626903057098,-0.0986277312040329
0.63347977399826,-0.235812902450561,0.770379602909088,0.32228621840477,-0.889814615249634,-0.307626903057098,-0.0986277312040329
0.636746227741241,-0.234572619199753,0.770065605640411,0.326444447040558,-0.887683212757111,-0.308294624090195,-0.102016180753708
0.636746227741241,-0.234572619199753,0.770065605640411,0.326444447040558,-0.887683212757111,-0.308294624090195,-0.102016180753708
0.639914512634277,-0.234505981206894,0.769490659236908,0.337100982666016,-0.877507090568542,-0.326827704906464,-0.0976113528013229
0.641568601131439,-0.234275460243225,0.769758105278015,0.336509168148041,-0.877992212772369,-0.324745535850525,-0.102134458720684
0.642370581626892,-0.233803942799568,0.769767820835114,0.344232589006424,-0.873742341995239,-0.327497363090515,-0.104036837816238
0.644084513187408,-0.232974603772163,0.76960027217865,0.342517971992493,-0.87497740983963,-0.32657253742218,-0.102207489311695
0.644648015499115,-0.22973558306694,0.769325435161591,0.348607748746872,-0.879134654998779,-0.308961898088455,-0.100684814155102
0.644648015499115,-0.22973558306694,0.769325435161591,0.348607748746872,-0.879134654998779,-0.308961898088455,-0.100684814155102
0.647499859333038,-0.229735344648361,0.769235134124756,0.342555105686188,-0.87922877073288,-0.315379083156586,-0.100741237401962
0.647270858287811,-0.230074301362038,0.769539713859558,0.356582432985306,-0.868735074996948,-0.327825427055359,-0.103338167071342
0.64801549911499,-0.228575631976128,0.76908266544342,0.359252154827118,-0.867819130420685,-0.329498499631882,-0.0962218195199966
0.648735523223877,-0.227785512804985,0.76918751001358,0.361858159303665,-0.866143405437469,-0.331580340862274,-0.0943872258067131
0.648890256881714,-0.227105900645256,0.769058704376221,0.362359315156937,-0.86600387096405,-0.331077516078949,-0.0955028757452964
0.648706018924713,-0.226377099752426,0.769036889076233,0.368288218975067,-0.862736523151398,-0.332744210958481,-0.0965956971049308
0.649476587772369,-0.226035460829735,0.769198298454285,0.361891508102417,-0.866088807582855,-0.33044359087944,-0.0986492484807968
0.649524390697479,-0.225287571549416,0.769090354442596,0.363013833761215,-0.865730702877045,-0.330332607030868,-0.0980399847030639
0.649430215358734,-0.224587440490723,0.768966138362885,0.364032208919525,-0.865030646324158,-0.331047475337982,-0.098030686378479
0.648642778396606,-0.223302006721496,0.768145799636841,0.370505511760712,-0.861267507076263,-0.335576832294464,-0.0912816077470779
0.64938098192215,-0.223237246274948,0.76909077167511,0.365834206342697,-0.862611770629883,-0.334742546081543,-0.100068673491478
0.648217141628265,-0.222013473510742,0.768349468708038,0.374694138765335,-0.857793629169464,-0.338313579559326,-0.096635952591896
0.64819324016571,-0.222047135233879,0.768387973308563,0.366435945034027,-0.862073123455048,-0.335481196641922,-0.100037023425102
0.647701442241669,-0.221578419208527,0.768219828605652,0.366740375757217,-0.861876487731934,-0.335705667734146,-0.0998599156737327
0.64709335565567,-0.221203550696373,0.768032550811768,0.365164369344711,-0.863514840602875,-0.334168374538422,-0.0965837016701698
0.645858287811279,-0.220313906669617,0.767616510391235,0.374988853931427,-0.858687460422516,-0.336812376976013,-0.0927169770002365
0.645359456539154,-0.220123559236526,0.767429053783417,0.370063692331314,-0.860184371471405,-0.337866812944412,-0.094773456454277
0.644272983074188,-0.220001608133316,0.767383515834808,0.373095482587814,-0.859065592288971,-0.337743312120438,-0.0934652984142303
0.643310844898224,-0.219904646277428,0.767339944839478,0.3733149766922,-0.859253525733948,-0.336960643529892,-0.0936869084835052
0.642808377742767,-0.220278099179268,0.767384767532349,0.362474143505096,-0.864594519138336,-0.3342005610466,-0.0969468727707862
0.641238510608673,-0.220334231853485,0.767421841621399,0.366222530603409,-0.861856877803802,-0.335447371006012,-0.10275787115097
0.640593409538269,-0.220307946205139,0.767337322235107,0.359428465366364,-0.865943968296051,-0.333593547344208,-0.0983249172568321
0.640593409538269,-0.220307946205139,0.767337322235107,0.359428465366364,-0.865943968296051,-0.333593547344208,-0.0983249172568321
0.637947976589203,-0.220027983188629,0.76695728302002,0.360237002372742,-0.864940464496613,-0.336546093225479,-0.0940418094396591
0.636506259441376,-0.22089096903801,0.767320692539215,0.357682228088379,-0.866063892841339,-0.334338754415512,-0.101066656410694
0.63514518737793,-0.220909774303436,0.767197847366333,0.354238539934158,-0.868213891983032,-0.332530528306961,-0.100712418556213
0.633406341075897,-0.220532312989235,0.766864418983459,0.357511848211288,-0.866769433021545,-0.333910942077637,-0.0969518423080444
0.632055521011353,-0.221232309937477,0.767138838768005,0.349756479263306,-0.869045972824097,-0.333522737026215,-0.105792731046677
0.630432546138763,-0.220819547772408,0.766939580440521,0.352375954389572,-0.868643224239349,-0.334389597177505,-0.0973335206508636
0.628930389881134,-0.221728518605232,0.767305493354797,0.343029916286469,-0.872573494911194,-0.332004010677338,-0.10353397578001
0.627465188503265,-0.221934229135513,0.767313241958618,0.338821858167648,-0.874387741088867,-0.331669002771378,-0.103158451616764
0.626156806945801,-0.222034931182861,0.767315626144409,0.330591320991516,-0.87866473197937,-0.328754007816315,-0.102852419018745
0.623744666576385,-0.222475975751877,0.767547965049744,0.332939982414246,-0.876403629779816,-0.331052482128143,-0.107107847929001
0.622083842754364,-0.22269943356514,0.767560124397278,0.328406363725662,-0.878251791000366,-0.330632358789444,-0.107262469828129
0.622083842754364,-0.22269943356514,0.767560124397278,0.328406363725662,-0.878251791000366,-0.330632358789444,-0.107262469828129
0.618616282939911,-0.223233059048653,0.76765102148056,0.318539530038834,-0.882452368736267,-0.328545838594437,-0.108940280973911
0.616567671298981,-0.223500117659569,0.767855405807495,0.317856997251511,-0.882066130638123,-0.329764515161514,-0.110371641814709
0.614749550819397,-0.223648071289062,0.767919957637787,0.313080549240112,-0.884169280529022,-0.328402876853943,-0.111251875758171
0.613129675388336,-0.223543912172318,0.767676115036011,0.313808351755142,-0.88390064239502,-0.32976832985878,-0.107222378253937
0.610991179943085,-0.224252939224243,0.768191397190094,0.307210624217987,-0.885328650474548,-0.32940137386322,-0.115367367863655
0.609092652797699,-0.224493265151978,0.768392026424408,0.304171323776245,-0.886627674102783,-0.329675048589706,-0.112631000578403
0.60718297958374,-0.224651351571083,0.768580853939056,0.300207525491714,-0.88849675655365,-0.327877700328827,-0.113776937127113
0.605187892913818,-0.224302440881729,0.768462479114532,0.303346008062363,-0.886706292629242,-0.331410765647888,-0.109087429940701
0.605187892913818,-0.224302440881729,0.768462479114532,0.303346008062363,-0.886706292629242,-0.331410765647888,-0.109087429940701
0.602660119533539,-0.224487468600273,0.768492519855499,0.279553949832916,-0.898126661777496,-0.320505261421204,-0.11177958548069
0.602660119533539,-0.224487468600273,0.768492519855499,0.279553949832916,-0.898126661777496,-0.320505261421204,-0.11177958548069
0.598887145519257,-0.224505722522736,0.769101560115814,0.273992329835892,-0.899748206138611,-0.320217192173004,-0.113324575126171
0.595356643199921,-0.223578333854675,0.76899927854538,0.283827632665634,-0.900748908519745,-0.30669504404068,-0.118454523384571
0.594629168510437,-0.223181873559952,0.76931232213974,0.277095258235931,-0.901984393596649,-0.312843799591064,-0.108495108783245
0.592971861362457,-0.223027810454369,0.769636571407318,0.272581905126572,-0.904827952384949,-0.309972137212753,-0.104417525231838
0.591200351715088,-0.223531156778335,0.77007919549942,0.266047656536102,-0.906622529029846,-0.308140784502029,-0.110921613872051
0.591200351715088,-0.223531156778335,0.77007919549942,0.266047656536102,-0.906622529029846,-0.308140784502029,-0.110921613872051
0.587474882602692,-0.223317459225655,0.770904123783112,0.263691961765289,-0.907576203346252,-0.308366268873215,-0.108084790408611
0.586637675762177,-0.222990483045578,0.77023845911026,0.265142887830734,-0.907125055789948,-0.311502516269684,-0.0989418774843216
0.584194004535675,-0.22345994412899,0.771252572536469,0.254447013139725,-0.910836517810822,-0.306663990020752,-0.107661247253418
0.582548797130585,-0.223298817873001,0.771446228027344,0.252027541399002,-0.91079044342041,-0.307601392269135,-0.111015155911446
0.581026554107666,-0.222851738333702,0.77166086435318,0.25270539522171,-0.912344515323639,-0.305408507585526,-0.102436430752277
0.579476952552795,-0.22287030518055,0.772094905376434,0.247485280036926,-0.914261102676392,-0.303119301795959,-0.104864172637463
0.577888011932373,-0.222667679190636,0.772325277328491,0.24591338634491,-0.913414418697357,-0.306052356958389,-0.107391029596329
0.576464176177979,-0.221483901143074,0.77243560552597,0.252648413181305,-0.911708176136017,-0.308780163526535,-0.0980398580431938
0.575060844421387,-0.22212441265583,0.772760152816772,0.243724122643471,-0.914843499660492,-0.305039763450623,-0.103008188307285
0.573701739311218,-0.221088215708733,0.772667109966278,0.250172317028046,-0.910964012145996,-0.311712890863419,-0.101948350667953
0.572354793548584,-0.221542581915855,0.773200809955597,0.241226017475128,-0.915316045284271,-0.306002080440521,-0.101829074323177
0.57094943523407,-0.221163064241409,0.773423194885254,0.239915996789932,-0.91471403837204,-0.308157920837402,-0.10381492972374
0.569842934608459,-0.219950050115585,0.773401379585266,0.245180651545525,-0.913627982139587,-0.30998095870018,-0.0953004211187362
0.568507254123688,-0.220243752002716,0.773937523365021,0.23825691640377,-0.91525799036026,-0.308260917663574,-0.102527759969234
0.567256927490234,-0.219197154045105,0.773744463920593,0.24107651412487,-0.913988411426544,-0.311615318059921,-0.0969689786434173
0.566247642040253,-0.219218373298645,0.774350225925446,0.235269725322723,-0.914898753166199,-0.310652285814285,-0.105373382568359
0.565150380134583,-0.218645542860031,0.77470201253891,0.234497398138046,-0.916164577007294,-0.308671534061432,-0.101858660578728
0.564766943454742,-0.217474594712257,0.774131059646606,0.241387158632278,-0.913028538227081,-0.315242826938629,-0.0934504941105842
0.563024461269379,-0.217307582497597,0.775169372558594,0.23143444955349,-0.917199671268463,-0.308269470930099,-0.100761577486992
0.562758922576904,-0.216123983263969,0.774659156799316,0.237849488854408,-0.913805544376373,-0.315291255712509,-0.0947568193078041
0.561253130435944,-0.215910986065865,0.775584578514099,0.228749975562096,-0.917715013027191,-0.308548152446747,-0.101345062255859
0.560331583023071,-0.215170487761497,0.775701284408569,0.2255969196558,-0.918387472629547,-0.309508353471756,-0.0993736386299133
0.559811592102051,-0.21462407708168,0.776518821716309,0.22187913954258,-0.918724954128265,-0.30852809548378,-0.107354052364826
0.559051930904388,-0.213873699307442,0.776637852191925,0.218595653772354,-0.919849038124084,-0.308473944664001,-0.104582324624062
0.558664083480835,-0.212673977017403,0.776644825935364,0.215295448899269,-0.921490252017975,-0.304817110300064,-0.107658356428146
0.557507336139679,-0.212745934724808,0.776979446411133,0.21699646115303,-0.917129576206207,-0.316605389118195,-0.107457041740417
0.55710244178772,-0.211909338831901,0.77754819393158,0.213459521532059,-0.917096793651581,-0.318624585866928,-0.108843103051186
0.55644679069519,-0.210839033126831,0.777731120586395,0.211277902126312,-0.917491555213928,-0.318124890327454,-0.111208856105804
0.55612701177597,-0.210088551044464,0.778130352497101,0.208040148019791,-0.917355537414551,-0.320167243480682,-0.112565249204636
0.555381119251251,-0.208973810076714,0.778152525424957,0.208824649453163,-0.916933536529541,-0.318475604057312,-0.119158208370209
0.55458265542984,-0.20794090628624,0.777582705020905,0.224854439496994,-0.908888339996338,-0.331561088562012,-0.115886807441711
0.554861128330231,-0.206460788846016,0.778320014476776,0.19997638463974,-0.921679615974426,-0.309576004743576,-0.121155694127083
0.554378986358643,-0.204444885253906,0.778479695320129,0.198283270001411,-0.921586513519287,-0.306073158979416,-0.132971629500389
0.55401223897934,-0.203646585345268,0.77873283624649,0.197128415107727,-0.924801528453827,-0.300048321485519,-0.125911697745323
0.553598761558533,-0.203840985894203,0.778876900672913,0.193723201751709,-0.923077464103699,-0.308009266853333,-0.124618992209434
0.553163170814514,-0.201938733458519,0.779181361198425,0.192365378141403,-0.92671412229538,-0.296887516975403,-0.126706123352051
0.552856147289276,-0.202071040868759,0.779383063316345,0.190222650766373,-0.924548804759979,-0.304933309555054,-0.126652166247368
0.552476048469543,-0.200344756245613,0.779837369918823,0.189522281289101,-0.92741721868515,-0.295368164777756,-0.129370152950287
0.552476048469543,-0.200344756245613,0.779837369918823,0.189522281289101,-0.92741721868515,-0.295368164777756,-0.129370152950287
0.551824569702148,-0.198970571160316,0.780623137950897,0.186960265040398,-0.928765833377838,-0.292015492916107,-0.131023466587067
0.551472067832947,-0.198313310742378,0.781394600868225,0.185916006565094,-0.929562270641327,-0.289007216691971,-0.133506610989571
0.551126003265381,-0.197691112756729,0.781826794147491,0.18572723865509,-0.928511083126068,-0.290195316076279,-0.138417318463326
0.55092978477478,-0.197545424103737,0.782037556171417,0.181133180856705,-0.929843842983246,-0.290879666805267,-0.134053394198418
0.550383985042572,-0.196536421775818,0.782877802848816,0.184336617588997,-0.929487228393555,-0.287782192230225,-0.138762265443802
0.549830675125122,-0.197050139307976,0.783427894115448,0.184691116213798,-0.926648259162903,-0.296250313520432,-0.139456078410149
0.54923552274704,-0.196727439761162,0.783938646316528,0.182506054639816,-0.927855849266052,-0.294871777296066,-0.137207537889481
0.54878306388855,-0.195342183113098,0.784632444381714,0.181930840015411,-0.931121289730072,-0.284144818782806,-0.138477459549904
0.548392117023468,-0.195023223757744,0.785274565219879,0.18133932352066,-0.931455671787262,-0.283158451318741,-0.139024764299393
0.547895133495331,-0.194593980908394,0.786112487316132,0.180448189377785,-0.932161629199982,-0.281130373477936,-0.139567345380783
0.547463059425354,-0.194065302610397,0.78700315952301,0.180440127849579,-0.931742012500763,-0.281302392482758,-0.142011567950249
0.546817719936371,-0.194881126284599,0.787776470184326,0.1787219196558,-0.930151760578156,-0.288383096456528,-0.140397921204567
0.546376466751099,-0.194599464535713,0.788684964179993,0.17762154340744,-0.930507123470306,-0.287652134895325,-0.140937745571136
0.545702874660492,-0.194378316402435,0.789822816848755,0.173329025506973,-0.93195241689682,-0.284398078918457,-0.143316432833671
0.545188248157501,-0.193194910883904,0.790831208229065,0.172718599438667,-0.93484890460968,-0.275191217660904,-0.143163368105888
0.544895768165588,-0.192857459187508,0.791683256626129,0.172932177782059,-0.934779644012451,-0.275929003953934,-0.141931846737862
0.543999493122101,-0.192569300532341,0.792866945266724,0.172543734312057,-0.934948265552521,-0.274655431509018,-0.143753468990326
0.543729782104492,-0.193287283182144,0.794036388397217,0.170269772410393,-0.932979166507721,-0.282838970422745,-0.14338855445385
0.543207943439484,-0.191916286945343,0.7950798869133,0.170671299099922,-0.936052918434143,-0.271743357181549,-0.144331678748131
0.5428546667099,-0.191695436835289,0.796146512031555,0.169209614396095,-0.936161935329437,-0.272032588720322,-0.144801869988441
0.54243004322052,-0.191316291689873,0.797308623790741,0.1682168841362,-0.93642395734787,-0.271926611661911,-0.144463270902634
0.54243004322052,-0.191316291689873,0.797308623790741,0.1682168841362,-0.93642395734787,-0.271926611661911,-0.144463270902634
0.54127836227417,-0.191841170191765,0.799926161766052,0.170326679944992,-0.931154668331146,-0.287238538265228,-0.146402612328529
0.541287839412689,-0.191401079297066,0.801492750644684,0.168313398957253,-0.931254744529724,-0.28817492723465,-0.14625583589077
0.540981888771057,-0.189629197120667,0.801924347877502,0.16461481153965,-0.937298238277435,-0.271258622407913,-0.144196718931198
0.540464639663696,-0.190171658992767,0.803486704826355,0.166477754712105,-0.933362364768982,-0.282605141401291,-0.145788088440895
0.540376365184784,-0.18962050974369,0.804981172084808,0.164936184883118,-0.933945178985596,-0.28164342045784,-0.145668119192123
0.540209114551544,-0.188331559300423,0.806057393550873,0.164701327681541,-0.935600340366364,-0.274705052375793,-0.148535549640655
0.539978086948395,-0.187894448637962,0.807329773902893,0.163317233324051,-0.936879992485046,-0.272577792406082,-0.145893067121506
0.539833188056946,-0.187149345874786,0.808508217334747,0.162149280309677,-0.938138246536255,-0.269348382949829,-0.145106092095375
0.539666771888733,-0.186580955982208,0.809666872024536,0.161142140626907,-0.93876850605011,-0.268424957990646,-0.143858045339584
0.53968870639801,-0.186089664697647,0.810968518257141,0.160640880465508,-0.938849806785584,-0.268615126609802,-0.14353246986866
0.53981226682663,-0.185314297676086,0.81250137090683,0.156355172395706,-0.935609877109528,-0.276028394699097,-0.154905840754509
0.539729177951813,-0.184824705123901,0.813571810722351,0.160465493798256,-0.93702757358551,-0.270315080881119,-0.152183711528778
0.539771914482117,-0.184384986758232,0.814780235290527,0.159129902720451,-0.940457582473755,-0.264872193336487,-0.141633883118629
0.539699971675873,-0.18371307849884,0.815948188304901,0.160502359271049,-0.94079726934433,-0.263129234313965,-0.141075745224953
0.540028750896454,-0.183098778128624,0.817375302314758,0.16172981262207,-0.93974906206131,-0.264739722013474,-0.143625468015671
0.540215849876404,-0.182323083281517,0.818802773952484,0.158866032958031,-0.937285125255585,-0.270914316177368,-0.151207312941551
0.540372371673584,-0.181987345218658,0.819682121276855,0.161837741732597,-0.941050171852112,-0.262814819812775,-0.138425022363663
0.540966212749481,-0.18094240128994,0.820396184921265,0.16839762032032,-0.940193712711334,-0.265489310026169,-0.131123960018158
0.541380703449249,-0.180286109447479,0.821660220623016,0.168579325079918,-0.940310001373291,-0.265789210796356,-0.129438325762749
0.541583836078644,-0.179477453231811,0.822891473770142,0.167394280433655,-0.93696391582489,-0.272047400474548,-0.141661942005157
0.542062878608704,-0.179192826151848,0.823813319206238,0.169936120510101,-0.940921723842621,-0.26279753446579,-0.129327595233917
0.542795300483704,-0.178285449743271,0.82520192861557,0.171988248825073,-0.940275728702545,-0.26251757144928,-0.131856426596642
0.543374955654144,-0.177229285240173,0.826177775859833,0.171455964446068,-0.936997473239899,-0.27149572968483,-0.137581318616867
0.543937742710114,-0.176756724715233,0.826915323734283,0.175337269902229,-0.940526485443115,-0.263416349887848,-0.123607374727726
0.544468820095062,-0.175856292247772,0.827667772769928,0.178529158234596,-0.940203845500946,-0.263089865446091,-0.122179448604584
0.545303404331207,-0.175076201558113,0.828496277332306,0.179477378726005,-0.939868271350861,-0.263692498207092,-0.122073136270046
0.546230375766754,-0.174234747886658,0.829623162746429,0.180362984538078,-0.940261125564575,-0.262442320585251,-0.120425365865231
0.547107517719269,-0.173373281955719,0.830420672893524,0.183232069015503,-0.939773440361023,-0.262259840965271,-0.120299130678177
0.548537850379944,-0.17201030254364,0.831710278987885,0.183585375547409,-0.936065673828125,-0.271388173103333,-0.128163233399391
0.549228549003601,-0.171281784772873,0.832410573959351,0.185420021414757,-0.935842633247376,-0.269769638776779,-0.13054683804512
0.550311207771301,-0.170719280838966,0.833105087280273,0.187442854046822,-0.938931226730347,-0.261660635471344,-0.121683873236179
0.551677167415619,-0.169196203351021,0.833932399749756,0.190071955323219,-0.93503212928772,-0.27068430185318,-0.127741172909737
0.552461445331573,-0.168902009725571,0.834274888038635,0.18890292942524,-0.939263224601746,-0.2609843313694,-0.11826878041029
0.5538250207901,-0.167960450053215,0.83495306968689,0.190502777695656,-0.939039170742035,-0.260973274707794,-0.117503710091114
0.55506432056427,-0.166601598262787,0.835628926753998,0.196267053484917,-0.93716949224472,-0.26172599196434,-0.121210120618343
0.556600630283356,-0.165676027536392,0.836591422557831,0.192271366715431,-0.934831142425537,-0.268206745386124,-0.131101533770561
0.557735562324524,-0.164931654930115,0.836568474769592,0.195201307535172,-0.93829357624054,-0.259825438261032,-0.118290759623051
0.559287905693054,-0.163892537355423,0.837367475032806,0.198711961507797,-0.936949610710144,-0.259977966547012,-0.122680179774761
0.560756623744965,-0.162456944584846,0.837701201438904,0.198465093970299,-0.933690249919891,-0.268391013145447,-0.129617005586624
0.562385737895966,-0.161589354276657,0.838183522224426,0.199078366160393,-0.933983325958252,-0.266272276639938,-0.130928263068199
0.563708662986755,-0.160933285951614,0.838079929351807,0.201271280646324,-0.937025249004364,-0.258532732725143,-0.120973698794842
0.565256297588348,-0.160057380795479,0.838586568832397,0.20263284444809,-0.936238884925842,-0.259654998779297,-0.122376129031181
0.566954910755157,-0.158776745200157,0.839215219020844,0.204757317900658,-0.932586252689362,-0.265168249607086,-0.134325489401817
0.568294644355774,-0.158211469650268,0.83892160654068,0.208858281373978,-0.935414373874664,-0.257650047540665,-0.122452765703201
0.57005774974823,-0.157486081123352,0.839204251766205,0.209599688649177,-0.935176849365234,-0.257646560668945,-0.123006030917168
0.571287274360657,-0.156397670507431,0.838900744915009,0.216568171977997,-0.933276414871216,-0.25968736410141,-0.121062040328979
0.572992444038391,-0.155826807022095,0.839439690113068,0.219975918531418,-0.931798994541168,-0.25873389840126,-0.128133475780487
0.574563562870026,-0.154991656541824,0.839401721954346,0.223308682441711,-0.931056797504425,-0.259097099304199,-0.12702465057373
0.576068758964539,-0.154526844620705,0.839851260185242,0.225529477000237,-0.927530705928802,-0.263778179883957,-0.138723865151405
0.57745623588562,-0.154012709856033,0.839803814888,0.228744238615036,-0.929810881614685,-0.257391184568405,-0.129913181066513
0.578690469264984,-0.153517723083496,0.839813232421875,0.231443658471107,-0.929162502288818,-0.257460534572601,-0.129632756114006
0.579772531986237,-0.153178662061691,0.839681804180145,0.232751712203026,-0.928958117961884,-0.257634371519089,-0.128405839204788
0.580851852893829,-0.152663618326187,0.83943784236908,0.236056476831436,-0.928402185440064,-0.257363677024841,-0.126927345991135
0.582015991210938,-0.15221631526947,0.839601755142212,0.240304097533226,-0.926425457000732,-0.25849774479866,-0.131030097603798
0.582803964614868,-0.151674225926399,0.839170813560486,0.24385803937912,-0.926268339157104,-0.25845193862915,-0.125550612807274
0.584097802639008,-0.151526302099228,0.840074896812439,0.24138768017292,-0.92358523607254,-0.262372612953186,-0.141006574034691
0.584666132926941,-0.151568129658699,0.839709103107452,0.243776813149452,-0.926673352718353,-0.254875034093857,-0.129954934120178
0.585232615470886,-0.150970503687858,0.839215457439423,0.250194251537323,-0.924978613853455,-0.256809145212173,-0.125963389873505
0.585803270339966,-0.150882124900818,0.839167356491089,0.251115441322327,-0.92452210187912,-0.256893843412399,-0.127301901578903
0.586297035217285,-0.15065361559391,0.839356780052185,0.252833038568497,-0.92339152097702,-0.256948232650757,-0.131913766264915
0.586881697177887,-0.150916829705238,0.839785218238831,0.248668521642685,-0.92506992816925,-0.25245589017868,-0.136658906936646
0.587213635444641,-0.150897979736328,0.839834749698639,0.249653279781341,-0.924642205238342,-0.252485483884811,-0.137699946761131
0.587305188179016,-0.150705620646477,0.839711785316467,0.250902354717255,-0.924451410770416,-0.252121567726135,-0.137376308441162
0.587440729141235,-0.150763422250748,0.839821636676788,0.250621736049652,-0.924627602100372,-0.251361399888992,-0.13809335231781
0.587500989437103,-0.150772675871849,0.839909911155701,0.250437140464783,-0.924801766872406,-0.250629812479019,-0.138591915369034
0.587454617023468,-0.150822073221207,0.840050578117371,0.25000536441803,-0.924934506416321,-0.250233680009842,-0.13920134305954
0.58733743429184,-0.150875061750412,0.840211749076843,0.249382302165031,-0.925211787223816,-0.249513834714889,-0.139765948057175
0.587192237377167,-0.150936365127563,0.840445578098297,0.248278722167015,-0.925612330436706,-0.248925372958183,-0.140126571059227
0.587008118629456,-0.150792121887207,0.840974569320679,0.24694462120533,-0.922941744327545,-0.255627781152725,-0.147821471095085
0.586673200130463,-0.151102527976036,0.841011047363281,0.247300416231155,-0.92613685131073,-0.248420357704163,-0.139285698533058
0.58638459444046,-0.151168778538704,0.841311573982239,0.24615415930748,-0.92687577009201,-0.247395947575569,-0.138220071792603
0.586067199707031,-0.151279479265213,0.841589212417603,0.245142564177513,-0.927234590053558,-0.24713309109211,-0.138080656528473
0.585470497608185,-0.151480183005333,0.841746866703033,0.242816224694252,-0.928796410560608,-0.245769038796425,-0.134071856737137
0.585470497608185,-0.151480183005333,0.841746866703033,0.242816224694252,-0.928796410560608,-0.245769038796425,-0.134071856737137
0.584647834300995,-0.151639893651009,0.842813372612,0.242024540901184,-0.928804159164429,-0.244695544242859,-0.137372568249702
0.584128499031067,-0.151838958263397,0.842957735061646,0.238972589373589,-0.930263519287109,-0.24392357468605,-0.134176194667816
0.583644211292267,-0.151860222220421,0.843058228492737,0.237339675426483,-0.930597722530365,-0.244667455554008,-0.133400350809097
0.583096861839294,-0.152026623487473,0.843540132045746,0.237109929323196,-0.93084728717804,-0.244341805577278,-0.132662177085876
0.583096861839294,-0.152026623487473,0.843540132045746,0.237109929323196,-0.93084728717804,-0.244341805577278,-0.132662177085876
0.582000970840454,-0.152060821652412,0.843805313110352,0.236269295215607,-0.930720150470734,-0.244624391198158,-0.134520843625069
0.581517934799194,-0.152160033583641,0.843880712985992,0.234745547175407,-0.930960536003113,-0.244926899671555,-0.134974747896194
0.580801844596863,-0.152160733938217,0.844008684158325,0.235363230109215,-0.930739462375641,-0.244455307722092,-0.136270686984062
0.580124855041504,-0.152379184961319,0.843902885913849,0.231787264347076,-0.93252044916153,-0.243351802229881,-0.132137194275856
0.579558968544006,-0.152545556426048,0.843959093093872,0.230167612433434,-0.932715594768524,-0.243904560804367,-0.132571563124657
0.579032957553864,-0.152655676007271,0.843908965587616,0.228595897555351,-0.933057725429535,-0.243915155529976,-0.132862612605095
0.578480124473572,-0.152755469083786,0.843863964080811,0.226991891860962,-0.933475911617279,-0.243504002690315,-0.133428856730461
0.577891767024994,-0.152643099427223,0.843802511692047,0.229360312223434,-0.932177901268005,-0.244946196675301,-0.135793015360832
0.577312350273132,-0.152799189090729,0.843676447868347,0.22801186144352,-0.932433068752289,-0.244785577058792,-0.136598646640778
0.57653284072876,-0.1529461145401,0.843492865562439,0.225539222359657,-0.933907806873322,-0.243224248290062,-0.13337929546833
0.575995028018951,-0.15313358604908,0.843777894973755,0.225638821721077,-0.930213153362274,-0.247614786028862,-0.149924904108047
0.575192868709564,-0.153177991509438,0.843325614929199,0.225829020142555,-0.933213829994202,-0.242720127105713,-0.138564854860306
0.574647307395935,-0.153163492679596,0.843361020088196,0.222369849681854,-0.930886447429657,-0.249713122844696,-0.147125169634819
0.574021875858307,-0.153321921825409,0.843252062797546,0.220521375536919,-0.931366682052612,-0.24922476708889,-0.147694572806358
0.573004961013794,-0.153987631201744,0.842902660369873,0.218590542674065,-0.935524344444275,-0.241049766540527,-0.137504816055298
0.572434604167938,-0.153761431574821,0.843015730381012,0.217094719409943,-0.931754171848297,-0.250142604112625,-0.148771226406097
0.571450650691986,-0.154225692152977,0.842618346214294,0.216762557625771,-0.935779273509979,-0.24196146428585,-0.137061312794685
0.570679008960724,-0.154204368591309,0.842698931694031,0.217739105224609,-0.935146033763886,-0.243319973349571,-0.137430414557457
0.569693744182587,-0.154452249407768,0.842476844787598,0.216934576630592,-0.935019910335541,-0.242794126272202,-0.140457034111023
0.568923115730286,-0.154864504933357,0.842507243156433,0.212276101112366,-0.936954259872436,-0.241137683391571,-0.13750758767128
0.567986071109772,-0.15506087243557,0.84256774187088,0.212217569351196,-0.936774015426636,-0.241558894515038,-0.138085409998894
0.567270517349243,-0.155218839645386,0.842616677284241,0.210133150219917,-0.937270522117615,-0.241726920008659,-0.137608289718628
0.566457867622375,-0.155184954404831,0.842997193336487,0.20703162252903,-0.934204280376434,-0.249242514371872,-0.149260312318802
0.565755307674408,-0.155517250299454,0.842874050140381,0.206863179802895,-0.938083946704864,-0.242633193731308,-0.135407954454422
0.564674079418182,-0.1561059653759,0.843069851398468,0.202632203698158,-0.938640415668488,-0.24210099875927,-0.138857915997505
0.563779771327972,-0.156187981367111,0.843072652816772,0.203131377696991,-0.938666939735413,-0.242814972996712,-0.136685773730278
0.563139617443085,-0.156185165047646,0.843738913536072,0.198395043611526,-0.936051249504089,-0.249144017696381,-0.149581536650658
0.562166213989258,-0.156777232885361,0.843562722206116,0.198157012462616,-0.93960028886795,-0.242511793971062,-0.138106063008308
0.561367273330688,-0.156547456979752,0.844147503376007,0.196473389863968,-0.936285197734833,-0.250329524278641,-0.148671641945839
0.560564160346985,-0.157256156206131,0.844330966472626,0.193242415785789,-0.94115674495697,-0.240710899233818,-0.137621283531189
0.559588968753815,-0.15734788775444,0.844466269016266,0.194334879517555,-0.940346658229828,-0.243270024657249,-0.137119084596634
0.55895608663559,-0.157785698771477,0.845087647438049,0.190593779087067,-0.941110014915466,-0.242292955517769,-0.138852849602699
0.558218419551849,-0.158103570342064,0.845563530921936,0.187977895140648,-0.941865384578705,-0.242210507392883,-0.137434393167496
0.557661712169647,-0.157820895314217,0.846033334732056,0.1869947463274,-0.938376724720001,-0.251341789960861,-0.145977526903152
0.557076215744019,-0.158272564411163,0.84638237953186,0.187770262360573,-0.942053020000458,-0.244305342435837,-0.132639959454536
0.556283175945282,-0.158789813518524,0.846787631511688,0.185026049613953,-0.942524909973144,-0.243894532322884,-0.133894026279449
0.555946826934814,-0.158896118402481,0.847457766532898,0.184043884277344,-0.942635118961334,-0.245431616902351,-0.131644636392593
0.555360376834869,-0.159235939383507,0.84841525554657,0.17783260345459,-0.94033545255661,-0.250743240118027,-0.145851716399193
0.555011749267578,-0.159107610583305,0.848843455314636,0.180579975247383,-0.939642250537872,-0.252841502428055,-0.143297508358955
0.554610908031464,-0.159798562526703,0.849282264709473,0.180062234401703,-0.942741572856903,-0.245898082852364,-0.135462284088135
0.554142653942108,-0.160077705979347,0.849533259868622,0.176806673407555,-0.944210350513458,-0.245309323072433,-0.130496919155121
0.553794920444489,-0.160347998142242,0.85040682554245,0.171597257256508,-0.941207110881805,-0.25307959318161,-0.143646270036697
0.553738474845886,-0.160514608025551,0.850942552089691,0.1714056879282,-0.941092193126678,-0.254379630088806,-0.142325758934021
0.553738474845886,-0.160514608025551,0.850942552089691,0.1714056879282,-0.941092193126678,-0.254379630088806,-0.142325758934021
0.553152143955231,-0.16137632727623,0.851842999458313,0.171701103448868,-0.945256173610687,-0.245553448796272,-0.129277974367142
0.552989900112152,-0.161567240953445,0.852391183376312,0.171583533287048,-0.945301294326782,-0.245141729712486,-0.129885256290436
0.552981853485107,-0.162081599235535,0.852912485599518,0.170597016811371,-0.945359349250794,-0.24541500210762,-0.130245566368103
0.553035736083984,-0.16236238181591,0.853316903114319,0.1705362200737,-0.945595443248749,-0.244840428233147,-0.129691004753113
0.553035736083984,-0.16236238181591,0.853316903114319,0.1705362200737,-0.945595443248749,-0.244840428233147,-0.129691004753113
0.553224503993988,-0.163062423467636,0.854054689407349,0.169100180268288,-0.945906341075897,-0.244428128004074,-0.13008226454258
0.553302586078644,-0.163593217730522,0.854393601417542,0.168961971998215,-0.945414662361145,-0.243776515126228,-0.134966880083084
0.55368447303772,-0.163690030574799,0.854682087898254,0.170779123902321,-0.945291697978973,-0.243767365813255,-0.133550211787224
0.553941249847412,-0.163997799158096,0.854805111885071,0.171084642410278,-0.94529515504837,-0.243566960096359,-0.133500605821609
0.554220020771027,-0.164340421557426,0.854891777038574,0.17102238535881,-0.945299863815308,-0.243558257818222,-0.13356252014637
0.554635167121887,-0.164676204323769,0.854937076568604,0.169756859540939,-0.945638239383698,-0.243288338184357,-0.133274286985397
0.555045068264008,-0.165042400360107,0.855027437210083,0.169476300477982,-0.942445874214172,-0.249612271785736,-0.144107446074486
0.555472195148468,-0.165226459503174,0.855012595653534,0.168152362108231,-0.942559540271759,-0.251168698072433,-0.142199829220772
0.555871844291687,-0.165487095713615,0.854930281639099,0.168341487646103,-0.942643105983734,-0.250662356615066,-0.142314970493317
0.556346476078033,-0.165912166237831,0.854611158370972,0.172601789236069,-0.945525825023651,-0.241260647773743,-0.134101018309593
0.557029604911804,-0.166470587253571,0.85436087846756,0.171851679682732,-0.946282684803009,-0.240292593836784,-0.131436973810196
0.557563304901123,-0.166646227240562,0.853980600833893,0.173915728926659,-0.945912659168243,-0.239864557981491,-0.132164657115936
0.558049321174622,-0.167157113552094,0.85368424654007,0.173384994268417,-0.94597339630127,-0.239542976021767,-0.133008226752281
0.559126734733582,-0.166945606470108,0.853744745254517,0.17696388065815,-0.941570699214935,-0.246446818113327,-0.146261215209961
0.559709548950195,-0.167426735162735,0.853520512580872,0.174570739269257,-0.942354202270508,-0.243775814771652,-0.14854983985424
0.560620844364166,-0.167589232325554,0.853188216686249,0.178031235933304,-0.945201098918915,-0.238158136606216,-0.134835258126259
0.561210036277771,-0.16782508790493,0.852670669555664,0.179317370057106,-0.945138514041901,-0.237098544836044,-0.135436505079269
0.561210036277771,-0.16782508790493,0.852670669555664,0.179317370057106,-0.945138514041901,-0.237098544836044,-0.135436505079269
0.563239455223083,-0.167522072792053,0.85237592458725,0.181719109416008,-0.940749526023865,-0.244184762239456,-0.149474486708641
0.564222812652588,-0.167698591947555,0.852067410945892,0.182421118021011,-0.94355434179306,-0.238459184765816,-0.13987497985363
0.56491893529892,-0.167773708701134,0.851563513278961,0.183736652135849,-0.943475961685181,-0.238423064351082,-0.138737589120865
0.56586617231369,-0.167847603559494,0.851131916046143,0.185718148946762,-0.942664742469788,-0.23816043138504,-0.142027601599693
0.566689908504486,-0.16779813170433,0.850796937942505,0.185469835996628,-0.943114221096039,-0.238422051072121,-0.138894826173782
0.567315876483917,-0.168163299560547,0.850484251976013,0.183863878250122,-0.943767488002777,-0.23506860435009,-0.142264425754547
0.568221509456635,-0.168027237057686,0.850046813488007,0.188491925597191,-0.941963493824005,-0.239119738340378,-0.141412422060966
0.56883317232132,-0.168223768472672,0.849740624427795,0.185303062200546,-0.942770838737488,-0.236863061785698,-0.144020512700081
0.569779217243195,-0.167903214693069,0.849302351474762,0.190539926290512,-0.938441753387451,-0.24463427066803,-0.152234941720962
0.570155203342438,-0.168324768543243,0.848969101905823,0.187487304210663,-0.941729426383972,-0.238589748740196,-0.145152732729912
0.570769667625427,-0.1682418435812,0.848487675189972,0.18894636631012,-0.941551148891449,-0.239046707749367,-0.143657431006431
0.571393966674805,-0.168305665254593,0.847940981388092,0.190846145153046,-0.941189110279083,-0.238729730248451,-0.144044876098633
0.571992158889771,-0.168237119913101,0.847634255886078,0.19426591694355,-0.940055727958679,-0.241124540567398,-0.142881423234939
0.57230269908905,-0.168431490659714,0.847180485725403,0.195168524980545,-0.939896523952484,-0.241021975874901,-0.142871901392937
0.572638154029846,-0.168589115142822,0.84675806760788,0.196957409381866,-0.939673125743866,-0.241021499037743,-0.141882821917534
0.572975695133209,-0.168734580278397,0.846266984939575,0.198853299021721,-0.939298272132874,-0.242150321602821,-0.13978311419487
0.573210418224335,-0.168813869357109,0.846010446548462,0.201662942767143,-0.938165545463562,-0.242615357041359,-0.142531558871269
0.57334303855896,-0.169018268585205,0.845490455627441,0.203209459781647,-0.937964498996735,-0.242761209607124,-0.141405299305916
0.573091447353363,-0.169641554355621,0.844727218151093,0.201412633061409,-0.939206719398498,-0.240657567977905,-0.13931055366993
0.573023080825806,-0.169608905911446,0.844069302082062,0.20406237244606,-0.938624203205109,-0.241972267627716,-0.137086555361748
0.573008060455322,-0.16978232562542,0.84339302778244,0.204333648085594,-0.938725233078003,-0.242217674851418,-0.135548010468483
0.572943150997162,-0.169959738850594,0.842771053314209,0.20513853430748,-0.938684940338135,-0.242503345012665,-0.134092941880226
0.572792708873749,-0.170054405927658,0.842116355895996,0.207022279500961,-0.938380837440491,-0.24320749938488,-0.13203527033329
0.572800576686859,-0.170029148459435,0.84208744764328,0.206647023558617,-0.935142278671265,-0.249058425426483,-0.144138425588608
0.572416722774506,-0.170439973473549,0.841081559658051,0.208507761359215,-0.938560545444488,-0.242159768939018,-0.130335986614227
0.572009265422821,-0.170518010854721,0.840263366699219,0.211048558354378,-0.937672913074493,-0.244285121560097,-0.128658428788185
0.571663737297058,-0.170624241232872,0.839531123638153,0.212274298071861,-0.937486112117767,-0.244939610362053,-0.12674480676651
0.571302056312561,-0.170696407556534,0.838902056217194,0.213406518101692,-0.937296867370606,-0.244967773556709,-0.126187160611153
0.571127891540527,-0.170361936092377,0.837945699691772,0.217892110347748,-0.935946762561798,-0.248460814356804,-0.121630519628525
0.570674300193787,-0.170413017272949,0.837203145027161,0.218362167477608,-0.935689628124237,-0.248111084103584,-0.123466305434704
0.570148646831512,-0.170537263154983,0.836718738079071,0.218922555446625,-0.93565309047699,-0.247284755110741,-0.124404571950436
0.569543659687042,-0.170493572950363,0.835609257221222,0.219899460673332,-0.935630083084106,-0.249099776148796,-0.119121506810188
0.56917005777359,-0.170580610632896,0.834868431091309,0.218384623527527,-0.935619294643402,-0.250998139381409,-0.118003472685814
0.568668901920319,-0.170416757464409,0.834091782569885,0.219242379069328,-0.935495018959045,-0.251592487096786,-0.116117812693119
0.567969799041748,-0.170154809951782,0.833284854888916,0.221335366368294,-0.935236871242523,-0.251908630132675,-0.113509461283684
0.567368686199188,-0.169839814305305,0.832488000392914,0.22479672729969,-0.933685541152954,-0.254593640565872,-0.113489925861359
0.566917359828949,-0.169161885976791,0.830911159515381,0.224497362971306,-0.934734344482422,-0.253432244062424,-0.107910975813866
0.565891206264496,-0.16987045109272,0.830099582672119,0.228947162628174,-0.93065732717514,-0.265962302684784,-0.103556789457798
0.565891206264496,-0.16987045109272,0.830099582672119,0.228947162628174,-0.93065732717514,-0.265962302684784,-0.103556789457798
0.565099000930786,-0.168764144182205,0.828468084335327,0.224461421370506,-0.935125410556793,-0.254745066165924,-0.101303040981293
0.564592182636261,-0.169522196054459,0.828382849693298,0.228782430291176,-0.928087651729584,-0.272531360387802,-0.109721340239048
0.56386810541153,-0.169441789388657,0.827422499656677,0.22920224070549,-0.928041517734528,-0.274381846189499,-0.10449905693531
0.563345015048981,-0.16801780462265,0.825858354568481,0.227159947156906,-0.931941568851471,-0.262499272823334,-0.104773245751858
0.562686085700989,-0.167604833841324,0.824688851833344,0.229595944285393,-0.931086540222168,-0.26487609744072,-0.101016044616699
0.562686085700989,-0.167604833841324,0.824688851833344,0.229595944285393,-0.931086540222168,-0.26487609744072,-0.101016044616699
0.562686085700989,-0.167604833841324,0.824688851833344,0.229595944285393,-0.931086540222168,-0.26487609744072,-0.101016044616699
0.559778869152069,-0.168324932456017,0.822832942008972,0.25673508644104,-0.915587246417999,-0.293801695108414,-0.0973024815320968
0.558357059955597,-0.168215364217758,0.820797383785248,0.253742814064026,-0.916324853897095,-0.29574504494667,-0.0921876356005668
0.558357059955597,-0.168215364217758,0.820797383785248,0.253742814064026,-0.916324853897095,-0.29574504494667,-0.0921876356005668
0.55720978975296,-0.167913198471069,0.81867790222168,0.257864683866501,-0.913106739521027,-0.302659809589386,-0.0902169495820999
0.556231677532196,-0.167986452579498,0.817693829536438,0.255969941616058,-0.914143919944763,-0.301801323890686,-0.0879560634493827
0.55544638633728,-0.167871445417404,0.816580235958099,0.257464617490768,-0.913472652435303,-0.302988022565842,-0.0864781737327575
0.554885685443878,-0.167749315500259,0.815526247024536,0.259586691856384,-0.913079738616943,-0.303193062543869,-0.0835098847746849
0.554253935813904,-0.167738243937492,0.814487218856812,0.258543938398361,-0.913611769676208,-0.302845060825348,-0.0821796432137489
0.55353844165802,-0.167793482542038,0.813380360603333,0.258059650659561,-0.912811994552612,-0.306058704853058,-0.0806712135672569
0.554026365280151,-0.165811270475387,0.811535120010376,0.24281233549118,-0.925317168235779,-0.280266582965851,-0.0792526006698608
0.551710069179535,-0.167945861816406,0.811313986778259,0.261031001806259,-0.910151124000549,-0.311074882745743,-0.0819765701889991
0.550563335418701,-0.168496251106262,0.810308158397675,0.257931709289551,-0.912634432315826,-0.306156277656555,-0.0826918259263038
0.551828742027283,-0.168988108634949,0.809557199478149,0.245073825120926,-0.912774562835693,-0.318886697292328,-0.0713627636432647
0.550916433334351,-0.16951958835125,0.80864417552948,0.244094863533974,-0.91248345375061,-0.319364756345749,-0.0761455371975898
0.550251185894012,-0.169771388173103,0.807700276374817,0.244243055582047,-0.911582589149475,-0.322337120771408,-0.0739001333713531
0.549178659915924,-0.17020820081234,0.806569993495941,0.244406849145889,-0.912022173404694,-0.321604162454605,-0.0710768699645996
0.547735691070557,-0.168298333883285,0.804401993751526,0.242803916335106,-0.921612977981567,-0.294388145208359,-0.0707935094833374
0.546700358390808,-0.168640583753586,0.803509473800659,0.242941245436668,-0.920551836490631,-0.296738386154175,-0.0742307230830192
0.545822858810425,-0.169078126549721,0.802524507045746,0.241379290819168,-0.92160302400589,-0.295663207769394,-0.0704788342118263
0.544813871383667,-0.169548124074936,0.801766037940979,0.241643443703651,-0.920333564281464,-0.298477351665497,-0.0742017179727554
0.543928980827332,-0.168971568346024,0.800929665565491,0.239936381578445,-0.923528075218201,-0.289844959974289,-0.0742738395929336
0.543106257915497,-0.17033314704895,0.799982070922852,0.237971097230911,-0.921835899353027,-0.296936422586441,-0.0736013278365135
0.542236804962158,-0.170838817954063,0.799293577671051,0.238210618495941,-0.920972228050232,-0.299171715974808,-0.0745802000164985
0.541345059871674,-0.17128399014473,0.798570156097412,0.237128123641014,-0.920518696308136,-0.30146911740303,-0.0743763893842697
0.540564596652985,-0.171632915735245,0.797751188278198,0.235837534070015,-0.921153783798218,-0.300413399934769,-0.0748875737190246
0.539791166782379,-0.170878455042839,0.797149360179901,0.234577670693397,-0.924921870231628,-0.290914803743362,-0.0697244778275489
0.539035856723785,-0.1711206138134,0.79641205072403,0.234301298856735,-0.925384759902954,-0.289757162332535,-0.0693275332450866
0.538561761379242,-0.172680288553238,0.795681416988373,0.23078128695488,-0.922708630561829,-0.30092391371727,-0.0692348182201385
0.537830889225006,-0.173027038574219,0.795147895812988,0.231099709868431,-0.922101318836212,-0.302438795566559,-0.0696625486016273
0.537830889225006,-0.173027038574219,0.795147895812988,0.231099709868431,-0.922101318836212,-0.302438795566559,-0.0696625486016273
0.536554753780365,-0.172623232007027,0.793966114521027,0.228846967220306,-0.925614535808563,-0.292825698852539,-0.0715536996722221
0.536554753780365,-0.172623232007027,0.793966114521027,0.228846967220306,-0.925614535808563,-0.292825698852539,-0.0715536996722221
0.535758376121521,-0.174153715372085,0.792751431465149,0.227204591035843,-0.922465324401856,-0.303764760494232,-0.0718540921807289
0.535468876361847,-0.173185527324677,0.792133331298828,0.228123649954796,-0.925279915332794,-0.294477730989456,-0.0714139193296432
0.535255372524261,-0.173333197832107,0.79158353805542,0.228076502680779,-0.924953818321228,-0.2956403195858,-0.070980966091156
0.535255372524261,-0.173333197832107,0.79158353805542,0.228076502680779,-0.924953818321228,-0.2956403195858,-0.070980966091156
0.535255372524261,-0.173333197832107,0.79158353805542,0.228076502680779,-0.924953818321228,-0.2956403195858,-0.070980966091156
0.534700930118561,-0.173852369189262,0.790033876895905,0.226871311664581,-0.92455381155014,-0.297583490610123,-0.071928821504116
0.534700930118561,-0.173852369189262,0.790033876895905,0.226871311664581,-0.92455381155014,-0.297583490610123,-0.071928821504116
0.534621953964233,-0.175190806388855,0.788975179195404,0.22567243874073,-0.92115592956543,-0.308410495519638,-0.0736671462655067
0.534627616405487,-0.17536062002182,0.788496434688568,0.225926220417023,-0.920033633708954,-0.310807228088379,-0.0767754912376403
0.534640610218048,-0.175474524497986,0.787933230400085,0.226497232913971,-0.919601917266846,-0.311708569526672,-0.0766086876392364
0.534510016441345,-0.174585446715355,0.787432968616486,0.227042719721794,-0.922887921333313,-0.302110463380814,-0.0738844275474548
0.534620761871338,-0.175801575183868,0.786938309669495,0.225737363100052,-0.920027732849121,-0.311597913503647,-0.0741523206233978
0.534566402435303,-0.175563097000122,0.786614596843719,0.223146468400955,-0.924530327320099,-0.29867023229599,-0.0790270194411277
0.534684836864471,-0.175762623548508,0.786126375198364,0.224244236946106,-0.924058020114899,-0.299279600381851,-0.079138696193695
0.534820199012756,-0.176036566495895,0.785721302032471,0.224621519446373,-0.923776030540466,-0.299802780151367,-0.0793830156326294
0.535008728504181,-0.176410153508186,0.785268127918243,0.223938524723053,-0.923661172389984,-0.30070298910141,-0.0792432948946952
0.535008728504181,-0.176410153508186,0.785268127918243,0.223938524723053,-0.923661172389984,-0.30070298910141,-0.0792432948946952
0.535313427448273,-0.17769068479538,0.785014867782593,0.22020848095417,-0.924903512001038,-0.297650963068008,-0.0864042565226554
0.535468995571136,-0.178487837314606,0.784090936183929,0.226599961519241,-0.918681859970093,-0.312368810176849,-0.0842720866203308
0.535468995571136,-0.178487837314606,0.784090936183929,0.226599961519241,-0.918681859970093,-0.312368810176849,-0.0842720866203308
0.535872995853424,-0.179066717624664,0.783130943775177,0.23257027566433,-0.915521740913391,-0.318338990211487,-0.0799464508891105
0.535872995853424,-0.179066717624664,0.783130943775177,0.23257027566433,-0.915521740913391,-0.318338990211487,-0.0799464508891105
0.535914182662964,-0.178493231534958,0.782788574695587,0.232886478304863,-0.919905543327332,-0.306181162595749,-0.0760976150631904
0.535914182662964,-0.178493231534958,0.782788574695587,0.232886478304863,-0.919905543327332,-0.306181162595749,-0.0760976150631904
0.536561608314514,-0.180156752467155,0.781989336013794,0.236380606889725,-0.91861492395401,-0.307807117700577,-0.0743352100253105
0.536805093288422,-0.180688440799713,0.781910538673401,0.237699314951897,-0.917475342750549,-0.309767007827759,-0.0760437697172164
0.537067294120789,-0.182312667369843,0.78172779083252,0.237944602966309,-0.914584517478943,-0.318242698907852,-0.0750945955514907
0.5370814204216,-0.182513043284416,0.781691193580627,0.234268590807915,-0.91898113489151,-0.30719119310379,-0.0789005011320114
0.537303626537323,-0.183018356561661,0.781494319438934,0.235165745019913,-0.918593764305115,-0.307999402284622,-0.077583372592926
0.537448704242706,-0.184248119592667,0.781102061271667,0.24015386402607,-0.913714230060577,-0.320397108793259,-0.0692706853151321
0.537626028060913,-0.185122281312943,0.780989766120911,0.23740628361702,-0.914340674877167,-0.319198966026306,-0.0757058039307594
0.537739336490631,-0.185065880417824,0.780881345272064,0.235852956771851,-0.918654382228851,-0.308388471603393,-0.0731041505932807
0.537943065166473,-0.185628145933151,0.780730128288269,0.236918330192566,-0.918593227863312,-0.307962208986282,-0.0722192898392677
0.538215100765228,-0.186886832118034,0.780389547348022,0.240314215421677,-0.913705587387085,-0.320433378219604,-0.0686564669013023
0.538443982601166,-0.187356561422348,0.780113220214844,0.24087330698967,-0.912511587142944,-0.323235690593719,-0.0694352611899375
0.538649320602417,-0.188098043203354,0.77982097864151,0.241941675543785,-0.912398159503937,-0.323673605918884,-0.0650324821472168
0.538883745670319,-0.187517136335373,0.77953577041626,0.243728950619697,-0.914755463600159,-0.315231263637543,-0.066691942512989
0.539299964904785,-0.188920468091965,0.779475331306458,0.244126886129379,-0.910205125808716,-0.327799141407013,-0.0669076219201088
0.53963178396225,-0.189612597227097,0.778965950012207,0.246379390358925,-0.911003470420837,-0.324035376310349,-0.0661148875951767
0.539990246295929,-0.190535068511963,0.778769373893738,0.244098201394081,-0.912281394004822,-0.321628928184509,-0.0686557665467262
0.540510654449463,-0.190532594919205,0.778085470199585,0.246753007173538,-0.911433577537537,-0.323594689369202,-0.0607308447360992
0.541182160377502,-0.190446436405182,0.777656674385071,0.247510388493538,-0.913697242736816,-0.316499054431915,-0.0610270984470844
0.541727364063263,-0.190803334116936,0.777356803417206,0.250414103269577,-0.912349164485931,-0.317408174276352,-0.0645301565527916
0.541727364063263,-0.190803334116936,0.777356803417206,0.250414103269577,-0.912349164485931,-0.317408174276352,-0.0645301565527916
0.542476058006287,-0.192236661911011,0.77644282579422,0.252372562885284,-0.908352673053742,-0.32691279053688,-0.0658133402466774
0.542476058006287,-0.192236661911011,0.77644282579422,0.252372562885284,-0.908352673053742,-0.32691279053688,-0.0658133402466774
0.543591320514679,-0.193393886089325,0.775645911693573,0.250263035297394,-0.910011827945709,-0.323499739170074,-0.0677855759859085
0.543591320514679,-0.193393886089325,0.775645911693573,0.250263035297394,-0.910011827945709,-0.323499739170074,-0.0677855759859085
0.544548809528351,-0.193783387541771,0.774752140045166,0.252388089895248,-0.90786337852478,-0.326995760202408,-0.0718214958906173
0.544902980327606,-0.194768875837326,0.774455964565277,0.250434786081314,-0.909285187721252,-0.323835551738739,-0.074923388659954
0.544902980327606,-0.194768875837326,0.774455964565277,0.250434786081314,-0.909285187721252,-0.323835551738739,-0.074923388659954
0.545413970947266,-0.194804355502129,0.773826718330383,0.253757447004318,-0.907074809074402,-0.32811838388443,-0.0718403458595275
0.545889019966125,-0.194138824939728,0.773444533348083,0.252119094133377,-0.911108911037445,-0.316677808761597,-0.0776635110378265
0.546945750713348,-0.196008861064911,0.772501051425934,0.252483278512955,-0.907998025417328,-0.324644923210144,-0.0799864530563354
0.547244131565094,-0.195521861314774,0.77222216129303,0.251596212387085,-0.911288440227508,-0.315277367830276,-0.0827830731868743
0.547247111797333,-0.195664614439011,0.772022545337677,0.250338017940521,-0.911790907382965,-0.314411640167236,-0.0843439027667045
0.547657012939453,-0.197233319282532,0.771290898323059,0.249895438551903,-0.909476637840271,-0.321829706430435,-0.0826443508267402
0.547779381275177,-0.19728210568428,0.770928502082825,0.247550055384636,-0.909774959087372,-0.32180318236351,-0.0864378809928894
0.548191070556641,-0.197029650211334,0.770582914352417,0.247209385037422,-0.912721514701843,-0.312925904989242,-0.0889061763882637
0.547896921634674,-0.197957888245582,0.770646154880524,0.239101156592369,-0.91659015417099,-0.306408256292343,-0.0938475206494331
0.548143565654755,-0.198608264327049,0.769956111907959,0.244041442871094,-0.91121917963028,-0.319605350494385,-0.0893074870109558
0.548243463039398,-0.198915243148804,0.769605338573456,0.244084134697914,-0.911212801933289,-0.319354087114334,-0.0901529714465141
0.548243463039398,-0.198915243148804,0.769605338573456,0.244084134697914,-0.911212801933289,-0.319354087114334,-0.0901529714465141
0.54891562461853,-0.198836430907249,0.768664300441742,0.243876948952675,-0.913196325302124,-0.312507718801498,-0.0945275574922561
0.548817157745361,-0.200458526611328,0.768467605113983,0.242289215326309,-0.912163734436035,-0.317917436361313,-0.0904507264494896
0.548817157745361,-0.200458526611328,0.768467605113983,0.242289215326309,-0.912163734436035,-0.317917436361313,-0.0904507264494896
0.548062205314636,-0.201529115438461,0.768664479255676,0.230899676680565,-0.916789829730988,-0.310115694999695,-0.100049823522568
0.548062205314636,-0.201529115438461,0.768664479255676,0.230899676680565,-0.916789829730988,-0.310115694999695,-0.100049823522568
0.547729015350342,-0.201394200325012,0.768327951431274,0.226154625415802,-0.921640813350678,-0.299256682395935,-0.0993867442011833
0.547729015350342,-0.201394200325012,0.768327951431274,0.226154625415802,-0.921640813350678,-0.299256682395935,-0.0993867442011833
0.547577857971191,-0.202325209975243,0.76851099729538,0.221096143126488,-0.923279345035553,-0.296495258808136,-0.103741459548473
0.547577857971191,-0.202325209975243,0.76851099729538,0.221096143126488,-0.923279345035553,-0.296495258808136,-0.103741459548473
0.547257125377655,-0.203868806362152,0.768503665924072,0.220965415239334,-0.919924736022949,-0.305861115455627,-0.10659197717905
0.547257125377655,-0.203868806362152,0.768503665924072,0.220965415239334,-0.919924736022949,-0.305861115455627,-0.10659197717905
0.547025918960571,-0.204165562987327,0.768463134765625,0.220133230090141,-0.920080423355102,-0.306065499782562,-0.106384560465813
0.546683013439178,-0.204357296228409,0.768085956573486,0.218979939818382,-0.920762896537781,-0.306501984596252,-0.101491220295429
0.54636025428772,-0.204745873808861,0.768056333065033,0.217373073101044,-0.921053469181061,-0.306767106056213,-0.101507008075714
0.546162784099579,-0.204907342791557,0.768071532249451,0.216484397649765,-0.921325385570526,-0.306574463844299,-0.101519636809826
0.546005964279175,-0.205051064491272,0.768073201179504,0.215456455945969,-0.921371459960938,-0.30717796087265,-0.101463131606579
0.545925557613373,-0.205058664083481,0.768241226673126,0.216037347912788,-0.920741200447082,-0.307549953460693,-0.104769460856915
0.545925557613373,-0.205058664083481,0.768241226673126,0.216037347912788,-0.920741200447082,-0.307549953460693,-0.104769460856915
0.545652627944946,-0.205198556184769,0.768279910087585,0.213503211736679,-0.92131918668747,-0.307511270046234,-0.104997046291828
0.545451521873474,-0.205331951379776,0.768180847167969,0.210566505789757,-0.922367215156555,-0.307315200567245,-0.102263823151588
0.545338153839111,-0.205339908599853,0.768187701702118,0.209131121635437,-0.922606706619263,-0.307334125041962,-0.102989971637726
0.545338153839111,-0.205339908599853,0.768187701702118,0.209131121635437,-0.922606706619263,-0.307334125041962,-0.102989971637726
0.545238614082336,-0.205370932817459,0.768212735652924,0.207867622375488,-0.922758400440216,-0.307478904724121,-0.103751987218857
0.545124173164368,-0.20539379119873,0.768233358860016,0.206503301858902,-0.922948896884918,-0.30757138133049,-0.104507483541965
0.544994115829468,-0.205430239439011,0.768220663070679,0.205341458320618,-0.923005521297455,-0.307891368865967,-0.105350501835346
0.544675946235657,-0.205558642745018,0.768227159976959,0.203159898519516,-0.923379957675934,-0.307546824216843,-0.107286751270294
0.544447422027588,-0.205661535263061,0.768269419670105,0.201571464538574,-0.923637986183166,-0.30734196305275,-0.108640797436237
0.544308602809906,-0.205847606062889,0.768433511257172,0.198980942368507,-0.924510955810547,-0.305773049592972,-0.11040335893631
0.544308602809906,-0.205847606062889,0.768433511257172,0.198980942368507,-0.924510955810547,-0.305773049592972,-0.11040335893631
0.544076263904572,-0.205976635217667,0.768456876277924,0.197159573435783,-0.924872696399689,-0.305499047040939,-0.111396089196205
0.543649256229401,-0.206189066171646,0.768508970737457,0.19704207777977,-0.924414396286011,-0.306355148553848,-0.113045826554298
0.542980968952179,-0.20644423365593,0.76848965883255,0.19427652657032,-0.925357460975647,-0.304886817932129,-0.114079162478447
0.542594075202942,-0.206528916954994,0.768281400203705,0.19392554461956,-0.925343453884125,-0.305292040109634,-0.113707266747951
0.542594075202942,-0.206528916954994,0.768281400203705,0.19392554461956,-0.925343453884125,-0.305292040109634,-0.113707266747951
