x,y,z,q0,q1,q2,q3
0.714238047599792,-0.0974605306982994,1.18045580387115,-0.054075576364994,0.0199646633118391,0.660724341869354,-0.748412013053894
0.713915109634399,-0.0973312407732009,1.18024671077728,-0.0537744723260402,0.018790315836668,0.661293864250183,-0.747960984706879
0.713915109634399,-0.0973312407732009,1.18024671077728,-0.0537744723260402,0.018790315836668,0.661293864250183,-0.747960984706879
0.714226067066193,-0.0975214540958404,1.18017041683197,-0.0534431226551532,0.0189296305179595,0.661902725696564,-0.747442424297333
0.714226067066193,-0.0975214540958404,1.18017041683197,-0.0534431226551532,0.0189296305179595,0.661902725696564,-0.747442424297333
0.714379131793976,-0.0977416709065437,1.18014013767242,-0.0531419515609741,0.0190332289785146,0.662192523479462,-0.747204720973969
0.714928567409515,-0.0980631187558174,1.18010127544403,-0.0531698353588581,0.0195594206452369,0.662700831890106,-0.746738076210022
0.715477049350739,-0.0983134508132934,1.18024218082428,-0.0532833635807037,0.0205478109419345,0.662543594837189,-0.746843159198761
0.715477049350739,-0.0983134508132934,1.18024218082428,-0.0532833635807037,0.0205478109419345,0.662543594837189,-0.746843159198761
0.715107083320618,-0.0982482060790062,1.18012762069702,-0.0529687255620956,0.0194542352110147,0.662965476512909,-0.746520400047302
0.715659141540527,-0.0985310897231102,1.18032050132751,-0.0530685000121593,0.0205816645175218,0.662779271602631,-0.74664843082428
0.715786218643188,-0.09855867177248,1.18034636974335,-0.0529800429940223,0.0206482391804456,0.662910163402557,-0.746536612510681
0.715909123420715,-0.0986449271440506,1.18038749694824,-0.0528688356280326,0.0207454971969127,0.663044393062592,-0.746422529220581
0.715999782085419,-0.0987416431307792,1.18045771121979,-0.0528973452746868,0.0207706186920404,0.663159847259521,-0.746317207813263
0.716094553470612,-0.0987922623753547,1.18049347400665,-0.0528603345155715,0.0208058953285217,0.663229048252106,-0.746257483959198
0.715850353240967,-0.0986795574426651,1.18043196201324,-0.0526410304009914,0.0197577215731143,0.663547873497009,-0.746017932891846
0.716446757316589,-0.0989910289645195,1.18065524101257,-0.0527937896549701,0.0211232043802738,0.663292169570923,-0.74619722366333
0.716446757316589,-0.0989910289645195,1.18065524101257,-0.0527937896549701,0.0211232043802738,0.663292169570923,-0.74619722366333
0.716076254844666,-0.098810389637947,1.18055021762848,-0.0526076406240463,0.0200421176850795,0.663552582263947,-0.746008515357971
0.716132760047913,-0.0988384112715721,1.18059051036835,-0.0525849126279354,0.0200668983161449,0.663530349731445,-0.746029376983643
0.716253757476807,-0.0988874286413192,1.1807017326355,-0.0526144579052925,0.0201198086142539,0.663398146629333,-0.746143341064453
0.716313898563385,-0.0989028811454773,1.18075180053711,-0.0526266582310199,0.0201527718454599,0.663316071033478,-0.746214509010315
0.716369330883026,-0.0989237874746322,1.1808168888092,-0.0526262521743774,0.0201835464686155,0.663194417953491,-0.7463219165802
0.716369330883026,-0.0989237874746322,1.1808168888092,-0.0526262521743774,0.0201835464686155,0.663194417953491,-0.7463219165802
0.716372191905975,-0.098919928073883,1.18087387084961,-0.0527350753545761,0.020429665222764,0.663061678409576,-0.746425449848175
0.716424703598022,-0.0989182069897651,1.18093252182007,-0.0528125502169132,0.0204674210399389,0.662936747074127,-0.746529817581177
0.716424703598022,-0.0989182069897651,1.18093252182007,-0.0528125502169132,0.0204674210399389,0.662936747074127,-0.746529817581177
0.716555893421173,-0.098758764564991,1.18114757537842,-0.0533809773623943,0.0201680660247802,0.662393033504486,-0.746980130672455
0.716597497463226,-0.0987194925546646,1.18122661113739,-0.0535042285919189,0.0201938413083553,0.66219037771225,-0.747150182723999
0.716668546199799,-0.0988091826438903,1.18137001991272,-0.0535756684839725,0.0202627331018447,0.661939382553101,-0.747365534305573
0.71717232465744,-0.0989527851343154,1.18155908584595,-0.0538829490542411,0.0215573813766241,0.661538064479828,-0.747662484645844
0.716839730739594,-0.09864092618227,1.18154323101044,-0.0537346452474594,0.0207736082375049,0.661333799362183,-0.747876226902008
0.71734094619751,-0.0988005772233009,1.18177127838135,-0.0541137754917144,0.0219887793064117,0.660850346088409,-0.748241364955902
0.717339098453522,-0.0988124832510948,1.18183875083923,-0.0544975809752941,0.0219778958708047,0.660618841648102,-0.748418092727661
0.717339098453522,-0.0988124832510948,1.18183875083923,-0.0544975809752941,0.0219778958708047,0.660618841648102,-0.748418092727661
0.716842412948608,-0.0984280705451965,1.1817638874054,-0.05465804412961,0.0207878369837999,0.660397171974182,-0.748636066913605
0.716842412948608,-0.0984280705451965,1.1817638874054,-0.05465804412961,0.0207878369837999,0.660397171974182,-0.748636066913605
0.716862797737122,-0.0983529537916183,1.18182957172394,-0.0548750311136245,0.0208729188889265,0.660218238830566,-0.748775720596313
0.71690559387207,-0.0982880815863609,1.1819269657135,-0.0551980733871459,0.021274721249938,0.659823656082153,-0.74908834695816
0.71690559387207,-0.0982880815863609,1.1819269657135,-0.0551980733871459,0.021274721249938,0.659823656082153,-0.74908834695816
0.716852128505707,-0.0981542393565177,1.18196439743042,-0.0553728528320789,0.0211892891675233,0.659554064273834,-0.749315321445465
0.716844141483307,-0.0980783775448799,1.18203544616699,-0.0555841401219368,0.0212572310119867,0.659314393997192,-0.749508619308472
0.717284977436066,-0.0981843769550323,1.18225812911987,-0.0560074560344219,0.0224290732294321,0.658891141414642,-0.749815106391907
0.716853141784668,-0.0979596152901649,1.18211007118225,-0.0558610633015632,0.0215245373547077,0.659043610095978,-0.749718427658081
0.716827750205994,-0.0978530049324035,1.18217849731445,-0.0560891218483448,0.0215890631079673,0.658810496330261,-0.74990451335907
0.717195093631744,-0.0978217795491218,1.18241512775421,-0.0566857531666755,0.0226401221007108,0.658168137073517,-0.750392556190491
0.717195093631744,-0.0978217795491218,1.18241512775421,-0.0566857531666755,0.0226401221007108,0.658168137073517,-0.750392556190491
0.716561913490295,-0.0973276793956756,1.18239843845367,-0.0569453388452529,0.021239198744297,0.658174932003021,-0.750407874584198
0.71648383140564,-0.0971804931759834,1.18247973918915,-0.0571552887558937,0.0212184228003025,0.658041715621948,-0.750509321689606
0.716336846351624,-0.0969157963991165,1.18258512020111,-0.0574361346662044,0.0211935713887214,0.657732725143433,-0.750759303569794
0.716336846351624,-0.0969157963991165,1.18258512020111,-0.0574361346662044,0.0211935713887214,0.657732725143433,-0.750759303569794
0.716209650039673,-0.096615046262741,1.18276000022888,-0.0579153485596179,0.0210995506495237,0.657457411289215,-0.750966250896454
0.716209650039673,-0.096615046262741,1.18276000022888,-0.0579153485596179,0.0210995506495237,0.657457411289215,-0.750966250896454
0.71589720249176,-0.0963989496231079,1.18301439285278,-0.0578535422682762,0.0208830796182155,0.657076060771942,-0.751310884952545
0.71589720249176,-0.0963989496231079,1.18301439285278,-0.0578535422682762,0.0208830796182155,0.657076060771942,-0.751310884952545
0.715839922428131,-0.0962477400898933,1.18310177326202,-0.0581255257129669,0.0209516417235136,0.65691477060318,-0.7514289021492
0.715839922428131,-0.0962477400898933,1.18310177326202,-0.0581255257129669,0.0209516417235136,0.65691477060318,-0.7514289021492
0.715540111064911,-0.0957983136177063,1.18330931663513,-0.0587035007774829,0.0206557493656873,0.656264305114746,-0.751960396766663
0.715540111064911,-0.0957983136177063,1.18330931663513,-0.0587035007774829,0.0206557493656873,0.656264305114746,-0.751960396766663
0.71554172039032,-0.0954847186803817,1.18332433700562,-0.0594608858227729,0.0211106929928064,0.656036794185638,-0.752086699008942
0.71554172039032,-0.0954847186803817,1.18332433700562,-0.0594608858227729,0.0211106929928064,0.656036794185638,-0.752086699008942
0.71575391292572,-0.0952376797795295,1.18363475799561,-0.0601556561887264,0.0225637853145599,0.655563056468964,-0.752402424812317
0.71575391292572,-0.0952376797795295,1.18363475799561,-0.0601556561887264,0.0225637853145599,0.655563056468964,-0.752402424812317
0.715019166469574,-0.0945001617074012,1.18375217914581,-0.0606437213718891,0.0213821716606616,0.655222713947296,-0.752694070339203
0.714931130409241,-0.0943036079406738,1.183833360672,-0.0608404427766799,0.0215215533971786,0.6550572514534,-0.752818167209625
0.714931130409241,-0.0943036079406738,1.183833360672,-0.0608404427766799,0.0215215533971786,0.6550572514534,-0.752818167209625
0.714597165584564,-0.0938021466135978,1.18412601947784,-0.0610677972435951,0.0211257524788379,0.654433786869049,-0.753353118896484
0.714498519897461,-0.093563824892044,1.18423771858215,-0.0612907595932483,0.0211964845657348,0.654339373111725,-0.753415107727051
0.715087413787842,-0.0935568213462829,1.18455958366394,-0.0618743598461151,0.0227482244372367,0.65364146232605,-0.753927767276764
0.715087413787842,-0.0935568213462829,1.18455958366394,-0.0618743598461151,0.0227482244372367,0.65364146232605,-0.753927767276764
0.714302659034729,-0.0928391441702842,1.18453049659729,-0.0621195696294307,0.021688986569643,0.653961598873138,-0.753661096096039
0.714302659034729,-0.0928391441702842,1.18453049659729,-0.0621195696294307,0.021688986569643,0.653961598873138,-0.753661096096039
0.71417909860611,-0.0923790633678436,1.18466138839722,-0.06256715208292,0.0221685469150543,0.653605103492737,-0.753919363021851
0.71417909860611,-0.0923790633678436,1.18466138839722,-0.06256715208292,0.0221685469150543,0.653605103492737,-0.753919363021851
0.714165151119232,-0.0921704024076461,1.18473994731903,-0.0629016757011413,0.0221744198352098,0.653387904167175,-0.754079639911652
0.713960647583008,-0.0915318578481674,1.18486356735229,-0.0637416094541549,0.0222625695168972,0.652965545654297,-0.754372239112854
0.713960647583008,-0.0915318578481674,1.18486356735229,-0.0637416094541549,0.0222625695168972,0.652965545654297,-0.754372239112854
0.713910043239594,-0.0912256315350532,1.1849240064621,-0.0642311200499534,0.0223678983747959,0.652838051319122,-0.754437923431396
0.714301347732544,-0.0911160111427307,1.18518316745758,-0.0649895966053009,0.0235781129449605,0.652369439601898,-0.754741489887238
0.714243173599243,-0.0903910100460052,1.18524193763733,-0.0665981695055961,0.024207916110754,0.652294874191284,-0.754645645618439
0.714243173599243,-0.0903910100460052,1.18524193763733,-0.0665981695055961,0.024207916110754,0.652294874191284,-0.754645645618439
0.714011192321777,-0.0899188593029975,1.18537306785583,-0.067251481115818,0.0238910485059022,0.652252435684204,-0.754634439945221
0.713801383972168,-0.0893330350518226,1.18540775775909,-0.0681768357753753,0.0238464437425136,0.652415633201599,-0.754411816596985
0.71327131986618,-0.0888439714908599,1.18529391288757,-0.068474143743515,0.0228449869900941,0.652825176715851,-0.754061460494995
0.71327131986618,-0.0888439714908599,1.18529391288757,-0.068474143743515,0.0228449869900941,0.652825176715851,-0.754061460494995
0.71311628818512,-0.0883329138159751,1.18513607978821,-0.0693088397383689,0.0229955911636352,0.65375143289566,-0.753177642822266
0.71311628818512,-0.0883329138159751,1.18513607978821,-0.0693088397383689,0.0229955911636352,0.65375143289566,-0.753177642822266
0.713132977485657,-0.0880370140075683,1.18518006801605,-0.0696910619735717,0.0231828149408102,0.653940439224243,-0.752972483634949
0.713002383708954,-0.0877323448657989,1.18519055843353,-0.0700466409325599,0.0232365857809782,0.654262602329254,-0.752657949924469
0.712779521942139,-0.087298534810543,1.18515944480896,-0.0705791637301445,0.0233944505453109,0.654903292655945,-0.752045869827271
0.712637662887573,-0.0869373306632042,1.18528711795807,-0.0713522657752037,0.0232471879571676,0.655176937580109,-0.751739144325256
0.71248984336853,-0.0865588262677192,1.18536746501923,-0.0714538246393203,0.0233525373041629,0.65562230348587,-0.751337826251984
0.71248984336853,-0.0865588262677192,1.18536746501923,-0.0714538246393203,0.0233525373041629,0.65562230348587,-0.751337826251984
0.712400615215302,-0.0861121416091919,1.18540716171265,-0.0718693658709526,0.0236766636371612,0.657335042953491,-0.749789953231812
0.712209284305573,-0.0857019275426864,1.18540573120117,-0.0721312165260315,0.0242316499352455,0.658168435096741,-0.74901556968689
0.711975932121277,-0.085437387228012,1.18552756309509,-0.0721442550420761,0.0241526812314987,0.658995628356934,-0.748289167881012
0.711775362491608,-0.0849738046526908,1.18569779396057,-0.0728039145469665,0.02442592009902,0.659600436687469,-0.74768328666687
0.711868584156036,-0.0842658281326294,1.18596386909485,-0.0740631818771362,0.0265302527695894,0.661339402198792,-0.745949685573578
0.711593925952911,-0.08388152718544,1.18604183197021,-0.0743432343006134,0.0278931483626365,0.662534117698669,-0.744811177253723
0.71103835105896,-0.0832868963479995,1.18602025508881,-0.0742844641208648,0.0273388735949993,0.663841485977173,-0.743672609329224
0.71103835105896,-0.0832868963479995,1.18602025508881,-0.0742844641208648,0.0273388735949993,0.663841485977173,-0.743672609329224
0.710856735706329,-0.0828770697116851,1.186119556427,-0.0745136365294456,0.028163731098175,0.664792716503143,-0.74276876449585
0.710993528366089,-0.0825298428535461,1.18622076511383,-0.075206346809864,0.0301722399890422,0.665807902812958,-0.741709887981415
0.710061490535736,-0.0815214738249778,1.18648791313171,-0.074616439640522,0.0309759471565485,0.66809070110321,-0.739680767059326
0.709698140621185,-0.0808493345975875,1.18654751777649,-0.0746405497193336,0.0317753888666629,0.669482588768005,-0.738384902477264
0.709698140621185,-0.0808493345975875,1.18654751777649,-0.0746405497193336,0.0317753888666629,0.669482588768005,-0.738384902477264
0.709801971912384,-0.0804128423333168,1.18675374984741,-0.0750177279114723,0.0339114479720592,0.670398950576782,-0.737419605255127
0.708652138710022,-0.07919891923666,1.18700242042542,-0.0741303563117981,0.0346791036427021,0.673290073871613,-0.734835147857666
0.708506345748901,-0.078611359000206,1.18707537651062,-0.0744173973798751,0.0369507223367691,0.674485743045807,-0.733597874641418
0.707786619663239,-0.0778498277068138,1.1871292591095,-0.0738264843821525,0.0370496958494186,0.675772130489349,-0.732467770576477
0.707786619663239,-0.0778498277068138,1.1871292591095,-0.0738264843821525,0.0370496958494186,0.675772130489349,-0.732467770576477
0.707390666007996,-0.0771341696381568,1.18744015693665,-0.0734423249959945,0.0380179807543754,0.677062332630157,-0.731264293193817
0.706839501857758,-0.0757045373320579,1.18769288063049,-0.0732355117797851,0.0409717634320259,0.678836464881897,-0.729478478431702
0.706839501857758,-0.0757045373320579,1.18769288063049,-0.0732355117797851,0.0409717634320259,0.678836464881897,-0.729478478431702
0.706839501857758,-0.0757045373320579,1.18769288063049,-0.0732355117797851,0.0409717634320259,0.678836464881897,-0.729478478431702
0.705635964870453,-0.0740173012018203,1.1879301071167,-0.0723806917667388,0.0420181192457675,0.681222915649414,-0.727276384830475
0.705406665802002,-0.0721312090754509,1.18848514556885,-0.072950541973114,0.045029554516077,0.683573842048645,-0.724829316139221
0.704351007938385,-0.0712240487337112,1.18836188316345,-0.0716239139437675,0.0452851131558418,0.683823883533478,-0.724709630012512
0.704351007938385,-0.0712240487337112,1.18836188316345,-0.0716239139437675,0.0452851131558418,0.683823883533478,-0.724709630012512
0.703659117221832,-0.0700010433793068,1.18830442428589,-0.0714329630136489,0.0461029224097728,0.685046911239624,-0.723520994186401
0.703261196613312,-0.0681157112121582,1.1888267993927,-0.0709354281425476,0.0493926927447319,0.686030268669128,-0.722420215606689
0.703261196613312,-0.0681157112121582,1.1888267993927,-0.0709354281425476,0.0493926927447319,0.686030268669128,-0.722420215606689
0.702347338199615,-0.0668815821409225,1.18878149986267,-0.0704100206494331,0.0496811382472515,0.686602354049683,-0.721908330917358
0.702347338199615,-0.0668815821409225,1.18878149986267,-0.0704100206494331,0.0496811382472515,0.686602354049683,-0.721908330917358
0.700704276561737,-0.063207983970642,1.18897521495819,-0.0694471076130867,0.0524213276803493,0.687878727912903,-0.72059154510498
0.700564742088318,-0.0615417808294296,1.1894314289093,-0.0707619115710258,0.0521299093961715,0.6890909075737,-0.719325482845306
0.700564742088318,-0.0615417808294296,1.1894314289093,-0.0707619115710258,0.0521299093961715,0.6890909075737,-0.719325482845306
0.699918687343597,-0.0602144785225391,1.18957042694092,-0.0697888955473899,0.0529558472335338,0.689309775829315,-0.719150364398956
0.699918687343597,-0.0602144785225391,1.18957042694092,-0.0697888955473899,0.0529558472335338,0.689309775829315,-0.719150364398956
0.699034214019775,-0.0577217862010002,1.18989372253418,-0.0689832344651222,0.0556523650884628,0.689220488071442,-0.719110071659088
0.697452485561371,-0.0552073456346988,1.1895580291748,-0.0666949674487114,0.0581577606499195,0.689197599887848,-0.719149529933929
0.697452485561371,-0.0552073456346988,1.1895580291748,-0.0666949674487114,0.0581577606499195,0.689197599887848,-0.719149529933929
0.696561992168427,-0.0523282587528228,1.18978893756866,-0.0658909305930137,0.0612976998090744,0.688493132591248,-0.719637632369995
0.695977747440338,-0.0507169812917709,1.1900646686554,-0.0657195746898651,0.0618630684912204,0.687715947628021,-0.720347762107849
0.695977747440338,-0.0507169812917709,1.1900646686554,-0.0657195746898651,0.0618630684912204,0.687715947628021,-0.720347762107849
0.694550693035126,-0.049021653831005,1.18960297107697,-0.0640178620815277,0.0619713366031646,0.687553942203522,-0.72064620256424
0.694314777851105,-0.0472711622714996,1.18976056575775,-0.0643966048955917,0.0627861320972442,0.687573850154877,-0.720522820949554
0.694056689739227,-0.0459894463419914,1.19013547897339,-0.0637119561433792,0.0648290440440177,0.686561524868011,-0.72136777639389
0.692209005355835,-0.042198110371828,1.19011521339417,-0.0629222840070724,0.0655720829963684,0.685733675956726,-0.722156822681427
0.692209005355835,-0.042198110371828,1.19011521339417,-0.0629222840070724,0.0655720829963684,0.685733675956726,-0.722156822681427
0.6915123462677,-0.0407439991831779,1.19036328792572,-0.0622425898909568,0.0665452554821968,0.684594035148621,-0.723207235336304
0.691319286823273,-0.0390011668205261,1.19046568870544,-0.0624476969242095,0.0688146874308586,0.683911442756653,-0.723622858524323
0.69069641828537,-0.0373272113502025,1.19072508811951,-0.0614954754710197,0.0700050070881843,0.683012664318085,-0.724438607692719
0.689743757247925,-0.0354985333979129,1.19047248363495,-0.0600780323147773,0.0704240426421165,0.683061897754669,-0.724470496177673
0.689121663570404,-0.033807311207056,1.19066953659058,-0.0595635622739791,0.0718209072947502,0.682276010513306,-0.72511625289917
0.688324153423309,-0.0318377315998077,1.19065046310425,-0.0592142269015312,0.0728306174278259,0.681439280509949,-0.725830554962158
0.687590479850769,-0.0300073195248842,1.19069719314575,-0.0587800405919551,0.0743428394198417,0.680678188800812,-0.726426362991333
0.687453806400299,-0.0283857844769954,1.19114196300507,-0.0584307722747325,0.0766374170780181,0.679460287094116,-0.727355778217316
0.685571134090424,-0.0242884308099746,1.19111919403076,-0.0578643530607223,0.0784229338169097,0.678208529949188,-0.728378176689148
0.684821546077728,-0.0222264640033245,1.19118368625641,-0.0575927346944808,0.07972963899374,0.677379846572876,-0.729028701782227
0.684556245803833,-0.0204277783632278,1.19144558906555,-0.057302676141262,0.0825422927737236,0.676350176334381,-0.729694366455078
0.683378338813782,-0.0181124955415725,1.19135057926178,-0.0568006671965122,0.0830599442124366,0.675961792469025,-0.730034589767456
0.683378338813782,-0.0181124955415725,1.19135057926178,-0.0568006671965122,0.0830599442124366,0.675961792469025,-0.730034589767456
0.6819127202034,-0.0137948943302035,1.19129478931427,-0.0563634112477302,0.0861548483371734,0.674036383628845,-0.731488585472107
0.6819127202034,-0.0137948943302035,1.19129478931427,-0.0563634112477302,0.0861548483371734,0.674036383628845,-0.731488585472107
0.680524408817291,-0.0093646338209509,1.19129133224487,-0.0563008412718772,0.0896528363227844,0.672236323356628,-0.732728362083435
0.680524408817291,-0.0093646338209509,1.19129133224487,-0.0563008412718772,0.0896528363227844,0.672236323356628,-0.732728362083435
0.679815471172333,-0.0070992093533277,1.19124686717987,-0.0561790876090526,0.0915986895561218,0.671294450759888,-0.733360290527344
0.679056763648987,-0.0050555448979139,1.19150996208191,-0.055485438555479,0.0937415659427642,0.670051872730255,-0.73427814245224
0.679472029209137,-0.0036239698529243,1.1922435760498,-0.0558330565690994,0.098583698272705,0.669245302677155,-0.734353244304657
0.677753508090973,-0.0007022945210337,1.1917417049408,-0.0561467781662941,0.097522497177124,0.669097781181335,-0.734605312347412
0.677061259746552,0.0019086431711912,1.19155085086823,-0.0563841722905635,0.100151129066944,0.667379677295685,-0.735795438289642
0.675479292869568,0.0065283514559268,1.19162309169769,-0.0557374097406864,0.104284055531025,0.665122985839844,-0.737312436103821
0.675479292869568,0.0065283514559268,1.19162309169769,-0.0557374097406864,0.104284055531025,0.665122985839844,-0.737312436103821
0.674683749675751,0.008826307952404,1.19157516956329,-0.0551277995109558,0.106284454464912,0.66397100687027,-0.738110423088074
0.673324942588806,0.0132320132106542,1.19166302680969,-0.0544580556452274,0.111482292413712,0.661195874214172,-0.739882469177246
0.673324942588806,0.0132320132106542,1.19166302680969,-0.0544580556452274,0.111482292413712,0.661195874214172,-0.739882469177246
0.672383666038513,0.0151454024016857,1.19154644012451,-0.0541305132210254,0.113901071250439,0.660790324211121,-0.739900350570679
0.672478854656219,0.0165478140115737,1.19204258918762,-0.0529872514307498,0.119300074875355,0.659760475158691,-0.74005126953125
0.672478854656219,0.0165478140115737,1.19204258918762,-0.0529872514307498,0.119300074875355,0.659760475158691,-0.74005126953125
0.670215964317322,0.0221216436475515,1.19141829013824,-0.0524906292557716,0.121918454766273,0.656244695186615,-0.742780923843384
0.669393420219421,0.0256030317395925,1.19175565242767,-0.0511308871209621,0.129697993397713,0.653437197208405,-0.744032204151154
0.667723536491394,0.0282351002097129,1.19111609458923,-0.0507249794900417,0.130152180790901,0.652935326099396,-0.744421303272247
0.667723536491394,0.0282351002097129,1.19111609458923,-0.0507249794900417,0.130152180790901,0.652935326099396,-0.744421303272247
0.667723536491394,0.0282351002097129,1.19111609458923,-0.0507249794900417,0.130152180790901,0.652935326099396,-0.744421303272247
0.666128695011139,0.0329431854188442,1.19083082675934,-0.0497984625399112,0.135409981012344,0.649639368057251,-0.746426701545715
0.665215313434601,0.0349324494600296,1.19084715843201,-0.0488255880773067,0.138199180364609,0.648129880428314,-0.747291624546051
0.664086282253265,0.0379240363836288,1.19113898277283,-0.0468666292726993,0.145719304680824,0.646416842937469,-0.74747222661972
0.663212180137634,0.0404468104243278,1.19100105762482,-0.0463503114879131,0.148217752575874,0.644335627555847,-0.748808979988098
0.663212180137634,0.0404468104243278,1.19100105762482,-0.0463503114879131,0.148217752575874,0.644335627555847,-0.748808979988098
0.661743462085724,0.0426535531878471,1.19048774242401,-0.0453648827970027,0.149820744991302,0.642210960388184,-0.750373840332031
0.660200774669647,0.0448950268328189,1.19014012813568,-0.0443874560296535,0.151572972536087,0.641480803489685,-0.750704884529114
0.659994125366211,0.0458695590496063,1.19067943096161,-0.0426650494337081,0.156792879104614,0.640021622180939,-0.750978052616119
0.658687949180603,0.0485533997416496,1.19026064872742,-0.0425221398472785,0.157242268323898,0.638487160205841,-0.75219738483429
0.658001184463501,0.049835056066513,1.19051158428192,-0.041108701378107,0.161194145679474,0.637524008750916,-0.752256453037262
0.656939506530762,0.0519048199057579,1.19038879871368,-0.0400513857603073,0.163321107625961,0.636556565761566,-0.752673864364624
0.656939506530762,0.0519048199057579,1.19038879871368,-0.0400513857603073,0.163321107625961,0.636556565761566,-0.752673864364624
0.656517267227173,0.0568364299833774,1.19008791446686,-0.0421277023851871,0.169199392199516,0.634289920330048,-0.753175497055054
0.655614376068115,0.0588183626532554,1.19000172615051,-0.0413426309823989,0.171429678797722,0.633532583713531,-0.753351926803589
0.654705405235291,0.0606421902775764,1.18993556499481,-0.0407505184412002,0.173228994011879,0.632089138031006,-0.754184663295746
0.653904438018799,0.0625552684068679,1.18972718715668,-0.040511067956686,0.175892248749733,0.631107270717621,-0.754403352737427
0.65284389257431,0.0643745064735412,1.18968820571899,-0.0389809273183345,0.177833244204521,0.62992924451828,-0.755013346672058
0.651857256889343,0.0666914880275726,1.18947339057922,-0.0375805795192718,0.180047780275345,0.629152536392212,-0.755206942558289
0.649992883205414,0.069856196641922,1.18924260139465,-0.0378617122769355,0.182846575975418,0.626887917518616,-0.756402850151062
0.649992883205414,0.069856196641922,1.18924260139465,-0.0378617122769355,0.182846575975418,0.626887917518616,-0.756402850151062
0.649204313755035,0.071745678782463,1.18916940689087,-0.0362726151943206,0.185291081666946,0.625744700431824,-0.756832361221313
0.648321032524109,0.0735799074172973,1.18906784057617,-0.0356438234448432,0.186895340681076,0.624774634838104,-0.757269024848938
0.646460771560669,0.0767890363931655,1.1888507604599,-0.0346609577536582,0.19057522714138,0.622750282287598,-0.758064568042755
0.645670056343079,0.0786647796630859,1.1886819601059,-0.0341471433639526,0.19182762503624,0.621843278408051,-0.758516371250153
0.645670056343079,0.0786647796630859,1.1886819601059,-0.0341471433639526,0.19182762503624,0.621843278408051,-0.758516371250153
0.644903242588043,0.0803159326314926,1.18848586082458,-0.034076765179634,0.19411601126194,0.620965719223022,-0.758656322956085
0.644051194190979,0.0818205252289772,1.18851232528687,-0.0331191569566726,0.195875316858292,0.619701087474823,-0.759280383586884
0.643092811107635,0.0835780352354049,1.18843579292297,-0.0324598550796508,0.196517989039421,0.618941366672516,-0.759762227535248
0.641425132751465,0.0867437869310379,1.1882199048996,-0.031513787806034,0.199659705162048,0.617050051689148,-0.760520994663239
0.641425132751465,0.0867437869310379,1.1882199048996,-0.031513787806034,0.199659705162048,0.617050051689148,-0.760520994663239
0.640517950057983,0.0889061093330383,1.18795597553253,-0.0322214104235172,0.199550315737724,0.615232229232788,-0.761991381645203
0.640517950057983,0.0889061093330383,1.18795597553253,-0.0322214104235172,0.199550315737724,0.615232229232788,-0.761991381645203
0.638961136341095,0.0913785099983215,1.1879403591156,-0.0302744563668966,0.203285738825798,0.614557504653931,-0.761628270149231
0.638333857059479,0.0929428488016128,1.18772411346436,-0.0306535363197326,0.205094575881958,0.613596141338348,-0.761903166770935
0.638333857059479,0.0929428488016128,1.18772411346436,-0.0306535363197326,0.205094575881958,0.613596141338348,-0.761903166770935
0.636882424354553,0.095936894416809,1.18767011165619,-0.0303433686494827,0.207238599658012,0.611864566802979,-0.762727558612823
0.650144159793854,0.0954753309488296,1.18841111660004,-0.0465396642684936,0.236054122447968,0.596887171268463,-0.765400767326355
0.6355339884758,0.0988954082131385,1.18757605552673,-0.0306883696466684,0.209401935338974,0.610338568687439,-0.763345301151276
0.648804187774658,0.0982967466115951,1.18843281269073,-0.0468949489295482,0.238049268722534,0.594698190689087,-0.766464233398438
0.633389353752136,0.10269433259964,1.18758761882782,-0.0309682488441467,0.212903335690498,0.60694146156311,-0.765072107315063
0.633389353752136,0.10269433259964,1.18758761882782,-0.0309682488441467,0.212903335690498,0.60694146156311,-0.765072107315063
0.632583975791931,0.104717016220093,1.18783807754517,-0.031374167650938,0.211573839187622,0.606880903244019,-0.765472292900085
0.631976664066315,0.105415426194668,1.18758237361908,-0.0303901974111795,0.214759692549706,0.605477213859558,-0.76573634147644
0.645528256893158,0.104853630065918,1.18856573104858,-0.0464435666799545,0.243310272693634,0.590047717094421,-0.768431425094604
0.630645215511322,0.1077810972929,1.1876517534256,-0.0306026712059974,0.216286480426788,0.603671252727509,-0.766723334789276
0.604362845420837,0.0888551622629165,1.1929497718811,0.0322257317602634,0.20114766061306,0.592443227767944,-0.779430687427521
0.604489982128143,0.0906743109226226,1.19263207912445,0.0303779318928718,0.202251374721527,0.592361390590668,-0.779281497001648
0.605031251907349,0.0926625579595565,1.19231116771698,0.0280938725918531,0.203610315918922,0.592207789421082,-0.779129981994629
0.605675160884857,0.0945813804864883,1.19197404384613,0.0254595931619405,0.205679163336754,0.592292368412018,-0.778612732887268
0.606208980083466,0.0965408608317375,1.19154250621796,0.0227125342935323,0.207932695746422,0.592926800251007,-0.777615547180176
0.606761932373047,0.100911572575569,1.19084501266479,0.0177737660706043,0.209016859531403,0.591948390007019,-0.778198719024658
0.606761932373047,0.100911572575569,1.19084501266479,0.0177737660706043,0.209016859531403,0.591948390007019,-0.778198719024658
0.607409179210663,0.102758809924126,1.19062697887421,0.0151118375360965,0.21034599840641,0.592051804065704,-0.777818024158478
0.60805481672287,0.104535296559334,1.19040584564209,0.0124145923182368,0.211276307702064,0.591914057731628,-0.777718484401703
0.608312904834747,0.106192946434021,1.19003760814667,0.0100536160171031,0.212050884962082,0.592137575149536,-0.777371525764465
0.608598351478577,0.107831418514252,1.18990135192871,0.0081519642844796,0.213410064578056,0.59181010723114,-0.777271151542664
0.608658850193024,0.109118059277534,1.18978750705719,0.006898904684931,0.214207902550697,0.591614902019501,-0.77721244096756
0.609192430973053,0.110685355961323,1.18962717056274,0.0041728378273546,0.215038672089577,0.591544210910797,-0.777056276798248
0.609797716140747,0.1136684268713,1.18926334381104,0.0009495018166489,0.214322701096535,0.590631604194641,-0.777958393096924
0.60992968082428,0.114951945841312,1.18920958042145,-0.0002367558918194,0.215261235833168,0.590127289295197,-0.778082430362701
0.60992968082428,0.114951945841312,1.18920958042145,-0.0002367558918194,0.215261235833168,0.590127289295197,-0.778082430362701
0.610394656658173,0.116332352161407,1.18908846378326,-0.0024795227218419,0.215840607881546,0.590043902397156,-0.777981340885162
0.610738277435303,0.117708846926689,1.18899202346802,-0.00490053743124,0.216338574886322,0.590016186237335,-0.777852594852448
0.610737204551697,0.1188645362854,1.18887162208557,-0.0058725574053823,0.217565968632698,0.589998066425323,-0.777517139911652
0.611005306243896,0.12018509209156,1.18877077102661,-0.0079119186848402,0.218223169445991,0.589977562427521,-0.77733039855957
0.610980927944183,0.121352136135101,1.1886214017868,-0.0092238541692495,0.21834608912468,0.590114533901215,-0.777177512645721
0.610973596572876,0.122209772467613,1.18866169452667,-0.0103730605915188,0.21827021241188,0.590085029602051,-0.777206718921661
0.631904244422913,0.128629118204117,1.18827307224274,-0.0476357080042362,0.251103222370148,0.576375246047974,-0.776189148426056
0.631380081176758,0.129202961921692,1.18822884559631,-0.0476890727877616,0.250806212425232,0.576343953609467,-0.776305139064789
0.631380081176758,0.129202961921692,1.18822884559631,-0.0476890727877616,0.250806212425232,0.576343953609467,-0.776305139064789
0.631380081176758,0.129202961921692,1.18822884559631,-0.0476890727877616,0.250806212425232,0.576343953609467,-0.776305139064789
0.630580484867096,0.130305826663971,1.18832635879517,-0.0478696711361408,0.250795960426331,0.576103031635284,-0.776476144790649
0.615277886390686,0.131692618131637,1.18741607666016,-0.029400797560811,0.224844604730606,0.592442154884338,-0.773041307926178
0.615277886390686,0.131692618131637,1.18741607666016,-0.029400797560811,0.224844604730606,0.592442154884338,-0.773041307926178
0.615277886390686,0.131692618131637,1.18741607666016,-0.029400797560811,0.224844604730606,0.592442154884338,-0.773041307926178
0.614910960197449,0.131611526012421,1.18835556507111,-0.0272122323513031,0.226735666394234,0.589136004447937,-0.775093019008636
0.614377379417419,0.131270334124565,1.1885039806366,-0.0263478364795446,0.227544337511063,0.590358555316925,-0.773954927921295
0.61393529176712,0.131825610995293,1.1884286403656,-0.0264004562050104,0.227261915802956,0.590452373027802,-0.773964464664459
0.627500593662262,0.13241782784462,1.18858206272125,-0.0460153259336948,0.252765268087387,0.577002882957458,-0.775280594825745
0.626636624336243,0.133081167936325,1.18853652477264,-0.0458614490926265,0.253541827201843,0.57721358537674,-0.774879217147827
0.626636624336243,0.133081167936325,1.18853652477264,-0.0458614490926265,0.253541827201843,0.57721358537674,-0.774879217147827
0.611885368824005,0.134736657142639,1.18731844425201,-0.0288727786391973,0.22578664124012,0.592590749263763,-0.772672653198242
0.611885368824005,0.134736657142639,1.18731844425201,-0.0288727786391973,0.22578664124012,0.592590749263763,-0.772672653198242
0.611111521720886,0.135221928358078,1.18733048439026,-0.0287719834595918,0.225983545184135,0.592637002468109,-0.772583365440369
0.611111521720886,0.135221928358078,1.18733048439026,-0.0287719834595918,0.225983545184135,0.592637002468109,-0.772583365440369
0.609835088253021,0.136095643043518,1.18727135658264,-0.0288643538951873,0.226372942328453,0.593192517757416,-0.772039413452148
0.609352111816406,0.136426538228989,1.18724298477173,-0.0290885344147682,0.226930916309357,0.593483328819275,-0.771643579006195
0.609352111816406,0.136426538228989,1.18724298477173,-0.0290885344147682,0.226930916309357,0.593483328819275,-0.771643579006195
0.608961880207062,0.137410089373589,1.18707752227783,-0.029837392270565,0.22592306137085,0.592281520366669,-0.772833168506622
0.608373761177063,0.136403620243073,1.18724238872528,-0.0286268629133701,0.226875826716423,0.593943357467651,-0.771323025226593
0.608108639717102,0.137466058135033,1.18717932701111,-0.0298388116061687,0.225726962089538,0.59303092956543,-0.772315561771393
0.607730090618134,0.137327492237091,1.18723142147064,-0.0295710228383541,0.226293995976448,0.593758285045624,-0.771600782871246
0.607344925403595,0.137437120079994,1.18730807304382,-0.0296313166618347,0.226213276386261,0.593962907791138,-0.771464645862579
0.607344925403595,0.137437120079994,1.18730807304382,-0.0296313166618347,0.226213276386261,0.593962907791138,-0.771464645862579
0.606627762317657,0.137844502925873,1.18734908103943,-0.0302595999091863,0.225761741399765,0.594433784484863,-0.771209836006165
0.606216251850128,0.138141989707947,1.18731367588043,-0.030283523723483,0.225711524486542,0.594743728637695,-0.770984470844269
0.605413556098938,0.138430029153824,1.18731939792633,-0.0304640401154756,0.225805893540382,0.59525340795517,-0.770556330680847
0.605050325393677,0.138608515262604,1.1872889995575,-0.0307761337608099,0.22550219297409,0.59537947177887,-0.770535469055176
0.604783892631531,0.138660386204719,1.18732559680939,-0.030803095549345,0.22549444437027,0.595637440681458,-0.770337283611298
0.60419362783432,0.139987647533417,1.18741393089294,-0.0327772535383701,0.222551792860031,0.595343887805939,-0.771337866783142
0.603910863399506,0.140054538846016,1.18743562698364,-0.0328716151416301,0.22242534160614,0.595602869987488,-0.771170377731323
0.603910863399506,0.140054538846016,1.18743562698364,-0.0328716151416301,0.22242534160614,0.595602869987488,-0.771170377731323
0.603374421596527,0.139397770166397,1.1877144575119,-0.0320928022265434,0.223049908876419,0.596942961215973,-0.769985675811768
0.603374421596527,0.139397770166397,1.1877144575119,-0.0320928022265434,0.223049908876419,0.596942961215973,-0.769985675811768
0.603078424930573,0.13967327773571,1.18732607364655,-0.032077070325613,0.223626226186752,0.596162855625153,-0.770423471927643
0.603078424930573,0.13967327773571,1.18732607364655,-0.032077070325613,0.223626226186752,0.596162855625153,-0.770423471927643
0.60283362865448,0.139703124761581,1.18736052513123,-0.0323280952870845,0.223340734839439,0.596247017383575,-0.770430624485016
0.602309882640839,0.13970872759819,1.18723452091217,-0.0324199274182319,0.222575485706329,0.596784055233002,-0.770232379436493
0.602016627788544,0.139940053224564,1.1873904466629,-0.0331658124923706,0.22217783331871,0.596731543540955,-0.770356118679047
0.602016627788544,0.139940053224564,1.1873904466629,-0.0331658124923706,0.22217783331871,0.596731543540955,-0.770356118679047
0.601674854755402,0.140092834830284,1.18731331825256,-0.0335384532809257,0.221464306116104,0.597079992294312,-0.770275473594666
0.601265013217926,0.140213817358017,1.18727922439575,-0.0343786068260669,0.220413655042648,0.597514629364014,-0.77020275592804
0.601265013217926,0.140213817358017,1.18727922439575,-0.0343786068260669,0.220413655042648,0.597514629364014,-0.77020275592804
0.601049304008484,0.140219122171402,1.18731009960175,-0.0344556458294391,0.220190599560738,0.597714185714722,-0.770108282566071
0.600861251354218,0.140239149332047,1.18732416629791,-0.0346880331635475,0.219813257455826,0.597851097583771,-0.770099282264709
0.60060441493988,0.140170067548752,1.18734574317932,-0.0347117111086845,0.219405919313431,0.597875118255615,-0.770195782184601
0.600423574447632,0.140143275260925,1.18740403652191,-0.0348113141953945,0.219168946146965,0.598013162612915,-0.770151674747467
0.600089371204376,0.140044242143631,1.18750333786011,-0.0350558497011661,0.218451976776123,0.598120272159576,-0.77026104927063
0.600089371204376,0.140044242143631,1.18750333786011,-0.0350558497011661,0.218451976776123,0.598120272159576,-0.77026104927063
0.599906146526337,0.139986902475357,1.18752908706665,-0.0352123342454433,0.218072056770325,0.598213374614716,-0.770289301872253
0.599554300308228,0.139912366867065,1.18746972084045,-0.0363835506141185,0.219508528709412,0.599573075771332,-0.768768072128296
0.599014759063721,0.139566898345947,1.18748164176941,-0.0362934954464435,0.218125581741333,0.600205183029175,-0.7686727643013
0.599014759063721,0.139566898345947,1.18748164176941,-0.0362934954464435,0.218125581741333,0.600205183029175,-0.7686727643013
0.598508477210999,0.13967177271843,1.18785440921783,-0.0372741930186748,0.215142622590065,0.600597977638245,-0.769159555435181
0.598508477210999,0.13967177271843,1.18785440921783,-0.0372741930186748,0.215142622590065,0.600597977638245,-0.769159555435181
0.598249554634094,0.139173716306686,1.18794369697571,-0.0369907841086387,0.214711263775826,0.600917637348175,-0.769044041633606
0.598249554634094,0.139173716306686,1.18794369697571,-0.0369907841086387,0.214711263775826,0.600917637348175,-0.769044041633606
0.598318934440613,0.138753145933151,1.18817436695099,-0.0372106172144413,0.214467018842697,0.600995540618896,-0.769040822982788
0.598525822162628,0.137860372662544,1.18794167041779,-0.0359628498554229,0.216626092791557,0.601162016391754,-0.768364608287811
0.598494648933411,0.137522637844086,1.18801331520081,-0.035967219620943,0.216462329030037,0.601524591445923,-0.768126666545868
0.598494648933411,0.137522637844086,1.18801331520081,-0.035967219620943,0.216462329030037,0.601524591445923,-0.768126666545868
0.598424255847931,0.136863946914673,1.18817472457886,-0.0359947942197322,0.215933248400688,0.602166473865509,-0.767771303653717
0.598424255847931,0.136863946914673,1.18817472457886,-0.0359947942197322,0.215933248400688,0.602166473865509,-0.767771303653717
0.598406791687012,0.136494770646095,1.18824851512909,-0.0358845181763172,0.21591030061245,0.602409482002258,-0.767592251300812
0.598364889621735,0.136194750666618,1.18829774856567,-0.0358765721321105,0.215588837862015,0.602771997451782,-0.767398357391357
0.599407732486725,0.132052198052406,1.19051349163055,-0.0296763945370912,0.21860845386982,0.598667502403259,-0.770017504692078
0.599407732486725,0.132052198052406,1.19051349163055,-0.0296763945370912,0.21860845386982,0.598667502403259,-0.770017504692078
0.599292814731598,0.131135910749435,1.19057381153107,-0.029954457655549,0.217514112591743,0.600069403648376,-0.769225001335144
0.599292814731598,0.131135910749435,1.19057381153107,-0.029954457655549,0.217514112591743,0.600069403648376,-0.769225001335144
0.599567115306854,0.13079746067524,1.19077372550964,-0.0303295254707336,0.217372432351112,0.600379645824432,-0.769008219242096
0.599578082561493,0.130443543195724,1.19082891941071,-0.0302671696990728,0.217634156346321,0.60090696811676,-0.768524646759033
0.599641561508179,0.129306793212891,1.19098401069641,-0.0309966411441564,0.217349544167519,0.601787924766541,-0.767886579036713
0.599841415882111,0.129014059901237,1.19094741344452,-0.030768385156989,0.216120108962059,0.602746307849884,-0.767490923404694
0.599841415882111,0.129014059901237,1.19094741344452,-0.030768385156989,0.216120108962059,0.602746307849884,-0.767490923404694
0.599932134151459,0.128498986363411,1.19098365306854,-0.0308905355632305,0.215763866901398,0.603410840034485,-0.767063975334167
0.600101351737976,0.127932518720627,1.19105207920074,-0.0308758728206157,0.215481832623482,0.603675246238708,-0.766935646533966
0.599004149436951,0.131445437669754,1.18899548053741,-0.0382748357951641,0.207846060395241,0.60904598236084,-0.764459371566772
0.599032521247864,0.13052025437355,1.18900144100189,-0.0383859872817993,0.206152155995369,0.61093133687973,-0.763407349586487
0.599062621593475,0.1301598995924,1.18905711174011,-0.038926888257265,0.204605385661125,0.61158275604248,-0.763274490833282
0.599459648132324,0.129732847213745,1.18914484977722,-0.0392832271754741,0.204060316085815,0.611981213092804,-0.76308274269104
0.599846601486206,0.12898650765419,1.18940448760986,-0.0393043793737888,0.204032093286514,0.612676024436951,-0.762531399726868
0.599987924098969,0.12846714258194,1.18942451477051,-0.0394999235868454,0.203370854258537,0.613402247428894,-0.762113988399506
0.600012123584747,0.128244072198868,1.18918347358704,-0.0395284555852413,0.201557546854019,0.614152431488037,-0.761990129947662
0.600188076496124,0.127817034721375,1.18914973735809,-0.0397489741444587,0.200509265065193,0.61502069234848,-0.761554777622223
0.600188076496124,0.127817034721375,1.18914973735809,-0.0397489741444587,0.200509265065193,0.61502069234848,-0.761554777622223
0.600414991378784,0.126355424523353,1.18946218490601,-0.0389842391014099,0.199998110532761,0.617598176002502,-0.759640336036682
0.600749433040619,0.125286027789116,1.18954992294312,-0.0383608676493167,0.198095887899399,0.619798302650452,-0.758377552032471
0.600749433040619,0.125286027789116,1.18954992294312,-0.0383608676493167,0.198095887899399,0.619798302650452,-0.758377552032471
0.601295173168182,0.12406487762928,1.18945336341858,-0.0390168726444244,0.195535555481911,0.621650338172913,-0.757492184638977
0.601295173168182,0.12406487762928,1.18945336341858,-0.0390168726444244,0.195535555481911,0.621650338172913,-0.757492184638977
0.601602911949158,0.123395845293999,1.18940019607544,-0.0392497517168521,0.194423824548721,0.622553765773773,-0.757024228572845
0.602327466011047,0.12202812731266,1.18935537338257,-0.0399595759809017,0.192220240831375,0.624335169792175,-0.75608217716217
0.602327466011047,0.12202812731266,1.18935537338257,-0.0399595759809017,0.192220240831375,0.624335169792175,-0.75608217716217
0.602630853652954,0.121212974190712,1.1892147064209,-0.0402598530054092,0.19111467897892,0.625225424766541,-0.755610764026642
0.602949023246765,0.120502173900604,1.1891713142395,-0.0403756871819496,0.189588561654091,0.626164078712463,-0.755211591720581
0.603615164756775,0.118958353996277,1.18904280662537,-0.040727861225605,0.187127739191055,0.628471553325653,-0.753888607025146
0.604022443294525,0.118250891566276,1.18897879123688,-0.0409178882837295,0.18505859375,0.629584550857544,-0.753460288047791
0.604378759860992,0.1175172701478,1.18894779682159,-0.0401447489857673,0.184029713273048,0.630773723125458,-0.752758979797363
0.604378759860992,0.1175172701478,1.18894779682159,-0.0401447489857673,0.184029713273048,0.630773723125458,-0.752758979797363
0.605223059654236,0.115569286048412,1.18880569934845,-0.041302602738142,0.18070413172245,0.632493913173676,-0.752058207988739
0.605552673339844,0.114917740225792,1.18866610527039,-0.0405886471271514,0.1794713139534,0.633755564689636,-0.751329898834229
0.606127798557281,0.113844975829124,1.18868899345398,-0.0411221385002136,0.177981495857239,0.634578704833984,-0.750960290431976
0.606127798557281,0.113844975829124,1.18868899345398,-0.0411221385002136,0.177981495857239,0.634578704833984,-0.750960290431976
0.606566369533539,0.112927518785,1.18868553638458,-0.0417361110448837,0.175797268748283,0.63556694984436,-0.75060510635376
0.606975674629211,0.112064391374588,1.18859934806824,-0.0421393476426601,0.174319118261337,0.637022852897644,-0.749692618846893
0.607984900474548,0.110123693943024,1.18849623203278,-0.0427130982279777,0.17132768034935,0.638760447502136,-0.748870849609375
0.608381628990173,0.109388321638107,1.18851721286774,-0.0423690825700759,0.168764963746071,0.639322996139526,-0.748992264270782
0.608381628990173,0.109388321638107,1.18851721286774,-0.0423690825700759,0.168764963746071,0.639322996139526,-0.748992264270782
0.609011650085449,0.108695395290851,1.18842113018036,-0.0418303683400154,0.167832136154175,0.640686988830566,-0.748066067695618
0.60937374830246,0.107414998114109,1.18843901157379,-0.0424352250993251,0.164945065975189,0.641279578208923,-0.748166441917419
0.609930038452148,0.106557667255402,1.18836796283722,-0.0416014529764652,0.163604408502579,0.642350852489471,-0.747588396072388
0.610519349575043,0.105644077062607,1.1883225440979,-0.0418026149272918,0.161692291498184,0.64338481426239,-0.747103869915009
0.609627306461334,0.103324092924595,1.18827271461487,-0.039556261152029,0.158603549003601,0.643809378147125,-0.747522413730621
0.610407948493958,0.102403111755848,1.18828785419464,-0.0399507470428943,0.156672477722168,0.64470112323761,-0.747139990329742
0.611009657382965,0.101577341556549,1.18819844722748,-0.0403747856616973,0.154731437563896,0.645792841911316,-0.746578633785248
0.611801445484161,0.100315377116203,1.18830168247223,-0.0403918772935867,0.153347432613373,0.646466314792633,-0.746280372142792
0.612533032894135,0.0995538383722305,1.18809282779694,-0.0415150225162506,0.151552021503448,0.647459447383881,-0.745724320411682
0.613060414791107,0.0986366793513298,1.18813049793243,-0.0413604229688644,0.149026200175285,0.648444533348083,-0.745386064052582
0.613750100135803,0.0977270007133483,1.18802738189697,-0.0415371507406234,0.147210031747818,0.649685680866241,-0.744655907154083
0.614474534988403,0.0966044068336486,1.18807816505432,-0.041718203574419,0.145370468497276,0.650382578372955,-0.744398832321167
0.616033613681793,0.095167338848114,1.18811428546906,-0.0427928827702999,0.140496492385864,0.65264904499054,-0.743289053440094
0.616033613681793,0.095167338848114,1.18811428546906,-0.0427928827702999,0.140496492385864,0.65264904499054,-0.743289053440094
0.61760413646698,0.0929375514388084,1.18802714347839,-0.0430313274264335,0.136745512485504,0.654198288917542,-0.742612719535828
0.618142247200012,0.0917876362800598,1.18789064884186,-0.0425512716174125,0.134427919983864,0.654906690120697,-0.742439150810242
0.618878543376923,0.090756744146347,1.18783378601074,-0.0427571013569831,0.132507160305977,0.655622780323029,-0.742140531539917
0.619349360466003,0.0897215083241462,1.1877920627594,-0.0423373505473136,0.130148753523827,0.656620562076569,-0.741699635982513
0.619349360466003,0.0897215083241462,1.1877920627594,-0.0423373505473136,0.130148753523827,0.656620562076569,-0.741699635982513
0.620594263076782,0.0875272452831268,1.18769645690918,-0.0419283621013164,0.125681459903717,0.657867252826691,-0.741388559341431
0.621216356754303,0.0864890068769455,1.18759179115295,-0.0415590852499008,0.123133487999439,0.658331871032715,-0.74142450094223
0.621216356754303,0.0864890068769455,1.18759179115295,-0.0415590852499008,0.123133487999439,0.658331871032715,-0.74142450094223
0.621931850910187,0.0854144319891929,1.18761587142944,-0.0413549020886421,0.120799541473389,0.658484399318695,-0.741684317588806
0.622623145580292,0.0844629853963851,1.18744611740112,-0.0416690781712532,0.118713334202766,0.659084498882294,-0.741470456123352
0.62255722284317,0.0841763988137245,1.18709862232208,-0.041384994983673,0.113635160028934,0.659216642379761,-0.742164194583893
0.623887836933136,0.0823042094707489,1.18759608268738,-0.0406444817781448,0.114011488854885,0.659620821475983,-0.741788148880005
0.623676240444183,0.0821816325187683,1.18707621097565,-0.0406767651438713,0.108552925288677,0.659932792186737,-0.742327690124512
0.624296486377716,0.0811901986598968,1.18702042102814,-0.0403147712349891,0.10641323775053,0.660149574279785,-0.742464542388916
0.624296486377716,0.0811901986598968,1.18702042102814,-0.0403147712349891,0.10641323775053,0.660149574279785,-0.742464542388916
0.626448333263397,0.0782799795269966,1.18756794929504,-0.0392779894173145,0.104430936276913,0.660501658916473,-0.742488503456116
0.627113699913025,0.0772790312767028,1.18758475780487,-0.0392245464026927,0.10214377194643,0.660385370254517,-0.742912590503693
0.627735018730164,0.0763716250658035,1.18739593029022,-0.0394421517848968,0.100259363651276,0.660225450992584,-0.743299901485443
0.628458857536316,0.0753443017601966,1.18735861778259,-0.0390396080911159,0.0983929112553596,0.660116195678711,-0.743667542934418
0.628458857536316,0.0753443017601966,1.18735861778259,-0.0390396080911159,0.0983929112553596,0.660116195678711,-0.743667542934418
0.62937718629837,0.0732586234807968,1.18702030181885,-0.037764836102724,0.0881387442350387,0.659538924694061,-0.745529174804688
0.62937718629837,0.0732586234807968,1.18702030181885,-0.037764836102724,0.0881387442350387,0.659538924694061,-0.745529174804688
0.630845665931702,0.0713678374886512,1.18742704391479,-0.0371108911931514,0.0892955809831619,0.659087240695953,-0.745823860168457
0.631283402442932,0.0703344792127609,1.186692237854,-0.0370349995791912,0.0826045498251915,0.658109486103058,-0.74746036529541
0.631283402442932,0.0703344792127609,1.186692237854,-0.0370349995791912,0.0826045498251915,0.658109486103058,-0.74746036529541
0.632396936416626,0.0682145208120346,1.18659996986389,-0.0358000919222831,0.0782487690448761,0.656730175018311,-0.749200165271759
0.634006679058075,0.0663133189082145,1.18702828884125,-0.0350676365196704,0.0795457288622856,0.656186759471893,-0.749574363231659
0.634006679058075,0.0663133189082145,1.18702828884125,-0.0350676365196704,0.0795457288622856,0.656186759471893,-0.749574363231659
0.634006679058075,0.0663133189082145,1.18702828884125,-0.0350676365196704,0.0795457288622856,0.656186759471893,-0.749574363231659
0.635249078273773,0.0637505799531936,1.18687069416046,-0.0334880016744136,0.0760541781783104,0.654634296894073,-0.751364231109619
0.635910749435425,0.0628153756260871,1.18677604198456,-0.0330077037215232,0.0740563496947288,0.653838098049164,-0.752277910709381
0.636436343193054,0.0618531182408332,1.1867151260376,-0.0325547382235527,0.072081334888935,0.652951061725616,-0.753259122371674
0.636155486106873,0.0620499700307846,1.18609893321991,-0.0323964171111583,0.0671745240688324,0.651397526264191,-0.755062520503998
0.637851536273956,0.0601069219410419,1.18643403053284,-0.0318813733756542,0.0691295191645622,0.650037109851837,-0.756079733371735
0.638234436511993,0.0587236732244491,1.18630802631378,-0.0309206657111644,0.0672545433044433,0.649793386459351,-0.756498157978058
0.638234436511993,0.0587236732244491,1.18630802631378,-0.0309206657111644,0.0672545433044433,0.649793386459351,-0.756498157978058
0.63994562625885,0.0558232553303241,1.18602609634399,-0.0292451474815607,0.0623964071273803,0.646565079689026,-0.759740233421326
0.639587461948395,0.0556944012641906,1.18553864955902,-0.0289994161576032,0.0576492361724376,0.645166277885437,-0.761312127113342
0.639587461948395,0.0556944012641906,1.18553864955902,-0.0289994161576032,0.0576492361724376,0.645166277885437,-0.761312127113342
0.641200184822083,0.0542203076183795,1.18590342998505,-0.0281670540571212,0.0595604963600635,0.643386125564575,-0.762701511383057
0.640755116939545,0.0543544143438339,1.18535482883453,-0.0280201900750398,0.0545775294303894,0.642272710800171,-0.76401698589325
0.641194880008698,0.053382072597742,1.18530344963074,-0.0273049008101224,0.0531818866729736,0.640925586223602,-0.765271604061127
0.642119467258453,0.0517894141376018,1.1850221157074,-0.0265844985842704,0.0499352142214775,0.638734996318817,-0.767344355583191
0.642119467258453,0.0517894141376018,1.1850221157074,-0.0265844985842704,0.0499352142214775,0.638734996318817,-0.767344355583191
0.643059492111206,0.0499180108308792,1.18486833572388,-0.0253462623804807,0.0475227050483226,0.636093139648438,-0.769730269908905
0.643059492111206,0.0499180108308792,1.18486833572388,-0.0253462623804807,0.0475227050483226,0.636093139648438,-0.769730269908905
0.643549561500549,0.0490639358758926,1.18487238883972,-0.0247045569121837,0.0460918694734573,0.634588718414307,-0.771078765392303
0.645099282264709,0.0473280437290668,1.1850837469101,-0.0247865747660398,0.0483354479074478,0.633530020713806,-0.771808981895447
0.644402503967285,0.0473916791379451,1.18468546867371,-0.0238264966756105,0.0432947427034378,0.631875216960907,-0.773493051528931
0.645238220691681,0.0456014052033424,1.18458068370819,-0.0228417608886957,0.0408780239522457,0.629036962985992,-0.775963723659515
0.645531237125397,0.0447803363204002,1.18450355529785,-0.0226307399570941,0.0395019724965095,0.627657830715179,-0.777157068252563
0.645715951919556,0.0435268580913543,1.18422114849091,-0.0213695932179689,0.0386793687939643,0.625581979751587,-0.778905928134918
0.645947813987732,0.0426300317049026,1.18410003185272,-0.0205453410744667,0.037325769662857,0.624143123626709,-0.780147552490234
0.645947813987732,0.0426300317049026,1.18410003185272,-0.0205453410744667,0.037325769662857,0.624143123626709,-0.780147552490234
0.646192193031311,0.0417424067854881,1.18401610851288,-0.020640455186367,0.0359568111598491,0.622849524021149,-0.781242370605469
0.647000968456268,0.0407155789434909,1.18412899971008,-0.020257830619812,0.0358100049197673,0.620940327644348,-0.782777309417725
0.646818339824677,0.0400966629385948,1.18386483192444,-0.0194402765482664,0.0333839431405067,0.619643688201904,-0.783931970596313
0.646982491016388,0.0392941758036613,1.18374574184418,-0.0190580114722251,0.0318284817039966,0.618184387683868,-0.785157144069672
0.646982491016388,0.0392941758036613,1.18374574184418,-0.0190580114722251,0.0318284817039966,0.618184387683868,-0.785157144069672
0.659391522407532,0.037107229232788,1.18079960346222,-0.0355672948062419,0.0536500476300716,0.61073112487793,-0.789217412471771
0.647740244865417,0.0368016958236694,1.18352210521698,-0.0175900012254714,0.0279033184051513,0.613374292850494,-0.789103269577026
0.648385047912598,0.0357445478439331,1.18367445468903,-0.0172584056854248,0.027796821668744,0.611487925052643,-0.790577113628387
0.648385047912598,0.0357445478439331,1.18367445468903,-0.0172584056854248,0.027796821668744,0.611487925052643,-0.790577113628387
0.650453686714172,0.035041470080614,1.18302381038666,-0.0204104464501142,0.0242818854749202,0.607934594154358,-0.793353319168091
0.650453686714172,0.035041470080614,1.18302381038666,-0.0204104464501142,0.0242818854749202,0.607934594154358,-0.793353319168091
0.651825308799744,0.0334865227341651,1.18331456184387,-0.0201659854501485,0.0262242872267961,0.60638701915741,-0.794481217861176
0.651450634002686,0.0335501879453659,1.18299508094788,-0.020602760836482,0.0231159459799528,0.604839026927948,-0.795745551586151
0.65203332901001,0.0322053730487823,1.18285846710205,-0.0203159432858228,0.0208332110196352,0.601084530353546,-0.798655569553375
0.65203332901001,0.0322053730487823,1.18285846710205,-0.0203159432858228,0.0208332110196352,0.601084530353546,-0.798655569553375
0.651871919631958,0.0318790636956691,1.18254971504211,-0.0201347116380929,0.0186738260090351,0.599743366241455,-0.79972106218338
0.652069509029388,0.0312127359211444,1.18251585960388,-0.0200536977499723,0.0175246018916368,0.598167717456818,-0.800928294658661
0.652617275714874,0.0303013324737548,1.18239951133728,-0.0195369254797697,0.0176831241697073,0.596070468425751,-0.802499651908875
0.652829110622406,0.0295708272606134,1.18233442306519,-0.0192846078425645,0.0168923139572143,0.594568610191345,-0.803636074066162
0.653119444847107,0.0288956612348556,1.18234872817993,-0.0193889308720827,0.016168238595128,0.593185663223267,-0.804669797420502
0.653538644313812,0.0277206115424633,1.18223309516907,-0.0197164751589298,0.014328820630908,0.590213418006897,-0.806879281997681
0.653538644313812,0.0277206115424633,1.18223309516907,-0.0197164751589298,0.014328820630908,0.590213418006897,-0.806879281997681
0.653209507465363,0.0273822098970413,1.18200492858887,-0.0195280574262142,0.0120072346180677,0.588684916496277,-0.808037519454956
0.653437316417694,0.0267877131700515,1.18191277980804,-0.0196075718849897,0.0111163146793842,0.587392866611481,-0.808987975120544
0.654838860034943,0.0252117067575454,1.18232893943787,-0.0194857083261013,0.0140029396861791,0.586327910423279,-0.809718370437622
0.655010879039764,0.0247054602950811,1.18224954605103,-0.0196398682892322,0.0129886791110038,0.584752082824707,-0.810870289802551
0.655268788337708,0.0242610983550548,1.18234169483185,-0.0205072220414876,0.0121330171823501,0.583850681781769,-0.811511397361755
0.655457139015198,0.0235282387584447,1.18209517002106,-0.0196618139743804,0.0113548282533884,0.582151174545288,-0.812763452529907
0.655396282672882,0.0231921765953302,1.18212711811066,-0.0204862710088491,0.0099164173007011,0.581156253814697,-0.813473701477051
0.655463218688965,0.0224975440651178,1.18180966377258,-0.0194132458418607,0.0092975739389657,0.579609215259552,-0.814610242843628
0.654634952545166,0.0227334927767515,1.18159592151642,-0.0208406187593936,0.005174824502319,0.579125106334686,-0.814955770969391
0.654662787914276,0.022125506773591,1.181565284729,-0.0210371911525726,0.0044922172091901,0.578361690044403,-0.815496802330017
0.654860615730286,0.0216116290539503,1.18150758743286,-0.0211933963000774,0.003783521708101,0.577130556106567,-0.816368103027344
0.655019581317902,0.0211261268705129,1.181436419487,-0.0214384049177169,0.0029953084886074,0.575802505016327,-0.817302167415619
0.655000388622284,0.0205466095358133,1.18132054805756,-0.0213410407304763,0.0022421509493142,0.574412107467651,-0.81828498840332
0.655378222465515,0.0201943404972553,1.18116855621338,-0.0206470005214214,0.0018731927266344,0.572313129901886,-0.819773137569427
0.655685007572174,0.0193846523761749,1.1812709569931,-0.0224651396274566,0.000732269429136,0.570831894874573,-0.820759296417236
0.655685007572174,0.0193846523761749,1.1812709569931,-0.0224651396274566,0.000732269429136,0.570831894874573,-0.820759296417236
0.655891120433807,0.0183247365057468,1.18110144138336,-0.021570760756731,-0.0001668211334617,0.568210661411285,-0.822600364685059
0.656044483184814,0.0178625471889972,1.18111717700958,-0.0218969620764255,-0.0005293462891131,0.567319691181183,-0.8232062458992
0.656044483184814,0.0178625471889972,1.18111717700958,-0.0218969620764255,-0.0005293462891131,0.567319691181183,-0.8232062458992
0.65625274181366,0.0169228035956621,1.18112730979919,-0.0227803271263837,-0.0017867113929241,0.565460860729218,-0.824458658695221
0.65625274181366,0.0169228035956621,1.18112730979919,-0.0227803271263837,-0.0017867113929241,0.565460860729218,-0.824458658695221
0.656299352645874,0.016370516270399,1.18120658397675,-0.0231798104941844,-0.002145213773474,0.564585745334625,-0.825046181678772
0.656299352645874,0.016370516270399,1.18120658397675,-0.0231798104941844,-0.002145213773474,0.564585745334625,-0.825046181678772
0.656343460083008,0.0151993883773684,1.18131065368652,-0.0239547174423933,-0.0027944461908191,0.562407433986664,-0.826508462429047
0.656344413757324,0.0147054567933082,1.18141388893127,-0.0242533106356859,-0.0031186416745185,0.561662137508392,-0.82700526714325
0.656344413757324,0.0147054567933082,1.18141388893127,-0.0242533106356859,-0.0031186416745185,0.561662137508392,-0.82700526714325
0.656249940395355,0.0141849238425493,1.18143200874329,-0.0251999404281377,-0.0036513418890535,0.560882985591888,-0.827503502368927
0.656249940395355,0.0141849238425493,1.18143200874329,-0.0251999404281377,-0.0036513418890535,0.560882985591888,-0.827503502368927
0.655567109584808,0.0128246834501624,1.18137168884277,-0.0255769528448581,-0.0036092808004468,0.558394908905029,-0.82917308807373
0.655579328536987,0.0123811941593885,1.18140494823456,-0.0262785069644451,-0.003745523514226,0.557843148708344,-0.829521894454956
0.655599534511566,0.0118803791701793,1.18151235580444,-0.0268120449036359,-0.0039039577823132,0.55699235200882,-0.830075562000275
0.655500471591949,0.0113932304084301,1.18153417110443,-0.0273923762142658,-0.0041356920264661,0.556396543979645,-0.830455005168915
0.655603647232056,0.0108325835317373,1.18166470527649,-0.027768213301897,-0.004014603793621,0.55535227060318,-0.831141829490662
0.65564900636673,0.010470119304955,1.18172955513,-0.0285657551139593,-0.0041834278963506,0.554640233516693,-0.83158928155899
0.655473589897156,0.0101400772109627,1.1819132566452,-0.0299335904419422,-0.0046945544891059,0.553426265716553,-0.832346975803375
0.65532511472702,0.0096485232934355,1.18207132816315,-0.0303965061902999,-0.0054396064952015,0.552410781383514,-0.832999885082245
0.655237674713135,0.0091241626068949,1.18214821815491,-0.0309113133698701,-0.0056523070670664,0.551607072353363,-0.83351194858551
0.655417442321777,0.0080292848870158,1.18219363689423,-0.031821496784687,-0.0057662790641188,0.550290107727051,-0.834346950054169
0.655417442321777,0.0080292848870158,1.18219363689423,-0.031821496784687,-0.0057662790641188,0.550290107727051,-0.834346950054169
0.655188679695129,0.0077902767807245,1.18228852748871,-0.0328134708106517,-0.0063148937188088,0.549797594547272,-0.834629237651825
0.655124664306641,0.0069660795852541,1.18234896659851,-0.0328138172626495,-0.0060667428188025,0.54891175031662,-0.835213959217072
0.655124664306641,0.0069660795852541,1.18234896659851,-0.0328138172626495,-0.0060667428188025,0.54891175031662,-0.835213959217072
0.655074298381805,0.0065887495875358,1.1825658082962,-0.0336374342441558,-0.0063086422160267,0.548377275466919,-0.835530400276184
0.65525209903717,0.0061608534306287,1.182692527771,-0.0344696417450904,-0.006649627815932,0.548216879367828,-0.83559912443161
0.655193746089935,0.0057848915457725,1.18274915218353,-0.0349601209163665,-0.0062403571791946,0.547597348690033,-0.83598804473877
0.655253767967224,0.0053134690970182,1.18279635906219,-0.0354198478162288,-0.0063298810273408,0.547498285770416,-0.836032927036285
0.655275166034698,0.0049343071877956,1.1828910112381,-0.0357472784817218,-0.0061713452450931,0.547296702861786,-0.836152195930481
0.655456960201263,0.0043642539530992,1.18299555778503,-0.0361262448132038,-0.0059181465767323,0.547440469264984,-0.836043477058411
0.655371904373169,0.0040486417710781,1.18302726745605,-0.0365038849413394,-0.0056902226060628,0.547535538673401,-0.835966408252716
0.655531585216522,0.0034299045801162,1.18316102027893,-0.0370676480233669,-0.0051172599196434,0.547460556030273,-0.835994482040405
0.655531585216522,0.0034299045801162,1.18316102027893,-0.0370676480233669,-0.0051172599196434,0.547460556030273,-0.835994482040405
0.655531585216522,0.0034299045801162,1.18316102027893,-0.0370676480233669,-0.0051172599196434,0.547460556030273,-0.835994482040405
0.655630111694336,0.0027790870517492,1.18331968784332,-0.037828866392374,-0.0040643541142344,0.548244714736938,-0.835452139377594
0.655757009983063,0.0025195609778165,1.18343794345856,-0.0379691533744335,-0.0036192273255437,0.548309743404388,-0.835405111312866
0.65567409992218,0.0023346506059169,1.18364858627319,-0.0383571274578571,-0.0033302600495517,0.548579573631287,-0.835211455821991
0.655782878398895,0.0020671635866165,1.18374276161194,-0.0385799035429954,-0.0027033381629735,0.548933684825897,-0.834970772266388
0.65585070848465,0.0018308237195014,1.18379056453705,-0.0388752184808254,-0.002178976079449,0.549002051353455,-0.834913611412048
0.655908823013306,0.0016542822122573,1.18382120132446,-0.0391140021383762,-0.0018512919778004,0.549373507499695,-0.834658861160278
0.655953526496887,0.0014354567974805,1.1838995218277,-0.0392345488071441,-0.0013429104583337,0.549688935279846,-0.834446489810944
0.655973076820374,0.0012893304228782,1.18394148349762,-0.0391297787427902,-0.0006617694743908,0.550007939338684,-0.834242045879364
0.655850112438202,0.0012354757636785,1.18399429321289,-0.0390272364020347,0.0014293929561972,0.550216138362885,-0.834108591079712
0.656161189079285,0.000674545764923,1.18411195278168,-0.0393607169389724,0.0010018473258242,0.550733745098114,-0.833751797676086
0.656161189079285,0.000674545764923,1.18411195278168,-0.0393607169389724,0.0010018473258242,0.550733745098114,-0.833751797676086
0.656492233276367,0.0006664264947175,1.18430483341217,-0.0403950214385986,0.0012389237526804,0.551922976970673,-0.832915186882019
0.656641125679016,0.0010203290730714,1.18424642086029,-0.0402777418494224,0.003014842281118,0.552432358264923,-0.832578599452972
0.656943440437317,0.0005496814846992,1.18429732322693,-0.04084462672472,0.0021595403086394,0.552679836750031,-0.832389295101166
0.656943440437317,0.0005496814846992,1.18429732322693,-0.04084462672472,0.0021595403086394,0.552679836750031,-0.832389295101166
0.657118141651154,0.0002658069133758,1.18438696861267,-0.0412095710635185,0.00322315399535,0.552873611450195,-0.832239270210266
0.657118141651154,0.0002658069133758,1.18438696861267,-0.0412095710635185,0.00322315399535,0.552873611450195,-0.832239270210266
0.657076478004456,0.0002239011228084,1.1843433380127,-0.0414398610591888,0.0033587014768272,0.55314964056015,-0.832043886184692
0.65716940164566,6.93183392286301e-05,1.18453502655029,-0.0416915751993656,0.0037783894222229,0.553205132484436,-0.831992566585541
0.657208025455475,-2.0936131477356e-05,1.18447887897491,-0.0415389761328697,0.004105235915631,0.553232312202454,-0.831980586051941
0.657210767269135,-0.0001607537269592,1.184534907341,-0.0414312928915023,0.0044270101934671,0.553465366363525,-0.831829249858856
0.657210767269135,-0.0001607537269592,1.184534907341,-0.0414312928915023,0.0044270101934671,0.553465366363525,-0.831829249858856
0.657311618328094,-0.0004132166504859,1.18483734130859,-0.042475689202547,0.0053403838537633,0.554680168628693,-0.83096170425415
0.65742415189743,-0.0006042215973138,1.18489813804626,-0.0421974174678325,0.0057860105298459,0.554777503013611,-0.830907881259918
0.65742415189743,-0.0006042215973138,1.18489813804626,-0.0421974174678325,0.0057860105298459,0.554777503013611,-0.830907881259918
0.657507538795471,-0.0010829009115695,1.18474900722504,-0.0410502590239048,0.0070963911712169,0.555355370044708,-0.83056914806366
0.657569944858551,-0.0012485831975936,1.18474185466766,-0.0408716760575771,0.0076939859427511,0.555715560913086,-0.83033162355423
0.657743811607361,-0.0012909304350614,1.18480038642883,-0.0415368527173996,0.0086698289960622,0.556737184524536,-0.82960432767868
0.657824039459229,-0.001789279282093,1.18463122844696,-0.03994807228446,0.009512067772448,0.556481182575226,-0.829844772815704
0.657843291759491,-0.0019033756107091,1.18454360961914,-0.0396381355822086,0.0101610356941819,0.556812882423401,-0.829629421234131
0.657942950725555,-0.002211358398199,1.18455481529236,-0.0392447672784328,0.0111575918272137,0.557318866252899,-0.829295516014099
0.658053398132324,-0.0030357968062162,1.18446898460388,-0.0391161404550075,0.0130112180486321,0.559482574462891,-0.827816247940063
0.658053398132324,-0.0030357968062162,1.18446898460388,-0.0391161404550075,0.0130112180486321,0.559482574462891,-0.827816247940063
0.658070862293243,-0.0033870227634906,1.1845064163208,-0.038409736007452,0.0141566898673772,0.560242712497711,-0.827316403388977
0.658070862293243,-0.0033870227634906,1.1845064163208,-0.038409736007452,0.0141566898673772,0.560242712497711,-0.827316403388977
0.658050179481506,-0.003657829016447,1.18453109264374,-0.0375234931707382,0.0146088367328047,0.560515105724335,-0.827164769172668
0.658295869827271,-0.0033579710870981,1.18464827537537,-0.0376613214612007,0.0153162665665149,0.560720026493073,-0.827006757259369
0.658154487609863,-0.0043192543089389,1.18446922302246,-0.0357147417962551,0.0167291369289159,0.56276935338974,-0.825672626495361
0.658154487609863,-0.0043192543089389,1.18446922302246,-0.0357147417962551,0.0167291369289159,0.56276935338974,-0.825672626495361
0.658140242099762,-0.0045194961130619,1.18440771102905,-0.0351164638996124,0.017163747921586,0.563574552536011,-0.825140058994293
0.658170878887177,-0.0043475627899169,1.18418490886688,-0.0343526750802993,0.0176082141697406,0.563465297222137,-0.825237393379211
0.657959878444672,-0.0047489125281572,1.18444323539734,-0.0348168537020683,0.0178318619728088,0.564954876899719,-0.824194073677063
0.658170163631439,-0.0045832898467779,1.18436217308044,-0.0338307656347751,0.0187702048569917,0.565561175346375,-0.823798358440399
0.658042430877686,-0.0050068106502294,1.18435418605804,-0.0337445810437202,0.019433494657278,0.569231688976288,-0.82125461101532
0.658042430877686,-0.0050068106502294,1.18435418605804,-0.0337445810437202,0.019433494657278,0.569231688976288,-0.82125461101532
0.658042907714844,-0.0050418991595506,1.18404698371887,-0.031695544719696,0.0203736722469329,0.570691287517548,-0.820299863815308
0.658042907714844,-0.0050418991595506,1.18404698371887,-0.031695544719696,0.0203736722469329,0.570691287517548,-0.820299863815308
0.659003436565399,-0.006239490583539,1.18456315994263,-0.0320271514356136,0.0230454765260219,0.573201298713684,-0.81846410036087
0.659003436565399,-0.006239490583539,1.18456315994263,-0.0320271514356136,0.0230454765260219,0.573201298713684,-0.81846410036087
0.659360408782959,-0.0061725135892629,1.18453347682953,-0.0319140888750553,0.0250018686056137,0.576742708683014,-0.815919280052185
0.659360408782959,-0.0061725135892629,1.18453347682953,-0.0319140888750553,0.0250018686056137,0.576742708683014,-0.815919280052185
0.659483850002289,-0.0064125042408704,1.1843409538269,-0.0308738611638546,0.0258908439427614,0.578754067420959,-0.81450617313385
0.659313917160034,-0.0069501996040344,1.18428301811218,-0.0307821575552225,0.0263780299574136,0.580889999866486,-0.812972009181976
0.659318923950195,-0.0070479903370141,1.18414974212646,-0.0315551459789276,0.0275548603385686,0.582030236721039,-0.81208723783493
0.658035159111023,-0.0061304140836,1.18371629714966,-0.0319405607879161,0.0245975088328123,0.583267331123352,-0.811279237270355
0.658035159111023,-0.0061304140836,1.18371629714966,-0.0319405607879161,0.0245975088328123,0.583267331123352,-0.811279237270355
0.658044278621674,-0.0060256049036979,1.18362176418304,-0.0311657134443521,0.0252597071230411,0.586021244525909,-0.809302031993866
0.658545315265656,-0.0067001096904277,1.18364882469177,-0.0302315112203359,0.0282480176538229,0.589036047458649,-0.807046949863434
0.658545315265656,-0.0067001096904277,1.18364882469177,-0.0302315112203359,0.0282480176538229,0.589036047458649,-0.807046949863434
0.658068001270294,-0.0066842623054981,1.18342471122742,-0.0301516652107238,0.027510866522789,0.590704441070557,-0.805855095386505
0.66862964630127,-0.006369536742568,1.18061470985413,-0.0470952577888965,0.0497809834778308,0.589131414890289,-0.805126130580902
0.657121360301971,-0.0085639655590057,1.18398427963257,-0.0270947869867086,0.0295735877007246,0.593234539031982,-0.804029941558838
0.657526850700378,-0.0085409600287675,1.18368339538574,-0.0273088198155164,0.0312940739095211,0.596485376358032,-0.801548600196838
0.657526850700378,-0.0085409600287675,1.18368339538574,-0.0273088198155164,0.0312940739095211,0.596485376358032,-0.801548600196838
0.658293187618256,-0.0094458535313606,1.18400430679321,-0.0280357971787452,0.0341800712049007,0.599830031394958,-0.798905253410339
0.658383369445801,-0.0087331011891365,1.18364131450653,-0.0284470971673727,0.0348105207085609,0.603150844573975,-0.796359300613403
0.658571720123291,-0.0091599803417921,1.18367123603821,-0.0289967805147171,0.0357944257557392,0.606063306331635,-0.794081389904022
0.658571720123291,-0.0091599803417921,1.18367123603821,-0.0289967805147171,0.0357944257557392,0.606063306331635,-0.794081389904022
0.659349381923676,-0.0094293281435966,1.18412590026855,-0.0291157439351081,0.0384248159825801,0.608860433101654,-0.791811048984528
0.658340871334076,-0.0085437446832656,1.18387746810913,-0.029778990894556,0.0369186960160732,0.613026022911072,-0.788637638092041
0.658340871334076,-0.0085437446832656,1.18387746810913,-0.029778990894556,0.0369186960160732,0.613026022911072,-0.788637638092041
0.658342003822327,-0.0087363943457603,1.18408107757568,-0.0296564772725105,0.0387718677520751,0.616558730602264,-0.785794198513031
0.658342003822327,-0.0087363943457603,1.18408107757568,-0.0296564772725105,0.0387718677520751,0.616558730602264,-0.785794198513031
0.658305406570435,-0.0087451804429292,1.18417859077454,-0.0298515856266021,0.0393642149865627,0.618639290332794,-0.784120440483093
0.658244490623474,-0.0087244324386119,1.18418979644775,-0.029816074296832,0.0400355830788612,0.620429039001465,-0.782672345638275
0.658575236797333,-0.0088478773832321,1.18445432186127,-0.0292422901839017,0.04173369333148,0.621865749359131,-0.781464159488678
0.658353388309479,-0.0089438967406749,1.18458247184753,-0.0293545667082071,0.0420176535844802,0.623218059539795,-0.780366718769073
0.657758355140686,-0.0083522535860538,1.18442332744598,-0.0288554038852453,0.0410572364926338,0.623825192451477,-0.779951274394989
0.658692359924316,-0.009200507774949,1.18494439125061,-0.0285841021686792,0.0446364358067512,0.625105679035187,-0.778738439083099
0.657654821872711,-0.0079051814973354,1.18462717533112,-0.0291547216475009,0.041714534163475,0.62709778547287,-0.77727609872818
0.657654821872711,-0.0079051814973354,1.18462717533112,-0.0291547216475009,0.041714534163475,0.62709778547287,-0.77727609872818
0.65755158662796,-0.0075548216700553,1.18465459346771,-0.0289006382226943,0.0418113693594932,0.628664314746857,-0.776014029979706
0.657537221908569,-0.0073430854827165,1.18472647666931,-0.0290359631180763,0.0415783002972602,0.629564821720123,-0.775291085243225
0.657537221908569,-0.0073430854827165,1.18472647666931,-0.0290359631180763,0.0415783002972602,0.629564821720123,-0.775291085243225
0.657537221908569,-0.0073430854827165,1.18472647666931,-0.0290359631180763,0.0415783002972602,0.629564821720123,-0.775291085243225
0.657627642154694,-0.006567895412445,1.18480181694031,-0.0301146488636732,0.0413722917437553,0.631797671318054,-0.773442327976227
0.657701194286346,-0.0064590964466333,1.18481910228729,-0.0300141088664531,0.0412293076515197,0.632057785987854,-0.773241400718689
0.657701194286346,-0.0064590964466333,1.18481910228729,-0.0300141088664531,0.0412293076515197,0.632057785987854,-0.773241400718689
0.657731652259827,-0.006318287923932,1.18482506275177,-0.0300103351473808,0.0410420149564743,0.632534444332123,-0.77286171913147
0.657860219478607,-0.0060371104627847,1.18477594852448,-0.0302574355155229,0.0405836589634418,0.633296132087708,-0.772252261638641
0.657860219478607,-0.0060371104627847,1.18477594852448,-0.0302574355155229,0.0405836589634418,0.633296132087708,-0.772252261638641
0.657901525497437,-0.0059729348868131,1.18463933467865,-0.0300335995852947,0.0404261499643325,0.633546113967896,-0.77206414937973
0.657901525497437,-0.0059729348868131,1.18463933467865,-0.0300335995852947,0.0404261499643325,0.633546113967896,-0.77206414937973
0.659242570400238,-0.0065655913203954,1.1851612329483,-0.0306262020021677,0.0434660948812961,0.634310305118561,-0.771247923374176
0.658388555049896,-0.0054783020168542,1.1846923828125,-0.0311425123363733,0.0401157550513744,0.634649395942688,-0.771129667758942
0.658796846866608,-0.0056423135101795,1.18479681015015,-0.0319858416914939,0.0400621406733989,0.636046290397644,-0.769946277141571
0.659994542598724,-0.0063257496803998,1.18513906002045,-0.0311338603496551,0.0434676930308342,0.634974181652069,-0.770680904388428
0.660172820091248,-0.006229855120182,1.18514752388,-0.0314354486763477,0.0434424318373203,0.635046303272247,-0.770610690116882
0.660172820091248,-0.006229855120182,1.18514752388,-0.0314354486763477,0.0434424318373203,0.635046303272247,-0.770610690116882
0.659428000450134,-0.0052705388516187,1.18476724624634,-0.031973160803318,0.0404193885624408,0.635009527206421,-0.770783305168152
0.660498023033142,-0.0060905255377292,1.18524885177612,-0.0319820046424865,0.0433089546859264,0.635057628154755,-0.770586311817169
0.660582065582275,-0.0059277284890413,1.18526744842529,-0.0323004871606826,0.0430443286895751,0.634952783584595,-0.770674347877502
0.660849153995514,-0.0056960508227348,1.18546533584595,-0.0336211770772933,0.0428976118564605,0.63564532995224,-0.770054757595062
0.660110354423523,-0.0044229608029127,1.1851704120636,-0.0342486277222633,0.0391305871307849,0.635303556919098,-0.770509719848633
0.660110354423523,-0.0044229608029127,1.1851704120636,-0.0342486277222633,0.0391305871307849,0.635303556919098,-0.770509719848633
0.660116493701935,-0.0043062902987003,1.18521654605865,-0.0348153933882713,0.0383033528923988,0.636174142360687,-0.7698073387146
0.660116493701935,-0.0043062902987003,1.18521654605865,-0.0348153933882713,0.0383033528923988,0.636174142360687,-0.7698073387146
0.660280585289001,-0.0041812676936388,1.18530261516571,-0.0348224565386772,0.0380592606961727,0.63576066493988,-0.770160555839539
0.661527335643768,-0.0046140477061271,1.18583023548126,-0.0348472818732261,0.0411558896303176,0.634832322597504,-0.770765781402588
0.660580813884735,-0.0035845395177602,1.18535614013672,-0.0358361043035984,0.0373774729669094,0.635394871234894,-0.770449221134186
0.660580813884735,-0.0035845395177602,1.18535614013672,-0.0358361043035984,0.0373774729669094,0.635394871234894,-0.770449221134186
0.660674393177032,-0.0030757784843444,1.185307264328,-0.0356776639819145,0.0372639596462249,0.633873224258423,-0.771714508533478
0.660853207111359,-0.0031480640172958,1.18542540073395,-0.036572977900505,0.0370929911732673,0.634966909885406,-0.77078115940094
0.660932779312134,-0.0028275195509195,1.18542337417603,-0.0370272807776927,0.0366862118244171,0.634765088558197,-0.770945250988007
0.661152601242065,-0.0026269778609275,1.18547868728638,-0.0371740236878395,0.0366312712430954,0.634180128574371,-0.77142196893692
0.661310315132141,-0.0024889055639505,1.18554651737213,-0.0373886451125144,0.0366567969322204,0.633980214595795,-0.771574676036835
0.661533653736115,-0.0021230913698673,1.18544173240662,-0.0381993539631366,0.0366817042231559,0.633874833583832,-0.771620392799377
0.662610352039337,-0.0027603833004832,1.18596410751343,-0.0376708805561065,0.0393056161701679,0.633041977882385,-0.772200703620911
0.662610352039337,-0.0027603833004832,1.18596410751343,-0.0376708805561065,0.0393056161701679,0.633041977882385,-0.772200703620911
0.661831080913544,-0.0014704354107379,1.18551528453827,-0.0381976924836635,0.0358532257378101,0.632468044757843,-0.772812783718109
0.661831080913544,-0.0014704354107379,1.18551528453827,-0.0381976924836635,0.0358532257378101,0.632468044757843,-0.772812783718109
0.661940574645996,-0.0013070683926343,1.18553388118744,-0.038383662700653,0.0357635356485843,0.632254242897034,-0.772982776165009
0.662168979644775,-0.0007332228124141,1.18546795845032,-0.0390374176204204,0.035823255777359,0.631377935409546,-0.773663103580475
0.662130951881409,-0.0009196419268846,1.18553459644318,-0.0389064252376556,0.035546638071537,0.632191896438599,-0.773017585277557
0.66236025094986,-0.0008301585912704,1.18561899662018,-0.0388732627034187,0.0357341766357421,0.631832718849182,-0.773304164409637
0.662488222122192,-0.0003871340304613,1.18562436103821,-0.0391407757997512,0.035810500383377,0.631129086017609,-0.773861527442932
0.662592351436615,-0.0002865884453058,1.18564093112946,-0.0391878969967365,0.0358859747648239,0.631065130233765,-0.773907840251923
0.663263559341431,-0.000302355736494,1.18584859371185,-0.0392239354550838,0.0371762588620185,0.630760729312897,-0.774093329906464
0.663263559341431,-0.000302355736494,1.18584859371185,-0.0392239354550838,0.0371762588620185,0.630760729312897,-0.774093329906464
0.663354933261871,-0.000204449519515,1.18584644794464,-0.0391792804002761,0.0372110567986965,0.630731582641602,-0.774117588996887
0.66356086730957,-8.10474157333374e-05,1.18574392795563,-0.0396413318812847,0.0376291200518608,0.63068675994873,-0.774110376834869
0.663359940052032,-0.0001212358474731,1.18564331531525,-0.0382284000515937,0.0374866314232349,0.630099356174469,-0.774666488170624
0.66345626115799,-5.41992485523224e-05,1.18564438819885,-0.0382125489413738,0.0375071354210376,0.629915475845337,-0.774815857410431
0.663541734218597,4.14475798606873e-05,1.18563938140869,-0.0382209606468677,0.0376005508005619,0.629842758178711,-0.774870038032532
0.663541734218597,4.14475798606873e-05,1.18563938140869,-0.0382209606468677,0.0376005508005619,0.629842758178711,-0.774870038032532
0.663415431976318,0.0004995986819267,1.18563902378082,-0.0390432067215442,0.0364798381924629,0.630322337150574,-0.774492502212524
0.664720833301544,-0.0003066686913371,1.18602085113525,-0.0387096889317035,0.0399614721536636,0.630029499530792,-0.774575769901276
0.664720833301544,-0.0003066686913371,1.18602085113525,-0.0387096889317035,0.0399614721536636,0.630029499530792,-0.774575769901276
0.664854824542999,-0.0001813406124711,1.18603301048279,-0.0387337692081928,0.0400139056146144,0.63005918264389,-0.774547696113586
0.66485583782196,-0.0003547333180904,1.18597531318665,-0.03864611312747,0.0399581715464592,0.63061910867691,-0.774099111557007
0.664943158626556,-0.0002618432044982,1.1859735250473,-0.038638811558485,0.0400310158729553,0.630521953105927,-0.774174809455872
0.665083885192871,-4.05050814151764e-05,1.1859849691391,-0.0385126173496246,0.0402968488633632,0.630226612091064,-0.774407804012299
0.665083885192871,-4.05050814151764e-05,1.1859849691391,-0.0385126173496246,0.0402968488633632,0.630226612091064,-0.774407804012299
0.665083885192871,-4.05050814151764e-05,1.1859849691391,-0.0385126173496246,0.0402968488633632,0.630226612091064,-0.774407804012299
0.664136409759521,0.0011284733191132,1.18555128574371,-0.0387176275253295,0.0369794033467769,0.629954397678375,-0.774784445762634
0.664181649684906,0.0014558872207999,1.18544435501099,-0.0378217734396457,0.0371902026236057,0.628552258014679,-0.775956511497498
0.664255976676941,0.0015314910560846,1.18547189235687,-0.0377552807331085,0.0372793301939964,0.628368318080902,-0.77610445022583
0.664328336715698,0.0015918333083391,1.18549764156342,-0.0377024188637733,0.0373413488268852,0.628161311149597,-0.77627158164978
0.664953887462616,0.0014200555160641,1.18573582172394,-0.0376785919070243,0.0386784933507442,0.627456724643707,-0.776776909828186
0.66498601436615,0.0015051886439323,1.18574869632721,-0.0376285687088966,0.0386888608336448,0.627201616764069,-0.776984870433807
0.665154039859772,0.0016957428306341,1.18593871593475,-0.0384128764271736,0.0386421754956245,0.627341151237488,-0.776836156845093
0.665179431438446,0.0018012234941124,1.18594861030579,-0.0384029038250446,0.0385980047285556,0.62701427936554,-0.777102768421173
0.665203511714935,0.0019035944715142,1.18595790863037,-0.0382513292133808,0.0385763272643089,0.626778244972229,-0.777301669120789
0.665264487266541,0.0019529554992914,1.18602681159973,-0.038105059415102,0.0387309826910495,0.62644225358963,-0.7775719165802
0.665298402309418,0.0020558610558509,1.18604028224945,-0.0381920598447322,0.0385439842939376,0.626093208789825,-0.777858018875122
0.665350914001465,0.0021684654057025,1.18606340885162,-0.03815408796072,0.0384756550192832,0.625708401203156,-0.778172850608826
0.665413022041321,0.0022575724869966,1.18608713150024,-0.0381331741809845,0.0385192409157753,0.625401377677917,-0.778418481349945
0.664957046508789,0.0022114757448434,1.18591785430908,-0.0378288999199867,0.0374286249279975,0.626104116439819,-0.777921497821808
0.665036201477051,0.0023241685703396,1.18596565723419,-0.0378543473780155,0.037537008523941,0.625772893428802,-0.778181433677673
0.666147112846375,0.0014935564249753,1.18643593788147,-0.0375985316932201,0.0408188849687576,0.625449895858765,-0.778288185596466
0.6661736369133,0.0016987947747111,1.18643295764923,-0.0376779399812221,0.0409405902028083,0.625412344932556,-0.778308272361755
0.665367364883423,0.0028570033609867,1.18609404563904,-0.0377903878688812,0.0378382168710231,0.624526381492615,-0.77917069196701
0.665367364883423,0.0028570033609867,1.18609404563904,-0.0377903878688812,0.0378382168710231,0.624526381492615,-0.77917069196701
0.665510058403015,0.0029496764764189,1.18613994121552,-0.0378481708467006,0.0380169935524463,0.624267280101776,-0.779366791248322
0.665601909160614,0.0030404152348637,1.18617033958435,-0.0378138236701488,0.0381479486823082,0.624005913734436,-0.779571354389191
0.666192829608917,0.0028775501996278,1.1863888502121,-0.0379626937210559,0.0393088199198246,0.623495697975159,-0.779914617538452
0.666304171085358,0.0033928165212273,1.18639373779297,-0.0378831624984741,0.0396458432078361,0.622351467609406,-0.780814826488495
0.666304171085358,0.0033928165212273,1.18639373779297,-0.0378831624984741,0.0396458432078361,0.622351467609406,-0.780814826488495
0.666370689868927,0.0030770525336265,1.18644821643829,-0.0374356657266616,0.03979117795825,0.62262898683548,-0.7806077003479
0.666387319564819,0.0031467881053686,1.18643033504486,-0.0375074110925197,0.0397605746984481,0.622662007808685,-0.780579626560211
0.66655421257019,0.0034953160211443,1.18652248382568,-0.0375641845166683,0.0398838110268116,0.621661067008972,-0.781367897987366
0.666543304920197,0.0031689163297414,1.18653047084808,-0.0372851490974426,0.0398771166801452,0.622183918952942,-0.780965387821198
0.666651964187622,0.0031392350792884,1.18664300441742,-0.0368418060243129,0.0400891602039337,0.62182092666626,-0.781264543533325
0.666230201721191,0.0033907704055309,1.1864767074585,-0.0367650017142295,0.0389976501464843,0.622139751911163,-0.78106963634491
0.666415095329285,0.0037624668329954,1.18652749061584,-0.0368759967386722,0.038776971399784,0.621265292167664,-0.781771004199982
0.666557192802429,0.003732037730515,1.18656873703003,-0.0368005000054836,0.0390019193291664,0.621106564998627,-0.781889498233795
0.66662210226059,0.0033425046131014,1.18662631511688,-0.036428440362215,0.0389788374304771,0.621580004692078,-0.781531870365143
0.666783094406128,0.0037034200504422,1.18670964241028,-0.0364073850214481,0.039105549454689,0.620780825614929,-0.78216141462326
0.666819334030151,0.0034017460420727,1.18671357631683,-0.0362248122692108,0.0390628613531589,0.621512830257416,-0.781590521335602
0.666911959648132,0.0033855717629194,1.18675875663757,-0.0362913869321346,0.0389946289360523,0.62145471572876,-0.781637012958527
0.666911959648132,0.0033855717629194,1.18675875663757,-0.0362913869321346,0.0389946289360523,0.62145471572876,-0.781637012958527
0.667070388793945,0.0034444956108927,1.18683922290802,-0.0360841713845729,0.0393263362348079,0.621413946151733,-0.781662344932556
0.667274475097656,0.0037369448691606,1.18693220615387,-0.036378588527441,0.0392373763024807,0.620791077613831,-0.782147943973541
0.667347848415375,0.0037900367751717,1.18695878982544,-0.0362312458455562,0.0394582077860832,0.620826900005341,-0.782115280628204
0.66744190454483,0.0037849750369787,1.18700575828552,-0.0362351201474666,0.0395725071430206,0.620890378952026,-0.782058894634247
0.667554378509521,0.0034446334466338,1.18704986572266,-0.0360788106918334,0.0397830605506897,0.621823608875275,-0.78131365776062
0.667623043060303,0.0034650936722755,1.18709468841553,-0.036052118986845,0.0398465767502784,0.622003138065338,-0.781168758869171
0.667623043060303,0.0034650936722755,1.18709468841553,-0.036052118986845,0.0398465767502784,0.622003138065338,-0.781168758869171
0.667715430259705,0.0034568896517157,1.18713307380676,-0.0360526591539382,0.040000457316637,0.622152805328369,-0.78104168176651
0.667918920516968,0.0034164758399128,1.18728470802307,-0.0360057465732097,0.0403073951601982,0.622539877891541,-0.780719518661499
0.667918920516968,0.0034164758399128,1.18728470802307,-0.0360057465732097,0.0403073951601982,0.622539877891541,-0.780719518661499
0.668081283569336,0.0037299674004316,1.18737208843231,-0.0361505448818206,0.0403734110295772,0.62220561504364,-0.780975878238678
0.668086588382721,0.0034223087131977,1.18740034103394,-0.036067645996809,0.0404418148100376,0.623305976390839,-0.780098259449005
0.668240427970886,0.0033454038202762,1.1874920129776,-0.0360827147960662,0.0408247821033,0.62378066778183,-0.779698073863983
0.668291330337524,0.0033410750329494,1.18754172325134,-0.0360026806592941,0.0408076234161853,0.624245524406433,-0.779330551624298
0.668379008769989,0.0033652558922767,1.18761837482452,-0.0361070036888122,0.0408552624285221,0.624849677085876,-0.778838992118835
0.66840273141861,0.0034678736701607,1.18758273124695,-0.0364810116589069,0.0409009791910648,0.625556707382202,-0.77825129032135
0.66847437620163,0.0034558596089482,1.1876312494278,-0.0364899411797523,0.0410017445683479,0.625996530056,-0.777891874313354
0.668545305728912,0.0034527443349361,1.18767023086548,-0.036505714058876,0.0411463677883148,0.626537322998047,-0.777447998523712
0.66889351606369,0.0034172851592302,1.18771159648895,-0.0369334556162357,0.0416756905615329,0.62745076417923,-0.776662468910217
0.66889351606369,0.0034172851592302,1.18771159648895,-0.0369334556162357,0.0416756905615329,0.62745076417923,-0.776662468910217
0.670076668262482,0.0023990338668227,1.18821775913239,-0.0367019474506378,0.0453076250851154,0.62797623872757,-0.776045203208923
0.669151127338409,0.0033744750544428,1.18780839443207,-0.0371667928993701,0.0421102643013,0.628509521484375,-0.77577143907547
0.669151127338409,0.0033744750544428,1.18780839443207,-0.0371667928993701,0.0421102643013,0.628509521484375,-0.77577143907547
0.66935271024704,0.0033065509051084,1.18791282176971,-0.0375616066157817,0.0421054847538471,0.629621088504791,-0.774850726127625
0.669432163238525,0.003279672935605,1.18795883655548,-0.0378763414919376,0.0420739613473415,0.630264341831207,-0.774313986301422
0.669491171836853,0.0032745180651545,1.18798613548279,-0.0380645953118801,0.0420205369591712,0.630737960338593,-0.77392190694809
0.669647753238678,0.00318936817348,1.18804728984833,-0.0383518449962139,0.0423407033085823,0.631481826305389,-0.773283362388611
0.669711887836456,0.0031660785898566,1.1880646944046,-0.0386000014841556,0.0422642119228839,0.63194352388382,-0.772897958755493
0.669852912425995,0.0031636338680982,1.18811297416687,-0.0391441769897937,0.0422052294015884,0.633012592792511,-0.771998465061188
0.669852912425995,0.0031636338680982,1.18811297416687,-0.0391441769897937,0.0422052294015884,0.633012592792511,-0.771998465061188
0.669958591461182,0.0032288124784827,1.18812942504883,-0.0398308970034122,0.0419804006814956,0.633714139461517,-0.771399736404419
0.670285403728485,0.0034841988235712,1.18822705745697,-0.0408034175634384,0.0417812876403331,0.633991479873657,-0.771131813526154
0.670285403728485,0.0034841988235712,1.18822705745697,-0.0408034175634384,0.0417812876403331,0.633991479873657,-0.771131813526154
0.670824110507965,0.0032453816384077,1.18839597702026,-0.0416488461196422,0.0425917170941829,0.634159803390503,-0.770903885364532
0.670371055603027,0.0035051358863711,1.18818652629852,-0.0422676354646682,0.0410827510058879,0.635315239429474,-0.770000219345093
0.670468509197235,0.0031810002401471,1.1882426738739,-0.0424906946718692,0.0408762320876121,0.636756539344788,-0.768807411193848
0.670547187328339,0.0032171085476875,1.18824529647827,-0.0428534857928752,0.0408255197107791,0.637338817119598,-0.768307268619537
0.67111736536026,0.0029193572700023,1.18845760822296,-0.0435304082930088,0.041857723146677,0.637872755527496,-0.767770349979401
0.671141684055328,0.0029824804514646,1.18840658664703,-0.0441789403557777,0.0417081229388713,0.638900697231293,-0.766886293888092
0.670656085014343,0.0031123794615268,1.18834400177002,-0.044472761452198,0.0400229506194591,0.639832198619843,-0.766182243824005
0.670844793319702,0.0031604142859578,1.18836975097656,-0.0449659824371337,0.0399935059249401,0.640539824962616,-0.765563368797302
0.670896828174591,0.0031281653791666,1.18836963176727,-0.0454520769417285,0.0397990942001342,0.641357123851776,-0.764860212802887
0.670982778072357,0.0033081891015172,1.18832945823669,-0.046150118112564,0.0402824282646179,0.642209410667419,-0.764077723026276
0.670982778072357,0.0033081891015172,1.18832945823669,-0.046150118112564,0.0402824282646179,0.642209410667419,-0.764077723026276
0.672064065933228,0.0020696399733424,1.18879377841949,-0.0471743494272232,0.0434322617948055,0.644733250141144,-0.76171338558197
0.672081470489502,0.0020191380754113,1.18883168697357,-0.0474616289138793,0.0437132306396961,0.645901083946228,-0.760689437389374
0.67207145690918,0.0021694581955671,1.18877851963043,-0.047269694507122,0.0442870818078517,0.646819353103638,-0.759887516498566
0.67207145690918,0.0021694581955671,1.18877851963043,-0.047269694507122,0.0442870818078517,0.646819353103638,-0.759887516498566
0.670976221561432,0.0031188139691948,1.18829703330994,-0.0481788218021392,0.0412874370813369,0.648301541805267,-0.758735358715057
0.672047138214111,0.0021009948104619,1.18877053260803,-0.0481618680059909,0.0450724102556705,0.64945513010025,-0.757533490657806
0.671116173267365,0.002998512238264,1.18839502334595,-0.0488200634717941,0.0431278124451637,0.652210354804993,-0.755234062671661
0.671059191226959,0.002964018844068,1.18838858604431,-0.0492690540850162,0.0438785143196582,0.653663516044617,-0.753903985023499
0.671059191226959,0.002964018844068,1.18838858604431,-0.0492690540850162,0.0438785143196582,0.653663516044617,-0.753903985023499
0.671003103256226,0.0029608607292175,1.18842887878418,-0.0497539341449737,0.0450876504182815,0.656497299671173,-0.751334190368652
0.67093962430954,0.0030325283296406,1.18844509124756,-0.0500724613666534,0.0461205840110778,0.658283054828644,-0.749686002731323
0.67093962430954,0.0030325283296406,1.18844509124756,-0.0500724613666534,0.0461205840110778,0.658283054828644,-0.749686002731323
0.671022176742554,0.0029031704179942,1.18856632709503,-0.0499301142990589,0.0469869561493396,0.659438729286194,-0.7486252784729
0.670663893222809,0.0031543709337711,1.18853116035461,-0.0503828227519989,0.0483347624540329,0.662738144397736,-0.7455894947052
0.670695126056671,0.00327716069296,1.18846762180328,-0.0508726611733436,0.0497258119285106,0.66438090801239,-0.744000911712646
0.670695126056671,0.00327716069296,1.18846762180328,-0.0508726611733436,0.0497258119285106,0.66438090801239,-0.744000911712646
0.670616745948792,0.0032887035049498,1.18866097927094,-0.0503917820751667,0.0503805130720138,0.66551011800766,-0.74297970533371
0.670649588108063,0.0033295480534434,1.18869209289551,-0.0503784641623497,0.0513678677380085,0.66685289144516,-0.741707921028137
0.670510232448578,0.0036969720385968,1.18857800960541,-0.0511756092309951,0.0536786690354347,0.669734835624695,-0.738887667655945
0.670510232448578,0.0036969720385968,1.18857800960541,-0.0511756092309951,0.0536786690354347,0.669734835624695,-0.738887667655945
0.670177102088928,0.0040243044495582,1.1887481212616,-0.0510564632713794,0.0549843274056911,0.672420978546143,-0.736356019973755
0.670177102088928,0.0040243044495582,1.1887481212616,-0.0510564632713794,0.0549843274056911,0.672420978546143,-0.736356019973755
0.670260608196259,0.0042040105909109,1.18875205516815,-0.051231812685728,0.056443091481924,0.673500299453735,-0.735246002674103
0.669877350330353,0.0044857962056994,1.18880867958069,-0.0510205179452896,0.0567443072795867,0.674908339977264,-0.733945429325104
0.670244157314301,0.0044410349801182,1.18908703327179,-0.051093939691782,0.0589593388140201,0.675671875476837,-0.733062565326691
0.669586956501007,0.0054522128775715,1.18902766704559,-0.0515206977725029,0.0594642795622348,0.678203582763672,-0.730650067329407
0.669586956501007,0.0054522128775715,1.18902766704559,-0.0515206977725029,0.0594642795622348,0.678203582763672,-0.730650067329407
0.66932886838913,0.005979461595416,1.18920946121216,-0.0510630272328853,0.0615549869835376,0.68011200428009,-0.728732705116272
0.66932886838913,0.005979461595416,1.18920946121216,-0.0510630272328853,0.0615549869835376,0.68011200428009,-0.728732705116272
0.669248759746552,0.0063307420350611,1.18920171260834,-0.0511589236557483,0.0624862164258956,0.680917024612427,-0.727894365787506
0.668865501880646,0.0069019407965242,1.18934559822083,-0.0502445474267005,0.0639552474021911,0.682701051235199,-0.726157367229462
0.668865501880646,0.0069019407965242,1.18934559822083,-0.0502445474267005,0.0639552474021911,0.682701051235199,-0.726157367229462
0.668670952320099,0.0078394347801804,1.18942034244537,-0.050770316272974,0.0655811503529548,0.684844255447388,-0.723954379558563
0.668670952320099,0.0078394347801804,1.18942034244537,-0.050770316272974,0.0655811503529548,0.684844255447388,-0.723954379558563
0.668889582157135,0.0083841467276215,1.18970358371735,-0.0506305769085884,0.0685979649424552,0.68587064743042,-0.722711801528931
0.668889582157135,0.0083841467276215,1.18970358371735,-0.0506305769085884,0.0685979649424552,0.68587064743042,-0.722711801528931
0.668279886245728,0.0091364383697509,1.18950235843658,-0.0507221817970275,0.0682369098067283,0.687141001224518,-0.721531987190247
0.668235659599304,0.0094512347131967,1.18970060348511,-0.0501451231539249,0.0686888620257377,0.687420845031738,-0.721262753009796
0.667902529239655,0.0104715293273329,1.18970966339111,-0.0502193979918956,0.0702221468091011,0.68863308429718,-0.719952464103699
0.667755961418152,0.0109334699809551,1.18966090679169,-0.0502704158425331,0.070945419371128,0.689271867275238,-0.719266295433044
0.667755961418152,0.0109334699809551,1.18966090679169,-0.0502704158425331,0.070945419371128,0.689271867275238,-0.719266295433044
0.667755961418152,0.0109334699809551,1.18966090679169,-0.0502704158425331,0.070945419371128,0.689271867275238,-0.719266295433044
0.66753214597702,0.0117258168756961,1.18980014324188,-0.0491083525121212,0.0719065219163894,0.689396739006042,-0.719131529331207
0.667359888553619,0.0123720625415444,1.18967819213867,-0.0491765849292278,0.0726797878742218,0.689878821372986,-0.718586504459381
0.667303323745728,0.0127062620595097,1.18981528282166,-0.0489269308745861,0.0736436173319816,0.690119802951813,-0.718273878097534
0.667620241641998,0.0129947233945131,1.19005298614502,-0.0489115454256534,0.0750218108296394,0.68996661901474,-0.718279540538788
0.667514324188232,0.013609467074275,1.19002866744995,-0.048752661794424,0.0756428390741348,0.690180599689484,-0.718019723892212
0.667317569255829,0.0141257047653198,1.18987941741943,-0.0490209758281707,0.0764805674552917,0.690588057041168,-0.717520534992218
0.667233765125275,0.0147455092519521,1.18996858596802,-0.0489961504936218,0.077095165848732,0.690543413162231,-0.717499613761902
0.666623950004578,0.0153658641502261,1.18977665901184,-0.0485559739172458,0.0765932649374008,0.690741956233978,-0.717392027378082
0.666444718837738,0.0159581843763589,1.18980431556702,-0.0487021766602993,0.0771987587213516,0.691049456596375,-0.717021048069
0.666229367256165,0.0166002381592988,1.18975591659546,-0.0482543967664241,0.0778395012021064,0.691225826740265,-0.716812014579773
0.666355669498444,0.0173582434654235,1.19001734256744,-0.0475181825459003,0.0803042501211166,0.691010355949402,-0.716796934604645
0.665813088417053,0.018255315721035,1.18976271152496,-0.0472452044486999,0.0796983391046524,0.691115438938141,-0.716781377792358
0.665813088417053,0.018255315721035,1.18976271152496,-0.0472452044486999,0.0796983391046524,0.691115438938141,-0.716781377792358
0.665331959724426,0.0195911489427089,1.18973922729492,-0.046811293810606,0.080514945089817,0.690983474254608,-0.71684592962265
0.665331959724426,0.0195911489427089,1.18973922729492,-0.046811293810606,0.080514945089817,0.690983474254608,-0.71684592962265
0.665147602558136,0.0200704149901866,1.18996405601501,-0.0463836751878261,0.0815930366516113,0.690850079059601,-0.716880440711975
0.664846241474152,0.0215384513139724,1.19004273414612,-0.046201653778553,0.082745611667633,0.690361261367798,-0.71723073720932
0.664846241474152,0.0215384513139724,1.19004273414612,-0.046201653778553,0.082745611667633,0.690361261367798,-0.71723073720932
0.664648354053497,0.0221453737467527,1.19013845920563,-0.0458460859954357,0.0831619352102279,0.689803183078766,-0.717742145061493
0.664800345897675,0.0226554609835147,1.19032526016235,-0.0457347519695758,0.0850571617484092,0.689474821090698,-0.717842757701874
0.664498686790466,0.0233010873198509,1.19027638435364,-0.0453860498964786,0.0856187045574188,0.689176678657532,-0.718084275722504
0.664498686790466,0.0233010873198509,1.19027638435364,-0.0453860498964786,0.0856187045574188,0.689176678657532,-0.718084275722504
0.663692355155945,0.0250514484941959,1.19007003307343,-0.0444031096994876,0.0860193893313407,0.688850939273834,-0.718410491943359
0.663966536521912,0.0253310687839984,1.19041013717651,-0.0442304797470569,0.0881583616137504,0.688117742538452,-0.718864262104034
0.663783609867096,0.0260057374835014,1.19034337997437,-0.0433654226362705,0.0889967828989029,0.687630295753479,-0.719279944896698
0.663252413272858,0.0270202122628688,1.19017219543457,-0.0436388738453388,0.0887428894639015,0.687810897827148,-0.719122052192688
0.662596762180328,0.0284620262682437,1.18996155261993,-0.0425767078995704,0.0897436663508415,0.687271595001221,-0.719576954841614
0.662541627883911,0.0290670655667781,1.1902186870575,-0.0422219224274158,0.0905134156346321,0.686968207359314,-0.719791233539581
0.662541627883911,0.0290670655667781,1.1902186870575,-0.0422219224274158,0.0905134156346321,0.686968207359314,-0.719791233539581
0.66228973865509,0.029821403324604,1.19013237953186,-0.042166031897068,0.091093935072422,0.686971426010132,-0.719718217849731
0.662344992160797,0.0304978806525468,1.19014322757721,-0.041617352515459,0.0918753668665885,0.686334908008575,-0.720257937908173
0.662221670150757,0.0311337225139141,1.19013333320618,-0.0413679704070091,0.0927299261093139,0.686140120029449,-0.720348238945007
0.662374258041382,0.0316316038370132,1.19023370742798,-0.0411785468459129,0.0946514755487442,0.68580561876297,-0.720427751541138
0.662192583084106,0.0328770875930786,1.19009304046631,-0.0401645600795745,0.0964200049638748,0.685175597667694,-0.720849812030792
0.662192583084106,0.0328770875930786,1.19009304046631,-0.0401645600795745,0.0964200049638748,0.685175597667694,-0.720849812030792
0.661587536334991,0.0337748862802982,1.1899276971817,-0.0396130755543708,0.0960798561573028,0.685325801372528,-0.720782935619354
0.661244332790375,0.0355854593217372,1.18974995613098,-0.0379442386329174,0.0984779298305511,0.685345947742462,-0.720529854297638
0.661244332790375,0.0355854593217372,1.18974995613098,-0.0379442386329174,0.0984779298305511,0.685345947742462,-0.720529854297638
0.661843240261078,0.0356614366173744,1.19004607200623,-0.0373980365693569,0.10212092846632,0.684527337551117,-0.720829486846924
0.661843240261078,0.0356614366173744,1.19004607200623,-0.0373980365693569,0.10212092846632,0.684527337551117,-0.720829486846924
0.661213338375092,0.0373085252940654,1.18975973129272,-0.0364248976111412,0.101944208145142,0.684754014015198,-0.720688998699188
0.661182045936584,0.0377234257757663,1.18968498706818,-0.0370851568877697,0.101537778973579,0.684307038784027,-0.72113710641861
0.661693513393402,0.0377452485263347,1.19026184082031,-0.0371511913836002,0.10388707369566,0.68462747335434,-0.72049468755722
0.660518944263458,0.0394457280635833,1.18963801860809,-0.0367141291499137,0.101507544517517,0.684239864349365,-0.721224129199982
0.660308659076691,0.040160059928894,1.18959641456604,-0.0367056801915168,0.102290436625481,0.684383869171143,-0.720977127552032
0.660779654979706,0.0410315692424774,1.18980801105499,-0.0358446389436721,0.105143487453461,0.684231638908386,-0.720754623413086
0.659910142421722,0.0426364205777645,1.18948841094971,-0.034359224140644,0.105399765074253,0.683987438678741,-0.721021234989166
0.659910142421722,0.0426364205777645,1.18948841094971,-0.034359224140644,0.105399765074253,0.683987438678741,-0.721021234989166
0.660176157951355,0.0439490973949432,1.18973124027252,-0.0341589897871017,0.107700332999229,0.683113157749176,-0.721519470214844
0.660176157951355,0.0439490973949432,1.18973124027252,-0.0341589897871017,0.107700332999229,0.683113157749176,-0.721519470214844
0.660409927368164,0.0445127561688423,1.18991255760193,-0.0348503403365612,0.109712153673172,0.682697892189026,-0.72157621383667
0.660559594631195,0.0459757335484027,1.19020545482635,-0.0354550704360008,0.11152022331953,0.6834357380867,-0.720570385456085
0.660559594631195,0.0459757335484027,1.19020545482635,-0.0354550704360008,0.11152022331953,0.6834357380867,-0.720570385456085
0.659871816635132,0.0471571162343025,1.18982172012329,-0.034461360424757,0.110301345586777,0.683079063892365,-0.721144258975983
0.659355223178864,0.0481646806001663,1.18960106372833,-0.0344187505543231,0.109729878604412,0.683141231536865,-0.721174597740173
0.659390807151794,0.0486521422863006,1.18973505496979,-0.0356672257184982,0.109673492610455,0.682621002197266,-0.721614956855774
0.659390807151794,0.0486521422863006,1.18973505496979,-0.0356672257184982,0.109673492610455,0.682621002197266,-0.721614956855774
0.659072399139404,0.05032330006361,1.18946719169617,-0.035475205630064,0.111398108303547,0.682258665561676,-0.721702992916107
0.658813834190369,0.0513248369097709,1.18939924240112,-0.033764511346817,0.112642675638199,0.682058691978455,-0.721780776977539
0.658796370029449,0.0520245879888534,1.18937849998474,-0.0338204093277454,0.113523758947849,0.682368814945221,-0.721346914768219
0.659147918224335,0.0524436347186565,1.18973326683044,-0.0333990342915058,0.11555752158165,0.68152129650116,-0.721844732761383
0.658783257007599,0.0537289604544639,1.18949604034424,-0.0331991948187351,0.115832388401031,0.680453658103943,-0.722816467285156
0.659257471561432,0.0543122701346874,1.18993520736694,-0.0327031463384628,0.120285928249359,0.679208755493164,-0.723282337188721
0.659257471561432,0.0543122701346874,1.18993520736694,-0.0327031463384628,0.120285928249359,0.679208755493164,-0.723282337188721
0.659191966056824,0.0548078082501888,1.18982577323914,-0.0321905240416526,0.121515318751335,0.679064512252808,-0.723235249519348
0.658409833908081,0.0568168871104717,1.18941378593445,-0.0327122434973716,0.11924097687006,0.677496016025543,-0.725059032440186
0.659149169921875,0.056272517889738,1.18997597694397,-0.0329914540052413,0.122312255203724,0.676439464092255,-0.725521147251129
0.658480942249298,0.0574581213295459,1.18969655036926,-0.0330180190503597,0.121715269982815,0.676239728927612,-0.725806415081024
0.657883584499359,0.0589922815561294,1.18942189216614,-0.0316247902810573,0.122346185147762,0.674921751022339,-0.726988255977631
0.658161997795105,0.0599457137286663,1.18971312046051,-0.0324253030121326,0.124889396131039,0.672468543052673,-0.728791773319244
0.658161997795105,0.0599457137286663,1.18971312046051,-0.0324253030121326,0.124889396131039,0.672468543052673,-0.728791773319244
0.657476782798767,0.0608945153653621,1.18935966491699,-0.0311653017997741,0.125329241156578,0.671430349349976,-0.729727804660797
0.658295869827271,0.0610402785241603,1.19002604484558,-0.0301631242036819,0.130054548382759,0.671013534069061,-0.72932642698288
0.657317578792572,0.0627910420298576,1.1894793510437,-0.0304851531982421,0.128248617053032,0.670255601406097,-0.730328977108002
0.657222032546997,0.0632628798484802,1.18939018249512,-0.0315216481685638,0.129139125347137,0.669298768043518,-0.731005251407623
0.656963288784027,0.0641485825181007,1.18923759460449,-0.0295297112315893,0.131476849317551,0.668116390705109,-0.731752932071686
0.657598316669464,0.0648256465792656,1.19000649452209,-0.029198395088315,0.136014714837074,0.667155861854553,-0.731813251972198
0.656685173511505,0.0662805661559104,1.18940496444702,-0.0307398419827222,0.133924245834351,0.666667819023132,-0.732580065727234
0.656685173511505,0.0662805661559104,1.18940496444702,-0.0307398419827222,0.133924245834351,0.666667819023132,-0.732580065727234
0.657096385955811,0.0663946866989135,1.18999195098877,-0.0286707077175378,0.138013884425163,0.666059851646423,-0.7324578166008
0.657002508640289,0.0671762228012085,1.18997490406036,-0.0285732075572013,0.138997733592987,0.665492951869965,-0.73279082775116
0.656878292560577,0.0677035227417945,1.18999576568604,-0.0290870983153581,0.139642432332039,0.664885997772217,-0.733198881149292
0.655759692192078,0.0694058984518051,1.18921208381653,-0.0284532643854618,0.138336926698685,0.665149033069611,-0.733232617378235
0.656624794006348,0.0696252360939979,1.18988633155823,-0.0282065700739622,0.142294466495514,0.663364291191101,-0.734101235866547
0.656389892101288,0.0703749880194664,1.18979907035828,-0.0278245154768228,0.143614411354065,0.662675440311432,-0.734480857849121
0.655386865139008,0.0720752403140068,1.18914306163788,-0.0283902585506439,0.14181861281395,0.661999523639679,-0.735417068004608
0.656143367290497,0.0719720423221588,1.18977081775665,-0.0278485734015703,0.145751655101776,0.660684883594513,-0.735850751399994
0.655935764312744,0.0732945352792739,1.18972027301788,-0.0285166651010513,0.147654756903648,0.658432483673096,-0.737463057041168
0.655935764312744,0.0732945352792739,1.18972027301788,-0.0285166651010513,0.147654756903648,0.658432483673096,-0.737463057041168
0.655603051185608,0.0742793157696724,1.18954420089722,-0.026691298931837,0.149330019950867,0.656502366065979,-0.738913238048553
0.655513942241669,0.0751490518450737,1.18968176841736,-0.0273559559136629,0.150721177458763,0.655674993991852,-0.739340960979462
0.655436754226685,0.0759495496749877,1.18954885005951,-0.0287572164088487,0.151221856474876,0.654464900493622,-0.740257263183594
0.654901146888733,0.0776891186833381,1.18957030773163,-0.0270822718739509,0.1538305580616,0.651088535785675,-0.742756068706512
0.654901146888733,0.0776891186833381,1.18957030773163,-0.0270822718739509,0.1538305580616,0.651088535785675,-0.742756068706512
0.65473884344101,0.0783248618245124,1.1895991563797,-0.028109723702073,0.154260128736496,0.649608016014099,-0.743924140930176
0.653289198875427,0.0809628069400787,1.18892192840576,-0.0280694011598825,0.153655126690865,0.646366953849792,-0.746868133544922
0.653289198875427,0.0809628069400787,1.18892192840576,-0.0280694011598825,0.153655126690865,0.646366953849792,-0.746868133544922
0.653681218624115,0.0810642763972282,1.1894416809082,-0.0273023098707199,0.157351270318031,0.644667208194733,-0.74759566783905
0.653324484825134,0.0821482837200164,1.18934559822083,-0.0264631304889917,0.158829003572464,0.64305055141449,-0.74870491027832
0.652859151363373,0.0831413865089416,1.18917274475098,-0.0265198554843664,0.15964663028717,0.641123950481415,-0.750179767608643
0.652160823345184,0.0834622085094451,1.1889716386795,-0.0253352206200361,0.161112785339355,0.638810575008392,-0.751878917217255
0.650826573371887,0.0852155685424804,1.18831646442413,-0.0255288258194923,0.159308806061745,0.637053072452545,-0.753745675086975
0.651035606861115,0.0852001905441284,1.18879246711731,-0.0244434662163257,0.162700802087784,0.635014832019806,-0.754776239395142
0.651844680309296,0.0871161073446273,1.18864381313324,-0.0275612398982048,0.163954377174377,0.633703410625458,-0.755499482154846
0.651409029960632,0.0880746990442276,1.18843388557434,-0.0277197323739528,0.165059834718704,0.631837248802185,-0.756814777851105
0.650995194911957,0.0889427736401557,1.18826842308044,-0.0276289395987987,0.165913581848145,0.629604160785675,-0.758490562438965
0.650561630725861,0.0897319316864013,1.18819534778595,-0.0273094605654478,0.167211174964905,0.627806484699249,-0.759706318378448
0.650114178657532,0.0906158089637756,1.1881103515625,-0.0272692218422889,0.167996555566788,0.625638067722321,-0.761321604251862
0.649787247180939,0.0914732813835144,1.18803632259369,-0.0272202342748641,0.168768405914307,0.623582065105438,-0.762837886810303
0.64931845664978,0.0922099202871322,1.18794822692871,-0.0271998159587383,0.169776365160942,0.621174395084381,-0.764577329158783
0.648873448371887,0.0930517464876174,1.18786907196045,-0.0269831679761409,0.171030908823013,0.618805170059204,-0.76622474193573
0.648406326770782,0.0937947109341621,1.18775284290314,-0.026948619633913,0.171849206089973,0.616637170314789,-0.76778918504715
0.647998332977295,0.0946231558918953,1.18767178058624,-0.0268400683999061,0.172853022813797,0.614588022232056,-0.769209444522858
0.64758712053299,0.0954596549272537,1.18758821487427,-0.027284488081932,0.173857465386391,0.612411916255951,-0.770701587200165
0.646975696086884,0.0961970537900924,1.18746542930603,-0.0271587874740362,0.175020113587379,0.61037003993988,-0.772061347961426
0.646201252937317,0.0976916626095771,1.1874361038208,-0.0274775959551334,0.176612079143524,0.606039643287659,-0.775093019008636
0.645900785923004,0.0983744785189628,1.18729424476624,-0.029103584587574,0.177394077181816,0.603924453258514,-0.776504755020142
0.645900785923004,0.0983744785189628,1.18729424476624,-0.029103584587574,0.177394077181816,0.603924453258514,-0.776504755020142
0.645387530326843,0.0988918244838714,1.18730533123016,-0.0296438243240118,0.178648039698601,0.60195130109787,-0.777727961540222
0.644900023937225,0.0996774956583976,1.18717432022095,-0.0292802937328815,0.179815948009491,0.6002237200737,-0.778806984424591
0.644115090370178,0.100812628865242,1.18720006942749,-0.0302230976521968,0.181617051362991,0.59717857837677,-0.780691802501678
0.644115090370178,0.100812628865242,1.18720006942749,-0.0302230976521968,0.181617051362991,0.59717857837677,-0.780691802501678
0.643394947052002,0.102083586156368,1.18698143959045,-0.0311056058853864,0.184576496481895,0.59388792514801,-0.782471179962158
0.643394947052002,0.102083586156368,1.18698143959045,-0.0311056058853864,0.184576496481895,0.59388792514801,-0.782471179962158
0.642640829086304,0.103021129965782,1.18689048290253,-0.0313693694770336,0.186259374022484,0.591762483119965,-0.783671200275421
0.642640829086304,0.103021129965782,1.18689048290253,-0.0313693694770336,0.186259374022484,0.591762483119965,-0.783671200275421
0.655413091182709,0.102957658469677,1.1869250535965,-0.0484453104436397,0.215274319052696,0.576820552349091,-0.786503732204437
0.655413091182709,0.102957658469677,1.1869250535965,-0.0484453104436397,0.215274319052696,0.576820552349091,-0.786503732204437
0.641535818576813,0.104736484587192,1.18677771091461,-0.0317813605070114,0.189397186040878,0.589271545410156,-0.784778773784637
0.654608309268951,0.104230046272278,1.1867516040802,-0.0481101423501968,0.216846719384193,0.57533323764801,-0.787181437015533
0.640772581100464,0.105734154582024,1.18656003475189,-0.0327725261449813,0.190408185124397,0.587951481342316,-0.785483121871948
0.640286207199097,0.106830090284348,1.18651747703552,-0.0318211540579795,0.191898733377457,0.587185859680176,-0.785732209682465
0.640286207199097,0.106830090284348,1.18651747703552,-0.0318211540579795,0.191898733377457,0.587185859680176,-0.785732209682465
0.639613568782806,0.107821725308895,1.18633794784546,-0.0339030995965004,0.194438457489014,0.587365925312042,-0.784885704517365
0.639613568782806,0.107821725308895,1.18633794784546,-0.0339030995965004,0.194438457489014,0.587365925312042,-0.784885704517365
0.652764499187469,0.107824698090553,1.18618679046631,-0.0519655421376228,0.220572590827942,0.574299871921539,-0.786655604839325
0.639027774333954,0.108857646584511,1.18628513813019,-0.0347416698932647,0.196272224187851,0.586908519268036,-0.784734785556793
0.638779044151306,0.109634667634964,1.18616390228271,-0.0343445688486099,0.197039291262627,0.586607813835144,-0.784784853458405
0.638171076774597,0.110713541507721,1.18625557422638,-0.0351081676781177,0.195312529802322,0.58459335565567,-0.786683678627014
