x,y,z,q0,q1,q2,q3
-0.475112348794937,-0.290683686733246,1.310511469841,0.276075601577759,-0.165769815444946,0.686428904533386,0.65201073884964
-0.475931733846664,-0.288919746875763,1.31390190124512,0.272458165884018,-0.160631954669952,0.688069105148315,0.653088688850403
-0.476409912109375,-0.287865340709686,1.31546628475189,0.270226180553436,-0.160472989082336,0.689043581485748,0.653027832508087
-0.476782143115997,-0.286621034145355,1.31709146499634,0.267459690570831,-0.159663528203964,0.690130352973938,0.653217375278473
-0.476826429367065,-0.285141170024872,1.31825041770935,0.263311088085175,-0.162384837865829,0.690741002559662,0.653586387634277
-0.477153837680817,-0.283773183822632,1.32003796100616,0.260184228420258,-0.161907255649567,0.691876113414764,0.653756678104401
-0.477811217308044,-0.282462775707245,1.32177412509918,0.257281750440597,-0.160683825612068,0.692633271217346,0.654405176639557
-0.478426784276962,-0.280987232923508,1.32376313209534,0.254450410604477,-0.15942271053791,0.69340318441391,0.655004918575287
-0.478578507900238,-0.279527455568314,1.32502484321594,0.250731080770492,-0.160691022872925,0.694737792015076,0.654714941978455
-0.478901565074921,-0.278008878231049,1.3267822265625,0.246403500437737,-0.159168586134911,0.696246087551117,0.655127584934235
-0.480672985315323,-0.276769280433655,1.32958257198334,0.245521917939186,-0.154017627239227,0.696612954139709,0.656298816204071
-0.481050908565521,-0.274899363517761,1.33093702793121,0.24101510643959,-0.156472906470299,0.697540760040283,0.656402945518494
-0.481521278619766,-0.273120254278183,1.33264768123627,0.236524760723114,-0.15489162504673,0.6986044049263,0.657279551029205
-0.481614083051682,-0.271767675876617,1.33384084701538,0.232807517051697,-0.157325461506844,0.701119482517242,0.655347883701324
-0.48228332400322,-0.269995421171188,1.33557045459747,0.229179173707962,-0.15642911195755,0.702543556690216,0.655316233634949
-0.483661741018295,-0.268116921186447,1.33776485919952,0.22592681646347,-0.15415221452713,0.703279972076416,0.656194746494293
-0.483564257621765,-0.266546040773392,1.33900988101959,0.22123159468174,-0.152677997946739,0.705959856510162,0.655260860919952
-0.48439085483551,-0.264709442853928,1.34058523178101,0.21837118268013,-0.153020858764648,0.70762836933136,0.654339969158173
-0.485073745250702,-0.262574702501297,1.34157407283783,0.214779570698738,-0.152643382549286,0.708520352840424,0.654651641845703
-0.485656678676605,-0.260830402374268,1.34396970272064,0.209025323390961,-0.150041624903679,0.710516929626465,0.654951751232147
-0.486530900001526,-0.258789718151092,1.3444766998291,0.206665188074112,-0.152616798877716,0.71188086271286,0.653623223304749
-0.487036377191544,-0.256611585617065,1.34629964828491,0.201132699847221,-0.150024756789207,0.713251113891602,0.65445476770401
-0.48790568113327,-0.25457838177681,1.34773659706116,0.197779029607773,-0.149316728115082,0.714687705039978,0.654071569442749
-0.488773882389069,-0.25255537033081,1.34895730018616,0.19407807290554,-0.148631185293198,0.716316103935242,0.653554797172546
-0.489398747682571,-0.250211596488953,1.35017490386963,0.190122038125992,-0.147224172949791,0.7175053358078,0.653731524944305
-0.490182399749756,-0.248109459877014,1.35145401954651,0.185756042599678,-0.145714461803436,0.718765914440155,0.653939962387085
-0.490865975618362,-0.245811194181442,1.35264551639557,0.181626558303833,-0.144698619842529,0.720660626888275,0.653239965438843
-0.491679936647415,-0.24357695877552,1.35390651226044,0.176933631300926,-0.142907068133354,0.721398413181305,0.654107391834259
-0.49235600233078,-0.241158455610275,1.35490798950195,0.172382697463036,-0.141031414270401,0.722743451595306,0.654244899749756
-0.493112325668335,-0.238800942897797,1.35585260391235,0.16884571313858,-0.140379503369331,0.72375100851059,0.654193520545959
-0.493725568056107,-0.236358731985092,1.35666120052338,0.164213970303535,-0.138821437954903,0.725078403949738,0.654235184192657
-0.494495302438736,-0.233959078788757,1.35760915279388,0.160523116588593,-0.137901127338409,0.72611540555954,0.654195785522461
-0.495142519474029,-0.23147651553154,1.35847783088684,0.156223028898239,-0.136563241481781,0.727509379386902,0.653968632221222
-0.495838761329651,-0.229234576225281,1.35941052436829,0.15141861140728,-0.134679615497589,0.728747010231018,0.654111504554749
-0.496448814868927,-0.226723834872246,1.36056208610535,0.146576747298241,-0.132860481739044,0.730185449123383,0.653982102870941
-0.497026443481445,-0.22370071709156,1.36123788356781,0.142802700400352,-0.131798923015594,0.731459259986877,0.653608381748199
-0.497784793376923,-0.221119537949562,1.36209511756897,0.13826347887516,-0.130151361227035,0.732425153255463,0.653832793235779
-0.498469740152359,-0.218406647443771,1.36285865306854,0.133775442838669,-0.128339782357216,0.733421325683594,0.654007852077484
-0.499101310968399,-0.215667590498924,1.36338639259338,0.129865780472755,-0.12701766192913,0.734649300575256,0.653675556182861
-0.499717384576797,-0.212830781936646,1.36408460140228,0.125020131468773,-0.124973677098751,0.735672295093536,0.653863847255707
-0.500337421894073,-0.209982365369797,1.36451041698456,0.121615163981915,-0.124049678444862,0.736729741096497,0.653491199016571
-0.500970304012299,-0.207193478941917,1.36507892608643,0.117217943072319,-0.12225579470396,0.737652719020844,0.653591692447662
-0.501607537269592,-0.204347237944603,1.36542820930481,0.112756475806236,-0.12138532102108,0.738298952579498,0.653809010982513
-0.502260625362396,-0.201416090130806,1.36580896377563,0.108821056783199,-0.119472809135914,0.739181280136108,0.65383118391037
-0.502655625343323,-0.19849805533886,1.36619365215302,0.104894571006298,-0.117607645690441,0.740750551223755,0.653034687042236
-0.503353238105774,-0.195813074707985,1.36636245250702,0.100198723375797,-0.115682251751423,0.741133034229279,0.653681695461273
-0.503732264041901,-0.192966759204865,1.36669528484344,0.0965024381875991,-0.114383466541767,0.742623031139374,0.652774691581726
-0.504401683807373,-0.19010503590107,1.36701953411102,0.092552401125431,-0.112349815666675,0.743512868881226,0.652686834335327
-0.504401683807373,-0.19010503590107,1.36701953411102,0.092552401125431,-0.112349815666675,0.743512868881226,0.652686834335327
-0.505588889122009,-0.184550896286964,1.36744976043701,0.0845217332243919,-0.107839129865169,0.745780944824219,0.651949107646942
-0.506069242954254,-0.181372180581093,1.36763846874237,0.0811365470290184,-0.106427446007728,0.747151613235474,0.651041209697723
-0.506639182567596,-0.17843234539032,1.36784827709198,0.0769717246294021,-0.104257687926292,0.748171150684357,0.650726974010468
-0.506980538368225,-0.175357699394226,1.36780881881714,0.0725976154208183,-0.102591753005981,0.749914824962616,0.649486124515533
-0.507653176784515,-0.172537863254547,1.36730062961578,0.0711312070488929,-0.102224983274937,0.750845015048981,0.648630857467651
-0.508261799812317,-0.169714391231537,1.3681697845459,0.0658277943730354,-0.0989014953374862,0.752685010433197,0.647572755813599
-0.508727967739105,-0.16677163541317,1.36822116374969,0.0620658956468105,-0.0966609492897987,0.753597021102905,0.647221744060516
-0.509386301040649,-0.163942813873291,1.36791551113129,0.0594263300299644,-0.0958009138703346,0.754873037338257,0.646109402179718
-0.510674476623535,-0.161064013838768,1.36841189861298,0.0542234256863594,-0.0928830429911613,0.754093587398529,0.647900879383087
-0.510235667228699,-0.157896459102631,1.36829674243927,0.0516728647053241,-0.0913548171520233,0.757596790790558,0.644229292869568
-0.510798692703247,-0.155312836170197,1.36807823181152,0.048337385058403,-0.0894700288772583,0.757688462734222,0.644644558429718
-0.511241495609283,-0.152147322893143,1.36847186088562,0.0442714020609855,-0.0873680934309959,0.759520709514618,0.643067121505737
-0.511780679225922,-0.149169534444809,1.36847496032715,0.0398218631744384,-0.0846181213855743,0.75967663526535,0.643541216850281
-0.512265503406525,-0.146366387605667,1.36853468418121,0.0369753465056419,-0.0835802480578422,0.760505199432373,0.642867803573608
-0.512773513793945,-0.143534988164902,1.36824810504913,0.034290000796318,-0.0824979394674301,0.761606276035309,0.641852140426636
-0.513406276702881,-0.140661895275116,1.36863780021667,0.030079212039709,-0.0806658938527107,0.762065649032593,0.641750991344452
-0.513867974281311,-0.138182267546654,1.36872470378876,0.0263536516577005,-0.0787326246500015,0.762472569942474,0.641671538352966
-0.513801336288452,-0.135035380721092,1.36868929862976,0.023637942969799,-0.0769767463207244,0.763482749462128,0.640788495540619
-0.514237761497498,-0.132284045219421,1.36881470680237,0.0201079808175563,-0.0753999277949333,0.763848304748535,0.640660881996155
-0.51463657617569,-0.129773885011673,1.36881065368652,0.0170604065060615,-0.0742837637662887,0.764109969139099,0.640567660331726
-0.514906167984009,-0.126763433218002,1.36891269683838,0.014173001050949,-0.0728125423192977,0.764674723148346,0.640132963657379
-0.515284180641174,-0.124268218874931,1.36865139007568,0.0117894355207681,-0.0722059831023216,0.764775037765503,0.640129864215851
-0.515519380569458,-0.121624931693077,1.36892175674438,0.0084176044911146,-0.0707386806607246,0.765310287475586,0.639707148075104
-0.515831351280212,-0.119166307151318,1.36879789829254,0.0062515838071703,-0.0700610131025314,0.765842735767365,0.639169156551361
-0.516003549098969,-0.116561941802502,1.36882925033569,0.0036110410001128,-0.0688514560461044,0.765584349632263,0.639630377292633
-0.516003549098969,-0.116561941802502,1.36882925033569,0.0036110410001128,-0.0688514560461044,0.765584349632263,0.639630377292633
-0.516666829586029,-0.111666284501552,1.36942112445831,-0.0027979202568531,-0.0658677592873573,0.765145599842072,0.640473186969757
-0.516509711742401,-0.109190486371517,1.36884140968323,-0.0039614005945622,-0.0657603293657302,0.765709102153778,0.639804303646088
-0.517498314380646,-0.107321433722973,1.3689501285553,-0.0072197006084024,-0.0651249140501022,0.763558328151703,0.642405867576599
-0.516746997833252,-0.104469314217567,1.3691474199295,-0.0090125892311334,-0.0630818828940391,0.765450358390808,0.640332043170929
-0.517159759998322,-0.102449581027031,1.36906361579895,-0.0111696049571037,-0.0621725693345069,0.764487624168396,0.641536056995392
-0.51686692237854,-0.0999215096235275,1.36890602111816,-0.0125499488785862,-0.0615386068820953,0.764812648296356,0.641184031963348
-0.517259955406189,-0.0975362211465835,1.37035810947418,-0.0182827115058898,-0.0578569546341896,0.763961911201477,0.642402112483978
-0.517232239246368,-0.0954726785421371,1.36885571479797,-0.0169918742030859,-0.0595923364162445,0.763604879379272,0.642703294754028
-0.516910552978516,-0.0931712910532951,1.36916291713715,-0.0191079191863536,-0.057770412415266,0.76409900188446,0.642222881317139
-0.517321348190308,-0.0913968682289123,1.36891543865204,-0.020912617444992,-0.0575333833694458,0.762579381465912,0.643991589546204
-0.516879856586456,-0.0888411179184913,1.36911129951477,-0.0228961016982793,-0.0560833662748336,0.763362050056458,0.643124282360077
-0.516924560070038,-0.0867784023284912,1.36908459663391,-0.0246723964810371,-0.0553631782531738,0.762859106063843,0.643717408180237
-0.516949594020844,-0.0849445909261703,1.36914849281311,-0.0263351909816265,-0.0544818118214607,0.762123644351959,0.644597411155701
-0.516926407814026,-0.0829823538661003,1.36890316009521,-0.0276779662817716,-0.0541794002056121,0.761660039424896,0.645114362239838
-0.516926407814026,-0.0829823538661003,1.36890316009521,-0.0276779662817716,-0.0541794002056121,0.761660039424896,0.645114362239838
-0.51683121919632,-0.079046830534935,1.36905026435852,-0.0312621444463729,-0.0522025376558303,0.761339366436005,0.645491898059845
-0.516973197460175,-0.0772490501403808,1.36860382556915,-0.0316106528043746,-0.0530998334288597,0.761997997760773,0.64462411403656
-0.516546726226807,-0.0750842988491058,1.36767041683197,-0.0301050692796707,-0.0543611831963062,0.760694980621338,0.646128118038177
-0.516699194908142,-0.072952315211296,1.36994647979736,-0.0374366417527198,-0.0487883202731609,0.760691344738007,0.646194458007812
-0.516654372215271,-0.0711438059806823,1.3699494600296,-0.0388105884194374,-0.0479087606072425,0.760356187820435,0.64657324552536
-0.516878545284271,-0.0695976018905639,1.36948704719543,-0.0393401943147182,-0.0485386289656162,0.761627495288849,0.644996106624603
-0.516552209854126,-0.0679653137922287,1.36937093734741,-0.0420550443232059,-0.0465501360595226,0.759348809719086,0.647652626037598
-0.516813516616821,-0.0661421939730644,1.36944508552551,-0.0417718403041362,-0.047473058104515,0.761417210102081,0.645170867443085
-0.516573131084442,-0.0644071027636528,1.36932301521301,-0.0425568148493766,-0.0470414236187934,0.759826004505157,0.647024512290955
-0.516589522361755,-0.0627109929919242,1.36956131458282,-0.044472761452198,-0.0459870994091033,0.76108330488205,0.645491659641266
-0.516634881496429,-0.061544582247734,1.36908280849457,-0.044646929949522,-0.0465761572122573,0.760593712329865,0.646014451980591
-0.51654040813446,-0.0596477277576923,1.36933064460754,-0.0460457801818847,-0.0459038689732551,0.760589480400085,0.645969212055206
-0.516348719596863,-0.0586051195859909,1.36850738525391,-0.0455722995102405,-0.046714499592781,0.758681535720825,0.648184537887573
-0.516425728797913,-0.0571640059351921,1.36833596229553,-0.0458215698599815,-0.0471195206046104,0.760060369968414,0.646520256996155
-0.516374886035919,-0.0554171279072761,1.36825740337372,-0.0466867350041866,-0.0471879243850708,0.759995996952057,0.646528959274292
-0.516176342964172,-0.0543368682265281,1.3679027557373,-0.0465824007987976,-0.0473130270838737,0.758224427700043,0.648604214191437
-0.515993297100067,-0.0528634451329708,1.3681218624115,-0.0495862625539302,-0.0450625233352184,0.757265090942383,0.649661540985107
-0.516014695167542,-0.0516503080725669,1.36770248413086,-0.0479919053614139,-0.0470446795225143,0.757304728031158,0.649594724178314
-0.515856742858887,-0.0502937510609626,1.36799156665802,-0.0506652183830738,-0.0451035350561142,0.756926357746124,0.649970233440399
-0.515697300434113,-0.0487632006406784,1.36786365509033,-0.0507937967777252,-0.0453962907195091,0.756904780864716,0.64996463060379
-0.515562891960144,-0.0473023951053619,1.36781573295593,-0.0504627488553524,-0.04566365852952,0.757074594497681,0.649774074554443
-0.515650510787964,-0.0465249195694923,1.36752390861511,-0.0504150614142417,-0.0461860969662666,0.756568610668182,0.650330126285553
-0.515774607658386,-0.0457764863967895,1.36734485626221,-0.0511914491653442,-0.0464476123452186,0.75603985786438,0.650865435600281
-0.51586925983429,-0.0443764515221118,1.36762833595276,-0.0512692928314209,-0.0470935218036174,0.758200407028198,0.648294389247894
-0.515434563159943,-0.0429308488965034,1.36759197711945,-0.0531639084219932,-0.0451167523860931,0.756084322929382,0.650749206542969
-0.515859186649323,-0.0422646403312683,1.36767888069153,-0.05227917060256,-0.0470619983971118,0.757787942886353,0.648698329925537
-0.515631139278412,-0.0414722263813018,1.36755347251892,-0.0533929914236068,-0.0457644052803516,0.755244970321655,0.651659071445465
-0.515947163105011,-0.0406639128923416,1.36754512786865,-0.0532160103321075,-0.0469565093517303,0.757019758224487,0.649526178836823
-0.515702962875366,-0.0394216850399971,1.36741423606873,-0.0532337464392185,-0.0469420850276947,0.755936443805695,0.650786161422729
-0.515666425228119,-0.0383272469043731,1.36695063114166,-0.0528646372258663,-0.0478578843176364,0.755759298801422,0.650955379009247
-0.515878260135651,-0.0376797504723072,1.36726903915405,-0.0543965995311737,-0.0473645627498626,0.756338179111481,0.650192379951477
-0.515657365322113,-0.0367393568158149,1.36767756938934,-0.0557490102946758,-0.0460478439927101,0.754038870334625,0.652837634086609
-0.515584766864777,-0.0360945612192153,1.36713874340057,-0.0567493848502635,-0.0456962957978248,0.753423094749451,0.653486907482147
-0.51568478345871,-0.0354700684547424,1.36709642410278,-0.0564344599843025,-0.0464807972311973,0.752920567989349,0.654037594795227
-0.515696346759796,-0.0341389887034893,1.36736476421356,-0.0561248697340488,-0.0471142642199993,0.753737807273865,0.653077125549316
-0.515830516815186,-0.033501774072647,1.36678099632263,-0.0554247237741947,-0.0484675057232379,0.754446506500244,0.652218818664551
-0.515517890453339,-0.032632790505886,1.36668980121613,-0.0573580339550972,-0.0468440279364585,0.751975953578949,0.655017375946045
-0.515517890453339,-0.032632790505886,1.36668980121613,-0.0573580339550972,-0.0468440279364585,0.751975953578949,0.655017375946045
-0.515649199485779,-0.0313608534634113,1.36671018600464,-0.0574731789529323,-0.0475713163614273,0.751241624355316,0.655796945095062
-0.51569128036499,-0.0306420046836137,1.36662292480469,-0.0585419908165931,-0.0471496470272541,0.750882387161255,0.656144201755524
-0.515725255012512,-0.0301117300987243,1.36613011360168,-0.0578542575240135,-0.0483186542987823,0.750379323959351,0.656695425510406
-0.516061544418335,-0.0296391118317842,1.36625230312347,-0.0568193644285202,-0.0499290265142917,0.751862585544586,0.654966711997986
-0.516178369522095,-0.0290928054600954,1.36627113819122,-0.0569746308028698,-0.0499462932348251,0.751362681388855,0.655525147914886
-0.516222715377808,-0.0285183675587177,1.3663284778595,-0.057409182190895,-0.0501953326165676,0.750958621501923,0.655931293964386
-0.515992045402527,-0.0278798248618841,1.36620426177979,-0.0593681521713733,-0.0486515164375305,0.748463809490204,0.658718705177307
-0.516029477119446,-0.0273652803152799,1.36651349067688,-0.0601015351712703,-0.0486795045435428,0.748204529285431,0.658944725990295
-0.516488015651703,-0.0270472448319196,1.36653506755829,-0.058578573167324,-0.0512051843106746,0.750105440616608,0.656725466251373
-0.516815423965454,-0.0273103918880224,1.36625695228577,-0.0585538297891616,-0.0523619391024112,0.749379873275757,0.657464385032654
-0.517377734184265,-0.0268827378749847,1.366495013237,-0.0574642196297645,-0.0503880493342876,0.748724937438965,0.658460140228271
-0.516567766666412,-0.0258897375315427,1.36624038219452,-0.0594307631254196,-0.0522035062313079,0.74725204706192,0.659815907478333
-0.516567766666412,-0.0258897375315427,1.36624038219452,-0.0594307631254196,-0.0522035062313079,0.74725204706192,0.659815907478333
-0.516768753528595,-0.025113932788372,1.36607193946838,-0.059902373701334,-0.0530351065099239,0.746943831443787,0.660055875778198
-0.516946196556091,-0.0248672198504209,1.36608290672302,-0.0598237551748752,-0.053545206785202,0.746777057647705,0.66021054983139
-0.517138421535492,-0.024747772142291,1.36569952964783,-0.0590546205639839,-0.0547567382454872,0.746480643749237,0.660515666007996
-0.517389297485352,-0.0245363861322402,1.36568474769592,-0.0590316317975521,-0.0553040690720081,0.74614691734314,0.660849094390869
-0.517522513866425,-0.0242375321686267,1.3657078742981,-0.0591706968843936,-0.0556376166641712,0.746233522891998,0.660710752010345
-0.517730414867401,-0.0240867417305707,1.36577832698822,-0.0594268850982189,-0.0559146143496036,0.746087729930878,0.660829067230225
-0.517730414867401,-0.0240867417305707,1.36577832698822,-0.0594268850982189,-0.0559146143496036,0.746087729930878,0.660829067230225
-0.518077909946442,-0.0236524194478988,1.36597323417664,-0.0600203163921833,-0.0561212226748466,0.746232092380524,0.660594761371613
-0.518291175365448,-0.0235449206084013,1.36601161956787,-0.0603125095367431,-0.0565973632037639,0.746112167835236,0.660663068294525
-0.518438458442688,-0.023366343230009,1.36603188514709,-0.0602284148335456,-0.0569120869040489,0.746331036090851,0.660396456718445
-0.51903909444809,-0.0236579999327659,1.36620676517487,-0.0589226074516773,-0.0589665360748767,0.748229920864105,0.658181667327881
-0.519308865070343,-0.0238618589937686,1.36623895168304,-0.0591052137315273,-0.0593015886843204,0.747993350028992,0.658403933048248
-0.519513368606567,-0.0238145124167203,1.36615085601807,-0.0589956492185592,-0.0599648170173168,0.748035132884979,0.658306241035461
-0.519716084003448,-0.0237476322799921,1.36612296104431,-0.0590072125196456,-0.0604405403137207,0.748147785663605,0.658133625984192
-0.519644200801849,-0.0237410068511962,1.36596739292145,-0.0596079267561435,-0.0601148754358291,0.746208131313324,0.660307824611664
-0.519633412361145,-0.0231845751404762,1.36582779884338,-0.0588963069021701,-0.0607933588325977,0.746722757816315,0.659727573394775
-0.520132303237915,-0.0232228748500347,1.36588299274445,-0.0580720342695713,-0.0621884874999523,0.748801290988922,0.657310247421265
-0.520342707633972,-0.0232370924204587,1.36592793464661,-0.0579636245965957,-0.0625401809811592,0.748861074447632,0.657218337059021
-0.520536184310913,-0.0232336949557065,1.36626219749451,-0.0585431493818759,-0.0622059740126132,0.748855888843536,0.657204568386078
-0.520406484603882,-0.0233013089746236,1.36586833000183,-0.0583985485136508,-0.0622539818286895,0.746769845485687,0.659582316875458
-0.520586729049683,-0.0232709217816591,1.36624932289124,-0.0591208897531032,-0.0619223155081272,0.746789216995239,0.659527242183685
-0.520734846591949,-0.0232456438243389,1.36627471446991,-0.0582974217832088,-0.0628514215350151,0.747177720069885,0.659072577953339
-0.520882189273834,-0.0233240947127342,1.36600029468536,-0.0576549433171749,-0.0638750866055488,0.747011959552765,0.659218490123749
-0.521370589733124,-0.0235435385257005,1.36611974239349,-0.0573485419154167,-0.0649530887603759,0.748569250106812,0.657370686531067
-0.52155339717865,-0.0236234851181507,1.36616325378418,-0.0573767125606536,-0.0653172135353088,0.748432517051697,0.657487869262695
-0.521734297275543,-0.0236898530274629,1.36636114120483,-0.0576993785798549,-0.0653984174132347,0.748210966587067,0.657703638076782
-0.521927058696747,-0.0238007195293903,1.36636328697205,-0.0576167963445186,-0.0658456906676292,0.747958123683929,0.657953977584839
-0.521734714508057,-0.0237944293767213,1.36629724502563,-0.0589322447776794,-0.064520239830017,0.745865702629089,0.660339713096619
-0.52226734161377,-0.0240297205746173,1.36649680137634,-0.0578915551304817,-0.0664560869336128,0.747572243213654,0.658306896686554
-0.522214472293854,-0.0240343268960714,1.36628174781799,-0.0590146221220493,-0.065434917807579,0.745374202728271,0.66079705953598
-0.522383809089661,-0.024147255346179,1.3663135766983,-0.0590732954442501,-0.0656753405928611,0.745236396789551,0.660923480987549
-0.522891938686371,-0.0243513341993093,1.36660289764404,-0.0580778494477272,-0.0672996416687965,0.747010171413422,0.658842504024506
-0.522912979125977,-0.024467010051012,1.36670422554016,-0.0577254481613636,-0.0675697550177574,0.745821893215179,0.660190761089325
-0.523280918598175,-0.0251299310475587,1.36679148674011,-0.0583164133131504,-0.0675737485289573,0.745179116725922,0.660863757133484
-0.523190498352051,-0.0246333722025156,1.36680889129639,-0.0575443841516971,-0.0680478736758232,0.744922697544098,0.661171972751617
-0.523558557033539,-0.0253473911434412,1.36690831184387,-0.0581527389585971,-0.0680423155426979,0.744285345077515,0.661836683750153
-0.523523509502411,-0.024933410808444,1.36685383319855,-0.0576713010668754,-0.0683894455432891,0.744739949703217,0.661331415176392
-0.523697853088379,-0.0251315422356128,1.36688554286957,-0.0575379244983196,-0.0687016621232032,0.744585931301117,0.661483943462372
-0.523885071277618,-0.0252919010818004,1.36690473556519,-0.0575897544622421,-0.0688921958208084,0.744657576084137,0.661379158496857
-0.524042248725891,-0.0253941286355257,1.36694061756134,-0.057488527148962,-0.0690574347972869,0.744732320308685,0.661286532878876
-0.524326860904694,-0.0256791412830352,1.36680316925049,-0.0581394955515861,-0.0689944252371788,0.745674312114716,0.660173714160919
-0.524461328983307,-0.0257617495954036,1.36702299118042,-0.0573658980429172,-0.0696118995547294,0.74500584602356,0.660930931568146
-0.524701237678528,-0.0261067412793636,1.36705422401428,-0.0574735961854457,-0.0698488056659698,0.74481862783432,0.66110748052597
-0.525051474571228,-0.0264026783406734,1.36706554889679,-0.0577460527420043,-0.0702333524823188,0.746156454086304,0.65953254699707
-0.5252406001091,-0.0265776552259922,1.36709690093994,-0.0578023493289947,-0.0705385953187942,0.746139228343964,0.659514546394348
-0.525409042835236,-0.0267369654029607,1.36711895465851,-0.0578660331666469,-0.0708363875746727,0.746068954467773,0.659556686878204
-0.525593101978302,-0.026959178969264,1.36717092990875,-0.057970892637968,-0.0709841698408126,0.745978236198425,0.659634053707123
-0.525788366794586,-0.0271768793463706,1.36721694469452,-0.0580322593450546,-0.0710969939827919,0.745899736881256,0.659705281257629
-0.525882124900818,-0.0273710135370492,1.36713492870331,-0.0582325235009193,-0.0708576589822769,0.745352506637573,0.660331606864929
-0.526095569133759,-0.027583697810769,1.36721813678741,-0.0580137632787227,-0.0710878670215606,0.745129644870758,0.660577535629272
-0.526178061962128,-0.0277412012219429,1.36721503734589,-0.0581191293895244,-0.0710314512252807,0.744688630104065,0.661071538925171
-0.526351273059845,-0.0279644634574651,1.36733400821686,-0.0576965250074863,-0.0715082883834838,0.744389951229095,0.661393523216248
-0.526532530784607,-0.0282452087849378,1.36723661422729,-0.0580510832369327,-0.0713408067822456,0.744760036468506,0.660963535308838
-0.52680516242981,-0.0287523809820413,1.36738920211792,-0.0578614845871925,-0.0717152804136276,0.744272351264954,0.661488771438599
-0.526953995227814,-0.0289361868053674,1.36731708049774,-0.0581658370792865,-0.07160534709692,0.744813203811646,0.660865247249603
-0.527081906795502,-0.0289267729967832,1.36725068092346,-0.0576183050870895,-0.0721682757139206,0.745253682136536,0.660354971885681
-0.527696907520294,-0.0298102535307407,1.36743819713593,-0.0580091178417205,-0.0725613757967948,0.745817840099335,0.659640371799469
-0.527940273284912,-0.0300958734005689,1.3674783706665,-0.057896003127098,-0.0726215615868568,0.745699644088745,0.659777343273163
-0.527999877929688,-0.0299071781337261,1.36741364002228,-0.0573614612221717,-0.0730594545602798,0.746051669120789,0.659377694129944
-0.528064608573914,-0.0301392953842878,1.36755359172821,-0.057227324694395,-0.0731446892023086,0.744656145572662,0.660955429077148
-0.528286695480347,-0.0304003879427909,1.36756789684296,-0.0571640282869339,-0.0734063014388084,0.744715094566345,0.660865545272827
-0.528489649295807,-0.0306582357734441,1.36757206916809,-0.0568856634199619,-0.0736159905791282,0.744705021381378,0.660877585411072
-0.528652906417847,-0.0309229865670204,1.36727809906006,-0.0582224689424037,-0.0726996585726738,0.744577944278717,0.661005735397339
-0.528892576694489,-0.0312638506293296,1.36764860153198,-0.0565883815288543,-0.073991946876049,0.744541823863983,0.661044955253601
-0.528892576694489,-0.0312638506293296,1.36764860153198,-0.0565883815288543,-0.073991946876049,0.744541823863983,0.661044955253601
-0.529446721076965,-0.0319975242018699,1.36765086650848,-0.0565603263676166,-0.0742126032710075,0.745543897151947,0.659892201423645
-0.52959406375885,-0.0322258844971656,1.36762547492981,-0.0565945208072662,-0.0740830972790718,0.74515289068222,0.660345315933228
-0.529794871807098,-0.0324655622243881,1.36765480041504,-0.0564163066446781,-0.0740915313363075,0.745238780975342,0.660262703895569
-0.530058443546295,-0.0328453071415424,1.36768388748169,-0.0562892444431781,-0.0740902498364448,0.745283484458923,0.660223305225372
-0.530266523361206,-0.0331602543592453,1.36771273612976,-0.0560866817831993,-0.074304848909378,0.745377361774445,0.660110294818878
-0.530541181564331,-0.0335220322012901,1.36771726608276,-0.0559626035392284,-0.0746079608798027,0.745446622371674,0.660008490085602
-0.53077757358551,-0.0338465645909309,1.36772561073303,-0.0558335743844509,-0.074751928448677,0.74537855386734,0.660079896450043
-0.531002521514893,-0.0342141166329383,1.36773085594177,-0.0556220188736915,-0.0747743025422096,0.745376586914062,0.660097599029541
-0.531197726726532,-0.0345580987632274,1.36763226985931,-0.0557618178427219,-0.0747259259223938,0.745214760303497,0.660273969173431
-0.531476378440857,-0.0348714888095855,1.36767792701721,-0.0548589862883091,-0.0752191171050071,0.745453834533691,0.660023629665375
-0.53183376789093,-0.0353270173072814,1.36775934696198,-0.0546972714364528,-0.0757740214467048,0.745954632759094,0.659407436847687
-0.532192170619965,-0.035724326968193,1.36775374412537,-0.0544423311948776,-0.0756750106811523,0.745801687240601,0.659612953662872
-0.532313048839569,-0.0359190367162227,1.36775481700897,-0.0542895533144474,-0.075658768415451,0.746124386787415,0.659262359142303
-0.532724678516388,-0.0367732197046279,1.36782801151276,-0.0547112859785556,-0.0756104812026023,0.745781421661377,0.659621059894562
-0.532925009727478,-0.0371423996984958,1.36785805225372,-0.0550836771726608,-0.0756723210215568,0.745357990264893,0.660061299800873
-0.533210098743439,-0.0375501289963722,1.36782741546631,-0.0549347475171089,-0.07593235373497,0.745439171791077,0.659952104091644
-0.533475935459137,-0.0380287393927574,1.36772871017456,-0.0544418878853321,-0.0763036161661148,0.745408296585083,0.659985065460205
-0.533748090267181,-0.0384021587669849,1.36780560016632,-0.0542030781507492,-0.0765000358223915,0.745462894439697,0.659920394420624
-0.533878684043884,-0.0382714979350566,1.36775171756744,-0.0536216162145137,-0.0767627283930778,0.746078670024872,0.659241020679474
-0.534255564212799,-0.0388810746371746,1.36776804924011,-0.0536823347210884,-0.0770081803202629,0.746150851249695,0.659125745296478
-0.534622669219971,-0.0395715907216072,1.36781120300293,-0.0537530779838562,-0.0771393626928329,0.746096014976501,0.659166812896729
-0.535097181797028,-0.0400937534868717,1.36789834499359,-0.0532007552683353,-0.0781298503279686,0.747353911399841,0.657668232917786
-0.535083532333374,-0.0399869345128536,1.36781537532806,-0.0526444800198078,-0.0783770754933357,0.747385740280151,0.657647371292114
-0.535249471664429,-0.0403628721833229,1.36780858039856,-0.0526874214410781,-0.0783328264951706,0.747234046459198,0.657821536064148
-0.535603523254395,-0.0410103425383567,1.36784064769745,-0.0527507700026035,-0.0785072743892669,0.747070550918579,0.657981395721436
-0.535929918289185,-0.041438590735197,1.36790812015533,-0.0528018921613693,-0.0787801146507263,0.747107148170471,0.657903075218201
-0.536095440387726,-0.0416021011769771,1.36789870262146,-0.0524518936872482,-0.0790916457772255,0.747721791267395,0.657195150852203
-0.53632116317749,-0.0420319512486457,1.36794245243073,-0.0521863996982574,-0.0793855786323547,0.747924089431763,0.656950652599335
-0.536566376686096,-0.0424357205629348,1.36798632144928,-0.0519514717161655,-0.0794962868094444,0.748106002807617,0.656748652458191
-0.5368332862854,-0.0428906790912151,1.36799001693726,-0.0516814887523651,-0.0797361806035041,0.748212814331055,0.656619191169739
-0.537042021751404,-0.0433160737156868,1.36790609359741,-0.0517823658883571,-0.079486608505249,0.748388350009918,0.656441330909729
-0.537411451339722,-0.0442554429173469,1.36797595024109,-0.0519208274781703,-0.079464353621006,0.748037934303284,0.656832337379456
-0.53753650188446,-0.0444461554288864,1.36805844306946,-0.0506950616836547,-0.0800838470458984,0.748370885848999,0.656473636627197
-0.537651419639587,-0.0448482409119606,1.36818361282349,-0.0497484840452671,-0.0806076377630233,0.748204231262207,0.656671941280365
-0.537821173667908,-0.0452640019357204,1.36818897724152,-0.0493833534419536,-0.0807351917028427,0.748314678668976,0.65655791759491
-0.537938058376312,-0.0456624403595924,1.36821806430817,-0.0487600713968277,-0.0807652994990348,0.74847537279129,0.656417548656464
-0.538212597370148,-0.0463085174560546,1.36817562580109,-0.0484534837305545,-0.0810832008719444,0.749168753623962,0.655609726905823
-0.538404166698456,-0.0467895232141017,1.36814951896667,-0.0479093939065933,-0.0813693031668663,0.749065279960632,0.655732333660126
-0.538343727588654,-0.0469840764999389,1.36809694766998,-0.0473203398287296,-0.0814019665122032,0.748883783817291,0.655978441238403
-0.538482785224915,-0.0474975705146789,1.36813747882843,-0.0465341694653034,-0.0816812515258789,0.748769998550415,0.656129658222198
-0.538615643978119,-0.0480322837829589,1.36817240715027,-0.0458421185612678,-0.0819690823554992,0.748706638813019,0.656214833259583
-0.538654685020447,-0.0485513508319854,1.36822986602783,-0.0452316030859947,-0.0821538195014,0.748826384544373,0.65609747171402
-0.538761734962463,-0.0491258203983306,1.36829674243927,-0.0445793345570564,-0.0824543386697769,0.748924911022186,0.655992090702057
-0.53898024559021,-0.0497755780816078,1.36839878559113,-0.0436803065240383,-0.0828758627176284,0.749300718307495,0.655570030212402
-0.539072513580322,-0.0503100156784057,1.36848711967468,-0.0430575013160705,-0.0831326842308044,0.749447047710419,0.655411422252655
-0.539167821407318,-0.0508757121860981,1.3685394525528,-0.0425775870680809,-0.0832454785704612,0.748935639858246,0.656012773513794
-0.539213299751282,-0.0514450520277023,1.36862325668335,-0.0420546270906925,-0.0833157449960708,0.749094069004059,0.655856609344482
-0.539427638053894,-0.0525429733097553,1.36871957778931,-0.0419968143105506,-0.0832903906702995,0.748731434345245,0.656277596950531
-0.539450883865356,-0.0531149059534072,1.36877989768982,-0.0411804169416427,-0.083678051829338,0.748923540115356,0.656060755252838
-0.53956413269043,-0.0537636876106262,1.36876702308655,-0.040139302611351,-0.0838394537568092,0.749055325984955,0.65595418214798
-0.53952169418335,-0.0541149005293846,1.36876821517944,-0.0391913168132305,-0.0841257199645042,0.749608516693115,0.655342698097229
-0.539396166801453,-0.0546896383166313,1.36905670166016,-0.0385266430675983,-0.0839768722653389,0.750260412693024,0.654654741287231
-0.539473712444305,-0.0555673576891422,1.36914873123169,-0.038049716502428,-0.0841462910175323,0.750376164913177,0.654528260231018
-0.539517283439636,-0.0560336410999298,1.36909282207489,-0.0368824712932109,-0.0849981233477592,0.750484049320221,0.654361248016357
-0.539382219314575,-0.0562894120812416,1.36924886703491,-0.0359792187809944,-0.0848631411790847,0.75109875202179,0.65372359752655
-0.539437592029572,-0.0569096207618713,1.36912167072296,-0.0346162542700767,-0.0850695297122001,0.751175701618195,0.653681933879852
-0.539379715919495,-0.0575863122940063,1.36916053295135,-0.0337580889463424,-0.0857230052351951,0.751444518566132,0.6533322930336
-0.539183139801025,-0.0581781864166259,1.3690972328186,-0.0333938561379909,-0.0854051411151886,0.752014398574829,0.65273654460907
-0.539183139801025,-0.0581781864166259,1.3690972328186,-0.0333938561379909,-0.0854051411151886,0.752014398574829,0.65273654460907
-0.539627969264984,-0.0600743032991886,1.36965548992157,-0.0319034419953823,-0.0859125480055809,0.752422213554382,0.652274668216705
-0.539621353149414,-0.0605058968067169,1.36963510513306,-0.0308848340064287,-0.0864987298846244,0.752770602703094,0.651844024658203
-0.539547801017761,-0.0611316412687301,1.36950039863586,-0.0292063951492309,-0.0866764932870864,0.753182113170624,0.651422083377838
-0.539515018463135,-0.0620305314660072,1.36979985237122,-0.0296344589442014,-0.0867579281330108,0.753235816955566,0.651329934597015
-0.539362967014313,-0.0623229220509529,1.36982035636902,-0.0288065001368522,-0.086649402976036,0.753191590309143,0.651432752609253
-0.539331078529358,-0.06290303170681,1.36991715431213,-0.0279475096613168,-0.0869810283184051,0.753500640392303,0.651068389415741
-0.539269864559174,-0.063450813293457,1.36988186836243,-0.0277371667325496,-0.0866037309169769,0.753755807876587,0.650832235813141
-0.53925609588623,-0.064088799059391,1.37005209922791,-0.0264546778053045,-0.0872071981430053,0.754041492938995,0.650474071502686
-0.539309918880463,-0.0646764487028122,1.37011957168579,-0.0257202871143817,-0.0875557512044906,0.754346787929535,0.650102496147156
-0.53932136297226,-0.0649602860212326,1.37008118629456,-0.0245602186769247,-0.0877768322825431,0.754936516284943,0.649432718753815
-0.539377152919769,-0.0655681937932968,1.3701274394989,-0.0237455535680055,-0.0879629030823707,0.755197167396545,0.649134814739227
-0.539371728897095,-0.0661017298698425,1.37015199661255,-0.0231185127049684,-0.0879415273666381,0.755531251430511,0.648771345615387
-0.539259195327759,-0.0666270554065704,1.37027442455292,-0.0227189939469099,-0.0878828987479209,0.756094098091125,0.648137450218201
-0.539181292057037,-0.0671323612332344,1.37020778656006,-0.0217404384166002,-0.0882111489772796,0.75667268037796,0.647450804710388
-0.539208650588989,-0.0675985366106033,1.37050139904022,-0.0215625595301389,-0.0876897424459457,0.757246315479279,0.646856665611267
-0.539230585098267,-0.0680507346987724,1.37057483196259,-0.0216747261583805,-0.0871362388134002,0.757663726806641,0.646438717842102
-0.5392946600914,-0.0685654655098915,1.37046897411346,-0.0203592590987682,-0.0879682525992393,0.757967352867126,0.646012723445892
-0.539359927177429,-0.0692125931382179,1.37053620815277,-0.0199822485446929,-0.0879304111003875,0.758218228816986,0.645735383033752
-0.539326131343842,-0.0694242715835571,1.37072992324829,-0.0194059442728757,-0.0878512933850288,0.758870542049408,0.64499694108963
-0.539700269699097,-0.0699060633778572,1.37075555324554,-0.0193973463028669,-0.0881414264440536,0.758678555488586,0.645183503627777
-0.539797842502594,-0.0703335627913475,1.3707731962204,-0.0191411580890417,-0.088171012699604,0.759117186069489,0.644670963287354
-0.539492666721344,-0.0706515982747078,1.37087798118591,-0.0186385009437799,-0.0875732898712158,0.760257661342621,0.643421947956085
-0.539872527122498,-0.0710789039731025,1.37085998058319,-0.0186079740524292,-0.0877776890993118,0.759900093078613,0.64381730556488
-0.539940118789673,-0.0714658051729202,1.37071847915649,-0.0179083496332168,-0.0880917459726333,0.760192036628723,0.643449425697327
-0.540042042732239,-0.0718683078885078,1.3706533908844,-0.0171557758003473,-0.0877144783735275,0.7606201171875,0.643015503883362
-0.54012930393219,-0.0722390636801719,1.37089431285858,-0.0174557641148567,-0.0872350335121154,0.76117068529129,0.642420887947083
-0.540220499038696,-0.0726026147603988,1.37064373493195,-0.0166226401925086,-0.0876082554459571,0.761478781700134,0.642026841640472
-0.540282130241394,-0.0729077160358429,1.37064969539642,-0.0163918286561965,-0.0874043628573417,0.761813521385193,0.641663551330566
-0.540346324443817,-0.0732290372252464,1.37068355083466,-0.0165159720927476,-0.0871167257428169,0.762123823165894,0.641330718994141
-0.540132641792297,-0.0737236589193344,1.37064325809479,-0.0160132814198732,-0.0866765081882476,0.763077735900879,0.640267968177795
-0.540606319904327,-0.074128657579422,1.37069666385651,-0.0163625963032245,-0.0866239219903945,0.762649893760681,0.640775799751282
-0.540727913379669,-0.0744580253958702,1.37071490287781,-0.0161074846982955,-0.086667500436306,0.763113915920258,0.640223681926727
-0.540803849697113,-0.0747508704662323,1.37108111381531,-0.0167175233364105,-0.0858219563961029,0.763568699359894,0.639779627323151
-0.540900051593781,-0.0750616341829299,1.3710880279541,-0.0167301911860704,-0.0856900438666343,0.763826370239258,0.63948929309845
-0.540961027145386,-0.0753108784556388,1.3710789680481,-0.0173209439963102,-0.0849466547369957,0.764163374900818,0.639170169830322
-0.541073679924011,-0.0756748616695404,1.3705689907074,-0.0162814613431692,-0.0857082679867744,0.76452761888504,0.638659834861755
-0.541260302066803,-0.0759333446621894,1.37114381790161,-0.0168603770434856,-0.084862545132637,0.765151917934418,0.63800984621048
-0.541368007659912,-0.0762209892272949,1.37064576148987,-0.0158229507505893,-0.0855327248573303,0.765377879142761,0.637675940990448
-0.541479527950287,-0.0764461010694503,1.37070834636688,-0.0159872453659772,-0.0851960480213165,0.765686750411987,0.637346088886261
-0.541274845600128,-0.0765988677740097,1.37065529823303,-0.0163434017449617,-0.0842375010251998,0.766755342483521,0.636178553104401
-0.541449308395386,-0.0768112391233444,1.37064909934998,-0.0165350418537855,-0.0839961245656013,0.7671879529953,0.63568377494812
-0.541629195213318,-0.0770397335290908,1.37068915367126,-0.0161479134112596,-0.0842816680669784,0.767715632915497,0.635018527507782
-0.541782796382904,-0.0772030502557754,1.37068021297455,-0.0161621700972318,-0.0841496959328651,0.768168687820435,0.634487509727478
-0.542328417301178,-0.0774078592658042,1.37118589878082,-0.017747838050127,-0.0830094292759895,0.767927408218384,0.634887278079987
-0.542172312736511,-0.0774787068367004,1.37122583389282,-0.0175032466650009,-0.0823568031191825,0.769486784934998,0.633088409900665
-0.542408168315887,-0.0779178440570831,1.37075126171112,-0.0170134045183658,-0.0825879797339439,0.769666910171509,0.632852733135223
-0.542541861534119,-0.0777796283364296,1.37073731422424,-0.0171406380832195,-0.0823170915246009,0.770412027835846,0.631977498531342
-0.542782962322235,-0.0781108736991882,1.37074792385101,-0.0176079999655485,-0.0818453878164291,0.770779490470886,0.631577730178833
-0.542983889579773,-0.078202798962593,1.37073850631714,-0.0178637597709894,-0.0814480111002922,0.771481513977051,0.630764186382294
-0.54318630695343,-0.0782864838838577,1.37071573734283,-0.0181010067462921,-0.0809305682778358,0.772067904472351,0.630106151103973
-0.543388843536377,-0.0782967284321785,1.37068200111389,-0.0193135309964418,-0.0798955112695694,0.772911310195923,0.62916761636734
-0.543535947799683,-0.0781095027923584,1.37062466144562,-0.0187022555619478,-0.0801131650805473,0.77388721704483,0.62795752286911
-0.543741762638092,-0.0778646022081375,1.37055563926697,-0.0188001524657011,-0.0799692198634147,0.774630129337311,0.627056300640106
-0.54405802488327,-0.0781846046447753,1.37062692642212,-0.0194994714111089,-0.0792141854763031,0.77542120218277,0.626152396202087
-0.544231653213501,-0.0781290084123611,1.37059855461121,-0.0196626055985689,-0.0787608250975608,0.776253044605255,0.625172972679138
-0.544875860214233,-0.0785574913024902,1.37061107158661,-0.0206230655312538,-0.0784361809492111,0.77628368139267,0.625144839286804
-0.545056521892548,-0.0780425369739532,1.37054133415222,-0.0204830206930637,-0.0782439783215522,0.777549982070923,0.623597919940948
-0.545401155948639,-0.0785099565982818,1.37048721313477,-0.0210866834968328,-0.0777388364076614,0.778012573719025,0.623063743114471
-0.545401930809021,-0.0781540051102638,1.37043523788452,-0.0211197566241025,-0.0768642202019691,0.779869198799133,0.620846211910248
-0.545723795890808,-0.0784397646784782,1.36987948417664,-0.0206265654414892,-0.0774649605154991,0.780546963214874,0.619935572147369
-0.546040415763855,-0.0784088671207428,1.37001526355743,-0.0213564950972795,-0.0768553912639617,0.781602799892426,0.618655145168304
-0.546307325363159,-0.0783263891935348,1.37034392356873,-0.0226233899593353,-0.0758076533675193,0.782878220081329,0.617124855518341
-0.54693990945816,-0.0782135650515556,1.37035262584686,-0.0231847576797008,-0.0754610300064086,0.783400475978851,0.616483390331268
-0.547338426113129,-0.0784078165888786,1.37040793895721,-0.0239372383803129,-0.0748134180903434,0.784462094306946,0.615182161331177
-0.547544717788696,-0.078051634132862,1.37026846408844,-0.0234839878976345,-0.0751760005950927,0.785434901714325,0.613912999629974
-0.547916412353516,-0.0779420733451843,1.37024927139282,-0.0246122796088457,-0.0742514133453369,0.787166595458984,0.611759543418884
-0.548052132129669,-0.078104056417942,1.3699357509613,-0.0243715606629848,-0.0737058892846107,0.788512587547302,0.6100994348526
-0.548650503158569,-0.0778807029128074,1.36977660655975,-0.0248976834118366,-0.0740175247192382,0.789414346218109,0.608873128890991
-0.549507141113281,-0.0777278393507003,1.36971437931061,-0.0255509857088327,-0.0741323605179786,0.789794206619263,0.608339309692383
-0.549829185009003,-0.0777668580412864,1.36971783638,-0.0255702659487724,-0.0740189775824546,0.790803611278534,0.607039630413055
-0.549708366394043,-0.0773841887712478,1.36967408657074,-0.0258158128708601,-0.0731071308255195,0.793370544910431,0.603781640529633
-0.55009800195694,-0.0774855762720108,1.36979150772095,-0.027515610679984,-0.0720201581716537,0.794962286949158,0.601739943027496
-0.550413966178894,-0.0771496891975402,1.36970961093903,-0.0272551085799932,-0.0721911415457725,0.796183168888092,0.60011500120163
-0.55130273103714,-0.0772452503442764,1.36965703964233,-0.0293083358556032,-0.0720953419804573,0.796799123287201,0.599211513996124
-0.551710665225983,-0.0773595795035362,1.36961758136749,-0.0300518292933702,-0.0716040879487991,0.798294544219971,0.597240030765533
-0.551555037498474,-0.0768091976642608,1.36951887607574,-0.0302667710930109,-0.0711195915937423,0.800922930240631,0.593758106231689
-0.551555037498474,-0.0768091976642608,1.36951887607574,-0.0302667710930109,-0.0711195915937423,0.800922930240631,0.593758106231689
-0.551943778991699,-0.0764406397938728,1.36930823326111,-0.0304005146026611,-0.0709533467888832,0.804412543773651,0.589034736156464
-0.552577018737793,-0.0767557770013809,1.36953556537628,-0.0320562161505222,-0.0702305287122726,0.80521422624588,0.587937235832214
-0.553466796875,-0.0765030235052108,1.36930656433105,-0.0331084430217742,-0.0709913969039917,0.80563086271286,0.587216436862946
-0.553773581981659,-0.0763606578111648,1.36919760704041,-0.0338046662509441,-0.0708878934383392,0.807081699371338,0.585193455219269
-0.553423881530762,-0.0758508741855621,1.36922800540924,-0.0334201827645301,-0.0692071840167045,0.81026154756546,0.581007421016693
-0.553701281547546,-0.0756927132606506,1.36926126480103,-0.0340700298547744,-0.0683424100279808,0.812272250652313,0.578258097171783
-0.554842174053192,-0.0759089812636375,1.36927855014801,-0.0356028787791729,-0.0686146318912506,0.811881303787231,0.578682482242584
-0.555119216442108,-0.0757221728563308,1.36920058727264,-0.0362552031874656,-0.0686060562729835,0.813505291938782,0.576357424259186
-0.55561375617981,-0.0757597312331199,1.36920881271362,-0.0374352447688579,-0.0677827447652816,0.815633177757263,0.573364436626434
-0.555051267147064,-0.075113758444786,1.36908864974976,-0.0366818755865097,-0.0669991374015808,0.818861305713654,0.568886399269104
-0.555306017398834,-0.0749106928706169,1.36906063556671,-0.0374785065650939,-0.0668779388070106,0.820490181446075,0.566496789455414
-0.556363523006439,-0.0751127898693084,1.36899709701538,-0.0390113145112991,-0.0674047246575355,0.820396900177002,0.566465854644775
-0.555783450603485,-0.0745190978050232,1.36903369426727,-0.038832452148199,-0.0658561959862709,0.823728203773499,0.561806619167328
-0.556416749954224,-0.0744897797703743,1.36898303031921,-0.0402481257915496,-0.0660134106874466,0.824384570121765,0.560725092887878
-0.55623871088028,-0.0742407739162445,1.36876106262207,-0.0406674705445766,-0.0654412657022476,0.826385617256165,0.557808816432953
-0.557292759418488,-0.0743731409311294,1.36880886554718,-0.0420472770929336,-0.0653260499238967,0.826417565345764,0.557672441005707
-0.556823551654816,-0.0738413482904434,1.36876165866852,-0.0420357547700405,-0.0644603669643402,0.82939201593399,0.553341448307037
-0.557902812957764,-0.0740958601236343,1.36873590946198,-0.0433679558336734,-0.0651069432497024,0.829571425914764,0.552893936634064
-0.557072937488556,-0.0734278559684753,1.36858141422272,-0.0431636832654476,-0.0645748749375343,0.833246171474457,0.547419309616089
-0.557525217533112,-0.0733773931860923,1.36867809295654,-0.0447444543242454,-0.0644196346402168,0.834364593029022,0.545604050159454
-0.558336138725281,-0.073437824845314,1.36851632595062,-0.0471624955534935,-0.0637240409851074,0.8348228931427,0.544780492782593
-0.557927250862122,-0.073094218969345,1.36872529983521,-0.0456001572310924,-0.0620921663939952,0.837709307670593,0.540655612945557
-0.558554589748383,-0.0729773193597793,1.36848855018616,-0.0473030731081962,-0.0643903315067291,0.838317036628723,0.539296746253967
-0.557895004749298,-0.0723416581749916,1.36862468719482,-0.0475208312273025,-0.0633070766925811,0.841388523578644,0.534602165222168
-0.558848023414612,-0.0725898668169975,1.36858952045441,-0.0490660965442657,-0.0636459439992904,0.841440260410309,0.534340858459473
-0.558187127113342,-0.0719257295131683,1.36958503723145,-0.0512306690216064,-0.0607845671474933,0.844787657260895,0.529164016246796
-0.558995842933655,-0.0722758769989013,1.3686603307724,-0.0520511157810688,-0.0617776550352573,0.844741880893707,0.52904200553894
-0.558407604694366,-0.0714946389198303,1.36857295036316,-0.0501855313777923,-0.0618335381150245,0.847792744636536,0.524314343929291
-0.559081554412842,-0.0717798545956611,1.36954247951508,-0.0540616624057292,-0.0611295066773891,0.848124802112579,0.523473918437958
-0.558325707912445,-0.0711646080017089,1.36849880218506,-0.0511375144124031,-0.0616792850196361,0.851112961769104,0.518832743167877
-0.558688819408417,-0.0711268484592437,1.36914145946503,-0.0540670566260814,-0.0609882026910781,0.852239966392517,0.516763210296631
-0.559067726135254,-0.0712657868862152,1.3693323135376,-0.0550003536045551,-0.0604076869785785,0.852915585041046,0.5156170129776
-0.558459043502808,-0.0705952569842338,1.36921560764313,-0.0558651909232139,-0.0587439127266407,0.855904340744019,0.510740756988525
-0.559611976146698,-0.0721842944622039,1.36988496780396,-0.0554525218904018,-0.0554797165095806,0.854752421379089,0.513074457645416
-0.558704078197479,-0.071239173412323,1.36973667144775,-0.05490168556571,-0.0551348626613616,0.858179688453674,0.50741845369339
-0.559441208839417,-0.071132868528366,1.36890721321106,-0.0546550415456295,-0.0584719628095626,0.858027637004852,0.507328629493713
-0.559441208839417,-0.071132868528366,1.36890721321106,-0.0546550415456295,-0.0584719628095626,0.858027637004852,0.507328629493713
-0.558938145637512,-0.0706857591867446,1.36865973472595,-0.0551155693829059,-0.0588981956243515,0.861400246620178,0.501480877399445
-0.558170139789581,-0.0699178799986839,1.36855900287628,-0.0545154958963394,-0.0581759549677372,0.864377856254578,0.496482253074646
-0.558685898780823,-0.0701281055808067,1.36855041980743,-0.0560049377381801,-0.0599436834454536,0.864252388477325,0.496324479579925
-0.557742953300476,-0.0693971067667007,1.3684948682785,-0.0551502704620361,-0.0587951354682445,0.867228984832764,0.491340547800064
-0.55826598405838,-0.0697966590523719,1.36859011650085,-0.0565051361918449,-0.0594352781772613,0.867162525653839,0.49122679233551
-0.557453572750092,-0.0690434426069259,1.36853957176208,-0.0556491576135158,-0.0582824647426605,0.869864284992218,0.486664533615112
-0.557865977287292,-0.0694571584463119,1.36865210533142,-0.059187114238739,-0.0573308765888214,0.870081424713135,0.485971540212631
-0.556939125061035,-0.0686650201678276,1.36845088005066,-0.0582831017673015,-0.0570758543908596,0.872726082801819,0.481346815824509
-0.557224452495575,-0.0691469386219978,1.36851668357849,-0.0593097321689128,-0.057520143687725,0.872694194316864,0.481226146221161
-0.556281507015228,-0.068191647529602,1.36853909492493,-0.0583799630403518,-0.055837757885456,0.875853419303894,0.475767612457275
-0.556800127029419,-0.0686405077576637,1.36954963207245,-0.0595458000898361,-0.0560511127114295,0.875508069992065,0.476233452558517
-0.555836617946625,-0.0679851472377777,1.36962258815765,-0.058862280100584,-0.0546713694930076,0.87797087430954,0.471925258636475
-0.556656062602997,-0.0684582218527793,1.369424700737,-0.0593385621905326,-0.0557708851993083,0.877256214618683,0.473064631223679
-0.556358635425568,-0.0682693719863891,1.36945581436157,-0.0597665347158908,-0.0558299571275711,0.878613770008087,0.470477342605591
-0.556572556495667,-0.0681717246770858,1.36981534957886,-0.0594365373253822,-0.0528306290507316,0.879301428794861,0.469579756259918
-0.555752813816071,-0.0679045543074607,1.3695011138916,-0.0597366392612457,-0.0553740970790386,0.880652248859406,0.466708660125732
-0.555356442928314,-0.0678680688142776,1.36857676506042,-0.0569661781191825,-0.0556500293314456,0.881689369678497,0.465061157941818
-0.55486923456192,-0.0675918832421302,1.3695707321167,-0.0596431121230125,-0.0544882826507091,0.882890462875366,0.462577670812607
-0.554460465908051,-0.0674442425370216,1.36836004257202,-0.0587570220232009,-0.0547337494790554,0.883880436420441,0.460767954587936
-0.554004311561584,-0.0673349052667617,1.36871349811554,-0.0569182336330413,-0.0549208670854568,0.884967446327209,0.458886593580246
-0.553610563278198,-0.0672288909554481,1.36884534358978,-0.0570846535265445,-0.0545480884611606,0.885801792144775,0.457297563552856
-0.55316549539566,-0.0670533031225204,1.36888742446899,-0.056982647627592,-0.0542885959148407,0.886787176132202,0.455427646636963
-0.552759170532227,-0.0669057890772819,1.36879587173462,-0.0564615316689014,-0.0541305802762508,0.887633204460144,0.453860431909561
-0.552437901496887,-0.0667082667350769,1.36876583099365,-0.0563303083181381,-0.0542843677103519,0.88836932182312,0.452416032552719
-0.552048146724701,-0.0664784759283065,1.36878788471222,-0.0560603775084018,-0.0538546368479728,0.8892662525177,0.450735479593277
-0.551528334617615,-0.0663786605000495,1.36859822273254,-0.0580955520272254,-0.0531277768313884,0.890171766281128,0.448772430419922
-0.551039814949036,-0.0662897527217865,1.36865592002869,-0.0582386925816535,-0.0527161918580532,0.891120851039886,0.446914941072464
-0.550313591957092,-0.0656602531671524,1.36875140666962,-0.0577953308820724,-0.0517371296882629,0.892776668071747,0.443771302700043
-0.550191044807434,-0.0658611804246902,1.36876237392426,-0.0582074895501136,-0.0522239953279495,0.892887771129608,0.443436533212662
-0.549821734428406,-0.0656918361783027,1.36861002445221,-0.0576359033584594,-0.0522378459572792,0.893626630306244,0.442018985748291
-0.54943460226059,-0.0655101984739303,1.36861217021942,-0.0575545728206634,-0.0520228669047355,0.894393563270569,0.440501064062118
-0.548990964889526,-0.0653160810470581,1.36864852905273,-0.0573544912040233,-0.0515770763158798,0.895280778408051,0.438773989677429
-0.54852020740509,-0.0652087032794952,1.36876034736633,-0.0574347376823425,-0.0509203411638736,0.896076798439026,0.437212496995926
-0.54819130897522,-0.0650201961398124,1.36868250370026,-0.05733323097229,-0.051219668239355,0.896690368652344,0.435931146144867
-0.547919809818268,-0.0649208426475524,1.3688817024231,-0.0551234036684036,-0.0518184937536716,0.897258877754211,0.434974431991577
-0.547513067722321,-0.0648188292980194,1.36888635158539,-0.0548927076160907,-0.0511562228202819,0.897998452186584,0.433553457260132
-0.547186195850372,-0.0646617263555526,1.36878311634064,-0.0546625442802906,-0.0512459129095077,0.898589432239532,0.432345867156982
-0.546567440032959,-0.0640298500657081,1.36875319480896,-0.0542009435594081,-0.0507209450006485,0.89995926618576,0.429607778787613
-0.546495378017426,-0.0642409548163414,1.36873555183411,-0.0546341091394424,-0.0510640479624271,0.900009036064148,0.42940828204155
-0.54617828130722,-0.064109556376934,1.36836183071136,-0.0536052584648132,-0.0510077513754367,0.900756180286408,0.427975624799728
-0.5458163022995,-0.0640059113502502,1.36814975738525,-0.0557379759848117,-0.0497650317847728,0.901630938053131,0.426002860069275
-0.54524165391922,-0.063493013381958,1.3685200214386,-0.0563525557518005,-0.0484750755131244,0.90291953086853,0.42333322763443
-0.545292735099792,-0.0636465847492218,1.36866474151611,-0.054796028882265,-0.0494201406836509,0.902879953384399,0.423512309789658
-0.544992923736572,-0.0634884238243103,1.36865592002869,-0.0547738708555698,-0.0491582639515399,0.903581619262695,0.422046780586243
-0.544412076473236,-0.0629135370254516,1.36843240261078,-0.0564188547432422,-0.0479123964905738,0.90485692024231,0.419231832027435
-0.544328391551971,-0.0630468279123306,1.36844861507416,-0.0569000318646431,-0.0480672791600227,0.904956042766571,0.418935149908066
-0.543958306312561,-0.0628024041652679,1.36869478225708,-0.0548082813620567,-0.0476944707334041,0.90580153465271,0.417426466941833
-0.543787598609924,-0.0627054423093795,1.3697270154953,-0.0579491145908832,-0.0466261021792888,0.906227648258209,0.416196286678314
-0.543572247028351,-0.0625372976064682,1.36968851089478,-0.0580051876604557,-0.0463532842695713,0.906703591346741,0.415181308984756
-0.542914688587189,-0.0619309023022651,1.36968314647675,-0.0577555559575557,-0.0454122610390186,0.908041775226593,0.412385702133179
-0.542653143405914,-0.0618467479944229,1.36957359313965,-0.0599554777145385,-0.0445307940244674,0.908210396766663,0.411796510219574
-0.542580366134644,-0.0619207583367824,1.36955380439758,-0.0605148300528526,-0.0449874810874462,0.90819126367569,0.411706984043121
-0.542367339134216,-0.06179741024971,1.36950790882111,-0.060706727206707,-0.0448957234621048,0.908636093139648,0.410706281661987
-0.542172014713287,-0.0618472546339035,1.36952316761017,-0.0620269179344177,-0.0440668016672134,0.910233020782471,0.407046258449554
-0.54180109500885,-0.0613889172673225,1.36944210529327,-0.0618283152580261,-0.0438290312886238,0.911410629749298,0.404458820819855
-0.541693270206451,-0.0613497644662857,1.36939132213593,-0.0616229958832263,-0.0440061762928962,0.912355244159698,0.402335792779922
-0.541812062263489,-0.0614725984632968,1.3674852848053,-0.056726586073637,-0.0464940816164016,0.912537217140198,0.402363240718841
-0.541695237159729,-0.0613084882497787,1.36750912666321,-0.0570371970534324,-0.0466634817421436,0.913294434547424,0.400578081607819
-0.54148942232132,-0.0612602159380912,1.36935949325562,-0.0634125173091888,-0.0445982366800308,0.914095401763916,0.398019403219223
-0.541402101516724,-0.0611556470394134,1.36941766738892,-0.0629059076309204,-0.0450470671057701,0.914833426475525,0.396350115537643
-0.541002333164215,-0.0605709590017795,1.36945557594299,-0.0628252327442169,-0.0445288382470607,0.916175365447998,0.393310159444809
-0.541245937347412,-0.0609196871519088,1.36940240859985,-0.0633564516901969,-0.0453985482454299,0.91610324382782,0.393293678760529
-0.541253447532654,-0.0608502626419067,1.36940205097198,-0.0636086165904998,-0.0453585796058177,0.916969656944275,0.391233146190643
-0.541136801242828,-0.0607016868889331,1.36937618255615,-0.0637682080268859,-0.0454411469399929,0.917784214019775,0.389282703399658
-0.54106205701828,-0.0605616420507431,1.36935973167419,-0.0640565156936645,-0.045796550810337,0.918456852436066,0.387603521347046
-0.540929675102234,-0.0603266879916191,1.36951589584351,-0.0647016912698745,-0.0456734113395214,0.91942423582077,0.385209918022156
-0.540929675102234,-0.0603266879916191,1.36951589584351,-0.0647016912698745,-0.0456734113395214,0.91942423582077,0.385209918022156
-0.540889859199524,-0.0601916164159774,1.36941719055176,-0.0654452964663505,-0.0463190972805023,0.920819997787476,0.381656914949417
-0.541006088256836,-0.0600289180874824,1.36675989627838,-0.0582516752183437,-0.0493795312941074,0.921428859233856,0.380969017744064
-0.540830016136169,-0.0595526807010173,1.3668817281723,-0.0585086047649383,-0.0488999001681804,0.922639548778534,0.378049999475479
-0.540653884410858,-0.0593227669596672,1.36700367927551,-0.0589881017804145,-0.048694584518671,0.923414468765259,0.376104861497879
-0.54066789150238,-0.0591853559017181,1.36704397201538,-0.0593698173761367,-0.0490657351911067,0.923961997032166,0.374649256467819
-0.540790915489197,-0.0593680441379547,1.36713099479675,-0.0601175427436828,-0.0495119653642177,0.924028694629669,0.374306708574295
-0.540598809719086,-0.0591762736439704,1.36734962463379,-0.0608955919742584,-0.0491618923842906,0.924828708171844,0.372245609760284
-0.540523171424866,-0.0589894950389862,1.36730885505676,-0.0609785765409469,-0.0496425665915012,0.925526738166809,0.370428860187531
-0.54047554731369,-0.0589056015014648,1.36728000640869,-0.0618524402379989,-0.0495845042169094,0.92617130279541,0.368676602840424
-0.540434598922729,-0.0586695224046707,1.36735451221466,-0.0611790046095848,-0.0497442036867141,0.926609814167023,0.367664188146591
-0.540389120578766,-0.0585961937904357,1.36738586425781,-0.0615858770906925,-0.0498421899974346,0.927046477794647,0.366480469703674
-0.539878487586975,-0.0584491491317749,1.36741924285889,-0.0616599805653095,-0.0497465468943119,0.927788734436035,0.364597588777542
-0.539832234382629,-0.0582339391112327,1.36735308170319,-0.0616178214550018,-0.0501166209578514,0.928350210189819,0.363122045993805
-0.540105938911438,-0.0580416955053806,1.36760222911835,-0.0625491440296173,-0.0505032017827034,0.928427696228027,0.36271071434021
-0.539648115634918,-0.0582208670675754,1.3689831495285,-0.0664186999201774,-0.0491557791829109,0.928796410560608,0.361261039972305
-0.539604306221008,-0.0580862462520599,1.36895155906677,-0.0665585920214653,-0.0496362932026386,0.929018676280975,0.360597521066666
-0.53961056470871,-0.0575604028999805,1.36889827251434,-0.0663193240761756,-0.0497162602841854,0.929566383361816,0.359216570854187
-0.539350032806396,-0.0576809719204902,1.36898827552795,-0.0667883306741714,-0.049799308180809,0.929811835289002,0.358481884002685
-0.539431154727936,-0.0571684837341308,1.36892592906952,-0.0664553940296173,-0.0498413890600204,0.930202126502991,0.357524544000626
-0.539299428462982,-0.057061742991209,1.36892879009247,-0.0664757192134857,-0.0500029884278774,0.930393874645233,0.356998533010483
-0.538916110992432,-0.0563658885657787,1.36886072158813,-0.065766654908657,-0.0494532398879528,0.931308627128601,0.35481470823288
-0.538842976093292,-0.0561248287558555,1.36883318424225,-0.0656879618763923,-0.0499242581427097,0.93148934841156,0.354288578033447
-0.538690745830536,-0.0559276789426803,1.36887311935425,-0.0656765326857566,-0.0499968938529491,0.931711077690124,0.35369673371315
-0.537940919399261,-0.0555389896035194,1.36894726753235,-0.0657106637954711,-0.0501734912395477,0.932483613491058,0.351623445749283
-0.537840485572815,-0.0553449466824531,1.36900961399078,-0.0657184198498725,-0.0502269901335239,0.932630240917206,0.351225346326828
-0.538194715976715,-0.0552891641855239,1.36889505386353,-0.0652652233839035,-0.0502220727503299,0.93233984708786,0.352080553770065
-0.538273692131042,-0.0554579272866249,1.36891567707062,-0.0654921978712081,-0.0510794669389724,0.931943714618683,0.352962553501129
-0.537964701652527,-0.0548461154103279,1.36891150474548,-0.0649679526686668,-0.0506534725427627,0.93261444568634,0.351345777511597
-0.537797093391418,-0.0546333342790603,1.36882984638214,-0.0643068999052047,-0.0509113632142543,0.932615697383881,0.351426333189011
-0.537613332271576,-0.0543708577752113,1.36881339550018,-0.064124546945095,-0.0510530360043048,0.932856023311615,0.350801020860672
-0.537457406520844,-0.0542065352201461,1.3687961101532,-0.0639371573925018,-0.0511708036065101,0.933050096035004,0.350301623344421
-0.537309527397156,-0.0539902746677398,1.36877810955048,-0.0637321919202804,-0.0512660108506679,0.933221936225891,0.349867194890976
-0.537303507328033,-0.0538812801241874,1.36871600151062,-0.0635646134614944,-0.0517228543758392,0.933206140995026,0.349872291088104
-0.537448823451996,-0.0540756322443485,1.36878657341003,-0.0640369653701782,-0.0521392226219177,0.932828307151794,0.350730985403061
-0.537395596504211,-0.0538454875349998,1.36883509159088,-0.064047023653984,-0.052132710814476,0.932981371879578,0.350323021411896
-0.537172853946686,-0.0535105839371681,1.36880302429199,-0.0639626681804657,-0.0519570372998714,0.933312952518463,0.34947994351387
-0.53730046749115,-0.0529362969100475,1.36875486373901,-0.0632679685950279,-0.0509606935083866,0.93377149105072,0.348527193069458
-0.537390172481537,-0.0531125999987125,1.36873459815979,-0.0634525194764137,-0.051560141146183,0.933472275733948,0.34920608997345
-0.537097990512848,-0.0525592118501663,1.36867964267731,-0.0631621330976486,-0.0511451289057731,0.934250295162201,0.347233384847641
-0.53697657585144,-0.05239187926054,1.36866843700409,-0.0631105452775955,-0.0512097775936126,0.934453070163727,0.346687197685242
-0.536460936069489,-0.0521131679415702,1.36874628067017,-0.0631999149918556,-0.0511457212269306,0.935035765171051,0.345106035470963
-0.536595225334167,-0.0522829107940197,1.36877036094666,-0.0634537264704704,-0.0518482215702533,0.93470424413681,0.345851719379425
-0.536306500434875,-0.0517223887145519,1.36868095397949,-0.0627716407179832,-0.0513960644602775,0.935427963733673,0.344082236289978
-0.536223828792572,-0.0515498742461204,1.36866927146912,-0.0626116916537284,-0.051513697952032,0.935596287250519,0.343636125326157
-0.536223828792572,-0.0515498742461204,1.36866927146912,-0.0626116916537284,-0.051513697952032,0.935596287250519,0.343636125326157
-0.536243081092834,-0.0511471442878246,1.36853933334351,-0.062372263520956,-0.0525960959494113,0.93576169013977,0.343065053224564
-0.536131918430328,-0.0509481951594352,1.36852610111237,-0.062220100313425,-0.0525550357997417,0.935982286930084,0.342496365308762
-0.536130368709564,-0.0507717132568359,1.36852788925171,-0.0621442943811416,-0.0525471791625022,0.936091005802154,0.34221425652504
-0.536224901676178,-0.0506658852100372,1.36838984489441,-0.0618212185800075,-0.0528800450265407,0.936033725738525,0.342378199100494
-0.535999178886414,-0.0504684671759605,1.36849057674408,-0.0617311671376228,-0.051996499300003,0.936433970928192,0.341433942317963
-0.536440849304199,-0.0502976216375827,1.36854541301727,-0.0613587722182273,-0.0509998463094234,0.93642657995224,0.341671675443649
-0.536354899406433,-0.0500253327190876,1.36840796470642,-0.0611299127340316,-0.0519173666834831,0.936635196208954,0.341001868247986
-0.535999238491058,-0.0499267317354679,1.36840331554413,-0.0613785721361637,-0.0527057871222496,0.936919033527374,0.340055257081985
-0.536034107208252,-0.0497957244515419,1.36834716796875,-0.0613084770739078,-0.0530677028000354,0.936988711357117,0.339819371700287
-0.53591775894165,-0.0495902448892593,1.36839866638184,-0.0612566769123077,-0.0529041849076747,0.937281370162964,0.339046239852905
-0.535903215408325,-0.0494747683405876,1.36836230754852,-0.0611602254211902,-0.0531948432326316,0.937431216239929,0.338603764772415
-0.535411596298218,-0.0491420105099678,1.36841750144958,-0.0613175071775913,-0.053348746150732,0.938036799430847,0.336869686841965
-0.535959839820862,-0.0491963326930999,1.36832964420319,-0.0610271096229553,-0.0534166879951953,0.937851786613464,0.337426096200943
-0.535979747772217,-0.0489860326051712,1.36827087402344,-0.0607798472046852,-0.0534922666847705,0.938076913356781,0.336832463741302
-0.536520600318909,-0.0490341745316982,1.36825621128082,-0.0606686063110828,-0.0532866455614566,0.937755048274994,0.337779879570007
-0.536171197891235,-0.0489761531352996,1.36825728416443,-0.0610316209495067,-0.0542369894683361,0.938100695610046,0.336601942777634
-0.536240518093109,-0.0488600581884384,1.36818563938141,-0.0608639866113662,-0.0546103082597255,0.938172340393066,0.336371898651123
-0.535992443561554,-0.0483953654766082,1.36815917491913,-0.0603837929666042,-0.0542235262691974,0.938815116882324,0.334723383188248
-0.536135733127594,-0.0486506074666976,1.36818206310272,-0.0606777295470237,-0.0547865182161331,0.938544631004334,0.335336804389954
-0.535899996757507,-0.0482514910399913,1.36818361282349,-0.0602075643837451,-0.0542437098920345,0.939201772212982,0.333665758371353
-0.535907089710236,-0.0481664538383483,1.3681628704071,-0.0600031614303588,-0.0543043911457061,0.939332962036133,0.333323180675507
-0.536084055900574,-0.0484155192971229,1.36812806129456,-0.0600144937634468,-0.0548686310648918,0.939054369926453,0.334012776613235
-0.536126017570496,-0.0483056120574474,1.36809623241425,-0.0597862415015697,-0.0549241974949836,0.939214050769806,0.33359557390213
-0.536139369010925,-0.0482142977416515,1.36806559562683,-0.0595425330102443,-0.0551112219691276,0.939372539520264,0.333161801099777
-0.536415934562683,-0.0480544753372669,1.36809480190277,-0.0592305026948452,-0.0543517880141735,0.939467191696167,0.333075344562531
-0.536436080932617,-0.0479989945888519,1.36814308166504,-0.0591812059283256,-0.0543394871056079,0.939773559570312,0.332220673561096
-0.536234140396118,-0.0478004068136215,1.36797261238098,-0.0584883280098438,-0.0548986382782459,0.940183341503143,0.331090152263641
-0.536233127117157,-0.0478985905647277,1.36824345588684,-0.0588891431689262,-0.0543693900108337,0.940303683280945,0.330764383077621
-0.536124229431152,-0.0477874279022216,1.36817193031311,-0.0586660429835319,-0.0549583174288272,0.940514385700226,0.33010721206665
-0.536054730415344,-0.0475234612822532,1.36825263500214,-0.0583774857223033,-0.0539810173213481,0.940943539142609,0.329094767570496
-0.53585422039032,-0.0473621562123298,1.36834919452667,-0.0585729219019413,-0.0544378198683261,0.941246390342712,0.328117340803146
-0.535826861858368,-0.0473419725894928,1.36831176280975,-0.0582829788327217,-0.0545514188706874,0.941376686096191,0.327776163816452
-0.535808682441711,-0.0472972393035888,1.36832737922668,-0.0581057369709014,-0.0546196140348911,0.94152706861496,0.32736411690712
-0.535631656646729,-0.047655276954174,1.36832678318024,-0.058437705039978,-0.0560407936573028,0.941316068172455,0.327671349048615
-0.535629212856293,-0.0476088188588619,1.36820471286774,-0.0578637197613716,-0.0564156621694564,0.941436290740967,0.327363520860672
-0.535735011100769,-0.0475969389081001,1.36819696426392,-0.0576853528618812,-0.056922860443592,0.941441416740418,0.32729235291481
-0.53573614358902,-0.0475623458623886,1.36828541755676,-0.0576534904539585,-0.0570393949747085,0.941577017307282,0.326887220144272
-0.535735189914703,-0.0475320145487785,1.36831712722778,-0.0573472157120704,-0.0571825951337814,0.941745400428772,0.326430886983871
-0.535609185695648,-0.0474648550152778,1.3684287071228,-0.0572136826813221,-0.0568887889385223,0.942015886306763,0.325724214315414
-0.535723924636841,-0.0474918484687805,1.36844456195831,-0.0570271760225296,-0.0572702884674072,0.942025303840637,0.325662940740585
-0.535713016986847,-0.0475668720901012,1.36852777004242,-0.0566698722541332,-0.0574877485632896,0.942228436470032,0.325099110603333
-0.535719275474548,-0.0475988797843456,1.36859369277954,-0.0565733797848224,-0.0575991757214069,0.942343354225159,0.324762731790543
-0.535763919353485,-0.0476043298840522,1.36865818500519,-0.0564698092639446,-0.0577498115599155,0.942582964897156,0.324058145284653
-0.536049902439117,-0.047555673867464,1.36871659755707,-0.0560159496963024,-0.0571027211844921,0.942700803279877,0.323908656835556
-0.536036908626556,-0.0475704446434974,1.36874318122864,-0.0557617358863353,-0.057362113147974,0.942874312400818,0.323401063680649
-0.535958170890808,-0.0475240983068943,1.36885023117065,-0.0556198805570602,-0.0574267320334911,0.943192601203918,0.32248467206955
-0.535946369171143,-0.0475352779030799,1.36889898777008,-0.0554114431142807,-0.0576260723173618,0.943429172039032,0.321792095899582
-0.536003410816193,-0.0476446412503719,1.36887836456299,-0.055042915046215,-0.0580819621682167,0.943565964698792,0.321372181177139
-0.536016345024109,-0.0477139577269554,1.36893606185913,-0.0549331679940223,-0.0583302937448024,0.943739354610443,0.320836514234543
-0.536064863204956,-0.0478272140026092,1.36899077892303,-0.0542883723974227,-0.0587742552161216,0.944095253944397,0.319816559553146
-0.53620308637619,-0.0478999763727188,1.36896586418152,-0.0540345050394535,-0.0595013387501239,0.944152295589447,0.319556444883347
-0.536020934581757,-0.0480101779103279,1.36900019645691,-0.0542445443570613,-0.0607028566300869,0.944473505020142,0.3183434009552
-0.535965383052826,-0.0480625480413436,1.36908578872681,-0.054152425378561,-0.0607982575893402,0.944719612598419,0.317609667778015
-0.536066055297852,-0.0480921790003776,1.36909699440002,-0.0539922080934047,-0.0612163320183754,0.944851994514465,0.317162752151489
-0.535846948623657,-0.0486927255988121,1.36920404434204,-0.0546154119074344,-0.0618013627827167,0.944762885570526,0.317208051681518
-0.536227583885193,-0.0483353808522224,1.36918163299561,-0.0539442002773284,-0.06203268840909,0.945177972316742,0.316038817167282
-0.536433815956116,-0.0484473221004009,1.36909711360931,-0.0537212677299976,-0.0628996342420578,0.945041358470917,0.316314160823822
-0.536686778068542,-0.0485594347119331,1.36921310424805,-0.0532909519970417,-0.0622987076640129,0.945184409618378,0.316078126430511
-0.536851584911346,-0.0486385561525821,1.36919057369232,-0.0532092228531837,-0.0629079416394233,0.945094466209412,0.316240549087524
-0.536993324756622,-0.0487799011170864,1.36915361881256,-0.0530069768428802,-0.0637357980012893,0.945116996765137,0.316040903329849
-0.537118554115295,-0.0489100813865661,1.36914134025574,-0.0529464930295944,-0.0643124878406524,0.945025742053986,0.316207081079483
-0.536948263645172,-0.0496072620153427,1.36926186084747,-0.0535091906785965,-0.0648847073316574,0.94465047121048,0.317115485668182
-0.537061929702759,-0.0493094772100448,1.36915683746338,-0.0532722920179367,-0.0662320405244827,0.94481748342514,0.31637841463089
-0.537645995616913,-0.0494225919246673,1.36909174919128,-0.0528875403106212,-0.0663432851433754,0.944489359855652,0.317397892475128
-0.537805259227753,-0.0496182404458522,1.3691258430481,-0.053000696003437,-0.0669313445687294,0.944294691085815,0.317834228277206
-0.537603378295898,-0.0498793646693229,1.36910486221313,-0.0533389635384082,-0.0684421360492706,0.944148778915405,0.317889779806137
-0.53706282377243,-0.049772135913372,1.36923170089722,-0.0536373332142829,-0.0686959102749824,0.944593369960785,0.316460728645325
-0.537821173667908,-0.0502095036208629,1.36899650096893,-0.0531521849334239,-0.069550022482872,0.943834602832794,0.318612575531006
-0.538127422332764,-0.0503840371966362,1.36877346038818,-0.0526994690299034,-0.0704975128173828,0.943533957004547,0.319369405508041
-0.538595497608185,-0.0505082979798316,1.3689649105072,-0.0531606785953044,-0.0700820237398147,0.94323343038559,0.320270657539368
-0.538749039173126,-0.050695426762104,1.36910343170166,-0.0538121797144413,-0.0705344155430793,0.942937016487122,0.320934414863586
-0.538822174072266,-0.0508153662085533,1.3691657781601,-0.054137285798788,-0.0707511752843856,0.942770481109619,0.321321338415146
-0.538636028766632,-0.0510807707905769,1.36917865276337,-0.0548328049480915,-0.0720349177718162,0.942495226860046,0.321725487709045
-0.538920700550079,-0.0512556955218315,1.36920523643494,-0.0553145855665206,-0.0725736543536186,0.942063271999359,0.32278499007225
-0.538920700550079,-0.0512556955218315,1.36920523643494,-0.0553145855665206,-0.0725736543536186,0.942063271999359,0.32278499007225
-0.540013134479523,-0.0516034662723541,1.36989688873291,-0.0566469579935073,-0.0689301118254661,0.941271185874939,0.325650602579117
-0.539430737495422,-0.0517887398600578,1.36904048919678,-0.0558122545480728,-0.0736884772777557,0.940889954566956,0.325854510068893
-0.539530754089355,-0.0516556017100811,1.36912441253662,-0.0562113374471664,-0.0737940743565559,0.940740883350372,0.326192229986191
-0.539547801017761,-0.0517206192016601,1.36902856826782,-0.0562336407601833,-0.0739972218871116,0.94046425819397,0.326939225196838
-0.54018622636795,-0.0521230250597,1.36899471282959,-0.0565164983272552,-0.0741107165813446,0.939515948295593,0.329580575227737
-0.540147244930267,-0.0519674234092235,1.36901473999023,-0.0566277913749218,-0.073795311152935,0.939457595348358,0.329798579216003
-0.539961636066437,-0.0521770343184471,1.36916100978851,-0.0578530132770538,-0.0751038044691085,0.938948571681976,0.330738663673401
-0.540077030658722,-0.0523565672338008,1.36903667449951,-0.0578491017222404,-0.0755447745323181,0.938387811183929,0.332227498292923
-0.539534866809845,-0.0522684082388877,1.36913549900055,-0.0587033964693546,-0.0757607594132423,0.938221514225006,0.332497656345367
-0.539923012256622,-0.0527608022093772,1.36907947063446,-0.0592420622706413,-0.076840803027153,0.937102437019348,0.335298210382461
-0.54099178314209,-0.0528990589082241,1.36951744556427,-0.0597853846848011,-0.0739646628499031,0.936196863651276,0.338364571332932
-0.539917528629303,-0.0528407543897628,1.36915981769562,-0.0597040988504886,-0.0764598548412323,0.936234176158905,0.337720155715942
-0.539997458457947,-0.0529363453388214,1.3696163892746,-0.0613703429698944,-0.0767834559082984,0.935438811779022,0.339547038078308
-0.53996741771698,-0.0530483424663543,1.36935377120972,-0.0606670826673507,-0.0772029235959053,0.934630811214447,0.341795980930328
-0.540633141994476,-0.0533768087625503,1.36938643455505,-0.0610596612095832,-0.0773128867149353,0.933411717414856,0.345017433166504
-0.540806293487549,-0.0538925193250179,1.36871945858002,-0.0601036101579666,-0.0794445648789405,0.932028353214264,0.348423928022385
-0.540743291378021,-0.0539662390947341,1.36920297145844,-0.0616121143102645,-0.0791700258851051,0.931215226650238,0.350391656160355
-0.540822327136993,-0.0542165786027908,1.369380235672,-0.0619607754051685,-0.07864710688591,0.93032032251358,0.352816671133041
-0.540822327136993,-0.0542165786027908,1.369380235672,-0.0619607754051685,-0.07864710688591,0.93032032251358,0.352816671133041
-0.540672421455383,-0.0541873127222061,1.36911106109619,-0.0622315369546413,-0.079578511416912,0.928517937660217,0.357280284166336
-0.541495978832245,-0.0542395375669002,1.36979925632477,-0.0630793273448944,-0.0756587162613868,0.92755001783371,0.360482782125473
-0.540669023990631,-0.0546821653842926,1.36930561065674,-0.0628517344594001,-0.0785402953624725,0.926603555679321,0.362335205078125
-0.540597379207611,-0.0548179410398006,1.36920356750488,-0.0630399957299232,-0.0797783657908439,0.92542839050293,0.365025818347931
-0.54048752784729,-0.0549692921340465,1.36925530433655,-0.0635536909103393,-0.0796489492058754,0.924531042575836,0.367232084274292
-0.540559768676758,-0.0553915724158287,1.36937737464905,-0.0639931857585907,-0.0796161517500877,0.923073530197144,0.370811879634857
-0.540475726127625,-0.0556501224637031,1.36932492256165,-0.0640425607562065,-0.07989501953125,0.921977341175079,0.373461067676544
-0.540423393249512,-0.0559316240251064,1.36940884590149,-0.0641264840960502,-0.079647921025753,0.920716941356659,0.376595854759216
-0.540267705917358,-0.0561055727303028,1.3694041967392,-0.0643955692648887,-0.0795144885778427,0.919667780399322,0.379132926464081
-0.541058242321014,-0.0562385730445385,1.36996054649353,-0.0647200644016265,-0.0758057832717895,0.918314099311829,0.383097887039185
-0.540570795536041,-0.0566981025040149,1.36972999572754,-0.0647714063525199,-0.0774420425295829,0.917023181915283,0.385844379663467
-0.53991973400116,-0.0568959489464759,1.36924874782562,-0.0652572959661483,-0.0802413746714592,0.916023373603821,0.387561678886414
-0.539968430995941,-0.0572597235441207,1.36834347248077,-0.0634585320949554,-0.0803058892488479,0.914412796497345,0.391629070043564
-0.53971004486084,-0.0573883578181266,1.36934781074524,-0.0651368871331214,-0.0799721926450729,0.913346290588379,0.393903881311417
-0.539549469947815,-0.0578131303191185,1.36941468715668,-0.0654463320970535,-0.0802573785185813,0.911739408969879,0.397500693798065
-0.539357662200928,-0.0581954531371593,1.36886191368103,-0.0633366629481315,-0.0815650150179863,0.91031676530838,0.400822848081589
-0.539188027381897,-0.0585709363222122,1.36878776550293,-0.0631980299949646,-0.0819419547915458,0.908905625343323,0.403958022594452
-0.539015412330627,-0.0589777082204818,1.36883747577667,-0.0634335651993751,-0.0819410607218742,0.907325148582458,0.407459020614624
-0.53878927230835,-0.059250172227621,1.36876344680786,-0.0630734637379646,-0.0823897793889045,0.905619263648987,0.411202490329742
-0.538410365581512,-0.059689775109291,1.36857736110687,-0.062121607363224,-0.0821451321244239,0.904415667057037,0.414035618305206
-0.538181722164154,-0.0598704889416694,1.36851489543915,-0.0604096986353397,-0.0827463567256927,0.902248859405518,0.41886842250824
-0.53799295425415,-0.0603450946509838,1.36868810653687,-0.0595046281814575,-0.0833338350057601,0.90090411901474,0.42176616191864
-0.537738263607025,-0.0609548352658748,1.36902523040771,-0.0587384179234504,-0.0829565823078155,0.89943253993988,0.425075501203537
-0.537363290786743,-0.0612538270652294,1.36882317066193,-0.060427788645029,-0.0830085352063179,0.89772242307663,0.428430378437042
-0.537003993988037,-0.0617909729480743,1.36880779266357,-0.0600033774971962,-0.0833021849393844,0.896094858646393,0.431826800107956
-0.536677241325378,-0.0623649470508098,1.36905241012573,-0.0600208081305027,-0.0832584798336029,0.894214153289795,0.435713887214661
-0.53629994392395,-0.0628046616911888,1.36905312538147,-0.059607557952404,-0.0835888236761093,0.892342686653137,0.439527481794357
-0.536112427711487,-0.0634663179516792,1.36886143684387,-0.0579634346067905,-0.0832822024822235,0.890093445777893,0.444340020418167
-0.535670340061188,-0.0639789253473281,1.36910772323608,-0.0554301626980304,-0.0844307169318199,0.888054013252258,0.448507636785507
-0.535274565219879,-0.0649264529347419,1.36933755874634,-0.0572986714541912,-0.0814881101250648,0.885944902896881,0.452966094017029
-0.535439729690552,-0.0657457932829856,1.36985898017883,-0.056329496204853,-0.0780062600970268,0.88342958688736,0.458578705787659
-0.534705996513367,-0.0651631951332092,1.3701274394989,-0.0551879741251468,-0.0835486277937889,0.881693720817566,0.461074948310852
-0.533908367156982,-0.0658589899539947,1.36991369724274,-0.0545655451714992,-0.0857706367969513,0.879644572734833,0.46464130282402
-0.533400774002075,-0.0662261098623275,1.3699494600296,-0.0539756342768669,-0.0867130979895591,0.8773353099823,0.468881964683533
-0.533258736133575,-0.0669749304652214,1.37005019187927,-0.0529719479382038,-0.0861298367381095,0.874614894390106,0.474156767129898
-0.531813502311707,-0.0673601925373077,1.37025535106659,-0.0524742789566516,-0.0865008756518364,0.87365734577179,0.47590646147728
-0.531470894813538,-0.0679951310157775,1.36945939064026,-0.0495781041681766,-0.0881609693169593,0.870910406112671,0.480920791625977
-0.53107738494873,-0.0685474872589111,1.36926102638245,-0.0485771335661411,-0.0890153646469116,0.868301510810852,0.485560476779938
-0.530835270881653,-0.0691179037094116,1.36954486370087,-0.0482874847948551,-0.0885245278477668,0.865523457527161,0.490612626075745
-0.530361652374268,-0.0696386471390724,1.36955189704895,-0.0501588582992553,-0.0880684331059455,0.862847805023193,0.495198786258698
-0.530012726783752,-0.0702410414814949,1.37043762207031,-0.0516399070620536,-0.0868881866335868,0.860303521156311,0.499661564826965
-0.529744923114777,-0.0709460154175758,1.36971509456635,-0.046902410686016,-0.0902060866355896,0.857171416282654,0.504896342754364
-0.529378712177277,-0.0715835019946098,1.36990022659302,-0.0463868454098701,-0.089437797665596,0.854576647281647,0.509458422660828
-0.529443085193634,-0.0724975019693374,1.37023532390594,-0.046062909066677,-0.0882359892129898,0.851161003112793,0.515381038188934
-0.528961479663849,-0.0730229467153549,1.37016797065735,-0.0453425049781799,-0.0889730975031852,0.848470449447632,0.519736170768738
-0.528479278087616,-0.0734858885407447,1.37008607387543,-0.0447257794439792,-0.0897304788231849,0.8460493683815,0.523592114448547
-0.528044819831848,-0.0739406868815422,1.37007904052734,-0.0441567301750183,-0.0904705971479415,0.8435218334198,0.527575790882111
-0.527672708034515,-0.0744874104857444,1.36994767189026,-0.043511439114809,-0.0910171642899513,0.841009318828583,0.531531810760498
-0.527321577072144,-0.0750388279557228,1.37060821056366,-0.0446796976029872,-0.0901095643639564,0.838524997234344,0.535499811172485
-0.526989102363586,-0.0754525735974311,1.37058770656586,-0.0440817549824714,-0.0902832224965095,0.836073756217957,0.539338707923889
-0.526642560958862,-0.0760986283421516,1.37052011489868,-0.043278481811285,-0.0911059752106666,0.833257734775543,0.543606758117676
-0.526402413845062,-0.0766865983605384,1.37044167518616,-0.0425290204584598,-0.0911987200379371,0.830605566501617,0.54769366979599
-0.526185989379883,-0.0771833360195159,1.37059164047241,-0.0422233529388904,-0.0908116251230239,0.828225612640381,0.551373481750488
-0.525878965854645,-0.0778157711029052,1.37056565284729,-0.0416116416454315,-0.0907220616936683,0.825746655464172,0.555140018463135
-0.525598049163818,-0.0783170685172081,1.37058389186859,-0.041231170296669,-0.0910394191741943,0.823282122612,0.558764934539795
-0.525410234928131,-0.0789137631654739,1.37061905860901,-0.040797371417284,-0.0912197083234787,0.820688307285309,0.562570333480835
-0.525033831596375,-0.0793706253170967,1.37043178081512,-0.0398306176066398,-0.0916354060173034,0.818416595458984,0.565871775150299
-0.52496737241745,-0.0800355300307273,1.37022793292999,-0.0396798364818096,-0.0915886983275413,0.815734565258026,0.569749414920807
-0.52474844455719,-0.0805208161473274,1.37047863006592,-0.0392320118844509,-0.091744378209114,0.813110768795013,0.573493361473083
-0.524601399898529,-0.0809041410684585,1.37059938907623,-0.0388594567775726,-0.0915669053792953,0.810633361339569,0.577043473720551
-0.524358451366425,-0.0814424976706504,1.37052130699158,-0.0382709354162216,-0.0923110842704773,0.808236598968506,0.58031690120697
-0.524160027503967,-0.081972487270832,1.37070035934448,-0.0381099358201026,-0.0918936729431152,0.805819749832153,0.583744525909424
-0.524013519287109,-0.0823993533849716,1.37070369720459,-0.0391786135733127,-0.0911081060767173,0.803671061992645,0.586751282215118
-0.523874521255493,-0.0828524753451347,1.37091565132141,-0.0378104262053966,-0.0919647291302681,0.800924777984619,0.590451061725616
-0.523734271526337,-0.0832958817481994,1.37137675285339,-0.0381982363760471,-0.0917205289006233,0.799035251140594,0.593018531799316
-0.523681342601776,-0.083835668861866,1.37003803253174,-0.0347055792808532,-0.0944228842854499,0.796510398387909,0.596197247505188
-0.523521661758423,-0.0843550115823745,1.36908054351807,-0.0326043777167797,-0.0968791618943214,0.794154763221741,0.59905731678009
-0.523489713668823,-0.0847553014755249,1.36916267871857,-0.032776903361082,-0.0963032469153404,0.792289137840271,0.601605594158173
-0.523273766040802,-0.0850151628255844,1.36964595317841,-0.0351907536387443,-0.0942767038941383,0.789606332778931,0.605306148529053
-0.52327972650528,-0.0853498578071594,1.36962127685547,-0.032506912946701,-0.0959627926349639,0.787620067596436,0.607773959636688
-0.52335512638092,-0.0857099518179893,1.36891984939575,-0.0314128845930099,-0.0971343517303466,0.785305500030518,0.610633671283722
-0.523216366767883,-0.0860869660973548,1.36931347846985,-0.0329669453203678,-0.0952392071485519,0.783459663391113,0.613215863704681
-0.523341298103333,-0.0865146592259407,1.36927676200867,-0.0307222642004489,-0.0964498966932296,0.782236993312836,0.61470240354538
-0.523246467113495,-0.0867686122655868,1.36916995048523,-0.0316559821367263,-0.0952517613768577,0.779689967632294,0.618068337440491
-0.523260474205017,-0.08713960647583,1.36903917789459,-0.0308643821626901,-0.0965183302760124,0.778046667575836,0.619980096817017
-0.523337483406067,-0.0875157862901687,1.36912214756012,-0.0295269414782524,-0.0970642641186714,0.776877164840698,0.621424615383148
-0.523438811302185,-0.0877799540758133,1.36916697025299,-0.0294492505490779,-0.097132496535778,0.775193810462952,0.623516440391541
-0.52335113286972,-0.0878992527723312,1.36927223205566,-0.0291141513735055,-0.0970439240336418,0.772984564304352,0.626282572746277
-0.523474812507629,-0.0882302895188331,1.36933028697968,-0.0293241087347269,-0.0971870794892311,0.771492898464203,0.628087222576141
-0.523565828800201,-0.0884390994906425,1.36914932727814,-0.0297411046922206,-0.0962874367833137,0.770211577415466,0.62977659702301
-0.523826837539673,-0.0885600969195365,1.36909866333008,-0.0298121180385351,-0.0967752560973167,0.768480539321899,0.631809771060944
-0.523765921592712,-0.0888692736625671,1.36929130554199,-0.0292044505476951,-0.0965780764818191,0.767850339412689,0.632633984088898
-0.523842990398407,-0.089050568640232,1.36927723884583,-0.0297721587121486,-0.0958441123366355,0.76654726266861,0.634297251701355
-0.523947656154633,-0.089213490486145,1.36928772926331,-0.0297863762825727,-0.0958891808986663,0.765436172485352,0.635629951953888
-0.524107336997986,-0.0893847346305847,1.36928427219391,-0.029773473739624,-0.0959480106830596,0.764366269111633,0.636908113956451
-0.524107336997986,-0.0893847346305847,1.36928427219391,-0.029773473739624,-0.0959480106830596,0.764366269111633,0.636908113956451
-0.524412214756012,-0.0896174237132072,1.36929488182068,-0.0298687051981687,-0.0960186645388603,0.762548744678497,0.639067828655243
-0.52457982301712,-0.089750126004219,1.36950922012329,-0.0288169365376234,-0.0965893343091011,0.761154770851135,0.64068990945816
-0.524725556373596,-0.089796744287014,1.36934804916382,-0.0291095860302448,-0.0964271053671836,0.760816931724548,0.641102313995361
-0.524969160556793,-0.0899764075875282,1.36939966678619,-0.029350783675909,-0.0962428525090217,0.760023057460785,0.642059981822968
-0.524969160556793,-0.0899764075875282,1.36939966678619,-0.029350783675909,-0.0962428525090217,0.760023057460785,0.642059981822968
-0.525416851043701,-0.0901490598917007,1.36936938762665,-0.0295260921120643,-0.0961340516805648,0.75873327255249,0.643591701984406
-0.525590181350708,-0.0901542007923126,1.36937844753265,-0.0295739192515611,-0.0959401950240135,0.758301734924316,0.644126892089844
-0.525590181350708,-0.0901542007923126,1.36937844753265,-0.0295739192515611,-0.0959401950240135,0.758301734924316,0.644126892089844
-0.526030302047729,-0.0902224630117416,1.36931908130646,-0.0299982018768787,-0.0956477746367454,0.757264375686646,0.645370066165924
-0.526255071163177,-0.0902308970689773,1.36933970451355,-0.0300525147467851,-0.095360055565834,0.756917417049408,0.645816922187805
-0.526255071163177,-0.0902308970689773,1.36933970451355,-0.0300525147467851,-0.095360055565834,0.756917417049408,0.645816922187805
-0.526732265949249,-0.0901461467146873,1.36934101581573,-0.030183371156454,-0.0950847417116165,0.756321907043457,0.646548569202423
-0.527082860469818,-0.0900413244962692,1.36917579174042,-0.0295466687530279,-0.0949185937643051,0.755941867828369,0.647046744823456
-0.527332723140717,-0.0899789556860923,1.3691930770874,-0.0296193789690732,-0.0948351696133613,0.755785703659058,0.64723813533783
-0.527499854564667,-0.0899855494499206,1.36933219432831,-0.0304215624928474,-0.0948998257517814,0.75581568479538,0.647156357765198
-0.527762949466705,-0.0898916274309158,1.36933493614197,-0.0304321609437465,-0.0948047116398811,0.755886971950531,0.647086560726166
-0.528052747249603,-0.0898258760571479,1.36935555934906,-0.0307066608220338,-0.0948727801442146,0.755941212177277,0.647000193595886
-0.528380870819092,-0.0896846577525138,1.36922800540924,-0.030301097780466,-0.0948421433568,0.756039440631866,0.646908938884735
-0.528660356998444,-0.0895719602704048,1.36920928955078,-0.030311357229948,-0.094835489988327,0.756071805953979,0.64687180519104
-0.528915762901306,-0.0893846452236175,1.36914730072021,-0.0301110055297613,-0.0948083773255348,0.75623494386673,0.646694362163544
-0.529267966747284,-0.0893462151288986,1.36926484107971,-0.0305074620991945,-0.0951581895351409,0.757050275802612,0.64566957950592
-0.529458940029144,-0.0891532450914383,1.36924433708191,-0.0307712312787771,-0.0947779491543769,0.756945788860321,0.64583545923233
-0.529787361621857,-0.089000329375267,1.36924278736115,-0.0307576060295104,-0.0947062820196151,0.75725257396698,0.645486831665039
-0.530046463012695,-0.0887910574674606,1.36931347846985,-0.0304091796278953,-0.0948569327592849,0.75727242231369,0.645457923412323
-0.530379712581635,-0.088613823056221,1.36917805671692,-0.0311133582144975,-0.0945096239447593,0.758195281028748,0.644391000270844
-0.530690014362335,-0.0884606838226318,1.36914968490601,-0.0312699005007743,-0.0944854691624641,0.758450984954834,0.644086182117462
-0.530957818031311,-0.088299736380577,1.36911821365356,-0.031386312097311,-0.0944294407963752,0.758856534957886,0.643610775470734
-0.531360745429993,-0.0880156680941581,1.36898338794708,-0.0308372471481561,-0.0941663831472396,0.759436428546906,0.642991483211517
-0.531640291213989,-0.0878115594387054,1.36916720867157,-0.0308515932410955,-0.0940854176878929,0.759686410427094,0.642707347869873
-0.531972050666809,-0.0875817835330963,1.36919641494751,-0.0309707913547754,-0.0939941257238388,0.76016092300415,0.642153680324554
-0.532256901264191,-0.0875070095062255,1.36914658546448,-0.0316959731280803,-0.0946034491062164,0.760785520076752,0.641288578510284
-0.5325568318367,-0.0872575864195823,1.36909151077271,-0.0315760187804698,-0.0944155678153038,0.761307597160339,0.640702366828918
-0.532925546169281,-0.0870576277375221,1.3689478635788,-0.0323509834706783,-0.0939808785915374,0.762144029140472,0.639732480049133
-0.533257126808167,-0.0868566110730171,1.36919677257538,-0.0330448485910892,-0.0934246778488159,0.763020515441895,0.638732850551605
-0.533555269241333,-0.0866467803716659,1.36919796466827,-0.033255897462368,-0.0933065637946128,0.76360297203064,0.638042688369751
-0.533914268016815,-0.0863853991031646,1.3692147731781,-0.0334497950971126,-0.0931918323040008,0.764499604701996,0.636974692344666
-0.534243583679199,-0.0861556157469749,1.36919510364532,-0.0331222862005233,-0.0937489047646522,0.764817178249359,0.636528789997101
-0.534627199172974,-0.0859900116920471,1.36922025680542,-0.0341614373028278,-0.0932877287268638,0.766006290912628,0.635110080242157
-0.534959495067596,-0.0857594609260559,1.36917340755463,-0.0342005304992198,-0.0933321416378021,0.766637623310089,0.634339332580566
-0.535293936729431,-0.0855189859867096,1.36892223358154,-0.0334146693348884,-0.0939581468701362,0.766986906528473,0.633866310119629
-0.535663962364197,-0.0852592438459396,1.36896085739136,-0.0337051004171371,-0.0937101691961288,0.767917692661285,0.632759630680084
-0.536044657230377,-0.0849808529019355,1.36892831325531,-0.0336923636496067,-0.0934732779860496,0.768580377101898,0.631990313529968
-0.536373138427734,-0.0846808776259422,1.36889362335205,-0.0351356193423271,-0.0925954207777977,0.769808351993561,0.63054484128952
-0.536701381206512,-0.0844247341156005,1.36917066574097,-0.0360914282500743,-0.0921958833932876,0.770508289337158,0.629693865776062
-0.53710263967514,-0.0842067897319793,1.36914706230164,-0.0349264293909072,-0.0932736471295356,0.771050214767456,0.628937065601349
-0.537511467933655,-0.0839726775884628,1.36911284923553,-0.0356916300952434,-0.0929140299558639,0.771807730197906,0.628017485141754
-0.537894546985626,-0.0836867094039917,1.36908793449402,-0.0359439365565776,-0.0928192213177681,0.772681176662445,0.626942098140717
-0.538250625133514,-0.0833894237875938,1.36907291412354,-0.036087442189455,-0.0927288085222244,0.773376286029816,0.626089692115784
-0.538557052612305,-0.083091489970684,1.36903262138367,-0.0369006432592868,-0.0922735333442688,0.773949563503265,0.625400841236115
-0.538968443870544,-0.082857921719551,1.36908507347107,-0.0365516580641269,-0.0928550884127616,0.774661242961884,0.624453246593475
-0.539250731468201,-0.0825344547629356,1.36899483203888,-0.0380713157355785,-0.0919411182403564,0.77518630027771,0.623845934867859
-0.539645314216614,-0.0822390764951706,1.36904716491699,-0.0364616625010967,-0.0933646559715271,0.775868713855743,0.622881412506104
-0.540015459060669,-0.0819230750203132,1.36898601055145,-0.0385897122323513,-0.0919908508658409,0.7764652967453,0.622214019298553
-0.540363788604736,-0.0816368982195854,1.3689911365509,-0.0377556607127189,-0.0928866118192672,0.777388989925385,0.620977461338043
-0.540704309940338,-0.0813257694244384,1.36868834495544,-0.0366935953497886,-0.0938271805644035,0.777642607688904,0.620582103729248
-0.541081011295319,-0.080996349453926,1.3689124584198,-0.0380240119993686,-0.092766135931015,0.778593838214874,0.619467794895172
-0.541395843029022,-0.0807424187660217,1.36859118938446,-0.0371661856770515,-0.0939399600028991,0.779014229774475,0.618814170360565
-0.541771173477173,-0.0803796574473381,1.36880779266357,-0.038066528737545,-0.0934356898069381,0.779672145843506,0.618006527423859
-0.542177498340607,-0.0800840184092521,1.36875450611115,-0.0390437841415405,-0.0931471586227417,0.780569553375244,0.616855204105377
-0.542512536048889,-0.0797868743538856,1.3686306476593,-0.0393287278711795,-0.0932962149381637,0.781069397926331,0.616181671619415
-0.54279363155365,-0.0794339105486869,1.36855149269104,-0.0408645346760749,-0.0923695415258407,0.781581938266754,0.615571141242981
-0.54319155216217,-0.079111710190773,1.36876833438873,-0.0398816503584384,-0.0933584049344062,0.782248079776764,0.614639520645142
-0.543570458889008,-0.0787792429327964,1.36874759197235,-0.0400510467588901,-0.0932606309652328,0.782734632492065,0.614023447036743
-0.543992638587952,-0.0784837007522583,1.36839544773102,-0.0397736653685569,-0.0937298014760017,0.783387303352356,0.613137185573578
-0.543992638587952,-0.0784837007522583,1.36839544773102,-0.0397736653685569,-0.0937298014760017,0.783387303352356,0.613137185573578
-0.544699907302856,-0.0778313428163528,1.36803007125854,-0.0402281209826469,-0.094048723578453,0.784409821033478,0.611749887466431
-0.54503732919693,-0.0775176957249641,1.36806309223175,-0.0407815389335155,-0.0939831286668777,0.785064697265625,0.610882699489594
-0.54534512758255,-0.0771849155426025,1.36846470832825,-0.0421124957501888,-0.0932646915316581,0.785750210285187,0.610020518302917
-0.545753538608551,-0.0769716650247573,1.36808860301971,-0.0421154163777828,-0.0941067934036254,0.786310911178589,0.60916793346405
-0.546091318130493,-0.0766072869300842,1.36805307865143,-0.0425525270402431,-0.0939033329486846,0.786839962005615,0.608485281467438
-0.54643303155899,-0.0763317868113517,1.3682758808136,-0.0436083786189556,-0.0934770256280899,0.787363708019257,0.607798397541046
-0.546854555606842,-0.0760002806782722,1.36825752258301,-0.044081911444664,-0.0934052169322967,0.788010954856873,0.606935858726501
-0.547213315963745,-0.0756768137216568,1.36821019649506,-0.0444511100649833,-0.0933880880475044,0.788420379161835,0.606379508972168
-0.547554671764374,-0.0754988938570022,1.36782240867615,-0.04417010769248,-0.093989573419094,0.78902006149292,0.605526447296143
-0.547868251800537,-0.0752625986933708,1.36796116828918,-0.0451800413429737,-0.093895137310028,0.789467453956604,0.604883313179016
-0.548287093639374,-0.0748341083526611,1.3678925037384,-0.045714508742094,-0.093849167227745,0.789879858493805,0.604311585426331
-0.548651874065399,-0.0745861232280731,1.36783933639526,-0.0468105599284172,-0.0935152992606163,0.790923893451691,0.602912127971649
-0.548971891403198,-0.0743120238184928,1.36777710914612,-0.0465079359710216,-0.0940320119261741,0.790937125682831,0.602837920188904
-0.549284398555756,-0.0740453973412513,1.36767816543579,-0.046824924647808,-0.0941618457436561,0.791587948799133,0.601938188076019
-0.54963493347168,-0.0738323479890823,1.36748921871185,-0.0469469875097274,-0.0944503545761108,0.792171776294708,0.601114928722382
-0.549904823303223,-0.0735411420464515,1.36745858192444,-0.0475145950913429,-0.0942898169159889,0.792551696300507,0.600594520568848
-0.550367772579193,-0.0733884274959564,1.36769938468933,-0.0489672049880027,-0.093723751604557,0.793979942798615,0.598676800727844
-0.550589561462402,-0.0729963108897209,1.36764883995056,-0.0490702092647552,-0.0937506332993507,0.793910801410675,0.598755896091461
-0.55085813999176,-0.0727438703179359,1.36728358268738,-0.0486611947417259,-0.0943446680903434,0.794191479682922,0.598323702812195
-0.551263093948364,-0.0725284293293953,1.36755347251892,-0.0498808175325393,-0.0939997658133506,0.795306801795959,0.596794068813324
-0.551540553569794,-0.0722995623946189,1.3672022819519,-0.0496441721916198,-0.0944739431142807,0.79581093788147,0.596066355705261
-0.551822066307068,-0.0720431208610534,1.3674693107605,-0.0509838834404945,-0.0937922075390815,0.796283602714539,0.595429480075836
-0.552142024040222,-0.0717720687389373,1.36741101741791,-0.051477026194334,-0.0938249751925468,0.796840906143188,0.594635784626007
-0.552487254142761,-0.0715935975313186,1.36700141429901,-0.0512813627719879,-0.0944127142429351,0.797131657600403,0.594169735908508
-0.552775859832764,-0.0713208392262458,1.36695384979248,-0.0517188794910907,-0.0943635627627372,0.797469854354858,0.593685626983643
-0.553034543991089,-0.0710546299815177,1.36686074733734,-0.0520829409360885,-0.0943491458892822,0.798094630241394,0.592815816402435
-0.553285837173462,-0.0708182230591774,1.36681711673737,-0.0528870671987533,-0.0942791849374771,0.798506796360016,0.592200517654419
-0.553563177585602,-0.0705659836530685,1.36677265167236,-0.053490437567234,-0.0941138118505477,0.799032628536224,0.591462790966034
-0.553792655467987,-0.0703451037406921,1.36677443981171,-0.0539976470172405,-0.0937024429440498,0.799571931362152,0.590753018856049
-0.554090261459351,-0.070014365017414,1.36675262451172,-0.0544167757034301,-0.0934038609266281,0.799970209598541,0.590222299098969
-0.554332971572876,-0.069720335304737,1.36670112609863,-0.0548197254538536,-0.0932975336909294,0.800413727760315,0.589600145816803
-0.554611146450043,-0.069467544555664,1.36664021015167,-0.0554971806704998,-0.0931532010436058,0.800931870937347,0.588855504989624
-0.554611146450043,-0.069467544555664,1.36664021015167,-0.0554971806704998,-0.0931532010436058,0.800931870937347,0.588855504989624
-0.55511486530304,-0.0689688622951507,1.36652815341949,-0.0566085427999496,-0.0929659381508827,0.80186527967453,0.587507545948029
-0.555406093597412,-0.0687384083867073,1.36649310588837,-0.0570255070924758,-0.0930050387978553,0.802327275276184,0.586829781532288
-0.555634438991547,-0.0684446468949318,1.36643135547638,-0.0574915409088134,-0.0928574353456497,0.802696228027344,0.586303055286407
-0.555863320827484,-0.0681923031806945,1.36634707450867,-0.0583625845611095,-0.0927755013108253,0.802972972393036,0.585850775241852
-0.556187391281128,-0.0679964274168014,1.36635971069336,-0.0594802498817443,-0.0923681706190109,0.803976893424988,0.584423959255219
-0.556403160095215,-0.0676778182387352,1.36630403995514,-0.0598671212792396,-0.092305339872837,0.804293930530548,0.583957970142365
-0.556630492210388,-0.0674817785620689,1.36626863479614,-0.060430709272623,-0.0921733304858207,0.80459451675415,0.583506524562836
-0.556843400001526,-0.0671979337930679,1.36612832546234,-0.0608201809227466,-0.0921364426612854,0.804931104183197,0.583007454872131
-0.557257175445557,-0.0668759271502494,1.3662109375,-0.0613809190690517,-0.0907603129744529,0.805491268634796,0.58239072561264
-0.557393312454224,-0.0665275156497955,1.36612188816071,-0.0615941472351551,-0.0906940102577209,0.805875420570374,0.581846833229065
-0.557562589645386,-0.0663599520921707,1.36611580848694,-0.0622600317001342,-0.0905368700623512,0.806215643882751,0.581328690052032
-0.557871699333191,-0.0660844594240188,1.36605286598206,-0.06280218064785,-0.0905346423387527,0.806258618831635,0.58121132850647
-0.558042049407959,-0.0657174885272979,1.36635231971741,-0.064212217926979,-0.0897639170289039,0.806923627853394,0.580252885818481
-0.558237016201019,-0.0654621869325637,1.36614942550659,-0.0642812997102737,-0.0899227708578109,0.807150423526764,0.579905331134796
-0.558379650115967,-0.0651251748204231,1.3660843372345,-0.0647541955113411,-0.0900633633136749,0.807326197624207,0.579585909843445
-0.558608114719391,-0.06484205275774,1.36603128910065,-0.065188430249691,-0.0896385163068771,0.807580888271332,0.579248309135437
-0.558702945709229,-0.0646047368645668,1.36577725410461,-0.0664594769477844,-0.0889293923974037,0.808061122894287,0.578542828559875
-0.558925986289978,-0.0642957836389541,1.36583638191223,-0.068072035908699,-0.0883924141526222,0.808144509792328,0.578321397304535
-0.559103488922119,-0.0640339106321334,1.36582183837891,-0.0687511339783668,-0.0881701707839965,0.808416366577148,0.577894747257233
-0.559274971485138,-0.0637911707162857,1.36567986011505,-0.0668816640973091,-0.0895406752824783,0.80845844745636,0.577844619750977
-0.559439420700073,-0.0635160431265831,1.36564683914185,-0.067250095307827,-0.0894713401794433,0.808639228343964,0.577559530735016
-0.559602677822113,-0.0632396787405014,1.36561870574951,-0.0676364079117775,-0.0893437042832374,0.808806121349335,0.577300310134888
-0.559756457805634,-0.0628881454467773,1.36590600013733,-0.068830095231533,-0.0886764749884605,0.808967649936676,0.57703572511673
-0.559906244277954,-0.0626591444015502,1.36580061912537,-0.0694012194871902,-0.0884629487991333,0.809189856052399,0.576688468456268
-0.560053408145905,-0.0623815059661865,1.36576735973358,-0.0698296651244163,-0.0883448719978332,0.809233844280243,0.576593101024628
-0.5600346326828,-0.0621224716305732,1.36577117443085,-0.0700362846255302,-0.0878589674830436,0.809576451778412,0.576161205768585
-0.560332000255585,-0.0618502497673034,1.3653838634491,-0.0697165057063102,-0.0884543657302856,0.80949479341507,0.57622367143631
-0.560469686985016,-0.0615228675305843,1.36571860313416,-0.0709850937128067,-0.0876134261488914,0.809654653072357,0.575972676277161
-0.560574173927307,-0.0612044595181942,1.36571574211121,-0.0716677233576774,-0.0872420966625213,0.809808135032654,0.575728595256805
-0.560666799545288,-0.0609209574759006,1.36566948890686,-0.0721029490232467,-0.0869603902101516,0.809876263141632,0.575621068477631
-0.560793220996857,-0.0606072843074798,1.36559879779816,-0.072461299598217,-0.0868874564766883,0.809902131557465,0.575550615787506
-0.560880422592163,-0.0603786930441856,1.36557066440582,-0.0727882757782936,-0.0866525247693061,0.809926331043243,0.575510799884796
-0.560971260070801,-0.0601126179099082,1.36551833152771,-0.0731401070952415,-0.0865499228239059,0.810004711151123,0.575371265411377
-0.560998022556305,-0.0598097667098045,1.36505436897278,-0.0749408677220344,-0.0855190977454185,0.810029149055481,0.575259327888489
-0.560977697372437,-0.0595533475279808,1.36499381065369,-0.075278453528881,-0.0852142497897148,0.810179829597473,0.575048089027405
-0.561035096645355,-0.0592396594583988,1.36523175239563,-0.0762810856103897,-0.0846410691738128,0.810217499732971,0.574947476387024
-0.561131596565247,-0.0589845776557922,1.36524271965027,-0.0745199248194694,-0.0858427733182907,0.810004234313965,0.575300812721252
-0.561131596565247,-0.0589845776557922,1.36524271965027,-0.0745199248194694,-0.0858427733182907,0.810004234313965,0.575300812721252
-0.561254799365997,-0.0584562569856643,1.36485624313354,-0.074561096727848,-0.0860296040773391,0.809819459915161,0.575527608394623
-0.56139600276947,-0.0580677241086959,1.36507678031921,-0.0755006447434425,-0.0855052396655082,0.809699535369873,0.575652003288269
-0.561410367488861,-0.0577837601304054,1.36484277248383,-0.0754017531871795,-0.0857801660895347,0.809589385986328,0.575779020786285
-0.561424791812897,-0.057479403913021,1.3649160861969,-0.0757611989974975,-0.0853544995188713,0.809600710868835,0.575779139995575
-0.561371684074402,-0.0571914091706275,1.36490321159363,-0.0759667828679084,-0.0850721225142479,0.809634387493134,0.575746476650238
-0.561479270458221,-0.0569314435124397,1.36486065387726,-0.0761770829558372,-0.0849465653300285,0.809359669685364,0.576123476028442
-0.561479270458221,-0.0569314435124397,1.36486065387726,-0.0761770829558372,-0.0849465653300285,0.809359669685364,0.576123476028442
-0.561454653739929,-0.0563722215592861,1.36483240127563,-0.0767036378383636,-0.0842615440487861,0.809290528297424,0.576251029968262
-0.561476051807404,-0.0562050119042396,1.36480700969696,-0.076885350048542,-0.0840655043721199,0.809021413326263,0.576633512973785
-0.561474680900574,-0.0557288601994514,1.36475121974945,-0.0769926905632019,-0.0839074999094009,0.808894038200378,0.576820850372314
-0.561474680900574,-0.0557288601994514,1.36475121974945,-0.0769926905632019,-0.0839074999094009,0.808894038200378,0.576820850372314
-0.561480343341827,-0.0552243217825889,1.36449813842773,-0.0767100751399993,-0.0839370638132095,0.808377921581268,0.577577233314514
-0.561544835567474,-0.0550231486558914,1.36447322368622,-0.0768897384405136,-0.0838057100772857,0.808056056499481,0.578022480010986
-0.561502695083618,-0.054687563329935,1.36433601379395,-0.0792101919651031,-0.0821982324123382,0.808028042316437,0.577979385852814
-0.561474084854126,-0.0543924942612648,1.36430525779724,-0.0794181451201438,-0.0819516032934188,0.807893335819244,0.578173995018005
-0.561440050601959,-0.0540818646550178,1.36440634727478,-0.0796935707330703,-0.0815924257040023,0.807784199714661,0.578339338302612
-0.561440050601959,-0.0540818646550178,1.36440634727478,-0.0796935707330703,-0.0815924257040023,0.807784199714661,0.578339338302612
-0.561436295509338,-0.0535190105438232,1.36472296714783,-0.0798306539654731,-0.0810049176216125,0.807719111442566,0.578493714332581
-0.561401188373566,-0.0532461479306221,1.36473047733307,-0.0784554779529571,-0.0816591903567314,0.807407021522522,0.579025506973267
-0.561331510543823,-0.0530072003602981,1.36474299430847,-0.0784967616200447,-0.0811153128743171,0.807288229465485,0.579262018203735
-0.561301946640015,-0.0526707842946052,1.36467313766479,-0.0785626471042633,-0.0808385238051414,0.806947946548462,0.579765737056732
-0.561200261116028,-0.0523724481463432,1.36466300487518,-0.0784937515854835,-0.0804734975099563,0.806951522827148,0.579820692539215
-0.561172306537628,-0.0521416664123535,1.3646947145462,-0.0785736665129661,-0.0801270306110382,0.80679053068161,0.580081820487976
-0.561427175998688,-0.0521336644887924,1.36434149742126,-0.0777728483080864,-0.0808624401688575,0.805676639080048,0.581633746623993
-0.561392188072205,-0.0517727620899677,1.36461520195007,-0.0783883705735206,-0.0801118016242981,0.80562686920166,0.581723868846893
-0.561347126960754,-0.0514694973826408,1.36460256576538,-0.0782153308391571,-0.079816348850727,0.805545449256897,0.581900656223297
-0.561146914958954,-0.0512216240167617,1.36462962627411,-0.0780725702643394,-0.0793314278125763,0.805670738220215,0.581812679767609
-0.560895383358002,-0.050603549927473,1.36456859111786,-0.0778509005904197,-0.0787210613489151,0.80598258972168,0.581493258476257
-0.560873210430145,-0.0503082536160945,1.36419987678528,-0.0769385546445846,-0.0790409222245216,0.805442988872528,0.582318425178528
-0.560905992984772,-0.0500179901719093,1.36411917209625,-0.0770221129059791,-0.0792224705219268,0.805071115493774,0.58279675245285
-0.560905992984772,-0.0500179901719093,1.36411917209625,-0.0770221129059791,-0.0792224705219268,0.805071115493774,0.58279675245285
-0.560693621635437,-0.0493657812476158,1.3641242980957,-0.0765972062945365,-0.0781216546893119,0.804943144321442,0.583177864551544
-0.560682356357574,-0.0491395145654678,1.36402034759521,-0.0766150206327438,-0.0782818645238876,0.80465841293335,0.583547115325928
-0.56055873632431,-0.0489713624119758,1.36405408382416,-0.0764734745025634,-0.0775025114417076,0.804657340049744,0.583670973777771
-0.560577511787415,-0.0487371087074279,1.36390221118927,-0.076557382941246,-0.0777003765106201,0.804254233837128,0.584189057350159
-0.560354292392731,-0.0482881069183349,1.36380088329315,-0.0785638019442558,-0.0755358710885047,0.803669273853302,0.585011005401611
-0.560319900512695,-0.0481192618608474,1.36375570297241,-0.0785426124930381,-0.0755863562226295,0.804001271724701,0.58455103635788
-0.560268700122833,-0.0477363988757133,1.36363673210144,-0.0782837644219398,-0.0754849016666412,0.803239345550537,0.585645079612732
-0.560187816619873,-0.0475591048598289,1.36365175247192,-0.07808768004179,-0.0751671344041824,0.803777933120728,0.5849729180336
-0.560185670852661,-0.0474400892853736,1.3636292219162,-0.0779118165373802,-0.0748679786920547,0.803397595882416,0.58555680513382
-0.560240268707275,-0.0471000671386718,1.36362707614899,-0.075860671699047,-0.0760331377387046,0.80301296710968,0.586203277111053
-0.560186922550201,-0.0468659624457359,1.36360669136047,-0.0758241564035415,-0.0757498070597648,0.802778542041779,0.586565792560577
-0.560117244720459,-0.0466323792934417,1.36355435848236,-0.0756969526410102,-0.0755099505186081,0.802499413490295,0.58699494600296
-0.560000717639923,-0.0464405044913291,1.36357533931732,-0.0753618776798248,-0.0752470269799232,0.80229640007019,0.58734917640686
-0.559863328933716,-0.046132318675518,1.36350071430206,-0.0754114761948585,-0.074735403060913,0.801646947860718,0.588294088840485
-0.560045599937439,-0.0461293905973434,1.3633177280426,-0.0751745179295539,-0.0749663189053535,0.800902962684631,0.589307546615601
-0.559784889221191,-0.0456095188856124,1.36328566074371,-0.0747309476137161,-0.0745306238532066,0.80130523443222,0.588872194290161
-0.559591472148895,-0.0453407578170299,1.3638459444046,-0.0758287534117698,-0.0730542764067649,0.801602363586426,0.588512301445007
-0.559591472148895,-0.0453407578170299,1.3638459444046,-0.0758287534117698,-0.0730542764067649,0.801602363586426,0.588512301445007
-0.559553980827332,-0.0450454577803611,1.36388003826141,-0.0756417214870452,-0.0726862475275993,0.801781058311462,0.588338494300842
-0.559393346309662,-0.0447919815778732,1.36379945278168,-0.0754220560193061,-0.0723997354507446,0.801090955734253,0.589341282844543
-0.559463679790497,-0.0444888398051261,1.36383152008057,-0.0755537301301956,-0.0722244754433631,0.800808727741241,0.589729368686676
-0.559387981891632,-0.0442949384450912,1.36378085613251,-0.0753260552883148,-0.0720475539565086,0.80073869228363,0.589875221252441
-0.559344172477722,-0.0441592819988727,1.36353671550751,-0.0746974721550941,-0.0722631141543388,0.800592362880707,0.590127348899841
-0.559292078018188,-0.0440090633928775,1.36346960067749,-0.0746689960360527,-0.0720638409256935,0.800488948822021,0.590295493602753
-0.559244751930237,-0.0438628122210502,1.36345744132996,-0.0746300145983696,-0.0718692764639854,0.800407886505127,0.590433955192566
-0.559082448482513,-0.0437412448227405,1.36343109607697,-0.0744553878903389,-0.0716118440032005,0.800392985343933,0.590507626533508
-0.559009492397308,-0.0436159372329711,1.36338877677917,-0.074294626712799,-0.0714915767312049,0.800350427627563,0.590600073337555
-0.558982074260712,-0.0433848872780799,1.36339735984802,-0.0741820707917213,-0.0710434690117836,0.800249099731445,0.590805470943451
-0.558823227882385,-0.0432757884263992,1.36339199542999,-0.0740992426872253,-0.0707974284887313,0.800341963768005,0.590719819068909
-0.558768451213837,-0.0431547798216342,1.36334848403931,-0.0739865973591804,-0.0706999227404594,0.800122320652008,0.591042995452881
-0.558705151081085,-0.0430244840681552,1.36341214179993,-0.0740479901432991,-0.0704660713672638,0.799953043460846,0.591292262077332
-0.558615028858185,-0.0428775176405906,1.36340379714966,-0.0739290192723274,-0.0703275352716445,0.799941122531891,0.591339826583862
-0.558717548847198,-0.042559765279293,1.36327302455902,-0.0756168290972709,-0.0692773461341857,0.799619972705841,0.591684758663177
-0.558658838272095,-0.0424529537558555,1.36326003074646,-0.0755582675337791,-0.0691864043474197,0.799574851989746,0.59176367521286
-0.558576226234436,-0.0424334108829498,1.36326861381531,-0.0755236893892288,-0.0690044984221458,0.799534857273102,0.591843545436859
-0.558511078357697,-0.0423229187726974,1.36328744888306,-0.0755148828029632,-0.0688962191343307,0.799519658088684,0.59187787771225
-0.558670043945312,-0.0421603955328464,1.36326515674591,-0.073947362601757,-0.0705272331833839,0.799046099185944,0.592522621154785
-0.5585697889328,-0.0420656576752662,1.36330497264862,-0.0737694278359413,-0.0700971409678459,0.799146354198456,0.592460572719574
-0.558587372303009,-0.0420164093375206,1.36313438415527,-0.0735605508089065,-0.0706150159239769,0.798902690410614,0.592753648757935
-0.558483004570007,-0.0419460907578468,1.36320817470551,-0.0734904557466507,-0.0700774565339088,0.799016535282135,0.592672646045685
-0.558482527732849,-0.0418632104992866,1.36316537857056,-0.0735251754522323,-0.070426195859909,0.79881477355957,0.592899024486542
-0.558335423469543,-0.041767843067646,1.36353754997253,-0.0747190192341804,-0.0692038312554359,0.799224317073822,0.592341721057892
-0.558311939239502,-0.0417235642671585,1.36350178718567,-0.0747619271278381,-0.0694916099309921,0.799068868160248,0.592512190341949
-0.558191895484924,-0.0416554659605026,1.36352550983429,-0.0745861008763313,-0.0691955089569091,0.799083709716797,0.592548966407776
-0.558111786842346,-0.0416459776461124,1.36316001415253,-0.0730254277586937,-0.0701940581202507,0.798687160015106,0.593160152435303
-0.558024406433105,-0.0415656417608261,1.36353898048401,-0.0738198384642601,-0.069557785987854,0.798745036125183,0.593058884143829
-0.557976186275482,-0.0415667071938514,1.36316525936127,-0.0728896558284759,-0.0702421590685844,0.798611462116241,0.593272984027863
-0.55777370929718,-0.0416109040379524,1.36356616020203,-0.0736221447587013,-0.0695012137293815,0.798672139644623,0.593188285827637
-0.5577152967453,-0.041613221168518,1.3631956577301,-0.072692297399044,-0.0701950564980506,0.798540949821472,0.593397796154022
-0.557614862918854,-0.04153573513031,1.36357033252716,-0.0734767541289329,-0.0695555210113525,0.798658490180969,0.593218266963959
-0.557563602924347,-0.0415562950074672,1.36319494247437,-0.0724166706204414,-0.070357047021389,0.798532485961914,0.593423545360565
-0.557542085647583,-0.0413994565606117,1.36317765712738,-0.0722735822200775,-0.0705418363213539,0.798475503921509,0.593495965003967
-0.557245969772339,-0.041490402072668,1.36359333992004,-0.073052279651165,-0.0696884542703628,0.798880636692047,0.592955946922302
-0.557334542274475,-0.0413050055503845,1.36355137825012,-0.0730842277407646,-0.0700845196843147,0.798603594303131,0.593278408050537
-0.557178020477295,-0.0413698628544807,1.36358332633972,-0.0729581415653228,-0.0700568258762359,0.798614501953125,0.593282461166382
-0.557146191596985,-0.0413289368152618,1.36362814903259,-0.0730618983507156,-0.0701271966099739,0.7985759973526,0.593313336372375
-0.557086765766144,-0.0413711071014404,1.36324667930603,-0.072085291147232,-0.0708859488368034,0.798456370830536,0.593503475189209
-0.556972563266754,-0.0412960723042488,1.36360359191895,-0.0728921443223953,-0.0704085901379585,0.798622727394104,0.593237817287445
-0.556591272354126,-0.04157555103302,1.36332654953003,-0.0719461068511009,-0.0706604272127151,0.799050509929657,0.592747032642365
-0.556640326976776,-0.0414928644895553,1.36330819129944,-0.0719334930181503,-0.0709481164813041,0.798873126506805,0.592953264713287
-0.55654388666153,-0.0414945147931575,1.36328482627869,-0.0718187987804412,-0.0710775181651115,0.798829257488251,0.593010902404785
-0.55642032623291,-0.0415013246238231,1.36328816413879,-0.0717344507575035,-0.071256510913372,0.798774659633636,0.59307324886322
-0.556312382221222,-0.0415122061967849,1.36332297325134,-0.071706086397171,-0.0712662786245346,0.798888802528381,0.592921555042267
