x,y,z,q0,q1,q2,q3
0.594000041484833,-0.238604813814163,0.834883272647858,-0.40107274055481,-0.507721960544586,0.626990437507629,-0.433868676424026
0.592296063899994,-0.238541632890701,0.834182739257812,-0.40332755446434,-0.501470804214478,0.632420003414154,-0.431160002946854
0.591585695743561,-0.238855049014091,0.83423900604248,-0.404660940170288,-0.50046044588089,0.633476674556732,-0.429530441761017
0.590989768505096,-0.23880922794342,0.834279298782349,-0.404332786798477,-0.492312759160995,0.639380991458893,-0.430505901575089
0.590361058712006,-0.240269362926483,0.835096895694733,-0.410225540399551,-0.507871389389038,0.626051485538483,-0.426428437232971
0.589717388153076,-0.240301191806793,0.835125923156738,-0.41129544377327,-0.506308794021606,0.626564562320709,-0.426502674818039
0.589717388153076,-0.240301191806793,0.835125923156738,-0.41129544377327,-0.506308794021606,0.626564562320709,-0.426502674818039
0.5882807970047,-0.240633279085159,0.835054159164429,-0.413571357727051,-0.501504123210907,0.629908740520477,-0.42505007982254
0.587499797344208,-0.240960240364075,0.835134863853455,-0.415735453367233,-0.502044200897217,0.628535807132721,-0.424332916736603
0.586629867553711,-0.241683825850487,0.835473775863647,-0.419084668159485,-0.505540370941162,0.624973356723785,-0.422143757343292
0.586011469364166,-0.241450846195221,0.835275888442993,-0.419071525335312,-0.499519824981689,0.629259705543518,-0.4229556620121
0.58519971370697,-0.241412550210953,0.8352410197258,-0.422141820192337,-0.496918320655823,0.630092322826385,-0.421725034713745
0.584507763385773,-0.242167979478836,0.835895657539368,-0.424347788095474,-0.49885693192482,0.627827346324921,-0.420599102973938
0.583814859390259,-0.242409348487854,0.83602648973465,-0.426091462373734,-0.499728232622147,0.627144753932953,-0.41881662607193
0.582921385765076,-0.242728978395462,0.836068511009216,-0.427856951951981,-0.498438090085983,0.628345906734467,-0.416748553514481
0.582921385765076,-0.242728978395462,0.836068511009216,-0.427856951951981,-0.498438090085983,0.628345906734467,-0.416748553514481
0.581757664680481,-0.242250069975853,0.83609813451767,-0.428198158740997,-0.487832367420196,0.636232435703278,-0.416982442140579
0.581061601638794,-0.243137687444687,0.836826860904694,-0.432393997907638,-0.49780747294426,0.627086699008942,-0.414711445569992
0.580458164215088,-0.243630826473236,0.837159752845764,-0.435381084680557,-0.499681085348129,0.624810099601746,-0.412764489650726
0.579550623893738,-0.243888542056084,0.837182760238647,-0.437923759222031,-0.499860048294067,0.624126136302948,-0.410888433456421
0.579550623893738,-0.243888542056084,0.837182760238647,-0.437923759222031,-0.499860048294067,0.624126136302948,-0.410888433456421
0.578045666217804,-0.244270890951157,0.837644934654236,-0.440769881010055,-0.500396192073822,0.622291207313538,-0.409974753856659
0.577395141124725,-0.244461178779602,0.837779402732849,-0.442556917667389,-0.502370178699493,0.619937002658844,-0.409201472997665
0.576473355293274,-0.244542554020882,0.837781667709351,-0.445704340934753,-0.500717222690582,0.621826708316803,-0.404921770095825
0.576057553291321,-0.244289979338646,0.837710320949554,-0.444630652666092,-0.49884757399559,0.624460220336914,-0.40435653924942
0.574195683002472,-0.24201363325119,0.836001038551331,-0.438295722007751,-0.463604360818863,0.654199004173279,-0.406191527843475
0.573372781276703,-0.241978302597999,0.835999727249146,-0.440425395965576,-0.462978780269623,0.654120802879333,-0.404724806547165
0.572675466537476,-0.241829171776771,0.836149334907532,-0.44037863612175,-0.462379336357117,0.654528021812439,-0.404802471399307
0.571675300598145,-0.241823628544807,0.836191892623901,-0.440417319536209,-0.459513336420059,0.65654718875885,-0.404754221439362
0.571675300598145,-0.241823628544807,0.836191892623901,-0.440417319536209,-0.459513336420059,0.65654718875885,-0.404754221439362
0.570268571376801,-0.241769924759865,0.836312532424927,-0.441926807165146,-0.457989305257797,0.657622575759888,-0.403086990118027
0.569324016571045,-0.242150515317917,0.8364417552948,-0.444269716739654,-0.459033250808716,0.656744003295898,-0.40074959397316
0.568585515022278,-0.241948261857033,0.836501240730286,-0.443632632493973,-0.458670943975449,0.658150494098663,-0.399560928344727
0.568158507347107,-0.241576582193375,0.836626589298248,-0.444955289363861,-0.462085604667664,0.655313551425934,-0.398818045854568
0.567492544651031,-0.241390988230705,0.836571395397186,-0.444989323616028,-0.46165731549263,0.65625536441803,-0.397726029157638
0.566775619983673,-0.241122722625732,0.836467385292053,-0.443067967891693,-0.459593117237091,0.658892631530762,-0.397901356220245
0.566775619983673,-0.241122722625732,0.836467385292053,-0.443067967891693,-0.459593117237091,0.658892631530762,-0.397901356220245
0.565703213214874,-0.240847662091255,0.836830258369446,-0.446182936429977,-0.460322111845016,0.657987236976624,-0.395066261291504
0.56523859500885,-0.240635544061661,0.836954236030579,-0.446680128574371,-0.460094958543777,0.658115327358246,-0.394555032253265
0.564765989780426,-0.240238592028618,0.836871385574341,-0.44620868563652,-0.461385607719421,0.65774530172348,-0.394198268651962
0.565031349658966,-0.238722801208496,0.836446285247803,-0.440197676420212,-0.441582083702087,0.673978686332703,-0.396212100982666
0.564824044704437,-0.238398388028145,0.836638569831848,-0.442313760519028,-0.438796252012253,0.676418423652649,-0.392778038978577
0.564054548740387,-0.238194182515144,0.836623668670654,-0.444023013114929,-0.439298808574677,0.675869047641754,-0.391230404376984
0.562861502170563,-0.23885041475296,0.837206602096558,-0.450322270393372,-0.456785947084427,0.66053569316864,-0.390191167593002
0.562501490116119,-0.238491654396057,0.837191820144653,-0.45141077041626,-0.456062316894531,0.66063666343689,-0.389608532190323
0.562501490116119,-0.238491654396057,0.837191820144653,-0.45141077041626,-0.456062316894531,0.66063666343689,-0.389608532190323
0.561470448970795,-0.237874701619148,0.837006092071533,-0.451597839593887,-0.452508687973022,0.663292944431305,-0.389021456241608
0.562071323394775,-0.236214101314545,0.836574077606201,-0.446904003620148,-0.430063724517822,0.680952668190002,-0.389391392469406
0.561732947826385,-0.235612094402313,0.836705386638641,-0.447668582201004,-0.429189652204513,0.68043065071106,-0.39038872718811
0.561131656169891,-0.235333874821663,0.836607038974762,-0.449155479669571,-0.425853818655014,0.682250261306763,-0.38915628194809
0.560481488704681,-0.235226824879646,0.836746573448181,-0.451376795768738,-0.42860010266304,0.67949515581131,-0.388390719890594
0.560481488704681,-0.235226824879646,0.836746573448181,-0.451376795768738,-0.42860010266304,0.67949515581131,-0.388390719890594
0.559680879116058,-0.234870135784149,0.836951732635498,-0.456197440624237,-0.429951846599579,0.677365660667419,-0.384969055652618
0.55908739566803,-0.234548717737198,0.837031185626984,-0.457180470228195,-0.428391814231873,0.677941262722015,-0.384528815746307
0.558537185192108,-0.233999028801918,0.836935877799988,-0.456907123327255,-0.423656433820724,0.681947529315948,-0.383012592792511
0.557896435260773,-0.233714506030083,0.837164580821991,-0.458121359348297,-0.426305741071701,0.680062711238861,-0.381972581148148
0.557160675525665,-0.233441948890686,0.837422370910645,-0.459958672523498,-0.422500938177109,0.681737124919891,-0.38100603222847
0.556529343128204,-0.233139201998711,0.837535262107849,-0.460761934518814,-0.421392023563385,0.682302832603455,-0.380250304937363
0.555919408798218,-0.232963904738426,0.837653577327728,-0.461712062358856,-0.42139533162117,0.682164251804352,-0.379341185092926
0.555064260959625,-0.232660487294197,0.837908148765564,-0.463227510452271,-0.420439660549164,0.682108402252197,-0.378654211759567
0.554223239421844,-0.232283294200897,0.837929129600525,-0.463946461677551,-0.418516874313354,0.683930695056915,-0.376611441373825
0.553584814071655,-0.232043981552124,0.838150203227997,-0.465277373790741,-0.415056526660919,0.686450183391571,-0.374207675457001
0.55245965719223,-0.231953203678131,0.838334798812866,-0.466785907745361,-0.415056109428406,0.686835646629333,-0.371612817049026
0.54884135723114,-0.230022698640823,0.837363243103027,-0.463468223810196,-0.403116941452026,0.696687459945679,-0.37056764960289
0.551438987255096,-0.234967857599258,0.841430842876434,-0.48384216427803,-0.463308185338974,0.64475554227829,-0.368147641420364
0.550624847412109,-0.234821811318397,0.841832518577576,-0.486438870429993,-0.465515196323395,0.641790926456451,-0.367120087146759
0.547313332557678,-0.228950634598732,0.83931040763855,-0.466993242502213,-0.400020658969879,0.698100030422211,-0.366820335388184
0.546420454978943,-0.228545501828194,0.839767456054688,-0.467040538787842,-0.399210721254349,0.699378073215485,-0.365204781293869
0.548373639583588,-0.233968570828438,0.843219459056854,-0.488636255264282,-0.462765455245972,0.645090818405151,-0.361857086420059
0.547425389289856,-0.233905553817749,0.843807339668274,-0.490675866603851,-0.459001362323761,0.647267401218414,-0.360000163316727
0.546566843986511,-0.229477182030678,0.841794013977051,-0.473623216152191,-0.408874571323395,0.692002415657043,-0.360049098730087
0.543303787708282,-0.227959021925926,0.841840624809265,-0.472567915916443,-0.399231463670731,0.699758112430573,-0.357256859540939
0.542618691921234,-0.2275310754776,0.842263877391815,-0.472896307706833,-0.400582283735275,0.699345648288727,-0.356115907430649
0.541820168495178,-0.22734984755516,0.843141078948975,-0.475348234176636,-0.399705767631531,0.698553860187531,-0.355390012264252
0.54144549369812,-0.226618528366089,0.843791723251343,-0.473417490720749,-0.393664389848709,0.704226791858673,-0.353509694337845
0.542315363883972,-0.229032695293427,0.847497820854187,-0.486672252416611,-0.424621045589447,0.67797589302063,-0.35099259018898
0.542315363883972,-0.229032695293427,0.847497820854187,-0.486672252416611,-0.424621045589447,0.67797589302063,-0.35099259018898
0.539484322071075,-0.225380450487137,0.846250653266907,-0.476777136325836,-0.39019364118576,0.706018447875977,-0.349242776632309
0.538653910160065,-0.225162222981453,0.846946179866791,-0.47739166021347,-0.389914780855179,0.707133531570435,-0.346447378396988
0.53804075717926,-0.224695399403572,0.847638964653015,-0.477468013763428,-0.388911485671997,0.708268582820892,-0.345148950815201
0.5373774766922,-0.224195882678032,0.848658561706543,-0.478074610233307,-0.387033730745315,0.708561718463898,-0.345818012952805
0.536826550960541,-0.223677411675453,0.849371910095215,-0.479591488838196,-0.387787193059921,0.708359777927399,-0.343277662992477
0.535985171794891,-0.223572790622711,0.850300669670105,-0.481768995523453,-0.385921359062195,0.709677219390869,-0.339590728282928
0.535985171794891,-0.223572790622711,0.850300669670105,-0.481768995523453,-0.385921359062195,0.709677219390869,-0.339590728282928
0.534618437290192,-0.222602620720863,0.851893723011017,-0.48321345448494,-0.384870857000351,0.710202157497406,-0.337627321481705
0.534016370773315,-0.222209185361862,0.852757811546326,-0.484970211982727,-0.382869720458984,0.711779356002808,-0.334043264389038
0.533312380313873,-0.221618235111236,0.853564500808716,-0.486034095287323,-0.382310837507248,0.711508214473724,-0.333714693784714
0.532816052436829,-0.221491292119026,0.854511380195618,-0.487466901540756,-0.380072772502899,0.713096380233765,-0.330778390169144
0.532238006591797,-0.220430240035057,0.855402231216431,-0.484524786472321,-0.37800270318985,0.714825510978699,-0.333727985620499
0.531656086444855,-0.220118924975395,0.856123805046082,-0.48588839173317,-0.377055704593658,0.716120004653931,-0.330020934343338
0.530764520168304,-0.219645440578461,0.856925785541534,-0.4883733689785,-0.378120929002762,0.714584827423096,-0.32845801115036
0.530299603939056,-0.219411864876747,0.857653975486755,-0.489492416381836,-0.375471770763397,0.716471791267395,-0.325708866119385
0.530299603939056,-0.219411864876747,0.857653975486755,-0.489492416381836,-0.375471770763397,0.716471791267395,-0.325708866119385
0.52911776304245,-0.218307569622993,0.859220325946808,-0.489362508058548,-0.373656749725342,0.718047738075256,-0.324518829584122
0.528366565704346,-0.217457637190819,0.859993934631348,-0.488496959209442,-0.373362272977829,0.718383431434631,-0.325417667627335
0.528052449226379,-0.217211112380028,0.860817074775696,-0.48847559094429,-0.371108621358871,0.720976114273071,-0.322278499603271
0.527391076087952,-0.216455280780792,0.861474752426147,-0.488379865884781,-0.370658338069916,0.721063315868378,-0.322746574878693
0.526792049407959,-0.215777039527893,0.862217903137207,-0.488396555185318,-0.370478332042694,0.720944106578827,-0.323193699121475
0.526205718517303,-0.215109288692474,0.862831056118011,-0.487417131662369,-0.369383901357651,0.72221177816391,-0.323094695806503
0.525841593742371,-0.214877516031265,0.863630533218384,-0.487428992986679,-0.368967235088348,0.723290383815765,-0.321134507656097
0.525282442569733,-0.214047059416771,0.864186406135559,-0.484341472387314,-0.364790558815002,0.726844012737274,-0.322550892829895
0.524899899959564,-0.212898790836334,0.864861249923706,-0.483539611101151,-0.367436170578003,0.724843442440033,-0.325241684913635
0.524899899959564,-0.212898790836334,0.864861249923706,-0.483539611101151,-0.367436170578003,0.724843442440033,-0.325241684913635
0.524104714393616,-0.212043270468712,0.866475224494934,-0.487279713153839,-0.368305265903473,0.724018812179565,-0.320478677749634
0.525334417819977,-0.210716977715492,0.867917776107788,-0.482162892818451,-0.359772264957428,0.731280922889709,-0.321420639753342
0.525166690349579,-0.210926875472069,0.868516802787781,-0.485831499099731,-0.366628855466843,0.725130975246429,-0.322081089019775
0.524799704551697,-0.210388168692589,0.86907297372818,-0.485513269901276,-0.363486349582672,0.7282954454422,-0.318967759609222
0.524239361286163,-0.209684520959854,0.869845569133759,-0.486763209104538,-0.368551880121231,0.724496901035309,-0.319898843765259
0.52397233247757,-0.208917111158371,0.870707988739014,-0.486882150173187,-0.367786884307861,0.725172758102417,-0.319066017866135
0.523688197135925,-0.208097472786903,0.871364593505859,-0.484393715858459,-0.365827560424805,0.726966321468353,-0.321018755435944
0.523709893226624,-0.207556754350662,0.872138500213623,-0.487394869327545,-0.366355419158935,0.726341068744659,-0.317267417907715
0.52440744638443,-0.206378430128098,0.87327766418457,-0.476637274026871,-0.35878399014473,0.736193656921387,-0.319546461105347
0.523468613624573,-0.205691874027252,0.873639702796936,-0.485645353794098,-0.363254576921463,0.729202628135681,-0.316951483488083
0.523686647415161,-0.20452781021595,0.874389886856079,-0.483301848173141,-0.357211768627167,0.73408830165863,-0.316122859716415
0.523469984531403,-0.210078835487366,0.879607260227203,-0.517254650592804,-0.441209226846695,0.659912168979645,-0.319840848445892
0.523456454277039,-0.209378883242607,0.880322575569153,-0.514206528663635,-0.439739793539047,0.663613379001617,-0.319120585918427
0.523522794246674,-0.20189580321312,0.876871347427368,-0.480561226606369,-0.356514513492584,0.735752463340759,-0.317217141389847
0.523522794246674,-0.20189580321312,0.876871347427368,-0.480561226606369,-0.356514513492584,0.735752463340759,-0.317217141389847
0.52368026971817,-0.200006023049354,0.879000544548035,-0.481382817029953,-0.359602034091949,0.733434855937958,-0.317852973937988
0.521939814090729,-0.198976933956146,0.879340469837189,-0.480464726686478,-0.364272892475128,0.731588780879974,-0.318177193403244
0.52406919002533,-0.19850617647171,0.880904078483582,-0.479978770017624,-0.36079129576683,0.734409809112549,-0.316373735666275
0.524389207363129,-0.197382315993309,0.881881952285767,-0.478785872459412,-0.358737021684647,0.736441373825073,-0.3157939016819
0.522811710834503,-0.196000546216965,0.882438063621521,-0.480145990848541,-0.369023770093918,0.729615926742554,-0.317713886499405
0.523341953754425,-0.195417195558548,0.883413434028625,-0.479466736316681,-0.368615925312042,0.730644404888153,-0.316848456859589
0.525514960289001,-0.19442892074585,0.8849858045578,-0.47265699505806,-0.365511357784271,0.734641969203949,-0.321399986743927
0.524150490760803,-0.193449676036835,0.885312438011169,-0.473430395126343,-0.367342561483383,0.733773350715637,-0.32015597820282
0.52473372220993,-0.192371442914009,0.886584877967834,-0.474713712930679,-0.371606409549713,0.730935573577881,-0.319826304912567
0.52546101808548,-0.191751822829246,0.887626230716705,-0.47293895483017,-0.371554136276245,0.732609212398529,-0.318685054779053
0.525913715362549,-0.19038462638855,0.888421237468719,-0.468351006507873,-0.371165752410889,0.73382842540741,-0.323077738285065
0.526826858520508,-0.189942806959152,0.889650702476501,-0.470907151699066,-0.373687863349914,0.732560217380524,-0.319310903549194
0.529263913631439,-0.189382344484329,0.891290307044983,-0.466813653707504,-0.369331032037735,0.737432360649109,-0.31917604804039
0.529746770858765,-0.188321888446808,0.892233848571777,-0.464855879545212,-0.372308790683746,0.735300838947296,-0.3234623670578
0.53075909614563,-0.187395647168159,0.893423914909363,-0.464804261922836,-0.37215718626976,0.735894501209259,-0.32235911488533
0.53075909614563,-0.187395647168159,0.893423914909363,-0.464804261922836,-0.37215718626976,0.735894501209259,-0.32235911488533
0.532461524009705,-0.185692772269249,0.895435214042664,-0.461161941289902,-0.372200042009354,0.737421035766602,-0.324047923088074
0.53350567817688,-0.185071274638176,0.896781623363495,-0.461611688137054,-0.376253515481949,0.735219538211823,-0.323728829622269
0.53299468755722,-0.183761849999428,0.897369563579559,-0.462568730115891,-0.378013968467712,0.733831226825714,-0.323461621999741
0.533967077732086,-0.182829961180687,0.89827686548233,-0.460978209972382,-0.379046946763992,0.733439743518829,-0.3254055082798
0.537050366401672,-0.18247577548027,0.900018692016602,-0.458779513835907,-0.378451079130173,0.734489381313324,-0.326835989952087
0.536344289779663,-0.181323483586311,0.900404572486877,-0.459609091281891,-0.378706723451614,0.734139919281006,-0.326158583164215
0.537703990936279,-0.180586859583855,0.901450634002686,-0.458551198244095,-0.378682017326355,0.734933912754059,-0.32588803768158
0.539056777954102,-0.179913729429245,0.902498483657837,-0.456675946712494,-0.377482324838638,0.736168384552002,-0.327124387025833
0.540418386459351,-0.179484263062477,0.903417110443115,-0.457832843065262,-0.378451526165008,0.735544681549072,-0.32578781247139
0.54189544916153,-0.178851902484894,0.90439772605896,-0.456889808177948,-0.37763300538063,0.736068785190582,-0.326875895261765
0.543263256549835,-0.178167253732681,0.905319094657898,-0.454048603773117,-0.375831931829453,0.737708508968353,-0.329205721616745
0.544819533824921,-0.177706405520439,0.906341433525085,-0.456494957208633,-0.377794504165649,0.735522389411926,-0.328467130661011
0.544819533824921,-0.177706405520439,0.906341433525085,-0.456494957208633,-0.377794504165649,0.735522389411926,-0.328467130661011
0.548071086406708,-0.176288798451424,0.908084750175476,-0.453437775373459,-0.375758111476898,0.736584842205048,-0.332630395889282
0.551542103290558,-0.176581546664238,0.909458696842194,-0.454979449510574,-0.376188665628433,0.735127389431,-0.33326181769371
0.551281988620758,-0.17534513771534,0.909822225570679,-0.452298820018768,-0.373826265335083,0.73671692609787,-0.336047649383545
0.552890777587891,-0.175321593880653,0.91069370508194,-0.454513669013977,-0.377786457538605,0.733978629112244,-0.334619671106339
0.554729759693146,-0.174750670790672,0.911590158939362,-0.453988462686539,-0.377512127161026,0.732720494270325,-0.338378340005875
0.556706845760345,-0.174346536397934,0.912242293357849,-0.453531593084335,-0.380085110664368,0.730504989624023,-0.340891599655151
0.556706845760345,-0.174346536397934,0.912242293357849,-0.453531593084335,-0.380085110664368,0.730504989624023,-0.340891599655151
0.56085878610611,-0.173457473516464,0.913669228553772,-0.452260941267013,-0.373605608940125,0.73258501291275,-0.345251083374023
0.562463939189911,-0.173583805561066,0.914159953594208,-0.452469766139984,-0.374979197978973,0.731188714504242,-0.346445918083191
0.566604852676392,-0.178679689764977,0.917862415313721,-0.47363469004631,-0.431769549846649,0.684375405311584,-0.347671538591385
0.56900280714035,-0.178898394107819,0.918931663036346,-0.47714763879776,-0.4409539103508,0.675282716751099,-0.349117517471313
0.569536864757538,-0.178547367453575,0.91887092590332,-0.476824432611465,-0.443028420209885,0.671941936016083,-0.353352963924408
0.571356773376465,-0.178310409188271,0.919057965278626,-0.476910412311554,-0.444968014955521,0.66882586479187,-0.356696158647537
0.575432121753693,-0.173616409301758,0.917593717575073,-0.452643007040024,-0.37436181306839,0.7247713804245,-0.360103011131287
0.577275991439819,-0.174132496118546,0.919156730175018,-0.456206738948822,-0.387010157108307,0.714103937149048,-0.36353012919426
0.579894661903381,-0.173615127801895,0.918593287467956,-0.451704829931259,-0.373089224100113,0.723171353340149,-0.365773797035217
0.579053699970245,-0.171896770596504,0.917462229728699,-0.448608577251434,-0.363860815763474,0.727824032306671,-0.369632124900818
0.584174752235413,-0.173675328493118,0.919087946414948,-0.451511681079865,-0.368087589740753,0.723048210144043,-0.371281683444977
0.588593542575836,-0.173543512821198,0.920550107955933,-0.434252381324768,-0.355261892080307,0.731428921222687,-0.387589514255524
0.590716361999512,-0.173596203327179,0.921018362045288,-0.43695142865181,-0.354547321796417,0.728748381137848,-0.39025068283081
0.590716361999512,-0.173596203327179,0.921018362045288,-0.43695142865181,-0.354547321796417,0.728748381137848,-0.39025068283081
0.593418419361115,-0.17371454834938,0.920994937419891,-0.454415827989578,-0.36636084318161,0.715205132961273,-0.384405583143234
0.595430672168732,-0.173557281494141,0.921117663383484,-0.454198628664017,-0.363196492195129,0.714996993541718,-0.388035118579865
0.59768009185791,-0.173976555466652,0.921457409858704,-0.45354375243187,-0.357001394033432,0.717129588127136,-0.390606284141541
0.599938273429871,-0.173711478710175,0.921978056430817,-0.452585279941559,-0.360306859016418,0.712705135345459,-0.396733045578003
0.599938273429871,-0.173711478710175,0.921978056430817,-0.452585279941559,-0.360306859016418,0.712705135345459,-0.396733045578003
0.604430377483368,-0.173773363232613,0.922727823257446,-0.453040868043899,-0.356223553419113,0.711402297019958,-0.402201026678085
0.606505453586578,-0.174270629882812,0.923021912574768,-0.453296661376953,-0.355886191129684,0.711363852024078,-0.402279406785965
0.608768463134766,-0.17412631213665,0.92368745803833,-0.454374194145203,-0.357025444507599,0.708246886730194,-0.405540704727173
0.611087024211884,-0.174111679196358,0.924259841442108,-0.454577028751373,-0.357903271913528,0.705804765224457,-0.408784568309784
0.612748444080353,-0.174292355775833,0.92457115650177,-0.454265534877777,-0.359123945236206,0.703530192375183,-0.411968469619751
0.615052103996277,-0.174144387245178,0.925023913383484,-0.453570127487183,-0.35699599981308,0.703376114368439,-0.414837270975113
0.616794884204865,-0.174327149987221,0.925464928150177,-0.454728335142136,-0.356087863445282,0.702783405780792,-0.415354073047638
0.618952929973602,-0.174305379390716,0.926191449165344,-0.455231547355652,-0.35596489906311,0.700387358665466,-0.418940186500549
0.620699763298035,-0.174563676118851,0.926715195178986,-0.45566925406456,-0.355989158153534,0.699049651622772,-0.420674353837967
0.622748613357544,-0.174375578761101,0.927277326583862,-0.456608712673187,-0.352617472410202,0.699817597866058,-0.421218305826187
0.624396443367004,-0.174920290708542,0.927814960479736,-0.457861185073852,-0.355271637439728,0.696887493133545,-0.422484487295151
0.625152885913849,-0.176131457090378,0.928799688816071,-0.464641243219376,-0.379727900028229,0.677144467830658,-0.425899773836136
0.628116607666016,-0.174638599157333,0.929117321968079,-0.458978235721588,-0.357583284378052,0.69133061170578,-0.428410202264786
0.629869282245636,-0.174866229295731,0.929472923278809,-0.458882749080658,-0.351945996284485,0.69487476348877,-0.427445709705353
0.630143225193024,-0.174812361598015,0.929163813591003,-0.465435445308685,-0.358283430337906,0.688712418079376,-0.425062507390976
0.632924675941467,-0.174841120839119,0.930602133274078,-0.459182649850845,-0.35790541768074,0.687816619873047,-0.433547466993332
0.633603453636169,-0.175909981131554,0.931668519973755,-0.462490081787109,-0.377297967672348,0.673736035823822,-0.435693621635437
0.635959684848785,-0.174708217382431,0.931767702102661,-0.458557069301605,-0.354893893003464,0.688561081886292,-0.435499310493469
0.637233197689056,-0.17471607029438,0.932244777679443,-0.458471596240997,-0.354586154222488,0.687731325626373,-0.437147676944733
0.637615859508514,-0.175963148474693,0.933010339736938,-0.465638220310211,-0.376568794250488,0.670494914054871,-0.437965273857117
0.638466417789459,-0.176116436719894,0.93325400352478,-0.46703839302063,-0.376028209924698,0.669369876384735,-0.438659101724625
0.639944553375244,-0.175812616944313,0.933597087860107,-0.46492326259613,-0.374789178371429,0.669170677661896,-0.442255586385727
0.64103627204895,-0.175852745771408,0.933994889259338,-0.465279638767242,-0.37237012386322,0.669643819332123,-0.443207055330276
0.642071604728699,-0.1756671667099,0.934173047542572,-0.463697344064713,-0.373490691184998,0.668994605541229,-0.44489985704422
0.643683612346649,-0.174634218215942,0.934093236923218,-0.45941224694252,-0.353652834892273,0.68258798122406,-0.444908767938614
0.644934952259064,-0.174422651529312,0.934385716915131,-0.458108574151993,-0.352511018514633,0.683217108249664,-0.44619157910347
0.645644962787628,-0.174486383795738,0.934625864028931,-0.45908996462822,-0.354351311922073,0.680969178676605,-0.447160720825195
0.646518588066101,-0.174312472343445,0.934783041477203,-0.458435624837875,-0.35242748260498,0.681805849075317,-0.448076456785202
0.646266400814056,-0.175513923168182,0.935336709022522,-0.462986975908279,-0.374683350324631,0.666029274463654,-0.449066191911697
0.64678943157196,-0.175566241145134,0.935475051403046,-0.463519632816315,-0.37397226691246,0.665782690048218,-0.449475020170212
0.647457420825958,-0.175586491823196,0.935592949390411,-0.463273912668228,-0.37238621711731,0.666583240032196,-0.449858516454697
0.64794510602951,-0.175412565469742,0.935572326183319,-0.462831556797028,-0.372949540615082,0.666001379489899,-0.450707882642746
0.648305416107178,-0.175264462828636,0.935589909553528,-0.462549865245819,-0.373292952775955,0.66557252407074,-0.451346039772034
0.648305416107178,-0.175264462828636,0.935589909553528,-0.462549865245819,-0.373292952775955,0.66557252407074,-0.451346039772034
0.649268984794617,-0.174437969923019,0.935544669628143,-0.461146503686905,-0.373446732759476,0.664813637733459,-0.453766912221909
0.649538993835449,-0.174058437347412,0.935416758060455,-0.46045184135437,-0.374842196702957,0.663958549499512,-0.454573065042496
0.649763345718384,-0.173838376998901,0.935361862182617,-0.460728317499161,-0.374829709529877,0.663943827152252,-0.45432448387146
0.64985579252243,-0.173629611730576,0.935278654098511,-0.461049079895019,-0.375307708978653,0.664029240608215,-0.453479081392288
0.649732112884521,-0.173558935523033,0.935124933719635,-0.46229150891304,-0.374806851148605,0.664284527301788,-0.452252745628357
0.649895370006561,-0.173152089118957,0.934973955154419,-0.462257772684097,-0.376675754785538,0.663116335868835,-0.452448606491089
0.649814546108246,-0.172885090112686,0.934827506542206,-0.463452666997909,-0.377253890037537,0.662521958351135,-0.451614767313003
0.649713158607483,-0.172522246837616,0.934623897075653,-0.463592290878296,-0.376659572124481,0.663087606430054,-0.451137214899063
0.650547325611115,-0.171024829149246,0.934036552906036,-0.458959013223648,-0.355674743652344,0.678778767585754,-0.449568212032318
0.649243235588074,-0.172057062387466,0.934237360954285,-0.464855283498764,-0.375373095273972,0.664746642112732,-0.448460340499878
0.649192690849304,-0.171609178185463,0.934115052223206,-0.464227437973022,-0.376048147678375,0.664703488349915,-0.448608994483948
0.648902714252472,-0.171244576573372,0.933834254741669,-0.464314043521881,-0.377911627292633,0.663642466068268,-0.448524177074432
0.648670434951782,-0.170984774827957,0.93365204334259,-0.463482737541199,-0.377701938152313,0.664815545082092,-0.44782280921936
0.648126900196075,-0.170924723148346,0.933360457420349,-0.46426448225975,-0.377881497144699,0.665144741535187,-0.446370452642441
0.647717595100403,-0.170813471078873,0.933200836181641,-0.464732438325882,-0.379822254180908,0.664549112319946,-0.445121765136719
0.64751535654068,-0.170557498931885,0.933073878288269,-0.464361786842346,-0.381968379020691,0.663915812969208,-0.444616854190826
0.64715176820755,-0.170291870832443,0.93282163143158,-0.463616639375687,-0.383754044771194,0.663863122463226,-0.443935036659241
0.647639989852905,-0.168915167450905,0.932185292243958,-0.458034515380859,-0.363174557685852,0.680079400539398,-0.442493617534637
0.646245181560516,-0.169982075691223,0.932275772094727,-0.462287396192551,-0.382965207099914,0.666873633861542,-0.441483289003372
0.645754754543304,-0.169919699430466,0.932007789611816,-0.46151939034462,-0.38277941942215,0.668154656887054,-0.440510004758835
0.645434021949768,-0.169928982853889,0.931874811649322,-0.460853576660156,-0.383359372615814,0.669334471225739,-0.438908845186234
0.645871818065643,-0.168832823634148,0.931286215782166,-0.455787867307663,-0.364096492528915,0.683976829051971,-0.438026189804077
0.644149720668793,-0.170300453901291,0.931369841098785,-0.463554263114929,-0.387152969837189,0.667411804199219,-0.435650736093521
0.643707573413849,-0.170348718762398,0.931119501590729,-0.46319642663002,-0.386416882276535,0.668067872524261,-0.435679495334625
0.643165290355682,-0.170284390449524,0.930702924728394,-0.461231231689453,-0.385800898075104,0.668652713298798,-0.437409490346909
0.642647325992584,-0.170445829629898,0.930411338806152,-0.46108940243721,-0.386682003736496,0.668457806110382,-0.43707874417305
0.642038106918335,-0.170551612973213,0.930052280426025,-0.459536701440811,-0.387146204710007,0.669460475444794,-0.436768263578415
0.641526162624359,-0.170779079198837,0.929807066917419,-0.459531247615814,-0.388231068849564,0.669346153736115,-0.435985565185547
0.641952991485596,-0.16985921561718,0.92921769618988,-0.454403698444366,-0.370197296142578,0.683274984359741,-0.435438394546509
0.641952991485596,-0.16985921561718,0.92921769618988,-0.454403698444366,-0.370197296142578,0.683274984359741,-0.435438394546509
0.640019237995148,-0.171450883150101,0.929104328155518,-0.461097329854965,-0.393031924962997,0.666697204113007,-0.43408527970314
0.63859349489212,-0.169642567634582,0.927423298358917,-0.45174303650856,-0.364327669143677,0.689472198486328,-0.433383971452713
0.63859349489212,-0.169642567634582,0.927423298358917,-0.45174303650856,-0.364327669143677,0.689472198486328,-0.433383971452713
0.637518227100372,-0.169986471533775,0.926803529262543,-0.451947599649429,-0.36553367972374,0.68971449136734,-0.431766718626022
0.637825489044189,-0.172572523355484,0.927664160728455,-0.459746718406677,-0.389433085918427,0.673088192939758,-0.428867399692535
0.637309074401855,-0.172320604324341,0.92743456363678,-0.458787471055984,-0.391827583312988,0.670840263366699,-0.43122923374176
0.636599183082581,-0.172628745436668,0.92691957950592,-0.459351748228073,-0.39077216386795,0.672275185585022,-0.429347455501556
0.637153744697571,-0.171440452337265,0.926190376281738,-0.453654825687408,-0.369880825281143,0.687695324420929,-0.429488956928253
0.636565685272217,-0.171626329421997,0.925937712192535,-0.454286366701126,-0.370608747005463,0.687425315380096,-0.428625226020813
0.636565685272217,-0.171626329421997,0.925937712192535,-0.454286366701126,-0.370608747005463,0.687425315380096,-0.428625226020813
0.635599672794342,-0.172014638781547,0.925469875335693,-0.455725014209747,-0.36807256937027,0.689040780067444,-0.42668491601944
0.635140657424927,-0.17209666967392,0.92513632774353,-0.456019252538681,-0.365678519010544,0.690696656703949,-0.425750911235809
0.634394466876984,-0.172796949744224,0.924799501895904,-0.458137035369873,-0.366788327693939,0.690687835216522,-0.422524631023407
0.633640944957733,-0.17254102230072,0.92443311214447,-0.456475645303726,-0.366786479949951,0.689849138259888,-0.425682812929153
0.633640944957733,-0.17254102230072,0.92443311214447,-0.456475645303726,-0.366786479949951,0.689849138259888,-0.425682812929153
0.632604420185089,-0.172884970903397,0.924081087112427,-0.457280486822128,-0.36497300863266,0.691107392311096,-0.424334675073624
0.631991565227509,-0.173417598009109,0.924019813537598,-0.458465427160263,-0.364259451627731,0.692246556282043,-0.421804577112198
0.631646692752838,-0.173440530896187,0.923961877822876,-0.457837074995041,-0.363844573497772,0.692656755447388,-0.422171711921692
0.630987882614136,-0.173720598220825,0.923669099807739,-0.456737279891968,-0.36294013261795,0.694362759590149,-0.421338409185409
0.630538940429688,-0.174008131027222,0.923653960227966,-0.457953184843063,-0.363899350166321,0.693831443786621,-0.420064330101013
0.630538940429688,-0.174008131027222,0.923653960227966,-0.457953184843063,-0.363899350166321,0.693831443786621,-0.420064330101013
0.629212439060211,-0.174739941954613,0.92351245880127,-0.460409611463547,-0.362301141023636,0.694400727748871,-0.417813956737518
0.628639876842499,-0.174932241439819,0.923393070697784,-0.45948737859726,-0.361907839775085,0.695781469345093,-0.416872054338455
0.628057837486267,-0.175230368971825,0.923381805419922,-0.460572600364685,-0.364868581295013,0.693652749061584,-0.416640847921371
0.627295136451721,-0.175352022051811,0.923036813735962,-0.458805650472641,-0.361312448978424,0.696687757968903,-0.416625678539276
0.626782476902008,-0.175611346960068,0.922906637191772,-0.458938449621201,-0.360149890184402,0.697773158550262,-0.415668517351151
0.62592089176178,-0.176242142915726,0.922819554805756,-0.460793733596802,-0.361053675413132,0.697233438491821,-0.413732916116714
0.625306963920593,-0.176520928740501,0.922662854194641,-0.460495263338089,-0.359791547060013,0.698038339614868,-0.41380763053894
0.624810516834259,-0.176921427249908,0.922651648521423,-0.461042106151581,-0.358712583780289,0.699286758899689,-0.412023782730102
0.624392032623291,-0.17712764441967,0.922607958316803,-0.460189074277878,-0.3599474132061,0.69918304681778,-0.412076443433762
0.623719930648804,-0.177529230713844,0.922487616539002,-0.460182845592499,-0.361228853464127,0.698578298091888,-0.411987662315369
0.623193621635437,-0.177809804677963,0.922324478626251,-0.459480851888657,-0.359903216362,0.700057625770569,-0.411419928073883
0.622480988502502,-0.178196281194687,0.92217218875885,-0.45998603105545,-0.357018053531647,0.70220422744751,-0.409707546234131
0.621777892112732,-0.178579181432724,0.922094285488129,-0.460754692554474,-0.358625620603561,0.701255321502686,-0.409064680337906
0.621412754058838,-0.178670614957809,0.921925485134125,-0.458437919616699,-0.357790499925613,0.702815115451813,-0.409721255302429
0.620885491371155,-0.178928151726723,0.921769857406616,-0.45857971906662,-0.35769385099411,0.703062951564789,-0.409221649169922
0.620124876499176,-0.179351836442947,0.921613216400146,-0.459634184837341,-0.360216200351715,0.701516032218933,-0.408480256795883
0.61956399679184,-0.179661959409714,0.921325504779816,-0.459222733974457,-0.360109627246857,0.701916098594666,-0.408349573612213
0.61888575553894,-0.180199921131134,0.921035528182983,-0.45997080206871,-0.357349902391434,0.704339802265167,-0.40575036406517
0.618357837200165,-0.18037423491478,0.920814990997314,-0.459347575902939,-0.358904659748077,0.70363175868988,-0.406312227249146
0.617755591869354,-0.180513992905617,0.920558869838715,-0.459218978881836,-0.358738720417023,0.704059600830078,-0.405862867832184
0.617177486419678,-0.18072298169136,0.920238077640533,-0.458722442388534,-0.358139604330063,0.705036699771881,-0.405256778001785
0.616264760494232,-0.181236937642097,0.919763922691345,-0.459728837013245,-0.35837110877037,0.705512166023254,-0.403078496456146
0.615762531757355,-0.181364104151726,0.919452965259552,-0.459823936223984,-0.359367430210114,0.70521080493927,-0.402610123157501
0.614965200424194,-0.181642070412636,0.918912053108215,-0.459812045097351,-0.358948469161987,0.705579042434692,-0.402352184057236
0.614243447780609,-0.182109981775284,0.918534159660339,-0.460627794265747,-0.358527392148972,0.70578795671463,-0.401426732540131
0.613572001457214,-0.182627558708191,0.917974710464478,-0.464563101530075,-0.36168509721756,0.704890787601471,-0.395593166351318
0.612859308719635,-0.182885259389877,0.917402267456055,-0.464744091033935,-0.361293882131576,0.705586075782776,-0.394497096538544
0.612186253070831,-0.183267503976822,0.917111873626709,-0.464862644672394,-0.365527957677841,0.702951312065125,-0.395159870386124
0.611152768135071,-0.18388307094574,0.91620135307312,-0.461869418621063,-0.361298263072967,0.708129167556763,-0.393310517072678
0.610403001308441,-0.18412446975708,0.915471374988556,-0.461417883634567,-0.359625369310379,0.70946592092514,-0.392964869737625
0.609531342983246,-0.184559434652328,0.914911985397339,-0.461973309516907,-0.362699896097183,0.707817494869232,-0.392458528280258
0.608773827552795,-0.184714898467064,0.91442596912384,-0.461508244276047,-0.365617305040359,0.705806910991669,-0.393917232751846
0.607884109020233,-0.185154736042023,0.913886904716492,-0.45997166633606,-0.366780281066894,0.705875217914581,-0.394510358572006
0.606963157653809,-0.185719192028046,0.913004100322723,-0.459590256214142,-0.364808052778244,0.708552658557892,-0.391975820064545
0.606026589870453,-0.186148092150688,0.91237223148346,-0.459637731313705,-0.366655826568604,0.707731783390045,-0.391679048538208
0.605388104915619,-0.186252728104591,0.911876082420349,-0.460782289505005,-0.370852142572403,0.704576432704926,-0.392072141170502
0.604296684265137,-0.186518684029579,0.911011219024658,-0.456061780452728,-0.369967818260193,0.707302927970886,-0.39351499080658
0.603311240673065,-0.186844557523727,0.91009533405304,-0.454931616783142,-0.370808601379394,0.708343803882599,-0.392157286405563
0.602347791194916,-0.187266796827316,0.909400463104248,-0.454679429531097,-0.373304218053818,0.707117259502411,-0.392295449972153
0.601822078227997,-0.187417477369308,0.908809304237366,-0.455003082752228,-0.375578582286835,0.705726027488708,-0.392254799604416
0.600623965263367,-0.187727034091949,0.907959878444672,-0.450849443674088,-0.375432580709457,0.707711517810822,-0.393611073493958
0.599870562553406,-0.188235744833946,0.907207190990448,-0.451715469360352,-0.377298533916473,0.707682847976685,-0.390875786542892
0.598825514316559,-0.188531100749969,0.90647542476654,-0.451597481966019,-0.381767243146896,0.70505166053772,-0.391427993774414
0.598073184490204,-0.18864943087101,0.90549910068512,-0.445326775312424,-0.378085374832153,0.708785653114319,-0.395421922206879
0.597227931022644,-0.189019709825516,0.904787719249725,-0.444556534290314,-0.380947142839432,0.708374321460724,-0.394277304410934
0.59636402130127,-0.189610153436661,0.903964579105377,-0.443669080734253,-0.379628241062164,0.711167454719543,-0.391511201858521
0.595588386058807,-0.189902320504189,0.90337336063385,-0.446013122797012,-0.387468785047531,0.706627309322357,-0.389381855726242
0.594383597373962,-0.189942866563797,0.902239739894867,-0.441246330738068,-0.385694086551666,0.708561480045319,-0.393042713403702
0.593769311904907,-0.190009459853172,0.901449084281921,-0.440158307552338,-0.386910259723663,0.708625912666321,-0.392951130867004
0.592659115791321,-0.190621122717857,0.900701522827148,-0.441719084978104,-0.391375422477722,0.706307232379913,-0.390947163105011
0.592185080051422,-0.190561220049858,0.900075435638428,-0.44317889213562,-0.397224485874176,0.703288972377777,-0.388831406831741
0.591082334518433,-0.190942585468292,0.899082839488983,-0.444013267755508,-0.396899998188019,0.704128801822662,-0.38668504357338
0.590186417102814,-0.190895929932594,0.898098945617676,-0.44020140171051,-0.393912523984909,0.707173705101013,-0.38853707909584
0.589639246463776,-0.19110780954361,0.897354960441589,-0.44193035364151,-0.395063191652298,0.706578135490417,-0.386484295129776
0.588735938072205,-0.191535606980324,0.896438360214233,-0.443402498960495,-0.394761741161346,0.707301199436188,-0.383773922920227
0.587765276432037,-0.191879406571388,0.895377993583679,-0.444074273109436,-0.392836660146713,0.70819091796875,-0.383331775665283
0.587765276432037,-0.191879406571388,0.895377993583679,-0.444074273109436,-0.392836660146713,0.70819091796875,-0.383331775665283
0.58605420589447,-0.191801741719246,0.893460154533386,-0.441935688257217,-0.394554436206818,0.707702219486237,-0.384938061237335
0.585168898105621,-0.192232176661491,0.892549633979797,-0.442971616983414,-0.397569745779037,0.70574015378952,-0.384246438741684
0.584042429924011,-0.192668154835701,0.891464352607727,-0.444559395313263,-0.396871387958527,0.705911159515381,-0.382817715406418
0.583249807357788,-0.192854404449463,0.890442430973053,-0.443925261497498,-0.40172216296196,0.703418850898743,-0.383081823587418
0.582352101802826,-0.193313926458359,0.889704942703247,-0.445555955171585,-0.404355585575104,0.701266586780548,-0.382363349199295
0.581179320812225,-0.193534851074219,0.888517320156097,-0.443725287914276,-0.401303946971893,0.703493595123291,-0.383614212274551
0.580131113529205,-0.194300815463066,0.887593746185303,-0.447191327810287,-0.404420435428619,0.70145046710968,-0.380041241645813
0.579250276088715,-0.194419845938683,0.886685252189636,-0.446926832199097,-0.402146935462952,0.702378392219543,-0.38104972243309
0.577773451805115,-0.194855242967606,0.885518193244934,-0.445415526628494,-0.400283545255661,0.70382696390152,-0.382107108831406
0.576586186885834,-0.195205152034759,0.884499430656433,-0.446102678775787,-0.398689359426498,0.705027103424072,-0.380757242441177
0.575582444667816,-0.19578330218792,0.883634209632874,-0.449246555566788,-0.400641560554504,0.703655004501343,-0.377536237239838
0.574100077152252,-0.196409493684769,0.882465004920959,-0.450839668512344,-0.398572146892548,0.704790115356445,-0.375705897808075
0.572845458984375,-0.196811333298683,0.881558299064636,-0.449282884597778,-0.395223736763,0.707069396972656,-0.376823782920837
0.571646213531494,-0.197568744421005,0.880683422088623,-0.452728629112244,-0.396138221025467,0.70625102519989,-0.373257219791412
0.570311427116394,-0.198032408952713,0.879720985889435,-0.454092502593994,-0.39534467458725,0.70619660615921,-0.372544080018997
0.568942904472351,-0.198436915874481,0.878825604915619,-0.45170995593071,-0.394939720630646,0.706933617591858,-0.374467104673386
0.568942904472351,-0.198436915874481,0.878825604915619,-0.45170995593071,-0.394939720630646,0.706933617591858,-0.374467104673386
0.566431939601898,-0.199181631207466,0.877051413059235,-0.4560506939888,-0.39422994852066,0.705538213253021,-0.372580617666245
0.565118908882141,-0.199580207467079,0.876045107841492,-0.455747246742248,-0.392161041498184,0.707436680793762,-0.371534258127213
0.563626289367676,-0.20416921377182,0.877610087394714,-0.475004553794861,-0.447028011083603,0.662420749664307,-0.368422955274582
0.562600672245026,-0.204558685421944,0.877023577690125,-0.476277440786362,-0.448965847492218,0.66012704372406,-0.368540048599243
0.558089017868042,-0.199331566691399,0.87264621257782,-0.454676538705826,-0.380592972040176,0.715449273586273,-0.369527459144592
0.556678712368011,-0.199683949351311,0.87180507183075,-0.451211661100388,-0.378538936376572,0.717850387096405,-0.371223866939545
0.558775842189789,-0.206058159470558,0.875083923339844,-0.47573983669281,-0.444921255111694,0.66533225774765,-0.364759892225266
0.557466328144073,-0.205850213766098,0.874503612518311,-0.473723232746124,-0.446130096912384,0.663808047771454,-0.368664115667343
0.554136514663696,-0.200702264904976,0.870772182941437,-0.441821902990341,-0.377878546714783,0.724251091480255,-0.370758265256882
0.551954448223114,-0.201152950525284,0.869780421257019,-0.450796842575073,-0.384087979793549,0.717665195465088,-0.36635422706604
0.554035902023315,-0.206750646233559,0.873332738876343,-0.472053676843643,-0.451117813587189,0.663870632648468,-0.364601016044617
0.552964329719543,-0.206609234213829,0.872904181480408,-0.470130801200867,-0.449138611555099,0.666838467121124,-0.364112496376038
0.551407158374786,-0.203330412507057,0.87025773525238,-0.452768534421921,-0.401758223772049,0.707665860652924,-0.364417314529419
0.550829172134399,-0.207019135355949,0.872490525245667,-0.467658430337906,-0.453473150730133,0.666104555130005,-0.363266438245773
0.549620270729065,-0.206816717982292,0.872117877006531,-0.465960830450058,-0.450178444385529,0.670114755630493,-0.362168669700623
0.548666894435883,-0.203645065426826,0.869948267936707,-0.44966721534729,-0.404404431581497,0.709094882011414,-0.362547844648361
0.547725856304169,-0.206871673464775,0.871757626533508,-0.463281214237213,-0.453837990760803,0.671852111816406,-0.357793569564819
0.547725856304169,-0.206871673464775,0.871757626533508,-0.463281214237213,-0.453837990760803,0.671852111816406,-0.357793569564819
0.545331060886383,-0.20372474193573,0.869111597537994,-0.443939447402954,-0.410514235496521,0.711019575595856,-0.358952611684799
0.545331060886383,-0.20372474193573,0.869111597537994,-0.443939447402954,-0.410514235496521,0.711019575595856,-0.358952611684799
0.544325590133667,-0.206839635968208,0.871225595474243,-0.458674669265747,-0.458464324474335,0.674470782279968,-0.352870374917984
0.543681919574738,-0.206729590892792,0.871247291564941,-0.45686474442482,-0.456811189651489,0.678312838077545,-0.349985480308533
0.543038487434387,-0.207033768296242,0.871174812316895,-0.458292782306671,-0.464919000864029,0.672997295856476,-0.347696512937546
0.542052507400513,-0.206686452031136,0.8708456158638,-0.456472545862198,-0.460689336061478,0.678378343582153,-0.345254898071289
0.539405286312103,-0.202337935566902,0.86811101436615,-0.43799352645874,-0.414292097091675,0.718089640140533,-0.347665160894394
0.538927257061005,-0.202349349856377,0.867977261543274,-0.437708169221878,-0.416061162948608,0.717885494232178,-0.346331030130386
0.538492918014526,-0.202408462762833,0.867881178855896,-0.436061441898346,-0.417356878519058,0.71871680021286,-0.345123082399368
0.538492918014526,-0.202408462762833,0.867881178855896,-0.436061441898346,-0.417356878519058,0.71871680021286,-0.345123082399368
0.537446022033691,-0.202750384807587,0.867527782917023,-0.433650344610214,-0.421003669500351,0.719053506851196,-0.343023777008057
0.537446022033691,-0.202750384807587,0.867527782917023,-0.433650344610214,-0.421003669500351,0.719053506851196,-0.343023777008057
0.53909695148468,-0.206060692667961,0.869370698928833,-0.448294788599014,-0.467687368392944,0.683209300041199,-0.336935341358185
0.538963258266449,-0.206093922257423,0.869134426116943,-0.447426438331604,-0.468434929847717,0.683471262454987,-0.336519539356232
0.538912355899811,-0.206492140889168,0.868921160697937,-0.446124494075775,-0.47091418504715,0.682177841663361,-0.337411046028137
0.53874009847641,-0.204076334834099,0.866831421852112,-0.432847261428833,-0.437572419643402,0.711218655109406,-0.339619904756546
0.538899600505829,-0.204316437244415,0.866471946239471,-0.430751591920853,-0.438929975032806,0.711624622344971,-0.339682310819626
0.538371205329895,-0.205397054553032,0.866548895835876,-0.434608459472656,-0.4540696144104,0.700099408626556,-0.338817447423935
0.53871750831604,-0.205590307712555,0.865955770015717,-0.43272265791893,-0.454995393753052,0.700128614902496,-0.339926987886429
0.539268255233765,-0.205744400620461,0.865553736686707,-0.430683583021164,-0.451564699411392,0.702801764011383,-0.341571152210236
0.540054023265839,-0.207320719957352,0.866005063056946,-0.435009598731995,-0.469040811061859,0.688946843147278,-0.340763300657272
0.54057902097702,-0.208044245839119,0.865740180015564,-0.434490919113159,-0.473712831735611,0.685730278491974,-0.341449797153473
0.540372550487518,-0.207404717803001,0.864073038101196,-0.425885170698166,-0.463480770587921,0.695749402046204,-0.346035033464432
0.541910648345947,-0.209199890494347,0.864698588848114,-0.429210603237152,-0.480239629745483,0.682489097118378,-0.345480561256409
0.541759550571442,-0.208485141396522,0.86295759677887,-0.423678606748581,-0.466292589902878,0.693205714225769,-0.350048035383224
0.542498588562012,-0.209143117070198,0.862480461597443,-0.421721905469894,-0.467647284269333,0.691798150539398,-0.353372126817703
0.543838322162628,-0.209533333778381,0.861907601356506,-0.418324291706085,-0.469640880823135,0.691680788993835,-0.35499295592308
0.544378936290741,-0.210390299558639,0.861226379871368,-0.418749511241913,-0.471790641546249,0.688863694667816,-0.357112288475037
0.545683145523071,-0.210502237081528,0.860619425773621,-0.41527995467186,-0.473236054182053,0.68774950504303,-0.361373633146286
0.546773612499237,-0.212007477879524,0.860525667667389,-0.413586437702179,-0.482337564229965,0.68006956577301,-0.36578956246376
0.54822188615799,-0.214018270373344,0.860913753509521,-0.421687662601471,-0.502809822559357,0.661289513111115,-0.363398134708404
0.54892110824585,-0.214429706335068,0.860212922096252,-0.416192442178726,-0.503380417823792,0.660800814628601,-0.369776099920273
0.55028623342514,-0.215059727430344,0.859555661678314,-0.412929624319076,-0.50271999835968,0.662512004375458,-0.371267557144165
0.551288664340973,-0.215833127498627,0.859054327011108,-0.413903564214706,-0.50425124168396,0.659476339817047,-0.373504400253296
0.552433729171753,-0.216649994254112,0.858894765377045,-0.413533866405487,-0.507117688655853,0.656936347484589,-0.3745077252388
0.553031325340271,-0.21565817296505,0.85685008764267,-0.403781056404114,-0.483808308839798,0.676655828952789,-0.380824685096741
0.554133772850037,-0.216503575444221,0.856264472007751,-0.403880000114441,-0.486963391304016,0.67381876707077,-0.381727457046509
0.555103898048401,-0.217202633619308,0.85579127073288,-0.402730762958527,-0.486750155687332,0.673748373985291,-0.383334547281265
0.556173980236053,-0.218194887042046,0.855221390724182,-0.402827858924866,-0.484337210655212,0.675198316574097,-0.383737593889236
0.557483553886414,-0.220220059156418,0.855638980865479,-0.408237546682358,-0.502922594547272,0.659039914608002,-0.382200807332992
0.558901309967041,-0.22102552652359,0.85525918006897,-0.407346397638321,-0.502253651618958,0.658809721469879,-0.384421557188034
0.560003042221069,-0.22203965485096,0.854713916778564,-0.408652424812317,-0.49854588508606,0.660331904888153,-0.385249316692352
0.561048924922943,-0.222878828644753,0.854091107845306,-0.40824368596077,-0.500056624412537,0.658559858798981,-0.386755168437958
0.562625646591187,-0.223796859383583,0.853975236415863,-0.408241897821426,-0.497857362031937,0.658686339855194,-0.389370203018188
0.563766241073608,-0.224890455603599,0.853235483169556,-0.408468693494797,-0.50165867805481,0.655768811702728,-0.389177650213242
0.565228760242462,-0.225686714053154,0.852852761745453,-0.40985894203186,-0.498508095741272,0.655895113945007,-0.391544461250305
0.566073179244995,-0.22546948492527,0.851222813129425,-0.404238522052765,-0.4850113093853,0.666648030281067,-0.396151036024094
0.567597806453705,-0.226222813129425,0.850711166858673,-0.405561029911041,-0.482068926095963,0.667006611824036,-0.39778396487236
0.569079518318176,-0.22735695540905,0.850333154201508,-0.40706729888916,-0.481774419546127,0.666031539440155,-0.39823591709137
0.570793688297272,-0.229070991277695,0.850390434265137,-0.410818099975586,-0.494780004024506,0.653708577156067,-0.398856192827225
0.572257399559021,-0.230028450489044,0.849801123142242,-0.411909133195877,-0.494038581848144,0.653310894966125,-0.399301499128342
0.573916912078857,-0.231241315603256,0.849744975566864,-0.414046466350555,-0.498529046773911,0.647561252117157,-0.400872677564621
0.575218141078949,-0.231615588068962,0.84874027967453,-0.412942677736282,-0.490531265735626,0.6528559923172,-0.403282195329666
0.576845109462738,-0.232757836580276,0.848422229290009,-0.413814306259155,-0.493535846471786,0.649703860282898,-0.40381309390068
0.578427135944366,-0.233856201171875,0.847934544086456,-0.414454281330109,-0.494808822870255,0.647027254104614,-0.405891269445419
0.579937517642975,-0.234228625893593,0.847342729568481,-0.413720458745956,-0.490275323390961,0.649371862411499,-0.408389359712601
0.581795036792755,-0.235361903905869,0.847196161746979,-0.414052367210388,-0.494208931922913,0.644238352775574,-0.411430478096008
0.583197057247162,-0.235997378826141,0.84649521112442,-0.414111584424972,-0.492720037698746,0.644434750080109,-0.412846773862839
0.584345936775208,-0.235441923141479,0.845134735107422,-0.411795973777771,-0.47766700387001,0.654416978359222,-0.417129158973694
0.586502969264984,-0.237259358167648,0.845593214035034,-0.413484036922455,-0.488024681806564,0.645089387893677,-0.417998671531677
0.587996304035187,-0.237823739647865,0.844927549362183,-0.412709593772888,-0.490172982215881,0.642611443996429,-0.420061588287354
0.587996304035187,-0.237823739647865,0.844927549362183,-0.412709593772888,-0.490172982215881,0.642611443996429,-0.420061588287354
0.590619146823883,-0.238098323345184,0.843350768089294,-0.409548193216324,-0.475453078746796,0.651422083377838,-0.426455110311508
0.59265273809433,-0.24013315141201,0.843725085258484,-0.414192765951157,-0.497521102428436,0.632399797439575,-0.425426602363586
0.59392923116684,-0.240443855524063,0.843251883983612,-0.412993848323822,-0.49393093585968,0.634698688983917,-0.427347987890243
0.595167636871338,-0.241361856460571,0.84294581413269,-0.414221048355102,-0.49868905544281,0.629778802394867,-0.427912414073944
0.596222639083862,-0.241326510906219,0.842189192771912,-0.412798047065735,-0.492248892784119,0.633852779865265,-0.430719554424286
0.597759425640106,-0.242121696472168,0.842390418052673,-0.414703339338303,-0.496325731277466,0.628589749336243,-0.431922823190689
0.598649680614471,-0.242132112383842,0.841664791107178,-0.41388002038002,-0.491290092468262,0.631681621074677,-0.433953642845154
0.599996984004974,-0.242916017770767,0.8417888879776,-0.419807761907578,-0.494576722383499,0.62663459777832,-0.431838542222977
0.600712716579437,-0.24344964325428,0.841306924819946,-0.417424559593201,-0.490032702684402,0.629906535148621,-0.434560000896454
0.602360665798187,-0.243919104337692,0.841143250465393,-0.416859477758408,-0.494903355836868,0.627388417720795,-0.43322342634201
0.603049993515015,-0.24400720000267,0.840925693511963,-0.4181267619133,-0.486276775598526,0.630807161331177,-0.436792284250259
0.603593587875366,-0.24348321557045,0.839733183383942,-0.415099322795868,-0.474496752023697,0.639912188053131,-0.43938335776329
0.605311989784241,-0.244794130325317,0.840203881263733,-0.416635811328888,-0.487897485494614,0.629517018795013,-0.438268214464188
0.60615736246109,-0.245554611086845,0.840334415435791,-0.419291228055954,-0.491529762744904,0.625398933887482,-0.437572509050369
0.60714852809906,-0.245612502098083,0.840156435966492,-0.415619730949402,-0.490621268749237,0.625346660614014,-0.442145317792892
0.60825377702713,-0.246298030018806,0.840313076972961,-0.417101800441742,-0.496665805578232,0.619011580944061,-0.442915171384811
0.608992099761963,-0.246311873197555,0.839875817298889,-0.414508193731308,-0.49530366063118,0.620897710323334,-0.444233328104019
0.609778881072998,-0.246408224105835,0.839723706245422,-0.413086354732513,-0.493169248104095,0.622246026992798,-0.446042269468307
0.610730767250061,-0.246985778212547,0.840021371841431,-0.414245754480362,-0.495892316102982,0.618872404098511,-0.446640968322754
0.611634969711304,-0.247206211090088,0.839848160743713,-0.412058234214783,-0.497529983520508,0.61906111240387,-0.446581810712814
0.612413644790649,-0.247363835573196,0.839912176132202,-0.410013973712921,-0.497181206941605,0.620054602622986,-0.447472631931305
0.613129436969757,-0.247886657714844,0.840341567993164,-0.410098522901535,-0.50325870513916,0.614649176597595,-0.448058217763901
0.612755715847015,-0.246916100382805,0.839660465717316,-0.405780822038651,-0.487134724855423,0.627918243408203,-0.451398402452469
0.614048779010773,-0.247124329209328,0.83941125869751,-0.40372160077095,-0.486614793539047,0.630401015281677,-0.450343906879425
0.614216148853302,-0.247397214174271,0.840070486068726,-0.404895126819611,-0.487804263830185,0.62702739238739,-0.452707409858704
0.615588545799255,-0.248254880309105,0.84094226360321,-0.404871046543121,-0.499698013067245,0.618202209472656,-0.451893270015716
0.616269648075104,-0.248385101556778,0.841179490089417,-0.406648546457291,-0.501556992530823,0.616129696369171,-0.451067417860031
0.616752743721008,-0.24849659204483,0.841362953186035,-0.406027793884277,-0.502252638339996,0.615805149078369,-0.45129582285881
0.617274641990662,-0.248602390289307,0.841588973999023,-0.40494903922081,-0.502980291843414,0.615551114082336,-0.451800882816315
0.617668151855469,-0.248908594250679,0.841732740402222,-0.40115949511528,-0.502239644527435,0.61797297000885,-0.452698409557342
0.618394017219543,-0.248925343155861,0.842025876045227,-0.399334847927094,-0.503000438213348,0.617961645126343,-0.453482002019882
0.618394017219543,-0.248925343155861,0.842025876045227,-0.399334847927094,-0.503000438213348,0.617961645126343,-0.453482002019882
0.619487047195435,-0.249596804380417,0.842332184314728,-0.397085338830948,-0.506020426750183,0.617232084274292,-0.453090876340866
0.620048224925995,-0.249823749065399,0.842570543289185,-0.395933747291565,-0.508734703063965,0.615693211555481,-0.453152686357498
0.620956599712372,-0.250182837247849,0.843075513839722,-0.396993726491928,-0.515477120876312,0.610240280628204,-0.451980471611023
0.621403396129608,-0.250339537858963,0.843236088752747,-0.395642578601837,-0.516579270362854,0.609911680221558,-0.45235013961792
0.621403396129608,-0.250339537858963,0.843236088752747,-0.395642578601837,-0.516579270362854,0.609911680221558,-0.45235013961792
0.622056663036346,-0.249677926301956,0.842670321464539,-0.389836877584457,-0.50332373380661,0.621610343456268,-0.456391274929047
0.62254524230957,-0.249785155057907,0.842782020568848,-0.384914189577103,-0.503273606300354,0.623027980327606,-0.45868656039238
0.623261570930481,-0.250241369009018,0.843314528465271,-0.383541256189346,-0.510419249534607,0.618154227733612,-0.458534359931946
0.623751997947693,-0.250335186719894,0.84336119890213,-0.381921201944351,-0.511152029037476,0.618094861507416,-0.459149986505508
0.624625623226166,-0.25043386220932,0.843573093414307,-0.381549298763275,-0.51445484161377,0.616996467113495,-0.457243710756302
0.624979197978973,-0.250606298446655,0.843522906303406,-0.37812677025795,-0.513382077217102,0.61696183681488,-0.461321234703064
0.625593900680542,-0.250581860542297,0.843137264251709,-0.374111086130142,-0.510677099227905,0.620888829231262,-0.462327629327774
0.625593900680542,-0.250581860542297,0.843137264251709,-0.374111086130142,-0.510677099227905,0.620888829231262,-0.462327629327774
0.626895427703857,-0.250755190849304,0.843357801437378,-0.370635807514191,-0.512631356716156,0.619004845619202,-0.465479522943497
0.627916038036346,-0.251087754964828,0.843742728233337,-0.372632414102554,-0.521479904651642,0.612609326839447,-0.462507903575897
0.628445625305176,-0.250837594270706,0.843329787254333,-0.366880506277084,-0.516310214996338,0.616723775863647,-0.46741247177124
0.629026770591736,-0.250942945480347,0.843092024326324,-0.362604260444641,-0.514407575130463,0.618602514266968,-0.470355302095413
0.630038857460022,-0.250996351242065,0.843201160430908,-0.363972365856171,-0.518550276756287,0.614055991172791,-0.470706790685654
0.630875289440155,-0.250949919223785,0.843027591705322,-0.36105477809906,-0.519357204437256,0.613663077354431,-0.472572773694992
0.631753087043762,-0.250974833965302,0.843056321144104,-0.359533786773682,-0.520528852939606,0.612498342990875,-0.473952621221542
0.632619917392731,-0.251000344753265,0.842979311943054,-0.358418852090836,-0.523123919963837,0.610047578811646,-0.475099414587021
0.633384883403778,-0.250981777906418,0.842735886573792,-0.356984466314316,-0.523431181907654,0.609898924827576,-0.476030707359314
0.634300887584686,-0.250939786434174,0.842639446258545,-0.355514407157898,-0.524431824684143,0.609012126922607,-0.47716361284256
0.635484516620636,-0.250768810510635,0.842614054679871,-0.356198370456696,-0.52614814043045,0.605737566947937,-0.47892889380455
0.636376321315765,-0.250620037317276,0.842340886592865,-0.349847584962845,-0.522728741168976,0.608453929424286,-0.483885496854782
0.637288808822632,-0.250739365816116,0.842130780220032,-0.352210313081741,-0.52740603685379,0.604578256607056,-0.481950014829636
0.638363480567932,-0.250711679458618,0.841991305351257,-0.35146763920784,-0.529243588447571,0.602791428565979,-0.482715666294098
0.639572560787201,-0.25054657459259,0.841959953308105,-0.350847244262695,-0.530332982540131,0.600955486297607,-0.484257757663727
0.640655100345612,-0.250437557697296,0.842003107070923,-0.350014299154282,-0.531542301177979,0.598783552646637,-0.486221313476562
0.641685009002686,-0.250228464603424,0.841485381126404,-0.348489165306091,-0.529477417469025,0.599737644195557,-0.488388985395432
0.642554759979248,-0.250247925519943,0.841229915618896,-0.347819536924362,-0.529567182064056,0.599175870418549,-0.489457249641418
0.643968820571899,-0.250033408403397,0.841246366500854,-0.349762976169586,-0.53326952457428,0.595398008823395,-0.488662213087082
0.644838571548462,-0.249891102313995,0.840935051441193,-0.346840739250183,-0.530862152576447,0.596564173698425,-0.491933107376099
0.646029412746429,-0.249832317233086,0.840750098228455,-0.346999764442444,-0.531747400760651,0.59439879655838,-0.493483603000641
0.647121608257294,-0.249787479639053,0.840567708015442,-0.34592467546463,-0.531838417053223,0.593914270401001,-0.494722127914429
0.648253798484802,-0.249604448676109,0.840339660644531,-0.345469236373901,-0.53118222951889,0.593085110187531,-0.496735841035843
0.649351298809052,-0.249510318040848,0.840167880058289,-0.344034314155579,-0.530714809894562,0.593265295028687,-0.498014748096466
0.650368094444275,-0.249421566724777,0.839934825897217,-0.344357579946518,-0.531037569046021,0.59118640422821,-0.499915778636932
0.651403188705444,-0.249487012624741,0.839709341526031,-0.344684958457947,-0.532797038555145,0.589506030082703,-0.499802321195602
0.652395188808441,-0.249433904886246,0.839462041854858,-0.344744354486465,-0.53244012594223,0.588409662246704,-0.501431167125702
0.653653502464294,-0.249270617961883,0.83936870098114,-0.343495815992355,-0.532383620738983,0.587761163711548,-0.503105640411377
0.654805481433868,-0.249260976910591,0.839238405227661,-0.346512258052826,-0.534310758113861,0.584094882011414,-0.503263831138611
0.655548214912415,-0.249365285038948,0.839126348495483,-0.345362246036529,-0.530638039112091,0.586249589920044,-0.505430102348328
0.656543135643005,-0.249277397990227,0.838827788829803,-0.346033841371536,-0.530512809753418,0.585730075836182,-0.505704581737518
0.657715678215027,-0.249151214957237,0.838600993156433,-0.346449762582779,-0.530691802501678,0.585111916065216,-0.505947470664978
0.657854437828064,-0.249168768525124,0.838129043579102,-0.346953958272934,-0.530628263950348,0.583500921726227,-0.507526814937592
0.659238696098328,-0.249066039919853,0.838269948959351,-0.349939048290253,-0.52670156955719,0.584620356559753,-0.508278787136078
0.659238696098328,-0.249066039919853,0.838269948959351,-0.349939048290253,-0.52670156955719,0.584620356559753,-0.508278787136078
0.660550177097321,-0.249411091208458,0.83800733089447,-0.354731023311615,-0.524188637733459,0.583549559116364,-0.50878494977951
0.661267518997192,-0.249528110027313,0.837916851043701,-0.357329040765762,-0.52306193113327,0.582687556743622,-0.509114444255829
0.661847651004791,-0.249599471688271,0.837708055973053,-0.35884702205658,-0.522224545478821,0.581980526447296,-0.509714722633362
0.662397503852844,-0.249737322330475,0.837550282478333,-0.360889405012131,-0.521227538585663,0.581228077411652,-0.510151624679565
0.662950575351715,-0.249980285763741,0.837576925754547,-0.362540781497955,-0.517733991146088,0.582819998264313,-0.510721802711487
0.66335928440094,-0.250206738710403,0.837534427642822,-0.36440321803093,-0.51754903793335,0.581438660621643,-0.511157810688019
0.66373610496521,-0.250390470027924,0.837505042552948,-0.365452080965042,-0.51678454875946,0.581023633480072,-0.511654198169708
0.664099872112274,-0.250670403242111,0.837680518627167,-0.366727977991104,-0.517787039279938,0.579423308372498,-0.511542618274689
0.664206683635712,-0.250918418169022,0.837454199790955,-0.368234932422638,-0.515780687332153,0.579929292201996,-0.511913478374481
0.664206683635712,-0.250918418169022,0.837454199790955,-0.368234932422638,-0.515780687332153,0.579929292201996,-0.511913478374481
0.664436161518097,-0.251568287611008,0.837564587593079,-0.370852023363113,-0.513863801956177,0.579485595226288,-0.512454330921173
0.664475917816162,-0.251875460147858,0.837587356567383,-0.371511548757553,-0.51259571313858,0.58026248216629,-0.512367367744446
0.66457724571228,-0.252062380313873,0.837753474712372,-0.371590316295624,-0.512237727642059,0.580163598060608,-0.512780129909515
0.664436638355255,-0.252373099327087,0.837837934494019,-0.372180581092834,-0.511593401432037,0.580391705036163,-0.512737095355988
0.664042711257935,-0.252944111824036,0.837904930114746,-0.373542159795761,-0.509952127933502,0.581604719161987,-0.512006998062134
0.664068996906281,-0.253421306610107,0.838475942611694,-0.374601870775223,-0.514438807964325,0.578003108501434,-0.510821640491486
0.663456678390503,-0.253822475671768,0.838581681251526,-0.375956743955612,-0.51215273141861,0.579394280910492,-0.510547161102295
0.662732660770416,-0.254041910171509,0.838399767875671,-0.376161158084869,-0.50860458612442,0.582222819328308,-0.510725796222687
0.662208557128906,-0.254430949687958,0.838560223579407,-0.376874089241028,-0.507814705371857,0.582854986190796,-0.510265111923218
0.66173243522644,-0.25486421585083,0.838902473449707,-0.378111809492111,-0.506949067115784,0.583524107933044,-0.509444773197174
0.66173243522644,-0.25486421585083,0.838902473449707,-0.378111809492111,-0.506949067115784,0.583524107933044,-0.509444773197174
0.660234034061432,-0.255602419376373,0.839139938354492,-0.37987756729126,-0.505319356918335,0.584809422492981,-0.508275091648102
0.659138143062592,-0.25614982843399,0.839290022850037,-0.381002724170685,-0.505509853363037,0.585075557231903,-0.506935477256775
0.658384621143341,-0.256537169218063,0.839577674865723,-0.381195187568664,-0.50578111410141,0.585008084774017,-0.506597876548767
0.658384621143341,-0.256537169218063,0.839577674865723,-0.381195187568664,-0.50578111410141,0.585008084774017,-0.506597876548767
0.656217277050018,-0.257541924715042,0.839907705783844,-0.38286879658699,-0.501859366893768,0.589176177978516,-0.504400849342346
0.655400156974792,-0.257890403270721,0.839895248413086,-0.382107377052307,-0.503542482852936,0.589631795883179,-0.502765715122223
0.65374219417572,-0.258268356323242,0.840161323547363,-0.382691621780396,-0.501574039459229,0.590790033340454,-0.502929389476776
0.652560532093048,-0.258660465478897,0.840296745300293,-0.383480876684189,-0.501542687416077,0.59142392873764,-0.501612663269043
0.652560532093048,-0.258660465478897,0.840296745300293,-0.383480876684189,-0.501542687416077,0.59142392873764,-0.501612663269043
0.650096237659454,-0.259292542934418,0.840727210044861,-0.382790982723236,-0.501118361949921,0.59360533952713,-0.499984174966812
0.648352980613708,-0.259823977947235,0.840791344642639,-0.383414149284363,-0.500244677066803,0.594750344753265,-0.49902006983757
0.647072851657867,-0.259991884231567,0.841009616851807,-0.382424473762512,-0.500217914581299,0.595799803733826,-0.498554289340973
0.64606237411499,-0.260605901479721,0.84183794260025,-0.383145272731781,-0.505961775779724,0.591962277889252,-0.496772736310959
0.64462822675705,-0.260856747627258,0.842023849487305,-0.382517397403717,-0.506189584732056,0.592909157276154,-0.495894342660904
0.642539620399475,-0.260885149240494,0.841770708560944,-0.380926579236984,-0.500944972038269,0.598348021507263,-0.495912104845047
0.642539620399475,-0.260885149240494,0.841770708560944,-0.380926579236984,-0.500944972038269,0.598348021507263,-0.495912104845047
0.639354526996613,-0.26104810833931,0.842206954956055,-0.379920840263367,-0.500250935554504,0.601869344711304,-0.49311500787735
0.637654781341553,-0.261235684156418,0.842481970787048,-0.379652559757233,-0.499542742967606,0.602899134159088,-0.492781609296799
0.636308014392853,-0.261358767747879,0.842739284038544,-0.380044996738434,-0.499539315700531,0.60356342792511,-0.491668283939362
0.634567201137543,-0.261581003665924,0.842864751815796,-0.38104784488678,-0.500045835971832,0.60512238740921,-0.488450288772583
0.632856249809265,-0.2614885866642,0.843407392501831,-0.382834881544113,-0.499886393547058,0.605231285095215,-0.487079381942749
0.631003856658936,-0.261616885662079,0.84365975856781,-0.381390362977982,-0.498683363199234,0.607490181922913,-0.486633509397507
0.629227876663208,-0.261617690324783,0.843673348426819,-0.380971044301987,-0.498186528682709,0.610008060932159,-0.484315782785416
0.62801468372345,-0.262061834335327,0.844675302505493,-0.38274422287941,-0.507783174514771,0.604143798351288,-0.480284780263901
0.625645637512207,-0.261483997106552,0.844544649124146,-0.383849650621414,-0.498032003641128,0.610752761363983,-0.481253027915955
0.623720765113831,-0.261477142572403,0.844786047935486,-0.386661499738693,-0.501636862754822,0.610182166099548,-0.47595289349556
0.62237811088562,-0.261852979660034,0.845619261264801,-0.385772198438644,-0.505691230297089,0.60783439874649,-0.475387930870056
0.620470345020294,-0.261548072099686,0.845786035060883,-0.385757297277451,-0.504388093948364,0.609546065330505,-0.474592179059982
0.620470345020294,-0.261548072099686,0.845786035060883,-0.385757297277451,-0.504388093948364,0.609546065330505,-0.474592179059982
0.616850316524506,-0.2612384557724,0.846364259719849,-0.386404305696487,-0.503785252571106,0.612309277057648,-0.471136450767517
0.61525285243988,-0.260866224765778,0.846417784690857,-0.38727194070816,-0.504376590251923,0.613886833190918,-0.46772626042366
0.613090038299561,-0.260065376758575,0.846246480941772,-0.384563505649567,-0.495517671108246,0.62190318107605,-0.468838751316071
0.611528337001801,-0.260246723890305,0.847249805927277,-0.387071937322617,-0.50237900018692,0.617277562618256,-0.465573966503143
0.609624743461609,-0.259823679924011,0.847381293773651,-0.38892588019371,-0.50180059671402,0.618187487125397,-0.463440507650375
0.608253955841064,-0.259817361831665,0.847425103187561,-0.386703610420227,-0.504808187484741,0.619073688983917,-0.460843741893768
0.605300307273865,-0.258393973112106,0.847357749938965,-0.386730074882507,-0.489045828580856,0.631157577037811,-0.46142640709877
0.603743076324463,-0.258180499076843,0.84791886806488,-0.387897431850433,-0.493208229541779,0.628677368164062,-0.459397554397583
0.603075742721558,-0.258979350328445,0.848702192306519,-0.391379743814468,-0.509836971759796,0.617165625095367,-0.453866600990295
0.600982367992401,-0.257957994937897,0.84880656003952,-0.391978889703751,-0.499877512454987,0.625561058521271,-0.452933132648468
0.599060714244843,-0.257457226514816,0.84886622428894,-0.393226474523544,-0.498146861791611,0.6279057264328,-0.450507640838623
0.597669541835785,-0.257485181093216,0.84914767742157,-0.395928531885147,-0.504181742668152,0.62422639131546,-0.446523308753967
0.596113562583923,-0.256458520889282,0.849648952484131,-0.398188650608063,-0.498034089803696,0.628437697887421,-0.44550421833992
0.594478726387024,-0.255952060222626,0.849896192550659,-0.399771481752396,-0.498745709657669,0.628158330917358,-0.443680882453918
0.592121958732605,-0.254976391792297,0.849357485771179,-0.39745557308197,-0.48968306183815,0.63744705915451,-0.442607015371323
0.590554535388947,-0.254429668188095,0.849314033985138,-0.39835250377655,-0.487223029136658,0.64022296667099,-0.440503895282745
0.58966737985611,-0.254711717367172,0.850696444511414,-0.404698103666305,-0.500647187232971,0.628450632095337,-0.436602413654327
0.588270485401154,-0.254020005464554,0.850846767425537,-0.406018942594528,-0.497317582368851,0.631600260734558,-0.434632033109665
0.586301326751709,-0.252294808626175,0.850259065628052,-0.403571993112564,-0.48089462518692,0.645499229431152,-0.434972316026688
0.584974825382233,-0.2528475522995,0.851174473762512,-0.40986305475235,-0.494015216827393,0.635093867778778,-0.429670721292496
0.583568572998047,-0.252316206693649,0.851661860942841,-0.412868589162826,-0.492243200540543,0.635693490505219,-0.427937000989914
0.581810176372528,-0.250401109457016,0.851134181022644,-0.411059617996216,-0.476642936468124,0.648052334785461,-0.428800463676453
0.580793440341949,-0.250852942466736,0.852191686630249,-0.416453093290329,-0.489217966794968,0.637939393520355,-0.424577504396439
0.579354882240295,-0.250301986932755,0.852689802646637,-0.419457346200943,-0.486935764551163,0.638980567455292,-0.422673583030701
0.577891826629639,-0.249653786420822,0.852880358695984,-0.421952664852142,-0.485271692276001,0.639894127845764,-0.420717149972916
0.576395988464355,-0.249338254332542,0.853287935256958,-0.425000846385956,-0.486263573169708,0.639393270015717,-0.41725105047226
0.575147330760956,-0.248564451932907,0.853864908218384,-0.427166640758514,-0.483048796653748,0.640590369701385,-0.416936963796616
0.572050094604492,-0.247729957103729,0.853610277175903,-0.429847121238708,-0.480483919382095,0.642202198505402,-0.414660215377808
0.570676565170288,-0.24679297208786,0.853685975074768,-0.430409044027328,-0.473928660154343,0.647215127944946,-0.413826316595078
0.570551753044128,-0.245924919843674,0.854160010814667,-0.431467533111572,-0.462510496377945,0.656279385089874,-0.411360114812851
0.569312214851379,-0.247379586100578,0.856164932250977,-0.440566092729568,-0.489548742771149,0.632612109184265,-0.407487034797668
0.568019926548004,-0.246883228421211,0.856624364852905,-0.443692266941071,-0.489520668983459,0.632099390029907,-0.404916346073151
0.565654039382935,-0.243634462356567,0.855087578296661,-0.436304330825806,-0.451789140701294,0.663037240505219,-0.407316505908966
0.564361870288849,-0.243150398135185,0.85562002658844,-0.441363543272018,-0.454347133636475,0.661346971988678,-0.401730477809906
0.56347644329071,-0.241401195526123,0.855414748191833,-0.438159584999084,-0.432132214307785,0.678911924362183,-0.400445520877838
0.561260640621185,-0.242020860314369,0.856536388397217,-0.446477562189102,-0.448269963264465,0.665565073490143,-0.39589786529541
0.559853255748749,-0.241410776972771,0.85708886384964,-0.448310434818268,-0.44722706079483,0.66595470905304,-0.394347637891769
0.558319568634033,-0.240830406546593,0.857654452323914,-0.450876981019974,-0.442985087633133,0.669069349765778,-0.390922695398331
0.557082712650299,-0.240171849727631,0.858350872993469,-0.452167391777039,-0.44401615858078,0.668652653694153,-0.38897043466568
0.555511474609375,-0.239839136600494,0.85905385017395,-0.454736351966858,-0.440327435731888,0.67078310251236,-0.386492818593979
0.555100440979004,-0.238037139177322,0.85918253660202,-0.450773179531097,-0.418967932462692,0.688185155391693,-0.384279400110245
0.55384087562561,-0.237540870904922,0.859997510910034,-0.452368706464767,-0.41756597161293,0.68957793712616,-0.381423056125641
0.552428841590881,-0.237034380435944,0.860824227333069,-0.453563272953033,-0.41782221198082,0.68939608335495,-0.380050152540207
0.551203489303589,-0.236279785633087,0.861845970153809,-0.454745829105377,-0.416092365980148,0.690844833850861,-0.377898007631302
0.550081312656403,-0.235459700226784,0.862451910972595,-0.454408347606659,-0.410440325737,0.695316553115845,-0.376280158758163
0.548734307289124,-0.238861992955208,0.865537226200104,-0.47300797700882,-0.457785755395889,0.655194520950317,-0.370696544647217
0.54746800661087,-0.238501965999603,0.866433143615723,-0.475134283304214,-0.46024888753891,0.65380996465683,-0.367356836795807
0.54746800661087,-0.238501965999603,0.866433143615723,-0.475134283304214,-0.46024888753891,0.65380996465683,-0.367356836795807
0.544987678527832,-0.237500160932541,0.868438303470612,-0.478278189897537,-0.457907140254974,0.65504378080368,-0.363990068435669
0.543715715408325,-0.236885651946068,0.869525134563446,-0.480520129203796,-0.453760385513306,0.657650768756866,-0.361520826816559
0.542681455612183,-0.236757889389992,0.870741844177246,-0.483324468135834,-0.455095052719116,0.656194806098938,-0.358739852905273
0.541560888290405,-0.235788881778717,0.871780157089233,-0.482677131891251,-0.452541589736938,0.658513605594635,-0.35859277844429
0.540523529052734,-0.235346287488937,0.87282931804657,-0.484543144702911,-0.453350335359573,0.657664477825165,-0.356607645750046
0.537010550498962,-0.229311376810074,0.870740294456482,-0.464127570390701,-0.385978162288666,0.714294075965881,-0.354105323553085
0.535869002342224,-0.228802517056465,0.871829867362976,-0.463909059762955,-0.381036132574081,0.717621445655823,-0.353014767169952
0.537060022354126,-0.230433583259582,0.875207901000977,-0.473464459180832,-0.398895978927612,0.703543245792389,-0.348913341760635
0.535631656646729,-0.230740264058113,0.87647020816803,-0.48025506734848,-0.413269340991974,0.691183507442474,-0.347604602575302
0.532873153686523,-0.227264106273651,0.875030994415283,-0.467385798692703,-0.379433333873749,0.71900075674057,-0.347302317619324
0.531925916671753,-0.226719707250595,0.876194715499878,-0.46765124797821,-0.376647651195526,0.721300542354584,-0.345202088356018
0.531322538852692,-0.226523533463478,0.877519845962524,-0.471033662557602,-0.375111967325211,0.722149908542633,-0.34046733379364
0.530371844768524,-0.226175129413605,0.878651559352875,-0.473224103450775,-0.37531366944313,0.72188401222229,-0.3377605676651
0.529483020305634,-0.225075781345367,0.879916071891785,-0.474557459354401,-0.374026507139206,0.721537411212921,-0.338057935237885
0.528378129005432,-0.224652856588364,0.880794286727905,-0.473366260528564,-0.370811283588409,0.7244593501091,-0.337019354104996
0.527966737747192,-0.224355697631836,0.882051944732666,-0.475157678127289,-0.36727911233902,0.727319777011871,-0.33217054605484
0.527092456817627,-0.223923102021217,0.883299708366394,-0.477568536996841,-0.36698243021965,0.726717114448547,-0.330354958772659
0.526275992393494,-0.223376572132111,0.88442063331604,-0.479018688201904,-0.367103099822998,0.726215183734894,-0.329223304986954
0.525516271591187,-0.222692579030991,0.885573148727417,-0.478960752487183,-0.36282742023468,0.728535234928131,-0.328921556472778
0.524849891662598,-0.222259804606438,0.88668692111969,-0.47874704003334,-0.363186717033386,0.729060649871826,-0.327669650316238
0.524849891662598,-0.222259804606438,0.88668692111969,-0.47874704003334,-0.363186717033386,0.729060649871826,-0.327669650316238
0.523500680923462,-0.220938086509705,0.889069199562073,-0.478734880685806,-0.359986633062363,0.730834126472473,-0.327267646789551
0.523003756999969,-0.220693409442902,0.890185177326202,-0.47891440987587,-0.36024472117424,0.731403648853302,-0.325443625450134
0.523003756999969,-0.220693409442902,0.890185177326202,-0.47891440987587,-0.36024472117424,0.731403648853302,-0.325443625450134
0.521804213523865,-0.219408601522446,0.892337560653687,-0.477699548006058,-0.359720379114151,0.731940507888794,-0.326599985361099
0.52161580324173,-0.218933448195457,0.893411636352539,-0.475921154022217,-0.356133848428726,0.735496997833252,-0.325133681297302
0.521162152290344,-0.218361437320709,0.894574522972107,-0.474550664424896,-0.35639899969101,0.736073434352875,-0.3255415558815
0.520924746990204,-0.217478185892105,0.895578980445862,-0.473676085472107,-0.357920169830322,0.734780371189117,-0.328057885169983
0.52015620470047,-0.216849431395531,0.89652293920517,-0.472178965806961,-0.356311529874802,0.73616760969162,-0.328856080770492
0.520268142223358,-0.216485872864723,0.897501587867737,-0.472388595342636,-0.355069488286972,0.738458871841431,-0.324735462665558
0.51999706029892,-0.215948417782784,0.898543238639832,-0.473811000585556,-0.356834948062897,0.737066447734833,-0.32389035820961
0.519507944583893,-0.214816689491272,0.899333894252777,-0.46958664059639,-0.355625838041305,0.73841804265976,-0.32826441526413
0.519655704498291,-0.214600130915642,0.90039998292923,-0.471568673849106,-0.355264395475388,0.738684356212616,-0.325201034545898
0.519543170928955,-0.213840395212173,0.901446282863617,-0.469639599323273,-0.35546401143074,0.739794850349426,-0.325250178575516
0.519493401050568,-0.212935820221901,0.902303218841553,-0.468078434467316,-0.35505673289299,0.740022480487823,-0.327420294284821
0.519448459148407,-0.212349146604538,0.903330981731415,-0.468173116445541,-0.356336921453476,0.73918217420578,-0.327792018651962
0.519398033618927,-0.211556375026703,0.904116153717041,-0.467196941375732,-0.357421427965164,0.738973617553711,-0.328474074602127
0.51971697807312,-0.210967853665352,0.904906749725342,-0.464982479810715,-0.355581402778625,0.741988241672516,-0.326813131570816
0.519868671894073,-0.209954634308815,0.905805468559265,-0.465330004692078,-0.35870835185051,0.739002287387848,-0.329654544591904
0.519945561885834,-0.209582060575485,0.906536221504211,-0.465179353952408,-0.358114898204803,0.740414321422577,-0.327335447072983
0.520316898822784,-0.208830863237381,0.90737646818161,-0.464618891477585,-0.358740001916885,0.739878058433533,-0.328656911849976
0.520704090595245,-0.20802329480648,0.908150434494019,-0.461875796318054,-0.358263581991196,0.741740822792053,-0.328844428062439
0.521075665950775,-0.206593051552772,0.908785343170166,-0.456575274467468,-0.358548700809479,0.742572724819183,-0.334017485380173
0.521494090557098,-0.206397324800491,0.909430623054504,-0.458701252937317,-0.360491424798965,0.741890668869019,-0.330510795116425
0.521961569786072,-0.205348744988441,0.910144686698914,-0.458303153514862,-0.362119764089584,0.740439236164093,-0.332531780004501
0.522678136825562,-0.204801231622696,0.910764932632446,-0.457682490348816,-0.36276176571846,0.741134405136108,-0.331135302782059
0.523247897624969,-0.203649803996086,0.911230862140656,-0.453539967536926,-0.362961202859878,0.742563962936401,-0.333405822515488
0.523247897624969,-0.203649803996086,0.911230862140656,-0.453539967536926,-0.362961202859878,0.742563962936401,-0.333405822515488
0.52475517988205,-0.202030882239342,0.912350833415985,-0.452536284923553,-0.365477800369263,0.741356074810028,-0.334706008434296
0.525772213935852,-0.201002806425095,0.912923753261566,-0.451009094715118,-0.367210358381271,0.740587890148163,-0.33656632900238
0.526630043983459,-0.200492963194847,0.913307905197144,-0.449620872735977,-0.365337669849396,0.742867112159729,-0.335437119007111
0.527596414089203,-0.199236363172531,0.913740873336792,-0.448065549135208,-0.368110686540604,0.74053680896759,-0.339613258838654
0.528584718704224,-0.198205962777138,0.913982510566711,-0.447376787662506,-0.3697190284729,0.739784359931946,-0.340413093566894
0.529526174068451,-0.19764406979084,0.914250075817108,-0.447819828987122,-0.368676960468292,0.74045205116272,-0.339507907629013
0.530539989471436,-0.19646605849266,0.914416134357452,-0.444032937288284,-0.368866384029388,0.740583181381226,-0.343960702419281
0.531719386577606,-0.195768177509308,0.914670586585998,-0.446975708007812,-0.36985233426094,0.739377856254578,-0.341675758361816
0.533141374588013,-0.19471900165081,0.914815068244934,-0.445071399211883,-0.370240569114685,0.739541590213776,-0.343382775783539
0.534107387065887,-0.193918526172638,0.914754748344421,-0.442287027835846,-0.367385864257812,0.741653800010681,-0.345484644174576
0.535459697246552,-0.193047642707825,0.914869129657745,-0.44514399766922,-0.370587825775146,0.738567173480988,-0.345007598400116
0.536788761615753,-0.192057207226753,0.914666056632996,-0.44518706202507,-0.370255142450333,0.737968981266022,-0.346585482358932
0.537875652313232,-0.190990209579468,0.914440453052521,-0.442127376794815,-0.367722868919373,0.739260792732239,-0.350423753261566
0.53956413269043,-0.190554618835449,0.914600133895874,-0.446577340364456,-0.370609402656555,0.736310839653015,-0.347942441701889
0.540881752967834,-0.189199492335319,0.914319157600403,-0.443972527980804,-0.367641776800156,0.737782418727875,-0.35129052400589
0.544532775878906,-0.193639665842056,0.917364358901978,-0.46731486916542,-0.434443324804306,0.684630453586578,-0.352359265089035
0.545971095561981,-0.19329334795475,0.917139649391174,-0.470815360546112,-0.438680022954941,0.679605424404144,-0.352177798748016
0.545817792415619,-0.192312076687813,0.915972828865051,-0.471010625362396,-0.441319942474365,0.676916778087616,-0.353792905807495
0.549078464508057,-0.191640883684158,0.916403293609619,-0.470626384019852,-0.440184324979782,0.677201271057129,-0.355171948671341
0.54828953742981,-0.184906095266342,0.912818312644958,-0.445157200098038,-0.370535671710968,0.731624007225037,-0.359534054994583
0.54961234331131,-0.183893978595734,0.912141919136047,-0.442437291145325,-0.365818083286285,0.73371422290802,-0.363441973924637
0.553461849689484,-0.1851926445961,0.91264283657074,-0.451525926589966,-0.381754964590073,0.720583915710449,-0.362141281366348
0.554960906505585,-0.184299319982529,0.912098288536072,-0.450873285531998,-0.381270796060562,0.720121264457703,-0.364378094673157
0.556631803512573,-0.187191188335419,0.914011240005493,-0.468962103128433,-0.432038545608521,0.677861988544464,-0.365951180458069
0.558369815349579,-0.186676621437073,0.913808107376099,-0.471313059329987,-0.437965482473373,0.671466886997223,-0.367671966552734
0.55951976776123,-0.181969851255417,0.910696387290955,-0.452065080404282,-0.379628926515579,0.717124700546265,-0.370474278926849
0.561297595500946,-0.185101494193077,0.912889003753662,-0.468826025724411,-0.433124274015427,0.672863245010376,-0.373979538679123
0.562845766544342,-0.184543132781982,0.912291526794434,-0.471350610256195,-0.432926326990128,0.6717928647995,-0.372958302497864
0.564375281333923,-0.179728746414184,0.90962016582489,-0.451440274715424,-0.377421319484711,0.714530527591705,-0.378418952226639
0.56593644618988,-0.179009109735489,0.909269213676453,-0.451736271381378,-0.377597063779831,0.712894558906555,-0.380967408418655
0.567038059234619,-0.178600803017616,0.90885329246521,-0.454330295324326,-0.380934178829193,0.709321439266205,-0.381229996681213
0.568756401538849,-0.177920073270798,0.908778607845306,-0.45345064997673,-0.38013631105423,0.708976030349731,-0.383708238601685
0.570239067077637,-0.177417442202568,0.908363461494446,-0.453178763389587,-0.378972798585892,0.709538817405701,-0.384139597415924
0.571818590164185,-0.176497623324394,0.908257722854614,-0.453296661376953,-0.379260063171387,0.707374274730682,-0.387692928314209
0.573170900344849,-0.17604748904705,0.908060312271118,-0.453693419694901,-0.381937891244888,0.704859673976898,-0.389177024364471
0.574504733085632,-0.175892367959022,0.907816231250763,-0.451909214258194,-0.376530826091766,0.707345604896545,-0.392001181840897
0.576150894165039,-0.174999251961708,0.907863855361938,-0.453046232461929,-0.381280601024628,0.704127550125122,-0.391891181468964
0.577326834201813,-0.174553081393242,0.908008992671967,-0.455541968345642,-0.382304221391678,0.70077782869339,-0.393999546766281
0.578529477119446,-0.17383337020874,0.907682955265045,-0.452133119106293,-0.378193259239197,0.703036904335022,-0.397850036621094
0.579855501651764,-0.173262864351272,0.907656908035278,-0.451978355646133,-0.374910324811935,0.70443207025528,-0.398664444684982
0.579855501651764,-0.173262864351272,0.907656908035278,-0.451978355646133,-0.374910324811935,0.70443207025528,-0.398664444684982
0.582418441772461,-0.172639206051826,0.907777011394501,-0.451142162084579,-0.375833839178085,0.703709602355957,-0.40001580119133
0.583256244659424,-0.172401249408722,0.908096194267273,-0.451879233121872,-0.378698617219925,0.700721144676208,-0.401724338531494
0.584490060806274,-0.171871781349182,0.908219754695892,-0.449482798576355,-0.3789401948452,0.700932443141937,-0.403811156749725
0.58584862947464,-0.17156594991684,0.908716678619385,-0.448186725378036,-0.380608230829239,0.69994592666626,-0.405391097068787
0.586888253688812,-0.171434551477432,0.908960342407227,-0.448364078998566,-0.380629867315292,0.699228227138519,-0.406411916017532
0.58760941028595,-0.171458557248116,0.90918242931366,-0.448772072792053,-0.383165687322617,0.697881042957306,-0.405893832445145
0.587470173835754,-0.172223597764969,0.910080552101135,-0.453445017337799,-0.405542552471161,0.680744409561157,-0.408055990934372
0.589279174804688,-0.17092552781105,0.910031855106354,-0.446521371603012,-0.384238839149475,0.696807682514191,-0.409192323684692
0.589964628219604,-0.170965403318405,0.910514831542969,-0.446227997541428,-0.385163217782974,0.696170926094055,-0.409726709127426
0.590821146965027,-0.170941233634949,0.91104531288147,-0.445470690727234,-0.381579637527466,0.69860565662384,-0.409759879112244
0.591711759567261,-0.171085387468338,0.91166740655899,-0.445695251226425,-0.382826060056686,0.6980100274086,-0.409367680549622
0.592190802097321,-0.171284854412079,0.912035942077637,-0.445665895938873,-0.381599605083466,0.69929313659668,-0.408353954553604
0.592740774154663,-0.171253025531769,0.912339329719544,-0.44440296292305,-0.379139691591263,0.700847804546356,-0.40935492515564
0.593392133712769,-0.171263962984085,0.912978708744049,-0.444419652223587,-0.381145983934402,0.698782980442047,-0.411000370979309
0.592705249786377,-0.17278765141964,0.9138965010643,-0.450848639011383,-0.403056293725967,0.682703256607056,-0.410118788480759
0.593467056751251,-0.172905147075653,0.914626359939575,-0.450556188821793,-0.402503758668899,0.682632684707642,-0.411099135875702
0.595136404037476,-0.171860516071319,0.914757966995239,-0.44397047162056,-0.382252633571625,0.698122441768646,-0.411580145359039
0.595756888389587,-0.171966582536697,0.915220677852631,-0.442585736513138,-0.381178706884384,0.699138820171356,-0.412341564893722
0.596188306808472,-0.172125816345215,0.915626764297485,-0.441908955574036,-0.381655722856522,0.698969542980194,-0.41291281580925
0.595565319061279,-0.173491984605789,0.916464745998383,-0.446721106767654,-0.402371764183044,0.683785617351532,-0.413490682840347
0.596015930175781,-0.173805266618729,0.917091488838196,-0.4473015666008,-0.402205437421799,0.683684170246124,-0.413192629814148
0.59658008813858,-0.17407001554966,0.917654454708099,-0.447502344846725,-0.403992176055908,0.682670593261719,-0.412907987833023
0.597132623195648,-0.174354329705238,0.918188452720642,-0.446915060281753,-0.405408054590225,0.682060778141022,-0.413163900375366
0.597593069076538,-0.174617350101471,0.918739318847656,-0.446665048599243,-0.40384966135025,0.683065295219421,-0.413300931453705
0.597871541976929,-0.17492002248764,0.919107556343079,-0.446286678314209,-0.403007954359055,0.684071719646454,-0.412866503000259
0.598353445529938,-0.174890488386154,0.919478893280029,-0.443818718194961,-0.399469166994095,0.68698650598526,-0.414124429225922
0.598723828792572,-0.175078958272934,0.919934511184692,-0.442781180143356,-0.399420768022537,0.687173426151276,-0.414970576763153
0.599286079406738,-0.175600260496139,0.920476317405701,-0.443264275789261,-0.397847652435303,0.688562452793121,-0.413661420345306
0.599649786949158,-0.175833806395531,0.920950770378113,-0.443297237157822,-0.398748487234116,0.687725305557251,-0.414151281118393
0.601024806499481,-0.174425661563873,0.921144127845764,-0.436433851718903,-0.379916459321976,0.700335562229156,-0.417994171380997
0.601413011550903,-0.174639731645584,0.921700596809387,-0.436000496149063,-0.381095349788666,0.699558854103088,-0.418673574924469
0.60097348690033,-0.176070809364319,0.922686994075775,-0.441177695989609,-0.402229189872742,0.684363484382629,-0.418593645095825
0.601373791694641,-0.176287576556206,0.923287332057953,-0.441058427095413,-0.401651263237,0.684729158878326,-0.418676108121872
0.601830065250397,-0.176431179046631,0.923769235610962,-0.439314156770706,-0.401590943336487,0.685375392436981,-0.41950985789299
0.602152347564697,-0.176522299647331,0.924172818660736,-0.438439309597015,-0.401254296302795,0.685747444629669,-0.420138388872147
0.603406965732574,-0.175517708063126,0.924237608909607,-0.432767629623413,-0.382560968399048,0.699075639247894,-0.42148831486702
0.603799998760223,-0.175810128450394,0.924801468849182,-0.432502746582031,-0.381614834070206,0.699782848358154,-0.421444624662399
0.603300809860229,-0.177105844020844,0.925725877285004,-0.437505930662155,-0.401921421289444,0.685272216796875,-0.421247959136963
0.60470986366272,-0.17611363530159,0.925800204277039,-0.431418418884277,-0.38237252831459,0.699713826179504,-0.421983599662781
0.605082392692566,-0.1762954890728,0.926198482513428,-0.430773794651031,-0.383264452219009,0.699354290962219,-0.422428548336029
0.604515016078949,-0.177719429135322,0.926948189735413,-0.43598610162735,-0.402519881725311,0.685864090919495,-0.421289026737213
0.604943335056305,-0.177979812026024,0.927441716194153,-0.436244547367096,-0.401997447013855,0.686102092266083,-0.421132504940033
0.604943335056305,-0.177979812026024,0.927441716194153,-0.436244547367096,-0.401997447013855,0.686102092266083,-0.421132504940033
0.605925321578979,-0.177986264228821,0.928191900253296,-0.434551268815994,-0.402810901403427,0.685869038105011,-0.422483563423157
0.606402933597565,-0.177842155098915,0.928550839424133,-0.433594107627869,-0.399610012769699,0.68792051076889,-0.423170655965805
0.606785297393799,-0.177963644266129,0.928805470466614,-0.433721750974655,-0.400076061487198,0.687663972377777,-0.423016309738159
0.6071457862854,-0.178035825490952,0.929041862487793,-0.433668792247772,-0.400051802396774,0.687666237354279,-0.423089891672134
0.607483625411987,-0.178142100572586,0.929260492324829,-0.433867692947388,-0.400362700223923,0.6873579621315,-0.423092871904373
0.607800662517548,-0.178223952651024,0.929451584815979,-0.433969706296921,-0.400402814149857,0.687216103076935,-0.423180848360062
0.608220934867859,-0.178469210863113,0.92976701259613,-0.435070693492889,-0.399388909339905,0.68740451335907,-0.422702133655548
0.608553469181061,-0.178574785590172,0.929895758628845,-0.435410708189011,-0.399351239204407,0.687110066413879,-0.422866493463516
0.608863472938538,-0.178710341453552,0.930016279220581,-0.435915917158127,-0.399747997522354,0.686439633369446,-0.423059970140457
0.60916805267334,-0.178834557533264,0.930074691772461,-0.436426758766174,-0.39983743429184,0.68599534034729,-0.42316922545433
0.609478771686554,-0.178957611322403,0.930124402046204,-0.436984568834305,-0.399900078773498,0.685662090778351,-0.423074424266815
0.609817624092102,-0.179133340716362,0.930116176605225,-0.437981635332107,-0.39984455704689,0.685251951217651,-0.422760158777237
0.610180735588074,-0.179323926568031,0.930089950561523,-0.438371479511261,-0.400968253612518,0.684331595897675,-0.422782748937607
0.610452115535736,-0.179472833871841,0.930047750473022,-0.439798384904861,-0.400836646556854,0.683533310890198,-0.422716945409775
0.610704720020294,-0.179520428180694,0.929916620254517,-0.440423548221588,-0.399840801954269,0.683651566505432,-0.422817975282669
0.610915064811707,-0.179670006036758,0.929727673530579,-0.442076981067657,-0.399603694677353,0.682710289955139,-0.4228375852108
0.610945343971252,-0.179875075817108,0.929438591003418,-0.443088799715042,-0.397690922021866,0.683708250522614,-0.421968579292297
0.611094772815704,-0.179988741874695,0.929254353046417,-0.444984525442123,-0.397449851036072,0.682919204235077,-0.42147821187973
0.611510813236237,-0.179904967546463,0.929220199584961,-0.445320695638657,-0.397989094257355,0.682632744312286,-0.421078085899353
0.612578630447388,-0.178916871547699,0.92857038974762,-0.440700888633728,-0.376942455768585,0.697491765022278,-0.42095410823822
0.611712992191315,-0.180175185203552,0.928749918937683,-0.447778910398483,-0.395653605461121,0.682674169540405,-0.42060461640358
0.61154717206955,-0.180300951004028,0.928399324417114,-0.449955135583878,-0.394696444272995,0.681329667568207,-0.421360969543457
0.611704587936401,-0.180409729480743,0.928286612033844,-0.450087338685989,-0.393676429986954,0.682327508926392,-0.42055869102478
0.611517012119293,-0.180592149496078,0.927930891513824,-0.452367901802063,-0.393098294734955,0.681227684020996,-0.420435398817062
0.612686216831207,-0.179533869028091,0.927361249923706,-0.446863204240799,-0.367309719324112,0.699381709098816,-0.419835865497589
0.612594366073608,-0.17967577278614,0.927199363708496,-0.447939604520798,-0.366914749145508,0.699073374271393,-0.419547587633133
0.612363874912262,-0.180014580488205,0.927083671092987,-0.449603587388992,-0.368403106927872,0.697563946247101,-0.418975412845612
0.612201392650604,-0.180170938372612,0.926946520805359,-0.450432389974594,-0.367730528116226,0.697638034820557,-0.418552398681641
0.611570715904236,-0.180428892374039,0.926549315452576,-0.453142940998077,-0.366304516792297,0.697300493717194,-0.417438000440597
0.611187279224396,-0.180754378437996,0.926479816436768,-0.454650461673737,-0.368254095315933,0.695637941360474,-0.416857004165649
0.610797226428986,-0.180738031864166,0.926226675510406,-0.453926295042038,-0.367918580770492,0.695477843284607,-0.418207675218582
0.610510647296906,-0.181045234203339,0.926226615905762,-0.454772084951401,-0.365988045930862,0.696571528911591,-0.417161017656326
0.610166966915131,-0.181242197751999,0.92604261636734,-0.454092025756836,-0.365106165409088,0.697853982448578,-0.416530758142471
0.609739899635315,-0.181319355964661,0.925871849060059,-0.453676283359528,-0.363224267959595,0.699454963207245,-0.41594323515892
0.609739899635315,-0.181319355964661,0.925871849060059,-0.453676283359528,-0.363224267959595,0.699454963207245,-0.41594323515892
0.60877537727356,-0.181858941912651,0.925850033760071,-0.453916847705841,-0.366089403629303,0.698953628540039,-0.414007216691971
0.608155369758606,-0.182066559791565,0.925845801830292,-0.454628080129623,-0.365238189697266,0.699743330478668,-0.412642240524292
0.607801079750061,-0.182023093104362,0.925711631774902,-0.451300650835037,-0.363043218851089,0.702467143535614,-0.41360279917717
0.607121467590332,-0.182574287056923,0.925978541374206,-0.452459216117859,-0.366580903530121,0.700949192047119,-0.411787927150726
0.607121467590332,-0.182574287056923,0.925978541374206,-0.452459216117859,-0.366580903530121,0.700949192047119,-0.411787927150726
0.605950057506561,-0.182882368564606,0.925930380821228,-0.449891835451126,-0.365242153406143,0.703843057155609,-0.410853356122971
0.605234444141388,-0.183220610022545,0.92616868019104,-0.450100600719452,-0.366064429283142,0.703791618347168,-0.409980148077011
0.604650139808655,-0.183428078889847,0.926149606704712,-0.447887718677521,-0.365646868944168,0.705549240112305,-0.409755140542984
0.603958785533905,-0.183825850486755,0.925988554954529,-0.447121649980545,-0.365689843893051,0.707332849502563,-0.407472133636475
0.603424370288849,-0.184008091688156,0.926195740699768,-0.444864124059677,-0.368452608585358,0.70763486623764,-0.406929492950439
0.602737128734589,-0.184209361672401,0.926139712333679,-0.443563193082809,-0.368327975273132,0.708779573440552,-0.406469941139221
0.6020747423172,-0.184425890445709,0.926190614700317,-0.442523270845413,-0.368471622467041,0.709939539432526,-0.405447512865066
0.60134756565094,-0.184779196977615,0.926288425922394,-0.441685527563095,-0.368529975414276,0.710717380046844,-0.404944866895676
0.60063761472702,-0.184998020529747,0.926147818565369,-0.441275030374527,-0.368883818387985,0.711650252342224,-0.403429210186005
0.599909067153931,-0.185360789299011,0.926122307777405,-0.44046676158905,-0.371397107839584,0.711539387702942,-0.402200102806091
0.599158942699432,-0.18568554520607,0.925847172737122,-0.43900516629219,-0.371228367090225,0.713331937789917,-0.40077617764473
0.598405301570892,-0.186086818575859,0.925620555877686,-0.438045293092728,-0.370551228523254,0.71518748998642,-0.399142861366272
0.597786426544189,-0.186405122280121,0.925612568855286,-0.437579691410065,-0.375094205141068,0.713267683982849,-0.398845374584198
0.597133994102478,-0.186832934617996,0.925422787666321,-0.438025861978531,-0.373179137706757,0.714925348758698,-0.397180557250977
0.596319258213043,-0.187168732285499,0.925162196159363,-0.438052803277969,-0.376144617795944,0.71334308385849,-0.397198379039764
0.595362305641174,-0.187738925218582,0.924585461616516,-0.437296986579895,-0.37655046582222,0.714390695095062,-0.395761281251907
0.594782829284668,-0.18802073597908,0.924208998680115,-0.436347007751465,-0.376489967107773,0.715266168117523,-0.395286083221435
0.593157529830933,-0.189607337117195,0.924551606178284,-0.442383915185928,-0.402249246835709,0.69757354259491,-0.394820541143417
0.593650281429291,-0.189002513885498,0.923392415046692,-0.434473574161529,-0.377198964357376,0.717742264270782,-0.392172962427139
0.593084633350372,-0.189065515995026,0.923098385334015,-0.432960212230682,-0.380629271268845,0.715493559837341,-0.394633889198303
0.592358708381653,-0.18954499065876,0.922731995582581,-0.43342524766922,-0.383960157632828,0.713402807712555,-0.394681632518768
0.591626107692719,-0.190014868974686,0.922071039676666,-0.432925015687943,-0.384231150150299,0.714192152023315,-0.393537878990173
0.591492295265198,-0.190181970596313,0.921506285667419,-0.430305510759354,-0.381733179092407,0.716608822345734,-0.394447416067123
0.589958965778351,-0.191876694560051,0.921542763710022,-0.436970472335815,-0.406369745731354,0.699283957481384,-0.393602043390274
0.589730262756348,-0.192257672548294,0.920993268489838,-0.436021268367767,-0.408161371946335,0.699853181838989,-0.391784965991974
0.589188396930695,-0.192527547478676,0.920410513877869,-0.434754878282547,-0.408139228820801,0.699898898601532,-0.393131196498871
0.590003252029419,-0.191411182284355,0.919334888458252,-0.426760256290436,-0.388655304908752,0.715316951274872,-0.393883645534515
0.589406192302704,-0.191790178418159,0.918719410896301,-0.427037477493286,-0.390368789434433,0.713411033153534,-0.395342856645584
0.587939977645874,-0.19333453476429,0.918486833572388,-0.433518499135971,-0.409492433071136,0.699955940246582,-0.392987847328186
0.588885307312012,-0.192295342683792,0.917593657970428,-0.427041828632355,-0.390930205583572,0.713779330253601,-0.394116789102554
0.587698459625244,-0.193794876337051,0.917564630508423,-0.43396320939064,-0.411768794059753,0.698523759841919,-0.392666518688202
0.587381660938263,-0.194086357951164,0.916739761829376,-0.432847082614899,-0.411062896251678,0.699432134628296,-0.393020927906036
0.588161587715149,-0.193041786551475,0.915693044662476,-0.426992624998093,-0.389726221561432,0.714781701564789,-0.39354544878006
0.587744951248169,-0.193295180797577,0.91498601436615,-0.427921801805496,-0.392622262239456,0.712326407432556,-0.394108861684799
0.58756697177887,-0.193413808941841,0.914262413978577,-0.427933067083359,-0.39154577255249,0.713193297386169,-0.393599420785904
0.586339354515076,-0.19484244287014,0.914143204689026,-0.435792237520218,-0.411769032478333,0.697450637817383,-0.392548143863678
0.587615787982941,-0.197385236620903,0.915329575538635,-0.446530878543854,-0.441409140825272,0.673544049263,-0.390008568763733
0.587239146232605,-0.197618126869202,0.914404988288879,-0.447114169597626,-0.438353836536407,0.676284551620483,-0.388038694858551
0.586997509002686,-0.194489851593971,0.911672592163086,-0.432284384965897,-0.388100415468216,0.714696705341339,-0.389508664608002
0.587026238441467,-0.194443374872208,0.911011099815369,-0.432252615690231,-0.386839509010315,0.714849412441254,-0.390516668558121
0.586782693862915,-0.194835662841797,0.910340666770935,-0.435108214616776,-0.389282196760178,0.713301837444305,-0.387738019227982
0.586742281913757,-0.194982185959816,0.90961229801178,-0.435179144144058,-0.388920247554779,0.713656187057495,-0.387369304895401
0.586675584316254,-0.195427045226097,0.909027814865112,-0.435943901538849,-0.386078923940659,0.713873684406281,-0.38894784450531
0.586552917957306,-0.195660844445228,0.908284842967987,-0.43686780333519,-0.389314442873001,0.711864948272705,-0.388367116451263
0.586594581604004,-0.195961788296699,0.907839894294739,-0.440527647733688,-0.393021255731583,0.709082365036011,-0.385579913854599
0.586234271526337,-0.196489185094833,0.907032489776611,-0.440535664558411,-0.391234397888184,0.710102260112762,-0.385511070489883
0.586479961872101,-0.196989089250564,0.906361699104309,-0.442559808492661,-0.391898810863495,0.70966625213623,-0.38331463932991
0.586229860782623,-0.196918681263924,0.905418634414673,-0.440010040998459,-0.391003251075745,0.709591031074524,-0.387283235788345
0.586242318153381,-0.197333887219429,0.904951512813568,-0.442140281200409,-0.394576132297516,0.706477046012878,-0.386926144361496
0.586067736148834,-0.197676688432693,0.904197037220001,-0.43793448805809,-0.390783071517944,0.709176540374756,-0.390602886676788
0.586031138896942,-0.197962030768394,0.903509140014648,-0.437820136547089,-0.39014744758606,0.709203541278839,-0.391316652297974
0.585768163204193,-0.198492705821991,0.902973234653473,-0.439382880926132,-0.394455373287201,0.70645534992218,-0.390215873718262
0.585853219032288,-0.198738753795624,0.902217507362366,-0.438135117292404,-0.39250311255455,0.706840932369232,-0.392880141735077
0.585526645183563,-0.199284866452217,0.901719450950623,-0.441360384225845,-0.39716038107872,0.702746331691742,-0.391933858394623
0.584393858909607,-0.200884073972702,0.901531457901001,-0.446494430303574,-0.416985005140305,0.687099814414978,-0.393268615007401
0.585173189640045,-0.20046778023243,0.900516152381897,-0.44427764415741,-0.40090224146843,0.699535310268402,-0.390570163726807
0.584691941738129,-0.200747385621071,0.899713397026062,-0.441873162984848,-0.395689994096756,0.702250123023987,-0.393728792667389
0.584204792976379,-0.201204478740692,0.898798108100891,-0.441783905029297,-0.393014073371887,0.705164968967438,-0.391291946172714
0.583855390548706,-0.201704233884811,0.898268759250641,-0.443385273218155,-0.396433562040329,0.701912462711334,-0.391878753900528
0.582370102405548,-0.203332602977753,0.897983312606812,-0.450100213289261,-0.41754537820816,0.684222996234894,-0.393579453229904
0.582746744155884,-0.20306022465229,0.89693808555603,-0.449710339307785,-0.397957503795624,0.698691964149475,-0.38887032866478
0.582334399223328,-0.203320443630219,0.896257996559143,-0.450271487236023,-0.395664572715759,0.699633896350861,-0.388867020606995
0.581824898719788,-0.203815534710884,0.895456671714783,-0.451647639274597,-0.392514079809189,0.701457500457764,-0.387175172567367
0.58069258928299,-0.204488947987556,0.894764184951782,-0.451409935951233,-0.392969042062759,0.701160967350006,-0.387527704238892
0.581967771053314,-0.205303534865379,0.894840478897095,-0.437669098377228,-0.370723187923431,0.717359840869904,-0.39548072218895
0.581967771053314,-0.205303534865379,0.894840478897095,-0.437669098377228,-0.370723187923431,0.717359840869904,-0.39548072218895
0.578221797943115,-0.206960216164589,0.892756342887878,-0.463940441608429,-0.383935689926147,0.70326030254364,-0.377859383821487
0.577360510826111,-0.206860557198524,0.892041683197021,-0.463944792747498,-0.377834856510162,0.705967903137207,-0.378953069448471
0.575909614562988,-0.207997918128967,0.891319036483765,-0.468888908624649,-0.378322392702103,0.704289674758911,-0.375488340854645
0.574884176254272,-0.20824858546257,0.890322327613831,-0.465799033641815,-0.368640571832657,0.711474537849426,-0.375419050455093
0.570557355880737,-0.20806822180748,0.888523817062378,-0.470426231622696,-0.364536017179489,0.71361893415451,-0.369540899991989
0.572493374347687,-0.209907382726669,0.889333963394165,-0.475193023681641,-0.368691861629486,0.708692312240601,-0.368799746036529
0.56798380613327,-0.209079220890999,0.887593865394592,-0.475662380456924,-0.364345461130142,0.711041808128357,-0.367991238832474
0.569636762142181,-0.211162611842155,0.887807190418243,-0.475519001483917,-0.361547440290451,0.713557779788971,-0.3660609126091
0.569636762142181,-0.211162611842155,0.887807190418243,-0.475519001483917,-0.361547440290451,0.713557779788971,-0.3660609126091
0.563601016998291,-0.211569085717201,0.885740399360657,-0.481564909219742,-0.364082753658295,0.710571706295013,-0.361423254013062
0.5623619556427,-0.212108299136162,0.885228037834167,-0.478896647691727,-0.363263458013534,0.71181321144104,-0.36334502696991
0.561232686042786,-0.213237732648849,0.884848833084106,-0.481584548950195,-0.362624973058701,0.712921380996704,-0.358221411705017
0.559664368629456,-0.213574066758156,0.884336411952972,-0.479959547519684,-0.363221317529678,0.713288187980652,-0.35906720161438
0.559664368629456,-0.213574066758156,0.884336411952972,-0.479959547519684,-0.363221317529678,0.713288187980652,-0.35906720161438
0.55704665184021,-0.214578583836555,0.883436560630798,-0.474302291870117,-0.363606870174408,0.716201841831207,-0.36039188504219
0.555614054203033,-0.214887261390686,0.883006513118744,-0.46947705745697,-0.36275053024292,0.719331800937653,-0.361338108778
0.555714964866638,-0.215027213096619,0.883711874485016,-0.464403182268143,-0.359042555093765,0.724642992019653,-0.360985845327377
0.554447948932648,-0.215500771999359,0.883665800094604,-0.464558064937591,-0.36345049738884,0.723557591438293,-0.358544498682022
0.55296790599823,-0.215974479913711,0.883200109004974,-0.459000259637833,-0.363569289445877,0.726428270339966,-0.359775125980377
0.55296790599823,-0.215974479913711,0.883200109004974,-0.459000259637833,-0.363569289445877,0.726428270339966,-0.359775125980377
0.552868783473969,-0.222199812531471,0.886279284954071,-0.477667689323425,-0.435954868793487,0.674727022647858,-0.355697363615036
0.551898658275604,-0.222810596227646,0.886486887931824,-0.475167572498321,-0.441987782716751,0.672572672367096,-0.355680674314499
0.549639284610748,-0.222620487213135,0.886089086532593,-0.471849977970123,-0.444348514080048,0.673799216747284,-0.354833394289017
0.550351321697235,-0.222276762127876,0.886332988739014,-0.459386318922043,-0.43771955370903,0.685252606868744,-0.357483834028244
0.548771500587463,-0.219055220484733,0.883789241313934,-0.444465011358261,-0.395060032606125,0.720490276813507,-0.356752306222916
0.547815561294556,-0.222574979066849,0.88601279258728,-0.460243850946426,-0.446998059749603,0.681148052215576,-0.352712154388428
0.546984970569611,-0.223077282309532,0.885873675346375,-0.458539068698883,-0.448217153549194,0.683393061161041,-0.349023252725601
0.54591029882431,-0.220028772950172,0.883710265159607,-0.440977573394775,-0.408441096544266,0.718553721904755,-0.349850445985794
0.545297682285309,-0.222858399152756,0.885573863983154,-0.451391965150833,-0.452187210321426,0.686301112174988,-0.347509831190109
0.544671356678009,-0.223007708787918,0.885552644729614,-0.45025223493576,-0.455127537250519,0.685992896556854,-0.345753490924835
0.54290360212326,-0.220683336257934,0.883800983428955,-0.437363386154175,-0.432875841856003,0.708166837692261,-0.346167027950287
0.541339933872223,-0.218606427311897,0.882794439792633,-0.426290601491928,-0.408490747213364,0.728963375091553,-0.346444964408875
0.540789484977722,-0.218527808785439,0.882637917995453,-0.424296379089355,-0.41412279009819,0.727915167808533,-0.344404458999634
0.540478646755219,-0.218557193875313,0.882529020309448,-0.42261403799057,-0.416506707668304,0.728098452091217,-0.343208640813828
0.540383756160736,-0.218652635812759,0.882428705692291,-0.42118576169014,-0.418414860963821,0.728435695171356,-0.341925740242004
0.540320634841919,-0.218805268406868,0.882275700569153,-0.419187396764755,-0.419274300336838,0.729817271232605,-0.34037920832634
0.540340483188629,-0.218763127923012,0.882107973098755,-0.417612642049789,-0.422221839427948,0.729381561279297,-0.339604407548904
0.540317416191101,-0.218449771404266,0.88170063495636,-0.414795339107513,-0.426726400852203,0.728105783462524,-0.340163856744766
0.540542662143707,-0.218442678451538,0.881500899791718,-0.413324803113937,-0.428851515054703,0.727801024913788,-0.339933514595032
0.540891289710999,-0.218329295516014,0.881093740463257,-0.410958677530289,-0.431335389614105,0.727640986442566,-0.340001910924911
0.5412437915802,-0.218163773417473,0.880596876144409,-0.40860453248024,-0.434353649616241,0.726741552352905,-0.340919435024261
0.542894959449768,-0.220117852091789,0.881147027015686,-0.415962725877762,-0.4603411257267,0.707722544670105,-0.337920010089874
0.542542278766632,-0.21822939813137,0.879541277885437,-0.405945032835007,-0.44009667634964,0.725126564502716,-0.340169012546539
0.543221771717072,-0.218194410204887,0.878991961479187,-0.404844105243683,-0.441325783729553,0.725114107131958,-0.339915215969086
0.544271290302277,-0.217937171459198,0.878393411636353,-0.403470158576965,-0.443320572376251,0.723326146602631,-0.342750579118729
0.546369671821594,-0.217805534601211,0.878130793571472,-0.383270680904388,-0.431584149599075,0.737654626369476,-0.350291848182678
0.546084046363831,-0.217882722616196,0.87676477432251,-0.401859402656555,-0.443473637104034,0.723902821540833,-0.343227177858353
0.548580229282379,-0.217573344707489,0.876066327095032,-0.381480634212494,-0.431298553943634,0.73845636844635,-0.350907832384109
0.54873514175415,-0.217781722545624,0.875100493431091,-0.403446167707443,-0.444881916046143,0.720701694488525,-0.346266269683838
0.551363587379456,-0.217730417847633,0.874338507652283,-0.384530246257782,-0.436504006385803,0.733323037624359,-0.351906538009643
0.55278080701828,-0.219408139586449,0.874016761779785,-0.412757873535156,-0.467506855726242,0.701555073261261,-0.344802558422089
0.554741263389587,-0.222037464380264,0.874746859073639,-0.425068348646164,-0.50307959318161,0.671023607254028,-0.340522050857544
0.556123197078705,-0.221858844161034,0.873440623283386,-0.425733476877213,-0.502676784992218,0.668608665466309,-0.34500652551651
0.556123197078705,-0.221858844161034,0.873440623283386,-0.425733476877213,-0.502676784992218,0.668608665466309,-0.34500652551651
0.560003340244293,-0.2195915132761,0.869250416755676,-0.399881839752197,-0.460664480924606,0.707358598709106,-0.357108533382416
0.560537695884705,-0.219827771186829,0.86749404668808,-0.419371455907822,-0.472212195396423,0.689600229263306,-0.354393601417542
0.562337458133698,-0.219806328415871,0.866089344024658,-0.417399913072586,-0.476977348327637,0.684739351272583,-0.359724700450897
0.564504146575928,-0.222012758255005,0.866253972053528,-0.42069149017334,-0.503143548965454,0.66135162115097,-0.363976985216141
0.566295385360718,-0.222015783190727,0.864657282829285,-0.417518407106399,-0.503903806209564,0.657592475414276,-0.373271465301514
0.568111717700958,-0.222264975309372,0.863257050514221,-0.412512302398682,-0.511406242847443,0.652024626731873,-0.378366589546204
0.569546222686768,-0.2225411683321,0.861904799938202,-0.409165680408478,-0.514226913452148,0.647445142269135,-0.38596522808075
0.570186138153076,-0.222259745001793,0.859692692756653,-0.401945501565933,-0.50583803653717,0.653081715106964,-0.395034164190292
0.572512447834015,-0.22370420396328,0.859678208827972,-0.401881396770477,-0.515446066856384,0.643611490726471,-0.398209899663925
0.572512447834015,-0.22370420396328,0.859678208827972,-0.401881396770477,-0.515446066856384,0.643611490726471,-0.398209899663925
0.57397472858429,-0.224339008331299,0.856912791728973,-0.394375830888748,-0.510234832763672,0.64567106962204,-0.408945977687836
0.575921475887299,-0.225612163543701,0.856560587882996,-0.394082218408585,-0.521358072757721,0.635294854640961,-0.411443144083023
0.576832294464111,-0.226452618837357,0.855839788913727,-0.394965648651123,-0.516091167926788,0.638177096843719,-0.412773907184601
0.577702224254608,-0.226835086941719,0.855079650878906,-0.392255991697311,-0.516152918338776,0.637905836105347,-0.415689378976822
0.578701198101044,-0.228140130639076,0.854197382926941,-0.394198298454285,-0.517170965671539,0.636071085929871,-0.415398120880127
0.578930020332336,-0.227935492992401,0.853042423725128,-0.391492128372192,-0.505205571651459,0.644779205322266,-0.419238597154617
0.580243706703186,-0.229194983839989,0.852962553501129,-0.395912021398544,-0.507130324840546,0.641707718372345,-0.41747322678566
0.581003367900848,-0.229942664504051,0.852333426475525,-0.398193657398224,-0.508769690990448,0.638529777526855,-0.418180614709854
0.581615149974823,-0.231027036905289,0.851611495018005,-0.401701152324677,-0.505597770214081,0.639836668968201,-0.416672825813293
