x,y,z,q0,q1,q2,q3
0.641272962093353,-0.0358264744281768,1.05608439445496,0.0605433173477649,-0.0307317450642585,0.639346122741699,-0.765915513038635
0.641110837459564,-0.0357677191495895,1.05609536170959,0.0611737146973609,-0.029351120814681,0.639509797096252,-0.7657830119133
0.640948891639709,-0.0356825999915599,1.05609273910522,0.0604806505143642,-0.0293602049350738,0.640379905700684,-0.76511025428772
0.640883445739746,-0.0354669503867626,1.05605280399323,0.0592381544411182,-0.0285916198045015,0.64118504524231,-0.76456207036972
0.640741407871246,-0.0353380106389522,1.05610728263855,0.0588633082807064,-0.0317973941564559,0.642516911029816,-0.76334536075592
0.640573024749756,-0.0352307111024856,1.05609893798828,0.0583125241100788,-0.0319518931210041,0.643310189247131,-0.762712836265564
0.640413224697113,-0.0350874252617359,1.05607068538666,0.0578159764409065,-0.0293999034911394,0.643707692623138,-0.762517750263214
0.640261352062225,-0.0349814444780349,1.05607175827026,0.0574071109294891,-0.0297789331525564,0.644410252571106,-0.76194041967392
0.640071928501129,-0.0348435565829277,1.05606997013092,0.0568897500634193,-0.0298621226102113,0.645386338233948,-0.761149346828461
0.639908969402313,-0.0347407460212707,1.05606782436371,0.0565777756273746,-0.033100102096796,0.64659458398819,-0.76001238822937
0.63976526260376,-0.0346333533525466,1.05606412887573,0.0561100989580154,-0.0334302634000778,0.64746880531311,-0.75928807258606
0.640018701553345,-0.0339390374720096,1.0556868314743,0.05381915345788,-0.030888695269823,0.648236572742462,-0.758906304836273
0.639505445957184,-0.0343702286481857,1.05597305297852,0.0560231767594814,-0.0313388556241989,0.649751365184784,-0.757431447505951
0.639350533485413,-0.0342747829854488,1.05596268177032,0.0558271147310733,-0.0315085537731647,0.650612592697144,-0.75669938325882
0.639204025268555,-0.0341597273945808,1.05592632293701,0.0553953610360622,-0.0317016877233982,0.65147066116333,-0.755984425544739
0.639028787612915,-0.0340599305927753,1.05592167377472,0.0541042536497116,-0.0329372026026248,0.651449918746948,-0.756043016910553
0.638733446598053,-0.0340243801474571,1.05595815181732,0.0535739213228225,-0.032030526548624,0.652247905731201,-0.755431354045868
0.638495266437531,-0.0339937880635261,1.05597698688507,0.0561596453189849,-0.0358073972165584,0.654765784740448,-0.752891659736633
0.638985395431519,-0.0341008193790912,1.05646586418152,0.0550602860748767,-0.0344539284706115,0.655959188938141,-0.751996695995331
0.638579070568085,-0.0337732844054698,1.05627274513245,0.0543900169432163,-0.0354179553687572,0.65667188167572,-0.751378297805786
0.638422727584839,-0.0334975384175777,1.05609083175659,0.0534791052341461,-0.0356193892657756,0.657733142375946,-0.750505447387695
0.638568937778473,-0.0338262617588043,1.05641186237335,0.0533873252570629,-0.0341872163116931,0.658712863922119,-0.749718904495239
0.638553619384766,-0.0335922390222549,1.05646467208862,0.0524429082870483,-0.0311956368386745,0.659210860729218,-0.749478220939636
0.638467311859131,-0.0334305353462696,1.05643129348755,0.0516897700726985,-0.0309349447488784,0.660162687301636,-0.748703181743622
0.638467311859131,-0.0334305353462696,1.05643129348755,0.0516897700726985,-0.0309349447488784,0.660162687301636,-0.748703181743622
0.638125121593475,-0.0328589938580989,1.0562025308609,0.0503655038774013,-0.0320088043808937,0.662336349487305,-0.746826171875
0.637675404548645,-0.0323584750294685,1.05596828460693,0.0491371043026447,-0.0346188321709632,0.663524687290192,-0.745735943317413
0.637536704540253,-0.0322568193078041,1.05601489543915,0.0486698895692825,-0.0343124456703662,0.664342641830444,-0.745052218437195
0.63744980096817,-0.0321384482085704,1.05606305599213,0.0491954982280731,-0.0339505523443222,0.666177332401276,-0.743394196033478
0.637202739715576,-0.032051607966423,1.05608284473419,0.0477971509099006,-0.0307043530046939,0.665687263011932,-0.744065403938293
0.636973917484283,-0.031950831413269,1.05599188804626,0.0476368032395839,-0.0333738811314106,0.666873455047607,-0.742897570133209
0.636996567249298,-0.0321924500167369,1.05624389648438,0.0478508584201335,-0.0290123801678419,0.667253196239471,-0.742725849151611
0.636737823486328,-0.032058972865343,1.05628228187561,0.0477921850979328,-0.0298209451138973,0.667903542518616,-0.742112994194031
0.636305391788483,-0.0319932885468006,1.05627584457397,0.0475594848394393,-0.0284487213939428,0.668742120265961,-0.741426169872284
0.63604748249054,-0.0317974127829074,1.05632472038269,0.0469653606414794,-0.0311770066618919,0.669821798801422,-0.740378975868225
0.63604748249054,-0.0317974127829074,1.05632472038269,0.0469653606414794,-0.0311770066618919,0.669821798801422,-0.740378975868225
0.635604977607727,-0.0315246544778347,1.05635201931,0.046638149768114,-0.0266724936664104,0.67107880115509,-0.739436864852905
0.635292530059814,-0.0308855399489402,1.05611896514893,0.0453214161098003,-0.0302968434989452,0.672017157077789,-0.738526344299316
0.635297656059265,-0.0310439299792051,1.05635333061218,0.0455036610364913,-0.0288026984781026,0.672715723514557,-0.737938523292542
0.635047793388367,-0.0308808423578739,1.05649244785309,0.0445421040058136,-0.0285381469875574,0.673816561698914,-0.737002670764923
0.634816348552704,-0.0306347478181123,1.05656135082245,0.0439973510801792,-0.0284510944038629,0.674373984336853,-0.736528635025024
0.633755385875702,-0.0308710224926471,1.05617094039917,0.0468155667185783,-0.0277529451996088,0.674326241016388,-0.736425399780273
0.634145021438599,-0.0302770026028156,1.05654549598694,0.0449013821780681,-0.0257974211126565,0.675223708152771,-0.735792994499207
0.63394021987915,-0.0300761125981807,1.05658483505249,0.0451687313616275,-0.0231130849570035,0.675723612308502,-0.735406756401062
0.633669376373291,-0.029813440516591,1.05657291412354,0.0449630282819271,-0.0256865210831165,0.676814675331116,-0.73432993888855
0.633446037769318,-0.0296319425106048,1.05659472942352,0.0450802743434906,-0.0248728692531585,0.677435219287872,-0.733778357505798
0.633170962333679,-0.0294159483164548,1.05660474300385,0.0451416261494159,-0.0214358754456043,0.677762448787689,-0.733580887317657
0.632961571216583,-0.0291661582887172,1.05661654472351,0.0437458865344524,-0.0210973657667636,0.678687930107117,-0.732819199562073
0.632181465625763,-0.0291262026876211,1.05618917942047,0.0648268312215805,-0.02908181771636,0.683164894580841,-0.726799607276917
0.631776452064514,-0.0288265980780124,1.05603969097137,0.0445294268429279,-0.0207273829728364,0.679516613483429,-0.732014179229736
0.631609797477722,-0.0285694133490324,1.05605053901672,0.0635512843728065,-0.0321988426148891,0.684534192085266,-0.725491166114807
0.632155179977417,-0.0280099716037511,1.05656480789185,0.0438959896564483,-0.0241755172610282,0.680161952972412,-0.73134708404541
0.63211190700531,-0.0276961401104927,1.05654108524323,0.0440407209098339,-0.0235522836446762,0.68163537979126,-0.729985594749451
0.63210117816925,-0.0274007972329854,1.05664157867432,0.0434989109635353,-0.0257914438843727,0.682435035705566,-0.729194760322571
0.632106244564056,-0.0270867347717285,1.05664658546448,0.0436674430966377,-0.0242367628961801,0.682942152023315,-0.728763103485107
0.632155478000641,-0.0270912609994411,1.05691385269165,0.0417391993105411,-0.0164592508226633,0.684462189674377,-0.72766637802124
0.632152438163757,-0.0267703365534544,1.05690968036652,0.0412325784564018,-0.0154724372550845,0.684901773929596,-0.727303326129913
0.632143616676331,-0.0264323092997074,1.05697631835938,0.0412570536136627,-0.0136748505756258,0.683913230895996,-0.728267431259155
0.631760716438293,-0.0259544998407363,1.05689489841461,0.0410442128777504,-0.0131155867129564,0.684270918369293,-0.727953791618347
0.631664991378784,-0.0256007183343172,1.05676937103271,0.040746334940195,-0.0118985697627067,0.684789717197418,-0.727503478527069
0.631521165370941,-0.0252587310969829,1.0568505525589,0.040974386036396,-0.0111089339479804,0.685078978538513,-0.727230787277222
0.629454910755157,-0.0265249609947204,1.05565667152405,0.0654495954513549,-0.0198791250586509,0.688516497612,-0.721987664699554
0.630614399909973,-0.024831335991621,1.05641686916351,0.0422815755009651,-0.0097303986549377,0.68557208776474,-0.726710736751556
0.630581557750702,-0.02450642734766,1.05646288394928,0.041998703032732,-0.0088887754827737,0.685848474502563,-0.726477205753326
0.630486130714417,-0.0242628157138824,1.05644738674164,0.0420854426920414,-0.0077835880219936,0.68624347448349,-0.726111710071564
0.630494594573975,-0.0239476226270198,1.05646574497223,0.0423547960817813,-0.0034380482975393,0.686370730400085,-0.726009368896484
0.631344437599182,-0.0233042072504758,1.05702114105225,0.0402581803500652,-0.0011993864318355,0.687301456928253,-0.725254893302917
0.63057279586792,-0.0233379155397415,1.05649864673615,0.0418534949421882,-0.0008396498742513,0.687265038490295,-0.725199401378632
0.630635440349579,-0.0230095908045768,1.05652701854706,0.0416053086519241,-0.002482020528987,0.688027024269104,-0.72448718547821
0.630713403224945,-0.0226164348423481,1.05655372142792,0.0412379615008831,0.001791292685084,0.688139200210571,-0.72440379858017
0.63093090057373,-0.0220931470394134,1.05660963058472,0.0405136495828628,0.0029422820080071,0.688628256320953,-0.723975956439972
0.63093090057373,-0.0220931470394134,1.05660963058472,0.0405136495828628,0.0029422820080071,0.688628256320953,-0.723975956439972
0.631067216396332,-0.0213956069201231,1.05675601959229,0.0396531783044338,0.0026943732518702,0.689638376235962,-0.723062515258789
0.631779968738556,-0.0207681860774755,1.05734992027283,0.0380051881074905,0.0046522906050086,0.690412402153015,-0.722402155399323
0.631035268306732,-0.0207075644284486,1.05673313140869,0.0395471565425396,0.00496470881626,0.690367043018341,-0.722360610961914
0.631767630577087,-0.0197426229715347,1.05676448345184,0.0369171537458896,0.0063357218168675,0.690155923366547,-0.72269070148468
0.631781458854675,-0.0193513799458742,1.05659878253937,0.0356090106070041,0.0069391401484608,0.690603852272034,-0.722322762012482
0.631827294826508,-0.0189025588333606,1.0566737651825,0.0369079150259494,0.011619365774095,0.690961718559265,-0.721855103969574
0.631930291652679,-0.0184757001698017,1.05674433708191,0.0366000980138778,0.0102921025827527,0.691342830657959,-0.721526026725769
0.632417559623718,-0.0202895980328321,1.05835592746735,0.0397074706852436,0.0161712784320116,0.690404891967773,-0.722151637077332
0.632519602775574,-0.0200151391327381,1.05850160121918,0.0402413718402385,0.0195682756602764,0.689885497093201,-0.722534239292145
0.632717490196228,-0.0198063626885414,1.05875170230865,0.0384704656898975,0.0189221389591693,0.690288424491882,-0.722262978553772
0.632543802261353,-0.019507173448801,1.05864059925079,0.0390569828450679,0.0224441606551408,0.689443290233612,-0.722937703132629
0.632668495178223,-0.0191865637898445,1.05882275104523,0.03998314589262,0.022273039445281,0.689457714557648,-0.722878575325012
0.633405566215515,-0.0192461218684911,1.05942523479462,0.0395633429288864,0.0258283074945211,0.689378082752228,-0.722859263420105
0.63323187828064,-0.0185792706906795,1.05936324596405,0.0391845181584358,0.0260691065341234,0.688855767250061,-0.723369002342224
0.633370518684387,-0.0182458311319351,1.05959630012512,0.0392160825431346,0.0304119195789098,0.687941670417786,-0.724067330360413
0.632786989212036,-0.0139175709336996,1.05715835094452,0.032704684883356,0.0214771069586277,0.689871609210968,-0.722873628139496
0.63284695148468,-0.0133556704968214,1.05715596675873,0.0325943492352962,0.0225298702716827,0.689439833164215,-0.7232586145401
0.632572531700134,-0.0126819564029574,1.05696761608124,0.0332789309322834,0.0246301144361495,0.688217222690582,-0.724322378635406
0.633063852787018,-0.0120882969349622,1.05715441703796,0.0317857973277568,0.0249621421098709,0.688099503517151,-0.724489986896515
0.633240342140198,-0.0115351062268018,1.05726313591003,0.0315049290657043,0.0263740047812461,0.687727868556976,-0.724804997444153
0.633256256580353,-0.0109793860465288,1.05729961395264,0.0310859773308038,0.0275257416069507,0.686936676502228,-0.72553014755249
0.633156061172485,-0.0104994736611843,1.05730712413788,0.03126747533679,0.0288544632494449,0.68641996383667,-0.725959777832031
0.633177816867828,-0.0099398083984851,1.05736601352692,0.0312024634331464,0.0322183556854724,0.685184299945831,-0.726987540721893
0.633223295211792,-0.0093998294323682,1.05742311477661,0.0309887342154979,0.0332636684179306,0.684517443180084,-0.727577745914459
0.633278906345367,-0.0087831951677799,1.05746805667877,0.0307947378605604,0.0319931432604789,0.684378921985626,-0.727773189544678
0.633444368839264,-0.008190281689167,1.05759143829346,0.0303211491554975,0.0331724360585212,0.683790564537048,-0.728292942047119
0.63340437412262,-0.0076228422112762,1.05745816230774,0.0302081760019063,0.0339549593627452,0.683073997497559,-0.728933751583099
0.63335108757019,-0.0071056629531085,1.05749261379242,0.0303469058126211,0.0354304760694503,0.682185351848602,-0.729689717292786
0.633330643177032,-0.0065632071346044,1.05755543708801,0.0302732475101947,0.0363149456679821,0.681674838066101,-0.730126082897186
0.656713306903839,-0.0201505757868289,1.04869449138641,0.0145144574344158,0.0986453592777252,0.6832195520401,-0.723373711109161
0.65676361322403,-0.0195883847773075,1.04873323440552,0.0144671648740768,0.0994990393519401,0.682271361351013,-0.724152207374573
0.634329974651337,-0.0051267370581626,1.05819737911224,0.0290077794343233,0.0421931147575378,0.679341077804565,-0.732034146785736
0.634039103984833,-0.0046674325130879,1.05835318565369,0.0291986931115388,0.0442566387355327,0.678550720214844,-0.732637524604797
0.63375324010849,-0.004159246571362,1.05837643146515,0.0303223971277475,0.0436835065484046,0.677666902542114,-0.733443915843964
0.633083879947662,-0.0035630580969154,1.05833625793457,0.0315312258899211,0.0434796549379825,0.67667955160141,-0.734316051006317
0.633035898208618,-0.0029473379254341,1.05831658840179,0.0307708494365215,0.0455243624746799,0.675999760627747,-0.734850466251373
0.632736444473267,-0.0024067847989499,1.05830466747284,0.0319400690495967,0.0452844463288784,0.675205528736115,-0.73554515838623
0.632590055465698,-0.0018511940725147,1.05833113193512,0.0320549793541431,0.046055868268013,0.674533426761627,-0.736108660697937
0.632888555526733,-0.0012530433014035,1.05871748924255,0.0315598100423812,0.0474465750157833,0.673669040203094,-0.736833035945892
0.632588148117065,-0.0007424596697092,1.05871200561523,0.0319793485105037,0.0473849177360534,0.672401905059814,-0.737975418567657
0.632588148117065,-0.0007424596697092,1.05871200561523,0.0319793485105037,0.0473849177360534,0.672401905059814,-0.737975418567657
0.632331848144531,0.0003726822324097,1.05875277519226,0.0323869101703166,0.0495836362242698,0.671244561672211,-0.73886626958847
0.632151424884796,0.0009706611745059,1.05876684188843,0.0325523987412452,0.0494098365306854,0.67031991481781,-0.739709615707397
0.631987571716309,0.0014980831183493,1.05879044532776,0.0327495522797107,0.0501319915056228,0.669481039047241,-0.740411758422852
0.631987571716309,0.0014980831183493,1.05879044532776,0.0327495522797107,0.0501319915056228,0.669481039047241,-0.740411758422852
0.631704270839691,0.0025931843556463,1.0590546131134,0.0308154337108135,0.0524035319685936,0.666869878768921,-0.742690324783325
0.656448364257812,-0.0115386471152305,1.0486466884613,0.0147464498877525,0.116000548005104,0.667419850826263,-0.735443472862244
0.656518936157227,-0.011124350130558,1.04851889610291,0.0148218935355544,0.117019154131413,0.666678488254547,-0.735952913761139
0.63123631477356,0.0038042063824832,1.05904614925385,0.0321466512978076,0.0547916255891323,0.665324091911316,-0.743846952915192
0.630984544754028,0.0046812854707241,1.05883800983429,0.0315218903124332,0.0543363876640796,0.664661288261414,-0.744499444961548
0.630821704864502,0.0052407104521989,1.05882620811462,0.0316507406532764,0.0544890016317367,0.664019405841827,-0.745055437088013
0.630669832229614,0.0056770616210997,1.05895066261292,0.0316494517028331,0.0547419041395187,0.663595795631409,-0.745414197444916
0.630536735057831,0.0062226564623415,1.05896782875061,0.0316826365888118,0.0552076324820518,0.663424015045166,-0.745531260967255
0.630530178546906,0.0064691985026001,1.05909264087677,0.0319381728768348,0.0561609864234924,0.66315484046936,-0.745688676834106
0.630367636680603,0.0069601954892277,1.05911660194397,0.0318962037563324,0.0562335662543773,0.662856101989746,-0.74595057964325
0.629911422729492,0.0078086396679282,1.05889558792114,0.0318136699497699,0.055031631141901,0.662082314491272,-0.74673056602478
0.629770755767822,0.0082636876031756,1.05889999866486,0.0318148992955684,0.0558045543730258,0.6620112657547,-0.7467360496521
0.629770755767822,0.0082636876031756,1.05889999866486,0.0318148992955684,0.0558045543730258,0.6620112657547,-0.7467360496521
0.630239844322205,0.0050870543345808,1.06140506267548,0.0387597940862178,0.0646439865231514,0.659355103969574,-0.748043954372406
0.63033401966095,0.0053564719855785,1.06156051158905,0.0388255938887596,0.0656509697437286,0.659332275390625,-0.747972905635834
0.63033401966095,0.0053564719855785,1.06156051158905,0.0388255938887596,0.0656509697437286,0.659332275390625,-0.747972905635834
0.629887044429779,0.0068957181647419,1.06107199192047,0.0376287102699279,0.0642883703112602,0.658818662166595,-0.748604834079742
0.629231750965118,0.0074197398498654,1.06075835227966,0.0382833294570446,0.0632198527455329,0.658578157424927,-0.748874187469482
0.629548966884613,0.0079298475757241,1.06081998348236,0.0372445657849311,0.0635384246706962,0.658377289772034,-0.749076187610626
0.629383206367493,0.0084183793514966,1.06073236465454,0.03726527094841,0.0636206865310669,0.658177018165588,-0.749244153499603
0.629231035709381,0.0088668512180447,1.0606871843338,0.0369843281805515,0.0636679530143737,0.658043146133423,-0.749371647834778
0.629064083099365,0.0094058606773614,1.06058979034424,0.0367542095482349,0.0633341073989868,0.657948613166809,-0.749494194984436
0.628231704235077,0.0099226776510477,1.0602810382843,0.0375332310795784,0.0615084432065486,0.657770216464996,-0.749764204025269
0.628172874450684,0.0104073993861675,1.06018471717834,0.0371059589087963,0.0616888329386711,0.657808065414429,-0.749737441539764
0.628562569618225,0.0107071623206138,1.06053102016449,0.0363382697105407,0.062904879450798,0.657846987247467,-0.749639868736267
0.62838089466095,0.0112649258226156,1.06037855148315,0.035929262638092,0.0622726343572139,0.657804191112518,-0.749749839305878
0.6277956366539,0.0140674803406,1.05874752998352,0.0318741016089916,0.0568752102553844,0.658694446086884,-0.749580562114716
0.628078699111938,0.0120447576045989,1.06020438671112,0.0358831100165843,0.0615889653563499,0.657634139060974,-0.749957799911499
0.627948045730591,0.0123512735590338,1.06016552448273,0.0357918143272399,0.0614469349384307,0.657608211040497,-0.749996423721313
0.627272009849548,0.0148015860468149,1.05873894691467,0.0324360392987728,0.0565277338027954,0.658530056476593,-0.749727189540863
0.627549767494202,0.0128871966153383,1.06008780002594,0.0361725240945816,0.0610210336744785,0.657461941242218,-0.750141322612762
0.627398729324341,0.0131833404302597,1.06003272533417,0.0362727046012878,0.0608943030238151,0.657323241233826,-0.750268220901489
0.626873373985291,0.0155786406248807,1.05863904953003,0.0326407998800277,0.0561705008149147,0.658283710479736,-0.74996143579483
0.626789927482605,0.0157461613416671,1.05863511562347,0.0327611565589904,0.0562052316963672,0.658233880996704,-0.74999737739563
0.626708745956421,0.0159247294068336,1.05863630771637,0.0329336374998092,0.0565738342702388,0.65829473733902,-0.74990850687027
0.626206398010254,0.016128946095705,1.05831444263458,0.0336948558688163,0.0558448545634746,0.658128142356873,-0.75007551908493
0.626206398010254,0.016128946095705,1.05831444263458,0.0336948558688163,0.0558448545634746,0.658128142356873,-0.75007551908493
0.62651652097702,0.0164549704641103,1.05855238437653,0.0330547876656055,0.0567315593361854,0.65811675786972,-0.750047445297241
0.625692903995514,0.0160552747547626,1.05865669250488,0.0353946387767791,0.056198164820671,0.658683359622955,-0.749483346939087
0.625936508178711,0.0159311946481466,1.05893218517303,0.0354911424219608,0.0572586879134178,0.658919453620911,-0.749190866947174
0.625883758068085,0.0160448942333459,1.058917760849,0.0356298424303531,0.0572563298046588,0.658814072608948,-0.749277174472809
0.625676810741425,0.0161315575242042,1.05891072750092,0.0360011346638202,0.0569127425551414,0.658733665943146,-0.749356329441071
0.625643849372864,0.0162100084125995,1.05889463424683,0.0360682308673858,0.0568218827247619,0.658706367015839,-0.749384045600891
0.625622987747192,0.0162779781967401,1.05889165401459,0.036090150475502,0.0568012334406375,0.658659994602203,-0.749425292015076
0.625604927539825,0.016336340457201,1.05888640880585,0.0361805595457553,0.0567311570048332,0.65865433216095,-0.749431252479553
0.625582218170166,0.0163960922509431,1.05888605117798,0.03621132299304,0.0566126629710197,0.65861713886261,-0.749471306800842
0.62556916475296,0.0164122600108385,1.05887842178345,0.0363912545144557,0.0565856732428073,0.658645868301392,-0.749439477920532
0.625563263893127,0.0164303425699472,1.05886912345886,0.036409106105566,0.0565085038542747,0.658617556095123,-0.749469339847565
0.625569939613342,0.0164336413145065,1.05885279178619,0.0364604331552982,0.0564216710627079,0.658594787120819,-0.74949324131012
0.625560164451599,0.0164540372788906,1.05881154537201,0.0365890637040138,0.0562937408685684,0.658607602119446,-0.749485313892365
0.625575661659241,0.0164216235280036,1.05880236625671,0.0367055758833885,0.0568599328398704,0.658241271972656,-0.749758780002594
0.625581979751587,0.0163700282573699,1.05877733230591,0.0369460880756378,0.0570156015455722,0.658254265785217,-0.749723732471466
0.625602662563324,0.0163120068609714,1.05874240398407,0.0370977632701396,0.0569553487002849,0.658235132694244,-0.749737560749054
0.62534636259079,0.0165634285658597,1.0584921836853,0.0369894839823246,0.0554006285965442,0.658038914203644,-0.750031590461731
0.625375628471375,0.0164553821086883,1.05849230289459,0.0374164432287216,0.0547371096909046,0.658510684967041,-0.749644994735718
0.62507951259613,0.0164034683257341,1.05828404426575,0.0380016863346099,0.053987368941307,0.658408343791962,-0.7497598528862
0.62558650970459,0.016291432082653,1.05851662158966,0.0374088995158672,0.0548002235591411,0.658572554588318,-0.749586343765259
0.62558650970459,0.016291432082653,1.05851662158966,0.0374088995158672,0.0548002235591411,0.658572554588318,-0.749586343765259
0.625547051429749,0.0158991739153862,1.05838537216187,0.0381276421248912,0.0546397231519222,0.658621490001678,-0.749518930912018
0.62618762254715,0.016230845823884,1.05818402767181,0.0364025868475437,0.0548630692064762,0.658052146434784,-0.750088214874268
0.62618762254715,0.016230845823884,1.05818402767181,0.0364025868475437,0.0548630692064762,0.658052146434784,-0.750088214874268
0.625835418701172,0.0154901714995503,1.05823421478271,0.0380843020975589,0.0545650944113731,0.658626973628998,-0.749521791934967
0.625895380973816,0.0153023274615406,1.05823802947998,0.0380307435989379,0.0539411306381225,0.658649682998657,-0.749549627304077
0.625895380973816,0.0153023274615406,1.05823802947998,0.0380307435989379,0.0539411306381225,0.658649682998657,-0.749549627304077
0.626016199588776,0.0148578835651278,1.0582263469696,0.0383317582309246,0.0541348569095134,0.658874273300171,-0.749323010444641
0.626075029373169,0.0146745881065726,1.05821752548218,0.0386193096637725,0.054018560796976,0.658910512924194,-0.749284684658051
0.626126825809479,0.0144573198631405,1.05821311473846,0.0387167744338512,0.0538055598735809,0.658945798873901,-0.749264001846313
0.626173317432404,0.0142483646050095,1.05832982063293,0.0388181917369365,0.0535760670900344,0.658962845802307,-0.749260127544403
0.625760495662689,0.0139525076374411,1.05801701545715,0.0396688356995582,0.0522105880081653,0.658973574638367,-0.749302566051483
0.626342594623566,0.0136956013739109,1.05833315849304,0.0390870049595832,0.0528950691223144,0.659243881702423,-0.749047338962555
0.626280844211578,0.0133759453892707,1.05824613571167,0.0394082032144069,0.0524576306343078,0.659348785877228,-0.748968958854675
0.626333951950073,0.0131009435281157,1.05821526050568,0.0397135540843009,0.0520429760217666,0.659465432167053,-0.748879015445709
0.626447796821594,0.0127995247021317,1.05819809436798,0.0405093804001808,0.0518926940858364,0.659240961074829,-0.749044358730316
0.626541018486023,0.012481627985835,1.05828273296356,0.039678931236267,0.0508871339261531,0.659816205501556,-0.748651266098022
0.627360641956329,0.0127065982669591,1.05808234214783,0.0372556298971176,0.05098856985569,0.659463286399841,-0.749079704284668
0.627476751804352,0.0123385097831487,1.05809509754181,0.0375763624906539,0.0507063306868076,0.659715056419373,-0.748861134052277
0.627132296562195,0.0110905040055513,1.05833685398102,0.0399260632693767,0.0510310493409633,0.660617172718048,-0.747921586036682
0.626906633377075,0.010978939011693,1.05810117721558,0.0400623455643653,0.0490841008722782,0.660293579101562,-0.748330235481262
0.626905560493469,0.0104711093008518,1.05809164047241,0.0406712926924228,0.0486728772521019,0.660533368587494,-0.748112618923187
0.62701290845871,0.0100652519613504,1.05802738666534,0.0405296608805656,0.0487911961972713,0.660943627357483,-0.747750163078308
0.627142786979675,0.00965535081923,1.05796897411346,0.0409283079206943,0.0482861138880252,0.660927712917328,-0.747775375843048
0.626971244812012,0.0092573184520006,1.05768299102783,0.0415430888533592,0.0473789349198341,0.661245286464691,-0.747518718242645
0.627228677272797,0.0088405366986989,1.05759811401367,0.0414633676409721,0.0466867387294769,0.661209523677826,-0.747598230838776
0.627228677272797,0.0088405366986989,1.05759811401367,0.0414633676409721,0.0466867387294769,0.661209523677826,-0.747598230838776
0.6279656291008,0.007673249579966,1.05804085731506,0.041464515030384,0.0473522879183292,0.661992490291595,-0.746863186359406
0.627900898456573,0.0073803649283945,1.05786907672882,0.0415549613535404,0.0458860509097576,0.661893784999847,-0.747037053108215
0.628976702690125,0.0058353617787361,1.05876517295837,0.0421391613781452,0.0485385097563266,0.660913348197937,-0.747704327106476
0.629111468791962,0.0053719254210591,1.05874645709991,0.0422836206853389,0.0477777831256389,0.66092723608017,-0.747732937335968
0.628273785114288,0.0058828885667026,1.05777394771576,0.0420441552996635,0.0442458726465702,0.662937641143799,-0.746182560920715
0.628686547279358,0.0050940313376486,1.05798697471619,0.0424295291304588,0.0448841676115989,0.66338723897934,-0.745722889900208
0.628763794898987,0.0045613683760166,1.05793809890747,0.0425773635506629,0.0434437617659568,0.663582503795624,-0.745626032352448
0.628965675830841,0.0039617852307856,1.05795395374298,0.0427179113030433,0.0428247787058353,0.663789927959442,-0.745469093322754
0.628949224948883,0.0013890289701521,1.05891990661621,0.0468360036611557,0.0452295057475566,0.662068545818329,-0.746609628200531
0.629213929176331,0.0012303399853408,1.05841147899628,0.045766707509756,0.0439836606383323,0.662617444992065,-0.746263444423676
0.629213929176331,0.0012303399853408,1.05841147899628,0.045766707509756,0.0439836606383323,0.662617444992065,-0.746263444423676
0.629204034805298,0.001739818137139,1.05700135231018,0.0429653897881507,0.0389433018863201,0.664602160453796,-0.744943916797638
0.62879467010498,0.0009876689873635,1.05648481845856,0.0440854094922542,0.0374884828925132,0.664708614349365,-0.744858145713806
0.629576027393341,0.0006302120164036,1.05708122253418,0.0428946204483509,0.0373421795666217,0.665374577045441,-0.744340181350708
0.629496395587921,-0.0001760409213602,1.05686211585999,0.0434925220906734,0.0362829752266407,0.665696918964386,-0.744069635868073
0.629842698574066,-0.0007588863372802,1.05697083473206,0.0428898222744464,0.0354659371078014,0.666293621063232,-0.743609726428986
0.630055725574493,-0.0014145150780677,1.05675613880157,0.0455419868230819,0.0344291739165782,0.667900323867798,-0.742057859897614
0.62993848323822,-0.0022331909276545,1.05684065818787,0.0456624291837215,0.0330235436558723,0.668121457099915,-0.741915225982666
0.629999101161957,-0.0029519307427108,1.05675303936005,0.0436969436705112,0.0327122174203395,0.667187988758087,-0.742886662483215
0.630088269710541,-0.0036990493535995,1.05665421485901,0.043896198272705,0.0317499823868274,0.667734324932098,-0.742425799369812
0.629622876644135,-0.0046536680310964,1.05618166923523,0.0452196672558784,0.0296887755393981,0.66826319694519,-0.741955578327179
0.62985622882843,-0.0053799347952008,1.05622577667236,0.0450906716287136,0.0290546976029872,0.668702185153961,-0.74159300327301
0.630758464336395,-0.0057850726880133,1.05651462078094,0.0449860841035842,0.0283751152455806,0.670621693134308,-0.739890336990356
0.630970895290375,-0.0065095904283225,1.05649030208588,0.0444827899336814,0.027419775724411,0.670880377292633,-0.739722192287445
0.630976498126984,-0.007253480143845,1.05644738674164,0.0445323921740055,0.0261479075998067,0.671510994434357,-0.73919290304184
0.630857467651367,-0.0082052703946828,1.05648279190063,0.0454334504902362,0.0273276958614587,0.671633124351501,-0.738984405994415
0.630866646766663,-0.0091253370046615,1.05637800693512,0.0454607717692852,0.0238228477537632,0.672808289527893,-0.73803448677063
0.631088852882385,-0.0097724068909883,1.05648136138916,0.0451677739620208,0.0251323189586401,0.672925055027008,-0.737902641296387
0.631215155124664,-0.0107863005250692,1.05637073516846,0.04529270529747,0.0219635553658008,0.673815786838531,-0.737182855606079
0.631380975246429,-0.0115925418213009,1.05591142177582,0.0455148965120315,0.0232997760176658,0.674135982990265,-0.736835241317749
0.631212294101715,-0.0124471783638,1.05596125125885,0.0454353131353855,0.0192015189677476,0.675421357154846,-0.735780656337738
0.63128662109375,-0.0132734049111604,1.05584573745728,0.045709915459156,0.0182609856128692,0.676088392734528,-0.735174536705017
0.631143271923065,-0.0142090944573283,1.05581676959991,0.0458828210830688,0.0165630839765071,0.677101254463196,-0.734271287918091
0.631134688854218,-0.0150716667994856,1.05572724342346,0.0457220077514648,0.0152638489380478,0.677973747253418,-0.733504116535187
0.631589472293854,-0.0160267744213342,1.0562379360199,0.0451282076537609,0.0151142226532101,0.679115235805511,-0.732487201690674
0.631133735179901,-0.0167270060628652,1.05564832687378,0.0459237396717071,0.0150997526943683,0.679331958293915,-0.732237040996552
0.631112515926361,-0.0176193937659263,1.05558609962463,0.0686923637986183,-0.0082333674654364,0.681581914424896,-0.72846394777298
0.631444573402405,-0.0187583230435848,1.05602967739105,0.0689785182476043,-0.004856037441641,0.683057427406311,-0.727083802223206
0.630909204483032,-0.0194661300629377,1.05550003051758,0.0693346410989761,-0.010849667713046,0.683799564838409,-0.726287364959717
0.630907773971558,-0.0204123556613922,1.05535304546356,0.0690954625606536,-0.0123937241733074,0.684953331947327,-0.725197374820709
0.631178379058838,-0.0210938416421413,1.0557450056076,0.006649327930063,0.0158095173537731,0.678599059581757,-0.73430860042572
0.631146728992462,-0.0220649298280477,1.05565881729126,0.0007730469806119,0.017022306099534,0.67863005399704,-0.734282732009888
0.631135702133179,-0.0229549016803503,1.05577218532562,-0.0039529264904558,0.0141781773418188,0.679682850837708,-0.733358383178711
0.631265342235565,-0.0237696133553981,1.05585896968842,-0.0081250937655568,0.0157449301332235,0.679715156555176,-0.733262300491333
0.631296157836914,-0.024687485769391,1.05592823028564,-0.0140693392604589,0.0135158002376556,0.68047022819519,-0.73251610994339
0.631537139415741,-0.0254515446722507,1.05611348152161,-0.0168395973742008,0.0157488286495208,0.680501461029053,-0.732383847236633
0.631294667720795,-0.0265858247876167,1.05606698989868,-0.0200907289981842,0.0137686980888247,0.681297838687897,-0.731600999832153
0.631851494312286,-0.027730269357562,1.0565322637558,-0.0239007230848073,0.0148300807923078,0.68221515417099,-0.730610370635986
0.631555497646332,-0.0283526610583066,1.05612242221832,0.0652496293187141,-0.0217040125280618,0.6947261095047,-0.715979814529419
0.631110966205597,-0.0293972734361886,1.05589318275452,0.0477860905230045,-0.0045572379603981,0.694877028465271,-0.717524588108063
0.632141590118408,-0.0303180310875177,1.0567786693573,0.0465041063725948,-0.0036497684195637,0.696518838405609,-0.716020703315735
0.631628155708313,-0.0313649959862232,1.05628538131714,0.0478618964552879,-0.0054725650697946,0.697203993797302,-0.715252339839935
0.631917655467987,-0.0321407616138458,1.05628204345703,0.0475222915410995,-0.0060397102497518,0.698104619979858,-0.7143914103508
0.631816446781158,-0.0330568887293338,1.05639731884003,0.0487846694886684,-0.0055466000922024,0.698630750179291,-0.713795781135559
0.631907820701599,-0.0340196751058101,1.05642545223236,0.0485275946557521,-0.0078815836459398,0.699900984764099,-0.712545931339264
0.632164835929871,-0.0347492471337318,1.05653965473175,0.0480425357818603,-0.0090124076232314,0.700911402702332,-0.711571574211121
0.631635427474976,-0.0358505100011825,1.05618679523468,0.0487320087850093,-0.0105678401887416,0.702044308185577,-0.710385382175446
0.632390677928925,-0.037009097635746,1.05679130554199,0.0428110770881176,-0.0090839304029941,0.702742636203766,-0.710096776485443
0.63215297460556,-0.037667442113161,1.05653154850006,0.0446148291230201,-0.0108686843886971,0.703116714954376,-0.709590375423431
0.632491588592529,-0.0385045446455478,1.05659556388855,0.0437857694923877,-0.0122643504291772,0.704654037952423,-0.70809268951416
0.633028924465179,-0.0397642664611339,1.05690622329712,0.0455626137554645,-0.0113237025216221,0.705690562725067,-0.706963121891022
0.632953882217407,-0.0404868759214878,1.05672001838684,0.045205932110548,-0.0106461839750409,0.706492066383362,-0.706195533275604
0.632161498069763,-0.0431099385023117,1.05578315258026,0.0499595589935779,-0.0131853492930531,0.707011699676514,-0.705311954021454
0.632735967636108,-0.0428258962929248,1.05749952793121,0.0480898432433605,-0.0150452898815274,0.708637654781342,-0.70377105474472
0.632692039012909,-0.043346531689167,1.05734992027283,0.0480740591883659,-0.0169788189232349,0.709502458572388,-0.702856183052063
0.632814645767212,-0.0443510487675666,1.05730044841766,0.0494932420551776,-0.0170843601226806,0.710161983966827,-0.702088713645935
0.632995545864105,-0.045130081474781,1.05735611915588,0.0513482019305229,-0.0151237286627292,0.711925089359283,-0.700212478637695
0.633143603801727,-0.0459776520729064,1.05739903450012,0.0501353926956653,-0.019819613546133,0.713302731513977,-0.69877952337265
0.634140312671661,-0.0462584048509597,1.05746364593506,0.0484591014683246,-0.0169090367853641,0.713376581668854,-0.698898911476135
0.633915483951569,-0.047063298523426,1.05721306800842,0.0495133213698864,-0.0167127773165702,0.713842630386353,-0.698353707790375
0.634454131126404,-0.0480084344744682,1.05746638774872,0.0482786148786544,-0.0195488277822732,0.714759111404419,-0.697428524494171
0.635062396526337,-0.0491021424531936,1.05774009227753,0.0472992807626724,-0.017029657959938,0.71594911813736,-0.696340322494507
0.634989440441132,-0.049646146595478,1.05765342712402,0.0483167991042137,-0.0198872666805982,0.715846717357635,-0.696299970149994
0.635215222835541,-0.0504197441041469,1.05762505531311,0.0468162819743156,-0.0240874122828245,0.717290997505188,-0.694781839847565
0.63556706905365,-0.0511625334620475,1.05768966674805,0.04630072042346,-0.0208262633532285,0.718081414699554,-0.694104909896851
0.635848224163055,-0.0517937205731868,1.05790984630585,0.0454461723566055,-0.0223053265362977,0.718435287475586,-0.693749308586121
0.636428833007812,-0.0552440658211708,1.05949866771698,0.0493920482695102,-0.0212725698947906,0.71795529127121,-0.694008767604828
0.636786818504333,-0.0560693778097629,1.05946624279022,0.049815397709608,-0.0214373394846916,0.717959761619568,-0.693968772888184
0.637023746967316,-0.0569042414426803,1.05952072143555,0.0489227622747421,-0.02317650988698,0.718644678592682,-0.693267047405243
0.637239277362823,-0.0575390234589576,1.05947422981262,0.0499166995286941,-0.0245395246893167,0.718650341033936,-0.693143486976624
0.637456774711609,-0.0579720996320247,1.05933427810669,0.0487115755677223,-0.0269465465098619,0.719477891921997,-0.692280769348145
0.637822151184082,-0.0594707950949668,1.05964171886444,0.0494002625346183,-0.0230808407068252,0.71933388710022,-0.692521214485168
0.638433754444122,-0.0609567239880561,1.06009101867676,0.0497010685503482,-0.0218674559146165,0.719600081443787,-0.692262530326843
0.638423800468445,-0.0615109428763389,1.05984318256378,0.049902681261301,-0.0270428545773029,0.719796717166901,-0.691860616207123
0.638243675231934,-0.0588536076247692,1.05751061439514,0.0439709387719631,-0.031400229781866,0.721662700176239,-0.690132975578308
0.63851410150528,-0.0594961605966091,1.05761158466339,0.0446874797344207,-0.0337306410074234,0.721728444099426,-0.68990832567215
0.638819873332977,-0.060258075594902,1.05768418312073,0.0438553504645824,-0.0334914028644561,0.721852123737335,-0.689844012260437
0.639421880245209,-0.0613249167799949,1.05795073509216,0.0436161644756794,-0.0331355556845665,0.722257375717163,-0.689451992511749
0.639354050159454,-0.0617996342480182,1.05764961242676,0.0436664037406444,-0.0380203649401664,0.722061097621918,-0.689402401447296
0.639764070510864,-0.0624090135097503,1.05761885643005,0.0430091172456741,-0.0388511680066585,0.722072839736938,-0.689385056495667
0.640149295330048,-0.0631238147616386,1.05769395828247,0.0430258475244045,-0.0365519858896732,0.722084581851959,-0.689497530460358
0.639783143997192,-0.0632138177752494,1.05724263191223,0.0426136031746864,-0.0390262976288795,0.722010493278503,-0.68946498632431
0.640683591365814,-0.0643125250935554,1.05767905712128,0.0422981232404708,-0.0381108298897743,0.721983969211578,-0.689563393592834
0.640903115272522,-0.0650731176137924,1.05778861045837,0.0424943678081035,-0.0384147949516773,0.721953272819519,-0.689566612243652
0.641317963600159,-0.0657135844230651,1.057772397995,0.0424410700798034,-0.03940249979496,0.721956312656403,-0.689511060714722
0.641608119010925,-0.0664329081773758,1.05775845050812,0.0428849197924137,-0.0403057970106601,0.721975207328796,-0.689411520957947
0.642163515090942,-0.0672411322593689,1.05805027484894,0.0424901358783245,-0.0397645607590675,0.722031593322754,-0.689408242702484
0.642338514328003,-0.0678518116474151,1.05801630020142,0.0426800996065139,-0.0406674407422542,0.721907436847687,-0.689473986625671
0.641743779182434,-0.0677898675203323,1.05717837810516,0.0430406741797924,-0.0436953008174896,0.721639931201935,-0.689546346664429
0.642610311508179,-0.0688603743910789,1.05763232707977,0.0428442694246768,-0.0427649095654487,0.721493005752563,-0.689770579338074
0.64276647567749,-0.0695303082466125,1.05770647525787,0.0436781235039234,-0.044266901910305,0.721361637115479,-0.689760863780975
0.643047988414764,-0.070287674665451,1.05769550800323,0.044411152601242,-0.0440444312989711,0.721333205699921,-0.689758121967316
0.643348693847656,-0.0708325132727623,1.05761635303497,0.043670929968357,-0.0434847027063369,0.721242904663086,-0.689935207366943
0.643554031848907,-0.0713998973369598,1.05767858028412,0.0440039299428463,-0.044061042368412,0.72114622592926,-0.689978539943695
0.643710494041443,-0.0719779804348945,1.05772924423218,0.0443995893001556,-0.0441265515983104,0.720903098583221,-0.690203130245209
0.643986940383911,-0.0725449100136756,1.0577540397644,0.0449141338467597,-0.043991781771183,0.720661103725433,-0.69043105840683
0.644194304943085,-0.0731226652860641,1.05776643753052,0.0449139811098575,-0.044490773230791,0.720796048641205,-0.690258204936981
0.644487619400024,-0.0736925899982452,1.05774569511414,0.0455548353493213,-0.044738233089447,0.720822989940643,-0.690172016620636
0.644978284835815,-0.0745530202984809,1.05811262130737,0.0459403432905674,-0.0434907861053943,0.720864355564117,-0.690182983875275
0.64489609003067,-0.0747763738036155,1.05786597728729,0.0464580282568931,-0.0444532111287117,0.720544874668121,-0.690420687198639
0.645098924636841,-0.0752290859818458,1.0578807592392,0.0468694232404232,-0.0448168031871318,0.720417022705078,-0.690502643585205
0.645276129245758,-0.0757786259055137,1.0578351020813,0.0474330186843872,-0.0445991232991218,0.720573902130127,-0.690314590930939
0.645739197731018,-0.0765675231814384,1.05817270278931,0.0487230792641639,-0.0449893772602081,0.720839262008667,-0.689922332763672
0.645641803741455,-0.0766683965921402,1.05786430835724,0.0485609248280525,-0.0449612401425838,0.720751821994781,-0.690026938915253
0.645865082740784,-0.0771262198686599,1.05785202980042,0.0491287037730217,-0.0447024814784526,0.720928072929382,-0.6898193359375
0.646685540676117,-0.0812965631484985,1.06036341190338,0.0562319532036781,-0.0377203710377216,0.719032168388367,-0.691670417785645
0.646395206451416,-0.0811482146382331,1.05980920791626,0.0563570410013198,-0.0394783951342105,0.719251215457916,-0.691334307193756
0.646652162075043,-0.0814139544963836,1.05972516536713,0.0563681349158287,-0.0400128960609436,0.719268620014191,-0.691284477710724
0.647686362266541,-0.082355797290802,1.0602616071701,0.0565851330757141,-0.0373895093798637,0.719917178153992,-0.690738379955292
0.647846937179565,-0.0826173797249794,1.06014919281006,0.056936077773571,-0.0373568460345268,0.720267832279205,-0.690345704555511
0.647790908813477,-0.082605168223381,1.05980277061462,0.057308629155159,-0.0385256074368953,0.720273435115814,-0.690244615077972
0.648007988929749,-0.0828202217817306,1.05971133708954,0.0575507581233978,-0.0386544726788997,0.720553994178772,-0.689924597740173
0.648288547992706,-0.0829689800739288,1.05957341194153,0.0563243888318538,-0.0377128310501575,0.719976961612701,-0.690679848194122
0.648510873317719,-0.0831765905022621,1.05950307846069,0.0603791736066341,-0.0465569943189621,0.720610380172729,-0.689135432243347
0.648706555366516,-0.0833396092057228,1.05942833423615,0.0604858361184597,-0.0468796454370021,0.720897793769836,-0.688803434371948
0.648885488510132,-0.0834560319781303,1.05933141708374,0.0606215558946132,-0.047410674393177,0.721097767353058,-0.688545763492584
0.649185538291931,-0.0834668427705764,1.0592827796936,0.0604756735265255,-0.0480438731610775,0.721492826938629,-0.688100695610046
0.649420201778412,-0.0835874155163765,1.05919301509857,0.0603825487196445,-0.048492781817913,0.721735119819641,-0.687823235988617
0.649210751056671,-0.0811157524585723,1.05737471580505,0.0564099289476871,-0.0536292530596256,0.723376631736755,-0.686052620410919
0.649827480316162,-0.0838229954242706,1.05902361869812,0.0608048327267169,-0.04885233938694,0.722269177436829,-0.687199950218201
0.650008320808411,-0.0839015245437622,1.05896008014679,0.060965497046709,-0.0494944788515567,0.722479701042175,-0.686918318271637
0.649846374988556,-0.0815157741308212,1.05727005004883,0.0570128411054611,-0.0546454414725303,0.723986327648163,-0.685279130935669
0.650520622730255,-0.0840056538581848,1.0588446855545,0.0605107732117176,-0.0501514002680778,0.722784519195557,-0.686590075492859
0.650696933269501,-0.0840426087379455,1.05877888202667,0.0605483241379261,-0.0507507249712944,0.722744643688202,-0.68658459186554
0.6505166888237,-0.081696480512619,1.0571323633194,0.0568164363503456,-0.055487647652626,0.724201202392578,-0.685000479221344
0.65114164352417,-0.0842349752783775,1.05877208709717,0.0611114352941513,-0.0513867810368537,0.722711682319641,-0.686522245407104
0.651323974132538,-0.0842357501387596,1.05868065357208,0.0607831925153732,-0.0518652461469173,0.722846329212189,-0.686373591423035
0.651141345500946,-0.0817832499742508,1.0569486618042,0.0567688234150409,-0.0567361414432525,0.724259316921234,-0.684840857982635
0.651193380355835,-0.0818762555718422,1.0568540096283,0.0572133921086788,-0.0570820346474647,0.724255859851837,-0.684778690338135
0.651475012302399,-0.0818397402763366,1.05678522586823,0.0574904680252075,-0.0568509548902511,0.724446296691895,-0.684573113918304
0.651617646217346,-0.0818241685628891,1.05673170089722,0.057675302028656,-0.0569597780704498,0.724471271038055,-0.684522211551666
0.651520669460297,-0.0813904479146003,1.05645966529846,0.0569356381893157,-0.0585884749889373,0.724362730979919,-0.684561550617218
0.651675224304199,-0.0813611894845962,1.05642461776733,0.0569681674242019,-0.0589436180889606,0.72425776720047,-0.684639453887939
0.6521315574646,-0.0817114785313606,1.05667424201965,0.0577312223613262,-0.0578909404575824,0.724271714687347,-0.684650361537933
0.65226411819458,-0.0816644132137298,1.05664312839508,0.0578341148793697,-0.0581553280353546,0.724124729633331,-0.684774875640869
0.652382791042328,-0.0816016644239425,1.05663478374481,0.0578313432633876,-0.0589470751583576,0.723964214324951,-0.684877097606659
0.652493834495544,-0.0814591646194458,1.05660378932953,0.0577509813010692,-0.0592642612755298,0.723822474479675,-0.685006380081177
0.652723431587219,-0.0814088135957717,1.05658209323883,0.057721484452486,-0.0591881535947322,0.723581433296204,-0.685270011425018
0.652684509754181,-0.0809117183089256,1.05634903907776,0.05784672498703,-0.0600965917110443,0.723314046859741,-0.685462594032288
0.652304887771606,-0.0807965770363807,1.05608630180359,0.058687038719654,-0.0609396360814571,0.723079025745392,-0.685564696788788
0.653021097183228,-0.0811829045414924,1.0565071105957,0.0584682859480381,-0.0592884011566638,0.722627282142639,-0.686204254627228
0.653118133544922,-0.0810961425304412,1.05650305747986,0.058524701744318,-0.0592016167938709,0.722494900226593,-0.686346232891083
0.653206467628479,-0.081000804901123,1.0564888715744,0.0592797175049781,-0.0593106672167778,0.722600340843201,-0.686160981655121
0.65339869260788,-0.0808095782995224,1.05650448799133,0.0590024814009666,-0.0594265982508659,0.722388744354248,-0.686397552490234
0.653471171855927,-0.0806920826435089,1.05649352073669,0.0583006776869297,-0.0600714161992073,0.721996188163757,-0.686814486980438
0.653521478176117,-0.0806435421109199,1.05648112297058,0.0585264600813388,-0.0601328089833259,0.721769869327545,-0.687027752399445
0.653617262840271,-0.0804662108421325,1.0564512014389,0.0584308877587318,-0.060220293700695,0.721538424491882,-0.687271296977997
0.65375941991806,-0.0803255066275596,1.05646991729736,0.05856304615736,-0.0601611286401748,0.721216976642609,-0.687602579593658
0.653845012187958,-0.0801600366830825,1.05645442008972,0.0591167286038398,-0.0600277930498123,0.72099095582962,-0.687803626060486
0.653883278369904,-0.0799852013587951,1.05644428730011,0.0592256337404251,-0.0601998567581176,0.720734059810638,-0.688048660755157
0.653403401374817,-0.0802386254072189,1.05657136440277,0.060438722372055,-0.060649387538433,0.720575392246246,-0.688069701194763
0.653475940227509,-0.0801426991820335,1.05652606487274,0.0579949244856834,-0.0523703545331954,0.721070170402527,-0.688441574573517
0.653698861598969,-0.0799208059906959,1.0565789937973,0.0582315251231193,-0.0535076558589935,0.720514118671417,-0.688916265964508
0.653813183307648,-0.0797852799296379,1.05646634101868,0.0582246072590351,-0.0533109009265899,0.720229387283325,-0.689229786396027
0.653921365737915,-0.0796530991792678,1.05645751953125,0.0580147095024585,-0.052028514444828,0.72011536359787,-0.689464390277863
0.654295206069946,-0.0796651318669319,1.05667757987976,0.0578540302813053,-0.0515666529536247,0.720084846019745,-0.689544558525085
0.654359638690948,-0.0795148760080337,1.0566554069519,0.0578755103051662,-0.0515948347747325,0.719849705696106,-0.689786016941071
0.654040336608887,-0.0791218280792236,1.05633449554443,0.0580654181540012,-0.0519961155951023,0.719379901885986,-0.690230011940002
0.654097855091095,-0.0789679363369941,1.05630338191986,0.0581518225371837,-0.052248191088438,0.718998074531555,-0.690601408481598
0.653534650802612,-0.0783310607075691,1.05580842494965,0.058191392570734,-0.0537404455244541,0.718747735023499,-0.690744161605835
0.654205024242401,-0.0786120444536209,1.05624258518219,0.0580518878996372,-0.0520579852163791,0.718645036220551,-0.690991580486298
0.653709650039673,-0.0779396966099739,1.0557667016983,0.0579233169555664,-0.053731944411993,0.718339085578918,-0.691192269325256
0.654353678226471,-0.0781769677996635,1.05615723133087,0.0575554259121418,-0.0520605333149433,0.718181908130646,-0.691514194011688
0.654412388801575,-0.0779979676008224,1.05616736412048,0.0572617799043655,-0.0523657575249671,0.717725515365601,-0.691989183425903
0.654492795467377,-0.0778034701943397,1.05618190765381,0.0571915730834007,-0.052293661981821,0.717512726783752,-0.692221164703369
0.654571533203125,-0.0776450783014297,1.05618929862976,0.0570834539830684,-0.0514890849590301,0.717352569103241,-0.692456305027008
0.654614806175232,-0.0774469003081321,1.05620300769806,0.0570184923708438,-0.0515665337443351,0.717103481292725,-0.692713737487793
0.654726564884186,-0.0771330073475837,1.05627536773682,0.0566498227417469,-0.0517216697335243,0.716849327087402,-0.692995667457581
0.655012786388397,-0.0771706104278564,1.05649673938751,0.0566344410181045,-0.0507890805602073,0.716816484928131,-0.693099677562714
0.655034780502319,-0.0769647508859634,1.05648839473724,0.0563192963600158,-0.0514064133167266,0.716309368610382,-0.693603992462158
0.654945850372314,-0.0768054947257042,1.05648970603943,0.0565757751464843,-0.0513591915369033,0.716071665287018,-0.693832099437714
0.654609382152557,-0.0764004662632942,1.0561854839325,0.0567681193351745,-0.0517785139381885,0.715541422367096,-0.694331884384155
0.654705882072449,-0.0761636421084404,1.05619513988495,0.056602593511343,-0.0516633875668048,0.715262591838837,-0.694641172885895
0.654705882072449,-0.0761636421084404,1.05619513988495,0.056602593511343,-0.0516633875668048,0.715262591838837,-0.694641172885895
0.654700934886932,-0.075804516673088,1.05620098114014,0.0570632889866828,-0.0523309260606765,0.714507699012756,-0.695330142974854
0.654693841934204,-0.0756170228123664,1.05622553825378,0.057278599590063,-0.051384400576353,0.714389085769653,-0.695505023002625
0.654670357704163,-0.0754649937152862,1.05621516704559,0.0575827248394489,-0.0514011345803737,0.714015901088715,-0.695861756801605
0.654665350914001,-0.0753148645162582,1.05624938011169,0.0578382536768913,-0.0512530244886875,0.71376246213913,-0.696111500263214
0.654691696166992,-0.0751565843820571,1.05629193782806,0.0575521662831306,-0.0506326146423816,0.713275134563446,-0.696679770946503
0.65472012758255,-0.0750114023685455,1.05635118484497,0.0580137111246585,-0.0510720238089561,0.713103234767914,-0.6967853307724
0.654695093631744,-0.0748563855886459,1.05637776851654,0.0583461709320545,-0.0508581772446632,0.712884664535522,-0.696996927261353
0.6547611951828,-0.0746334865689277,1.05644154548645,0.0583525225520134,-0.0505490638315677,0.712849318981171,-0.697055101394653
0.654694318771362,-0.074549950659275,1.05642485618591,0.0590890310704708,-0.0500023923814296,0.712437987327576,-0.697452962398529
0.654711723327637,-0.0744092762470245,1.05645322799683,0.0589260198175907,-0.0501405522227287,0.712597608566284,-0.697293519973755
0.654853820800781,-0.0741965174674987,1.056516289711,0.0587498508393764,-0.0492661707103252,0.712557256221771,-0.697412073612213
0.654853820800781,-0.0741965174674987,1.056516289711,0.0587498508393764,-0.0492661707103252,0.712557256221771,-0.697412073612213
0.65492308139801,-0.0739215314388275,1.05657124519348,0.0589863546192646,-0.0488433688879013,0.71237975358963,-0.697603046894073
0.654986679553986,-0.0737388953566551,1.05653321743011,0.0589757189154624,-0.0492549054324626,0.712237358093262,-0.697720408439636
0.655023336410522,-0.0735866948962211,1.05653977394104,0.0591456182301044,-0.049281433224678,0.712057948112488,-0.697887301445007
0.655077993869781,-0.0734161585569381,1.05649900436401,0.0590400174260139,-0.0490904860198497,0.712088882923126,-0.697878122329712
0.655067503452301,-0.0733455866575241,1.05649185180664,0.059302307665348,-0.0484332554042339,0.712024092674255,-0.697967946529388
0.655229866504669,-0.073148064315319,1.05654585361481,0.0588962472975254,-0.0483625009655952,0.711788892745972,-0.698246955871582
0.655252575874329,-0.0731232091784477,1.0565288066864,0.0591349825263023,-0.0487196110188961,0.711589276790619,-0.698405504226685
0.655318379402161,-0.0730081722140312,1.05651891231537,0.0587289780378341,-0.0475841760635376,0.711405038833618,-0.698705613613129
0.655401408672333,-0.072892777621746,1.05651903152466,0.0588486082851886,-0.048270720988512,0.711090803146362,-0.698968350887299
0.655500888824463,-0.0727773755788803,1.05652165412903,0.0588178448379039,-0.0483280234038829,0.710811913013458,-0.69925057888031
0.655551075935364,-0.0726297497749328,1.0564945936203,0.0590239353477954,-0.0492880456149578,0.710551023483276,-0.699431300163269
0.655620098114014,-0.0725050121545791,1.05645895004272,0.0590241774916648,-0.0494073331356048,0.710314393043518,-0.69966322183609
0.655791759490967,-0.0723479241132736,1.05645179748535,0.0587505474686622,-0.0489349216222763,0.710150241851807,-0.69988602399826
0.655261158943176,-0.0717746317386627,1.05595886707306,0.0588830299675464,-0.0507815219461917,0.7095867395401,-0.700314700603485
0.655361115932465,-0.0716615542769432,1.05594885349274,0.058865986764431,-0.0511804409325122,0.709221363067627,-0.700657188892365
0.655486226081848,-0.0715837776660919,1.05595064163208,0.0589558780193328,-0.0509851053357124,0.708881437778473,-0.701007843017578
0.655950486660004,-0.0719730630517005,1.05652952194214,0.0591596029698848,-0.0491830669343471,0.708313286304474,-0.701693296432495
0.655921220779419,-0.072294145822525,1.05685412883759,0.0604355707764625,-0.0487262494862079,0.707821667194366,-0.702112555503845
0.655508041381836,-0.0724210143089294,1.05700469017029,0.0617554634809494,-0.0492816679179668,0.706936240196228,-0.702850520610809
0.655591547489166,-0.0723173692822456,1.05702614784241,0.0617630854249,-0.0495220534503459,0.706521689891815,-0.70324969291687
0.655727684497833,-0.0722007453441619,1.05699610710144,0.0613253004848957,-0.0503089316189289,0.705943167209625,-0.703812837600708
0.655803740024567,-0.0720806568861007,1.05704641342163,0.0615101940929889,-0.050330139696598,0.705251336097717,-0.704488515853882
0.655938029289246,-0.0719250589609146,1.0570387840271,0.0612855553627014,-0.0530487746000289,0.705014407634735,-0.704545855522156
0.656002700328827,-0.0718813985586166,1.057044506073,0.0616804957389831,-0.0527440793812274,0.704560935497284,-0.704987525939941
0.654754102230072,-0.0709053128957748,1.05651366710663,0.0621835254132747,-0.0529928542673587,0.70317816734314,-0.706304132938385
0.655969798564911,-0.0714422613382339,1.05627167224884,0.0613026693463325,-0.0496547184884548,0.702777147293091,-0.707022547721863
0.655175805091858,-0.0705933719873428,1.05635416507721,0.0616770163178443,-0.0557497404515743,0.702091753482819,-0.707216620445251
0.655431926250458,-0.070429116487503,1.05626940727234,0.0612852722406387,-0.0552427321672439,0.701423525810242,-0.707953095436096
0.656703054904938,-0.0709492266178131,1.05611228942871,0.0603509657084941,-0.0523220337927341,0.700878977775574,-0.708793878555298
0.656930983066559,-0.0707205310463905,1.05613303184509,0.0597005672752857,-0.0489965230226516,0.699868857860565,-0.710083663463593
0.657264053821564,-0.0704082772135734,1.05611598491669,0.0585039108991622,-0.0489215143024921,0.699108481407166,-0.710937023162842
0.657394230365753,-0.0701493769884109,1.05612754821777,0.0591313615441322,-0.0477005317807197,0.697760701179504,-0.71229088306427
0.657539904117584,-0.0699773356318473,1.05616617202759,0.0588827840983867,-0.0473171807825565,0.696955561637878,-0.713124752044678
0.658105731010437,-0.0699685886502265,1.05670094490051,0.0586106516420841,-0.0467424020171165,0.696213781833649,-0.713909149169922
0.657708644866943,-0.069664292037487,1.05613708496094,0.0588831827044487,-0.0474101714789867,0.694803655147552,-0.715215384960175
0.657698214054108,-0.0696208328008651,1.05619239807129,0.0590779185295105,-0.0464818365871906,0.693759441375732,-0.716272950172424
0.657800376415253,-0.0695032328367233,1.05621886253357,0.0590692125260829,-0.0463358014822006,0.692624986171722,-0.717380404472351
0.657857060432434,-0.0694079846143722,1.05623078346252,0.0591184869408607,-0.0458931662142276,0.691345810890198,-0.718637466430664
0.657916009426117,-0.069299966096878,1.05618536472321,0.0590582825243473,-0.045201689004898,0.690133571624756,-0.719850420951843
0.65797883272171,-0.0692290365695953,1.05623698234558,0.059254303574562,-0.044676411896944,0.689199388027191,-0.720761597156525
0.658727288246155,-0.068292535841465,1.05698585510254,0.0570380985736846,-0.0450915582478046,0.68852686882019,-0.721556842327118
0.658671200275421,-0.0682962164282798,1.0570627450943,0.0591971315443515,-0.047344647347927,0.687698900699615,-0.722028076648712
0.658119082450867,-0.0688784644007682,1.05681777000427,0.0611679926514625,-0.0461057312786579,0.68616384267807,-0.72340315580368
0.658119082450867,-0.0688784644007682,1.05681777000427,0.0611679926514625,-0.0461057312786579,0.68616384267807,-0.72340315580368
0.658171594142914,-0.0691696777939796,1.05680787563324,0.0614708326756954,-0.0446779690682888,0.683472573757172,-0.726010024547577
0.657744526863098,-0.0687733739614486,1.0563633441925,0.0615696832537651,-0.044808380305767,0.681913197040558,-0.727458536624908
0.657682597637177,-0.0686161741614341,1.05639910697937,0.061805997043848,-0.044699378311634,0.680708348751068,-0.72857266664505
0.657682597637177,-0.0686161741614341,1.05639910697937,0.061805997043848,-0.044699378311634,0.680708348751068,-0.72857266664505
0.657446026802063,-0.0684134364128112,1.05643844604492,0.0621005110442638,-0.0439746566116809,0.678146839141846,-0.730976581573486
0.656632423400879,-0.0678177401423454,1.05608022212982,0.0621895343065261,-0.0426410734653472,0.676401317119598,-0.732663154602051
0.657062530517578,-0.0682587474584579,1.05643880367279,0.062874935567379,-0.0406205095350742,0.675293207168579,-0.733740866184235
0.657055139541626,-0.0681053102016449,1.05661749839783,0.062815137207508,-0.0435068160295486,0.674200356006622,-0.734585225582123
0.65680593252182,-0.0679833143949508,1.0565824508667,0.063642606139183,-0.0438409857451915,0.673437893390656,-0.735193312168121
0.656479179859161,-0.0679759681224823,1.05652022361755,0.0615247339010238,-0.0433311499655246,0.671045899391174,-0.737586915493011
0.655860722064972,-0.0683890655636787,1.05687892436981,0.0659798085689544,-0.0408271960914135,0.669770538806915,-0.738503396511078
0.655956089496613,-0.0684803128242492,1.0571573972702,0.0570816993713378,-0.0384965054690837,0.667485058307648,-0.741433501243591
0.655399680137634,-0.0680918917059898,1.05694675445557,0.0633564218878746,-0.0402488708496093,0.666347146034241,-0.741854131221771
0.655212819576263,-0.0679332539439201,1.05691766738892,0.0633013769984245,-0.0403920784592628,0.665192544460297,-0.742886602878571
0.654951691627502,-0.067795529961586,1.05692577362061,0.0630794465541839,-0.0407647788524627,0.663869619369507,-0.744067549705505
0.654660046100616,-0.0676751136779785,1.05692291259766,0.063378021121025,-0.0406013466417789,0.662737786769867,-0.745059251785278
0.654719233512878,-0.0678120702505111,1.05715787410736,0.0640862733125686,-0.0407380759716033,0.661708176136017,-0.745905935764313
0.654377341270447,-0.0664587020874023,1.05636918544769,0.0613661110401153,-0.0415753796696662,0.66077446937561,-0.746915578842163
0.654625117778778,-0.0669586285948753,1.05695343017578,0.0621767193078994,-0.0398516915738582,0.659933984279633,-0.747685194015503
0.654625117778778,-0.0669586285948753,1.05695343017578,0.0621767193078994,-0.0398516915738582,0.659933984279633,-0.747685194015503
0.653854608535767,-0.0663615688681602,1.05659532546997,0.0621236898005008,-0.0405982621014118,0.657536149024963,-0.749759137630463
0.653658032417297,-0.0662141740322113,1.05661928653717,0.0621930211782455,-0.0404485687613487,0.656706213951111,-0.750488460063934
0.653418660163879,-0.0660264194011688,1.05660533905029,0.0621140487492084,-0.0402806438505649,0.655868113040924,-0.751236617565155
0.653418660163879,-0.0660264194011688,1.05660533905029,0.0621140487492084,-0.0402806438505649,0.655868113040924,-0.751236617565155
0.652775168418884,-0.0658077597618103,1.0565630197525,0.0627529770135879,-0.0404908061027526,0.654140949249268,-0.752676665782928
0.652224600315094,-0.0652877017855644,1.05628728866577,0.0624788478016853,-0.0446449555456638,0.653670966625214,-0.752872943878174
0.651934385299683,-0.0651622861623764,1.05631065368652,0.0628209561109542,-0.0415084175765514,0.652592897415161,-0.753958404064178
0.651692032814026,-0.0650328621268272,1.05624723434448,0.0629973635077476,-0.0445743910968303,0.652434587478638,-0.753905594348907
0.651393592357635,-0.0648621022701263,1.05622541904449,0.0625702291727066,-0.0442621372640132,0.651849329471588,-0.754465699195862
0.650702297687531,-0.0652005448937416,1.05659854412079,0.0637504160404205,-0.044541135430336,0.650318026542664,-0.755670845508575
0.650413334369659,-0.0654104202985763,1.05665743350983,0.0656820312142372,-0.0418741889297962,0.649940669536591,-0.755982518196106
0.650896549224854,-0.0646155551075935,1.05665063858032,0.0627272799611091,-0.0406692847609519,0.650293529033661,-0.755995869636536
0.649717688560486,-0.0651049688458442,1.05664777755737,0.0646907687187194,-0.0412662625312805,0.648662149906158,-0.757198512554169
0.649223208427429,-0.0645789504051208,1.05641555786133,0.0649274289608001,-0.0415165796875953,0.64897084236145,-0.756900131702423
0.649679362773895,-0.064630851149559,1.05700469017029,0.0643892735242843,-0.0397381521761417,0.649325549602509,-0.756737291812897
0.649478912353516,-0.0644574984908104,1.05706179141998,0.0646800771355629,-0.0405440740287303,0.649250328540802,-0.756734251976013
0.649379134178162,-0.0647123157978057,1.05736064910889,0.0649354830384254,-0.0382748804986476,0.649443924427032,-0.756664395332336
0.649152100086212,-0.0645418241620063,1.05738258361816,0.0645039156079292,-0.0381643585860729,0.649613201618195,-0.756561636924744
0.649378418922424,-0.063802883028984,1.05709314346313,0.0621893219649791,-0.0375740081071853,0.650330305099487,-0.756168723106384
0.649125456809998,-0.0636161565780639,1.05707812309265,0.0618102252483367,-0.0373887456953525,0.650565147399902,-0.756006956100464
0.648896753787994,-0.0634225755929946,1.05705559253693,0.0618612244725227,-0.0376357920467853,0.650878608226776,-0.755720734596252
0.648406147956848,-0.0628684237599372,1.0567901134491,0.0609643273055553,-0.0397469699382782,0.650496959686279,-0.756014049053192
0.648179650306702,-0.062663696706295,1.0567718744278,0.0602135881781578,-0.0386132299900054,0.651080131530762,-0.755630910396576
0.647957265377045,-0.0624200589954853,1.05674695968628,0.0604168809950351,-0.0385038070380687,0.652367651462555,-0.754508912563324
0.647895395755768,-0.0621704496443271,1.05678534507751,0.0595056377351284,-0.0379987880587577,0.652972638607025,-0.754083573818207
0.646833598613739,-0.0618055462837219,1.05617558956146,0.0603080876171588,-0.0403081439435482,0.653107166290283,-0.753783285617828
0.646613359451294,-0.0616231299936771,1.05616199970245,0.0601430758833885,-0.0402110181748867,0.653687655925751,-0.753298401832581
0.646501660346985,-0.0618849620223045,1.05663180351257,0.0598497949540615,-0.0394671484827995,0.65353387594223,-0.753494441509247
0.646328449249268,-0.0617384128272533,1.05662059783936,0.0593614280223846,-0.0392420664429664,0.654203951358795,-0.752963125705719
0.646145641803741,-0.0615438558161258,1.05670011043549,0.059941291809082,-0.0425920002162456,0.656067848205566,-0.751111149787903
0.646297633647919,-0.0607845745980739,1.05630600452423,0.0577025823295116,-0.0396987162530422,0.656775414943695,-0.750826478004456
0.646104216575623,-0.0609285198152065,1.05658233165741,0.058363027870655,-0.0400925390422344,0.657576620578766,-0.750052928924561
0.645898818969727,-0.0607070326805114,1.05657637119293,0.0579040609300136,-0.0402286425232887,0.658206224441528,-0.749528765678406
0.645469725131989,-0.0601643323898315,1.05637955665588,0.0564801804721355,-0.0395891480147838,0.659046471118927,-0.748932898044586
0.64489334821701,-0.060366865247488,1.05669891834259,0.0601847916841506,-0.0398112311959266,0.660773038864136,-0.747108995914459
0.645277798175812,-0.060060478746891,1.05666744709015,0.0585308223962783,-0.0385913290083408,0.661961138248444,-0.746252238750458
0.644879400730133,-0.059425976127386,1.0564192533493,0.05735694617033,-0.0394149236381053,0.662711203098297,-0.745634436607361
0.644695937633514,-0.059208158403635,1.05642223358154,0.0557023994624614,-0.0389166101813316,0.662867188453674,-0.745647192001343
0.64451652765274,-0.0589686073362827,1.05645966529846,0.0557782910764217,-0.0383663102984428,0.664462566375732,-0.744248926639557
0.643868088722229,-0.0592206865549087,1.05676913261414,0.0569105334579944,-0.0382613986730575,0.664933204650879,-0.743748068809509
0.643592238426208,-0.0589528158307075,1.05677342414856,0.0563943721354007,-0.0379711166024208,0.665754318237305,-0.743067383766174
0.644071519374847,-0.0584635958075523,1.0567375421524,0.0541518330574035,-0.0395674929022789,0.667370438575745,-0.741699934005737
0.643510937690735,-0.0581615902483463,1.05657780170441,0.0540378428995609,-0.03663931787014,0.667729318141937,-0.741535663604736
0.643751323223114,-0.0578779205679893,1.05688226222992,0.0529366731643676,-0.0353432856500148,0.668783962726593,-0.740727126598358
0.643551468849182,-0.0575907602906227,1.05676877498627,0.0521309487521648,-0.034789852797985,0.669533550739288,-0.740133047103882
0.64298677444458,-0.0577748827636241,1.05696177482605,0.053045105189085,-0.0343099609017372,0.66995233297348,-0.73971152305603
0.642873346805573,-0.0570485107600688,1.05669486522675,0.051574520766735,-0.0342900529503822,0.671034038066864,-0.738835334777832
0.643861770629883,-0.0552815273404121,1.05783629417419,0.046150866895914,-0.0341490507125854,0.672186732292175,-0.738152384757996
0.642145395278931,-0.0565649569034576,1.05663990974426,0.0512340106070041,-0.0335076078772544,0.672514975070953,-0.737547278404236
0.641834139823914,-0.0562511123716831,1.05669629573822,0.0508636310696601,-0.0334181748330593,0.673271715641022,-0.736886203289032
0.64152318239212,-0.05596374720335,1.05677998065948,0.0506107993423938,-0.032765943557024,0.674172103404999,-0.736109375953674
0.641393542289734,-0.0555348210036754,1.05689513683319,0.0498512908816337,-0.0318713523447513,0.675047397613525,-0.735397934913635
0.640840470790863,-0.0548960044980049,1.0565230846405,0.0490847118198871,-0.0326130986213684,0.675761878490448,-0.734760582447052
0.640648186206818,-0.0544853433966636,1.05656588077545,0.0483887679874897,-0.0320190414786338,0.676589012145996,-0.734071373939514
0.640464127063751,-0.0545455142855644,1.05672860145569,0.0486868917942047,-0.033802717924118,0.677770555019379,-0.732880651950836
0.640182793140411,-0.0541120991110801,1.05675005912781,0.0423942878842353,-0.0323269814252853,0.67816573381424,-0.732972681522369
0.639925479888916,-0.053648579865694,1.0568151473999,0.0417123772203922,-0.0288517419248819,0.678503096103668,-0.732844769954681
0.63966429233551,-0.0532979480922222,1.05683422088623,0.0411606952548027,-0.0282996818423271,0.678521871566772,-0.732879996299744
0.63942152261734,-0.0529272332787513,1.0568288564682,0.0415062457323074,-0.0279522575438022,0.68009889125824,-0.731410682201385
0.639325559139252,-0.0524987950921058,1.05678772926331,0.0394105575978755,-0.027809290215373,0.680479407310486,-0.731177926063538
0.639088094234467,-0.0520414747297763,1.05682241916656,0.0403001047670841,-0.0267338491976261,0.681065797805786,-0.730623483657837
0.638649642467499,-0.0516805797815322,1.05678248405457,0.0400439500808715,-0.0273356586694717,0.682930767536163,-0.728872358798981
0.638350367546082,-0.0512606725096702,1.05685603618622,0.0404394306242466,-0.0262020118534564,0.682518362998962,-0.729278326034546
0.638070583343506,-0.050821416079998,1.05687606334686,0.0402789004147052,-0.0256076417863369,0.683416903018951,-0.728466391563416
0.637792587280273,-0.0504181534051895,1.05693542957306,0.04005928337574,-0.0282608829438686,0.684619843959808,-0.727249801158905
0.637531220912933,-0.0499944947659969,1.05691754817963,0.0398805029690265,-0.027723092585802,0.685266494750977,-0.72667121887207
0.637035548686981,-0.0492123551666736,1.05666196346283,0.0394002310931682,-0.0282717403024435,0.686164081096649,-0.725828766822815
0.637072026729584,-0.0491654612123966,1.0569155216217,0.0390083938837051,-0.025310855358839,0.686871349811554,-0.725290060043335
0.636972188949585,-0.0486521981656551,1.05697691440582,0.0392682515084743,-0.022841578349471,0.687440812587738,-0.724818348884583
0.636920869350433,-0.0485252551734447,1.05720186233521,0.0393934473395347,-0.0213144831359386,0.688420474529266,-0.723927617073059
0.635527789592743,-0.0473319254815578,1.05631756782532,0.0397062040865421,-0.0238410159945487,0.688613057136536,-0.723648488521576
0.636442482471466,-0.0473104044795036,1.05710506439209,0.0384155511856079,-0.0234498418867588,0.690023243427277,-0.722386598587036
0.636253237724304,-0.0469008386135101,1.05716013908386,0.0385220609605312,-0.0226158034056425,0.690857529640198,-0.721609711647034
0.63672798871994,-0.0460022874176502,1.05703103542328,0.0354163683950901,-0.0215647052973508,0.691714704036713,-0.720979452133179
0.636045336723328,-0.0459815934300422,1.057284116745,0.0384307093918323,-0.0186464954167604,0.692319214344025,-0.720326066017151
0.636585354804993,-0.0451002568006515,1.05709648132324,0.0360439606010913,-0.0158077050000429,0.692836761474609,-0.720019578933716
0.636386275291443,-0.0467165783047676,1.05819809436798,0.0397057794034481,-0.0148418340831995,0.693002045154572,-0.719688355922699
0.636942863464355,-0.0466493070125579,1.05881285667419,0.0391807965934276,-0.0121237561106681,0.693666815757751,-0.719127476215363
0.636874318122864,-0.0467431172728538,1.05898797512054,0.0399130992591381,-0.007625563070178,0.693910956382751,-0.718913435935974
0.636911928653717,-0.0464405007660388,1.05919516086578,0.0396939553320407,-0.005861279554665,0.69478976726532,-0.718092799186707
0.636958062648773,-0.0463460832834243,1.05945944786072,0.040078267455101,-0.0039541609585285,0.69540798664093,-0.717485785484314
0.637040674686432,-0.0462552085518837,1.05972445011139,0.0402718149125576,-0.0021252876613289,0.696254670619965,-0.716661095619202
0.636462986469269,-0.0421708486974239,1.05730831623077,0.0343881733715534,-0.0088779516518116,0.698660016059875,-0.714571714401245
0.636547148227692,-0.041750680655241,1.05736804008484,0.0336531773209571,-0.0068876091390848,0.699540138244629,-0.713767290115356
0.636675119400024,-0.0413413271307945,1.05740392208099,0.0332658626139164,-0.0079941693693399,0.700602829456329,-0.712730824947357
0.636901915073395,-0.0408628247678279,1.05753529071808,0.03272470459342,-0.0063631455413997,0.701386690139771,-0.712000966072083
0.636585056781769,-0.0403768830001354,1.0572566986084,0.032837439328432,-0.0060329814441502,0.701748073101044,-0.711642503738403
0.637194693088531,-0.0398822352290153,1.05761420726776,0.0315664932131767,-0.0037471209652721,0.702594041824341,-0.710880696773529
0.63717919588089,-0.0395323783159256,1.05760133266449,0.0317032188177108,-0.0026136371307075,0.703081667423248,-0.710397362709045
0.637307286262512,-0.0391480699181556,1.05768477916718,0.0315001755952835,-0.0013274928787723,0.703663408756256,-0.709833681583405
0.637539923191071,-0.0386658757925033,1.05774974822998,0.0309537593275308,0.0003684491675812,0.704297423362732,-0.709229826927185
0.637708604335785,-0.0381300747394561,1.05783641338348,0.0308985654264688,0.0031850098166614,0.704261064529419,-0.709261178970337
0.63783186674118,-0.0376564599573612,1.05786085128784,0.0295657664537429,0.0037166741676628,0.704996824264526,-0.708584368228912
0.638331592082977,-0.0374990291893482,1.05816781520844,0.0305547732859849,0.0068150721490383,0.705480515956879,-0.708037614822388
0.638608157634735,-0.036859892308712,1.05822420120239,0.0295358449220657,0.0077362162992358,0.705796182155609,-0.707756698131561
0.638767540454865,-0.0364160947501659,1.05825662612915,0.0288005284965038,0.0075722360052168,0.706477165222168,-0.707108974456787
0.638596892356873,-0.0356737188994884,1.05804860591888,0.0282773301005363,0.0077080340124666,0.706458926200867,-0.707147002220154
0.638795077800751,-0.0351409129798412,1.0581089258194,0.0281094554811716,0.0108057344332337,0.706743657588959,-0.706828594207764
0.639058470726013,-0.0345084778964519,1.05813384056091,0.0268183443695306,0.0129182031378149,0.706291139125824,-0.707295417785645
0.639201879501343,-0.0339676737785339,1.05815958976746,0.0265601575374603,0.0129996538162231,0.706885397434235,-0.706709742546082
0.639571070671082,-0.0333072729408741,1.05810022354126,0.0249478053301572,0.0128263691440224,0.706695556640625,-0.706961393356323
0.639609217643738,-0.0328222624957561,1.05824887752533,0.0249473303556442,0.0137716280296444,0.70653909444809,-0.707100033760071
0.639754474163055,-0.0322783626616001,1.05826842784882,0.024110272526741,0.0145956175401806,0.706397354602814,-0.707254350185394
0.639913022518158,-0.0316980518400669,1.05831825733185,0.0239071547985076,0.0174722857773304,0.705657482147217,-0.707934200763702
0.640145123004913,-0.0310902260243892,1.05833435058594,0.0227551963180303,0.0173376947641372,0.705628395080566,-0.708004295825958
0.640247702598572,-0.0305433310568332,1.05835020542145,0.026875153183937,0.0175963286310434,0.705883085727692,-0.707599580287933
0.640335559844971,-0.0299938283860683,1.05839574337006,0.0265506766736507,0.0184073932468891,0.705400168895721,-0.70807272195816
0.640636086463928,-0.0293085947632789,1.05839395523071,0.0258486848324537,0.0199480988085269,0.705069065093994,-0.708386719226837
0.640827357769012,-0.0288055669516325,1.05844485759735,0.0245235599577426,0.0208730529993772,0.704627215862274,-0.708846509456635
0.640863358974457,-0.028211809694767,1.05844438076019,0.0244823321700096,0.0242857076227664,0.70325231552124,-0.710103750228882
0.640980839729309,-0.0276361256837844,1.0585275888443,0.0257185380905866,0.0233724508434534,0.702743828296661,-0.710593700408936
0.641120851039886,-0.0271010007709264,1.05856227874756,0.0258041638880968,0.024361653253436,0.701964914798737,-0.711326837539673
0.641354858875275,-0.0263963378965854,1.05855739116669,0.0252927169203758,0.0250086691230535,0.700971066951752,-0.712302207946777
0.6416135430336,-0.0257700234651565,1.05859136581421,0.024840373545885,0.0263810642063617,0.70006662607193,-0.713157594203949
0.641028165817261,-0.0254145301878452,1.05811095237732,0.026249811053276,0.0263744071125984,0.699001431465149,-0.714151620864868
0.641116142272949,-0.0247683655470609,1.0582640171051,0.0261376239359378,0.027279507368803,0.698190331459045,-0.714914679527283
0.641083717346191,-0.0242455098778009,1.05826199054718,0.0263067036867141,0.0281383376568555,0.697230517864227,-0.715811431407928
0.641188979148865,-0.0236306674778461,1.05832970142365,0.0264811348170042,0.0312380325049161,0.69584333896637,-0.717025101184845
0.641261398792267,-0.0230624061077833,1.05836462974548,0.0262852944433689,0.0296816453337669,0.695300400257111,-0.717624962329865
0.641261398792267,-0.0230624061077833,1.05836462974548,0.0262852944433689,0.0296816453337669,0.695300400257111,-0.717624962329865
0.641623497009277,-0.0217136088758707,1.05858635902405,0.025682171806693,0.0312151070684194,0.693970918655396,-0.718867421150208
0.641232788562775,-0.0210912004113197,1.05833494663239,0.0264504663646221,0.0312094371765851,0.692956387996674,-0.719817876815796
0.641351342201233,-0.020412728190422,1.0583690404892,0.0262694451957941,0.0315952226519584,0.692302525043488,-0.720436573028564
0.644673585891724,-0.0172667670994997,1.06109285354614,0.0163509622216224,0.0338857173919677,0.692834794521332,-0.72011411190033
0.644371330738068,-0.0170605089515447,1.06085705757141,0.0180363357067108,0.0344735458493232,0.692090034484863,-0.720761895179749
0.644253373146057,-0.0165469013154506,1.0608229637146,0.0183600839227437,0.0344429835677146,0.691424250602722,-0.721393883228302
0.644343435764313,-0.016466187313199,1.06082272529602,0.0192447640001773,0.0359460636973381,0.690972089767456,-0.721730649471283
0.644415557384491,-0.0159871447831392,1.06086909770966,0.0194536540657281,0.0367348790168762,0.690301835536957,-0.722326636314392
0.643217086791992,-0.0171283315867185,1.05899548530579,0.0244223028421401,0.0375942960381507,0.688909590244293,-0.723459661006927
0.642228543758392,-0.0164993666112422,1.05853307247162,0.0268850903958082,0.037104282528162,0.687488496303558,-0.724748373031616
0.642285168170929,-0.0160119235515594,1.05849921703339,0.0267176888883113,0.0363910719752311,0.687240362167358,-0.72502589225769
0.64234471321106,-0.0155346784740686,1.0586040019989,0.0276407189667224,0.0382649041712284,0.68615597486496,-0.725921452045441
0.642367124557495,-0.0150096174329519,1.0584990978241,0.0273761134594678,0.0370884612202644,0.686095774173737,-0.726049363613129
0.64345908164978,-0.014920050278306,1.05920791625977,0.0266071856021881,0.0402636863291263,0.685726404190063,-0.726257681846619
0.643452048301697,-0.0145092904567718,1.0592178106308,0.0273285862058401,0.0406576953828334,0.685096502304077,-0.726803302764893
0.643452048301697,-0.0145092904567718,1.0592178106308,0.0273285862058401,0.0406576953828334,0.685096502304077,-0.726803302764893
0.643523514270782,-0.0135631980374455,1.05932033061981,0.0276919174939394,0.0409170053899288,0.684168815612793,-0.727648258209229
0.643544137477875,-0.0131046772003173,1.05933260917664,0.0279986150562763,0.0412696562707424,0.683500349521637,-0.728244602680206
0.643822729587555,-0.0125931501388549,1.0594083070755,0.0279946699738502,0.0416453704237937,0.683007955551147,-0.728685200214386
0.644062936306,-0.0121443280950188,1.05935025215149,0.0278737973421812,0.0419868752360343,0.682546615600586,-0.729102432727814
0.64370208978653,-0.0117890257388353,1.05905699729919,0.0289422608911991,0.0414806231856346,0.681961357593536,-0.729637265205383
0.644259512424469,-0.011333854869008,1.05922615528107,0.0285040661692619,0.0426584668457508,0.681577742099762,-0.729944884777069
0.643690228462219,-0.0103981401771307,1.05839359760284,0.0286144856363534,0.0403263941407203,0.681041955947876,-0.730572938919067
0.64364892244339,-0.0100322272628545,1.0583221912384,0.0297308340668678,0.0418474040925502,0.680130302906036,-0.731291949748993
0.643835246562958,-0.0095831453800201,1.05835068225861,0.028988491743803,0.0404767096042633,0.680214583873749,-0.731320202350616
0.643959879875183,-0.0091739743947982,1.0584841966629,0.0292105395346879,0.0407527014613151,0.679911315441132,-0.731578171253204
0.643584072589874,-0.0087843826040625,1.05816876888275,0.0302198231220245,0.0397748202085495,0.679466426372528,-0.732004344463348
0.644903182983398,-0.0088832015171647,1.05921852588654,0.0292456988245248,0.0427866764366626,0.679455041885376,-0.73188441991806
0.64498245716095,-0.0085575329139828,1.05921351909637,0.0296252649277448,0.0426335148513317,0.679188966751099,-0.732125163078308
0.645079851150513,-0.0082240989431738,1.05921852588654,0.0297813117504119,0.0425784215331077,0.678882658481598,-0.732406079769135
0.645160377025604,-0.0078974775969982,1.05920028686523,0.0300486888736486,0.0448090992867946,0.677968502044678,-0.733108460903168
0.645143330097198,-0.0076729669235646,1.05913472175598,0.0303140729665756,0.0421762056648731,0.678296625614166,-0.732950270175934
0.645306587219238,-0.0072902026586234,1.05910205841064,0.0302807353436946,0.0418958812952041,0.678058266639709,-0.733188211917877
0.645431458950043,-0.0070008244365453,1.05906331539154,0.0303825009614229,0.0419063009321689,0.677846729755402,-0.733379065990448
0.645524919033051,-0.0066943820565938,1.05902588367462,0.0304220784455537,0.041610948741436,0.677635490894318,-0.733589291572571
0.64585417509079,-0.0063605490140616,1.05900418758392,0.0300045683979988,0.0415591821074485,0.677497863769531,-0.733736634254456
0.64599221944809,-0.0061416719108819,1.05910551548004,0.0299589429050683,0.0413248240947723,0.677426040172577,-0.733817934989929
0.646129131317139,-0.0059193349443376,1.05907309055328,0.0301771685481071,0.0408228114247322,0.677289307117462,-0.733963310718536
0.646437644958496,-0.0060070003382861,1.05920350551605,0.030424328520894,0.0413971319794654,0.677368819713593,-0.733847558498383
0.646532356739044,-0.0053711831569671,1.05904078483582,0.0301057994365692,0.0426831282675266,0.676400005817413,-0.73468017578125
0.646671950817108,-0.0051325131207704,1.05896592140198,0.0303632915019989,0.0422159992158412,0.676345586776733,-0.73474657535553
0.646851420402527,-0.0049517136067152,1.05892193317413,0.0304998457431793,0.0419343709945678,0.676245033740997,-0.734849750995636
0.647006273269653,-0.0047266730107367,1.05872917175293,0.0304205156862735,0.0392559058964252,0.67686665058136,-0.734428465366364
0.647218286991119,-0.0045505026355385,1.05869495868683,0.0306430198252201,0.0388672426342964,0.676894068717957,-0.734414577484131
0.647435367107391,-0.0043947924859821,1.05865144729614,0.0305005926638841,0.0385356768965721,0.676977932453156,-0.734360754489899
0.647693872451782,-0.0042430516332387,1.05861914157867,0.0306717045605182,0.0384386368095874,0.677018404006958,-0.734321355819702
0.647390902042389,-0.0038700103759765,1.05805194377899,0.0309959258884191,0.0366407483816146,0.677139163017273,-0.734288215637207
0.648586213588715,-0.0041635441593825,1.05869805812836,0.0303472001105546,0.0388836823403835,0.677328586578369,-0.734025239944458
0.648841202259064,-0.0040313014760613,1.05865406990051,0.0303717199712991,0.038430206477642,0.677555561065674,-0.733838677406311
0.648863196372986,-0.0035531083121895,1.05835556983948,0.0302022732794284,0.0370010659098625,0.677473366260529,-0.733995079994202
0.649249970912933,-0.0034033893607556,1.05828464031219,0.0297174770385026,0.0369332283735275,0.677703380584717,-0.73380583524704
0.649249970912933,-0.0034033893607556,1.05828464031219,0.0297174770385026,0.0369332283735275,0.677703380584717,-0.73380583524704
0.650099873542786,-0.0031132525764405,1.058260679245,0.0284362491220235,0.0366756655275821,0.678312480449677,-0.733306527137756
0.649137735366821,-0.0027319369837641,1.05745148658752,0.0297690220177173,0.0334880240261554,0.678259193897247,-0.733455419540405
0.649365484714508,-0.0026910509914159,1.05741441249847,0.0295766070485115,0.032862439751625,0.67842572927475,-0.733337581157684
0.649365484714508,-0.0026910509914159,1.05741441249847,0.0295766070485115,0.032862439751625,0.67842572927475,-0.733337581157684
0.673716425895691,-0.0168765652924776,1.04827880859375,0.0135390693321824,0.0943195894360542,0.681056976318359,-0.726004183292389
0.652650237083435,-0.0003752373158931,1.05952119827271,0.0213877949863672,0.032401617616415,0.6804239153862,-0.731789648532867
0.652617752552032,-0.0002828924916684,1.0593888759613,0.0215491093695163,0.0310773234814405,0.680723488330841,-0.731563687324524
0.652617752552032,-0.0002828924916684,1.0593888759613,0.0215491093695163,0.0310773234814405,0.680723488330841,-0.731563687324524
0.653918206691742,4.89344820380211e-05,1.05987596511841,0.0198899861425161,0.0308449044823646,0.681656539440155,-0.73075133562088
0.654160737991333,2.20770016312599e-05,1.05979382991791,0.0194851215928792,0.030000003054738,0.681870460510254,-0.730597674846649
0.654350757598877,-7.07856379449368e-05,1.05966997146606,0.0196361877024173,0.0295721888542175,0.682207465171814,-0.730296492576599
0.654350757598877,-7.07856379449368e-05,1.05966997146606,0.0196361877024173,0.0295721888542175,0.682207465171814,-0.730296492576599
0.654646635055542,-0.0004842085763812,1.05922412872314,0.0207647755742073,0.0300743002444505,0.682798624038696,-0.729691922664642
0.654646635055542,-0.0004842085763812,1.05922412872314,0.0207647755742073,0.0300743002444505,0.682798624038696,-0.729691922664642
0.654858112335205,-0.0011020838283002,1.05861699581146,0.0211852360516786,0.0264606457203626,0.683492183685303,-0.729170382022858
0.654821693897247,-0.0014759483747184,1.05828261375427,0.0217673946171998,0.0255860816687345,0.683507442474365,-0.729170203208923
0.654836773872375,-0.0018741809763014,1.05768299102783,0.022529050707817,0.024723595008254,0.683821856975555,-0.7288818359375
0.654769778251648,-0.0022662612609565,1.05733227729797,0.0237135030329227,0.0238893460482358,0.684253931045532,-0.728466629981995
0.654640436172485,-0.002661932259798,1.05722510814667,0.0246664378792047,0.0230221040546894,0.68443489074707,-0.728292942047119
0.654582738876343,-0.0030060186982154,1.05688953399658,0.0251580085605382,0.0219434518367052,0.684691071510315,-0.72806853055954
0.654630184173584,-0.0033896858803927,1.05655956268311,0.0257710851728916,0.0209285914897918,0.68517529964447,-0.727621376514435
0.654784858226776,-0.0035880450159311,1.05646371841431,0.0260813124477863,0.0201789699494838,0.685643076896667,-0.727190732955933
0.654699862003326,-0.0038667474873363,1.05624890327454,0.0266528967767953,0.0187787450850009,0.686001718044281,-0.726869106292725
0.654715240001678,-0.0041489889845252,1.05611026287079,0.0272456463426351,0.0178983435034751,0.686178982257843,-0.726702094078064
0.654636323451996,-0.0045616887509822,1.05608379840851,0.0281435791403055,0.0168148260563612,0.68678343296051,-0.726122379302979
0.654739558696747,-0.0048262481577694,1.05592334270477,0.0282961167395114,0.0156945623457431,0.687399089336395,-0.725558757781982
0.654739558696747,-0.0048262481577694,1.05592334270477,0.0282961167395114,0.0156945623457431,0.687399089336395,-0.725558757781982
0.655281484127045,-0.0051907137967646,1.05590736865997,0.0281885359436273,0.0139313926920294,0.688731014728546,-0.724334895610809
0.655271708965302,-0.0053307493217289,1.05574488639832,0.0283980891108512,0.0126402107998728,0.689455330371857,-0.723660886287689
0.656040251255035,-0.0054490072652697,1.05613255500793,0.0272317174822092,0.0122114745900034,0.690442860126495,-0.722770988941193
0.656594753265381,-0.0059282858856022,1.0564067363739,0.0274927895516157,0.0148028694093227,0.691066443920135,-0.722116529941559
0.656594753265381,-0.0059282858856022,1.0564067363739,0.0274927895516157,0.0148028694093227,0.691066443920135,-0.722116529941559
0.656680941581726,-0.0065212296321988,1.05613899230957,0.0277772303670644,0.0096344873309135,0.692565679550171,-0.720755577087402
0.656393468379974,-0.0066477828659117,1.05575084686279,0.0286803226917982,0.0075564114376902,0.693222224712372,-0.720113396644592
0.656605303287506,-0.0068857995793223,1.05582392215729,0.0288008004426956,0.0091751227155327,0.693596124649048,-0.719729602336884
0.656140744686127,-0.0072465115226805,1.05536568164825,0.0299723651260137,0.0044233254157006,0.694699645042419,-0.718661546707153
0.656801998615265,-0.0074338051490485,1.05571484565735,0.0294210892170667,0.0044785006903111,0.695764780044556,-0.717652857303619
0.65665739774704,-0.0078577138483524,1.0554621219635,0.0304491072893142,0.0030968727078288,0.696635603904724,-0.716771960258484
0.656847715377808,-0.0080574229359626,1.05545330047607,0.0236416291445493,0.0019611606840044,0.696821630001068,-0.716852068901062
0.656916499137878,-0.0083633661270141,1.0552316904068,0.0254815723747015,0.0013123381650075,0.697616755962372,-0.716016709804535
0.656947493553162,-0.0086390972137451,1.055255651474,0.0262385960668325,-0.0001696516264928,0.698406457901001,-0.715220332145691
0.65687620639801,-0.0089967921376228,1.05507373809814,0.0272958874702453,-0.0017036605859175,0.699309527873993,-0.714295625686646
0.656833171844482,-0.0093041034415364,1.05507755279541,0.0281589794903993,-0.0034531103447079,0.700292587280273,-0.713292062282562
0.656836092472076,-0.0096395509317517,1.05505168437958,0.0289516728371381,-0.0046474207192659,0.701148152351379,-0.712412476539612
0.657188653945923,-0.0102706551551818,1.05521488189697,0.0299570187926292,-0.0046595195308327,0.702737927436829,-0.710802555084229
0.656955778598785,-0.0102342357859015,1.05489444732666,0.0308902785181999,-0.0071710194461047,0.703656613826752,-0.709832370281219
0.656955778598785,-0.0102342357859015,1.05489444732666,0.0308902785181999,-0.0071710194461047,0.703656613826752,-0.709832370281219
0.65690815448761,-0.0109251048415899,1.05466949939728,0.0311129596084356,-0.0074950302951037,0.704973459243774,-0.708511292934418
0.65701699256897,-0.011173834092915,1.05470323562622,0.0313534252345562,-0.008737837895751,0.705740809440613,-0.707722008228302
0.656951665878296,-0.0115393744781613,1.05468916893005,0.0355429612100124,-0.0091817118227481,0.706952810287476,-0.706307470798492
0.656965792179108,-0.0119114778935909,1.05462849140167,0.0338904112577438,-0.0146139347925782,0.708038687705994,-0.705208480358124
0.657027423381805,-0.0122737046331167,1.05458629131317,0.0353900529444217,-0.0152618931606411,0.708772003650665,-0.704384088516235
0.657147109508514,-0.012613208964467,1.05455231666565,0.0360254980623722,-0.0145916603505611,0.709308624267578,-0.703825771808624
0.657473802566528,-0.0131563320755958,1.05477333068848,0.0359570235013961,-0.0168773885816335,0.710589587688446,-0.702484726905823
0.656386017799377,-0.0148236295208334,1.05371618270874,0.0388769283890724,-0.0176454186439514,0.710825085639954,-0.702071905136108
0.656325876712799,-0.0140262003988027,1.05483615398407,0.0386089570820331,-0.0204460117965936,0.711573958396912,-0.701251685619354
0.656316697597504,-0.0143188387155532,1.05480921268463,0.0381497144699096,-0.0193377025425434,0.71243017911911,-0.700438439846039
0.656259477138519,-0.0147150252014398,1.05478012561798,0.0396196097135543,-0.0228017382323741,0.71298885345459,-0.699683845043182
0.656208753585815,-0.0150652863085269,1.05471324920654,0.0397889502346515,-0.0232869964092969,0.713877201080322,-0.698751747608185
0.656178653240204,-0.0154380332678556,1.05469763278961,0.0412964075803756,-0.0206642560660839,0.713970065116882,-0.698651909828186
0.656293570995331,-0.0156335867941379,1.05474054813385,0.040036603808403,-0.0225711446255445,0.714914798736572,-0.697699368000031
0.656208157539368,-0.0160045586526393,1.05481338500977,0.0406295806169509,-0.0268879290670156,0.715678811073303,-0.696728229522705
0.656200110912323,-0.0163397658616304,1.05482077598572,0.040652260184288,-0.0277309380471706,0.716041743755341,-0.69632089138031
0.65620344877243,-0.0166465453803539,1.05482339859009,0.0417105555534362,-0.0283098928630352,0.716289758682251,-0.69597989320755
0.656051456928253,-0.0169721134006977,1.0547684431076,0.0423326715826988,-0.0296179316937923,0.716646432876587,-0.695520520210266
0.656755447387695,-0.0213456358760595,1.05747282505035,0.0482720695436,-0.0241534765809774,0.715501070022583,-0.696523308753967
0.65660548210144,-0.0216564461588859,1.05746018886566,0.0493793450295925,-0.0241929460316896,0.715471267700195,-0.696474969387054
0.656577169895172,-0.0218794420361518,1.05739974975586,0.0485406666994094,-0.0265161301940679,0.716421365737915,-0.695471823215485
0.656468391418457,-0.0220313947647809,1.05723166465759,0.0487152263522148,-0.0282671377062797,0.716973662376404,-0.694821357727051
0.656472623348236,-0.0221707932651042,1.05722188949585,0.0491269677877426,-0.0257597304880619,0.716539323329926,-0.695337772369385
0.656606078147888,-0.0228582061827182,1.05738377571106,0.04846902936697,-0.0262966137379407,0.717505276203156,-0.694366991519928
0.65658700466156,-0.023124311119318,1.05729651451111,0.0496031194925308,-0.0300167519599199,0.717577993869781,-0.694060862064362
0.65632838010788,-0.0231681615114212,1.05707919597626,0.0499290041625499,-0.0319194309413433,0.717715382575989,-0.69381046295166
0.656347811222076,-0.0234554037451744,1.05711209774017,0.0502101257443428,-0.0329953618347644,0.718174755573273,-0.693264365196228
0.656396627426147,-0.023759089410305,1.05710387229919,0.049764048308134,-0.0336153171956539,0.718270897865295,-0.69316703081131
0.656396627426147,-0.023759089410305,1.05710387229919,0.049764048308134,-0.0336153171956539,0.718270897865295,-0.69316703081131
0.655918121337891,-0.0238531306385993,1.05676114559174,0.0489586479961872,-0.037901647388935,0.719385206699371,-0.691846489906311
0.656056761741638,-0.0240456778556108,1.05671370029449,0.049268901348114,-0.0348426513373851,0.719110548496246,-0.692270696163177
0.656425476074219,-0.0243806336075067,1.05666971206665,0.0487848073244094,-0.0346613936126232,0.719374358654022,-0.692039906978607
0.656601786613464,-0.0252731963992118,1.0571026802063,0.0491501800715923,-0.0338483862578868,0.719699561595917,-0.691716074943542
0.656700968742371,-0.0254065096378326,1.05715072154999,0.0478402823209762,-0.035750538110733,0.720444023609161,-0.690936863422394
0.656052887439728,-0.0219227671623229,1.055020570755,0.0433668456971645,-0.0437528043985366,0.72226083278656,-0.688871800899506
0.656114041805267,-0.0220441222190856,1.05498516559601,0.0430920347571373,-0.04523815959692,0.722641885280609,-0.688393235206604
0.656114041805267,-0.0220441222190856,1.05498516559601,0.0430920347571373,-0.04523815959692,0.722641885280609,-0.688393235206604
0.656169056892395,-0.0223496425896883,1.05516731739044,0.0427423156797885,-0.0508194230496883,0.723446130752563,-0.687179863452911
0.656178593635559,-0.0225145760923624,1.05525004863739,0.0418771877884864,-0.0529165379703044,0.724297881126404,-0.686176955699921
0.656289637088776,-0.0226556081324815,1.05523777008057,0.0416172072291374,-0.053376268595457,0.724062919616699,-0.686405062675476
0.656354606151581,-0.0227880198508501,1.05534422397614,0.0412209928035736,-0.05424265563488,0.724398910999298,-0.686006546020508
0.656483292579651,-0.0229770131409168,1.05540454387665,0.0402348302304744,-0.0520390123128891,0.724291861057281,-0.686348557472229
0.656542956829071,-0.0232301875948905,1.05551862716675,0.039332490414381,-0.0571294948458671,0.724892675876617,-0.68536114692688
0.656898081302643,-0.0233271997421979,1.05558383464813,0.0395234562456607,-0.0541748479008674,0.724525094032288,-0.685978412628174
0.656833171844482,-0.0231971088796854,1.05530917644501,0.0383434817194938,-0.0557377263903617,0.724197864532471,-0.686265587806702
0.656498312950134,-0.0234075523912906,1.05512046813965,0.0384472459554672,-0.0583524852991104,0.724617421627045,-0.685599327087402
0.656645715236664,-0.0236395988613367,1.05510640144348,0.038526564836502,-0.0581447333097457,0.723670780658722,-0.686611652374268
0.657432556152344,-0.0243783649057149,1.05568659305573,0.0382001399993896,-0.0572727918624877,0.723597526550293,-0.686780333518982
0.657656729221344,-0.0246927719563245,1.05557656288147,0.0376290082931518,-0.0616994276642799,0.72386223077774,-0.686149299144745
0.657986521720886,-0.0249264072626829,1.05551910400391,0.0373214855790138,-0.0620862580835819,0.723448157310486,-0.686567723751068
0.65758889913559,-0.0247737746685743,1.0550479888916,0.0378866344690322,-0.0635527744889259,0.72245842218399,-0.68744421005249
0.657711505889893,-0.0251003261655569,1.05498826503754,0.0373675972223281,-0.0647002607583999,0.722473919391632,-0.687349200248718
0.657916724681854,-0.0254040379077196,1.05493354797363,0.0377802066504955,-0.0643095895648002,0.721433103084564,-0.688455760478973
0.65878039598465,-0.0260776169598102,1.05532324314117,0.0365600436925888,-0.0638422518968582,0.721614599227905,-0.688374817371368
0.659054160118103,-0.026381179690361,1.05528211593628,0.0368544459342956,-0.0641014501452446,0.721264779567719,-0.688701748847961
0.659364700317383,-0.026636941358447,1.05522918701172,0.0368142686784267,-0.0647423565387725,0.720911622047424,-0.689013540744781
0.659435331821442,-0.0266106724739074,1.05492234230042,0.0368488244712352,-0.0647430792450904,0.720002353191376,-0.689961731433868
0.659824669361115,-0.0274667534977197,1.05517220497131,0.0368091240525245,-0.0605421774089336,0.719673752784729,-0.690687656402588
0.660036146640778,-0.0278195217251777,1.05514204502106,0.0374750941991806,-0.0607760474085807,0.71959924697876,-0.690708875656128
0.660284101963043,-0.0281991139054298,1.05512547492981,0.0376935899257659,-0.0608799681067466,0.719549298286438,-0.690739989280701
0.660738468170166,-0.028436517342925,1.05507516860962,0.0365441665053367,-0.0605866611003875,0.71928334236145,-0.691104352474213
0.660887002944946,-0.0288167987018823,1.05507934093475,0.0369064025580883,-0.0641754642128944,0.719117403030396,-0.690933883190155
0.660948038101196,-0.0292400233447551,1.05501317977905,0.036568958312273,-0.0621663630008697,0.719598710536957,-0.690634489059448
0.661824762821198,-0.0330374278128147,1.05709135532379,0.0427958890795707,-0.0550562664866447,0.717348635196686,-0.693215847015381
0.662048816680908,-0.0333213210105896,1.05702114105225,0.0426908694207668,-0.0555755756795406,0.71750020980835,-0.693024098873138
0.662517726421356,-0.0338451713323593,1.0571790933609,0.0427247248589992,-0.0549766346812248,0.717891037464142,-0.692664980888367
0.662444710731506,-0.0337926372885704,1.0568573474884,0.0415776744484901,-0.0567440167069435,0.718181550502777,-0.692291080951691
0.662688076496124,-0.0341263860464096,1.05685842037201,0.041576188057661,-0.0565932281315326,0.718362271785736,-0.692115843296051
0.663123250007629,-0.0343671850860118,1.05691277980804,0.040931686758995,-0.0567067377269268,0.7186119556427,-0.691885650157928
0.663463175296783,-0.0346104428172111,1.05689251422882,0.0407145768404006,-0.0570243038237094,0.718921422958374,-0.69155079126358
0.663722336292267,-0.0350849665701389,1.05688738822937,0.041279312223196,-0.0559615530073642,0.71862518787384,-0.691912055015564
0.663915812969208,-0.0353097207844257,1.0568436384201,0.0409077629446983,-0.0571661591529846,0.719380974769592,-0.691049754619598
0.664125025272369,-0.0355722345411777,1.0569269657135,0.0408458672463893,-0.0574324876070022,0.719496428966522,-0.690911054611206
0.664391815662384,-0.0359228625893592,1.05675721168518,0.0410004034638404,-0.0610170848667621,0.719680726528168,-0.690402507781982
0.664709389209747,-0.0360438488423824,1.05680239200592,0.0409471169114112,-0.0573448464274406,0.719384133815765,-0.69102931022644
0.664952099323273,-0.0363544300198555,1.05682730674744,0.0405926965177059,-0.0570674240589141,0.719427347183228,-0.69102817773819
0.665485858917236,-0.0368773192167282,1.05707097053528,0.0409752503037452,-0.0569150820374488,0.719860911369324,-0.690566539764404
0.665509760379791,-0.0368578843772411,1.0568436384201,0.0401494912803173,-0.0575381070375442,0.719916582107544,-0.690505146980286
0.665754079818726,-0.037357784807682,1.05671191215515,0.0402608923614025,-0.0617987625300884,0.720658659934998,-0.689355671405792
0.665619194507599,-0.0348678566515445,1.055011510849,0.035125758498907,-0.0630494579672813,0.722043514251709,-0.688072800636292
0.666371047496796,-0.03802290558815,1.05676400661469,0.0397277772426605,-0.0612224340438842,0.720575749874115,-0.689524531364441
0.66692590713501,-0.0385703220963478,1.05704176425934,0.0406976230442523,-0.0599191822111606,0.720552921295166,-0.689606368541718
0.666376173496246,-0.0379549674689769,1.05622828006744,0.0400013886392116,-0.059242870658636,0.72044163942337,-0.689821720123291
0.667305171489716,-0.0387010052800178,1.0567147731781,0.0390518829226493,-0.0580550916492939,0.721214532852173,-0.68916916847229
0.667543172836304,-0.0389374606311321,1.05671417713165,0.0395401827991008,-0.0576213039457798,0.720781683921814,-0.689630508422852
0.668077230453491,-0.0395283214747905,1.05697500705719,0.0395202152431011,-0.0564184486865997,0.721079170703888,-0.689420163631439
0.668119549751282,-0.0394246838986873,1.05677258968353,0.0391472876071929,-0.0573718696832656,0.720893919467926,-0.689556300640106
0.668462872505188,-0.0395790077745914,1.05670511722565,0.0386651828885078,-0.0572067834436893,0.721003234386444,-0.689483106136322
0.668462872505188,-0.0395790077745914,1.05670511722565,0.0386651828885078,-0.0572067834436893,0.721003234386444,-0.689483106136322
0.668851554393768,-0.0403040722012519,1.05677437782288,0.0388612002134323,-0.0613273754715919,0.721490502357483,-0.688607394695282
0.669098496437073,-0.0407115221023559,1.05679750442505,0.0387767553329467,-0.0575000718235969,0.72148460149765,-0.688948452472687
0.669018566608429,-0.0409602932631969,1.05666065216064,0.0391428470611572,-0.0578565821051597,0.721312701702118,-0.689078032970428
0.669364035129547,-0.0413631498813629,1.05681312084198,0.0391969010233879,-0.0572372339665889,0.721306920051575,-0.689132750034332
0.670040428638458,-0.0415263287723064,1.05697739124298,0.0386297926306724,-0.0555326752364635,0.721171438694,-0.689445972442627
0.669494569301605,-0.0409409962594509,1.05572509765625,0.038379319012165,-0.0581690706312656,0.721217274665833,-0.689194321632385
0.670388460159302,-0.0418281331658363,1.05703926086426,0.038551952689886,-0.0558733604848384,0.721238434314728,-0.689352631568909
0.670530736446381,-0.0419356115162372,1.05707013607025,0.0381918475031852,-0.0558773167431354,0.721300840377808,-0.6893070936203
0.670777559280396,-0.0420307777822017,1.05720818042755,0.0378127209842205,-0.0557404235005378,0.721306800842285,-0.689332902431488
0.670964002609253,-0.0422282218933105,1.05725979804993,0.0377822034060955,-0.0555917136371135,0.721332132816315,-0.689320027828217
0.671522915363312,-0.0427690856158733,1.05718743801117,0.0378168858587741,-0.0542308911681175,0.721574068069458,-0.68917328119278
0.671625137329102,-0.0428800582885742,1.05719912052155,0.0377287976443767,-0.0541596561670303,0.721708118915558,-0.689043462276459
0.671416163444519,-0.0425359681248664,1.05721461772919,0.0372659638524055,-0.0551203116774559,0.721863269805908,-0.688829898834229
0.671503365039825,-0.0426685847342014,1.05719614028931,0.0372358970344066,-0.0550756938755512,0.721957743167877,-0.688736021518707
0.67144650220871,-0.0429014749825,1.05709326267242,0.0375479198992252,-0.0551497340202331,0.722168862819672,-0.688491642475128
0.672018587589264,-0.0434264875948429,1.05698668956757,0.0373039543628692,-0.0534471832215786,0.722449779510498,-0.688344597816467
0.672084629535675,-0.0435672290623188,1.05699610710144,0.0374785475432872,-0.0533580929040908,0.722667634487152,-0.688113212585449
0.671709835529327,-0.0433850362896919,1.05711686611176,0.037663746625185,-0.054629486054182,0.722698867321014,-0.687970519065857
0.671774685382843,-0.0435378886759281,1.05711317062378,0.0373591668903827,-0.0543011054396629,0.722908198833466,-0.687793254852295
0.671825766563416,-0.0437047816812992,1.05719101428986,0.0372993201017379,-0.0540963485836982,0.723100960254669,-0.687609910964966
0.671867907047272,-0.0438449680805206,1.0572224855423,0.0371936038136482,-0.0541353859007358,0.723278641700745,-0.687425792217255
0.671241939067841,-0.0433255396783351,1.05598366260529,0.0370999872684478,-0.0563092678785324,0.723433256149292,-0.687093317508698
0.671705305576324,-0.0438279099762439,1.05590307712555,0.0368118919432163,-0.0549081228673458,0.723675966262817,-0.686966598033905
0.671702027320862,-0.0439553074538707,1.05594563484192,0.036781657487154,-0.0549496337771415,0.723875164985657,-0.686755061149597
0.672349631786346,-0.0448039919137954,1.05729353427887,0.0369349792599678,-0.0527552030980587,0.724108278751373,-0.686673223972321
0.672314405441284,-0.0449336469173431,1.05732417106628,0.0369038581848144,-0.0528798960149288,0.724201321601868,-0.686567068099976
0.672268509864807,-0.045059535652399,1.05739724636078,0.0368658564984798,-0.0527367107570171,0.724486708641052,-0.686278879642487
0.672248423099518,-0.0451848357915878,1.05738353729248,0.0367957688868045,-0.0526539236307144,0.724656939506531,-0.686109304428101
0.672213613986969,-0.0452938005328178,1.05741894245148,0.0366709157824516,-0.0526946447789669,0.724796056747437,-0.685966074466705
0.672213613986969,-0.0452938005328178,1.05741894245148,0.0366709157824516,-0.0526946447789669,0.724796056747437,-0.685966074466705
0.67221063375473,-0.0455241836607456,1.05743777751923,0.0362998805940151,-0.052544966340065,0.725162506103516,-0.685609877109528
0.671558618545532,-0.0448330231010913,1.05615186691284,0.0350172258913517,-0.0552226230502128,0.72592693567276,-0.6846564412117
0.671637535095215,-0.0453379675745964,1.05751478672028,0.0358318574726581,-0.0581525042653083,0.725834727287292,-0.68446934223175
0.670874834060669,-0.044681143015623,1.05622851848602,0.0354454815387725,-0.0603118315339088,0.726024448871613,-0.684101343154907
0.670803904533386,-0.0447476916015148,1.05614161491394,0.0353020206093788,-0.0569265708327293,0.726178526878357,-0.684235215187073
0.670748651027679,-0.0448407046496868,1.05608916282654,0.0359184108674526,-0.0578783676028251,0.726242244243622,-0.684055626392365
0.670709490776062,-0.0449112318456172,1.0560497045517,0.0353260524570941,-0.0564953200519084,0.726632118225098,-0.683788061141968
0.670735478401184,-0.0451688058674335,1.05587136745453,0.0355080775916576,-0.0556929297745227,0.72679877281189,-0.683667421340942
0.671419382095337,-0.046035461127758,1.05710232257843,0.0365824103355407,-0.0524860769510269,0.726509392261505,-0.684171855449677
0.671400427818298,-0.0461124405264854,1.05706572532654,0.0358151607215404,-0.0527756065130233,0.727195024490356,-0.683461368083954
0.671520054340363,-0.0461476482450962,1.05711805820465,0.0360853821039199,-0.0517910458147525,0.726888358592987,-0.683848679065704
0.671502470970154,-0.0462096817791461,1.05707907676697,0.0359630659222602,-0.0515034012496471,0.727246224880219,-0.683496296405792
0.671516478061676,-0.0462892912328243,1.05703067779541,0.036097228527069,-0.0547832585871219,0.727562487125397,-0.6828972697258
0.671742081642151,-0.0467238463461399,1.05676364898682,0.0357664115726947,-0.0494800060987472,0.728138744831085,-0.682705283164978
0.671290576457977,-0.0463881008327007,1.05683636665344,0.0353751741349697,-0.0503391325473785,0.728266835212708,-0.682526290416718
0.671279549598694,-0.0464008823037147,1.05679285526276,0.0348711311817169,-0.050046969205141,0.728678524494171,-0.682134091854095
0.671688616275787,-0.0467669256031513,1.05664920806885,0.0350738205015659,-0.052018616348505,0.729307174682617,-0.681303858757019
0.671645998954773,-0.046789463609457,1.05663168430328,0.0350452102720737,-0.0511920787394046,0.729894280433655,-0.680738925933838
0.671617388725281,-0.0467900484800338,1.05659902095795,0.0344204194843769,-0.0472714975476264,0.730270683765411,-0.68065071105957
0.671608507633209,-0.0466172769665718,1.05648553371429,0.0331580527126789,-0.0472985059022903,0.730676174163818,-0.680276274681091
0.671758532524109,-0.046570174396038,1.05659687519073,0.0325247570872306,-0.0462621785700321,0.731099665164948,-0.679923057556152
0.671730875968933,-0.046564444899559,1.05657339096069,0.0326142497360706,-0.0457222610712051,0.731321513652802,-0.67971658706665
0.671520173549652,-0.0465876571834087,1.0565493106842,0.0319192074239254,-0.0455118641257286,0.732325911521912,-0.678681552410126
0.671091318130493,-0.0461947061121463,1.05659055709839,0.0323902666568756,-0.0456195697188377,0.732191503047943,-0.678797125816345
0.671082437038422,-0.0460103340446949,1.05646860599518,0.0312823951244354,-0.0488945692777633,0.733136236667633,-0.677600383758545
0.671033620834351,-0.045978732407093,1.05649840831757,0.0313631631433963,-0.0443377867341041,0.733071506023407,-0.677979946136475
0.670987844467163,-0.0459916591644287,1.0565185546875,0.0299253892153501,-0.0435271151363849,0.733800113201141,-0.677308797836304
0.671049535274506,-0.0458812713623046,1.0564649105072,0.02950294688344,-0.0428944900631904,0.734297633171082,-0.676828444004059
0.671361446380615,-0.0461811833083629,1.05639612674713,0.0290591455996036,-0.0404081940650939,0.735045909881592,-0.676187992095947
0.671347081661224,-0.0460976883769035,1.05623733997345,0.0287294276058673,-0.0395328775048255,0.735186994075775,-0.676100492477417
0.670130431652069,-0.0447750650346279,1.05499804019928,0.0291036888957023,-0.0447442457079887,0.735572993755341,-0.675339460372925
0.670052587985992,-0.0446195900440216,1.05502951145172,0.0283402577042579,-0.0404470190405845,0.735950946807861,-0.675231158733368
0.670626580715179,-0.0451104715466499,1.05608308315277,0.0279085021466016,-0.0377366095781326,0.736103355884552,-0.675240039825439
0.670441925525665,-0.0447929389774799,1.05604207515717,0.0276471711695194,-0.0402689054608345,0.736766636371613,-0.674380540847778
0.670327961444855,-0.0444755144417285,1.05591607093811,0.0261628925800323,-0.0370871685445308,0.737525045871735,-0.673792839050293
0.670255124568939,-0.0440463796257972,1.0557165145874,0.0257204454392194,-0.0378594323992729,0.737612724304199,-0.673671066761017
0.670185089111328,-0.0436933487653732,1.05558323860168,0.0244137346744537,-0.0391491204500198,0.73828262090683,-0.672911763191223
0.670080661773682,-0.0433892011642456,1.05550706386566,0.0238240882754325,-0.0344732627272605,0.738678097724915,-0.672754645347595
0.670338332653046,-0.0433874763548374,1.0555248260498,0.0243234056979417,-0.0330879427492618,0.738440454006195,-0.673067152500153
0.669891119003296,-0.0428339391946792,1.05559062957764,0.0230130683630704,-0.0329010114073753,0.739332437515259,-0.672142565250397
0.669820308685303,-0.0424984879791736,1.05549311637878,0.0219791363924741,-0.0350758619606494,0.739512145519257,-0.671869397163391
0.669819056987762,-0.0422969982028007,1.05552542209625,0.0221212022006511,-0.0321111977100372,0.73943954706192,-0.672092854976654
0.669600486755371,-0.0422163940966129,1.05564510822296,0.0216233097016811,-0.0295905657112598,0.739752650260925,-0.671880185604095
0.66953843832016,-0.0421016551554203,1.05569791793823,0.0211965329945087,-0.0286133624613285,0.739608824253082,-0.672094345092773
0.669448912143707,-0.0419634878635406,1.05568826198578,0.0219474695622921,-0.0296711139380931,0.739254176616669,-0.672414481639862
0.669463574886322,-0.0416673719882965,1.05560290813446,0.0214626248925924,-0.0265201460570096,0.73891419172287,-0.672935307025909
0.66936731338501,-0.0415949709713459,1.05557107925415,0.0197915192693471,-0.0244344193488359,0.739388406276703,-0.672544479370117
0.669234573841095,-0.0414942242205143,1.05560302734375,0.0203591231256723,-0.0223227627575397,0.73882132768631,-0.673223793506622
0.669088363647461,-0.0414153933525085,1.05566895008087,0.0197836961597204,-0.0229940079152584,0.738864243030548,-0.673171401023865
0.668720602989197,-0.0413434579968452,1.05567061901093,0.0204729344695806,-0.0231768600642681,0.738434255123138,-0.673615992069244
0.668203830718994,-0.0413547568023204,1.0555602312088,0.0204165428876876,-0.0228793937712907,0.738322675228119,-0.673750221729279
0.669400930404663,-0.0407226681709289,1.05512225627899,0.0175213478505611,-0.0194109957665205,0.738086998462677,-0.674198687076569
0.669131338596344,-0.0406789034605026,1.05521535873413,0.0175643414258956,-0.0177326314151287,0.737582385540009,-0.674795866012573
0.668866872787476,-0.0406520813703537,1.05527985095978,0.0180671215057373,-0.015939250588417,0.737227380275726,-0.675215125083923
0.668665945529938,-0.0406073071062564,1.05524408817291,0.0177390202879905,-0.0114497663453221,0.736232459545135,-0.67639946937561
0.66848886013031,-0.0406534075736999,1.0551985502243,0.0183320455253124,-0.0123872272670269,0.735872805118561,-0.676758229732513
0.668265342712402,-0.0405489280819892,1.05515336990356,0.01890255138278,-0.0079763308167457,0.735092282295227,-0.677656710147858
0.668088316917419,-0.0404408797621727,1.05513215065002,0.019123088568449,-0.0091900648549199,0.734681189060211,-0.678080856800079
0.667909324169159,-0.0403568111360073,1.05511081218719,0.019115500152111,-0.0069227418862283,0.733862817287445,-0.678993463516235
0.667693495750427,-0.040225476026535,1.05508863925934,0.0195617098361253,-0.0055216755717992,0.733049690723419,-0.679871380329132
0.667455971240997,-0.0400785692036151,1.05506634712219,0.0196200478821992,-0.0040521663613617,0.73230916261673,-0.680677771568298
0.667243182659149,-0.0399137884378433,1.05511617660522,0.0188136957585811,-0.0028311940841376,0.731858491897583,-0.681191086769104
0.667243182659149,-0.0399137884378433,1.05511617660522,0.0188136957585811,-0.0028311940841376,0.731858491897583,-0.681191086769104
0.667056679725647,-0.039783626794815,1.05538892745972,0.0203789789229631,0.0018363260896876,0.730405569076538,-0.682707130908966
0.666522979736328,-0.0392806716263294,1.05515933036804,0.0209397319704294,0.0026718596927821,0.729268372058868,-0.683902084827423
0.666127443313599,-0.0390106067061424,1.05508601665497,0.0216730944812297,0.0057394560426473,0.728138864040375,-0.685062944889069
0.665795743465424,-0.0387161299586296,1.05504739284515,0.0208619125187397,0.0056273373775184,0.727386355400085,-0.68588799238205
0.665486574172974,-0.0384465418756008,1.05510151386261,0.0215471964329481,0.0084116831421852,0.726168155670166,-0.687128007411957
0.66513580083847,-0.0381396487355232,1.05513393878937,0.0204750709235668,0.0093083074316382,0.725601017475128,-0.687748074531555
0.664535343647003,-0.0378099679946899,1.05496084690094,0.0200728829950094,0.0089722843840718,0.724776685237885,-0.688632845878601
0.664566516876221,-0.0375120416283607,1.05518341064453,0.02051542699337,0.0087416786700487,0.723968207836151,-0.689472854137421
0.664392411708832,-0.037064179778099,1.05525183677673,0.0204088445752859,0.011877067387104,0.722766160964966,-0.690689146518707
0.664392411708832,-0.037064179778099,1.05525183677673,0.0204088445752859,0.011877067387104,0.722766160964966,-0.690689146518707
0.663681149482727,-0.036541536450386,1.05528557300568,0.0185171831399202,0.0122417658567428,0.721308469772339,-0.69225811958313
0.663682281970978,-0.0365349315106868,1.05555415153503,0.0195450037717819,0.0177492592483758,0.72067654132843,-0.692768573760986
0.663342893123627,-0.0362694151699543,1.05560290813446,0.0208168067038059,0.0192989688366651,0.719592154026031,-0.693816483020782
0.662749648094177,-0.0357199162244796,1.05534195899963,0.0204566698521375,0.0191266145557165,0.718855798244476,-0.694594979286194
0.66241842508316,-0.0354721397161483,1.05536639690399,0.0167412925511598,0.017444759607315,0.717458605766296,-0.696181416511536
0.66241842508316,-0.0354721397161483,1.05536639690399,0.0167412925511598,0.017444759607315,0.717458605766296,-0.696181416511536
0.661785125732422,-0.0349162220954895,1.05547595024109,0.017652329057455,0.022496310994029,0.714970648288727,-0.698569595813751
0.661525964736938,-0.0346045792102813,1.05555438995361,0.0169794857501983,0.0239810235798358,0.713577091693878,-0.699960350990295
0.661497712135315,-0.0345463305711746,1.05588686466217,0.0162093546241521,0.0249578636139631,0.713300585746765,-0.700226187705994
0.66119259595871,-0.0342241190373897,1.05595374107361,0.0166724398732185,0.0282415114343166,0.711812078952789,-0.701603889465332
0.660868644714355,-0.0338789522647857,1.05608928203583,0.0151904020458459,0.028936905786395,0.710393786430359,-0.703045248985291
0.660220324993134,-0.0331695042550563,1.05587840080261,0.0215505622327327,0.0291177239269018,0.710021793842316,-0.703247308731079
0.65999162197113,-0.0328050106763839,1.05589544773102,0.0210328362882137,0.029205322265625,0.709533154964447,-0.703752458095551
0.659676432609558,-0.0324615091085433,1.05613577365875,0.0210022740066051,0.0309576205909252,0.708838522434235,-0.704378187656403
0.660896062850952,-0.0304187722504138,1.0576434135437,0.0150275602936744,0.0322325453162193,0.708127796649933,-0.705188095569611
0.660208642482758,-0.0303897820413112,1.05751466751099,0.0166547521948814,0.0337189845740795,0.707368314266205,-0.705843985080719
0.658692479133606,-0.03127933293581,1.05638587474823,0.0204687304794788,0.0352191589772701,0.705904006958008,-0.707135140895844
0.658247828483582,-0.030934352427721,1.05640912055969,0.0206954963505268,0.0369172170758247,0.705063343048096,-0.70788037776947
0.657956004142761,-0.0305348224937915,1.05655288696289,0.0206583123654127,0.0383040979504585,0.704108417034149,-0.708757698535919
0.657849013805389,-0.030739739537239,1.057093501091,0.0207708030939102,0.04106430336833,0.703516781330109,-0.709187150001526
0.657849013805389,-0.030739739537239,1.057093501091,0.0207708030939102,0.04106430336833,0.703516781330109,-0.709187150001526
0.657133162021637,-0.0292058996856212,1.05694556236267,0.0188653096556663,0.042365375906229,0.701765596866608,-0.710896909236908
0.656766474246979,-0.0295395907014608,1.05759584903717,0.0200457107275724,0.0449732430279254,0.701095163822174,-0.711365818977356
0.656221568584442,-0.0288101993501186,1.05747985839844,0.0198021996766328,0.0476295575499534,0.699458003044128,-0.71280974149704
0.656012356281281,-0.0283322725445032,1.05752086639404,0.0194304585456848,0.0482525564730167,0.69872522354126,-0.713496565818787
0.655606746673584,-0.0280431471765041,1.05757772922516,0.018268259242177,0.0489473305642604,0.698226869106293,-0.713967621326447
0.655345499515533,-0.0276684202253818,1.05770409107208,0.0186040922999382,0.0519957989454269,0.697011649608612,-0.714930295944214
0.654691636562347,-0.0272267423570156,1.05758428573608,0.0188525784760713,0.0524096228182315,0.696273326873779,-0.715612590312958
0.654691636562347,-0.0272267423570156,1.05758428573608,0.0188525784760713,0.0524096228182315,0.696273326873779,-0.715612590312958
