x,y,z,q0,q1,q2,q3
-0.595200836658478,0.0008103772997856,1.2431389093399,-0.271186769008636,0.444666415452957,-0.591660797595978,-0.615359425544739
-0.595299601554871,0.0011741071939468,1.24318051338196,-0.270301640033722,0.444068104028702,-0.592048466205597,-0.615807890892029
-0.595379769802094,0.0013606026768684,1.24326050281525,-0.26995724439621,0.444105237722397,-0.592170417308807,-0.615814805030823
-0.595453202724457,0.0015232861042022,1.24331438541412,-0.269419848918915,0.444237917661667,-0.592138111591339,-0.61598527431488
-0.595453202724457,0.0015232861042022,1.24331438541412,-0.269419848918915,0.444237917661667,-0.592138111591339,-0.61598527431488
-0.595697164535522,0.0022467598319053,1.24334967136383,-0.268651098012924,0.443867981433868,-0.592660009860992,-0.616085946559906
-0.595839262008667,0.0022225454449653,1.24346899986267,-0.268314570188522,0.444305866956711,-0.592363357543945,-0.616202294826508
-0.595945179462433,0.0023743957281112,1.2435348033905,-0.268048524856567,0.444352775812149,-0.592230379581451,-0.616412281990051
-0.596174418926239,0.0025259405374526,1.24355113506317,-0.267279982566833,0.444488525390625,-0.592194676399231,-0.616682231426239
-0.596174418926239,0.0025259405374526,1.24355113506317,-0.267279982566833,0.444488525390625,-0.592194676399231,-0.616682231426239
-0.596388757228851,0.0028577297925949,1.24372482299805,-0.266893655061722,0.444416970014572,-0.59211266040802,-0.616979956626892
-0.596524655818939,0.0029736533761024,1.24379110336304,-0.266654580831528,0.444379866123199,-0.592064201831818,-0.617156326770782
-0.596665024757385,0.0030882731080055,1.24382817745209,-0.266349613666534,0.444196611642838,-0.592120051383972,-0.617366254329681
-0.599401295185089,0.0033229440450668,1.24293959140778,-0.259517133235931,0.448497176170349,-0.592183828353882,-0.617105960845947
-0.599644422531128,0.0035756304860115,1.24271607398987,-0.258904546499252,0.448287725448608,-0.592448592185974,-0.617261111736298
-0.599839270114899,0.0037176832556724,1.24267888069153,-0.258666127920151,0.44806644320488,-0.592660307884216,-0.617318511009216
-0.600018918514252,0.0038462653756141,1.24265086650848,-0.258214563131332,0.448069363832474,-0.592638373374939,-0.617526531219482
-0.598296105861664,0.0036021023988723,1.24352478981018,-0.263916552066803,0.44462376832962,-0.592930793762207,-0.617325603961945
-0.598509013652802,0.0036549940705299,1.243537068367,-0.263507544994354,0.444745630025864,-0.592747211456299,-0.617588818073273
-0.598734676837921,0.0036955773830413,1.24356865882874,-0.263174533843994,0.444883316755295,-0.592688202857971,-0.617688298225403
-0.599032759666443,0.0036473423242568,1.24358880519867,-0.263113439083099,0.445045381784439,-0.592703938484192,-0.617582380771637
-0.599371075630188,0.003726951777935,1.24353730678558,-0.26242658495903,0.445331543684006,-0.592592656612396,-0.617775321006775
-0.59934800863266,0.0037293881177902,1.24393808841705,-0.262905418872833,0.445390731096268,-0.592198431491852,-0.617906928062439
-0.600197553634644,0.0036102831363677,1.24345362186432,-0.261787086725235,0.446990936994553,-0.591908574104309,-0.617503821849823
-0.600530982017517,0.0037732720375061,1.24338150024414,-0.261219710111618,0.447224587202072,-0.591543614864349,-0.617924451828003
-0.600919008255005,0.0036134049296379,1.24337124824524,-0.260450810194016,0.44817128777504,-0.590443730354309,-0.618614673614502
-0.601466655731201,0.0036173611879348,1.24326181411743,-0.259773969650268,0.448854267597198,-0.589823961257935,-0.618995368480682
-0.601960241794586,0.0035489797592163,1.24316835403442,-0.259316116571426,0.44939661026001,-0.589211523532867,-0.6193767786026
-0.604391396045685,0.0038415491580963,1.24197328090668,-0.253288418054581,0.452020674943924,-0.589004218578339,-0.620158314704895
-0.604955852031708,0.003751128911972,1.24188542366028,-0.252651065587997,0.452812552452087,-0.588324427604675,-0.620485842227936
-0.60530412197113,0.0036987662315368,1.24161183834076,-0.252666145563126,0.452848166227341,-0.5877725481987,-0.620976567268372
-0.605847299098969,0.0036979392170906,1.24153554439545,-0.251927673816681,0.453486084938049,-0.586870431900024,-0.621663987636566
-0.605847299098969,0.0036979392170906,1.24153554439545,-0.251927673816681,0.453486084938049,-0.586870431900024,-0.621663987636566
-0.606806099414825,0.0036836192011833,1.24136173725128,-0.250927150249481,0.454501450061798,-0.585304021835327,-0.622802674770355
-0.606806099414825,0.0036836192011833,1.24136173725128,-0.250927150249481,0.454501450061798,-0.585304021835327,-0.622802674770355
-0.606837570667267,0.003103569149971,1.24225413799286,-0.253393650054932,0.454880177974701,-0.58275431394577,-0.623917639255524
-0.607480108737946,0.0029770880937576,1.24214136600494,-0.252864181995392,0.455742180347443,-0.581962525844574,-0.62424236536026
-0.608166038990021,0.0029832869768142,1.24196553230286,-0.252052664756775,0.456544697284698,-0.581060409545898,-0.624824225902557
-0.608815968036652,0.0028040185570716,1.24218833446503,-0.251706779003143,0.458436697721481,-0.579689383506775,-0.624851942062378
-0.609521985054016,0.0027526021003723,1.24199712276459,-0.250804305076599,0.459245443344116,-0.578746259212494,-0.625494956970215
-0.610082447528839,0.002758651971817,1.24080085754395,-0.249741494655609,0.459008246660232,-0.578404724597931,-0.626409232616425
-0.610677897930145,0.0028642192482948,1.24068331718445,-0.248098313808441,0.460106015205383,-0.576865911483765,-0.627674698829651
-0.611428618431091,0.0027777850627899,1.24062013626099,-0.247057631611824,0.461143851280212,-0.57581627368927,-0.628286838531494
-0.612139463424683,0.0028486177325248,1.24057447910309,-0.246536314487457,0.461565047502518,-0.575352251529694,-0.628607511520386
-0.612940192222595,0.0028015747666358,1.24039924144745,-0.246255069971085,0.462022334337234,-0.574776530265808,-0.628908395767212
-0.613645374774933,0.0027427598834037,1.24028623104095,-0.245269000530243,0.463034301996231,-0.573586702346802,-0.629635214805603
-0.614396870136261,0.002659372985363,1.2401385307312,-0.244164556264877,0.464112728834152,-0.572306990623474,-0.630434691905975
-0.615068793296814,0.0024635270237922,1.24004292488098,-0.243252754211426,0.465190052986145,-0.570708811283112,-0.631441175937653
-0.615823745727539,0.0023935586214065,1.23991370201111,-0.241925224661827,0.465355545282364,-0.569776952266693,-0.632669568061829
-0.616567015647888,0.0023425370454788,1.23981690406799,-0.24094033241272,0.465920090675354,-0.568631827831268,-0.633659362792969
-0.617323577404022,0.0023431330919265,1.23967278003693,-0.239935725927353,0.466689616441727,-0.567357122898102,-0.634616076946259
-0.617962956428528,0.0024027973413467,1.23949182033539,-0.238945677876472,0.467347294092178,-0.565901577472687,-0.635804235935211
-0.618589878082275,0.00229312479496,1.2393513917923,-0.238077640533447,0.468232572078705,-0.564541518688202,-0.636686980724335
-0.619349002838135,0.0021443590521812,1.23921620845795,-0.236997410655022,0.469374984502792,-0.562921643257141,-0.637682318687439
-0.619886100292206,0.0021425038576126,1.2390388250351,-0.236053228378296,0.469972044229507,-0.561650037765503,-0.638713300228119
-0.620493590831757,0.0020611807703971,1.23893594741821,-0.235315918922424,0.470662266016006,-0.560220956802368,-0.639731287956238
-0.621099472045898,0.0020279139280319,1.23881363868713,-0.234472826123238,0.471319794654846,-0.558843016624451,-0.640760958194733
-0.621607542037964,0.0019107013940811,1.23872363567352,-0.233723014593124,0.47185742855072,-0.557377219200134,-0.641915142536163
-0.622052669525146,0.0017921775579452,1.23866295814514,-0.23304395377636,0.472338050603867,-0.55604088306427,-0.642966687679291
-0.622431099414825,0.0017815753817558,1.23855924606323,-0.232397377490997,0.472596436738968,-0.554633677005768,-0.644224882125854
-0.623132646083832,0.0015932917594909,1.23898756504059,-0.231265813112259,0.473989427089691,-0.552885770797729,-0.645110487937927
-0.623344540596008,0.0012366697192192,1.23849439620972,-0.231644451618194,0.473893642425537,-0.551658511161804,-0.646094858646393
-0.623622536659241,0.0012708455324172,1.23843097686768,-0.231136560440063,0.474145323038101,-0.550598978996277,-0.646995425224304
-0.623863995075226,0.0012482181191444,1.23832297325134,-0.23059444129467,0.474499851465225,-0.549352526664734,-0.647987723350525
-0.624058902263641,0.0010600760579109,1.23801362514496,-0.230457574129105,0.474561959505081,-0.548243165016174,-0.648929834365845
-0.624270677566528,0.0011076480150222,1.23797345161438,-0.230083465576172,0.474710464477539,-0.547345995903015,-0.649710714817047
-0.624270677566528,0.0011076480150222,1.23797345161438,-0.230083465576172,0.474710464477539,-0.547345995903015,-0.649710714817047
-0.625856637954712,0.000772513449192,1.23893547058105,-0.227335318922996,0.478417336940765,-0.543954789638519,-0.650806248188019
-0.626176953315735,0.0006789043545722,1.23890519142151,-0.22701546549797,0.478946775197983,-0.542945981025696,-0.651370704174042
-0.626304030418396,0.0010565221309661,1.23879647254944,-0.225564226508141,0.47914132475853,-0.541777014732361,-0.652703762054443
-0.626637160778046,0.0009680837392807,1.2387318611145,-0.225079923868179,0.479696154594421,-0.540609121322632,-0.653431296348572
-0.626979827880859,0.0006944686174392,1.23870801925659,-0.225510627031326,0.480182707309723,-0.539835929870605,-0.653564631938934
-0.62721848487854,0.0006359964609146,1.23866200447083,-0.225252091884613,0.480601966381073,-0.538796305656433,-0.654203355312347
-0.627543747425079,0.0005925744771957,1.23859715461731,-0.224820479750633,0.481165677309036,-0.537581384181976,-0.654936373233795
-0.627842366695404,0.0006373450160026,1.23851656913757,-0.224221229553223,0.481611490249634,-0.536651313304901,-0.655576646327972
-0.627842366695404,0.0006373450160026,1.23851656913757,-0.224221229553223,0.481611490249634,-0.536651313304901,-0.655576646327972
-0.628527641296387,0.0004028901457786,1.23837149143219,-0.223374143242836,0.482911646366119,-0.534431159496307,-0.656721889972687
-0.628805935382843,0.0004425272345542,1.23830389976501,-0.222828134894371,0.483279436826706,-0.533272922039032,-0.657577812671661
-0.629225075244904,9.91895794868469e-05,1.23825097084045,-0.222493216395378,0.484288334846497,-0.531956255435944,-0.658015251159668
-0.629630565643311,7.76499509811401e-05,1.23817574977875,-0.221697404980659,0.48500844836235,-0.530620872974396,-0.658831238746643
-0.629985809326172,8.86842608451843e-05,1.23806500434875,-0.221201673150063,0.485464602708816,-0.529206275939941,-0.659798920154572
-0.630313575267792,8.29398632049561e-05,1.23797464370728,-0.220720171928406,0.485932618379593,-0.528051137924194,-0.660540878772736
-0.63071346282959,1.20401382446289e-05,1.23787879943848,-0.220500916242599,0.486293613910675,-0.527165174484253,-0.661055862903595
-0.63105297088623,2.50712037086487e-05,1.23780834674835,-0.219903454184532,0.486674338579178,-0.525864481925964,-0.66200989484787
-0.631359696388245,9.8109245300293e-05,1.23774838447571,-0.219010725617409,0.487151384353638,-0.524509072303772,-0.663029551506042
-0.631359696388245,9.8109245300293e-05,1.23774838447571,-0.219010725617409,0.487151384353638,-0.524509072303772,-0.663029551506042
-0.631938695907593,0.0001424401998519,1.23766708374023,-0.218045070767403,0.487498432397842,-0.522014975547791,-0.665058016777039
-0.63221675157547,0.0001929923892021,1.23762321472168,-0.217589974403381,0.487577557563782,-0.520798921585083,-0.666101574897766
-0.632516026496887,9.92268323898315e-05,1.23760485649109,-0.21718031167984,0.48776912689209,-0.51938933134079,-0.667194783687592
-0.632738649845123,0.0002338662743568,1.23758864402771,-0.216465979814529,0.487725406885147,-0.518408834934235,-0.668220639228821
-0.633031785488129,0.0002204999327659,1.23758459091187,-0.215882539749146,0.487813323736191,-0.517109155654907,-0.669351279735565
-0.633176684379578,0.0003068298101425,1.23758983612061,-0.215458855032921,0.487718343734741,-0.515953004360199,-0.670448303222656
-0.633372664451599,0.0003368481993675,1.2376434803009,-0.215107887983322,0.487784922122955,-0.514827013015747,-0.671377420425415
-0.633511543273926,0.0003625750541687,1.23768424987793,-0.214863166213036,0.48772057890892,-0.513640880584717,-0.672410368919373
-0.633698403835297,0.0002244636416435,1.23772573471069,-0.214580535888672,0.487893491983414,-0.512698471546173,-0.673093855381012
-0.633811175823212,0.0002449825406074,1.23779284954071,-0.214319333434105,0.487895518541336,-0.511822640895844,-0.673842012882233
-0.633885204792023,0.0002606287598609,1.23784792423248,-0.214102983474731,0.48784601688385,-0.510750889778137,-0.674759089946747
-0.633935928344727,0.0003063753247261,1.23788142204285,-0.213781028985977,0.487627178430557,-0.509607195854187,-0.675883054733276
-0.633981704711914,0.0003472790122032,1.23792839050293,-0.213605716824531,0.487514406442642,-0.508794963359833,-0.676631510257721
-0.634025633335114,0.0003214105963706,1.23796629905701,-0.213230490684509,0.487528055906296,-0.507832109928131,-0.677462756633759
-0.634072422981262,0.0002924278378486,1.23800897598267,-0.213166475296021,0.4875048995018,-0.50716507434845,-0.677999138832092
-0.634087085723877,0.0003735572099685,1.23805809020996,-0.213179677724838,0.487116008996964,-0.506629407405853,-0.678674519062042
-0.634066462516785,0.0003090277314186,1.23809373378754,-0.212803468108177,0.487255990505219,-0.505708336830139,-0.679378509521484
-0.633869469165802,0.0002198368310928,1.23800992965698,-0.21326357126236,0.486831486225128,-0.505224704742432,-0.67989844083786
-0.634029924869537,0.0003060698509216,1.23816204071045,-0.212610602378845,0.487153470516205,-0.504601836204529,-0.680334627628326
-0.634011805057526,0.0003611296415328,1.23820757865906,-0.212627112865448,0.487056165933609,-0.504272282123566,-0.680643498897552
-0.633984923362732,0.0003404542803764,1.23825335502625,-0.212590888142586,0.48699289560318,-0.503885805606842,-0.680986225605011
-0.633807897567749,0.0006906986236572,1.23825740814209,-0.212179228663444,0.48652720451355,-0.503738224506378,-0.681556344032288
-0.633854746818542,0.000317707657814,1.23835217952728,-0.212154492735863,0.487117946147919,-0.502828478813171,-0.681813955307007
-0.633715450763702,0.0006602704524993,1.23836398124695,-0.212138473987579,0.486526697874069,-0.503040492534637,-0.682084619998932
-0.633646786212921,0.0005803704261779,1.23843359947205,-0.212103605270386,0.486520528793335,-0.502412140369415,-0.68256288766861
-0.633695304393768,0.0003505945205688,1.23852729797363,-0.212484642863274,0.486758470535278,-0.502116620540619,-0.682492196559906
-0.633623838424683,0.0002964213490486,1.23858678340912,-0.212538152933121,0.486760884523392,-0.501818656921387,-0.68269282579422
-0.633534967899323,0.0002589002251625,1.23865079879761,-0.212584406137466,0.486643582582474,-0.501631140708923,-0.68289989233017
-0.633534967899323,0.0002589002251625,1.23865079879761,-0.212584406137466,0.486643582582474,-0.501631140708923,-0.68289989233017
-0.632923543453217,0.0002314671874046,1.23822712898254,-0.213568463921547,0.485205709934235,-0.501552700996399,-0.683673083782196
-0.632825314998627,0.0001314282417297,1.2383154630661,-0.21359795331955,0.485179513692856,-0.50124979019165,-0.683904588222504
-0.632625699043274,0.0001081079244613,1.23842942714691,-0.214081510901451,0.48476380109787,-0.501260876655579,-0.684040188789368
-0.632482469081879,6.44326210021973e-05,1.23849105834961,-0.21429431438446,0.484445989131927,-0.501179218292236,-0.684258460998535
-0.632368743419647,-9.59485769271851e-05,1.23856854438782,-0.214420601725578,0.484372943639755,-0.500892519950867,-0.684480428695679
-0.63222473859787,-0.0001126676797866,1.23857688903809,-0.214721187949181,0.483999341726303,-0.500967502593994,-0.684595584869385
-0.632010936737061,-0.0001220405101776,1.23859894275665,-0.214608579874039,0.483750849962234,-0.500699937343597,-0.685002207756042
-0.631885886192322,-0.0002131164073944,1.23864722251892,-0.215171128511429,0.483393967151642,-0.50089830160141,-0.684932470321655
-0.631594181060791,-0.0001128315925598,1.23863136768341,-0.214321225881577,0.483279854059219,-0.50031566619873,-0.685705006122589
-0.631594181060791,-0.0001128315925598,1.23863136768341,-0.214321225881577,0.483279854059219,-0.50031566619873,-0.685705006122589
-0.63161027431488,-0.0004669204354286,1.23905229568481,-0.214138761162758,0.484021365642548,-0.499735742807388,-0.685661911964417
-0.631600737571716,-0.0008769109845161,1.23905086517334,-0.214498221874237,0.484358012676239,-0.49953904747963,-0.685455083847046
-0.63136625289917,-0.0007003545761108,1.23897731304169,-0.214156910777092,0.484070926904678,-0.499664664268494,-0.685672998428345
-0.631475985050201,-0.0010757222771644,1.23913466930389,-0.214221194386482,0.484811276197433,-0.499502629041672,-0.685247778892517
-0.631344377994537,-0.0011496469378471,1.23904979228973,-0.214573606848717,0.484705805778503,-0.500049471855164,-0.684813141822815
-0.631165683269501,-0.0012530609965324,1.23895692825317,-0.214758858084679,0.484582215547562,-0.500157415866852,-0.684763729572296
-0.63096010684967,-0.0013335943222045,1.23885333538055,-0.214960426092148,0.484584838151932,-0.500505924224854,-0.684444010257721
-0.63076251745224,-0.0014917626976966,1.23871886730194,-0.215197890996933,0.484459698200226,-0.500934422016144,-0.684144377708435
-0.63076251745224,-0.0014917626976966,1.23871886730194,-0.215197890996933,0.484459698200226,-0.500934422016144,-0.684144377708435
-0.630124688148499,-0.0016175955533981,1.23847913742065,-0.216335758566856,0.483685553073883,-0.501822054386139,-0.683682501316071
-0.629915356636047,-0.0018101409077644,1.23869562149048,-0.216676920652389,0.484079092741013,-0.502054631710052,-0.683125078678131
-0.629985272884369,-0.0019498392939567,1.23826563358307,-0.21741372346878,0.483840703964233,-0.50316709280014,-0.682240664958954
-0.629414141178131,-0.0021146163344383,1.23852825164795,-0.218478247523308,0.48340168595314,-0.50360631942749,-0.681887745857239
-0.629135012626648,-0.0023824274539947,1.23848628997803,-0.218888565897942,0.483491897583008,-0.503946721553802,-0.681440412998199
-0.628671824932098,-0.0023816600441932,1.23840010166168,-0.219214603304863,0.483019053936005,-0.504460752010345,-0.681290626525879
-0.63071483373642,-0.0020698606967926,1.23674046993256,-0.212443202733994,0.48630279302597,-0.504798114299774,-0.68084979057312
-0.628360092639923,-0.0031550750136375,1.23805665969849,-0.219252452254295,0.483878344297409,-0.504815638065338,-0.68040531873703
-0.627970695495605,-0.0034826099872589,1.23804318904877,-0.220048621296883,0.483758091926575,-0.505252122879028,-0.679909646511078
-0.627264022827148,-0.0037096068263053,1.23799479007721,-0.221373930573463,0.482966333627701,-0.505990982055664,-0.679492652416229
-0.627063453197479,-0.0039630532264709,1.2380598783493,-0.221501886844635,0.483129352331161,-0.506968200206757,-0.67860609292984
-0.626265108585358,-0.0040104165673255,1.23723042011261,-0.222718462347984,0.481577783823013,-0.50812029838562,-0.678449153900146
-0.625686228275299,-0.0043761059641838,1.23732554912567,-0.224179059267044,0.481101274490356,-0.508869707584381,-0.677744209766388
-0.625136375427246,-0.0047528371214866,1.23733806610107,-0.22577203810215,0.480537295341492,-0.509836435317993,-0.676888287067413
-0.624357640743256,-0.0050207525491714,1.23744118213654,-0.226977899670601,0.479878157377243,-0.510415256023407,-0.676516354084015
-0.623619198799133,-0.0053328052163124,1.23753297328949,-0.22842338681221,0.47909814119339,-0.511385262012482,-0.675849795341492
-0.622965633869171,-0.0055987015366554,1.23760342597961,-0.229809746146202,0.478390663862228,-0.512659549713135,-0.67491489648819
-0.622086644172668,-0.0059640333056449,1.23798179626465,-0.231741920113564,0.477599382400513,-0.513500332832336,-0.674175024032593
-0.62151163816452,-0.0063861981034278,1.238600730896,-0.232792437076569,0.477769702672958,-0.514204978942871,-0.673154652118683
-0.620487928390503,-0.0065761357545852,1.23873937129974,-0.234890714287758,0.47642794251442,-0.515497148036957,-0.672387897968292
-0.619746148586273,-0.0068853646516799,1.23876667022705,-0.236790508031845,0.475570172071457,-0.517262816429138,-0.670971274375916
-0.618709146976471,-0.0070689618587493,1.23889851570129,-0.238241910934448,0.474537134170532,-0.518515288829803,-0.67022180557251
-0.618709146976471,-0.0070689618587493,1.23889851570129,-0.238241910934448,0.474537134170532,-0.518515288829803,-0.67022180557251
-0.616775929927826,-0.007478654384613,1.23903095722198,-0.241509988903999,0.472497373819351,-0.521877586841583,-0.667879462242126
-0.615666627883911,-0.0076046288013458,1.23916494846344,-0.243215471506119,0.471308439970016,-0.523834586143494,-0.666567265987396
-0.615666627883911,-0.0076046288013458,1.23916494846344,-0.243215471506119,0.471308439970016,-0.523834586143494,-0.666567265987396
-0.613656163215637,-0.0081600919365882,1.2386155128479,-0.246150732040405,0.468933403491974,-0.527564585208893,-0.664219081401825
-0.612585365772247,-0.0083615630865097,1.23879659175873,-0.248039439320564,0.467791080474854,-0.529715299606323,-0.662608206272125
-0.611599147319794,-0.0084735080599784,1.23896467685699,-0.249348104000091,0.466986298561096,-0.531695663928986,-0.661096930503845
-0.611599147319794,-0.0084735080599784,1.23896467685699,-0.249348104000091,0.466986298561096,-0.531695663928986,-0.661096930503845
-0.609481692314148,-0.0086651444435119,1.23933064937592,-0.25200542807579,0.464980334043503,-0.536090731620789,-0.657946348190308
-0.608614802360535,-0.0087727531790733,1.24041664600372,-0.25317120552063,0.46489092707634,-0.537834644317627,-0.656136214733124
-0.60759174823761,-0.008910596370697,1.24066948890686,-0.254963099956512,0.464471757411957,-0.539861738681793,-0.65407121181488
-0.60655665397644,-0.0089589282870292,1.24092185497284,-0.256065160036087,0.462562650442123,-0.542401790618896,-0.652891218662262
-0.605565309524536,-0.0090089067816734,1.24119186401367,-0.257241934537888,0.461414366960526,-0.544839859008789,-0.651208877563477
-0.604521512985229,-0.0090501457452774,1.24137651920319,-0.25849449634552,0.460079818964005,-0.547112584114075,-0.649749994277954
-0.60339081287384,-0.0090698301792144,1.24079132080078,-0.259920477867126,0.457795053720474,-0.550064742565155,-0.64830082654953
-0.602373540401459,-0.0091136768460273,1.24108695983887,-0.261399447917938,0.45635986328125,-0.552473425865173,-0.646667659282684
-0.601371228694916,-0.0091424882411956,1.24229347705841,-0.262647420167923,0.456225395202637,-0.55409049987793,-0.644870936870575
-0.601371228694916,-0.0091424882411956,1.24229347705841,-0.262647420167923,0.456225395202637,-0.55409049987793,-0.644870936870575
-0.599099814891815,-0.0091053023934364,1.24201512336731,-0.265245258808136,0.452274113893509,-0.559255361557007,-0.642126619815826
-0.599099814891815,-0.0091053023934364,1.24201512336731,-0.265245258808136,0.452274113893509,-0.559255361557007,-0.642126619815826
-0.597069561481476,-0.0091928020119667,1.24259948730469,-0.267690479755402,0.449502199888229,-0.563777387142181,-0.639096856117249
-0.595917701721191,-0.0091531053185462,1.24292767047882,-0.269026786088943,0.447880655527115,-0.565899848937988,-0.637796938419342
-0.595023453235626,-0.0091336667537689,1.24406266212463,-0.270038306713104,0.447350651025772,-0.567844152450562,-0.636010825634003
-0.593885362148285,-0.0090852975845336,1.24348628520966,-0.271278470754623,0.444862753152847,-0.570566833019257,-0.634790241718292
-0.592947542667389,-0.0087528899312019,1.24373424053192,-0.274161368608475,0.441883653402328,-0.574171125888824,-0.632378160953522
-0.591741740703583,-0.0088703781366348,1.24405431747437,-0.273636341094971,0.441576927900314,-0.57499486207962,-0.632071077823639
-0.590764224529266,-0.0088596120476722,1.24439108371735,-0.274979621171951,0.440195918083191,-0.577282905578613,-0.630363643169403
-0.589744031429291,-0.0087160170078277,1.24545812606812,-0.276244699954987,0.439276278018951,-0.5791255235672,-0.628759682178497
-0.588649034500122,-0.0087462291121482,1.24491131305695,-0.277326196432114,0.437207460403442,-0.581555247306824,-0.627481758594513
-0.587644040584564,-0.0086130946874618,1.24499464035034,-0.278290748596191,0.435773462057114,-0.583860278129578,-0.625909745693207
-0.586612045764923,-0.0085010156035423,1.24522840976715,-0.279889553785324,0.434316605329513,-0.585981428623199,-0.624224781990051
-0.585788786411285,-0.0083678662776947,1.24626743793488,-0.280952513217926,0.433941721916199,-0.588100552558899,-0.622011363506317
-0.584754645824432,-0.0081991180777549,1.24643445014954,-0.2823226749897,0.433423966169357,-0.589938342571259,-0.62000834941864
-0.583972275257111,-0.0081755965948104,1.2465695142746,-0.28290981054306,0.431914985179901,-0.592190444469452,-0.618645310401917
-0.582970380783081,-0.0080576837062835,1.24677777290344,-0.284092575311661,0.430330365896225,-0.594749391078949,-0.616749882698059
-0.582190573215485,-0.0079378932714462,1.24695253372192,-0.286066353321075,0.431666731834412,-0.59685492515564,-0.612857341766357
-0.581316232681274,-0.0078435391187667,1.24711322784424,-0.286864280700684,0.43021434545517,-0.598901629447937,-0.611507594585419
-0.58059698343277,-0.0077601894736289,1.24719977378845,-0.286902248859406,0.428495943546295,-0.600828289985657,-0.610805809497833
-0.580067813396454,-0.0076627507805824,1.24712312221527,-0.287847071886063,0.429549545049667,-0.602956235408783,-0.607515692710876
-0.579441070556641,-0.0073981657624244,1.24726736545563,-0.288325309753418,0.429033666849136,-0.605092585086823,-0.605526030063629
-0.578476667404175,-0.007338561117649,1.24756193161011,0.289810419082642,-0.428151905536652,0.607001185417175,0.603527665138245
-0.577907204627991,-0.0069969147443771,1.24760472774506,0.289977878332138,-0.427621513605118,0.609024047851562,0.6017826795578
-0.57744163274765,-0.0069441422820091,1.24756276607513,0.289620220661163,-0.42603063583374,0.611049175262451,0.601029992103577
-0.576972663402557,-0.006817452609539,1.24765598773956,0.290244609117508,-0.425737649202347,0.613027513027191,0.598917961120605
-0.576391458511353,-0.0066555812954902,1.24778699874878,0.291049003601074,-0.425318866968155,0.614783644676208,0.59702205657959
-0.575896739959717,-0.0065274238586425,1.24786782264709,0.291610717773438,-0.425174474716187,0.61625725030899,0.595329105854034
-0.575352072715759,-0.0062875896692276,1.24799132347107,0.292791455984116,-0.426200836896896,0.617875516414642,0.592330932617188
-0.575352072715759,-0.0062875896692276,1.24799132347107,0.292791455984116,-0.426200836896896,0.617875516414642,0.592330932617188
-0.573588311672211,-0.0059106275439262,1.24847877025604,0.295953780412674,-0.424210429191589,0.620714843273163,0.589211463928223
-0.573163628578186,-0.0057837218046188,1.24861133098602,0.29646098613739,-0.423989534378052,0.62203985452652,0.587716162204742
-0.57279098033905,-0.0056956335902214,1.24877238273621,0.29669177532196,-0.423785418272018,0.623115420341492,0.586606442928314
-0.572491347789764,-0.0055482760071754,1.24884116649628,0.297189444303513,-0.423701256513596,0.62416809797287,0.585294902324677
-0.572199285030365,-0.0053852126002311,1.2489150762558,0.297257930040359,-0.42366436123848,0.625150620937347,0.584237277507782
-0.571795046329498,-0.0052080824971199,1.2490416765213,0.297869443893433,-0.423148483037949,0.626446962356567,0.582909464836121
-0.571556806564331,-0.0051376596093177,1.24911534786224,0.2981778383255,-0.42312890291214,0.627133309841156,0.582027077674866
-0.571304023265839,-0.0049802139401435,1.2492458820343,0.298421442508698,-0.423151344060898,0.628735065460205,0.58015501499176
-0.571103930473328,-0.0048795416951179,1.249307513237,0.298690408468246,-0.423124432563782,0.629433035850525,0.579278647899628
-0.570908486843109,-0.0047608986496925,1.24931514263153,0.299111574888229,-0.423172682523727,0.629913449287415,0.578503489494324
-0.570761203765869,-0.0046162977814674,1.24940776824951,0.299288123846054,-0.423176348209381,0.630373656749725,0.577907800674438
-0.570641994476318,-0.0044992640614509,1.2493861913681,0.299514532089233,-0.423089027404785,0.630843997001648,0.577341139316559
-0.570559203624725,-0.0043123811483383,1.24934041500092,0.299513548612595,-0.423120021820068,0.631245374679565,0.576880037784576
-0.570876240730286,-0.0042766407132148,1.249187707901,0.298763543367386,-0.423933029174805,0.631502866744995,0.576389968395233
-0.570848703384399,-0.0041599795222282,1.24917352199554,0.299031436443329,-0.424137473106384,0.631855547428131,0.575713574886322
-0.57086718082428,-0.0039987713098526,1.24914968013763,0.299036651849747,-0.424197137355804,0.63220089673996,0.575287699699402
-0.570911049842834,-0.0038820281624794,1.2491203546524,0.299033910036087,-0.424466878175735,0.632393360137939,0.574878692626953
-0.57099848985672,-0.0036878436803817,1.24908554553986,0.299131006002426,-0.424552261829376,0.632716178894043,0.574409484863281
-0.571086466312408,-0.0035667791962623,1.24910843372345,0.299270153045654,-0.424898564815521,0.632820010185242,0.573966443538666
-0.570862114429474,-0.0034119710326194,1.24920737743378,0.299960941076279,-0.424612909555435,0.632860422134399,0.573772788047791
-0.571413218975067,-0.0033643096685409,1.24902045726776,0.299026846885681,-0.425674617290497,0.6329066157341,0.573422491550446
-0.571640968322754,-0.0032233819365501,1.24897956848145,0.298843652009964,-0.426070660352707,0.632923901081085,0.573204696178436
-0.571544349193573,-0.0029951557517051,1.24907600879669,0.29941999912262,-0.425878554582596,0.632881760597229,0.573093175888062
-0.572326183319092,-0.0029899626970291,1.24888145923615,0.297979921102524,-0.427411645650864,0.63269054889679,0.572913646697998
-0.572326183319092,-0.0029899626970291,1.24888145923615,0.297979921102524,-0.427411645650864,0.63269054889679,0.572913646697998
-0.572953224182129,-0.0026908442378044,1.24883079528809,0.297481924295425,-0.428030878305435,0.631626963615417,0.573882758617401
-0.572962403297424,-0.0024421140551567,1.24891138076782,0.297904253005981,-0.427934050559998,0.631307601928711,0.574087381362915
-0.573519647121429,-0.0022501423954963,1.24883878231049,0.297112435102463,-0.428925454616547,0.630835771560669,0.574276506900787
-0.573910474777222,-0.0020744279026985,1.24880278110504,0.296702235937118,-0.429506838321686,0.630318820476532,0.574621677398682
-0.574334502220154,-0.0019219517707824,1.24885010719299,0.296161621809006,-0.430356979370117,0.629436790943146,0.575230777263641
-0.574786782264709,-0.0017516911029815,1.24882292747498,0.295497685670853,-0.431047052145004,0.628743231296539,0.575813889503479
-0.575377881526947,-0.0016401261091232,1.24876999855042,0.294992655515671,-0.43162739276886,0.628289699554443,0.576133072376251
-0.575852274894714,-0.001630388200283,1.24879217147827,0.29447478055954,-0.432459950447083,0.627150595188141,0.577013969421387
-0.578062534332275,-0.0016111135482788,1.24851202964783,0.289715349674225,-0.436500132083893,0.626102089881897,0.577519536018372
-0.578488707542419,-0.0014386847615242,1.24846339225769,0.288992285728455,-0.437061965465546,0.625041544437408,0.578604757785797
-0.578937232494354,-0.0011880248785018,1.24843180179596,0.288560330867767,-0.437305241823196,0.624049246311188,0.57970666885376
-0.57881361246109,-0.0010009706020355,1.24860155582428,0.289738982915878,-0.436435401439667,0.623148381710052,0.580742239952087
-0.579269707202911,-0.0008184239268302,1.24836444854736,0.289246082305908,-0.43648299574852,0.622305035591125,0.581855356693268
-0.579849421977997,-0.0005583986639976,1.24851751327515,0.288167744874954,-0.437190383672714,0.621232450008392,0.583004474639893
-0.580303192138672,-0.0003546327352523,1.24852156639099,0.287479907274246,-0.437509030103683,0.619998931884766,0.584416449069977
-0.580912232398987,-0.00012718886137,1.24852228164673,0.286278039216995,-0.438255935907364,0.618854463100433,0.585658550262451
-0.580912232398987,-0.00012718886137,1.24852228164673,0.286278039216995,-0.438255935907364,0.618854463100433,0.585658550262451
-0.581953823566437,0.0003397464752197,1.24852502346039,0.284989714622498,-0.43853285908699,0.616761088371277,0.58828204870224
-0.582383990287781,0.0005568861961364,1.24854683876038,0.284322202205658,-0.438772916793823,0.615375578403473,0.589874684810638
-0.582668423652649,0.0009871497750282,1.2486766576767,0.28380686044693,-0.438577651977539,0.614353179931641,0.591331899166107
-0.583342313766479,0.0012546628713607,1.24865448474884,0.282478600740433,-0.439140468835831,0.613151133060455,0.592796146869659
-0.583811640739441,0.0015443563461303,1.24866628646851,0.281826585531235,-0.439028531312943,0.612324476242065,0.594042539596558
-0.584168314933777,0.0017649680376052,1.24873876571655,0.281353414058685,-0.439014583826065,0.611055672168732,0.595581650733948
-0.584803402423859,0.0020428150892257,1.24864625930786,0.279797613620758,-0.439421445131302,0.610042333602905,0.597051560878754
-0.585228502750397,0.0023734271526336,1.24868977069855,0.278269916772842,-0.438380867242813,0.608677089214325,0.599917054176331
-0.585758149623871,0.0027780383825302,1.24862146377563,0.277039140462875,-0.438329070806503,0.607693016529083,0.601519882678986
-0.586383044719696,0.0031247064471244,1.2486560344696,0.275824218988419,-0.438720434904099,0.60668820142746,0.60280579328537
-0.586817145347595,0.003328338265419,1.24870586395264,0.275207608938217,-0.438916683197021,0.605488359928131,0.60414981842041
-0.58731883764267,0.0036559179425239,1.24872469902039,-0.273991405963898,0.438983380794525,-0.604469656944275,-0.605671942234039
-0.587658524513245,0.004025362432003,1.24780333042145,-0.273075312376022,0.43852287530899,-0.603226244449615,-0.607656061649323
-0.588098883628845,0.0042201578617095,1.24789154529572,-0.272441685199737,0.4384526014328,-0.602297723293304,-0.608910799026489
-0.588733315467834,0.0046607032418251,1.2487667798996,-0.271450340747833,0.439340502023697,-0.600927650928497,-0.610066175460815
-0.588733315467834,0.0046607032418251,1.2487667798996,-0.271450340747833,0.439340502023697,-0.600927650928497,-0.610066175460815
-0.589490056037903,0.0053102970123291,1.24867856502533,-0.269607275724411,0.439371883869171,-0.598222494125366,-0.613509833812714
-0.589844584465027,0.0056465119123458,1.24869012832642,-0.268909722566605,0.439407259225845,-0.597084999084473,-0.614897131919861
-0.59031218290329,0.0059452131390571,1.24865901470184,-0.268052935600281,0.439679533243179,-0.595803618431091,-0.616317808628082
-0.590704321861267,0.006284162402153,1.24860596656799,-0.267348676919937,0.439712584018707,-0.594777822494507,-0.617589771747589
-0.591001749038696,0.0067375376820564,1.24851489067078,-0.266771018505096,0.439305156469345,-0.593766212463379,-0.61910092830658
-0.591251730918884,0.0070364326238632,1.24851620197296,-0.266352206468582,0.439157098531723,-0.592395782470703,-0.620697021484375
-0.591512739658356,0.0074068829417228,1.24850296974182,-0.26598197221756,0.438873320817947,-0.591224133968353,-0.622171938419342
-0.591512739658356,0.0074068829417228,1.24850296974182,-0.26598197221756,0.438873320817947,-0.591224133968353,-0.622171938419342
-0.592051148414612,0.0081564486026763,1.24850952625275,-0.264962255954742,0.438593804836273,-0.588841736316681,-0.625056803226471
-0.592440247535706,0.0085576102137565,1.24845957756042,-0.264948844909668,0.438192635774612,-0.587981283664703,-0.626152813434601
-0.592593133449554,0.0088624209165573,1.24762451648712,-0.264669448137283,0.43724250793457,-0.58724707365036,-0.627622663974762
-0.592859745025635,0.0090817883610725,1.24846696853638,-0.264105170965195,0.439228415489197,-0.5848029255867,-0.628754675388336
-0.593027293682098,0.0094506815075874,1.2475597858429,-0.263416767120361,0.43757888674736,-0.584065675735474,-0.630875468254089
-0.593386948108673,0.0098505616188049,1.24744868278503,-0.263147056102753,0.437174469232559,-0.583358705043793,-0.631921410560608
-0.593630015850067,0.0101842209696769,1.24739408493042,-0.262795627117157,0.437103748321533,-0.582042992115021,-0.633328497409821
-0.593875527381897,0.0105234682559967,1.24740886688232,-0.262677073478699,0.437318533658981,-0.580758452415466,-0.634407639503479
-0.594178140163422,0.0108877196907997,1.24740791320801,-0.26223349571228,0.437536865472794,-0.579405069351196,-0.635676980018616
-0.594445288181305,0.0111719444394111,1.24732053279877,-0.261987596750259,0.437790811061859,-0.577907919883728,-0.636964857578278
-0.594757676124573,0.0114005431532859,1.24722325801849,-0.261624902486801,0.437914192676544,-0.576744079589844,-0.63808274269104
-0.594999730587006,0.0117897614836692,1.24714362621307,-0.261451631784439,0.438137590885162,-0.575499415397644,-0.639123558998108
-0.595258772373199,0.0120800584554672,1.24706935882568,-0.261239558458328,0.438374549150467,-0.573816895484924,-0.640559017658234
-0.595572471618652,0.0123518034815788,1.24700534343719,-0.260880827903748,0.438754439353943,-0.572542369365692,-0.641584813594818
-0.595863103866577,0.0126200467348098,1.24693930149078,-0.2607421875,0.439083784818649,-0.571189701557159,-0.642620861530304
-0.59613299369812,0.0129148066043853,1.24685978889465,-0.260842233896255,0.439366281032562,-0.569727182388306,-0.643684446811676
-0.596460819244385,0.0131149962544441,1.24677562713623,-0.26070100069046,0.439830720424652,-0.568273603916168,-0.644708573818207
-0.596686244010925,0.0133410766720771,1.24673473834991,-0.26051738858223,0.440171450376511,-0.56684410572052,-0.645807683467865
-0.596967339515686,0.0135699659585952,1.24666476249695,-0.260437995195389,0.44043555855751,-0.565483927726746,-0.646851181983948
-0.597242891788483,0.0137546360492706,1.2471935749054,-0.26057630777359,0.44139701128006,-0.563922762870789,-0.647502839565277
-0.597482800483704,0.013961374759674,1.2471216917038,-0.260551631450653,0.441493093967438,-0.562461078166962,-0.648717522621155
-0.598227798938751,0.0141574814915657,1.2462192773819,-0.259099841117859,0.442108064889908,-0.561645984649658,-0.649585723876953
-0.598227798938751,0.0141574814915657,1.2462192773819,-0.259099841117859,0.442108064889908,-0.561645984649658,-0.649585723876953
-0.598335921764374,0.0142477229237556,1.24686050415039,-0.260070413351059,0.443163901567459,-0.558685481548309,-0.651029646396637
-0.598701059818268,0.0143860504031181,1.2468113899231,-0.25992488861084,0.443942934274673,-0.557508766651154,-0.651565611362457
-0.599108040332794,0.014496698975563,1.24638140201569,-0.259463638067245,0.444340705871582,-0.556643843650818,-0.652217507362366
-0.600351631641388,0.014552392065525,1.24650847911835,-0.257052510976791,0.446809828281403,-0.55540931224823,-0.652537763118744
-0.600630640983582,0.014671504497528,1.24640202522278,-0.256820648908615,0.447283357381821,-0.554565489292145,-0.653022170066833
-0.600630640983582,0.014671504497528,1.24640202522278,-0.256820648908615,0.447283357381821,-0.554565489292145,-0.653022170066833
-0.601281821727753,0.0149656385183334,1.24619543552399,-0.256714373826981,0.447901755571365,-0.553299188613892,-0.653714001178741
-0.601281821727753,0.0149656385183334,1.24619543552399,-0.256714373826981,0.447901755571365,-0.553299188613892,-0.653714001178741
-0.601998150348663,0.015160284936428,1.24618244171143,-0.256213277578354,0.449036210775375,-0.552329480648041,-0.653952121734619
-0.602290332317352,0.0152124837040901,1.2460606098175,-0.256038993597031,0.44939461350441,-0.551962435245514,-0.654084146022797
-0.602595269680023,0.0152917057275772,1.24592518806458,-0.255786687135696,0.449832379817963,-0.551579475402832,-0.654205083847046
-0.602916598320007,0.0153484120965003,1.24579977989197,-0.255508989095688,0.450218796730042,-0.551196753978729,-0.654370248317719
-0.603271126747131,0.0153967514634132,1.24565279483795,-0.255183935165405,0.450660675764084,-0.551052808761597,-0.654314041137695
-0.603271126747131,0.0153967514634132,1.24565279483795,-0.255183935165405,0.450660675764084,-0.551052808761597,-0.654314041137695
-0.603951811790466,0.0154149010777473,1.24514353275299,-0.254750698804855,0.451286822557449,-0.551008760929108,-0.65408843755722
-0.604247510433197,0.015388011932373,1.24499988555908,-0.254580944776535,0.451695710420609,-0.55089920759201,-0.653964698314667
-0.604576289653778,0.0154414996504783,1.24485015869141,-0.254254311323166,0.452098786830902,-0.550856232643127,-0.653849303722382
-0.604887843132019,0.0154267251491546,1.24469268321991,-0.25409260392189,0.452416688203812,-0.550800681114197,-0.653739094734192
-0.605246424674988,0.0154361128807067,1.24448943138123,-0.253870904445648,0.452767729759216,-0.550838708877563,-0.653550028800964
-0.605501115322113,0.0154421851038932,1.24434661865234,-0.253677845001221,0.452811449766159,-0.550863444805145,-0.653573989868164
-0.605455219745636,0.0154940411448478,1.24456870555878,-0.254323810338974,0.452742487192154,-0.55084753036499,-0.65338408946991
-0.605744421482086,0.0154841914772987,1.24444079399109,-0.254086971282959,0.453049451112747,-0.550888538360596,-0.653228878974915
-0.60604453086853,0.0154716596007347,1.24428236484528,-0.253965497016907,0.453500211238861,-0.550891101360321,-0.652961134910583
-0.606302857398987,0.0154622197151184,1.24413061141968,-0.253833711147308,0.453764945268631,-0.551019489765167,-0.652720153331757
-0.60664838552475,0.0155065804719924,1.24387657642365,-0.253386169672012,0.454089283943176,-0.551224946975708,-0.652494847774506
-0.606621325016022,0.0154819935560226,1.24262177944183,-0.253756314516068,0.452887237071991,-0.551983177661896,-0.652545511722565
-0.606855809688568,0.0154542475938797,1.24248898029327,-0.253550052642822,0.453118473291397,-0.552160859107971,-0.652314603328705
-0.607118666172028,0.0154243260622024,1.24235141277313,-0.253412425518036,0.45348247885704,-0.552320778369904,-0.651979684829712
-0.607420444488525,0.0153585597872734,1.2422149181366,-0.253252506256104,0.453993171453476,-0.552426278591156,-0.651597023010254
-0.608265340328217,0.0152017623186111,1.24274277687073,-0.251908510923386,0.456288278102875,-0.55197811126709,-0.650894343852997
-0.608593881130219,0.0151492655277252,1.242546916008,-0.251558810472488,0.456838965415955,-0.552101135253906,-0.650538861751556
-0.607898890972137,0.0151578560471534,1.24175798892975,-0.25351470708847,0.454826980829239,-0.552837252616882,-0.650564193725586
-0.608186006546021,0.0149551331996917,1.241663813591,-0.25348699092865,0.455497145652771,-0.552772104740143,-0.650161266326904
-0.608408033847809,0.0149089619517326,1.24151229858398,-0.253356546163559,0.455907762050629,-0.552878975868225,-0.649833559989929
-0.608678579330444,0.0148360282182693,1.24136328697205,-0.25324958562851,0.456499427556992,-0.552950263023376,-0.649398803710938
-0.609811782836914,0.0147870108485221,1.24199330806732,-0.251280128955841,0.459308356046677,-0.552495241165161,-0.648570120334625
-0.609168231487274,0.0145810469985008,1.24104142189026,-0.252843737602234,0.457772791385651,-0.552733898162842,-0.648844659328461
-0.609447777271271,0.0145027041435241,1.24089550971985,-0.252741008996964,0.458411663770676,-0.552742600440979,-0.648425996303558
-0.609697222709656,0.0145425423979759,1.24072813987732,-0.253185451030731,0.458504319190979,-0.553190946578979,-0.647804617881775
-0.609904050827026,0.0144610553979873,1.24059677124023,-0.253415018320084,0.458912193775177,-0.553288102149963,-0.64734274148941
-0.610102653503418,0.0143563821911811,1.24044179916382,-0.253453731536865,0.459338814020157,-0.553233027458191,-0.647072196006775
-0.610344767570496,0.0142875537276268,1.24030685424805,-0.253835618495941,0.459599316120148,-0.55349862575531,-0.646510124206543
-0.610552251338959,0.0140707194805145,1.2401739358902,-0.253261059522629,0.460665434598923,-0.552803933620453,-0.646570920944214
-0.610767841339111,0.0140293315052986,1.23998415470123,-0.25315648317337,0.461038410663605,-0.552778601646423,-0.646367728710175
-0.610957741737366,0.0139350071549415,1.23983252048492,-0.253264099359512,0.461417943239212,-0.552717626094818,-0.646106958389282
-0.611220717430115,0.013837531208992,1.23965859413147,-0.253102988004684,0.46184054017067,-0.552607893943787,-0.645961880683899
-0.611427307128906,0.0135887935757637,1.23957347869873,-0.253331750631332,0.462332099676132,-0.552387118339539,-0.645709276199341
-0.611613690853119,0.0135373026132583,1.23943305015564,-0.253386944532394,0.462672829627991,-0.552244067192078,-0.645565986633301
-0.611791670322418,0.0134648457169532,1.23934316635132,-0.253407090902328,0.462987124919891,-0.552035391330719,-0.645511269569397
-0.611958265304565,0.0134163275361061,1.2392578125,-0.253413289785385,0.463233828544617,-0.551880359649658,-0.645464301109314
-0.612123429775238,0.0133638232946395,1.23913633823395,-0.253460347652435,0.46349173784256,-0.551627218723297,-0.645477294921875
-0.612331569194794,0.0133874267339706,1.23907911777496,-0.253683984279633,0.463520109653473,-0.551638662815094,-0.645359218120575
-0.61249303817749,0.013356827199459,1.2390204668045,-0.253634959459305,0.4637171626091,-0.551196217536926,-0.645614862442017
-0.612699747085571,0.0132381245493888,1.23899936676025,-0.253792226314545,0.463935613632202,-0.550954401493073,-0.645602464675903
-0.612793684005737,0.0131384283304214,1.23901116847992,-0.253614515066147,0.464284211397171,-0.550337553024292,-0.645947754383087
-0.612961828708649,0.0130888596177101,1.23894417285919,-0.253464907407761,0.464402288198471,-0.550019085407257,-0.646192848682404
-0.613035976886749,0.0131082385778427,1.23892104625702,-0.253504812717438,0.464305520057678,-0.549783408641815,-0.64644718170166
-0.61311411857605,0.0130607411265373,1.23891592025757,-0.253558248281479,0.464343070983887,-0.549429893493652,-0.646699845790863
-0.613182187080383,0.0130093321204185,1.23891997337341,-0.253513723611832,0.464184671640396,-0.549103140830994,-0.647108376026154
-0.613221883773804,0.0129744559526443,1.23891508579254,-0.253464132547378,0.463802218437195,-0.548647046089172,-0.647788465023041
-0.613254427909851,0.0129455029964447,1.23890829086304,-0.25347962975502,0.463627398014069,-0.548334956169128,-0.648171722888947
-0.613269567489624,0.0128949582576751,1.23891139030457,-0.253462314605713,0.463503032922745,-0.548011124134064,-0.648541271686554
-0.613270461559296,0.0128721445798873,1.23891353607178,-0.253455460071564,0.463278144598007,-0.547800958156586,-0.648882031440735
-0.613264381885529,0.0128376558423042,1.23889207839966,-0.253507137298584,0.463082313537598,-0.547616481781006,-0.649157345294952
-0.6132493019104,0.0127893090248107,1.238884806633,-0.253573834896088,0.462899208068848,-0.547461867332458,-0.649392247200012
-0.613211452960968,0.0127379074692726,1.23887085914612,-0.253604412078857,0.46270939707756,-0.547335863113403,-0.649621665477753
-0.613211452960968,0.0127379074692726,1.23887085914612,-0.253604412078857,0.46270939707756,-0.547335863113403,-0.649621665477753
-0.613125383853912,0.0125317797064781,1.23884391784668,-0.253919541835785,0.46247798204422,-0.547195851802826,-0.649781227111816
-0.613043367862701,0.0125570595264434,1.23882365226746,-0.253966838121414,0.462219059467316,-0.54731822013855,-0.649843990802765
-0.612965941429138,0.0124478042125701,1.2388014793396,-0.254107415676117,0.462191492319107,-0.547277808189392,-0.649842619895935
-0.612816452980042,0.0123964473605155,1.23880803585052,-0.254351556301117,0.461863368749618,-0.547432899475098,-0.649849951267242
-0.612716317176819,0.0123597308993339,1.23878848552704,-0.254365086555481,0.461635917425156,-0.547578096389771,-0.64988386631012
-0.612607061862946,0.0123258307576179,1.23878347873688,-0.254481106996536,0.461508899927139,-0.547715067863464,-0.64981335401535
-0.612484514713287,0.0122833773493766,1.23877596855164,-0.25460422039032,0.461278468370438,-0.547888457775116,-0.649782478809357
-0.612322449684143,0.0123156309127807,1.23874759674072,-0.254644304513931,0.460931986570358,-0.548120021820068,-0.649817407131195
-0.612174808979034,0.0122529715299606,1.23877799510956,-0.25482502579689,0.460858076810837,-0.548195958137512,-0.649734914302826
-0.612072110176086,0.0122904479503631,1.23875784873962,-0.254797726869583,0.460580438375473,-0.548453450202942,-0.649725019931793
-0.611958384513855,0.0122484192252159,1.23876059055328,-0.254832893610001,0.460499286651611,-0.548606157302856,-0.649639964103699
-0.611851871013641,0.0122174471616745,1.23878419399261,-0.25493997335434,0.460470348596573,-0.548703610897064,-0.649536073207855
-0.611746728420258,0.0121797695755958,1.2388037443161,-0.254958301782608,0.460335552692413,-0.548829853534698,-0.649517834186554
-0.611649215221405,0.0122121274471282,1.23881149291992,-0.254865974187851,0.460279136896133,-0.549015879631042,-0.649436891078949
-0.611557006835938,0.012171059846878,1.23882651329041,-0.254883766174316,0.460228592157364,-0.549076199531555,-0.649414539337158
-0.611472249031067,0.0121236220002174,1.2388619184494,-0.254897207021713,0.46022430062294,-0.549080729484558,-0.649408578872681
-0.611386477947235,0.0121281817555427,1.23891186714172,-0.254901379346847,0.46013605594635,-0.549157679080963,-0.649404287338257
-0.611284196376801,0.0120722502470016,1.23894274234772,-0.254857838153839,0.460126399993896,-0.54907900094986,-0.649494886398315
-0.611284196376801,0.0120722502470016,1.23894274234772,-0.254857838153839,0.460126399993896,-0.54907900094986,-0.649494886398315
-0.611039876937866,0.0118840560317039,1.23904931545258,-0.255125850439072,0.460001915693283,-0.548940420150757,-0.649594902992249
-0.610965549945831,0.0117509290575981,1.23903596401215,-0.255319356918335,0.459914594888687,-0.548961818218231,-0.649562537670135
-0.610817611217499,0.0117119401693344,1.23906314373016,-0.254832744598389,0.460033565759659,-0.54864913225174,-0.649933576583862
-0.610720872879028,0.0115851983428001,1.23906338214874,-0.254934042692184,0.459962368011475,-0.548573017120361,-0.6500084400177
-0.611339688301086,0.0114344879984855,1.23976910114288,-0.253444880247116,0.461889803409576,-0.548011898994446,-0.649697422981262
-0.610483646392822,0.0112421438097953,1.23910403251648,-0.255417585372925,0.459768265485763,-0.548558712005615,-0.649967908859253
-0.610458135604858,0.0110076963901519,1.23910713195801,-0.25616192817688,0.459506750106812,-0.548960387706757,-0.649520754814148
-0.610371530056,0.0108892619609832,1.23909890651703,-0.256363809108734,0.459470748901367,-0.549067735671997,-0.649375677108765
-0.610297799110413,0.0107543095946311,1.23910105228424,-0.256468921899795,0.459381848573685,-0.549183905124664,-0.649298965930939
-0.610218524932861,0.0106158480048179,1.23909223079681,-0.256606847047806,0.459315657615662,-0.549336731433868,-0.64916205406189
-0.61016708612442,0.0104701742529869,1.23908078670502,-0.257000327110291,0.459900856018066,-0.54932564496994,-0.648601114749908
-0.610121130943298,0.0103284940123558,1.23905920982361,-0.257048964500427,0.459850400686264,-0.549569845199585,-0.648410618305206
-0.610852122306824,0.0101178735494613,1.23950707912445,-0.255376756191254,0.461788177490234,-0.549347758293152,-0.647882401943207
-0.610068202018738,0.0100389346480369,1.23895609378815,-0.257123470306396,0.459785938262939,-0.550110101699829,-0.647968590259552
-0.610049486160278,0.0098797604441642,1.23894011974335,-0.257164508104324,0.459921985864639,-0.550413906574249,-0.64759761095047
-0.610021650791168,0.0098052844405174,1.2388870716095,-0.257114350795746,0.459806501865387,-0.550801455974579,-0.647370100021362
-0.610011458396912,0.0095856636762619,1.23889553546906,-0.256949424743652,0.459258079528809,-0.551219940185547,-0.647468626499176
-0.610021591186523,0.0093293040990829,1.23887634277344,-0.257409542798996,0.460085391998291,-0.551165759563446,-0.646744251251221
-0.610030114650726,0.009183146059513,1.2388699054718,-0.257588475942612,0.460080772638321,-0.551535427570343,-0.646361112594604
-0.610070705413818,0.008881539106369,1.23882627487183,-0.257643342018127,0.460335552692413,-0.551673710346222,-0.646039664745331
-0.610088288784027,0.0088009536266326,1.23883032798767,-0.257247805595398,0.459698736667633,-0.552213549613953,-0.646189510822296
-0.610127568244934,0.0085236653685569,1.23882734775543,-0.257242113351822,0.459990829229355,-0.55231899023056,-0.64589387178421
-0.610162198543549,0.0083256810903549,1.238765001297,-0.257276207208633,0.460100471973419,-0.552599906921387,-0.645561754703522
-0.610207796096802,0.0082042291760444,1.23870086669922,-0.257185101509094,0.460167229175568,-0.552952587604523,-0.645248293876648
-0.610207796096802,0.0082042291760444,1.23870086669922,-0.257185101509094,0.460167229175568,-0.552952587604523,-0.645248293876648
-0.610311210155487,0.0077751502394676,1.23866188526154,-0.256865084171295,0.460485577583313,-0.553608775138855,-0.644585788249969
-0.610386252403259,0.0075093805789947,1.23869466781616,-0.256870418787003,0.460708379745483,-0.553885161876678,-0.644186794757843
-0.610498666763306,0.007284864783287,1.23868370056152,-0.256704181432724,0.460958302021027,-0.554146528244019,-0.64384937286377
-0.610568404197693,0.0070472285151481,1.23867952823639,-0.256712466478348,0.461091101169586,-0.554428517818451,-0.64350813627243
-0.610647022724152,0.0068463906645774,1.2386075258255,-0.256576508283615,0.461135804653168,-0.554717779159546,-0.643281042575836
-0.610727608203888,0.006745733320713,1.23854613304138,-0.256556272506714,0.461097657680511,-0.555142760276794,-0.642949819564819
-0.610783576965332,0.0065124481916427,1.2385094165802,-0.256565898656845,0.461162775754929,-0.555327355861664,-0.642739772796631
-0.61162656545639,0.0062400847673416,1.23896718025208,-0.25486958026886,0.463161617517471,-0.55507630109787,-0.642194151878357
-0.611693680286407,0.0059991627931594,1.23894643783569,-0.254662245512009,0.463345974683762,-0.555140793323517,-0.642087519168854
-0.611121535301208,0.0057787522673606,1.23931241035461,-0.256251811981201,0.462448537349701,-0.555360496044159,-0.64191210269928
-0.611215591430664,0.005476601421833,1.239297747612,-0.256391763687134,0.462477564811706,-0.555688202381134,-0.641551673412323
-0.611288785934448,0.005194753408432,1.23927557468414,-0.25631046295166,0.462535291910172,-0.555825233459473,-0.64142370223999
-0.611409068107605,0.0049293637275695,1.23925268650055,-0.256235420703888,0.462684750556946,-0.556057155132294,-0.641144752502441
-0.611502170562744,0.0047113820910453,1.2392201423645,-0.256089568138123,0.46285679936409,-0.556391894817352,-0.640788614749908
-0.61160808801651,0.0045335888862609,1.23918402194977,-0.256044894456863,0.462876379489899,-0.556802690029144,-0.640435218811035
-0.61160808801651,0.0045335888862609,1.23918402194977,-0.256044894456863,0.462876379489899,-0.556802690029144,-0.640435218811035
-0.611953139305115,0.0039828494191169,1.23911356925964,-0.255887806415558,0.463467538356781,-0.557313084602356,-0.639626026153564
-0.612126052379608,0.0038096457719802,1.23904883861542,-0.255945593118668,0.463447332382202,-0.557907342910767,-0.63909924030304
-0.612394571304321,0.0034635961055755,1.23900699615479,-0.255736947059631,0.463965803384781,-0.558072686195374,-0.638662099838257
-0.612668871879578,0.0031933188438415,1.23893678188324,-0.255539268255234,0.464366167783737,-0.558350265026093,-0.638207495212555
-0.61286985874176,0.0027886629104614,1.23894596099854,-0.255352437496185,0.464931011199951,-0.558307707309723,-0.637908339500427
-0.613075792789459,0.0027092993259429,1.23890602588654,-0.25526836514473,0.464922964572906,-0.558786153793335,-0.637528538703918
-0.613357603549957,0.0023648142814636,1.23889803886414,-0.254834204912186,0.465581059455872,-0.558665692806244,-0.63732773065567
-0.613834619522095,0.001935951411724,1.23829448223114,-0.254182457923889,0.466167241334915,-0.558818757534027,-0.637025237083435
-0.613834619522095,0.001935951411724,1.23829448223114,-0.254182457923889,0.466167241334915,-0.558818757534027,-0.637025237083435
-0.614250063896179,0.0017032548785209,1.23874008655548,-0.253204554319382,0.467143923044205,-0.558431565761566,-0.637038588523865
-0.614596664905548,0.001499630510807,1.23870611190796,-0.252862125635147,0.467550545930862,-0.558425426483154,-0.636881709098816
-0.615038573741913,0.0010948777198791,1.23872649669647,-0.253233551979065,0.467897653579712,-0.558581173419952,-0.636342465877533
-0.615417957305908,0.0009872466325759,1.23869061470032,-0.253020167350769,0.468829900026321,-0.558331787586212,-0.635959923267365
-0.615746915340424,0.000803418457508,1.23873496055603,-0.252809971570969,0.469109386205673,-0.558118999004364,-0.636024236679077
-0.616110265254974,0.0007126033306121,1.23872482776642,-0.252230226993561,0.46936759352684,-0.557816982269287,-0.63632869720459
-0.616629183292389,0.0005793049931526,1.23863208293915,-0.251406729221344,0.469890743494034,-0.557536244392395,-0.636514544487
-0.616986215114594,0.0003016665577888,1.23864829540253,-0.250890582799911,0.469599604606628,-0.557375133037567,-0.637073934078217
-0.617319941520691,0.0002619326114654,1.23859131336212,-0.250294536352158,0.469691216945648,-0.557050287723541,-0.637524783611298
-0.617920875549316,-0.0001233592629432,1.23815751075745,-0.2492486089468,0.470165371894836,-0.556479573249817,-0.638083279132843
-0.618880391120911,-0.0001085102558135,1.23819756507874,-0.247263327240944,0.47139635682106,-0.555817484855652,-0.638524353504181
-0.61864697933197,-0.0001723542809486,1.23864185810089,-0.248303443193436,0.470701962709427,-0.555400729179382,-0.638995468616486
-0.61902928352356,-0.0003844574093818,1.23873126506805,-0.248061716556549,0.471183955669403,-0.554667115211487,-0.639371275901794
-0.619463801383972,-0.0004540681838989,1.23879313468933,-0.247313901782036,0.471569955348969,-0.554095983505249,-0.63987135887146
-0.620145261287689,-0.0005217567086219,1.23772251605988,-0.24582976102829,0.471619755029678,-0.553806841373444,-0.640656471252441
-0.620286107063293,-0.0006376653909683,1.2379378080368,-0.246002569794655,0.471625298261642,-0.553201198577881,-0.641109108924866
-0.620712459087372,-0.0007683038711547,1.23796081542969,-0.245396420359612,0.472023665904999,-0.552527070045471,-0.641629338264465
-0.621105253696442,-0.0008337572216987,1.23797154426575,-0.244995638728142,0.472201377153397,-0.55180686712265,-0.642271280288696
-0.621894121170044,-0.0009533390402793,1.23774778842926,-0.243998810648918,0.473645597696304,-0.551004767417908,-0.642275989055634
-0.622337400913239,-0.0010354295372962,1.23769855499268,-0.242999345064163,0.473294317722321,-0.550621688365936,-0.643241584300995
-0.622671067714691,-0.0008462443947792,1.23765528202057,-0.242029085755348,0.473289430141449,-0.550091862678528,-0.644063770771027
-0.62310791015625,-0.0009798631072044,1.23768401145935,-0.241469100117683,0.473715126514435,-0.549124002456665,-0.644786417484283
-0.624115943908691,-0.001404769718647,1.2384340763092,-0.240082189440727,0.476076990365982,-0.547539472579956,-0.644912362098694
-0.624562561511993,-0.0014529749751091,1.23838484287262,-0.239525243639946,0.476407080888748,-0.546700835227966,-0.645586848258972
-0.624904751777649,-0.001544713973999,1.23841118812561,-0.239036068320274,0.476746916770935,-0.545556128025055,-0.646485030651093
-0.625277280807495,-0.0015527456998825,1.23840975761414,-0.238427564501762,0.477184742689133,-0.544707298278809,-0.647102117538452
-0.625714957714081,-0.0015955939888954,1.23841655254364,-0.237811759114265,0.477723985910416,-0.543864548206329,-0.647639393806458
-0.626149296760559,-0.001607097685337,1.23835849761963,-0.237163782119751,0.478142917156219,-0.542895495891571,-0.648380517959595
-0.626573860645294,-0.0017280578613281,1.23840224742889,-0.236953839659691,0.478595674037933,-0.542093575000763,-0.648793935775757
-0.62702488899231,-0.0016934722661972,1.23839688301086,-0.23728920519352,0.478445738554001,-0.542066812515259,-0.648804485797882
-0.627119719982147,-0.0018184259533882,1.23865246772766,-0.237206742167473,0.478763937950134,-0.540582239627838,-0.649837732315063
-0.627584636211395,-0.0018152594566345,1.23827612400055,-0.236503928899765,0.478981554508209,-0.539851725101471,-0.650540292263031
-0.627904295921326,-0.0018199756741523,1.23825144767761,-0.235974475741386,0.479340851306915,-0.538772523403168,-0.651362061500549
-0.628233015537262,-0.0016421973705291,1.23820436000824,-0.23572501540184,0.479209065437317,-0.538176774978638,-0.652041494846344
-0.628538131713867,-0.0016570016741752,1.23819589614868,-0.234174117445946,0.480116248130798,-0.536494493484497,-0.653318166732788
-0.629260003566742,-0.0016927346587181,1.2381546497345,-0.232931822538376,0.481296896934509,-0.535236537456512,-0.653925240039825
-0.629339754581451,-0.0016413480043411,1.23811089992523,-0.232977658510208,0.481139451265335,-0.533929228782654,-0.655092298984528
-0.629689157009125,-0.0018045604228973,1.23841142654419,-0.233391061425209,0.481551915407181,-0.533052861690521,-0.655355751514435
-0.630002796649933,-0.0015891939401626,1.23839354515076,-0.232540652155876,0.481818228960037,-0.532049536705017,-0.656277000904083
-0.630306720733643,-0.0016248002648353,1.23835361003876,-0.231439754366875,0.482423961162567,-0.530473470687866,-0.65749579668045
-0.630306720733643,-0.0016248002648353,1.23835361003876,-0.231439754366875,0.482423961162567,-0.530473470687866,-0.65749579668045
-0.631303727626801,-0.0015648528933525,1.23803865909576,-0.230576872825623,0.482928603887558,-0.529198169708252,-0.658455550670624
-0.631591260433197,-0.0015914663672447,1.23803997039795,-0.230225011706352,0.483116388320923,-0.527994394302368,-0.65940648317337
-0.631861984729767,-0.0015774145722389,1.23803317546844,-0.229717776179314,0.483339369297028,-0.526907920837402,-0.660288572311401
-0.632023930549622,-0.0011187121272087,1.23799586296082,-0.228827089071274,0.483168303966522,-0.525919020175934,-0.661510229110718
-0.632278144359589,-0.0011196732521057,1.23800110816956,-0.228422537446022,0.483407914638519,-0.524634718894958,-0.662494003772736
-0.632551968097687,-0.0010392665863037,1.23792994022369,-0.227707684040069,0.483620911836624,-0.523687660694122,-0.663333535194397
-0.632758557796478,-0.0009418055415153,1.23792231082916,-0.227313831448555,0.483620703220367,-0.522808909416199,-0.664161443710327
-0.632960975170135,-0.0009070560336112,1.23797464370728,-0.226961836218834,0.483757048845291,-0.521616876125336,-0.665119111537933
-0.633258283138275,-0.0011541321873664,1.23801136016846,-0.227002918720245,0.484312832355499,-0.520406484603882,-0.665648460388184
-0.63344806432724,-0.0011003538966178,1.2380588054657,-0.226644903421402,0.484523713588715,-0.519417285919189,-0.666389226913452
-0.633534967899323,-0.0008729249238967,1.23805773258209,-0.225653722882271,0.484629124403,-0.51811683177948,-0.667660176753998
-0.633739054203033,-0.0009165927767753,1.23812162876129,-0.225317373871803,0.485045522451401,-0.517169117927551,-0.668205916881561
-0.633968710899353,-0.0010142624378204,1.23812031745911,-0.225478172302246,0.485081821680069,-0.516695439815521,-0.668491661548615
-0.634136140346527,-0.000967338681221,1.23811995983124,-0.225028961896896,0.485275089740753,-0.515810370445251,-0.669185936450958
-0.634239077568054,-0.0009480640292167,1.2381180524826,-0.22478885948658,0.485496759414673,-0.514393329620361,-0.670195817947388
-0.634316563606262,-0.0008781477808952,1.23811113834381,-0.22453498840332,0.485541701316833,-0.513602077960968,-0.670854985713959
-0.634401798248291,-0.0009006857872009,1.23813164234161,-0.224324643611908,0.485690206289291,-0.512728750705719,-0.671485543251038
-0.63447892665863,-0.0008870363235473,1.23813760280609,-0.224049627780914,0.485752999782562,-0.51206362247467,-0.672039210796356
-0.634551286697388,-0.0008986219763755,1.2381489276886,-0.223821103572845,0.485877275466919,-0.511337697505951,-0.672577917575836
-0.634583830833435,-0.0008529350161552,1.2381534576416,-0.223594665527344,0.485816895961761,-0.510628223419189,-0.673235714435577
-0.634626865386963,-0.000867486000061,1.23817026615143,-0.22336919605732,0.485924124717712,-0.509945452213287,-0.673750460147858
-0.634646117687225,-0.0008267685770988,1.23819375038147,-0.223241090774536,0.485905259847641,-0.509442985057831,-0.674186408519745
-0.634648203849792,-0.0008180364966392,1.23824632167816,-0.223192006349564,0.485920697450638,-0.50890439748764,-0.674598336219788
-0.63464230298996,-0.0007177665829658,1.23823952674866,-0.222944125533104,0.485787600278854,-0.508499085903168,-0.675081551074982
-0.634649395942688,-0.0007065460085868,1.23828530311584,-0.222846642136574,0.485862880945206,-0.507985532283783,-0.675446152687073
-0.634135901927948,-0.0006017833948135,1.23774695396423,-0.223741665482521,0.484454870223999,-0.508030533790588,-0.676127433776855
-0.634096324443817,-0.0004501715302467,1.23778676986694,-0.223663911223412,0.484304010868073,-0.507752001285553,-0.676470339298248
-0.634381055831909,-0.0005870014429092,1.23825919628143,-0.223164513707161,0.485296189785004,-0.506751298904419,-0.676674544811249
-0.634381055831909,-0.0005870014429092,1.23825919628143,-0.223164513707161,0.485296189785004,-0.506751298904419,-0.676674544811249
-0.634470999240875,-0.0003638938069343,1.23855412006378,-0.222392708063126,0.485709518194199,-0.50592976808548,-0.677246570587158
-0.634393215179443,-0.0001941919326782,1.23862171173096,-0.222036406397819,0.485519707202911,-0.505800008773804,-0.677596390247345
-0.634325265884399,-6.90668821334839e-05,1.23870348930359,-0.221857458353043,0.485471487045288,-0.505536675453186,-0.677885949611664
-0.634327173233032,-0.0001173093914985,1.23879718780518,-0.221810325980186,0.485775321722031,-0.504942357540131,-0.678126752376556
-0.634153723716736,0.0002897530794143,1.23889172077179,-0.221427962183952,0.485373258590698,-0.504933416843414,-0.678546011447906
-0.633652448654175,0.0004951283335685,1.23841547966003,-0.222034722566605,0.484003484249115,-0.505220711231232,-0.679112195968628
-0.633952617645264,0.0007212683558464,1.23917031288147,-0.22036974132061,0.485329478979111,-0.504259705543518,-0.67942225933075
-0.633975088596344,0.0006378591060638,1.23935043811798,-0.220945626497269,0.485312819480896,-0.504344284534454,-0.679184436798096
-0.633890450000763,0.0007854029536247,1.23952770233154,-0.22071236371994,0.485247015953064,-0.504183113574982,-0.679426968097687
-0.633832633495331,0.0009307265281677,1.23966860771179,-0.220537394285202,0.485141664743423,-0.504158198833466,-0.679577350616455
-0.633288741111755,0.0011923387646675,1.2391654253006,-0.221215173602104,0.483534067869186,-0.504655063152313,-0.680133819580078
-0.633521378040314,0.0013108253479003,1.23989689350128,-0.220835417509079,0.484266191720963,-0.504534423351288,-0.679825842380524
-0.633192777633667,0.0013716667890548,1.23949575424194,-0.221628800034523,0.483115494251251,-0.505024552345276,-0.680022299289703
-0.633094847202301,0.0016373842954635,1.23958158493042,-0.221161499619484,0.482862621545792,-0.505049049854279,-0.680335819721222
-0.633405148983002,0.0014547184109687,1.24069476127625,-0.220930457115173,0.484258830547333,-0.504470348358154,-0.679847776889801
-0.633364200592041,0.0016647428274154,1.24082481861115,-0.220765858888626,0.484040081501007,-0.504689037799835,-0.679894626140594
-0.633640646934509,0.0016818195581436,1.24067199230194,-0.220015078783035,0.484323561191559,-0.504800915718079,-0.679853022098541
-0.633577346801758,0.0018492937088012,1.24080967903137,-0.219970032572746,0.484048753976822,-0.505077719688416,-0.679857730865479
-0.633461833000183,0.0021009370684623,1.24088525772095,-0.218847781419754,0.484099119901657,-0.504776775836945,-0.680407345294952
-0.633523106575012,0.0021731704473495,1.24103784561157,-0.219133153557777,0.483861714601517,-0.505317628383636,-0.68008279800415
-0.63338840007782,0.0024544447660446,1.2411003112793,-0.217918172478676,0.483905375003815,-0.505034625530243,-0.680652141571045
-0.633350551128387,0.0026351362466812,1.24119102954865,-0.217652067542076,0.483654946088791,-0.505318522453308,-0.680704712867737
-0.633445739746094,0.0026624426245689,1.24131524562836,-0.21847876906395,0.483283132314682,-0.506216466426849,-0.68003636598587
-0.633313357830048,0.0029872059822082,1.24134874343872,-0.217197149991989,0.48332291841507,-0.506071805953979,-0.6805260181427
-0.633277773857117,0.0031838566064834,1.24142146110535,-0.216953739523888,0.483054101467133,-0.506324172019958,-0.680606842041016
-0.633141279220581,0.0036713629961013,1.24146354198456,-0.216414287686348,0.482475519180298,-0.506753325462341,-0.680869698524475
-0.633240520954132,0.0037418082356452,1.24157464504242,-0.216968715190887,0.482010513544083,-0.50752592086792,-0.680446863174438
-0.633344054222107,0.0035655945539474,1.24167621135712,-0.217018753290176,0.482262223958969,-0.507508516311646,-0.680265486240387
-0.633329272270203,0.003741517663002,1.24174749851227,-0.216766655445099,0.482120186090469,-0.5077183842659,-0.68028998374939
-0.633314251899719,0.0039190202951431,1.24180626869202,-0.216520562767982,0.48190838098526,-0.50783497095108,-0.680431425571442
-0.633314609527588,0.0040876641869544,1.24185979366302,-0.216596901416779,0.481678247451782,-0.508366525173187,-0.68017303943634
-0.633291363716125,0.0042560622096061,1.24193596839905,-0.216435700654983,0.481588244438171,-0.508584201335907,-0.68012535572052
-0.633262038230896,0.0044217407703399,1.24198937416077,-0.216283336281776,0.481448769569397,-0.508825838565826,-0.680091917514801
-0.632943272590637,0.0047194510698318,1.24240410327911,-0.216719299554825,0.480948060750961,-0.509130656719208,-0.680079162120819
-0.63291996717453,0.0049254149198532,1.24242925643921,-0.216602846980095,0.480864107608795,-0.50944584608078,-0.679939687252045
-0.632896602153778,0.0049781799316406,1.2425137758255,-0.216783791780472,0.48084020614624,-0.509702324867249,-0.679706692695618
-0.632794380187988,0.0052491649985313,1.2425000667572,-0.216429650783539,0.480603903532028,-0.510010778903961,-0.67975527048111
-0.632689654827118,0.0054229423403739,1.24253845214844,-0.21614570915699,0.480790257453918,-0.510047435760498,-0.679686307907104
-0.632660806179047,0.0055297911167144,1.24225735664368,-0.216012045741081,0.480638861656189,-0.51039046049118,-0.679578244686127
-0.63254976272583,0.0056981295347213,1.24257791042328,-0.216122150421142,0.480792492628097,-0.510569334030151,-0.679300248622894
-0.63254976272583,0.0056981295347213,1.24257791042328,-0.216122150421142,0.480792492628097,-0.510569334030151,-0.679300248622894
-0.632218360900879,0.0058102086186409,1.24197292327881,-0.216334775090218,0.480117917060852,-0.511432528495789,-0.679060280323029
-0.632236838340759,0.0060054063796997,1.24262964725494,-0.216080904006958,0.480803817510605,-0.511333346366882,-0.678730487823486
-0.632117807865143,0.0061041787266731,1.24261963367462,-0.216143265366554,0.480844289064407,-0.511454343795776,-0.678590834140778
-0.63222324848175,0.0061164870858192,1.24222886562347,-0.215788200497627,0.481024622917175,-0.511662006378174,-0.678419470787048
-0.632097125053406,0.0062527135014534,1.24217176437378,-0.216291218996048,0.480715125799179,-0.512179732322693,-0.678087711334229
-0.631879925727844,0.0063506737351417,1.24215376377106,-0.216125175356865,0.480751007795334,-0.512036502361298,-0.678223490715027
-0.631708025932312,0.0064368993043899,1.24211609363556,-0.2163837403059,0.480656445026398,-0.512205243110657,-0.6780806183815
-0.631302177906036,0.0070185214281082,1.2420312166214,-0.215703174471855,0.480116367340088,-0.512327671051025,-0.678587377071381
-0.631135404109955,0.00689297914505,1.24203836917877,-0.21667118370533,0.479924440383911,-0.512672901153564,-0.678153932094574
-0.630880773067474,0.0069721415638923,1.2420117855072,-0.216895937919617,0.479760229587555,-0.512781977653503,-0.678115785121918
-0.630711555480957,0.0067948848009109,1.24202263355255,-0.2174271941185,0.479899704456329,-0.51291286945343,-0.677747786045074
-0.630489110946655,0.0068455934524536,1.2420266866684,-0.217744767665863,0.479853361845016,-0.513029754161835,-0.677590191364288
-0.630220711231232,0.0068919137120246,1.24203062057495,-0.21810932457447,0.47964146733284,-0.513142585754395,-0.677537500858307
-0.629970073699951,0.0069338232278823,1.24200832843781,-0.218455001711845,0.479462146759033,-0.513307690620422,-0.677428185939789
-0.629611611366272,0.0072274580597877,1.24198400974274,-0.218592777848244,0.478940159082413,-0.513611853122711,-0.677522301673889
-0.628810822963715,0.0073465928435325,1.24137556552887,-0.219885230064392,0.477179557085037,-0.514285445213318,-0.677835404872894
-0.628508687019348,0.0073229894042015,1.24139404296875,-0.220305770635605,0.477055221796036,-0.514365434646606,-0.677725613117218
-0.628291964530945,0.0070400238037109,1.24149656295776,-0.221178516745567,0.477192848920822,-0.514418363571167,-0.677304089069366
-0.627985894680023,0.0070815905928611,1.24151337146759,-0.221445068717003,0.477012246847153,-0.514590919017792,-0.677213191986084
-0.627624571323395,0.0070986002683639,1.24152457714081,-0.22202031314373,0.476753354072571,-0.514991343021393,-0.676902651786804
-0.627216935157776,0.0072401985526084,1.24154901504517,-0.222525462508202,0.476229190826416,-0.515388607978821,-0.676803350448608
-0.626738011837006,0.0074592232704162,1.24160087108612,-0.222662195563316,0.475795328617096,-0.515597939491272,-0.676904201507568
-0.626462996006012,0.0073290690779685,1.24162328243256,-0.223532781004906,0.475579768419266,-0.516036212444305,-0.676434576511383
-0.626088201999664,0.0074540674686431,1.24162781238556,-0.223826929926872,0.475129425525665,-0.516521811485291,-0.676283001899719
-0.625677704811096,0.0076779797673225,1.24163830280304,-0.224098742008209,0.474649369716644,-0.51731413602829,-0.675924479961395
-0.625277817249298,0.0076193660497665,1.24169421195984,-0.224703758955002,0.474346697330475,-0.517811596393585,-0.675555109977722
-0.624964654445648,0.0073596388101577,1.24171447753906,-0.225217893719673,0.474404245615005,-0.5181023478508,-0.67512035369873
-0.62506628036499,0.0073225572705268,1.24234616756439,-0.224934160709381,0.475508570671081,-0.51831316947937,-0.674275755882263
-0.62506628036499,0.0073225572705268,1.24234616756439,-0.224934160709381,0.475508570671081,-0.51831316947937,-0.674275755882263
-0.624228060245514,0.0073566436767578,1.2424122095108,-0.226048782467842,0.474896550178528,-0.519584596157074,-0.673355221748352
-0.62374609708786,0.007631316781044,1.24236929416656,-0.22699861228466,0.47391140460968,-0.520862758159637,-0.672741889953613
-0.623411118984222,0.007436066865921,1.24266695976257,-0.227101594209671,0.474343210458755,-0.520897448062897,-0.672375857830048
-0.623199880123138,0.0075788050889968,1.24263882637024,-0.229755789041519,0.472754925489426,-0.523773312568665,-0.670355618000031
-0.623199880123138,0.0075788050889968,1.24263882637024,-0.229755789041519,0.472754925489426,-0.523773312568665,-0.670355618000031
-0.621699333190918,0.0075951889157295,1.2427773475647,-0.229740664362907,0.472169697284698,-0.523775041103363,-0.670771777629852
-0.621535778045654,0.0075713619589805,1.24243021011353,-0.2300164103508,0.471785426139831,-0.525060415267944,-0.669942319393158
-0.621115744113922,0.0075438767671585,1.24249744415283,-0.231032118201256,0.472060143947601,-0.525703251361847,-0.668894469738007
-0.62062394618988,0.0075807198882102,1.24254381656647,-0.231562182307243,0.471489757299423,-0.526439547538757,-0.668534159660339
-0.619889199733734,0.0076360255479812,1.24255478382111,-0.232631474733353,0.47038471698761,-0.527678668498993,-0.667964160442352
-0.619386255741119,0.0077729523181915,1.24261879920959,-0.232754558324814,0.469016551971435,-0.528974831104279,-0.667858183383942
-0.618816494941711,0.0078137889504432,1.24303555488586,-0.233529984951019,0.468559473752975,-0.529795825481415,-0.667257368564606
-0.618656277656555,0.0075817182660102,1.24281394481659,-0.233969271183014,0.468364089727402,-0.531006813049316,-0.666277170181274
-0.618196606636047,0.0075648650527,1.24288594722748,-0.234467044472694,0.46790423989296,-0.53175163269043,-0.665831089019775
-0.618196606636047,0.0075648650527,1.24288594722748,-0.234467044472694,0.46790423989296,-0.53175163269043,-0.665831089019775
-0.616897404193878,0.0076634213328361,1.24338221549988,-0.236154198646545,0.466403156518936,-0.533535242080688,-0.664860427379608
-0.616701722145081,0.0076247751712799,1.24340784549713,-0.236103847622871,0.466380029916763,-0.534361481666565,-0.664230704307556
-0.616192221641541,0.0076557844877243,1.24348604679108,-0.236239418387413,0.465607285499573,-0.535567820072174,-0.663752973079681
-0.615594089031219,0.0077257677912712,1.24364340305328,-0.237064942717552,0.464793801307678,-0.536841869354248,-0.662999093532562
-0.614815771579742,0.0075794160366058,1.24386155605316,-0.239360824227333,0.463486462831497,-0.538179159164429,-0.662004470825195
-0.614529371261597,0.0078107193112373,1.24351704120636,-0.238483592867851,0.46324223279953,-0.538840532302856,-0.661953985691071
-0.613939642906189,0.0076893717050552,1.24366521835327,-0.239543721079826,0.463026165962219,-0.539311707019806,-0.661338448524475
-0.613342344760895,0.0077308863401412,1.24375236034393,-0.240500241518021,0.462533086538315,-0.540357768535614,-0.660481929779053
-0.612863540649414,0.007862202823162,1.24380505084991,-0.241006940603256,0.461836606264114,-0.541569948196411,-0.659791350364685
-0.612297594547272,0.0078185573220252,1.24392640590668,-0.242017582058906,0.461275070905685,-0.542710185050964,-0.658876776695251
-0.611514508724213,0.0077521577477455,1.24387550354004,-0.24403227865696,0.461133301258087,-0.543586671352386,-0.657508969306946
-0.610971748828888,0.0079160034656524,1.24387693405151,-0.244791805744171,0.460295855998993,-0.545141398906708,-0.656525492668152
-0.610506892204285,0.0080523490905761,1.24416494369507,-0.245205298066139,0.460011333227158,-0.546042919158936,-0.655821084976196
-0.609864056110382,0.0080272704362869,1.24426233768463,-0.246215283870697,0.45933985710144,-0.547298967838287,-0.654865562915802
-0.609864056110382,0.0080272704362869,1.24426233768463,-0.246215283870697,0.45933985710144,-0.547298967838287,-0.654865562915802
-0.608531713485718,0.0082933530211448,1.24447226524353,-0.247839331626892,0.457662731409073,-0.54988831281662,-0.653255939483643
-0.607942879199982,0.0083652660250663,1.24454009532928,-0.248765751719475,0.457188457250595,-0.551117122173309,-0.652199625968933
-0.607353270053864,0.0083972811698913,1.24465239048004,-0.249788641929626,0.456739217042923,-0.552208423614502,-0.651199519634247
-0.606696486473083,0.0088093280792236,1.24468600749969,-0.250727593898773,0.455462783575058,-0.55425089597702,-0.649996399879456
-0.606111347675323,0.0088102743029594,1.24477064609528,-0.251395642757416,0.455085724592209,-0.555219411849976,-0.649175226688385
-0.604850053787231,0.0092293620109558,1.24419379234314,-0.253224164247513,0.452420473098755,-0.557312488555908,-0.648533821105957
-0.604850053787231,0.0092293620109558,1.24419379234314,-0.253224164247513,0.452420473098755,-0.557312488555908,-0.648533821105957
-0.604030668735504,0.0092227160930633,1.24532902240753,-0.2545006275177,0.453051805496216,-0.559152901172638,-0.646004319190979
-0.603357672691345,0.0093704685568809,1.24541640281677,-0.255587548017502,0.452215403318405,-0.560590088367462,-0.64491480588913
-0.603357672691345,0.0093704685568809,1.24541640281677,-0.255587548017502,0.452215403318405,-0.560590088367462,-0.64491480588913
-0.601360321044922,0.0097377970814704,1.24585175514221,-0.259026110172272,0.449851125478745,-0.563243746757507,-0.642880976200104
-0.600659370422363,0.0098964869976043,1.24496901035309,-0.259917974472046,0.447993040084839,-0.565337419509888,-0.641980111598969
-0.600848317146301,0.0100960209965705,1.24544620513916,-0.258636385202408,0.449342429637909,-0.566058695316315,-0.64091831445694
-0.599410176277161,0.0102125331759452,1.24599349498749,-0.261998206377029,0.448615819215774,-0.567121982574463,-0.639119267463684
-0.598861932754517,0.0104605108499526,1.24601197242737,-0.261157006025314,0.445385873317719,-0.569319188594818,-0.639768958091736
-0.598250806331635,0.0106433108448982,1.24614238739014,-0.261898159980774,0.444532662630081,-0.570857524871826,-0.638687551021576
-0.59760594367981,0.0109135508537292,1.24626863002777,-0.263614803552628,0.445435911417007,-0.571318686008453,-0.636937320232391
-0.596984624862671,0.0111011415719985,1.24634635448456,-0.263776004314423,0.443557947874069,-0.573127865791321,-0.636555790901184
-0.596984624862671,0.0111011415719985,1.24634635448456,-0.263776004314423,0.443557947874069,-0.573127865791321,-0.636555790901184
-0.59595400094986,0.0117276236414909,1.24646890163422,-0.265323877334595,0.441863417625427,-0.576123714447021,-0.634382843971252
-0.59595400094986,0.0117276236414909,1.24646890163422,-0.265323877334595,0.441863417625427,-0.576123714447021,-0.634382843971252
-0.594936907291412,0.0122479349374771,1.24664855003357,-0.266527265310287,0.440294474363327,-0.578934788703918,-0.632407128810883
-0.594423174858093,0.01260806620121,1.24677896499634,-0.267181038856506,0.43963748216629,-0.580218553543091,-0.631411015987396
-0.593870639801025,0.01276396214962,1.24685430526733,-0.269019961357117,0.440024107694626,-0.580735623836517,-0.629883706569672
-0.593491435050964,0.012936919927597,1.24689245223999,-0.269361108541489,0.439707040786743,-0.581847250461578,-0.628932535648346
-0.593047082424164,0.0131987333297729,1.24696743488312,-0.269779294729233,0.439081728458404,-0.583027005195618,-0.628097116947174
-0.592674732208252,0.013362742960453,1.2470520734787,-0.26956108212471,0.437472999095917,-0.584639132022858,-0.627814769744873
-0.592171370983124,0.0136670917272567,1.24703633785248,-0.270219296216965,0.436634719371796,-0.585936963558197,-0.626904904842377
-0.59180098772049,0.0137372314929962,1.24715828895569,-0.270110577344894,0.436635255813599,-0.586562514305115,-0.626365959644318
-0.591496825218201,0.0140490308403968,1.2472220659256,-0.27176570892334,0.438370823860168,-0.587263405323029,-0.623775720596313
-0.590981364250183,0.0142203643918037,1.2472722530365,-0.271521359682083,0.435379326343536,-0.58884984254837,-0.624481379985809
-0.590656518936157,0.0144204348325729,1.24735164642334,-0.273127913475037,0.437157452106476,-0.589130580425262,-0.622269928455353
-0.590438842773438,0.014507733285427,1.24738991260529,-0.273898482322693,0.436924248933792,-0.59026563167572,-0.621018052101135
-0.590163350105286,0.0148982778191566,1.2473931312561,-0.272225260734558,0.4342300593853,-0.591851890087128,-0.622132837772369
-0.590163350105286,0.0148982778191566,1.2473931312561,-0.272225260734558,0.4342300593853,-0.591851890087128,-0.622132837772369
-0.589753568172455,0.0153009667992591,1.24741864204407,-0.27292001247406,0.434048056602478,-0.593829095363617,-0.620067834854126
-0.589753568172455,0.0153009667992591,1.24741864204407,-0.27292001247406,0.434048056602478,-0.593829095363617,-0.620067834854126
-0.589180946350098,0.0156122595071792,1.24746906757355,-0.274768352508545,0.434948474168777,-0.595567762851715,-0.616945207118988
-0.589017808437347,0.0158478245139122,1.2474319934845,-0.274902641773224,0.434718668460846,-0.596487641334534,-0.616158246994019
-0.588871657848358,0.0160726457834243,1.24748253822327,-0.274900376796722,0.434419512748718,-0.597299098968506,-0.615583777427673
-0.588763773441315,0.0163360983133316,1.24743139743805,-0.27508071064949,0.434269994497299,-0.598118722438812,-0.614812433719635
-0.588652849197388,0.0165007039904594,1.24741911888123,-0.27528715133667,0.434158712625503,-0.598728835582733,-0.614204525947571
-0.588557362556458,0.0168893858790397,1.24732995033264,-0.275340706110001,0.433731764554977,-0.599547505378723,-0.613683342933655
-0.588465511798859,0.0171178579330444,1.24734258651733,-0.275695294141769,0.433448255062103,-0.600349009037018,-0.612940490245819
-0.588427245616913,0.0171732828021049,1.24733746051788,-0.275695115327835,0.433620750904083,-0.600636661052704,-0.612536370754242
-0.588400840759277,0.0173490867018699,1.24732458591461,-0.275678724050522,0.43364292383194,-0.601069867610931,-0.612103164196014
-0.588391065597534,0.0176020041108131,1.2473509311676,-0.275582134723663,0.433546781539917,-0.601538002490997,-0.611754596233368
-0.588387370109558,0.0176905915141105,1.24736893177032,-0.275653094053268,0.433687895536423,-0.601755976676941,-0.611408293247223
-0.588409304618835,0.0179220512509346,1.24731743335724,-0.275576233863831,0.433692544698715,-0.602074503898621,-0.611125946044922
-0.588432013988495,0.017905943095684,1.24732851982117,-0.275754511356354,0.433926105499268,-0.602154433727264,-0.610800981521606
-0.588432013988495,0.017905943095684,1.24732851982117,-0.275754511356354,0.433926105499268,-0.602154433727264,-0.610800981521606
-0.588496565818787,0.0184868574142456,1.24726915359497,-0.275658905506134,0.433609038591385,-0.602648079395294,-0.61058235168457
-0.588553607463837,0.0183911919593811,1.24730479717255,-0.275763601064682,0.434017688035965,-0.602419793605804,-0.610469996929169
-0.58867484331131,0.0185742303729057,1.24724769592285,-0.275568187236786,0.434121459722519,-0.602443277835846,-0.610461413860321
-0.58867484331131,0.0185742303729057,1.24724769592285,-0.275568187236786,0.434121459722519,-0.602443277835846,-0.610461413860321
-0.588738441467285,0.0189363211393356,1.24643552303314,-0.275498479604721,0.433396965265274,-0.602762162685394,-0.610692799091339
-0.588817596435547,0.019278310239315,1.24639177322388,-0.275311172008514,0.43319433927536,-0.602826774120331,-0.61085718870163
-0.588916778564453,0.0194341018795967,1.24636995792389,-0.27520877122879,0.433228760957718,-0.602717936038971,-0.610986173152924
-0.589055836200714,0.0197143703699111,1.24631035327911,-0.274745255708694,0.433338761329651,-0.602568745613098,-0.611263871192932
-0.589161515235901,0.0198207199573516,1.24630260467529,-0.274544030427933,0.433431446552277,-0.60237056016922,-0.611483871936798
-0.589275121688843,0.0199686810374259,1.24626553058624,-0.2745001912117,0.433462142944336,-0.602203130722046,-0.611646711826324
-0.589404881000519,0.0200609788298606,1.24627733230591,-0.274497240781784,0.433605998754501,-0.601877212524414,-0.61186695098877
-0.589547514915466,0.0201956182718276,1.24625051021576,-0.2744380235672,0.433771967887878,-0.601621329784393,-0.61202734708786
-0.589721143245697,0.0201857388019561,1.24627530574799,-0.274477660655975,0.434262573719025,-0.601163148880005,-0.612111806869507
-0.589894652366638,0.0205005183815956,1.24622082710266,-0.274436146020889,0.434176474809647,-0.601022601127625,-0.612329602241516
-0.590242505073547,0.0205877721309661,1.24707973003387,-0.274505466222763,0.435851693153381,-0.599423050880432,-0.612676203250885
-0.590389251708984,0.0208781734108924,1.24704039096832,-0.274038583040237,0.435525745153427,-0.599853515625,-0.612695574760437
-0.590622246265411,0.0210507288575172,1.24696362018585,-0.273814529180527,0.435721307992935,-0.599563360214233,-0.612940728664398
-0.590884864330292,0.0212256759405136,1.24685060977936,-0.273483991622925,0.435918748378754,-0.599180698394775,-0.613322198390961
-0.59099280834198,0.0213855504989624,1.24600410461426,-0.273430079221725,0.435143917798996,-0.59930682182312,-0.613772869110107
-0.591184318065643,0.021562673151493,1.24593782424927,-0.273193627595901,0.435241460800171,-0.598857820034027,-0.61424720287323
-0.591367363929749,0.0217574462294578,1.24594390392303,-0.273035585880279,0.435363739728928,-0.598311424255371,-0.614762961864471
-0.591578602790833,0.021912083029747,1.24593305587769,-0.272683650255203,0.435532331466675,-0.597569763660431,-0.615520775318146
-0.591836273670197,0.0220789238810539,1.24598693847656,-0.27263218164444,0.4361512362957,-0.596219420433044,-0.61641401052475
-0.592222809791565,0.0222963094711303,1.24597191810608,-0.272082656621933,0.436471313238144,-0.595748543739319,-0.616885542869568
-0.592503786087036,0.0225220546126365,1.24600660800934,-0.271711409091949,0.436572462320328,-0.595267117023468,-0.61744213104248
-0.592767059803009,0.0227852463722229,1.24603688716888,-0.271415024995804,0.43687441945076,-0.594168424606323,-0.618416249752045
-0.593104839324951,0.0232048258185386,1.24608564376831,-0.271440297365189,0.436380326747894,-0.594272077083588,-0.618654251098633
-0.593496441841125,0.0234568566083908,1.24699926376343,-0.270847350358963,0.437328547239304,-0.593327522277832,-0.61915111541748
-0.59377384185791,0.0238148272037506,1.24609851837158,-0.269064098596573,0.434651404619217,-0.59293919801712,-0.622178316116333
-0.594151794910431,0.0241066142916679,1.24614191055298,-0.269366890192032,0.436925977468491,-0.592242240905762,-0.621116995811462
-0.594462692737579,0.0242612734436988,1.24617767333984,-0.267401516437531,0.435019493103027,-0.591823816299438,-0.623697996139526
-0.594462692737579,0.0242612734436988,1.24617767333984,-0.267401516437531,0.435019493103027,-0.591823816299438,-0.623697996139526
-0.59513658285141,0.0250085219740867,1.24628210067749,-0.265999168157578,0.435269773006439,-0.59041440486908,-0.6254563331604
-0.595494270324707,0.0253557041287422,1.24638414382935,-0.265162616968155,0.435369253158569,-0.589179873466492,-0.626904845237732
-0.595904886722565,0.0257094353437423,1.24706494808197,-0.264352768659592,0.43616908788681,-0.587875127792358,-0.627914905548096
-0.596394717693329,0.0260607674717903,1.24739122390747,-0.263457655906677,0.436634242534637,-0.587000072002411,-0.628785848617554
-0.596884608268738,0.0266982838511466,1.24732220172882,-0.262507647275925,0.436346471309662,-0.586497664451599,-0.629850924015045
-0.597320854663849,0.0273015424609184,1.24738013744354,-0.261370658874512,0.436608880758286,-0.586147725582123,-0.630467176437378
-0.597699642181396,0.027699552476406,1.24744129180908,-0.260482639074326,0.436483323574066,-0.584761500358582,-0.632206499576569
-0.59818160533905,0.0281043797731399,1.24751126766205,-0.259391367435455,0.436936646699905,-0.583606421947479,-0.633408486843109
-0.59818160533905,0.0281043797731399,1.24751126766205,-0.259391367435455,0.436936646699905,-0.583606421947479,-0.633408486843109
-0.599084436893463,0.0288844406604766,1.24767732620239,-0.25742557644844,0.437439501285553,-0.581616580486298,-0.635689496994019
-0.599503397941589,0.0294708311557769,1.2477662563324,-0.256779611110687,0.438596606254578,-0.580057799816132,-0.636577129364014
-0.600715577602386,0.0300031527876853,1.24735808372498,-0.252666980028152,0.438679426908493,-0.579359889030457,-0.638797402381897
-0.601177573204041,0.0304697006940841,1.24747228622437,-0.251429617404938,0.438995838165283,-0.578348815441132,-0.639983415603638
-0.601290285587311,0.0311719104647636,1.24799370765686,-0.251668274402618,0.439947962760925,-0.576618492603302,-0.640796422958374
-0.602252304553986,0.0318136513233184,1.24763178825378,-0.249501794576645,0.440543979406357,-0.575860202312469,-0.641915082931519
-0.602289795875549,0.0326028019189834,1.24815034866333,-0.248056814074516,0.438953578472137,-0.575033783912659,-0.644301056861877
-0.602784991264343,0.033343605697155,1.24831521511078,-0.246920302510262,0.438639879226685,-0.574444115161896,-0.645476162433624
-0.603651821613312,0.0336940810084342,1.2481654882431,-0.244345143437386,0.439681679010391,-0.572764337062836,-0.647237777709961
-0.603738367557526,0.0344878733158111,1.24862933158875,-0.244703069329262,0.440365463495255,-0.571007132530212,-0.6481893658638
-0.604631721973419,0.0350344851613044,1.24852216243744,-0.242920815944672,0.440572649240494,-0.570176482200623,-0.649449110031128
-0.604937791824341,0.03545393794775,1.24855828285217,-0.241820216178894,0.440559923648834,-0.5687016248703,-0.651159405708313
-0.604978859424591,0.0361947193741798,1.24839508533478,-0.24033559858799,0.438525885343552,-0.567317008972168,-0.654282331466675
-0.605956077575684,0.0366791188716888,1.24920570850372,-0.237579762935638,0.439920842647552,-0.566053032875061,-0.655446112155914
-0.606482267379761,0.0373061299324035,1.24941265583038,-0.235905200242996,0.440431922674179,-0.564418315887451,-0.65711522102356
-0.606806814670563,0.0382149890065193,1.24958038330078,-0.235991716384888,0.442489743232727,-0.562424063682556,-0.657411575317383
-0.607289493083954,0.0385277569293975,1.25000751018524,-0.233987867832184,0.442100256681442,-0.560551106929779,-0.659984409809113
-0.607682824134827,0.0391317158937454,1.25028479099274,-0.232292801141739,0.442341446876526,-0.558896243572235,-0.66182267665863
-0.607847690582275,0.0399034917354583,1.25075244903564,-0.23128779232502,0.441986262798309,-0.557271361351013,-0.663779139518738
-0.60815817117691,0.0405759066343307,1.25100684165955,-0.230701088905334,0.442971348762512,-0.555538952350616,-0.664778113365173
-0.608471393585205,0.0411703363060951,1.25133311748505,-0.228999048471451,0.441954642534256,-0.554132521152496,-0.667212605476379
-0.608873784542084,0.041757121682167,1.2515162229538,-0.22782589495182,0.441811591386795,-0.552690327167511,-0.668903172016144
-0.61128044128418,0.0425550416111946,1.25090575218201,-0.220725178718567,0.444075465202331,-0.55144327878952,-0.670811295509338
-0.61149674654007,0.0431910008192062,1.25114774703979,-0.219728514552116,0.445159763097763,-0.5494145154953,-0.6720831990242
-0.609776973724365,0.043602779507637,1.25213694572449,-0.223919987678528,0.44190040230751,-0.547931015491486,-0.674058973789215
-0.610148727893829,0.0440931916236877,1.2523729801178,-0.222791627049446,0.441920191049576,-0.546437323093414,-0.675630688667297
-0.610823750495911,0.0445670187473297,1.25241804122925,-0.220298320055008,0.441778272390366,-0.544994652271271,-0.677703082561493
-0.611008584499359,0.0452148094773292,1.25257802009583,-0.219830870628357,0.442644506692886,-0.543333411216736,-0.678623020648956
-0.611270010471344,0.0456273853778839,1.25272130966187,-0.219113484025001,0.442602902650833,-0.541931390762329,-0.680001854896545
-0.611479461193085,0.0461904108524322,1.25285732746124,-0.218146547675133,0.442505061626434,-0.540608763694763,-0.681427538394928
-0.611414194107056,0.0467202961444854,1.25312399864197,-0.217434510588646,0.440923810005188,-0.539493978023529,-0.683560431003571
-0.611657440662384,0.0472368374466896,1.25326788425446,-0.216534301638603,0.44094768166542,-0.538185179233551,-0.684861242771149
-0.612285852432251,0.0476775765419006,1.25318849086761,-0.215388894081116,0.442617774009705,-0.536876261234283,-0.685172319412231
-0.612285852432251,0.0476775765419006,1.25318849086761,-0.215388894081116,0.442617774009705,-0.536876261234283,-0.685172319412231
-0.612274885177612,0.0487500056624412,1.25346279144287,-0.21460522711277,0.441640853881836,-0.534593164920807,-0.687828600406647
-0.614342629909515,0.0495310500264167,1.25279057025909,-0.208765298128128,0.444343119859695,-0.533703029155731,-0.688576519489288
-0.612581551074982,0.0496640354394912,1.25368547439575,-0.213275626301765,0.440268605947495,-0.532928705215454,-0.690408706665039
-0.612744510173798,0.0500169172883033,1.25380218029022,-0.212646543979645,0.440333724021912,-0.531848967075348,-0.69139301776886
-0.612938225269318,0.0503892973065376,1.25390493869781,-0.211989790201187,0.440459251403809,-0.530822694301605,-0.692302823066711
-0.613261997699738,0.0506764724850654,1.25386869907379,-0.2115837931633,0.442094266414642,-0.529171943664551,-0.692648530006409
-0.613361835479736,0.0509553402662277,1.25394773483276,-0.210948571562767,0.442220091819763,-0.528075218200684,-0.693598330020905
-0.6135094165802,0.051155649125576,1.25401818752289,-0.210510954260826,0.442352771759033,-0.527042150497437,-0.694432020187378
-0.613591074943542,0.051409438252449,1.25412678718567,-0.210053741931915,0.442495077848434,-0.525991201400757,-0.695276260375977
-0.613712072372437,0.0515374243259429,1.2542040348053,-0.209548741579056,0.442800045013428,-0.524644553661346,-0.696251153945923
-0.614071369171143,0.0517672076821327,1.25406575202942,-0.207784026861191,0.442191988229752,-0.524003505706787,-0.6976478099823
-0.614137470722198,0.0520140752196311,1.25411260128021,-0.207266211509705,0.442207753658295,-0.52300238609314,-0.698542475700378
-0.614242434501648,0.052256666123867,1.2541366815567,-0.206674158573151,0.442302584648132,-0.522151112556458,-0.69929438829422
-0.614273011684418,0.0523758083581924,1.25402367115021,-0.20647506415844,0.44215402007103,-0.521282136440277,-0.700094938278198
-0.614359080791473,0.0525282546877861,1.25401520729065,-0.205977022647858,0.44231379032135,-0.520444869995117,-0.700763344764709
-0.614444255828857,0.05264912545681,1.25400233268738,-0.205543711781502,0.442530691623688,-0.519643902778625,-0.701347768306732
-0.614507377147675,0.0527312234044075,1.25399649143219,-0.205193936824799,0.442708492279053,-0.518827855587006,-0.701941847801208
-0.61455100774765,0.0528055131435394,1.25396716594696,-0.204941719770431,0.442846536636352,-0.518092632293701,-0.702471256256104
-0.614654302597046,0.0528828278183937,1.25391662120819,-0.204520985484123,0.443092674016953,-0.517146229743958,-0.70313572883606
-0.614685118198395,0.0529143363237381,1.25390875339508,-0.204328969120979,0.443225830793381,-0.516404569149017,-0.703652620315552
-0.61468493938446,0.0529446974396705,1.25389361381531,-0.204191863536835,0.443306595087051,-0.515831232070923,-0.704061925411224
-0.614811539649963,0.0528747960925102,1.25385010242462,-0.203868493437767,0.4435795545578,-0.515315890312195,-0.704360961914062
-0.614816188812256,0.0529079958796501,1.25382792949677,-0.203654140233994,0.443631738424301,-0.514934957027435,-0.704668641090393
-0.614805221557617,0.0529828071594238,1.2537853717804,-0.203600853681564,0.443453729152679,-0.514805436134338,-0.704890608787537
-0.614806890487671,0.0529663041234016,1.25376129150391,-0.203459665179253,0.443566501140594,-0.514544248580933,-0.705051243305206
-0.614808738231659,0.0529222935438156,1.25373709201813,-0.203311905264854,0.443703472614288,-0.514305830001831,-0.705181658267975
-0.614810764789581,0.0528494492173194,1.25371694564819,-0.203103810548782,0.443866968154907,-0.514071404933929,-0.705309689044952
-0.614805042743683,0.052756056189537,1.25368177890778,-0.203000262379646,0.444057315587997,-0.513870060443878,-0.705366313457489
-0.61482036113739,0.0526562258601188,1.25365197658539,-0.202818855643272,0.444315701723099,-0.513681709766388,-0.705393016338348
-0.614819645881653,0.052498273551464,1.253582239151,-0.202660426497459,0.444557070732117,-0.513485550880432,-0.705429196357727
-0.614819645881653,0.052360713481903,1.25345313549042,-0.202526941895485,0.444731086492538,-0.513414144515991,-0.70540988445282
-0.614845633506775,0.052208162844181,1.25334644317627,-0.202678218483925,0.44480374455452,-0.513523399829865,-0.705241084098816
-0.614899218082428,0.0518803223967552,1.25327968597412,-0.202810555696487,0.445220053195953,-0.513370871543884,-0.705051302909851
-0.614752769470215,0.0519289150834083,1.2530871629715,-0.202203273773193,0.445243209600449,-0.513214945793152,-0.705324649810791
-0.614753127098083,0.0515371710062027,1.25299119949341,-0.202215269207954,0.445774853229523,-0.512848675251007,-0.705251693725586
-0.614694178104401,0.0512752309441566,1.25284910202026,-0.202447652816772,0.445956468582153,-0.512839734554291,-0.70507675409317
-0.61443418264389,0.0508901253342628,1.25251650810242,-0.203380659222603,0.445813894271851,-0.512909412384033,-0.704847693443298
-0.614293873310089,0.050546757876873,1.25231683254242,-0.203826904296875,0.445940345525742,-0.512851476669312,-0.704680979251862
-0.614073216915131,0.0502465069293975,1.25210511684418,-0.204602763056755,0.445782780647278,-0.513111889362335,-0.704366028308868
-0.613858640193939,0.049925073981285,1.25206291675568,-0.204971432685852,0.446072459220886,-0.513010501861572,-0.704149425029755
-0.613626003265381,0.0494416430592536,1.25179147720337,-0.205723419785499,0.44609734416008,-0.513047993183136,-0.703887045383453
-0.613660216331482,0.0488806441426277,1.25143432617188,-0.205655261874199,0.446778416633606,-0.512905955314636,-0.703578352928162
-0.613376140594482,0.0481908991932868,1.25109422206879,-0.206552818417549,0.446923315525055,-0.512731492519379,-0.703350484371185
-0.613011360168457,0.0477001890540123,1.25070834159851,-0.207569032907486,0.446687370538711,-0.512844383716583,-0.703118979930878
-0.612560927867889,0.0472132787108421,1.25027906894684,-0.209092453122139,0.446187317371368,-0.513191342353821,-0.702731728553772
-0.612560927867889,0.0472132787108421,1.25027906894684,-0.209092453122139,0.446187317371368,-0.513191342353821,-0.702731728553772
-0.611764013767242,0.0458656698465347,1.2495995759964,-0.211180433630943,0.446287214756012,-0.513368010520935,-0.701914548873901
-0.611389100551605,0.0453039854764938,1.24928796291351,-0.21236589550972,0.446150362491608,-0.514173984527588,-0.701053321361542
-0.610505521297455,0.0444192886352539,1.24861133098602,-0.214800164103508,0.445981562137604,-0.51412034034729,-0.700458228588104
-0.610490441322327,0.0437960848212242,1.24885964393616,-0.214482128620148,0.446834921836853,-0.514280676841736,-0.699893832206726
-0.610490441322327,0.0437960848212242,1.24885964393616,-0.214482128620148,0.446834921836853,-0.514280676841736,-0.699893832206726
-0.609693229198456,0.0423481836915016,1.24848914146423,-0.217359721660614,0.448138922452927,-0.515144109725952,-0.697533428668976
-0.609211802482605,0.0418205559253692,1.24833738803864,-0.218382224440575,0.447233647108078,-0.516233801841736,-0.696989178657532
-0.60881519317627,0.0410686209797859,1.24817228317261,-0.21968112885952,0.447543501853943,-0.517134964466095,-0.695712983608246
-0.608450949192047,0.0404005721211433,1.24807047843933,-0.220725893974304,0.447883307933807,-0.517778873443604,-0.694683909416199
-0.608039617538452,0.0397350788116455,1.24803781509399,-0.222078293561935,0.448120653629303,-0.518589437007904,-0.693494141101837
-0.607717871665955,0.0390935614705085,1.24796080589294,-0.223067969083786,0.448606222867966,-0.51948070526123,-0.692194283008575
-0.607382893562317,0.0385860055685043,1.24784648418427,-0.223043248057365,0.449308454990387,-0.519737839698792,-0.691553473472595
-0.607153475284576,0.0378313064575195,1.24780285358429,-0.223818063735962,0.45005601644516,-0.520431578159332,-0.690294206142426
-0.606883406639099,0.0372967049479484,1.24773621559143,-0.224308952689171,0.45051309466362,-0.521122515201569,-0.689314663410187
-0.606661975383759,0.0363803207874298,1.247727394104,-0.225078150629997,0.451422214508057,-0.52149909734726,-0.688183605670929
-0.606488466262817,0.0356567576527595,1.24773848056793,-0.225467845797539,0.45242977142334,-0.521746575832367,-0.687205910682678
-0.60631000995636,0.0350306406617164,1.24768221378326,-0.226067796349525,0.453039914369583,-0.522200047969818,-0.68626195192337
-0.606011569499969,0.0343866720795631,1.2474308013916,-0.226873651146889,0.453275084495544,-0.523033201694489,-0.685205340385437
-0.606029689311981,0.034058578312397,1.24743223190308,-0.226685985922813,0.453964561223984,-0.523816347122192,-0.684212028980255
-0.605960547924042,0.0334620028734207,1.24731683731079,-0.22716198861599,0.454480022192001,-0.524451911449432,-0.683224499225616
-0.605907678604126,0.0330010652542114,1.24714040756226,-0.227675676345825,0.455630540847778,-0.524973392486572,-0.681885361671448
-0.605600357055664,0.0329079553484916,1.24684250354767,-0.228646233677864,0.454841107130051,-0.526601195335388,-0.680831670761108
-0.605823993682861,0.0323729515075683,1.24665176868439,-0.227981686592102,0.454988062381744,-0.527474582195282,-0.680280089378357
-0.605809152126312,0.0318056717514991,1.2464554309845,-0.228133201599121,0.455472409725189,-0.528200030326843,-0.679341673851013
-0.605850040912628,0.0314124003052711,1.24622404575348,-0.228279575705528,0.455785393714905,-0.529034554958344,-0.678432404994965
-0.605783104896545,0.0309843495488166,1.24587392807007,-0.228611156344414,0.4557766020298,-0.529900074005127,-0.67765074968338
-0.605713784694672,0.030544675886631,1.2456568479538,-0.228937759995461,0.455807268619537,-0.530879855155945,-0.67675244808197
-0.605673372745514,0.030095562338829,1.24543714523315,-0.229652568697929,0.456425130367279,-0.53190290927887,-0.675288915634155
-0.605639457702637,0.029603898525238,1.24521160125732,-0.229718819260597,0.455858558416367,-0.533047258853912,-0.674746572971344
-0.605666518211365,0.0290179625153541,1.24497401714325,-0.22983705997467,0.456335693597794,-0.533592700958252,-0.673952102661133
-0.605704367160797,0.0285136848688125,1.24477052688599,-0.230084553360939,0.456569015979767,-0.534512460231781,-0.672980189323425
-0.605760097503662,0.0280518904328346,1.24461734294891,-0.230386957526207,0.456561774015427,-0.535970568656921,-0.671720743179321
-0.605883836746216,0.0275603756308555,1.244380235672,-0.230536460876465,0.457576632499695,-0.536666393280029,-0.670421957969666
-0.605954527854919,0.0270260944962501,1.24421489238739,-0.230839416384697,0.457886606454849,-0.537551760673523,-0.669396162033081
-0.606089770793915,0.026578776538372,1.24400055408478,-0.23095391690731,0.457269012928009,-0.539272010326385,-0.668394327163696
-0.606091141700745,0.0263367593288421,1.2437926530838,-0.230995163321495,0.457005888223648,-0.540578663349152,-0.667504072189331
-0.606145739555359,0.0259248241782188,1.24357509613037,-0.230986535549164,0.457222431898117,-0.541577160358429,-0.666548669338226
-0.606243669986725,0.0250468328595161,1.24345588684082,-0.231066301465034,0.458160817623138,-0.54196560382843,-0.665560305118561
-0.606310784816742,0.0246171802282333,1.24324750900269,-0.231311440467834,0.458314746618271,-0.542924821376801,-0.664586544036865
-0.606345474720001,0.0244311615824699,1.24299216270447,-0.232018634676933,0.457725346088409,-0.544571816921234,-0.663397789001465
-0.606387734413147,0.0238401815295219,1.24276852607727,-0.231873959302902,0.458191156387329,-0.544965028762817,-0.662803530693054
-0.60646653175354,0.0233116671442985,1.24246156215668,-0.232025787234306,0.458495438098907,-0.54570198059082,-0.66193300485611
-0.606423616409302,0.0226976573467254,1.24208235740662,-0.232655808329582,0.458704948425293,-0.546167850494385,-0.661182105541229
-0.606146693229675,0.0225220099091529,1.24144732952118,-0.233769118785858,0.457703441381454,-0.547401130199432,-0.660463333129883
-0.606117486953735,0.022244356572628,1.24120438098907,-0.234202831983566,0.457670867443085,-0.548099517822266,-0.659752547740936
-0.606124818325043,0.0219289287924766,1.24096274375916,-0.234420582652092,0.458499252796173,-0.548295676708221,-0.658936560153961
-0.606654286384583,0.0213184133172035,1.24134957790375,-0.23332254588604,0.459861814975739,-0.548177123069763,-0.6584752202034
-0.606680512428284,0.0207084938883781,1.24118173122406,-0.234093084931374,0.460109323263168,-0.548491358757019,-0.657766819000244
-0.605539858341217,0.0206280574202537,1.23952829837799,-0.236866787075996,0.456363379955292,-0.550487220287323,-0.65771609544754
-0.605533123016357,0.0201096013188362,1.23928654193878,-0.2372757345438,0.456756919622421,-0.550587356090546,-0.657211542129517
-0.606485307216644,0.0195813402533531,1.24052250385284,-0.235736042261124,0.460149496793747,-0.54971307516098,-0.656129956245422
-0.606456756591797,0.0190933272242546,1.24033284187317,-0.236249089241028,0.460421621799469,-0.549760937690735,-0.655714273452759
-0.606400787830353,0.0184957161545753,1.24019658565521,-0.236678928136826,0.460985124111175,-0.549503922462463,-0.655378758907318
-0.605583786964417,0.0181983634829521,1.23838400840759,-0.238523289561272,0.458123296499252,-0.550729870796204,-0.655687630176544
-0.605577945709229,0.0177734121680259,1.23906433582306,-0.239447996020317,0.45892071723938,-0.550667643547058,-0.65484482049942
-0.605615675449371,0.017230175435543,1.23999655246735,-0.239980548620224,0.460399091243744,-0.550128519535065,-0.654064774513245
-0.605852723121643,0.0167034417390823,1.23949253559113,-0.239689111709595,0.46091827750206,-0.550233960151672,-0.653717219829559
-0.605783581733704,0.0162505581974983,1.23935806751251,-0.240231335163116,0.461171150207519,-0.550273180007935,-0.653306603431702
-0.606352686882019,0.0159578025341033,1.23691201210022,-0.238433390855789,0.460723221302032,-0.551322460174561,-0.653396606445312
-0.605646908283234,0.015512466430664,1.23907935619354,-0.241245582699776,0.461530059576034,-0.550689160823822,-0.652328193187714
-0.605606257915497,0.0151270255446434,1.23898816108704,-0.241696879267693,0.46185028553009,-0.550716161727905,-0.651911616325378
-0.605585992336273,0.0147696584463119,1.23884809017181,-0.242238372564316,0.462917774915695,-0.550359308719635,-0.65125447511673
-0.605591475963593,0.0143461748957633,1.23878824710846,-0.242636427283287,0.463435143232346,-0.55023330450058,-0.650844812393188
-0.605659902095795,0.0139509588479995,1.23867154121399,-0.242504626512527,0.463364720344543,-0.550337672233582,-0.650855720043182
-0.605745673179626,0.0136122032999992,1.23853993415833,-0.242977231740952,0.464560061693191,-0.550024151802063,-0.650091886520386
-0.605884611606598,0.0132161229848861,1.23842716217041,-0.243078842759132,0.46523118019104,-0.549867272377014,-0.649706602096558
-0.606110990047455,0.0124848410487174,1.23842263221741,-0.242416188120842,0.466114014387131,-0.549143314361572,-0.649933755397797
-0.605902433395386,0.0122271552681922,1.23865747451782,-0.243225231766701,0.466200649738312,-0.548993349075317,-0.649695992469788
-0.606101930141449,0.0119958892464637,1.23857390880585,-0.242989599704742,0.466743528842926,-0.548786878585815,-0.649568736553192
-0.606313288211823,0.0117307305335998,1.23844921588898,-0.242780640721321,0.467305660247803,-0.548561275005341,-0.649433255195618
-0.607019484043121,0.0113085955381393,1.23797512054443,-0.241970837116241,0.468337655067444,-0.548504173755646,-0.649040281772614
-0.6072016954422,0.0110061392188072,1.23787796497345,-0.241816893219948,0.46882963180542,-0.548029482364655,-0.64914345741272
-0.606915652751923,0.0106856450438499,1.23710954189301,-0.24244324862957,0.467894494533539,-0.547865748405457,-0.649722516536713
-0.607480585575104,0.0105190724134445,1.23679184913635,-0.24159924685955,0.468467503786087,-0.547783493995667,-0.649693131446838
-0.607987880706787,0.0099764689803123,1.237633228302,-0.240707352757454,0.470526874065399,-0.546284198760986,-0.649798452854156
-0.607987880706787,0.0099764689803123,1.237633228302,-0.240707352757454,0.470526874065399,-0.546284198760986,-0.649798452854156
-0.608629167079926,0.0095486044883728,1.23738527297974,-0.239802286028862,0.471169918775558,-0.545345842838287,-0.650454938411713
-0.60873544216156,0.0094591677188873,1.23670172691345,-0.239581719040871,0.470515131950378,-0.54533725976944,-0.651017367839813
-0.608929038047791,0.0091760754585266,1.23642790317535,-0.239393010735512,0.47049954533577,-0.544834554195404,-0.651518702507019
-0.609342336654663,0.0090117529034614,1.23724102973938,-0.238864406943321,0.471637845039368,-0.543903708457947,-0.651667416095734
-0.609689354896545,0.0088173970580101,1.23718476295471,-0.238407179713249,0.471963763237,-0.54319304227829,-0.652191400527954
-0.609967708587646,0.0085746720433235,1.23712182044983,-0.238023310899734,0.472297161817551,-0.54249382019043,-0.652672052383423
-0.610286593437195,0.0086390301585197,1.23700451850891,-0.237892180681229,0.471912562847137,-0.542636454105377,-0.652879357337952
-0.610541999340057,0.0080102160573005,1.23706161975861,-0.237332910299301,0.472866863012314,-0.541144490242004,-0.653630375862122
-0.610716462135315,0.0079994276165962,1.23696458339691,-0.23708213865757,0.472675561904907,-0.540616691112518,-0.654296278953552
-0.610925018787384,0.0077487304806709,1.23690593242645,-0.236873596906662,0.472778886556625,-0.539897382259369,-0.654890775680542
-0.611942529678345,0.0076425448060035,1.23639845848083,-0.23463349044323,0.474014639854431,-0.539207458496094,-0.655372202396393
-0.612286925315857,0.0073864981532096,1.23627388477325,-0.234002009034157,0.474412024021149,-0.538336992263794,-0.65602570772171
-0.612505793571472,0.0072451308369636,1.2361968755722,-0.233707219362259,0.474408507347107,-0.537542104721069,-0.656784534454346
-0.612745940685272,0.0071390494704246,1.23606240749359,-0.233422547578812,0.474173039197922,-0.537074506282806,-0.657438278198242
-0.612991869449615,0.006751000881195,1.23601901531219,-0.233276098966599,0.474638104438782,-0.53618860244751,-0.657877445220947
-0.613176226615906,0.0066078379750251,1.2359402179718,-0.232923597097397,0.474775940179825,-0.535532712936401,-0.658436954021454
-0.613069474697113,0.0065746754407882,1.23614764213562,-0.233248591423035,0.474437862634659,-0.534789025783539,-0.659169673919678
-0.613259494304657,0.0065347403287887,1.23602378368378,-0.232831060886383,0.474562644958496,-0.534212708473206,-0.659694492816925
-0.613475382328033,0.0063452869653701,1.23595547676086,-0.232530280947685,0.474905163049698,-0.533537328243256,-0.660100519657135
-0.614052653312683,0.0061451867222785,1.23558902740479,-0.231433764100075,0.475686579942703,-0.532899916172028,-0.660438120365143
-0.613883435726166,0.0061045885086059,1.23579716682434,-0.231863230466843,0.475455552339554,-0.53227835893631,-0.660954773426056
-0.614342331886292,0.0058920532464981,1.23547661304474,-0.231001362204552,0.47607609629631,-0.531444191932678,-0.661480963230133
-0.614527821540833,0.0057369470596313,1.23539674282074,-0.230786621570587,0.476427555084229,-0.530702292919159,-0.661898374557495
-0.614652335643768,0.0055398270487785,1.23536884784698,-0.230592980980873,0.476827323436737,-0.52987015247345,-0.662344396114349
-0.614782989025116,0.0054061114788055,1.23534655570984,-0.230518192052841,0.477156907320023,-0.52902740240097,-0.662806808948517
-0.614929258823395,0.0052631422877311,1.23530423641205,-0.230372622609138,0.477459132671356,-0.528281986713409,-0.663234055042267
-0.615051865577698,0.0051803365349769,1.23527383804321,-0.230207085609436,0.477688670158386,-0.527431726455688,-0.663802862167358
-0.61520928144455,0.0051002651453018,1.23526012897491,-0.230008170008659,0.478040844202042,-0.526717722415924,-0.664184987545013
-0.615358829498291,0.0050445273518562,1.23521387577057,-0.229927092790604,0.478212475776672,-0.52625960111618,-0.6644526720047
-0.615526378154755,0.0048317313194274,1.23521745204926,-0.229535967111587,0.478821635246277,-0.525273680686951,-0.664929091930389
-0.615526378154755,0.0048317313194274,1.23521745204926,-0.229535967111587,0.478821635246277,-0.525273680686951,-0.664929091930389
-0.615887761116028,0.0045894384384155,1.2351713180542,-0.228886112570763,0.479792088270187,-0.523589193820953,-0.665781557559967
-0.616011738777161,0.0044635459780693,1.23517322540283,-0.228748634457588,0.480103373527527,-0.522534728050232,-0.666432619094849
-0.616189002990723,0.0042720213532447,1.23516857624054,-0.228637859225273,0.480579614639282,-0.521642744541168,-0.666826009750366
-0.616261422634125,0.0044357329607009,1.23512160778046,-0.228204265236854,0.480527073144913,-0.521110475063324,-0.667428374290466
-0.616421818733215,0.004235103726387,1.23516237735748,-0.2280283421278,0.480963915586472,-0.520206272602081,-0.667879045009613
-0.616484403610229,0.0043052062392234,1.23512637615204,-0.227159097790718,0.481175273656845,-0.519217371940613,-0.668791830539703
-0.616625130176544,0.0042351856827735,1.23512542247772,-0.226843133568764,0.481219738721847,-0.51836621761322,-0.669527053833008
-0.616603910923004,0.004123568534851,1.23538649082184,-0.227944582700729,0.480787426233292,-0.51823478937149,-0.669565260410309
-0.616805970668793,0.0039957240223884,1.23538649082184,-0.227577790617943,0.481102138757706,-0.517478764057159,-0.670048236846924
-0.616880476474762,0.0039809346199035,1.23540210723877,-0.226329803466797,0.481523633003235,-0.516241073608398,-0.671122372150421
-0.617499887943268,0.003611721098423,1.23515021800995,-0.225265875458717,0.482492566108704,-0.515365898609161,-0.671456873416901
-0.617790579795837,0.003324456512928,1.23518145084381,-0.22591757774353,0.482323706150055,-0.515198588371277,-0.671487629413605
-0.617911994457245,0.0032118409872055,1.23524689674377,-0.225270465016365,0.482573539018631,-0.514335095882416,-0.672187149524689
-0.61806857585907,0.0031221508979797,1.23527860641479,-0.225050374865532,0.48280057311058,-0.513776957988739,-0.672524392604828
-0.618247389793396,0.0030806437134742,1.23534262180328,-0.224690109491348,0.482960820198059,-0.51323789358139,-0.672941446304321
-0.618403792381287,0.0030227154493331,1.23538184165955,-0.224349662661552,0.483110457658768,-0.512643933296204,-0.673400104045868
-0.618012666702271,0.0032355710864067,1.23474335670471,-0.224947571754456,0.4813292324543,-0.512734293937683,-0.67440664768219
-0.618716537952423,0.0030944943428039,1.23543858528137,-0.223602846264839,0.483044445514679,-0.511680424213409,-0.674427926540375
-0.618502676486969,0.0033091455698013,1.2357634305954,-0.223197370767593,0.482770830392838,-0.510980367660522,-0.675288379192352
-0.618983268737793,0.0031356588006019,1.23548817634583,-0.222148418426514,0.483369261026382,-0.510445117950439,-0.675610780715942
-0.61921101808548,0.0031170025467872,1.23550891876221,-0.221550390124321,0.48357617855072,-0.510034739971161,-0.675969004631042
-0.619481921195984,0.0028407424688339,1.23560512065887,-0.221805810928345,0.483805060386658,-0.509764194488525,-0.675925552845001
-0.619627773761749,0.0027919560670852,1.23564970493317,-0.221557050943375,0.483981311321258,-0.509305000305176,-0.676227152347565
