x,y,z,q0,q1,q2,q3
-0.603904664516449,0.0570380687713623,1.40987849235535,-0.0493921115994453,-0.0184810515493154,0.791038632392883,0.6094890832901
-0.604049384593964,0.0569189712405204,1.40994167327881,-0.0494150705635547,-0.0189084000885486,0.790358364582062,0.610355913639069
-0.604230105876923,0.0563773997128009,1.41003036499023,-0.0495207607746124,-0.0179498270153999,0.787758469581604,0.613728106021881
-0.604342341423035,0.0562038421630859,1.40994703769684,-0.0497859343886375,-0.0182390697300434,0.787007331848145,0.614661037921906
-0.604439616203308,0.0560844913125038,1.41003549098969,-0.0498832017183303,-0.0187740102410316,0.786281108856201,0.615565836429596
-0.604549050331116,0.0559674054384231,1.41012692451477,-0.0498378239572048,-0.0193031914532184,0.785635709762573,0.616376638412476
-0.604553818702698,0.0564501732587814,1.41022288799286,-0.0506195463240146,-0.0235343780368566,0.787898421287537,0.613269925117493
-0.604701161384583,0.0564220398664474,1.41031837463379,-0.0503363758325576,-0.0232500582933425,0.788141369819641,0.612991690635681
-0.605031192302704,0.0556197874248027,1.41068255901337,-0.0488270185887813,-0.0197586975991725,0.784361660480499,0.618063390254974
-0.605098187923431,0.0554766580462455,1.41077041625977,-0.0488776080310344,-0.0202635843306779,0.783806920051575,0.618746399879456
-0.605116426944733,0.0551953688263893,1.41078090667725,-0.0492920354008674,-0.0214586481451988,0.782254040241241,0.620635688304901
-0.605096876621246,0.0551044307649135,1.41055512428284,-0.0495420806109905,-0.021748699247837,0.781912744045258,0.621035575866699
-0.605164647102356,0.0550154000520706,1.41058683395386,-0.0492910668253898,-0.0221801549196243,0.78160148859024,0.621431887149811
-0.605164647102356,0.0550154000520706,1.41058683395386,-0.0492910668253898,-0.0221801549196243,0.78160148859024,0.621431887149811
-0.605322659015656,0.0547363087534904,1.41073024272919,-0.0487708933651447,-0.0226106438785791,0.780800819396973,0.62246310710907
-0.605432450771332,0.0545963495969772,1.41079366207123,-0.0483979433774948,-0.0225960053503513,0.780502557754517,0.622866630554199
-0.605510711669922,0.0544734671711921,1.41087746620178,-0.0479378588497638,-0.0226170774549245,0.780292987823486,0.623163938522339
-0.605593800544739,0.0543205142021179,1.41094207763672,-0.0474349111318588,-0.0224945805966854,0.780102908611298,0.623444795608521
-0.605758547782898,0.054124116897583,1.41099381446838,-0.0467536598443985,-0.021944336593151,0.779941618442535,0.623717606067657
-0.605834424495697,0.0540209896862506,1.41136693954468,-0.0458216518163681,-0.0221400968730449,0.779721081256866,0.624055624008179
-0.605880677700043,0.0539093390107154,1.41142797470093,-0.0452293008565902,-0.0220779255032539,0.77966183423996,0.624174952507019
-0.605812966823578,0.0538167357444763,1.4112184047699,-0.0450581945478916,-0.0218532420694828,0.779592335224152,0.624281942844391
-0.605864226818085,0.0536918975412845,1.41113448143005,-0.0443951487541198,-0.0215479005128145,0.779470086097717,0.624492764472961
-0.605942487716675,0.0536548644304275,1.41145956516266,-0.0431706421077251,-0.0215089935809373,0.779317498207092,0.62477034330368
-0.605978071689606,0.0536132045090198,1.41153287887573,-0.0422843620181083,-0.0214397832751274,0.779186546802521,0.624996602535248
-0.60579252243042,0.0538080148398876,1.4115674495697,-0.0416540093719959,-0.0223742760717868,0.779098749160767,0.625115692615509
-0.605969309806824,0.0536787621676921,1.41170954704285,-0.0405391380190849,-0.0217536184936761,0.778951287269592,0.625394582748413
-0.606031119823456,0.0535701364278793,1.41216325759888,-0.0393242724239826,-0.0212903339415788,0.778349995613098,0.626236081123352
-0.606124460697174,0.0534327141940593,1.4121001958847,-0.0389718003571033,-0.0208711009472608,0.778243839740753,0.626404225826263
-0.606016874313354,0.0539699234068393,1.41220414638519,-0.0394719950854778,-0.0244811046868562,0.780862152576447,0.622974216938019
-0.606375575065613,0.053534872829914,1.41231167316437,-0.0389005877077579,-0.0225109886378049,0.780757129192352,0.623216211795807
-0.606565475463867,0.0527829155325889,1.41235458850861,-0.0377573668956756,-0.0184308402240276,0.777576267719269,0.627383470535278
-0.606617212295532,0.0527206063270568,1.41244959831238,-0.037442922592163,-0.0182630140334367,0.77736634016037,0.627667248249054
-0.60663378238678,0.0526419878005981,1.41247534751892,-0.0373823978006839,-0.0180971641093492,0.777149796485901,0.627943634986877
-0.606662452220917,0.0525315999984741,1.41255271434784,-0.037335742264986,-0.0180069338530302,0.776846587657928,0.628324151039124
-0.606702327728271,0.0524556636810302,1.41263818740845,-0.037197720259428,-0.0179217979311943,0.776672065258026,0.62855052947998
-0.606702327728271,0.0524556636810302,1.41263818740845,-0.037197720259428,-0.0179217979311943,0.776672065258026,0.62855052947998
-0.606760680675507,0.052268099039793,1.4128669500351,-0.036918893456459,-0.0178788471966981,0.776305139064789,0.629021286964417
-0.606791853904724,0.0521911904215812,1.41290545463562,-0.0367970168590545,-0.0178372282534837,0.77617746591568,0.629187107086182
-0.606854736804962,0.052178893238306,1.4129832983017,-0.0363541431725025,-0.0171119216829538,0.776873052120209,0.628373980522156
-0.606824696063995,0.0519975051283836,1.41305911540985,-0.0364349894225597,-0.0178595054894685,0.776050209999084,0.629364371299744
-0.606913387775421,0.0520105324685573,1.41314291954041,-0.0358758121728897,-0.0171624142676591,0.776673555374146,0.628646731376648
-0.606936872005463,0.0519282855093479,1.41322445869446,-0.0355817452073097,-0.0171945169568061,0.776589930057526,0.62876570224762
-0.606949806213379,0.0518559888005256,1.41331470012665,-0.0352011397480964,-0.0173761136829853,0.776429772377014,0.628979980945587
-0.607053756713867,0.0517224222421646,1.41340553760529,-0.0346057340502738,-0.0171905774623155,0.776310741901398,0.62916499376297
-0.606830298900604,0.0514556840062141,1.41349899768829,-0.0365928895771503,-0.0165273677557706,0.776341378688812,0.629032552242279
-0.606833517551422,0.0513637959957122,1.4135856628418,-0.0361642315983772,-0.0166525021195411,0.776317596435547,0.629083335399628
-0.606840074062347,0.0513087548315525,1.41372573375702,-0.0355921164155006,-0.0169171057641506,0.776321709156036,0.62910395860672
-0.606806099414825,0.0519478768110275,1.41387486457825,-0.0340590849518775,-0.022742673754692,0.778406381607056,0.626423358917236
-0.606792032718658,0.0518718399107456,1.41395902633667,-0.0335964187979698,-0.0229219812899827,0.77848219871521,0.626347661018372
-0.606869399547577,0.051202155649662,1.41403365135193,-0.0321043170988559,-0.0193859077990055,0.77546089887619,0.6302809715271
-0.606840789318085,0.0510820373892784,1.41412258148193,-0.0316506065428257,-0.0193463508039712,0.775473356246948,0.630289673805237
-0.606825351715088,0.0509709194302558,1.41420352458954,-0.0309456288814544,-0.0191663019359111,0.775589287281036,0.630187392234802
-0.606722116470337,0.0514209382236003,1.41433727741241,-0.0310681592673063,-0.0226588062942028,0.778614044189453,0.626323878765106
-0.606526494026184,0.051421158015728,1.41442787647247,-0.0304078347980976,-0.0228710547089576,0.778847217559814,0.6260586977005
-0.606382250785828,0.0511856526136398,1.41449856758118,-0.0314584970474243,-0.0207237694412469,0.780029356479645,0.624607920646667
-0.606471717357635,0.0509444735944271,1.41460990905762,-0.0285138990730047,-0.0210781618952751,0.778577148914337,0.626546382904053
-0.606541097164154,0.0504213869571685,1.41466355323792,-0.0266756936907768,-0.0176486931741237,0.776195883750916,0.629680097103119
-0.606407403945923,0.0503821521997451,1.41474890708923,-0.0256626829504966,-0.0173472482711076,0.776538550853729,0.629307925701141
-0.60623824596405,0.0502026230096817,1.41483080387115,-0.0263845920562744,-0.0148182120174169,0.778150498867035,0.62734854221344
-0.606141030788422,0.050879132002592,1.41497266292572,-0.0238697566092014,-0.0198750216513872,0.780432105064392,0.624468624591827
-0.606046497821808,0.0507939010858535,1.41505002975464,-0.0224402863532304,-0.0188728682696819,0.780872106552124,0.624002456665039
-0.606046497821808,0.0507939010858535,1.41505002975464,-0.0224402863532304,-0.0188728682696819,0.780872106552124,0.624002456665039
-0.605720281600952,0.0504678934812545,1.4151519536972,-0.0194206275045871,-0.0165653154253959,0.781924307346344,0.622850596904755
-0.605575501918793,0.0491547062993049,1.41519463062286,-0.0194663479924201,-0.0083165355026721,0.780611217021942,0.624658346176147
-0.605330049991608,0.049251589924097,1.41524565219879,-0.0158771704882383,-0.0093629397451877,0.780350506305695,0.625070750713348
-0.605156898498535,0.0491139478981494,1.4150857925415,-0.0138895595446228,-0.0072142514400184,0.781016409397125,0.624314486980438
-0.604733467102051,0.0492382049560546,1.41513538360596,-0.0120892627164721,-0.0072355419397354,0.783103942871094,0.621731281280518
-0.604422688484192,0.049696609377861,1.41518080234528,-0.009781683795154,-0.0078424997627735,0.78586757183075,0.618267774581909
-0.604047775268555,0.0493897050619125,1.41505563259125,-0.0065600029192864,-0.0031414390541613,0.783469140529633,0.621388137340546
-0.604047775268555,0.0493897050619125,1.41505563259125,-0.0065600029192864,-0.0031414390541613,0.783469140529633,0.621388137340546
-0.603208601474762,0.0492612943053245,1.41502523422241,-0.000804514857009,0.0013743956806138,0.785281717777252,0.619136571884155
-0.602627038955688,0.0492689795792102,1.4150276184082,0.0022332025691866,0.003308376064524,0.786461472511292,0.617626428604126
-0.602125108242035,0.049271248281002,1.41489768028259,0.0058651971630752,0.0058176964521408,0.787577211856842,0.616160690784454
-0.601415038108826,0.0492262244224548,1.41482400894165,0.0076866927556693,0.0077153234742581,0.788796067237854,0.614558517932892
-0.600772976875305,0.0492057688534259,1.41486001014709,0.0113983945921063,0.0103115607053041,0.78993546962738,0.612997353076935
-0.600240647792816,0.0492364950478076,1.41481184959412,0.0169493164867162,0.0132260713726282,0.791081607341766,0.611332654953003
-0.599407017230988,0.0491511300206184,1.41471135616302,0.0198983121663332,0.0174602419137954,0.791014492511749,0.611224472522736
-0.598763048648834,0.0493868291378021,1.41461408138275,0.0257923733443021,0.0201006140559911,0.792169451713562,0.609424650669098
-0.597906649112701,0.0493164919316768,1.41447460651398,0.0290212556719779,0.0233667157590389,0.793871223926544,0.606943309307098
-0.597083687782288,0.0499333441257476,1.4144127368927,0.0334400087594985,0.0240111984312534,0.797193706035614,0.602318286895752
-0.596222579479218,0.0498584657907485,1.41427934169769,0.0383467860519886,0.0288779493421316,0.798843502998352,0.599620580673218
-0.595350861549377,0.0496706701815128,1.41418516635895,0.044345885515213,0.0339793227612972,0.796209037303925,0.602436721324921
-0.594345271587372,0.0504153110086917,1.41412830352783,0.0487558618187904,0.0336522459983825,0.800447821617126,0.596467673778534
-0.593428671360016,0.0499521046876907,1.41403865814209,0.0542068108916282,0.041116002947092,0.798066139221191,0.598716616630554
-0.592900633811951,0.0513874441385269,1.41409361362457,0.061785664409399,0.0413168780505657,0.801074862480164,0.593931436538696
-0.59132707118988,0.0503995493054389,1.41384661197662,0.0643043741583824,0.0483085513114929,0.799509286880493,0.595244646072388
-0.590277254581451,0.0507368519902229,1.41374468803406,0.0689828395843505,0.0512529388070106,0.80078911781311,0.592748939990997
-0.589632391929626,0.0518785268068313,1.41377687454224,0.0772775337100029,0.0545329861342906,0.800519049167633,0.591796875
-0.588021337985992,0.0513787716627121,1.41357064247131,0.079056903719902,0.0582534223794937,0.802015125751495,0.589176058769226
-0.587032079696655,0.0518504679203033,1.41348052024841,0.0833849757909774,0.0597576908767223,0.804956495761871,0.584397971630096
-0.586139559745789,0.0526227615773677,1.41343665122986,0.0911266282200813,0.0651986226439476,0.802478015422821,0.586066722869873
-0.58459198474884,0.052696269005537,1.41324329376221,0.0927442163228988,0.0660636872053146,0.806203901767731,0.580576837062836
-0.583332538604736,0.052841268479824,1.41304016113281,0.0975361317396164,0.0716034993529319,0.804009735584259,0.582175314426422
-0.582271695137024,0.053419355303049,1.41281735897064,0.101361617445946,0.0729167088866233,0.806947827339172,0.577273011207581
-0.581063568592072,0.0538133457303047,1.41269016265869,0.105113349854946,0.0760629251599311,0.807239651679993,0.575786232948303
-0.579891264438629,0.0535312257707119,1.41247844696045,0.109391950070858,0.0830946043133735,0.804923534393311,0.577258050441742
-0.578641295433044,0.0540888011455535,1.4123193025589,0.112986020743847,0.0857196673750877,0.805540442466736,0.575318217277527
-0.578184366226196,0.0559300146996974,1.41237783432007,0.120607167482376,0.0862533599138259,0.808895289897919,0.568948686122894
-0.576769948005676,0.0561333745718002,1.4122086763382,0.123681835830212,0.0903017371892929,0.80499392747879,0.573178291320801
-0.576021075248718,0.0565155148506164,1.41194605827332,0.126002460718155,0.0922950208187103,0.808758497238159,0.567022800445557
-0.574868023395538,0.0572487972676754,1.41181123256683,0.128985807299614,0.0935215950012207,0.809923946857452,0.564481794834137
-0.572725117206573,0.0569462031126022,1.41157734394073,0.128392934799194,0.0974474772810936,0.807424962520599,0.567524552345276
-0.572628140449524,0.0585391484200954,1.41168093681335,0.13478621840477,0.0980363935232162,0.810203075408936,0.561954140663147
-0.571673274040222,0.0587494522333145,1.41159451007843,0.13823764026165,0.104416504502296,0.810585677623749,0.559409022331238
-0.570446193218231,0.0590280182659626,1.41135799884796,0.137650907039642,0.106015250086784,0.809369504451752,0.561011672019958
-0.568895816802979,0.0593684241175651,1.41117918491364,0.139620795845985,0.109950892627239,0.806490361690521,0.563906133174896
-0.567542314529419,0.0612710081040859,1.41111063957214,0.140710860490799,0.101168669760227,0.813142359256744,0.555666089057922
-0.566721022129059,0.0605993159115314,1.41106140613556,0.14358876645565,0.11322308331728,0.807350933551788,0.561023414134979
-0.565626859664917,0.0611337013542652,1.41105175018311,0.14420710504055,0.115512669086456,0.807559847831726,0.560096740722656
-0.564884781837463,0.0619366317987442,1.41112065315247,0.146936535835266,0.117721430957317,0.807539522647858,0.558955609798431
-0.564007759094238,0.0631381645798683,1.41091728210449,0.147735640406608,0.116254799067974,0.811464786529541,0.553338825702667
-0.564007759094238,0.0631381645798683,1.41091728210449,0.147735640406608,0.116254799067974,0.811464786529541,0.553338825702667
-0.561092138290405,0.0643334686756134,1.41039395332336,0.147521272301674,0.120469532907009,0.81053638458252,0.553854942321777
-0.561307311058044,0.0656389594078064,1.41073358058929,0.152077823877335,0.121785163879395,0.814702928066254,0.546168327331543
-0.560120642185211,0.0660236999392509,1.41105818748474,0.150854110717773,0.122856341302395,0.813110053539276,0.548635959625244
-0.558987200260162,0.0670325309038162,1.4107973575592,0.151009768247604,0.123191297054291,0.813438236713409,0.548031270503998
-0.558190584182739,0.0675707831978797,1.41072261333466,0.151345521211624,0.124682031571865,0.813818693161011,0.547035813331604
-0.55780816078186,0.0685175508260726,1.41064381599426,0.15238755941391,0.126565992832184,0.814556539058685,0.545212626457214
-0.55780816078186,0.0685175508260726,1.41064381599426,0.15238755941391,0.126565992832184,0.814556539058685,0.545212626457214
-0.55571848154068,0.0697563588619232,1.41057598590851,0.153022855520248,0.129641935229301,0.814117729663849,0.544967293739319
-0.554725885391235,0.0703738406300544,1.41041779518127,0.153324276208878,0.132898524403572,0.811060965061188,0.548643529415131
-0.553955972194672,0.0710571408271789,1.4100341796875,0.152683258056641,0.13394895195961,0.811533510684967,0.547867596149445
-0.553616106510162,0.0722845196723938,1.41017532348633,0.153449460864067,0.13315749168396,0.815008282661438,0.54266369342804
-0.552990257740021,0.0731227621436119,1.40992200374603,0.153748318552971,0.13487283885479,0.816032886505127,0.540611863136292
-0.552291572093964,0.0738483145833015,1.40978646278381,0.153613910079002,0.135567665100098,0.815278947353363,0.541612923145294
-0.551575243473053,0.0746207982301712,1.40959799289703,0.153640761971474,0.136821776628494,0.815148174762726,0.541486740112305
-0.55111026763916,0.0758221670985221,1.40955090522766,0.156488418579102,0.138298511505127,0.816518187522888,0.538222074508667
-0.550821363925934,0.0768622383475303,1.40955054759979,0.157198652625084,0.139638662338257,0.817164182662964,0.536686539649963
-0.549942374229431,0.0773333311080932,1.40958666801453,0.157240062952042,0.141265332698822,0.816166400909424,0.537765860557556
-0.549297451972961,0.077938824892044,1.40947592258453,0.156173810362816,0.142649576067924,0.816000521183014,0.537962973117828
-0.548783540725708,0.0789983868598938,1.40932989120483,0.157333374023438,0.14292162656784,0.816272139549255,0.537140130996704
-0.548417747020721,0.0798666104674339,1.40933382511139,0.157727301120758,0.143878325819969,0.816850364208221,0.535888731479645
-0.548417747020721,0.0798666104674339,1.40933382511139,0.157727301120758,0.143878325819969,0.816850364208221,0.535888731479645
-0.547041594982147,0.0807903930544853,1.40904557704926,0.155154451727867,0.146120220422745,0.817775785923004,0.534620106220245
-0.547010838985443,0.0820333734154701,1.40904974937439,0.157791972160339,0.147337108850479,0.815665900707245,0.536733448505402
-0.546623110771179,0.0827805027365684,1.40896463394165,0.157950580120087,0.148226991295814,0.815570473670959,0.536586701869965
-0.54527360200882,0.08240856975317,1.40853691101074,0.15233564376831,0.14812621474266,0.815634667873383,0.538137972354889
-0.545504689216614,0.0844529271125793,1.40853500366211,0.154986426234245,0.146054714918137,0.815510869026184,0.53813499212265
-0.54520058631897,0.0846671015024185,1.40850710868835,0.154873684048653,0.149909660220146,0.813700556755066,0.539845049381256
-0.545024037361145,0.0859816223382949,1.40836191177368,0.15516509115696,0.147987455129623,0.815465092658997,0.537624657154083
-0.54492598772049,0.0866360664367675,1.40827631950378,0.155365988612175,0.150619268417358,0.814437925815582,0.538392245769501
-0.544474601745605,0.0869530066847801,1.4078094959259,0.154060423374176,0.15200063586235,0.813698589801788,0.539495885372162
-0.544213473796844,0.0879929587244987,1.40772318840027,0.155939489603043,0.152872920036316,0.814778387546539,0.537074446678162
-0.543841660022736,0.0887087062001228,1.40753602981567,0.15541934967041,0.15321435034275,0.81452488899231,0.537512421607971
-0.543847382068634,0.089845523238182,1.40710484981537,0.155121698975563,0.151456564664841,0.81611967086792,0.535674214363098
-0.543127954006195,0.0898446589708328,1.40743827819824,0.152825504541397,0.153645187616348,0.812761008739471,0.540793001651764
-0.543040871620178,0.0910820066928863,1.40755784511566,0.153554022312164,0.151679754257202,0.81441068649292,0.538655459880829
-0.542971193790436,0.0916741341352462,1.40750849246979,0.154193341732025,0.153697982430458,0.813622534275055,0.53909158706665
-0.543006062507629,0.0925118401646614,1.40705418586731,0.154915422201157,0.155444234609604,0.814161241054535,0.53756844997406
-0.542680263519287,0.0933633223176002,1.40695416927338,0.154802426695824,0.154168635606766,0.814821004867554,0.536968410015106
-0.542535126209259,0.0933795124292373,1.40697407722473,0.154360085725784,0.159842416644096,0.811668395996094,0.540201723575592
-0.54232931137085,0.0947432667016983,1.40684294700623,0.15254981815815,0.154161170125008,0.813347101211548,0.539842069149017
-0.542018353939056,0.0950935110449791,1.40677309036255,0.152079299092293,0.154881402850151,0.812785565853119,0.540613830089569
-0.54192179441452,0.0955899506807327,1.40675640106201,0.15214116871357,0.156004548072815,0.81218159198761,0.541180908679962
-0.54183304309845,0.0959183573722839,1.40653085708618,0.15177983045578,0.15796534717083,0.811111867427826,0.542316794395447
-0.541179835796356,0.0959075689315795,1.40609848499298,0.150025978684425,0.159146636724472,0.813775956630707,0.538454473018646
-0.54090404510498,0.0967549607157707,1.40580427646637,0.149562373757362,0.158410608768463,0.813924849033356,0.53857547044754
-0.54111522436142,0.0971523076295852,1.40646755695343,0.151083916425705,0.160538047552109,0.813069581985474,0.538812696933746
-0.540720701217651,0.0980182886123657,1.40627098083496,0.150708928704262,0.15953978896141,0.812895536422729,0.53947639465332
-0.540468096733093,0.0984991788864135,1.40581798553467,0.148809298872948,0.160612478852272,0.811494588851929,0.541789710521698
-0.541304051876068,0.100209444761276,1.40600645542145,0.152418062090874,0.159162819385529,0.8113853931427,0.541377604007721
-0.541185557842255,0.100416839122772,1.40564095973969,0.150420784950256,0.159065932035446,0.809873759746552,0.544220685958862
-0.540519654750824,0.0996139794588089,1.40599989891052,0.148348346352577,0.163681253790855,0.809877514839172,0.543414831161499
-0.540519654750824,0.0996139794588089,1.40599989891052,0.148348346352577,0.163681253790855,0.809877514839172,0.543414831161499
-0.540526926517487,0.100762411952019,1.40596055984497,0.149105176329613,0.163976788520813,0.809699892997742,0.543383300304413
-0.540581881999969,0.101291716098785,1.40598249435425,0.149142503738403,0.164384946227074,0.809246957302094,0.543924331665039
-0.540290892124176,0.102212160825729,1.40589022636414,0.147609189152718,0.161521822214127,0.809996545314789,0.544084489345551
-0.540110647678375,0.102435804903507,1.40583419799805,0.147760570049286,0.16281920671463,0.80887496471405,0.545323848724365
-0.541341841220856,0.10405807197094,1.40618753433228,0.153632953763008,0.16494856774807,0.805670499801636,0.547799170017242
-0.541383385658264,0.104292623698711,1.40641391277313,0.152995735406876,0.165826618671417,0.805377304553986,0.548143446445465
-0.541290521621704,0.105346724390983,1.40638864040375,0.153083920478821,0.162927553057671,0.806478202342987,0.547369062900543
-0.540055334568024,0.104535520076752,1.40594792366028,0.147375136613846,0.162197381258011,0.808044791221619,0.546842157840729
-0.539796710014343,0.104716226458549,1.40553832054138,0.146122485399246,0.163505494594574,0.806507468223572,0.549053609371185
-0.539796710014343,0.104716226458549,1.40553832054138,0.146122485399246,0.163505494594574,0.806507468223572,0.549053609371185
-0.53988778591156,0.105433538556099,1.40577697753906,0.146506935358047,0.164302244782448,0.805093884468079,0.5507852435112
-0.540860772132874,0.106652155518532,1.40610551834106,0.149154901504517,0.164358660578728,0.801653623580933,0.555058896541595
-0.540845692157745,0.106972113251686,1.40611958503723,0.149002447724342,0.164504036307335,0.801305174827576,0.555559873580933
-0.540845692157745,0.106972113251686,1.40611958503723,0.149002447724342,0.164504036307335,0.801305174827576,0.555559873580933
-0.539783298969269,0.10660196095705,1.40570271015167,0.145174458622932,0.164686799049377,0.804267644882202,0.552228629589081
-0.54082977771759,0.108467005193233,1.40590953826904,0.150799050927162,0.164702638983727,0.801875114440918,0.554192245006561
-0.540903925895691,0.108591817319393,1.40595126152039,0.150032609701157,0.165112748742103,0.801674127578735,0.554568886756897
-0.540936768054962,0.108875758945942,1.40595006942749,0.150006681680679,0.165206059813499,0.801276743412018,0.555122077465057
-0.540852546691895,0.109237633645535,1.40589189529419,0.15012988448143,0.165035858750343,0.800825476646423,0.5557901263237
-0.540950417518616,0.109434358775616,1.40591049194336,0.150145500898361,0.165719613432884,0.80018949508667,0.556498050689697
-0.539891719818115,0.108266100287437,1.40518689155579,0.143382981419563,0.164989575743675,0.802289843559265,0.555473506450653
-0.539710462093353,0.108487099409103,1.40549647808075,0.143591001629829,0.164869472384453,0.80175656080246,0.556224822998047
-0.539740085601807,0.108681820333004,1.40553271770477,0.143506586551666,0.165136680006981,0.80141270160675,0.556662678718567
-0.539707958698273,0.108753189444542,1.40559005737305,0.142433121800423,0.165363013744354,0.8007493019104,0.557824850082397
-0.539707958698273,0.108753189444542,1.40559005737305,0.142433121800423,0.165363013744354,0.8007493019104,0.557824850082397
-0.541085362434387,0.110541060566902,1.4059396982193,0.148809984326363,0.166218340396881,0.798497021198273,0.559132933616638
-0.541085362434387,0.110541060566902,1.4059396982193,0.148809984326363,0.166218340396881,0.798497021198273,0.559132933616638
-0.539677083492279,0.109463304281235,1.40572643280029,0.141807958483696,0.165081858634949,0.799848258495331,0.559357941150665
-0.539827644824982,0.109485432505608,1.40543591976166,0.141042605042457,0.165100440382957,0.799813389778137,0.559595763683319
-0.539969086647034,0.109553575515747,1.40548276901245,0.141798600554466,0.165525808930397,0.799896240234375,0.55916041135788
-0.539856255054474,0.109328530728817,1.40536439418793,0.138966262340546,0.16449248790741,0.797995865345001,0.562879502773285
-0.539952278137207,0.109420970082283,1.40535521507263,0.1385787576437,0.164262905716896,0.797772228717804,0.563358783721924
-0.540028035640717,0.109479784965515,1.40530514717102,0.137947157025337,0.163959577679634,0.797556459903717,0.563907444477081
-0.540166556835175,0.110036358237266,1.40527296066284,0.137836053967476,0.162399441003799,0.797093987464905,0.565038740634918
-0.540493547916412,0.11027204990387,1.40533626079559,0.138732835650444,0.162971064448357,0.798672676086426,0.562419354915619
-0.540627062320709,0.11022999882698,1.40536260604858,0.13604262471199,0.162274211645126,0.798365890979767,0.563712120056152
-0.540601372718811,0.109881512820721,1.40530478954315,0.131717413663864,0.160322740674019,0.796941220760345,0.567302227020264
-0.540910720825195,0.11039438098669,1.40544831752777,0.131233334541321,0.158952206373215,0.798400580883026,0.565746128559113
-0.540832936763763,0.110310018062591,1.40536224842072,0.124576985836029,0.155901581048965,0.79608416557312,0.571336567401886
-0.541036605834961,0.110069341957569,1.40549159049988,0.119320169091225,0.154270723462105,0.79615992307663,0.57279372215271
-0.541568040847778,0.110449060797691,1.40566611289978,0.11667338758707,0.152995437383652,0.796811759471893,0.572774648666382
-0.541931390762329,0.110507629811764,1.40582835674286,0.110793881118297,0.150882706046104,0.796165525913239,0.575395047664642
-0.542085587978363,0.110430464148521,1.40598905086517,0.102404668927193,0.147268384695053,0.793853521347046,0.581052482128143
-0.542429685592651,0.1104272082448,1.40618598461151,0.0980786755681037,0.147440880537033,0.791357696056366,0.585145175457001
-0.542947590351105,0.110296420753002,1.40649104118347,0.091753602027893,0.145260170102119,0.790342569351196,0.588081002235413
-0.543639779090881,0.111067086458206,1.40680742263794,0.0852750837802887,0.138003274798393,0.793692886829376,0.58628910779953
-0.544108629226685,0.110931791365147,1.40714657306671,0.0777529403567314,0.132511600852013,0.790264070034027,0.593192875385284
-0.544861614704132,0.111009702086449,1.40751314163208,0.071267232298851,0.130184635519981,0.789829909801483,0.59509813785553
-0.545259594917297,0.111387424170971,1.40777826309204,0.0646002367138862,0.125488609075546,0.788935303688049,0.598047316074371
-0.54592102766037,0.111216850578785,1.40818011760712,0.0580898113548755,0.123700022697449,0.78798919916153,0.600330591201782
-0.546515882015228,0.110561743378639,1.40858125686646,0.0519087202847003,0.125220566987991,0.780795872211456,0.609904229640961
-0.54719090461731,0.110565692186355,1.4088579416275,0.0451979264616966,0.121603578329086,0.780685901641846,0.61130952835083
-0.548018932342529,0.11165202409029,1.40907907485962,0.0387124679982662,0.111714333295822,0.784035742282867,0.609351456165314
-0.548788845539093,0.111646927893162,1.40939521789551,0.0321303158998489,0.108107432723045,0.782223880290985,0.612704038619995
-0.549571573734283,0.111278921365738,1.40975821018219,0.0263489577919244,0.106499552726746,0.778616368770599,0.617835104465485
-0.550269305706024,0.111618958413601,1.40998864173889,0.0198699422180652,0.100841045379639,0.778121650218964,0.619647443294525
-0.551161587238312,0.111557766795158,1.4103045463562,0.0143211958929896,0.097855344414711,0.776482820510864,0.62232917547226
-0.551639676094055,0.112025298178196,1.41043424606323,0.008332259953022,0.0917005240917205,0.776341319084167,0.623550951480865
-0.552618265151978,0.111657708883285,1.41078996658325,0.0024670085404068,0.0897851586341857,0.774020433425903,0.626757562160492
-0.55336457490921,0.111623533070087,1.4111008644104,-0.0023114040959626,0.0866182744503021,0.772335588932037,0.629277110099792
-0.55336457490921,0.111623533070087,1.4111008644104,-0.0023114040959626,0.0866182744503021,0.772335588932037,0.629277110099792
-0.554687559604645,0.111415110528469,1.4116735458374,-0.0124164698645472,0.0812983885407447,0.767873704433441,0.63530033826828
-0.555520415306091,0.111460000276565,1.41141390800476,-0.0186099763959646,0.0778365656733512,0.769643306732178,0.633438587188721
-0.556207656860352,0.111495360732078,1.41156911849976,-0.0225717350840568,0.0750080794095993,0.768732726573944,0.634755313396454
-0.556858539581299,0.111371360719204,1.41169369220734,-0.0264925677329301,0.0728278532624244,0.766823589801788,0.637162387371063
-0.55752170085907,0.111117698252201,1.41185927391052,-0.0298230126500129,0.0707632154226303,0.764475107192993,0.640063345432281
-0.558283388614655,0.110090345144272,1.41208899021149,-0.0321369804441928,0.0753261893987655,0.758387327194214,0.646638870239258
-0.558979392051697,0.110138617455959,1.41215670108795,-0.0333546437323093,0.0721307471394538,0.757252335548401,0.648269593715668
-0.559516787528992,0.1099713742733,1.41224181652069,-0.0364816635847091,0.0722066238522529,0.756640076637268,0.648807525634766
-0.5600665807724,0.10985017567873,1.41240906715393,-0.0388319045305252,0.0709952637553215,0.756058752536774,0.649482131004333
-0.560284674167633,0.111105374991894,1.4124835729599,-0.0412615649402141,0.0630203410983085,0.762445747852325,0.642652630805969
-0.56100332736969,0.110831514000893,1.41262912750244,-0.0419010147452354,0.0629147142171859,0.761938691139221,0.643222749233246
-0.561290919780731,0.110865943133831,1.41264855861664,-0.0432141572237014,0.0615522302687168,0.761355400085449,0.643958151340485
-0.561825394630432,0.110605843365192,1.41272914409637,-0.0436405539512634,0.0615567229688167,0.760882198810577,0.644487977027893
-0.562298476696014,0.110453240573406,1.41275918483734,-0.0443765185773372,0.0612963661551475,0.760318219661713,0.645127654075623
-0.562728464603424,0.110313661396503,1.41280376911163,-0.0443216599524021,0.0612744577229023,0.759816706180573,0.645724236965179
-0.563011169433594,0.110166899859905,1.41285479068756,-0.045181468129158,0.0613219812512397,0.759829223155975,0.645645260810852
-0.563470900058746,0.110082074999809,1.41255331039429,-0.0450307242572307,0.0605711638927459,0.759242177009583,0.646416783332825
-0.5637286901474,0.11012652516365,1.41251742839813,-0.0452081263065338,0.059428583830595,0.760037899017334,0.645574927330017
-0.563874542713165,0.110025115311146,1.41277551651001,-0.0456030666828155,0.0593741163611412,0.759991466999054,0.645606696605682
-0.564200460910797,0.109836764633656,1.41273951530457,-0.0454286634922027,0.0596040599048137,0.759689152240753,0.64595365524292
-0.564401745796204,0.109636053442955,1.41257619857788,-0.0457872822880744,0.0593741871416568,0.759091258049011,0.646651923656464
-0.5645871758461,0.109530754387379,1.41252064704895,-0.0457980073988437,0.0590218566358089,0.758676648139954,0.647169768810272
-0.564903497695923,0.10963973402977,1.41244888305664,-0.043160255998373,0.0569351986050605,0.757628798484802,0.648763716220856
-0.565019547939301,0.109491594135761,1.4123649597168,-0.044089451432228,0.0579439289867877,0.757948040962219,0.648238718509674
-0.565216600894928,0.109411060810089,1.41232752799988,-0.0437250845134258,0.0579205006361007,0.75759083032608,0.64868289232254
-0.565427184104919,0.10930959880352,1.41228592395782,-0.0435553677380085,0.0577055290341377,0.757124602794647,0.64925754070282
-0.565609037876129,0.10922560095787,1.41222524642944,-0.0431947186589241,0.0577026456594467,0.756680011749268,0.649800002574921
-0.565609037876129,0.10922560095787,1.41222524642944,-0.0431947186589241,0.0577026456594467,0.756680011749268,0.649800002574921
-0.565959453582764,0.108644351363182,1.41217744350433,-0.0433254316449165,0.0598378963768482,0.754674792289734,0.651926696300507
-0.566080927848816,0.108931720256805,1.4120751619339,-0.0433727130293846,0.0580204539000988,0.756000101566315,0.650550723075867
-0.566445827484131,0.107800625264645,1.41179311275482,-0.042426586151123,0.064175009727478,0.748630046844482,0.658509433269501
-0.566647589206696,0.107747569680214,1.41178095340729,-0.0424176082015037,0.0639273300766944,0.748068690299988,0.65917181968689
-0.567082941532135,0.107805527746677,1.41214692592621,-0.0393698960542678,0.0626330003142356,0.747035384178162,0.660655319690704
-0.567258894443512,0.107811287045479,1.41211485862732,-0.0393486730754375,0.0622945241630077,0.747032821178436,0.660691320896149
-0.567172825336456,0.107759743928909,1.41207253932953,-0.0416982062160968,0.063177078962326,0.747402429580688,0.660045146942139
-0.567335605621338,0.107747323811054,1.41205644607544,-0.0417706705629825,0.0630147233605384,0.747117459774017,0.660378634929657
-0.567611992359161,0.107976488769054,1.41204559803009,-0.039935365319252,0.0606940425932407,0.746124565601349,0.661830484867096
-0.567918956279755,0.107701063156128,1.41207504272461,-0.0414092540740966,0.0624268352985382,0.746287882328033,0.661394417285919
-0.56809401512146,0.107739992439747,1.41208600997925,-0.0417736954987049,0.0618860460817813,0.74619472026825,0.661527454853058
-0.568258821964264,0.107760921120644,1.41220116615295,-0.0421922206878662,0.0614115633070468,0.74601823091507,0.661744058132172
-0.56827312707901,0.108658246695995,1.41202449798584,-0.0443003438413143,0.0552023872733116,0.752063751220703,0.655278921127319
-0.568414032459259,0.108746841549873,1.41208922863007,-0.0449557229876518,0.0542058385908603,0.752192974090576,0.655169069766998
-0.568542242050171,0.108761616051197,1.41201877593994,-0.0460080876946449,0.0534981153905391,0.752170205116272,0.65518045425415
-0.56854921579361,0.108754865825176,1.4120317697525,-0.0476997755467891,0.0530532673001289,0.752080917358398,0.655198037624359
-0.568509995937347,0.109004631638527,1.41197848320007,-0.0489679612219333,0.0513796657323837,0.751796960830688,0.655563652515411
-0.568632423877716,0.109014108777046,1.41196382045746,-0.0497131086885929,0.0506069436669349,0.751996040344238,0.655339241027832
-0.568657517433167,0.109183892607689,1.4119793176651,-0.0507748089730739,0.0494806170463562,0.751707971096039,0.65567421913147
-0.569015085697174,0.109134331345558,1.4120078086853,-0.0504772327840328,0.0492959097027778,0.751297175884247,0.656181752681732
-0.569040417671204,0.109189800918102,1.41205704212189,-0.0514349229633808,0.0485273003578186,0.750903844833374,0.656614899635315
-0.569179058074951,0.109161503612995,1.41175758838654,-0.0525235421955585,0.0484539605677127,0.750643074512482,0.656832277774811
-0.569175004959106,0.10919513553381,1.41181015968323,-0.053423598408699,0.0480046421289444,0.750150561332703,0.657355129718781
-0.569238603115082,0.10920699685812,1.41183054447174,-0.0541133806109428,0.0477011390030384,0.749719679355621,0.657812178134918
-0.569048523902893,0.109353110194206,1.41181516647339,-0.0551182925701141,0.0463803596794605,0.749174892902374,0.658443570137024
-0.56909704208374,0.109352149069309,1.41182470321655,-0.0558555498719215,0.0463157705962657,0.748846411705017,0.658759474754333
-0.569042086601257,0.109406821429729,1.41181421279907,-0.0564771220088005,0.0459809750318527,0.748516499996185,0.659104943275452
-0.568858444690704,0.109385527670383,1.41178977489471,-0.0581376887857914,0.0459575988352298,0.748472154140472,0.659012496471405
-0.568783402442932,0.109472028911114,1.41187679767609,-0.0585080720484256,0.0457643941044807,0.748085618019104,0.659431874752045
-0.568633317947388,0.10954337567091,1.41184902191162,-0.0590310655534267,0.0455134436488151,0.747677564620972,0.659865319728851
-0.568471789360046,0.109604850411415,1.41181015968323,-0.0594554133713245,0.0454212613403797,0.747267842292786,0.660297393798828
-0.568508386611938,0.109421819448471,1.41159224510193,-0.0595988109707832,0.0465595424175262,0.746387422084808,0.661200404167175
-0.568294048309326,0.109581120312214,1.4118424654007,-0.0593526549637317,0.0463837012648582,0.74596506357193,0.66171133518219
-0.567957878112793,0.109823107719421,1.41180181503296,-0.059479359537363,0.0458993837237358,0.745620429515839,0.662122249603271
-0.567729771137238,0.110016316175461,1.41173660755157,-0.0595443211495876,0.0457770712673664,0.745356380939484,0.662421882152557
-0.567607522010803,0.110112346708774,1.4117796421051,-0.0591474436223506,0.0462295338511467,0.744990766048431,0.662837386131287
-0.567432940006256,0.110301047563553,1.41209805011749,-0.0581038109958171,0.0467091910541057,0.744950354099274,0.662941455841064
-0.567404687404633,0.110398076474667,1.41181981563568,-0.0577897727489471,0.047388955950737,0.744984209537506,0.662882566452026
-0.567293286323547,0.110505163669586,1.41178715229034,-0.0572889037430286,0.0479168146848678,0.744868099689484,0.663018524646759
-0.567866504192352,0.110216177999973,1.41194081306458,-0.0555943399667739,0.0509092956781387,0.744866669178009,0.662941336631775
-0.567774891853333,0.110482908785343,1.41188621520996,-0.0540492832660675,0.0509815700352191,0.744874119758606,0.663055241107941
-0.567472636699677,0.110640339553356,1.41218876838684,-0.0539084523916244,0.0514204427599906,0.74519270658493,0.66267454624176
-0.566933393478394,0.111130081117153,1.41206514835358,-0.0531025417149066,0.0497881807386875,0.745114386081696,0.662952423095703
-0.56672215461731,0.111305512487888,1.41201055049896,-0.0526173114776611,0.0497954599559307,0.744999825954437,0.663119316101074
-0.56661731004715,0.111505970358849,1.41198217868805,-0.0520870499312877,0.0498912148177623,0.745368897914886,0.662739038467407
-0.566492676734924,0.111675731837749,1.41192090511322,-0.0511160977184772,0.0504885166883468,0.745576798915863,0.662535727024078
-0.566161811351776,0.112018994987011,1.41185402870178,-0.0506429262459278,0.0499077066779136,0.745481014251709,0.66272360086441
-0.565990269184113,0.112178519368172,1.41181898117065,-0.0500804893672466,0.0499842390418052,0.745282113552094,0.662984371185303
-0.565802991390228,0.11234924942255,1.41177296638489,-0.0495842806994915,0.0499552153050899,0.744886457920074,0.663468241691589
-0.565704464912415,0.112544938921928,1.41171288490295,-0.0475943610072135,0.0500834658741951,0.743887364864349,0.664723932743073
-0.565513610839844,0.112703397870064,1.41168630123138,-0.04714822396636,0.0500172600150108,0.743432402610779,0.665269732475281
-0.565416157245636,0.112678036093712,1.41168224811554,-0.0466002076864242,0.0495048277080059,0.74227637052536,0.666635811328888
-0.565233409404755,0.112774737179279,1.41166412830353,-0.0461325645446777,0.0494201406836509,0.741833508014679,0.667167603969574
-0.564930379390717,0.11308865249157,1.41123640537262,-0.0461396798491478,0.0486772879958152,0.741885662078857,0.667163610458374
-0.564930379390717,0.11308865249157,1.41123640537262,-0.0461396798491478,0.0486772879958152,0.741885662078857,0.667163610458374
-0.564283609390259,0.113527096807957,1.41109669208527,-0.0469505302608013,0.0485826358199119,0.741962969303131,0.6670281291008
-0.563974261283875,0.113698221743107,1.41112101078033,-0.0474957190454006,0.0486955270171165,0.741335868835449,0.667678117752075
-0.563855648040771,0.113777443766594,1.41106057167053,-0.0471311025321483,0.0490933284163475,0.741218268871307,0.667805433273315
-0.563591122627258,0.114059194922447,1.41100132465363,-0.0466732122004032,0.0487719625234603,0.740957200527191,0.668150663375854
-0.563358545303345,0.114251486957073,1.41080713272095,-0.0462759360671043,0.0489104352891445,0.740736901760101,0.668412446975708
-0.56298828125,0.11450332403183,1.41104507446289,-0.045134138315916,0.0489296466112136,0.740664422512054,0.668569445610046
-0.56298828125,0.11450332403183,1.41104507446289,-0.045134138315916,0.0489296466112136,0.740664422512054,0.668569445610046
-0.562675356864929,0.115038603544235,1.41099774837494,-0.0423833914101123,0.049566026777029,0.739926099777222,0.669519543647766
-0.5625079870224,0.115253880620003,1.41093218326569,-0.0409227646887302,0.0509427972137928,0.739935755729675,0.669496238231659
-0.562064111232758,0.115663714706898,1.41080248355865,-0.0400910377502441,0.0510711856186389,0.739408195018768,0.670119345188141
-0.561971187591553,0.115802213549614,1.41076683998108,-0.0385783053934574,0.0525614283978939,0.739249169826508,0.670268356800079
-0.561728417873383,0.115871407091618,1.41073846817017,-0.0377681478857994,0.0546666979789733,0.740158498287201,0.66914165019989
-0.561635673046112,0.116023994982243,1.4107118844986,-0.03626199811697,0.0565785430371761,0.740886569023132,0.668259620666504
-0.561635673046112,0.116023994982243,1.4107118844986,-0.03626199811697,0.0565785430371761,0.740886569023132,0.668259620666504
-0.561544477939606,0.116158030927181,1.41081047058105,-0.0334770418703556,0.0611147545278072,0.74314546585083,0.665491580963135
-0.561452150344849,0.116331413388252,1.4108475446701,-0.0314725004136562,0.0620081461966037,0.742932140827179,0.66574490070343
-0.561281979084015,0.116434589028358,1.41087555885315,-0.0304672922939062,0.065143309533596,0.745301365852356,0.6628378033638
-0.561353325843811,0.116143435239792,1.41092479228973,-0.0289430078119039,0.0689808502793312,0.746312916278839,0.661377966403961
-0.560995161533356,0.116120710968971,1.41089355945587,-0.0290314424782991,0.0713368877768516,0.747733175754547,0.659517407417297
-0.561122834682465,0.115796342492103,1.41119146347046,-0.0253418125212192,0.0742850750684738,0.746597766876221,0.660629570484161
-0.560905694961548,0.114560030400753,1.4111123085022,-0.0266502704471349,0.0826457291841507,0.744315922260284,0.662158012390137
-0.560905694961548,0.114560030400753,1.4111123085022,-0.0266502704471349,0.0826457291841507,0.744315922260284,0.662158012390137
-0.560690820217133,0.114548109471798,1.41090357303619,-0.0259654726833105,0.0830326005816459,0.752964198589325,0.652285516262054
-0.560661375522614,0.113459795713425,1.41111481189728,-0.0246712118387222,0.0891079828143119,0.750206112861633,0.654707610607147
-0.560170829296112,0.113872781395912,1.41124081611633,-0.0252508465200662,0.085853062570095,0.757122337818146,0.647114813327789
-0.560191571712494,0.113336704671383,1.41117477416992,-0.0236965660005807,0.086675152182579,0.758489489555359,0.645460903644562
-0.560086190700531,0.112884476780891,1.41111063957214,-0.0236017480492591,0.0871076211333274,0.762081623077393,0.641160547733307
-0.560052573680878,0.112045608460903,1.4111921787262,-0.0245006419718265,0.0905979573726654,0.765181243419647,0.63693755865097
-0.559810161590576,0.111580386757851,1.41129636764526,-0.0242018569260835,0.0912513956427574,0.76738429069519,0.634199321269989
-0.559856235980988,0.109754368662834,1.41140151023865,-0.0231541246175766,0.0987572073936462,0.763897895812988,0.637315452098846
-0.559856235980988,0.109754368662834,1.41140151023865,-0.0231541246175766,0.0987572073936462,0.763897895812988,0.637315452098846
-0.559634923934937,0.109363049268723,1.41141176223755,-0.0214139018207788,0.0943930298089981,0.774565994739532,0.625043094158173
-0.559662163257599,0.1075444445014,1.41162467002869,-0.0202847644686698,0.101081170141697,0.770405232906342,0.62916362285614
-0.559493839740753,0.106855668127537,1.41159379482269,-0.0194158144295215,0.101609438657761,0.773184359073639,0.625687181949615
-0.559320569038391,0.106326013803482,1.41182613372803,-0.0186560004949569,0.0991222560405731,0.776057243347168,0.622544765472412
-0.559320569038391,0.106326013803482,1.41182613372803,-0.0186560004949569,0.0991222560405731,0.776057243347168,0.622544765472412
-0.559199690818787,0.104442678391933,1.41180300712585,-0.0172623805701732,0.102103687822819,0.779259979724884,0.618086516857147
-0.559239029884338,0.10327135771513,1.41191303730011,-0.0166876893490552,0.101853542029858,0.780560255050659,0.616500735282898
-0.559250831604004,0.1032839640975,1.41182470321655,-0.0161809418350458,0.0965278595685958,0.787311255931854,0.608737587928772
-0.559218287467957,0.102309055626392,1.41190147399902,-0.0153170088306069,0.0969137921929359,0.788554251194,0.607087552547455
-0.559142827987671,0.101417496800423,1.41197288036346,-0.0141789577901363,0.0966094359755516,0.790268957614899,0.604930281639099
-0.55913233757019,0.100631207227707,1.41224980354309,-0.012727110646665,0.0957594141364097,0.791886866092682,0.602978825569153
-0.559026539325714,0.0997703522443771,1.41207659244537,-0.0123240761458873,0.0945991203188896,0.793485701084137,0.601065337657928
-0.559120714664459,0.0983888655900955,1.41216993331909,-0.0134523324668407,0.0969871506094932,0.795104563236237,0.598515808582306
-0.559281587600708,0.0973385423421859,1.41234040260315,-0.009389023296535,0.0979958623647689,0.793873727321625,0.600060999393463
-0.559368908405304,0.0962086915969848,1.41206920146942,-0.009100635536015,0.0969682037830352,0.794247210025787,0.59973806142807
-0.5594083070755,0.0952282547950744,1.41207313537598,-0.0084381215274333,0.0964519158005714,0.795182406902313,0.598590731620789
-0.559514760971069,0.0942966118454933,1.41208636760712,-0.0071921716444194,0.0959322527050972,0.796191096305847,0.597348392009735
-0.559729635715485,0.093434602022171,1.41266012191772,-0.0051942318677902,0.0957603082060813,0.796963572502136,0.596365809440613
-0.559804975986481,0.09253441542387,1.41239321231842,-0.0047192280180752,0.0948774069547653,0.797999739646912,0.595123946666718
-0.560021698474884,0.0916993394494056,1.4124436378479,-0.0033262574579566,0.0940699130296707,0.798964202404022,0.59396630525589
-0.560242056846619,0.0907089635729789,1.41230189800262,-0.002698787022382,0.0930380225181579,0.800057172775269,0.592659473419189
-0.560472190380096,0.0896397829055786,1.41231870651245,-0.0018801377154886,0.0928899124264717,0.800772786140442,0.591718673706055
-0.560508131980896,0.0888717323541641,1.41229796409607,-0.0010510043939575,0.09189173579216,0.801501214504242,0.590889751911163
-0.560838460922241,0.0879466831684112,1.41227579116821,-4.97046712553129e-05,0.0918887704610824,0.801911413669586,0.590334236621857
-0.561026155948639,0.0870648175477981,1.41215693950653,0.0004937578924,0.0909467414021492,0.802989959716797,0.589012384414673
-0.561026155948639,0.0870648175477981,1.41215693950653,0.0004937578924,0.0909467414021492,0.802989959716797,0.589012384414673
-0.561756610870361,0.0852603018283844,1.41229772567749,0.002632487565279,0.0900632962584495,0.804154932498932,0.587551295757294
-0.561917841434479,0.0845035165548324,1.41234993934631,0.0033997709397226,0.0885756984353065,0.80531245470047,0.586186647415161
-0.562211751937866,0.08365099132061,1.41232776641846,0.0039951959624886,0.0889473557472229,0.806577622890472,0.584384322166443
-0.562590062618256,0.0830327421426773,1.41233360767365,0.0053862137719988,0.0874110460281372,0.808145701885223,0.582435250282288
-0.56292200088501,0.0817111656069755,1.41209936141968,0.0051346821710467,0.0873434841632843,0.808227598667145,0.582334101200104
-0.56330943107605,0.0811951160430908,1.41209495067596,0.006476099602878,0.0864268019795417,0.80866664648056,0.581847786903381
-0.563565075397491,0.0805577188730239,1.41231608390808,0.0074791791848838,0.0849888622760772,0.809929370880127,0.58028906583786
-0.563853681087494,0.079792596399784,1.41231954097748,0.0082030771300196,0.0842837542295456,0.810525000095367,0.57955002784729
-0.564194142818451,0.0790700614452362,1.41204476356506,0.0085687283426523,0.0835177302360534,0.811506450176239,0.578280806541443
-0.564665913581848,0.0776897892355918,1.41211318969727,0.0089405300095677,0.085045039653778,0.812594532966614,0.576521992683411
-0.564915597438812,0.0771648287773132,1.41194796562195,0.0096593862399458,0.0833260416984558,0.813250541687012,0.575835883617401
-0.5653195977211,0.0764155462384224,1.41192150115967,0.0104520404711365,0.0827629789710044,0.814134240150452,0.574653387069702
-0.56566196680069,0.0756955817341804,1.41196179389954,0.0110425632447004,0.0819839313626289,0.814787447452545,0.573827803134918
-0.566130936145782,0.0748885571956634,1.41223001480103,0.0119807245209813,0.0814808085560798,0.815643727779388,0.572662770748138
-0.566624820232391,0.0734161362051963,1.41183471679688,0.011693250387907,0.0836630910634994,0.816308557987213,0.571405410766602
-0.566919386386871,0.0733867287635803,1.41196012496948,0.0132718794047832,0.0800339877605438,0.817553699016571,0.570109128952026
-0.567272365093231,0.0725623741745948,1.4119461774826,0.0136000253260135,0.0793463885784149,0.818062961101532,0.569466769695282
-0.567272365093231,0.0725623741745948,1.4119461774826,0.0136000253260135,0.0793463885784149,0.818062961101532,0.569466769695282
-0.568041503429413,0.0710266679525375,1.41186559200287,0.0144857289269566,0.0774846896529197,0.81962639093399,0.567449510097504
-0.568367838859558,0.0703256800770759,1.41182088851929,0.0148324202746152,0.0761564746499061,0.820397317409515,0.566505551338196
-0.568865716457367,0.069416731595993,1.41182363033295,0.0153333730995655,0.0763883367180824,0.820597290992737,0.566171228885651
-0.569099605083466,0.0687489509582519,1.41177535057068,0.0151846073567867,0.0744092985987663,0.821357011795044,0.565336525440216
-0.569610297679901,0.0678986385464668,1.4117546081543,0.0159135721623897,0.0742135271430015,0.821687936782837,0.564861118793488
-0.569988250732422,0.0668112710118293,1.41170358657837,0.015831409022212,0.073495976626873,0.822458446025848,0.56383490562439
-0.57027268409729,0.0662276148796081,1.4115926027298,0.0160475987941026,0.0717949941754341,0.823271751403809,0.562860250473022
-0.570713758468628,0.0655198320746421,1.4115823507309,0.0165892988443374,0.0710431337356567,0.823812127113342,0.562148809432983
-0.571175754070282,0.0647723898291587,1.41149258613586,0.0169895142316818,0.0701577812433242,0.824403643608093,0.561380386352539
-0.571322679519653,0.0644613429903984,1.41145026683807,0.0173633377999067,0.067694291472435,0.824462950229645,0.56158435344696
-0.572035849094391,0.0635506510734558,1.41151833534241,0.018044764176011,0.0680436715483665,0.824835181236267,0.560973703861237
-0.572424232959747,0.0628945454955101,1.4114682674408,0.0182563588023185,0.0672329366207122,0.82519394159317,0.560536742210388
-0.572802722454071,0.0619477741420269,1.4113951921463,0.0183226857334375,0.0683758631348609,0.824337422847748,0.561655461788177
-0.573194861412048,0.0616762675344944,1.41137206554413,0.0188667364418506,0.065354086458683,0.825732588768005,0.559945166110992
-0.5734703540802,0.0612729080021381,1.41142320632935,0.0194534622132778,0.0635781362652778,0.825785398483276,0.560051679611206
-0.573704302310944,0.0608749240636825,1.41136062145233,0.0194864980876445,0.0627902671694755,0.826732695102692,0.558740258216858
-0.574392914772034,0.0598323978483676,1.41133785247803,0.0195534043014049,0.0632798746228218,0.826251089572906,0.559394896030426
-0.574661135673523,0.0593059957027435,1.41127622127533,0.0193317234516143,0.0622989386320114,0.826258420944214,0.559501767158508
-0.57495105266571,0.0588743686676025,1.41125166416168,0.0192709118127822,0.0611115582287311,0.826413214206696,0.559406161308289
-0.575378596782684,0.0583732388913631,1.41130447387695,0.0197619795799255,0.0605501420795917,0.826586544513702,0.559194028377533
-0.575810670852661,0.0579067692160606,1.41122472286224,0.0201177261769771,0.0606646724045276,0.827427387237549,0.557923913002014
-0.576026618480682,0.0574044547975063,1.4111795425415,0.0193909090012311,0.0588756203651428,0.826708436012268,0.559205591678619
-0.576323568820953,0.0569314435124397,1.41108345985413,0.019084570929408,0.0584235340356826,0.826846420764923,0.559059500694275
-0.576733410358429,0.0564205236732959,1.41106152534485,0.0189245399087667,0.0581985190510749,0.826844751834869,0.559090793132782
-0.576987564563751,0.0560712553560733,1.41109836101532,0.0186621397733688,0.0570310279726982,0.827166259288788,0.558744311332703
-0.57728785276413,0.055705040693283,1.41109764575958,0.0185933150351047,0.0564514137804508,0.82713794708252,0.558847486972809
-0.577707946300507,0.0552275851368904,1.41096925735474,0.0183272864669561,0.0565056018531322,0.82730233669281,0.558607220649719
-0.578189432621002,0.0548898726701736,1.4109810590744,0.0185726154595613,0.0571586042642593,0.828461408615112,0.556812107563019
-0.578331470489502,0.0544280149042606,1.4108738899231,0.017591455951333,0.0556096024811267,0.827718138694763,0.558104693889618
-0.578637659549713,0.0540523566305637,1.41084337234497,0.0172922108322381,0.0553344935178756,0.827921807765961,0.557839214801788
-0.579068958759308,0.0536970570683479,1.41075277328491,0.0171498972922563,0.0550914630293846,0.828301250934601,0.557304203510284
-0.579422533512115,0.0533714480698108,1.4109513759613,0.0172878801822662,0.0547534674406051,0.828489184379578,0.557053744792938
-0.579618752002716,0.0530810207128524,1.41061568260193,0.0164051279425621,0.0543372556567192,0.828721702098846,0.556775271892548
-0.579995095729828,0.0526990070939064,1.41060090065002,0.0149416932836174,0.0556413270533084,0.830165445804596,0.554532408714294
-0.580372512340546,0.0524626225233078,1.41056275367737,0.0153298247605562,0.0548240467905998,0.830124080181122,0.554665207862854
-0.580663979053497,0.0520910583436489,1.41050481796265,0.014605457894504,0.053663682192564,0.829586505889893,0.55560165643692
-0.581148862838745,0.0516381077468395,1.41050481796265,0.0140067907050251,0.0550376065075397,0.830574512481689,0.55400413274765
-0.581489324569702,0.0514496937394142,1.4104608297348,0.0144738173112273,0.0540531165897846,0.830620467662811,0.554020285606384
-0.581665873527527,0.0511417537927627,1.41043829917908,0.0130388205870985,0.0534716136753559,0.831381976604462,0.552969217300415
-0.581665873527527,0.0511417537927627,1.41043829917908,0.0130388205870985,0.0534716136753559,0.831381976604462,0.552969217300415
-0.582585453987122,0.0500460155308246,1.41036117076874,0.0130564728751778,0.0542903169989585,0.829727947711945,0.555367946624756
-0.582887351512909,0.0498484671115875,1.41031038761139,0.012523422949016,0.0533298775553703,0.83014714717865,0.55484664440155
-0.583381116390228,0.0495470352470874,1.41038000583649,0.0128274895250797,0.0538616552948951,0.830762207508087,0.553867161273956
-0.583662152290344,0.0491949766874313,1.41032660007477,0.0120960846543312,0.0527521781623363,0.830181002616882,0.554860770702362
-0.584047198295593,0.049010757356882,1.41022264957428,0.0119584621861577,0.0524768196046352,0.831302642822266,0.553208112716675
-0.584555804729462,0.0486288256943225,1.4101996421814,0.0118361143395304,0.0522884801030159,0.831250369548798,0.553306937217712
-0.584884285926819,0.0484019294381141,1.41015470027924,0.0114388111978769,0.0514169931411743,0.831426918506622,0.553131759166718
-0.585265100002289,0.048367153853178,1.41008865833282,0.0111640663817524,0.0490962713956832,0.83217865228653,0.552217185497284
-0.58559113740921,0.0480077937245368,1.4100923538208,0.0105806924402713,0.0478565208613872,0.831431448459625,0.553461492061615
-0.586020290851593,0.0477328784763813,1.4100250005722,0.0103168105706572,0.0479422807693481,0.832141697406769,0.552390575408936
-0.586362779140472,0.0474241711199283,1.41008186340332,0.0100374491885304,0.0472854301333427,0.831777453422546,0.553000569343567
-0.587024450302124,0.0479706414043903,1.4100786447525,0.0122800283133983,0.0452371686697006,0.8304283618927,0.555150032043457
-0.587196826934814,0.0468314699828624,1.40997076034546,0.0096710165962576,0.0462543629109859,0.83146733045578,0.553560435771942
-0.587469220161438,0.0464601851999759,1.40968489646912,0.0086148018017411,0.0454801023006439,0.831099390983582,0.554194152355194
-0.587794542312622,0.0462449751794338,1.40981364250183,0.0085380189120769,0.0445918329060077,0.830674529075623,0.554904103279114
-0.588144958019257,0.0459844917058944,1.40980517864227,0.0081218434497714,0.0437836311757564,0.83056652545929,0.555136322975159
-0.588981688022614,0.0465161129832267,1.40983736515045,0.0109911020845174,0.0426361560821533,0.82945454120636,0.556836366653442
-0.589001595973969,0.0452686809003353,1.40976905822754,0.007741724140942,0.0432260930538177,0.829325616359711,0.55703741312027
-0.589283466339111,0.0450076796114444,1.40969336032867,0.0073255253955721,0.0424354411661624,0.828980326652527,0.557617485523224
-0.589636385440826,0.0447658523917198,1.40966546535492,0.0070570660755038,0.0415251515805721,0.828740835189819,0.558045327663422
-0.590103685855865,0.0443219132721424,1.40953612327576,0.006734057329595,0.0416292808949947,0.828109979629517,0.55897730588913
-0.590436935424805,0.0439940989017486,1.40943968296051,0.0060779647901654,0.041067287325859,0.827553808689117,0.559849262237549
-0.591116547584534,0.0447183102369308,1.40944373607635,0.0088095543906092,0.039315178990364,0.826554536819458,0.561412751674652
-0.591116547584534,0.0447183102369308,1.40944373607635,0.0088095543906092,0.039315178990364,0.826554536819458,0.561412751674652
-0.591794192790985,0.0443228110671043,1.40932047367096,0.0085488697513937,0.0378767922520637,0.825566291809082,0.562967717647552
-0.591794192790985,0.0443228110671043,1.40932047367096,0.0085488697513937,0.0378767922520637,0.825566291809082,0.562967717647552
-0.592489778995514,0.0437003597617149,1.40914797782898,0.008080611936748,0.0365262776613235,0.823686599731445,0.565809905529022
-0.592646896839142,0.0434820689260959,1.40914463996887,0.0071363183669745,0.0366090089082717,0.824169218540192,0.565114140510559
-0.592617750167847,0.0425394475460052,1.40904903411865,0.0046864729374647,0.0360797978937625,0.823670625686646,0.565900146961212
-0.592820048332214,0.0422836691141128,1.40899586677551,0.0036103690508753,0.0358810648322105,0.823436081409454,0.566261947154999
-0.593191087245941,0.0421096310019493,1.40895080566406,0.0044137598015367,0.0349607318639755,0.822685539722443,0.567403674125671
-0.593587696552277,0.0418012700974941,1.40941095352173,0.0057186754420399,0.0335493236780166,0.821025013923645,0.569876849651337
-0.593876421451569,0.0417955592274665,1.40934610366821,0.0045246542431414,0.0321010202169418,0.821963310241699,0.568617105484009
-0.594057261943817,0.041334830224514,1.40879285335541,0.0037597236223518,0.0329991020262241,0.820269167423248,0.571012735366821
-0.594760358333588,0.0418091304600238,1.40876424312592,0.0073500256985425,0.0317056737840175,0.819048225879669,0.572800934314728
-0.595028519630432,0.0415723100304603,1.4087438583374,0.0074375127442181,0.0313240885734558,0.818497478961945,0.573607265949249
-0.595355629920959,0.0413647815585136,1.40881025791168,0.0076256557367742,0.0308778192847967,0.817726910114288,0.574726998806
-0.595594525337219,0.0411323383450508,1.40865051746368,0.0072241351008415,0.0303314812481403,0.817196011543274,0.575515985488892
-0.595455348491669,0.0400517545640468,1.40853583812714,0.0041713905520737,0.0309472419321537,0.817029654979706,0.575749337673187
-0.595618903636932,0.0401027724146842,1.40855073928833,0.0041571068577468,0.0292212609201669,0.816893875598907,0.576032400131226
-0.595618903636932,0.0401027724146842,1.40855073928833,0.0041571068577468,0.0292212609201669,0.816893875598907,0.576032400131226
-0.596146047115326,0.0393410883843898,1.40841042995453,0.0039170277304947,0.030251532793045,0.814591884613037,0.579231917858124
-0.596350014209747,0.0391406007111072,1.40831828117371,0.003670873818919,0.029657743871212,0.814091980457306,0.579966604709625
-0.596541166305542,0.0395831353962421,1.40830433368683,0.0032646628096699,0.0252173151820898,0.81633734703064,0.577015399932861
-0.596800267696381,0.0394790321588516,1.40831077098846,0.0035815723240375,0.0245989710092544,0.815790057182312,0.577813744544983
-0.596999824047089,0.0388181470334529,1.40813422203064,0.0034762013237923,0.0266327783465385,0.813612520694733,0.580786943435669
-0.597311556339264,0.0387792587280273,1.40809297561646,0.0036340006627142,0.0256304610520601,0.81327897310257,0.581297755241394
-0.597533822059631,0.0386502407491207,1.40807592868805,0.0037568705156445,0.0253496468067169,0.812935531139374,0.581789553165436
-0.598302841186523,0.0389543659985065,1.40818130970001,0.007058841176331,0.026070324704051,0.811767935752869,0.583355188369751
-0.59803968667984,0.0383307337760925,1.40802371501923,0.0040563796646893,0.0249247159808874,0.812167704105377,0.582877278327942
-0.598225116729736,0.0381758548319339,1.40792274475098,0.0039070062339305,0.0244867261499166,0.811608791351318,0.583674907684326
-0.598420083522797,0.0378334745764732,1.40776836872101,0.0037170608993619,0.0250413604080677,0.810909271240234,0.584624111652374
-0.598669230937958,0.0376230366528034,1.40774738788605,0.0041387379169464,0.02593026868999,0.809602499008179,0.586391031742096
-0.598858058452606,0.0374110378324985,1.40758204460144,0.0028967757243663,0.0263145584613084,0.808518409729004,0.587875187397003
-0.599121332168579,0.0373027324676513,1.4075118303299,0.0043551065027713,0.0262222178280353,0.808607339859009,0.587747931480408
-0.599258899688721,0.0372242890298366,1.40739059448242,0.0043359990231692,0.0259027238935232,0.808217406272888,0.588298320770264
-0.59926962852478,0.037212286144495,1.40730440616608,0.0042265593074262,0.0255793575197458,0.807839751243591,0.588831722736359
-0.599391520023346,0.0371433533728122,1.40725338459015,0.0044402373023331,0.0257526207715272,0.807530760765076,0.589246332645416
-0.599391520023346,0.0371433533728122,1.40725338459015,0.0044402373023331,0.0257526207715272,0.807530760765076,0.589246332645416
-0.599608778953552,0.0370441786944866,1.40723896026611,0.0053359023295342,0.0265181176364421,0.806856155395508,0.590128481388092
-0.599676012992859,0.0370306186378002,1.40716123580933,0.0056391963735222,0.0268094576895236,0.806753814220428,0.590252280235291
-0.599676012992859,0.0370306186378002,1.40716123580933,0.0056391963735222,0.0268094576895236,0.806753814220428,0.590252280235291
-0.599728167057037,0.037588108330965,1.40714073181152,0.0060115712694823,0.0239975042641162,0.809770464897156,0.586225152015686
-0.599752306938171,0.0376271307468414,1.40709924697876,0.0066641708835959,0.0248237214982509,0.810027837753296,0.585827946662903
-0.59987860918045,0.0375728234648704,1.40707182884216,0.0077577852644026,0.0263967048376798,0.810249865055084,0.58543848991394
-0.599843561649323,0.0375649407505989,1.40701687335968,0.0084725376218557,0.0274877287447452,0.810457050800323,0.585091531276703
-0.599663972854614,0.0371583476662635,1.40695595741272,0.0094287917017936,0.0307913478463888,0.809188485145569,0.586666107177734
-0.599586308002472,0.0376519151031971,1.40692758560181,0.0104170879349112,0.0296905133873224,0.811618506908417,0.583339929580688
-0.599448204040527,0.037650678306818,1.4069002866745,0.0112965209409594,0.0311109628528356,0.81215626001358,0.582500398159027
-0.599448204040527,0.037650678306818,1.4069002866745,0.0112965209409594,0.0311109628528356,0.81215626001358,0.582500398159027
-0.599007427692413,0.0373331159353256,1.40681231021881,0.0144529808312654,0.0373795069754123,0.811228573322296,0.583354234695435
-0.598714470863342,0.0380085073411464,1.40677201747894,0.0156577602028846,0.0351218730211257,0.815097391605377,0.578046381473541
-0.598531067371368,0.0380565747618675,1.40673267841339,0.0177026819437742,0.0371344648301601,0.816102981567383,0.576440453529358
-0.598241031169891,0.037546083331108,1.40667748451233,0.0198273230344057,0.0425579212605953,0.81443589925766,0.578351020812988
-0.59794157743454,0.0381182543933391,1.40662634372711,0.02131331525743,0.0412457808852195,0.818314492702484,0.572892665863037
-0.597595036029816,0.0376686565577983,1.4065009355545,0.0237308014184236,0.0466535240411758,0.817038178443909,0.57420289516449
-0.597761273384094,0.0389470010995864,1.40654873847961,0.0289641581475734,0.0453318729996681,0.820491850376129,0.569121599197388
-0.597243666648865,0.0386670641601085,1.40644574165344,0.0314496532082557,0.0494063980877399,0.820315957069397,0.568903923034668
-0.596606612205505,0.0389880500733852,1.40636253356934,0.0325744450092315,0.0489995367825031,0.823580503463745,0.564139306545258
-0.596076667308807,0.0386029258370399,1.40628063678741,0.0350080132484436,0.0533168241381645,0.823194742202759,0.564165055751801
-0.595672965049744,0.0391900353133678,1.40624284744263,0.0380453020334243,0.0533818826079368,0.826571345329285,0.559001624584198
-0.595139622688293,0.0394093580543994,1.40618908405304,0.0411077365279197,0.0550184398889541,0.828288078308105,0.556077301502228
-0.59458863735199,0.0398338809609413,1.40611815452576,0.0449943579733371,0.0562607012689113,0.829582095146179,0.553718209266663
-0.594032168388367,0.0395961515605449,1.4060560464859,0.0471187159419059,0.0598131977021694,0.830672800540924,0.551529705524445
-0.593391835689545,0.0396980382502079,1.40597856044769,0.0504455529153347,0.0621094442903995,0.832077264785767,0.548857986927032
-0.592742443084717,0.0394740998744964,1.40589320659637,0.0539482571184635,0.0659537985920906,0.832269430160522,0.547783970832825
-0.592190206050873,0.0400262027978897,1.40582823753357,0.0576043985784053,0.0664701834321022,0.835019946098328,0.543143749237061
-0.59152364730835,0.0401384271681308,1.40582287311554,0.0613992661237716,0.0685645267367363,0.836627721786499,0.539984345436096
-0.590368866920471,0.0396199561655521,1.40559113025665,0.0621745809912681,0.0707151144742965,0.838579058647156,0.536580681800842
-0.589975297451019,0.0399748794734478,1.40566384792328,0.067083865404129,0.0732216387987136,0.839588761329651,0.534068524837494
-0.589023113250732,0.0395354256033897,1.40558433532715,0.0701799616217613,0.0782491266727447,0.838509261608124,0.53465324640274
-0.58804851770401,0.0406214445829391,1.40548026561737,0.0731576085090637,0.0744233056902885,0.842342555522919,0.528742074966431
-0.587461888790131,0.0404498651623725,1.40552568435669,0.0761187747120857,0.0769065245985984,0.843812525272369,0.525615632534027
-0.586693584918976,0.0405523739755153,1.40548348426819,0.0794277116656303,0.0782468616962432,0.844975471496582,0.523053705692291
-0.585758626461029,0.0406248681247234,1.40538167953491,0.0816292613744735,0.0789481103420257,0.84589809179306,0.521114528179169
-0.585083425045013,0.0406111702322959,1.40533554553986,0.0842998102307319,0.0803791210055351,0.846937537193298,0.518777191638947
-0.584225952625275,0.0407651178538799,1.40526950359344,0.0869002491235733,0.0805152952671051,0.847998678684235,0.516588687896729
-0.58310079574585,0.0412299074232578,1.40509140491486,0.0889901891350746,0.0792827308177948,0.848872363567352,0.514986038208008
-0.582545936107635,0.0409682877361774,1.40504145622253,0.0909618362784385,0.0810096338391304,0.849808573722839,0.512824237346649
-0.58165180683136,0.040386751294136,1.40491187572479,0.0926914289593696,0.0846295356750488,0.848096072673798,0.514761328697205
-0.580756366252899,0.0413318872451782,1.40478229522705,0.0948037281632423,0.0797792971134185,0.851159453392029,0.510073661804199
-0.580204427242279,0.0411220304667949,1.40466439723969,0.0960468128323555,0.0804824829101562,0.851997792720795,0.508328139781952
-0.579470217227936,0.0412230528891086,1.40456461906433,0.0976207554340362,0.0802076384425163,0.852771103382111,0.506772458553314
-0.578602850437164,0.0413873828947544,1.40452992916107,0.0990456566214561,0.0794083178043365,0.853275179862976,0.505772531032562
-0.577673673629761,0.0417321361601352,1.40447020530701,0.100487075746059,0.0782586708664894,0.853521764278412,0.505250930786133
-0.576974332332611,0.0417999885976314,1.40442681312561,0.101642176508904,0.0782286524772644,0.853798031806946,0.504557311534882
-0.576487302780151,0.0416811257600784,1.40440881252289,0.102831855416298,0.079102024435997,0.854235291481018,0.503438770771027
-0.575760126113892,0.0417940579354763,1.4043790102005,0.103912852704525,0.0790860131382942,0.85467004776001,0.502480566501617
-0.575157046318054,0.0419026799499988,1.40440118312836,0.105211734771729,0.0792315080761909,0.854832589626312,0.501910507678986
-0.574207901954651,0.0416391193866729,1.40432786941528,0.105940125882625,0.0823962464928627,0.852904200553894,0.504521489143372
-0.573508679866791,0.0418846830725669,1.40429186820984,0.106928952038288,0.0826286822557449,0.853245198726654,0.503697752952576
-0.572853088378906,0.0420221425592899,1.4042741060257,0.107645064592361,0.0831158012151718,0.853664994239807,0.502752900123596
-0.572380244731903,0.0425958633422851,1.40434050559998,0.110425859689712,0.0843709409236908,0.855680525302887,0.498496323823929
-0.571905732154846,0.0433868914842605,1.40441501140594,0.111456573009491,0.0810763835906982,0.858222484588623,0.494427233934402
-0.571232080459595,0.0437256135046482,1.40448999404907,0.112497955560684,0.0816041752696037,0.858887076377869,0.492948293685913
-0.570667386054993,0.0439173132181167,1.40452480316162,0.113291598856449,0.0826507657766342,0.859074771404266,0.492264717817307
-0.570114135742188,0.0442300885915756,1.40465998649597,0.114693202078342,0.0833363905549049,0.859677374362946,0.490770131349564
-0.569328904151917,0.0449393950402736,1.40502154827118,0.11624464392662,0.0829795226454734,0.860179722309113,0.489584028720856
-0.568624198436737,0.044633787125349,1.40507137775421,0.117237538099289,0.0877750962972641,0.858710646629333,0.491087526082992
-0.568026781082153,0.0455499663949012,1.4046379327774,0.117935165762901,0.0861785113811492,0.859184503555298,0.490373879671097
-0.567568600177765,0.0450558774173259,1.40460336208344,0.117944821715355,0.0898320227861404,0.86018294095993,0.487959623336792
-0.567276477813721,0.0458734929561615,1.40465092658997,0.11930339038372,0.0877496525645256,0.862886726856232,0.483211398124695
-0.567577362060547,0.0464579053223133,1.40494918823242,0.121898785233498,0.0882265046238899,0.862922847270966,0.482411623001099
-0.565734088420868,0.0459161177277565,1.4045090675354,0.118579901754856,0.0905343294143676,0.861013114452362,0.486208558082581
-0.566081762313843,0.0468526370823383,1.40482640266418,0.121061958372593,0.088260993361473,0.86326390504837,0.482005834579468
-0.564744591712952,0.0470793582499027,1.4044908285141,0.118982948362827,0.0880312174558639,0.864314079284668,0.480681657791138
-0.564222872257233,0.0474640391767025,1.4044896364212,0.119956701993942,0.0884899124503135,0.865002572536469,0.479114234447479
-0.563630819320679,0.0479594431817531,1.4044748544693,0.120590776205063,0.0882834047079086,0.865495324134827,0.478102296590805
-0.563035786151886,0.0479459837079048,1.404261469841,0.120866395533085,0.0902828648686409,0.864805996417999,0.478906005620956
-0.562648057937622,0.0488891899585723,1.40450870990753,0.122542932629585,0.0881712958216667,0.866356134414673,0.476063072681427
-0.562191665172577,0.0493731163442134,1.40405380725861,0.122526668012142,0.0879062488675117,0.866966784000397,0.4750035405159
-0.56156986951828,0.0498303025960922,1.40441524982452,0.124350666999817,0.0897339209914207,0.864917278289795,0.477915227413177
-0.560940086841583,0.0504656583070755,1.40430045127869,0.125091314315796,0.0888813659548759,0.865257084369659,0.477265626192093
-0.560610592365265,0.0508766584098339,1.40471160411835,0.126334622502327,0.0883762910962104,0.867595732212067,0.47276508808136
-0.559955656528473,0.0515602976083755,1.40429794788361,0.126626938581467,0.0893847644329071,0.865525126457214,0.476279616355896
-0.559521317481995,0.0521195046603679,1.40438592433929,0.127458840608597,0.0896331965923309,0.865525126457214,0.47601106762886
-0.559196949005127,0.0526398532092571,1.40447390079498,0.128404468297958,0.090402714908123,0.865710198879242,0.475274235010147
-0.558999478816986,0.0535929016768932,1.40485846996307,0.132220566272736,0.0912824869155883,0.86705482006073,0.471594303846359
-0.558394908905029,0.0538792982697486,1.40474689006805,0.129447564482689,0.0894882231950759,0.868050754070282,0.47087499499321
-0.557803750038147,0.0545107722282409,1.40471029281616,0.130029603838921,0.0914113223552703,0.865617513656616,0.474807977676392
-0.557713508605957,0.0554979555308818,1.40481400489807,0.133434861898422,0.0924240872263908,0.867099702358246,0.470947027206421
-0.55753093957901,0.0559054836630821,1.40451800823212,0.133368104696274,0.0940093100070953,0.867236733436584,0.470399498939514
-0.55753093957901,0.0559054836630821,1.40451800823212,0.133368104696274,0.0940093100070953,0.867236733436584,0.470399498939514
-0.556599199771881,0.0575635023415088,1.40452098846436,0.133587688207626,0.0936865732073783,0.867340683937073,0.470209836959839
-0.55629700422287,0.0581311583518981,1.40445268154144,0.13344731926918,0.0944857373833656,0.867346525192261,0.470079064369202
-0.556500852108002,0.058316059410572,1.40460896492004,0.133428171277046,0.0956306532025337,0.869558811187744,0.465745776891708
-0.556302487850189,0.0589132122695446,1.40462386608124,0.133520632982254,0.0964810401201248,0.869663178920746,0.465348929166794
-0.555970847606659,0.0596274845302104,1.40457248687744,0.13342559337616,0.0967098698019981,0.869826972484589,0.465022414922714
-0.555518090724945,0.0596452765166759,1.40442335605621,0.132774174213409,0.101163320243359,0.867707490921021,0.468210101127625
-0.555395424365997,0.0602390393614769,1.40484774112701,0.133755519986153,0.102091699838638,0.867505013942719,0.468104511499405
-0.555515289306641,0.061942771077156,1.40457451343536,0.133707627654076,0.0973978117108345,0.870982944965363,0.462628066539764
-0.555116057395935,0.0616140253841877,1.40460741519928,0.130814954638481,0.0995442643761634,0.868810534477234,0.467061817646027
-0.554827153682709,0.0616426058113575,1.40458190441132,0.130531176924706,0.103622734546661,0.866953790187836,0.469696700572967
-0.554588973522186,0.0624482668936252,1.40467500686646,0.130589231848717,0.103288181126118,0.867264688014984,0.469180136919022
-0.554358661174774,0.0638379007577896,1.40476274490356,0.131283193826675,0.100482322275638,0.867243409156799,0.469634890556335
-0.554332673549652,0.0636106133460998,1.40481448173523,0.130667477846146,0.104103907942772,0.86714369058609,0.469201743602753
-0.554387509822845,0.0641110390424728,1.40472221374512,0.130614385008812,0.104605674743652,0.867238581180573,0.468929469585419
-0.554856181144714,0.0655059963464737,1.40493011474609,0.134217828512192,0.102279528975487,0.870758652687073,0.461848348379135
-0.554653346538544,0.0654511824250221,1.40476584434509,0.133419439196587,0.105906777083874,0.868698537349701,0.465130001306534
-0.554578304290771,0.0660899877548217,1.40476298332214,0.133417829871178,0.10573472827673,0.86882358789444,0.464936107397079
-0.554545044898987,0.0666102319955825,1.40491604804993,0.133609533309936,0.106215581297874,0.868726372718811,0.46495309472084
-0.554553747177124,0.0671138763427734,1.40500640869141,0.133688732981682,0.106477558612823,0.868667006492615,0.464981257915497
-0.554418683052063,0.0672525316476821,1.40490221977234,0.130910575389862,0.106112889945507,0.867256343364716,0.468474984169006
-0.554620921611786,0.0683146119117736,1.40512573719025,0.131553933024406,0.102712243795395,0.869210422039032,0.465421408414841
-0.554724037647247,0.0685302466154098,1.40522921085358,0.133808255195618,0.107098795473575,0.868192374706268,0.465690076351166
-0.554857611656189,0.06962151825428,1.40528845787048,0.133730471134186,0.103202439844608,0.870288670063019,0.462669461965561
-0.554883420467377,0.0700574144721031,1.40538740158081,0.13357138633728,0.103394575417042,0.870123267173767,0.462983459234238
-0.554914534091949,0.070419892668724,1.40543222427368,0.13335008919239,0.104059495031834,0.869690120220184,0.463711678981781
-0.555768191814423,0.0709374099969863,1.40581047534943,0.134813189506531,0.105149894952774,0.868894040584564,0.464534372091293
-0.555196046829224,0.0709927976131439,1.4056488275528,0.131215825676918,0.104986920952797,0.866150557994843,0.470684051513672
-0.554891109466553,0.0708810165524482,1.40569376945496,0.129974499344826,0.107497215270996,0.865119814872742,0.472354680299759
-0.554816365242004,0.0713853910565376,1.40563702583313,0.129424169659615,0.107460469007492,0.864747405052185,0.473195165395737
-0.555428326129913,0.0725997164845466,1.40593349933624,0.131558299064636,0.104028381407261,0.865969598293304,0.471133947372437
-0.555718779563904,0.0732819885015487,1.40603303909302,0.133527681231499,0.105238534510136,0.867237746715546,0.467967987060547
-0.555234968662262,0.0734288841485977,1.40591478347778,0.132027357816696,0.10573086887598,0.867319107055664,0.46813178062439
-0.555733025074005,0.0742594674229621,1.40612995624542,0.133079186081886,0.105154164135456,0.866644501686096,0.469211995601654
-0.555495917797089,0.0744538754224777,1.40604948997498,0.131925404071808,0.105461873114109,0.866504073143005,0.469727784395218
-0.555276334285736,0.074824757874012,1.406010389328,0.130999520421028,0.105720065534115,0.866264879703522,0.470369666814804
-0.555420994758606,0.0752700567245483,1.40600299835205,0.128419741988182,0.10401751846075,0.865520060062408,0.47282537817955
-0.555203557014465,0.0757215470075607,1.40594375133514,0.129888489842415,0.105838030576706,0.865235567092896,0.472540855407715
-0.555245041847229,0.0760858654975891,1.40607404708862,0.129868850111961,0.106303557753563,0.864646553993225,0.473518788814545
-0.555132865905762,0.0766171589493751,1.40605032444,0.129479482769966,0.106050863862038,0.864115536212921,0.474649995565414
-0.556043326854706,0.0771436095237732,1.40653157234192,0.13143664598465,0.106808230280876,0.862898647785187,0.476153582334518
-0.555124044418335,0.0774885416030883,1.40628278255463,0.129183769226074,0.106125608086586,0.862853348255157,0.477004259824753
-0.555173635482788,0.0771194323897361,1.40644443035126,0.128972679376602,0.110598638653755,0.860054433345795,0.481082588434219
-0.555173635482788,0.0771194323897361,1.40644443035126,0.128972679376602,0.110598638653755,0.860054433345795,0.481082588434219
-0.555124402046204,0.0779296904802322,1.4064576625824,0.125532016158104,0.107025824487209,0.85939884185791,0.483963787555695
-0.555041611194611,0.0784615501761436,1.40649724006653,0.125254884362221,0.106423363089561,0.858999311923981,0.484876871109009
-0.555225789546967,0.0791892409324646,1.40664303302765,0.12757009267807,0.106702528893948,0.859684348106384,0.482994079589844
-0.555286586284637,0.0795051977038383,1.40674018859863,0.127456024289131,0.106821097433567,0.85914021730423,0.483965277671814
-0.555311501026154,0.0797856375575065,1.40688681602478,0.127320811152458,0.10697840899229,0.858572900295258,0.484971821308136
-0.55532294511795,0.0800647810101509,1.40702104568481,0.127117723226547,0.107125706970692,0.858105659484863,0.485818773508072
-0.555335879325867,0.080255702137947,1.40715801715851,0.126934170722961,0.107640706002712,0.857195913791656,0.487356662750244
-0.55518364906311,0.0806683450937271,1.40721678733826,0.126477956771851,0.107011154294014,0.856565833091736,0.488719671964645
-0.5549675822258,0.0804062187671661,1.40730822086334,0.125654444098473,0.110240921378136,0.853646636009216,0.493300437927246
-0.555174708366394,0.0811562314629554,1.40744960308075,0.125704050064087,0.107032425701618,0.855046272277832,0.491567373275757
-0.555149912834167,0.0813954845070838,1.40757894515991,0.125343084335327,0.107024565339088,0.854493379592896,0.492621570825577
-0.554770946502686,0.0813813805580139,1.40757882595062,0.122038945555687,0.105820350348949,0.852459490299225,0.497213542461395
-0.554604828357697,0.0817405357956886,1.40764474868774,0.121503710746765,0.10531397163868,0.851901531219482,0.498407125473022
-0.554595470428467,0.0819269716739654,1.40777242183685,0.121208764612675,0.105445936322212,0.851370751857758,0.49935719370842
-0.554570496082306,0.0821289494633674,1.40791010856628,0.120952390134334,0.105499379336834,0.850840389728546,0.500311076641083
-0.555035352706909,0.082457959651947,1.40816533565521,0.123742535710335,0.107232391834259,0.85177743434906,0.497658759355545
-0.555021047592163,0.0826323702931404,1.40827393531799,0.123434953391552,0.107317872345447,0.851275324821472,0.498575001955032
-0.554821193218231,0.0829991921782493,1.40834200382233,0.12298634648323,0.106691531836987,0.850813627243042,0.499607384204865
-0.554855108261108,0.0831461995840072,1.40845775604248,0.122719429433346,0.106843218207359,0.850405633449554,0.500334680080414
-0.554761052131653,0.0833692327141761,1.40858244895935,0.122054167091846,0.10660794377327,0.849953353404999,0.501315176486969
-0.554780602455139,0.0834910050034523,1.40868067741394,0.121561489999294,0.106760509312153,0.84955769777298,0.502072513103485
-0.554839134216309,0.083629086613655,1.40872490406036,0.121007815003395,0.106659732758999,0.849055588245392,0.503075957298279
-0.554891645908356,0.0837396755814552,1.40884613990784,0.120593994855881,0.10683237016201,0.848642945289612,0.503834426403046
-0.55481618642807,0.0832600742578506,1.40893697738647,0.119850531220436,0.110650859773159,0.84579062461853,0.507967114448547
-0.554884850978851,0.0833770260214805,1.40905404090881,0.119279287755489,0.110730804502964,0.84541928768158,0.508701622486115
-0.555123865604401,0.083167053759098,1.40922772884369,0.118605092167854,0.111786350607872,0.845144271850586,0.509085297584534
-0.555106461048126,0.0837143510580062,1.40927624702454,0.11800143122673,0.110206454992294,0.845132946968079,0.509588599205017
-0.555282652378082,0.0837175101041793,1.40941274166107,0.117255516350269,0.110526703298092,0.844764947891235,0.510301113128662
-0.555623054504395,0.0841135159134864,1.4095458984375,0.116625614464283,0.107852660119533,0.846686720848083,0.507826745510101
-0.55577290058136,0.0841549932956695,1.40965819358826,0.115684628486633,0.107880167663097,0.846290647983551,0.508695602416992
-0.55579400062561,0.0843307599425315,1.40972459316254,0.114710956811905,0.107090592384338,0.84604823589325,0.509485423564911
-0.555883765220642,0.0843385532498359,1.40974855422974,0.113691113889217,0.106816120445728,0.845670342445374,0.510398268699646
-0.556191205978394,0.0840660259127616,1.40999186038971,0.113058350980282,0.107828140258789,0.845381081104279,0.510805189609528
-0.556372165679932,0.0840587168931961,1.41005945205688,0.112211368978024,0.107793718576431,0.845151007175446,0.511379539966583
-0.556570529937744,0.0840932577848434,1.41014754772186,0.111616641283035,0.107659831643104,0.844694197177887,0.512291669845581
-0.556928157806396,0.0840434804558754,1.41030299663544,0.111406579613686,0.108275577425957,0.844244301319122,0.512948989868164
-0.557079434394836,0.0840481221675872,1.41033792495728,0.110723555088043,0.108060702681541,0.843997299671173,0.513548314571381
-0.557252705097198,0.0840456783771514,1.41035199165344,0.110117718577385,0.107967466115951,0.84375661611557,0.514093279838562
-0.557343363761902,0.0835873186588287,1.41048610210419,0.109718792140484,0.11113179475069,0.841184437274933,0.51770681142807
-0.557499706745148,0.0837583690881729,1.41063916683197,0.10948421061039,0.110090106725693,0.84127551317215,0.517831027507782
-0.55772066116333,0.0836977362632751,1.41071164608002,0.108975179493427,0.110125608742237,0.840913534164429,0.518518328666687
-0.558047235012054,0.0838484615087509,1.4106879234314,0.108184091746807,0.108000315725803,0.842901468276978,0.515896558761597
-0.558192312717438,0.0837806537747383,1.41070628166199,0.107561700046062,0.107844822108746,0.842665374279022,0.516444683074951
-0.558417558670044,0.0837160870432853,1.41078853607178,0.107257910072803,0.108070455491543,0.842667400836945,0.516457259654999
-0.558526635169983,0.0833677947521209,1.41087126731873,0.106959789991379,0.11033471673727,0.840641915798187,0.519333243370056
-0.55873167514801,0.0832791477441787,1.41092920303345,0.106714800000191,0.11035930365324,0.840578973293304,0.519480466842651
-0.558845639228821,0.0837610065937042,1.41090106964111,0.106373816728592,0.106952577829361,0.84260755777359,0.51697039604187
-0.55903947353363,0.0836253613233566,1.41095340251923,0.106043718755245,0.106966689229011,0.842542290687561,0.51714164018631
-0.55944037437439,0.0833917409181594,1.41109764575958,0.106053166091442,0.107587046921253,0.842613697052002,0.516894578933716
-0.559636533260345,0.0832602828741073,1.41111171245575,0.105793297290802,0.107456654310226,0.842666327953339,0.516889095306396
-0.559703171253204,0.0831459984183311,1.4111533164978,0.105371095240116,0.106761962175369,0.842688858509064,0.517082571983337
-0.559906780719757,0.082964189350605,1.41119623184204,0.105215422809124,0.106619596481323,0.842774331569672,0.517004191875458
-0.560348868370056,0.0824556648731231,1.41133594512939,0.105091549456119,0.107698157429695,0.842953145503998,0.516514122486115
-0.560406625270844,0.0819399058818817,1.41136586666107,0.10321019589901,0.106422305107117,0.841325104236603,0.51980197429657
-0.560556054115295,0.0817261785268783,1.41140556335449,0.102924540638924,0.105969749391079,0.841222822666168,0.520116627216339
-0.560841083526611,0.0812456235289573,1.41148245334625,0.1043905839324,0.11035506427288,0.840562045574188,0.519980549812317
-0.561139583587646,0.0815114974975586,1.41151165962219,0.10433579236269,0.106640614569187,0.842977702617645,0.516846716403961
-0.561327874660492,0.0812348127365112,1.41153478622437,0.104050926864147,0.106290087103844,0.842842102050781,0.51719731092453
-0.561614811420441,0.0808822959661483,1.41162323951721,0.104141443967819,0.106455460190773,0.842888414859772,0.517069518566132
-0.5617516040802,0.0802537277340889,1.41166579723358,0.104039400815964,0.108738265931606,0.840959787368774,0.519748508930206
-0.561825573444366,0.0805458053946495,1.41156256198883,0.10365703701973,0.104781433939934,0.84302544593811,0.517285525798798
-0.562012553215027,0.0802799090743064,1.41160559654236,0.103556424379349,0.104201927781105,0.843011915683746,0.517444729804993
-0.562473475933075,0.0796907469630241,1.41171383857727,0.103737831115723,0.105143882334232,0.843166947364807,0.516965091228485
-0.562662959098816,0.0794112682342529,1.41170454025269,0.103589117527008,0.10466468334198,0.843418419361115,0.516681730747223
-0.562934219837189,0.0790793150663375,1.41177022457123,0.10378672927618,0.104474171996117,0.843501210212708,0.516545414924622
-0.562989056110382,0.0782009214162826,1.41171908378601,0.103269428014755,0.107747584581375,0.840994775295258,0.520051777362823
-0.563279867172241,0.0784931108355522,1.4117339849472,0.103217124938965,0.103448055684566,0.843774914741516,0.516419172286987
-0.56357616186142,0.0780571103096008,1.41177463531494,0.103139482438564,0.103540860116482,0.843684315681458,0.516564011573792
-0.563634157180786,0.077144831418991,1.41177451610565,0.102658115327358,0.106745146214962,0.841311454772949,0.519867062568665
-0.564012169837952,0.0772119015455246,1.41166114807129,0.102360941469669,0.103421553969383,0.843872785568237,0.516434848308563
-0.563945055007935,0.0771892815828323,1.4115846157074,0.101978026330471,0.10188115388155,0.843977570533752,0.51664537191391
-0.564355194568634,0.0765241086483001,1.41173458099365,0.101895347237587,0.103051945567131,0.844278156757355,0.515937924385071
-0.564451336860657,0.0762615352869033,1.41190421581268,0.101859904825687,0.10248851776123,0.844412684440613,0.5158371925354
-0.564451336860657,0.0762615352869033,1.41190421581268,0.101859904825687,0.10248851776123,0.844412684440613,0.5158371925354
-0.564790725708008,0.0748277902603149,1.41166627407074,0.100731633603573,0.105806462466717,0.842325627803802,0.518792510032654
-0.564790725708008,0.0748277902603149,1.41166627407074,0.100731633603573,0.105806462466717,0.842325627803802,0.518792510032654
-0.565062046051025,0.0743130221962928,1.41156148910522,0.0985182523727417,0.100546039640903,0.843704283237457,0.518023073673248
-0.565062046051025,0.0743130221962928,1.41156148910522,0.0985182523727417,0.100546039640903,0.843704283237457,0.518023073673248
-0.56526654958725,0.0729699432849884,1.41151213645935,0.0977166518568992,0.103473357856274,0.841569423675537,0.521062195301056
-0.56526654958725,0.0729699432849884,1.41151213645935,0.0977166518568992,0.103473357856274,0.841569423675537,0.521062195301056
-0.565496504306793,0.0729792490601539,1.41136002540588,0.0972217619419097,0.0981837213039398,0.844416737556458,0.517559945583344
-0.565671265125275,0.0725419893860817,1.41134977340698,0.0969526618719101,0.0979366600513458,0.844697773456573,0.517198622226715
-0.566103398799896,0.0711705908179283,1.4114408493042,0.0968760177493095,0.102885596454143,0.842308402061462,0.520140528678894
-0.566247820854187,0.0707724541425705,1.41142749786377,0.0968148559331893,0.102609686553478,0.842394888401031,0.520066380500793
-0.566548883914948,0.0709514617919921,1.41135931015015,0.096949279308319,0.0985561609268188,0.845199942588806,0.516260147094727
-0.566859304904938,0.070486269891262,1.41130590438843,0.0971884652972221,0.0986039415001869,0.845283031463623,0.516070067882538
-0.566969215869904,0.0694682896137237,1.41131031513214,0.0969733297824859,0.102180793881416,0.842834949493408,0.51940792798996
-0.567183911800385,0.0690979063510894,1.41127002239227,0.0970436483621597,0.101707436144352,0.843027412891388,0.519175231456757
-0.567647576332092,0.0692273154854774,1.41124320030212,0.0976012572646141,0.0980335399508476,0.845687389373779,0.515438139438629
-0.567572593688965,0.0691177695989608,1.41105592250824,0.0972208604216575,0.0964951515197753,0.845786690711975,0.515637099742889
-0.56789493560791,0.0685945376753807,1.41098046302795,0.0971004739403724,0.0967270284891128,0.845850706100464,0.515511453151703
-0.56789493560791,0.0685945376753807,1.41098046302795,0.0971004739403724,0.0967270284891128,0.845850706100464,0.515511453151703
-0.568604230880737,0.0675102919340133,1.41104280948639,0.0968732163310051,0.0973677188158035,0.845912218093872,0.515332520008087
-0.568801879882812,0.0671521201729774,1.4108921289444,0.0964569076895713,0.0968588069081306,0.845901906490326,0.515523433685303
-0.56899756193161,0.066795527935028,1.41083300113678,0.0960143283009529,0.0963772535324096,0.845645666122437,0.516116321086884
-0.56899756193161,0.066795527935028,1.41083300113678,0.0960143283009529,0.0963772535324096,0.845645666122437,0.516116321086884
-0.56935977935791,0.0655397251248359,1.41104567050934,0.0958469361066818,0.0996327996253967,0.842687785625458,0.52035003900528
-0.569386959075928,0.0661309510469436,1.41091918945312,0.0953894481062889,0.0941258370876312,0.844981133937836,0.517733633518219
-0.569534242153168,0.0658717826008796,1.41088938713074,0.0949054583907127,0.0933417975902557,0.844971299171448,0.517980515956879
-0.569690346717834,0.0655756518244743,1.41086971759796,0.0944045111536979,0.0929345414042472,0.844786882400513,0.518445909023285
-0.570199251174927,0.0641656965017318,1.41073048114777,0.0936493352055549,0.0983712896704673,0.842081427574158,0.521969318389893
-0.570589244365692,0.0643349289894104,1.4107791185379,0.0932902321219444,0.0946718081831932,0.844029128551483,0.519566118717194
-0.570703685283661,0.0640628486871719,1.41077435016632,0.0928163900971412,0.0943828895688057,0.84394359588623,0.519842505455017
-0.570860326290131,0.0638031214475631,1.41077744960785,0.092631347477436,0.0942156836390495,0.843891143798828,0.519990980625153
-0.570962131023407,0.0634860917925834,1.41077172756195,0.0919384062290191,0.0940521731972694,0.843865156173706,0.520185708999634
-0.571103155612946,0.0631530880928039,1.41077160835266,0.0916836708784103,0.0939843952655792,0.843842387199402,0.520279824733734
-0.571231007575989,0.0628551319241523,1.4107460975647,0.0913907513022422,0.0939607247710228,0.843790888786316,0.520419120788574
-0.571375608444214,0.062503881752491,1.4106513261795,0.0910247340798378,0.094095766544342,0.843766927719116,0.520497620105743
-0.571506440639496,0.0621762722730636,1.41063606739044,0.0908046066761016,0.0941357314586639,0.843864381313324,0.520370900630951
-0.571395814418793,0.0621380731463432,1.41048014163971,0.0904575139284133,0.0931028500199318,0.843928217887878,0.520513713359833
-0.57177346944809,0.0614690333604812,1.41051208972931,0.090406484901905,0.0943958982825279,0.843985021114349,0.52019739151001
-0.571914911270142,0.0611391589045524,1.41043269634247,0.0902567952871322,0.094090849161148,0.844170033931732,0.519978523254395
-0.572132885456085,0.0607003569602966,1.41041481494904,0.0903834626078605,0.0943884402513504,0.844214081764221,0.519831001758575
-0.572181522846222,0.0603680238127708,1.41035723686218,0.0902113541960716,0.0939778536558151,0.844228565692902,0.519911766052246
-0.572412073612213,0.0601366497576236,1.41023135185242,0.0911665484309196,0.0947452783584594,0.845514833927155,0.517510116100311
-0.572442889213562,0.0594300664961338,1.41015839576721,0.0913459360599517,0.0973366945981979,0.843332171440125,0.520550131797791
-0.572580456733704,0.05926214158535,1.41003942489624,0.0904975980520248,0.0934854745864868,0.844244956970215,0.519924283027649
-0.572802186012268,0.0588994920253753,1.40997588634491,0.0907088592648506,0.0932416468858718,0.844443202018738,0.519609093666077
-0.572952687740326,0.0585861504077911,1.40997469425201,0.0908949971199035,0.0929189026355743,0.844385087490082,0.51972883939743
-0.573143899440765,0.0582152307033538,1.40985226631165,0.0909042134881019,0.0927520841360092,0.844422459602356,0.519696295261383
-0.573151648044586,0.0580767467617988,1.40977370738983,0.0910659879446029,0.0916977152228355,0.844318509101868,0.520023941993713
-0.57324492931366,0.0577624961733818,1.40969383716583,0.0909919291734695,0.0912036523222923,0.84433901309967,0.520090460777283
-0.573589324951172,0.0571481473743915,1.40973210334778,0.0910944119095802,0.0917450711131095,0.844410061836243,0.51986175775528
-0.573689460754395,0.056847158819437,1.40966010093689,0.0908518880605697,0.0909380614757537,0.844185709953308,0.520410239696503
-0.573820173740387,0.0565700866281986,1.40966045856476,0.0908968895673751,0.0904564559459686,0.84416937828064,0.520512759685516
-0.573820173740387,0.0565700866281986,1.40966045856476,0.0908968895673751,0.0904564559459686,0.84416937828064,0.520512759685516
-0.574191153049469,0.0559606105089187,1.4095710515976,0.0909397453069686,0.0897034853696823,0.844095766544342,0.52075469493866
-0.574378192424774,0.0556751862168312,1.40953421592712,0.0909765362739563,0.0893128737807273,0.843990564346313,0.520986020565033
-0.574518859386444,0.0553956069052219,1.40946471691132,0.0907464250922203,0.0888078808784484,0.843902885913849,0.521254420280457
-0.574707746505737,0.0551341697573661,1.4094465970993,0.0906348899006843,0.0885436162352562,0.843782901763916,0.521513044834137
-0.574633121490479,0.0551612712442874,1.40934479236603,0.0901327207684516,0.086882010102272,0.843599796295166,0.522175252437592
-0.574797630310059,0.0549206584692001,1.40939331054688,0.0898391157388687,0.0864667147397995,0.843364894390106,0.522674024105072
-0.575214028358459,0.0544434413313865,1.40945315361023,0.0896809846162796,0.0870980024337768,0.842896997928619,0.523350715637207
-0.575581908226013,0.0538716167211532,1.40952432155609,0.0889927446842193,0.0878060534596443,0.842731058597565,0.523617088794708
-0.575604557991028,0.0531598404049873,1.40948224067688,0.0879350900650024,0.0906908586621284,0.840176582336426,0.52739542722702
-0.575882971286774,0.0534478425979614,1.40944015979767,0.0868560001254081,0.0868442133069038,0.842540323734283,0.524442493915558
-0.576064169406891,0.0532608814537525,1.40945541858673,0.0853169187903404,0.0865228250622749,0.842454969882965,0.524885237216949
-0.576331734657288,0.0529575385153293,1.40949583053589,0.083198606967926,0.0865445509552955,0.842109501361847,0.52577531337738
-0.576563537120819,0.0527075007557868,1.40948688983917,0.0806863382458686,0.086605504155159,0.841959595680237,0.526396512985229
-0.576415419578552,0.0523284077644348,1.40937149524689,0.0760755240917205,0.0859818011522293,0.842093288898468,0.526971161365509
-0.576761662960052,0.0520336665213108,1.4094260931015,0.0723991990089416,0.0866451859474182,0.842073798179626,0.527411282062531
-0.576894998550415,0.0517789050936698,1.40951025485992,0.0686090290546417,0.0868943482637405,0.842448770999908,0.527278304100037
-0.577193200588226,0.0515608079731464,1.40997660160065,0.0649237185716629,0.0878088325262069,0.842196583747864,0.527995765209198
-0.577129185199738,0.0509466081857681,1.40944814682007,0.0590154416859149,0.0911312997341156,0.839852571487427,0.531845986843109
-0.577955722808838,0.0518843308091163,1.40965187549591,0.0580804832279682,0.0902077704668045,0.83966189622879,0.53240692615509
-0.578491926193237,0.0514041185379028,1.40982043743134,0.0539196580648422,0.0927166044712066,0.839597702026367,0.532514810562134
-0.578868389129639,0.0513652339577674,1.40991592407227,0.0500002689659595,0.0932974517345428,0.83942049741745,0.533074855804443
-0.579225480556488,0.0510096028447151,1.41000723838806,0.045986071228981,0.0952918604016304,0.838859558105469,0.533965647220612
-0.579764664173126,0.0508762039244174,1.41015124320984,0.0431135222315788,0.0966102480888366,0.838739931583405,0.534156382083893
-0.579130470752716,0.050221174955368,1.40995419025421,0.0355229377746582,0.0959055870771408,0.839453756809235,0.53372061252594
-0.579552531242371,0.0501280613243579,1.41012787818909,0.033241581171751,0.0965402945876121,0.83918160200119,0.534180879592896
-0.580115556716919,0.0499994382262229,1.41030848026276,0.031230766326189,0.0980319753289222,0.840086698532104,0.532605648040771
-0.580492973327637,0.0499044246971607,1.41046106815338,0.0289515368640422,0.0984050035476684,0.840057790279388,0.532711267471313
-0.580772995948792,0.049897838383913,1.41054391860962,0.0271705947816371,0.0983428284525871,0.840097486972809,0.532753884792328
-0.580993831157684,0.0498183332383632,1.41062867641449,0.0252468846738338,0.0980452671647071,0.84033215045929,0.53253310918808
-0.581272602081299,0.0496650040149688,1.41078400611877,0.0240526590496301,0.0973187610507011,0.839468955993652,0.534080803394318
-0.58160001039505,0.0494965091347694,1.41078686714172,0.0230544004589319,0.0971576124429702,0.839870810508728,0.533522188663483
-0.581837832927704,0.0493038557469844,1.41082179546356,0.0221610274165868,0.0969225764274597,0.839990377426147,0.533414423465729
-0.582008421421051,0.0491877123713493,1.41083157062531,0.0215599369257688,0.0963484346866607,0.840361058712006,0.532959163188934
-0.582179188728333,0.0490457080304622,1.41084825992584,0.0211751647293567,0.0957907512784004,0.840677678585052,0.532575607299805
-0.582179188728333,0.0490457080304622,1.41084825992584,0.0211751647293567,0.0957907512784004,0.840677678585052,0.532575607299805
-0.582862198352814,0.0485024899244308,1.41087555885315,0.0213224925100803,0.0959687158465385,0.841141819953918,0.531804382801056
-0.583020627498627,0.0483421348035335,1.41086757183075,0.0213773064315319,0.0955007448792457,0.841343283653259,0.531567692756653
-0.583089888095856,0.0482065379619598,1.41088950634003,0.0213290117681026,0.0944385454058647,0.841704845428467,0.531186938285828
-0.583263337612152,0.0479041077196598,1.41086316108704,0.0216432865709066,0.095493845641613,0.842414140701294,0.52985942363739
-0.583345949649811,0.0476961284875869,1.41083121299744,0.0218007657676935,0.0939133986830711,0.842019081115723,0.530762612819672
-0.583430171012878,0.0477546900510787,1.4107506275177,0.0222926195710897,0.092205174267292,0.842527866363525,0.530234038829803
-0.583674252033234,0.0475126393139362,1.41073906421661,0.0230273976922035,0.0921559929847717,0.842523694038391,0.530217826366425
-0.583820760250092,0.0473186820745468,1.41073274612427,0.0236371289938688,0.0917821675539016,0.842554926872253,0.530206203460693
-0.583820760250092,0.0473186820745468,1.41073274612427,0.0236371289938688,0.0917821675539016,0.842554926872253,0.530206203460693
-0.584029257297516,0.0470071472227573,1.41052949428558,0.0244758799672126,0.0915746688842773,0.843624413013458,0.528500556945801
-0.584872603416443,0.0473114140331745,1.41057085990906,0.0281873643398284,0.0924661308526992,0.842779636383057,0.529507398605347
-0.584872603416443,0.0473114140331745,1.41057085990906,0.0281873643398284,0.0924661308526992,0.842779636383057,0.529507398605347
-0.584993183612823,0.0467937961220741,1.41051006317139,0.0290429536253213,0.0912104249000549,0.841936826705933,0.531017482280731
-0.58507776260376,0.0466105453670024,1.41044545173645,0.0295686796307563,0.0909231528639793,0.841871500015259,0.531141400337219
-0.585180103778839,0.0466787330806255,1.41041433811188,0.0303415339440107,0.0894034728407859,0.842435777187347,0.53046053647995
-0.585298538208008,0.0462731011211872,1.41036283969879,0.03096086345613,0.090309627354145,0.841774344444275,0.531320631504059
-0.584540367126465,0.0457674600183963,1.41004920005798,0.0280461180955171,0.0877493321895599,0.842997789382935,0.529969930648804
-0.584676861763,0.0453526116907596,1.40996503829956,0.0285218618810176,0.0886077582836151,0.842646598815918,0.530360281467438
-0.584778964519501,0.0454221032559871,1.40996241569519,0.0294339582324028,0.0871247425675392,0.843005537986755,0.52998560667038
-0.585722148418427,0.0458358824253082,1.41000819206238,0.0337667055428028,0.0890010893344879,0.842508256435394,0.530206143856049
-0.585803508758545,0.0456265993416309,1.40995621681213,0.0341600179672241,0.0889201462268829,0.842343688011169,0.530455946922302
-0.586255073547363,0.0453845188021659,1.4100353717804,0.0351484343409538,0.0894080623984336,0.842502534389496,0.530056893825531
-0.58584463596344,0.0441019833087921,1.40994560718536,0.0321764945983886,0.090912289917469,0.842662155628204,0.52973598241806
-0.586591422557831,0.0449835620820522,1.40997993946075,0.0358732976019382,0.089570477604866,0.842155575752258,0.53053206205368
-0.586723983287811,0.0448095947504043,1.40993702411652,0.0360488034784793,0.0895012840628624,0.841957747936249,0.530845761299133
-0.586273312568665,0.0437050126492977,1.40978753566742,0.0327434837818145,0.0897292122244834,0.84223747253418,0.530577659606934
-0.586422562599182,0.0435331910848617,1.40974020957947,0.0328454598784446,0.0896327793598175,0.842060148715973,0.530869007110596
-0.586544930934906,0.043028101325035,1.40969252586365,0.0323868431150913,0.0898522287607193,0.840645968914032,0.533096671104431
-0.586699426174164,0.0428382940590381,1.4096884727478,0.0324188768863678,0.0898197442293167,0.840424418449402,0.533449470996857
-0.586848199367523,0.0426165014505386,1.4096292257309,0.0321978740394115,0.0898259654641151,0.840047717094421,0.534054756164551
-0.587000131607056,0.0423808917403221,1.4095892906189,0.031990323215723,0.0897369906306266,0.839667081832886,0.534680545330048
-0.586917698383331,0.0424586646258831,1.40960144996643,0.0317803584039211,0.0880181044340133,0.839248180389404,0.535635411739349
-0.586917698383331,0.0424586646258831,1.40960144996643,0.0317803584039211,0.0880181044340133,0.839248180389404,0.535635411739349
-0.587558805942535,0.0418565422296524,1.4095207452774,0.0318940356373786,0.0892409235239029,0.839490175247192,0.535046756267548
-0.587881326675415,0.0415566079318523,1.40954351425171,0.0320932269096374,0.0895144417881965,0.838935971260071,0.535857856273651
-0.588011860847473,0.0413490794599056,1.40951371192932,0.0317540243268013,0.0889024958014488,0.838440656661987,0.536754369735718
-0.588127613067627,0.0411304906010627,1.40944957733154,0.0312730930745601,0.0884086117148399,0.838054239749908,0.537467300891876
-0.588244795799255,0.0408094823360443,1.40945756435394,0.0306257810443639,0.0871319621801376,0.836718499660492,0.539789259433746
-0.588399171829224,0.0408194661140441,1.40936517715454,0.0305059980601072,0.0853237733244896,0.836593985557556,0.540277600288391
-0.588539242744446,0.0405749231576919,1.40938663482666,0.0301574151962995,0.0846537724137306,0.836062729358673,0.541224122047424
-0.588751137256622,0.0404232591390609,1.40939140319824,0.0302003342658281,0.0848576202988624,0.83630645275116,0.540812969207764
-0.588951110839844,0.040196381509304,1.40937232971191,0.0300035905092954,0.0842800736427307,0.83583676815033,0.541639804840088
-0.589120268821716,0.039662554860115,1.40932738780975,0.0291675012558698,0.0838429257273674,0.834207534790039,0.54425847530365
-0.58906888961792,0.0396791845560073,1.40924990177155,0.0287365447729825,0.0819487422704696,0.833711326122284,0.545329332351685
-0.589386463165283,0.0393963418900966,1.40925931930542,0.0287630222737789,0.0817519277334213,0.833171129226685,0.546182215213776
-0.589386463165283,0.0393963418900966,1.40925931930542,0.0287630222737789,0.0817519277334213,0.833171129226685,0.546182215213776
-0.589973568916321,0.0386572293937206,1.40927767753601,0.0287003759294748,0.0816678926348686,0.831940710544586,0.548070669174194
-0.590165078639984,0.0391895212233066,1.4092161655426,0.0294159427285194,0.0781259089708328,0.832156777381897,0.548221051692963
-0.590319931507111,0.0389142483472824,1.40919041633606,0.0289314296096563,0.0775316655635833,0.831490576267242,0.549340784549713
-0.590482652187347,0.0382946915924549,1.40924119949341,0.0281960424035787,0.077649138867855,0.831137657165527,0.549896359443665
-0.590684771537781,0.0380288958549499,1.40909767150879,0.0278981272131204,0.0771423056721687,0.830645143985748,0.550726294517517
-0.590854465961456,0.0377456657588481,1.40903759002686,0.0275583062320947,0.0765212774276733,0.82997727394104,0.551835894584656
-0.590803623199463,0.0377679169178009,1.40890431404114,0.0270936191082,0.0745337903499603,0.82956737279892,0.552746474742889
-0.591007113456726,0.0374745689332485,1.40882349014282,0.026855593547225,0.0740232840180397,0.829031944274902,0.553629338741302
-0.591736555099487,0.0367028340697288,1.4088659286499,0.0273582283407449,0.0758725702762603,0.828338444232941,0.554391920566559
-0.591870009899139,0.0365007221698761,1.40878868103027,0.0271942541003227,0.0750194266438484,0.827843427658081,0.555254757404327
-0.592058539390564,0.0362517908215522,1.40872049331665,0.0270206443965435,0.0744545310735702,0.827399253845215,0.556000888347626
-0.592229127883911,0.0359990373253822,1.40863287448883,0.0266821049153804,0.0737261995673179,0.827050805091858,0.556632161140442
-0.592531263828278,0.0363252013921737,1.40857934951782,0.0272713042795658,0.0710854828357696,0.827798008918762,0.555835962295532
-0.592710673809052,0.0358627587556839,1.40892863273621,0.0276715289801359,0.0718480050563812,0.82590639591217,0.558525621891022
-0.59301745891571,0.035528514534235,1.40885782241821,0.0275101903825998,0.0715652108192443,0.825331032276154,0.559419631958008
-0.59302020072937,0.0355032458901405,1.40875637531281,0.0271670222282409,0.0697624310851097,0.825036585330963,0.560098052024841
-0.593352735042572,0.0350793041288852,1.4082213640213,0.0263323169201612,0.0694594457745552,0.82488626241684,0.56039696931839
-0.593883574008942,0.0345732383430004,1.4086834192276,0.0271479934453964,0.0700160190463066,0.824528932571411,0.560814499855042
-0.594136774539948,0.034254427999258,1.40816426277161,0.0259342286735773,0.0691542848944664,0.824539601802826,0.560962975025177
-0.594389796257019,0.0339324250817298,1.40810465812683,0.0254116952419281,0.0682998672127723,0.824177145957947,0.561623930931091
-0.594829380512238,0.0336473025381565,1.40813493728638,0.0257153641432523,0.0684925690293312,0.82454651594162,0.561044275760651
-0.595128834247589,0.0334835536777973,1.40809214115143,0.0251599214971065,0.0655559450387954,0.824831902980804,0.561000764369965
-0.595441281795502,0.0329738333821296,1.40804243087769,0.0250717606395483,0.0660604909062385,0.823039770126343,0.563571691513062
-0.595528364181519,0.0329549685120582,1.40787792205811,0.024547217413783,0.0639824941754341,0.822801768779755,0.564181685447693
-0.595528364181519,0.0329549685120582,1.40787792205811,0.024547217413783,0.0639824941754341,0.822801768779755,0.564181685447693
-0.596580684185028,0.0316635146737098,1.40784668922424,0.0240927785634994,0.0656490325927734,0.821018636226654,0.566602230072021
-0.596918761730194,0.0314102657139301,1.40823543071747,0.0243035908788442,0.0645977035164833,0.820608198642731,0.567308366298676
-0.59720367193222,0.0310565344989299,1.40773046016693,0.0230016037821769,0.0636719316244125,0.820262908935547,0.567966282367706
-0.597712755203247,0.0310797169804573,1.40815651416779,0.0236567109823226,0.0611831732094287,0.821102976799011,0.566998064517975
-0.59804093837738,0.0307173617184162,1.40812623500824,0.0229914505034685,0.0603784956037998,0.820492625236511,0.56799453496933
-0.598427414894104,0.0303759519010782,1.40821480751038,0.0225180741399526,0.0593577437102794,0.820221066474915,0.568513095378876
-0.598778426647186,0.0298787839710712,1.40816581249237,0.0218536928296089,0.05917289853096,0.819635033607483,0.569402694702148
-0.599224269390106,0.0300067756325006,1.40814304351807,0.0214041285216808,0.0558667927980423,0.821190178394318,0.567510008811951
-0.5995232462883,0.0297086983919143,1.40770637989044,0.0201458726078271,0.0554921068251132,0.821362137794495,0.567343831062317
-0.599892497062683,0.0290908887982368,1.40817391872406,0.020532164722681,0.055827796459198,0.818805992603302,0.570980429649353
-0.600136756896973,0.0285734124481678,1.40771639347076,0.0190436355769634,0.0554561093449592,0.818090736865997,0.572092235088348
-0.600710034370422,0.0281355585902929,1.40801644325256,0.0194530244916677,0.0550971217453479,0.817407369613647,0.573089063167572
-0.600947260856628,0.0280809104442596,1.40824675559998,0.019217200577259,0.0530905984342098,0.817099034786224,0.573725759983063
-0.601116359233856,0.0277793183922767,1.40779864788055,0.0177689734846353,0.0518942959606647,0.81681352853775,0.574288249015808
-0.60149085521698,0.0276080332696437,1.40777027606964,0.0168139636516571,0.0495964176952838,0.817795395851135,0.573121547698975
-0.601886391639709,0.027244983240962,1.40776920318604,0.0165173336863517,0.0491355322301387,0.817476272583008,0.573624789714813
-0.602142989635468,0.0265790894627571,1.40786623954773,0.0165670495480299,0.0509192049503326,0.814621984958649,0.577515244483948
-0.60240250825882,0.0260394774377346,1.40782403945923,0.0158896204084157,0.0509948208928108,0.813547849655151,0.579039752483368
-0.602721810340881,0.0257585179060697,1.40794289112091,0.0158626306802034,0.0502774752676487,0.812969207763672,0.579915285110474
-0.602920889854431,0.0257014613598585,1.40798449516296,0.0153077319264411,0.0475733540952205,0.813659727573395,0.579189479351044
-0.603271186351776,0.0252797827124595,1.4079784154892,0.0150798242539167,0.0472250953316688,0.813402593135834,0.579584896564484
-0.603528618812561,0.0246774218976497,1.40802025794983,0.0149468854069709,0.0484349019825458,0.811697244644165,0.581874787807465
-0.603831768035889,0.0243614856153726,1.40852618217468,0.0154239889234304,0.0477489791810512,0.810802042484283,0.583165645599365
-0.604009032249451,0.0240611620247364,1.40862131118774,0.0151189966127276,0.0468971915543079,0.810224592685699,0.584044694900513
-0.604210317134857,0.0237358603626489,1.40870666503906,0.0150924995541572,0.0462827496230602,0.809684872627258,0.584842383861542
-0.604338824748993,0.0233663879334926,1.40832817554474,0.0140491425991058,0.0453557185828685,0.80938184261322,0.58536022901535
-0.604535520076752,0.0230805054306983,1.40840804576874,0.0140515994280576,0.0446961559355258,0.808796226978302,0.586219727993011
-0.604535520076752,0.0230805054306983,1.40840804576874,0.0140515994280576,0.0446961559355258,0.808796226978302,0.586219727993011
-0.604831874370575,0.0226224791258573,1.40853261947632,0.013804885558784,0.0425831899046897,0.80797004699707,0.587520658969879
-0.604911088943481,0.0224033147096633,1.40864157676697,0.0135448165237903,0.0406850017607212,0.808276355266571,0.587239861488342
-0.604911088943481,0.0224033147096633,1.40864157676697,0.0135448165237903,0.0406850017607212,0.808276355266571,0.587239861488342
-0.605193734169006,0.0220598876476287,1.40879428386688,0.0136433178558945,0.0377793535590171,0.808857500553131,0.586631238460541
-0.605351388454437,0.0214643906801939,1.40895140171051,0.0146228251978755,0.0395664796233177,0.805691778659821,0.590831220149994
-0.605453133583069,0.021172534674406,1.40903222560883,0.0148952296003699,0.0389568619430065,0.805050611495972,0.591738164424896
-0.605601608753204,0.0207066684961318,1.4090690612793,0.0139309996739029,0.0392869934439659,0.803862273693085,0.59335321187973
-0.605669021606445,0.0208619274199008,1.40913796424866,0.0146958939731121,0.035500667989254,0.806589424610138,0.589862167835236
-0.605706572532654,0.0205396953970193,1.40918469429016,0.0145611325278878,0.0348414406180381,0.805734813213348,0.591071546077728
-0.605854272842407,0.0197005458176136,1.40925490856171,0.0154423704370856,0.037932738661766,0.802144467830658,0.595723867416382
-0.60595428943634,0.0193824023008346,1.40945756435394,0.0149257304146885,0.0378848910331726,0.801040291786194,0.597223997116089
-0.605985403060913,0.0197411589324474,1.40964937210083,0.0150797916576266,0.0332340262830257,0.803469479084015,0.594226241111755
-0.606028437614441,0.0194737520068883,1.4097056388855,0.0153324194252491,0.0326291136443614,0.802834987640381,0.595110297203064
-0.606099307537079,0.0192826781421899,1.40978574752808,0.0165313240140676,0.0317055694758892,0.802317202091217,0.595826089382172
-0.606075942516327,0.0184993762522935,1.40973424911499,0.0171674601733684,0.0346511527895927,0.799319446086884,0.599660694599152
-0.6060431599617,0.0188498757779598,1.4099155664444,0.0169610790908336,0.0303518828004598,0.801667392253876,0.596758365631104
-0.606026113033295,0.0186043307185173,1.40997421741486,0.0169436335563659,0.0297709535807371,0.801025569438934,0.597649335861206
-0.605905055999756,0.0182849615812301,1.4099805355072,0.0151613457128405,0.0308619122952222,0.80160391330719,0.596865832805634
-0.606058895587921,0.0180293284356594,1.41011822223663,0.0160015393048524,0.0292711798101663,0.799317181110382,0.599982857704163
-0.60613477230072,0.017803119495511,1.41010141372681,0.0163703616708517,0.0290667861700058,0.798889517784119,0.600552022457123
-0.60623687505722,0.0171439610421657,1.41017627716064,0.0181226842105388,0.0317673161625862,0.79538232088089,0.605003595352173
-0.606168329715729,0.0169375296682119,1.41000211238861,0.0177109353244304,0.0311821270734071,0.794966161251068,0.605592966079712
-0.606164455413818,0.0167815349996089,1.41008901596069,0.0177862532436847,0.0307659246027469,0.794544160366058,0.606165647506714
-0.606117129325867,0.0165607500821352,1.41016364097595,0.016912467777729,0.0309929717332124,0.794118344783783,0.606736719608307
-0.606125235557556,0.0164546091109514,1.41054153442383,0.0175915211439132,0.0306612849235534,0.793568134307861,0.607453763484955
-0.60601943731308,0.0169472973793745,1.41067028045654,0.0170763246715068,0.0260232295840978,0.796473383903503,0.603872001171112
-0.605996906757355,0.0168117824941873,1.4107757806778,0.0171806048601865,0.0257808677852153,0.796124935150146,0.604338765144348
-0.606008052825928,0.0161329694092273,1.41077184677124,0.017797427251935,0.0293057467788457,0.792683482170105,0.608668506145477
-0.605808734893799,0.0166161134839057,1.41091442108154,0.0169279370456933,0.024907324463129,0.795494556427002,0.605212032794952
-0.605757772922516,0.0165263712406158,1.41100132465363,0.0170011520385742,0.024767804890871,0.795175015926361,0.605635464191437
-0.605691850185394,0.0164478234946727,1.4111043214798,0.0170416571199893,0.0245451442897319,0.794909596443176,0.605991661548615
