x,y,z,q0,q1,q2,q3
0.605031967163086,-0.0074944989755749,1.10580587387085,-0.0039568161591887,-0.0193319618701934,0.596145629882812,-0.802633762359619
0.604930639266968,-0.0073684779927134,1.10582327842712,-0.0040483032353222,-0.0195523649454116,0.594579339027405,-0.803788959980011
0.604802429676056,-0.0072211772203445,1.10586702823639,-0.0041952957399189,-0.0197908952832222,0.592955648899078,-0.804980933666229
0.604698181152344,-0.0070274267345666,1.10592150688171,-0.0042851674370467,-0.0201286412775516,0.5912726521492,-0.806209146976471
0.604494154453278,-0.0068786004558205,1.10590076446533,-0.0043459865264594,-0.0203374288976192,0.589513897895813,-0.807490468025208
0.604557454586029,-0.0067194029688835,1.10587620735168,-0.0050764898769557,-0.0198865737766027,0.588114798069,-0.808517038822174
0.604402482509613,-0.006596865132451,1.10595011711121,-0.0053045423701405,-0.0199402756989002,0.586363732814789,-0.809785068035126
0.604214131832123,-0.0063474224880337,1.10602211952209,-0.0053983754478394,-0.0201831068843603,0.584521055221558,-0.811109483242035
0.604113280773163,-0.0062430705875158,1.10609245300293,-0.0054874150082468,-0.0201633013784885,0.582904577255249,-0.812271952629089
0.603846788406372,-0.0061301086097955,1.10613286495209,-0.0055878306739032,-0.0202808398753404,0.581030607223511,-0.813609778881073
0.603655278682709,-0.0059772096574306,1.10618197917938,-0.0056185130961239,-0.0204024072736501,0.579262375831604,-0.814866483211517
0.603616654872894,-0.0057530729100108,1.10612094402313,-0.0059112808667123,-0.0201998595148324,0.577870666980743,-0.815856993198395
0.603421270847321,-0.0054818335920572,1.10615181922913,-0.0062081217765808,-0.0206015110015869,0.576263904571533,-0.816980421543121
0.603453516960144,-0.0052348254248499,1.10634243488312,-0.0073459576815366,-0.0207962952554225,0.575602829456329,-0.81743198633194
0.603047728538513,-0.0052041802555322,1.10625207424164,-0.0062701017595827,-0.0205286834388971,0.572683572769165,-0.819495439529419
0.603085935115814,-0.0048532886430621,1.10642337799072,-0.007424387615174,-0.0209862627089023,0.572189211845398,-0.819819509983063
0.602658867835999,-0.0048835920169949,1.10632717609406,-0.0063535254448652,-0.0206583533436059,0.569304585456848,-0.821842551231384
0.602484345436096,-0.004743848927319,1.10634613037109,-0.0062755164690315,-0.0205760672688484,0.567582964897156,-0.82303512096405
0.602250933647156,-0.0044888379052281,1.106369972229,-0.0066129555925726,-0.0208868570625782,0.565889537334442,-0.824189960956573
0.602024853229523,-0.0043751951307058,1.10639643669128,-0.0063990908674895,-0.020939465612173,0.564227402210236,-0.825329124927521
0.60182124376297,-0.0042086346074938,1.1064590215683,-0.0065621044486761,-0.0210305582731962,0.562751889228821,-0.826332271099091
0.601554036140442,-0.0039503835141658,1.10646843910217,-0.0064509655348956,-0.0213415678590536,0.56127655506134,-0.827327966690063
0.601430773735046,-0.0038647055625915,1.10650670528412,-0.0063445530831813,-0.0211182907223701,0.559650480747223,-0.828435361385345
0.60157436132431,-0.0035395827144384,1.10674130916595,-0.0077078258618712,-0.0212686453014612,0.559514999389648,-0.828511476516724
0.601314842700958,-0.0034616626799106,1.10664892196655,-0.0076616406440734,-0.0211950801312923,0.558007478713989,-0.829529821872711
0.601098716259003,-0.0032829511910676,1.10671401023865,-0.0076345205307006,-0.0210804436355829,0.556481182575226,-0.830557703971863
0.600812673568726,-0.0031412281095981,1.10672581195831,-0.0076978420838713,-0.020556142553687,0.554962515830994,-0.831585764884949
0.600364983081818,-0.0031690299510955,1.10649108886719,-0.006450327578932,-0.0207011699676513,0.552335202693939,-0.833340108394623
0.600376546382904,-0.0029094517230987,1.10670781135559,-0.0077334763482213,-0.0208746828138828,0.552176058292389,-0.833430349826813
0.60023432970047,-0.0027246754616498,1.10677981376648,-0.0080512035638093,-0.0206607524305582,0.550887405872345,-0.834285020828247
0.600007295608521,-0.0026437863707542,1.10677647590637,-0.0079850926995277,-0.0204179808497428,0.549451053142548,-0.83523827791214
0.599785566329956,-0.0024569332599639,1.10679459571838,-0.0081529803574085,-0.0204563420265913,0.548292934894562,-0.835996270179749
0.59930157661438,-0.0025246944278478,1.10663306713104,-0.006953390315175,-0.0199132654815912,0.545684456825256,-0.837725222110748
0.599203407764435,-0.0024634171277284,1.106609582901,-0.0069150887429714,-0.019734002649784,0.54465252161026,-0.838401138782501
0.599203407764435,-0.0024634171277284,1.106609582901,-0.0069150887429714,-0.019734002649784,0.54465252161026,-0.838401138782501
0.599042415618896,-0.0020102858543395,1.10681915283203,-0.0080872094258666,-0.0198994055390357,0.5439732670784,-0.838827610015869
0.598585486412048,-0.0020812712609767,1.10668301582336,-0.0070662503130733,-0.0193828120827674,0.541748881340027,-0.840287208557129
0.598585486412048,-0.0020812712609767,1.10668301582336,-0.0070662503130733,-0.0193828120827674,0.541748881340027,-0.840287208557129
0.598076999187469,-0.0019448418170213,1.10671103000641,-0.0069592762738466,-0.0187148861587047,0.540146172046661,-0.841334283351898
0.597961604595184,-0.0019050315022468,1.10670280456543,-0.0069616273976862,-0.0188397374004125,0.539513289928436,-0.841737508773804
0.597733497619629,-0.001768322661519,1.10667836666107,-0.0070982966572046,-0.018804145976901,0.53888475894928,-0.842139661312103
0.597585380077362,-0.0016830880194902,1.10666811466217,-0.0071227345615625,-0.0185668561607599,0.538314640522003,-0.842509329319
0.597636282444,-0.0014851633459329,1.10684263706207,-0.0083426265046,-0.0185253154486417,0.53880500793457,-0.84218555688858
0.597537159919739,-0.0013981908559799,1.10686683654785,-0.0083451764658093,-0.0182429291307926,0.538323521614075,-0.842499434947968
0.597382724285126,-0.0013112146407365,1.106849193573,-0.0084459548816084,-0.0180616229772567,0.537958443164825,-0.842735528945923
0.597262263298035,-0.001221340149641,1.106858253479,-0.008585718460381,-0.0178066175431013,0.537626981735229,-0.842951059341431
0.597166538238525,-0.0011050011962652,1.10687279701233,-0.0089589972048997,-0.0175827834755182,0.537334442138672,-0.84313839673996
0.596921145915985,-0.0010643489658832,1.10682344436646,-0.0086455587297678,-0.0169614143669605,0.53675639629364,-0.843522548675537
0.596751928329468,-0.0009660571813583,1.10680055618286,-0.0087636457756161,-0.0168940443545579,0.536437928676605,-0.843725204467773
0.597634673118591,-0.0051274541765451,1.10834717750549,-0.000750677078031,-0.0103940768167376,0.531380593776703,-0.847069144248962
0.59755402803421,-0.0050854571163654,1.10831534862518,-0.0007921723881736,-0.0101113654673099,0.531184196472168,-0.847195684909821
0.597528576850891,-0.0050281295552849,1.10829138755798,-0.0010201605036854,-0.0101982867345213,0.531125009059906,-0.847231447696686
0.59728217124939,-0.0052446480840444,1.10811996459961,0.0001812518457882,-0.0093585727736353,0.529632270336151,-0.848175704479218
0.597202837467194,-0.0051836296916007,1.10810005664825,8.54982718010433e-05,-0.0090864524245262,0.529604554176331,-0.848196029663086
0.597134292125702,-0.0051503833383321,1.10807764530182,3.64415864169132e-05,-0.0087369931861758,0.529567003250122,-0.848223149776459
0.597036957740784,-0.0051752384752035,1.10808539390564,-0.0001636952219996,-0.0084104454144835,0.52947324514389,-0.848285019397736
0.597036957740784,-0.0051752384752035,1.10808539390564,-0.0001636952219996,-0.0084104454144835,0.52947324514389,-0.848285019397736
0.597151100635529,-0.0050466135144233,1.10824239253998,-0.0012848040787503,-0.008035123348236,0.530810236930847,-0.847451627254486
0.596980333328247,-0.0049490863457322,1.10822558403015,-0.0014499025419354,-0.0080975610762834,0.531069755554199,-0.847288191318512
0.596980333328247,-0.0049490863457322,1.10822558403015,-0.0014499025419354,-0.0080975610762834,0.531069755554199,-0.847288191318512
0.59684431552887,-0.0049294857308268,1.10833966732025,-0.0015254965983331,-0.0076208668760955,0.531097233295441,-0.847275257110596
0.596736907958984,-0.0049651525914669,1.10839855670929,-0.0016576533671468,-0.0072203548625111,0.53113842010498,-0.847252666950226
0.595686376094818,-0.0008019991219043,1.10689330101013,-0.0097137466073036,-0.0131689803674817,0.536084890365601,-0.844005465507507
0.595656991004944,-0.0008344985544681,1.10693800449371,-0.0098787350580096,-0.0131182931363582,0.536308348178864,-0.843862295150757
0.595579981803894,-0.0008181445300579,1.10695576667786,-0.0099394703283905,-0.0127468025311827,0.536593317985535,-0.84368622303009
0.595241606235504,-0.0009599737823009,1.10684108734131,-0.009019911289215,-0.012235970236361,0.535514414310455,-0.844389319419861
0.595185041427612,-0.000957878306508,1.10686945915222,-0.0089209657162427,-0.0120571460574865,0.535815179347992,-0.844202160835266
0.595175743103027,-0.0011001713573932,1.10697197914124,-0.0089305117726325,-0.0114909335970878,0.536151945590973,-0.843995988368988
0.595091581344604,-0.0011523943394422,1.10700976848602,-0.0091866217553615,-0.0112759191542863,0.53644597530365,-0.843809366226196
0.595091581344604,-0.0011523943394422,1.10700976848602,-0.0091866217553615,-0.0112759191542863,0.53644597530365,-0.843809366226196
0.594930350780487,-0.0010984987020492,1.10701751708984,-0.0096725933253765,-0.0107925906777381,0.537301123142242,-0.843265950679779
0.594929814338684,-0.0011750869452953,1.10701596736908,-0.0099260322749614,-0.0109507348388433,0.537731230258942,-0.842986822128296
0.594870507717133,-0.001163201406598,1.10702502727509,-0.0100581375882029,-0.0108987502753734,0.538204252719879,-0.842683970928192
0.594732761383057,-0.0010294895619153,1.10702586174011,-0.0102842273190617,-0.0106122437864542,0.538702189922333,-0.842366635799408
0.59462034702301,-0.0011633560061454,1.10703063011169,-0.0109209073707461,-0.0106982728466391,0.539716064929962,-0.841708362102509
0.594935417175293,-0.0010310187935829,1.10716664791107,-0.0117573589086532,-0.0109784118831157,0.540829002857208,-0.840978741645813
0.59480208158493,-0.0010477807372808,1.10721039772034,-0.0118053965270519,-0.0106139723211526,0.541314303874969,-0.840670466423035
0.594838082790375,-0.0011309962719678,1.10724210739136,-0.0121619887650012,-0.0109508968889713,0.541945278644562,-0.840254426002502
0.594769656658173,-0.0012365095317363,1.10727429389954,-0.0123576065525412,-0.0109195690602064,0.542452752590179,-0.839924454689026
0.594421148300171,-0.0015217382460832,1.10714530944824,-0.0113327698782086,-0.0106385238468647,0.541703164577484,-0.8404261469841
0.594421148300171,-0.0015217382460832,1.10714530944824,-0.0113327698782086,-0.0106385238468647,0.541703164577484,-0.8404261469841
0.594605624675751,-0.001619404181838,1.10739743709564,-0.0126824062317609,-0.0108188381418585,0.544651627540588,-0.838496744632721
0.594605624675751,-0.001619404181838,1.10739743709564,-0.0126824062317609,-0.0108188381418585,0.544651627540588,-0.838496744632721
0.594522178173065,-0.0016939807683229,1.10736012458801,-0.012646528892219,-0.0112353581935167,0.54584014415741,-0.837718605995178
0.59446918964386,-0.0018218532204627,1.10736286640167,-0.0126535836607217,-0.0112185860052704,0.546563327312469,-0.83724707365036
0.594477117061615,-0.0020091235637664,1.10745596885681,-0.0126090534031391,-0.0110815623775124,0.5474534034729,-0.836667835712433
0.594130158424377,-0.0022048745304346,1.10721635818481,-0.0117068300023674,-0.0111843291670084,0.54688835144043,-0.837049007415771
0.594097793102264,-0.0023208428174257,1.10719788074493,-0.0119040450081229,-0.0114342737942934,0.547836005687714,-0.836422860622406
0.594056129455566,-0.0025181118398904,1.10724854469299,-0.0120969172567129,-0.0114461798220872,0.548998296260834,-0.83565753698349
0.594286203384399,-0.002507084980607,1.107381939888,-0.0132981901988387,-0.0119308801367878,0.551219820976257,-0.834168791770935
0.594103097915649,-0.00278902053833,1.10716784000397,-0.0123167214915156,-0.0117686176672577,0.550836741924286,-0.834439098834991
0.594066321849823,-0.0029807165265083,1.10712957382202,-0.0123643688857555,-0.0119526898488402,0.551906526088715,-0.833728671073914
0.594351172447205,-0.0030516050755977,1.10722517967224,-0.0133925331756472,-0.0123938526958227,0.554383277893066,-0.832061469554901
0.594351172447205,-0.0030516050755977,1.10722517967224,-0.0133925331756472,-0.0123938526958227,0.554383277893066,-0.832061469554901
0.59407901763916,-0.0035755969583988,1.10715818405151,-0.0130333518609404,-0.0125952130183577,0.555440545082092,-0.831358790397644
0.594033777713776,-0.0037487037479877,1.10712385177612,-0.0131637379527091,-0.0127342445775866,0.556770920753479,-0.830464124679565
0.593992233276367,-0.0040226820856332,1.10708868503571,-0.0133178196847438,-0.0129965171217918,0.558141648769379,-0.829537034034729
0.593992233276367,-0.0040226820856332,1.10708868503571,-0.0133178196847438,-0.0129965171217918,0.558141648769379,-0.829537034034729
0.594339609146118,-0.0044337455183267,1.10713052749634,-0.0148471249267458,-0.0136634930968284,0.562485098838806,-0.826561212539673
0.594154834747314,-0.0049304012209177,1.10700261592865,-0.0141063304618,-0.0132534392178058,0.563156485557556,-0.826123535633087
0.594515383243561,-0.0049683358520269,1.10708785057068,-0.0150173557922244,-0.0137321790680289,0.565756738185883,-0.824321091175079
0.594515383243561,-0.0049683358520269,1.10708785057068,-0.0150173557922244,-0.0137321790680289,0.565756738185883,-0.824321091175079
0.594335556030273,-0.0059511438012123,1.10679745674133,-0.014183260500431,-0.0132166100665926,0.567841589450836,-0.822909593582153
0.594368278980255,-0.0062384624034166,1.10671770572662,-0.0145081654191017,-0.0133228758350014,0.569677948951721,-0.821631968021393
0.594403266906738,-0.0066978726536035,1.10670530796051,-0.0148153621703386,-0.0132307028397917,0.571385502815247,-0.820441365242004
0.594434797763824,-0.0070866914466023,1.1067202091217,-0.0152791757136583,-0.0131162963807582,0.573549211025238,-0.818923592567444
0.594589471817017,-0.0075081372633576,1.10667037963867,-0.0153359994292259,-0.0129316775128245,0.575228750705719,-0.817746698856354
0.594593644142151,-0.0078968526795506,1.10660922527313,-0.0153402043506503,-0.013196101412177,0.577214598655701,-0.816341757774353
0.594688653945923,-0.0083279572427272,1.10661792755127,-0.0153394946828484,-0.0129240779206156,0.579113066196442,-0.815000474452972
0.594577431678772,-0.0087094120681285,1.10654890537262,-0.0155708119273185,-0.0132020311430096,0.581263184547424,-0.813459515571594
0.594815731048584,-0.0091973971575498,1.10679888725281,-0.0165724214166402,-0.0134383272379636,0.584408700466156,-0.811178982257843
0.594489276409149,-0.0098268734291195,1.1065571308136,-0.0156137598678469,-0.0132297109812498,0.5850510597229,-0.810738205909729
0.594600796699524,-0.010343057103455,1.10656666755676,-0.01601043343544,-0.0128855025395751,0.587217509746552,-0.809168219566345
0.594651758670807,-0.010780157521367,1.10651242733002,-0.0162471923977136,-0.0127520337700843,0.589431524276733,-0.807554304599762
0.594651758670807,-0.010780157521367,1.10651242733002,-0.0162471923977136,-0.0127520337700843,0.589431524276733,-0.807554304599762
0.594869077205658,-0.0117186661809682,1.10645484924316,-0.0170151572674512,-0.0118485037237405,0.594066739082336,-0.804148554801941
0.59506744146347,-0.0120736667886376,1.10663557052612,-0.018110791221261,-0.0123006347566843,0.597301423549652,-0.801718056201935
0.594789206981659,-0.0127877667546272,1.10647463798523,-0.0173051115125417,-0.0117269176989793,0.598523080348969,-0.800832748413086
0.594663858413696,-0.013300179503858,1.10649228096008,-0.0168682262301445,-0.0121475122869014,0.600390434265137,-0.799436807632446
0.594663858413696,-0.013300179503858,1.10649228096008,-0.0168682262301445,-0.0121475122869014,0.600390434265137,-0.799436807632446
0.59541791677475,-0.0147369159385561,1.10664582252502,-0.0175817254930734,-0.0096332896500825,0.604752063751221,-0.796161472797394
0.594787001609802,-0.0149335404857993,1.10631620883942,-0.0175862908363342,-0.0113764917477965,0.607287883758545,-0.794205784797668
0.5947545170784,-0.0155745521187782,1.10629713535309,-0.0177846476435661,-0.0109537430107593,0.609476327896118,-0.792529106140137
0.594670534133911,-0.0160639975219964,1.1061704158783,-0.0174972545355558,-0.0108575196936726,0.611556649208069,-0.790932595729828
0.594734787940979,-0.0167337395250797,1.10623621940613,-0.0178995765745639,-0.0102825630456209,0.614238739013672,-0.78885018825531
0.594847559928894,-0.0173050090670585,1.10613369941711,-0.0176291074603796,-0.0098309805616736,0.616241037845612,-0.787298977375031
0.595673382282257,-0.0171865336596965,1.10650742053986,-0.0207484383136034,-0.009980434551835,0.621040642261505,-0.783440113067627
0.595551550388336,-0.0177871324121952,1.10630261898041,-0.0198098085820674,-0.0092002684250473,0.622199714183807,-0.782553851604462
0.595518708229065,-0.0183603949844837,1.10645294189453,-0.0208060927689075,-0.009164210408926,0.624999761581421,-0.780293881893158
0.595444321632385,-0.0191139187663793,1.10640776157379,-0.0207407418638467,-0.0084833232685923,0.627283751964569,-0.778468370437622
0.59550005197525,-0.0196281243115663,1.10631632804871,-0.0209521315991878,-0.0080387629568576,0.629310727119446,-0.776829779148102
0.595428347587585,-0.0201560836285352,1.10626709461212,-0.0204954762011766,-0.0075526009313762,0.63141268491745,-0.775139331817627
0.595483064651489,-0.0210247971117496,1.10622417926788,-0.0208190456032753,-0.0069424463436007,0.634451389312744,-0.772651195526123
0.595490336418152,-0.0214069783687591,1.10601675510406,-0.0206975135952234,-0.0067279175855219,0.636389017105103,-0.77106124162674
0.595438539981842,-0.0216780547052621,1.10605680942535,-0.0209179706871509,-0.0065322499722242,0.638091564178467,-0.769648611545563
0.595388114452362,-0.0224959775805473,1.10605466365814,-0.0211266558617353,-0.006016032770276,0.6411492228508,-0.76710170507431
0.595300912857056,-0.0229019820690155,1.10599708557129,-0.0211059935390949,-0.0057817227207124,0.643227100372314,-0.765362739562988
0.595300912857056,-0.0229019820690155,1.10599708557129,-0.0211059935390949,-0.0057817227207124,0.643227100372314,-0.765362739562988
0.596604585647583,-0.0243857633322477,1.10647165775299,-0.0215433910489082,-0.0011963114375248,0.646600186824799,-0.762523829936981
0.596494495868683,-0.0249176546931266,1.10641741752625,-0.0216926150023937,-0.000893271586392,0.648658096790314,-0.760770261287689
0.596554517745972,-0.0253797601908445,1.10633099079132,-0.0213238857686519,-0.0002005180867854,0.650376796722412,-0.759312450885773
0.596462547779083,-0.0257193744182586,1.10633409023285,-0.0216293353587389,1.33965986606199e-05,0.652496993541718,-0.757482647895813
0.596422374248505,-0.0261691231280565,1.10614907741547,-0.0210513919591903,8.32245859783143e-05,0.654678404331207,-0.755614399909973
0.596436738967896,-0.0263201985508203,1.10620391368866,-0.0215789545327425,0.0001107591451727,0.656063258647919,-0.75439727306366
0.596300899982452,-0.0267911721020936,1.106161236763,-0.020776379853487,0.0007591784815303,0.657509684562683,-0.753159165382385
0.596213400363922,-0.0273768454790115,1.10612559318542,-0.021049752831459,0.0010867042001336,0.660015642642975,-0.750956177711487
0.596122324466705,-0.0277069974690675,1.10610151290894,-0.0211206655949354,0.0014848562423139,0.661542057991028,-0.749609112739563
0.595818638801575,-0.0274507366120815,1.10584700107574,-0.0217147022485733,0.0005389077705331,0.662957191467285,-0.748342096805573
0.595777630805969,-0.0278230756521224,1.10583448410034,-0.0215112715959548,0.0011521106353029,0.664622604846954,-0.74686872959137
0.595765352249146,-0.028110446408391,1.10579001903534,-0.0214868709444999,0.0015234464081004,0.666377067565918,-0.745303750038147
0.595733225345612,-0.0283346213400363,1.10571050643921,-0.0213614832609891,0.0019429038511589,0.667751908302307,-0.744074881076813
0.595714271068573,-0.0286907758563756,1.10573363304138,-0.0209807287901639,0.0026230327785015,0.669227182865143,-0.742757022380829
0.59547358751297,-0.0289974454790353,1.10562467575073,-0.0203890930861234,0.0025494308210909,0.671137809753418,-0.741047859191895
0.595401048660278,-0.0292961522936821,1.10562944412231,-0.0200734809041023,0.0031459445599466,0.672454297542572,-0.739859879016876
0.593889713287354,-0.0306409690529108,1.10574209690094,-0.0161508973687887,0.0031417768914252,0.672788679599762,-0.739651739597321
0.59404444694519,-0.0309574902057647,1.1057471036911,-0.0159923043102026,0.0039614224806427,0.674359023571014,-0.738219797611237
0.594415783882141,-0.0312789529561996,1.10585129261017,-0.0160083230584859,0.0053808721713721,0.675531804561615,-0.73713743686676
0.593771934509277,-0.0313085280358791,1.10546314716339,-0.0152667416259646,0.0041588400490581,0.677341759204865,-0.735498368740082
0.594541430473328,-0.0317477583885192,1.10568881034851,-0.0153132490813732,0.0067978734150528,0.677843153476715,-0.735015690326691
0.594675958156586,-0.0319949574768543,1.10573577880859,-0.0150915198028087,0.0077285859733819,0.678965151309967,-0.733974754810333
0.594365119934082,-0.0321150496602058,1.10548567771912,-0.0135544100776314,0.0083278054371476,0.678681552410126,-0.734260380268097
0.594512522220612,-0.032210499048233,1.10556721687317,-0.0133849317207932,0.0088675394654273,0.679618239402771,-0.733390331268311
0.594579875469208,-0.032352402806282,1.10550808906555,-0.0130060138180851,0.009532562457025,0.680497944355011,-0.732572555541992
0.594708800315857,-0.0325177013874053,1.10565292835236,-0.0124864503741264,0.010570409707725,0.681102514266968,-0.73200523853302
0.594176530838013,-0.0330464728176593,1.10542941093445,-0.0109856883063912,0.011495379731059,0.681388854980469,-0.731748938560486
0.594176530838013,-0.0330464728176593,1.10542941093445,-0.0109856883063912,0.011495379731059,0.681388854980469,-0.731748938560486
0.594210028648376,-0.0333599783480167,1.10547256469727,-0.0093603041023015,0.0127372238785028,0.68302047252655,-0.730228304862976
0.594606816768646,-0.0332149341702461,1.10555136203766,-0.0100244181230664,0.0132911978289484,0.684929668903351,-0.728419065475464
0.594438016414642,-0.0334173254668712,1.10543465614319,-0.0092537626624107,0.0137329474091529,0.686379134654999,-0.727055370807648
0.594341397285461,-0.033887144178152,1.10539364814758,-0.0074114170856773,0.0149259893223643,0.685764670372009,-0.727632641792297
0.594382703304291,-0.0340405739843845,1.10543060302734,-0.0069714416749775,0.0157223958522081,0.686426520347595,-0.726995706558228
0.594410240650177,-0.0341399908065795,1.10543155670166,-0.006513999775052,0.0164589062333107,0.687141418457031,-0.726307988166809
0.594410240650177,-0.0341399908065795,1.10543155670166,-0.006513999775052,0.0164589062333107,0.687141418457031,-0.726307988166809
0.594400703907013,-0.0343622341752052,1.10537457466125,-0.0053952783346176,0.0180046278983354,0.688885450363159,-0.724626541137695
0.594708681106567,-0.0342539325356483,1.10549461841583,-0.0055564045906066,0.0184415373951196,0.690569281578064,-0.723009765148163
0.594694256782532,-0.034359835088253,1.10557055473328,-0.0047012702561914,0.0191381424665451,0.6913041472435,-0.722295105457306
0.594788134098053,-0.0340868420898914,1.10564053058624,-0.004544255323708,0.0196461733430624,0.69196355342865,-0.721650838851929
0.594756066799164,-0.0340984053909778,1.10568964481354,-0.0039129573851823,0.0206240266561508,0.692508280277252,-0.721104562282562
0.594020485877991,-0.0338500626385211,1.10526287555695,-0.0026217966806143,0.0193385742604732,0.69350278377533,-0.72018951177597
0.594006836414337,-0.0343958288431167,1.10543429851532,-0.0011121166171506,0.0214904639869928,0.692998647689819,-0.720617711544037
0.594023168087006,-0.0342603810131549,1.10537874698639,-0.0007974935579113,0.0218341164290905,0.693534433841705,-0.720092177391052
0.594258606433868,-0.0340975075960159,1.10544085502625,-2.27932232519379e-05,0.0228180810809135,0.693569540977478,-0.720028340816498
0.594234704971313,-0.0339925587177276,1.10542798042297,0.0002638772712089,0.0235021598637104,0.693920016288757,-0.719668328762054
0.594200253486633,-0.0338974557816982,1.10544681549072,0.0010511430446058,0.0241755992174148,0.694403231143951,-0.719179093837738
0.594692349433899,-0.0334477946162223,1.10565423965454,4.54258733952884e-05,0.0246947985142469,0.695751428604126,-0.717858076095581
0.594680488109589,-0.0332906022667884,1.10564815998077,0.000522619113326,0.0252219680696725,0.696027755737305,-0.717571556568146
0.594747245311737,-0.0327727869153022,1.10528087615967,0.000801776361186,0.0256159380078315,0.6959627866745,-0.717620432376862
0.5947145819664,-0.0326327644288539,1.10528087615967,0.0014338459586724,0.0260384324938058,0.696256220340729,-0.717319488525391
0.594141483306885,-0.0332978852093219,1.10548377037048,0.0041090189479291,0.0269246362149715,0.695795476436615,-0.717723369598389
0.594141483306885,-0.0332978852093219,1.10548377037048,0.0041090189479291,0.0269246362149715,0.695795476436615,-0.717723369598389
0.593985438346863,-0.0320058390498161,1.10494875907898,0.0032368705142289,0.0260314531624317,0.697644948959351,-0.715963363647461
0.594246447086334,-0.0326927825808525,1.10540854930878,0.0056020878255367,0.0285947136580944,0.696474432945251,-0.716989755630493
0.593467950820923,-0.0322704762220382,1.10506582260132,0.0062568043358623,0.0272380150854587,0.697536468505859,-0.716004014015198
0.593514621257782,-0.0320796258747577,1.10509562492371,0.0070593827404081,0.0278852861374616,0.697484493255615,-0.716022372245789
0.594011545181274,-0.0315793082118034,1.10531461238861,0.0060522006824612,0.0285287294536829,0.698483943939209,-0.715031385421753
0.594052255153656,-0.0309635661542415,1.10490560531616,0.0061902548186481,0.028787612915039,0.698321998119354,-0.715177893638611
0.594122886657715,-0.0307677499949932,1.10489797592163,0.0066980700939893,0.0293846055865287,0.698422908782959,-0.715050399303436
0.595442354679108,-0.0303801968693733,1.10540974140167,0.0054514659568667,0.0315990410745143,0.698577582836151,-0.714815497398376
0.595442116260529,-0.0301468893885612,1.10539793968201,0.005718823056668,0.0319681540131568,0.698744893074036,-0.714633464813232
0.594959616661072,-0.030188588425517,1.10517513751984,0.0074544292874634,0.032504417002201,0.697781980037689,-0.715533494949341
0.59478485584259,-0.0299496389925479,1.10510683059692,0.0081080272793769,0.032517209649086,0.69794237613678,-0.715369462966919
0.594594419002533,-0.0301190055906772,1.10541975498199,0.010011394508183,0.0331249684095382,0.697596609592438,-0.715654611587524
0.594381809234619,-0.0300698820501565,1.10523426532745,0.010994205251336,0.033581830561161,0.69726550579071,-0.715941548347473
0.594544887542725,-0.0297346226871013,1.10531687736511,0.0112382099032402,0.0344521552324295,0.69691526889801,-0.716237306594849
0.594644606113434,-0.0294901598244905,1.10527586936951,0.011809155344963,0.0350431986153125,0.696583092212677,-0.716522634029388
0.595643520355225,-0.0282158199697732,1.10529148578644,0.0088229803368449,0.0349199660122394,0.698042154312134,-0.71515029668808
0.594664335250854,-0.0289758220314979,1.10522055625916,0.0125109069049358,0.0356530584394931,0.696312963962555,-0.716743171215057
0.594826996326447,-0.0286969393491745,1.10524487495422,0.0129765467718243,0.0361882075667381,0.696014523506165,-0.716997742652893
0.595382571220398,-0.0279828645288944,1.10538864135742,0.0125783113762736,0.0364207401871681,0.696833193302155,-0.716197609901428
0.595111906528473,-0.0277970004826784,1.10531938076019,0.0124094244092702,0.0363581888377666,0.696656227111816,-0.716375768184662
0.594682395458221,-0.0278660077601671,1.10511779785156,0.0145627064630389,0.0368042215704917,0.695178687572479,-0.717746555805206
0.594750702381134,-0.0275829602032899,1.10511124134064,0.0148646775633096,0.0371504202485084,0.694780349731445,-0.718108177185059
0.594750702381134,-0.0275829602032899,1.10511124134064,0.0148646775633096,0.0371504202485084,0.694780349731445,-0.718108177185059
0.594724774360657,-0.0270170550793409,1.10511922836304,0.0158509388566017,0.037630308419466,0.694381296634674,-0.718447923660278
0.594757497310638,-0.0266907457262277,1.10508954524994,0.0164117496460676,0.0377989895641803,0.69399756193161,-0.718797087669373
0.595259845256805,-0.0260141603648662,1.10526871681213,0.0150680365040898,0.0380940213799476,0.694688141345978,-0.7181436419487
0.595057189464569,-0.0260521080344915,1.10515308380127,0.0171237792819738,0.0388480387628078,0.692673325538635,-0.720000863075256
0.595127105712891,-0.0258077848702669,1.10511243343353,0.0174342785030603,0.0390643328428268,0.692165791988373,-0.72046971321106
0.594283699989319,-0.0252332985401153,1.10481238365173,0.0178133752197027,0.0374442860484123,0.692597091197968,-0.720131874084473
0.595227956771851,-0.0238049924373626,1.10489106178284,0.0137876877561211,0.0380048304796218,0.693761587142944,-0.719069182872772
0.595453083515167,-0.0240454748272895,1.10500061511993,0.015381091274321,0.0402872152626514,0.691727459430695,-0.720869898796082
0.595453083515167,-0.0240454748272895,1.10500061511993,0.015381091274321,0.0402872152626514,0.691727459430695,-0.720869898796082
0.594594597816467,-0.0241992361843585,1.10506618022919,0.0184085648506879,0.04035260155797,0.690276980400085,-0.722184479236603
0.594896256923676,-0.024360928684473,1.1053067445755,0.0195219460874795,0.0420199744403362,0.689602434635162,-0.722704470157623
0.594893097877502,-0.0240528285503387,1.10529744625092,0.019629068672657,0.0422135628759861,0.689343094825745,-0.722937703132629
0.595296084880829,-0.0237621776759624,1.10528349876404,0.0207523219287395,0.0420065633952617,0.688762009143829,-0.723471999168396
0.595182359218597,-0.0233543589711189,1.10525071620941,0.0211699735373258,0.0420140027999877,0.688463509082794,-0.723743617534637
0.595236241817474,-0.023009218275547,1.10526847839355,0.0215028654783964,0.0422969795763492,0.688083291053772,-0.724078714847565
0.595278978347778,-0.022681925445795,1.10526180267334,0.0216588992625474,0.0424249731004238,0.687682807445526,-0.724446952342987
0.595302939414978,-0.0223883371800184,1.10526740550995,0.0222401097416877,0.0427465587854385,0.687151968479156,-0.724914133548737
0.595894575119019,-0.0217032581567764,1.10546278953552,0.0207295063883066,0.0429673343896865,0.68762731552124,-0.724494814872742
0.595435976982117,-0.0217401478439569,1.10524225234985,0.0225384160876274,0.0434024073183536,0.685980677604675,-0.725974321365356
0.595435976982117,-0.0217401478439569,1.10524225234985,0.0225384160876274,0.0434024073183536,0.685980677604675,-0.725974321365356
0.595486700534821,-0.0211397297680377,1.10523521900177,0.0230383090674877,0.0439049936830997,0.685079038143158,-0.726779460906982
0.596055924892426,-0.0206995010375976,1.10549783706665,0.0210705399513244,0.0439156107604503,0.686841428279877,-0.72517329454422
0.596119344234467,-0.0203562285751104,1.10550844669342,0.0213474109768867,0.0441984981298446,0.68620491027832,-0.725750505924225
0.596222400665283,-0.0200940370559692,1.10552489757538,0.0216029826551675,0.044544331729412,0.685691893100739,-0.726206481456757
0.595951676368713,-0.0197212249040603,1.10534965991974,0.0227750558406114,0.0446664877235889,0.684124529361725,-0.72764003276825
0.595951676368713,-0.0197212249040603,1.10534965991974,0.0227750558406114,0.0446664877235889,0.684124529361725,-0.72764003276825
0.596340000629425,-0.0189843717962503,1.10549437999725,0.022206250578165,0.0449751429259777,0.684008717536926,-0.72774738073349
0.595700621604919,-0.0189356543123722,1.10520327091217,0.0247677415609359,0.045192401856184,0.681721329689026,-0.72979474067688
0.596285760402679,-0.0185197126120328,1.10544836521149,0.0227606389671564,0.0452179349958896,0.683400392532349,-0.728286504745483
0.596294522285461,-0.0181861482560634,1.10537493228912,0.0230981446802616,0.0453951619565486,0.682781338691711,-0.728845357894897
0.596421539783478,-0.0178879611194133,1.10537493228912,0.0232543908059597,0.0456979423761367,0.682220160961151,-0.729346752166748
0.596439898014069,-0.0175808146595954,1.10528790950775,0.0236002039164304,0.0459417439997196,0.681488394737244,-0.730004131793976
0.596462309360504,-0.0172842778265476,1.10532629489899,0.0236232690513134,0.0460187681019306,0.681125581264496,-0.730337023735046
0.596400499343872,-0.0171039812266826,1.1053478717804,0.0235213860869407,0.0460011549293994,0.680898010730743,-0.730553507804871
0.596502661705017,-0.0168341808021068,1.10531318187714,0.0238506738096475,0.0466555841267108,0.680655062198639,-0.730727910995483
0.596570789813995,-0.0165750179439783,1.10528659820557,0.0241276081651449,0.0469572432339191,0.680065512657166,-0.731248259544373
0.595704197883606,-0.015419621951878,1.10472822189331,0.0237044002860784,0.0439851284027099,0.679956316947937,-0.731548309326172
0.596507430076599,-0.0153739247471094,1.10505509376526,0.0238335859030485,0.0460472851991653,0.678689062595367,-0.732593297958374
0.59656947851181,-0.0150507371872663,1.10500574111938,0.0240173880010843,0.0460943542420864,0.678312420845032,-0.732932925224304
0.596616208553314,-0.0148418238386511,1.10499632358551,0.0241907592862844,0.0463568642735481,0.677913904190063,-0.733279287815094
0.596620559692383,-0.0146385198459029,1.10495638847351,0.0241789352148771,0.046539980918169,0.677567362785339,-0.73358827829361
0.596008002758026,-0.0142842205241322,1.10467481613159,0.0245512910187244,0.0445667393505573,0.677877426147461,-0.733412146568298
0.596008002758026,-0.0142842205241322,1.10467481613159,0.0245512910187244,0.0445667393505573,0.677877426147461,-0.733412146568298
0.596702456474304,-0.0140183726325631,1.10473954677582,0.0252710673958063,0.0470383577048778,0.676649570465088,-0.734366536140442
0.596761763095856,-0.0138348136097192,1.10472345352173,0.0252423342317342,0.0471979267895221,0.676422894001007,-0.73456609249115
0.596834182739258,-0.0135961193591356,1.10469460487366,0.0254482757300138,0.0474654398858547,0.675907790660858,-0.735015869140625
0.596451044082642,-0.0131093310192227,1.10448598861694,0.0255414973944425,0.0464551225304603,0.675838947296143,-0.735140323638916
0.597181141376495,-0.0131683964282274,1.10474908351898,0.0255390834063291,0.0484931170940399,0.674841701984406,-0.735924541950226
0.597219049930573,-0.0129308439791202,1.1046199798584,0.0258936248719692,0.0484979636967182,0.674566686153412,-0.736163973808289
0.597237467765808,-0.0127518903464078,1.10458874702454,0.0260163322091102,0.0485916435718536,0.674421429634094,-0.736286461353302
0.597304880619049,-0.0125763779506087,1.10458123683929,0.0261646714061498,0.0487774759531021,0.674114406108856,-0.736550033092499
0.597385585308075,-0.0123235322535038,1.10454285144806,0.0264322534203529,0.0489413253962993,0.673714280128479,-0.736895740032196
0.59747189283371,-0.0121583091095089,1.10453402996063,0.0265148226171731,0.0491380393505096,0.673404037952423,-0.737163186073303
0.59747189283371,-0.0121583091095089,1.10453402996063,0.0265148226171731,0.0491380393505096,0.673404037952423,-0.737163186073303
0.597587108612061,-0.011802433989942,1.10446751117706,0.0267070680856704,0.0492118410766124,0.672909140586853,-0.737603008747101
0.597678482532501,-0.0112567022442817,1.10456526279449,0.0267709847539663,0.0493090264499187,0.671273052692413,-0.739083468914032
0.597893953323364,-0.0114493910223245,1.1044112443924,0.0273747518658638,0.0497639290988445,0.672136783599854,-0.73824542760849
0.597978353500366,-0.0113120358437299,1.10437667369843,0.0275040660053491,0.0498702190816402,0.671945571899414,-0.738407552242279
0.597978353500366,-0.0113120358437299,1.10437667369843,0.0275040660053491,0.0498702190816402,0.671945571899414,-0.738407552242279
0.597914934158325,-0.0110732894390821,1.10425305366516,0.0279543567448854,0.0497582107782363,0.671772301197052,-0.738555788993835
0.597980797290802,-0.0109538342803716,1.10422825813293,0.027942880988121,0.0498819835484027,0.671546101570129,-0.738753616809845
0.598091125488281,-0.0108110904693603,1.10419845581055,0.0280311349779367,0.0499889776110649,0.671287596225739,-0.73897796869278
0.598129332065582,-0.0106435436755418,1.10412991046906,0.0281489212065935,0.0498594008386135,0.670957624912262,-0.739281833171844
0.598195433616638,-0.0104997940361499,1.10406708717346,0.0284139160066843,0.049943596124649,0.670498490333557,-0.739682376384735
0.598288536071777,-0.0103828217834234,1.10403454303741,0.0284558273851871,0.0500130243599414,0.670331060886383,-0.739827871322632
0.598400413990021,-0.0102760326117277,1.10400342941284,0.028457349166274,0.0501685142517089,0.67028146982193,-0.739862263202667
0.5985107421875,-0.0102051515132188,1.10401654243469,0.0284812990576028,0.0502827391028404,0.670233368873596,-0.739897191524506
0.598803579807281,-0.0101194884628057,1.10406124591827,0.0283539947122335,0.0507451966404914,0.669807553291321,-0.740255951881409
0.598803579807281,-0.0101194884628057,1.10406124591827,0.0283539947122335,0.0507451966404914,0.669807553291321,-0.740255951881409
0.598363757133484,-0.009686104953289,1.10365533828735,0.0286635197699069,0.0490211248397827,0.669878005981445,-0.740296542644501
0.599242806434631,-0.0098441056907176,1.10397708415985,0.0284601226449012,0.051035076379776,0.668954133987427,-0.741003215312958
0.599353730678558,-0.009777083992958,1.10396194458008,0.0283817909657955,0.0510397069156169,0.668915688991547,-0.741040706634521
0.599457144737244,-0.0097159761935472,1.10392940044403,0.0283950921148061,0.050989169627428,0.668732404708862,-0.741209089756012
0.599562048912048,-0.0096848402172327,1.1039069890976,0.028364660218358,0.0510441251099109,0.668622672557831,-0.741305351257324
0.59966778755188,-0.0096285846084356,1.10387313365936,0.0283297374844551,0.0510471872985363,0.668459236621857,-0.741454005241394
0.599802494049072,-0.009579349309206,1.10384786128998,0.0284250099211931,0.0510226041078567,0.668341398239136,-0.741558194160461
0.599888920783997,-0.0095384027808904,1.10382616519928,0.0283394567668437,0.0509905442595481,0.668218910694122,-0.741674065589905
0.599941253662109,-0.0094806533306837,1.1037882566452,0.0281463880091905,0.0508944913744926,0.668252408504486,-0.741657912731171
0.600050032138824,-0.0094706937670707,1.10377299785614,0.0280754938721656,0.0509119220077991,0.668159961700439,-0.741742670536041
0.599914908409119,-0.0094830654561519,1.10367822647095,0.0281675830483436,0.0503576807677745,0.66839325428009,-0.74156665802002
0.600012481212616,-0.0094476714730262,1.10366010665894,0.0280987080186605,0.0503438748419284,0.668283820152283,-0.741668999195099
0.600086569786072,-0.0094174966216087,1.10364305973053,0.0280510503798723,0.0503048114478588,0.668201506137848,-0.741747498512268
0.600183486938477,-0.0093976985663175,1.10361790657043,0.0280084609985351,0.0502791367471218,0.668098449707031,-0.741843640804291
0.600253641605377,-0.0093999058008193,1.10362696647644,0.0279719121754169,0.0502632074058055,0.668038487434387,-0.741900086402893
0.600326120853424,-0.0093762706965208,1.10359740257263,0.0280219092965126,0.0502407848834991,0.667856454849243,-0.742063641548157
0.600428223609924,-0.0094140190631151,1.10360324382782,0.0279967412352561,0.0503781251609325,0.667807757854462,-0.742099165916443
0.600516140460968,-0.0094239730387926,1.10358846187592,0.027936166152358,0.0503954514861106,0.667745113372803,-0.742156624794006
0.600611805915833,-0.009419372305274,1.10359501838684,0.0277779027819633,0.050390925258398,0.667775332927704,-0.742135584354401
0.600714325904846,-0.0094430837780237,1.10358691215515,0.0276161767542362,0.0504432432353496,0.667686462402344,-0.742218136787415
0.600811839103699,-0.0094376541674137,1.10357165336609,0.027480999007821,0.0503874011337757,0.667616486549377,-0.74228972196579
0.600928425788879,-0.0094635784626007,1.10357415676117,0.0272996593266725,0.0504184067249298,0.667551875114441,-0.742352545261383
0.601034462451935,-0.0094752870500087,1.10355854034424,0.0271878186613321,0.0504020862281322,0.667479991912842,-0.742422342300415
0.601034462451935,-0.0094752870500087,1.10355854034424,0.0271878186613321,0.0504020862281322,0.667479991912842,-0.742422342300415
0.601201772689819,-0.009499030187726,1.10354614257812,0.0269648451358079,0.0503508597612381,0.667337834835052,-0.742561757564545
0.601304948329926,-0.0094907823950052,1.10352110862732,0.0268521271646022,0.0503611154854297,0.667079329490662,-0.742797374725342
0.601387143135071,-0.0095131900161504,1.10351920127869,0.026773601770401,0.0503467209637165,0.667002439498901,-0.742870211601257
0.601447522640228,-0.0095480866730213,1.1035248041153,0.0266694333404302,0.0502942837774753,0.666915595531464,-0.742955446243286
0.601524591445923,-0.0095839761197566,1.10352802276611,0.0266272537410259,0.0502519607543945,0.66683292388916,-0.743034064769745
0.6015864610672,-0.0095868725329637,1.1035304069519,0.026485925540328,0.0501369386911392,0.666692495346069,-0.743172883987427
0.601650357246399,-0.00962545722723,1.10353624820709,0.0263138934969902,0.0500371567904949,0.666609764099121,-0.743259966373444
0.601650357246399,-0.00962545722723,1.10353624820709,0.0263138934969902,0.0500371567904949,0.666609764099121,-0.743259966373444
0.601782262325287,-0.0097352694720029,1.1035430431366,0.0258946921676397,0.0499127320945262,0.666518151760101,-0.743365168571472
0.601911783218384,-0.0095253884792327,1.10357165336609,0.0256779324263334,0.0498519092798233,0.665902614593506,-0.743928194046021
0.601962924003601,-0.0095266997814178,1.10353016853333,0.0254893153905868,0.0496696308255195,0.665846407413483,-0.74399721622467
0.602014482021332,-0.0098636467009782,1.10358166694641,0.0252563003450632,0.0496762320399284,0.666536271572113,-0.743386685848236
0.602144241333008,-0.0096492459997534,1.10359919071198,0.0251311268657445,0.0495890341699123,0.665934324264526,-0.743936121463776
0.602144241333008,-0.0096492459997534,1.10359919071198,0.0251311268657445,0.0495890341699123,0.665934324264526,-0.743936121463776
0.602232158184052,-0.0100076645612716,1.10358965396881,0.02461988478899,0.0492804758250713,0.666560292243958,-0.743412911891937
0.603641092777252,-0.009054398164153,1.10343074798584,0.0209104921668767,0.0496846064925193,0.667277634143829,-0.742855846881866
0.602330327033997,-0.0101114632561802,1.10351765155792,0.0240549948066473,0.0487711727619171,0.666491687297821,-0.74352639913559
0.602421641349792,-0.010145348496735,1.10353016853333,0.0239788815379142,0.0486590676009655,0.666382074356079,-0.743634521961212
0.602459609508514,-0.0102370399981737,1.10353231430054,0.0235893055796623,0.0485756695270538,0.666405498981476,-0.743631482124329
0.602432608604431,-0.0102847693488001,1.10345208644867,0.0230744797736406,0.0481459721922874,0.666833519935608,-0.743291676044464
0.602486848831177,-0.010360537096858,1.10344171524048,0.0228783544152975,0.0479963272809982,0.666871964931488,-0.743273079395294
0.602624714374542,-0.0104585327208042,1.10349643230438,0.0229592211544513,0.047998446971178,0.666508138179779,-0.743596792221069
0.602681279182434,-0.0105379931628704,1.10348749160767,0.0228031892329454,0.0478548407554626,0.666550278663635,-0.743572890758514
0.602681279182434,-0.0105379931628704,1.10348749160767,0.0228031892329454,0.0478548407554626,0.666550278663635,-0.743572890758514
0.602761924266815,-0.0107148112729191,1.10345637798309,0.0224100686609745,0.0474618561565876,0.666672646999359,-0.743500351905823
0.602831125259399,-0.0108495848253369,1.10348224639893,0.0222556218504905,0.0472888201475143,0.666720449924469,-0.743473172187805
0.602950870990753,-0.0109826270490884,1.10348343849182,0.0218216087669134,0.0471781603991985,0.666978061199188,-0.743261992931366
0.602898180484772,-0.0110490042716264,1.10355818271637,0.0211055949330329,0.0468654856085777,0.666988432407379,-0.743293166160583
0.602928221225739,-0.0111418021842837,1.10356831550598,0.0208794381469488,0.0465434491634368,0.667078673839569,-0.743238806724548
0.602976322174072,-0.0112741133198142,1.1036285161972,0.0206108149141073,0.0464004501700401,0.667251408100128,-0.743100225925446
0.60301148891449,-0.0112788863480091,1.1035783290863,0.0203941762447357,0.0460313782095909,0.66718453168869,-0.743189096450806
0.603060901165009,-0.0113660981878638,1.10358226299286,0.0200789961963892,0.0457808151841163,0.667337715625763,-0.743075609207153
0.603079676628113,-0.0114634521305561,1.10357105731964,0.0197941474616527,0.0455223210155963,0.667428374290466,-0.743017733097076
0.603159844875336,-0.0116133689880371,1.10350394248962,0.0199151951819658,0.0451833009719848,0.667930424213409,-0.742583870887756
0.60317474603653,-0.01170683093369,1.10348904132843,0.0196365565061569,0.0448985770344734,0.668012499809265,-0.742534816265106
0.603167057037354,-0.0118532087653875,1.10348391532898,0.019266178831458,0.0445718318223953,0.668243765830994,-0.742356061935425
0.602736949920654,-0.0117117678746581,1.10325539112091,0.0191356185823678,0.0428124256432056,0.668733060359955,-0.742022216320038
0.60268646478653,-0.0117636285722255,1.10333132743835,0.0186459198594093,0.0424963645637035,0.668553054332733,-0.742215037345886
0.603438854217529,-0.0121468622237443,1.10369420051575,0.0181502606719732,0.0441310107707977,0.668003499507904,-0.74262660741806
0.603438854217529,-0.0121468622237443,1.10369420051575,0.0181502606719732,0.0441310107707977,0.668003499507904,-0.74262660741806
0.602645218372345,-0.0121315121650695,1.10332787036896,0.0178473461419343,0.0414459630846977,0.669136881828308,-0.741767764091492
0.602575898170471,-0.0122510259971022,1.10333502292633,0.0175787676125764,0.0411488451063632,0.669335067272186,-0.741612017154694
0.602573990821838,-0.012402038089931,1.10335171222687,0.0172574911266565,0.0408132597804069,0.669582188129425,-0.741415083408356
0.603282153606415,-0.012716406956315,1.10367178916931,0.0168071519583463,0.0422368794679641,0.669083058834076,-0.741796135902405
0.603345394134521,-0.0125865302979946,1.10368645191193,0.0166369061917066,0.0418575219810009,0.668700933456421,-0.742165923118591
0.602586090564728,-0.0127416290342807,1.10333657264709,0.0165333710610866,0.0396103486418724,0.670377433300018,-0.740777790546417
0.602578043937683,-0.0128671107813715,1.10335612297058,0.0162357743829488,0.0392334498465061,0.670577228069305,-0.740623533725739
0.603325605392456,-0.013174308463931,1.10367810726166,0.0159003287553787,0.0408128798007965,0.669880628585815,-0.741175711154938
0.603360056877136,-0.013311400078237,1.10367071628571,0.0158149655908346,0.04045345261693,0.670104444026947,-0.740994930267334
0.603371024131775,-0.0134692965075373,1.10366928577423,0.0155657501891255,0.0400364249944686,0.67023378610611,-0.74090588092804
0.603384494781494,-0.0133793978020548,1.10374271869659,0.0151059329509735,0.0397539399564266,0.670052468776703,-0.741094470024109
0.603352248668671,-0.0137674696743488,1.10371911525726,0.0147309731692075,0.0393807850778102,0.670993208885193,-0.7402703166008
0.603263854980469,-0.0135569348931312,1.10361313819885,0.0146247185766696,0.0385114587843418,0.670578479766846,-0.740693867206573
0.602747023105621,-0.0135840261355042,1.10343110561371,0.0139355016872286,0.0365929119288921,0.671366572380066,-0.740090429782867
0.603403747081757,-0.013990182429552,1.10379242897034,0.01304298825562,0.0381216071546077,0.671154499053955,-0.740221679210663
0.603366494178772,-0.01425426825881,1.10372090339661,0.0129976123571395,0.0377356112003326,0.671379506587982,-0.740038275718689
0.603333413600922,-0.0144123537465929,1.10371947288513,0.0126766068860888,0.0373480729758739,0.671631395816803,-0.73983496427536
0.60329669713974,-0.0145476646721363,1.1037689447403,0.0122192529961466,0.0370814613997936,0.67165219783783,-0.739837288856506
0.603288471698761,-0.0146686723455786,1.10374760627747,0.0120147503912448,0.036691565066576,0.671692967414856,-0.73982298374176
0.603160619735718,-0.014779970049858,1.103719830513,0.0116885369643569,0.0359027124941349,0.671972274780273,-0.739613234996796
0.603249073028564,-0.0147970970720052,1.10378062725067,0.0112592400982975,0.035308726131916,0.672325372695923,-0.739327430725098
0.603180408477783,-0.0149871511384844,1.1036913394928,0.0113073326647281,0.0347236804664135,0.672253608703613,-0.7394198179245
0.603149890899658,-0.0151809277012944,1.10370826721191,0.0108815087005496,0.0342490896582603,0.67250519990921,-0.73921936750412
0.603055000305176,-0.0154396034777164,1.1037917137146,0.0103372754529118,0.0331194885075092,0.673091471195221,-0.738744974136353
0.603018581867218,-0.0154925258830189,1.10365962982178,0.0103177595883607,0.0328800193965435,0.672868430614471,-0.738959014415741
0.602927505970001,-0.0156288892030715,1.10365235805511,0.0099708968773484,0.0322894677519798,0.672999739646912,-0.738870322704315
0.602947771549225,-0.0157734435051679,1.10367906093597,0.009621606208384,0.0317575819790363,0.673366129398346,-0.738564133644104
0.602934539318085,-0.0159589797258377,1.10369169712067,0.0093666221946477,0.0313107855618,0.673564970493317,-0.738405108451843
0.602720022201538,-0.01621925085783,1.10363149642944,0.0093222074210643,0.0304568242281675,0.674091517925262,-0.737960875034332
0.602744519710541,-0.0164064709097147,1.10359954833984,0.0092353345826268,0.0300009883940219,0.674356937408447,-0.737738072872162
0.603024482727051,-0.0170875955373048,1.10389041900635,0.0093992175534367,0.0309057142585515,0.67430317401886,-0.737747728824615
0.602890133857727,-0.0172002557665109,1.10382091999054,0.0087975794449448,0.030298376455903,0.674601435661316,-0.73750764131546
0.60294246673584,-0.0173852108418941,1.10388433933258,0.0087727233767509,0.029673732817173,0.67444908618927,-0.737672746181488
0.602949678897858,-0.0175246205180883,1.10387301445007,0.008633348159492,0.02888392098248,0.674711227416992,-0.737465918064117
0.602926969528198,-0.017672810703516,1.10387527942657,0.0084263533353805,0.0282072331756353,0.674708724021912,-0.737496733665466
0.602947950363159,-0.0178106799721717,1.10386407375336,0.0078671248629689,0.0275420676916837,0.67496246099472,-0.737295985221863
0.602865219116211,-0.0178504064679145,1.1037358045578,0.0089472653344273,0.0272380895912647,0.673548698425293,-0.738586664199829
0.602331817150116,-0.0183317828923463,1.10360860824585,0.0097373537719249,0.0266349334269762,0.672755599021912,-0.739321172237396
0.602295398712158,-0.0184338521212339,1.1035829782486,0.0095777176320552,0.0258268993347883,0.672839939594269,-0.739275097846985
0.602295398712158,-0.0184338521212339,1.1035829782486,0.0095777176320552,0.0258268993347883,0.672839939594269,-0.739275097846985
0.602854073047638,-0.0182847678661346,1.10378193855286,0.0073926327750086,0.0242366474121809,0.67409873008728,-0.738206505775452
0.602863967418671,-0.0184304025024175,1.10380613803864,0.0073273573070764,0.0235672052949666,0.67409759759903,-0.738229870796204
0.602857053279877,-0.0185448583215475,1.10380744934082,0.0071808919310569,0.022770419716835,0.673979818820953,-0.738363921642303
0.602928161621094,-0.0185479447245597,1.10382008552551,0.0066815610043704,0.0220211185514926,0.673644244670868,-0.738697409629822
0.602863669395447,-0.0186575725674629,1.10381984710693,0.0062156622298061,0.0213353466242551,0.673562824726105,-0.738795936107635
0.602933406829834,-0.0187480486929416,1.10379457473755,0.0063427444547414,0.0206472650170326,0.673509657382965,-0.738862812519073
0.60238653421402,-0.0192116405814886,1.1034939289093,0.0081839440390467,0.0199140161275863,0.671879827976227,-0.740347266197205
0.60238653421402,-0.0192116405814886,1.1034939289093,0.0081839440390467,0.0199140161275863,0.671879827976227,-0.740347266197205
0.602095305919647,-0.0188865792006254,1.10331809520721,0.007426836527884,0.016946779564023,0.671358406543732,-0.740901827812195
0.601257264614105,-0.0187374223023653,1.10300612449646,0.00776530476287,0.0141148874536156,0.671772480010986,-0.740582406520844
0.601272821426392,-0.0188064016401767,1.10299682617188,0.0077313077636063,0.0132708270102739,0.671579539775848,-0.740773320198059
0.601171672344208,-0.0189477913081645,1.10305333137512,0.0073498864658176,0.0116963693872094,0.671553373336792,-0.740827441215515
0.601189732551575,-0.0190275479108095,1.10306870937347,0.0074938889592885,0.0109369745478034,0.671008467674255,-0.741331219673157
0.602097451686859,-0.0194608196616172,1.1034904718399,0.0077179763466119,0.0133868902921676,0.669766068458557,-0.742411434650421
0.602601170539856,-0.019153069704771,1.10372734069824,0.0059441793709993,0.0123859411105513,0.670555889606476,-0.741731941699982
0.602670431137085,-0.019652135670185,1.10383129119873,0.00553287146613,0.0115913888439536,0.671679794788361,-0.740730226039886
0.602407395839691,-0.0192963480949401,1.1037255525589,0.0050918823108077,0.0097973002120852,0.67134952545166,-0.741058707237244
0.602405667304993,-0.0193716026842594,1.10372424125671,0.0051421704702079,0.0089657362550497,0.671168029308319,-0.741233229637146
0.602507293224335,-0.0196499489247798,1.10385239124298,0.0056610153988003,0.0088328085839748,0.670405864715576,-0.741920411586761
0.602507293224335,-0.0196499489247798,1.10385239124298,0.0056610153988003,0.0088328085839748,0.670405864715576,-0.741920411586761
0.60245805978775,-0.0197329018265008,1.10384726524353,0.0057170880027115,0.0069442689418792,0.669422090053558,-0.742827832698822
0.602526783943176,-0.0200361665338277,1.10394251346588,0.006203169003129,0.0065903640352189,0.669151365756989,-0.74307107925415
0.602424621582031,-0.0198258720338344,1.10386216640472,0.0057850647717714,0.0052110105752944,0.668524265289307,-0.74364972114563
0.602507889270782,-0.0200937539339065,1.10391891002655,0.0064742835238575,0.0050716432742774,0.668055653572083,-0.744065999984741
0.602401256561279,-0.0199310034513473,1.10379540920258,0.0062182112596929,0.0036362842656672,0.66764110326767,-0.744448482990265
0.602393329143524,-0.0199639499187469,1.103835105896,0.0061218137852847,0.0028280313126742,0.66700679063797,-0.745021164417267
0.602454841136932,-0.0200607571750879,1.10389244556427,0.0063838493078947,0.0023056368809193,0.66631418466568,-0.745640337467194
0.602428495883942,-0.0199151374399662,1.10393559932709,0.0067551028914749,0.0015421842690557,0.665022671222687,-0.746791183948517
0.602422773838043,-0.0202101692557334,1.10391104221344,0.0068699386902153,0.0009539729799143,0.664994180202484,-0.746816396713257
0.602445363998413,-0.0203114002943038,1.10393500328064,0.0070181018672883,0.0003217339981347,0.664342045783997,-0.747395694255829
0.60249137878418,-0.0203926693648099,1.10394835472107,0.0071094105951488,-0.0001502023369539,0.663631677627563,-0.74802577495575
0.602561891078949,-0.0204395148903131,1.10391461849213,0.0075858263298869,-0.0009159137262031,0.663317680358887,-0.748298943042755
0.604035198688507,-0.0194247830659151,1.1038384437561,0.0038525538984686,-0.0007332583190873,0.662952721118927,-0.748651027679443
0.604059517383575,-0.0194300860166549,1.10385680198669,0.0039513404481112,-0.0014509037137031,0.662175714969635,-0.749336898326874
0.604034781455994,-0.019459418952465,1.10385310649872,0.0039535923860967,-0.0020651947706937,0.661375045776367,-0.750042140483856
0.604098260402679,-0.0194522850215435,1.10387921333313,0.0040277536027133,-0.0026792341377586,0.660777509212494,-0.750566244125366
0.604141175746918,-0.0194398649036884,1.10390603542328,0.0040652947500348,-0.0032415126916021,0.660113573074341,-0.751147866249084
0.604135811328888,-0.0194312408566474,1.10394656658173,0.0040328181348741,-0.0038830346893519,0.659559011459351,-0.751632034778595
0.60416167974472,-0.0194052271544933,1.10398030281067,0.0041151158511638,-0.004463670309633,0.658679604530334,-0.752399146556854
0.604272544384003,-0.0194672048091888,1.1041042804718,0.0042232233099639,-0.0048813791945576,0.657849967479706,-0.753121376037598
0.604325652122498,-0.0194634348154068,1.10410916805267,0.0044806208461523,-0.0054517528042197,0.656965136528015,-0.753888010978699
0.6043501496315,-0.0194256138056516,1.10415387153625,0.0046197120100259,-0.0059269978664815,0.656015932559967,-0.754709661006927
0.604407727718353,-0.019287247210741,1.1041407585144,0.0045836344361305,-0.0067134583368897,0.654769659042358,-0.755784869194031
0.604502975940704,-0.0189607739448547,1.10429155826569,0.0045084650628268,-0.0072249979712069,0.653359830379486,-0.756999552249908
0.604543924331665,-0.0189113728702068,1.1042720079422,0.0041048885323107,-0.008084868080914,0.652743101119995,-0.757525026798248
0.604228615760803,-0.0188961215317249,1.10417330265045,0.0047444603405892,-0.0094988970085978,0.65243935585022,-0.757766664028168
0.604627251625061,-0.0192629173398017,1.10446119308472,0.004889007192105,-0.0085819130763411,0.651400566101074,-0.758669793605804
0.604679822921753,-0.0192078836262226,1.10453045368195,0.0046653295867145,-0.0091287698596715,0.65033894777298,-0.759575068950653
0.604657471179962,-0.0185828953981399,1.10442698001862,0.003787177382037,-0.0105264903977513,0.649042069911957,-0.760670363903046
0.604501008987427,-0.0182592459022998,1.10427391529083,0.0040695988573133,-0.0119928196072578,0.648236572742462,-0.761333644390106
0.604507207870483,-0.0181196965277194,1.1043074131012,0.0043706158176064,-0.0127112912014126,0.647157728672028,-0.762237787246704
0.604489624500275,-0.0179872922599315,1.10439085960388,0.0044138790108263,-0.0133392997086048,0.646242201328278,-0.76300311088562
0.603232264518738,-0.0179840512573719,1.1043074131012,0.0056530651636421,-0.0158818457275629,0.646117687225342,-0.763051509857178
0.603232264518738,-0.0179840512573719,1.1043074131012,0.0056530651636421,-0.0158818457275629,0.646117687225342,-0.763051509857178
0.603224754333496,-0.0178209543228149,1.10448527336121,0.005538510158658,-0.0165623929351568,0.644307255744934,-0.764567315578461
0.603239595890045,-0.0175555311143398,1.10446667671204,0.0054098865948617,-0.0174065548926591,0.643102288246155,-0.765563368797302
0.603267252445221,-0.0174640472978353,1.10450291633606,0.0054035298526287,-0.0179261863231658,0.642145574092865,-0.766354024410248
0.603291928768158,-0.0173111073672771,1.10460257530212,0.0049538780003786,-0.0183619614690542,0.641122698783875,-0.767202734947205
0.603286385536194,-0.0172135941684246,1.10465478897095,0.0050141736865043,-0.0187840964645147,0.639986574649811,-0.768140137195587
0.603415608406067,-0.016744865104556,1.1047203540802,0.0049533005803823,-0.0192887466400861,0.638393759727478,-0.769452333450317
0.603420197963715,-0.0165135823190212,1.10474240779877,0.0049489098601043,-0.0198859442025423,0.637418866157532,-0.770244896411896
0.603445589542389,-0.0164315495640039,1.10479712486267,0.0048581636510789,-0.0201418492943048,0.636318266391754,-0.771148383617401
0.603455662727356,-0.0162942707538604,1.10486745834351,0.004947573877871,-0.0204357653856277,0.635295927524567,-0.771982491016388
0.603475630283356,-0.0161684900522232,1.10488271713257,0.0050375573337078,-0.0207022130489349,0.634302496910095,-0.77279132604599
0.603475689888,-0.0159211196005344,1.10500943660736,0.0046659908257424,-0.0211814548820257,0.633540332317352,-0.773405611515045
0.603475689888,-0.0159211196005344,1.10500943660736,0.0046659908257424,-0.0211814548820257,0.633540332317352,-0.773405611515045
0.602689027786255,-0.0161445681005716,1.10481381416321,0.0069408449344336,-0.0216602869331836,0.629012703895569,-0.777062296867371
0.602679014205933,-0.0159517712891101,1.10485303401947,0.0069764116778969,-0.0220255404710769,0.627973437309265,-0.777891755104065
0.602618992328644,-0.0155908688902854,1.10485172271729,0.0066803866066038,-0.0229319967329502,0.626268446445465,-0.779241561889648
0.602591574192047,-0.0153833841904997,1.1049120426178,0.0067452094517648,-0.0232132971286773,0.625030517578125,-0.780225932598114
0.602625846862793,-0.0151840522885322,1.10499680042267,0.0066290539689362,-0.0235175862908363,0.624015510082245,-0.781029880046844
0.602625846862793,-0.0151840522885322,1.10499680042267,0.0066290539689362,-0.0235175862908363,0.624015510082245,-0.781029880046844
0.602922141551971,-0.0146560287103056,1.10525453090668,0.0054262597113847,-0.0245780628174543,0.623479425907135,-0.781434595584869
0.602492392063141,-0.0145559888333082,1.10515451431274,0.0066389413550496,-0.0247677098959684,0.620377361774445,-0.783884286880493
0.60243684053421,-0.0144433705136179,1.10522079467773,0.0067582428455352,-0.0250185709446668,0.619007587432861,-0.784957349300385
0.602313876152039,-0.0142673002555966,1.10528326034546,0.0070233615115284,-0.0253284480422735,0.617626011371613,-0.786032676696777
0.602299869060516,-0.0140129765495657,1.10527265071869,0.0069816610775887,-0.0257998779416084,0.616530358791351,-0.786877334117889
0.602274298667908,-0.0138523643836379,1.10530936717987,0.0070952316746115,-0.0260052699595689,0.615293800830841,-0.787836968898773
0.602204084396362,-0.0136761600151658,1.1053706407547,0.0071569751016795,-0.0263346340507268,0.61399894952774,-0.788834929466248
0.602158963680267,-0.0134570188820362,1.10540676116943,0.0071580125950276,-0.0266805402934551,0.612823009490967,-0.789737224578857
0.602158963680267,-0.0134570188820362,1.10540676116943,0.0071580125950276,-0.0266805402934551,0.612823009490967,-0.789737224578857
0.60213965177536,-0.0131375258788466,1.10548055171967,0.0072748456150293,-0.0268509536981582,0.610327780246735,-0.79166042804718
0.602004587650299,-0.0128946891054511,1.10547959804535,0.0073037943802773,-0.027273379266262,0.609044671058655,-0.792633175849915
0.601980030536652,-0.0127045735716819,1.10552859306335,0.0073340088129043,-0.0274668708443641,0.607922911643982,-0.793486893177032
0.602013289928436,-0.0125176245346665,1.10553216934204,0.0071318745613098,-0.0275009702891111,0.606621146202087,-0.794483363628387
0.60201895236969,-0.0123697342351078,1.1054904460907,0.0074690645560622,-0.0277432892471551,0.605774104595184,-0.795117795467377
0.601983249187469,-0.0122006312012672,1.10542058944702,0.0078489249572157,-0.028242664411664,0.605020344257355,-0.795670330524445
0.601844191551208,-0.0119774034246802,1.1055703163147,0.0072073694318532,-0.0280376113951206,0.603231728076935,-0.797040462493896
0.601868093013763,-0.0118116373196244,1.10556793212891,0.0073604118078947,-0.028018957003951,0.602238595485687,-0.797790348529816
0.601869106292725,-0.0115937003865838,1.10557556152344,0.0072983517311513,-0.0279168542474508,0.60112065076828,-0.79863715171814
0.601791083812714,-0.0113661978393793,1.10558342933655,0.0071929618716239,-0.0281566940248012,0.600201904773712,-0.799320459365845
0.601791083812714,-0.0113661978393793,1.10558342933655,0.0071929618716239,-0.0281566940248012,0.600201904773712,-0.799320459365845
0.601738929748535,-0.0110177816823124,1.10562741756439,0.0072347470559179,-0.0281976051628589,0.598277986049652,-0.800759673118591
0.601658940315247,-0.0107574649155139,1.1056147813797,0.00711449701339,-0.0284100212156772,0.597379446029663,-0.801423847675323
0.601620674133301,-0.0105817485600709,1.10562014579773,0.0070458683185279,-0.0283986907452344,0.59645140171051,-0.802115738391876
0.601588904857635,-0.0104232104495167,1.10562968254089,0.0070922616869211,-0.0284013673663139,0.5954949259758,-0.802825570106506
0.601588904857635,-0.0104232104495167,1.10562968254089,0.0070922616869211,-0.0284013673663139,0.5954949259758,-0.802825570106506
0.601573407649994,-0.0100808907300233,1.10560274124146,0.0071417456492781,-0.0282696094363927,0.59370356798172,-0.804155349731445
0.601518154144287,-0.0098422784358263,1.10559463500977,0.0070271585136651,-0.0284014903008937,0.59295642375946,-0.804702818393707
0.601547300815582,-0.0096957348287105,1.10563182830811,0.0069905347190797,-0.0282268188893795,0.592210531234741,-0.805258452892303
0.601566731929779,-0.0095342881977558,1.10563540458679,0.0069207102060317,-0.0281271506100893,0.59159380197525,-0.80571573972702
0.601642608642578,-0.0094472495838999,1.10572123527527,0.0070070340298116,-0.0277024935930967,0.590894520282745,-0.806242525577545
0.601539611816406,-0.0092642316594719,1.10566771030426,0.0072264987975358,-0.0276920516043901,0.590004086494446,-0.806892931461334
0.60154789686203,-0.0090863071382045,1.10568535327911,0.0070125013589859,-0.0276001468300819,0.589586734771729,-0.807202994823456
0.60158634185791,-0.0089308880269527,1.10569310188293,0.0070827472954988,-0.0274013262242078,0.589051485061646,-0.807599723339081
0.601540863513947,-0.0087956013157963,1.10568678379059,0.0069950716570019,-0.0271205548197031,0.588620185852051,-0.807924449443817
0.601521730422974,-0.0086661130189895,1.10569977760315,0.0068641984835267,-0.0269906818866729,0.588138699531555,-0.808280467987061
0.601536333560944,-0.0085088815540075,1.10570931434631,0.0069959857501089,-0.0267738997936248,0.587683260440826,-0.8086177110672
0.601476073265076,-0.0082611395046114,1.10563838481903,0.0069165555760264,-0.0270146373659372,0.586950957775116,-0.809142172336578
0.601479649543762,-0.0080852601677179,1.105637550354,0.0070112119428813,-0.0268974620848894,0.586598455905914,-0.809400856494904
0.601483225822449,-0.0079690255224704,1.10562491416931,0.0070662889629602,-0.0267135240137577,0.586290895938873,-0.809629261493683
0.601514995098114,-0.007791006937623,1.10566544532776,0.0070167360827326,-0.0264623928815126,0.585855066776276,-0.809953391551971
0.601514041423798,-0.0076597407460212,1.10568404197693,0.0069586443714797,-0.02615312859416,0.585642695426941,-0.810117483139038
0.601536214351654,-0.0075559187680482,1.10568642616272,0.0070303818210959,-0.0258622653782367,0.585350334644318,-0.810337424278259
0.601520717144012,-0.0074189826846122,1.10571610927582,0.0071296547539532,-0.0255985576659441,0.585103929042816,-0.810522854328156
0.601503968238831,-0.0073128780350089,1.10573482513428,0.0071443123742938,-0.025316022336483,0.584901630878448,-0.810677587985992
0.601492285728455,-0.0071911597624421,1.10572862625122,0.0071985735557973,-0.0250166673213243,0.58458423614502,-0.810915350914001
0.601432025432587,-0.0070361141115427,1.10571110248566,0.0072170589119195,-0.0249563883990049,0.584480583667755,-0.810991704463959
0.60145229101181,-0.0069148447364568,1.10572946071625,0.007172118872404,-0.0246809590607881,0.584377944469452,-0.811074554920197
0.601479232311249,-0.0067848535254597,1.10574316978455,0.007078583817929,-0.0242954269051551,0.584343194961548,-0.81111204624176
0.601507663726807,-0.0066240048035979,1.10576784610748,0.0069940313696861,-0.0240001827478408,0.584193825721741,-0.811229169368744
0.601541101932526,-0.0065196342766284,1.10579323768616,0.0069560031406581,-0.0235730502754449,0.584015846252441,-0.811370134353638
0.601574599742889,-0.0063767777755856,1.10580897331238,0.0068950010463595,-0.0231993719935417,0.583972334861755,-0.811412811279297
0.60161554813385,-0.0062530376017093,1.10585391521454,0.006817334331572,-0.0227608643472194,0.583922445774078,-0.811461746692657
0.601641952991486,-0.0061624972149729,1.1058886051178,0.0068293018266558,-0.0223383698612451,0.583780169487,-0.811575710773468
0.601657807826996,-0.0060493303462862,1.10592663288116,0.0068126954138278,-0.0219788029789924,0.583662092685699,-0.811670541763306
0.601683437824249,-0.005941187031567,1.1059672832489,0.0068338848650455,-0.0215717572718858,0.583543121814728,-0.811766803264618
0.601727604866028,-0.0058239791542291,1.10601091384888,0.0067460900172591,-0.0211329758167266,0.583391427993774,-0.811888158321381
0.601790845394135,-0.005728717893362,1.1060882806778,0.0067049995996057,-0.0206115134060382,0.583255290985107,-0.811999678611755
0.601808309555054,-0.0056243818253278,1.10615468025208,0.0066034565679728,-0.0201784446835517,0.583000540733337,-0.812194347381592
0.601841866970062,-0.0055073592811822,1.10619258880615,0.0065932762809097,-0.019792940467596,0.582780659198761,-0.812361657619476
0.601851642131805,-0.0053838733583688,1.10623574256897,0.0065772770904004,-0.0193359442055225,0.582661747932434,-0.812458097934723
0.601856589317322,-0.0053182356059551,1.1062798500061,0.0065143187530338,-0.0188338551670312,0.582477748394012,-0.812602341175079
0.60187965631485,-0.0052100755274295,1.10631084442139,0.0067132413387298,-0.0184065494686365,0.582407712936401,-0.812660813331604
0.601900279521942,-0.0051443614065647,1.10633742809296,0.0067883683368563,-0.0179889257997274,0.582288324832916,-0.812755048274994
0.601915538311005,-0.005072159692645,1.10639643669128,0.006786910817027,-0.0175862722098827,0.582131624221802,-0.812876045703888
0.601931393146515,-0.0049870684742927,1.10644996166229,0.0067781596444547,-0.0171363111585378,0.582022666931152,-0.812963724136353
0.601909160614014,-0.0049485769122838,1.10648846626282,0.0069690449163317,-0.0166884269565343,0.581725418567657,-0.813184142112732
0.601922392845154,-0.0048776715993881,1.10651969909668,0.0070442478172481,-0.0162394382059574,0.581526815891266,-0.81333464384079
0.601918339729309,-0.0048323012888431,1.10656476020813,0.0070862588472664,-0.0158496387302875,0.581360876560211,-0.8134605884552
0.601916074752808,-0.0047682039439678,1.10663735866547,0.0070320079103112,-0.0153238521888852,0.581135928630829,-0.81363183259964
0.60192346572876,-0.0047371983528137,1.1066620349884,0.0071182711981236,-0.0149052366614341,0.581013083457947,-0.813726603984833
0.601930320262909,-0.0047007426619529,1.10670280456543,0.0072126379236578,-0.0144641492515802,0.580834805965424,-0.813860952854156
0.6019287109375,-0.0046697407960891,1.10678911209106,0.0074586980044841,-0.0139517886564135,0.580732345581055,-0.813940823078156
0.601942181587219,-0.0046364068984985,1.10683476924896,0.0075716716237366,-0.0134472353383898,0.580549716949463,-0.814078629016876
0.601960003376007,-0.0046483948826789,1.10689413547516,0.0075978841632604,-0.012929642572999,0.580393493175507,-0.814198136329651
0.60200560092926,-0.0046426076442003,1.10696959495544,0.0076410118490457,-0.0123468413949012,0.580156028270721,-0.814375936985016
0.602029025554657,-0.0046236924827098,1.10703551769257,0.0076922797597944,-0.0118715800344944,0.580023467540741,-0.81447696685791
0.602038383483887,-0.0046611111611127,1.10708236694336,0.0076438072137534,-0.0112086310982704,0.579939901828766,-0.814546346664429
0.602102518081665,-0.0046775992959737,1.10715246200562,0.00772495707497,-0.0104935290291905,0.580000877380371,-0.814511656761169
0.602119445800781,-0.0047103967517614,1.1072028875351,0.0078554060310125,-0.0100122597068548,0.579847395420074,-0.814625799655914
0.602131187915802,-0.004717893898487,1.10726344585419,0.0080737089738249,-0.0095902746543288,0.579761028289795,-0.814690172672272
0.602124094963074,-0.0047484841197729,1.10734510421753,0.0081820711493492,-0.0091308252885937,0.579641401767731,-0.814779460430145
0.602136433124542,-0.0047851353883743,1.10739922523499,0.0083509963005781,-0.0087054148316383,0.57954329252243,-0.814852178096771
0.602138578891754,-0.0048380158841609,1.10745525360107,0.0084946099668741,-0.0082991113886237,0.579450130462646,-0.814921140670776
0.602156281471252,-0.0048804674297571,1.1075085401535,0.0086742434650659,-0.0079128742218017,0.579397797584534,-0.814960360527039
0.602164208889008,-0.00495963729918,1.10756242275238,0.0088577987626194,-0.007517366670072,0.579329192638397,-0.815010905265808
0.60218358039856,-0.0050216037780046,1.10760378837585,0.0090256091207265,-0.0071250111795961,0.579316198825836,-0.815021872520447
0.602196753025055,-0.005109691992402,1.10763764381409,0.0091316774487495,-0.0068019423633813,0.57930988073349,-0.815027952194214
0.60222190618515,-0.0052194241434335,1.10765254497528,0.0092785535380244,-0.0063998266123235,0.579391598701477,-0.814971387386322
0.602264046669006,-0.0053463857620954,1.10764575004578,0.0092893922701478,-0.0060705668292939,0.579311370849609,-0.815030753612518
0.602327942848206,-0.0055319871753454,1.10775458812714,0.0094283875077962,-0.0055358870886266,0.579464256763458,-0.814924299716949
0.602485060691833,-0.0056009776890277,1.10762786865234,0.0087015898898243,-0.0047179698012769,0.579796612262726,-0.814701199531555
0.602512180805206,-0.0058085620403289,1.10763311386108,0.0087058087810873,-0.0043542217463254,0.579907357692719,-0.814624309539795
0.602641880512238,-0.0060834363102912,1.10762870311737,0.0091811120510101,-0.0037370827049016,0.580054521560669,-0.814517319202423
0.602705895900726,-0.0062727015465497,1.10763168334961,0.0092432061210274,-0.0034784404560923,0.580241978168488,-0.814384341239929
0.603032410144806,-0.006384789943695,1.10782122612,0.008122319355607,-0.0033839636016637,0.581740736961365,-0.813326716423035
0.602974653244019,-0.0066530127078294,1.10789573192596,0.0087022297084331,-0.0034657442010939,0.581537902355194,-0.813465416431427
0.602799952030182,-0.0070966687053442,1.10772979259491,0.0099142966791987,-0.0034134765155613,0.580690205097198,-0.814057111740112
0.602883994579315,-0.0074171293526887,1.10771214962006,0.009981888346374,-0.0031390185467898,0.580990493297577,-0.813843131065369
0.603151023387909,-0.0077894665300846,1.10763669013977,0.0095504047349095,-0.002197986934334,0.581561923027039,-0.813443183898926
0.603322923183441,-0.0081656016409397,1.10756170749664,0.0096265114843845,-0.0019082592334598,0.581996142864227,-0.813132345676422
0.603364229202271,-0.0086134299635887,1.10764968395233,0.0102660683915019,-0.0022325403988361,0.581999361515045,-0.813121438026428
0.603618979454041,-0.0090555306524038,1.10763120651245,0.0101693719625473,-0.0017410112777724,0.582605838775635,-0.812689363956451
0.603706002235413,-0.0095868445932865,1.10762286186218,0.0100967399775981,-0.0014691541437059,0.583337008953094,-0.812166094779968
0.603882074356079,-0.0099488701671361,1.10751557350159,0.0100453365594148,-0.0015254280297085,0.583815395832062,-0.811822950839996
0.604130268096924,-0.010441280901432,1.10753571987152,0.0098197450861334,-0.0011415805201977,0.584427356719971,-0.811385810375214
0.604278683662415,-0.0109036676585674,1.10748851299286,0.0096445670351386,-0.0011558459373191,0.585365295410156,-0.81071150302887
0.604436099529266,-0.0113970264792442,1.10742139816284,0.0095432754606008,-0.0011044951388612,0.586072444915771,-0.810201704502106
0.604681611061096,-0.0120373480021953,1.10745859146118,0.0093411784619092,-0.0005405015544965,0.587306559085846,-0.809310495853424
0.604870557785034,-0.0125603023916482,1.10740053653717,0.0089456653222441,-0.0003372549253981,0.588240444660187,-0.808636486530304
0.605215549468994,-0.0131737440824508,1.10740780830383,0.0086898421868681,8.42046792968176e-05,0.589036345481873,-0.808059871196747
0.605424582958221,-0.0137160699814558,1.10737872123718,0.008291439153254,7.63114803703502e-05,0.589936316013336,-0.807407200336456
0.605615377426147,-0.0144124440848827,1.10737061500549,0.0078776711598038,0.000376808544388,0.591322958469391,-0.806396305561066
0.605722844600677,-0.0149438045918941,1.10720932483673,0.0075114066712558,-0.000298454076983,0.592031955718994,-0.805879473686218
0.605900943279266,-0.015672642737627,1.10715174674988,0.0073508480563759,-0.0004511604201979,0.59323126077652,-0.804998457431793
0.606076240539551,-0.0163670405745506,1.10711574554443,0.0070000006817281,-0.0004798058944288,0.594102382659912,-0.804358899593353
0.606244683265686,-0.0171840265393257,1.10705518722534,0.0069805979728698,-0.0002625817724037,0.595254719257355,-0.803506791591644
0.60649710893631,-0.0179328806698322,1.10701215267181,0.0065727708861231,-7.63127536629327e-05,0.596472263336182,-0.802606701850891
0.606611669063568,-0.0186430569738149,1.10695672035217,0.0061396392993628,-0.0003104103379882,0.59773051738739,-0.801673591136932
0.606865882873535,-0.0194346960633993,1.10696387290955,0.0056089605204761,-0.0003452661039773,0.59909188747406,-0.800660669803619
0.607002854347229,-0.0201426558196544,1.10690534114838,0.004951262846589,-0.0006246741395443,0.600536227226257,-0.799582004547119
0.607184052467346,-0.02089424431324,1.10688054561615,0.0043426323682069,-0.0006969777168706,0.602023303508759,-0.798466444015503
0.607378780841827,-0.0217861272394657,1.10686707496643,0.003831627080217,-0.0008128679473884,0.603438556194305,-0.797399818897247
0.608520150184631,-0.0201188884675502,1.10455870628357,-0.0085242949426174,0.002306547248736,0.605844914913177,-0.795533895492554
0.607560932636261,-0.023941121995449,1.10678851604462,0.0031479923054575,-0.0007789132068865,0.605776727199554,-0.795628011226654
0.608970165252686,-0.0220693107694387,1.10453653335571,-0.0099564613774418,0.0023822260554879,0.608935415744781,-0.793153703212738
0.609217643737793,-0.0229489710181951,1.1045138835907,-0.0103571191430091,0.0023217296693474,0.610479891300201,-0.791960656642914
0.609286487102509,-0.0238838046789169,1.10444402694702,-0.0113468253985047,0.0020724213682115,0.612721860408783,-0.790214478969574
0.608512818813324,-0.027583535760641,1.10667955875397,0.0002243673370685,-0.0013196286745369,0.612730503082275,-0.790290772914886
0.608679115772247,-0.028607016429305,1.10666310787201,-0.0004574444610625,-0.0015055825933814,0.614419639110565,-0.788977921009064
0.608971476554871,-0.0295995101332664,1.10666275024414,-0.0012534256093204,-0.0016056676395237,0.616089344024658,-0.787673711776733
0.609956622123718,-0.0299695488065481,1.10679531097412,-0.0038847592659294,-0.0021452456712722,0.619354248046875,-0.785099148750305
0.609349012374878,-0.0316722616553306,1.10659193992615,-0.0029298574663698,-0.0022080817725509,0.619729161262512,-0.78480726480484
0.610190093517303,-0.0323078520596027,1.10690438747406,-0.0062226215377449,-0.0028824200853705,0.623647511005402,-0.781675577163696
0.610228896141052,-0.0338867492973804,1.10679543018341,-0.006079223472625,-0.003026835154742,0.625117182731628,-0.780501484870911
0.610591769218445,-0.035070315003395,1.10693120956421,-0.0074306651949882,-0.0035259609576314,0.627774477005005,-0.778351843357086
0.610801339149475,-0.0358719155192375,1.10686421394348,-0.0079734930768609,-0.0041595338843762,0.62874162197113,-0.777562320232391
0.610988914966583,-0.0372661836445331,1.10680508613586,-0.0089582735672593,-0.0045800185762345,0.630927979946136,-0.775776207447052
0.611181974411011,-0.0385753735899925,1.10676896572113,-0.0098759019747376,-0.0051542269065976,0.633096694946289,-0.773992538452148
0.611360549926758,-0.0398506969213485,1.10683357715607,-0.0108023332431912,-0.005740855820477,0.635288596153259,-0.772177994251251
0.611297011375427,-0.0410615913569927,1.10660207271576,-0.0112615395337343,-0.007109441794455,0.637405812740326,-0.770413219928741
0.613279640674591,-0.0432550571858882,1.10726428031921,-0.0119734238833189,-0.0025551163125783,0.639101505279541,-0.769024968147278
0.613522231578827,-0.0444748774170875,1.10724258422852,-0.0130929667502641,-0.003268351079896,0.640908002853394,-0.767499029636383
0.613693952560425,-0.0458870492875576,1.10726881027222,-0.0143410703167319,-0.0040061310864984,0.642761766910553,-0.765921473503113
0.614107728004456,-0.0471699684858322,1.10730278491974,-0.0153657691553235,-0.0043350434862077,0.644595265388489,-0.764357388019562
0.614126324653625,-0.0485346540808677,1.10718262195587,-0.0162316802889108,-0.0056201443076133,0.647011578083038,-0.762286722660065
0.614567279815674,-0.0500219836831092,1.10713946819305,-0.0173407644033432,-0.0058804573491215,0.649051129817963,-0.760524392127991
0.614825069904327,-0.0512158460915088,1.10718154907227,-0.0184910278767347,-0.0069060926325619,0.650407433509827,-0.75932914018631
0.615099787712097,-0.0529441609978675,1.10713529586792,-0.019845874980092,-0.0075325849466025,0.653670966625214,-0.756481230258942
0.615521430969238,-0.0545191653072834,1.10714745521545,-0.0212061405181884,-0.008084456436336,0.655884623527527,-0.754519999027252
0.615951597690582,-0.0559648126363754,1.10708391666412,-0.0223915986716747,-0.0088206185027956,0.657682538032532,-0.752910733222961
0.615864038467407,-0.0568921789526939,1.10697329044342,-0.0245840810239315,-0.0113514009863138,0.660024762153625,-0.750755667686462
0.616762161254883,-0.0590034686028957,1.10716688632965,-0.0255697686225175,-0.0099618397653102,0.66208028793335,-0.748930394649506
0.617189764976501,-0.0605657771229743,1.1071765422821,-0.0267853382974863,-0.0107801984995603,0.664241135120392,-0.746960580348969
0.617643177509308,-0.0623226724565029,1.10722291469574,-0.0281960610300302,-0.0112592140212655,0.666366398334503,-0.745005965232849
0.617028117179871,-0.0635802075266838,1.10661995410919,-0.0278593674302101,-0.0135156512260437,0.666687905788422,-0.744693517684937
0.617499470710754,-0.0652479231357574,1.10659289360046,-0.0291231386363506,-0.014262500219047,0.66895717382431,-0.742593288421631
0.618371784687042,-0.0675661414861679,1.10689508914948,-0.0301729813218116,-0.0133054936304688,0.671369791030884,-0.740388572216034
0.618355929851532,-0.068799614906311,1.10680079460144,-0.0318145900964736,-0.0165275186300277,0.673740983009338,-0.738097369670868
0.619105517864227,-0.0705774277448654,1.10678195953369,-0.0334240272641181,-0.0165976863354444,0.675708651542664,-0.736223638057709
0.619389593601227,-0.0725280046463012,1.10674607753754,-0.0344374924898147,-0.017492102459073,0.678135633468628,-0.73392117023468
0.619953334331512,-0.0743628665804863,1.10672879219055,-0.0361688919365406,-0.0183232575654983,0.680533170700073,-0.731594681739807
0.62022602558136,-0.0764666497707367,1.10663998126984,-0.0369994305074214,-0.0191177763044834,0.68272852897644,-0.72948431968689
0.621073484420776,-0.0782165452837944,1.10676085948944,-0.0396333299577236,-0.0201146658509969,0.685762226581573,-0.726467311382294
0.621326625347137,-0.0802557840943336,1.106724858284,-0.0403924100100994,-0.0214096326380968,0.686919212341309,-0.725294530391693
0.620463252067566,-0.0830278918147087,1.10684943199158,-0.0389801710844039,-0.023191163316369,0.689166784286499,-0.723181843757629
0.620901584625244,-0.0852857008576393,1.10674738883972,-0.0398949794471263,-0.023206390440464,0.690345048904419,-0.722006738185883
0.621693313121796,-0.0869291871786117,1.1069313287735,-0.0426153019070625,-0.0249142758548259,0.693133652210236,-0.719116806983948
0.622224926948547,-0.0889603421092033,1.10679244995117,-0.0444317832589149,-0.0250967759639024,0.695051491260529,-0.717146873474121
0.62263423204422,-0.0911908596754074,1.10665583610535,-0.0448007695376873,-0.0254788603633642,0.696231961250305,-0.715964198112488
0.622709810733795,-0.093163214623928,1.1066210269928,-0.0467863865196704,-0.0270007234066724,0.698387145996094,-0.713678896427155
0.623916923999786,-0.094818390905857,1.1069221496582,-0.0501328036189079,-0.0275502074509859,0.701101958751678,-0.710762858390808
0.623762905597687,-0.0971972942352294,1.10645699501038,-0.049994770437479,-0.0281740203499794,0.702496409416199,-0.709369957447052
0.624850749969482,-0.0989447236061096,1.10672545433044,-0.0527413338422775,-0.0289628468453884,0.705391228199005,-0.706259727478027
0.625005006790161,-0.100993573665619,1.10664129257202,-0.0549876429140567,-0.0298896748572587,0.707639992237091,-0.703795909881592
0.625005006790161,-0.100993573665619,1.10664129257202,-0.0549876429140567,-0.0298896748572587,0.707639992237091,-0.703795909881592
0.625566124916077,-0.104758746922016,1.10638582706451,-0.0575422644615173,-0.0319381915032863,0.71172308921814,-0.699370563030243
0.625973463058472,-0.106586828827858,1.10651242733002,-0.0596350841224193,-0.0331178158521652,0.714056015014648,-0.696757376194
0.626746773719788,-0.108247868716717,1.10658872127533,-0.0623252503573894,-0.0337145403027534,0.717304706573486,-0.693147003650665
0.62712836265564,-0.109811887145042,1.10674130916595,-0.0646945983171463,-0.0351224094629287,0.71997207403183,-0.690087795257568
0.62712836265564,-0.109811887145042,1.10674130916595,-0.0646945983171463,-0.0351224094629287,0.71997207403183,-0.690087795257568
0.628277957439423,-0.112676292657852,1.10708200931549,-0.0686889886856079,-0.0371776334941387,0.725557744503021,-0.68371456861496
0.628503978252411,-0.114365190267563,1.1070671081543,-0.0704130306839943,-0.0377057641744613,0.728225946426392,-0.680666744709015
0.628794848918915,-0.115747690200806,1.10718941688538,-0.0719954669475555,-0.0390427112579345,0.731062471866608,-0.677377343177795
0.628986835479736,-0.117334097623825,1.10723567008972,-0.0738786607980728,-0.0397419035434722,0.733682453632355,-0.674294173717499
0.628986835479736,-0.117334097623825,1.10723567008972,-0.0738786607980728,-0.0397419035434722,0.733682453632355,-0.674294173717499
0.629147410392761,-0.12029504776001,1.10732173919678,-0.0759781897068023,-0.0429374314844608,0.73908144235611,-0.667939007282257
0.629147410392761,-0.12029504776001,1.10732173919678,-0.0759781897068023,-0.0429374314844608,0.73908144235611,-0.667939007282257
0.629956364631653,-0.123187065124512,1.10701012611389,-0.0788601860404014,-0.0431646779179573,0.744593918323517,-0.661436200141907
0.630809545516968,-0.1241749599576,1.10742747783661,-0.0813272446393966,-0.0442842096090316,0.747712552547455,-0.657534003257751
0.630979895591736,-0.125237196683884,1.10749447345734,-0.0826713889837265,-0.0455815605819225,0.750544130802155,-0.654042363166809
0.631359338760376,-0.126346468925476,1.10765445232391,-0.0840634852647781,-0.0471205711364746,0.75339937210083,-0.650463223457336
0.634637534618378,-0.123443767428398,1.1061395406723,-0.0999057218432426,-0.0445423237979412,0.760074079036713,-0.64056396484375
0.631578028202057,-0.128717988729477,1.10750997066498,-0.0857709497213363,-0.048192486166954,0.758967518806458,-0.643652975559235
0.632012248039246,-0.129712745547295,1.1076203584671,-0.0867844223976135,-0.0490900129079818,0.761211931705475,-0.640792489051819
0.631999731063843,-0.13057404756546,1.10761773586273,-0.0875940173864364,-0.0503545440733432,0.76424765586853,-0.636959433555603
0.632151007652283,-0.131504714488983,1.10762786865234,-0.0884068235754966,-0.0510526001453399,0.766420900821686,-0.634174168109894
0.632350862026215,-0.132397994399071,1.10761618614197,-0.089104376733303,-0.0517019145190715,0.768828272819519,-0.631102681159973
0.632525682449341,-0.13336344063282,1.10764145851135,-0.0895152613520622,-0.0520772859454155,0.770885467529297,-0.628498673439026
0.632223427295685,-0.134040534496307,1.10751533508301,-0.0897281467914581,-0.0536464489996433,0.773049175739288,-0.625672459602356
0.63234955072403,-0.134839862585068,1.10749363899231,-0.0901859998703002,-0.0542306043207645,0.774894058704376,-0.623269498348236
0.63234955072403,-0.134839862585068,1.10749363899231,-0.0901859998703002,-0.0542306043207645,0.774894058704376,-0.623269498348236
0.632974743843079,-0.136254519224167,1.1077835559845,-0.0922370254993438,-0.0562005043029785,0.779608011245728,-0.616883516311646
0.633047878742218,-0.136938571929932,1.10769414901733,-0.0919805392622947,-0.0565627180039882,0.780911087989807,-0.6152383685112
0.632641673088074,-0.137449562549591,1.10749351978302,-0.0908445492386818,-0.0570982359349727,0.781238377094269,-0.614942014217377
0.633069336414337,-0.138087198138237,1.10772740840912,-0.0922286808490753,-0.0576883926987648,0.783633589744568,-0.611624479293823
0.633062243461609,-0.138547793030739,1.1076967716217,-0.0919948369264602,-0.0583145357668399,0.784577250480652,-0.610389113426208
0.633076429367065,-0.139085784554482,1.10772490501404,-0.0921788811683654,-0.0586371123790741,0.785848259925842,-0.608693063259125
0.633042514324188,-0.139381125569344,1.10772013664246,-0.09212476760149,-0.0591548085212707,0.786664724349976,-0.60759562253952
0.633019864559174,-0.139617934823036,1.10796046257019,-0.092216707766056,-0.0612072087824344,0.787732720375061,-0.605992674827576
0.633019864559174,-0.139617934823036,1.10796046257019,-0.092216707766056,-0.0612072087824344,0.787732720375061,-0.605992674827576
0.632759928703308,-0.140320748090744,1.10768806934357,-0.0915627107024192,-0.0605252832174301,0.78885018825531,-0.604705274105072
0.632383048534393,-0.140347868204117,1.10773682594299,-0.0903197899460792,-0.0619790367782115,0.788638532161713,-0.605020761489868
0.633250296115875,-0.140825256705284,1.10800457000732,-0.0919433757662773,-0.0595903284847736,0.789338886737823,-0.604102432727814
0.633150815963745,-0.141034305095673,1.10803914070129,-0.0919340997934341,-0.0596875622868537,0.789701223373413,-0.60362046957016
0.632710933685303,-0.141156166791916,1.1079169511795,-0.0905342772603035,-0.059532031416893,0.789083361625671,-0.604654490947723
0.63245677947998,-0.141366019845009,1.10791349411011,-0.0899572223424911,-0.0594736114144325,0.789556980133057,-0.604127943515778
0.632422268390656,-0.14146588742733,1.10798227787018,-0.0899287611246109,-0.0592073835432529,0.789822578430176,-0.603810966014862
0.632405340671539,-0.14153328537941,1.10808193683624,-0.0898608341813087,-0.0588531829416751,0.790095925331116,-0.603498041629791
0.632405877113342,-0.141597434878349,1.10817980766296,-0.0899982750415802,-0.0584819354116916,0.790195465087891,-0.603383421897888
0.63242518901825,-0.141628831624985,1.10826480388641,-0.0902244821190834,-0.0580100752413272,0.790204584598541,-0.603383123874664
0.632509231567383,-0.14151594042778,1.10858702659607,-0.0906573235988617,-0.0588378794491291,0.790529251098633,-0.602812528610229
0.632413566112518,-0.141585171222687,1.10845136642456,-0.0905418395996093,-0.0569010488688945,0.790231049060822,-0.603406488895416
0.63279128074646,-0.141523286700249,1.10877621173859,-0.0920411571860313,-0.0564429610967636,0.791213572025299,-0.601933419704437
0.632468342781067,-0.141374990344047,1.10873854160309,-0.0908754765987396,-0.0560503341257572,0.790167927742004,-0.603518605232239
0.632437527179718,-0.14123722910881,1.10892260074615,-0.0912866294384002,-0.0563678368926048,0.790135979652405,-0.603468775749207
0.63237726688385,-0.14106597006321,1.10899484157562,-0.09153763204813,-0.0558824241161346,0.789974868297577,-0.603686928749084
0.632130920886993,-0.140921980142593,1.108771443367,-0.0915241241455078,-0.0537848696112632,0.789528429508209,-0.604463040828705
0.632546305656433,-0.14063373208046,1.10905933380127,-0.0931423678994178,-0.0530969649553298,0.790056467056274,-0.60358589887619
0.632034659385681,-0.140345692634582,1.10885536670685,-0.0920190438628196,-0.0525307022035121,0.788762390613556,-0.605497181415558
0.632034659385681,-0.140345692634582,1.10885536670685,-0.0920190438628196,-0.0525307022035121,0.788762390613556,-0.605497181415558
0.631970763206482,-0.139558225870132,1.10895359516144,-0.0921410173177719,-0.0517822504043579,0.78775018453598,-0.606859445571899
0.631970763206482,-0.139558225870132,1.10895359516144,-0.0921410173177719,-0.0517822504043579,0.78775018453598,-0.606859445571899
0.631372153759003,-0.13883963227272,1.10891938209534,-0.0924171581864357,-0.0510797761380672,0.787331581115723,-0.607419908046722
0.631444215774536,-0.138332769274712,1.109126329422,-0.0939261093735694,-0.0506564080715179,0.787842273712158,-0.606561064720154
0.631223142147064,-0.137804806232452,1.10917794704437,-0.0940961763262748,-0.0503035448491573,0.787374675273895,-0.607170939445496
0.630563318729401,-0.137185007333755,1.1089723110199,-0.0929194837808609,-0.0496835112571716,0.786069214344025,-0.609091818332672
0.630973517894745,-0.136587858200073,1.10935068130493,-0.0948770344257354,-0.0493728853762149,0.78695148229599,-0.607674360275269
0.630155920982361,-0.135791331529617,1.1091639995575,-0.093315914273262,-0.0486181788146495,0.785388469696045,-0.609994530677795
0.629862785339355,-0.134884491562843,1.10933065414429,-0.093445785343647,-0.049067735671997,0.785295009613037,-0.610059022903442
0.629852831363678,-0.133999615907669,1.10971021652222,-0.095054306089878,-0.0500890053808689,0.786201655864716,-0.608558058738708
0.629536688327789,-0.133216917514801,1.10976040363312,-0.0953001752495765,-0.0496012866497039,0.786309659481049,-0.608419895172119
0.628352165222168,-0.132368341088295,1.10927665233612,-0.0927369222044944,-0.048185646533966,0.784734308719635,-0.610958516597748
0.628398358821869,-0.131362929940224,1.1095222234726,-0.0937798097729682,-0.048174075782299,0.785597205162048,-0.609689891338348
0.628064930438995,-0.130225792527199,1.10988342761993,-0.094178520143032,-0.0492291413247585,0.785623967647552,-0.609509587287903
0.62727415561676,-0.129153460264206,1.10954225063324,-0.0924967676401138,-0.047201994806528,0.784140467643738,-0.611833453178406
0.627238273620605,-0.128011077642441,1.10971403121948,-0.0933957397937774,-0.0473612248897552,0.784968674182892,-0.610621213912964
0.626374900341034,-0.126761183142662,1.10961067676544,-0.0916054248809814,-0.0469502732157707,0.783749878406525,-0.612487077713013
0.62566614151001,-0.125414952635765,1.10953533649445,-0.0910772308707237,-0.0473670549690723,0.783845841884613,-0.612410843372345
0.625730574131012,-0.124120205640793,1.11005437374115,-0.0924563705921173,-0.0483409948647022,0.785158932209015,-0.610442936420441
0.624743402004242,-0.122734725475311,1.10984945297241,-0.0903063118457794,-0.0481318496167659,0.783653914928436,-0.612711012363434
0.624897360801697,-0.121235936880112,1.1101405620575,-0.0915244072675705,-0.0475527197122573,0.784249126911163,-0.611813187599182
0.623695850372314,-0.119915656745434,1.10962653160095,-0.0887087434530258,-0.0459442362189292,0.782581746578217,-0.614480018615723
0.623258531093597,-0.118397504091263,1.10960268974304,-0.0880517438054084,-0.0454245060682296,0.782326698303223,-0.614937961101532
0.622901737689972,-0.116657644510269,1.1098450422287,-0.0881455913186073,-0.0463625378906726,0.782032072544098,-0.61522901058197
0.622409343719482,-0.115154251456261,1.10987520217896,-0.0869381427764892,-0.0456358045339584,0.781387627124786,-0.616273283958435
0.621567249298096,-0.113761752843857,1.10952305793762,-0.0855046510696411,-0.0435892790555954,0.780678510665894,-0.61751925945282
0.620987713336945,-0.111991263926029,1.10947024822235,-0.084084615111351,-0.0434082597494125,0.780287444591522,-0.618220865726471
0.620369851589203,-0.110349282622337,1.10936546325684,-0.0833602100610733,-0.0428138114511966,0.779549717903137,-0.619290113449097
0.619893729686737,-0.108706615865231,1.1096179485321,-0.0823854282498359,-0.0431028120219707,0.778786540031433,-0.620360016822815
0.619893729686737,-0.108706615865231,1.1096179485321,-0.0823854282498359,-0.0431028120219707,0.778786540031433,-0.620360016822815
0.618804812431335,-0.105229556560516,1.10942459106445,-0.0796446055173873,-0.0399162918329238,0.776555776596069,-0.623718500137329
0.618078827857971,-0.103639096021652,1.10928058624268,-0.0781704187393188,-0.0390956439077854,0.775614678859711,-0.625126242637634
0.617493510246277,-0.101611763238907,1.10950446128845,-0.0773933157324791,-0.0396464653313159,0.774840593338013,-0.626147449016571
0.617068707942963,-0.0999316945672035,1.10936760902405,-0.0760028809309005,-0.0367147140204906,0.77301698923111,-0.628745138645172
0.616288661956787,-0.0981008037924766,1.10922181606293,-0.0740924775600433,-0.0359361916780471,0.772161185741425,-0.630068361759186
0.615784227848053,-0.0959540456533432,1.10951447486877,-0.0731290131807327,-0.0363500900566577,0.770945131778717,-0.631644248962402
0.615145862102509,-0.0941447839140892,1.10950350761414,-0.0714029818773269,-0.0346708223223686,0.769729495048523,-0.633416295051575
0.613962173461914,-0.0925013273954391,1.10906231403351,-0.0688803121447563,-0.0324190743267536,0.767702758312225,-0.636268198490143
0.613831460475922,-0.0903081595897674,1.10934269428253,-0.0681285336613655,-0.0309432670474052,0.766721785068512,-0.637603938579559
0.612744927406311,-0.0884980484843254,1.10931098461151,-0.0659984797239303,-0.0310865882784128,0.76524543762207,-0.639591455459595
0.612020671367645,-0.0865389257669448,1.10913109779358,-0.0638844519853591,-0.0284105110913515,0.763570725917816,-0.64192795753479
0.61182564496994,-0.0844456106424331,1.10938382148743,-0.0632744133472442,-0.0266577508300542,0.76233971118927,-0.643524587154388
0.610760509967804,-0.0822926685214042,1.10949242115021,-0.0610266849398613,-0.0268162246793508,0.760747849941254,-0.645615577697754
0.635938882827759,-0.0959671735763549,1.10853540897369,-0.0784436017274856,0.0414532460272312,0.739035546779633,-0.667798340320587
0.635013699531555,-0.0937695205211639,1.10855066776276,-0.0766783133149147,0.0422817170619964,0.737423419952393,-0.66973090171814
0.635013699531555,-0.0937695205211639,1.10855066776276,-0.0766783133149147,0.0422817170619964,0.737423419952393,-0.66973090171814
0.633819580078125,-0.0893324315547943,1.10888397693634,-0.073406733572483,0.0453169718384742,0.733505845069885,-0.674186170101166
0.633166372776031,-0.0870943665504455,1.10908353328705,-0.0717658996582031,0.0468559861183166,0.731584429740906,-0.676342070102692
0.632077217102051,-0.0849716961383819,1.1090921163559,-0.0689028576016426,0.0482878275215625,0.728980660438538,-0.67934376001358
0.631308138370514,-0.0825938284397125,1.1092357635498,-0.0672501996159553,0.0500747188925743,0.7268385887146,-0.681671261787415
0.63071197271347,-0.0802274644374847,1.10952258110046,-0.0662943869829177,0.0508600734174251,0.725611746311188,-0.683012425899506
0.62990128993988,-0.0779424756765365,1.10946393013,-0.0642324164509773,0.0530846416950225,0.722885191440582,-0.685925126075745
0.62927782535553,-0.0756534487009048,1.10968947410583,-0.0622846446931362,0.0545624084770679,0.720707833766937,-0.688276052474976
0.628850042819977,-0.073124811053276,1.11003494262695,-0.0618484988808631,0.0563147403299808,0.719292283058167,-0.689653635025024
0.627547919750214,-0.0709069520235061,1.10998106002808,-0.0588934943079948,0.0573603361845016,0.716482222080231,-0.692744374275208
0.626280605792999,-0.0685034170746803,1.10970425605774,-0.0570329576730728,0.0589700490236282,0.714535355567932,-0.694772601127625
0.626479208469391,-0.0661226287484169,1.1102614402771,-0.0570636726915836,0.0624487064778804,0.712631225585938,-0.696420013904572
0.625284314155579,-0.0638263225555419,1.11021113395691,-0.0541887022554874,0.0638821944594383,0.709726393222809,-0.699479222297668
0.624491095542908,-0.0615003257989883,1.10943508148193,-0.0523348599672317,0.0640941858291626,0.707969188690186,-0.70137894153595
0.598060190677643,-0.0449163652956485,1.11086463928223,-0.031912088394165,0.0013414546847343,0.730322539806366,-0.682355344295502
0.597686886787415,-0.04238773137331,1.11122226715088,-0.031490683555603,0.0030452136415988,0.728940784931183,-0.683845341205597
0.596322178840637,-0.0401252768933773,1.11110460758209,-0.028499636799097,0.0047883205115795,0.726466596126556,-0.686593949794769
0.595386445522308,-0.0377261713147163,1.11153733730316,-0.0268802717328071,0.0074012288823723,0.724913001060486,-0.688276052474976
0.594304382801056,-0.0349429175257682,1.11173403263092,-0.0266226362437009,0.0071937791071832,0.724182426929474,-0.689056932926178
0.593621134757996,-0.0330653078854084,1.11182498931885,-0.0239321645349264,0.0111830728128552,0.7209432721138,-0.692490518093109
0.592748761177063,-0.0307717993855476,1.11190342903137,-0.021911496296525,0.0133799938485026,0.719068050384521,-0.694465279579163
0.592011034488678,-0.0281663332134485,1.11218225955963,-0.0209319926798343,0.0156641099601984,0.717377781867981,-0.696193814277649
0.59110951423645,-0.0259991195052862,1.11203336715698,-0.0194083806127309,0.0185723882168531,0.715063333511353,-0.69854336977005
0.590371966362,-0.02318543381989,1.11211144924164,-0.0195114742964506,0.0196463223546743,0.714178383350372,-0.699415922164917
0.590118288993835,-0.0212465394288301,1.11244165897369,-0.0177381169050931,0.0239671058952808,0.711715698242188,-0.701834499835968
0.588893592357635,-0.0186572857201099,1.11229753494263,-0.0163011141121387,0.0250817853957414,0.709903538227081,-0.703663468360901
0.588149070739746,-0.0170024298131465,1.11239218711853,-0.0135031202808022,0.0295067261904478,0.706468641757965,-0.707000195980072
0.587867736816406,-0.0153889628127217,1.11297583580017,-0.0125832250341773,0.0337219834327697,0.705007791519165,-0.708285570144653
0.587197780609131,-0.013437544927001,1.1131284236908,-0.0119142653420567,0.0364099256694316,0.704145967960358,-0.709021091461182
0.586290836334229,-0.0112549550831317,1.1132378578186,-0.0105928080156445,0.0388335920870304,0.701972424983978,-0.711065649986267
0.585518002510071,-0.0091732833534479,1.1132937669754,-0.0086498949676752,0.0415847077965736,0.700172483921051,-0.712709188461304
0.58458536863327,-0.007064159028232,1.11343228816986,-0.0070743723772466,0.0440698824822902,0.697483956813812,-0.715209007263184
0.583851039409637,-0.0050243255682289,1.11352491378784,-0.0054097957909107,0.0469686761498451,0.695613324642181,-0.716858983039856
0.584252774715424,-0.0022251247428357,1.11351120471954,-0.0077662440016865,0.0500199012458324,0.694882333278656,-0.717339754104614
0.583392918109894,0.0004976205527782,1.11325550079346,-0.0073171942494809,0.0509220883250236,0.692389130592346,-0.719687938690186
0.582695722579956,0.0024584718048572,1.11334538459778,-0.0068994434550404,0.052858617156744,0.690789461135864,-0.721088409423828
0.582119584083557,0.0045333746820688,1.1133668422699,-0.0053850030526518,0.0570980049669742,0.688638687133789,-0.722833216190338
0.581573665142059,0.0063894079066812,1.11346292495728,-0.0049680825322866,0.0589934103190898,0.686911404132843,-0.724325954914093
0.58107727766037,0.0083556324243545,1.11349177360535,-0.0043505416251719,0.0614760667085647,0.685063779354095,-0.725871503353119
0.58056253194809,0.0101466365158557,1.1135710477829,-0.0036169630475342,0.0636892318725586,0.683114349842072,-0.727519989013672
0.58056253194809,0.0101466365158557,1.1135710477829,-0.0036169630475342,0.0636892318725586,0.683114349842072,-0.727519989013672
0.57945191860199,0.0138164516538381,1.11366939544678,-0.0019526276737451,0.0691103413701057,0.679522633552551,-0.730389595031738
0.578954994678497,0.0154833067208528,1.11380004882812,-0.0013963424134999,0.0709651187062263,0.67795729637146,-0.731666624546051
0.578542530536652,0.0171820372343063,1.11386048793793,-0.0006197846960276,0.074032187461853,0.675890028476715,-0.733274579048157
0.578542530536652,0.0171820372343063,1.11386048793793,-0.0006197846960276,0.074032187461853,0.675890028476715,-0.733274579048157
0.577495753765106,0.0203764773905277,1.11378931999207,0.001236583921127,0.0784268453717231,0.674115002155304,-0.734449982643127
0.576613485813141,0.0222564749419689,1.11365520954132,0.0017692523542791,0.0793398544192314,0.672981977462769,-0.735389292240143
0.576789259910583,0.0236699320375919,1.11409223079681,0.00182086287532,0.0830845534801483,0.671003341674805,-0.736782252788544
0.57661497592926,0.0246385242789983,1.1143798828125,0.0028023875784128,0.0867203176021575,0.670002579689026,-0.737270832061768
0.576213836669922,0.0263801962137222,1.11443030834198,0.0033021196722984,0.0887452140450477,0.668364942073822,-0.738513171672821
0.57591849565506,0.0276342909783124,1.11445569992065,0.0036766545381397,0.0910584777593612,0.667164623737335,-0.739314675331116
0.575419664382935,0.0292213167995214,1.1145213842392,0.0034795813262462,0.0927571058273315,0.666456341743469,-0.739743292331696
0.575035035610199,0.0305698178708553,1.11453127861023,0.0039611016400158,0.0947998538613319,0.665618598461151,-0.740235984325409
0.574706077575684,0.0321008265018463,1.11448764801025,0.0047025294043123,0.0971787422895431,0.664090573787689,-0.741294860839844
0.574203312397003,0.0331863760948181,1.11442232131958,0.0045454367063939,0.0987645462155342,0.663871884346008,-0.741282045841217
0.57387512922287,0.034594789147377,1.11436688899994,0.004826758056879,0.100654982030392,0.662692606449127,-0.742080748081207
0.573597609996796,0.0362328886985778,1.11431491374969,0.0048683988861739,0.102449655532837,0.661661028862,-0.742754995822906
0.573225080966949,0.0371734201908111,1.11428582668304,0.0051223947666585,0.104491472244263,0.661501705646515,-0.74261087179184
0.572899460792542,0.0386785194277763,1.11425864696503,0.0053061852231621,0.106076195836067,0.660391688346863,-0.74337238073349
0.572447121143341,0.0396014153957366,1.11412394046783,0.0057597649283707,0.107605271041393,0.660317242145538,-0.743215382099152
0.572447121143341,0.0396014153957366,1.11412394046783,0.0057597649283707,0.107605271041393,0.660317242145538,-0.743215382099152
0.57162070274353,0.0419239625334739,1.11390566825867,0.006740752607584,0.110506139695644,0.658882677555084,-0.744054138660431
0.571221768856049,0.0430627614259719,1.1137158870697,0.0061867437325417,0.111954353749752,0.658812582492828,-0.743904531002045
0.570901274681091,0.0443529337644577,1.11358571052551,0.0067186267115175,0.113364547491074,0.657891035079956,-0.744501769542694
0.570901274681091,0.0443529337644577,1.11358571052551,0.0067186267115175,0.113364547491074,0.657891035079956,-0.744501769542694
0.570220291614532,0.0458154752850532,1.11332702636719,0.0081681413576006,0.115691274404526,0.657888233661652,-0.744131624698639
0.569795489311218,0.0465524084866046,1.11318731307983,0.008198969066143,0.117445684969425,0.657848656177521,-0.743891417980194
0.569464981555939,0.0479211248457431,1.11305105686188,0.0088728815317153,0.117142841219902,0.657450556755066,-0.744283318519592
0.569250047206879,0.0491052642464637,1.11289834976196,0.0090265907347202,0.117824479937553,0.657047986984253,-0.74452930688858
0.56888622045517,0.049448624253273,1.11283493041992,0.0104269487783312,0.118869319558144,0.657183766365051,-0.744225025177002
0.568348109722137,0.0497737452387809,1.11268830299377,0.0107828108593821,0.119265004992485,0.657829225063324,-0.743586242198944
0.568103432655334,0.0509813837707042,1.11257183551788,0.0109997810795903,0.119513109326363,0.657268643379211,-0.744038581848145
0.567804753780365,0.0516584664583206,1.11252760887146,0.011381915770471,0.119872108101845,0.657278537750244,-0.743966460227966
0.567308247089386,0.05196513235569,1.1124324798584,0.0114191602915525,0.120321966707706,0.657873570919037,-0.743367195129395
0.567073702812195,0.0526840761303901,1.11249947547913,0.0117990002036094,0.12077210098505,0.657531678676605,-0.743590533733368
0.566825330257416,0.0536937974393367,1.11236679553986,0.0114813335239887,0.120891973376274,0.656761527061462,-0.744256436824799
0.566535949707031,0.0540930330753326,1.11255884170532,0.0123209860175848,0.12104444205761,0.657072305679321,-0.743943810462952
0.566200017929077,0.0544283613562583,1.11243975162506,0.0123431794345378,0.120874851942062,0.657756567001343,-0.743366122245789
0.565918564796448,0.0553085803985595,1.11235582828522,0.0123851103708148,0.120110124349594,0.657662332057953,-0.743572771549225
0.565757870674133,0.0558494105935096,1.11236131191254,0.0127936145290732,0.120174705982208,0.657293260097504,-0.743881702423096
0.56530886888504,0.0561979934573173,1.11227834224701,0.0132005242630839,0.120198741555214,0.657360196113586,-0.743811547756195
0.565104842185974,0.0563852228224277,1.11224710941315,0.0134139992296695,0.120226435363293,0.657731294631958,-0.743475079536438
0.565104842185974,0.0563852228224277,1.11224710941315,0.0134139992296695,0.120226435363293,0.657731294631958,-0.743475079536438
0.564874708652496,0.0575965158641338,1.11206650733948,0.013106133788824,0.119891121983528,0.656752049922943,-0.744399785995483
0.564641058444977,0.0575466156005859,1.11210191249847,0.0135860843583941,0.12016125023365,0.657323956489563,-0.743842601776123
0.564430236816406,0.0576194450259208,1.11194908618927,0.0138483047485351,0.119850769639015,0.657816290855408,-0.743452608585358
0.564287483692169,0.0578340590000152,1.11189532279968,0.0139387259259819,0.119805678725243,0.657781541347504,-0.743488907814026
0.564243078231812,0.0581986382603645,1.11181044578552,0.0142546016722917,0.119392797350883,0.657822906970978,-0.743512690067291
0.564243078231812,0.0581986382603645,1.11181044578552,0.0142546016722917,0.119392797350883,0.657822906970978,-0.743512690067291
0.56385862827301,0.0585211068391799,1.11168336868286,0.0146536398679018,0.118830025196075,0.657518327236176,-0.743864476680756
0.563929736614227,0.0586757026612758,1.11153244972229,0.014263529330492,0.119067169725895,0.657283782958984,-0.744041383266449
0.563830018043518,0.0589147917926311,1.11157763004303,0.0147188631817698,0.118720017373562,0.657047510147095,-0.744296550750732
0.563706398010254,0.0587979331612587,1.11147570610046,0.0149415107443928,0.118457704782486,0.657169222831726,-0.744226515293121
0.563745558261871,0.0588981509208679,1.1113109588623,0.0144739905372262,0.118575267493725,0.656765460968018,-0.744573414325714
0.563840746879578,0.0587520226836204,1.11141097545624,0.0146623970940709,0.118298456072807,0.656301081180573,-0.745023131370544
0.56379771232605,0.0588386692106723,1.11118292808533,0.014426676556468,0.117900460958481,0.656300783157349,-0.745091021060944
0.56394898891449,0.058827955275774,1.11112499237061,0.0148986307904124,0.11764995008707,0.656137347221375,-0.745265305042267
0.564003050327301,0.0587699934840202,1.11107993125916,0.0148824350908398,0.117478184401989,0.65580826997757,-0.745582222938538
0.564003050327301,0.0587699934840202,1.11107993125916,0.0148824350908398,0.117478184401989,0.65580826997757,-0.745582222938538
0.564113020896912,0.0585806220769882,1.11092615127563,0.014826095663011,0.1173025816679,0.655166327953339,-0.746175169944763
0.564229309558868,0.0585166849195957,1.11085081100464,0.0147282481193542,0.117082484066486,0.654788255691528,-0.746543407440186
0.564272701740265,0.0584352016448974,1.1108136177063,0.0143783194944262,0.117097392678261,0.654235243797302,-0.747032642364502
0.564541101455688,0.0583770126104354,1.11077809333801,0.014275150373578,0.116993241012096,0.65364134311676,-0.747570633888245
0.564779043197632,0.0582330971956253,1.11078071594238,0.014322081580758,0.116629175841808,0.653293967247009,-0.747930109500885
0.564855694770813,0.0580694526433944,1.1108090877533,0.0138745065778493,0.116591051220894,0.65305769443512,-0.748150825500488
0.56507670879364,0.058141816407442,1.11084282398224,0.0131664415821433,0.116383537650108,0.652472674846649,-0.748706161975861
0.565117478370667,0.0576076731085777,1.11080455780029,0.0127593548968434,0.116476759314537,0.652534186840057,-0.748645186424255
0.565595328807831,0.0574029684066772,1.11085498332977,0.0125496564432978,0.116650246083736,0.651797950267792,-0.749262750148773
0.565595328807831,0.0574029684066772,1.11085498332977,0.0125496564432978,0.116650246083736,0.651797950267792,-0.749262750148773
0.56613302230835,0.0571562945842742,1.11091423034668,0.0120597751811146,0.116915419697761,0.650047838687897,-0.750748336315155
0.566377818584442,0.056777037680149,1.11095154285431,0.0116094099357724,0.117087461054325,0.649644315242767,-0.751077890396118
0.566576659679413,0.0561163499951362,1.11088931560516,0.0104895429685711,0.117328837513924,0.649227023124695,-0.751417398452759
0.566689252853394,0.0558550804853439,1.11092638969421,0.0109502887353301,0.116704694926739,0.649530231952667,-0.75124603509903
0.566975474357605,0.0558291040360927,1.11097276210785,0.0106022823601961,0.116436146199703,0.648930370807648,-0.751810789108276
0.567176401615143,0.0553961098194122,1.11103820800781,0.0101857054978609,0.116120032966137,0.648845672607422,-0.75193864107132
0.567383050918579,0.0546170622110366,1.11096215248108,0.0097241858020424,0.115856066346169,0.648674190044403,-0.752133369445801
0.567446529865265,0.0543369203805923,1.11101722717285,0.0103057976812124,0.114959523081779,0.648904800415039,-0.752064287662506
0.567686080932617,0.0535777695477008,1.11107087135315,0.0101926820352673,0.114585764706135,0.648990869522095,-0.75204861164093
0.567686080932617,0.0535777695477008,1.11107087135315,0.0101926820352673,0.114585764706135,0.648990869522095,-0.75204861164093
0.56817364692688,0.0524764508008956,1.11117398738861,0.0099316639825701,0.113407701253891,0.649265050888062,-0.751994013786316
0.56817364692688,0.0524764508008956,1.11117398738861,0.0099316639825701,0.113407701253891,0.649265050888062,-0.751994013786316
0.568706154823303,0.0515580773353576,1.11114323139191,0.0092554781585931,0.11145032197237,0.64991694688797,-0.751731991767883
0.569044709205627,0.0510122142732143,1.1111536026001,0.009263358078897,0.110614813864231,0.650014638900757,-0.751770973205566
0.569491744041443,0.0503617450594902,1.11130809783936,0.009363492950797,0.110147580504417,0.650327622890472,-0.751567482948303
0.569814801216125,0.0493487156927585,1.11131370067596,0.0094556240364909,0.109426714479923,0.651193141937256,-0.750922083854675
0.570144414901733,0.04886244982481,1.11128783226013,0.0097237285226583,0.108350679278374,0.651638925075531,-0.750688016414642
0.570546329021454,0.0484133549034595,1.11133718490601,0.0095891579985618,0.106926403939724,0.652238726615906,-0.750372767448425
0.570728540420532,0.0474346503615379,1.11118805408478,0.0098979994654655,0.105755060911179,0.653580665588379,-0.749366581439972
0.570728540420532,0.0474346503615379,1.11118805408478,0.0098979994654655,0.105755060911179,0.653580665588379,-0.749366581439972
0.571635842323303,0.0461970120668411,1.11121964454651,0.0098767774179577,0.103788264095783,0.654438734054565,-0.748892784118652
0.571990251541138,0.0450511090457439,1.11106634140015,0.0099809458479285,0.102767087519169,0.655632436275482,-0.747987568378448
0.572534441947937,0.044428139925003,1.11100602149963,0.0096742836758494,0.101483412086964,0.656046748161316,-0.747803509235382
0.57297819852829,0.0442943908274173,1.110919713974,0.0091797756031155,0.099526472389698,0.656205117702484,-0.747933804988861
0.57297819852829,0.0442943908274173,1.110919713974,0.0091797756031155,0.099526472389698,0.656205117702484,-0.747933804988861
0.574150204658508,0.0420370064675807,1.11060881614685,0.0098768416792154,0.0971864014863967,0.65854150056839,-0.746177136898041
0.574717819690704,0.0412839315831661,1.11052083969116,0.0100759575143456,0.0957926958799362,0.659130811691284,-0.745834290981293
0.575031042098999,0.0402351878583431,1.11042952537537,0.0106829470023512,0.0942127481102943,0.660483658313751,-0.744829714298248
0.575572907924652,0.0394747145473957,1.11030340194702,0.0106453914195299,0.0927025824785232,0.660825133323669,-0.744716763496399
0.575902938842773,0.0385762378573417,1.1102123260498,0.0109540894627571,0.0910238847136497,0.661853849887848,-0.744005382061005
0.575902938842773,0.0385762378573417,1.1102123260498,0.0109540894627571,0.0910238847136497,0.661853849887848,-0.744005382061005
0.577033281326294,0.0369606018066406,1.11010944843292,0.0113191464915871,0.0877519398927688,0.663336575031281,-0.743072092533112
0.577517032623291,0.0359418168663978,1.11007785797119,0.0118928309530019,0.0863320007920265,0.663964211940765,-0.742668807506561
0.578083097934723,0.0351334735751152,1.10998702049255,0.0120865032076835,0.0842089429497718,0.664470195770264,-0.742456793785095
0.57822185754776,0.0343933589756488,1.11006784439087,0.0121104829013347,0.0826420411467552,0.66514265537262,-0.742030262947083
0.579049706459045,0.0336784459650516,1.11011111736298,0.0119358533993363,0.0813709050416946,0.665340185165405,-0.741996467113495
0.579375088214874,0.0327030420303344,1.10995471477509,0.0123551543802022,0.0788524746894836,0.666029870510101,-0.741642653942108
0.580053329467773,0.0317239351570606,1.10987019538879,0.012786054983735,0.0771958976984024,0.66658341884613,-0.741312265396118
0.580053329467773,0.0317239351570606,1.10987019538879,0.012786054983735,0.0771958976984024,0.66658341884613,-0.741312265396118
0.581157743930817,0.0297794491052627,1.1097594499588,0.0131813520565629,0.0735923871397972,0.66756796836853,-0.740785717964172
0.581752240657806,0.0291553921997547,1.1097058057785,0.013207790441811,0.0720681548118591,0.667271256446838,-0.741202235221863
0.582378506660461,0.0278736427426338,1.10960602760315,0.0135888345539569,0.0700137764215469,0.668213307857513,-0.740543365478516
0.582894802093506,0.0270683877170085,1.10946810245514,0.0133645124733448,0.0677070915699005,0.668742001056671,-0.740284562110901
0.583385050296783,0.0263634193688631,1.10935091972351,0.013173559680581,0.0655760020017623,0.668348670005798,-0.740834772586823
0.583949565887451,0.0256209075450897,1.10914134979248,0.0129455365240573,0.0631656870245933,0.668418943881989,-0.740984916687012
0.584558010101318,0.024613507091999,1.1090395450592,0.0130964275449514,0.0609364174306392,0.668873429298401,-0.740758895874023
0.585228264331818,0.0234578028321266,1.10901939868927,0.0139541393145918,0.0594979226589202,0.668809115886688,-0.740918040275574
0.585710465908051,0.0227721091359853,1.10877454280853,0.0135720521211624,0.0566380470991134,0.668913841247559,-0.741054832935333
0.586234331130981,0.0216921865940094,1.10878598690033,0.0136530706658959,0.0546439550817012,0.669177711009979,-0.740964770317078
0.586808264255524,0.0207248479127883,1.10877478122711,0.0140116326510906,0.0526350438594818,0.669143795967102,-0.74113404750824
0.586808264255524,0.0207248479127883,1.10877478122711,0.0140116326510906,0.0526350438594818,0.669143795967102,-0.74113404750824
0.58794778585434,0.0187961310148239,1.10861802101135,0.014473108574748,0.0483467988669872,0.668817698955536,-0.741711616516113
0.58849960565567,0.0179663207381963,1.10855770111084,0.0147703541442751,0.0459956713020801,0.668563902378082,-0.74208402633667
0.589025378227234,0.0171923972666263,1.1085307598114,0.0149786956608295,0.0438596904277801,0.667917966842651,-0.742790460586548
0.58968061208725,0.0161979459226131,1.10858166217804,0.0153023013845086,0.0419193319976329,0.667649686336517,-0.743136942386627
0.590214192867279,0.0150683522224426,1.10849332809448,0.0152102150022983,0.0395223908126354,0.668006241321564,-0.742949783802032
0.590707004070282,0.0141164977103471,1.10837244987488,0.0154144782572984,0.0373224280774593,0.667627513408661,-0.743399679660797
0.590632438659668,0.0133780008181929,1.10807371139526,0.0164339132606983,0.033569011837244,0.667635321617126,-0.743549704551697
0.591826915740967,0.0122958291321992,1.10830760002136,0.016112919896841,0.0329426042735576,0.666533708572388,-0.744572341442108
