x,y,z,q0,q1,q2,q3
-0.444971561431885,-0.56512439250946,0.906872153282166,0.160931169986725,-0.369085252285004,0.817675054073334,0.411442190408707
-0.444560706615448,-0.565512478351593,0.906801223754883,0.16111795604229,-0.369759559631348,0.817079305648804,0.411947011947632
-0.444212019443512,-0.565881848335266,0.906795084476471,0.161150634288788,-0.369574248790741,0.817287981510162,0.411686360836029
-0.443946450948715,-0.56619668006897,0.906741142272949,0.161347895860672,-0.370450794696808,0.817234575748444,0.410926699638367
-0.443622410297394,-0.566502809524536,0.906685948371887,0.161639511585236,-0.371283441781998,0.817200899124146,0.410127073526382
-0.443317443132401,-0.566817820072174,0.906646430492401,0.162209182977676,-0.371590584516525,0.817407846450806,0.409210383892059
-0.44297131896019,-0.567008674144745,0.906490325927734,0.161544039845467,-0.372347384691238,0.817558348178864,0.408484101295471
-0.442705631256104,-0.567336678504944,0.906453788280487,0.161715358495712,-0.372753083705902,0.817889153957367,0.407382726669312
-0.442516684532166,-0.567593634128571,0.906403183937073,0.162122070789337,-0.372609198093414,0.818152070045471,0.406824141740799
-0.442149519920349,-0.567755341529846,0.906514644622803,0.162662714719772,-0.372868835926056,0.817793607711792,0.407091289758682
-0.441979497671127,-0.567982077598572,0.906428217887878,0.16237211227417,-0.372171938419342,0.818209767341614,0.407008677721024
-0.441896080970764,-0.568180561065674,0.906344532966614,0.162357538938522,-0.37208679318428,0.81896436214447,0.405572086572647
-0.441787660121918,-0.568459808826447,0.906214237213135,0.162412509322166,-0.372271478176117,0.818438827991486,0.406440734863281
-0.441701471805573,-0.56867516040802,0.906155586242676,0.162642404437065,-0.372688382863998,0.818517565727234,0.405807644128799
-0.441806614398956,-0.56900280714035,0.9058997631073,0.162157833576202,-0.372711181640625,0.819423913955688,0.404148012399673
-0.44164052605629,-0.569148302078247,0.905944168567658,0.162597000598907,-0.372398972511292,0.819259643554688,0.404592245817184
-0.44164052605629,-0.569148302078247,0.905944168567658,0.162597000598907,-0.372398972511292,0.819259643554688,0.404592245817184
-0.441714018583298,-0.569576919078827,0.905795514583588,0.163253083825111,-0.372982442378998,0.819245576858521,0.403818279504776
-0.44177120923996,-0.569788753986359,0.905719757080078,0.16303662955761,-0.372835159301758,0.819296479225159,0.40393853187561
-0.441810250282288,-0.570023655891418,0.905648469924927,0.163163393735886,-0.373035043478012,0.819336354732513,0.403621792793274
-0.441879034042358,-0.570240139961243,0.90551096200943,0.163099244236946,-0.373794049024582,0.81923919916153,0.403142392635345
-0.442127525806427,-0.570555329322815,0.905275166034698,0.16248594224453,-0.373724728822708,0.820118606090546,0.401663392782211
-0.442059874534607,-0.570655286312103,0.905352354049683,0.162806317210197,-0.373827010393143,0.819695889949799,0.402301162481308
-0.44225150346756,-0.570951402187347,0.905346214771271,0.163106009364128,-0.372826635837555,0.820276916027069,0.401923388242722
-0.442611634731293,-0.571254312992096,0.90507572889328,0.162532657384872,-0.373339653015137,0.820929825305939,0.40034344792366
-0.44272917509079,-0.571428179740906,0.905015707015991,0.162417501211166,-0.373890966176987,0.820768296718597,0.40020677447319
-0.442828148603439,-0.571586608886719,0.904986560344696,0.162527024745941,-0.374751567840576,0.820529818534851,0.399846315383911
-0.442945033311844,-0.57174414396286,0.904955446720123,0.162776008248329,-0.375377178192139,0.8202845454216,0.399661391973495
-0.442992269992828,-0.571885943412781,0.904953718185425,0.162721768021584,-0.375539034605026,0.820377290248871,0.399340957403183
-0.443064391613007,-0.572027444839478,0.90499997138977,0.163013741374016,-0.376375287771225,0.820208072662354,0.398781687021255
-0.44309413433075,-0.572150111198425,0.905012965202332,0.163175389170647,-0.376483172178268,0.820402979850769,0.398212522268295
-0.443101108074188,-0.572242736816406,0.905026078224182,0.163303464651108,-0.376537650823593,0.820562422275543,0.397779822349548
-0.443134784698486,-0.572331845760345,0.905072331428528,0.163315668702125,-0.37628710269928,0.820713996887207,0.397698998451233
-0.443114101886749,-0.572395503520966,0.905095458030701,0.163347199559212,-0.376538187265396,0.820816934108734,0.397235631942749
-0.443118751049042,-0.572491586208344,0.905144512653351,0.163695827126503,-0.376950979232788,0.82080352306366,0.396728277206421
-0.4431092441082,-0.572539806365967,0.905197262763977,0.163848996162414,-0.376897394657135,0.820881545543671,0.39655414223671
-0.443073660135269,-0.572570621967316,0.905216574668884,0.163738459348679,-0.377325296401977,0.820814788341522,0.396331161260605
-0.442864537239075,-0.572509527206421,0.905414640903473,0.164195999503136,-0.377486318349838,0.820242643356323,0.397172093391418
-0.443006247282028,-0.57262921333313,0.905320525169373,0.163859978318214,-0.37748458981514,0.820909798145294,0.395932286977768
-0.44296008348465,-0.572630703449249,0.905352234840393,0.164175152778625,-0.377829045057297,0.820651531219482,0.396008551120758
-0.442843943834305,-0.572619557380676,0.90539813041687,0.164719328284264,-0.378179877996445,0.820432424545288,0.395901918411255
-0.44279533624649,-0.572591304779053,0.905468225479126,0.165161654353142,-0.379283100366592,0.819885849952698,0.395794123411179
-0.442744970321655,-0.572565257549286,0.905483961105347,0.165216892957687,-0.379782259464264,0.819631397724152,0.395819664001465
-0.442687392234802,-0.57253623008728,0.905509173870087,0.165269657969475,-0.379946947097778,0.81952565908432,0.395858347415924
-0.442599594593048,-0.572489082813263,0.905531704425812,0.165562674403191,-0.379998356103897,0.819548189640045,0.395640015602112
-0.442508816719055,-0.572445750236511,0.905501246452332,0.165247052907944,-0.379114925861359,0.81982296705246,0.396050006151199
-0.442439794540405,-0.572393178939819,0.905542314052582,0.165149569511413,-0.378640055656433,0.820086717605591,0.395998865365982
-0.442393481731415,-0.57231593132019,0.90557599067688,0.165065243840218,-0.377964377403259,0.82027941942215,0.396280109882355
-0.442108154296875,-0.572214126586914,0.90587055683136,0.165891468524933,-0.37695249915123,0.819879293441772,0.397724688053131
-0.442067444324493,-0.572173774242401,0.905915260314941,0.166021794080734,-0.37682980298996,0.819843113422394,0.39786085486412
-0.442015826702118,-0.572122931480408,0.905947923660278,0.166222810745239,-0.377141743898392,0.819638967514038,0.397902101278305
-0.44199538230896,-0.572087943553925,0.905991852283478,0.166509002447128,-0.377151757478714,0.819515109062195,0.398028045892715
-0.441990196704865,-0.572038054466248,0.906015038490295,0.166619449853897,-0.377420783042908,0.819301962852478,0.398165643215179
-0.442014217376709,-0.57200014591217,0.906076192855835,0.167087823152542,-0.378328263759613,0.81882244348526,0.398094445466995
-0.442027479410172,-0.571957170963287,0.906113505363464,0.167274817824364,-0.378774911165237,0.818530201911926,0.398192048072815
-0.442053973674774,-0.571915626525879,0.906144380569458,0.167509987950325,-0.378985404968262,0.818320393562317,0.398324280977249
-0.442118257284164,-0.571820080280304,0.906137228012085,0.167615830898285,-0.379718154668808,0.817886233329773,0.398473680019379
-0.44215977191925,-0.5717453956604,0.906147360801697,0.167676076292992,-0.380176991224289,0.817615568637848,0.39856618642807
-0.442260026931763,-0.571696996688843,0.906184256076813,0.167852878570557,-0.380174487829208,0.817536532878876,0.398656368255615
-0.44239667057991,-0.57159686088562,0.906206786632538,0.167922511696815,-0.380131840705872,0.817319929599762,0.399111360311508
-0.442490994930267,-0.57150673866272,0.906221866607666,0.167917534708977,-0.380474179983139,0.817097008228302,0.399244070053101
-0.442611336708069,-0.5714231133461,0.906258761882782,0.168011263012886,-0.38059401512146,0.816857874393463,0.39957931637764
-0.442955493927002,-0.571373343467712,0.906115531921387,0.167675793170929,-0.381149262189865,0.81689465045929,0.399115532636642
-0.443107903003693,-0.571287214756012,0.906123995780945,0.167516887187958,-0.381291776895523,0.816648304462433,0.399550050497055
-0.443233221769333,-0.571176171302795,0.906132817268372,0.167931362986565,-0.381536275148392,0.81641685962677,0.399615734815597
-0.443422079086304,-0.571080505847931,0.906105041503906,0.16801843047142,-0.381851375102997,0.81616622209549,0.399790048599243
-0.4435875415802,-0.571017503738403,0.906094610691071,0.168171748518944,-0.381808549165726,0.816008925437927,0.40008744597435
-0.443740040063858,-0.570953726768494,0.906077265739441,0.168432027101517,-0.382129788398743,0.815718472003937,0.400263577699661
-0.443917572498321,-0.570891380310059,0.906045198440552,0.16866908967495,-0.382517069578171,0.815382659435272,0.400477856397629
-0.444203227758408,-0.570737183094025,0.906081676483154,0.169217213988304,-0.382792860269547,0.81507009267807,0.40061941742897
-0.444351643323898,-0.57077556848526,0.906003654003143,0.169862747192383,-0.383826106786728,0.814466118812561,0.400585919618607
-0.444559693336487,-0.570716023445129,0.905925035476685,0.170125424861908,-0.383856594562531,0.814076483249664,0.401236802339554
-0.444632768630981,-0.570523262023926,0.906021237373352,0.170857474207878,-0.384225904941559,0.812961578369141,0.402829498052597
-0.445101022720337,-0.570514321327209,0.905679523944855,0.170050770044327,-0.385390818119049,0.813060581684113,0.401857256889343
-0.445327877998352,-0.570414125919342,0.905586659908295,0.170072674751282,-0.385728359222412,0.812711775302887,0.402229517698288
-0.445587933063507,-0.570306539535522,0.905516088008881,0.170234605669975,-0.386158049106598,0.812336206436157,0.40250688791275
-0.445789098739624,-0.570215940475464,0.905453562736511,0.170383349061012,-0.386591672897339,0.811945378780365,0.402816355228424
-0.446029901504517,-0.570169389247894,0.905473709106445,0.171415522694588,-0.38918349146843,0.81084406375885,0.402100503444672
-0.446241915225983,-0.569971263408661,0.905435740947723,0.171284839510918,-0.389864832162857,0.810182631015778,0.402828603982925
-0.44642835855484,-0.56986802816391,0.905419588088989,0.171386793255806,-0.389916688203812,0.810046136379242,0.403009593486786
-0.446606963872909,-0.569717049598694,0.905369341373444,0.171025693416595,-0.390149086713791,0.809791207313538,0.403450161218643
-0.446791023015976,-0.569572031497955,0.905378043651581,0.171012818813324,-0.390167683362961,0.809555411338806,0.403910875320435
-0.446948915719986,-0.569416642189026,0.905365347862244,0.170512333512306,-0.390936374664307,0.809140563011169,0.404209971427917
-0.447172433137894,-0.569284319877625,0.905399441719055,0.170421972870827,-0.390860825777054,0.809016346931458,0.404569804668427
-0.447321772575378,-0.569161713123322,0.905428051948547,0.170565247535706,-0.390924364328384,0.80879819393158,0.404884189367294
-0.447454541921616,-0.569033205509186,0.905485212802887,0.170708075165749,-0.390895247459412,0.808665335178375,0.405117571353912
-0.447625160217285,-0.568911850452423,0.905548810958862,0.170969694852829,-0.39096263051033,0.808482646942139,0.40530651807785
-0.447760343551636,-0.568789184093475,0.905625343322754,0.171202927827835,-0.391207933425903,0.808204770088196,0.4055255651474
-0.447915077209473,-0.568678975105286,0.905714809894562,0.171249061822891,-0.391432732343674,0.808113753795624,0.40547040104866
-0.448065400123596,-0.56857818365097,0.905850946903229,0.171617448329926,-0.392225623130798,0.807687282562256,0.40539824962616
-0.448236376047134,-0.568472981452942,0.905971705913544,0.171661868691444,-0.392391681671143,0.807465493679047,0.405660480260849
-0.448387205600739,-0.568378984928131,0.906138181686401,0.17194952070713,-0.392570227384567,0.807201147079468,0.405891954898834
-0.448604345321655,-0.568191409111023,0.906386435031891,0.171979546546936,-0.39178591966629,0.807298123836517,0.40644371509552
-0.448747873306274,-0.568128228187561,0.90652585029602,0.172002375125885,-0.392446905374527,0.806833505630493,0.406718879938126
-0.448849141597748,-0.568057715892792,0.906837344169617,0.172453209757805,-0.391630858182907,0.806747376918793,0.407484591007233
-0.449030339717865,-0.567972958087921,0.907041907310486,0.172326877713203,-0.391551524400711,0.806745827198029,0.407617539167404
-0.449189901351929,-0.567897021770477,0.907238781452179,0.17178164422512,-0.391545295715332,0.806763708591461,0.407818108797073
-0.449392139911652,-0.567857921123505,0.9074986577034,0.170874565839767,-0.391118556261063,0.807037174701691,0.408067524433136
-0.449651658535004,-0.567822575569153,0.907764911651611,0.169703394174576,-0.390788227319717,0.807464838027954,0.408026725053787
-0.449948966503143,-0.567798912525177,0.908109545707703,0.169050112366676,-0.391751557588577,0.807322323322296,0.407656133174896
-0.450240314006805,-0.567759215831757,0.908444106578827,0.167273685336113,-0.391453176736832,0.807589709758759,0.408145487308502
-0.450571894645691,-0.567754030227661,0.908826887607574,0.16569584608078,-0.391882747411728,0.807567775249481,0.408420205116272
-0.450947254896164,-0.567743182182312,0.909220814704895,0.164136171340942,-0.392012357711792,0.807605147361755,0.408851414918899
-0.451409846544266,-0.567685127258301,0.909630417823792,0.162023648619652,-0.392152488231659,0.807695925235748,0.409379988908768
-0.451881587505341,-0.567733943462372,0.910131692886352,0.159905776381493,-0.392634809017181,0.807734489440918,0.409674257040024
-0.452399581670761,-0.5677889585495,0.91069507598877,0.158888459205627,-0.392937660217285,0.807592153549194,0.410060048103333
-0.452958106994629,-0.567888200283051,0.911229610443115,0.157294437289238,-0.392747968435287,0.807695329189301,0.410652756690979
-0.453588098287582,-0.567882537841797,0.911766588687897,0.154540166258812,-0.394077092409134,0.807417333126068,0.410971999168396
-0.454130977392197,-0.567953765392303,0.912274599075317,0.152191236615181,-0.395404756069183,0.807143092155457,0.411111742258072
-0.454748094081879,-0.568039238452911,0.912832736968994,0.149212524294853,-0.396248012781143,0.80698025226593,0.411711156368256
-0.45559960603714,-0.568074226379395,0.913640022277832,0.147047147154808,-0.397661238908768,0.806806564331055,0.41146793961525
-0.456479668617248,-0.5681112408638,0.914430975914002,0.143908008933067,-0.398332118988037,0.806794881820679,0.411951512098312
-0.457473933696747,-0.568039655685425,0.915210008621216,0.139789432287216,-0.399518638849258,0.806596994400024,0.412607550621033
-0.458501636981964,-0.567918479442596,0.916097104549408,0.135052695870399,-0.400554955005646,0.807409167289734,0.411590576171875
-0.459725618362427,-0.56770521402359,0.917096197605133,0.130430951714516,-0.402210056781769,0.806716978549957,0.412822723388672
-0.46088981628418,-0.56760972738266,0.91791832447052,0.123951889574528,-0.403142184019089,0.807007431983948,0.413341701030731
-0.462297022342682,-0.56747955083847,0.919094920158386,0.119012907147408,-0.403363257646561,0.807696104049683,0.413232296705246
-0.463826894760132,-0.567027688026428,0.920238137245178,0.11303136497736,-0.405460625886917,0.808028221130371,0.412208646535873
-0.465325713157654,-0.566705405712128,0.921387553215027,0.107453897595405,-0.407421797513962,0.807509303092957,0.412783205509186
-0.466947376728058,-0.566281735897064,0.922548532485962,0.100963316857815,-0.408082753419876,0.80791848897934,0.412967950105667
-0.468880236148834,-0.565664172172546,0.923869729042053,0.0951791629195213,-0.40711921453476,0.808734357357025,0.413694947957992
-0.470800280570984,-0.565064787864685,0.924969553947449,0.0890898555517196,-0.409726709127426,0.808925330638885,0.412100464105606
-0.47289052605629,-0.564242899417877,0.926216840744019,0.0826965942978859,-0.410695493221283,0.809515953063965,0.411308288574219
-0.475360095500946,-0.56339818239212,0.927398324012756,0.0773579999804496,-0.412048786878586,0.8106409907341,0.408769816160202
-0.477641195058823,-0.562318205833435,0.928516209125519,0.0697521716356277,-0.411959230899811,0.811700820922852,0.408125162124634
-0.480134069919586,-0.560989618301392,0.929839730262756,0.0634576603770256,-0.411100119352341,0.812800049781799,0.407830655574799
-0.482945472002029,-0.559794545173645,0.930708885192871,0.0566095449030399,-0.410236001014709,0.815118789672852,0.405071884393692
-0.485476851463318,-0.558161020278931,0.931868731975555,0.0507262572646141,-0.409875631332397,0.816123247146606,0.404192507266998
-0.488477826118469,-0.556421041488647,0.932879567146301,0.0448371097445488,-0.407723218202591,0.818807184696198,0.401629447937012
-0.491437435150146,-0.554611444473267,0.933692455291748,0.0389968231320381,-0.407126784324646,0.819599747657776,0.401227533817291
-0.494913786649704,-0.552862823009491,0.93433678150177,0.0344869084656238,-0.403514713048935,0.822899341583252,0.39852648973465
-0.498102456331253,-0.550725519657135,0.934875011444092,0.0299020204693079,-0.401110589504242,0.825196981430054,0.396568149328232
-0.501577496528625,-0.54840362071991,0.935374677181244,0.0262356754392385,-0.397022485733032,0.828069686889648,0.394949972629547
-0.504710853099823,-0.545853435993195,0.935567736625671,0.0218334887176752,-0.397528439760208,0.829712569713593,0.391243666410446
-0.508078515529633,-0.542862415313721,0.935449719429016,0.0186912883073091,-0.399216502904892,0.830049514770508,0.388966113328934
-0.511123836040497,-0.53996729850769,0.935255646705627,0.0156904514878988,-0.400680482387543,0.831026375293732,0.385492086410522
-0.514654397964478,-0.536876380443573,0.935030400753021,0.0137807643041014,-0.401726961135864,0.832561075687408,0.381139874458313
-0.514654397964478,-0.536876380443573,0.935030400753021,0.0137807643041014,-0.401726961135864,0.832561075687408,0.381139874458313
-0.521224856376648,-0.530279219150543,0.934108972549438,0.0142180332913994,-0.410096377134323,0.830462634563446,0.376763641834259
-0.524502694606781,-0.526995718479156,0.933605313301086,0.0152139021083712,-0.412834048271179,0.830256879329681,0.374179244041443
-0.527716338634491,-0.523569881916046,0.933033108711243,0.019421873614192,-0.41937068104744,0.827708005905151,0.372357994318008
-0.527716338634491,-0.523569881916046,0.933033108711243,0.019421873614192,-0.41937068104744,0.827708005905151,0.372357994318008
-0.534175038337708,-0.516275465488434,0.931011915206909,0.0272267889231443,-0.430321305990219,0.823999226093292,0.367569744586945
-0.537122428417206,-0.512554466724396,0.929867267608643,0.0331655889749527,-0.436543732881546,0.821080505847931,0.366273552179336
-0.54017049074173,-0.508686900138855,0.928340554237366,0.0391797870397567,-0.442811399698257,0.818344235420227,0.364274442195892
-0.543314814567566,-0.504893243312836,0.926868438720703,0.0478388331830501,-0.445749700069427,0.817259192466736,0.362085819244385
-0.545296430587769,-0.500690937042236,0.924467206001282,0.0462682321667671,-0.434555530548096,0.819132387638092,0.371541261672974
-0.548944175243378,-0.497022420167923,0.923154592514038,0.0650665983557701,-0.456245273351669,0.811547756195068,0.35916143655777
-0.551616668701172,-0.49294701218605,0.920999467372894,0.0740840807557106,-0.457237750291824,0.810271382331848,0.359034210443497
-0.554491281509399,-0.48888486623764,0.918720185756683,0.0866579711437225,-0.461705267429352,0.80828469991684,0.354956954717636
-0.556797504425049,-0.484989047050476,0.916029810905456,0.0967849642038345,-0.459551513195038,0.807810664176941,0.356211870908737
-0.55981457233429,-0.480678915977478,0.91377854347229,0.114360354840755,-0.468474298715591,0.803832471370697,0.348291367292404
-0.562307298183441,-0.476799845695496,0.910978436470032,0.138605192303658,-0.475384056568146,0.799274623394012,0.340527147054672
-0.564974784851074,-0.47263577580452,0.908157289028168,0.149576023221016,-0.475304484367371,0.798851609230042,0.336970061063766
-0.567152976989746,-0.468403965234756,0.905041456222534,0.16911306977272,-0.473423510789871,0.797342300415039,0.333940386772156
-0.56987589597702,-0.464627712965012,0.901970326900482,0.182897880673409,-0.474004000425339,0.796196520328522,0.328541815280914
-0.572304666042328,-0.460507959127426,0.898511826992035,0.200276479125023,-0.471393913030624,0.796159207820892,0.322191923856735
-0.573568165302277,-0.45456326007843,0.894159078598022,0.210708186030388,-0.485808104276657,0.787756741046906,0.314693480730057
-0.573568165302277,-0.45456326007843,0.894159078598022,0.210708186030388,-0.485808104276657,0.787756741046906,0.314693480730057
-0.578333556652069,-0.446956664323807,0.887226760387421,0.251065701246262,-0.470659345388412,0.791127145290375,0.299271941184998
-0.581206381320953,-0.444691896438599,0.884621560573578,0.275775641202927,-0.441227346658707,0.801545143127441,0.294604033231735
-0.582830369472504,-0.439501583576202,0.879762589931488,0.287930995225906,-0.448705196380615,0.796717286109924,0.284606784582138
-0.585602402687073,-0.437334984540939,0.876985847949982,0.310910314321518,-0.419421315193176,0.805915713310242,0.279142469167709
-0.58762514591217,-0.433790534734726,0.872996807098389,0.327635198831558,-0.408557444810867,0.807415783405304,0.271690547466278
-0.589162766933441,-0.429184585809708,0.868106722831726,0.339811444282532,-0.412816733121872,0.802885949611664,0.263599544763565
-0.591701745986938,-0.427067637443542,0.86517071723938,0.359440982341766,-0.385224193334579,0.809573113918304,0.258835762739182
-0.593677997589111,-0.423851072788239,0.861243009567261,0.373677581548691,-0.373827159404755,0.810461103916168,0.2525295317173
-0.595698118209839,-0.420841336250305,0.857426166534424,0.388282924890518,-0.362272500991821,0.810498058795929,0.24716006219387
-0.597749173641205,-0.417794108390808,0.853496551513672,0.402577072381973,-0.351621687412262,0.81024295091629,0.240417003631592
-0.599462926387787,-0.414726614952087,0.849521398544312,0.411721229553223,-0.340582013130188,0.810777068138123,0.239018827676773
-0.601462423801422,-0.411865592002869,0.845868825912476,0.424962908029556,-0.331041067838669,0.809186100959778,0.234597817063332
-0.603264153003693,-0.409288495779037,0.842270076274872,0.436552047729492,-0.321839988231659,0.807407319545746,0.23223876953125
-0.604779541492462,-0.406546294689178,0.83874922990799,0.444797545671463,-0.314486265182495,0.805773675441742,0.232341051101684
-0.606583058834076,-0.404635429382324,0.835743188858032,0.455586314201355,-0.302172929048538,0.805016338825226,0.230393871665001
-0.608057379722595,-0.40214329957962,0.832516074180603,0.464774817228317,-0.296347439289093,0.802089691162109,0.229814559221268
-0.609724104404449,-0.400470852851868,0.829982876777649,0.474638253450394,-0.283808708190918,0.801228046417236,0.228483512997627
-0.609724104404449,-0.400470852851868,0.829982876777649,0.474638253450394,-0.283808708190918,0.801228046417236,0.228483512997627
-0.612142622470856,-0.396515190601349,0.824714004993439,0.491028904914856,-0.269959449768066,0.79579895734787,0.229600802063942
-0.613524198532104,-0.395135939121246,0.822588741779327,0.499552428722382,-0.261596649885178,0.793419420719147,0.229129135608673
-0.614420771598816,-0.393200069665909,0.820406079292297,0.505913853645325,-0.254807889461517,0.791144132614136,0.230684041976929
-0.615497589111328,-0.392401903867722,0.818906903266907,0.518241465091705,-0.257542610168457,0.782461047172546,0.229895994067192
-0.615967452526093,-0.39021909236908,0.816820621490479,0.518607139587402,-0.244315400719643,0.785293757915497,0.233817085623741
-0.616598010063171,-0.388821214437485,0.815364241600037,0.523885309696198,-0.240427926182747,0.782208263874054,0.236408427357674
-0.617297172546387,-0.387920528650284,0.814316987991333,0.523052275180817,-0.237195491790771,0.78200751543045,0.242113545536995
-0.617652118206024,-0.387005627155304,0.813600480556488,0.539881348609924,-0.23172664642334,0.773480474948883,0.237821146845818
-0.617611885070801,-0.385288894176483,0.812087416648865,0.531714975833893,-0.236015379428863,0.774424433708191,0.248681798577309
-0.617464542388916,-0.384074300527573,0.811322152614594,0.534030556678772,-0.234968572854996,0.771979868412018,0.252286374568939
-0.617170751094818,-0.382906079292297,0.810643494129181,0.537207543849945,-0.23480923473835,0.768805086612701,0.255365341901779
-0.617109835147858,-0.382703244686127,0.810922145843506,0.541279494762421,-0.226838335394859,0.768218576908112,0.25573655962944
-0.616531431674957,-0.381547182798386,0.810567736625671,0.542786300182343,-0.227148175239563,0.766207277774811,0.258289217948914
-0.615299344062805,-0.379386872053146,0.809491515159607,0.543214857578278,-0.235926181077957,0.761913239955902,0.262192159891128
-0.614644765853882,-0.379268825054169,0.810168981552124,0.546870768070221,-0.228504925966263,0.762775003910065,0.25863516330719
-0.613180816173553,-0.377151876688003,0.809408962726593,0.54604971408844,-0.23672516644001,0.76028972864151,0.260289549827576
-0.612230956554413,-0.377033293247223,0.81028813123703,0.548267900943756,-0.228623583912849,0.762318849563599,0.256911486387253
-0.610769331455231,-0.376042038202286,0.810581207275391,0.549271523952484,-0.228732019662857,0.762631297111511,0.253724247217178
-0.608839452266693,-0.373955011367798,0.81012761592865,0.547665476799011,-0.235978424549103,0.761867940425873,0.252851635217667
-0.607254147529602,-0.37401869893074,0.811222195625305,0.547561764717102,-0.22570838034153,0.766343474388123,0.248896777629852
-0.605573296546936,-0.373021721839905,0.811846375465393,0.549038112163544,-0.226751431822777,0.766851782798767,0.243062391877174
-0.603184580802917,-0.371062219142914,0.811568796634674,0.547643005847931,-0.234217435121536,0.766073822975159,0.241578817367554
-0.600926458835602,-0.369633764028549,0.811748445034027,0.560195744037628,-0.235844194889069,0.759651839733124,0.231273412704468
-0.598867058753967,-0.369219660758972,0.8128662109375,0.546143472194672,-0.232834383845329,0.770431518554688,0.232272773981094
-0.596297442913055,-0.367719501256943,0.813104748725891,0.558566689491272,-0.234112292528152,0.763629078865051,0.223753064870834
-0.594188213348389,-0.367620915174484,0.814169645309448,0.5409996509552,-0.230701893568039,0.775967240333557,0.22797118127346
-0.591675400733948,-0.366854041814804,0.814896643161774,0.539615571498871,-0.229964405298233,0.778334736824036,0.223889485001564
-0.5892613530159,-0.36605966091156,0.815573215484619,0.53831160068512,-0.22984491288662,0.780253469944,0.220445841550827
-0.58689421415329,-0.365346252918243,0.816528737545013,0.53979229927063,-0.230500981211662,0.780484795570374,0.215260624885559
-0.584228515625,-0.364647537469864,0.81720507144928,0.538311064243317,-0.230130672454834,0.782791137695312,0.210948333144188
-0.581525862216949,-0.364072322845459,0.817858755588531,0.532493472099304,-0.228458076715469,0.786985695362091,0.21192230284214
-0.578897774219513,-0.363409548997879,0.818600654602051,0.531241416931152,-0.227395310997963,0.788780629634857,0.20952120423317
-0.57642138004303,-0.362869203090668,0.819366097450256,0.531473696231842,-0.228594899177551,0.789732217788696,0.203968554735184
-0.573760271072388,-0.36238306760788,0.820108532905579,0.529711484909058,-0.228433966636658,0.791466414928436,0.202001512050629
-0.57114964723587,-0.361641079187393,0.820924758911133,0.527988016605377,-0.228669866919517,0.792507231235504,0.202166005969047
-0.57114964723587,-0.361641079187393,0.820924758911133,0.527988016605377,-0.228669866919517,0.792507231235504,0.202166005969047
-0.565327644348145,-0.360247910022736,0.82163143157959,0.536084055900574,-0.229569315910339,0.789203524589539,0.192535370588303
-0.562995195388794,-0.360462129116058,0.822662472724915,0.521546483039856,-0.228688582777977,0.798152506351471,0.196579545736313
-0.559951186180115,-0.359499394893646,0.823068380355835,0.524791955947876,-0.230223134160042,0.796501815319061,0.192809924483299
-0.559951186180115,-0.359499394893646,0.823068380355835,0.524791955947876,-0.230223134160042,0.796501815319061,0.192809924483299
-0.555119693279266,-0.359365552663803,0.824402213096619,0.515112400054932,-0.230269700288772,0.802462756633759,0.194135516881943
-0.552525699138641,-0.358973443508148,0.824950098991394,0.512867033481598,-0.230796933174133,0.803707897663116,0.194303944706917
-0.54998242855072,-0.358687728643417,0.825509190559387,0.510813653469086,-0.230601668357849,0.805135726928711,0.194033175706863
-0.547593355178833,-0.358387172222137,0.826009392738342,0.508042097091675,-0.232116103172302,0.806452691555023,0.194034740328789
-0.545140862464905,-0.357974290847778,0.826469302177429,0.506697535514832,-0.233276292681694,0.807011008262634,0.193837374448776
-0.542755603790283,-0.357656210660934,0.82691764831543,0.503490447998047,-0.232536554336548,0.809164345264435,0.19410640001297
-0.540454864501953,-0.357299238443375,0.827429711818695,0.501869082450867,-0.233972042798996,0.809653043746948,0.194541648030281
-0.537801384925842,-0.356569439172745,0.827730894088745,0.506565034389496,-0.234755024313927,0.807075798511505,0.192121297121048
-0.535277545452118,-0.356098234653473,0.828150629997253,0.501899182796478,-0.23504963517189,0.809517502784729,0.19372746348381
-0.533422112464905,-0.355753421783447,0.828683137893677,0.502531111240387,-0.236114203929901,0.809134542942047,0.192390203475952
-0.531517863273621,-0.355448514223099,0.829146087169647,0.501486420631409,-0.235759511590004,0.809919655323029,0.192247584462166
-0.529602408409119,-0.355125844478607,0.829633474349976,0.499889701604843,-0.235702946782112,0.811114132404327,0.191437467932701
-0.527780592441559,-0.354735940694809,0.830141723155975,0.500318706035614,-0.236235827207565,0.811111569404602,0.189662516117096
-0.52599972486496,-0.354323327541351,0.830627679824829,0.497011959552765,-0.235085278749466,0.812896132469177,0.192130103707314
-0.524275720119476,-0.353930711746216,0.831118106842041,0.495997101068497,-0.235625013709068,0.813592672348022,0.191140443086624
-0.522663593292236,-0.353554785251617,0.831541001796722,0.495605707168579,-0.236176729202271,0.813889026641846,0.190211236476898
-0.522663593292236,-0.353554785251617,0.831541001796722,0.495605707168579,-0.236176729202271,0.813889026641846,0.190211236476898
-0.519743621349335,-0.352493673563003,0.832595348358154,0.492667078971863,-0.234950944781303,0.815784394741058,0.191240727901459
-0.518383741378784,-0.352062046527862,0.832910776138306,0.491597652435303,-0.235099464654922,0.816436171531677,0.191028773784637
-0.517200827598572,-0.351736426353455,0.833205461502075,0.492868065834045,-0.234448149800301,0.817107796669006,0.185607150197029
-0.51591432094574,-0.351324707269669,0.833518266677856,0.491103947162628,-0.234576866030693,0.817850112915039,0.186846882104874
-0.514946162700653,-0.350777179002762,0.83385294675827,0.490690350532532,-0.233670264482498,0.818586885929108,0.185840487480163
-0.51371955871582,-0.350202143192291,0.8338862657547,0.489269375801086,-0.231632381677628,0.820426881313324,0.184015959501266
-0.512863278388977,-0.349810004234314,0.834167242050171,0.489752411842346,-0.229828268289566,0.820916175842285,0.182806611061096
-0.512065827846527,-0.349868178367615,0.834787130355835,0.494658797979355,-0.236867278814316,0.81625908613205,0.181459605693817
-0.511441290378571,-0.349426835775375,0.83514142036438,0.498123168945312,-0.23847071826458,0.814446151256561,0.177995890378952
-0.510791063308716,-0.34892401099205,0.835290551185608,0.499880939722061,-0.237573966383934,0.814107537269592,0.175802677869797
-0.510257482528687,-0.348142832517624,0.835413336753845,0.499119222164154,-0.235305517911911,0.815045118331909,0.176670864224434
-0.509350538253784,-0.347181022167206,0.834998846054077,0.492843687534332,-0.224515333771706,0.822368502616882,0.174378991127014
-0.509117960929871,-0.347318828105927,0.835574209690094,0.500327229499817,-0.231974348425865,0.816239714622498,0.17208556830883
-0.508507966995239,-0.346177637577057,0.835100889205933,0.493580400943756,-0.222116380929947,0.822965502738953,0.172541677951813
-0.508539259433746,-0.346019208431244,0.835643947124481,0.502496600151062,-0.23159222304821,0.815115511417389,0.171607419848442
-0.507865250110626,-0.345122307538986,0.835008502006531,0.4953453540802,-0.220586448907852,0.822860419750214,0.169927448034286
-0.507418811321259,-0.344560265541077,0.834835708141327,0.492164045572281,-0.217471644282341,0.825345695018768,0.171129301190376
-0.507228195667267,-0.344168990850449,0.834824919700623,0.49267041683197,-0.216734498739242,0.825389802455902,0.170392751693726
-0.507197678089142,-0.34368172287941,0.834705948829651,0.495554119348526,-0.216862514615059,0.824158370494843,0.167808875441551
-0.507095277309418,-0.3432756960392,0.834619045257568,0.496133178472519,-0.216537550091743,0.823999226093292,0.167298167943954
-0.507073402404785,-0.342863440513611,0.834535598754883,0.496849328279495,-0.216644108295441,0.82365757226944,0.1667160987854
-0.507097959518433,-0.342496603727341,0.834439516067505,0.497537791728973,-0.21658892929554,0.823262810707092,0.166684567928314
-0.507145166397095,-0.341848224401474,0.834426879882812,0.496593147516251,-0.215245798230171,0.823403179645538,0.17050401866436
-0.507393062114716,-0.341250419616699,0.834246456623077,0.500751972198486,-0.216905415058136,0.821249842643738,0.166577965021133
-0.50745952129364,-0.341034710407257,0.833992719650269,0.502019584178925,-0.216659054160118,0.821020424365997,0.164197146892548
-0.507738649845123,-0.34068351984024,0.833845496177673,0.502733826637268,-0.215982154011726,0.820791363716125,0.164048910140991
-0.507917284965515,-0.340361773967743,0.833691954612732,0.503108263015747,-0.215305060148239,0.820762276649475,0.163936644792557
-0.50809520483017,-0.34004533290863,0.833510398864746,0.50281697511673,-0.213925704360008,0.821030557155609,0.165286645293236
-0.508187472820282,-0.339772284030914,0.833340883255005,0.502805292606354,-0.213361963629723,0.820922672748566,0.166582182049751
-0.508376896381378,-0.339448988437653,0.833173274993896,0.503446340560913,-0.213173419237137,0.820583939552307,0.166556134819984
-0.508873462677002,-0.338772118091583,0.833124756813049,0.508519947528839,-0.213178128004074,0.817918419837952,0.164231970906258
-0.509102046489716,-0.338468909263611,0.832970440387726,0.509212553501129,-0.212403938174248,0.817776620388031,0.163794279098511
-0.509603261947632,-0.338138520717621,0.832797288894653,0.51028835773468,-0.211022540926933,0.81760585308075,0.163082510232925
-0.509914040565491,-0.337856888771057,0.832641839981079,0.511197566986084,-0.211034014821052,0.817103981971741,0.162735000252724
-0.510074734687805,-0.337738037109375,0.832359552383423,0.512868225574493,-0.21035772562027,0.816669583320618,0.160520151257515
-0.510388672351837,-0.337499350309372,0.832224607467651,0.514547348022461,-0.210000097751617,0.815918922424316,0.159428104758263
-0.510687112808228,-0.33721113204956,0.832018971443176,0.516174137592316,-0.208023190498352,0.815369427204132,0.159572392702103
-0.511014699935913,-0.33703401684761,0.831891059875488,0.517830193042755,-0.207117319107056,0.814718961715698,0.158705458045006
-0.511286854743958,-0.336826741695404,0.83176577091217,0.519514203071594,-0.206478267908096,0.813964605331421,0.157902896404266
-0.511579573154449,-0.336632013320923,0.83164393901825,0.521067023277283,-0.205779373645782,0.813356816768646,0.156827092170715
-0.511923134326935,-0.336444616317749,0.831500053405762,0.521156787872314,-0.204554080963135,0.813694596290588,0.156378880143166
-0.512179136276245,-0.336302667856216,0.831382393836975,0.521937429904938,-0.204048484563827,0.813439786434174,0.155760765075684
-0.512528479099274,-0.336186826229095,0.83126699924469,0.523756265640259,-0.203710749745369,0.812557816505432,0.1546970307827
-0.512769103050232,-0.336056083440781,0.83114755153656,0.524831831455231,-0.20319552719593,0.812082588672638,0.154224097728729
-0.515097081661224,-0.335893720388412,0.829662799835205,0.494174480438232,-0.165588185191154,0.838991343975067,0.156415164470673
-0.515562415122986,-0.335790455341339,0.829460859298706,0.488997936248779,-0.160258904099464,0.843061089515686,0.156353175640106
-0.513504505157471,-0.335808008909225,0.830883145332336,0.523295342922211,-0.200346931815147,0.813923835754395,0.153464376926422
-0.516067802906036,-0.335686326026917,0.829345226287842,0.491160839796066,-0.160197377204895,0.842023551464081,0.15522363781929
-0.516323685646057,-0.335635453462601,0.829269289970398,0.491027593612671,-0.159695014357567,0.842171549797058,0.1553595662117
-0.516480267047882,-0.335628867149353,0.829244554042816,0.492077499628067,-0.160274744033813,0.841469526290894,0.155244469642639
-0.516700327396393,-0.335601270198822,0.829154372215271,0.491771578788757,-0.159889727830887,0.841715037822723,0.155280068516731
-0.516832709312439,-0.335606336593628,0.829162120819092,0.492678850889206,-0.160532295703888,0.841025948524475,0.155474439263344
-0.516946613788605,-0.335634976625443,0.829152584075928,0.493469834327698,-0.161187201738357,0.840437114238739,0.155472815036774
-0.517056465148926,-0.335681349039078,0.829151093959808,0.494052886962891,-0.161583676934242,0.840019464492798,0.155466988682747
-0.517056465148926,-0.335681349039078,0.829151093959808,0.494052886962891,-0.161583676934242,0.840019464492798,0.155466988682747
-0.515186548233032,-0.335903376340866,0.83049488067627,0.526538491249084,-0.200135633349419,0.811925768852234,0.153230577707291
-0.515283226966858,-0.335976660251617,0.830482244491577,0.526713848114014,-0.200250387191772,0.811766266822815,0.153322875499725
-0.515361726284027,-0.336054801940918,0.830466151237488,0.52683287858963,-0.200231671333313,0.81166023015976,0.153499901294708
-0.517341434955597,-0.336109519004822,0.829171657562256,0.498473674058914,-0.166525021195412,0.836398124694824,0.155665263533592
-0.517461895942688,-0.33620411157608,0.829147577285767,0.498594403266907,-0.166065156459808,0.836414039134979,0.155684664845467
-0.517522096633911,-0.336308002471924,0.829123258590698,0.498184770345688,-0.165641263127327,0.836717426776886,0.155816659331322
-0.515717089176178,-0.336287319660187,0.830490827560425,0.527213752269745,-0.200842395424843,0.810894191265106,0.155430600047112
-0.517613470554352,-0.336546868085861,0.829055845737457,0.497021675109863,-0.164580881595611,0.837567985057831,0.156085059046745
-0.517613470554352,-0.336546868085861,0.829055845737457,0.497021675109863,-0.164580881595611,0.837567985057831,0.156085059046745
-0.517788410186768,-0.336626678705215,0.829145669937134,0.496216982603073,-0.164121732115745,0.837732315063477,0.158231988549232
-0.51787269115448,-0.336738407611847,0.829094290733337,0.494852632284164,-0.162744998931885,0.838753938674927,0.15851417183876
-0.517864882946014,-0.336872220039368,0.82911092042923,0.494981467723846,-0.163163349032402,0.838554978370667,0.158734947443008
-0.517890930175781,-0.337029576301575,0.82905775308609,0.49382883310318,-0.162187710404396,0.839161217212677,0.160114422440529
-0.517950177192688,-0.337148100137711,0.829017877578735,0.492607980966568,-0.160951167345047,0.840065121650696,0.160383582115173
-0.515757739543915,-0.337347209453583,0.830468952655792,0.525227665901184,-0.200518980622292,0.81174623966217,0.158102184534073
-0.515326082706451,-0.336972415447235,0.829778432846069,0.518853366374969,-0.193225398659706,0.817419171333313,0.159000650048256
-0.515315651893616,-0.337091684341431,0.829787135124207,0.51883453130722,-0.193511798977852,0.817328035831451,0.159181714057922
-0.515315651893616,-0.337091684341431,0.829787135124207,0.51883453130722,-0.193511798977852,0.817328035831451,0.159181714057922
-0.515663266181946,-0.337829023599625,0.830493986606598,0.525265574455261,-0.20224517583847,0.811096668243408,0.159107580780983
-0.515650868415833,-0.33796215057373,0.830508828163147,0.524505913257599,-0.202481180429459,0.811464309692383,0.159438267350197
-0.515654563903809,-0.338120937347412,0.830524206161499,0.524823546409607,-0.203421488404274,0.81097674369812,0.159677058458328
-0.515653729438782,-0.338215738534927,0.83052122592926,0.524588525295258,-0.203643813729286,0.811028480529785,0.159902468323707
-0.515653729438782,-0.338215738534927,0.83052122592926,0.524588525295258,-0.203643813729286,0.811028480529785,0.159902468323707
-0.517829716205597,-0.338352173566818,0.829047381877899,0.491762846708298,-0.164677157998085,0.839302837848663,0.163161531090736
-0.517182052135468,-0.338787049055099,0.829882383346558,0.507749199867249,-0.184232100844383,0.825841724872589,0.16197158396244
-0.517004370689392,-0.33876433968544,0.829742074012756,0.50750344991684,-0.184242486953735,0.825961589813232,0.162118390202522
-0.516974866390228,-0.33883073925972,0.829690217971802,0.507583916187286,-0.184642657637596,0.825807332992554,0.162197485566139
-0.516982316970825,-0.338889807462692,0.829586327075958,0.507395625114441,-0.185141757130623,0.825796484947205,0.162273049354553
-0.516910493373871,-0.339110612869263,0.829423666000366,0.506662607192993,-0.184344828128815,0.82672393321991,0.160740569233894
-0.515728652477264,-0.338952720165253,0.830224633216858,0.522953867912292,-0.204145789146423,0.812067866325378,0.159341305494308
-0.51589024066925,-0.338873416185379,0.830373764038086,0.524480700492859,-0.20660874247551,0.810116171836853,0.161073759198189
-0.516070604324341,-0.339613139629364,0.830474734306335,0.52788257598877,-0.210602357983589,0.807185173034668,0.159495174884796
-0.516150653362274,-0.339664459228516,0.830687522888184,0.531809270381927,-0.215985223650932,0.802889466285706,0.160928383469582
-0.515917003154755,-0.33908623456955,0.829908192157745,0.523470342159271,-0.204434633255005,0.811432778835297,0.160505965352058
-0.51608794927597,-0.338912576436996,0.829926669597626,0.523617923259735,-0.205197289586067,0.810801446437836,0.162232488393784
-0.516029536724091,-0.339098960161209,0.82975560426712,0.523407697677612,-0.204722344875336,0.811380445957184,0.160608008503914
-0.516093790531158,-0.339092999696732,0.829686462879181,0.523335695266724,-0.204717338085175,0.811411380767822,0.160692989826202
-0.516155123710632,-0.33906689286232,0.829617381095886,0.523252606391907,-0.204716220498085,0.811452746391296,0.160756051540375
-0.516248464584351,-0.339028835296631,0.829522967338562,0.523122549057007,-0.205108255147934,0.811418116092682,0.160854190587997
-0.516359627246857,-0.338979840278625,0.829419732093811,0.522371411323547,-0.204354479908943,0.812076032161713,0.160935014486313
-0.516427159309387,-0.338930875062943,0.829345881938934,0.522436141967773,-0.204871699213982,0.811905860900879,0.160925269126892
-0.516496300697327,-0.33886456489563,0.829258978366852,0.522457122802734,-0.205383092164993,0.811744213104248,0.161020949482918
-0.516567826271057,-0.338787525892258,0.829160273075104,0.522462844848633,-0.206066653132439,0.811564207077026,0.161036178469658
-0.516642928123474,-0.338728487491608,0.829093158245087,0.522485494613647,-0.206313475966453,0.811487197875977,0.161034911870956
-0.5167156457901,-0.338633567094803,0.82897675037384,0.522615730762482,-0.206968769431114,0.811233937740326,0.161047667264938
-0.516825258731842,-0.338571131229401,0.828879117965698,0.522862613201141,-0.207206308841705,0.811046719551086,0.160884261131287
-0.51692670583725,-0.338482230901718,0.8288254737854,0.522817611694336,-0.207365661859512,0.810989081859589,0.16111521422863
-0.517073571681976,-0.338392406702042,0.828744649887085,0.523409426212311,-0.2078667730093,0.810578405857086,0.160613521933556
-0.517163097858429,-0.338307589292526,0.828665673732758,0.523448884487152,-0.208091974258423,0.810479998588562,0.160689547657967
-0.517258644104004,-0.338218718767166,0.828594565391541,0.523561775684357,-0.208321452140808,0.810335159301758,0.160755023360252
-0.517352700233459,-0.338134527206421,0.828514695167542,0.523698091506958,-0.208685353398323,0.810155153274536,0.160746082663536
-0.517352700233459,-0.338134527206421,0.828514695167542,0.523698091506958,-0.208685353398323,0.810155153274536,0.160746082663536
-0.517543196678162,-0.337950050830841,0.828313946723938,0.52382230758667,-0.209275037050247,0.809920370578766,0.160758316516876
-0.517622470855713,-0.337867379188538,0.828213453292847,0.523751437664032,-0.209298744797707,0.80997359752655,0.160689637064934
-0.517698884010315,-0.337774872779846,0.82810652256012,0.523689329624176,-0.209315121173859,0.810008645057678,0.16069458425045
-0.517762124538422,-0.337680250406265,0.828013062477112,0.523801267147064,-0.209394723176956,0.809944808483124,0.160547345876694
-0.517828285694122,-0.337603092193604,0.827916383743286,0.523775994777679,-0.209331199526787,0.809970676898956,0.160582631826401
-0.517898917198181,-0.337501496076584,0.827812552452087,0.523933231830597,-0.209643572568893,0.809793531894684,0.160555332899094
-0.517956018447876,-0.337331473827362,0.82770311832428,0.523409783840179,-0.208895370364189,0.810294091701508,0.160712242126465
-0.51804119348526,-0.337228626012802,0.827558875083923,0.523490726947784,-0.208112820982933,0.810466349124908,0.160595312714577
-0.518085241317749,-0.337129980325699,0.827407896518707,0.523216187953949,-0.20739184319973,0.810846447944641,0.160503938794136
-0.518128097057343,-0.337048262357712,0.827325820922852,0.523441672325134,-0.207594007253647,0.81066370010376,0.160430133342743
-0.518159151077271,-0.336959809064865,0.827238321304321,0.523527860641479,-0.207602202892303,0.810618221759796,0.160368695855141
-0.518188714981079,-0.336874097585678,0.827158331871033,0.523594975471497,-0.207700356841087,0.810562252998352,0.160305365920067
-0.518213331699371,-0.336786210536957,0.827081978321075,0.523742973804474,-0.207823157310486,0.810427248477936,0.160345107316971
-0.518352508544922,-0.336493134498596,0.827091455459595,0.524609863758087,-0.208405897021294,0.80950140953064,0.161427766084671
-0.518376052379608,-0.336399048566818,0.827007353305817,0.525260150432587,-0.208368837833405,0.809140086174011,0.161172807216644
-0.518365383148193,-0.336318552494049,0.826937079429626,0.525432884693146,-0.208482727408409,0.809014320373535,0.161092951893806
-0.518354773521423,-0.336228609085083,0.826865911483765,0.525545120239258,-0.208546802401543,0.808942437171936,0.161005541682243
-0.518331110477448,-0.336146891117096,0.826794981956482,0.525558352470398,-0.208500280976295,0.808961629867554,0.160925984382629
-0.518329501152039,-0.336045026779175,0.82669460773468,0.525500655174255,-0.208992391824722,0.808882892131805,0.160871505737305
-0.518287062644958,-0.335962325334549,0.826655268669128,0.525559723377228,-0.209139630198479,0.808824002742767,0.160783648490906
-0.5182244181633,-0.335862338542938,0.826613783836365,0.525533854961395,-0.209510490298271,0.80875289440155,0.16074326634407
-0.518098831176758,-0.335738748311996,0.82658439874649,0.524948358535767,-0.209899961948395,0.808982193470001,0.160994604229927
-0.518103063106537,-0.336435735225677,0.826947093009949,0.530681967735291,-0.21835432946682,0.803339540958405,0.15919716656208
-0.517683029174805,-0.335631012916565,0.826533079147339,0.524599432945251,-0.211478173732758,0.809174656867981,0.159087687730789
-0.517639815807343,-0.335271388292313,0.826698184013367,0.524607717990875,-0.212365284562111,0.808633983135223,0.160620808601379
-0.517464697360992,-0.33500862121582,0.826737999916077,0.524602830410004,-0.213819667696953,0.808214247226715,0.160819098353386
-0.517238140106201,-0.334772109985352,0.826800584793091,0.524741947650909,-0.214813202619553,0.807973861694336,0.160248264670372
-0.519110918045044,-0.334376394748688,0.825365662574768,0.491822928190231,-0.176137536764145,0.836925089359283,0.163224622607231
-0.518357574939728,-0.334140539169312,0.825874626636505,0.498152315616608,-0.186445221304893,0.831133842468262,0.162169709801674
-0.516242504119873,-0.333650082349777,0.827150106430054,0.519622027873993,-0.215917631983757,0.8112872838974,0.158699542284012
-0.516242504119873,-0.333650082349777,0.827150106430054,0.519622027873993,-0.215917631983757,0.8112872838974,0.158699542284012
-0.51498806476593,-0.333302319049835,0.827731609344482,0.520120799541473,-0.222717359662056,0.809690356254578,0.155797943472862
-0.514252066612244,-0.332853883504867,0.828153133392334,0.519325017929077,-0.226184204220772,0.809412956237793,0.154896467924118
-0.513694703578949,-0.33213347196579,0.828690767288208,0.518223404884338,-0.230768859386444,0.808363795280457,0.157284036278725
-0.512847304344177,-0.331662148237228,0.829155325889587,0.515444040298462,-0.234266564249992,0.809253633022308,0.156668990850449
-0.511801362037659,-0.331117987632751,0.829645574092865,0.513171672821045,-0.237485751509666,0.809698700904846,0.156982615590095
-0.510513961315155,-0.330773651599884,0.830199420452118,0.508619666099548,-0.240076526999473,0.811858355998993,0.156701222062111
-0.509323358535767,-0.329958438873291,0.830959320068359,0.507160782814026,-0.245056167244911,0.811200261116028,0.157129138708115
-0.507620930671692,-0.329553306102753,0.831611216068268,0.503657579421997,-0.247782841324806,0.812802672386169,0.155834630131721
-0.506090939044952,-0.328566014766693,0.832630515098572,0.501090943813324,-0.253450512886047,0.812463641166687,0.15675950050354
-0.504290103912354,-0.328028798103333,0.833526909351349,0.497745662927628,-0.258899331092834,0.8135906457901,0.152613237500191
-0.502282321453094,-0.327116549015045,0.834852814674377,0.498013854026794,-0.267816245555878,0.811314582824707,0.148410081863403
-0.500038087368011,-0.326236546039581,0.83621072769165,0.494547337293625,-0.273996770381927,0.811481356620789,0.147806644439697
-0.497483372688293,-0.325368314981461,0.837659478187561,0.48956635594368,-0.281580209732056,0.811702132225037,0.148919597268104
-0.494616538286209,-0.324330568313599,0.83942049741745,0.485943466424942,-0.291275054216385,0.810613930225372,0.1480643004179
-0.491509050130844,-0.323153018951416,0.84137761592865,0.48226073384285,-0.300421386957169,0.810124397277832,0.144465401768684
-0.48831695318222,-0.321781933307648,0.843410015106201,0.476787954568863,-0.311892151832581,0.808804750442505,0.145710319280624
-0.484390765428543,-0.320580303668976,0.845764875411987,0.469943791627884,-0.319197297096252,0.810586154460907,0.142183467745781
-0.480590641498566,-0.319437891244888,0.848589360713959,0.463892519474029,-0.325981825590134,0.811774253845215,0.139864578843117
-0.476368486881256,-0.317690074443817,0.851303100585938,0.457430869340897,-0.339193046092987,0.810513913631439,0.137011721730232
-0.472161799669266,-0.316556632518768,0.854862987995148,0.449229568243027,-0.341354966163635,0.814420759677887,0.135604336857796
-0.467213690280914,-0.314456909894943,0.857935667037964,0.44178768992424,-0.353475898504257,0.813899397850037,0.132084012031555
-0.462686032056808,-0.31323903799057,0.862086534500122,0.43581610918045,-0.355750650167465,0.816804766654968,0.127811953425407
-0.457403004169464,-0.311363220214844,0.865840375423431,0.427204519510269,-0.364399403333664,0.817945659160614,0.125196993350983
-0.45210462808609,-0.309322774410248,0.86980402469635,0.419821441173553,-0.373394668102264,0.818586230278015,0.119343414902687
-0.446416705846786,-0.307299882173538,0.874017596244812,0.411434382200241,-0.381260305643082,0.819919466972351,0.114431388676167
-0.440720558166504,-0.305127829313278,0.878306329250336,0.403577238321304,-0.390859335660934,0.819881856441498,0.110219061374664
-0.43475553393364,-0.302942931652069,0.882671415805817,0.394112944602966,-0.399285733699799,0.820960283279419,0.106161765754223
-0.428817957639694,-0.300574362277985,0.887119114398956,0.386003941297531,-0.408527493476868,0.820739507675171,0.102435395121574
-0.422621726989746,-0.298224538564682,0.891606390476227,0.377543330192566,-0.418005913496017,0.820487320423126,0.0976362600922584
-0.422621726989746,-0.298224538564682,0.891606390476227,0.377543330192566,-0.418005913496017,0.820487320423126,0.0976362600922584
-0.410016059875488,-0.293047904968262,0.900422632694244,0.360010713338852,-0.43964746594429,0.818167388439178,0.0877759903669357
-0.410016059875488,-0.293047904968262,0.900422632694244,0.360010713338852,-0.43964746594429,0.818167388439178,0.0877759903669357
-0.397248595952988,-0.287711024284363,0.909723937511444,0.344114482402802,-0.45490363240242,0.817453563213348,0.0801102817058563
-0.390966951847076,-0.285293012857437,0.914364993572235,0.338261544704437,-0.45903867483139,0.817983269691467,0.0759344846010208
-0.384415149688721,-0.28235912322998,0.918762862682342,0.330162554979324,-0.462331146001816,0.819861233234406,0.0712058171629905
-0.378179848194122,-0.279432117938995,0.923438847064972,0.326714217662811,-0.47009065747261,0.817200899124146,0.066747061908245
-0.371358931064606,-0.275364637374878,0.926792204380035,0.315929383039474,-0.481025725603104,0.815662264823914,0.0591432638466358
-0.365466117858887,-0.273118376731873,0.931857943534851,0.315522521734238,-0.478693813085556,0.817446231842041,0.0554933100938797
-0.358698606491089,-0.269292652606964,0.935174465179443,0.307497948408127,-0.487867116928101,0.815279483795166,0.052442405372858
-0.352749198675156,-0.266722232103348,0.939680874347687,0.308090448379517,-0.483095943927765,0.817939758300781,0.0517028011381626
-0.346226572990417,-0.262648105621338,0.942870438098908,0.303223073482513,-0.500657975673676,0.809851706027985,0.0392141491174697
-0.340621381998062,-0.259902656078339,0.947219133377075,0.302726805210114,-0.493159353733063,0.814399480819702,0.0436324886977672
-0.334574311971664,-0.256595522165298,0.950709640979767,0.301584541797638,-0.497502863407135,0.812298119068146,0.0413482412695884
-0.329007744789123,-0.253255069255829,0.954301238059998,0.305034220218658,-0.505610525608063,0.806203246116638,0.0367222502827644
-0.323126912117004,-0.249473303556442,0.957347750663757,0.30397167801857,-0.511276006698608,0.803164780139923,0.0335340090095996
-0.317733347415924,-0.245993137359619,0.960409283638,0.306197136640549,-0.516670525074005,0.798881709575653,0.0329074375331401
-0.31242436170578,-0.242499589920044,0.963286995887756,0.308232933282852,-0.522874593734741,0.794102787971497,0.031550083309412
-0.307094782590866,-0.238916277885437,0.9654700756073,0.30586114525795,-0.528738975524902,0.791074872016907,0.0329326689243316
-0.302132070064545,-0.235443904995918,0.96788477897644,0.310025721788406,-0.534700095653534,0.785512626171112,0.0308178663253784
-0.297306895256042,-0.232030689716339,0.970253705978394,0.312896460294724,-0.537895739078522,0.782185792922974,0.0308137480169534
-0.292838126420975,-0.228740945458412,0.972471952438354,0.316827863454819,-0.54032564163208,0.778926014900208,0.0307034198194742
-0.290781378746033,-0.222182124853134,0.973019003868103,0.320559024810791,-0.573105454444885,0.753586709499359,0.0299863461405038
-0.286472976207733,-0.219604671001434,0.974338293075562,0.320314198732376,-0.571103155612946,0.755313575267792,0.0272295922040939
-0.282569944858551,-0.216630876064301,0.975765109062195,0.322909742593765,-0.571282923221588,0.753992736339569,0.0293303430080413
-0.279224693775177,-0.213488399982452,0.977174937725067,0.328716516494751,-0.576756536960602,0.747408986091614,0.0260263886302709
-0.274203419685364,-0.212876975536346,0.980066061019898,0.334956586360931,-0.556818902492523,0.759615063667297,0.0272354502230882
-0.271211177110672,-0.209945514798164,0.980853319168091,0.338965088129044,-0.562132179737091,0.753924190998077,0.0266143903136253
-0.268397152423859,-0.207096040248871,0.981285929679871,0.339279174804688,-0.564023852348328,0.752296328544617,0.0285830739885568
-0.26592630147934,-0.204583659768104,0.982015788555145,0.342562168836594,-0.56734710931778,0.748288810253143,0.0288514625281095
-0.263953924179077,-0.202414959669113,0.982918620109558,0.347998470067978,-0.571400463581085,0.742749035358429,0.0268831346184015
-0.262009799480438,-0.200063645839691,0.983456075191498,0.350751727819443,-0.574983417987823,0.738643109798431,0.0278118606656789
-0.260144412517548,-0.197851777076721,0.983754277229309,0.353776544332504,-0.578912019729614,0.734110116958618,0.0280253458768129
-0.258531481027603,-0.195886611938477,0.984184801578522,0.356273263692856,-0.582732260227203,0.729894459247589,0.0273250546306371
-0.257027626037598,-0.193880781531334,0.984315872192383,0.357336163520813,-0.586644768714905,0.726241707801819,0.0270548462867736
-0.255916178226471,-0.192135542631149,0.984810531139374,0.359856873750687,-0.591649055480957,0.720912098884583,0.0272049214690923
-0.254998862743378,-0.190288603305817,0.985058665275574,0.360149592161179,-0.599109888076782,0.714578151702881,0.0271612200886011
-0.253782212734222,-0.187800347805023,0.984995245933533,0.355910539627075,-0.611619830131531,0.706229329109192,0.0221168510615825
-0.253640949726105,-0.186892420053482,0.98598849773407,0.361632257699966,-0.612604737281799,0.702232360839844,0.0284142196178436
-0.253061205148697,-0.185525849461555,0.986684024333954,0.362653106451034,-0.618574500083923,0.696457505226135,0.028200889006257
-0.252533793449402,-0.184167385101318,0.987210392951965,0.362734496593475,-0.624000191688538,0.691567718982697,0.0279545132070779
-0.252233445644379,-0.182748898863792,0.987799227237701,0.362637519836426,-0.629256784915924,0.68682199716568,0.0283834394067525
-0.251843810081482,-0.181548535823822,0.988544285297394,0.362493425607681,-0.631991684436798,0.684381008148193,0.028420191258192
-0.251615643501282,-0.180306240916252,0.989135265350342,0.361530005931854,-0.635392606258392,0.681757509708405,0.027912437915802
-0.251450002193451,-0.179436981678009,0.989732384681702,0.363086372613907,-0.638177096843719,0.678382575511932,0.0263712517917156
-0.251385778188705,-0.178211778402328,0.990261614322662,0.362099558115005,-0.642011880874634,0.675340950489044,0.024883396923542
-0.251325160264969,-0.177258968353271,0.990905165672302,0.362359821796417,-0.644483864307404,0.672877967357635,0.023899607360363
-0.2513547539711,-0.176327764987946,0.991495013237,0.362417846918106,-0.646330654621124,0.671047389507294,0.024604819715023
-0.251413762569427,-0.175103634595871,0.992108762264252,0.362676799297333,-0.64939159154892,0.667908310890198,0.0255836956202983
-0.251476466655731,-0.174457252025604,0.99298769235611,0.36376827955246,-0.649323403835297,0.667494058609009,0.0224339924752712
-0.251675128936768,-0.173290312290192,0.993717312812805,0.363606482744217,-0.651610851287842,0.665371239185333,0.0217898599803447
-0.251863539218903,-0.172466695308685,0.994201838970184,0.362786084413528,-0.651138246059418,0.666220307350159,0.0235740710049867
-0.252172648906708,-0.17184866964817,0.994830846786499,0.361653029918671,-0.648880660533905,0.668952822685242,0.0257498640567064
-0.252587825059891,-0.171494647860527,0.995458602905273,0.359306961297989,-0.644109606742859,0.674639940261841,0.0297026224434375
-0.252767980098724,-0.171431809663772,0.995732009410858,0.356336325407028,-0.638250827789307,0.681701302528381,0.0307167489081621
-0.253102242946625,-0.171530723571777,0.995883226394653,0.354508489370346,-0.633899629116058,0.686680734157562,0.0310585517436265
-0.253227174282074,-0.171681821346283,0.995732605457306,0.35279369354248,-0.630248486995697,0.690881133079529,0.0317287370562553
-0.253508567810059,-0.171971172094345,0.99553108215332,0.351815402507782,-0.628739178180695,0.692714095115662,0.0325593203306198
-0.253891885280609,-0.172319680452347,0.995189666748047,0.350907742977142,-0.628364443778992,0.693433821201324,0.0342272594571113
-0.254275619983673,-0.17265835404396,0.994790315628052,0.350249320268631,-0.628566741943359,0.693478047847748,0.0362995192408561
-0.25478184223175,-0.172971695661545,0.994449555873871,0.349383056163788,-0.628948926925659,0.693433284759521,0.0387961715459823
-0.255307793617248,-0.173368528485298,0.994023740291596,0.348795890808105,-0.629278063774109,0.693305373191833,0.0409699231386184
-0.255980491638184,-0.173642605543137,0.993623316287994,0.348503917455673,-0.630240619182587,0.692480325698853,0.042579099535942
-0.256667196750641,-0.173945158720016,0.993189334869385,0.347067654132843,-0.629193961620331,0.694127082824707,0.042971845716238
-0.257438242435455,-0.174231469631195,0.993026852607727,0.345382034778595,-0.625458538532257,0.698210477828979,0.0448900237679481
-0.258312523365021,-0.174296215176582,0.99274617433548,0.342386066913605,-0.622329533100128,0.70235002040863,0.0467149019241333
-0.259123146533966,-0.174546673893929,0.992352306842804,0.34003221988678,-0.619796097278595,0.705683946609497,0.0473391450941562
-0.259956330060959,-0.174917265772819,0.99207353591919,0.337310194969177,-0.61477130651474,0.71128261089325,0.0485299006104469
-0.261116862297058,-0.175237312912941,0.991974055767059,0.335650891065597,-0.611943960189819,0.714438915252686,0.0493970364332199
-0.261913567781448,-0.17563995718956,0.991584420204163,0.332644104957581,-0.606361031532288,0.720390379428864,0.0520778447389602
-0.262885630130768,-0.176041513681412,0.991119205951691,0.330318421125412,-0.603435218334198,0.723807334899902,0.0534686334431171
-0.26400563120842,-0.176496088504791,0.990588486194611,0.328847944736481,-0.601969182491302,0.725617468357086,0.0545114018023014
-0.264927566051483,-0.177350625395775,0.989778697490692,0.327127784490585,-0.599982917308807,0.728076815605164,0.0539644472301006
-0.266169756650925,-0.177873179316521,0.989213109016418,0.326040208339691,-0.599938809871674,0.728440403938293,0.0560908019542694
-0.267303109169006,-0.178100526332855,0.988570928573608,0.324747622013092,-0.602504134178162,0.726777255535126,0.0576403476297855
-0.268477886915207,-0.178824365139008,0.98772794008255,0.322248905897141,-0.601984620094299,0.728293716907501,0.0579522363841533
-0.269549250602722,-0.17958390712738,0.987019598484039,0.319877713918686,-0.60056471824646,0.730465829372406,0.058481216430664
-0.270771503448486,-0.179884508252144,0.9862961769104,0.316555976867676,-0.601145565509796,0.731147229671478,0.0619696304202079
-0.271924763917923,-0.180531859397888,0.985710144042969,0.314704298973083,-0.601304650306702,0.731756269931793,0.0626645237207412
-0.27294847369194,-0.181652098894119,0.98509156703949,0.312961935997009,-0.598617732524872,0.73462587594986,0.0635334029793739
-0.274182021617889,-0.182206898927689,0.984726667404175,0.312269508838654,-0.602517068386078,0.731618881225586,0.0647670552134513
-0.275232374668121,-0.183288410305977,0.983992755413055,0.310594886541367,-0.60262805223465,0.732198715209961,0.0652330890297889
-0.276279330253601,-0.184058099985123,0.983396470546722,0.308309018611908,-0.602825403213501,0.732821047306061,0.0672329813241958
-0.277641296386719,-0.18478524684906,0.983093857765198,0.308730870485306,-0.607010424137115,0.729049742221832,0.0686296001076698
-0.278722763061523,-0.185868456959724,0.982433319091797,0.306756764650345,-0.606023728847504,0.730719327926636,0.0684454441070556
-0.279895186424255,-0.18665137887001,0.981976509094238,0.305653363466263,-0.607091009616852,0.73020613193512,0.069394402205944
-0.281160891056061,-0.187356650829315,0.981521844863892,0.303614974021912,-0.607600152492523,0.730475425720215,0.0710335224866867
-0.28239831328392,-0.188398078083992,0.981085658073425,0.302994340658188,-0.608443856239319,0.730072140693665,0.0706063881516456
-0.283662497997284,-0.189234584569931,0.980886697769165,0.302450448274612,-0.607550978660583,0.730999767780304,0.0710286423563957
-0.284677743911743,-0.190023824572563,0.980206847190857,0.299720853567123,-0.607255041599274,0.732003808021545,0.0746942460536956
-0.284677743911743,-0.190023824572563,0.980206847190857,0.299720853567123,-0.607255041599274,0.732003808021545,0.0746942460536956
-0.287009954452515,-0.191993743181229,0.979254126548767,0.298198491334915,-0.608121871948242,0.731766700744629,0.0760464593768119
-0.288102567195892,-0.19272518157959,0.978725075721741,0.295753628015518,-0.607232451438904,0.733190417289734,0.078933410346508
-0.289290934801102,-0.193721070885658,0.978393197059631,0.295684784650803,-0.60947459936142,0.731410324573517,0.0784232318401336
-0.290618866682053,-0.194754108786583,0.978004932403564,0.294816255569458,-0.610204994678497,0.73118257522583,0.0781364142894744
-0.291534066200256,-0.195789515972137,0.977591633796692,0.293416976928711,-0.608148813247681,0.733200907707214,0.0804860144853591
-0.292638599872589,-0.196848720312119,0.977151393890381,0.291772663593292,-0.606964826583862,0.734696328639984,0.0817539095878601
-0.293953359127045,-0.19765031337738,0.976962447166443,0.291821897029877,-0.610081553459167,0.732067406177521,0.0819623917341232
-0.29473552107811,-0.198852181434631,0.976172089576721,0.288633406162262,-0.605712354183197,0.736693680286407,0.0841772109270095
-0.295755505561829,-0.199996531009674,0.975857436656952,0.287404000759125,-0.604568779468536,0.737975120544434,0.0853713080286979
-0.296807587146759,-0.201066121459007,0.975529432296753,0.286949336528778,-0.605846643447876,0.737226605415344,0.0843025296926498
-0.297809362411499,-0.202076882123947,0.975056409835815,0.284205019474029,-0.604673862457275,0.739117443561554,0.0854537934064865
-0.298799961805344,-0.203246027231216,0.974828600883484,0.283536016941071,-0.603182435035706,0.740527629852295,0.0860075429081916
-0.299779683351517,-0.204268142580986,0.974621832370758,0.281962275505066,-0.602032482624054,0.741885602474213,0.0875208750367164
-0.300791710615158,-0.205374628305435,0.974207401275635,0.280044674873352,-0.601397275924683,0.74314022064209,0.0874007195234298
-0.301729142665863,-0.206456363201141,0.974057674407959,0.278666913509369,-0.599959373474121,0.744677543640137,0.0885937586426734
-0.302735418081284,-0.207609459757805,0.973990976810455,0.278628081083298,-0.600662767887115,0.74419778585434,0.0879795253276825
-0.303666651248932,-0.208715602755546,0.97386884689331,0.277031242847443,-0.599946975708008,0.745273470878601,0.0887970700860023
-0.304668784141541,-0.209829837083817,0.973746001720428,0.275716722011566,-0.59958678483963,0.746030211448669,0.0889657363295555
-0.304888814687729,-0.210087180137634,0.972785830497742,0.268929541110992,-0.607095539569855,0.742990970611572,0.0841205865144729
-0.306006610393524,-0.211334943771362,0.972965002059936,0.26852285861969,-0.607417047023773,0.742813229560852,0.0846676528453826
-0.306607365608215,-0.212622448801994,0.972862243652344,0.267118513584137,-0.604385375976562,0.74561220407486,0.0861893370747566
-0.307478129863739,-0.213888764381409,0.972944676876068,0.266128748655319,-0.603916764259338,0.746232450008392,0.0871617719531059
-0.308075189590454,-0.215214729309082,0.972554326057434,0.263017863035202,-0.603239059448242,0.748031973838806,0.085862323641777
-0.309153169393539,-0.216384038329124,0.972754120826721,0.263424873352051,-0.603706359863281,0.747212707996368,0.0884255617856979
-0.309955954551697,-0.21777506172657,0.972760498523712,0.262078553438187,-0.603081524372101,0.748008549213409,0.0899484306573867
-0.311242610216141,-0.219989836215973,0.9733726978302,0.266006350517273,-0.59636515378952,0.751399099826813,0.0948089808225631
-0.312144815921783,-0.221371233463287,0.973444938659668,0.265438258647919,-0.597048461437225,0.750872671604156,0.0962597131729126
-0.312893211841583,-0.222769498825073,0.97326397895813,0.264046013355255,-0.598868310451508,0.749912202358246,0.0962716937065124
-0.313885807991028,-0.224356755614281,0.973323583602905,0.263845145702362,-0.600453019142151,0.748673796653748,0.0965893492102623
-0.314413994550705,-0.225951284170151,0.973064541816711,0.260973691940308,-0.596600770950317,0.752254068851471,0.100369714200497
-0.315329670906067,-0.227502375841141,0.973221361637116,0.262070864439011,-0.599483489990234,0.749597072601318,0.100212641060352
-0.316163122653961,-0.229081988334656,0.973214745521545,0.261709839105606,-0.600422978401184,0.748849034309387,0.101120568811893
-0.31720495223999,-0.230716153979301,0.97317099571228,0.261195838451385,-0.602597057819366,0.747253000736237,0.101324371993542
-0.31819611787796,-0.23226709663868,0.973172247409821,0.260226875543594,-0.603038251399994,0.746964991092682,0.103297539055347
-0.319076836109161,-0.233909174799919,0.973082304000854,0.259406417608261,-0.60211968421936,0.747654318809509,0.105703964829445
-0.319979846477508,-0.235680818557739,0.973113358020782,0.259728819131851,-0.602586686611176,0.747090280056,0.10623799264431
-0.320846110582352,-0.237128064036369,0.972550630569458,0.256858766078949,-0.601167976856232,0.748796224594116,0.109200574457645
-0.322059810161591,-0.239048391580582,0.972561240196228,0.258804470300674,-0.604028046131134,0.746055841445923,0.10756865888834
-0.323167741298675,-0.240700930356979,0.972369968891144,0.259123653173447,-0.603893101215363,0.74571704864502,0.109883055090904
-0.324219226837158,-0.242268487811089,0.971872568130493,0.257165610790253,-0.602208077907562,0.747462689876556,0.111852750182152
-0.325581729412079,-0.243987038731575,0.971685767173767,0.257234066724777,-0.602275133132935,0.747156739234924,0.11336849629879
-0.326786994934082,-0.245672270655632,0.971094012260437,0.256465166807175,-0.601168632507324,0.747868180274963,0.116254262626171
-0.328332245349884,-0.247391566634178,0.970538377761841,0.256113141775131,-0.602400243282318,0.747046113014221,0.115940272808075
-0.32956999540329,-0.249384194612503,0.969930410385132,0.255667299032211,-0.598380327224731,0.749973058700562,0.118809260427952
-0.331071496009827,-0.251112639904022,0.96920382976532,0.254463315010071,-0.597698152065277,0.750785708427429,0.11969269067049
-0.33255809545517,-0.252898454666138,0.968597292900085,0.253971874713898,-0.595841765403748,0.752107501029968,0.121676571667194
-0.334246695041656,-0.254780739545822,0.967809617519379,0.254064947366714,-0.59461772441864,0.752797603607178,0.123193807899952
-0.336008489131927,-0.25659504532814,0.966894030570984,0.253463566303253,-0.593688726425171,0.75341659784317,0.125113934278488
-0.337966203689575,-0.258600503206253,0.966178178787231,0.254530549049377,-0.593016803264618,0.753508508205414,0.125579491257668
-0.339677095413208,-0.260596603155136,0.965171039104462,0.253478705883026,-0.587841749191284,0.757185399532318,0.12984935939312
-0.340915501117706,-0.261753380298615,0.963332533836365,0.247522249817848,-0.594834208488464,0.754356861114502,0.125899717211723
-0.343532651662826,-0.264537185430527,0.963034331798554,0.252886682748795,-0.586112141609192,0.758307278156281,0.132253915071487
-0.345707416534424,-0.266700625419617,0.961945354938507,0.252812385559082,-0.583798229694366,0.759803533554077,0.134030476212501
-0.347889304161072,-0.268775194883347,0.960809051990509,0.252408355474472,-0.581952750682831,0.761015474796295,0.135928526520729
-0.350132465362549,-0.270900130271912,0.959580361843109,0.252144873142242,-0.579872786998749,0.762407183647156,0.137498378753662
-0.3525310754776,-0.273281186819076,0.958575069904327,0.253791838884354,-0.577762186527252,0.763467073440552,0.137472450733185
-0.354900479316711,-0.275196313858032,0.957306027412415,0.251876562833786,-0.573882758617401,0.766297876834869,0.141436636447906
-0.35751885175705,-0.277433484792709,0.956062376499176,0.251863062381744,-0.570642650127411,0.768370032310486,0.143316462635994
-0.360097706317902,-0.279675155878067,0.954773008823395,0.252757668495178,-0.567989885807037,0.769536197185516,0.145997285842896
-0.360097706317902,-0.279675155878067,0.954773008823395,0.252757668495178,-0.567989885807037,0.769536197185516,0.145997285842896
-0.365794330835342,-0.284223735332489,0.951965034008026,0.253245383501053,-0.563982725143433,0.771716356277466,0.149144262075424
-0.368682026863098,-0.286532521247864,0.950369596481323,0.252890974283218,-0.561402261257172,0.773328840732574,0.151116237044334
-0.371862858533859,-0.288983821868896,0.948931276798248,0.254077166318893,-0.558688759803772,0.774430453777313,0.153523415327072
-0.375151693820953,-0.291486799716949,0.947534382343292,0.255398362874985,-0.556762397289276,0.775232434272766,0.154279187321663
-0.378432989120483,-0.293690979480743,0.945808410644531,0.25518062710762,-0.556591153144836,0.775016844272614,0.156326919794083
-0.381908506155014,-0.296231418848038,0.944231152534485,0.256715565919876,-0.556081295013428,0.77471911907196,0.157102197408676
-0.385515809059143,-0.298619329929352,0.942519962787628,0.256956785917282,-0.553729772567749,0.775677859783173,0.160251080989838
-0.388953626155853,-0.300842612981796,0.940773487091064,0.256481736898422,-0.551690459251404,0.776656091213226,0.163279101252556
-0.392593145370483,-0.303356885910034,0.939013063907623,0.257681876420975,-0.549310088157654,0.777457594871521,0.16558463871479
-0.396400272846222,-0.30583655834198,0.937126696109772,0.258513450622559,-0.548279285430908,0.777480125427246,0.16758693754673
-0.40027979016304,-0.30840677022934,0.935338377952576,0.260338872671127,-0.547082424163818,0.777373790740967,0.16915799677372
-0.404348731040955,-0.310980796813965,0.933444261550903,0.261975765228271,-0.545968592166901,0.777223408222198,0.170911729335785
-0.408271968364716,-0.31307977437973,0.931412816047668,0.262377083301544,-0.545536637306213,0.776656627655029,0.174219936132431
-0.412443429231644,-0.315514445304871,0.929360508918762,0.263108432292938,-0.542913615703583,0.777397990226746,0.177963942289352
-0.416618227958679,-0.317863374948502,0.927376449108124,0.264864176511765,-0.541508555412292,0.777182042598724,0.180564612150192
-0.420725703239441,-0.320159077644348,0.925051093101502,0.264652520418167,-0.537652730941772,0.778795421123505,0.185381412506103
-0.425369948148727,-0.322266608476639,0.923038601875305,0.266519755125046,-0.540098011493683,0.776081919670105,0.186970978975296
-0.429587066173553,-0.324415802955627,0.920776605606079,0.267469853162766,-0.539868950843811,0.775237441062927,0.189758807420731
-0.433869928121567,-0.326381206512451,0.918578386306763,0.270091950893402,-0.54163658618927,0.772355198860168,0.192737400531769
-0.438236474990845,-0.328551739454269,0.91624790430069,0.271261423826218,-0.54034012556076,0.772174298763275,0.195439785718918
-0.442574322223663,-0.330544352531433,0.914077877998352,0.273236960172653,-0.539074003696442,0.771409213542938,0.199169456958771
-0.446845650672913,-0.332229226827621,0.911744654178619,0.2745501101017,-0.540331423282623,0.769193112850189,0.202500164508819
-0.450961261987686,-0.333673357963562,0.909847736358643,0.276611715555191,-0.539935111999512,0.767502188682556,0.207114517688751
-0.455407291650772,-0.335154682397842,0.907324075698852,0.277813374996185,-0.542083859443665,0.765006482601166,0.209117233753204
-0.459581255912781,-0.33683368563652,0.90515947341919,0.279397189617157,-0.540490448474884,0.764489948749542,0.212984591722488
-0.463768422603607,-0.338232219219208,0.902943134307861,0.281156957149506,-0.541085004806519,0.762355327606201,0.216777160763741
-0.467695236206055,-0.339526116847992,0.900712490081787,0.28302189707756,-0.541938364505768,0.759929478168488,0.220700591802597
-0.471819669008255,-0.340630769729614,0.898604869842529,0.284626811742783,-0.541494429111481,0.75829029083252,0.225315600633621
-0.475637823343277,-0.342018961906433,0.896415829658508,0.28767266869545,-0.541798710823059,0.756177306175232,0.22780354321003
-0.479281216859818,-0.342990130186081,0.894050240516663,0.287887752056122,-0.541881322860718,0.754822075366974,0.231795370578766
-0.483037680387497,-0.344038009643555,0.891964793205261,0.290251642465591,-0.540410697460175,0.753660380840302,0.236022278666496
-0.486393392086029,-0.344927191734314,0.889493823051453,0.291945159435272,-0.545014083385468,0.749167263507843,0.237647265195847
-0.489949584007263,-0.34609317779541,0.887212336063385,0.294052690267563,-0.542972207069397,0.748462080955505,0.241906479001045
-0.493185490369797,-0.34685143828392,0.884904325008392,0.294667631387711,-0.54434472322464,0.745977401733398,0.245718628168106
-0.496350586414337,-0.347851485013962,0.882776737213135,0.296689063310623,-0.543002307415009,0.745025157928467,0.249121651053429
-0.499702930450439,-0.348838984966278,0.880361974239349,0.298949033021927,-0.544601261615753,0.741872310638428,0.252318203449249
-0.502599716186523,-0.349607884883881,0.878054916858673,0.300062924623489,-0.544510066509247,0.740096271038055,0.256375968456268
-0.505185604095459,-0.34968113899231,0.875857293605804,0.300057858228683,-0.549536168575287,0.734653651714325,0.26126503944397
-0.507753252983093,-0.350180804729462,0.873499155044556,0.299688875675201,-0.551146626472473,0.732522368431091,0.264263242483139
-0.510189056396484,-0.3506800532341,0.871166825294495,0.299262136220932,-0.552829563617706,0.730378389358521,0.267150223255157
-0.512568831443787,-0.351225018501282,0.86886727809906,0.300227761268616,-0.556869328022003,0.726116597652435,0.269285202026367
-0.515192747116089,-0.351975589990616,0.86677086353302,0.302736341953278,-0.559674143791199,0.722361147403717,0.270758152008057
-0.517234265804291,-0.352569222450256,0.864783763885498,0.303234905004501,-0.55595338344574,0.723098754882812,0.275848895311356
-0.519453108310699,-0.35322842001915,0.862808227539062,0.304200142621994,-0.556391954421997,0.721189022064209,0.278884887695312
-0.521676421165466,-0.354110032320023,0.86095654964447,0.306909710168839,-0.558416604995728,0.718033611774445,0.280009150505066
-0.523646891117096,-0.355140447616577,0.859269201755524,0.311428844928741,-0.564123630523682,0.712286949157715,0.278251588344574
-0.525177955627441,-0.355472236871719,0.856976866722107,0.307515770196915,-0.55315226316452,0.71900874376297,0.287198781967163
-0.527163326740265,-0.355991095304489,0.85537177324295,0.309199243783951,-0.551785945892334,0.718056321144104,0.290384888648987
-0.528923034667969,-0.357200145721435,0.853996157646179,0.31614163517952,-0.560772836208344,0.709402859210968,0.286942452192307
-0.530198931694031,-0.357537567615509,0.851706504821777,0.312121421098709,-0.550869703292847,0.715764164924622,0.294626116752625
-0.531741499900818,-0.358202248811722,0.850164532661438,0.313750684261322,-0.54974889755249,0.715107083320618,0.296577662229538
-0.533374667167664,-0.359352022409439,0.848859310150146,0.31884765625,-0.557381093502045,0.70828765630722,0.293242335319519
-0.534592270851135,-0.35963574051857,0.847079873085022,0.317157447338104,-0.551531910896301,0.711400330066681,0.298552006483078
-0.535618901252747,-0.360333681106567,0.845475316047668,0.317230373620987,-0.546754240989685,0.71358197927475,0.302035510540008
-0.536782503128052,-0.360936790704727,0.843970477581024,0.318441033363342,-0.547740280628204,0.711746096611023,0.30330428481102
-0.537992000579834,-0.362070977687836,0.842937886714935,0.323790669441223,-0.555874764919281,0.704622626304626,0.29944896697998
-0.538977026939392,-0.362717837095261,0.841591596603394,0.325095593929291,-0.554844379425049,0.704356968402863,0.300569146871567
-0.539876341819763,-0.363313049077988,0.840292990207672,0.326203495264053,-0.555421531200409,0.703011274337769,0.30145201086998
-0.540691077709198,-0.363504379987717,0.838653028011322,0.322371512651443,-0.545556426048279,0.709092319011688,0.309245645999908
-0.54155558347702,-0.364139825105667,0.837314069271088,0.323010325431824,-0.544832110404968,0.708924353122711,0.31023958325386
-0.542289435863495,-0.364643692970276,0.836172461509705,0.324350267648697,-0.545382082462311,0.707503378391266,0.311117768287659
-0.543581604957581,-0.366096079349518,0.835514307022095,0.329787492752075,-0.536254227161407,0.711110532283783,0.313038915395737
-0.543761432170868,-0.365827530622482,0.833740830421448,0.325924128293991,-0.544587552547455,0.706752955913544,0.31256702542305
-0.54454106092453,-0.366189330816269,0.832586288452148,0.326216489076614,-0.543632686138153,0.706568598747253,0.314336091279984
-0.545542538166046,-0.367567598819733,0.831933856010437,0.331555753946304,-0.537787318229675,0.708383977413177,0.314718514680862
-0.546177268028259,-0.368027329444885,0.830911636352539,0.332544445991516,-0.537372529506683,0.707724034786224,0.315866708755493
-0.546384751796722,-0.367757052183151,0.829298973083496,0.329054564237595,-0.54498702287674,0.703764081001282,0.315322697162628
-0.547131896018982,-0.368243932723999,0.828361392021179,0.330647885799408,-0.547638535499573,0.701444804668427,0.314228266477585
-0.547740519046783,-0.368637353181839,0.827279269695282,0.331059545278549,-0.548015475273132,0.700878322124481,0.314401715993881
-0.548324823379517,-0.368937909603119,0.826300084590912,0.331372261047363,-0.547607660293579,0.700399100780487,0.31584694981575
-0.548745274543762,-0.369140893220901,0.825143754482269,0.330411523580551,-0.546041190624237,0.70151025056839,0.317097395658493
-0.549396395683289,-0.369451701641083,0.824188470840454,0.330925524234772,-0.545396029949188,0.701176941394806,0.318406134843826
-0.55001312494278,-0.369708150625229,0.823271632194519,0.331605285406113,-0.545421183109283,0.700607120990753,0.318909496068954
-0.550564587116241,-0.369956016540527,0.822242379188538,0.331319957971573,-0.54517263174057,0.700794875621796,0.319218575954437
-0.551167845726013,-0.370155811309814,0.821300745010376,0.331996768712997,-0.545309364795685,0.699999928474426,0.320024877786636
-0.551856994628906,-0.37040039896965,0.820330619812012,0.332165896892548,-0.544639945030212,0.700186192989349,0.320581406354904
-0.551856994628906,-0.37040039896965,0.820330619812012,0.332165896892548,-0.544639945030212,0.700186192989349,0.320581406354904
-0.553078591823578,-0.370612561702728,0.818604469299316,0.332231044769287,-0.544798314571381,0.699547171592712,0.321638137102127
-0.553661704063416,-0.370733261108398,0.817720651626587,0.332369774580002,-0.544981956481934,0.6990926861763,0.322171211242676
-0.554214715957642,-0.37075936794281,0.816933512687683,0.332529544830322,-0.545474529266357,0.698458909988403,0.32254746556282
-0.554789185523987,-0.370788902044296,0.81614875793457,0.332846790552139,-0.545877933502197,0.697599411010742,0.323396742343903
-0.555426001548767,-0.370793581008911,0.81536591053009,0.333159893751144,-0.546466112136841,0.696718633174896,0.323979079723358
-0.556035339832306,-0.370725393295288,0.814541876316071,0.332496732473373,-0.546242117881775,0.696886122226715,0.324677109718323
-0.556483685970306,-0.370792806148529,0.813721537590027,0.332719564437866,-0.547914326190948,0.695520401000977,0.324559718370438
-0.557149112224579,-0.370618224143982,0.812936723232269,0.332235813140869,-0.546550452709198,0.695817828178406,0.326710104942322
-0.557624816894531,-0.370593726634979,0.812111496925354,0.332604706287384,-0.549019575119019,0.693920731544495,0.326229244470596
-0.558287501335144,-0.370394229888916,0.811430215835571,0.332824826240539,-0.548187911510468,0.693710148334503,0.327847480773926
-0.558777570724487,-0.370324730873108,0.810555815696716,0.332420319318771,-0.549218475818634,0.693096935749054,0.327829629182815
-0.559382140636444,-0.370839536190033,0.810252785682678,0.337526768445969,-0.561755955219269,0.683654010295868,0.321127742528915
-0.559747397899628,-0.370221734046936,0.809106945991516,0.332904279232025,-0.551845848560333,0.690758764743805,0.327861696481705
-0.560166537761688,-0.370124250650406,0.808357119560242,0.332716464996338,-0.551696360111237,0.690697371959686,0.328432649374008
-0.560166537761688,-0.370124250650406,0.808357119560242,0.332716464996338,-0.551696360111237,0.690697371959686,0.328432649374008
-0.560924232006073,-0.370034128427505,0.806979715824127,0.333529114723206,-0.553562104701996,0.688971757888794,0.328093528747559
-0.561228573322296,-0.370010316371918,0.806385278701782,0.33383846282959,-0.553844451904297,0.688421368598938,0.328457176685333
-0.561574578285217,-0.3699089884758,0.805777668952942,0.333532005548477,-0.553625822067261,0.688332855701447,0.329321563243866
-0.56183123588562,-0.369968056678772,0.80522358417511,0.333924561738968,-0.554557502269745,0.687515735626221,0.329063057899475
-0.562044620513916,-0.370042562484741,0.80460113286972,0.334490090608597,-0.555826365947723,0.686295628547668,0.32889461517334
-0.56225460767746,-0.37008598446846,0.804080903530121,0.334836632013321,-0.55629974603653,0.68580037355423,0.328774899244308
-0.562393307685852,-0.370169013738632,0.803550243377686,0.335088640451431,-0.556638658046722,0.685414373874664,0.328749537467956
-0.562393307685852,-0.370169013738632,0.803550243377686,0.335088640451431,-0.556638658046722,0.685414373874664,0.328749537467956
-0.56275075674057,-0.370267540216446,0.802692294120789,0.336222499608993,-0.557402789592743,0.684198319911957,0.328830063343048
-0.562928199768066,-0.370239198207855,0.802255630493164,0.336231917142868,-0.556441783905029,0.684664905071259,0.329476445913315
-0.563012003898621,-0.370370984077454,0.801769435405731,0.336861729621887,-0.557271301746368,0.684043765068054,0.328720241785049
-0.563049972057343,-0.370478361845016,0.801258087158203,0.336921781301498,-0.557127594947815,0.684485375881195,0.327982127666473
-0.563091695308685,-0.370552062988281,0.800799190998077,0.337153166532516,-0.556725561618805,0.684756517410278,0.327861189842224
-0.563126146793365,-0.370621204376221,0.800411462783813,0.337675809860229,-0.556516230106354,0.684747755527496,0.327696770429611
-0.563185572624207,-0.370681285858154,0.800022542476654,0.338107228279114,-0.556202054023743,0.684846162796021,0.32757967710495
-0.563217520713806,-0.370733827352524,0.799609541893005,0.338404148817062,-0.555765986442566,0.685066938400269,0.327551603317261
-0.563257694244385,-0.370835244655609,0.799233675003052,0.338589608669281,-0.55522233247757,0.685769259929657,0.326811462640762
-0.563259243965149,-0.370943963527679,0.798873066902161,0.338845819234848,-0.554811894893646,0.686144948005676,0.326454043388367
-0.563352048397064,-0.370964169502258,0.798559665679932,0.338706344366074,-0.553469955921173,0.687131106853485,0.326802313327789
-0.563387751579285,-0.371055841445923,0.798224925994873,0.338996142148972,-0.553044021129608,0.687388062477112,0.326682478189468
-0.563406705856323,-0.371236145496368,0.797810912132263,0.339673459529877,-0.553455114364624,0.68709933757782,0.325889527797699
-0.563459753990173,-0.371384054422378,0.797440052032471,0.33978658914566,-0.55279552936554,0.687704861164093,0.325613647699356
-0.563484728336334,-0.371519684791565,0.797070145606995,0.339891731739044,-0.552446126937866,0.687972962856293,0.32553032040596
-0.563518643379211,-0.371645629405975,0.796712219715118,0.340027987957001,-0.552542150020599,0.687997877597809,0.325172424316406
-0.563616573810577,-0.371718138456345,0.796418786048889,0.340100705623627,-0.550828039646149,0.688888847827911,0.326116681098938
-0.563701272010803,-0.37184152007103,0.796148419380188,0.340679049491882,-0.550857841968536,0.688600122928619,0.326072752475739
-0.563966631889343,-0.371647834777832,0.79617840051651,0.341659545898438,-0.551279783248901,0.686602354049683,0.328537076711655
-0.563868045806885,-0.372114658355713,0.795553803443909,0.340978771448135,-0.549833953380585,0.689192175865173,0.326236575841904
-0.564002513885498,-0.372239589691162,0.795193254947662,0.340643793344498,-0.549049258232117,0.689913392066956,0.326383531093597
-0.564154624938965,-0.372374057769775,0.794840931892395,0.340628981590271,-0.549173474311829,0.689694583415985,0.326652348041534
-0.564294159412384,-0.372468203306198,0.794491291046143,0.340032905340195,-0.549162864685059,0.689946591854095,0.326758980751038
-0.564426958560944,-0.372642517089844,0.794276297092438,0.340473502874374,-0.548872828483582,0.689988613128662,0.326699167490005
-0.564548373222351,-0.37276890873909,0.794043302536011,0.340345144271851,-0.548786818981171,0.690107583999634,0.326725900173187
-0.564786612987518,-0.37259578704834,0.794098258018494,0.340938866138458,-0.549977123737335,0.687922656536102,0.328706920146942
-0.564750909805298,-0.373040467500687,0.793536782264709,0.340097010135651,-0.549168646335602,0.690170109272003,0.326210081577301
-0.564872086048126,-0.373162567615509,0.79329526424408,0.34014767408371,-0.54963892698288,0.689792215824127,0.326164871454239
-0.565003216266632,-0.373272836208344,0.79306697845459,0.340253174304962,-0.549923121929169,0.689412176609039,0.326378971338272
-0.565331697463989,-0.373513698577881,0.792868912220001,0.335105240345001,-0.548591315746307,0.69123637676239,0.33006688952446
-0.565426766872406,-0.373597264289856,0.792679727077484,0.335043013095856,-0.548468172550201,0.691217362880707,0.33037468791008
-0.565567195415497,-0.373687386512756,0.792555809020996,0.335195362567902,-0.54839152097702,0.691021621227264,0.330756366252899
-0.565656363964081,-0.373765677213669,0.792389392852783,0.335130363702774,-0.548407018184662,0.690938055515289,0.330971211194992
-0.565891861915588,-0.37351930141449,0.792463779449463,0.335490226745605,-0.549693465232849,0.688736021518707,0.333055585622787
-0.565832614898682,-0.373449414968491,0.79221510887146,0.339991748332977,-0.551335215568542,0.6866854429245,0.32999724149704
-0.565798044204712,-0.373900055885315,0.79165643453598,0.339282035827637,-0.550735592842102,0.688643276691437,0.3276407122612
-0.565931141376495,-0.374004781246185,0.791321992874146,0.338811814785004,-0.550799190998077,0.688710331916809,0.327879458665848
-0.566081941127777,-0.374064654111862,0.790963530540466,0.338380932807922,-0.550882399082184,0.688827335834503,0.327938735485077
-0.566273987293243,-0.374161630868912,0.790614366531372,0.338143765926361,-0.550368845462799,0.689154326915741,0.328358232975006
-0.566534221172333,-0.374249875545502,0.790205895900726,0.337769478559494,-0.549424469470978,0.689650297164917,0.329282611608505
-0.566825807094574,-0.37438902258873,0.789807319641113,0.337692260742188,-0.548525452613831,0.690005362033844,0.330115616321564
-0.567187368869781,-0.374559313058853,0.789249658584595,0.337125271558762,-0.5479776263237,0.690455853939056,0.330662459135055
-0.567513883113861,-0.374752640724182,0.788724184036255,0.336941838264465,-0.547342658042908,0.690769910812378,0.331244796514511
-0.567911148071289,-0.374954611063003,0.788192451000214,0.336663246154785,-0.546802163124084,0.690963804721832,0.332015544176102
-0.568376123905182,-0.375168681144714,0.78760027885437,0.336316406726837,-0.546159625053406,0.69104129076004,0.333261013031006
-0.569110929965973,-0.375125855207443,0.787201702594757,0.336742848157883,-0.546095252037048,0.689424097537994,0.336271405220032
-0.569429278373718,-0.375614374876022,0.786239862442017,0.335343062877655,-0.544200360774994,0.69214141368866,0.335158497095108
-0.569981873035431,-0.3758804500103,0.785615622997284,0.335465401411057,-0.542796552181244,0.692457377910614,0.336656481027603
-0.570813536643982,-0.375791519880295,0.785267531871796,0.33597132563591,-0.542405605316162,0.690677404403687,0.340417444705963
-0.571277499198914,-0.376351773738861,0.784188032150269,0.334528505802154,-0.540945887565613,0.69343239068985,0.33855527639389
-0.571942806243896,-0.376663237810135,0.783565938472748,0.334638208150864,-0.539571344852448,0.693752527236938,0.339981347322464
-0.572847545146942,-0.376663029193878,0.783193707466125,0.335032373666763,-0.539005398750305,0.692281424999237,0.343472003936768
-0.573339462280273,-0.377357006072998,0.782252550125122,0.334490835666656,-0.536835908889771,0.694819450378418,0.342269986867905
-0.574016809463501,-0.377671182155609,0.781621098518372,0.334619551897049,-0.536373436450958,0.694698333740234,0.343114525079727
-0.574710965156555,-0.378074705600739,0.781089127063751,0.334773451089859,-0.534906268119812,0.695034921169281,0.34456992149353
-0.575333058834076,-0.378479897975922,0.780462503433228,0.334420442581177,-0.534701466560364,0.694797217845917,0.345708012580872
-0.575955092906952,-0.378902465105057,0.779966592788696,0.334703475236893,-0.533926546573639,0.694634437561035,0.346957087516785
-0.576605319976807,-0.378978848457336,0.779760241508484,0.335623532533646,-0.534393191337585,0.692395567893982,0.349812924861908
-0.577051937580109,-0.379716485738754,0.778965294361115,0.335799723863602,-0.533397674560547,0.694136679172516,0.347706347703934
-0.577517867088318,-0.380151748657227,0.778570771217346,0.335914641618729,-0.532956004142761,0.693980276584625,0.348583489656448
-0.577952563762665,-0.38053485751152,0.778220415115356,0.33675554394722,-0.532621264457703,0.693486392498016,0.349265992641449
-0.578278422355652,-0.380840986967087,0.777759492397308,0.337072342634201,-0.53278124332428,0.692987620830536,0.349706411361694
-0.578634142875671,-0.381222426891327,0.777329623699188,0.337466448545456,-0.531971096992493,0.693423271179199,0.349696099758148
-0.578913033008575,-0.381527721881866,0.77687931060791,0.33757421374321,-0.531187057495117,0.693806052207947,0.350024461746216
-0.579121649265289,-0.381790518760681,0.776529014110565,0.338043123483658,-0.530621588230133,0.693906366825104,0.350230634212494
-0.579364359378815,-0.382074475288391,0.776193261146545,0.33924126625061,-0.529971897602081,0.693676769733429,0.350510656833649
-0.579475939273834,-0.382312446832657,0.775701224803925,0.339544057846069,-0.529713034629822,0.693800389766693,0.350364148616791
-0.579550683498383,-0.382532000541687,0.775305211544037,0.340105265378952,-0.529042482376099,0.694167375564575,0.350105822086334
-0.579625129699707,-0.382753252983093,0.77497410774231,0.340860813856125,-0.527721524238586,0.694892108440399,0.349926918745041
-0.579693377017975,-0.382941782474518,0.774595022201538,0.341444253921509,-0.526635527610779,0.695315301418304,0.350153654813766
-0.57987380027771,-0.382834106683731,0.774455904960632,0.342742711305618,-0.526489436626434,0.693551361560822,0.352594643831253
-0.579792618751526,-0.383370846509933,0.773626148700714,0.342086374759674,-0.525319933891296,0.696033954620361,0.350075274705887
-0.579856514930725,-0.383550047874451,0.773165702819824,0.342715829610825,-0.524990677833557,0.695829629898071,0.350359529256821
-0.579955756664276,-0.383760124444961,0.77273952960968,0.3439801633358,-0.524513781070709,0.695297479629517,0.350890815258026
-0.580049753189087,-0.383964478969574,0.772367537021637,0.345327645540237,-0.52423095703125,0.694796323776245,0.350982815027237
-0.580247461795807,-0.383864790201187,0.772261500358582,0.347229301929474,-0.52452951669693,0.692271292209625,0.353639513254166
-0.580175995826721,-0.384354650974274,0.771472096443176,0.34745979309082,-0.523503124713898,0.694145202636719,0.351253062486649
-0.58026796579361,-0.384481489658356,0.771044254302979,0.348186165094376,-0.523316979408264,0.693724691867828,0.351641535758972
-0.580351650714874,-0.384591698646545,0.770586013793945,0.349101483821869,-0.523714005947113,0.692897617816925,0.351773679256439
-0.580630302429199,-0.384422987699509,0.770502328872681,0.351245701313019,-0.52432769536972,0.689911186695099,0.354583472013474
-0.580741167068481,-0.384540557861328,0.770161986351013,0.3527512550354,-0.523796260356903,0.689233183860779,0.355192631483078
-0.58083188533783,-0.384623825550079,0.76983779668808,0.354035884141922,-0.524251759052277,0.688180327415466,0.35528376698494
-0.580805957317352,-0.384999394416809,0.769133150577545,0.354556530714035,-0.524447560310364,0.689125895500183,0.352632880210876
-0.580851554870605,-0.384979337453842,0.768799662590027,0.35550644993782,-0.525170683860779,0.687999367713928,0.352800279855728
-0.58090728521347,-0.384992241859436,0.768449068069458,0.356442004442215,-0.525963127613068,0.687159836292267,0.352311283349991
-0.580943524837494,-0.384986579418182,0.768204867839813,0.357602924108505,-0.526145339012146,0.686407804489136,0.352328717708588
-0.580979108810425,-0.38495546579361,0.767965853214264,0.358498752117157,-0.525798857212067,0.686012864112854,0.352704524993896
-0.58109712600708,-0.384863585233688,0.767779588699341,0.360704511404037,-0.526714682579041,0.68483179807663,0.35138213634491
-0.581098616123199,-0.384847313165665,0.76762068271637,0.361575067043304,-0.527029812335968,0.684138000011444,0.351366370916367
-0.581079542636871,-0.384843587875366,0.767496407032013,0.362816691398621,-0.527402758598328,0.683236062526703,0.35128128528595
-0.581079959869385,-0.384822398424149,0.76739490032196,0.36396461725235,-0.527615666389465,0.682497203350067,0.35121101140976
-0.581041514873505,-0.384805500507355,0.767339468002319,0.365523219108581,-0.528039693832397,0.681510031223297,0.350871741771698
-0.580906987190247,-0.384820222854614,0.767313480377197,0.366677194833755,-0.528112590312958,0.68036150932312,0.351785510778427
-0.580839395523071,-0.38477885723114,0.767328441143036,0.368079453706741,-0.52869701385498,0.679393172264099,0.351314932107925
-0.580839395523071,-0.38477885723114,0.767328441143036,0.368079453706741,-0.52869701385498,0.679393172264099,0.351314932107925
-0.580688953399658,-0.384656488895416,0.767462730407715,0.371171206235886,-0.529632806777954,0.677999794483185,0.349338322877884
-0.580617308616638,-0.384590566158295,0.767529726028442,0.372845113277435,-0.530062317848206,0.67728990316391,0.348279803991318
-0.580545902252197,-0.384488940238953,0.76761257648468,0.37468609213829,-0.530624747276306,0.676465153694153,0.347048610448837
-0.580480813980103,-0.384392440319061,0.767708420753479,0.376529783010483,-0.531304359436035,0.67570436000824,0.345491826534271
-0.580451369285583,-0.384300708770752,0.767853438854218,0.37840873003006,-0.531094133853912,0.675211787223816,0.344724357128143
-0.580412149429321,-0.384233474731445,0.76793646812439,0.379871129989624,-0.531092643737793,0.674946904182434,0.343635231256485
-0.580485463142395,-0.383915334939957,0.768306851387024,0.382016509771347,-0.531904280185699,0.672554433345795,0.344690769910812
-0.580438733100891,-0.383904635906219,0.768373012542725,0.383604377508163,-0.532104074954987,0.672028183937073,0.343644052743912
-0.580381333827972,-0.383924901485443,0.768450975418091,0.385117888450623,-0.532235562801361,0.671627223491669,0.342529535293579
-0.580341577529907,-0.384010672569275,0.768546342849731,0.386986702680588,-0.532181918621063,0.671083569526672,0.341570675373077
-0.580162346363068,-0.384383112192154,0.768340528011322,0.38815850019455,-0.530883133411407,0.672960877418518,0.338555455207825
-0.580138742923737,-0.384431838989258,0.768436074256897,0.390370726585388,-0.530600190162659,0.672780215740204,0.336809933185577
-0.580138742923737,-0.384431838989258,0.768436074256897,0.390370726585388,-0.530600190162659,0.672780215740204,0.336809933185577
-0.581169724464417,-0.387645661830902,0.771486043930054,0.414589166641235,-0.493273377418518,0.686311781406403,0.337302953004837
-0.581028699874878,-0.387725293636322,0.771418333053589,0.414301842451096,-0.49088916182518,0.687647581100464,0.338411957025528
-0.581097900867462,-0.387761563062668,0.771624803543091,0.415104955434799,-0.49116525053978,0.687283754348755,0.337765842676163
-0.581084132194519,-0.387848347425461,0.771742761135101,0.415590107440948,-0.490517914295196,0.687454462051392,0.337762773036957
-0.581051886081696,-0.387951344251633,0.77190887928009,0.416076749563217,-0.490063309669495,0.687435805797577,0.337861120700836
-0.580962300300598,-0.388048052787781,0.772116184234619,0.416244149208069,-0.489781826734543,0.687498569488525,0.337935507297516
-0.580884516239166,-0.388060718774795,0.772364616394043,0.416183054447174,-0.490064233541489,0.687043786048889,0.338525682687759
-0.580751836299896,-0.388192117214203,0.772639095783234,0.416600674390793,-0.490318357944489,0.686631977558136,0.33847975730896
-0.580656766891479,-0.388286471366882,0.772921741008759,0.416950434446335,-0.49018058180809,0.68645840883255,0.338600486516953
-0.579604744911194,-0.385330736637115,0.770566821098328,0.398962289094925,-0.523465812206268,0.674153745174408,0.33515590429306
-0.579518139362335,-0.385460138320923,0.770875334739685,0.399524658918381,-0.522957324981689,0.67425012588501,0.335085928440094
-0.579422771930695,-0.38562273979187,0.771236419677734,0.400138199329376,-0.522152125835419,0.67457515001297,0.334955096244812
-0.579269349575043,-0.385769128799438,0.771532833576202,0.400596469640732,-0.521881401538849,0.674890100955963,0.334194004535675
-0.579204320907593,-0.385961174964905,0.771849155426025,0.401285797357559,-0.521520256996155,0.675151228904724,0.333402425050735
-0.579165279865265,-0.386203587055206,0.772210359573364,0.402286320924759,-0.520341455936432,0.675822079181671,0.332678526639938
-0.579139113426208,-0.38641893863678,0.772542536258698,0.403206080198288,-0.519752740859985,0.67604386806488,0.332034260034561
-0.580071091651917,-0.389879882335663,0.775518715381622,0.42280912399292,-0.483200788497925,0.689561188220978,0.335044413805008
-0.580762028694153,-0.389720290899277,0.775039792060852,0.418856471776962,-0.490206718444824,0.68871933221817,0.331545263528824
-0.580678761005402,-0.38992041349411,0.775375247001648,0.419515669345856,-0.489811986684799,0.688772082328796,0.33118537068367
-0.580670177936554,-0.390155822038651,0.775738716125488,0.420452982187271,-0.48971489071846,0.688477575778961,0.330752700567245
-0.57967609167099,-0.388719409704208,0.775194704532623,0.413537859916687,-0.503433525562286,0.68220454454422,0.331870764493942
-0.579686880111694,-0.388898074626923,0.77550745010376,0.413687974214554,-0.50094336271286,0.683705449104309,0.332362532615662
-0.579699397087097,-0.389093607664108,0.775862693786621,0.414081752300262,-0.497835755348206,0.685351550579071,0.333150684833527
-0.579425036907196,-0.389554709196091,0.776367664337158,0.420337915420532,-0.50294816493988,0.679141819477081,0.330341398715973
-0.579409837722778,-0.389855414628982,0.776812553405762,0.421182721853256,-0.502446532249451,0.679119348526001,0.330074787139893
-0.580450415611267,-0.391792476177216,0.77836662530899,0.425867527723312,-0.487177401781082,0.687606751918793,0.329381287097931
-0.58042049407959,-0.392153173685074,0.778860628604889,0.4264195561409,-0.485890060663223,0.688391029834747,0.328930139541626
-0.580285966396332,-0.392368018627167,0.77910304069519,0.426088482141495,-0.481385469436646,0.691210985183716,0.330066561698914
-0.580248892307281,-0.392677962779999,0.779667735099792,0.42740985751152,-0.479845315217972,0.691485345363617,0.330026388168335
-0.580175340175629,-0.393025726079941,0.780541598796844,0.433397471904755,-0.481852501630783,0.687377333641052,0.327867567539215
-0.580161094665527,-0.393346577882767,0.781278848648071,0.434844344854355,-0.480475604534149,0.687464237213135,0.327790558338165
-0.580161094665527,-0.393346577882767,0.781278848648071,0.434844344854355,-0.480475604534149,0.687464237213135,0.327790558338165
-0.580055475234985,-0.393934577703476,0.782661437988281,0.4372538626194,-0.47848641872406,0.687781393527985,0.326828122138977
-0.580015897750854,-0.394209027290344,0.783206701278687,0.433968484401703,-0.474424988031387,0.692392349243164,0.327391505241394
-0.579958021640778,-0.394551962614059,0.784295737743378,0.436623930931091,-0.477601021528244,0.689882397651672,0.324528962373734
-0.579792678356171,-0.394743859767914,0.784976184368134,0.441162347793579,-0.47748214006424,0.688103199005127,0.322336375713348
-0.579720973968506,-0.39495313167572,0.785523891448975,0.441267251968384,-0.471876382827759,0.691727161407471,0.322690963745117
-0.579835653305054,-0.395368248224258,0.786745846271515,0.443931668996811,-0.473664253950119,0.690044581890106,0.320008218288422
-0.579903185367584,-0.395688951015472,0.787727296352386,0.445135593414307,-0.471895277500153,0.690985441207886,0.318917274475098
-0.579899668693542,-0.395987778902054,0.788601875305176,0.446056663990021,-0.47072160243988,0.691911578178406,0.317353218793869
-0.579941630363464,-0.396313190460205,0.789533615112305,0.446810156106949,-0.469244748353958,0.692903995513916,0.316313028335571
-0.580200374126434,-0.396798372268677,0.790685296058655,0.444411784410477,-0.467273116111755,0.695763230323792,0.316334664821625
-0.580152273178101,-0.397215336561203,0.791664838790894,0.448736846446991,-0.465451717376709,0.694584488868713,0.315503507852554
-0.580282807350159,-0.397806316614151,0.792754590511322,0.449726819992065,-0.463387906551361,0.695437073707581,0.31525331735611
-0.580719649791718,-0.399109989404678,0.7945756316185,0.453164935112,-0.473649799823761,0.688790500164032,0.30962073802948
-0.581072568893433,-0.399754226207733,0.795401096343994,0.45537006855011,-0.469378530979156,0.690072119235992,0.310035943984985
-0.581305086612701,-0.400397539138794,0.796519637107849,0.455438613891602,-0.467964023351669,0.690909624099731,0.310208290815353
-0.580466389656067,-0.398974984884262,0.796431422233582,0.446888655424118,-0.483749717473984,0.684191048145294,0.313303738832474
-0.580569207668304,-0.399621307849884,0.797386169433594,0.444201588630676,-0.474943906068802,0.690442204475403,0.316863924264908
-0.581013321876526,-0.400602757930756,0.798712015151978,0.44034731388092,-0.471313327550888,0.694930672645569,0.317851155996323
-0.582188427448273,-0.403691470623016,0.800943613052368,0.450120180845261,-0.449504226446152,0.703985035419464,0.315821051597595
-0.582618772983551,-0.404857188463211,0.802293658256531,0.445250272750854,-0.447208642959595,0.707665860652924,0.317750990390778
-0.581786453723907,-0.404005229473114,0.802320241928101,0.438314825296402,-0.462120592594147,0.700499296188354,0.321909129619598
-0.582390010356903,-0.405637055635452,0.803788125514984,0.43437248468399,-0.459802031517029,0.703446686267853,0.324137955904007
-0.582693815231323,-0.407183855772018,0.8049556016922,0.434906333684921,-0.457272320985794,0.703715920448303,0.326408445835114
-0.583143293857574,-0.40891295671463,0.806222558021545,0.432227879762649,-0.454846113920212,0.705758213996887,0.32893693447113
-0.583815515041351,-0.411429405212402,0.808183431625366,0.435937464237213,-0.466535836458206,0.696958065032959,0.326423585414886
-0.584265947341919,-0.413321554660797,0.809297978878021,0.431437462568283,-0.462943285703659,0.700176954269409,0.330601662397385
-0.584731698036194,-0.415069162845612,0.810258805751801,0.419841676950455,-0.449341624975204,0.712043881416321,0.338848918676376
-0.585314214229584,-0.41761714220047,0.811993598937988,0.423365950584412,-0.458370238542557,0.704757750034332,0.337601125240326
-0.585939526557922,-0.419827729463577,0.81339567899704,0.41799595952034,-0.457329660654068,0.706883728504181,0.341239601373672
-0.586269319057465,-0.421657472848892,0.814222574234009,0.406812638044357,-0.442059576511383,0.718807220458984,0.349861234426498
-0.587197780609131,-0.424498081207275,0.816285490989685,0.402317076921463,-0.448161631822586,0.71749883890152,0.349982470273972
-0.587480366230011,-0.426392257213592,0.817287445068359,0.390716075897217,-0.433476746082306,0.72906368970871,0.357638090848923
-0.587933361530304,-0.428585648536682,0.818706274032593,0.387082815170288,-0.428600311279297,0.732667088508606,0.360094130039215
-0.588114082813263,-0.430634111166,0.819764137268066,0.375716388225555,-0.411013722419739,0.74506676197052,0.367124766111374
-0.588523149490356,-0.432938247919083,0.821515440940857,0.369327247142792,-0.405342191457748,0.750458896160126,0.368926137685776
-0.589120745658875,-0.435365408658981,0.823635220527649,0.366268664598465,-0.405083775520325,0.752931773662567,0.367216765880585
-0.590351343154907,-0.439322799444199,0.826667547225952,0.364857882261276,-0.380701214075089,0.766884863376617,0.365831702947617
-0.590540945529938,-0.441430985927582,0.82857745885849,0.361498653888702,-0.37361478805542,0.772715866565704,0.364199072122574
-0.589988887310028,-0.44194969534874,0.829368472099304,0.354218691587448,-0.381922453641891,0.772593796253204,0.362991988658905
-0.589988887310028,-0.44194969534874,0.829368472099304,0.354218691587448,-0.381922453641891,0.772593796253204,0.362991988658905
-0.590809345245361,-0.447150051593781,0.83425772190094,0.362447082996368,-0.349691689014435,0.789656639099121,0.350414603948593
-0.590803503990173,-0.449428290128708,0.836870193481445,0.380569994449615,-0.363741308450699,0.781278192996979,0.335355490446091
-0.59072470664978,-0.450858503580093,0.838727831840515,0.382307559251785,-0.355396747589111,0.786859750747681,0.329220056533813
-0.590603351593018,-0.452358812093735,0.840813040733337,0.387962222099304,-0.342939108610153,0.79245537519455,0.322324007749557
-0.590567827224731,-0.453504741191864,0.842715322971344,0.389125734567642,-0.33662536740303,0.797560214996338,0.314900487661362
-0.589860737323761,-0.453177869319916,0.843230307102203,0.389081180095673,-0.309851765632629,0.8110391497612,0.307933777570724
-0.5895094871521,-0.45354375243187,0.84470808506012,0.39574071764946,-0.300699383020401,0.814985632896423,0.297938913106918
-0.589233338832855,-0.453873842954636,0.846167922019958,0.404457122087479,-0.290405362844467,0.818334519863129,0.287067115306854
-0.589069128036499,-0.454531461000443,0.848198056221008,0.423487931489944,-0.295928806066513,0.811738193035126,0.272333264350891
-0.588332235813141,-0.453734010457992,0.84886360168457,0.42342084646225,-0.270929962396622,0.823018133640289,0.264485955238342
-0.587860107421875,-0.453521728515625,0.850048124790192,0.434010893106461,-0.259369134902954,0.82505601644516,0.252278953790665
-0.587195515632629,-0.452817231416702,0.851025223731995,0.445228219032288,-0.252699434757233,0.82446700334549,0.241182923316956
-0.586669743061066,-0.452867478132248,0.852704107761383,0.458818346261978,-0.236086457967758,0.825501203536987,0.228684544563293
-0.585626900196075,-0.451144337654114,0.852972984313965,0.470183551311493,-0.23325277864933,0.82237696647644,0.219583198428154
-0.585073471069336,-0.450436651706696,0.853924155235291,0.482969462871552,-0.223999783396721,0.820212781429291,0.209322154521942
-0.58423376083374,-0.449253261089325,0.854618608951569,0.496089428663254,-0.216926053166389,0.816575109958649,0.200109034776688
-0.583582639694214,-0.448785305023193,0.855738997459412,0.507447183132172,-0.203595161437988,0.814961016178131,0.192055121064186
-0.583227217197418,-0.447370290756226,0.856293439865112,0.523847639560699,-0.199213624000549,0.808367609977722,0.18010950088501
-0.582561790943146,-0.445877969264984,0.856656789779663,0.536625981330872,-0.194589257240295,0.802857458591461,0.172009795904159
-0.581871151924133,-0.444251716136932,0.856889307498932,0.547296226024628,-0.188988536596298,0.798517644405365,0.164680793881416
-0.581245541572571,-0.44249153137207,0.857146620750427,0.558766782283783,-0.182169795036316,0.793154060840607,0.159688457846642
-0.580635666847229,-0.440852254629135,0.857208371162415,0.567244231700897,-0.177918925881386,0.789515793323517,0.1524588316679
-0.579935431480408,-0.438990831375122,0.857134103775024,0.575843989849091,-0.173019170761108,0.785459518432617,0.146701961755753
-0.579217612743378,-0.436990231275558,0.856887876987457,0.583830952644348,-0.168960675597191,0.781178057193756,0.142669543623924
-0.578585028648376,-0.435187488794327,0.85672390460968,0.589744448661804,-0.16498176753521,0.778681576251984,0.136519461870193
-0.578585028648376,-0.435187488794327,0.85672390460968,0.589744448661804,-0.16498176753521,0.778681576251984,0.136519461870193
-0.577102959156036,-0.431371122598648,0.855835914611816,0.595239520072937,-0.155038207769394,0.777598083019257,0.130362749099731
-0.576623558998108,-0.429914265871048,0.855566024780273,0.594844579696655,-0.152649745345116,0.778566956520081,0.129195928573608
-0.575907528400421,-0.428159058094025,0.85514235496521,0.595353007316589,-0.151495844125748,0.778504312038422,0.128588497638702
-0.575272917747498,-0.426516711711883,0.85461699962616,0.594218671321869,-0.151024609804153,0.779370546340942,0.129140928387642
-0.574289321899414,-0.423921704292297,0.853784561157227,0.603788077831268,-0.154601991176605,0.77142721414566,0.128212213516235
-0.573656916618347,-0.422183722257614,0.853225409984589,0.599833726882935,-0.157040923833847,0.77370148897171,0.130090698599815
-0.57268887758255,-0.420147836208344,0.852085471153259,0.594781756401062,-0.157053411006927,0.777202129364014,0.132385477423668
-0.572225689888,-0.418585270643234,0.851715683937073,0.592187762260437,-0.164027482271194,0.777233302593231,0.135341003537178
-0.571049451828003,-0.416394650936127,0.850417017936707,0.587399542331696,-0.165485769510269,0.779629349708557,0.140550553798676
-0.57061380147934,-0.414890676736832,0.850189566612244,0.580911636352539,-0.172567963600159,0.782238841056824,0.144445240497589
-0.569642066955566,-0.413379341363907,0.849804997444153,0.580483853816986,-0.185847356915474,0.77868527173996,0.148824155330658
-0.568568527698517,-0.410465478897095,0.848078489303589,0.56987988948822,-0.190439194440842,0.784310638904572,0.154359117150307
-0.567663908004761,-0.408584803342819,0.847354173660278,0.562343001365662,-0.195043832063675,0.787473320960999,0.160044282674789
-0.566621780395508,-0.406670033931732,0.846632719039917,0.556183874607086,-0.202090069651604,0.789145708084106,0.164524063467979
-0.565498828887939,-0.404575973749161,0.845835089683533,0.552226781845093,-0.207378625869751,0.789168179035187,0.171036168932915
-0.564381718635559,-0.402552545070648,0.845122098922729,0.546413958072662,-0.213465586304665,0.790373802185059,0.176560387015343
-0.563394665718079,-0.401389896869659,0.844913363456726,0.522049009799957,-0.215351566672325,0.803333282470703,0.189061686396599
-0.562544643878937,-0.399314343929291,0.844402313232422,0.521398186683655,-0.222561210393906,0.801704883575439,0.189419433474541
-0.561468422412872,-0.397316038608551,0.843859195709229,0.518794476985931,-0.227645620703697,0.801398158073425,0.191809102892876
-0.560599148273468,-0.395481914281845,0.843449473381042,0.515909492969513,-0.233847185969353,0.800668120384216,0.195150375366211
-0.558509051799774,-0.392450243234634,0.842745900154114,0.517958581447601,-0.237407550215721,0.798243224620819,0.195357024669647
-0.557249009609222,-0.390394926071167,0.842340350151062,0.516191780567169,-0.240052923560142,0.798159956932068,0.197133034467697
-0.556341290473938,-0.388751953840256,0.8422731757164,0.50795966386795,-0.241946473717689,0.802120804786682,0.200102865695953
-0.555051445960999,-0.386682122945786,0.841968059539795,0.505388617515564,-0.242394030094147,0.803403675556183,0.200923070311546
-0.553276598453522,-0.384135603904724,0.841425538063049,0.511938452720642,-0.246089413762093,0.79893434047699,0.197643682360649
-0.551959097385406,-0.382093697786331,0.841216802597046,0.510865569114685,-0.245633661746979,0.800026416778564,0.196566626429558
-0.550949692726135,-0.380441635847092,0.841166436672211,0.506051599979401,-0.245923191308975,0.80296915769577,0.196657761931419
-0.549740493297577,-0.378394097089767,0.840877294540405,0.505971968173981,-0.245296210050583,0.803899824619293,0.193822488188744
-0.548191547393799,-0.37627637386322,0.840889811515808,0.513136804103851,-0.242001906037331,0.801605761051178,0.188557624816895
-0.546657621860504,-0.373937785625458,0.840545177459717,0.514209270477295,-0.243893682956696,0.801033139228821,0.185608640313148
-0.545879304409027,-0.372508198022842,0.840747237205505,0.50995135307312,-0.241620630025864,0.80483216047287,0.183886766433716
-0.544792354106903,-0.370982259511948,0.840934574604034,0.510618627071381,-0.236564442515373,0.806942105293274,0.179305031895638
-0.542817771434784,-0.368090003728867,0.840262591838837,0.517029821872711,-0.237370818853378,0.803962886333466,0.173144608736038
-0.542064726352692,-0.366846293210983,0.840559124946594,0.512355327606201,-0.23409141600132,0.808267712593079,0.17145474255085
-0.540765941143036,-0.365230888128281,0.840599775314331,0.511732816696167,-0.231955796480179,0.809628188610077,0.169788807630539
-0.53981614112854,-0.363422632217407,0.840792655944824,0.515082120895386,-0.231025248765945,0.809231877326965,0.162670120596886
-0.538480460643768,-0.361826539039612,0.840617895126343,0.51274585723877,-0.228530183434486,0.811558127403259,0.161984756588936
-0.537456810474396,-0.359674245119095,0.840592563152313,0.529051303863525,-0.230257481336594,0.802844941616058,0.150088086724281
-0.536389589309692,-0.358017116785049,0.840505361557007,0.532580256462097,-0.228436633944511,0.801490426063538,0.147608146071434
-0.535478830337524,-0.356688052415848,0.840680003166199,0.531644105911255,-0.227485880255699,0.80321741104126,0.142991974949837
-0.534685671329498,-0.35507795214653,0.840724647045135,0.53201562166214,-0.226591363549232,0.803521156311035,0.141313776373863
-0.533758640289307,-0.354061335325241,0.840570569038391,0.532032430171967,-0.224968418478966,0.804688930511475,0.137136980891228
-0.532888293266296,-0.352908223867416,0.840644001960754,0.533510386943817,-0.224944606423378,0.804200232028961,0.134271174669266
