x,y,z,q0,q1,q2,q3
0.571713507175446,0.0245676543563604,1.04995489120483,0.0319612994790077,-0.0366825424134731,0.687602937221527,-0.724455118179321
0.571647882461548,0.0246162582188844,1.04992938041687,0.0313861034810543,-0.0371054671704769,0.687271595001221,-0.724773108959198
0.570926249027252,0.0255312155932188,1.04887545108795,0.0319654531776905,-0.0417180098593235,0.686013102531433,-0.725688576698303
0.571232795715332,0.0250949747860431,1.04966044425964,0.0316512696444988,-0.0377639420330524,0.685693681240082,-0.726220488548279
0.571138501167297,0.0252318195998668,1.04958093166351,0.0326610840857028,-0.0372469313442707,0.684815049171448,-0.727031171321869
0.57122129201889,0.0249942541122436,1.04980564117432,0.033287338912487,-0.0394551567733287,0.684561550617218,-0.72712504863739
0.571131765842438,0.0251029450446367,1.04973864555359,0.0325404442846775,-0.0367758683860302,0.684009432792664,-0.727818608283997
0.570573449134827,0.0257010944187641,1.04895758628845,0.0333796925842762,-0.040727000683546,0.683036744594574,-0.728483319282532
0.571586132049561,0.0214562490582466,1.05212819576263,0.0395224913954734,-0.0326162576675415,0.681424379348755,-0.730092525482178
0.571613132953644,0.0215242337435483,1.05218827724457,0.0406300984323024,-0.0318886786699295,0.680383205413818,-0.731034219264984
0.571232855319977,0.0222042389214038,1.05176734924316,0.0392942130565643,-0.0338707789778709,0.680113017559052,-0.731269538402557
0.57113653421402,0.0224486421793699,1.05163192749023,0.0392898246645927,-0.0339192897081375,0.679634809494019,-0.73171192407608
0.571066200733185,0.0226959735155105,1.05149734020233,0.0400540456175804,-0.0334922596812248,0.67886209487915,-0.73240715265274
0.570386350154877,0.0236344374716281,1.05051827430725,0.0395029187202453,-0.0356523469090461,0.678071558475494,-0.733067095279694
0.570245146751404,0.023903552442789,1.05042195320129,0.0396371558308601,-0.0359137095510959,0.677655339241028,-0.733431875705719
0.570541560649872,0.0234651025384664,1.0510311126709,0.0393544696271419,-0.0349280722439289,0.677647233009338,-0.733502268791199
0.570723414421082,0.0234138295054435,1.0511087179184,0.0393839962780475,-0.034143328666687,0.677524089813232,-0.733651399612427
0.569897830486298,0.0245870072394609,1.05000972747803,0.0394011028110981,-0.0363951735198497,0.676566898822784,-0.734425067901611
0.569348812103271,0.0271250102669,1.04838061332703,0.0346822775900363,-0.0383287593722343,0.677243769168854,-0.733940780162811
0.569222092628479,0.0272323451936244,1.04834055900574,0.0357639789581298,-0.0406263768672943,0.676783323287964,-0.734189927577972
0.569475531578064,0.0254974365234375,1.04958462715149,0.0391026735305786,-0.0371300354599952,0.675774037837982,-0.73513388633728
0.569376945495605,0.0257187746465206,1.04949390888214,0.0390943400561809,-0.0371593013405799,0.675528943538666,-0.735358119010925
0.569283604621887,0.0259057730436325,1.04941296577454,0.0391459017992019,-0.0372219420969486,0.675408959388733,-0.735462427139282
0.568906307220459,0.027571341022849,1.04827797412872,0.0367329306900501,-0.0401869937777519,0.675747752189636,-0.735119462013245
0.568260967731476,0.0272112060338258,1.04841709136963,0.0386797524988651,-0.0403050705790519,0.675938129425049,-0.734838128089905
0.568269968032837,0.0273373462259769,1.04836666584015,0.0385992750525474,-0.0401327311992645,0.6757932305336,-0.734984993934631
0.568182826042175,0.0274982750415802,1.04828810691833,0.0385286062955856,-0.0401352643966674,0.675621867179871,-0.735146224498749
0.568140149116516,0.0276044979691505,1.04825353622437,0.0385322198271751,-0.0399670004844665,0.675645709037781,-0.735133230686188
0.568091630935669,0.0277172792702913,1.04821228981018,0.0386140197515487,-0.0398530811071395,0.675632655620575,-0.73514711856842
0.568048477172852,0.0278125703334808,1.04818224906921,0.0391973555088043,-0.0378470495343208,0.675338447093964,-0.735492408275604
0.568002939224243,0.0279140826314687,1.04816567897797,0.0378626659512519,-0.0398732610046863,0.675969660282135,-0.7348752617836
0.567956924438477,0.0280293766409158,1.04814696311951,0.0378524400293827,-0.0399120301008224,0.676132917404175,-0.734723448753357
0.567853689193726,0.0280966386198997,1.04816114902496,0.0380325280129909,-0.0398932769894599,0.676318347454071,-0.734544456005096
0.567802906036377,0.0281787812709808,1.04813134670258,0.038081906735897,-0.0398006625473499,0.676438868045807,-0.734435975551605
0.568397641181946,0.0275454577058553,1.04882264137268,0.0383756421506404,-0.0375217571854591,0.675827205181122,-0.7351034283638
0.568619608879089,0.027444077655673,1.04901599884033,0.0383289456367492,-0.0367061533033847,0.676231443881989,-0.734775185585022
0.568568706512451,0.0275426972657442,1.04898607730865,0.0383140631020069,-0.0366500206291675,0.676405489444733,-0.734618723392487
0.568514347076416,0.0276493988931179,1.04894495010376,0.039309699088335,-0.0359886065125465,0.676279127597809,-0.734715104103088
0.568460702896118,0.0277625601738691,1.04890763759613,0.0392271056771278,-0.0359897688031196,0.676384508609772,-0.734622359275818
0.567728340625763,0.0285815726965665,1.04816234111786,0.0389173775911331,-0.038206472992897,0.677309930324554,-0.733673632144928
0.567680895328522,0.0287011545151472,1.04812157154083,0.0388745442032814,-0.0381986126303672,0.677464485168457,-0.733533561229706
0.567603588104248,0.0288049541413784,1.04807198047638,0.0388723202049732,-0.0382516831159591,0.677592754364014,-0.733412444591522
0.567554175853729,0.0288898888975381,1.04803156852722,0.0388488098978996,-0.0382765717804431,0.677715420722961,-0.733299076557159
0.567497789859772,0.0290228128433227,1.04800009727478,0.0387549176812171,-0.0382918342947959,0.677804946899414,-0.733220517635345
0.567439079284668,0.0291102416813373,1.04796051979065,0.0388282872736454,-0.0382003001868724,0.677939713001251,-0.733096718788147
0.567980587482452,0.028649915009737,1.04866480827332,0.0389943718910217,-0.0363501980900764,0.678297400474548,-0.732851147651672
0.567929863929749,0.0287591908127069,1.04862189292908,0.0389279685914516,-0.0362059921026229,0.678463339805603,-0.732708215713501
0.566958427429199,0.0297120381146669,1.04754960536957,0.0386148057878017,-0.0391370505094528,0.678012251853943,-0.732991576194763
0.566874325275421,0.0298579595983028,1.04749476909637,0.0385630503296852,-0.0392747856676578,0.678016781806946,-0.732982695102692
0.566818654537201,0.0299209542572498,1.04743051528931,0.0386071950197219,-0.0392332784831523,0.67802095413208,-0.732978880405426
0.566754698753357,0.0300089921802282,1.04738283157349,0.037622258067131,-0.0365118682384491,0.677988171577454,-0.733200967311859
0.5666823387146,0.0300896950066089,1.04734444618225,0.037651851773262,-0.0365697033703327,0.67798787355423,-0.73319685459137
0.567141950130463,0.0295478515326976,1.04805600643158,0.0380965322256088,-0.0346013568341732,0.678053617477417,-0.733208537101746
0.567084074020386,0.0296052750200033,1.0480250120163,0.0390355847775936,-0.0340537130832672,0.677730560302734,-0.733483374118805
0.567031860351562,0.0296873375773429,1.04799044132233,0.0390332229435443,-0.0371796414256095,0.677926003932953,-0.733151078224182
0.567031860351562,0.0296873375773429,1.04799044132233,0.0390332229435443,-0.0371796414256095,0.677926003932953,-0.733151078224182
0.566904842853546,0.0298232678323984,1.04791975021362,0.0390781909227371,-0.036931250244379,0.677759289741516,-0.733315289020538
0.566825866699219,0.0299307219684124,1.0478982925415,0.0390073247253894,-0.0370308756828308,0.677651107311249,-0.733414053916931
0.566765606403351,0.0299879554659128,1.04787445068359,0.0381325855851173,-0.0375247448682785,0.677820146083832,-0.733278691768646
0.566675066947937,0.0301216375082731,1.04785978794098,0.0379803329706192,-0.037689097225666,0.677699148654938,-0.733389973640442
0.566875994205475,0.0299242064356803,1.04804873466492,0.0380335673689842,-0.0367991626262664,0.677860677242279,-0.733283162117004
0.566250801086426,0.0305217746645212,1.04728043079376,0.0377859324216842,-0.0385906174778938,0.677503168582916,-0.733534216880798
0.566186904907227,0.0305779241025447,1.04727244377136,0.0377491787075996,-0.0385949127376079,0.677401661872864,-0.733629643917084
0.566125392913818,0.030640885233879,1.04725503921509,0.0377075411379337,-0.0386279076337814,0.677287399768829,-0.73373556137085
0.566653072834015,0.0301350317895412,1.04798793792725,0.0387647710740566,-0.0361668616533279,0.677099764347076,-0.733979165554047
0.566005766391754,0.0307482983916997,1.04724228382111,0.0384624414145946,-0.0380979888141155,0.676772475242615,-0.734199106693268
0.566548883914948,0.0302448086440563,1.0479633808136,0.0384698919951915,-0.0362286753952503,0.676896512508392,-0.734179019927979
0.566500544548035,0.0302892606705427,1.04795265197754,0.0384532697498798,-0.0363705977797508,0.676738262176514,-0.734318673610687
0.565859079360962,0.0308590717613697,1.04721450805664,0.0382019840180873,-0.0382172428071498,0.676408171653748,-0.734542191028595
0.565814554691315,0.0308787785470485,1.04721689224243,0.0381157584488391,-0.0381116494536399,0.676469326019287,-0.73449569940567
0.565786361694336,0.0309259500354528,1.04719245433807,0.0379824377596378,-0.0381260924041271,0.676436066627502,-0.734532475471497
0.565463721752167,0.031234448775649,1.04693055152893,0.0369733832776546,-0.039703469723463,0.676502108573914,-0.734439671039581
0.565442144870758,0.0312509723007679,1.04690682888031,0.0368264093995094,-0.039625160396099,0.67651629447937,-0.734438180923462
0.565888643264771,0.0307024382054805,1.04765391349792,0.0384712405502796,-0.0382022969424724,0.677923858165741,-0.733130216598511
0.565866470336914,0.0307055581361055,1.0476416349411,0.0383908562362194,-0.0381279699504375,0.677980065345764,-0.733086347579956
0.565818071365356,0.0307391826063394,1.04760348796844,0.038057904690504,-0.0384870022535324,0.678066492080688,-0.733004987239838
0.565826117992401,0.0307027902454137,1.0476222038269,0.0380255132913589,-0.0384164378046989,0.678043007850647,-0.733031988143921
0.565826117992401,0.0307027902454137,1.0476222038269,0.0380255132913589,-0.0384164378046989,0.678043007850647,-0.733031988143921
0.565795660018921,0.0306627750396728,1.04762899875641,0.0379405207931995,-0.0380946993827819,0.678272485733032,-0.732840955257416
0.565780460834503,0.0306338742375373,1.04761815071106,0.0382600761950016,-0.0362324528396129,0.678132832050323,-0.733047902584076
0.565282046794891,0.0311478935182094,1.04687631130219,0.037761740386486,-0.0376298986375331,0.678210914134979,-0.732931077480316
0.565258979797363,0.031101044267416,1.0468590259552,0.0385576821863651,-0.0369231738150119,0.678011834621429,-0.733109712600708
0.565398991107941,0.0311163514852523,1.04693484306335,0.0381799079477787,-0.0365720391273498,0.678173243999481,-0.732997953891754
0.56616997718811,0.0314852893352508,1.04693555831909,0.0352957099676132,-0.0362405404448509,0.678420841693878,-0.732929885387421
0.565294682979584,0.0309388004243373,1.04684805870056,0.0540149956941604,-0.0450308993458747,0.680365443229675,-0.729491293430328
0.565283000469208,0.0308687798678874,1.04685473442078,0.0368727333843708,-0.0356635674834251,0.67735880613327,-0.733862161636353
0.565903961658478,0.0302816443145275,1.04759657382965,0.0548276379704475,-0.0422170348465442,0.680694222450256,-0.729292154312134
0.566593647003174,0.0307525042444467,1.04741322994232,0.0340282544493675,-0.0336463823914527,0.677645266056061,-0.733830392360687
0.567230641841888,0.0285282433032989,1.04890704154968,0.0555506646633148,-0.0376503989100456,0.680329561233521,-0.729827642440796
0.566957712173462,0.0287985671311616,1.04860615730286,0.0369819477200508,-0.0297142546623945,0.676975965499878,-0.734474718570709
0.566608786582947,0.0304366778582334,1.04744017124176,0.0523448698222637,-0.0422026142477989,0.680933475494385,-0.7292520403862
0.566616594791412,0.0304368380457162,1.04743266105652,0.0340371020138263,-0.0328822396695613,0.678176820278168,-0.733373463153839
0.566637873649597,0.030354581773281,1.04743731021881,0.0527340695261955,-0.0386204980313777,0.680808126926422,-0.729539573192596
0.566652059555054,0.0302840694785118,1.0474466085434,0.0345786400139331,-0.0297852344810962,0.677943408489227,-0.733696103096008
0.566929519176483,0.0299070626497268,1.04772281646729,0.05238988250494,-0.0354424566030502,0.681720793247223,-0.728873074054718
0.566672742366791,0.0301153231412172,1.04749858379364,0.0341073796153068,-0.031285636126995,0.678526341915131,-0.733116626739502
0.566667199134827,0.0300441719591617,1.04749178886414,0.0520662926137447,-0.0399002321064472,0.681635439395905,-0.728745758533478
0.566660583019257,0.029932327568531,1.04749703407288,0.0344461984932422,-0.0306191910058259,0.678905606269836,-0.732777655124664
0.566659092903137,0.0298295449465513,1.04753804206848,0.0525095835328102,-0.0392962135374546,0.682174026966095,-0.728242635726929
0.566650390625,0.0297707635909318,1.04756832122803,0.0343165770173072,-0.0303113367408514,0.679350137710571,-0.732384502887726
0.566626489162445,0.0297058969736099,1.04759883880615,0.05253666639328,-0.0390847884118557,0.682569622993469,-0.727881252765656
0.566601514816284,0.0296183098107576,1.0476188659668,0.034227754920721,-0.0301162060350179,0.679777145385742,-0.732000470161438
0.567282497882843,0.030359212309122,1.04721450805664,0.0496807508170604,-0.0389818288385868,0.68352884054184,-0.727186799049377
0.567964792251587,0.0279256962239742,1.04875445365906,0.0348993241786956,-0.025106992572546,0.679898202419281,-0.732045233249664
0.567307472229004,0.0267155915498733,1.04955840110779,0.0566336102783679,-0.0336310267448425,0.682849645614624,-0.727583706378937
0.567304670810699,0.0266194622963666,1.0496426820755,0.0383706763386726,-0.0246175285428762,0.680210292339325,-0.731598079204559
0.567296981811523,0.0265674367547035,1.04968249797821,0.0566936209797859,-0.0335143916308879,0.683555781841278,-0.726921081542969
0.567018806934357,0.0267977938055992,1.04945540428162,0.0380058288574218,-0.0249762274324893,0.680698752403259,-0.731150507926941
0.567006707191467,0.0268124211579561,1.04949641227722,0.0569660700857639,-0.0338284522294998,0.684272348880768,-0.726210713386536
0.567159354686737,0.0266709439456462,1.04958975315094,0.0383198820054531,-0.0242023169994354,0.681904196739197,-0.730035960674286
0.566704273223877,0.0291583016514778,1.04796171188354,0.0528678968548774,-0.03879314661026,0.686219871044159,-0.724432528018951
0.567314863204956,0.0265605617314577,1.04963326454163,0.0384072661399841,-0.024738909676671,0.682467043399811,-0.729487180709839
0.567414820194244,0.0265665259212255,1.0496199131012,0.0568669848144054,-0.0338110774755477,0.685926973819733,-0.724656581878662
0.56742399930954,0.0264871884137392,1.04964804649353,0.0372934304177761,-0.0256721694022417,0.683428645133972,-0.728612065315247
0.567440569400787,0.0264159217476844,1.04969847202301,0.0562036409974098,-0.0349117368459701,0.686792552471161,-0.72383588552475
0.567496538162231,0.0263367444276809,1.04978382587433,0.0382068343460559,-0.022245543077588,0.683492660522461,-0.728617310523987
0.567509412765503,0.0262843370437622,1.04981851577759,0.0577107295393943,-0.0324282832443714,0.687011122703552,-0.723625302314758
0.567535579204559,0.0262162610888481,1.04987132549286,0.0386097282171249,-0.0238282177597284,0.683918297290802,-0.728146553039551
0.567532002925873,0.026162464171648,1.04987001419067,0.0566209927201271,-0.0320265479385852,0.688152372837067,-0.7226442694664
0.567586183547974,0.0260645765811204,1.0498948097229,0.0381227806210517,-0.0248314570635557,0.684986412525177,-0.727133929729462
0.56762570142746,0.0259475018829107,1.04997229576111,0.0373348146677017,-0.0265225041657686,0.685301899909973,-0.726817727088928
0.56766939163208,0.0258419495075941,1.05009484291077,0.0373819060623645,-0.0265671238303184,0.68549907207489,-0.726627767086029
0.566959977149963,0.0297727342694997,1.04754376411438,0.0307870581746101,-0.0342662185430526,0.687531173229218,-0.724692285060883
0.566973686218262,0.0298326630145311,1.04751932621002,0.0306032467633485,-0.0346409119665622,0.687883079051971,-0.724348247051239
0.566996276378632,0.0298616327345371,1.04747331142426,0.0301286950707435,-0.0338606052100658,0.688295602798462,-0.724013149738312
0.567058145999908,0.0298679508268833,1.04749000072479,0.0298526789993047,-0.0341416709125041,0.688538432121277,-0.723780512809753
0.567076206207275,0.0299176406115293,1.04747140407562,0.0303985103964805,-0.0337796844542026,0.688364326953888,-0.723940312862396
0.567102015018463,0.0299601089209318,1.04745173454285,0.0305095463991165,-0.0323982164263725,0.688224375247955,-0.72413182258606
0.567132115364075,0.0299768280237913,1.04743933677673,0.0300906244665384,-0.0342970751225948,0.688627660274506,-0.723678290843964
0.567161738872528,0.0300463512539863,1.04742825031281,0.0297286491841077,-0.0346738472580909,0.688804447650909,-0.723507046699524
0.567182540893555,0.0300657339394092,1.04742240905762,0.0286603514105081,-0.035398319363594,0.68918788433075,-0.723149955272675
0.56720370054245,0.0300985258072614,1.04742467403412,0.028498999774456,-0.0354850478470325,0.689115703105927,-0.723220705986023
0.567220747470856,0.0301255974918603,1.04742455482483,0.0283125974237918,-0.0356325022876262,0.689140498638153,-0.723197281360626
0.56733626127243,0.030283311381936,1.04733777046204,0.0275544375181198,-0.0360432788729667,0.689239740371704,-0.72311145067215
0.567350506782532,0.0303058363497257,1.04734802246094,0.0272601246833801,-0.0362461507320404,0.689147651195526,-0.723200142383575
0.56727135181427,0.0302559770643711,1.04741597175598,0.0273755136877298,-0.0365679040551185,0.689036071300507,-0.723286032676697
0.567375779151917,0.0303389262408018,1.04738199710846,0.0269822292029857,-0.0367590263485908,0.688874423503876,-0.723445177078247
0.567385733127594,0.0303432885557413,1.04739427566528,0.0268589258193969,-0.0376319736242294,0.689123511314392,-0.723167538642883
0.567385733127594,0.0303432885557413,1.04739427566528,0.0268589258193969,-0.0376319736242294,0.689123511314392,-0.723167538642883
0.567397713661194,0.0303226485848426,1.04741847515106,0.0273563582450151,-0.0366955287754535,0.688431978225708,-0.723855257034302
0.567308664321899,0.030236717313528,1.04749858379364,0.0277699995785951,-0.0357300527393817,0.6877401471138,-0.724545180797577
0.567279458045959,0.0302026625722646,1.04751300811768,0.0277452208101749,-0.0356613732874393,0.687720835208893,-0.724567830562592
0.567066073417664,0.030433926731348,1.04733169078827,0.0277720261365175,-0.0363866165280342,0.68729305267334,-0.724936664104462
0.567084431648254,0.030378483235836,1.04738402366638,0.0278465934097766,-0.0364898480474948,0.687153160572052,-0.725061237812042
0.56708824634552,0.0303425043821334,1.04740655422211,0.0281229596585035,-0.0368141904473304,0.686960101127625,-0.725217044353485
0.567101955413818,0.0302336644381284,1.04744553565979,0.0282911323010921,-0.0361259207129478,0.6868896484375,-0.725311934947968
0.567108511924744,0.0301529504358768,1.04746949672699,0.0283957365900278,-0.0358656980097293,0.686891794204712,-0.725318610668182
0.567122578620911,0.0300394222140312,1.04752290248871,0.0285745542496442,-0.0356551669538021,0.686800122261047,-0.725408792495728
0.567139089107513,0.0298794656991958,1.04757297039032,0.0287030916661024,-0.0353740900754928,0.686721503734589,-0.725491940975189
0.567131340503693,0.0297362245619297,1.04761683940887,0.029006777331233,-0.0350598916411399,0.686519384384155,-0.725686311721802
0.567109346389771,0.0295453146100044,1.04765653610229,0.0293714664876461,-0.0348086394369602,0.686411440372467,-0.725785791873932
0.567080020904541,0.0293712858110666,1.04766929149628,0.0297915153205394,-0.0317759551107883,0.685996830463409,-0.726299583911896
0.567073225975037,0.0291701890528202,1.04768860340118,0.0300638377666473,-0.0348293147981166,0.686101317405701,-0.726049661636353
0.566944003105164,0.028916198760271,1.04773426055908,0.0306424647569656,-0.0315719097852706,0.685625433921814,-0.726623713970184
0.566935420036316,0.0287442337721586,1.0477294921875,0.0307186972349882,-0.0309817139059305,0.685468375682831,-0.726794242858887
0.566914796829224,0.028590653091669,1.04772782325745,0.0310423374176025,-0.0338826552033424,0.68539035320282,-0.726724445819855
0.566908776760101,0.0284548085182905,1.04772782325745,0.0304117109626531,-0.0344263464212417,0.685357749462128,-0.726756393909454
0.566896259784698,0.0282768234610557,1.04774928092957,0.0306631922721862,-0.0343018025159835,0.685084700584412,-0.727009057998657
0.566877961158752,0.0281362850219011,1.04774570465088,0.0309868156909942,-0.0311142280697822,0.684516072273254,-0.727674007415771
0.566860377788544,0.0280062854290008,1.04773557186127,0.031247055158019,-0.0309395026415586,0.684093356132507,-0.728067815303802
0.566863059997559,0.0279277302324771,1.0476233959198,0.0322600230574607,-0.030251607298851,0.683347821235657,-0.728752374649048
0.566841065883636,0.0278219990432262,1.04760277271271,0.0329448953270912,-0.0307804010808467,0.68282949924469,-0.729185223579407
0.567012667655945,0.0273313298821449,1.04799151420593,0.0339604243636131,-0.029612747952342,0.682671368122101,-0.729335129261017
0.567007124423981,0.0272441133856773,1.04798710346222,0.034342672675848,-0.0296187996864318,0.682308197021484,-0.72965669631958
0.566724061965942,0.0274409782141447,1.04773855209351,0.0344902276992797,-0.0330650582909584,0.682054340839386,-0.729739129543304
0.566732287406921,0.0273665618151426,1.04774057865143,0.0348904505372047,-0.033607717603445,0.681595683097839,-0.730123698711395
0.566750288009644,0.0272671729326248,1.04774415493011,0.0343517959117889,-0.033939741551876,0.681698799133301,-0.730037569999695
0.566761553287506,0.027198489755392,1.04775047302246,0.0344633534550666,-0.0333615317940712,0.681553065776825,-0.730194985866547
0.566772937774658,0.0271326526999473,1.04775369167328,0.0347337462007999,-0.0331938900053501,0.681358337402344,-0.730371534824371
0.566785573959351,0.0270649176090955,1.04774630069733,0.0349455252289772,-0.0330581925809383,0.681261897087097,-0.730457663536072
0.566801428794861,0.0269700549542903,1.04779934883118,0.0351469926536083,-0.0328262262046337,0.68114697933197,-0.73056560754776
0.566802322864532,0.0269668623805046,1.0477602481842,0.0353035442531108,-0.0328358523547649,0.681066513061523,-0.730632483959198
0.566802322864532,0.0269668623805046,1.0477602481842,0.0353035442531108,-0.0328358523547649,0.681066513061523,-0.730632483959198
0.566812932491302,0.0268468614667654,1.04781401157379,0.0356430746614933,-0.0325519926846027,0.680875480175018,-0.730806827545166
0.566812694072723,0.0268453955650329,1.04781782627106,0.0359125472605228,-0.0325373075902462,0.680818557739258,-0.730847358703613
0.566817462444305,0.0268364809453487,1.04778432846069,0.0368243083357811,-0.0318535529077053,0.680615246295929,-0.731021344661713
0.567090213298798,0.0265675075352191,1.04802918434143,0.0370452627539634,-0.0310042966157197,0.680859744548798,-0.730819046497345
0.566817581653595,0.02688929438591,1.04778265953064,0.0370273366570472,-0.0289352312684059,0.680287659168243,-0.731437385082245
0.566823959350586,0.026963161304593,1.0477614402771,0.0370095372200012,-0.0291249305009841,0.680267691612244,-0.731449246406555
0.566821575164795,0.0269753020256757,1.04778397083282,0.0372058600187301,-0.0291971210390329,0.680251002311707,-0.73145192861557
0.566818714141846,0.0271527599543333,1.04772853851318,0.0362489260733127,-0.0301867499947547,0.680633306503296,-0.731104016304016
0.566819608211517,0.0272143799811601,1.04771304130554,0.036312598735094,-0.033514130860567,0.680824756622314,-0.730777561664581
0.566820740699768,0.0272963754832744,1.04767978191376,0.0362477786839008,-0.0338142700493335,0.680825591087341,-0.730766177177429
0.566833972930908,0.0273743532598018,1.04766142368317,0.0363645292818546,-0.03446726500988,0.680718541145325,-0.730829656124115
0.566847085952759,0.027425330132246,1.04762232303619,0.0366431213915348,-0.03471689671278,0.680739283561707,-0.73078453540802
0.567576169967651,0.0236443653702735,1.05011522769928,0.0430185087025165,-0.0271539241075515,0.678902268409729,-0.732464253902435
0.567579448223114,0.023803336545825,1.05001449584961,0.0429331772029399,-0.0280742160975933,0.678851902484894,-0.732481122016907
0.567853033542633,0.0236150901764631,1.05013418197632,0.0429498217999935,-0.027465445920825,0.679083347320557,-0.732288777828217
0.567864418029785,0.0237225871533155,1.05002975463867,0.0427648723125457,-0.0273426864296197,0.679122447967529,-0.732267916202545
0.567604720592499,0.0241300147026777,1.04969775676727,0.0425253063440322,-0.0286858398467302,0.679044246673584,-0.732302963733673
0.56762969493866,0.0242406874895095,1.04961705207825,0.0422472283244133,-0.0290665850043296,0.678928256034851,-0.732411623001099
0.567633330821991,0.024367781355977,1.04951846599579,0.0419472269713878,-0.029658019542694,0.678906500339508,-0.732425272464752
0.567600190639496,0.0246297027915716,1.04937624931335,0.0415092296898365,-0.030404383316636,0.678880989551544,-0.73244321346283
0.567606151103973,0.0247315652668476,1.04929411411285,0.0421362705528736,-0.0267788842320442,0.678263604640961,-0.733120739459991
0.567622721195221,0.0248230677098035,1.04922425746918,0.0420188382267952,-0.0271760057657957,0.678199708461761,-0.733171999454498
0.567641735076904,0.0248916521668434,1.04916608333588,0.0419269986450672,-0.0275479853153228,0.678118586540222,-0.733238339424133
0.567669093608856,0.0249440521001815,1.04910480976105,0.041785292327404,-0.0279298555105924,0.678080081939697,-0.733267605304718
0.56770384311676,0.0249305237084627,1.04906284809113,0.0419350378215312,-0.0282712690532207,0.677918374538422,-0.733395457267761
0.567706942558289,0.024972703307867,1.04902422428131,0.0418743044137954,-0.0287860557436943,0.677872896194458,-0.733420968055725
0.567724645137787,0.0250309221446514,1.04898178577423,0.0418043062090873,-0.0290729478001594,0.678001880645752,-0.733294427394867
0.567752301692963,0.0250804461538791,1.04894125461578,0.0418388694524765,-0.0326071344316005,0.678196549415588,-0.732963800430298
0.567772686481476,0.0251215454190969,1.0488988161087,0.0418056733906269,-0.0329158529639244,0.678138077259064,-0.733005940914154
0.567792236804962,0.0251523349434137,1.04887199401855,0.0417528226971626,-0.0333567075431346,0.67812842130661,-0.732997834682465
0.567805886268616,0.0251998379826545,1.04884600639343,0.0416506603360176,-0.0336418040096759,0.678112387657166,-0.733005523681641
0.56781804561615,0.0252216309309005,1.0488258600235,0.041721723973751,-0.0339286476373672,0.678084909915924,-0.73301362991333
0.56784462928772,0.0252388510853052,1.04879724979401,0.0408881194889545,-0.0347190536558628,0.678368866443634,-0.732760846614838
0.567871153354645,0.0251843929290771,1.04884111881256,0.0412660054862499,-0.0347372330725193,0.678364157676697,-0.732743203639984
0.567898690700531,0.0251853540539741,1.04882955551147,0.042299285531044,-0.0343251749873161,0.678083777427673,-0.73296320438385
0.567921698093414,0.0252237282693386,1.04884254932404,0.0414250008761882,-0.0350633189082145,0.678419172763824,-0.732667744159698
0.567948758602142,0.0252289064228534,1.04882395267487,0.0415061376988887,-0.0359392687678337,0.678464591503143,-0.732578575611115
0.567985117435455,0.0252042915672063,1.04884481430054,0.0417076535522937,-0.0357435867190361,0.678558826446533,-0.732489585876465
0.56801563501358,0.0251822900027036,1.04882848262787,0.0417835302650928,-0.0353878960013389,0.678762257099152,-0.732313930988312
0.568052887916565,0.0251298788934946,1.04882609844208,0.041966900229454,-0.035374317318201,0.6788689494133,-0.732205212116241
0.568347334861755,0.0248269252479076,1.04907464981079,0.0430357158184051,-0.0341403000056743,0.678912997245789,-0.732160866260529
0.568274915218353,0.0250865556299686,1.04881906509399,0.0427642837166786,-0.0348072983324527,0.678952574729919,-0.732108592987061
0.568328201770782,0.0250051077455282,1.04884469509125,0.0429431498050689,-0.0352983474731445,0.679022192955017,-0.732010185718536
0.568381011486053,0.0250099338591098,1.04883575439453,0.0421997010707855,-0.0359492637217044,0.679586827754974,-0.731497526168823
0.568446934223175,0.0249633081257343,1.04884505271912,0.0422612465918064,-0.0359275862574577,0.679747581481934,-0.73134571313858
0.568527102470398,0.0248974934220314,1.04887688159943,0.0432193577289581,-0.0353496968746185,0.679580748081207,-0.731472849845886
0.568602085113525,0.0248687919229269,1.04889214038849,0.043293759226799,-0.0353589579463005,0.679766178131104,-0.731295704841614
0.568986654281616,0.0245098788291215,1.04915857315063,0.043443776667118,-0.0343114659190177,0.680265784263611,-0.73087203502655
0.568769872188568,0.0248678475618362,1.04888594150543,0.0432595126330852,-0.0350620001554489,0.680375277996063,-0.730745553970337
0.568901181221008,0.0247861314564943,1.04892230033875,0.0433481559157371,-0.0349813103675842,0.680515468120575,-0.730613350868225
0.569288849830627,0.024407509714365,1.04917287826538,0.0427762232720851,-0.0346528030931949,0.681164383888245,-0.730057954788208
0.569383442401886,0.0243328996002674,1.04918622970581,0.0428717173635959,-0.0347655639052391,0.681325733661652,-0.729896485805511
0.569488048553467,0.0242544747889041,1.04922080039978,0.0429059341549873,-0.034768171608448,0.681468784809113,-0.729760646820068
0.569457292556763,0.0242998003959655,1.04914915561676,0.042868286371231,-0.0351589098572731,0.681250214576721,-0.729948222637177
0.569563448429108,0.0242205616086721,1.04918003082275,0.0436892546713352,-0.0344491899013519,0.681185901165009,-0.729993462562561
0.56977778673172,0.0241693779826164,1.04918277263641,0.0435503013432025,-0.0343547500669956,0.681280314922333,-0.72991818189621
0.56989061832428,0.0240935385227203,1.04920637607574,0.0434375070035457,-0.0344435237348079,0.681585311889648,-0.729635715484619
0.570000052452087,0.0240037851035594,1.04923260211945,0.0199923738837242,0.0365311615169048,0.696843326091766,-0.716013431549072
0.570135712623596,0.0239007044583559,1.04930055141449,0.0211928132921457,0.0336022898554801,0.69638729095459,-0.716565847396851
0.570135712623596,0.0239007044583559,1.04930055141449,0.0211928132921457,0.0336022898554801,0.69638729095459,-0.716565847396851
0.570647478103638,0.0233733635395765,1.04962849617004,0.0245721489191055,0.0294070690870285,0.695255517959595,-0.71774035692215
0.570744037628174,0.0232987031340599,1.04963862895966,0.0256420243531465,0.0261883903294801,0.694847464561462,-0.718222737312317
0.570848107337952,0.023201985284686,1.04968726634979,0.0268332064151763,0.0234571788460016,0.694353640079498,-0.718750834465027
0.570947110652924,0.0231504216790199,1.04969263076782,0.0278030987828969,0.0207590442150831,0.693919360637665,-0.719216167926788
0.571106731891632,0.023036915808916,1.04978489875793,0.028764821588993,0.0183931291103363,0.693502306938171,-0.719644963741302
0.571258068084717,0.0228284448385238,1.04994571208954,0.0299471020698547,0.016206344589591,0.693029582500458,-0.720104455947876
0.571470320224762,0.0227782651782035,1.04995787143707,0.0299652386456727,0.0131414914503693,0.693043529987335,-0.720152914524078
0.571288764476776,0.0230250619351863,1.04973065853119,0.0308871529996395,0.0093936994671821,0.692470133304596,-0.720723867416382
0.571390688419342,0.0229594092816114,1.04977297782898,0.0317887589335441,0.0073431520722806,0.692107737064362,-0.721056520938873
0.571781516075134,0.0225757490843534,1.05001127719879,0.0327196419239044,0.0064236023463308,0.691964745521545,-0.72116082906723
0.571632444858551,0.022783912718296,1.04982876777649,0.0335063003003597,0.0033782871905714,0.691377520561218,-0.721708416938782
0.571736454963684,0.022700373083353,1.04985320568085,0.0343057326972484,0.001562763703987,0.6910400390625,-0.722000360488892
0.571871757507324,0.0226578582078218,1.04987215995789,0.0349880754947662,-0.0003320840769447,0.69070690870285,-0.722287774085999
0.571974992752075,0.0225996989756822,1.04989337921143,0.0357843041419982,-0.0026475919876247,0.690284907817841,-0.722647428512573
0.572081089019775,0.0225546564906835,1.04991555213928,0.0367941111326217,-0.0043420866131782,0.690032601356506,-0.722829401493073
0.572209119796753,0.0225360505282878,1.04992985725403,0.0373140610754489,-0.0054724034853279,0.689890444278717,-0.722930729389191
0.572303771972656,0.0225067734718322,1.04994666576385,0.0380142703652381,-0.0070598619058728,0.689624607563019,-0.723134160041809
0.572401642799377,0.0224617347121238,1.04998290538788,0.0385845489799976,-0.0084479795768857,0.689362406730652,-0.723338961601257
0.571891665458679,0.026418475434184,1.04735934734344,0.0323896966874599,-0.0178867690265178,0.691281318664551,-0.721637964248657
0.571985602378845,0.0264321323484182,1.04734981060028,0.0328111127018928,-0.0194224249571561,0.691105782985687,-0.721747219562531
0.57209724187851,0.0263821110129356,1.04736649990082,0.033333096653223,-0.0206466540694236,0.690774977207184,-0.72200608253479
0.572169840335846,0.0263756327331066,1.04736697673798,0.0345778837800025,-0.0213256701827049,0.6902756690979,-0.722405195236206
0.57223379611969,0.0263563767075538,1.04735052585602,0.035024844110012,-0.0225050747394561,0.690077185630798,-0.722537457942963
0.572974979877472,0.0225143358111381,1.04986798763275,0.0419218130409717,-0.0160843674093484,0.687908172607422,-0.724407494068146
0.573010385036469,0.0225152876228094,1.04979610443115,0.0422891043126583,-0.0171527583152055,0.687806606292725,-0.724458038806915
0.573036551475525,0.0225127227604389,1.04969966411591,0.0426643304526805,-0.0181964728981256,0.687653422355652,-0.724556148052216
0.573024451732635,0.0226578600704669,1.04953467845917,0.0427319295704364,-0.0192854609340429,0.687649071216583,-0.724528074264526
0.573022484779358,0.0227279439568519,1.04942846298218,0.0429439432919025,-0.0204809084534645,0.687543392181396,-0.724583029747009
0.573005855083466,0.0227687414735555,1.04935240745544,0.046171985566616,-0.032778512686491,0.684929549694061,-0.726405739784241
0.572990298271179,0.0228096805512905,1.04933047294617,0.04618351906538,-0.0330307222902774,0.685073435306549,-0.726257741451263
0.572947442531586,0.0229104328900575,1.04930329322815,0.0406555794179439,-0.0324174724519252,0.684641599655151,-0.7270228266716
0.572923183441162,0.0229898430407047,1.04930770397186,0.0461002513766288,-0.0335306450724601,0.685273766517639,-0.726051211357117
0.572886824607849,0.0230382215231657,1.04932475090027,0.0407192893326282,-0.0327862463891506,0.684846222400665,-0.726810038089752
0.572849929332733,0.0230853427201509,1.04935431480408,0.0451696068048477,-0.0343531779944896,0.685826122760773,-0.725549519062042
0.57280707359314,0.0231687761843204,1.04936254024506,0.0400883592665195,-0.0337221920490264,0.685410141944885,-0.726270377635956
0.57275778055191,0.0231872778385877,1.04940700531006,0.0403094962239265,-0.03384979814291,0.685474038124084,-0.726191997528076
0.572971165180206,0.0229995418339967,1.0496574640274,0.0404291115701198,-0.03306670114398,0.685758054256439,-0.725953102111816
0.572935044765472,0.0230005215853452,1.04968309402466,0.0405290573835372,-0.0330717451870441,0.685794532299042,-0.725912868976593
0.572900414466858,0.0230598617345094,1.0496838092804,0.0405159778892993,-0.0331749059259891,0.685844719409943,-0.725861489772797
0.572890877723694,0.0230319146066904,1.04976046085358,0.0405901782214641,-0.0336945950984954,0.685715794563293,-0.725955247879028
0.572857439517975,0.0230179950594902,1.04980099201202,0.0407152026891708,-0.0338176116347312,0.685602426528931,-0.726049661636353
0.57282942533493,0.0229842830449342,1.04983270168304,0.0408450029790401,-0.0334990657866001,0.685703456401825,-0.725961625576019
0.572796285152435,0.0229376442730426,1.04988241195679,0.0411131642758846,-0.0331768281757831,0.685693979263306,-0.725970268249512
0.572772264480591,0.0228816214948892,1.04994177818298,0.0413079373538494,-0.0331885255873203,0.685500502586365,-0.726141273975372
0.572750508785248,0.022818025201559,1.04998302459717,0.0414086990058422,-0.0325664989650249,0.68547248840332,-0.726190268993378
0.572608530521393,0.0227180607616901,1.05005514621735,0.0417406521737575,-0.0323794670403003,0.685164868831635,-0.726469814777374
0.572617888450623,0.0225280337035655,1.05015206336975,0.0420210547745227,-0.0318129956722259,0.685072302818298,-0.726566016674042
0.572599351406097,0.0224770382046699,1.05017709732056,0.0421498566865921,-0.0316009633243083,0.684937834739685,-0.726694583892822
0.572574377059937,0.0224541742354631,1.05020332336426,0.0421918332576751,-0.0315206386148929,0.684820234775543,-0.726806461811066
0.572560787200928,0.0224306676536798,1.05021989345551,0.0423079244792461,-0.0277920737862586,0.684402704238892,-0.727344930171967
0.572486877441406,0.0224604606628417,1.05018925666809,0.0423929430544376,-0.0311266705393791,0.68446671962738,-0.727144658565521
0.572452664375305,0.0224428623914718,1.05016052722931,0.0423707962036132,-0.0309868846088647,0.684235632419586,-0.72736930847168
0.572433412075043,0.0224349312484264,1.05016708374023,0.0424195080995559,-0.0309183653444051,0.684141516685486,-0.727458000183105
0.572397351264954,0.0224282648414373,1.05013763904572,0.0424127019941806,-0.030917128548026,0.684075593948364,-0.72752046585083
0.57237046957016,0.0224367938935756,1.05011701583862,0.0424843207001686,-0.0307342484593391,0.683916032314301,-0.727673888206482
0.572340130805969,0.0224360898137092,1.05010211467743,0.0424424856901168,-0.0307518579065799,0.683856904506683,-0.727731227874756
0.572307586669922,0.022497409954667,1.05006051063538,0.0423499904572963,-0.0308175124228,0.68377411365509,-0.727811634540558
0.572269856929779,0.0225568655878305,1.05003023147583,0.0422220304608345,-0.0308641530573368,0.683713436126709,-0.727874100208282
0.572205901145935,0.0227623544633388,1.049924492836,0.0427291058003902,-0.0306026674807071,0.683345973491669,-0.728200554847717
0.572167575359344,0.0228557754307985,1.04988503456116,0.0426358357071876,-0.0307162813842296,0.683299541473389,-0.728244841098785
0.572116672992706,0.0229560323059558,1.04978775978088,0.041642390191555,-0.0313959456980228,0.683546006679535,-0.728042006492615
0.572073817253113,0.0230805873870849,1.04970872402191,0.0414403304457664,-0.0315606333315372,0.683576643466949,-0.728017568588257
0.572029292583466,0.0231523867696523,1.04965913295746,0.0413620918989181,-0.0316610261797905,0.683562219142914,-0.728031158447266
0.571961045265198,0.0232438445091247,1.04960513114929,0.0413682535290718,-0.0318152420222759,0.683551728725433,-0.72803407907486
0.571917176246643,0.0233647879213094,1.0495628118515,0.0412594452500343,-0.0319603383541107,0.68355655670166,-0.728029370307922
0.571872055530548,0.0234676841646432,1.04949808120728,0.0411658994853496,-0.0321313105523586,0.683576762676239,-0.728008091449738
0.571831703186035,0.0235508419573307,1.04945302009583,0.0411309674382209,-0.0321876034140586,0.683618366718292,-0.727968573570251
0.571759819984436,0.0236982442438602,1.04936397075653,0.0410505980253219,-0.032431673258543,0.683637261390686,-0.727944552898407
0.57170969247818,0.0238111745566129,1.04931914806366,0.0409555956721305,-0.0325899794697761,0.683695435523987,-0.727888166904449
0.571669280529022,0.0239061471074819,1.0492867231369,0.0409177914261817,-0.0327294319868087,0.683783888816833,-0.727800786495209
0.571624040603638,0.0240366086363792,1.04926490783691,0.0409053638577461,-0.0327736735343933,0.683891355991364,-0.727698624134064
0.571583032608032,0.0241238884627819,1.04925036430359,0.040852315723896,-0.0328666493296623,0.683918654918671,-0.727671802043915
0.57161545753479,0.0243047643452882,1.04916191101074,0.0404898859560489,-0.0329761318862438,0.684035837650299,-0.727576911449432
0.571571111679077,0.0244332812726497,1.0491578578949,0.0404324196279048,-0.0295631065964698,0.683884978294373,-0.727868556976318
0.571529150009155,0.0245411172509193,1.04915392398834,0.0403891503810882,-0.0332019254565238,0.68418025970459,-0.727436423301697
0.571225047111511,0.0249081086367368,1.04889726638794,0.0401820428669452,-0.0306746214628219,0.68376350402832,-0.727950632572174
0.571154117584229,0.0250346735119819,1.04888534545898,0.0401059910655021,-0.0308689344674348,0.683808267116547,-0.727904379367828
0.571076333522797,0.0251603107899427,1.0488657951355,0.0400435104966163,-0.0310384854674339,0.683866083621979,-0.727846384048462
0.570927858352661,0.0252271126955747,1.04888486862183,0.0401966162025928,-0.031143195927143,0.683835089206696,-0.727862656116486
0.570890069007874,0.0252831242978572,1.04890263080597,0.04029281437397,-0.0312976166605949,0.683772146701813,-0.727909862995148
0.570836663246155,0.0253996886312961,1.04889726638794,0.0401997864246368,-0.03145707026124,0.683869600296021,-0.727816522121429
0.570801198482513,0.0254678949713706,1.04891467094421,0.0401693433523178,-0.0314654856920242,0.683907330036163,-0.727782368659973
0.570750594139099,0.0255775675177574,1.04889309406281,0.0400715060532093,-0.0351922325789928,0.684156656265259,-0.727382600307465
0.570705592632294,0.0256734639406204,1.04888069629669,0.0400573648512363,-0.0350224338471889,0.684143960475922,-0.72740364074707
0.570649981498718,0.0257434956729412,1.04888010025024,0.0399970971047878,-0.0350084975361824,0.68413645029068,-0.727414608001709
0.570610463619232,0.0258534662425518,1.04887986183167,0.0399141646921634,-0.0349762625992298,0.684175252914429,-0.727384209632874
0.570581495761871,0.0258994419127702,1.04887807369232,0.0407070070505142,-0.0342123173177242,0.683790028095245,-0.727738678455353
0.570553958415985,0.025961285457015,1.04889571666718,0.0400772020220756,-0.0342863425612449,0.683766484260559,-0.72779244184494
0.570521354675293,0.0260024573653936,1.04889619350433,0.0406604744493961,-0.0341638624668121,0.683829128742218,-0.727706909179688
0.570741653442383,0.0258054006844759,1.04910528659821,0.0404867194592952,-0.0317435152828693,0.684002697467804,-0.727662980556488
0.57070916891098,0.0258730556815862,1.04910206794739,0.0407181493937969,-0.0326549112796783,0.684061288833618,-0.727554619312286
0.570666134357452,0.0259201824665069,1.04910755157471,0.0468042232096195,-0.0337717570364475,0.684603452682495,-0.726627111434937
0.570655286312103,0.025958901271224,1.0491133928299,0.0468123741447925,-0.0337093099951744,0.684628307819366,-0.726606070995331
0.570711076259613,0.0260865651071071,1.04904520511627,0.0465220920741558,-0.0336190052330493,0.684691429138184,-0.726569473743439
0.570673108100891,0.0261443704366683,1.04905652999878,0.0465590953826904,-0.0336173102259635,0.684708595275879,-0.726550936698914
0.570625185966492,0.0261890459805727,1.0490620136261,0.046595674008131,-0.0303730443120002,0.684466898441315,-0.726919174194336
0.570591032505035,0.0262362770736217,1.04904246330261,0.045935321599245,-0.0341047644615173,0.685023963451385,-0.726270735263824
0.57055538892746,0.0262772720307111,1.04902923107147,0.0468581728637218,-0.0300274323672056,0.684433579444885,-0.726947903633118
0.570510685443878,0.0263309609144926,1.04903554916382,0.0471315644681453,-0.0334031879901886,0.68454122543335,-0.726681530475616
0.570468425750732,0.0263823084533214,1.04903697967529,0.0464030727744102,-0.0336619392037391,0.684990108013153,-0.726293504238129
0.570438802242279,0.0264347586780786,1.04903280735016,0.0465342327952384,-0.0335292071104049,0.685034453868866,-0.726249396800995
0.570391416549683,0.0264970455318689,1.04900014400482,0.0467733480036258,-0.0334794968366622,0.685113131999969,-0.726162195205688
0.570339620113373,0.026592569425702,1.04894483089447,0.046848215162754,-0.0334820747375488,0.685138523578644,-0.726133286952972
0.570297718048096,0.0266425423324108,1.04892492294312,0.0470046177506446,-0.0333928242325782,0.685200035572052,-0.726069152355194
0.569971799850464,0.0270219817757606,1.04864871501923,0.0470440573990345,-0.0343115590512752,0.685024797916412,-0.726189136505127
0.569817841053009,0.0270752217620611,1.0486251115799,0.0473479703068733,-0.0344657488167285,0.685029149055481,-0.726158082485199
0.569785356521606,0.0271122008562088,1.04861843585968,0.0484371371567249,-0.0337008349597454,0.684706568717957,-0.726426243782043
0.569736063480377,0.0271818749606609,1.04856705665588,0.0485637709498405,-0.0345905385911464,0.684561789035797,-0.726512432098389
0.569684743881226,0.0272739566862583,1.04852843284607,0.0486582405865192,-0.0345848426222801,0.684656500816345,-0.726417183876038
0.569648504257202,0.0273295026272535,1.04850745201111,0.0488943979144096,-0.0346022732555866,0.684795022010803,-0.726269841194153
0.56961578130722,0.0273733958601951,1.04847645759583,0.0490907616913318,-0.0344718098640441,0.684902429580688,-0.726161539554596
0.569574773311615,0.0275162663310766,1.04846358299255,0.0490736253559589,-0.0337484031915664,0.685266375541687,-0.725853085517883
0.569541811943054,0.0275778211653232,1.04843747615814,0.0491978041827678,-0.0336934737861156,0.685405015945435,-0.725716471672058
0.569400608539581,0.0277438051998615,1.04831981658936,0.0484372749924659,-0.0346403717994689,0.686057567596436,-0.725106060504913
0.569487571716309,0.0276484731584787,1.0484277009964,0.0486690625548362,-0.0341526791453361,0.686035573482513,-0.725134551525116
0.569424450397491,0.0277507416903972,1.04838836193085,0.0487536676228046,-0.0342825651168823,0.686181008815765,-0.724985182285309
0.569409489631653,0.0277928449213504,1.04839682579041,0.0488990880548954,-0.0342088378965854,0.686299085617065,-0.724867105484009
0.569270074367523,0.0279923863708972,1.04827082157135,0.0489374287426471,-0.0346454642713069,0.686546385288239,-0.724609434604645
0.569260776042938,0.0280088260769844,1.04829287528992,0.0491119883954525,-0.0351982899010181,0.686589598655701,-0.724530100822449
0.569244801998138,0.028054442256689,1.04829597473145,0.049349445849657,-0.0351341366767883,0.686715483665466,-0.724397778511047
0.569232761859894,0.0280951000750064,1.048299908638,0.049475822597742,-0.0317046605050563,0.686579644680023,-0.724676072597504
0.56922173500061,0.0281394477933645,1.04829955101013,0.0496787838637828,-0.0314893312752246,0.686745882034302,-0.724514007568359
0.569347381591797,0.0280580092221498,1.04847264289856,0.0498271696269512,-0.0344517529010772,0.686941981315613,-0.724183082580566
0.570468366146088,0.0290036834776401,1.04778385162354,0.0460429601371288,-0.0300146173685789,0.687798202037811,-0.723818242549896
0.570148706436157,0.0289062447845935,1.04789221286774,0.0470575094223022,-0.0303461346775293,0.687669992446899,-0.723860919475555
0.570147752761841,0.0288637187331914,1.04803037643433,0.0473295487463474,-0.0302051249891519,0.687588810920715,-0.723926365375519
0.570060610771179,0.0288441460579633,1.04809892177582,0.0478058271110057,-0.0307299569249153,0.68751186132431,-0.723945915699005
0.569973289966583,0.0289401188492774,1.04809105396271,0.0478419587016105,-0.0311007481068372,0.687528669834137,-0.723911881446838
0.569918513298035,0.0289786662906408,1.04813396930695,0.0486099421977996,-0.0320283882319927,0.687440633773804,-0.723903775215149
0.569918513298035,0.0289786662906408,1.04813396930695,0.0486099421977996,-0.0320283882319927,0.687440633773804,-0.723903775215149
0.56952577829361,0.0283235516399145,1.04857563972473,0.051013171672821,-0.0311560686677694,0.687288463115692,-0.723921120166779
0.569557130336761,0.0282935891300439,1.04864883422852,0.0513268187642097,-0.0308795906603336,0.68737930059433,-0.723824322223663
0.569582462310791,0.0283117573708295,1.04867267608643,0.0514192134141922,-0.030607733875513,0.687446534633636,-0.72376549243927
0.569599211215973,0.0283742938190698,1.04866278171539,0.051519937813282,-0.0305025298148393,0.68753308057785,-0.72368061542511
0.569619655609131,0.0284217074513435,1.04867482185364,0.0517751201987266,-0.0302386321127414,0.687628090381622,-0.723583161830902
0.569785177707672,0.0285200346261262,1.04877173900604,0.0524088591337204,-0.0292662288993597,0.687387764453888,-0.723805904388428
0.569658100605011,0.0284837465733289,1.0487288236618,0.0529336705803871,-0.0292463935911655,0.687412798404694,-0.723744630813599
0.569846034049988,0.0285937339067459,1.04881477355957,0.0521640554070472,-0.0306987203657627,0.687828779220581,-0.72334498167038
0.56985867023468,0.0286710876971483,1.04882347583771,0.0522320717573165,-0.0306898467242717,0.687905728816986,-0.723267316818237
0.569885432720184,0.0287265386432409,1.0488406419754,0.0523221120238304,-0.030647249892354,0.687968730926514,-0.723202705383301
0.569770216941833,0.0286946147680282,1.04876863956451,0.0528117790818214,-0.0307017043232917,0.687975466251373,-0.723158538341522
0.569790661334991,0.0287735015153884,1.04876720905304,0.052904587239027,-0.0307076256722211,0.688028275966644,-0.723101198673248
0.5698082447052,0.0288285203278064,1.04876780509949,0.0529934354126453,-0.0306629389524459,0.688069760799408,-0.723057091236115
0.569973349571228,0.0289858635514974,1.04885303974152,0.0526782050728797,-0.030591120943427,0.688153624534607,-0.723003387451172
0.569691359996796,0.0295546445995569,1.04803562164307,0.0527900420129299,-0.0300239454954862,0.687771379947662,-0.723382472991943
0.569599866867065,0.0295662097632884,1.04796087741852,0.0531496442854404,-0.0301848240196704,0.687757432460785,-0.723362743854523
0.569643139839172,0.029661051928997,1.04795110225677,0.0522811561822891,-0.0311835594475269,0.687973737716675,-0.723177969455719
0.569656550884247,0.0297648087143898,1.04793882369995,0.0518316514790058,-0.0332486629486084,0.688274264335632,-0.722832262516022
0.570056021213531,0.029408935457468,1.04871964454651,0.0521782860159873,-0.0320924371480941,0.688492476940155,-0.722651958465576
0.570107340812683,0.0294709745794534,1.04871463775635,0.0521122105419635,-0.0327572524547576,0.688677549362183,-0.722450494766235
0.570118486881256,0.0296594873070716,1.04868590831757,0.046231772750616,-0.031756442040205,0.688178300857544,-0.723370432853699
0.570144593715668,0.0297959316521883,1.04866635799408,0.0461239367723465,-0.0320495925843715,0.688021004199982,-0.723514080047607
0.5702064037323,0.0298783052712678,1.04866421222687,0.0461372174322605,-0.0322696827352047,0.687923729419708,-0.723595857620239
0.5702064037323,0.0298783052712678,1.04866421222687,0.0461372174322605,-0.0322696827352047,0.687923729419708,-0.723595857620239
0.570249021053314,0.0301384963095188,1.04860103130341,0.0460514724254608,-0.033087570220232,0.687813699245453,-0.723668992519379
0.570272326469421,0.0302571579813957,1.04858338832855,0.0460172109305858,-0.0331527777016162,0.687672555446625,-0.723802328109741
0.570313036441803,0.030378557741642,1.04855108261108,0.0459200255572795,-0.0335017330944538,0.687538206577301,-0.723920047283173
0.570349216461182,0.030496971681714,1.04852342605591,0.0468824915587902,-0.0332086719572544,0.687056243419647,-0.72432941198349
0.570079445838928,0.0310978144407272,1.04765665531158,0.046086635440588,-0.0349726192653179,0.686637699604034,-0.724694192409515
0.570080697536469,0.031228594481945,1.04768764972687,0.0460339374840259,-0.0353643000125885,0.686369121074677,-0.724932909011841
0.570216536521912,0.0309039447456598,1.04831075668335,0.0523784644901752,-0.0359248593449592,0.686565577983856,-0.724288403987885
0.570115566253662,0.0315148048102855,1.04755961894989,0.0460542179644107,-0.0361404977738857,0.685590386390686,-0.725629806518555
0.570125758647919,0.0317195355892181,1.04746735095978,0.0458481796085834,-0.0365960001945495,0.685290038585663,-0.725903809070587
0.570210516452789,0.0319030582904815,1.04749774932861,0.0455618761479854,-0.0368360131978988,0.684988558292389,-0.726194202899933
0.570349156856537,0.0318818725645542,1.04769563674927,0.0516536980867385,-0.0381599143147468,0.684746742248535,-0.725946068763733
0.570654809474945,0.0317168720066547,1.0481516122818,0.0519365556538105,-0.0374779030680656,0.684390068054199,-0.726297616958618
0.57111531496048,0.0324977785348892,1.04781186580658,0.0488463900983333,-0.0386172719299793,0.68458503484726,-0.726268529891968
0.571094930171967,0.0327209308743476,1.04771184921265,0.0486582107841968,-0.0386552810668945,0.68415093421936,-0.726688146591187
0.571116387844086,0.0328791551291942,1.04763114452362,0.0492941662669181,-0.0383619777858257,0.683125555515289,-0.727624773979187
0.571391701698303,0.0327825210988521,1.04779529571533,0.0486283041536808,-0.0384869463741779,0.682997405529022,-0.72778332233429
0.571113884449005,0.0333163850009441,1.04744291305542,0.049327328801155,-0.0389530844986438,0.681767106056213,-0.728864312171936
0.571082532405853,0.0335687957704067,1.0473427772522,0.0494437627494335,-0.0395461730659008,0.681145846843719,-0.729405105113983
0.570644319057465,0.0363195799291133,1.04559695720673,0.0450886376202106,-0.044901505112648,0.681488752365112,-0.72905695438385
0.570691347122192,0.0363926328718662,1.04560530185699,0.0452214032411575,-0.0448888912796974,0.68072921037674,-0.729758739471436
0.570691347122192,0.0363926328718662,1.04560530185699,0.0452214032411575,-0.0448888912796974,0.68072921037674,-0.729758739471436
0.570788085460663,0.0365737713873386,1.04564213752747,0.0456333830952644,-0.0453896820545196,0.678728222846985,-0.731563806533813
0.570800602436066,0.0366549603641033,1.04564046859741,0.0460283458232879,-0.0454640053212642,0.677844285964966,-0.732353448867798
0.571106731891632,0.0364488437771797,1.04590606689453,0.0462884306907653,-0.0453691259026527,0.677641689777374,-0.732530355453491
0.571171164512634,0.0365366898477077,1.04594719409943,0.0464230924844741,-0.0453516766428947,0.676668465137482,-0.733422219753265
0.571171164512634,0.0365366898477077,1.04594719409943,0.0464230924844741,-0.0453516766428947,0.676668465137482,-0.733422219753265
0.570705890655518,0.0367924161255359,1.04536688327789,0.0471713878214359,-0.0470912791788578,0.67404979467392,-0.735672652721405
0.571236789226532,0.0367177911102771,1.045982837677,0.0469086430966854,-0.0450632460415363,0.673508882522583,-0.736311554908752
0.571229159832001,0.0367296785116195,1.04596567153931,0.0473344139754772,-0.0450353845953941,0.672413051128387,-0.737286984920502
0.570541560649872,0.0363058894872665,1.04632186889648,0.0497520789504051,-0.0456002429127693,0.671378135681152,-0.73803585767746
0.570642232894897,0.0363994799554348,1.04629421234131,0.0496812686324119,-0.0454802215099334,0.670116662979126,-0.739193439483643
0.570716559886932,0.0364860631525516,1.04627740383148,0.0489742718636989,-0.0456705763936042,0.669218003749847,-0.740042567253113
0.570275127887726,0.0366189740598201,1.04564225673676,0.05039918795228,-0.0467182137072086,0.667189180850983,-0.741711616516113
0.570267975330353,0.0367370061576366,1.04569935798645,0.0692931041121482,-0.0572841241955757,0.668732762336731,-0.738047182559967
0.570309817790985,0.0368068031966686,1.04569351673126,0.05081457644701,-0.0463632233440876,0.66470605134964,-0.743931531906128
0.570342838764191,0.0369022414088249,1.04568314552307,0.0508689396083354,-0.0463865734636783,0.663378894329071,-0.745110213756561
0.570329368114471,0.0369987227022647,1.04564547538757,0.0512760393321514,-0.0462397374212741,0.662271916866302,-0.746075510978699
0.570369780063629,0.0370618589222431,1.04562747478485,0.0514766126871109,-0.0458857230842113,0.661083221435547,-0.747136950492859
0.570865750312805,0.0369852595031261,1.04623293876648,0.0512680150568485,-0.0447572953999042,0.660218477249146,-0.747983992099762
0.570933520793915,0.0370358079671859,1.04630935192108,0.0524543076753616,-0.0446579754352569,0.65987354516983,-0.748211920261383
0.570933520793915,0.0370358079671859,1.04630935192108,0.0524543076753616,-0.0446579754352569,0.65987354516983,-0.748211920261383
0.571111679077148,0.0370601937174797,1.0462738275528,0.0527627132833004,-0.0438435710966587,0.657210528850555,-0.750578582286835
0.570666074752808,0.0372033193707466,1.04573750495911,0.029925437644124,-0.0381021834909915,0.654266119003296,-0.754710912704468
0.570738852024078,0.0372783541679382,1.04574573040009,0.0768150240182876,-0.0589037798345088,0.655098915100098,-0.749316513538361
0.570762097835541,0.0373227410018444,1.04577171802521,0.0428472831845283,-0.0415463298559188,0.652442395687103,-0.755484640598297
0.570785760879517,0.0374274961650371,1.04577171802521,0.0521389059722423,-0.042405642569065,0.650615036487579,-0.756428182125092
0.570842385292053,0.0374974012374877,1.04580974578857,0.0534704662859439,-0.0435470044612884,0.650431394577026,-0.756428241729736
0.570890188217163,0.0375077463686466,1.0458996295929,0.0533963255584239,-0.0401487238705158,0.648672699928284,-0.758129775524139
0.570954561233521,0.0375100299715995,1.04596722126007,0.0511829778552055,-0.0390699058771133,0.646370470523834,-0.760302066802979
0.570988953113556,0.0374973975121974,1.04607808589935,0.0512939132750034,-0.0417931862175464,0.645418882369995,-0.760957717895508
0.571227312088013,0.0376100353896617,1.04640090465546,0.0510525070130825,-0.0413712114095687,0.643880307674408,-0.762299358844757
0.571240544319153,0.0375801958143711,1.04644441604614,0.0513098798692226,-0.0408588796854019,0.642539918422699,-0.763439774513245
0.571605384349823,0.0374256744980812,1.04714834690094,0.0688231885433197,-0.0495375618338584,0.642852187156677,-0.76128214597702
0.571633160114288,0.0373508371412754,1.04715967178345,0.0690844506025314,-0.0486225485801696,0.641366958618164,-0.76256912946701
0.571508407592773,0.0374368876218795,1.04702270030975,0.0690303146839141,-0.0483238883316516,0.639813125133514,-0.763897180557251
0.571533918380737,0.0371544435620307,1.04700827598572,0.0506001077592372,-0.0373400971293449,0.636482656002045,-0.76872318983078
0.571335136890411,0.0373997762799263,1.04673552513123,0.0507741831243038,-0.0373093374073505,0.634587645530701,-0.77027827501297
0.571152448654175,0.0372412763535976,1.04670059680939,0.0515822507441043,-0.0369047932326793,0.633235454559326,-0.771356105804443
0.571163535118103,0.0372333489358425,1.04676008224487,0.052292563021183,-0.0365235172212123,0.631776571273804,-0.772521793842316
0.571243822574615,0.0372666642069816,1.04680263996124,0.0531812906265258,-0.0360727347433567,0.630967319011688,-0.773143470287323
0.571222722530365,0.0372320860624313,1.04687023162842,0.052265390753746,-0.0347269512712955,0.628309905529022,-0.775428295135498
0.571626842021942,0.036183264106512,1.04784214496613,0.0539705492556095,-0.0318336077034473,0.625887155532837,-0.777392506599426
0.571273267269135,0.0374282859265804,1.04671955108643,0.0532947443425655,-0.0334806591272354,0.626335978507996,-0.777008354663849
0.57137793302536,0.0374458022415638,1.04703772068024,0.054066639393568,-0.030209619551897,0.624440670013428,-0.778612971305847
0.571360766887665,0.0374184362590312,1.04700350761414,0.0539928711950778,-0.0313866063952446,0.62341845035553,-0.779390275478363
0.571233987808228,0.0373821817338466,1.04699599742889,0.0544543527066707,-0.0309115778654813,0.621855914592743,-0.780624389648438
0.571301996707916,0.0370970144867897,1.04720890522003,0.0547829791903495,-0.0297434646636247,0.620547115802765,-0.781687557697296
0.570882320404053,0.0372782759368419,1.04688215255737,0.0550156757235527,-0.0303656738251447,0.618798434734344,-0.783032357692719
0.570844948291779,0.0373415686190128,1.04695284366608,0.0551084950566291,-0.0300623849034309,0.617308676242828,-0.784212589263916
0.570780575275421,0.0373666025698185,1.04717779159546,0.0560830906033515,-0.0303558241575956,0.616683900356293,-0.784623682498932
0.570776760578156,0.0371271148324012,1.0473530292511,0.0556821525096893,-0.02929044701159,0.61475533246994,-0.78620457649231
0.570691049098969,0.0371588580310344,1.04735803604126,0.0566645562648773,-0.0297397505491971,0.614133775234222,-0.786603152751923
0.570684969425201,0.0372764691710472,1.04745471477509,0.0565306656062603,-0.0291807390749454,0.612969815731049,-0.787541031837463
0.570679426193237,0.0372814685106277,1.04749405384064,0.0565087795257568,-0.0291530936956405,0.614406406879425,-0.786423325538635
0.569777190685272,0.0375035777688026,1.04705548286438,0.0563597343862056,-0.0303608495742082,0.612111747264862,-0.788175761699677
0.569696366786957,0.0375057831406593,1.04708969593048,0.0564604066312313,-0.0302653089165687,0.610967457294464,-0.789059638977051
0.569501161575317,0.0374298058450222,1.04715704917908,0.0561905950307846,-0.0294160600751638,0.607278823852539,-0.791953146457672
0.569338321685791,0.0373594872653484,1.04721808433533,0.0492195039987564,-0.0376350916922092,0.604928314685822,-0.79386568069458
0.569177389144897,0.0374033041298389,1.04720461368561,0.0485058091580867,-0.0352032333612442,0.60107296705246,-0.796943724155426
0.569090187549591,0.0373872704803943,1.0472252368927,0.0488849505782127,-0.0347098223865032,0.600260198116302,-0.797554552555084
0.568988263607025,0.0373876132071018,1.04725217819214,0.0498111844062805,-0.0351382531225681,0.600149989128113,-0.797561407089233
0.568891823291779,0.0373599790036678,1.04728007316589,0.0490062795579433,-0.0342282690107822,0.598585784435272,-0.798825263977051
0.568766415119171,0.0373039171099662,1.0473198890686,0.049969408661127,-0.0347650162875652,0.598438382148743,-0.798852920532227
0.568647623062134,0.0372950732707977,1.04734671115875,0.0500833727419376,-0.0344979129731655,0.597759664058685,-0.799365341663361
0.568508565425873,0.0372804477810859,1.04738986492157,0.050341922789812,-0.0343947149813175,0.596983551979065,-0.799933433532715
0.568174064159393,0.0371644757688045,1.04744851589203,0.0507047362625598,-0.0347782000899314,0.596078753471375,-0.800568342208862
0.568033754825592,0.0370940417051315,1.04738712310791,0.0508313216269016,-0.0346055217087268,0.595529019832611,-0.800976812839508
0.567890644073486,0.0370075367391109,1.04740488529205,0.0508073270320892,-0.034258909523487,0.594235241413116,-0.801953554153442
0.567745685577393,0.0370132625102996,1.04733884334564,0.0505405291914939,-0.034553900361061,0.593588590621948,-0.802436470985413
0.567585289478302,0.0369571782648563,1.04732978343964,0.049970231950283,-0.0347599536180496,0.59300822019577,-0.80289226770401
0.567451596260071,0.0368911065161228,1.04731583595276,0.049827329814434,-0.0351308658719062,0.592358589172363,-0.803364455699921
0.567321717739105,0.0367658659815788,1.0473450422287,0.0497570522129535,-0.0355271436274051,0.591640889644623,-0.803880095481873
0.567178845405579,0.0366777665913105,1.04737448692322,0.0505623072385787,-0.034696128219366,0.591550171375275,-0.803932845592499
0.566943168640137,0.0365271419286727,1.04740333557129,0.0509203113615512,-0.0348672159016132,0.591042280197144,-0.804276347160339
0.566822230815887,0.036429576575756,1.04738676548004,0.0508973859250545,-0.0348784513771534,0.590661227703094,-0.804557204246521
0.566668510437012,0.0363094992935657,1.04736483097076,0.0508662424981594,-0.0352260768413543,0.59023243188858,-0.804858684539795
0.566440463066101,0.0361901633441448,1.04736220836639,0.0568078756332397,-0.0299141202121973,0.592252850532532,-0.803190350532532
0.566348314285278,0.0360481850802898,1.04733002185822,0.056740503758192,-0.0300982519984245,0.591975390911102,-0.803392589092255
0.566253900527954,0.0359345898032188,1.04730987548828,0.0570175535976886,-0.0308435522019863,0.592340409755707,-0.803075730800629
0.566191434860229,0.0358178056776523,1.04729163646698,0.0561125092208385,-0.0304256211966276,0.591535806655884,-0.803748190402985
0.566107869148254,0.0357028022408485,1.04726898670197,0.0559744834899902,-0.0306712910532951,0.591496050357819,-0.803777635097504
0.566045880317688,0.0355488508939743,1.04728424549103,0.0559336096048355,-0.030550330877304,0.591600954532623,-0.803708016872406
0.566043496131897,0.0353633426129817,1.04725694656372,0.0559828765690326,-0.0305950231850147,0.591634929180145,-0.803677797317505
0.565979421138763,0.0352407060563564,1.04723525047302,0.056389782577753,-0.0314705930650234,0.592393696308136,-0.803056359291077
0.565979421138763,0.0352407060563564,1.04723525047302,0.056389782577753,-0.0314705930650234,0.592393696308136,-0.803056359291077
0.565809786319733,0.0347898341715335,1.04732048511505,0.0561180859804153,-0.0312885306775569,0.592346549034119,-0.803117275238037
0.565698385238647,0.0346137918531894,1.04727673530579,0.0566384084522724,-0.031351514160633,0.592868089675903,-0.802693367004395
0.565590739250183,0.0344164371490478,1.04728591442108,0.0563943982124328,-0.0314462929964065,0.593431115150452,-0.802290678024292
0.56551730632782,0.0342257358133792,1.04726243019104,0.0570925697684288,-0.0322186425328254,0.594764828681946,-0.801222443580627
0.565474450588226,0.0339979454874992,1.04728519916534,0.0558677837252616,-0.0326683260500431,0.594567656517029,-0.801436722278595
0.565406739711761,0.0337278693914413,1.04723751544952,0.048809640109539,-0.0391356386244297,0.592319250106812,-0.803270816802979
0.565338253974915,0.0334884189069271,1.04728722572327,0.0493862144649028,-0.0400280728936195,0.593659460544586,-0.802201569080353
0.56523871421814,0.0332346074283123,1.04727935791016,0.0483800508081913,-0.0399091802537441,0.593855679035187,-0.802123427391052
0.565176129341125,0.0330351069569587,1.0472491979599,0.047987014055252,-0.0404368676245212,0.594508171081543,-0.801637172698975
0.565190672874451,0.03279585018754,1.04725015163422,0.0475727058947086,-0.0403961688280105,0.595398664474487,-0.80100280046463
0.565291345119476,0.0326167866587638,1.04722797870636,0.0476770997047424,-0.0420143529772758,0.598869264125824,-0.798321545124054
0.565267264842987,0.0324097536504268,1.04723346233368,0.0484058745205402,-0.04346364736557,0.599665105342865,-0.797602355480194
0.565218031406403,0.0322163254022598,1.04720747470856,0.048512227833271,-0.0444130003452301,0.600985407829285,-0.796549201011658
0.565218687057495,0.0319019071757793,1.04726541042328,0.0470898412168026,-0.044016595929861,0.601204752922058,-0.796491086483002
0.565222024917603,0.0317382514476776,1.04719436168671,0.0466287061572074,-0.0433358959853649,0.600461959838867,-0.797115504741669
0.565205931663513,0.0315177924931049,1.0472412109375,0.045908436179161,-0.0462964698672294,0.601954817771912,-0.795863926410675
0.565156698226929,0.0312688834965229,1.04722356796265,0.0442445501685142,-0.0437956862151622,0.601276099681854,-0.796612441539764
0.565194189548492,0.0309403017163276,1.04728889465332,0.0538725294172763,-0.0354284048080444,0.606827199459076,-0.792214155197144
0.565184354782104,0.0306615009903907,1.04731953144073,0.0533009879291057,-0.0352089218795299,0.607982277870178,-0.791376650333405
0.565088093280792,0.0303480420261621,1.04731166362762,0.0525643937289714,-0.0379989445209503,0.608747482299805,-0.790708303451538
0.565058887004852,0.0300556421279907,1.04730904102325,0.052156638354063,-0.0376426987349987,0.609847128391266,-0.789904594421387
0.565015852451324,0.0297868736088275,1.04730904102325,0.0516226850450038,-0.0381079949438571,0.610675573348999,-0.789277076721191
0.564992368221283,0.0294130966067314,1.04734563827515,0.0511955060064792,-0.0379409156739711,0.611711084842682,-0.788510739803314
0.564901530742645,0.0291848238557577,1.04732477664948,0.050836257636547,-0.0384015403687953,0.61278623342514,-0.787676274776459
0.565645933151245,0.0287560075521469,1.047776222229,0.0496897287666797,-0.0368413254618644,0.614071071147919,-0.786822974681854
0.565645933151245,0.0287560075521469,1.047776222229,0.0496897287666797,-0.0368413254618644,0.614071071147919,-0.786822974681854
0.565379619598389,0.0280858166515827,1.04776871204376,0.0492735989391803,-0.0372861512005329,0.616202771663666,-0.785159885883331
0.565863907337189,0.0271329842507839,1.04843640327454,0.0723175629973411,-0.0478039197623729,0.616138994693756,-0.782852292060852
0.565517961978912,0.0271879751235246,1.04818785190582,0.0711851492524147,-0.0518731363117694,0.617157101631165,-0.781894564628601
0.565371453762054,0.0268372893333435,1.04826664924622,0.0710540637373924,-0.0478945970535278,0.617864012718201,-0.781601965427399
0.564684510231018,0.0271945167332887,1.04761028289795,0.070130169391632,-0.0545868463814258,0.619737803936005,-0.779761016368866
0.564684510231018,0.0271945167332887,1.04761028289795,0.070130169391632,-0.0545868463814258,0.619737803936005,-0.779761016368866
0.564451694488525,0.0266201328486204,1.04762959480286,0.0468397438526153,-0.040915235877037,0.621755003929138,-0.780738532543182
0.56438422203064,0.0263435244560241,1.04768073558807,0.0464044623076915,-0.0409576222300529,0.622616171836853,-0.780075788497925
0.564302146434784,0.0260948482900857,1.04768466949463,0.0458582863211631,-0.0410200394690036,0.6237912774086,-0.77916544675827
0.564237654209137,0.0258437190204858,1.04770636558533,0.045316644012928,-0.041501197963953,0.624711811542511,-0.778433859348297
0.564175188541412,0.0256133433431386,1.04772162437439,0.0448440201580524,-0.041737113147974,0.625771462917328,-0.777597069740295
0.564082682132721,0.0253529101610183,1.04774975776672,0.044528279453516,-0.0419877804815769,0.626659035682678,-0.776886522769928
0.563987493515015,0.0251365043222904,1.04774653911591,0.0436927080154418,-0.0392512194812297,0.627140879631042,-0.776688277721405
0.564013779163361,0.024950822815299,1.04781448841095,0.0429370999336242,-0.0422967262566089,0.628600895404816,-0.775389134883881
0.564013779163361,0.024950822815299,1.04781448841095,0.0429370999336242,-0.0422967262566089,0.628600895404816,-0.775389134883881
0.563846349716187,0.0244103260338306,1.0478812456131,0.0417334400117397,-0.0423730425536632,0.630471765995026,-0.773930311203003
0.563832998275757,0.0238207280635833,1.04806017875671,0.0387103632092475,-0.0394627749919891,0.62593811750412,-0.777911126613617
0.563791334629059,0.0236251056194305,1.04801166057587,0.0377032309770584,-0.0396377444267272,0.626767754554749,-0.777283430099487
0.564216017723083,0.023682864382863,1.04791665077209,0.0376975424587726,-0.0360142067074775,0.628584980964661,-0.775991499423981
0.564006745815277,0.0234313644468784,1.04788434505463,0.0375263057649135,-0.0373553968966007,0.629438579082489,-0.775244116783142
0.56339156627655,0.0230767130851745,1.04726099967957,0.0409450717270374,-0.0425626076757907,0.636846005916595,-0.768725693225861
0.563269376754761,0.0228467043489217,1.04728817939758,0.0404368601739406,-0.0427818484604358,0.638031780719757,-0.767756521701813
0.563089847564697,0.0226018875837326,1.0472766160965,0.039717860519886,-0.0426138751208782,0.63914954662323,-0.766873180866241
0.563341975212097,0.0222687721252441,1.04795110225677,0.0389414094388484,-0.0418610721826553,0.640724539756775,-0.765639185905457
0.563162088394165,0.0220507886260747,1.04798352718353,0.0389291867613792,-0.0399956069886684,0.641521036624908,-0.765072345733643
0.56278395652771,0.0219955202192068,1.04761362075806,0.0384641624987125,-0.0410953238606452,0.642368614673615,-0.764326095581055
0.562579929828644,0.0217868406325578,1.04768323898315,0.0379842966794967,-0.0411599799990654,0.643698394298553,-0.763226985931396
0.562187373638153,0.0214382670819759,1.04749858379364,0.0377060323953628,-0.040159348398447,0.645013988018036,-0.762182712554932
0.561977326869965,0.0212072432041168,1.04756331443787,0.0375745706260204,-0.0433363169431686,0.646443068981171,-0.760803163051605
0.561684370040894,0.0209147334098815,1.04766440391541,0.0376551412045955,-0.0434192419052124,0.647879600524902,-0.759571552276611
0.561465322971344,0.0210309997200965,1.04840457439423,0.0370448529720306,-0.043999221175909,0.649624407291412,-0.758076548576355
0.561346471309662,0.0204356424510478,1.04782426357269,0.0373209305107593,-0.0431029610335826,0.650812208652496,-0.757094979286194
0.561594009399414,0.0201307628303766,1.04851889610291,0.0369012989103794,-0.042109377682209,0.652730405330658,-0.75551849603653
0.561394333839417,0.0199491288512945,1.04859018325806,0.0365629084408283,-0.0418316163122653,0.654222130775452,-0.754259049892426
0.561299800872803,0.0196607988327741,1.0486364364624,0.0363197177648544,-0.0383522808551788,0.655375599861145,-0.753453969955444
0.560845553874969,0.0195521470159292,1.04798305034637,0.0361994169652462,-0.0388583950698375,0.65644907951355,-0.752498686313629
0.560711622238159,0.019323781132698,1.04804718494415,0.0343592092394828,-0.041728813201189,0.656770586967468,-0.75215071439743
0.560078203678131,0.017699722200632,1.04906845092773,0.0586534403264522,-0.0490087755024433,0.660501718521118,-0.746924042701721
0.560948967933655,0.0174502655863761,1.05027937889099,0.0366417691111564,-0.0369710996747016,0.658406376838684,-0.750860571861267
0.560810387134552,0.0172701478004455,1.05043244361877,0.0364241525530815,-0.0365265272557735,0.659542977809906,-0.749894857406616
0.560693740844727,0.0171936079859733,1.05068743228912,0.0352527871727943,-0.034064408391714,0.660776853561401,-0.748979806900024
0.559614062309265,0.0166761893779039,1.04958295822144,0.0379873663187027,-0.0374013930559158,0.661068737506866,-0.748429179191589
0.560362875461578,0.018023245036602,1.04976534843445,0.054262738674879,-0.0467211827635765,0.66765570640564,-0.741018533706665
0.560195624828339,0.0178263150155544,1.04983592033386,0.0542520731687545,-0.0450986549258232,0.668886303901672,-0.740009546279907
0.559799790382385,0.0177514962852001,1.04945766925812,0.0540449023246765,-0.0490092821419239,0.670183062553406,-0.738601446151733
0.559998869895935,0.0173522066324949,1.04990351200104,0.0536874569952487,-0.0480904877185821,0.671524465084076,-0.737468600273132
0.559951901435852,0.0171931702643632,1.04995632171631,0.0542554482817649,-0.0461986549198627,0.672002494335175,-0.737112402915955
0.559368371963501,0.0170811973512172,1.04943263530731,0.0547075606882572,-0.0483088791370391,0.672863304615021,-0.736157774925232
0.559235513210297,0.0168846528977155,1.04956829547882,0.0546365976333618,-0.0432755798101425,0.673386096954346,-0.735998094081879
0.559086740016937,0.0167320054024457,1.04966771602631,0.0548144914209842,-0.0472294203937053,0.673956632614136,-0.735219180583954
0.558885872364044,0.0165632292628288,1.04975211620331,0.054588284343481,-0.0469964817166328,0.6744065284729,-0.734838247299194
0.55958217382431,0.016962768509984,1.04937052726746,0.0336221829056739,-0.0348922088742256,0.672604441642761,-0.738414108753204
0.559416472911835,0.0168259665369987,1.04938554763794,0.0341085791587829,-0.0361099764704704,0.673168003559113,-0.737819492816925
0.559780478477478,0.0165854282677173,1.04990458488464,0.0338000059127807,-0.0349107459187507,0.67421954870224,-0.736930727958679
0.559689998626709,0.0164189208298921,1.04981982707977,0.0339886397123336,-0.0346403494477272,0.674872636795044,-0.736336708068848
0.559069156646729,0.0117702893912792,1.05272102355957,0.0434379093348979,-0.0309385787695646,0.673504054546356,-0.737257301807404
0.559185922145844,0.0116958767175674,1.05256807804108,0.042915653437376,-0.0307905301451683,0.673872411251068,-0.736957430839539
0.559287011623383,0.0117776459082961,1.05240631103516,0.0406737960875034,-0.0318509750068187,0.673666656017303,-0.737227499485016
0.559358954429626,0.0115114776417613,1.05242168903351,0.0406526252627372,-0.0310097187757492,0.673927009105682,-0.737026631832123
0.559452533721924,0.0113940360024571,1.05245888233185,0.0393782369792461,-0.0309788212180137,0.674673855304718,-0.736413538455963
0.560061573982239,0.0173000637441873,1.04871451854706,0.0264358911663293,-0.0393664129078388,0.677493214607239,-0.733998894691467
0.559470415115356,0.0171478688716888,1.04873108863831,0.0273033790290355,-0.0405628532171249,0.677393674850464,-0.733993947505951
0.559279501438141,0.0168285090476274,1.04900670051575,0.0280969534069299,-0.0405282713472843,0.677551031112671,-0.733820497989655
0.559388697147369,0.0162960719317197,1.04947710037231,0.0286498367786407,-0.0397665984928607,0.678006887435913,-0.733419716358185
0.559147298336029,0.0164309032261371,1.04918026924133,0.0296099986881017,-0.0401715599000453,0.677536368370056,-0.733794152736664
0.558975219726562,0.0162520110607147,1.04906284809113,0.0300672333687543,-0.0402140356600284,0.677665114402771,-0.73365443944931
0.559112012386322,0.0162076279520988,1.04918813705444,0.0298410542309284,-0.040085345506668,0.678017616271973,-0.733345031738281
0.559235990047455,0.016168275848031,1.04926931858063,0.0295652244240045,-0.0399504676461219,0.678201138973236,-0.733193933963776
0.559344530105591,0.0161624755710363,1.04929137229919,0.0293628796935081,-0.0399382002651691,0.67838728427887,-0.733030378818512
0.559451222419739,0.0161444228142499,1.04930520057678,0.0293516255915164,-0.0395249910652637,0.678624868392944,-0.732833325862885
0.559609293937683,0.0161126311868429,1.04933035373688,0.0290926098823547,-0.0394476614892482,0.678695797920227,-0.732782065868378
0.559727072715759,0.0161232259124517,1.04933381080627,0.0279761981219053,-0.0401600636541843,0.679042339324951,-0.732465744018555
0.55987948179245,0.0161288492381572,1.04936957359314,0.0287866983562707,-0.0394464135169982,0.678934216499329,-0.732573330402374
0.560084640979767,0.0161924362182617,1.04937529563904,0.0283121857792139,-0.0393026545643806,0.679064452648163,-0.73247891664505
0.56054151058197,0.0159282982349395,1.04966390132904,0.0285186674445867,-0.0378698408603668,0.679580748081207,-0.732067286968231
0.560657560825348,0.0159201174974441,1.04962420463562,0.0289068184792995,-0.0364892594516277,0.679113864898682,-0.732555329799652
0.560817301273346,0.015922138467431,1.04961323738098,0.0278927981853485,-0.0378068275749683,0.679498016834259,-0.732171535491943
0.560963571071625,0.0159337241202592,1.04963481426239,0.0278145670890808,-0.0377130135893821,0.679466307163239,-0.732208788394928
0.561108589172363,0.0159224681556224,1.04962980747223,0.0281383525580167,-0.0374834351241588,0.679481625556946,-0.732193946838379
0.561020314693451,0.0162005331367254,1.0493665933609,0.0279494039714336,-0.0379084534943103,0.678878784179688,-0.732738375663757
0.561182916164398,0.0161855444312095,1.04937410354614,0.0274616535753011,-0.0381715111434459,0.678413987159729,-0.733173429965973
0.56112140417099,0.0165343023836612,1.04912579059601,0.0261342152953147,-0.0391582399606704,0.678254008293152,-0.733317911624908
0.561423420906067,0.0165836401283741,1.04921412467957,0.0257428996264934,-0.038852222263813,0.678033888339996,-0.733551561832428
0.56163626909256,0.016617402434349,1.04920792579651,0.0471024513244628,-0.0491857305169105,0.680460512638092,-0.729613363742828
0.562205791473389,0.0160653945058584,1.04959499835968,0.02692636474967,-0.036222755908966,0.677309274673462,-0.734312653541565
0.562359631061554,0.0160958673804998,1.04963350296021,0.0475326515734195,-0.0473713912069797,0.679981231689453,-0.730152249336243
0.562551856040955,0.0159700848162174,1.04963195323944,0.0262838657945394,-0.0363268926739692,0.676630616188049,-0.734956204891205
0.562669575214386,0.0158488564193248,1.04960417747498,0.0482911318540573,-0.0458974316716194,0.67892986536026,-0.731174230575562
0.562821447849274,0.0158251002430915,1.04961502552032,0.0268846377730369,-0.03523550927639,0.675516724586487,-0.736011445522308
0.563002586364746,0.0157801173627376,1.04967880249023,0.0282364338636398,-0.0343103036284446,0.674650132656097,-0.736799001693726
0.563193500041962,0.0158391669392585,1.04969620704651,0.0280838385224342,-0.0338688232004642,0.674052476882935,-0.737371921539307
0.563359320163727,0.0158622916787862,1.04973793029785,0.0283453576266765,-0.0331984534859657,0.67345005273819,-0.737942755222321
0.563457846641541,0.0159607771784067,1.04974091053009,0.028522053733468,-0.0326961949467659,0.672846555709839,-0.738508582115173
0.563371896743774,0.0162341762334108,1.04957687854767,0.0285689271986484,-0.0330543369054794,0.671994566917419,-0.739266216754913
0.563371896743774,0.0162341762334108,1.04957687854767,0.0285689271986484,-0.0330543369054794,0.671994566917419,-0.739266216754913
0.56360000371933,0.0161958038806915,1.04974937438965,0.0495736747980117,-0.0429312363266944,0.673834025859833,-0.735966742038727
0.563758194446564,0.0161934122443199,1.04981136322021,0.0291286762803792,-0.0314655154943466,0.670660436153412,-0.740524172782898
0.563934624195099,0.016269501298666,1.04987490177155,0.0282881874591112,-0.031320072710514,0.670206069946289,-0.740974128246307
0.564061224460602,0.0162484180182218,1.0499541759491,0.0297110099345445,-0.0300593227148056,0.669579327106476,-0.741537153720856
0.564179241657257,0.0162672791630029,1.05001080036163,0.0303322263062,-0.0292308498173952,0.669411659240723,-0.74169647693634
0.564179241657257,0.0162672791630029,1.05001080036163,0.0303322263062,-0.0292308498173952,0.669411659240723,-0.74169647693634
0.564421474933624,0.0163002796471118,1.05016458034515,0.0296609923243522,-0.0287548061460256,0.668499708175659,-0.74256420135498
0.564798295497894,0.016028955578804,1.05042827129364,0.030029609799385,-0.0272798463702201,0.668302834033966,-0.742782294750214
0.56497848033905,0.0161014236509799,1.05048489570618,0.0313477776944637,-0.0258136726915836,0.668009400367737,-0.743044078350067
0.565082728862762,0.0161347892135381,1.0505485534668,0.0307674501091241,-0.0256443861871957,0.667835831642151,-0.743230164051056
0.565151929855347,0.0162436682730913,1.05046141147614,0.0308852419257164,-0.0256068706512451,0.667249262332916,-0.743753254413605
0.565299928188324,0.0163126997649669,1.0504457950592,0.0319313071668148,-0.0244865398854017,0.666828155517578,-0.744124352931976
0.565426588058472,0.0163616109639406,1.05051875114441,0.0321379005908966,-0.0240516420453786,0.666450202465057,-0.744468212127686
0.565540015697479,0.0164294317364692,1.05053389072418,0.0322747267782688,-0.0234924033284187,0.66584050655365,-0.745025455951691
0.565708041191101,0.0165411103516817,1.05053639411926,0.0321286059916019,-0.0231485124677419,0.665505766868591,-0.745341539382935
0.565826535224915,0.0165843516588211,1.05053377151489,0.0310144126415252,-0.0232697799801826,0.66519021987915,-0.745666563510895
0.565969169139862,0.0166764371097087,1.05057084560394,0.0323669277131557,-0.0222473181784153,0.664467453956604,-0.746284425258636
0.566050350666046,0.0167141873389482,1.05061662197113,0.0327194780111312,-0.0215969737619161,0.664221465587616,-0.746507167816162
0.565697431564331,0.0172725152224302,1.05071496963501,0.032808668911457,-0.0229092240333557,0.663578033447266,-0.747036099433899
0.565771341323853,0.0173124857246875,1.05076789855957,0.0330209359526634,-0.0225527081638574,0.663082122802734,-0.747477889060974
0.56587427854538,0.0174069721251726,1.05085325241089,0.033173594623804,-0.0224116556346416,0.662538707256317,-0.747956991195679
0.565934240818024,0.017493138089776,1.05091273784637,0.0334645621478557,-0.0221534632146358,0.662147641181946,-0.748298048973083
0.566477835178375,0.0172245576977729,1.05081069469452,0.0333876721560955,-0.0205201059579849,0.661755621433258,-0.748694658279419
0.566451370716095,0.0175226666033267,1.05082058906555,0.0332920439541339,-0.02085299231112,0.661252975463867,-0.749133706092834
0.566591382026672,0.0173844862729311,1.05075538158417,0.0339595153927803,-0.0200403481721878,0.660719811916351,-0.749596178531647
0.566653907299042,0.0174542274326086,1.05076026916504,0.0342326685786247,-0.0198517516255378,0.660359919071198,-0.749906003475189
0.566707015037537,0.0175398997962474,1.05076539516449,0.0346996337175369,-0.0196656305342912,0.660030841827393,-0.750179052352905
0.566759407520294,0.0176040865480899,1.05075967311859,0.0348056890070438,-0.0194287747144699,0.659782946109772,-0.750398337841034
0.566797852516174,0.0176881402730941,1.05076229572296,0.0352113358676433,-0.0164846163243055,0.659117162227631,-0.751034677028656
0.566826462745667,0.0177770610898733,1.05076432228088,0.0341909676790237,-0.0168677996844053,0.658964455127716,-0.751207292079926
0.566847860813141,0.0178621504455804,1.05076336860657,0.0355478636920452,-0.0190150309354066,0.658854722976685,-0.751189351081848
0.566868901252747,0.0179980788379907,1.05074572563171,0.0356875322759151,-0.0192036945372819,0.658454477787018,-0.751528739929199
0.566460013389587,0.0182701554149389,1.05023849010468,0.0361619144678115,-0.0202476307749748,0.657918095588684,-0.751948237419128
0.566479325294495,0.0183432772755622,1.05021905899048,0.0363519079983234,-0.0202153157442808,0.657737910747528,-0.752097547054291
0.56673538684845,0.0185658112168312,1.05002331733704,0.0358371622860431,-0.0197884012013673,0.657700181007385,-0.752166569232941
0.566743731498718,0.0186871439218521,1.05000448226929,0.0361124351620674,-0.0196809619665145,0.65764194726944,-0.752207159996033
0.56631988286972,0.0192992910742759,1.05005848407745,0.0359234996140003,-0.0215725135058164,0.657353043556213,-0.752416908740997
0.566702008247375,0.018978850916028,1.04997038841248,0.0363988205790519,-0.0202588681131601,0.657453954219818,-0.752342283725739
0.566922664642334,0.018921123817563,1.05053019523621,0.0366787500679492,-0.0197209622710943,0.657727003097534,-0.752104520797729
0.566933035850525,0.0190201792865991,1.0505086183548,0.0368558168411254,-0.0196398198604583,0.657664239406586,-0.752152740955353
0.566936492919922,0.0191229414194822,1.05048155784607,0.0370086394250392,-0.0198713541030883,0.657737672328949,-0.752074897289276
0.566770553588867,0.0194689854979515,1.04980230331421,0.0368576012551784,-0.020642951130867,0.657454133033752,-0.752309441566467
0.566828310489655,0.0196345429867506,1.04976534843445,0.0368032976984977,-0.0207535065710544,0.657515287399292,-0.75225555896759
0.565762639045715,0.0122207067906856,1.05448472499847,0.0545686073601245,-0.0110174380242824,0.654720842838287,-0.753818035125732
0.565762341022491,0.0123573010787367,1.05441343784332,0.0546264685690403,-0.0112667540088295,0.654841482639313,-0.753705263137817
0.565775811672211,0.0125937461853027,1.05431914329529,0.0544431693851947,-0.0116001833230257,0.655024945735931,-0.753554105758667
0.565792918205261,0.013102687895298,1.05414116382599,0.0537483990192413,-0.0124463178217411,0.655351042747498,-0.753306806087494
0.56582373380661,0.0134234093129634,1.05399096012115,0.0533558502793312,-0.0128713315352797,0.65560507774353,-0.753106594085693
0.565829753875732,0.013660829514265,1.05389881134033,0.053136721253395,-0.0133286770433187,0.655873835086823,-0.752880036830902
0.56580525636673,0.0140889473259449,1.05363631248474,0.0526089593768119,-0.0140801453962922,0.656316101551056,-0.752517938613892
0.565783739089966,0.014287831261754,1.05352985858917,0.0527325235307216,-0.0144949425011873,0.656694114208221,-0.752171576023102
0.565804064273834,0.0145166227594017,1.05339455604553,0.0524720549583435,-0.0149856433272361,0.657112419605255,-0.751814782619476
0.565364122390747,0.0153217473998665,1.05337142944336,0.0518913827836513,-0.0173308681696653,0.657338619232178,-0.751606822013855
0.565711557865143,0.0150986621156334,1.05344355106354,0.0519657544791698,-0.0165954865515232,0.657869219779968,-0.751153945922852
0.56573224067688,0.0153040373697876,1.05331587791443,0.0517818219959735,-0.0170532893389463,0.658223986625671,-0.750845491886139
0.565739870071411,0.015435779467225,1.0532203912735,0.0517230778932571,-0.0173235423862934,0.658545255661011,-0.750561714172363
0.565772831439972,0.0155893610790371,1.05309212207794,0.0517278276383876,-0.0177663005888462,0.65893280506134,-0.750210762023926
0.56578528881073,0.0156588032841682,1.05303168296814,0.0518854334950447,-0.0179332215338945,0.659282624721527,-0.749888479709625
0.565615236759186,0.0155965704470872,1.05273115634918,0.0522845201194286,-0.018385674804449,0.659455239772797,-0.749698042869568
0.565855264663696,0.0158368479460477,1.05286681652069,0.0516567267477512,-0.0185106806457042,0.659835875034332,-0.749403536319733
0.566227495670319,0.0158563032746315,1.0532968044281,0.0514132902026176,-0.0180265940725803,0.660580575466156,-0.748775720596313
0.565250277519226,0.0156282503157854,1.05200231075287,0.0531401261687278,-0.0197133049368858,0.660252809524536,-0.748901844024658
0.565264821052551,0.0157556999474763,1.0519425868988,0.0529383569955825,-0.0200875084847211,0.660631120204926,-0.74857234954834
0.565264821052551,0.0157556999474763,1.0519425868988,0.0529383569955825,-0.0200875084847211,0.660631120204926,-0.74857234954834
0.565946877002716,0.016212897375226,1.05264818668365,0.0513963811099529,-0.0199402775615453,0.661759734153748,-0.747686386108398
0.565933287143707,0.0162566415965557,1.05261874198914,0.0515318550169467,-0.0201545655727386,0.662143588066101,-0.747331380844116
0.5661860704422,0.0160717293620109,1.05286955833435,0.0516313463449478,-0.0195268001407384,0.662839651107788,-0.746723830699921
0.566148817539215,0.0160272382199764,1.05283451080322,0.0518649145960807,-0.0197857599705457,0.663176000118256,-0.746402084827423
0.566096305847168,0.0160132609307765,1.05284464359283,0.051997996866703,-0.0204016175121068,0.663490474224091,-0.746096789836884
0.566046059131622,0.0161340590566396,1.05271136760712,0.0518779978156089,-0.0207263529300689,0.664071261882782,-0.745579302310944
0.566022336483002,0.016099939122796,1.05269730091095,0.0520557351410388,-0.0209726355969905,0.664466261863708,-0.745208024978638
0.565652847290039,0.016180582344532,1.05218636989594,0.052306093275547,-0.022011712193489,0.664472103118896,-0.745155274868011
0.566153109073639,0.0160852931439876,1.05267608165741,0.0519487261772155,-0.0209352206438779,0.665377974510193,-0.744402647018433
0.566242396831512,0.0161764379590749,1.05256235599518,0.0516462735831737,-0.0210234001278877,0.665829122066498,-0.744017720222473
0.566242396831512,0.0161764379590749,1.05256235599518,0.0516462735831737,-0.0210234001278877,0.665829122066498,-0.744017720222473
0.566468715667725,0.0163909122347831,1.05228900909424,0.0507313907146453,-0.020846264436841,0.666374385356903,-0.743597388267517
0.566651821136475,0.0168384239077568,1.05196690559387,0.0496641881763935,-0.0211656540632247,0.666939318180084,-0.743153691291809
0.567652225494385,0.0235290322452783,1.04757928848267,0.034297227859497,-0.0298940874636173,0.669914186000824,-0.741043210029602
0.567527830600739,0.0234454032033681,1.04764795303345,0.0345762595534324,-0.0301200579851865,0.670271277427673,-0.740698218345642
0.567403137683868,0.0234064385294914,1.04773604869843,0.0348813533782959,-0.0303818583488464,0.67054557800293,-0.740424811840057
0.56729656457901,0.0233424808830022,1.04783427715302,0.0351529903709888,-0.0304855816066265,0.670824527740479,-0.740154981613159
0.567189276218414,0.023281879723072,1.04793679714203,0.0354468710720539,-0.0305925048887729,0.671125769615173,-0.739863395690918
0.567034482955933,0.0231735911220312,1.04799735546112,0.0359530411660671,-0.0305709037929773,0.67147433757782,-0.739523649215698
0.566931486129761,0.0231831893324852,1.04800498485565,0.0362575277686119,-0.0278834216296672,0.671542048454285,-0.739553391933441
0.566921710968018,0.0231931488960981,1.04803192615509,0.0362631380558013,-0.027863809838891,0.671798706054688,-0.739320755004883
0.566870093345642,0.0232135374099016,1.04802215099335,0.0363802127540111,-0.0306935720145702,0.672543883323669,-0.738525032997131
0.566827297210693,0.0232204478234052,1.0479964017868,0.0365074090659618,-0.0307394210249185,0.672924339771271,-0.738170146942139
0.566770434379578,0.0232645384967327,1.04797863960266,0.0555605925619602,-0.0414508022367954,0.674996793270111,-0.734557211399078
0.566739141941071,0.0232947934418916,1.04794180393219,0.0357854850590229,-0.0312978960573673,0.673795163631439,-0.737387299537659
0.566739141941071,0.0232947934418916,1.04794180393219,0.0357854850590229,-0.0312978960573673,0.673795163631439,-0.737387299537659
0.566694617271423,0.0233969204127788,1.04789209365845,0.0364240705966949,-0.0305417254567146,0.673779249191284,-0.737402200698853
0.566662192344666,0.0234781242907047,1.04786324501038,0.055843535810709,-0.0408549979329109,0.676588714122772,-0.733103096485138
0.566638290882111,0.0235368087887763,1.04784846305847,0.0374437123537063,-0.0305486228317022,0.675127923488617,-0.736116349697113
0.566607713699341,0.0236062407493591,1.04781770706177,0.0367681421339511,-0.0305862352252006,0.674889028072357,-0.736367762088776
0.566565752029419,0.0236706733703613,1.04778575897217,0.0373471602797508,-0.0304567664861679,0.675013601779938,-0.736229777336121
0.566535174846649,0.0237281285226345,1.0477739572525,0.0364742912352085,-0.0309000331908464,0.675588011741638,-0.735728025436401
0.566456079483032,0.0238420031964778,1.04772281646729,0.0369542427361011,-0.0304522700607776,0.675601840019226,-0.735710084438324
0.566408634185791,0.0239062570035457,1.04771590232849,0.037669114768505,-0.0302232895046472,0.675959229469299,-0.735354781150818
0.566363036632538,0.023985493928194,1.04771053791046,0.037966102361679,-0.0300736688077449,0.676322400569916,-0.735011696815491
0.566317737102509,0.0240640640258789,1.04770219326019,0.038180261850357,-0.0298266075551509,0.676612317562103,-0.734743773937225
0.566224753856659,0.0240948982536792,1.04770624637604,0.0388214252889156,-0.0296637788414955,0.67706698179245,-0.734297871589661
0.566224753856659,0.0240948982536792,1.04770624637604,0.0388214252889156,-0.0296637788414955,0.67706698179245,-0.734297871589661
0.566668093204498,0.0235793069005012,1.04852914810181,0.0395285598933696,-0.0273260455578565,0.677762150764465,-0.733709335327148
0.566439270973206,0.023970041424036,1.04829728603363,0.0393487140536308,-0.0279836058616638,0.67782998085022,-0.733631610870361
0.566429972648621,0.0240538176149129,1.04829382896423,0.0394202172756195,-0.0277121663093566,0.678065776824951,-0.733420014381409
0.566379547119141,0.0241852588951587,1.04825305938721,0.0385002493858337,-0.028293328359723,0.678724229335785,-0.732837438583374
0.566349804401398,0.0242638178169727,1.04825627803802,0.0396113768219947,-0.0276014413684606,0.678801715373993,-0.732732832431793
0.566300630569458,0.0243633203208446,1.0482485294342,0.0572172328829765,-0.0377363823354244,0.682167232036591,-0.727976739406586
0.566242516040802,0.0244768094271421,1.04821503162384,0.0390209257602691,-0.0277242008596658,0.679801225662231,-0.731832683086395
0.566307365894318,0.0247121956199407,1.04814088344574,0.0572361089289188,-0.0373730733990669,0.682991325855255,-0.727220892906189
0.565655946731567,0.0254836361855268,1.04736709594727,0.0386265479028224,-0.0297432374209165,0.680182993412018,-0.731419503688812
0.565634191036224,0.0255968291312456,1.04734778404236,0.0580796152353286,-0.0385393090546131,0.683292746543884,-0.726809859275818
0.565613448619843,0.0257409829646348,1.04728364944458,0.040988989174366,-0.0292045753449201,0.681924879550934,-0.72968864440918
0.565660178661346,0.025797251611948,1.04722738265991,0.0397473610937595,-0.0287980083376169,0.680976033210754,-0.730658948421478
0.565770745277405,0.0258461404591798,1.04712319374084,0.0409136228263378,-0.028782345354557,0.682588815689087,-0.729088604450226
0.566861152648926,0.0263026785105466,1.04745876789093,0.0377375669777393,-0.027999335899949,0.683873116970062,-0.728086292743683
0.565832138061523,0.0256169755011796,1.0477260351181,0.041021142154932,-0.0285995695739984,0.683526396751404,-0.728210985660553
0.566140532493591,0.0256886165589094,1.04788935184479,0.0407085120677948,-0.0281837154179811,0.68404495716095,-0.727757573127747
0.566132009029388,0.0258695147931575,1.04785215854645,0.04066988453269,-0.0284262541681528,0.684403121471405,-0.727413356304169
0.566132009029388,0.0258695147931575,1.04785215854645,0.04066988453269,-0.0284262541681528,0.684403121471405,-0.727413356304169
0.56612765789032,0.0261569172143936,1.04779899120331,0.0408976413309574,-0.028976684436202,0.685092628002167,-0.726729571819305
0.566137492656708,0.0262689180672168,1.04776477813721,0.0419358126819133,-0.028601661324501,0.685265302658081,-0.726522445678711
0.566242277622223,0.026498258113861,1.04764711856842,0.0417355149984359,-0.0288040991872549,0.685737669467926,-0.726080298423767
0.566260039806366,0.0266146399080753,1.04760134220123,0.0418605171144008,-0.0291570853441953,0.686114430427551,-0.725702881813049
0.566274762153625,0.0267335381358861,1.04753863811493,0.0419755652546882,-0.0294247400015592,0.686454832553864,-0.725363492965698
0.566535174846649,0.0265709292143583,1.04769003391266,0.0420847609639167,-0.0289248842746019,0.687042593955994,-0.724820494651794
0.566315829753876,0.0269300211220979,1.04743766784668,0.0420669242739677,-0.0300300400704145,0.687150299549103,-0.724674463272095
0.566630601882935,0.0267229955643415,1.0476279258728,0.0414134003221988,-0.030172811821103,0.688147187232971,-0.723759710788727
0.566590368747711,0.0267793480306863,1.04757857322693,0.0438041239976882,-0.0263032894581556,0.687795162200928,-0.724104464054108
0.566351592540741,0.0271763820201158,1.04729127883911,0.0424549654126167,-0.0277425907552242,0.686440885066986,-0.725414991378784
0.566480994224548,0.0273771490901708,1.04719042778015,0.0425711832940578,-0.0278070047497749,0.687105476856232,-0.724776327610016
0.566516995429993,0.0275074318051338,1.04711902141571,0.0411964766681194,-0.0301465112715959,0.687826693058014,-0.724077820777893
0.566626071929932,0.0277825128287076,1.04697072505951,0.0415506213903427,-0.0326320976018905,0.688076138496399,-0.723712682723999
0.566676914691925,0.0279114302247762,1.0469092130661,0.0417320616543293,-0.0332373306155204,0.688373327255249,-0.723391950130463
0.566887974739075,0.0281621627509593,1.04694128036499,0.0407711826264858,-0.0325640514492988,0.689078211784363,-0.722806036472321
0.566478490829468,0.0282832644879817,1.04650616645813,0.0412065535783767,-0.035360399633646,0.689308345317841,-0.722430527210236
0.566884696483612,0.0283969324082136,1.04667103290558,0.0408615916967392,-0.0352561809122562,0.689798414707184,-0.721987247467041
0.566953897476196,0.0285247601568698,1.04661703109741,0.0407005734741687,-0.0345157347619533,0.690443694591522,-0.721415102481842
0.567053854465485,0.0286522563546895,1.04656982421875,0.0408034063875675,-0.0348893031477928,0.690755844116211,-0.721092402935028
0.567135989665985,0.02877345867455,1.04651963710785,0.0411080680787563,-0.0354651510715484,0.691070139408112,-0.72074568271637
0.567269921302795,0.0289631728082895,1.04643571376801,0.0410530045628547,-0.03605892136693,0.691368639469147,-0.720433056354523
0.567344844341278,0.029079120606184,1.046471118927,0.041590005159378,-0.0350728929042816,0.691252052783966,-0.720562875270844
0.567428052425385,0.0291881952434778,1.04642570018768,0.0424664504826068,-0.0348144173622131,0.691142380237579,-0.720629513263702
0.567806541919708,0.0290620028972625,1.04666829109192,0.0425471179187297,-0.0344247706234455,0.69159334897995,-0.720210611820221
0.568088531494141,0.0293286498636007,1.04654204845428,0.0412240289151668,-0.0354259274899959,0.692064046859741,-0.719786763191223
0.568195462226868,0.0294747240841388,1.04645240306854,0.0410573594272136,-0.0358412079513073,0.692121088504791,-0.719720840454102
0.568478107452393,0.0295390374958515,1.04640686511993,0.0411238372325897,-0.0359959229826927,0.692377507686615,-0.719462752342224
0.568650543689728,0.0295838005840778,1.04638874530792,0.041866011917591,-0.0353161059319973,0.692245364189148,-0.719580709934235
0.568767130374908,0.029694365337491,1.04626572132111,0.0409114807844162,-0.0365563333034515,0.692716717720032,-0.719119906425476
0.568632006645203,0.0300593972206115,1.04594433307648,0.0405063889920711,-0.0389868728816509,0.692906856536865,-0.718831956386566
0.568773567676544,0.0301124062389135,1.04590713977814,0.040933821350336,-0.0376421585679054,0.692647933959961,-0.719128847122192
0.568907022476196,0.0301556959748268,1.04583728313446,0.0421109236776828,-0.0377956926822662,0.692157566547394,-0.719524800777435
0.56907320022583,0.0301680006086826,1.04579865932465,0.0421737283468246,-0.0376167893409729,0.692008256912231,-0.719674170017242
0.569254100322723,0.0301416125148534,1.04573154449463,0.0427681766450405,-0.0381865426898002,0.691866397857666,-0.719745516777039
0.569425702095032,0.030144315212965,1.04568481445312,0.0420165918767452,-0.0388972200453281,0.692151248455048,-0.719477713108063
0.569711208343506,0.0301818680018186,1.04558885097504,0.041363064199686,-0.0399331077933311,0.692509531974792,-0.719114065170288
0.569852888584137,0.0301984027028083,1.04555940628052,0.0414969697594642,-0.0403421968221664,0.692249536514282,-0.719333827495575
0.570009648799896,0.0302156899124383,1.04552268981934,0.0415056012570858,-0.0406004264950752,0.692037642002106,-0.719522714614868
0.570150315761566,0.0302063263952732,1.04550278186798,0.0417098328471183,-0.0408796370029449,0.691863834857941,-0.719662129878998
0.570308208465576,0.0301932487636804,1.04548454284668,0.0417157858610153,-0.0410378910601139,0.691866338253021,-0.719650387763977
0.570463597774506,0.0301810167729854,1.04546797275543,0.0426944568753242,-0.0405058935284614,0.691349804401398,-0.720119476318359
0.570638358592987,0.0301467459648847,1.04546093940735,0.0427324399352073,-0.0373415909707546,0.690881073474884,-0.720737874507904
0.570964097976685,0.0301832426339387,1.04555523395538,0.0416086390614509,-0.0377517901360988,0.691283702850342,-0.720395982265472
0.571157813072205,0.0301424916833639,1.04541087150574,0.0417322106659412,-0.0377040654420852,0.691267549991608,-0.720406889915466
0.571375787258148,0.0301649458706378,1.04538655281067,0.0419984348118305,-0.036227062344551,0.690966427326202,-0.720755994319916
0.571519196033478,0.0301447343081235,1.04538810253143,0.042536087334156,-0.0383729226887226,0.690623939037323,-0.720941603183746
0.571686565876007,0.0301172584295272,1.04539525508881,0.0420085228979587,-0.0398014970123767,0.690995097160339,-0.720539391040802
0.572107017040253,0.0297692455351352,1.0456428527832,0.0424608066678047,-0.0363538190722465,0.690963268280029,-0.72072559595108
0.572244763374329,0.0297276638448238,1.0456600189209,0.0430748239159584,-0.037912368774414,0.690991520881653,-0.720581650733948
0.572390973567963,0.0296770315617322,1.04568588733673,0.0439400225877761,-0.0369156822562217,0.690749168395996,-0.720813512802124
0.572535693645477,0.0296130906790494,1.04570376873016,0.0440134070813655,-0.0371624939143657,0.69070827960968,-0.720835506916046
0.572679579257965,0.0295416098088026,1.04571998119354,0.0432463102042675,-0.0375980958342552,0.691285848617554,-0.720305562019348
0.572858095169067,0.0294337030500173,1.04573881626129,0.0428584478795528,-0.039163950830698,0.691609442234039,-0.719934582710266
0.573011457920074,0.0293512679636478,1.04574859142303,0.043476115912199,-0.0375001057982444,0.691417932510376,-0.720170080661774
0.573042392730713,0.0296033099293708,1.04547739028931,0.0429942347109317,-0.0383936166763305,0.691107034683228,-0.720450282096863
0.573259353637695,0.0295687187463045,1.04548144340515,0.0428476370871067,-0.0381843745708465,0.691017985343933,-0.720555603504181
0.573396623134613,0.0294464360922575,1.04550576210022,0.0425830222666263,-0.0369023717939853,0.691068768501282,-0.720589280128479
0.573530375957489,0.0292568653821945,1.04556167125702,0.043169405311346,-0.0366861373186111,0.690517842769623,-0.721093356609344
0.573667168617249,0.0291370302438735,1.0455904006958,0.0437455959618091,-0.0380133353173732,0.690311431884766,-0.721187591552734
0.573667168617249,0.0291370302438735,1.0455904006958,0.0437455959618091,-0.0380133353173732,0.690311431884766,-0.721187591552734
0.573940098285675,0.0288198553025722,1.04559350013733,0.0441880337893962,-0.0380132794380188,0.689876437187195,-0.721576750278473
0.574053049087524,0.0286823846399784,1.04560387134552,0.0437147915363311,-0.0405425280332565,0.690465092658997,-0.720904588699341
0.574086427688599,0.0284628495573997,1.04567623138428,0.0446479134261608,-0.0393713787198066,0.690203845500946,-0.721162497997284
0.57419753074646,0.0283095370978117,1.04569506645203,0.044733352959156,-0.0391817837953567,0.690067231655121,-0.721298158168793
0.574302911758423,0.0281546860933303,1.04571032524109,0.0449579618871212,-0.0381341278553009,0.689323127269745,-0.722051501274109
0.574557185173035,0.0281081609427928,1.04572510719299,0.0441861562430858,-0.039658673107624,0.689405739307404,-0.721938073635101
0.574941575527191,0.0276623200625181,1.04600703716278,0.0444611236453056,-0.0386980958282947,0.689294397830963,-0.722079575061798
0.57503205537796,0.0275661051273345,1.04603564739227,0.0443575456738472,-0.038872804492712,0.68901664018631,-0.722341656684875
0.575102031230927,0.0274329483509063,1.04609251022339,0.0447420664131641,-0.0388615168631076,0.688634216785431,-0.722683191299438
0.5751793384552,0.0273188650608062,1.04613268375397,0.0448662005364894,-0.0389472395181655,0.688259959220886,-0.723027348518372
0.575248897075653,0.0272073894739151,1.04617345333099,0.0449303053319454,-0.0390978083014488,0.687968313694,-0.723292708396912
0.575331151485443,0.0270940046757459,1.04622447490692,0.0450292080640792,-0.0389664396643638,0.687595725059509,-0.723647832870483
0.575512290000916,0.0270153600722551,1.04627525806427,0.044699553400278,-0.0389730222523212,0.687347829341888,-0.72390341758728
0.575490355491638,0.026836834847927,1.04637122154236,0.0452236831188201,-0.0389987304806709,0.686754941940308,-0.724431931972504
0.575550973415375,0.0267170406877994,1.04639029502869,0.0452633537352085,-0.0391265079379081,0.686585664749146,-0.724583029747009
0.57562267780304,0.0265841670334339,1.04643070697784,0.0453645251691341,-0.0390578359365463,0.686299502849579,-0.724851429462433
0.576423466205597,0.0223956778645515,1.04905414581299,0.052420288324356,-0.0309869889169931,0.684121072292328,-0.726822078227997
0.57646381855011,0.0224104020744562,1.04899561405182,0.0519677624106407,-0.0313460752367973,0.684045374393463,-0.726910471916199
0.576512277126312,0.0223815906792879,1.04892206192017,0.052125010639429,-0.0314784310758113,0.68366938829422,-0.72724711894989
0.576550662517548,0.0223171468824148,1.0489090681076,0.0529176779091358,-0.0311523489654064,0.683221220970154,-0.727624893188477
0.576626300811768,0.0222492963075637,1.0488588809967,0.0528595447540283,-0.0312055945396423,0.683083772659302,-0.727755904197693
0.576661229133606,0.0222216416150331,1.04882574081421,0.0527418591082096,-0.0312791354954242,0.682964622974396,-0.727873086929321
0.576699376106262,0.0221877787262201,1.04879188537598,0.0478923581540584,-0.0375371165573596,0.680592834949493,-0.730130672454834
0.576699793338776,0.0223159231245517,1.04874157905579,0.0482977405190467,-0.0370578989386558,0.680892586708069,-0.729848861694336
0.576710343360901,0.0223285593092441,1.04869103431702,0.0730598270893096,-0.0459345765411853,0.68421459197998,-0.724156558513641
0.576643586158752,0.0222341604530811,1.04872012138367,0.0526286140084266,-0.0323289856314659,0.682634294033051,-0.728145241737366
0.576423048973083,0.0223978087306022,1.04854559898376,0.0529131516814231,-0.031598724424839,0.681930303573608,-0.728815972805023
0.576440036296844,0.0223770979791879,1.04853069782257,0.0523429997265338,-0.0344313941895961,0.682714760303497,-0.727993965148926
0.576458156108856,0.0223768949508667,1.04849517345428,0.0521087683737278,-0.0314390063285827,0.68242746591568,-0.728415489196777
0.576476275920868,0.0223815944045782,1.04847002029419,0.0519032105803489,-0.0308594070374965,0.681918025016785,-0.728931903839111
0.576500117778778,0.0223732478916645,1.04844748973846,0.0509085394442081,-0.0317825376987457,0.682213604450226,-0.728685677051544
0.576509416103363,0.0223776772618293,1.04836583137512,0.0507622472941875,-0.0358421131968498,0.682369410991669,-0.7283616065979
0.576547384262085,0.0223376881331205,1.04834079742432,0.0506610833108425,-0.0360228456556797,0.682283282279968,-0.728440284729004
0.576555669307709,0.02232576161623,1.04831027984619,0.0513035804033279,-0.0356968343257904,0.681890547275543,-0.728779196739197
0.576709747314453,0.0223417785018682,1.04823279380798,0.0509252771735191,-0.0365150868892669,0.682277798652649,-0.728402614593506
0.576708376407623,0.0223152618855237,1.04821562767029,0.049934409558773,-0.0365530587732791,0.681926012039185,-0.728798627853394
0.576738774776459,0.0222632586956024,1.04819571971893,0.0496154092252254,-0.0368161760270595,0.681803584098816,-0.72892165184021
0.576721847057343,0.0222292691469192,1.04816043376923,0.0502693988382816,-0.0360126048326492,0.681400954723358,-0.729293525218964
0.576773166656494,0.0220734756439924,1.04810380935669,0.0501885153353214,-0.0358803384006023,0.681255757808685,-0.729441106319427
0.576731741428375,0.0220478512346744,1.0480842590332,0.0500857047736644,-0.036088652908802,0.681235253810883,-0.729457080364227
0.576756536960602,0.0220018960535526,1.0480580329895,0.0499826483428478,-0.03613917902112,0.681182026863098,-0.729511320590973
0.576757252216339,0.0219472367316484,1.04803431034088,0.0491312928497791,-0.0367629304528236,0.681483387947083,-0.729256510734558
0.576754212379456,0.0219021514058113,1.04800724983215,0.0492881089448928,-0.0368779078125953,0.681406438350677,-0.729312062263489
0.576740860939026,0.0218673888593912,1.04800069332123,0.0492046438157558,-0.0370588973164558,0.681391954421997,-0.729322016239166
0.576740860939026,0.0218673888593912,1.04800069332123,0.0492046438157558,-0.0370588973164558,0.681391954421997,-0.729322016239166
0.57670521736145,0.0217966251075267,1.04798197746277,0.0489940233528614,-0.0375841222703456,0.681214809417725,-0.729474782943726
0.576682150363922,0.0217354781925678,1.04798305034637,0.0489939115941524,-0.0380593314766883,0.681211709976196,-0.729453027248383
0.576779782772064,0.021766135469079,1.04805409908295,0.0485458001494407,-0.0381354428827762,0.681182444095612,-0.729506433010101
0.576666593551636,0.0216330923140048,1.04810523986816,0.0487849302589893,-0.0382850132882595,0.681092739105225,-0.729566395282745
0.576638102531433,0.0215930398553609,1.04811358451843,0.0485268197953701,-0.037949051707983,0.681141555309296,-0.729555428028107
0.576471149921417,0.0214520879089832,1.04802048206329,0.0488000772893428,-0.038141805678606,0.681069850921631,-0.729594230651855
0.576436042785645,0.0213944185525178,1.04802584648132,0.048539500683546,-0.038231648504734,0.681042850017548,-0.729632079601288
0.576394557952881,0.0213161669671535,1.04803824424744,0.0485202521085739,-0.0383450537919998,0.681032478809357,-0.729637026786804
0.576209962368011,0.021189721301198,1.04806900024414,0.048811886459589,-0.0385830402374267,0.680942714214325,-0.729688882827759
0.576449036598206,0.0208412557840347,1.04832112789154,0.0495948642492294,-0.0371984876692295,0.680909633636475,-0.729738771915436
0.576111257076263,0.0210311710834503,1.04806876182556,0.0494696758687496,-0.0382246561348438,0.680672287940979,-0.729915738105774
0.576071083545685,0.0209477879106998,1.04809010028839,0.0485058054327964,-0.0388246364891529,0.68092143535614,-0.729716360569
0.576023399829865,0.0208439119160175,1.04809510707855,0.0486414730548858,-0.0384175069630146,0.680576086044312,-0.730050921440125
0.575974881649017,0.0207613911479711,1.04811596870422,0.0485276766121387,-0.0386937521398067,0.680525064468384,-0.730091512203217
0.575919091701508,0.0206325110048055,1.04813647270203,0.0482981950044631,-0.0394703187048435,0.681010186672211,-0.729612648487091
0.575765013694763,0.0206522122025489,1.04805612564087,0.0482011474668979,-0.0398829393088817,0.681145787239075,-0.729470074176788
0.575704157352448,0.0205790568143129,1.04805970191956,0.0480273552238941,-0.0399677827954292,0.681184709072113,-0.72944039106369
0.575660824775696,0.0204906482249498,1.04807031154633,0.0479095354676246,-0.0400388240814209,0.681206524372101,-0.729423940181732
0.575580418109894,0.0204096343368291,1.04807555675507,0.0478138402104377,-0.040212444961071,0.681239604949951,-0.729389905929565
0.575822234153748,0.0199577566236257,1.04838967323303,0.0480902008712291,-0.0392128825187683,0.681415677070618,-0.729261517524719
0.575772643089294,0.0198561698198318,1.04840064048767,0.0480180270969867,-0.039292138069868,0.681383550167084,-0.729292094707489
0.575728714466095,0.0197274163365364,1.0484299659729,0.0480111688375473,-0.0392840914428234,0.681364834308624,-0.729310512542725
0.575685143470764,0.0196032598614692,1.04845416545868,0.0479827336966991,-0.0394441075623035,0.681341052055359,-0.729325890541077
0.575639843940735,0.0194583274424076,1.04848003387451,0.0478571355342865,-0.0393981151282787,0.681394279003143,-0.729286909103394
0.575589716434479,0.0193048790097236,1.04849815368652,0.047974731773138,-0.039432018995285,0.681359827518463,-0.729309618473053
0.57545131444931,0.0190891213715076,1.04858016967773,0.0482133105397224,-0.0397268682718277,0.681207060813904,-0.72942042350769
0.575417280197144,0.018896572291851,1.04864048957825,0.0483221299946308,-0.0396024249494075,0.681171536445618,-0.729453265666962
0.575364530086517,0.0187779329717159,1.04865002632141,0.0483445189893245,-0.0396227203309536,0.68117368221283,-0.729448616504669
0.575385630130768,0.0184754803776741,1.04879450798035,0.0485482476651668,-0.039040558040142,0.681237041950226,-0.729407429695129
0.575336396694183,0.0183756239712238,1.04884147644043,0.0485675334930419,-0.0390556454658508,0.681290805339813,-0.729355037212372
0.5752934217453,0.0182649046182632,1.04888367652893,0.0484067909419536,-0.0390459448099136,0.681346356868744,-0.729314386844635
0.574974238872528,0.0184291582554578,1.04866766929626,0.0482816584408283,-0.0398646742105484,0.681136667728424,-0.729474186897278
0.575183689594269,0.0180292353034019,1.04896402359009,0.0486094690859317,-0.038807064294815,0.681349635124207,-0.729310631752014
0.574856877326965,0.0182052925229072,1.04875838756561,0.0490044020116329,-0.0379600003361702,0.680800437927246,-0.729841351509094
0.574816226959229,0.0181112363934516,1.04879665374756,0.0490108504891395,-0.0379802882671356,0.680863916873932,-0.729780733585358
0.575088202953339,0.0176751799881458,1.04909133911133,0.0486807897686958,-0.0386971905827522,0.681560277938843,-0.729114711284637
0.575056433677673,0.0175612084567546,1.04914498329163,0.0487168990075588,-0.0384635291993618,0.681609213352203,-0.729078948497772
0.575015366077423,0.0174140743911266,1.0492285490036,0.0489126965403556,-0.0383552871644496,0.681551218032837,-0.72912585735321
0.574976921081543,0.0172788072377443,1.0492776632309,0.0490780808031559,-0.0379887521266937,0.681575059890747,-0.729111433029175
0.574858546257019,0.0172743760049343,1.04925215244293,0.0491395369172096,-0.0379954874515533,0.68172961473465,-0.728962481021881
0.574831545352936,0.017140133306384,1.04933619499207,0.0492303222417831,-0.0376199446618557,0.681751906871796,-0.728955090045929
0.57479453086853,0.017027873545885,1.04940950870514,0.0495601929724216,-0.0367371402680873,0.681325018405914,-0.72937673330307
0.574771523475647,0.016904130578041,1.04947102069855,0.0495672561228275,-0.0368447117507457,0.681760966777802,-0.728963375091553
0.574764847755432,0.0167873594909906,1.04955053329468,0.0496743991971015,-0.0364547632634639,0.681725323200226,-0.729008913040161
0.574747323989868,0.0166797079145908,1.04961812496185,0.049867920577526,-0.0360044315457344,0.681653022766113,-0.729085743427277
0.574382305145264,0.0167772844433784,1.04950773715973,0.0502294301986694,-0.0366672612726688,0.681251525878906,-0.729403138160706
0.574380874633789,0.0166678391396999,1.04958152770996,0.0504585094749927,-0.0366058051586151,0.681173741817474,-0.729463040828705
0.575158298015594,0.0171595606952905,1.04927909374237,0.0482218451797962,-0.0357681475579738,0.681595861911774,-0.729261517524719
0.574958503246307,0.0171097908169031,1.04938137531281,0.048641849309206,-0.0354007147252559,0.681412279605865,-0.729423224925995
0.574434638023376,0.0163720045238733,1.04980397224426,0.0511288531124591,-0.0350712612271308,0.680788457393646,-0.729851305484772
0.574693560600281,0.0164003893733024,1.04984426498413,0.0518063195049762,-0.0339973345398902,0.680376768112183,-0.730238139629364
0.574489533901215,0.0162298865616321,1.04991209506989,0.0517446659505367,-0.0346280597150325,0.680437326431274,-0.730156421661377
0.574649751186371,0.0162354223430156,1.04989540576935,0.0516606755554676,-0.0342491827905178,0.680342555046082,-0.730268537998199
0.57471090555191,0.0161643922328948,1.04995322227478,0.053292416036129,-0.0315424129366874,0.679417014122009,-0.731134414672852
0.575052857398987,0.0158647615462541,1.05021417140961,0.0526429302990436,-0.0311955939978361,0.679699301719666,-0.730934023857117
0.575102627277374,0.0158320553600788,1.05023837089539,0.0535720959305763,-0.0302564371377229,0.679269134998322,-0.731305718421936
0.575179755687714,0.0158022847026586,1.05026733875275,0.0537419393658638,-0.0300709400326013,0.679093480110168,-0.731463968753815
0.575241386890411,0.0157945752143859,1.05029213428497,0.0543967969715595,-0.0299382768571376,0.678892910480499,-0.73160719871521
0.575263738632202,0.0158721338957548,1.05026376247406,0.0543820485472679,-0.0300463214516639,0.67886209487915,-0.73163253068924
0.575152516365051,0.0158174745738506,1.05031657218933,0.0543160401284694,-0.0304011739790439,0.678658425807953,-0.731811761856079
0.575077950954437,0.0158232059329748,1.05033075809479,0.0540817342698574,-0.0324277468025684,0.678798794746399,-0.731611847877502
0.574829280376434,0.0166880507022142,1.04916226863861,0.0517864674329757,-0.0347598008811473,0.678900599479675,-0.731576442718506
0.575018107891083,0.0166829135268926,1.04923439025879,0.0516575686633586,-0.0346699617803096,0.678803384304047,-0.731679856777191
