x,y,z,q0,q1,q2,q3
-0.611713707447052,0.423650503158569,0.935831487178802,-0.621733546257019,0.0792910531163215,0.474490791559219,0.618076801300049
-0.610917806625366,0.427281260490417,0.938372611999512,0.611593127250671,-0.0750771164894104,-0.481965750455856,-0.622917771339417
-0.611977398395538,0.430343419313431,0.94044041633606,0.618705928325653,-0.0657794699072837,-0.472861438989639,-0.623921692371368
-0.611664056777954,0.434888541698456,0.945179104804993,0.610613286495209,-0.073666512966156,-0.480029881000519,-0.625536501407623
-0.610904514789581,0.438152313232422,0.947516024112701,0.61023360490799,-0.0658699050545692,-0.480197727680206,-0.626646876335144
-0.611203491687775,0.441246807575226,0.950571656227112,0.605077683925629,-0.0667397305369377,-0.483311593532562,-0.629155516624451
-0.611111223697662,0.443893432617188,0.952937424182892,0.603093802928925,-0.0632934048771858,-0.484563797712326,-0.63045209646225
-0.611192762851715,0.445144057273865,0.953367292881012,0.606254816055298,-0.0499457195401191,-0.480805218219757,-0.631495833396912
-0.610992431640625,0.447530508041382,0.955383360385895,0.604294776916504,-0.0463589243590831,-0.48204493522644,-0.632701694965363
-0.610824584960938,0.450577527284622,0.959123909473419,0.597295880317688,-0.054537396878004,-0.488558202981949,-0.633698999881744
-0.610828757286072,0.452248781919479,0.960768580436706,0.596478283405304,-0.0516456104815006,-0.48938062787056,-0.634076535701752
-0.610861241817474,0.453767657279968,0.962422847747803,0.595617711544037,-0.050639122724533,-0.490723729133606,-0.633928537368774
-0.610936403274536,0.454908192157745,0.963742792606354,0.595989525318146,-0.0485329143702983,-0.490663796663284,-0.63379031419754
-0.611090660095215,0.454801559448242,0.963079154491425,0.600915431976318,-0.0367797538638114,-0.486522346735001,-0.633122444152832
-0.610976696014404,0.456458985805511,0.965708494186401,0.595642268657684,-0.0458138100802898,-0.492194980382919,-0.633131563663483
-0.610529541969299,0.456958115100861,0.966101467609406,0.599076867103577,-0.0413957089185714,-0.49057474732399,-0.631450653076172
-0.611026287078857,0.457172274589539,0.967009544372559,0.597000241279602,-0.0458779335021972,-0.493226677179336,-0.631041646003723
-0.610674381256104,0.457141637802124,0.966808259487152,0.599878549575806,-0.042204663157463,-0.491009533405304,-0.630296766757965
-0.610756278038025,0.456962287425995,0.966786980628967,0.600252449512482,-0.0431298911571502,-0.490766823291779,-0.630067467689514
-0.611419320106506,0.455328822135925,0.965323805809021,0.602280139923096,-0.0392060540616512,-0.488374829292297,-0.630247235298157
-0.611094295978546,0.4554682970047,0.966119349002838,0.592877984046936,-0.0513878725469112,-0.497861832380295,-0.6308633685112
-0.611101865768433,0.454906851053238,0.965328454971314,0.59999418258667,-0.0500024519860744,-0.490728944540024,-0.629834949970245
-0.611782312393188,0.452470123767853,0.963098764419556,0.602065563201904,-0.0476754046976566,-0.488348811864853,-0.629888534545898
-0.611677289009094,0.451972901821136,0.963925957679748,0.594300210475922,-0.0641635507345199,-0.495522171258926,-0.630196928977966
-0.610938370227814,0.450218737125397,0.9616379737854,0.592493295669556,-0.063038595020771,-0.497075945138931,-0.630787968635559
-0.610970914363861,0.448437809944153,0.960134625434876,0.592218041419983,-0.0685384646058082,-0.496055215597153,-0.631276190280914
-0.61148476600647,0.446212291717529,0.959065496921539,0.587876737117767,-0.0810614377260208,-0.499796628952026,-0.630898892879486
-0.61165976524353,0.444131791591644,0.95725667476654,0.587788224220276,-0.0885730609297752,-0.498797416687012,-0.630762219429016
-0.611675322055817,0.441850543022156,0.955241441726685,0.586698770523071,-0.0973729938268661,-0.498150438070297,-0.630990624427795
-0.611332952976227,0.438861131668091,0.9527148604393,0.578532934188843,-0.106782108545303,-0.503041744232178,-0.633124172687531
-0.611310124397278,0.435917854309082,0.950370192527771,0.574135541915894,-0.117816053330898,-0.504616975784302,-0.633915901184082
-0.611562848091125,0.433533817529678,0.948326826095581,0.575735986232758,-0.130166888237,-0.500074625015259,-0.633648335933685
-0.611297309398651,0.429864197969437,0.945369124412537,0.563975632190704,-0.143567249178886,-0.504850506782532,-0.637531161308289
-0.612940788269043,0.426813870668411,0.942286968231201,0.564105868339539,-0.16104681789875,-0.49830225110054,-0.638391435146332
-0.611308872699738,0.422411918640137,0.93946760892868,0.547428250312805,-0.172555729746818,-0.505645632743835,-0.644103586673737
-0.611236035823822,0.418801337480545,0.936480820178986,0.531343817710876,-0.191978961229324,-0.50703352689743,-0.650949239730835
-0.611486613750458,0.415198653936386,0.933722078800201,0.520271360874176,-0.212499991059303,-0.503206014633179,-0.656464159488678
-0.612726747989655,0.41124039888382,0.930145263671875,0.509942591190338,-0.234007358551025,-0.498242050409317,-0.661025047302246
-0.612912178039551,0.407075136899948,0.926937758922577,0.494285106658935,-0.255342870950699,-0.494931399822235,-0.667476654052734
-0.613095939159393,0.402672082185745,0.923586368560791,0.47603502869606,-0.277471929788589,-0.490864932537079,-0.674871742725372
-0.61270010471344,0.397572904825211,0.92024290561676,0.455509185791016,-0.298162966966629,-0.488225370645523,-0.682089567184448
-0.612340331077576,0.392853707075119,0.917064547538757,0.433177381753922,-0.322509288787842,-0.481470078229904,-0.690312922000885
-0.613450944423676,0.387922465801239,0.913742661476135,0.421917051076889,-0.347106426954269,-0.478840529918671,-0.687178909778595
-0.613215982913971,0.3833147585392,0.910483717918396,0.402819216251373,-0.366104662418365,-0.464430242776871,-0.698576331138611
-0.6135413646698,0.378459274768829,0.907044947147369,0.378288120031357,-0.394795030355453,-0.46072593331337,-0.699118435382843
-0.613197684288025,0.373785018920898,0.903663396835327,0.36304298043251,-0.410970479249954,-0.44527205824852,-0.707839012145996
-0.614071488380432,0.369709223508835,0.90165638923645,0.344253689050674,-0.444188892841339,-0.434906810522079,-0.703592002391815
-0.614071488380432,0.369709223508835,0.90165638923645,0.344253689050674,-0.444188892841339,-0.434906810522079,-0.703592002391815
-0.614997386932373,0.358667820692062,0.896303415298462,0.324612587690353,-0.480222135782242,-0.417094528675079,-0.700032532215118
-0.615476191043854,0.353413701057434,0.892721235752106,0.321607917547226,-0.491933882236481,-0.407449096441269,-0.698966801166534
-0.615575671195984,0.347956508398056,0.889624238014221,0.316797435283661,-0.497768968343735,-0.397114872932434,-0.702968895435333
-0.616301834583282,0.343618512153625,0.887638211250305,0.326379388570786,-0.519432246685028,-0.391688525676727,-0.685745239257812
-0.616301834583282,0.343618512153625,0.887638211250305,0.326379388570786,-0.519432246685028,-0.391688525676727,-0.685745239257812
-0.617449939250946,0.332553416490555,0.881629943847656,0.333796292543411,-0.532761693000793,-0.381865978240967,-0.677438735961914
-0.617671608924866,0.326532304286957,0.878140807151794,0.326841205358505,-0.530253648757935,-0.37550538778305,-0.686295568943024
-0.618383288383484,0.321941703557968,0.876128673553467,0.337536960840225,-0.538351058959961,-0.369249552488327,-0.678160607814789
-0.6192626953125,0.316252380609512,0.873432517051697,0.335452765226364,-0.548631310462952,-0.370460897684097,-0.670249223709106
-0.619964718818665,0.311732709407806,0.871691584587097,0.347383111715317,-0.55670690536499,-0.364399522542953,-0.660768806934357
-0.620521783828735,0.30645540356636,0.869490146636963,0.350245296955109,-0.559605777263641,-0.362021148204803,-0.658111095428467
-0.620872616767883,0.301006704568863,0.867349982261658,0.352391600608826,-0.555422365665436,-0.355476170778274,-0.664050459861755
-0.620872616767883,0.301006704568863,0.867349982261658,0.352391600608826,-0.555422365665436,-0.355476170778274,-0.664050459861755
-0.622150123119354,0.290637016296387,0.863384366035461,0.351263970136642,-0.567750990390778,-0.352507203817367,-0.655752420425415
-0.623175084590912,0.28492072224617,0.861950874328613,0.350554794073105,-0.56293648481369,-0.3503537774086,-0.661412239074707
-0.624087393283844,0.281029641628265,0.860163569450378,0.346648007631302,-0.574442744255066,-0.345100462436676,-0.656320214271545
-0.622893869876862,0.276955604553223,0.859624743461609,0.357471615076065,-0.581680476665497,-0.338286131620407,-0.647629916667938
-0.623030006885529,0.272556632757187,0.858494997024536,0.357088774442673,-0.584666907787323,-0.332835495471954,-0.647975981235504
-0.623030006885529,0.272556632757187,0.858494997024536,0.357088774442673,-0.584666907787323,-0.332835495471954,-0.647975981235504
-0.622995793819427,0.264560163021088,0.856877446174622,0.355720967054367,-0.594928622245789,-0.322982251644135,-0.644364237785339
-0.622740745544434,0.260757058858871,0.856110036373138,0.35528752207756,-0.59500777721405,-0.318532079458237,-0.646741092205048
-0.623990833759308,0.256680220365524,0.854864001274109,0.340591549873352,-0.594352066516876,-0.317636102437973,-0.655629575252533
-0.622158050537109,0.254203945398331,0.855272591114044,0.353154599666595,-0.602247476577759,-0.310081243515015,-0.645313322544098
-0.621609032154083,0.251260250806808,0.855102896690369,0.351524025201797,-0.604680180549622,-0.305554538965225,-0.646087646484375
-0.621151208877563,0.24887128174305,0.855107486248016,0.350698620080948,-0.609575688838959,-0.300679117441177,-0.644220411777496
-0.620449721813202,0.24641215801239,0.855093598365784,0.349767327308655,-0.608913719654083,-0.296952247619629,-0.647075176239014
-0.621245622634888,0.24366582930088,0.854691386222839,0.333132654428482,-0.60565060377121,-0.298068225383758,-0.658304989337921
-0.618902146816254,0.242437615990639,0.856060385704041,0.350353598594666,-0.614654183387756,-0.292996495962143,-0.643121838569641
-0.617770314216614,0.241582944989204,0.85614001750946,0.345367670059204,-0.615411400794983,-0.287103295326233,-0.647735893726349
-0.616762697696686,0.240722671151161,0.856711447238922,0.344968736171722,-0.617134988307953,-0.283588618040085,-0.647856831550598
-0.615600049495697,0.239943504333496,0.857305705547333,0.344666570425034,-0.617031991481781,-0.2816321849823,-0.64896821975708
-0.614561021327972,0.239242553710938,0.8581702709198,0.344824403524399,-0.617327451705933,-0.282526671886444,-0.648214280605316
-0.613415122032166,0.23905049264431,0.858892738819122,0.344338059425354,-0.615973055362701,-0.280608892440796,-0.650589942932129
-0.612127125263214,0.239560395479202,0.859590291976929,0.342071771621704,-0.617202937602997,-0.276763796806335,-0.652264654636383
-0.610865414142609,0.240012586116791,0.860511660575867,0.3415387570858,-0.617717742919922,-0.275467216968536,-0.652605473995209
-0.609569787979126,0.240209549665451,0.861425459384918,0.341918230056763,-0.613361060619354,-0.280261665582657,-0.654472053050995
-0.608001232147217,0.241223081946373,0.862094402313232,0.338972479104996,-0.610347151756287,-0.280085772275925,-0.65888237953186
-0.606860816478729,0.242051035165787,0.86322683095932,0.34070611000061,-0.607886970043182,-0.281936526298523,-0.65947300195694
-0.605620801448822,0.243195682764053,0.864251255989075,0.339538753032684,-0.605311810970306,-0.282713294029236,-0.662106037139893
-0.604027152061462,0.244751408696175,0.864900827407837,0.33705461025238,-0.599046647548676,-0.285235613584518,-0.667965590953827
-0.602612793445587,0.246217906475067,0.865936517715454,0.336104720830917,-0.595639646053314,-0.2879778444767,-0.670310258865356
-0.60139673948288,0.247489169239998,0.867103219032288,0.337907165288925,-0.589462220668793,-0.291775673627853,-0.673216164112091
-0.599999785423279,0.249363854527473,0.86806720495224,0.336060434579849,-0.585168778896332,-0.293710023164749,-0.677034318447113
-0.598493099212646,0.250694155693054,0.869006276130676,0.334309160709381,-0.571007907390594,-0.29573667049408,-0.689004480838776
-0.597553730010986,0.253018021583557,0.870323836803436,0.3348169028759,-0.575497210025787,-0.298826187849045,-0.683669090270996
-0.595924913883209,0.254421919584274,0.871405005455017,0.333382219076157,-0.561095595359802,-0.302036911249161,-0.694839417934418
-0.5947026014328,0.256274878978729,0.872684478759766,0.333191871643066,-0.55559778213501,-0.305774956941605,-0.697707772254944
-0.593502283096313,0.258163571357727,0.873955607414246,0.333072334527969,-0.550265550613403,-0.309183597564697,-0.700482785701752
-0.592557907104492,0.26046946644783,0.875450074672699,0.333566874265671,-0.553493201732635,-0.314089983701706,-0.695504188537598
-0.591225922107697,0.262026399374008,0.876603960990906,0.331951856613159,-0.540134370326996,-0.315798699855804,-0.705927729606628
-0.590122759342194,0.263874143362045,0.878052830696106,0.331969559192657,-0.535442709922791,-0.31949171423912,-0.707829415798187
-0.589078366756439,0.265778064727783,0.879517793655396,0.332093358039856,-0.531270503997803,-0.322549968957901,-0.709526062011719
-0.588083386421204,0.267553448677063,0.880923330783844,0.331842243671417,-0.526428163051605,-0.325946629047394,-0.711697340011597
-0.587138056755066,0.269260883331299,0.882332324981689,0.331628978252411,-0.522197544574738,-0.329312056303024,-0.713362216949463
-0.586264729499817,0.27083957195282,0.883825480937958,0.333025872707367,-0.518289566040039,-0.332285046577454,-0.714182317256927
-0.586264729499817,0.27083957195282,0.883825480937958,0.333025872707367,-0.518289566040039,-0.332285046577454,-0.714182317256927
-0.584703087806702,0.274031162261963,0.886601805686951,0.333008021116257,-0.509406268596649,-0.337255895137787,-0.71824061870575
-0.584035515785217,0.275482356548309,0.888002872467041,0.333114504814148,-0.507321357727051,-0.339203268289566,-0.718749642372131
-0.583712756633759,0.276973187923431,0.889605402946472,0.334942609071732,-0.512413859367371,-0.34390053153038,-0.712023913860321
-0.58408397436142,0.277352273464203,0.889938294887543,0.320765107870102,-0.495889753103256,-0.34819632768631,-0.727985322475433
-0.582328677177429,0.278904616832733,0.89200747013092,0.332089245319366,-0.498846292495727,-0.346114128828049,-0.721854746341705
-0.581918001174927,0.279872953891754,0.893306195735931,0.332842290401459,-0.497037172317505,-0.347790569067001,-0.721949994564056
-0.581317365169525,0.280619353055954,0.894636690616608,0.333588361740112,-0.493477940559387,-0.349500745534897,-0.723220407962799
-0.581603765487671,0.281674385070801,0.895769238471985,0.332834959030151,-0.499967038631439,-0.353162348270416,-0.71730774641037
-0.58237361907959,0.281365096569061,0.895863056182861,0.317845523357391,-0.485202252864838,-0.357068598270416,-0.732157826423645
-0.582247376441956,0.281812250614166,0.896948993206024,0.318131536245346,-0.485018253326416,-0.357386142015457,-0.732000708580017
-0.582361459732056,0.282377541065216,0.898150563240051,0.319335758686066,-0.491313695907593,-0.360903143882751,-0.725523591041565
-0.582437813282013,0.282553553581238,0.899099230766296,0.319112956523895,-0.490169376134872,-0.361744165420532,-0.725976765155792
-0.581981241703033,0.282227218151092,0.899754226207733,0.315926998853683,-0.480037897825241,-0.361885190010071,-0.734025180339813
-0.582043409347534,0.282076716423035,0.900614142417908,0.315328329801559,-0.480774372816086,-0.362286269664764,-0.733602523803711
-0.582596182823181,0.282189607620239,0.901628255844116,0.318191200494766,-0.487811833620071,-0.365223348140716,-0.726227164268494
-0.582457661628723,0.281427025794983,0.90191513299942,0.314601838588715,-0.476931244134903,-0.364882469177246,-0.735134720802307
-0.583162069320679,0.281068921089172,0.902762830257416,0.316919654607773,-0.48526057600975,-0.366931319236755,-0.727630019187927
-0.583451390266418,0.280367761850357,0.903254806995392,0.316129505634308,-0.484554708003998,-0.368123441934586,-0.727842152118683
-0.583594739437103,0.27899706363678,0.903574109077454,0.312833905220032,-0.474182099103928,-0.368671864271164,-0.735776841640472
-0.583823144435883,0.278183460235596,0.904048442840576,0.314537942409515,-0.475307673215866,-0.36900407075882,-0.734155654907227
-0.583317160606384,0.277673661708832,0.905063629150391,0.325341731309891,-0.476986795663834,-0.367078810930252,-0.729307532310486
-0.583858489990234,0.276611685752869,0.905353724956512,0.326367020606995,-0.476295441389084,-0.367484718561172,-0.729097008705139
-0.585995554924011,0.274987429380417,0.904703497886658,0.313802778720856,-0.47204801440239,-0.371496289968491,-0.735315561294556
-0.587092876434326,0.273908615112305,0.905213057994842,0.317165523767471,-0.480780690908432,-0.374155104160309,-0.726817727088928
-0.586100578308105,0.272583663463592,0.905972599983215,0.32667726278305,-0.477234274148941,-0.368894249200821,-0.727630794048309
-0.587261736392975,0.271295309066772,0.906291425228119,0.330052196979523,-0.483616501092911,-0.371659725904465,-0.7204509973526
-0.587629556655884,0.269379556179047,0.906141400337219,0.327816784381866,-0.475753962993622,-0.371327370405197,-0.726849615573883
-0.588536739349365,0.267822295427322,0.90630030632019,0.328373521566391,-0.478347629308701,-0.370711922645569,-0.725208342075348
-0.590898513793945,0.265581667423248,0.905510663986206,0.316032558679581,-0.474640697240829,-0.375007808208466,-0.73089587688446
-0.591782331466675,0.263746738433838,0.905477643013,0.316326469182968,-0.473673582077026,-0.375848382711411,-0.730964303016663
-0.592798829078674,0.261945486068726,0.905569314956665,0.316224932670593,-0.476369649171829,-0.375207811594009,-0.729583919048309
-0.592798829078674,0.261945486068726,0.905569314956665,0.316224932670593,-0.476369649171829,-0.375207811594009,-0.729583919048309
-0.594982504844666,0.258211851119995,0.905682444572449,0.315906167030334,-0.479554146528244,-0.375137120485306,-0.727669775485992
-0.59618866443634,0.256258517503738,0.905560851097107,0.314316689968109,-0.480588853359222,-0.375322759151459,-0.727579593658447
-0.595860242843628,0.254771828651428,0.906441748142242,0.326414883136749,-0.486178487539291,-0.371509939432144,-0.720461010932922
-0.596926271915436,0.252895444631576,0.906455338001251,0.325103342533112,-0.48804897069931,-0.371035635471344,-0.720033764839172
-0.59945946931839,0.250548124313354,0.905679225921631,0.311925113201141,-0.4858039021492,-0.374759763479233,-0.725432515144348
-0.600925922393799,0.248438775539398,0.905706346035004,0.309210896492004,-0.485282093286514,-0.375344008207321,-0.726640820503235
-0.600538849830627,0.247282862663269,0.906664609909058,0.322035282850266,-0.492529422044754,-0.371026784181595,-0.718364298343658
-0.603229284286499,0.244984239339828,0.905911386013031,0.308600127696991,-0.491757184267044,-0.373931646347046,-0.723267555236816
-0.604464769363403,0.243225961923599,0.906078577041626,0.307181775569916,-0.493918508291245,-0.373675107955933,-0.722530961036682
-0.604397356510162,0.241953313350677,0.907205402851105,0.317949324846268,-0.500201642513275,-0.37031814455986,-0.715241968631744
-0.60621589422226,0.240682750940323,0.907647252082825,0.319727808237076,-0.510649800300598,-0.37172931432724,-0.70627760887146
-0.607449889183044,0.239012539386749,0.907854557037354,0.318619757890701,-0.511729121208191,-0.373605310916901,-0.705006241798401
-0.610280334949493,0.236928552389145,0.907241463661194,0.304731756448746,-0.509015142917633,-0.378033369779587,-0.710727095603943
-0.610337674617767,0.2346381098032,0.907337784767151,0.302133530378342,-0.509571254253387,-0.377905189990997,-0.711505591869354
-0.611184060573578,0.234268575906754,0.908550024032593,0.31460627913475,-0.504915773868561,-0.375047951936722,-0.710930347442627
-0.613011479377747,0.232516020536423,0.908636808395386,0.308549553155899,-0.514481127262115,-0.379450350999832,-0.704360663890839
-0.614410758018494,0.231945723295212,0.909589767456055,0.316852152347565,-0.517021059989929,-0.379561603069305,-0.698732435703278
-0.615900576114655,0.230070754885673,0.909358739852905,0.308440774679184,-0.514591813087463,-0.382738918066025,-0.702545762062073
-0.617505967617035,0.228877812623978,0.909757971763611,0.307844310998917,-0.514417290687561,-0.385807871818542,-0.70125538110733
-0.619041442871094,0.228605091571808,0.910958051681519,0.316336780786514,-0.51876437664032,-0.384959101676941,-0.694709420204163
-0.620158910751343,0.22775462269783,0.911343455314636,0.315399140119553,-0.517350554466248,-0.387512415647507,-0.694770455360413
-0.621873319149017,0.22617669403553,0.911319017410278,0.307382583618164,-0.514661848545074,-0.391792118549347,-0.697952747344971
-0.623324275016785,0.225345373153686,0.911910235881805,0.306854456663132,-0.514951169490814,-0.394530862569809,-0.696427464485168
-0.62479430437088,0.225574553012848,0.913095772266388,0.315483838319778,-0.518927097320557,-0.393158406019211,-0.690370261669159
-0.626403272151947,0.224311172962189,0.913097977638245,0.30798676609993,-0.516063332557678,-0.398414731025696,-0.692884087562561
-0.627322256565094,0.22409662604332,0.913918316364288,0.312794178724289,-0.505629897117615,-0.39907705783844,-0.698022782802582
-0.629188597202301,0.22410461306572,0.914822101593018,0.315220087766647,-0.516103565692902,-0.402664721012115,-0.687120616436005
-0.630632638931274,0.22369772195816,0.91534286737442,0.315236389636993,-0.514838218688965,-0.406320244073868,-0.68590921163559
-0.631865203380585,0.22225783765316,0.914914608001709,0.3018938601017,-0.496158629655838,-0.412454962730408,-0.701831758022308
-0.633160769939423,0.222645938396454,0.916066408157349,0.31101456284523,-0.496837466955185,-0.414089739322662,-0.696384966373444
-0.634994626045227,0.222247689962387,0.917442321777344,0.299659818410873,-0.510850787162781,-0.421914637088776,-0.686457097530365
-0.636404395103455,0.221857875585556,0.917360663414002,0.304956883192062,-0.505340158939362,-0.425529599189758,-0.685971617698669
-0.636404395103455,0.221857875585556,0.917360663414002,0.304956883192062,-0.505340158939362,-0.425529599189758,-0.685971617698669
-0.639086425304413,0.221658661961555,0.918994188308716,0.300061702728271,-0.502266466617584,-0.433889865875244,-0.685150384902954
-0.640673339366913,0.221982881426811,0.920211970806122,0.309970170259476,-0.502268254756927,-0.436511278152466,-0.679045796394348
-0.641956388950348,0.22130760550499,0.920234084129334,0.301670610904694,-0.498700678348541,-0.441545337438583,-0.682151079177856
-0.642979979515076,0.220580756664276,0.920503556728363,0.298094004392624,-0.484780192375183,-0.443856000900268,-0.692184865474701
-0.644743025302887,0.221465140581131,0.922007441520691,0.310456871986389,-0.495337277650833,-0.447223842144012,-0.676940381526947
-0.646018505096436,0.221218794584274,0.922532737255096,0.313570618629456,-0.494109839200974,-0.449965506792068,-0.674581289291382
-0.647314250469208,0.22107583284378,0.923302888870239,0.311740309000015,-0.493327617645264,-0.452669113874435,-0.67419308423996
-0.648617446422577,0.220210537314415,0.923208236694336,0.301476389169693,-0.488507300615311,-0.457377374172211,-0.679174840450287
-0.649902999401093,0.219856202602386,0.923826694488525,0.302074491977692,-0.486825406551361,-0.460343480110168,-0.678112089633942
-0.651388168334961,0.220315307378769,0.924798488616943,0.314476728439331,-0.487061560153961,-0.45811915397644,-0.673796892166138
-0.65230917930603,0.218869864940643,0.924927115440369,0.295717120170593,-0.472186684608459,-0.463775008916855,-0.688842356204987
-0.655432820320129,0.218685269355774,0.924189388751984,0.314203441143036,-0.47270256280899,-0.462157726287842,-0.681350767612457
-0.656774401664734,0.218236893415451,0.924992620944977,0.313998728990555,-0.471567988395691,-0.464492350816727,-0.680643379688263
-0.656844794750214,0.216919392347336,0.926592588424683,0.311128675937653,-0.474225908517838,-0.474213182926178,-0.673372507095337
-0.658238172531128,0.217240810394287,0.92793881893158,0.318950921297073,-0.474286377429962,-0.474090248346329,-0.669747233390808
-0.658238172531128,0.217240810394287,0.92793881893158,0.318950921297073,-0.474286377429962,-0.474090248346329,-0.669747233390808
-0.660878360271454,0.215469151735306,0.928745985031128,0.303345650434494,-0.458137691020966,-0.479250103235245,-0.684405326843262
-0.662718296051025,0.215406864881516,0.929788708686829,0.30844646692276,-0.469839960336685,-0.481974720954895,-0.672169268131256
-0.664427220821381,0.215619802474976,0.931454002857208,0.318014442920685,-0.472162246704102,-0.481609612703323,-0.666319608688354
-0.666692078113556,0.214763164520264,0.930031895637512,0.309283196926117,-0.450011819601059,-0.478755712509155,-0.687478065490723
-0.667183518409729,0.213886559009552,0.932023108005524,0.302133321762085,-0.453430444002151,-0.487028270959854,-0.682583093643188
-0.669404029846191,0.215257257223129,0.933833599090576,0.299414932727814,-0.473406821489334,-0.483962029218674,-0.672322392463684
-0.671279907226562,0.214889571070671,0.935158014297485,0.295639365911484,-0.474184632301331,-0.485943228006363,-0.672016084194183
-0.672688782215118,0.214511871337891,0.935210347175598,0.296318262815475,-0.469156950712204,-0.489495694637299,-0.67266708612442
-0.674413084983826,0.214792415499687,0.937013030052185,0.303920209407806,-0.471206516027451,-0.490520447492599,-0.66707307100296
-0.675974607467651,0.213379427790642,0.936576724052429,0.286600202322006,-0.453447014093399,-0.494903296232224,-0.683605670928955
-0.678106486797333,0.213817059993744,0.937655448913574,0.301897913217545,-0.464093625545502,-0.496680200099945,-0.668418705463409
-0.679723858833313,0.213570430874824,0.937213838100433,0.294007122516632,-0.460845291614532,-0.500920414924622,-0.671014189720154
-0.681410610675812,0.213068455457687,0.937664926052094,0.291781902313232,-0.4460269510746,-0.502566158771515,-0.68069863319397
-0.683954000473022,0.213070943951607,0.939844310283661,0.306028574705124,-0.458624839782715,-0.504002749919891,-0.66482400894165
-0.685512244701385,0.211946189403534,0.939664781093597,0.295445770025253,-0.442990034818649,-0.507051527500153,-0.677768528461456
-0.687721312046051,0.212153181433678,0.941137909889221,0.30449640750885,-0.456126362085342,-0.511377513408661,-0.661606967449188
-0.689308941364288,0.211452528834343,0.939748406410217,0.287991940975189,-0.438744693994522,-0.514958322048187,-0.677776992321014
-0.691694557666779,0.211493939161301,0.942084193229675,0.307785958051682,-0.454123854637146,-0.515946388244629,-0.657904744148254
-0.691694557666779,0.211493939161301,0.942084193229675,0.307785958051682,-0.454123854637146,-0.515946388244629,-0.657904744148254
-0.695120394229889,0.210263326764107,0.942689478397369,0.300175547599792,-0.439381420612335,-0.519915401935577,-0.668226420879364
-0.696715474128723,0.208201721310616,0.941778004169464,0.307599723339081,-0.429250061511993,-0.528625667095184,-0.664591431617737
-0.698929905891418,0.208143308758736,0.941713869571686,0.309161365032196,-0.439139485359192,-0.535297453403473,-0.651945352554321
-0.698929905891418,0.208143308758736,0.941713869571686,0.309161365032196,-0.439139485359192,-0.535297453403473,-0.651945352554321
-0.702013194561005,0.206928879022598,0.942382276058197,0.303610056638718,-0.426781445741653,-0.537808239459991,-0.660636723041534
-0.704062879085541,0.206882387399673,0.943137228488922,0.312120795249939,-0.438864141702652,-0.541207253932953,-0.645812451839447
-0.705632209777832,0.206219866871834,0.944369435310364,0.31852975487709,-0.437643885612488,-0.542215347290039,-0.642658114433289
-0.707267165184021,0.207140848040581,0.945733785629272,0.308678418397903,-0.44630628824234,-0.539124548435211,-0.644106447696686
-0.708849668502808,0.206790015101433,0.945207953453064,0.305181175470352,-0.443797171115875,-0.542531371116638,-0.644645929336548
-0.709962069988251,0.205981105566025,0.945319473743439,0.298047125339508,-0.431673735380173,-0.543208241462708,-0.655553460121155
-0.711787045001984,0.205589070916176,0.945993304252624,0.304584383964539,-0.443555563688278,-0.547211945056915,-0.641128718852997
-0.712604343891144,0.204731151461601,0.945967793464661,0.29891237616539,-0.430153667926788,-0.547208607196808,-0.652826130390167
-0.713857412338257,0.204181477427483,0.946304202079773,0.2988241314888,-0.428627908229828,-0.549208104610443,-0.652190804481506
-0.715456008911133,0.203734710812569,0.947009384632111,0.306097477674484,-0.438999027013779,-0.55341362953186,-0.638214588165283
-0.716184616088867,0.201786771416664,0.946201324462891,0.309155136346817,-0.419037312269211,-0.55655312538147,-0.647363424301147
-0.717632174491882,0.202707871794701,0.947677969932556,0.307070165872574,-0.439169406890869,-0.556128680706024,-0.635262966156006
-0.718314409255981,0.201682418584824,0.947432994842529,0.298650473356247,-0.425264269113541,-0.556174874305725,-0.648558139801025
-0.719272792339325,0.201204255223274,0.947730779647827,0.299776166677475,-0.424816757440567,-0.556780993938446,-0.647811651229858
-0.720068752765656,0.200653344392776,0.948053538799286,0.300020128488541,-0.423659443855286,-0.558559119701385,-0.646925091743469
-0.720803618431091,0.20017597079277,0.94933944940567,0.30833712220192,-0.424430906772614,-0.557423532009125,-0.643479347229004
-0.721455216407776,0.19894377887249,0.948046565055847,0.305073082447052,-0.418338477611542,-0.563709855079651,-0.643548607826233
-0.722131013870239,0.198479175567627,0.948304772377014,0.305289655923843,-0.418530911207199,-0.563879013061523,-0.643172323703766
-0.72271317243576,0.197979941964149,0.948463678359985,0.305889576673508,-0.417831242084503,-0.564566731452942,-0.642738699913025
-0.723200798034668,0.197540536522865,0.948562741279602,0.305483669042587,-0.416897118091583,-0.56555700302124,-0.642667770385742
-0.723663032054901,0.197073057293892,0.948722720146179,0.305590242147446,-0.417303115129471,-0.566093385219574,-0.641880929470062
-0.724074006080627,0.19648340344429,0.948856592178345,0.305771142244339,-0.416501849889755,-0.567026495933533,-0.641491532325745
-0.724465548992157,0.196060553193092,0.948884785175324,0.30562898516655,-0.416632562875748,-0.56755006313324,-0.641010999679565
-0.724744319915771,0.195681303739548,0.948861122131348,0.306757688522339,-0.415771812200546,-0.567960023880005,-0.640667617321014
-0.724948883056641,0.19521002471447,0.948890566825867,0.306965559720993,-0.415063083171844,-0.568560838699341,-0.640494406223297
-0.72543865442276,0.195384845137596,0.94943118095398,0.302529811859131,-0.419520676136017,-0.566090881824493,-0.641887247562408
-0.725551426410675,0.195024266839027,0.949438214302063,0.302337914705276,-0.419438123703003,-0.566351354122162,-0.641801714897156
-0.72541731595993,0.194061189889908,0.948965549468994,0.307802647352219,-0.415057748556137,-0.568734645843506,-0.63994175195694
-0.725422203540802,0.193672180175781,0.948919415473938,0.307427018880844,-0.415064990520477,-0.569049000740051,-0.639838039875031
-0.725460588932037,0.193386301398277,0.948948979377747,0.307749509811401,-0.415139049291611,-0.568884551525116,-0.639781355857849
-0.725458562374115,0.193084448575974,0.948892831802368,0.307602852582932,-0.415433883666992,-0.568183362483978,-0.640283644199371
-0.725458562374115,0.193084448575974,0.948892831802368,0.307602852582932,-0.415433883666992,-0.568183362483978,-0.640283644199371
-0.726838827133179,0.192512065172195,0.94945615530014,0.315274059772491,-0.425544261932373,-0.570615530014038,-0.627624452114105
-0.724976360797882,0.191804975271225,0.948545575141907,0.30547034740448,-0.413916319608688,-0.569685220718384,-0.640952408313751
-0.724754869937897,0.191473945975304,0.948448598384857,0.305384367704391,-0.413459241390228,-0.570152997970581,-0.640872597694397
-0.724559128284454,0.191207259893417,0.948317170143127,0.305867552757263,-0.41306346654892,-0.56993955373764,-0.641087114810944
-0.724316716194153,0.190945014357567,0.948195099830627,0.306085914373398,-0.41326779127121,-0.569442868232727,-0.64129239320755
-0.724091470241547,0.190653339028358,0.948098123073578,0.305702358484268,-0.41321074962616,-0.568450152873993,-0.642391979694366
-0.723813652992249,0.190402194857597,0.947976469993591,0.305320680141449,-0.413150459527969,-0.568267345428467,-0.642773926258087
-0.723813652992249,0.190402194857597,0.947976469993591,0.305320680141449,-0.413150459527969,-0.568267345428467,-0.642773926258087
-0.723122537136078,0.189971312880516,0.94774055480957,0.304951459169388,-0.413427889347076,-0.567576348781586,-0.64338093996048
-0.722886621952057,0.190303638577461,0.948161363601685,0.301692962646484,-0.417369812726974,-0.564808487892151,-0.644806385040283
-0.722563326358795,0.190089657902718,0.948043346405029,0.301507174968719,-0.417566955089569,-0.564434349536896,-0.645093142986298
-0.722275376319885,0.189872354269028,0.947893381118774,0.301817059516907,-0.417319744825363,-0.564085304737091,-0.645413458347321
-0.721829295158386,0.189722612500191,0.947724044322968,0.302893966436386,-0.417029589414597,-0.563421785831451,-0.645676136016846
-0.721289038658142,0.18892203271389,0.947087824344635,0.308552443981171,-0.412417262792587,-0.565292000770569,-0.644323229789734
-0.721282958984375,0.188990622758865,0.947274208068848,0.315338760614395,-0.423129349946976,-0.566878318786621,-0.632591605186462
-0.72096174955368,0.18880158662796,0.947129964828491,0.314889878034592,-0.423297822475433,-0.566403806209564,-0.633127391338348
-0.720272362232208,0.18828709423542,0.94671106338501,0.308318674564362,-0.411979228258133,-0.563844084739685,-0.645981907844543
-0.719917058944702,0.188147380948067,0.946581304073334,0.30828669667244,-0.412090688943863,-0.56354695558548,-0.646185219287872
-0.71958065032959,0.188002184033394,0.946426212787628,0.308565825223923,-0.41225478053093,-0.563239872455597,-0.646215319633484
-0.719215095043182,0.187281847000122,0.945959448814392,0.313279956579208,-0.408648908138275,-0.565018057823181,-0.644683063030243
-0.719047725200653,0.188494235277176,0.9466632604599,0.303572028875351,-0.417816966772079,-0.559540152549744,-0.648218870162964
-0.718728363513947,0.188433557748795,0.946552217006683,0.303716480731964,-0.418158382177353,-0.559194445610046,-0.648229539394379
-0.718387186527252,0.188410341739655,0.946466863155365,0.303357720375061,-0.418808162212372,-0.558789849281311,-0.648326754570007
-0.71834671497345,0.188661649823189,0.946649312973022,0.310131967067719,-0.429876774549484,-0.560320317745209,-0.636447131633759
-0.71769505739212,0.188340350985527,0.946194589138031,0.303279131650925,-0.419041007757187,-0.557770967483521,-0.649090111255646
-0.717354357242584,0.188280567526817,0.94603306055069,0.303029298782349,-0.41947665810585,-0.557115435600281,-0.649488389492035
-0.717049837112427,0.188291504979134,0.945934414863586,0.302931249141693,-0.420123934745789,-0.556654870510101,-0.649510681629181
-0.716683864593506,0.188329055905342,0.945805907249451,0.303417205810547,-0.420934557914734,-0.555927872657776,-0.649381756782532
-0.716375589370728,0.188403025269508,0.945667743682861,0.30331963300705,-0.421628504991531,-0.555457592010498,-0.649379193782806
-0.716034293174744,0.1884625852108,0.945472478866577,0.302536755800247,-0.422084212303162,-0.554880440235138,-0.649941563606262
-0.716046333312988,0.188821911811829,0.945675492286682,0.309012740850449,-0.433752506971359,-0.556329309940338,-0.637861847877502
-0.715701043605804,0.188973113894463,0.945594489574432,0.308570981025696,-0.434690892696381,-0.555654168128967,-0.638025403022766
-0.714956700801849,0.18881630897522,0.945202171802521,0.300595253705978,-0.42445296049118,-0.553594470024109,-0.650396347045898
-0.714450836181641,0.189042434096336,0.945140838623047,0.301607668399811,-0.425198167562485,-0.552719593048096,-0.650184869766235
-0.714010059833527,0.18921685218811,0.945052921772003,0.302152812480927,-0.426004558801651,-0.552086770534515,-0.649941504001617
-0.713519811630249,0.189480468630791,0.94493556022644,0.303262293338776,-0.426992923021316,-0.551283359527588,-0.649458110332489
-0.713284909725189,0.190005153417587,0.9451584815979,0.310349583625793,-0.43876588344574,-0.55224597454071,-0.637331902980804
-0.712767064571381,0.190259397029877,0.945070147514343,0.309696823358536,-0.439757138490677,-0.551640391349792,-0.637490570545197
-0.712252259254456,0.190487191081047,0.94494640827179,0.309561371803284,-0.440491795539856,-0.551123976707458,-0.637495934963226
-0.711673200130463,0.190728068351746,0.944771707057953,0.309568613767624,-0.44109633564949,-0.550722122192383,-0.637421905994415
-0.7107173204422,0.190805673599243,0.944282174110413,0.302936285734177,-0.431131541728973,-0.547718346118927,-0.649892151355743
-0.709931015968323,0.191301316022873,0.944088816642761,0.304855346679688,-0.432318121194839,-0.546234607696533,-0.64945513010025
-0.709157228469849,0.191666200757027,0.943778276443481,0.304107248783112,-0.432861149311066,-0.546082019805908,-0.649572432041168
-0.708727061748505,0.192367643117905,0.943885028362274,0.309666663408279,-0.446134179830551,-0.546362280845642,-0.637619972229004
-0.707852602005005,0.192728087306023,0.94350802898407,0.309997856616974,-0.446703046560287,-0.545516073703766,-0.637785196304321
-0.706637382507324,0.193023934960365,0.942906141281128,0.304620504379272,-0.436251252889633,-0.542276263237,-0.650252044200897
-0.705616176128387,0.192956700921059,0.942231714725494,0.309845685958862,-0.433910459280014,-0.543204128742218,-0.648572683334351
-0.70479691028595,0.193726047873497,0.941825449466705,0.307772755622864,-0.435994952917099,-0.540684044361115,-0.650265395641327
-0.703809320926666,0.1942058801651,0.941546380519867,0.314948916435242,-0.447909325361252,-0.542744159698486,-0.636877655982971
-0.702712655067444,0.194877758622169,0.941256761550903,0.317413687705994,-0.451402753591537,-0.541481673717499,-0.634256839752197
-0.701126873493195,0.194955170154572,0.940268278121948,0.30956494808197,-0.438942790031433,-0.537970840930939,-0.649681627750397
-0.700283706188202,0.196024775505066,0.941123843193054,0.321678251028061,-0.453984260559082,-0.53448885679245,-0.636194288730621
-0.698480069637299,0.196080833673477,0.939246892929077,0.310186356306076,-0.441589087247849,-0.534637928009033,-0.65034294128418
-0.697512984275818,0.196947082877159,0.938868522644043,0.315816789865494,-0.45486244559288,-0.534795761108398,-0.638242542743683
-0.697640895843506,0.197198048233986,0.938640117645264,0.315641015768051,-0.4572434425354,-0.533727645874023,-0.637521862983704
-0.69482809305191,0.198426932096481,0.938780605792999,0.32659125328064,-0.459004908800125,-0.527259409427643,-0.636121153831482
-0.693030714988708,0.198681682348251,0.93776935338974,0.321409463882446,-0.448005229234695,-0.522648394107819,-0.650250613689423
-0.691411674022675,0.199175298213959,0.936979174613953,0.32247206568718,-0.448160350322723,-0.521222472190857,-0.650762021541595
-0.689866304397583,0.199664682149887,0.936120986938477,0.320858329534531,-0.449815005064011,-0.519585192203522,-0.65172666311264
-0.689502835273743,0.199786901473999,0.934360265731812,0.310166358947754,-0.447939872741699,-0.519653081893921,-0.658109068870544
-0.689502835273743,0.199786901473999,0.934360265731812,0.310166358947754,-0.447939872741699,-0.519653081893921,-0.658109068870544
-0.684655487537384,0.200937464833259,0.933241307735443,0.319619238376617,-0.451114982366562,-0.513533174991608,-0.656218409538269
-0.682959139347076,0.201639860868454,0.932600021362305,0.324775904417038,-0.451530039310455,-0.510099649429321,-0.656078934669495
-0.681490004062653,0.202034652233124,0.931586503982544,0.32651874423027,-0.463725179433823,-0.510771870613098,-0.646108865737915
-0.680938899517059,0.20246484875679,0.930022716522217,0.321544528007507,-0.46276730298996,-0.509079992771149,-0.650609791278839
-0.677469849586487,0.203079611063004,0.929953813552856,0.326173841953278,-0.467304766178131,-0.505591034889221,-0.647776782512665
-0.677091181278229,0.203343003988266,0.928254663944244,0.319095224142075,-0.465780943632126,-0.504475235939026,-0.653246521949768
-0.673882246017456,0.203909412026405,0.927897155284882,0.328817456960678,-0.469575256109238,-0.498992800712585,-0.649911224842072
-0.671684205532074,0.203037828207016,0.925101399421692,0.330295741558075,-0.460564166307449,-0.503674685955048,-0.651994824409485
-0.669656753540039,0.204586014151573,0.924666047096252,0.323193967342377,-0.467743337154388,-0.495938450098038,-0.656358957290649
-0.667785167694092,0.203940227627754,0.923810958862305,0.319624602794647,-0.455745279788971,-0.492214947938919,-0.669224143028259
-0.665795862674713,0.205137953162193,0.922801315784454,0.323880076408386,-0.470374584197998,-0.491228938102722,-0.657680511474609
-0.663776516914368,0.203808456659317,0.920336306095123,0.3309246301651,-0.449550092220306,-0.491205930709839,-0.668663203716278
-0.662178099155426,0.204776763916016,0.920864164829254,0.321694016456604,-0.460157215595245,-0.483744025230408,-0.671386480331421
-0.660680413246155,0.205197513103485,0.920015454292297,0.327193737030029,-0.472660839557648,-0.482388436794281,-0.660936594009399
-0.658606588840485,0.205157816410065,0.91862428188324,0.322932958602905,-0.461589336395264,-0.477968603372574,-0.673940300941467
-0.65688419342041,0.205220878124237,0.917065143585205,0.327157407999039,-0.460016846656799,-0.474725812673569,-0.675268590450287
-0.655426919460297,0.205813899636269,0.916610240936279,0.32970666885376,-0.475012600421906,-0.473378628492355,-0.664506793022156
-0.653988599777222,0.204723298549652,0.914476573467255,0.344643950462341,-0.468074798583984,-0.47364017367363,-0.661658048629761
-0.65193772315979,0.205960005521774,0.914215087890625,0.333924025297165,-0.476315140724182,-0.468474179506302,-0.664944052696228
-0.650018036365509,0.205817833542824,0.912472903728485,0.331062078475952,-0.462465584278107,-0.463352829217911,-0.679579079151154
-0.64887398481369,0.206380546092987,0.911667108535767,0.338217943906784,-0.476734340190887,-0.460837811231613,-0.667803466320038
-0.647249102592468,0.20657379925251,0.911029875278473,0.335051089525223,-0.479262620210648,-0.459997683763504,-0.668169438838959
-0.645406186580658,0.20636972784996,0.909545421600342,0.332538247108459,-0.466296553611755,-0.45567587018013,-0.681428849697113
-0.644355535507202,0.206983357667923,0.90829586982727,0.341106116771698,-0.477871298789978,-0.452403545379639,-0.671279907226562
-0.643093824386597,0.2078557908535,0.907905876636505,0.351374089717865,-0.48156401515007,-0.447250634431839,-0.666782796382904
-0.641538202762604,0.207381784915924,0.906463623046875,0.341612994670868,-0.480958670377731,-0.449227124452591,-0.670950412750244
-0.640236973762512,0.207664757966995,0.905512928962708,0.341674536466599,-0.482487708330154,-0.446593075990677,-0.671579360961914
-0.638983190059662,0.207780003547668,0.904311120510101,0.342805534601211,-0.481460750102997,-0.444309771060944,-0.673252284526825
-0.637490928173065,0.207901954650879,0.903245627880096,0.337389677762985,-0.471295922994614,-0.440986603498459,-0.685258567333221
-0.63657534122467,0.20850944519043,0.902341246604919,0.34444922208786,-0.483763754367828,-0.439814209938049,-0.673714280128479
-0.635501146316528,0.208973929286003,0.901301383972168,0.344622850418091,-0.484535157680511,-0.436949670314789,-0.674933850765228
-0.634342014789581,0.209206908941269,0.90034806728363,0.345517367124557,-0.484604269266128,-0.435038894414902,-0.675660908222198
-0.633086442947388,0.209353700280189,0.898738086223602,0.344497710466385,-0.471510976552963,-0.431443333625793,-0.687644898891449
-0.631643295288086,0.210434585809708,0.897806286811829,0.343604624271393,-0.474844306707382,-0.430511236190796,-0.686380982398987
-0.631244480609894,0.21117240190506,0.898197293281555,0.351895540952682,-0.478496164083481,-0.425091564655304,-0.683013796806335
-0.6306032538414,0.211256623268127,0.896332502365112,0.352000266313553,-0.485819071531296,-0.425851285457611,-0.677293539047241
-0.629728019237518,0.21162137389183,0.89603716135025,0.349856585264206,-0.487791180610657,-0.425926387310028,-0.676939189434052
-0.628166794776917,0.212639972567558,0.894486367702484,0.347214370965958,-0.476392567157745,-0.422351390123367,-0.688557684421539
-0.628166794776917,0.212639972567558,0.894486367702484,0.347214370965958,-0.476392567157745,-0.422351390123367,-0.688557684421539
-0.627481281757355,0.213679641485214,0.893916487693787,0.352431207895279,-0.490586012601852,-0.420047134160995,-0.677257716655731
-0.626450061798096,0.214887470006943,0.892683506011963,0.355717122554779,-0.490350604057312,-0.417809247970581,-0.677094638347626
-0.626145362854004,0.215581312775612,0.892188191413879,0.355905681848526,-0.492143303155899,-0.415131688117981,-0.677341818809509
-0.625286757946014,0.216195583343506,0.891359150409698,0.356673628091812,-0.489720940589905,-0.415397375822067,-0.678529560565948
-0.625056982040405,0.216428354382515,0.8913254737854,0.355810672044754,-0.489960610866547,-0.414915055036545,-0.679104387760162
-0.624605000019073,0.217197239398956,0.890659093856812,0.357523709535599,-0.489590227603912,-0.413771390914917,-0.679169774055481
-0.623931765556335,0.218744233250618,0.889972984790802,0.360072106122971,-0.49260339140892,-0.41142612695694,-0.677066087722778
-0.623081862926483,0.219099923968315,0.888958096504211,0.356197208166122,-0.477162569761276,-0.410203278064728,-0.690776705741882
-0.623085141181946,0.220317006111145,0.88859087228775,0.362516671419144,-0.489770263433456,-0.409719407558441,-0.678849518299103
-0.622835695743561,0.221202522516251,0.888273596763611,0.361204624176025,-0.490322381258011,-0.409033536911011,-0.679563701152802
-0.622579038143158,0.222070932388306,0.887666165828705,0.362812757492065,-0.488599061965942,-0.407879739999771,-0.680640995502472
-0.622286915779114,0.223087430000305,0.887284636497498,0.363320708274841,-0.488895177841187,-0.407239556312561,-0.68054062128067
-0.622156381607056,0.224007874727249,0.886814832687378,0.365385234355927,-0.488331526517868,-0.406495720148086,-0.680284678936005
-0.622058510780334,0.224974393844604,0.88642418384552,0.365275233983993,-0.488345414400101,-0.40583074092865,-0.680730700492859
-0.621995508670807,0.2258141040802,0.886118054389954,0.365383982658386,-0.488005727529526,-0.405800074338913,-0.680934011936188
-0.621568560600281,0.226642429828644,0.885434746742249,0.363532304763794,-0.474857687950134,-0.403746664524078,-0.692346096038818
-0.62194412946701,0.227951496839523,0.885413646697998,0.368228614330292,-0.487343400716782,-0.4047532081604,-0.680499196052551
-0.622034072875977,0.229195594787598,0.885056972503662,0.369464963674545,-0.486839681863785,-0.403268933296204,-0.681070625782013
-0.622473061084747,0.229861438274383,0.885293960571289,0.369269132614136,-0.486262589693069,-0.402934938669205,-0.681786179542542
-0.622471928596497,0.230952501296997,0.8846315741539,0.368650436401367,-0.484930753707886,-0.403661638498306,-0.682639360427856
-0.622471928596497,0.230952501296997,0.8846315741539,0.368650436401367,-0.484930753707886,-0.403661638498306,-0.682639360427856
-0.622482299804688,0.233075261116028,0.883845210075378,0.36952868103981,-0.471375077962875,-0.402184337377548,-0.692460775375366
-0.623222231864929,0.23460827767849,0.883848488330841,0.373453319072723,-0.482785046100616,-0.402114689350128,-0.682462394237518
-0.623573541641235,0.235604375600815,0.883593797683716,0.374446481466293,-0.481440901756287,-0.402788251638412,-0.682470679283142
-0.624030292034149,0.23677222430706,0.883407473564148,0.374910116195679,-0.480286508798599,-0.402352869510651,-0.683285593986511
-0.624760627746582,0.23759950697422,0.883361339569092,0.373519867658615,-0.480292767286301,-0.40260973572731,-0.683891236782074
-0.625191867351532,0.239169239997864,0.883111476898193,0.377820491790771,-0.48056748509407,-0.402165204286575,-0.681593537330627
-0.625765681266785,0.240412846207619,0.882444560527802,0.38048905134201,-0.4764104783535,-0.401134669780731,-0.683631539344788
-0.626456618309021,0.241452276706696,0.882703602313995,0.37939390540123,-0.476770311594009,-0.402741760015488,-0.683044195175171
-0.627151370048523,0.242630243301392,0.882465004920959,0.379663437604904,-0.475537776947021,-0.402641892433167,-0.683812201023102
-0.628186643123627,0.243486106395721,0.882704734802246,0.382732599973679,-0.474015414714813,-0.403368800878525,-0.682729005813599
-0.628538310527802,0.244608372449875,0.881872296333313,0.377244353294373,-0.46227353811264,-0.402886837720871,-0.694025933742523
-0.630002200603485,0.245544493198395,0.882107377052307,0.380059391260147,-0.472678273916245,-0.405037641525268,-0.684159815311432
-0.631335258483887,0.247090250253677,0.882324635982513,0.384958028793335,-0.473290026187897,-0.402085304260254,-0.682738125324249
-0.631605327129364,0.247497707605362,0.881336092948914,0.378576159477234,-0.458062410354614,-0.406085103750229,-0.694228887557983
-0.633128106594086,0.249079883098602,0.881459712982178,0.381584763526917,-0.47039395570755,-0.406974077224731,-0.683735907077789
-0.633812963962555,0.250454723834991,0.880921125411987,0.383199572563171,-0.458794564008713,-0.40563553571701,-0.69146603345871
-0.635394215583801,0.251572102308273,0.881100118160248,0.384749859571457,-0.470501005649567,-0.408514946699142,-0.680963933467865
-0.636698186397552,0.253126174211502,0.880603671073914,0.38842311501503,-0.469207108020782,-0.408346056938171,-0.67987185716629
-0.637577891349792,0.253694474697113,0.880518555641174,0.384187012910843,-0.460604935884476,-0.407888501882553,-0.68838232755661
-0.639473438262939,0.255176335573196,0.880490183830261,0.387513488531113,-0.469308614730835,-0.411135405302048,-0.678638577461243
-0.640350759029388,0.256249189376831,0.879802703857422,0.387013107538223,-0.457071334123611,-0.411266714334488,-0.687143862247467
-0.641836702823639,0.257554143667221,0.879646480083466,0.387035936117172,-0.457834780216217,-0.412019193172455,-0.686170995235443
-0.641836702823639,0.257554143667221,0.879646480083466,0.387035936117172,-0.457834780216217,-0.412019193172455,-0.686170995235443
-0.64553314447403,0.260318696498871,0.879458665847778,0.392807513475418,-0.470436781644821,-0.414335161447525,-0.672843158245087
-0.64553314447403,0.260318696498871,0.879458665847778,0.392807513475418,-0.470436781644821,-0.414335161447525,-0.672843158245087
-0.648161590099335,0.262170672416687,0.878710031509399,0.389201790094376,-0.457831889390945,-0.417094647884369,-0.681868076324463
-0.650175333023071,0.263786137104034,0.87873762845993,0.394142925739288,-0.469019263982773,-0.418380171060562,-0.670544862747192
-0.651927590370178,0.264691799879074,0.878573179244995,0.394568115472794,-0.468909382820129,-0.420372992753982,-0.669123828411102
-0.653434276580811,0.265482187271118,0.87818431854248,0.391490697860718,-0.46724659204483,-0.423262685537338,-0.670271933078766
-0.655168116092682,0.266708523035049,0.878088116645813,0.391140431165695,-0.468350142240524,-0.425196349620819,-0.668479919433594
-0.657251298427582,0.266637444496155,0.876573801040649,0.405304074287414,-0.459556937217712,-0.42861995100975,-0.663943707942963
-0.658659756183624,0.269325435161591,0.877545475959778,0.393702358007431,-0.469529330730438,-0.427538126707077,-0.664644181728363
-0.660243988037109,0.269040524959564,0.875942349433899,0.404944360256195,-0.45053619146347,-0.429411858320236,-0.669807910919189
-0.661791384220123,0.271438121795654,0.876995086669922,0.39033842086792,-0.460833579301834,-0.430071443319321,-0.671049118041992
-0.665489315986633,0.273185014724731,0.875412940979004,0.402548491954803,-0.464082300662994,-0.424921363592148,-0.664849162101746
-0.665280282497406,0.273649752140045,0.876350998878479,0.391887456178665,-0.460798501968384,-0.433649986982346,-0.667859792709351
-0.667162954807281,0.274967223405838,0.876221179962158,0.393610686063766,-0.471163809299469,-0.43651807308197,-0.657668173313141
-0.668976187705994,0.276274383068085,0.875546514987946,0.400121062994003,-0.469333946704865,-0.437837868928909,-0.654161095619202
-0.670626699924469,0.277453631162643,0.875409722328186,0.400907635688782,-0.469940781593323,-0.439021706581116,-0.652448177337646
-0.672070264816284,0.278283387422562,0.875038146972656,0.397393822669983,-0.459821432828903,-0.439463317394257,-0.661448895931244
-0.673748016357422,0.279320418834686,0.874860525131226,0.397726535797119,-0.459321588277817,-0.441949665546417,-0.659937798976898
-0.67574006319046,0.280743688344955,0.875035405158997,0.401699513196945,-0.471552312374115,-0.445350110530853,-0.646482229232788
-0.677055597305298,0.281648397445679,0.874650001525879,0.398169904947281,-0.460853189229965,-0.444666266441345,-0.656770169734955
-0.679022252559662,0.28291130065918,0.874710559844971,0.402489364147186,-0.471790313720703,-0.448313981294632,-0.64376300573349
-0.680570542812347,0.283860385417938,0.874649882316589,0.402528047561646,-0.471893727779388,-0.451064556837082,-0.641738474369049
-0.682130455970764,0.284951061010361,0.874480962753296,0.402163624763489,-0.471810519695282,-0.451670348644257,-0.641602158546448
-0.683350920677185,0.285593718290329,0.874322414398193,0.398988634347916,-0.46141043305397,-0.451570272445679,-0.651147186756134
-0.684769868850708,0.28654870390892,0.874290883541107,0.399701476097107,-0.462135225534439,-0.453114807605743,-0.649119913578033
-0.6863973736763,0.287417203187943,0.874177515506744,0.39885002374649,-0.461602568626404,-0.453776687383652,-0.649560332298279
-0.6863973736763,0.287417203187943,0.874177515506744,0.39885002374649,-0.461602568626404,-0.453776687383652,-0.649560332298279
-0.68914806842804,0.289094537496567,0.874271392822266,0.399850904941559,-0.461810171604156,-0.456838071346283,-0.646644830703735
-0.690508425235748,0.290021687746048,0.874187171459198,0.400166183710098,-0.461691915988922,-0.457620948553085,-0.645980358123779
-0.691861927509308,0.290821462869644,0.874186158180237,0.400184571743011,-0.461806416511536,-0.458317548036575,-0.645393073558807
-0.69320547580719,0.291567087173462,0.87428092956543,0.40129828453064,-0.461455374956131,-0.459354907274246,-0.644214153289795
-0.694459915161133,0.292148113250732,0.874331653118134,0.40075209736824,-0.461023420095444,-0.460413664579391,-0.644107520580292
-0.695558249950409,0.293072789907455,0.874253511428833,0.401813864707947,-0.461254686117172,-0.46113520860672,-0.642762899398804
-0.696774423122406,0.293949127197266,0.874317646026611,0.403932452201843,-0.463753998279571,-0.459788262844086,-0.640597879886627
-0.697922825813293,0.294262260198593,0.874387860298157,0.40206590294838,-0.460202366113663,-0.463069975376129,-0.641968131065369
-0.699020087718964,0.295025229454041,0.874241530895233,0.403149455785751,-0.459288626909256,-0.463609308004379,-0.641553461551666
-0.700098514556885,0.295664757490158,0.874297618865967,0.40390282869339,-0.458860993385315,-0.464203417301178,-0.640955746173859
-0.701136231422424,0.296297878026962,0.87432461977005,0.405322700738907,-0.45855239033699,-0.464891225099564,-0.639780700206757
-0.702106177806854,0.296832144260406,0.874361515045166,0.405234545469284,-0.458036601543427,-0.465765446424484,-0.63957017660141
-0.703042924404144,0.29754051566124,0.87437903881073,0.407247453927994,-0.460081309080124,-0.464202702045441,-0.637958347797394
-0.704462170600891,0.29805451631546,0.874699354171753,0.40972700715065,-0.467205256223679,-0.469423025846481,-0.627283811569214
-0.705400764942169,0.298659175634384,0.87469083070755,0.410862922668457,-0.465577185153961,-0.47039857506752,-0.627020597457886
-0.706369817256927,0.298542380332947,0.874697148799896,0.408284693956375,-0.464294552803039,-0.472455024719238,-0.628108620643616
-0.706705629825592,0.299004465341568,0.874560713768005,0.407564401626587,-0.454526573419571,-0.469660431146622,-0.637742698192596
-0.707479476928711,0.299133658409119,0.874590992927551,0.406489282846451,-0.45356485247612,-0.471079587936401,-0.63806688785553
-0.70833557844162,0.299786031246185,0.874610543251038,0.409638285636902,-0.452509671449661,-0.471401780843735,-0.636562407016754
-0.70906001329422,0.299945503473282,0.874639868736267,0.408321559429169,-0.4517822265625,-0.472533077001572,-0.63708621263504
-0.709788620471954,0.300294458866119,0.874686121940613,0.409178256988525,-0.451185882091522,-0.472886115312576,-0.636696994304657
-0.710539638996124,0.30061274766922,0.874658584594727,0.409439474344253,-0.4504554271698,-0.473160803318024,-0.63684219121933
-0.711188018321991,0.301015138626099,0.874700784683228,0.409843623638153,-0.450492650270462,-0.473426192998886,-0.636358559131622
-0.711974084377289,0.301657259464264,0.874789357185364,0.412368923425674,-0.450579434633255,-0.473146110773086,-0.634872436523438
-0.712515532970428,0.301923453807831,0.87481302022934,0.412837773561478,-0.450098246335983,-0.473722279071808,-0.634479284286499
-0.713109135627747,0.30197936296463,0.874823689460754,0.411935478448868,-0.449281990528107,-0.474558532238007,-0.635018825531006
-0.713725447654724,0.302247077226639,0.874858617782593,0.412462204694748,-0.448840022087097,-0.475243538618088,-0.634477019309998
-0.714388310909271,0.302836149930954,0.87486207485199,0.41476908326149,-0.448554813861847,-0.474487155675888,-0.633740603923798
-0.714970588684082,0.30314689874649,0.874963998794556,0.416159510612488,-0.44825679063797,-0.474684625864029,-0.632891416549683
-0.715582191944122,0.303399592638016,0.874959528446198,0.417059898376465,-0.447396099567413,-0.474717736244202,-0.632882952690125
-0.716118335723877,0.303651809692383,0.87498140335083,0.417323917150497,-0.446424782276154,-0.475484132766724,-0.632819354534149
-0.716668844223022,0.303907990455627,0.874993979930878,0.417743653059006,-0.445821762084961,-0.476104229688644,-0.632501304149628
-0.717190742492676,0.304175347089767,0.875058174133301,0.418718665838242,-0.445366412401199,-0.476395577192307,-0.631957709789276
-0.717748820781708,0.304487079381943,0.875004231929779,0.419723600149155,-0.444820731878281,-0.47674149274826,-0.631414473056793
-0.718307375907898,0.304773837327957,0.875067949295044,0.420698791742325,-0.444301635026932,-0.476856291294098,-0.63104385137558
-0.718852818012238,0.304988861083984,0.875107169151306,0.420833587646484,-0.443300187587738,-0.477351427078247,-0.631284117698669
-0.718852818012238,0.304988861083984,0.875107169151306,0.420833587646484,-0.443300187587738,-0.477351427078247,-0.631284117698669
-0.719893336296082,0.305472373962402,0.875145018100739,0.421196848154068,-0.441714137792587,-0.478660851716995,-0.631162106990814
-0.720448076725006,0.305837243795395,0.875130772590637,0.421329081058502,-0.441396206617355,-0.478616565465927,-0.631329774856567
-0.720993101596832,0.306110084056854,0.875203549861908,0.421790510416031,-0.441378265619278,-0.478940546512604,-0.630788385868073
-0.72156435251236,0.306402921676636,0.875319957733154,0.423139274120331,-0.441346645355225,-0.47877961397171,-0.630028784275055
-0.721975564956665,0.306419789791107,0.875304818153381,0.421411991119385,-0.440638154745102,-0.479869335889816,-0.630852937698364
-0.722493767738342,0.306568205356598,0.875289380550385,0.420443475246429,-0.440381348133087,-0.480671018362045,-0.631067991256714
-0.723061263561249,0.306869745254517,0.8753582239151,0.420871376991272,-0.4400415122509,-0.480925023555756,-0.630826354026794
-0.723664820194244,0.307106286287308,0.875460624694824,0.42115718126297,-0.439464151859283,-0.481680363416672,-0.630461692810059
-0.724130868911743,0.307395279407501,0.875712156295776,0.422893196344376,-0.439372330904007,-0.481942445039749,-0.629162013530731
-0.72460925579071,0.307694166898727,0.875794053077698,0.423581928014755,-0.439260929822922,-0.48247629404068,-0.628366768360138
-0.725239992141724,0.30787581205368,0.875863790512085,0.423219233751297,-0.439099282026291,-0.482884615659714,-0.628410458564758
-0.725739896297455,0.308188557624817,0.875846445560455,0.423536717891693,-0.439069807529449,-0.483308434486389,-0.627891182899475
-0.726210236549377,0.308484941720963,0.875895082950592,0.42411133646965,-0.439098566770554,-0.483774155378342,-0.627123892307281
-0.726728856563568,0.30888968706131,0.875945329666138,0.424925714731216,-0.438673406839371,-0.484039217233658,-0.626665472984314
-0.727275192737579,0.309200942516327,0.876067638397217,0.424877345561981,-0.438874542713165,-0.484962910413742,-0.625842869281769
-0.727959394454956,0.309575110673904,0.875894725322723,0.42288663983345,-0.438661873340607,-0.485516667366028,-0.626910090446472
-0.72839343547821,0.309953510761261,0.876162171363831,0.42476099729538,-0.438637524843216,-0.485580742359161,-0.625608861446381
-0.728942394256592,0.310176640748978,0.876280009746552,0.42453145980835,-0.438317060470581,-0.486314475536346,-0.625419497489929
-0.728942394256592,0.310176640748978,0.876280009746552,0.42453145980835,-0.438317060470581,-0.486314475536346,-0.625419497489929
-0.729872167110443,0.310855776071548,0.87642639875412,0.424706548452377,-0.437979757785797,-0.487912207841873,-0.624291360378265
-0.730333566665649,0.311213195323944,0.876564025878906,0.425278693437576,-0.437682211399078,-0.488693416118622,-0.623499095439911
-0.731006383895874,0.311733841896057,0.8764408826828,0.425816863775253,-0.437434136867523,-0.489364206790924,-0.622779190540314
-0.731363654136658,0.311858773231506,0.876808762550354,0.426093518733978,-0.437508106231689,-0.48967707157135,-0.622291922569275
-0.731830477714539,0.312177360057831,0.876948833465576,0.425873458385467,-0.4373519718647,-0.490068644285202,-0.62224406003952
-0.732368886470795,0.312725067138672,0.876910030841827,0.425710588693619,-0.437197715044022,-0.491081088781357,-0.62166553735733
-0.732820510864258,0.313069492578506,0.877041578292847,0.425311923027039,-0.436879724264145,-0.491904199123383,-0.621510982513428
-0.733221471309662,0.313415646553039,0.877173662185669,0.425567775964737,-0.436199635267258,-0.492393583059311,-0.621426105499268
-0.733600854873657,0.313849747180939,0.877362370491028,0.426296800374985,-0.43653804063797,-0.492754220962524,-0.620402276515961
-0.734051048755646,0.314192354679108,0.877585649490356,0.426526725292206,-0.436673909425735,-0.493033915758133,-0.619926035404205
-0.734398663043976,0.314550161361694,0.877754271030426,0.426515132188797,-0.436524033546448,-0.493423312902451,-0.61972963809967
-0.734764218330383,0.314860045909882,0.877957701683044,0.426327586174011,-0.436307430267334,-0.494046151638031,-0.619515120983124
-0.735083341598511,0.315193772315979,0.878174781799316,0.426308870315552,-0.436242461204529,-0.494646728038788,-0.61909431219101
-0.735418021678925,0.3155537545681,0.878409743309021,0.426459491252899,-0.435359716415405,-0.495317459106445,-0.61907571554184
-0.735642790794373,0.316142797470093,0.878801941871643,0.428945660591125,-0.435382783412933,-0.494684040546417,-0.617847144603729
-0.735924899578094,0.316459715366364,0.879018306732178,0.428655296564102,-0.434915065765381,-0.495182126760483,-0.617978990077972
-0.736233115196228,0.316485106945038,0.879240930080414,0.426185816526413,-0.434422224760055,-0.496350944042206,-0.619094967842102
-0.736625730991364,0.317040145397186,0.879273772239685,0.426211982965469,-0.434303194284439,-0.496767401695251,-0.618826389312744
-0.736741781234741,0.317226141691208,0.879838347434998,0.426592737436295,-0.433994770050049,-0.497355222702026,-0.618308126926422
-0.736970067024231,0.317577093839645,0.880069732666016,0.426643520593643,-0.433434367179871,-0.497789591550827,-0.618316650390625
-0.737586617469788,0.318272978067398,0.879843294620514,0.426490992307663,-0.432867974042892,-0.498533427715302,-0.618219375610352
-0.737525880336761,0.318537652492523,0.880340099334717,0.426704794168472,-0.432402104139328,-0.498660027980804,-0.618295788764954
-0.737691044807434,0.31891268491745,0.880614519119263,0.426347821950912,-0.432089865207672,-0.499200969934464,-0.618323683738708
-0.73783016204834,0.319305241107941,0.880907654762268,0.426156640052795,-0.432075887918472,-0.49957799911499,-0.618160963058472
-0.737976312637329,0.319655984640121,0.881169259548187,0.425971329212189,-0.431816548109055,-0.49983823299408,-0.618259251117706
-0.738115966320038,0.320043087005615,0.881467521190643,0.426281571388245,-0.431489855051041,-0.500419020652771,-0.617803752422333
-0.738246858119965,0.320478677749634,0.881708979606628,0.426590085029602,-0.431259989738464,-0.500359952449799,-0.617798984050751
-0.738293051719666,0.32104617357254,0.882132768630981,0.428327172994614,-0.431575357913971,-0.49954029917717,-0.617039620876312
-0.738543570041656,0.321315228939056,0.882259786128998,0.425231516361237,-0.43167769908905,-0.500545144081116,-0.618293762207031
-0.738543570041656,0.321315228939056,0.882259786128998,0.425231516361237,-0.43167769908905,-0.500545144081116,-0.618293762207031
-0.738686263561249,0.321759045124054,0.883032441139221,0.424989581108093,-0.430274754762649,-0.501690089702606,-0.618509888648987
-0.738763630390167,0.322049260139465,0.883246660232544,0.424414873123169,-0.42948716878891,-0.502534806728363,-0.618766188621521
-0.738848567008972,0.322890788316727,0.8835529088974,0.42754864692688,-0.430019468069076,-0.501270830631256,-0.617262363433838
-0.738931059837341,0.323300540447235,0.883816838264465,0.427264213562012,-0.429976612329483,-0.50125515460968,-0.61750191450119
-0.738991379737854,0.323650270700455,0.884098708629608,0.426951467990875,-0.430036693811417,-0.501533329486847,-0.617450475692749
-0.739029049873352,0.323678851127625,0.884345054626465,0.424705177545547,-0.42983466386795,-0.50271862745285,-0.61817592382431
-0.739112019538879,0.324269354343414,0.884390771389008,0.425329983234406,-0.429443597793579,-0.503058195114136,-0.617741823196411
-0.739112019538879,0.324269354343414,0.884390771389008,0.425329983234406,-0.429443597793579,-0.503058195114136,-0.617741823196411
-0.739118278026581,0.325015485286713,0.88490891456604,0.424734234809875,-0.429309695959091,-0.503105342388153,-0.618206560611725
-0.739096641540527,0.325337469577789,0.885174155235291,0.424065440893173,-0.428906768560409,-0.503722250461578,-0.618442833423615
-0.739023804664612,0.325622051954269,0.885406315326691,0.42389440536499,-0.428691178560257,-0.503958880901337,-0.618516802787781
-0.738978028297424,0.325931489467621,0.885647177696228,0.424051254987717,-0.428276509046555,-0.504232943058014,-0.618472874164581
-0.738941013813019,0.326177030801773,0.885834097862244,0.423970878124237,-0.427887469530106,-0.504496157169342,-0.618582725524902
-0.73886626958847,0.326527237892151,0.886006772518158,0.423797756433487,-0.427893400192261,-0.504325747489929,-0.618836283683777
-0.738787293434143,0.326819777488708,0.886200308799744,0.423442125320435,-0.427793741226196,-0.50438791513443,-0.619097709655762
-0.738668501377106,0.327060103416443,0.886402130126953,0.42303678393364,-0.427893608808517,-0.504777729511261,-0.618988394737244
-0.738568782806396,0.327384620904922,0.886578381061554,0.422929883003235,-0.427910625934601,-0.5046426653862,-0.619159460067749
-0.738391637802124,0.327652394771576,0.886747717857361,0.422818511724472,-0.4278165102005,-0.50491064786911,-0.619082093238831
-0.738232254981995,0.32785427570343,0.886850476264954,0.422888845205307,-0.427521377801895,-0.505140423774719,-0.6190505027771
-0.738088965415955,0.328075528144836,0.886957764625549,0.42283770442009,-0.427558928728104,-0.505140662193298,-0.619059264659882
-0.737916886806488,0.32834729552269,0.887010216712952,0.422191172838211,-0.427601486444473,-0.505035698413849,-0.619556784629822
-0.737707257270813,0.328587085008621,0.887093663215637,0.421971082687378,-0.428014636039734,-0.504752457141876,-0.619652152061462
-0.737707257270813,0.328587085008621,0.887093663215637,0.421971082687378,-0.428014636039734,-0.504752457141876,-0.619652152061462
-0.73724901676178,0.328979283571243,0.887181162834167,0.421589851379394,-0.428438663482666,-0.504545450210571,-0.619787216186523
-0.736994564533234,0.329183101654053,0.887206375598907,0.421144753694534,-0.429107755422592,-0.504449367523193,-0.619705140590668
-0.736709177494049,0.329416930675507,0.887275338172913,0.420853525400162,-0.430054068565369,-0.504195690155029,-0.619453549385071
-0.736442446708679,0.329670131206512,0.887232422828674,0.420475423336029,-0.430641800165176,-0.503736257553101,-0.61967545747757
-0.736113131046295,0.32990899682045,0.887207627296448,0.420230597257614,-0.43144679069519,-0.50314325094223,-0.619763433933258
-0.735601425170898,0.330222576856613,0.887028455734253,0.421051412820816,-0.432073354721069,-0.502168715000153,-0.619560122489929
-0.735229730606079,0.330444514751434,0.886911749839783,0.420950323343277,-0.43280565738678,-0.501683533191681,-0.6195108294487
-0.734866738319397,0.330652147531509,0.886793553829193,0.420820564031601,-0.433478862047195,-0.501110017299652,-0.619592368602753
-0.734453201293945,0.330902934074402,0.886676013469696,0.419741123914719,-0.434233963489532,-0.500507056713104,-0.620282888412476
-0.733906328678131,0.331140398979187,0.886544704437256,0.419902414083481,-0.434987604618073,-0.500339508056641,-0.619780719280243
-0.733906328678131,0.331140398979187,0.886544704437256,0.419902414083481,-0.434987604618073,-0.500339508056641,-0.619780719280243
-0.732790410518646,0.331409126520157,0.886087894439697,0.418144971132278,-0.436520308256149,-0.49972128868103,-0.620389878749847
-0.732790410518646,0.331409126520157,0.886087894439697,0.418144971132278,-0.436520308256149,-0.49972128868103,-0.620389878749847
-0.731594204902649,0.331836968660355,0.885606110095978,0.417899668216705,-0.438558340072632,-0.497943580150604,-0.620547235012054
-0.730903565883636,0.332024484872818,0.885394752025604,0.417625039815903,-0.43934366106987,-0.496998578310013,-0.620933830738068
-0.73005473613739,0.332096755504608,0.885176479816437,0.416957527399063,-0.440664976835251,-0.49693375825882,-0.620498061180115
-0.729281306266785,0.332244753837585,0.884903252124786,0.416766107082367,-0.442128717899323,-0.495870560407638,-0.620435893535614
-0.728517293930054,0.332423329353333,0.884618759155273,0.416206508874893,-0.443380206823349,-0.494728296995163,-0.620830237865448
-0.727630436420441,0.332492768764496,0.884216845035553,0.414464026689529,-0.444365799427032,-0.493887573480606,-0.621959507465363
-0.726654052734375,0.332603722810745,0.883963942527771,0.41393569111824,-0.44614252448082,-0.492798089981079,-0.621903598308563
-0.725620746612549,0.332632631063461,0.883640170097351,0.41345089673996,-0.447269111871719,-0.492130815982819,-0.621945381164551
-0.724625110626221,0.332657009363174,0.883329391479492,0.413304895162582,-0.448214441537857,-0.491077989339828,-0.622193813323975
-0.723530113697052,0.332771003246307,0.882905006408691,0.412124574184418,-0.450160056352615,-0.489204436540604,-0.623047471046448
-0.722323536872864,0.332793772220612,0.882542014122009,0.411289632320404,-0.451506048440933,-0.487921059131622,-0.623631298542023
-0.722323536872864,0.332793772220612,0.882542014122009,0.411289632320404,-0.451506048440933,-0.487921059131622,-0.623631298542023
-0.719815373420715,0.332696914672852,0.881775259971619,0.409654170274734,-0.454299032688141,-0.48577481508255,-0.624354481697083
-0.719815373420715,0.332696914672852,0.881775259971619,0.409654170274734,-0.454299032688141,-0.48577481508255,-0.624354481697083
-0.71718418598175,0.332427203655243,0.88096022605896,0.408818393945694,-0.456544935703278,-0.482997536659241,-0.625417828559875
-0.715624094009399,0.33256596326828,0.880403757095337,0.40841543674469,-0.458470702171326,-0.480610638856888,-0.626111030578613
-0.714189827442169,0.332306921482086,0.879873633384705,0.407023459672928,-0.459755271673203,-0.478918373584747,-0.627370834350586
-0.712568640708923,0.331867724657059,0.879525184631348,0.405162692070007,-0.461741358041763,-0.477510303258896,-0.628189563751221
-0.710938096046448,0.331725060939789,0.879039525985718,0.40587916970253,-0.463025808334351,-0.47507244348526,-0.628629684448242
-0.709211349487305,0.331324636936188,0.87853217124939,0.404615789651871,-0.465639889240265,-0.472675353288651,-0.629319906234741
-0.707648038864136,0.330669641494751,0.878056645393372,0.403102695941925,-0.466379135847092,-0.470729678869247,-0.63119900226593
-0.705629765987396,0.330336809158325,0.877432644367218,0.402494311332703,-0.469713121652603,-0.467958807945251,-0.631175398826599
-0.703903257846832,0.329682052135467,0.876814484596252,0.401272654533386,-0.470804750919342,-0.465324103832245,-0.633084952831268
-0.701976895332336,0.328977733850479,0.876252889633179,0.399912685155868,-0.47388106584549,-0.46249932050705,-0.633719921112061
-0.70024311542511,0.328057408332825,0.875810742378235,0.398332297801971,-0.475685358047485,-0.45931687951088,-0.635675013065338
-0.698212862014771,0.327164977788925,0.875176906585693,0.396543323993683,-0.478582561016083,-0.455832809209824,-0.637125194072723
-0.696072995662689,0.326443254947662,0.874448478221893,0.395590096712112,-0.481658309698105,-0.452233195304871,-0.637964725494385
-0.693985044956207,0.325564175844193,0.87377655506134,0.394357264041901,-0.484465897083282,-0.448289901018143,-0.639383494853973
-0.691870808601379,0.324580997228622,0.873255610466003,0.394043356180191,-0.488140732049942,-0.443949639797211,-0.639810383319855
-0.6897252202034,0.323468923568726,0.872623682022095,0.392959237098694,-0.491050332784653,-0.439688980579376,-0.641191363334656
-0.687545776367188,0.322059214115143,0.871970355510712,0.391011506319046,-0.493390589952469,-0.436985492706299,-0.642432391643524
-0.685292184352875,0.320887565612793,0.871246933937073,0.389685869216919,-0.496644794940948,-0.43275049328804,-0.643596112728119
-0.683087944984436,0.31945264339447,0.870608448982239,0.388595402240753,-0.499734699726105,-0.428727000951767,-0.644555687904358
-0.680911242961884,0.317946195602417,0.869995951652527,0.387601286172867,-0.502281486988068,-0.424817830324173,-0.645761907100677
-0.678604125976562,0.31646916270256,0.869294404983521,0.38598096370697,-0.505601763725281,-0.420295566320419,-0.647098958492279
-0.676315188407898,0.314707100391388,0.868684530258179,0.385075479745865,-0.508346378803253,-0.416630864143372,-0.64785772562027
-0.674433827400208,0.31221017241478,0.868125319480896,0.376596182584763,-0.509679675102234,-0.414164453744888,-0.653352797031403
-0.671647429466248,0.311365038156509,0.867348432540894,0.381733506917953,-0.514586508274078,-0.408041894435883,-0.650370895862579
-0.669330716133118,0.30957692861557,0.866698086261749,0.380464911460876,-0.517257153987885,-0.4034084379673,-0.651884377002716
-0.66745913028717,0.307712346315384,0.866748690605164,0.383035272359848,-0.52018004655838,-0.39792263507843,-0.651424825191498
-0.665019333362579,0.306368201971054,0.86680805683136,0.380635231733322,-0.527000188827515,-0.392997056245804,-0.650339186191559
-0.662843525409698,0.304475396871567,0.866202414035797,0.379701554775238,-0.540839731693268,-0.390485197305679,-0.640968322753906
-0.66043621301651,0.302550941705704,0.864341855049133,0.385999292135239,-0.541455686092377,-0.382321238517761,-0.641607999801636
-0.658035218715668,0.299391031265259,0.863983452320099,0.364735066890716,-0.530943095684052,-0.383003950119018,-0.662099540233612
-0.655850470066071,0.298678338527679,0.864847540855408,0.378789365291595,-0.548956990242004,-0.376051038503647,-0.643234312534332
-0.653189241886139,0.296783626079559,0.864456415176392,0.379550814628601,-0.543179035186768,-0.367210209369659,-0.65272843837738
-0.65098911523819,0.294716864824295,0.86296421289444,0.38371267914772,-0.54155832529068,-0.360144853591919,-0.655572175979614
-0.64885151386261,0.292011320590973,0.862301349639893,0.37671110033989,-0.539242208003998,-0.359153002500534,-0.662054300308228
-0.647726595401764,0.288457125425339,0.861521184444427,0.366001784801483,-0.536796569824219,-0.361954361200333,-0.668491899967194
-0.645706713199615,0.287452548742294,0.861098170280457,0.364710420370102,-0.552138209342957,-0.353799790143967,-0.661026000976562
-0.64238965511322,0.286379337310791,0.861826479434967,0.379916489124298,-0.560272216796875,-0.343645095825195,-0.650896847248077
-0.640281081199646,0.284192055463791,0.86168909072876,0.378601938486099,-0.562917590141296,-0.337948203086853,-0.652361392974854
-0.638311803340912,0.281451433897018,0.861225605010986,0.37101200222969,-0.564814150333405,-0.335646241903305,-0.656259536743164
-0.636563181877136,0.278818994760513,0.860931277275085,0.364837825298309,-0.565693855285645,-0.331976652145386,-0.660814166069031
-0.634623527526855,0.276687860488892,0.860853731632233,0.361782133579254,-0.568879961967468,-0.325678110122681,-0.662890076637268
-0.634661495685577,0.273363500833511,0.860243618488312,0.346326291561127,-0.567174136638641,-0.326193362474441,-0.672286748886108
-0.631022274494171,0.271588087081909,0.861063361167908,0.357090085744858,-0.574880301952362,-0.31888222694397,-0.663561165332794
-0.629159867763519,0.270017087459564,0.860977172851562,0.35095551609993,-0.580554723739624,-0.310185492038727,-0.666011571884155
-0.627291560173035,0.268056690692902,0.861133933067322,0.347207099199295,-0.584611296653748,-0.303212881088257,-0.667636692523956
-0.625782608985901,0.265858262777328,0.861538767814636,0.343877702951431,-0.59006267786026,-0.299182951450348,-0.666381180286407
-0.623784184455872,0.26413357257843,0.861470639705658,0.338473528623581,-0.592289388179779,-0.292763382196426,-0.670013904571533
-0.623784184455872,0.26413357257843,0.861470639705658,0.338473528623581,-0.592289388179779,-0.292763382196426,-0.670013904571533
-0.620742559432983,0.260790169239044,0.862077713012695,0.332463353872299,-0.602070152759552,-0.281087666749954,-0.669305145740509
-0.619121789932251,0.258908838033676,0.862091779708862,0.327840268611908,-0.6011843085289,-0.280339777469635,-0.672687113285065
-0.61751115322113,0.257252246141434,0.862424969673157,0.325663298368454,-0.602776765823364,-0.277182877063751,-0.673626840114594
-0.616068005561829,0.255806058645248,0.862634360790253,0.322460204362869,-0.604447484016418,-0.275037080049515,-0.674549758434296
-0.61478191614151,0.254186123609543,0.86310213804245,0.323479920625687,-0.60470724105835,-0.27497985959053,-0.673851668834686
-0.61329597234726,0.253155916929245,0.86317241191864,0.32017794251442,-0.605572104454041,-0.271900832653046,-0.675898253917694
-0.612121105194092,0.2520811855793,0.863572835922241,0.319549709558487,-0.607803344726562,-0.27008467912674,-0.674920260906219
-0.610816895961761,0.251056611537933,0.863909304141998,0.319119453430176,-0.607791662216187,-0.268915504217148,-0.67560088634491
-0.609749972820282,0.249721676111221,0.864400506019592,0.318965345621109,-0.60717362165451,-0.271146506071091,-0.675337612628937
-0.608458876609802,0.248772829771042,0.864807367324829,0.318588405847549,-0.606251537799835,-0.270609527826309,-0.676558136940002
-0.607292532920837,0.248107329010963,0.865010142326355,0.315407961606979,-0.60362720489502,-0.269813060760498,-0.680700361728668
-0.606229543685913,0.246977284550667,0.865588486194611,0.316239058971405,-0.602951765060425,-0.273139625787735,-0.679585754871368
-0.605247020721436,0.246274799108505,0.866039991378784,0.316869139671326,-0.603107213973999,-0.271734416484833,-0.679717779159546
-0.604163467884064,0.245521485805511,0.866503000259399,0.31495726108551,-0.600785374641418,-0.273056924343109,-0.682128250598907
-0.603230118751526,0.24495854973793,0.866962015628815,0.313675463199615,-0.600488185882568,-0.273486286401749,-0.68280816078186
-0.602241814136505,0.244686976075172,0.867302894592285,0.311878532171249,-0.600771248340607,-0.270629793405533,-0.684518098831177
-0.60145628452301,0.243607565760612,0.868073344230652,0.311174660921097,-0.597925245761871,-0.275215029716492,-0.685501635074615
-0.600484251976013,0.243446841835976,0.868489980697632,0.31032794713974,-0.597884476184845,-0.273054301738739,-0.686783790588379
-0.599510788917542,0.242585867643356,0.86903703212738,0.307346820831299,-0.588410377502441,-0.272340476512909,-0.696521282196045
-0.59879207611084,0.242207467556,0.869699776172638,0.306671380996704,-0.587994396686554,-0.272597819566727,-0.697069227695465
-0.598304986953735,0.242062091827392,0.870625078678131,0.305586099624634,-0.596895515918732,-0.275242984294891,-0.688893377780914
-0.5978102684021,0.2412950694561,0.871610999107361,0.305675655603409,-0.596602499485016,-0.279324501752853,-0.687463164329529
-0.597148418426514,0.241231054067612,0.872195601463318,0.303853690624237,-0.596600413322449,-0.277941316366196,-0.688831984996796
-0.596343755722046,0.240427017211914,0.87289696931839,0.301377862691879,-0.586354911327362,-0.277586162090302,-0.698788523674011
-0.596073925495148,0.240356862545013,0.873879551887512,0.300499051809311,-0.593620002269745,-0.280707806348801,-0.691750586032867
-0.595777928829193,0.240013629198074,0.874965310096741,0.299483478069305,-0.594958901405334,-0.281641542911529,-0.690660297870636
-0.595263183116913,0.239551320672035,0.87601774930954,0.298444420099258,-0.595246732234955,-0.28395801782608,-0.689913153648376
-0.594928383827209,0.238495483994484,0.876917123794556,0.298347651958466,-0.583868801593781,-0.285590350627899,-0.698944985866547
-0.594530344009399,0.238472312688827,0.877780079841614,0.295239090919495,-0.583174109458923,-0.284822165966034,-0.701155006885529
-0.594344854354858,0.237992212176323,0.878847599029541,0.294732928276062,-0.582039713859558,-0.286363214254379,-0.701682567596436
-0.594335317611694,0.237248420715332,0.880131959915161,0.295089870691299,-0.581155776977539,-0.291198223829269,-0.700274109840393
-0.594148278236389,0.237115785479546,0.880983948707581,0.293342918157578,-0.579818248748779,-0.290483474731445,-0.702410221099854
-0.594017446041107,0.236783683300018,0.882071733474731,0.291511416435242,-0.578961312770844,-0.292085736989975,-0.703214704990387
-0.594061553478241,0.236266985535622,0.883330881595612,0.291126668453216,-0.57791805267334,-0.294596523046493,-0.70318478345871
-0.594035506248474,0.235902398824692,0.884480237960815,0.291008055210114,-0.576888203620911,-0.296197503805161,-0.703406870365143
-0.59423828125,0.235518366098404,0.885468006134033,0.290295541286469,-0.575335741043091,-0.297562807798386,-0.70439600944519
-0.59453672170639,0.234704077243805,0.886908769607544,0.29084300994873,-0.573960363864899,-0.302098870277405,-0.703360497951508
-0.59453672170639,0.234704077243805,0.886908769607544,0.29084300994873,-0.573960363864899,-0.302098870277405,-0.703360497951508
-0.594973862171173,0.234523862600327,0.889225125312805,0.290138363838196,-0.580489993095398,-0.304494857788086,-0.697233259677887
-0.595362603664398,0.234162718057632,0.890635013580322,0.29041713476181,-0.581459045410156,-0.30566468834877,-0.695796251296997
-0.595849394798279,0.233709394931793,0.891856789588928,0.291259109973907,-0.581456422805786,-0.306760221719742,-0.694963812828064
-0.597675502300262,0.232596829533577,0.892060995101929,0.276065021753311,-0.573682010173798,-0.312719225883484,-0.704899907112122
-0.59821480512619,0.231755614280701,0.893486738204956,0.276159137487411,-0.572827041149139,-0.318035751581192,-0.703177511692047
-0.597151339054108,0.232078611850738,0.895249962806702,0.288538724184036,-0.575033783912659,-0.315553188323975,-0.697501122951508
-0.597672820091248,0.231550544500351,0.896419763565063,0.289435833692551,-0.574513375759125,-0.318436205387115,-0.696246922016144
-0.599789202213287,0.230300486087799,0.896811425685883,0.274933665990829,-0.56812995672226,-0.324602574110031,-0.704466462135315
-0.600492775440216,0.229763671755791,0.897863984107971,0.274481028318405,-0.566755890846252,-0.326886415481567,-0.704693615436554
-0.599662184715271,0.229661405086517,0.899847269058228,0.287381678819656,-0.568429887294769,-0.326664984226227,-0.698275923728943
-0.599662184715271,0.229661405086517,0.899847269058228,0.287381678819656,-0.568429887294769,-0.326664984226227,-0.698275923728943
-0.601470470428467,0.228611990809441,0.902255415916443,0.287948936223984,-0.570295095443726,-0.329966336488724,-0.694961309432983
-0.602292060852051,0.22781004011631,0.903469681739807,0.287528604269028,-0.568183541297913,-0.334494173526764,-0.694700121879578
-0.603216528892517,0.227271199226379,0.904511392116547,0.286922544240951,-0.567253410816193,-0.336171954870224,-0.694900989532471
-0.603216528892517,0.227271199226379,0.904511392116547,0.286922544240951,-0.567253410816193,-0.336171954870224,-0.694900989532471
-0.605112135410309,0.22581459581852,0.906793117523193,0.285018235445023,-0.565302670001984,-0.340829610824585,-0.695005476474762
-0.605938017368317,0.225033700466156,0.907859325408936,0.284439951181412,-0.563353180885315,-0.344343632459641,-0.695093214511871
-0.607162535190582,0.22433252632618,0.909090995788574,0.28424009680748,-0.565243899822235,-0.346204817295074,-0.692711353302002
-0.609710335731506,0.223122358322143,0.90914660692215,0.267429232597351,-0.559860587120056,-0.350683897733688,-0.701468825340271
-0.609519720077515,0.222717523574829,0.911464095115662,0.283413708209991,-0.566413342952728,-0.351477175951004,-0.68943202495575
-0.61039936542511,0.222349539399147,0.912258744239807,0.281335920095444,-0.565792262554169,-0.352361589670181,-0.690340876579285
-0.611470401287079,0.221630454063415,0.913354516029358,0.279976308345795,-0.565935909748077,-0.354709416627884,-0.689572930335999
-0.612660884857178,0.220939189195633,0.91445529460907,0.279329717159271,-0.568403720855713,-0.356395274400711,-0.686931371688843
-0.615311801433563,0.219651848077774,0.914549231529236,0.262872666120529,-0.563234984874725,-0.360883146524429,-0.695289671421051
-0.616200745105743,0.218736797571182,0.915407598018646,0.26131671667099,-0.55837470293045,-0.364698231220245,-0.697801172733307
-0.617249369621277,0.218328833580017,0.916946172714233,0.264774858951569,-0.561586678028107,-0.3644959628582,-0.694015383720398
-0.618132472038269,0.217585474252701,0.918034195899963,0.263759285211563,-0.562611520290375,-0.36695584654808,-0.692273676395416
-0.619162976741791,0.216858550906181,0.919065117835998,0.262093335390091,-0.56269246339798,-0.369280695915222,-0.69160395860672
-0.619959533214569,0.216088682413101,0.92004382610321,0.261166155338287,-0.561641991138458,-0.372101277112961,-0.691296756267548
-0.621127545833588,0.215412348508835,0.92126476764679,0.261675745248795,-0.564281582832336,-0.372876226902008,-0.688531398773193
-0.622012674808502,0.214637279510498,0.92227828502655,0.260800987482071,-0.563390910625458,-0.376044243574142,-0.687869369983673
-0.624028861522675,0.213947594165802,0.923235297203064,0.254963874816894,-0.563640654087067,-0.376925438642502,-0.689369201660156
-0.623480558395386,0.214059412479401,0.925163269042969,0.271307051181793,-0.568849444389343,-0.375926196575165,-0.679324865341187
-0.623946905136108,0.213024109601974,0.925863683223724,0.268177539110184,-0.556685149669647,-0.378231436014175,-0.689292013645172
-0.625215351581573,0.212579220533371,0.927111864089966,0.268775075674057,-0.564772963523865,-0.382270872592926,-0.680191397666931
-0.626040995121002,0.212070792913437,0.928208291530609,0.269360661506653,-0.564926564693451,-0.383706748485565,-0.67902284860611
-0.626040995121002,0.212070792913437,0.928208291530609,0.269360661506653,-0.564926564693451,-0.383706748485565,-0.67902284860611
-0.627803087234497,0.21077436208725,0.930426836013794,0.268521636724472,-0.564041972160339,-0.389061957597732,-0.677040338516235
-0.628715336322784,0.210177481174469,0.931417882442474,0.267328202724457,-0.563568770885468,-0.391107082366943,-0.676728367805481
-0.629584670066833,0.209560841321945,0.932685792446136,0.268428325653076,-0.564437448978424,-0.392745703458786,-0.674616456031799
-0.630253970623016,0.208976328372955,0.933425307273865,0.266613006591797,-0.55948930978775,-0.394801199436188,-0.678248643875122
-0.631613731384277,0.207783848047256,0.934124410152435,0.259987264871597,-0.561084985733032,-0.396542847156525,-0.678486406803131
-0.631978034973145,0.207607716321945,0.935378968715668,0.264523863792419,-0.559275031089783,-0.398985922336578,-0.676792919635773
-0.632842898368835,0.207314968109131,0.936523079872131,0.267124861478805,-0.559331297874451,-0.400441884994507,-0.674862444400787
-0.633596241474152,0.206877559423447,0.937546074390411,0.267060399055481,-0.558493852615356,-0.402480155229568,-0.674368739128113
-0.634420216083527,0.206181138753891,0.938619375228882,0.266227722167969,-0.558475315570831,-0.404090076684952,-0.673750042915344
-0.635085463523865,0.205845981836319,0.939510822296143,0.265893518924713,-0.558786809444427,-0.405479490756989,-0.672788500785828
-0.637446224689484,0.204610139131546,0.939475417137146,0.249123245477676,-0.553074359893799,-0.410585701465607,-0.680783212184906
-0.636381089687347,0.204694956541061,0.941249966621399,0.264192759990692,-0.554423689842224,-0.410117149353027,-0.67425549030304
-0.63704925775528,0.204170048236847,0.942134439945221,0.264681220054626,-0.553676128387451,-0.412112832069397,-0.673460900783539
-0.638007640838623,0.203964456915855,0.943298578262329,0.267067551612854,-0.55831915140152,-0.411293625831604,-0.669172704219818
-0.638785600662231,0.203098326921463,0.944168865680695,0.266858279705048,-0.555487275123596,-0.416394114494324,-0.66845828294754
-0.639395475387573,0.203005701303482,0.944967746734619,0.266802430152893,-0.556064069271088,-0.414816796779633,-0.668981492519379
-0.639905393123627,0.202518776059151,0.94569981098175,0.265131205320358,-0.553686022758484,-0.417373776435852,-0.670027136802673
-0.639905393123627,0.202518776059151,0.94569981098175,0.265131205320358,-0.553686022758484,-0.417373776435852,-0.670027136802673
-0.641157925128937,0.201443433761597,0.94722181558609,0.263802796602249,-0.550152599811554,-0.421822279691696,-0.670675933361053
-0.641741394996643,0.201049372553825,0.948071479797363,0.264503329992294,-0.549804031848907,-0.423485964536667,-0.66963654756546
-0.642734587192535,0.200632750988007,0.948966026306152,0.26423180103302,-0.551263689994812,-0.423507571220398,-0.668529272079468
-0.643388271331787,0.199821799993515,0.94977080821991,0.265508383512497,-0.548883974552155,-0.428014099597931,-0.667109906673431
-0.64397144317627,0.199744373559952,0.950504720211029,0.265698790550232,-0.550304114818573,-0.426363080739975,-0.666921317577362
-0.644674360752106,0.199214726686478,0.951154112815857,0.2653968334198,-0.549912512302399,-0.428605020046234,-0.665926873683929
-0.645237803459167,0.198841482400894,0.951818227767944,0.265540510416031,-0.549541294574738,-0.429551839828491,-0.665565729141235
-0.647947549819946,0.196539759635925,0.951610505580902,0.254766494035721,-0.540449142456055,-0.440507084131241,-0.67004656791687
-0.646603584289551,0.197774946689606,0.953045725822449,0.264664620161057,-0.546965360641479,-0.432792454957962,-0.665937066078186
-0.647515058517456,0.196235358715057,0.953726530075073,0.269588559865951,-0.542210340499878,-0.441156327724457,-0.662352681159973
-0.647515058517456,0.196235358715057,0.953726530075073,0.269588559865951,-0.542210340499878,-0.441156327724457,-0.662352681159973
-0.648757457733154,0.195804372429848,0.954616963863373,0.267694383859634,-0.540843546390533,-0.440945625305176,-0.664375483989716
-0.648737192153931,0.195875436067581,0.955173134803772,0.263892352581024,-0.543525755405426,-0.440207213163376,-0.664197564125061
-0.649340093135834,0.195542097091675,0.955799221992493,0.264698773622513,-0.54549115896225,-0.440698236227036,-0.661935746669769
-0.650639057159424,0.193982154130936,0.956487655639648,0.268715530633926,-0.542591452598572,-0.446839392185211,-0.658575117588043
-0.652119159698486,0.193931818008423,0.955738306045532,0.247420936822891,-0.540888071060181,-0.446318566799164,-0.66859757900238
-0.651191890239716,0.193030923604965,0.957098603248596,0.267928630113602,-0.53999263048172,-0.451460272073746,-0.657879829406738
-0.651570081710815,0.193579405546188,0.957435727119446,0.262241095304489,-0.54307609796524,-0.446931809186935,-0.660719275474548
-0.651570081710815,0.193579405546188,0.957435727119446,0.262241095304489,-0.54307609796524,-0.446931809186935,-0.660719275474548
-0.652739524841309,0.191775232553482,0.958256244659424,0.267910957336426,-0.540772199630737,-0.453449070453644,-0.655875861644745
-0.653425574302673,0.19153156876564,0.958711624145508,0.266779154539108,-0.541409552097321,-0.453359097242355,-0.655873537063599
-0.655588388442993,0.19086953997612,0.957848489284515,0.248569384217262,-0.537882566452026,-0.454183548688888,-0.665291666984558
-0.654313445091248,0.191075384616852,0.959144711494446,0.264544814825058,-0.541795313358307,-0.453784197568893,-0.656165957450867
-0.65485030412674,0.190090954303741,0.958739280700684,0.256167024374008,-0.539575338363647,-0.455876290798187,-0.659858882427216
-0.655270040035248,0.189296126365662,0.959372758865356,0.25774934887886,-0.541601300239563,-0.457757085561752,-0.656271159648895
-0.655431747436523,0.189435601234436,0.960152566432953,0.264407247304916,-0.542690813541412,-0.458544105291367,-0.652160286903381
-0.655689060688019,0.189117103815079,0.960480570793152,0.26482367515564,-0.54274183511734,-0.459002584218979,-0.651625990867615
-0.656308889389038,0.189407646656036,0.960644066333771,0.26332551240921,-0.543803930282593,-0.455712825059891,-0.65365344285965
-0.656295955181122,0.188149839639664,0.961057841777802,0.264478266239166,-0.541802108287811,-0.461634814739227,-0.650688111782074
-0.656538367271423,0.187834069132805,0.96128922700882,0.264312446117401,-0.541538000106812,-0.462123811244965,-0.650628328323364
-0.656959116458893,0.188410460948944,0.96175742149353,0.260100841522217,-0.545230329036713,-0.456761956214905,-0.653023600578308
-0.657128274440765,0.186936691403389,0.961937308311462,0.263649612665176,-0.541543662548065,-0.463177591562271,-0.650143086910248
-0.657199800014496,0.186581611633301,0.962090194225311,0.263299256563187,-0.54116028547287,-0.464481681585312,-0.649673521518707
-0.657642781734467,0.186424374580383,0.961517930030823,0.252422481775284,-0.539427757263184,-0.461379855871201,-0.657593548297882
-0.657584130764008,0.186258286237717,0.962078630924225,0.250439643859863,-0.543251097202301,-0.461258918046951,-0.655285060405731
-0.657648622989655,0.184863954782486,0.962182879447937,0.254416108131409,-0.539576947689056,-0.467371731996536,-0.652451515197754
-0.657639503479004,0.185126915574074,0.96307498216629,0.262434273958206,-0.541886508464813,-0.466141849756241,-0.648227453231812
-0.657722294330597,0.18558919429779,0.963634550571442,0.256655931472778,-0.545995950698853,-0.462630480527878,-0.649606883525848
-0.657700300216675,0.185205459594727,0.963818550109863,0.255594074726105,-0.544876992702484,-0.463629692792892,-0.650252401828766
-0.657689690589905,0.184046626091003,0.963756799697876,0.260789841413498,-0.54138320684433,-0.468611687421799,-0.647530734539032
-0.65788209438324,0.18408876657486,0.963435173034668,0.247969925403595,-0.542763411998749,-0.465002119541168,-0.653981626033783
-0.657744348049164,0.184296041727066,0.964408040046692,0.25715434551239,-0.544905006885529,-0.464403718709946,-0.649060487747192
-0.65778511762619,0.183893829584122,0.965022683143616,0.256265312433243,-0.546952188014984,-0.464695632457733,-0.647479236125946
-0.657727479934692,0.182842135429382,0.964967310428619,0.260977745056152,-0.543666124343872,-0.468761682510376,-0.645430326461792
-0.657726109027863,0.182590246200561,0.965185821056366,0.260604321956635,-0.54356837272644,-0.468643844127655,-0.645748972892761
-0.657819449901581,0.18274798989296,0.965286433696747,0.259692877531052,-0.543943226337433,-0.465957850217819,-0.647741198539734
-0.65752375125885,0.181794375181198,0.965743541717529,0.259456396102905,-0.541326463222504,-0.470272451639175,-0.646909475326538
-0.657588124275208,0.182412326335907,0.966386139392853,0.254946529865265,-0.546711027622223,-0.465896457433701,-0.647340714931488
-0.657719433307648,0.181631818413734,0.965742230415344,0.246944934129715,-0.543669581413269,-0.466565310955048,-0.652501821517944
-0.657658815383911,0.181411013007164,0.966018557548523,0.246620550751686,-0.543537557125092,-0.466736018657684,-0.652612268924713
-0.657352805137634,0.180786550045013,0.966981410980225,0.259648323059082,-0.542302548885345,-0.471285164356232,-0.645275950431824
-0.657292664051056,0.180604189634323,0.967253088951111,0.259247630834579,-0.542274832725525,-0.471400082111359,-0.645376324653625
-0.657430529594421,0.181313574314117,0.967947602272034,0.254031717777252,-0.546450555324554,-0.466100841760635,-0.647773027420044
-0.657273054122925,0.181062281131744,0.968212246894836,0.253950178623199,-0.546138644218445,-0.466847389936447,-0.647530317306519
-0.657184898853302,0.180978387594223,0.968493223190308,0.253510624170303,-0.546094000339508,-0.466555684804916,-0.647950232028961
-0.65693587064743,0.180845022201538,0.96868360042572,0.252799600362778,-0.545630216598511,-0.467482507228851,-0.647950768470764
-0.656754493713379,0.180658459663391,0.969067215919495,0.252746164798737,-0.54569947719574,-0.467907249927521,-0.647606492042542
-0.65663880109787,0.180566549301147,0.969281554222107,0.252457201480865,-0.545328259468079,-0.467938482761383,-0.648009240627289
-0.656529247760773,0.18049082159996,0.969489336013794,0.252322524785995,-0.544825375080109,-0.467832207679748,-0.648561120033264
-0.656529247760773,0.18049082159996,0.969489336013794,0.252322524785995,-0.544825375080109,-0.467832207679748,-0.648561120033264
-0.656290769577026,0.180500000715256,0.969673991203308,0.253117948770523,-0.543710887432098,-0.466888338327408,-0.64986526966095
-0.656174004077911,0.179854214191437,0.969240248203278,0.244973197579384,-0.541683793067932,-0.468271970748901,-0.653672695159912
-0.655949056148529,0.178884595632553,0.96936172246933,0.248579204082489,-0.538777649402618,-0.473832905292511,-0.650698959827423
-0.655798673629761,0.178755462169647,0.969569802284241,0.24856461584568,-0.538459241390228,-0.474344074726105,-0.650595843791962
-0.655798673629761,0.178755462169647,0.969569802284241,0.24856461584568,-0.538459241390228,-0.474344074726105,-0.650595843791962
-0.655387401580811,0.180202662944794,0.971039891242981,0.252547949552536,-0.544381082057953,-0.468503355979919,-0.648362100124359
-0.655275046825409,0.180184617638588,0.971190929412842,0.252511262893677,-0.544217705726624,-0.468617081642151,-0.648431241512299
-0.655186772346497,0.180271923542023,0.971115112304688,0.253442585468292,-0.543137073516846,-0.467917680740356,-0.649478316307068
-0.655186772346497,0.180271923542023,0.971115112304688,0.253442585468292,-0.543137073516846,-0.467917680740356,-0.649478316307068
-0.655395925045013,0.179460197687149,0.970700562000275,0.247854277491569,-0.539481997489929,-0.469328016042709,-0.653650224208832
-0.655010461807251,0.179560586810112,0.971287310123444,0.244211003184318,-0.541826903820038,-0.469745457172394,-0.652781665325165
-0.65486204624176,0.179474458098412,0.970748364925384,0.247623831033707,-0.536493599414825,-0.470402896404266,-0.655422151088715
-0.654458343982697,0.179659962654114,0.971053719520569,0.24498638510704,-0.538307130336761,-0.470059782266617,-0.655172348022461
-0.654345691204071,0.179662793874741,0.971125483512878,0.244901895523071,-0.538021683692932,-0.47033479809761,-0.655241131782532
-0.654236078262329,0.179674416780472,0.971197843551636,0.245016753673553,-0.537977814674377,-0.470313817262649,-0.655249238014221
-0.654148161411285,0.179662227630615,0.971267104148865,0.244902402162552,-0.537976741790771,-0.470487684011459,-0.655168116092682
-0.654268562793732,0.17973218858242,0.971537709236145,0.246194645762443,-0.540610313415527,-0.468950420618057,-0.653616368770599
-0.654228985309601,0.179251492023468,0.971389293670654,0.249284088611603,-0.537996530532837,-0.471345990896225,-0.65287834405899
-0.65414035320282,0.179240271449089,0.971474647521973,0.24919830262661,-0.53792542219162,-0.471350491046906,-0.652966141700745
-0.654064238071442,0.179261267185211,0.971556425094604,0.249128624796867,-0.538182497024536,-0.471363514661789,-0.652771711349487
-0.65400093793869,0.17924565076828,0.971621155738831,0.249034181237221,-0.538050651550293,-0.471383988857269,-0.652901768684387
-0.65380722284317,0.178731918334961,0.971860110759735,0.249514907598495,-0.537476181983948,-0.474557310342789,-0.650889337062836
-0.653903543949127,0.17917189002037,0.971782922744751,0.24928867816925,-0.538081407546997,-0.471923232078552,-0.652389466762543
-0.653881788253784,0.179149612784386,0.971866369247436,0.249170541763306,-0.537855088710785,-0.471961915493011,-0.65259325504303
-0.653866112232208,0.179117888212204,0.971954822540283,0.249204203486443,-0.537830233573914,-0.472082167863846,-0.652513802051544
-0.6536745429039,0.179090261459351,0.97198224067688,0.249004438519478,-0.537053227424622,-0.472982317209244,-0.652578353881836
-0.653584122657776,0.179644376039505,0.972745776176453,0.257137566804886,-0.539045691490173,-0.471542596817017,-0.648812294006348
-0.653577566146851,0.179606229066849,0.972849607467651,0.256716758012772,-0.539098620414734,-0.471540421247482,-0.648936688899994
-0.653601109981537,0.179574549198151,0.972966015338898,0.256390899419784,-0.539246439933777,-0.471502333879471,-0.648970365524292
-0.653613865375519,0.179537206888199,0.97306227684021,0.256063550710678,-0.539454221725464,-0.471355050802231,-0.649033963680267
-0.653613865375519,0.179537206888199,0.97306227684021,0.256063550710678,-0.539454221725464,-0.471355050802231,-0.649033963680267
-0.655054867267609,0.178807258605957,0.972263097763062,0.238533213734627,-0.5354323387146,-0.475096821784973,-0.65627521276474
-0.653607487678528,0.179795935750008,0.973719656467438,0.25177526473999,-0.542604982852936,-0.469517588615417,-0.649416744709015
-0.653607487678528,0.179795935750008,0.973719656467438,0.25177526473999,-0.542604982852936,-0.469517588615417,-0.649416744709015
-0.653821229934692,0.17951288819313,0.974472045898438,0.250338733196258,-0.544553160667419,-0.470004826784134,-0.647987484931946
-0.653901994228363,0.179451584815979,0.974656105041504,0.24999338388443,-0.54445880651474,-0.470154523849487,-0.648091614246368
-0.654004395008087,0.1794673204422,0.974604189395904,0.250802278518677,-0.543784916400909,-0.469634652137756,-0.648721396923065
-0.654080808162689,0.179417073726654,0.97479259967804,0.250372290611267,-0.543924510478973,-0.469744890928268,-0.648690581321716
-0.654155254364014,0.179338231682777,0.97498369216919,0.249951034784317,-0.543837904930115,-0.470016419887543,-0.648729145526886
-0.65583860874176,0.178461670875549,0.974176228046417,0.231104493141174,-0.539891183376312,-0.473320126533508,-0.656564056873322
-0.655922114849091,0.178359553217888,0.97441291809082,0.230887278914452,-0.540096282958984,-0.473575830459595,-0.656287550926208
-0.656287789344788,0.178025156259537,0.974484324455261,0.233838096261024,-0.538332641124725,-0.474821746349335,-0.655791103839874
-0.654725611209869,0.178635239601135,0.975686430931091,0.250929176807404,-0.542110860347748,-0.473132818937302,-0.647530496120453
-0.654725611209869,0.178635239601135,0.975686430931091,0.250929176807404,-0.542110860347748,-0.473132818937302,-0.647530496120453
-0.65487140417099,0.17807799577713,0.975648045539856,0.23884055018425,-0.54047030210495,-0.474703669548035,-0.652306199073792
-0.65507435798645,0.177962005138397,0.976282775402069,0.238121047616005,-0.542923986911774,-0.475166410207748,-0.650191307067871
-0.655235886573792,0.17789950966835,0.976584851741791,0.238116160035133,-0.543139457702637,-0.475597739219666,-0.649697721004486
-0.655355930328369,0.177811801433563,0.976938307285309,0.23843377828598,-0.543140411376953,-0.475986063480377,-0.649295926094055
-0.655512511730194,0.178336381912231,0.9778972864151,0.246813908219337,-0.544852018356323,-0.474828124046326,-0.645567536354065
-0.655859172344208,0.178287819027901,0.978196024894714,0.247001215815544,-0.544537544250488,-0.475077688694,-0.645577669143677
-0.656167924404144,0.1783127784729,0.97828871011734,0.24811440706253,-0.543467819690704,-0.474884808063507,-0.64619368314743
-0.656619131565094,0.178187400102615,0.978563547134399,0.247114256024361,-0.542881369590759,-0.475439220666885,-0.646662175655365
-0.656826138496399,0.177946090698242,0.979059755802154,0.245476603507996,-0.542539596557617,-0.478103131055832,-0.645607888698578
-0.657135128974915,0.177827790379524,0.979437470436096,0.245563164353371,-0.542365372180939,-0.479140937328339,-0.644951641559601
-0.659168243408203,0.17711341381073,0.978852152824402,0.228288888931274,-0.53812450170517,-0.481929332017899,-0.652725338935852
-0.658134758472443,0.177215754985809,0.979440987110138,0.238470956683159,-0.539327502250671,-0.480533003807068,-0.649111270904541
-0.658134758472443,0.177215754985809,0.979440987110138,0.238470956683159,-0.539327502250671,-0.480533003807068,-0.649111270904541
-0.659309387207031,0.17752493917942,0.981383085250854,0.24719500541687,-0.542228996753693,-0.479847282171249,-0.6439169049263
-0.661152482032776,0.17669665813446,0.980702996253967,0.230580031871796,-0.537003517150879,-0.484627336263657,-0.6508429646492
-0.660310745239258,0.177260279655456,0.98209410905838,0.24661035835743,-0.540066123008728,-0.483146697282791,-0.643491387367249
-0.660310745239258,0.177260279655456,0.98209410905838,0.24661035835743,-0.540066123008728,-0.483146697282791,-0.643491387367249
-0.661698997020721,0.177158147096634,0.983376502990723,0.24849908053875,-0.540856301784515,-0.484031677246094,-0.641432642936707
-0.662379145622253,0.176982715725899,0.983631551265717,0.247559070587158,-0.538897335529327,-0.486110597848892,-0.641872882843018
-0.663102805614471,0.176211059093475,0.983485341072082,0.239322945475578,-0.536587297916412,-0.48900955915451,-0.644723296165466
-0.663925886154175,0.17670327425003,0.984671711921692,0.248104870319366,-0.537599325180054,-0.488538652658463,-0.640906393527985
-0.664588153362274,0.176618322730064,0.98519104719162,0.248735710978508,-0.536357223987579,-0.4891157746315,-0.641262173652649
-0.665534317493439,0.176461845636368,0.98567932844162,0.248891592025757,-0.535419404506683,-0.490108579397201,-0.64122748374939
-0.666707396507263,0.175608545541763,0.985559940338135,0.238609284162521,-0.532933533191681,-0.491998732089996,-0.645743489265442
-0.66891086101532,0.175542652606964,0.985600173473358,0.230658009648323,-0.530619978904724,-0.494925767183304,-0.648296296596527
-0.668329358100891,0.176144555211067,0.98703932762146,0.248136773705482,-0.53393942117691,-0.493219077587128,-0.640368521213531
-0.668329358100891,0.176144555211067,0.98703932762146,0.248136773705482,-0.53393942117691,-0.493219077587128,-0.640368521213531
-0.671943485736847,0.175212278962135,0.987091779708862,0.231799498200417,-0.530703067779541,-0.497896581888199,-0.645540237426758
-0.672614276409149,0.174732059240341,0.986944854259491,0.223200634121895,-0.514741778373718,-0.500214159488678,-0.659551560878754
-0.672415852546692,0.17580235004425,0.988739848136902,0.250159233808517,-0.533554971218109,-0.497112959623337,-0.63688188791275
-0.673450708389282,0.174934685230255,0.988548398017883,0.23862586915493,-0.531580090522766,-0.501292705535889,-0.639676332473755
-0.673450708389282,0.174934685230255,0.988548398017883,0.23862586915493,-0.531580090522766,-0.501292705535889,-0.639676332473755
-0.675217688083649,0.175772458314896,0.989508986473084,0.248320311307907,-0.533149480819702,-0.500669836997986,-0.635152339935303
-0.676132917404175,0.17511773109436,0.989386320114136,0.241191625595093,-0.516524195671082,-0.501916766166687,-0.650468230247498
-0.677198648452759,0.175204783678055,0.99033510684967,0.247139319777489,-0.532763004302979,-0.506005346775055,-0.631699681282043
-0.678098022937775,0.175534293055534,0.99030613899231,0.248351529240608,-0.532867968082428,-0.504419028759003,-0.632404029369354
-0.679373204708099,0.175484180450439,0.990722298622131,0.248959541320801,-0.535323917865753,-0.504156708717346,-0.630296468734741
-0.681648194789886,0.173809260129929,0.989634454250336,0.222012594342232,-0.515368580818176,-0.510645270347595,-0.651419103145599
-0.681092917919159,0.175189942121506,0.990857481956482,0.247426360845566,-0.534542977809906,-0.506954193115234,-0.629318177700043
-0.681930959224701,0.17492288351059,0.99132251739502,0.246584072709084,-0.535677492618561,-0.509007215499878,-0.627022743225098
-0.682908535003662,0.174445778131485,0.990366399288178,0.238094761967659,-0.533464133739471,-0.50957053899765,-0.631715834140778
-0.68363881111145,0.174440830945969,0.990458786487579,0.23807767033577,-0.534216582775116,-0.50996857881546,-0.630764484405518
-0.684570074081421,0.174305573105812,0.990665912628174,0.237913370132446,-0.535550773143768,-0.510538101196289,-0.629232406616211
-0.685334146022797,0.174102604389191,0.990845680236816,0.238436505198479,-0.535904586315155,-0.512488842010498,-0.627143979072571
-0.685943722724915,0.174136474728584,0.99074399471283,0.237690404057503,-0.53565913438797,-0.513858675956726,-0.626515626907349
-0.686518967151642,0.174994915723801,0.991448938846588,0.248189866542816,-0.538415551185608,-0.511491000652313,-0.622002840042114
-0.687146723270416,0.17478421330452,0.991571009159088,0.248863741755486,-0.537993431091309,-0.513328671455383,-0.620583236217499
-0.687621474266052,0.174902528524399,0.991295456886292,0.247662544250488,-0.536959052085876,-0.513975977897644,-0.621423363685608
-0.688254237174988,0.174793556332588,0.991418957710266,0.248870253562927,-0.53701776266098,-0.514315724372864,-0.620608448982239
-0.688704192638397,0.174337595701218,0.99175214767456,0.248604342341423,-0.536751925945282,-0.517193734645844,-0.618549704551697
-0.689115524291992,0.174254596233368,0.991718888282776,0.248867064714432,-0.536216676235199,-0.517615556716919,-0.618555843830109
-0.689628303050995,0.173866152763367,0.990707635879517,0.240629702806473,-0.534505128860474,-0.51736307144165,-0.623487889766693
-0.689930260181427,0.173476845026016,0.991032719612122,0.239996448159218,-0.534779191017151,-0.519257545471191,-0.621920108795166
-0.689930260181427,0.173476845026016,0.991032719612122,0.239996448159218,-0.534779191017151,-0.519257545471191,-0.621920108795166
-0.6900594830513,0.173978850245476,0.991507589817047,0.248284518718719,-0.535995066165924,-0.519369661808014,-0.617510557174683
-0.690498948097229,0.173969209194183,0.991509795188904,0.249866381287575,-0.536724328994751,-0.517111539840698,-0.618133962154388
-0.690633356571198,0.174029856920242,0.9913569688797,0.250301718711853,-0.536520063877106,-0.516017377376556,-0.619048833847046
-0.690678060054779,0.173556953668594,0.991690874099731,0.250065386295319,-0.536656618118286,-0.518311381340027,-0.61710649728775
-0.690838932991028,0.172802239656448,0.99100536108017,0.241010949015617,-0.534923374652863,-0.519511044025421,-0.621191740036011
-0.690921902656555,0.173088103532791,0.990687429904938,0.242228448390961,-0.534390985965729,-0.517238736152649,-0.623069763183594
-0.690938889980316,0.17302930355072,0.990704953670502,0.242514252662659,-0.534130454063416,-0.517152011394501,-0.62325382232666
-0.690910041332245,0.172984480857849,0.990712523460388,0.242756634950638,-0.53356808423996,-0.51700484752655,-0.623763144016266
-0.690807700157166,0.172601088881493,0.991043627262116,0.242245107889175,-0.533479034900665,-0.519066989421844,-0.622323751449585
-0.690807700157166,0.172601088881493,0.991043627262116,0.242245107889175,-0.533479034900665,-0.519066989421844,-0.622323751449585
-0.690681517124176,0.172571927309036,0.991101324558258,0.24317578971386,-0.532266020774841,-0.519076585769653,-0.622991025447845
-0.690594375133514,0.172578722238541,0.991139531135559,0.243789747357368,-0.531457364559174,-0.519140124320984,-0.623388409614563
-0.690494298934937,0.172603607177734,0.991187691688538,0.244530484080315,-0.530811727046967,-0.519182860851288,-0.623612701892853
-0.69040459394455,0.172609865665436,0.991216003894806,0.244924455881119,-0.529887795448303,-0.519225478172302,-0.624208331108093
-0.690266489982605,0.172657907009125,0.991285860538483,0.245335444808006,-0.529087483882904,-0.519282281398773,-0.624678313732147
-0.690110683441162,0.173307210206985,0.991996645927429,0.254703134298325,-0.529797554016113,-0.518077433109283,-0.621318519115448
-0.689753949642181,0.172870695590973,0.99156379699707,0.246822118759155,-0.513805329799652,-0.518311619758606,-0.637523591518402
-0.689663589000702,0.172906816005707,0.991615772247314,0.24727913737297,-0.513360202312469,-0.518354058265686,-0.637670338153839
-0.689457833766937,0.172990024089813,0.991726100444794,0.248835787177086,-0.513118147850037,-0.51826947927475,-0.637327909469604
-0.689378678798676,0.173038572072983,0.991789996623993,0.249117702245712,-0.512822568416595,-0.518243253231049,-0.637477219104767
-0.689301311969757,0.173078447580337,0.991852521896362,0.249283477663994,-0.512531161308289,-0.518262028694153,-0.637631714344025
-0.68926066160202,0.173529207706451,0.991518259048462,0.250227957963943,-0.511870443820953,-0.515808343887329,-0.639778316020966
-0.690833866596222,0.173401743173599,0.990898251533508,0.240716606378555,-0.523582994937897,-0.519206643104553,-0.631142497062683
-0.689241468906403,0.174213662743568,0.992039918899536,0.257628411054611,-0.527238845825195,-0.516465246677399,-0.62362676858902
-0.689200162887573,0.174315944314003,0.992064774036408,0.257683992385864,-0.527158439159393,-0.516350626945496,-0.623766779899597
-0.689189434051514,0.174438863992691,0.992098152637482,0.257825255393982,-0.527190625667572,-0.516289174556732,-0.623732030391693
-0.689329624176025,0.174556016921997,0.992278754711151,0.258446961641312,-0.528171420097351,-0.515742719173431,-0.623096823692322
-0.689247310161591,0.174710303544998,0.992188215255737,0.258074223995209,-0.526903867721558,-0.516435861587524,-0.623750030994415
-0.690814673900604,0.174196273088455,0.991134822368622,0.241275310516357,-0.523622691631317,-0.519173502922058,-0.630923449993134
-0.690888464450836,0.174327701330185,0.991149544715881,0.241350129246712,-0.523118853569031,-0.519221603870392,-0.631272971630096
-0.690874218940735,0.174447596073151,0.991097629070282,0.240763708949089,-0.521398842334747,-0.519847095012665,-0.632404327392578
-0.691125571727753,0.174424514174461,0.991293787956238,0.241512700915337,-0.521836519241333,-0.520501971244812,-0.63121771812439
-0.691202580928802,0.174573719501495,0.991319477558136,0.242029026150703,-0.521330654621124,-0.520833551883698,-0.631164729595184
-0.689750373363495,0.175254344940185,0.99255359172821,0.258549928665161,-0.524598777294159,-0.519518375396729,-0.622935593128204
-0.689722239971161,0.174917727708817,0.992161273956299,0.250910133123398,-0.509308695793152,-0.519747793674469,-0.638365983963013
-0.689974367618561,0.174983739852905,0.992103159427643,0.249950781464577,-0.508889317512512,-0.520241498947144,-0.638674557209015
-0.690213799476624,0.17522931098938,0.99188768863678,0.251202970743179,-0.508058547973633,-0.519627451896667,-0.639343917369843
-0.690393686294556,0.174687534570694,0.991146445274353,0.241821601986885,-0.506074070930481,-0.521521747112274,-0.642982363700867
-0.690636277198792,0.174636751413345,0.991329073905945,0.241374030709267,-0.506644368171692,-0.522597908973694,-0.641826868057251
-0.690910220146179,0.175222516059875,0.991687595844269,0.249588370323181,-0.522321462631226,-0.523316264152527,-0.625320911407471
-0.691125273704529,0.175297319889069,0.991607189178467,0.248949304223061,-0.522887110710144,-0.523527145385742,-0.624926090240479
-0.691304743289948,0.175387158989906,0.991609394550324,0.249001309275627,-0.523750782012939,-0.523577928543091,-0.624139070510864
-0.69148862361908,0.17551526427269,0.991634428501129,0.249233394861221,-0.524827599525452,-0.523489713668823,-0.623215198516846
-0.691651344299316,0.175233915448189,0.991015672683716,0.241076186299324,-0.50895619392395,-0.521503984928131,-0.640998780727386
-0.692067801952362,0.17665559053421,0.9920494556427,0.258534848690033,-0.528662383556366,-0.519282162189484,-0.619694888591766
-0.692067801952362,0.17665559053421,0.9920494556427,0.258534848690033,-0.528662383556366,-0.519282162189484,-0.619694888591766
-0.692287802696228,0.176660776138306,0.992055594921112,0.257791638374329,-0.528943359851837,-0.521053075790405,-0.61827677488327
-0.692594528198242,0.176999717950821,0.99203884601593,0.257784783840179,-0.530467331409454,-0.519111692905426,-0.618606925010681
-0.692825376987457,0.177108123898506,0.992008805274963,0.258032202720642,-0.530605852603912,-0.519030094146729,-0.618453502655029
-0.692690968513489,0.176744133234024,0.991531491279602,0.248692065477371,-0.514598667621613,-0.519314527511597,-0.635336875915527
-0.692930817604065,0.177424877882004,0.991904854774475,0.256797730922699,-0.531149089336395,-0.51995450258255,-0.617723762989044
-0.693121135234833,0.17760494351387,0.992017865180969,0.257699102163315,-0.532389760017395,-0.519276976585388,-0.616849839687347
-0.693086624145508,0.177245020866394,0.991503953933716,0.249024227261543,-0.516062378883362,-0.519521772861481,-0.633848309516907
-0.693086624145508,0.177245020866394,0.991503953933716,0.249024227261543,-0.516062378883362,-0.519521772861481,-0.633848309516907
-0.693670630455017,0.178027749061584,0.991858839988708,0.255367964506149,-0.532652199268341,-0.519850134849548,-0.617110013961792
