x,y,z,q0,q1,q2,q3
0.601922631263733,-0.0996566787362098,1.34740090370178,-0.0245627183467149,0.0386666133999824,0.68624746799469,-0.725924134254456
0.602207660675049,-0.100539207458496,1.34731841087341,-0.026229677721858,0.0425613522529602,0.689711630344391,-0.722356140613556
0.602552890777588,-0.100300170481205,1.34723699092865,-0.0268793813884258,0.041197545826435,0.688307106494904,-0.723749697208405
0.602542579174042,-0.101351618766785,1.34695684909821,-0.0248296745121479,0.0415659807622432,0.689848959445953,-0.72233259677887
0.602595865726471,-0.101252347230911,1.34734535217285,-0.026139847934246,0.0365505144000053,0.686933517456055,-0.725329697132111
0.602681875228882,-0.101504787802696,1.34737622737885,-0.0260740648955106,0.0361850671470165,0.686651527881622,-0.725617349147797
0.602793335914612,-0.101643145084381,1.34736478328705,-0.0260282438248395,0.0359933041036129,0.68581211566925,-0.726421892642975
0.602815687656403,-0.101173363626003,1.34728097915649,-0.0269045829772949,0.0344042927026748,0.683228135108948,-0.72889769077301
0.602940142154694,-0.101475588977337,1.347372174263,-0.024087868630886,0.0344787985086441,0.683535277843475,-0.728704750537872
0.60294109582901,-0.102158568799496,1.34748554229736,-0.0226637013256549,0.034521784633398,0.684406936168671,-0.727929830551147
0.602943539619446,-0.102301627397537,1.34751379489899,-0.0224584005773067,0.0344725437462329,0.683605909347534,-0.728690803050995
0.602861166000366,-0.102209858596325,1.3473984003067,-0.0276288390159606,0.0360246002674102,0.680762588977814,-0.731095969676971
0.60297679901123,-0.102253824472427,1.34728455543518,-0.0242371130734682,0.0436924174427986,0.684918403625488,-0.726904690265656
0.602819263935089,-0.102510258555412,1.34745860099792,-0.0224152375012636,0.0420433096587657,0.683940589427948,-0.727980256080627
0.602723717689514,-0.102513805031776,1.34769535064697,-0.0223674941807985,0.0409204252064228,0.68276172876358,-0.729151368141174
0.602780938148499,-0.102349691092968,1.34760844707489,-0.0229271966964006,0.0404170006513595,0.681446075439453,-0.730391800403595
0.60271817445755,-0.102446816861629,1.34766697883606,-0.0226686522364616,0.0401445664465427,0.680828988552094,-0.730990052223206
0.602663040161133,-0.102638840675354,1.34775125980377,-0.0221265275031328,0.0402686782181263,0.680252015590668,-0.73153680562973
0.602368116378784,-0.102888628840446,1.34796249866486,-0.0230780113488435,0.0352526120841503,0.678577065467834,-0.733319759368896
0.60246330499649,-0.102531880140304,1.34794688224792,-0.0251270160079002,0.0364424772560596,0.677719950675964,-0.733986556529999
0.602231681346893,-0.103284597396851,1.34804832935333,-0.023156439885497,0.0369562096893787,0.679178237915039,-0.73267674446106
0.602382898330688,-0.103858679533005,1.34810411930084,-0.0201980974525213,0.0374936610460281,0.682145953178406,-0.729974806308746
0.602249324321747,-0.104122817516327,1.34816288948059,-0.020980829373002,0.0404061451554298,0.682525873184204,-0.729441940784454
0.602009475231171,-0.104547910392284,1.34821975231171,-0.0176392793655395,0.04278264939785,0.684419333934784,-0.727618634700775
0.602140009403229,-0.104401558637619,1.34831583499908,-0.018732288852334,0.0349966324865818,0.685254037380219,-0.727221667766571
0.60161417722702,-0.104219071567058,1.34836578369141,-0.0213175639510154,0.0356595329940319,0.681472599506378,-0.730663478374481
0.601792871952057,-0.105176404118538,1.34835624694824,-0.0167910866439342,0.038663376122713,0.686657130718231,-0.725758373737335
0.602070212364197,-0.104652464389801,1.34825706481934,-0.015063383616507,0.0335261188447475,0.684283912181854,-0.728288948535919
0.601677179336548,-0.105589933693409,1.34845781326294,-0.0133691541850566,0.0334755219519138,0.687114655971527,-0.725654304027557
0.601554393768311,-0.10577941685915,1.34850287437439,-0.0130116073414683,0.0332851409912109,0.687794387340546,-0.725025296211243
0.601440966129303,-0.105856887996197,1.34849452972412,-0.0131946643814444,0.033126026391983,0.688459038734436,-0.724398195743561
0.601260900497437,-0.105930924415588,1.34854936599731,-0.0130796870216727,0.0338628217577934,0.688402056694031,-0.724420428276062
0.601260900497437,-0.105930924415588,1.34854936599731,-0.0130796870216727,0.0338628217577934,0.688402056694031,-0.724420428276062
0.60097348690033,-0.106099523603916,1.34862852096558,-0.0133631806820631,0.0336381494998931,0.68925952911377,-0.723609924316406
0.600772440433502,-0.106151692569256,1.34868001937866,-0.0137451663613319,0.0335788279771804,0.689167261123657,-0.723693251609802
0.60058319568634,-0.106336668133736,1.34874629974365,-0.0125419180840253,0.0368318445980548,0.691432774066925,-0.721392273902893
0.600570619106293,-0.105813220143318,1.34877753257751,-0.0143066486343741,0.0365953333675861,0.690057158470154,-0.722687482833862
0.600473642349243,-0.105681955814362,1.34888458251953,-0.0165842548012733,0.0343451239168643,0.687946259975433,-0.724758803844452
0.600400030612946,-0.105673789978027,1.34899246692657,-0.0176177602261304,0.0350514836609363,0.68813955783844,-0.724517226219177
0.600400030612946,-0.105673789978027,1.34899246692657,-0.0176177602261304,0.0350514836609363,0.68813955783844,-0.724517226219177
0.600065588951111,-0.106404453516006,1.34920489788055,-0.0167676601558923,0.0367406569421291,0.689128518104553,-0.723512887954712
0.599969148635864,-0.106381922960281,1.34937572479248,-0.0174901206046342,0.0373430699110031,0.689220547676086,-0.723377287387848
0.59991043806076,-0.106446899473667,1.34948921203613,-0.0194115471094846,0.0386056639254093,0.689290881156921,-0.723194897174835
0.59991043806076,-0.106446899473667,1.34948921203613,-0.0194115471094846,0.0386056639254093,0.689290881156921,-0.723194897174835
0.59978586435318,-0.106705404818058,1.34977173805237,-0.0250183939933776,0.0420078337192535,0.690099477767944,-0.722061157226562
0.599775433540344,-0.106821231544018,1.34987592697144,-0.0259712226688861,0.0428851954638958,0.690662443637848,-0.721437335014343
0.599808692932129,-0.106565773487091,1.35014390945435,-0.0280775222927331,0.0437878407537937,0.689877212047577,-0.722055315971375
0.599855601787567,-0.106537446379662,1.35016894340515,-0.0252931676805019,0.0430025197565555,0.690429210662842,-0.721677720546722
0.599958777427673,-0.106649845838547,1.350266456604,-0.0277363900095224,0.0410337820649147,0.691991209983826,-0.720204949378967
0.599896609783173,-0.107381150126457,1.35035979747772,-0.0272300876677036,0.043074507266283,0.694599092006683,-0.717589795589447
0.599896609783173,-0.107381150126457,1.35035979747772,-0.0272300876677036,0.043074507266283,0.694599092006683,-0.717589795589447
0.59966105222702,-0.107878744602203,1.35063660144806,-0.0281632412225008,0.0447431951761245,0.697409391403198,-0.714720249176025
0.599767625331879,-0.107390388846397,1.35054278373718,-0.0301399789750576,0.0452249757945537,0.697307407855988,-0.714708864688873
0.599607050418854,-0.107512265443802,1.35067999362946,-0.0309700816869735,0.045413639396429,0.698494434356689,-0.713501214981079
0.599241435527802,-0.107925228774547,1.35094714164734,-0.030606985092163,0.0458308681845665,0.700397491455078,-0.71162223815918
0.599103212356567,-0.107887759804726,1.35097301006317,-0.0312865935266017,0.0458938367664814,0.701151788234711,-0.710845410823822
0.598825812339783,-0.1080132573843,1.35108590126038,-0.0301197916269302,0.0484776608645916,0.702429294586182,-0.709461748600006
0.598483920097351,-0.108000315725803,1.35121619701385,-0.0304576940834522,0.047823317348957,0.703500211238861,-0.708429872989655
0.598234117031097,-0.108189851045609,1.35139441490173,-0.0306641235947608,0.0485464558005332,0.704052984714508,-0.707822382450104
0.598034501075745,-0.108081303536892,1.35139143466949,-0.031157175078988,0.048233151435852,0.704927682876587,-0.706951200962067
0.597623467445374,-0.108609661459923,1.35169100761414,-0.030342461541295,0.048576470464468,0.7066410779953,-0.705250322818756
0.597407758235931,-0.10854309797287,1.35194182395935,-0.0309144463390111,0.0484031662344932,0.707156658172607,-0.704720437526703
0.597318708896637,-0.107892245054245,1.35210120677948,-0.0326503776013851,0.0478516444563865,0.706020772457123,-0.705817759037018
0.597093939781189,-0.107775188982487,1.35225677490234,-0.0325345247983932,0.0471874065697193,0.705836474895477,-0.70605206489563
0.596563994884491,-0.108327820897102,1.35262274742126,-0.0345359221100807,0.0485585257411003,0.707228362560272,-0.704469561576843
0.596227645874023,-0.108302250504494,1.35284531116486,-0.0322902761399745,0.048589464277029,0.707374155521393,-0.704427480697632
0.596113860607147,-0.107646584510803,1.3530216217041,-0.0338171459734439,0.0483969710767269,0.705931782722473,-0.705814719200134
0.596113860607147,-0.107646584510803,1.3530216217041,-0.0338171459734439,0.0483969710767269,0.705931782722473,-0.705814719200134
0.59540194272995,-0.108089707791805,1.35352182388306,-0.0329331047832965,0.0498610474169254,0.70703512430191,-0.704649329185486
0.59524393081665,-0.108155660331249,1.35364317893982,-0.0331162549555301,0.0507038459181785,0.706718444824219,-0.704898059368134
0.594787657260895,-0.108014203608036,1.35398650169373,-0.033229261636734,0.0502303726971149,0.706178069114685,-0.705468058586121
0.594787657260895,-0.108014203608036,1.35398650169373,-0.033229261636734,0.0502303726971149,0.706178069114685,-0.705468058586121
0.594247460365295,-0.1079872995615,1.35439682006836,-0.0334332957863807,0.0510725826025009,0.705595910549164,-0.705980241298676
0.593971967697144,-0.107943758368492,1.35457563400269,-0.0337962992489337,0.05144514888525,0.70543360710144,-0.706098079681396
0.593854367733002,-0.107450693845749,1.35482966899872,-0.0351667813956737,0.0515055730938911,0.704557120800018,-0.706901490688324
0.593509137630463,-0.107467941939831,1.35500454902649,-0.0391747765243053,0.0533953942358493,0.704566121101379,-0.70654159784317
0.593509137630463,-0.107467941939831,1.35500454902649,-0.0391747765243053,0.0533953942358493,0.704566121101379,-0.70654159784317
0.592761814594269,-0.107780799269676,1.35537624359131,-0.0391555689275264,0.0545957013964653,0.704598486423492,-0.706418454647064
0.592450499534607,-0.107893876731396,1.35559177398682,-0.038956694304943,0.054303590208292,0.704467952251434,-0.706582248210907
0.592137038707733,-0.107382655143738,1.3557505607605,-0.040996003895998,0.0538750477135181,0.703570127487183,-0.707393765449524
0.59175831079483,-0.10743410885334,1.35594463348389,-0.0405606515705585,0.0550095625221729,0.703043699264526,-0.707854807376862
0.591579556465149,-0.107489056885242,1.35613512992859,-0.0410146117210388,0.0557377822697162,0.703037917613983,-0.707777380943298
0.591243863105774,-0.107582248747349,1.35632252693176,-0.0411892123520374,0.0562834329903125,0.702928423881531,-0.707832872867584
0.59077513217926,-0.108190938830376,1.35656297206879,-0.0396753437817096,0.056557111442089,0.703883707523346,-0.70694774389267
0.590541303157806,-0.107721701264381,1.3566472530365,-0.0422819256782531,0.0560111962258815,0.702809512615204,-0.707908034324646
0.590045034885406,-0.108282305300236,1.3568924665451,-0.0404795333743095,0.0559799075126647,0.702578961849213,-0.708244681358337
0.589799284934998,-0.107801996171474,1.35696482658386,-0.0418341755867004,0.054869420826435,0.701161205768585,-0.709656476974487
0.589475810527802,-0.10786035656929,1.35710525512695,-0.0437505729496479,0.0567551255226135,0.700640738010406,-0.709906458854675
0.588851988315582,-0.108726754784584,1.35728085041046,-0.037641130387783,0.0570579171180725,0.701712906360626,-0.709173321723938
0.588497579097748,-0.108723878860474,1.35743474960327,-0.0408464632928371,0.056971475481987,0.701059341430664,-0.709649085998535
0.588219046592712,-0.108613528311253,1.35761022567749,-0.0435314700007438,0.0584809482097625,0.700910210609436,-0.70951384305954
0.58789986371994,-0.109292268753052,1.35784733295441,-0.0407903529703617,0.061252798885107,0.70113879442215,-0.709216892719269
0.587557435035706,-0.109282210469246,1.35787975788116,-0.0396972335875034,0.0600556284189224,0.700896501541138,-0.709620773792267
0.587104082107544,-0.109178632497787,1.35784637928009,-0.0433197990059852,0.0603697299957275,0.700069308280945,-0.71019846200943
0.586946368217468,-0.108648642897606,1.35794103145599,-0.0455519184470176,0.0603779144585132,0.698445737361908,-0.711655378341675
0.586459517478943,-0.109342485666275,1.35793733596802,-0.0404363721609115,0.0600796528160572,0.699989438056946,-0.710471928119659
0.586175918579102,-0.109283283352852,1.35790979862213,-0.0409746244549751,0.0604279935359954,0.699824631214142,-0.710573852062225
0.585900068283081,-0.109244227409363,1.35787117481232,-0.0456963628530502,0.0631431937217712,0.700086116790771,-0.709791719913483
0.585659444332123,-0.109256654977798,1.35789155960083,-0.0457332246005535,0.0637439936399459,0.700307846069336,-0.709517002105713
0.585506081581116,-0.108649805188179,1.35782122612,-0.0478783398866653,0.063544176518917,0.699202597141266,-0.710482597351074
0.585209369659424,-0.108632698655128,1.3577733039856,-0.0484180450439453,0.063676506280899,0.699905395507812,-0.70974189043045
0.584954738616943,-0.108576245605946,1.35773301124573,-0.0488779656589031,0.0640569254755973,0.700227081775665,-0.709358513355255
0.584696829319,-0.108540892601013,1.35769438743591,-0.0492150224745273,0.0647146701812744,0.700770974159241,-0.708738327026367
0.584326148033142,-0.108452096581459,1.35771095752716,-0.0453832149505615,0.0631367787718772,0.701595544815063,-0.708320319652557
0.584077715873718,-0.108410894870758,1.35768091678619,-0.0460139401257038,0.0638397857546806,0.702327013015747,-0.707491397857666
0.583746135234833,-0.108952090144157,1.3577116727829,-0.0491000823676586,0.0666593462228775,0.704804956912994,-0.704553604125977
0.583600461483002,-0.108368009328842,1.35764837265015,-0.0462466292083263,0.0647347792983055,0.704483211040497,-0.705247521400452
0.583207786083221,-0.108359828591347,1.35747146606445,-0.0504357069730758,0.0662315264344215,0.706235766410828,-0.703065156936646
0.583112895488739,-0.108268067240715,1.35747504234314,-0.0502685345709323,0.0673076510429382,0.708457708358765,-0.700735688209534
0.582882285118103,-0.108577720820904,1.35755145549774,-0.0472890138626098,0.0641722157597541,0.710320651531219,-0.699349939823151
0.582781195640564,-0.108463980257511,1.35753333568573,-0.0498682297766208,0.0688719674944877,0.712248027324677,-0.696758687496185
0.582537293434143,-0.1085414737463,1.35749530792236,-0.0492962822318077,0.0698150619864463,0.713164150714874,-0.69576770067215
0.582438170909882,-0.108537808060646,1.35744822025299,-0.0493094213306903,0.0724542960524559,0.715887308120728,-0.692693531513214
0.582151293754578,-0.108562007546425,1.35742294788361,-0.0457939729094505,0.0703564062714576,0.718194305896759,-0.690760552883148
0.582046031951904,-0.108549915254116,1.35741400718689,-0.0455373413860797,0.0712681040167808,0.719675123691559,-0.689140796661377
0.582036852836609,-0.108601823449135,1.35735034942627,-0.0457758866250515,0.0706137716770172,0.720557987689972,-0.688269138336182
0.581772923469543,-0.108514904975891,1.35738682746887,-0.0458797812461853,0.0721814185380935,0.724150478839874,-0.684317946434021
0.581685781478882,-0.108511462807655,1.35735929012299,-0.0467087030410766,0.0718462020158767,0.724243998527527,-0.684198141098022
0.581470906734467,-0.108578130602837,1.35730838775635,-0.0468433797359466,0.073427565395832,0.726828515529633,-0.681274116039276
0.581495881080627,-0.108138024806976,1.35730385780334,-0.048462800681591,0.0736032873392105,0.729216635227203,-0.678584456443787
0.580685973167419,-0.108828231692314,1.35699415206909,-0.036721259355545,0.0761216729879379,0.74238920211792,-0.664616823196411
0.580410003662109,-0.109092630445957,1.35708451271057,-0.0370454117655754,0.0762790068984031,0.7437384724617,-0.663070321083069
0.580878257751465,-0.108233883976936,1.35715997219086,-0.0479780845344066,0.0835904628038406,0.737412393093109,-0.668531000614166
0.580667853355408,-0.108207456767559,1.35710108280182,-0.0485418625175952,0.0868730470538139,0.739795863628387,-0.665431439876556
0.580513060092926,-0.107985824346542,1.35691606998444,-0.050323735922575,0.086798571050167,0.741329967975616,-0.663599014282227
0.580488801002502,-0.107338115572929,1.35679054260254,-0.0508048497140407,0.0883262753486633,0.743104338645935,-0.661372184753418
0.580372452735901,-0.107172809541225,1.35674464702606,-0.0520424731075763,0.0909436866641044,0.746001482009888,-0.657649457454681
0.580044686794281,-0.107647076249123,1.35674321651459,-0.0512949116528034,0.0924288630485534,0.748302817344666,-0.65488076210022
0.579813599586487,-0.107663527131081,1.35678589344025,-0.0517385117709636,0.0954753085970878,0.750737369060516,-0.651614189147949
0.579707682132721,-0.107291400432587,1.35673689842224,-0.0518016144633293,0.0979160368442535,0.753701031208038,-0.647814691066742
0.579355776309967,-0.107331208884716,1.35658943653107,-0.0501333214342594,0.0983003824949264,0.757257878780365,-0.643726766109467
0.5790855884552,-0.106745325028896,1.35646426677704,-0.0512468665838241,0.100277878344059,0.758791744709015,-0.641524195671082
0.578866004943848,-0.106102705001831,1.35628294944763,-0.0508734807372093,0.101942077279091,0.761910557746887,-0.637582898139954
0.578621566295624,-0.105757631361484,1.35625684261322,-0.052406720817089,0.10259336233139,0.762215852737427,-0.636989116668701
0.578411519527435,-0.105343632400036,1.35621190071106,-0.0532942675054073,0.10377499461174,0.764844298362732,-0.633564472198486
0.577917754650116,-0.105003610253334,1.35605943202972,-0.0536380596458911,0.107470899820328,0.766775250434875,-0.63057816028595
0.577364087104797,-0.105008251965046,1.35620105266571,-0.0535704232752323,0.106666699051857,0.769054651260376,-0.62793904542923
0.576736867427826,-0.104898013174534,1.3560516834259,-0.051833014935255,0.109144739806652,0.769354403018951,-0.627291440963745
0.576880574226379,-0.104399882256985,1.35599517822266,-0.0538392104208469,0.110653072595596,0.771946132183075,-0.623663783073425
0.576801478862762,-0.104175344109535,1.35616338253021,-0.0535942241549491,0.112609222531319,0.773510336875916,-0.621392548084259
0.576256096363068,-0.103895731270313,1.35612571239471,-0.0517724528908729,0.115921877324581,0.772433757781982,-0.622276425361633
0.576089799404144,-0.103196322917938,1.35616254806519,-0.052663117647171,0.116782732307911,0.775339484214783,-0.618415117263794
0.575725078582764,-0.10268310457468,1.35621726512909,-0.0530700571835041,0.118169881403446,0.776433289051056,-0.616742014884949
0.575150907039642,-0.1024971306324,1.35612666606903,-0.0509063117206096,0.120083138346672,0.775968492031097,-0.61713969707489
0.575150907039642,-0.1024971306324,1.35612666606903,-0.0509063117206096,0.120083138346672,0.775968492031097,-0.61713969707489
0.574453771114349,-0.101167358458042,1.35619628429413,-0.0524626597762107,0.122942581772804,0.779316246509552,-0.612208366394043
0.574453771114349,-0.101167358458042,1.35619628429413,-0.0524626597762107,0.122942581772804,0.779316246509552,-0.612208366394043
0.573647975921631,-0.0999931097030639,1.35617446899414,-0.0531485863029956,0.12435944378376,0.781895577907562,-0.608563244342804
0.573056817054749,-0.0994076803326606,1.35596060752869,-0.0496113859117031,0.1281648427248,0.783619821071625,-0.605848550796509
0.572588622570038,-0.0992452204227447,1.35608506202698,-0.0490746386349201,0.129222571849823,0.781445801258087,-0.608470022678375
0.57246196269989,-0.0981863215565681,1.3562023639679,-0.0513165034353733,0.129153296351433,0.783320784568787,-0.605883538722992
0.571749150753021,-0.0978674590587616,1.35615181922913,-0.0488803535699844,0.131933480501175,0.782773733139038,-0.606192708015442
0.571230292320251,-0.097181387245655,1.35619282722473,-0.0512688942253589,0.132481873035431,0.783603608608246,-0.604802072048187
0.570862889289856,-0.096381239593029,1.35618340969086,-0.047942828387022,0.136296927928925,0.786635518074036,-0.600274324417114
0.570704102516174,-0.0951529145240783,1.35611736774445,-0.0524547547101974,0.137266263365745,0.787229418754578,-0.598895847797394
0.570253252983093,-0.0943993851542472,1.35621893405914,-0.0525565184652805,0.136754497885704,0.786917686462402,-0.599413573741913
0.56950706243515,-0.0939753949642181,1.3563859462738,-0.0517342239618301,0.139141961932182,0.787316381931305,-0.598411321640015
0.569162786006927,-0.0927465409040451,1.35631322860718,-0.0536042228341102,0.137539908289909,0.784807324409485,-0.601902604103088
0.568582475185394,-0.0919767320156097,1.35633552074432,-0.0537641607224941,0.140416383743286,0.786297917366028,-0.599273145198822
0.568061888217926,-0.0913527309894561,1.35628390312195,-0.0551823228597641,0.1422358751297,0.786310315132141,-0.598698437213898
0.5676229596138,-0.0906332656741142,1.35628485679626,-0.0492604672908782,0.14328034222126,0.787154197692871,-0.597856640815735
0.567054867744446,-0.0897851288318634,1.35618257522583,-0.0505160652101039,0.144892573356628,0.787198662757874,-0.597304582595825
0.566420316696167,-0.0890805423259735,1.35619938373566,-0.0521136932075023,0.144777402281761,0.787618041038513,-0.596641898155212
0.566420316696167,-0.0890805423259735,1.35619938373566,-0.0521136932075023,0.144777402281761,0.787618041038513,-0.596641898155212
0.565319776535034,-0.0874461382627487,1.35602676868439,-0.0494892336428165,0.148394823074341,0.788474202156067,-0.594843089580536
0.564657092094421,-0.0869897976517677,1.356072306633,-0.0509046576917171,0.148452192544937,0.78840970993042,-0.594794869422913
0.564093768596649,-0.0861584767699241,1.35604906082153,-0.0491636879742145,0.150004744529724,0.788473546504974,-0.594466984272003
0.563471078872681,-0.0850729644298553,1.35607397556305,-0.0550077594816684,0.148064211010933,0.786519646644592,-0.597024261951447
0.562977313995361,-0.0843588560819625,1.35604727268219,-0.0495796874165535,0.151606112718582,0.78928279876709,-0.592950284481049
0.562223851680756,-0.0840739384293556,1.35606122016907,-0.0478357002139091,0.15380422770977,0.790237426757812,-0.591253638267517
0.562278628349304,-0.0833425670862197,1.35574793815613,-0.0542748309671878,0.155134633183479,0.788996994495392,-0.592006266117096
0.561785936355591,-0.0825893878936767,1.3556752204895,-0.0501378439366817,0.15708863735199,0.789625108242035,-0.591017484664917
0.561233460903168,-0.0817449614405632,1.35561680793762,-0.0510370731353759,0.156695559620857,0.788578867912292,-0.592439949512482
0.560699105262756,-0.0808482766151428,1.35552775859833,-0.0507138520479202,0.158479824662209,0.790270447731018,-0.589732825756073
0.559989273548126,-0.0800074636936187,1.3554185628891,-0.0530667081475257,0.158527910709381,0.790976464748383,-0.588565468788147
0.559989273548126,-0.0800074636936187,1.3554185628891,-0.0530667081475257,0.158527910709381,0.790976464748383,-0.588565468788147
0.559120416641235,-0.077645793557167,1.35531663894653,-0.0521757043898105,0.16013602912426,0.791109561920166,-0.588030397891998
0.558347940444946,-0.0774708464741706,1.35521650314331,-0.0516751781105995,0.163176253437996,0.792598187923431,-0.58522754907608
0.557908415794373,-0.0758825913071632,1.35508728027344,-0.0569032840430736,0.161092221736908,0.791397511959076,-0.586942255496979
0.557908415794373,-0.0758825913071632,1.35508728027344,-0.0569032840430736,0.161092221736908,0.791397511959076,-0.586942255496979
0.556596755981445,-0.0742451548576355,1.35490882396698,-0.0587017722427845,0.161754041910172,0.792172968387604,-0.585535287857056
0.556138932704926,-0.0728959143161773,1.3547477722168,-0.0580370686948299,0.161901995539665,0.792361915111542,-0.585305154323578
0.555316686630249,-0.0729226171970367,1.35485732555389,-0.0554395169019699,0.164776921272278,0.793826222419739,-0.58276492357254
0.554893672466278,-0.0719046592712402,1.35476458072662,-0.0548233017325401,0.165686264634132,0.793448626995087,-0.58307957649231
0.554435014724731,-0.0703042820096015,1.35465359687805,-0.0591702498495578,0.165025264024734,0.793324947357178,-0.583010256290436
0.553801655769348,-0.0693734809756279,1.35450196266174,-0.059760458767414,0.165323853492737,0.793153643608093,-0.583098649978638
0.553066492080688,-0.0690096169710159,1.35440182685852,-0.0594171434640884,0.166587725281715,0.794771432876587,-0.580565810203552
0.553066492080688,-0.0690096169710159,1.35440182685852,-0.0594171434640884,0.166587725281715,0.794771432876587,-0.580565810203552
0.551910221576691,-0.0668734535574913,1.35425996780396,-0.0607649534940719,0.167908921837807,0.794953525066376,-0.579795897006989
0.551381230354309,-0.0658053830265998,1.35424399375916,-0.0620539747178554,0.168562725186348,0.795161426067352,-0.579184174537659
0.55093914270401,-0.0642594471573829,1.35397028923035,-0.0632807835936546,0.168383419513702,0.794376194477081,-0.580180168151855
0.550277948379517,-0.0641041100025177,1.35392487049103,-0.0627732574939727,0.170506432652473,0.795915722846985,-0.577499270439148
0.549749970436096,-0.0625018998980522,1.35365557670593,-0.0635043159127235,0.170647472143173,0.795302450656891,-0.578222036361694
0.549305558204651,-0.061389684677124,1.3537849187851,-0.0652660429477691,0.171121194958687,0.796048820018768,-0.576857209205627
0.54874050617218,-0.0601443164050579,1.35345315933228,-0.0658389925956726,0.171763733029366,0.795705258846283,-0.577075123786926
0.54819643497467,-0.059105172753334,1.35337018966675,-0.0663194060325622,0.171987220644951,0.796806752681732,-0.575431227684021
0.547781527042389,-0.057749044150114,1.35317862033844,-0.0669483169913292,0.17266358435154,0.795996963977814,-0.576276063919067
0.547187507152557,-0.0567638836801052,1.35288763046265,-0.0674815326929092,0.173516005277634,0.796549439430237,-0.575193464756012
0.546814858913422,-0.0554539561271667,1.35279452800751,-0.0686216577887535,0.173773661255836,0.796628415584564,-0.574871122837067
0.546449601650238,-0.0541345663368701,1.35273241996765,-0.0700344666838646,0.174289390444755,0.797715187072754,-0.573034822940826
0.546053946018219,-0.053128108382225,1.3525755405426,-0.0706232041120529,0.175159603357315,0.798162519931793,-0.572073638439178
0.545619487762451,-0.0517917275428772,1.35229873657227,-0.0716708600521087,0.174569308757782,0.797374725341797,-0.573221147060394
0.539647579193115,-0.0494488142430782,1.34796714782715,-0.0610796473920345,0.158490911126137,0.805354595184326,-0.567938268184662
0.539202034473419,-0.0480987057089805,1.34788775444031,-0.0620232671499252,0.158254817128181,0.805659651756287,-0.56746906042099
0.544563055038452,-0.0479270443320274,1.35187339782715,-0.0750517472624778,0.175340041518211,0.798237025737762,-0.571350038051605
0.544003129005432,-0.0472386255860328,1.35165572166443,-0.0754211992025375,0.176186636090279,0.799234509468079,-0.56964385509491
0.543636441230774,-0.0455221384763717,1.35130202770233,-0.0762050151824951,0.175813943147659,0.798320591449738,-0.570934951305389
0.543268203735352,-0.0447842255234718,1.3513355255127,-0.0773812755942344,0.176844581961632,0.799570024013519,-0.568705558776855
0.542955040931702,-0.0431647114455699,1.35110878944397,-0.0780639424920082,0.17671874165535,0.79927384853363,-0.569067537784576
0.542529284954071,-0.0421409010887146,1.35092735290527,-0.0777050331234932,0.177711740136146,0.800081729888916,-0.567670464515686
0.542366564273834,-0.0409629605710506,1.35090529918671,-0.0786030665040016,0.178680822253227,0.800193846225739,-0.567084312438965
0.541846632957458,-0.039736695587635,1.35059082508087,-0.0783478245139122,0.178544789552689,0.800570964813232,-0.566630184650421
0.541724681854248,-0.0386105775833129,1.35062539577484,-0.0793914794921875,0.179904624819755,0.800806045532227,-0.565721750259399
0.541491687297821,-0.0371683314442634,1.3504387140274,-0.0804955214262008,0.180156052112579,0.800893485546112,-0.565361857414246
0.541286408901215,-0.0356434881687164,1.35018575191498,-0.0809023976325988,0.180367469787598,0.800228118896484,-0.56617796421051
0.540997922420502,-0.0344566591084003,1.34990096092224,-0.0810450166463851,0.181356430053711,0.800402283668518,-0.565595149993896
0.540748655796051,-0.0330881141126155,1.34992516040802,-0.0816043615341186,0.181297972798347,0.800662696361542,-0.565164685249329
0.540605008602142,-0.0322424471378326,1.34972703456879,-0.0820612758398056,0.183244496583939,0.801394641399384,-0.563430547714233
0.540429055690765,-0.0307004936039447,1.34958016872406,-0.0826442614197731,0.183196097612381,0.801063656806946,-0.563831806182861
0.540002942085266,-0.0297446213662624,1.34874165058136,-0.0825597643852233,0.183715850114822,0.802563607692719,-0.561537325382233
0.539848268032074,-0.0281560029834508,1.3485232591629,-0.0831058025360107,0.184084683656693,0.802078366279602,-0.562029004096985
0.539881646633148,-0.0264358464628458,1.34849071502686,-0.0846958979964256,0.184397384524345,0.801327168941498,-0.5627601146698
0.539504528045654,-0.0254198089241981,1.34812927246094,-0.0837602093815803,0.185598075389862,0.801601469516754,-0.562114536762238
0.539290308952332,-0.0240022055804729,1.3480224609375,-0.0846240743994712,0.185936212539673,0.801979124546051,-0.561334013938904
0.539182901382446,-0.0225996188819408,1.3479973077774,-0.0852688923478126,0.186554342508316,0.801686763763428,-0.561449110507965
0.538972854614258,-0.0215727761387825,1.34771740436554,-0.0846794545650482,0.188071981072426,0.80206286907196,-0.560494065284729
0.538755834102631,-0.0201724357903003,1.34751415252686,-0.084285095334053,0.188460260629654,0.801671624183655,-0.560982525348663
0.538684487342834,-0.0184785332530736,1.34743559360504,-0.085629679262638,0.18867027759552,0.801385819911957,-0.561116755008698
0.53851717710495,-0.0172451417893171,1.34736979007721,-0.0857821106910705,0.189563870429993,0.80185604095459,-0.560119569301605
0.538266718387604,-0.0162917990237474,1.34714651107788,-0.0851505845785141,0.191502884030342,0.802110552787781,-0.559191226959229
0.538027405738831,-0.0148741239681839,1.34700953960419,-0.0862657576799392,0.191199108958244,0.802952945232391,-0.557913839817047
0.538030028343201,-0.0140535049140453,1.34740006923676,-0.0870372503995895,0.194494336843491,0.802179455757141,-0.557767629623413
0.537669956684113,-0.012643908150494,1.34703588485718,-0.0846005156636238,0.195114940404892,0.803295135498047,-0.55631810426712
0.537534058094025,-0.0111608831211924,1.34681928157806,-0.0861149281263351,0.195350840687752,0.802315771579742,-0.557415127754211
0.537499845027924,-0.009653141722083,1.34658300876617,-0.0864381045103073,0.196755141019821,0.801527142524719,-0.558005452156067
0.537482440471649,-0.0084221251308918,1.34665310382843,-0.0872718021273613,0.198242411017418,0.802080810070038,-0.556551933288574
0.53712397813797,-0.0070753274485468,1.34644258022308,-0.0868849456310272,0.199265271425247,0.802085757255554,-0.55623984336853
0.536906540393829,-0.0058979229070246,1.34617686271667,-0.0859504342079162,0.200273230671883,0.801665723323822,-0.556628465652466
0.536694228649139,-0.0044440678320825,1.34597682952881,-0.0860455632209777,0.201266378164291,0.801749050617218,-0.556135296821594
0.536482274532318,-0.0026232337113469,1.34605300426483,-0.0866522043943405,0.201968938112259,0.800832331180573,-0.557106375694275
0.536296367645264,-0.0013640797697007,1.34570777416229,-0.0864273607730865,0.203363969922066,0.800992012023926,-0.556403934955597
0.536164581775665,7.18440860509872e-05,1.34557938575745,-0.0866641104221344,0.204904019832611,0.80025041103363,-0.556869029998779
0.536077439785004,0.0021105562336742,1.34531950950623,-0.0873188450932502,0.20535783469677,0.799605846405029,-0.557525038719177
0.535838067531586,0.0032395608723163,1.34504973888397,-0.0803676322102546,0.207727789878845,0.801022529602051,-0.555655658245087
0.535676538944244,0.0047385999932885,1.34510111808777,-0.0811540484428405,0.209146589040756,0.801063358783722,-0.554949939250946
0.535227954387665,0.0062455809675157,1.34446239471436,-0.0800162777304649,0.210010334849358,0.800675868988037,-0.555347859859467
0.53512841463089,0.0077291708439588,1.34428310394287,-0.0798653811216354,0.211609050631523,0.800318241119385,-0.555278122425079
0.534553945064545,0.009374919347465,1.34389328956604,-0.0793764591217041,0.211998328566551,0.800100803375244,-0.555512964725494
0.534241497516632,0.010970358736813,1.34392321109772,-0.0835946425795555,0.21259331703186,0.799513161182404,-0.555512964725494
0.533900618553162,0.0119416723027825,1.34393501281738,-0.0792198553681373,0.216356724500656,0.799501597881317,-0.554717242717743
0.533573627471924,0.014084355905652,1.34390294551849,-0.083497479557991,0.215192943811417,0.798193037509918,-0.55642431974411
0.533747255802155,0.0153632219880819,1.34354877471924,-0.0804707184433937,0.218832448124886,0.797931432723999,-0.555825650691986
0.532970607280731,0.0166067518293857,1.34324991703033,-0.0787050873041153,0.219173520803452,0.799234509468079,-0.5540691614151
0.532970607280731,0.0166067518293857,1.34324991703033,-0.0787050873041153,0.219173520803452,0.799234509468079,-0.5540691614151
0.532757878303528,0.0192155353724956,1.34419429302216,-0.0839351713657379,0.222611501812935,0.798329889774323,-0.553234338760376
0.532506108283997,0.0210538543760776,1.34412908554077,-0.0805209577083587,0.22432804107666,0.798241078853607,-0.553176760673523
0.532313585281372,0.0222858823835849,1.34298419952393,-0.0783743783831596,0.226048111915588,0.79644775390625,-0.555365264415741
0.53254097700119,0.0232780836522579,1.34393525123596,-0.0804774165153503,0.228894785046577,0.797780990600586,-0.551974594593048
0.532067120075226,0.0248130299150943,1.34350121021271,-0.0797208771109581,0.229225024580956,0.797913253307343,-0.551756262779236
0.531838774681091,0.0261895004659891,1.34340381622314,-0.0803354382514953,0.231174618005753,0.797675669193268,-0.551196992397308
0.531547904014587,0.027673315256834,1.34242606163025,-0.0787710025906562,0.232566177845001,0.795783400535583,-0.553567409515381
0.531916737556458,0.0289629008620977,1.34343719482422,-0.0821387618780136,0.234978273510933,0.796785831451416,-0.550609529018402
0.531661212444305,0.0300995968282222,1.34315586090088,-0.0810545086860656,0.236980766057968,0.79579097032547,-0.551350235939026
0.531397879123688,0.0317523516714572,1.34247612953186,-0.0812249854207038,0.236903086304665,0.796176612377167,-0.550801515579224
0.531364679336548,0.0329789295792579,1.3423478603363,-0.0810954794287681,0.238849475979805,0.795787751674652,-0.550541937351227
0.531336963176727,0.0345261469483375,1.34231328964233,-0.0810817331075668,0.239740714430809,0.794406175613403,-0.552149415016174
0.531458795070648,0.0361395701766014,1.34223604202271,-0.0826222598552703,0.23996776342392,0.794753730297089,-0.551321685314178
0.53092485666275,0.0365410521626472,1.34207129478455,-0.0803038477897644,0.24290432035923,0.794557690620422,-0.55066043138504
0.530983090400696,0.0377715304493904,1.34189021587372,-0.0810285732150077,0.244820013642311,0.794299006462097,-0.550078809261322
0.530830562114716,0.0390353463590145,1.34179186820984,-0.0810739248991012,0.245699420571327,0.794032394886017,-0.550064861774445
0.5307257771492,0.0399995893239975,1.3414478302002,-0.0800080522894859,0.247421711683273,0.793456852436066,-0.550279438495636
0.530520677566528,0.0412924624979496,1.34163355827332,-0.0806489661335945,0.248710766434669,0.792561233043671,-0.550895094871521
0.530461490154266,0.0427017956972122,1.34151613712311,-0.0810079574584961,0.249651968479156,0.790703177452087,-0.553082346916199
0.529580354690552,0.0428683757781982,1.34115362167358,-0.0773174986243248,0.251220881938934,0.790777444839478,-0.552793979644775
0.527451634407043,0.0419421978294849,1.34098136425018,-0.0676535069942474,0.254088461399078,0.791291117668152,-0.552014946937561
0.525739431381226,0.0409981533885002,1.34085977077484,-0.0582061633467674,0.257989525794983,0.790033280849457,-0.553083002567291
0.523886620998383,0.0400399342179298,1.34149086475372,-0.0490714199841022,0.261237591505051,0.789260447025299,-0.553547501564026
0.523833394050598,0.0485213994979858,1.33740031719208,-0.06712456792593,0.236413598060608,0.79725581407547,-0.551349341869354
0.529862642288208,0.0486730560660362,1.34055733680725,-0.0785310491919517,0.255397081375122,0.787202298641205,-0.555803716182709
0.529602706432343,0.0498384535312652,1.33997178077698,-0.077862836420536,0.255876660346985,0.785728275775909,-0.557759344577789
0.529327511787415,0.0501478500664234,1.33993089199066,-0.0769293084740638,0.257530242204666,0.785823285579681,-0.55699348449707
0.529104292392731,0.0512248873710632,1.33993017673492,-0.0765288025140762,0.258720546960831,0.783843457698822,-0.559282064437866
0.529029726982117,0.0520496554672718,1.34009540081024,-0.0819479450583458,0.258820235729217,0.782025456428528,-0.561010658740997
0.528582811355591,0.0524945929646492,1.34025514125824,-0.0755405649542808,0.260474652051926,0.783381283283234,-0.559249818325043
0.528666019439697,0.0538431033492088,1.34013628959656,-0.0812331885099411,0.259974807500839,0.77989137172699,-0.56354558467865
0.528454780578613,0.0541604235768318,1.34006071090698,-0.0803925171494484,0.261169821023941,0.780093491077423,-0.562833607196808
0.528414249420166,0.0547370612621307,1.33960926532745,-0.0792473256587982,0.2624591588974,0.779486298561096,-0.563237249851227
0.528078436851501,0.0555093884468078,1.33951878547668,-0.0788177177309989,0.262781530618668,0.778052926063538,-0.56512588262558
0.528627216815948,0.0565223023295402,1.33935570716858,-0.0800192132592201,0.263453871011734,0.776940226554871,-0.566173911094666
0.528178215026855,0.057440273463726,1.33951127529144,-0.0792613103985786,0.263524651527405,0.775237083435059,-0.56857693195343
0.528226613998413,0.0576510354876518,1.33926439285278,-0.0788896009325981,0.264670610427856,0.775445878505707,-0.56781131029129
0.528496503829956,0.0584840886294841,1.33884239196777,-0.0796033293008804,0.265516132116318,0.77392578125,-0.569388687610626
0.528337359428406,0.0593040660023689,1.33869564533234,-0.0789730101823806,0.265668630599976,0.772929191589355,-0.570757329463959
0.52827650308609,0.0594649873673915,1.33878552913666,-0.0801180973649025,0.268017649650574,0.772303581237793,-0.570346176624298
0.528266847133636,0.0599662214517593,1.33863496780396,-0.0802886188030242,0.268062204122543,0.772093892097473,-0.570585072040558
0.528235077857971,0.0605032183229923,1.33851933479309,-0.0789234414696693,0.268227159976959,0.77173388004303,-0.571184813976288
0.528010249137878,0.060671754181385,1.33843529224396,-0.0778939798474311,0.269277602434158,0.771112561225891,-0.571670949459076
0.527801156044006,0.0610152147710323,1.33804726600647,-0.0780570805072784,0.271647959947586,0.770319283008575,-0.571596741676331
0.527795910835266,0.0620589703321456,1.33796668052673,-0.0766755864024162,0.269267708063126,0.769468486309052,-0.574050426483154
0.527982473373413,0.0623487830162048,1.33829212188721,-0.0775409936904907,0.271201908588409,0.768187284469604,-0.574739217758179
0.527770161628723,0.0627200752496719,1.33816230297089,-0.0782409384846687,0.272855848073959,0.767457067966461,-0.5748370885849
0.527841210365295,0.0631989389657974,1.33808445930481,-0.0773897394537925,0.271839261054993,0.767131984233856,-0.575866878032684
0.527868092060089,0.0638256892561912,1.33796370029449,-0.0779760107398033,0.271842151880264,0.766556739807129,-0.576552152633667
0.527758181095123,0.0641333535313606,1.33787977695465,-0.0771525055170059,0.271964699029922,0.767238140106201,-0.575698256492615
0.527632594108582,0.064377523958683,1.33779954910278,-0.0764700397849083,0.272667229175568,0.766368091106415,-0.576614916324615
0.527567327022552,0.0646566599607467,1.33772552013397,-0.0768968313932418,0.273595541715622,0.764591157436371,-0.578474462032318
0.527439296245575,0.0651982352137565,1.33756875991821,-0.0767631009221077,0.273457825183868,0.763690233230591,-0.579746007919312
0.527439296245575,0.0651982352137565,1.33756875991821,-0.0767631009221077,0.273457825183868,0.763690233230591,-0.579746007919312
0.527209341526031,0.0657273381948471,1.33718013763428,-0.0758669972419738,0.275446027517319,0.763195931911469,-0.579573750495911
0.5271155834198,0.0660036578774452,1.3371000289917,-0.0749756693840026,0.274285554885864,0.762817859649658,-0.580736577510834
0.526924848556519,0.0662184804677963,1.33697056770325,-0.0751615092158317,0.276364237070084,0.762006402015686,-0.580792427062988
0.527007460594177,0.0666840076446533,1.33679008483887,-0.0756556093692779,0.276382952928543,0.760823130607605,-0.58226877450943
0.526935636997223,0.0670042186975479,1.33681571483612,-0.0760493203997612,0.276600778102875,0.760435044765472,-0.582620859146118
0.526988565921783,0.0676542669534683,1.33634614944458,-0.0762117207050323,0.276317417621612,0.759100675582886,-0.584471225738525
0.526786983013153,0.0673849284648895,1.33672249317169,-0.0754570439457893,0.277975916862488,0.758949160575867,-0.583979368209839
0.526786983013153,0.0673849284648895,1.33672249317169,-0.0754570439457893,0.277975916862488,0.758949160575867,-0.583979368209839
0.526834547519684,0.0681860297918319,1.33655560016632,-0.0763055458664894,0.2778240442276,0.756645739078522,-0.586922883987427
0.526877701282501,0.0681870281696319,1.33667612075806,-0.0780467614531517,0.276294589042664,0.756076395511627,-0.588148415088654
0.52653044462204,0.0680499821901321,1.33657217025757,-0.0754024982452392,0.278804749250412,0.755777060985565,-0.587693333625793
0.526549696922302,0.068065159022808,1.33635306358337,-0.0749111995100975,0.279159873723984,0.755036950111389,-0.588538229465485
0.526364922523499,0.0677408128976821,1.33635330200195,-0.0737781450152397,0.279870420694351,0.755046606063843,-0.588331401348114
0.526391327381134,0.0677355974912643,1.33635544776917,-0.0738706663250923,0.279338091611862,0.754967868328094,-0.588673830032349
0.526337862014771,0.067688912153244,1.33627128601074,-0.0737238153815269,0.279387921094894,0.754384577274323,-0.589415848255157
0.526296973228455,0.0675816014409065,1.33626806735992,-0.0737058594822883,0.279432952404022,0.75379741191864,-0.590147614479065
0.526232600212097,0.0673593431711196,1.33627283573151,-0.0712632909417152,0.280702710151672,0.753125429153442,-0.590702593326569
0.526419878005981,0.0674731060862541,1.33625555038452,-0.0738964229822158,0.277784377336502,0.751042544841766,-0.594399154186249
0.526110947132111,0.0669372975826263,1.3362123966217,-0.0710085481405258,0.280401796102524,0.752492129802704,-0.591682553291321
0.526097893714905,0.0667313188314437,1.33635258674622,-0.0712975263595581,0.280186384916305,0.751982867717743,-0.592396974563599
0.526203095912933,0.0664723664522171,1.33639025688171,-0.0719507411122322,0.278510332107544,0.750332415103912,-0.595194399356842
0.526451349258423,0.0666292011737823,1.33640456199646,-0.0733221396803855,0.277630269527435,0.749566197395325,-0.596402406692505
0.526117980480194,0.0657423436641693,1.33640694618225,-0.0696934014558792,0.280820935964584,0.751117527484894,-0.593384325504303
0.52636456489563,0.065630093216896,1.3364462852478,-0.0726639330387115,0.277659982442856,0.748907327651978,-0.597296178340912
0.526418626308441,0.0652738288044929,1.33648157119751,-0.0727961659431457,0.277298986911774,0.748598635196686,-0.597834408283234
0.526511669158936,0.0648682788014411,1.33649885654449,-0.0729139521718025,0.27669969201088,0.74845951795578,-0.59827184677124
0.52654355764389,0.0643021091818809,1.33651268482208,-0.0728659182786941,0.276260107755661,0.748403668403625,-0.598550617694855
0.5269615650177,0.064401775598526,1.3365443944931,-0.0781662464141845,0.274091005325317,0.746902585029602,-0.600750148296356
0.526927053928375,0.0636508464813232,1.33662080764771,-0.0773908719420433,0.273718357086182,0.746803939342499,-0.601142823696136
0.527015089988708,0.0630249753594398,1.33668065071106,-0.0733810737729072,0.274218410253525,0.747611403465271,-0.600413858890533
0.527058362960815,0.0623413138091564,1.3367121219635,-0.0710871368646621,0.276779294013977,0.748741209506989,-0.598102450370789
0.527486383914948,0.0622690767049789,1.33674991130829,-0.073926493525505,0.272181898355484,0.746372997760773,-0.602809429168701
0.527769804000854,0.0618457347154617,1.33691644668579,-0.0745464488863945,0.271373718976974,0.745677828788757,-0.603956699371338
0.526557385921478,0.0613133311271667,1.33657932281494,-0.0720705986022949,0.266639411449432,0.747597634792328,-0.603992581367493
0.52828848361969,0.0602263025939464,1.33722591400146,-0.0740096867084503,0.269866466522217,0.745898067951202,-0.60442590713501
0.528658509254456,0.0596630498766899,1.33741164207458,-0.0785017311573028,0.271491855382919,0.744120061397552,-0.605322360992432
0.527312874794006,0.059214312583208,1.33702683448792,-0.0738251581788063,0.269226372241974,0.746742486953735,-0.60369086265564
0.527679204940796,0.0584641434252262,1.336709856987,-0.0731231868267059,0.268114030361175,0.746595978736877,-0.604451954364777
0.52799654006958,0.0577425584197044,1.33714711666107,-0.0734906867146492,0.267553865909576,0.74593847990036,-0.605466663837433
0.528386235237122,0.0570398569107055,1.33729577064514,-0.0735133364796638,0.266050845384598,0.74531877040863,-0.606887876987457
0.528789520263672,0.0563430190086364,1.33746027946472,-0.0696208178997039,0.26277568936348,0.745902180671692,-0.608055830001831
0.530625641345978,0.055350162088871,1.33806920051575,-0.0743387565016746,0.267827957868576,0.742845833301544,-0.609033763408661
0.529709935188293,0.0546896681189537,1.33785021305084,-0.0726013258099556,0.25860321521759,0.742798328399658,-0.6132732629776
0.529788732528687,0.0541396215558052,1.33796489238739,-0.071591667830944,0.256804406642914,0.741048216819763,-0.616257786750793
0.530498683452606,0.0529881119728088,1.33811604976654,-0.0710656866431236,0.256392955780029,0.741043508052826,-0.616495788097382
0.530548632144928,0.051736831665039,1.33811342716217,-0.0678015649318695,0.25810444355011,0.741801261901855,-0.615236520767212
0.532442808151245,0.0506569221615791,1.33868944644928,-0.0720884799957275,0.259712845087051,0.738991558551788,-0.617449522018433
0.532829165458679,0.0495825372636318,1.33871519565582,-0.0686732977628707,0.26018950343132,0.737926542758942,-0.618910312652588
0.532123863697052,0.0490481555461883,1.33842551708221,-0.0672432631254196,0.251647263765335,0.736542463302612,-0.624225378036499
0.532324254512787,0.0484546422958374,1.33883762359619,-0.0648971870541572,0.253388613462448,0.736392378807068,-0.623946130275726
0.534538924694061,0.0474675223231315,1.33947443962097,-0.0689828023314476,0.254463046789169,0.731936693191528,-0.628298223018646
0.534201383590698,0.0465243309736251,1.33972501754761,-0.0694264322519302,0.250313997268677,0.731993556022644,-0.629847943782806
0.535624802112579,0.0452484935522079,1.33995687961578,-0.070477694272995,0.248563498258591,0.728315234184265,-0.63467013835907
0.536081850528717,0.0443005710840225,1.3401026725769,-0.0695360377430915,0.247485890984535,0.726174414157867,-0.637641191482544
0.536636173725128,0.0431771986186504,1.33985102176666,-0.0665228962898254,0.245303064584732,0.724481284618378,-0.64072459936142
0.537183165550232,0.0422303602099418,1.34029960632324,-0.0663658007979393,0.244086593389511,0.721993803977966,-0.644004821777344
0.537436366081238,0.0410811118781566,1.34068083763123,-0.0634344071149826,0.246156856417656,0.720856010913849,-0.644786417484283
0.537942469120026,0.0399777367711067,1.34077298641205,-0.0616159997880458,0.245264336466789,0.719060003757477,-0.647303342819214
0.538470268249512,0.0390083268284797,1.34120535850525,-0.0596277751028537,0.242288872599602,0.715906083583832,-0.652088403701782
0.538913011550903,0.0377426445484161,1.34115445613861,-0.0584691651165485,0.242079555988312,0.714532971382141,-0.653774857521057
0.539451122283936,0.0371056720614433,1.34124231338501,-0.058074202388525,0.239472523331642,0.709348618984222,-0.660382330417633
0.539451122283936,0.0371056720614433,1.34124231338501,-0.058074202388525,0.239472523331642,0.709348618984222,-0.660382330417633
0.540202140808105,0.0336935371160507,1.34181559085846,-0.049866784363985,0.237471252679825,0.706705987453461,-0.664595663547516
0.540892779827118,0.0328243114054203,1.34218978881836,-0.0502436310052871,0.235182076692581,0.703979551792145,-0.66826468706131
0.54142028093338,0.0316645428538322,1.34232616424561,-0.0518806427717208,0.235455617308617,0.701062142848969,-0.671104371547699
0.541895866394043,0.0303661040961742,1.34257960319519,-0.0498735569417476,0.233907461166382,0.698843836784363,-0.674104809761047
0.542372167110443,0.0292744189500808,1.34266841411591,-0.0493458695709705,0.230633124709129,0.695445418357849,-0.678770303726196
0.542372167110443,0.0292744189500808,1.34266841411591,-0.0493458695709705,0.230633124709129,0.695445418357849,-0.678770303726196
0.543337464332581,0.0265491884201765,1.34314215183258,-0.0465574860572814,0.22864656150341,0.693198502063751,-0.681930422782898
0.544037580490112,0.0252915434539318,1.34334826469421,-0.0466860495507717,0.225010380148888,0.688978731632233,-0.687385678291321
0.54439789056778,0.0240049120038747,1.34357583522797,-0.0458996929228305,0.22416678071022,0.686739504337311,-0.689950287342072
0.544903934001923,0.0227623619139194,1.3436633348465,-0.0450184717774391,0.222220808267593,0.684119343757629,-0.693233072757721
0.545442700386047,0.0211373344063758,1.34403789043427,-0.0458557829260826,0.220995262265205,0.683039128780365,-0.694633603096008
0.546213626861572,0.0201785694807767,1.34419310092926,-0.0453765019774436,0.218784868717194,0.680074453353882,-0.698264181613922
0.546561777591705,0.0188069269061088,1.34403383731842,-0.0438167750835418,0.217186272144318,0.679741740226746,-0.699186265468597
0.546920895576477,0.0173483341932296,1.34414744377136,-0.0432168059051036,0.213047340512276,0.677276194095612,-0.702879965305328
0.547806262969971,0.0156551897525787,1.34470963478088,-0.0437284111976623,0.214632272720337,0.677342534065247,-0.702301800251007
0.548015236854553,0.0138685945421457,1.34502696990967,-0.041394468396902,0.209824874997139,0.676002085208893,-0.70518171787262
0.548327386379242,0.0122529910877347,1.34524810314178,-0.0399707332253456,0.206952914595604,0.675487458705902,-0.706604242324829
0.549352169036865,0.0110151404514908,1.34536898136139,-0.0419910438358783,0.205497682094574,0.67415452003479,-0.70818305015564
0.550095438957214,0.0093660270795226,1.34565329551697,-0.0402971133589744,0.20027206838131,0.674398601055145,-0.709544777870178
0.550495684146881,0.0076721953228116,1.34603154659271,-0.038668256253004,0.197449043393135,0.67279314994812,-0.711946725845337
0.551381886005402,0.0063009755685925,1.34608924388885,-0.0405504256486892,0.199279204010963,0.672362983226776,-0.711738407611847
0.5515056848526,0.0045238276943564,1.34646010398865,-0.0391478240489959,0.198946580290794,0.672830879688263,-0.711467921733856
0.5522700548172,0.0029014013707637,1.34665584564209,-0.042823527008295,0.199310958385468,0.670753598213196,-0.713113605976105
0.552935302257538,0.0017884885892271,1.34688949584961,-0.0428023152053356,0.197230637073517,0.669380962848663,-0.71498054265976
0.553521871566772,-0.0002860790118575,1.34712827205658,-0.0421427451074123,0.196058318018913,0.669905483722687,-0.714850902557373
0.554290294647217,-0.001815928146243,1.34721684455872,-0.0421814285218715,0.194381922483444,0.669330894947052,-0.715843856334686
0.555096626281738,-0.0032007941044867,1.34745049476624,-0.0418394468724727,0.192823320627212,0.668760120868683,-0.716818392276764
0.555396318435669,-0.0049431934021413,1.34753346443176,-0.0419890880584716,0.190431043505669,0.66663122177124,-0.719427347183228
0.555671572685242,-0.006242498755455,1.34810364246368,-0.0416550226509571,0.187496989965439,0.666348218917847,-0.720478951931
0.556401431560516,-0.0079281227663159,1.34832000732422,-0.0417423136532306,0.185832723975181,0.665973842144012,-0.721250772476196
0.557092189788818,-0.0095143113285303,1.34846603870392,-0.0414822064340114,0.184154734015465,0.66528844833374,-0.722328066825867
0.557814300060272,-0.0109258890151977,1.34868502616882,-0.0413674339652061,0.182076811790466,0.66448312997818,-0.723601460456848
0.558452606201172,-0.0125044891610741,1.34885203838348,-0.0402426831424236,0.1802589148283,0.664126574993134,-0.724446833133698
0.558452606201172,-0.0125044891610741,1.34885203838348,-0.0402426831424236,0.1802589148283,0.664126574993134,-0.724446833133698
0.559849679470062,-0.015156116336584,1.3491827249527,-0.0400179252028465,0.174636960029602,0.662490785121918,-0.727328419685364
0.560311198234558,-0.0172500479966402,1.34925746917725,-0.0379084162414073,0.173456281423569,0.663229882717133,-0.727050423622131
0.560889780521393,-0.0183282475918531,1.34939980506897,-0.0385426208376884,0.170506954193115,0.662086725234985,-0.728754460811615
0.560889780521393,-0.0183282475918531,1.34939980506897,-0.0385426208376884,0.170506954193115,0.662086725234985,-0.728754460811615
0.562364995479584,-0.0214335191994905,1.34979152679443,-0.0384754426777362,0.169675454497337,0.661502718925476,-0.729482054710388
0.563217222690582,-0.0226643551141023,1.35006415843964,-0.038187239319086,0.166285365819931,0.660818636417389,-0.730896592140198
0.563730478286743,-0.0241167172789573,1.35017609596252,-0.0421873591840267,0.163522854447365,0.660292506217957,-0.731774806976318
0.564374804496765,-0.0261791422963142,1.35022938251495,-0.040565550327301,0.163232877850533,0.660684287548065,-0.731577575206757
0.565171241760254,-0.0276657044887542,1.35045146942139,-0.0395879782736301,0.158886089920998,0.660833954811096,-0.732452511787415
0.565171241760254,-0.0276657044887542,1.35045146942139,-0.0395879782736301,0.158886089920998,0.660833954811096,-0.732452511787415
0.566609978675842,-0.0302247889339923,1.35082972049713,-0.0415819697082042,0.158071503043175,0.661646783351898,-0.731784045696259
0.567297220230103,-0.0323456786572933,1.35091555118561,-0.039472609758377,0.157714143395424,0.662960052490234,-0.73078864812851
0.568089306354523,-0.0334794633090496,1.35127604007721,-0.0366895794868469,0.158608987927437,0.662678241729736,-0.730995774269104
0.568671464920044,-0.0352007672190666,1.35128211975098,-0.0401821471750736,0.154947593808174,0.662821590900421,-0.731467068195343
0.569720566272736,-0.0368357971310615,1.35148918628693,-0.0376702845096588,0.157373607158661,0.664290964603424,-0.729748010635376
0.570659518241882,-0.0375761613249778,1.35147392749786,-0.0389141514897346,0.155028656125069,0.66461181640625,-0.729892432689667
0.571390926837921,-0.0397361814975738,1.35178518295288,-0.0379185304045677,0.154810786247253,0.665900111198425,-0.728816151618958
0.571967899799347,-0.0411008074879646,1.35181617736816,-0.0381657183170318,0.152955830097198,0.666590332984924,-0.728563904762268
0.572781383991241,-0.0429319627583026,1.35198330879211,-0.0377571284770965,0.152405291795731,0.668062210083008,-0.727351367473602
0.573474943637848,-0.044022437185049,1.35209250450134,-0.0382125005125999,0.15008607506752,0.668237864971161,-0.727648317813873
0.574138402938843,-0.0455829314887523,1.35220575332642,-0.0380297899246215,0.148786246776581,0.670052945613861,-0.726254403591156
0.575049757957458,-0.0472328998148441,1.35235130786896,-0.0379811748862266,0.148515969514847,0.670287728309631,-0.726095676422119
0.575680613517761,-0.0486077256500721,1.3523930311203,-0.038246601819992,0.14709535241127,0.670608699321747,-0.726074516773224
0.575680613517761,-0.0486077256500721,1.3523930311203,-0.038246601819992,0.14709535241127,0.670608699321747,-0.726074516773224
0.576908469200134,-0.0516626425087451,1.35261380672455,-0.0376601107418537,0.148079469799995,0.672626852989197,-0.724035382270813
0.577592968940735,-0.053173940628767,1.35270857810974,-0.0367517620325088,0.142954140901565,0.67338627576828,-0.724406063556671
0.578231692314148,-0.0544351227581501,1.35285484790802,-0.039375402033329,0.148090228438377,0.672896385192871,-0.723691523075104
0.578231692314148,-0.0544351227581501,1.35285484790802,-0.039375402033329,0.148090228438377,0.672896385192871,-0.723691523075104
0.579563319683075,-0.0572708323597908,1.35306751728058,-0.037915401160717,0.143704190850258,0.674804329872131,-0.722876667976379
0.58037942647934,-0.0589866675436496,1.3532977104187,-0.0376650132238864,0.143593356013298,0.675621330738068,-0.722148358821869
0.580752015113831,-0.0601755008101463,1.35336124897003,-0.0393415689468383,0.143949806690216,0.675760388374329,-0.721857786178589
0.581322312355042,-0.0614879019558429,1.35346293449402,-0.0394949316978454,0.142694607377052,0.676269292831421,-0.721622109413147
0.581951797008514,-0.062930904328823,1.35369288921356,-0.0379388034343719,0.140033960342407,0.676598310470581,-0.721918225288391
0.58242267370224,-0.0642066374421119,1.35387241840363,-0.0396174453198909,0.140989452600479,0.677085518836975,-0.721184968948364
0.582973539829254,-0.0656342580914497,1.35404276847839,-0.0373764671385288,0.138926595449448,0.678255438804626,-0.720605432987213
0.582973539829254,-0.0656342580914497,1.35404276847839,-0.0373764671385288,0.138926595449448,0.678255438804626,-0.720605432987213
0.584141075611115,-0.0678103864192962,1.35424780845642,-0.0400141477584838,0.139113903045654,0.676942765712738,-0.72166109085083
0.584574043750763,-0.0692688897252082,1.3544545173645,-0.0383282415568828,0.13595050573349,0.67664897441864,-0.722630321979523
0.584978759288788,-0.0711411610245704,1.35464823246002,-0.0370023995637893,0.135551184415817,0.677966356277466,-0.72153902053833
0.585210084915161,-0.0724192559719085,1.35487306118011,-0.038552064448595,0.135979637503624,0.678005039691925,-0.721340775489807
0.585564732551575,-0.0738239139318466,1.35506510734558,-0.0363917462527751,0.134084865450859,0.678513944149017,-0.721329092979431
0.58600240945816,-0.0750808268785476,1.35513234138489,-0.0366292335093021,0.133058026432991,0.678095757961273,-0.721900403499603
0.586324095726013,-0.0763368979096412,1.35538077354431,-0.0369315147399902,0.132322981953621,0.678128719329834,-0.721989154815674
0.58668053150177,-0.0775686800479888,1.35549414157867,-0.0369521640241146,0.1315987855196,0.678472638130188,-0.721797347068787
0.587121427059174,-0.0783682987093925,1.35549020767212,-0.0372802875936031,0.131056189537048,0.677485048770905,-0.722806036472321
0.587658226490021,-0.0795367583632469,1.35559332370758,-0.0385844372212886,0.130710750818253,0.67707085609436,-0.723188281059265
0.587993979454041,-0.0806453078985214,1.35580575466156,-0.0389410182833671,0.129619404673576,0.677549660205841,-0.722916901111603
0.588189840316772,-0.0821130201220512,1.35604739189148,-0.0382864624261856,0.129993140697479,0.677789747714996,-0.722659707069397
0.588292181491852,-0.0837540701031684,1.3561784029007,-0.0371959470212459,0.130425333976746,0.678906679153442,-0.721589505672455
0.588551580905914,-0.0847723335027694,1.3563597202301,-0.0375613532960414,0.12892572581768,0.679012954235077,-0.721740126609802
0.588762402534485,-0.0860749259591102,1.35661852359772,-0.0370753891766071,0.128807589411736,0.679348587989807,-0.721470355987549
0.588906407356262,-0.0869331955909729,1.35660636425018,-0.03758255392313,0.127438247203827,0.679785966873169,-0.721275389194489
0.589257776737213,-0.0879658684134483,1.35666000843048,-0.0382608883082866,0.127781942486763,0.679811477661133,-0.721154868602753
0.58948677778244,-0.0888363197445869,1.35676288604736,-0.0386708416044712,0.126531362533569,0.680005371570587,-0.721170663833618
0.589665472507477,-0.089814081788063,1.35675978660583,-0.0347487702965736,0.125679075717926,0.680701017379761,-0.720863044261932
0.589665472507477,-0.089814081788063,1.35675978660583,-0.0347487702965736,0.125679075717926,0.680701017379761,-0.720863044261932
0.589949309825897,-0.0917745605111122,1.35708928108215,-0.0333745144307613,0.122647114098072,0.6813645362854,-0.720823287963867
0.590074896812439,-0.0928617194294929,1.35710024833679,-0.0349652878940105,0.124603144824505,0.680713653564453,-0.721027374267578
0.590295076370239,-0.0936341509222984,1.35717809200287,-0.0340869091451168,0.122065111994743,0.681572735309601,-0.720692038536072
0.590444207191467,-0.0945702940225601,1.35720407962799,-0.0340427570044994,0.121375165879726,0.681010782718658,-0.721341490745544
0.590623915195465,-0.0948676392436027,1.3572301864624,-0.0359589867293834,0.12012929469347,0.681762158870697,-0.720747053623199
0.590709388256073,-0.0956732630729675,1.35725820064545,-0.0363231189548969,0.119148395955562,0.681107699871063,-0.721510112285614
0.590797364711761,-0.0963139161467552,1.3572062253952,-0.0370099134743213,0.118719682097435,0.681702792644501,-0.720983505249023
0.591046094894409,-0.096432626247406,1.35710155963898,-0.03819515183568,0.116964735090733,0.680751204490662,-0.72210681438446
0.590781331062317,-0.0977424830198288,1.35729002952576,-0.0372291356325149,0.116855829954147,0.681857228279114,-0.721130669116974
0.590895056724548,-0.098283514380455,1.35729336738586,-0.0376176610589027,0.117115259170532,0.682719945907593,-0.720251679420471
0.59103798866272,-0.0988000109791755,1.35732364654541,-0.0390678420662879,0.11377938836813,0.68112587928772,-0.72221577167511
0.591181814670563,-0.0992389619350433,1.35727047920227,-0.0401980876922607,0.114259243011475,0.683252513408661,-0.720066010951996
0.591256558895111,-0.100012972950935,1.35735356807709,-0.0399047061800956,0.115009143948555,0.683200836181641,-0.720011949539185
0.591294229030609,-0.100364983081818,1.35716986656189,-0.0407117195427417,0.114635832607746,0.683302998542786,-0.719929277896881
0.591346144676208,-0.100740388035774,1.35711145401001,-0.0414998196065425,0.114371597766876,0.683648288249969,-0.719598531723022
0.591390907764435,-0.101105809211731,1.35700070858002,-0.0425682365894317,0.11283079534769,0.68257462978363,-0.720797657966614
0.591390907764435,-0.101105809211731,1.35700070858002,-0.0425682365894317,0.11283079534769,0.68257462978363,-0.720797657966614
0.591554999351501,-0.101699821650982,1.35691726207733,-0.0437870733439922,0.113297313451767,0.685096442699432,-0.718254387378693
0.591604232788086,-0.101934358477592,1.35686933994293,-0.0449359193444252,0.112059332430363,0.683629393577576,-0.719773828983307
0.591749548912048,-0.102374888956547,1.35682237148285,-0.0432635992765426,0.113932430744171,0.686204493045807,-0.717126965522766
0.591919243335724,-0.102154493331909,1.35684645175934,-0.0457175970077514,0.112299241125584,0.68550306558609,-0.717902779579163
0.591964960098267,-0.102073326706886,1.35679829120636,-0.0492912195622921,0.110430292785168,0.685267329216003,-0.718181192874908
0.591998815536499,-0.102265626192093,1.35671210289001,-0.0493614748120307,0.11039100587368,0.685479283332825,-0.717980086803436
0.591956794261932,-0.102848067879677,1.35675811767578,-0.0486451759934425,0.111875131726265,0.688945114612579,-0.7144735455513
0.591956794261932,-0.102848067879677,1.35675811767578,-0.0486451759934425,0.111875131726265,0.688945114612579,-0.7144735455513
0.592258751392365,-0.102072738111019,1.35665810108185,-0.0549183338880538,0.108715869486332,0.686209678649902,-0.71713399887085
0.592305898666382,-0.101996436715126,1.356654047966,-0.0552497059106826,0.108513124287128,0.686793684959412,-0.716580033302307
0.592305898666382,-0.101996436715126,1.356654047966,-0.0552497059106826,0.108513124287128,0.686793684959412,-0.716580033302307
0.592303872108459,-0.102446064352989,1.35663819313049,-0.0543929673731327,0.109226182103157,0.689540505409241,-0.713894248008728
0.59233695268631,-0.102340348064899,1.35662341117859,-0.0545047037303447,0.109215535223484,0.690280497074127,-0.713172018527985
0.592597901821136,-0.101697936654091,1.35649871826172,-0.0556781291961669,0.109153479337692,0.689975380897522,-0.713386058807373
0.592485666275024,-0.1021344140172,1.35651779174805,-0.0545862130820751,0.109771147370338,0.691955089569092,-0.711455464363098
0.592514276504517,-0.101895108819008,1.35645723342896,-0.0549743995070457,0.1100053191185,0.692587018013,-0.710774183273315
0.592484176158905,-0.102340281009674,1.35646069049835,-0.049566026777029,0.112951956689358,0.695407867431641,-0.707949817180634
0.592552423477173,-0.10186031460762,1.35644865036011,-0.0543415360152721,0.114146806299686,0.696028649806976,-0.706796824932098
0.592694342136383,-0.101187266409397,1.35629224777222,-0.0511218942701816,0.112427055835724,0.695366322994232,-0.707963585853577
0.592750072479248,-0.100774765014648,1.35628426074982,-0.0515893213450908,0.112340487539768,0.696922421455383,-0.706411719322205
0.592739462852478,-0.100236631929874,1.35620200634003,-0.0516111627221107,0.110977485775948,0.697535872459412,-0.706019759178162
0.592816233634949,-0.100156500935555,1.3561794757843,-0.050866063684225,0.107845947146416,0.698927104473114,-0.705182790756226
0.592816233634949,-0.100156500935555,1.3561794757843,-0.050866063684225,0.107845947146416,0.698927104473114,-0.705182790756226
0.592557072639465,-0.0999318733811378,1.35620927810669,-0.0579111613333225,0.106756649911404,0.698732256889343,-0.704998314380646
0.592482268810272,-0.0999418497085571,1.356165766716,-0.0492753572762012,0.113031692802906,0.704783916473389,-0.698624014854431
0.592568516731262,-0.0990416705608367,1.35619366168976,-0.050733745098114,0.11211308836937,0.704357028007507,-0.699097990989685
0.592698633670807,-0.0985464677214622,1.35607898235321,-0.0520752556622028,0.115435764193535,0.705710113048553,-0.697091221809387
0.592734813690186,-0.0981901735067367,1.35613226890564,-0.0522467941045761,0.114550970494747,0.707423508167267,-0.695485651493073
0.592714011669159,-0.0984645709395408,1.35607969760895,-0.0527976341545581,0.117598637938499,0.710232675075531,-0.692063868045807
0.592675924301147,-0.0978978946805,1.35609495639801,-0.0556413270533084,0.112630248069763,0.708539187908173,-0.694399476051331
0.59260368347168,-0.0974648743867874,1.35612308979034,-0.0572371110320091,0.113388657569885,0.710114777088165,-0.692534446716309
0.592567682266235,-0.0972091108560562,1.35612165927887,-0.0572099424898624,0.114005163311958,0.712380647659302,-0.690104186534882
0.592545032501221,-0.0967147946357727,1.35612332820892,-0.0585624389350414,0.114072114229202,0.713867485523224,-0.688441276550293
0.592488169670105,-0.0966433063149452,1.35624539852142,-0.0580187030136585,0.115279324352741,0.716474831104279,-0.685571670532227
0.592408716678619,-0.0963643342256546,1.35625755786896,-0.0589298568665981,0.115555137395859,0.71777868270874,-0.68408191204071
0.592349290847778,-0.0959808081388473,1.35620653629303,-0.0593393929302692,0.116029053926468,0.720308661460876,-0.681301474571228
0.592341899871826,-0.0955391600728035,1.35613572597504,-0.0608257837593555,0.116135202348232,0.722151398658752,-0.679198145866394
0.592346727848053,-0.0946557372808456,1.35580193996429,-0.0580634325742721,0.116399772465229,0.726910591125488,-0.674300134181976
0.592007577419281,-0.0947600305080413,1.35579311847687,-0.0586782917380332,0.115540035068989,0.728484988212585,-0.672693967819214
0.591763496398926,-0.0944824591279029,1.35565221309662,-0.0587920919060707,0.115823343396187,0.730537474155426,-0.670405507087708
0.591616451740265,-0.0940074175596237,1.35562598705292,-0.0612778477370739,0.112977862358093,0.732926368713379,-0.668056964874268
0.591527163982391,-0.0934294238686561,1.3554390668869,-0.062794029712677,0.113963417708874,0.734247505664825,-0.66629558801651
0.591614723205566,-0.0924623310565948,1.35529208183289,-0.065511867403984,0.112902916967869,0.735082030296326,-0.665293753147125
0.59145724773407,-0.0918639600276947,1.35516262054443,-0.0663502886891365,0.118155859410763,0.737656116485596,-0.661438226699829
0.591288089752197,-0.0913300588726997,1.35494697093964,-0.0660124942660331,0.120612233877182,0.742699027061462,-0.655357360839844
0.590902805328369,-0.0915240719914436,1.35494339466095,-0.064781479537487,0.12242928892374,0.744355499744415,-0.653260588645935
0.590815246105194,-0.0909084752202034,1.35474300384521,-0.0665925070643425,0.124213710427284,0.746414661407471,-0.650385856628418
0.590731918811798,-0.0903550013899803,1.35454595088959,-0.0683745443820953,0.12405864149332,0.746880531311035,-0.649695217609406
0.590272724628448,-0.0898679345846176,1.3544294834137,-0.069330133497715,0.12377604842186,0.749526798725128,-0.646592974662781
0.590098798274994,-0.0893086791038513,1.35431754589081,-0.0693057924509048,0.126106604933739,0.753210961818695,-0.641846656799316
0.58978146314621,-0.0884989351034164,1.35411834716797,-0.0724741071462631,0.124982319772243,0.752885937690735,-0.6420978307724
0.58965927362442,-0.0876438692212104,1.35405898094177,-0.0775871872901916,0.125539660453796,0.750717997550964,-0.64392751455307
0.589417219161987,-0.0869605764746666,1.35395646095276,-0.0803762078285217,0.125687554478645,0.750806868076324,-0.643452703952789
0.589284658432007,-0.0857171341776847,1.35378301143646,-0.081226535141468,0.12610436975956,0.751433551311493,-0.642532050609589
0.589643120765686,-0.0850280299782753,1.35398054122925,-0.0830432549118995,0.128001973032951,0.753880620002747,-0.639048933982849
0.5893514752388,-0.0845058262348175,1.3538590669632,-0.08509511500597,0.128266796469688,0.754065036773682,-0.638508021831512
0.589016973972321,-0.0843177959322929,1.3539263010025,-0.0839356034994125,0.129449486732483,0.757791221141815,-0.633995413780212
0.588719248771667,-0.0834356322884559,1.35382056236267,-0.0809618756175041,0.12909109890461,0.761288583278656,-0.63025426864624
0.588719248771667,-0.0834356322884559,1.35382056236267,-0.0809618756175041,0.12909109890461,0.761288583278656,-0.63025426864624
0.588407874107361,-0.0815352946519851,1.35368120670319,-0.0883501321077346,0.130895048379898,0.759581685066223,-0.630948841571808
0.587996780872345,-0.0813023298978805,1.35354173183441,-0.0812564343214035,0.133266776800156,0.764257788658142,-0.625737607479095
0.587551295757294,-0.0811745971441268,1.3534824848175,-0.0784940049052238,0.136074066162109,0.768336832523346,-0.620468497276306
0.587421655654907,-0.0795280337333679,1.35334348678589,-0.080783411860466,0.133973717689514,0.767606496810913,-0.621534764766693
0.587158024311066,-0.0789588913321495,1.35326838493347,-0.0803101435303688,0.135591506958008,0.769358217716217,-0.619074523448944
0.586905777454376,-0.0781934782862663,1.35319066047668,-0.0814804881811142,0.135972812771797,0.769297242164612,-0.618913650512695
0.586584746837616,-0.07747633010149,1.35307312011719,-0.0823536068201065,0.135651737451553,0.768981575965881,-0.619260728359222
0.586130082607269,-0.0768907219171524,1.35290348529816,-0.081983633339405,0.138539597392082,0.771763205528259,-0.615196704864502
0.585940539836884,-0.0756239220499992,1.35287475585938,-0.0830197110772132,0.137569814920425,0.772258281707764,-0.614653825759888
0.585697650909424,-0.0750802606344223,1.35277080535889,-0.0825722515583038,0.13899253308773,0.773253381252289,-0.613141238689423
0.585381090641022,-0.0742347985506057,1.35271716117859,-0.0833224803209304,0.139875873923302,0.77380907535553,-0.612137138843536
0.585096180438995,-0.0733804628252983,1.35262537002563,-0.0839558988809585,0.140636280179024,0.774096965789795,-0.611511826515198
0.584817111492157,-0.0723519176244735,1.35254168510437,-0.0848990008234977,0.140227571129799,0.774589598178864,-0.610851466655731
0.584567904472351,-0.0717428475618362,1.35244154930115,-0.0843876078724861,0.141815677285194,0.775498628616333,-0.609400510787964
0.584052503108978,-0.0713912397623062,1.35235357284546,-0.0838815420866012,0.143166035413742,0.777833044528961,-0.606171071529388
0.584052503108978,-0.0713912397623062,1.35235357284546,-0.0838815420866012,0.143166035413742,0.777833044528961,-0.606171071529388
0.583521842956543,-0.0691859126091003,1.35208034515381,-0.0844525918364524,0.145619988441467,0.778250813484192,-0.60496973991394
0.583092153072357,-0.0683355256915092,1.35185384750366,-0.0846576616168022,0.146192759275436,0.778879761695862,-0.603992760181427
0.582770347595215,-0.067942202091217,1.35196006298065,-0.08383709192276,0.147400736808777,0.780862033367157,-0.601247787475586
0.582434892654419,-0.0669773966073989,1.35176527500153,-0.0850931033492088,0.148064881563187,0.780657172203064,-0.601174116134644
0.582230567932129,-0.0661369562149047,1.3517861366272,-0.0843235105276107,0.149266943335533,0.782298266887665,-0.598847508430481
0.581770718097687,-0.0653722956776619,1.35162949562073,-0.0838251039385795,0.15022312104702,0.783032119274139,-0.597718179225922
0.581332564353943,-0.0645081251859664,1.35136806964874,-0.084435299038887,0.150585010647774,0.783670544624329,-0.596703708171844
0.581332564353943,-0.0645081251859664,1.35136806964874,-0.084435299038887,0.150585010647774,0.783670544624329,-0.596703708171844
0.580948889255524,-0.061625201255083,1.3508106470108,-0.0857513844966888,0.151909366250038,0.783346176147461,-0.596606433391571
0.580425262451172,-0.0613762475550174,1.35078060626984,-0.0843950361013412,0.153468757867813,0.785749852657318,-0.593230128288269
0.58021479845047,-0.0601452961564064,1.35069406032562,-0.0857971087098121,0.153981417417526,0.786108911037445,-0.592419922351837
0.579950273036957,-0.0592591166496276,1.35065388679504,-0.0854565128684043,0.155266046524048,0.786026298999786,-0.592243492603302
0.579478859901428,-0.0583458989858627,1.35054051876068,-0.0867455601692199,0.155314862728119,0.787303984165192,-0.590343117713928
0.579290211200714,-0.0576708242297172,1.35046088695526,-0.0853874012827873,0.157990694046021,0.787696659564972,-0.589306354522705
0.579057157039642,-0.0565160475671291,1.35040700435638,-0.0857107490301132,0.159072950482368,0.788004577159882,-0.588556230068207
0.578720450401306,-0.0553881600499153,1.35036361217499,-0.0857506394386291,0.160307884216309,0.788914859294891,-0.586993753910065
0.578363537788391,-0.0545765459537506,1.35027849674225,-0.0845803692936897,0.162048742175102,0.789968132972717,-0.585266411304474
0.57862377166748,-0.0530803687870502,1.34996771812439,-0.0869812741875648,0.162658914923668,0.789635121822357,-0.58519458770752
0.578473627567291,-0.0515374094247818,1.34978830814362,-0.0874421447515487,0.163094997406006,0.78912889957428,-0.585687160491943
0.57816880941391,-0.0505433455109596,1.34995830059052,-0.0884745642542839,0.164212733507156,0.790087282657623,-0.583925187587738
0.577936291694641,-0.0493291020393371,1.3498877286911,-0.0869471132755279,0.16568224132061,0.790645241737366,-0.582983493804932
0.577808737754822,-0.0476455129683017,1.34981453418732,-0.0871614590287208,0.166843935847282,0.790496587753296,-0.582821726799011
0.57733291387558,-0.0470677204430103,1.34968626499176,-0.0869856551289558,0.168300002813339,0.791939437389374,-0.580465912818909
0.57733291387558,-0.0470677204430103,1.34968626499176,-0.0869856551289558,0.168300002813339,0.791939437389374,-0.580465912818909
0.576919198036194,-0.0439184196293354,1.34960675239563,-0.0880291238427162,0.169733420014381,0.790319204330444,-0.582097172737122
0.575651407241821,-0.0422584936022758,1.34990477561951,-0.0870999470353126,0.168076977133751,0.791297793388367,-0.581387639045715
0.576384782791138,-0.0410451777279377,1.34956622123718,-0.0876597613096237,0.172446370124817,0.790923058986664,-0.580533266067505
0.575879335403442,-0.0399418547749519,1.34939587116241,-0.0863842591643333,0.173685908317566,0.791536569595337,-0.579517900943756
0.575620710849762,-0.0389423482120037,1.34939873218536,-0.0868212580680847,0.1743074208498,0.791341841220856,-0.579531908035278
0.575469255447388,-0.0374103710055351,1.3494461774826,-0.0862883031368255,0.176820382475853,0.791249930858612,-0.578975439071655
0.575157403945923,-0.0356827899813652,1.34927749633789,-0.0873333662748336,0.177238777279854,0.790847480297089,-0.579240500926971
0.574774861335754,-0.0342318676412105,1.34926772117615,-0.0866374298930168,0.17868860065937,0.790107488632202,-0.579909145832062
0.572888195514679,-0.0321544632315635,1.34902107715607,-0.083975002169609,0.175361916422844,0.791101098060608,-0.579961478710175
0.572556793689728,-0.0307373981922864,1.34892630577087,-0.0843372568488121,0.176417469978332,0.790995836257935,-0.579732477664948
0.574073493480682,-0.0297575555741786,1.34962606430054,-0.0869639813899993,0.183441400527954,0.788591921329498,-0.580438852310181
0.573654234409332,-0.0284526273608207,1.3494246006012,-0.0872380658984184,0.183837071061134,0.788331031799316,-0.580626904964447
0.573355615139008,-0.0268116537481546,1.34928929805756,-0.087151363492012,0.185597464442253,0.7876056432724,-0.581064224243164
0.573120713233948,-0.0252116993069648,1.34905850887299,-0.085349902510643,0.188325777649879,0.786827266216278,-0.581507980823517
0.571264803409576,-0.0232506934553384,1.34911918640137,-0.0845807194709777,0.185491994023323,0.787580192089081,-0.581512093544006
0.570973038673401,-0.0218576677143573,1.34909605979919,-0.0846808701753616,0.186577320098877,0.787000000476837,-0.581935584545135
0.570580363273621,-0.0205112751573324,1.34900116920471,-0.0847844034433364,0.188553065061569,0.787846148014069,-0.580136001110077
0.571799099445343,-0.0196069926023483,1.34911048412323,-0.0861633419990539,0.196107745170593,0.785378396511078,-0.580773890018463
0.571282267570496,-0.0174007266759872,1.3490297794342,-0.0862368643283844,0.195186957716942,0.784565925598145,-0.582169592380524
0.571097493171692,-0.0160118415951728,1.34898161888123,-0.086720086634159,0.198081031441689,0.784235715866089,-0.581565022468567
0.570025026798248,-0.0145940156653523,1.34833490848541,-0.0837104097008705,0.198943972587585,0.783316969871521,-0.58294802904129
0.569589197635651,-0.0130010079592466,1.34815037250519,-0.0832223147153854,0.200352475047112,0.782459139823914,-0.58368718624115
0.569126784801483,-0.0114512015134096,1.34799599647522,-0.0835694968700409,0.201896145939827,0.781369686126709,-0.584564387798309
0.567679762840271,-0.0090566575527191,1.34801828861237,-0.0817633867263794,0.200052693486214,0.780249655246735,-0.586944878101349
0.568022727966309,-0.0077405609190464,1.34745860099792,-0.0819948092103004,0.2038544267416,0.778996706008911,-0.587268590927124
0.567400932312012,-0.0065061878412961,1.34734177589417,-0.0820926278829574,0.205741330981254,0.778154969215393,-0.587712645530701
0.567111849784851,-0.0044258115813136,1.34716534614563,-0.0829991027712822,0.206186562776565,0.777573466300964,-0.588198721408844
0.566418051719666,-0.0029309503734111,1.34685742855072,-0.0817185267806053,0.208007872104645,0.776808261871338,-0.588747501373291
0.565962255001068,-0.0009751347824931,1.34675431251526,-0.0820455551147461,0.209014624357224,0.775389611721039,-0.5902139544487
0.565962255001068,-0.0009751347824931,1.34675431251526,-0.0820455551147461,0.209014624357224,0.775389611721039,-0.5902139544487
0.565092921257019,0.0019424548372626,1.34646475315094,-0.0827657356858253,0.212979733943939,0.773106157779694,-0.591689348220825
0.56463086605072,0.0038842353969812,1.34636974334717,-0.0827194303274154,0.214937508106232,0.771789789199829,-0.592705607414246
0.563799619674683,0.0055088344961404,1.34576880931854,-0.0811838060617446,0.216110587120056,0.770107388496399,-0.594676494598389
0.563225924968719,0.006763064302504,1.34574353694916,-0.0811187401413917,0.218499213457107,0.769923090934753,-0.594050586223602
0.562673389911652,0.0084667019546031,1.34547090530396,-0.0811145231127739,0.220420002937317,0.769526660442352,-0.593855321407318
0.562046051025391,0.0100853042677044,1.34522521495819,-0.0813419818878173,0.221836403012276,0.767299652099609,-0.596173763275146
0.561473429203033,0.0116599248722195,1.3449866771698,-0.0789182558655738,0.223874852061272,0.766007423400879,-0.597397983074188
0.560705065727234,0.0133692333474755,1.34470510482788,-0.0821102336049079,0.224590882658958,0.764733374118805,-0.598330795764923
0.559978485107422,0.0149810509756207,1.3443706035614,-0.081500194966793,0.226391687989235,0.764260292053223,-0.598339974880219
0.559388279914856,0.0166505128145217,1.34409058094025,-0.0823702067136764,0.227779671549797,0.761797308921814,-0.600829839706421
0.558858931064606,0.0186580307781696,1.34384250640869,-0.0823911279439926,0.229266092181206,0.759717702865601,-0.602891325950623
0.558053731918335,0.0199110060930252,1.34341955184937,-0.0820425972342491,0.230871230363846,0.758465528488159,-0.603902101516724
0.557403802871704,0.0216446239501237,1.34321534633636,-0.0821580365300178,0.232571601867676,0.757232785224915,-0.60478013753891
0.556933581829071,0.0234633088111877,1.34296882152557,-0.0833630263805389,0.233576208353043,0.75543075799942,-0.606479287147522
0.556456506252289,0.0251301024109125,1.34275472164154,-0.0857671797275543,0.232614159584045,0.752474665641785,-0.610177576541901
0.555847823619843,0.0270046591758728,1.3426947593689,-0.0869956389069557,0.233818426728249,0.750480115413666,-0.611997008323669
0.555208742618561,0.0283568426966667,1.34240341186523,-0.0877690836787223,0.235361814498901,0.748579382896423,-0.613620698451996
0.554595530033112,0.0303167700767517,1.34229290485382,-0.0890628024935722,0.236335009336472,0.746436715126038,-0.615667164325714
0.553720116615295,0.0315099284052848,1.34203779697418,-0.0868735685944557,0.240866154432297,0.74647045135498,-0.614181160926819
0.553307473659515,0.0332588851451873,1.34184813499451,-0.0900027975440025,0.239209473133087,0.742983043193817,-0.618590772151947
0.552806913852692,0.0346544720232486,1.34133017063141,-0.0901255682110786,0.240883037447929,0.741468966007233,-0.619739055633545
0.552105307579041,0.0360194183886051,1.34146153926849,-0.0905698239803314,0.242779612541199,0.739469408988953,-0.621321499347687
0.551263332366943,0.0373401083052158,1.34116959571838,-0.0883161798119545,0.246984764933586,0.73917818069458,-0.620334029197693
0.550689995288849,0.0389599502086639,1.34092593193054,-0.0906904861330986,0.248650714755058,0.736321747303009,-0.622718513011932
0.550191938877106,0.0400878936052322,1.34075725078583,-0.0910265743732452,0.247067347168922,0.733918964862823,-0.626126825809479
0.550191938877106,0.0400878936052322,1.34075725078583,-0.0910265743732452,0.247067347168922,0.733918964862823,-0.626126825809479
0.549069702625275,0.0426248461008071,1.34009003639221,-0.0921546891331672,0.250033855438232,0.730644881725311,-0.628608524799347
0.545702278614044,0.0456341058015823,1.33997488021851,-0.0920534953474998,0.240115210413933,0.731793105602264,-0.631149470806122
0.549914002418518,0.0472227744758129,1.33979034423828,-0.101838141679764,0.251626342535019,0.726132750511169,-0.631699681282043
0.5480996966362,0.0472624227404594,1.3396121263504,-0.0961823388934135,0.256102830171585,0.727088809013367,-0.629684150218964
0.546698093414307,0.0475669428706169,1.33945178985596,-0.0936501920223236,0.258046567440033,0.726137399673462,-0.63036972284317
0.545840501785278,0.0486797243356704,1.33877170085907,-0.0906919315457344,0.258285790681839,0.72583019733429,-0.631057798862457
0.545373857021332,0.0501298010349273,1.33876144886017,-0.0921750515699386,0.259044975042343,0.725128591060638,-0.63133829832077
0.54478120803833,0.0509809553623199,1.33861267566681,-0.0926346853375434,0.260026484727859,0.723623692989349,-0.632592916488647
0.54419994354248,0.0518262423574924,1.33836936950684,-0.092245228588581,0.261413305997849,0.723671019077301,-0.632023811340332
0.543871104717255,0.0530747920274734,1.33819723129272,-0.0938523709774017,0.261925667524338,0.72101879119873,-0.63460111618042
0.543493330478668,0.054051999002695,1.33799386024475,-0.096163772046566,0.259695470333099,0.718599081039429,-0.637907564640045
0.54300457239151,0.0552473068237304,1.33773636817932,-0.0968343764543533,0.260201245546341,0.717374980449677,-0.63897693157196
0.542191565036774,0.0559002012014389,1.33742618560791,-0.0948115959763526,0.263973623514175,0.718294441699982,-0.636695981025696
0.542191565036774,0.0559002012014389,1.33742618560791,-0.0948115959763526,0.263973623514175,0.718294441699982,-0.636695981025696
0.541197299957275,0.0573960579931736,1.33689153194427,-0.0951586291193962,0.265714645385742,0.716888844966888,-0.637503623962402
0.540837705135345,0.0579515844583511,1.33699834346771,-0.0972943007946014,0.264066815376282,0.714937090873718,-0.640052795410156
0.540237665176392,0.0592429786920547,1.3366926908493,-0.100329235196114,0.265532463788986,0.71404492855072,-0.639973700046539
0.539867877960205,0.0601229816675186,1.3365091085434,-0.102457202970982,0.262839317321777,0.711791098117828,-0.64325076341629
0.539198815822601,0.0605001524090766,1.33632707595825,-0.10067868232727,0.26724448800087,0.713015258312225,-0.640354096889496
0.539198815822601,0.0605001524090766,1.33632707595825,-0.10067868232727,0.26724448800087,0.713015258312225,-0.640354096889496
0.538209795951843,0.0623510479927063,1.33599531650543,-0.103886559605598,0.266924560070038,0.710367679595947,-0.642912745475769
0.537997484207153,0.0630230605602264,1.33590173721313,-0.106684967875481,0.264551907777786,0.70842045545578,-0.64557808637619
0.537617683410645,0.0639800727367401,1.33570921421051,-0.1077736094594,0.264843016862869,0.707287847995758,-0.646519184112549
0.537025630474091,0.0642733722925186,1.33559536933899,-0.105426460504532,0.269791841506958,0.709848761558533,-0.642037749290466
0.536657512187958,0.0648476779460907,1.33513689041138,-0.10525506734848,0.270557403564453,0.709175229072571,-0.642487764358521
0.53624564409256,0.0656707733869552,1.33512389659882,-0.106441132724285,0.270950168371201,0.707625091075897,-0.64383465051651
0.535878002643585,0.066481664776802,1.33497619628906,-0.10734436661005,0.271323353052139,0.706556737422943,-0.644700348377228
0.535617470741272,0.0668792575597763,1.33493983745575,-0.107662424445152,0.273261219263077,0.707159698009491,-0.643165826797485
0.535490036010742,0.067800149321556,1.33489191532135,-0.107741877436638,0.274063557386398,0.704719543457031,-0.645485281944275
0.535106003284454,0.0683094561100006,1.33480429649353,-0.108187779784203,0.275405675172806,0.70409893989563,-0.645516753196716
0.53486704826355,0.0689084902405738,1.33474576473236,-0.107523985207081,0.277603536844253,0.703860461711884,-0.644946038722992
0.534479081630707,0.0692191794514656,1.33473062515259,-0.108664788305759,0.277119368314743,0.703710436820984,-0.645126819610596
0.534204959869385,0.0693538188934326,1.33455955982208,-0.107187658548355,0.279752969741821,0.704329550266266,-0.643559634685516
0.533988058567047,0.0697858557105064,1.33454036712646,-0.108035996556282,0.279890149831772,0.703777432441711,-0.643962144851685
0.533988058567047,0.0697858557105064,1.33454036712646,-0.108035996556282,0.279890149831772,0.703777432441711,-0.643962144851685
0.533717930316925,0.070557914674282,1.33487200737,-0.108340486884117,0.281606703996658,0.705537378787994,-0.641230881214142
0.533717930316925,0.070557914674282,1.33487200737,-0.108340486884117,0.281606703996658,0.705537378787994,-0.641230881214142
0.533295333385468,0.0709335058927536,1.33447480201721,-0.108866900205612,0.282857418060303,0.704541623592377,-0.641686022281647
0.533095479011536,0.071182943880558,1.33445370197296,-0.109290286898613,0.283018231391907,0.704808056354523,-0.641250252723694
0.532890439033508,0.0712581574916839,1.33446860313416,-0.110660172998905,0.28207802772522,0.706293523311615,-0.639793574810028
0.53270411491394,0.0713802576065063,1.33449351787567,-0.110882289707661,0.282094448804855,0.705794274806976,-0.640298545360565
0.532534837722778,0.0714084357023239,1.33458769321442,-0.11094655841589,0.282655030488968,0.707404553890228,-0.638260066509247
0.532382547855377,0.071688488125801,1.33455967903137,-0.111381955444813,0.282057225704193,0.706942915916443,-0.638959586620331
0.532166719436646,0.0713565051555633,1.33464753627777,-0.111002087593079,0.282448261976242,0.708154857158661,-0.637509405612946
0.531838059425354,0.0711632221937179,1.33472096920013,-0.110567279160023,0.282092332839966,0.709304213523865,-0.63646388053894
0.531629145145416,0.0708598643541336,1.33476400375366,-0.109853819012642,0.282295078039169,0.710152745246887,-0.635550796985626
0.53157240152359,0.0707915127277374,1.33478176593781,-0.110001184046268,0.282253742218018,0.710923075675964,-0.634681761264801
0.531483113765717,0.0705784037709236,1.33467936515808,-0.109685361385345,0.282138913869858,0.712132692337036,-0.633430302143097
0.531401395797729,0.0704271495342254,1.33499729633331,-0.107847914099693,0.283302247524261,0.71367609500885,-0.631486415863037
0.531324803829193,0.0702553391456604,1.33507561683655,-0.107850559055805,0.283115893602371,0.715613007545471,-0.629374086856842
0.531433045864105,0.0703955292701721,1.33518290519714,-0.10760485380888,0.2797791659832,0.716036319732666,-0.630425930023193
0.531224608421326,0.0700768157839775,1.33547949790955,-0.107825979590416,0.279275149106979,0.717492341995239,-0.628954529762268
0.531175911426544,0.0698208212852478,1.3355667591095,-0.107839658856392,0.278724730014801,0.718845963478088,-0.627649307250977
0.531321465969086,0.0696224868297576,1.33534586429596,-0.108119457960129,0.277876526117325,0.719993591308594,-0.626661062240601
0.531332850456238,0.0694225579500198,1.33557772636414,-0.10882943123579,0.277099281549454,0.721072614192963,-0.62564080953598
0.531332850456238,0.0694225579500198,1.33557772636414,-0.10882943123579,0.277099281549454,0.721072614192963,-0.62564080953598
0.531186044216156,0.0684912055730819,1.33591139316559,-0.109160088002682,0.275660097599029,0.724362969398499,-0.622409880161285
0.531296372413635,0.0683059468865394,1.33640837669373,-0.108909353613853,0.28109136223793,0.725550889968872,-0.618629574775696
0.5314861536026,0.0675317868590354,1.33655631542206,-0.109543889760971,0.278680920600891,0.725130558013916,-0.620099008083344
0.531100988388062,0.0667425096035003,1.33663856983185,-0.107423037290573,0.28093671798706,0.728922188282013,-0.614985644817352
0.531100988388062,0.0667425096035003,1.33663856983185,-0.107423037290573,0.28093671798706,0.728922188282013,-0.614985644817352
0.531849503517151,0.0662223249673843,1.33694732189178,-0.110744312405586,0.279865264892578,0.73219621181488,-0.610982656478882
0.531982421875,0.0658791363239288,1.33709871768951,-0.109720081090927,0.277668714523315,0.734140157699585,-0.609835863113403
0.532164931297302,0.0651813894510269,1.33722352981567,-0.111677713692188,0.278630137443542,0.735889434814453,-0.606926739215851
0.532484352588654,0.0645939633250236,1.33746314048767,-0.119258083403111,0.274748980998993,0.734971821308136,-0.608364164829254
0.532747745513916,0.0643921718001365,1.3375529050827,-0.117232263088226,0.274567395448685,0.737132728099823,-0.606221675872803
0.53291392326355,0.0638056546449661,1.33754050731659,-0.117535725235939,0.273745030164719,0.739099562168121,-0.60413658618927
0.532946169376373,0.0629234910011291,1.3375825881958,-0.115733876824379,0.276123851537704,0.742921113967896,-0.598689794540405
0.533013939857483,0.0625187307596206,1.33771681785583,-0.112957745790481,0.272929579019547,0.745254874229431,-0.59778356552124
0.529820382595062,0.0580304823815822,1.33733594417572,-0.0968144461512565,0.275156170129776,0.749516546726227,-0.594256699085236
0.530459821224213,0.0579717606306076,1.33749842643738,-0.102858416736126,0.272456020116806,0.75049877166748,-0.593244910240173
0.531334042549133,0.0581548623740673,1.33761215209961,-0.104739785194397,0.269143551588058,0.751360714435577,-0.593336641788483
0.528097927570343,0.0602530762553215,1.33431756496429,-0.102974683046341,0.251924723386765,0.763464152812958,-0.585707068443298
0.528345763683319,0.0596465915441513,1.33434307575226,-0.103563696146011,0.251036196947098,0.765052616596222,-0.583909094333649
0.528602540493011,0.0590373277664184,1.33457112312317,-0.103940241038799,0.250498294830322,0.766776084899902,-0.581808865070343
0.534593164920807,0.0578095912933349,1.33799242973328,-0.116494961082935,0.264441251754761,0.757370352745056,-0.585568130016327
0.534624576568604,0.0571063160896301,1.33823680877686,-0.114980705082417,0.266320616006851,0.76063460111618,-0.580764770507812
0.53493458032608,0.056427139788866,1.33827221393585,-0.114749558269978,0.26552027463913,0.762358009815216,-0.578914284706116
0.535072445869446,0.0556676015257835,1.33836507797241,-0.11712758988142,0.263420850038528,0.763228416442871,-0.578249931335449
0.529598891735077,0.0555301383137702,1.33521437644958,-0.103219844400883,0.247102901339531,0.774862051010132,-0.572603523731232
0.535665035247803,0.054970808327198,1.33861970901489,-0.119970366358757,0.2583067715168,0.763806104660034,-0.579210758209229
0.53045129776001,0.0548224821686744,1.33514356613159,-0.10598673671484,0.242292881011963,0.7753786444664,-0.573453485965729
0.535851657390594,0.0533384978771209,1.3383936882019,-0.114483900368214,0.260606706142425,0.76946622133255,-0.571751058101654
0.53600949048996,0.0528390556573867,1.33856320381165,-0.114480823278427,0.259474903345108,0.770819783210754,-0.570441603660583
0.536133646965027,0.0526009574532508,1.33842647075653,-0.1149532943964,0.257279008626938,0.772770166397095,-0.568699955940247
0.536358296871185,0.0521251372992992,1.33872282505035,-0.114921920001507,0.256005853414536,0.774017810821533,-0.567582964897156
0.536420404911041,0.0515310764312744,1.33841335773468,-0.114385493099689,0.255659639835358,0.775118052959442,-0.566344559192657
0.536728024482727,0.0512346476316452,1.33900046348572,-0.11696320772171,0.252433687448502,0.774423897266388,-0.568211495876312
0.536724925041199,0.0509071573615074,1.33872175216675,-0.114281564950943,0.253687411546707,0.776908040046692,-0.564797520637512
0.536700427532196,0.0502996742725372,1.33923697471619,-0.113535679876804,0.253631800413132,0.777331471443176,-0.564390301704407
0.536521196365356,0.0494410395622253,1.33931827545166,-0.111777648329735,0.253242373466492,0.778794527053833,-0.562897086143494
0.536440253257751,0.0489860624074935,1.3394148349762,-0.111661575734615,0.252359747886658,0.779751598834991,-0.561990797519684
0.536656677722931,0.0486802868545055,1.33949708938599,-0.11165314167738,0.251867860555649,0.780454635620117,-0.56123673915863
0.536803424358368,0.048321183770895,1.3392037153244,-0.110593020915985,0.250463128089905,0.781553268432617,-0.560546100139618
0.536889612674713,0.0480386540293693,1.33996164798737,-0.111111931502819,0.249971836805344,0.781985282897949,-0.56005996465683
0.536999821662903,0.0479997508227825,1.33974885940552,-0.111595876514912,0.248409911990166,0.783143699169159,-0.559039115905762
0.537136912345886,0.0478690117597579,1.33980536460876,-0.112027578055859,0.248179778456688,0.78325355052948,-0.558901071548462
0.537136912345886,0.0478690117597579,1.33980536460876,-0.112027578055859,0.248179778456688,0.78325355052948,-0.558901071548462
0.537280142307281,0.0475502014160156,1.33978950977325,-0.11159024387598,0.246841326355934,0.783920764923096,-0.558645963668823
0.5373495221138,0.0473894439637661,1.3398677110672,-0.111351639032364,0.246259152889252,0.784114301204681,-0.558678865432739
0.537203371524811,0.0470398440957069,1.33984386920929,-0.110693953931332,0.245853587985039,0.784748196601868,-0.558097898960114
0.537244737148285,0.04695351049304,1.33995020389557,-0.11082760989666,0.245275065302849,0.784712731838226,-0.558375656604767
0.537249088287354,0.0468317419290542,1.33998870849609,-0.110588677227497,0.244747042655945,0.784954428672791,-0.55831515789032
0.537385642528534,0.046918973326683,1.34003376960754,-0.111048348248005,0.244119256734848,0.78463488817215,-0.558947443962097
0.537330269813538,0.0466623716056346,1.34008395671844,-0.110020868480205,0.243216380476952,0.785131752490997,-0.558846592903137
0.537327647209167,0.0466130375862121,1.34012377262115,-0.109472550451755,0.242573380470276,0.785220324993134,-0.559109091758728
0.537243723869324,0.0465259589254856,1.34024930000305,-0.10906183719635,0.242176532745361,0.785464525222778,-0.559018492698669
0.537243723869324,0.0465259589254856,1.34024930000305,-0.10906183719635,0.242176532745361,0.785464525222778,-0.559018492698669
0.537283539772034,0.0465273484587669,1.34049201011658,-0.108248203992844,0.242126867175102,0.785156190395355,-0.559630751609802
0.537547051906586,0.0469028837978839,1.34054219722748,-0.114685483276844,0.241033002734184,0.779148697853088,-0.567166328430176
0.537532806396484,0.0469496175646781,1.34051382541656,-0.114287659525871,0.240634202957153,0.778980076313019,-0.567647457122803
0.537571012973785,0.0471644327044487,1.34036457538605,-0.11454214900732,0.239730715751648,0.77919989824295,-0.567676782608032
0.537297308444977,0.0469180010259151,1.3402042388916,-0.112865246832371,0.239437684416771,0.779552221298218,-0.567652523517609
0.536838829517365,0.0469544567167758,1.34025597572327,-0.109973147511482,0.238438323140144,0.783342897891998,-0.563406586647034
0.53683602809906,0.0471039749681949,1.34027409553528,-0.10978751629591,0.238052845001221,0.782818377017975,-0.564334154129028
0.536806344985962,0.0473116189241409,1.34021592140198,-0.109482526779175,0.237679287791252,0.782373189926147,-0.565167486667633
0.536819875240326,0.0472869761288166,1.34048748016357,-0.108930505812168,0.238612607121468,0.781193971633911,-0.566510379314423
0.536886692047119,0.0476500131189823,1.3404700756073,-0.108807981014252,0.238376051187515,0.780387341976166,-0.567744135856628
0.536772906780243,0.0480383038520813,1.34038758277893,-0.108262874186039,0.237763911485672,0.77979838848114,-0.568912982940674
0.536807894706726,0.0482893325388431,1.34043836593628,-0.107918322086334,0.237724080681801,0.779284238815308,-0.569699108600616
0.53711211681366,0.0489304214715957,1.3401437997818,-0.109917633235455,0.2371656447649,0.775931656360626,-0.574108481407166
0.537066698074341,0.0492433160543441,1.34020364284515,-0.109796166419983,0.236999049782753,0.775371909141541,-0.574956238269806
0.537010133266449,0.0495908223092556,1.33997988700867,-0.109893262386322,0.236504539847374,0.774755001068115,-0.575972020626068
0.536508142948151,0.0502418279647827,1.34020340442657,-0.107731357216835,0.235399127006531,0.776533663272858,-0.574435949325562
0.536506175994873,0.0501437485218048,1.34007668495178,-0.106486111879349,0.236466079950333,0.777251183986664,-0.573258399963379
0.536595404148102,0.0505402907729148,1.34025645256042,-0.108186796307564,0.233891397714615,0.775122582912445,-0.576866984367371
0.536720931529999,0.0513362064957618,1.34007382392883,-0.108776301145554,0.235262006521225,0.773355901241302,-0.578567326068878
0.536326169967651,0.0514907613396644,1.34012043476105,-0.107965916395187,0.238149493932724,0.77435839176178,-0.576191961765289
0.536189019680023,0.0518954321742057,1.33978176116943,-0.106115818023682,0.233824387192726,0.773240804672241,-0.579796850681305
0.530552327632904,0.0538281574845314,1.33695149421692,-0.0948637351393699,0.218830198049545,0.780162513256073,-0.578325808048248
0.530658066272736,0.0539581291377544,1.33695662021637,-0.0965978875756263,0.216823801398277,0.779211342334747,-0.580074191093445
0.53056001663208,0.0543260127305984,1.33710563182831,-0.0962917581200599,0.217345371842384,0.778559923171997,-0.580804169178009
0.530167698860168,0.0548267737030983,1.33708560466766,-0.0942871496081352,0.21734607219696,0.77832955121994,-0.581441164016724
0.529827892780304,0.0553070977330207,1.33692896366119,-0.0929965227842331,0.221364825963974,0.778564155101776,-0.579816520214081
0.529740631580353,0.0561794489622116,1.33691096305847,-0.0929086059331893,0.221177116036415,0.777507364749908,-0.581318378448486
0.529740631580353,0.0561794489622116,1.33691096305847,-0.0929086059331893,0.221177116036415,0.777507364749908,-0.581318378448486
0.528927505016327,0.0576247051358222,1.33616697788239,-0.0888257324695587,0.219825759530067,0.776260673999786,-0.584128320217133
0.528769433498383,0.0588795728981494,1.33666825294495,-0.0905294492840766,0.218634530901909,0.774258553981781,-0.586964309215546
0.528350710868835,0.0588651672005653,1.33648359775543,-0.0870719626545906,0.220585405826569,0.77406519651413,-0.587012469768524
0.533433318138123,0.0591595880687236,1.33931803703308,-0.0986669287085533,0.236293315887451,0.76492440700531,-0.591033816337585
0.53285950422287,0.0597935914993286,1.33916521072388,-0.0973474010825157,0.235954076051712,0.764279186725616,-0.592221677303314
0.53258889913559,0.060747891664505,1.3390291929245,-0.0971663817763328,0.236177995800972,0.762848317623138,-0.594004333019257
0.532104969024658,0.0617075711488723,1.33893847465515,-0.0963833406567573,0.236229836940765,0.761799871921539,-0.5954549908638
0.53167325258255,0.0625423714518547,1.33879113197327,-0.0958258062601089,0.236570477485657,0.7613565325737,-0.595976531505585
0.531119823455811,0.0633547604084014,1.33869457244873,-0.0968148335814476,0.237591177225113,0.759433805942535,-0.597860872745514
0.530596733093262,0.0642387121915817,1.33869194984436,-0.0959056094288826,0.236843690276146,0.758284747600555,-0.599759519100189
0.530144989490509,0.0650576278567314,1.3386195898056,-0.095995508134365,0.238093435764313,0.756828010082245,-0.601088881492615
0.529605865478516,0.0659419596195221,1.33863401412964,-0.0956954434514045,0.238848507404327,0.755570948123932,-0.602417051792145
0.529035151004791,0.0666367262601852,1.3388956785202,-0.0947543755173683,0.238847211003304,0.754271388053894,-0.60419237613678
0.528527915477753,0.0676571279764175,1.33884930610657,-0.0946574211120605,0.239252552390098,0.752670228481293,-0.606041073799133
0.527909278869629,0.0680609345436096,1.33877897262573,-0.0929401442408561,0.240654617547989,0.752751231193542,-0.605650961399078
0.527375400066376,0.0688274726271629,1.33870458602905,-0.0930799096822738,0.240702912211418,0.750715732574463,-0.60813170671463
0.526954472064972,0.0697272270917892,1.33863377571106,-0.0930581018328666,0.241641372442245,0.749180018901825,-0.609654724597931
0.526315331459045,0.0700704604387283,1.33851313591003,-0.092062123119831,0.24256320297718,0.748632609844208,-0.610112130641937
0.52590012550354,0.0708782970905304,1.33827936649323,-0.0920466408133506,0.243062749505043,0.747584164142609,-0.611200332641602
0.525338709354401,0.0713897794485092,1.33841586112976,-0.0917525812983512,0.243569627404213,0.747038066387177,-0.611710250377655
0.524889826774597,0.072166696190834,1.33833467960358,-0.0927462875843048,0.243639409542084,0.745274662971497,-0.613680422306061
0.524193346500397,0.0722221136093139,1.3380960226059,-0.0899416655302047,0.245167538523674,0.744844615459442,-0.614011287689209
0.523647606372833,0.0726972967386245,1.33801889419556,-0.0895981043577194,0.24617600440979,0.74461555480957,-0.613935947418213
0.523647606372833,0.0726972967386245,1.33801889419556,-0.0895981043577194,0.24617600440979,0.74461555480957,-0.613935947418213
0.522735595703125,0.073826864361763,1.33786034584045,-0.0899396240711212,0.246084108948707,0.741990149021149,-0.617093324661255
0.52213579416275,0.0737613886594772,1.33762013912201,-0.0881659165024757,0.247131049633026,0.741574466228485,-0.617430448532104
0.521670699119568,0.0740467831492424,1.33751904964447,-0.0884663090109825,0.247014567255974,0.740609407424927,-0.61859130859375
0.521256804466248,0.0743018612265586,1.33740484714508,-0.0881270319223404,0.247276768088341,0.740041315555573,-0.619214534759521
0.520846664905548,0.0743803530931472,1.33728909492493,-0.0873757675290107,0.248104557394981,0.740583837032318,-0.618340611457825
0.520522892475128,0.074580617249012,1.33715677261353,-0.0873479917645454,0.248024493455887,0.739334464073181,-0.619869947433472
0.520151019096375,0.0747065395116806,1.33704364299774,-0.0879972204566001,0.248421028256416,0.738700211048126,-0.620375335216522
0.519847512245178,0.0748387053608894,1.33690881729126,-0.0861340835690498,0.247812315821648,0.738729178905487,-0.620845675468445
0.519609749317169,0.0748853757977485,1.33681666851044,-0.0860830768942833,0.247655853629112,0.738529086112976,-0.621153116226196
0.519422352313995,0.0749834403395652,1.33688151836395,-0.0866658762097358,0.247222781181335,0.738546311855316,-0.621224045753479
0.518849611282349,0.0751754119992256,1.3371274471283,-0.0864565446972847,0.246212273836136,0.739490807056427,-0.620530486106873
0.518849611282349,0.0751754119992256,1.3371274471283,-0.0864565446972847,0.246212273836136,0.739490807056427,-0.620530486106873
0.518583118915558,0.075101725757122,1.33706247806549,-0.0868561714887619,0.244199126958847,0.738369584083557,-0.622601985931396
0.518446207046509,0.074982538819313,1.33705472946167,-0.0879775807261467,0.244143411517143,0.738132834434509,-0.622747182846069
0.518392562866211,0.0748700052499771,1.33706378936768,-0.0864899754524231,0.245283737778664,0.738080620765686,-0.62256920337677
0.518387317657471,0.0750799253582954,1.33710324764252,-0.0878681316971778,0.24368879199028,0.736483752727509,-0.624889433383942
0.518287539482117,0.074907936155796,1.33710336685181,-0.0878582820296287,0.242963939905167,0.736519873142242,-0.625130236148834
0.518076181411743,0.0746076256036758,1.3370578289032,-0.0898007005453109,0.241517379879951,0.737156510353088,-0.624664187431335
0.517996191978455,0.0741477459669113,1.33704102039337,-0.0894239246845245,0.241116240620613,0.737839102745056,-0.624067068099976
0.518168807029724,0.074109748005867,1.33707809448242,-0.0867591425776481,0.241453677415848,0.738263070583344,-0.6238112449646
0.518113732337952,0.073967657983303,1.33703327178955,-0.0894131436944007,0.238703444600105,0.739005088806152,-0.623616456985474
0.51826000213623,0.0737461373209953,1.33705246448517,-0.0899005532264709,0.238275319337845,0.738965511322021,-0.623757004737854
0.518279671669006,0.073526531457901,1.33705127239227,-0.0905376523733139,0.236934155225754,0.737873494625092,-0.625465989112854
0.518321216106415,0.0733677521347999,1.3370578289032,-0.0905326455831527,0.236472427845001,0.738669514656067,-0.624701499938965
0.518357694149017,0.0731545686721801,1.33705127239227,-0.0906599760055542,0.235493123531341,0.738553762435913,-0.62518984079361
0.518439948558807,0.0730123966932296,1.33705306053162,-0.0920504555106163,0.235327035188675,0.738190233707428,-0.625478267669678
0.518413424491882,0.0727032423019409,1.33696365356445,-0.0902758985757827,0.234250038862228,0.738044261932373,-0.626312851905823
0.518585741519928,0.0728845372796058,1.33708870410919,-0.0930506587028503,0.232013016939163,0.736397325992584,-0.628673672676086
0.518673837184906,0.0727312266826629,1.33710026741028,-0.0926832929253578,0.231899380683899,0.737242519855499,-0.627778589725494
0.518723964691162,0.0724153071641922,1.33713960647583,-0.0935786738991737,0.230941891670227,0.737009704113007,-0.628271996974945
0.51878160238266,0.0722125023603439,1.33712327480316,-0.0953288599848747,0.230392754077911,0.735612869262695,-0.629845440387726
0.518872737884521,0.0716909617185592,1.33716607093811,-0.0943274050951004,0.230886042118073,0.735105633735657,-0.630407631397247
0.518905818462372,0.0713008418679237,1.3372163772583,-0.0951642915606498,0.230154320597649,0.736692726612091,-0.628694415092468
0.519043207168579,0.0712745636701583,1.33731019496918,-0.0950954854488372,0.228377550840378,0.735349714756012,-0.630921065807343
0.519047975540161,0.0705873072147369,1.33736431598663,-0.0949943959712982,0.228567689657211,0.736795604228973,-0.629178166389465
0.51931357383728,0.070223182439804,1.33748650550842,-0.097965657711029,0.224615305662155,0.734542071819305,-0.632770657539368
0.51944375038147,0.0698153749108314,1.33756339550018,-0.0981163159012794,0.224252879619598,0.734605610370636,-0.63280200958252
0.519645869731903,0.0692503154277801,1.33772921562195,-0.0986061692237854,0.223713502287865,0.734744369983673,-0.632755815982819
0.519528150558472,0.0693299695849418,1.33761978149414,-0.0974761322140693,0.224948137998581,0.735445618629456,-0.631677508354187
0.519528150558472,0.0693299695849418,1.33761978149414,-0.0974761322140693,0.224948137998581,0.735445618629456,-0.631677508354187
0.519769072532654,0.0679448992013931,1.33796977996826,-0.0973653644323349,0.224232971668243,0.737142741680145,-0.629968464374542
0.519879639148712,0.0670268535614013,1.33803272247314,-0.0976801663637161,0.224925056099892,0.738903045654297,-0.627606272697449
0.520233869552612,0.0668462216854095,1.33852481842041,-0.100398741662502,0.219328284263611,0.736895978450775,-0.6315056681633
0.519609868526459,0.0661824792623519,1.33877015113831,-0.0977781862020492,0.219924539327621,0.739973723888397,-0.628101468086243
0.519608974456787,0.0658309757709503,1.33915269374847,-0.0995216593146324,0.214427977800369,0.739786565303802,-0.629946053028107
0.519267797470093,0.0654101744294166,1.33950638771057,-0.101124055683613,0.212250113487244,0.740419209003448,-0.629685044288635
0.518853068351746,0.064742162823677,1.33970844745636,-0.0975349619984626,0.212550893425941,0.7440425157547,-0.625867187976837
0.518608272075653,0.064236894249916,1.34013068675995,-0.097012773156166,0.210159510374069,0.7453493475914,-0.625200629234314
0.518471956253052,0.0637624114751815,1.34035491943359,-0.0974292159080505,0.206819429993629,0.745392143726349,-0.626197874546051
0.518816590309143,0.0634658858180046,1.33980846405029,-0.0998178869485855,0.199927508831024,0.74574202299118,-0.627641916275024
0.522492468357086,0.0597804859280586,1.33899235725403,-0.0985532850027084,0.213350534439087,0.743817090988159,-0.625703513622284
0.527511298656464,0.0639893263578414,1.33905637264252,-0.118879489600658,0.209522053599358,0.741827189922333,-0.62582790851593
0.528205454349518,0.063466377556324,1.33910727500916,-0.120987474918365,0.207565680146217,0.742504119873047,-0.625272870063782
0.529025793075562,0.0629483088850975,1.33866238594055,-0.120822161436081,0.205870121717453,0.743486404418945,-0.624697804450989
0.529667496681213,0.0627889186143875,1.33905112743378,-0.123496301472187,0.202959701418877,0.743965923786163,-0.624556422233582
0.530116260051727,0.0623005852103233,1.33915960788727,-0.122944012284279,0.202935129404068,0.746356546878815,-0.621815085411072
0.518888235092163,0.0536601468920707,1.33691334724426,-0.0830841362476348,0.189473301172256,0.757577896118164,-0.619090139865875
0.52483457326889,0.0526695102453231,1.34023976325989,-0.0957472622394561,0.203664809465408,0.750245273113251,-0.621679186820984
0.525435328483582,0.051744882017374,1.34070181846619,-0.0963799878954887,0.202288180589676,0.750114917755127,-0.622188150882721
0.525921285152435,0.050194576382637,1.34110713005066,-0.0971065014600753,0.201368108391762,0.75193178653717,-0.620177268981934
0.526068508625031,0.0483848005533218,1.34112513065338,-0.0957153290510177,0.200046196579933,0.753764271736145,-0.618594765663147
0.526554107666016,0.0470655411481857,1.34140062332153,-0.0947412550449371,0.199168786406517,0.754687786102295,-0.617901504039764
0.527061820030212,0.0458817221224308,1.34143161773682,-0.0913703888654708,0.20173305273056,0.756325721740723,-0.615570187568665
0.527480065822601,0.0448901876807212,1.34179449081421,-0.093601107597351,0.196437492966652,0.754664540290833,-0.618977069854736
0.527960777282715,0.0427382513880729,1.34215307235718,-0.0934108570218086,0.195346936583519,0.757971048355103,-0.615299820899963
0.528410971164703,0.0417781136929988,1.34248435497284,-0.0944043174386024,0.192652612924576,0.758939623832703,-0.614803612232208
0.52910977602005,0.0402876622974872,1.3429239988327,-0.0949572026729583,0.191927164793014,0.759550511837006,-0.614190578460693
0.52982759475708,0.0387990027666091,1.34313011169434,-0.0951852574944496,0.190746024250984,0.760455787181854,-0.613402605056763
0.530234396457672,0.0374213643372058,1.34344434738159,-0.0955081433057785,0.188246577978134,0.761833786964417,-0.612413883209229
0.530852198600769,0.0364255160093307,1.34350776672363,-0.0941562354564666,0.186996832489967,0.761094212532043,-0.613923728466034
0.531400322914124,0.0345862470567226,1.34387445449829,-0.0942959710955619,0.185365930199623,0.763499736785889,-0.611404836177826
0.531969666481018,0.0328928641974926,1.344162940979,-0.0935322418808937,0.186996623873711,0.766208827495575,-0.607624888420105
0.532820463180542,0.0316739678382873,1.34444916248322,-0.0958135798573494,0.18215049803257,0.765473544597626,-0.609664857387543
0.533484697341919,0.029781499877572,1.3447208404541,-0.0958148688077926,0.181013703346252,0.767236471176147,-0.607784271240234
0.534072458744049,0.0285090412944555,1.34496736526489,-0.0959490314126014,0.178179144859314,0.768016874790192,-0.607615113258362
0.535048067569733,0.0263381674885749,1.34548103809357,-0.0959300026297569,0.17842672765255,0.77005010843277,-0.604966342449188
0.53557151556015,0.0247412156313657,1.34564614295959,-0.0934594869613647,0.179783418774605,0.773087024688721,-0.601065576076508
0.536312937736511,0.0228007193654775,1.34599018096924,-0.0925380662083625,0.178465768694878,0.774256229400635,-0.60009503364563
0.537128686904907,0.0213228296488523,1.34629130363464,-0.0933940261602401,0.176415234804153,0.774892568588257,-0.599747180938721
0.538066327571869,0.0201952084898948,1.34656417369843,-0.0940460339188575,0.17347951233387,0.775062143802643,-0.600282371044159
0.538608908653259,0.0178483128547668,1.3468816280365,-0.0931264162063598,0.171571999788284,0.776269018650055,-0.599413871765137
0.539406955242157,0.0159345772117376,1.34716415405273,-0.0910556316375732,0.171919763088226,0.776585757732391,-0.59922206401825
0.540276646614075,0.0146961119025945,1.3474006652832,-0.0928920060396194,0.167791128158569,0.77705192565918,-0.599506199359894
0.541028916835785,0.0128507521003484,1.34762454032898,-0.0916703343391418,0.166132733225822,0.778423130512238,-0.598376035690308
0.541821360588074,0.0111335460096597,1.34799420833588,-0.0911530330777168,0.163908988237381,0.779276132583618,-0.597957849502563
0.542570531368256,0.0088447369635105,1.34830522537231,-0.090114951133728,0.162887409329414,0.78071665763855,-0.596513628959656
0.543394088745117,0.0069036055356264,1.34853458404541,-0.089150033891201,0.161039337515831,0.781487107276917,-0.596151411533356
0.544233381748199,0.0055583203211426,1.34873068332672,-0.0893526077270507,0.158775940537453,0.780853629112244,-0.59755665063858
0.545207858085632,0.0032676812261343,1.34913873672485,-0.0890314579010009,0.157588049769401,0.781102001667023,-0.597594499588013
0.546137094497681,0.001560372300446,1.34951186180115,-0.0879667699337005,0.15628832578659,0.781650185585022,-0.597376644611359
0.547143578529358,0.0003494955599308,1.34981334209442,-0.0884904712438583,0.153089076280594,0.779859244823456,-0.600460588932037
0.547951400279999,-0.0015727709978818,1.34985637664795,-0.0876157209277153,0.151053950190544,0.778190970420837,-0.603261947631836
0.548985481262207,-0.0034313416108489,1.3503565788269,-0.0870565325021743,0.150694891810417,0.779581665992737,-0.601635098457336
0.549892842769623,-0.0051624025218188,1.35067367553711,-0.0862687155604362,0.149478107690811,0.779810607433319,-0.601755380630493
0.550856411457062,-0.0070394673384726,1.35084092617035,-0.0853967890143394,0.146953016519547,0.776568710803986,-0.606673777103424
0.55186653137207,-0.0087834279984235,1.35113799571991,-0.0830902308225631,0.147704496979713,0.778292536735535,-0.604599118232727
0.55268007516861,-0.0104489577934145,1.35120129585266,-0.0837343037128448,0.145151391625404,0.773661494255066,-0.611038088798523
0.553649306297302,-0.0123183187097311,1.35150408744812,-0.0831199437379837,0.143606811761856,0.77751237154007,-0.606582880020142
0.554453432559967,-0.0137626156210899,1.35154819488525,-0.0824050828814506,0.141532182693481,0.776365637779236,-0.60863333940506
0.555365443229675,-0.0157860442996025,1.35177314281464,-0.0818748995661735,0.14032381772995,0.771905839443207,-0.614627718925476
0.556514978408813,-0.0174954403191804,1.35211420059204,-0.0805186405777931,0.139395266771317,0.774258852005005,-0.612052977085114
0.557564616203308,-0.0192648880183696,1.3522846698761,-0.0808116719126701,0.1370679885149,0.76976478099823,-0.618178069591522
0.558419704437256,-0.0211026109755039,1.35237598419189,-0.0785558596253395,0.137647122144699,0.771895527839661,-0.615678131580353
0.559341311454773,-0.0227513387799263,1.35254144668579,-0.0775186717510223,0.136506944894791,0.770518958568573,-0.617784321308136
0.559341311454773,-0.0227513387799263,1.35254144668579,-0.0775186717510223,0.136506944894791,0.770518958568573,-0.617784321308136
0.561298310756683,-0.0259640626609325,1.35294163227081,-0.0768248736858367,0.134829118847847,0.76705539226532,-0.622531235218048
0.562044501304626,-0.0279994495213031,1.3531539440155,-0.076765738427639,0.134456843137741,0.766406118869781,-0.623418152332306
0.562512934207916,-0.0292972475290298,1.35358214378357,-0.0756102576851844,0.131174996495247,0.76477175951004,-0.626259088516235
0.563489556312561,-0.0309042688459157,1.35369169712067,-0.0746592134237289,0.130216583609581,0.763084173202515,-0.628627240657806
