x,y,z,q0,q1,q2,q3
-0.592719972133636,-0.189432114362717,1.01772677898407,-0.559868991374969,0.486256420612335,-0.553873002529144,-0.378584086894989
-0.592598497867584,-0.188317835330963,1.01813983917236,-0.558736979961395,0.48805183172226,-0.553087890148163,-0.37909397482872
-0.592775464057922,-0.187802284955978,1.01806998252869,-0.55802321434021,0.489841282367706,-0.552369236946106,-0.378885358572006
-0.592782258987427,-0.186636656522751,1.01892948150635,-0.556891798973083,0.49048912525177,-0.552776634693146,-0.379117161035538
-0.592963457107544,-0.185589253902435,1.01917088031769,-0.555996179580688,0.491862952709198,-0.552637994289398,-0.378854185342789
-0.593161284923553,-0.184650734066963,1.01946890354156,-0.555610477924347,0.491689801216125,-0.553665161132812,-0.378144562244415
-0.593333423137665,-0.183985963463783,1.0192950963974,-0.55553936958313,0.492358803749084,-0.553875684738159,-0.377068102359772
-0.593565762042999,-0.182751387357712,1.02009654045105,-0.554417967796326,0.492872267961502,-0.554256975650787,-0.377487570047378
-0.594009578227997,-0.182043582201004,1.02026104927063,0.554353713989258,-0.492606669664383,0.555339515209198,0.376335978507996
-0.594355165958405,-0.181126326322555,1.02059888839722,0.553731501102448,-0.493075877428055,0.555889427661896,0.37582528591156
-0.594691872596741,-0.180450484156608,1.02028048038483,0.552697062492371,-0.495590001344681,0.55468088388443,0.3758265376091
-0.594990789890289,-0.1796934902668,1.02039921283722,0.552509605884552,-0.496133029460907,0.554844498634338,0.375143975019455
-0.595486164093018,-0.178859055042267,1.02066218852997,0.551802217960358,-0.496841132640839,0.555191874504089,0.374733865261078
-0.595822393894196,-0.177838161587715,1.02148103713989,0.551043748855591,-0.497199326753616,0.555267155170441,0.375262439250946
-0.596172273159027,-0.177215814590454,1.02113723754883,0.550452172756195,-0.498375833034515,0.555013298988342,0.374945789575577
-0.596396207809448,-0.17613922059536,1.02184700965881,0.549598574638367,-0.499372690916061,0.554455995559692,0.375695496797562
-0.596641182899475,-0.175397768616676,1.02205669879913,0.54969197511673,-0.498799383640289,0.554996013641357,0.375522643327713
-0.596904754638672,-0.174396485090256,1.02240753173828,0.549366652965546,-0.498696953058243,0.555313587188721,0.375665426254272
-0.597145199775696,-0.173703610897064,1.02265787124634,0.549450516700745,-0.498805195093155,0.555181324481964,0.375594615936279
-0.597367584705353,-0.172972023487091,1.02285218238831,0.54894632101059,-0.499724477529526,0.553597092628479,0.377443552017212
-0.5974440574646,-0.172031909227371,1.02302885055542,0.549187064170837,-0.499079674482346,0.553644776344299,0.377876341342926
-0.597598671913147,-0.171362340450287,1.02313470840454,0.548904895782471,-0.499577552080154,0.553072094917297,0.37846651673317
-0.597646355628967,-0.170541793107986,1.02331507205963,0.548900365829468,-0.499640792608261,0.553486049175262,0.377784252166748
-0.597651064395905,-0.169787257909775,1.02364087104797,0.550284028053284,-0.496361345052719,0.555355668067932,0.377350121736526
-0.597599506378174,-0.168945953249931,1.0237820148468,0.549894034862518,-0.4970523416996,0.554086923599243,0.378870874643326
-0.597560822963715,-0.168222770094871,1.02385580539703,0.550495505332947,-0.49637508392334,0.553635716438293,0.379544764757156
-0.597580373287201,-0.167508631944656,1.02402758598328,0.550187945365906,-0.49644672870636,0.553123354911804,0.380642294883728
-0.597543120384216,-0.166840761899948,1.02408456802368,0.550064027309418,-0.496950924396515,0.551886081695557,0.381957143545151
-0.597457528114319,-0.166023254394531,1.02423095703125,0.550571799278259,-0.495929032564163,0.551633596420288,0.382917195558548
-0.597348630428314,-0.165352568030357,1.02446317672729,-0.551886737346649,0.493226677179336,-0.551678121089935,-0.384447187185287
-0.597250163555145,-0.164717495441437,1.0245521068573,-0.551054716110229,0.495169907808304,-0.549364447593689,-0.386450588703156
-0.597134649753571,-0.164143443107605,1.02464234828949,-0.552726745605469,0.491392076015472,-0.551958739757538,-0.385186612606049
-0.597027957439423,-0.163479477167129,1.02487528324127,-0.553418099880219,0.490582525730133,-0.550462603569031,-0.387360483407974
-0.596946895122528,-0.162903994321823,1.02500021457672,-0.553750872612,0.48995840549469,-0.54984587430954,-0.388548970222473
-0.596879065036774,-0.162242144346237,1.02502942085266,-0.554264605045319,0.488532602787018,-0.550774037837982,-0.38829705119133
-0.596920311450958,-0.161611646413803,1.02518701553345,-0.554110586643219,0.488938987255096,-0.54942399263382,-0.389914751052856
-0.596986889839172,-0.161124378442764,1.0253005027771,-0.554106414318085,0.488668739795685,-0.548848867416382,-0.391067653894424
-0.59699821472168,-0.160510569810867,1.02538728713989,-0.554091513156891,0.488131880760193,-0.54838353395462,-0.392409712076187
-0.59708160161972,-0.159971505403519,1.02550852298737,-0.554511189460754,0.487375736236572,-0.54791784286499,-0.393406391143799
-0.597258865833282,-0.159533321857452,1.02569174766541,-0.554401457309723,0.4871666431427,-0.547447204589844,-0.39447346329689
-0.597413122653961,-0.159211322665215,1.02574706077576,-0.554661512374878,0.486743539571762,-0.546927809715271,-0.395349651575089
-0.597563564777374,-0.158707410097122,1.02588677406311,-0.554643094539642,0.486221671104431,-0.546708941459656,-0.396319389343262
-0.597720384597778,-0.158295258879662,1.02585685253143,-0.554960370063782,0.485691636800766,-0.546358227729797,-0.397008150815964
-0.597912013530731,-0.157874822616577,1.02586960792542,-0.554961144924164,0.485265225172043,-0.5461705327034,-0.397786110639572
-0.598195374011993,-0.157475769519806,1.02595126628876,-0.554727375507355,0.485281527042389,-0.545646131038666,-0.398810625076294
-0.598520636558533,-0.157137125730514,1.02590894699097,-0.554547548294067,0.485280036926269,-0.545341610908508,-0.399478316307068
-0.598842024803162,-0.156747475266457,1.02592051029205,-0.554436683654785,0.485247105360031,-0.544892311096191,-0.400284677743912
-0.599065482616425,-0.15642024576664,1.02592289447784,-0.554377317428589,0.485061794519424,-0.544580817222595,-0.401014745235443
-0.599253833293915,-0.156125605106354,1.02591359615326,-0.554349899291992,0.485000133514404,-0.544178485870361,-0.401672512292862
-0.599458277225494,-0.155888468027115,1.02587783336639,-0.554740488529205,0.484501093626022,-0.544174432754517,-0.401741176843643
-0.600524485111237,-0.156182885169983,1.0261390209198,-0.554520487785339,0.485518366098404,-0.544195890426636,-0.400786489248276
-0.60082995891571,-0.156267002224922,1.02629113197327,-0.554597020149231,0.485923945903778,-0.543944835662842,-0.400530159473419
-0.599775671958923,-0.154961824417114,1.02569448947906,-0.555376529693604,0.483676195144653,-0.543521821498871,-0.40273842215538
-0.59985625743866,-0.154707968235016,1.02561140060425,-0.555640816688538,0.483685910701752,-0.54272323846817,-0.403438687324524
-0.599892973899841,-0.154364749789238,1.02555418014526,-0.556441128253937,0.482888668775558,-0.542653024196625,-0.403385281562805
-0.599930882453918,-0.154107809066772,1.02545499801636,-0.55674010515213,0.482677519321442,-0.542409598827362,-0.403552740812302
-0.600957632064819,-0.155094161629677,1.02614331245422,-0.556848406791687,0.484519213438034,-0.542002499103546,-0.401738971471786
-0.600492894649506,-0.153721854090691,1.02536392211914,-0.556628584861755,0.483029514551163,-0.54233592748642,-0.403384566307068
-0.600872218608856,-0.153815761208534,1.02553522586823,-0.556491017341614,0.484116196632385,-0.540882766246796,-0.404221713542938
-0.600816309452057,-0.153510212898254,1.02548170089722,-0.556884765625,0.483869850635529,-0.540704548358917,-0.404212802648544
-0.600806951522827,-0.153157889842987,1.02533996105194,-0.560687959194183,0.480701357126236,-0.540324330329895,-0.403242945671081
-0.600752532482147,-0.1530681848526,1.02530765533447,-0.558236241340637,0.483229905366898,-0.540399670600891,-0.403521358966827
-0.600849807262421,-0.153119623661041,1.02547895908356,-0.558667182922363,0.483329623937607,-0.540375590324402,-0.402836799621582
-0.600789904594421,-0.152868121862411,1.02535319328308,-0.559188365936279,0.482612162828445,-0.541638314723969,-0.401275545358658
-0.600724756717682,-0.15266615152359,1.02528953552246,-0.559483826160431,0.482434540987015,-0.541756987571716,-0.400916546583176
-0.599459588527679,-0.151289612054825,1.02451455593109,-0.560265600681305,0.48002764582634,-0.541856288909912,-0.402576476335526
-0.59941554069519,-0.151142701506615,1.02445769309998,-0.560620903968811,0.479846298694611,-0.542080819606781,-0.401995182037354
-0.599363684654236,-0.150987446308136,1.02435100078583,-0.560503780841827,0.480717867612839,-0.541743755340576,-0.401571691036224
-0.599283814430237,-0.150919795036316,1.0243147611618,-0.562105357646942,0.47792837023735,-0.543873071670532,-0.399780094623566
-0.599215984344482,-0.150843679904938,1.02425897121429,-0.562323570251465,0.47794297337532,-0.544115006923676,-0.399126023054123
-0.599155306816101,-0.150865465402603,1.02418434619904,-0.562318384647369,0.478058278560638,-0.544624447822571,-0.39829957485199
-0.599155306816101,-0.150865465402603,1.02418434619904,-0.562318384647369,0.478058278560638,-0.544624447822571,-0.39829957485199
-0.59894335269928,-0.15074223279953,1.02416300773621,-0.562227129936218,0.479340076446533,-0.544389247894287,-0.39720806479454
-0.5987908244133,-0.150774270296097,1.02403855323792,-0.56234872341156,0.479329079389572,-0.545210957527161,-0.395920008420944
-0.59862869977951,-0.150799036026001,1.02408456802368,-0.5624840259552,0.479400247335434,-0.545651137828827,-0.395034283399582
-0.598407626152039,-0.150861322879791,1.02406644821167,-0.562835216522217,0.479119032621384,-0.546297252178192,-0.393980711698532
-0.598183453083038,-0.150998741388321,1.02411246299744,-0.563061416149139,0.479016453027725,-0.546659767627716,-0.393278747797012
-0.597946763038635,-0.151137202978134,1.02409625053406,-0.563390672206879,0.478814244270325,-0.547290861606598,-0.39217421412468
-0.597704529762268,-0.151371821761131,1.02406656742096,-0.563881874084473,0.4786077439785,-0.547899127006531,-0.390869230031967
-0.597452700138092,-0.151499897241592,1.02406632900238,-0.56431245803833,0.478013634681702,-0.549036920070648,-0.389375060796738
-0.597130358219147,-0.151599168777466,1.02411460876465,-0.564748525619507,0.477499186992645,-0.549782752990723,-0.388320118188858
-0.596871256828308,-0.15169432759285,1.02424716949463,-0.565448641777039,0.47549694776535,-0.552058815956116,-0.386525183916092
-0.596599817276001,-0.151885747909546,1.02421736717224,-0.564785897731781,0.477408558130264,-0.550273895263672,-0.387681424617767
-0.59634667634964,-0.152121767401695,1.02430355548859,-0.565588235855103,0.475667923688888,-0.552149951457977,-0.385979831218719
-0.596117615699768,-0.152286306023598,1.02436351776123,-0.565698683261871,0.47484427690506,-0.554495394229889,-0.383461356163025
-0.59585440158844,-0.152490735054016,1.02445757389069,-0.565589845180511,0.474848628044128,-0.555191516876221,-0.382608741521835
-0.595562100410461,-0.152768313884735,1.02450788021088,-0.565815925598145,0.474525153636932,-0.555903375148773,-0.381640940904617
-0.595252752304077,-0.153025716543198,1.0246239900589,-0.566483914852142,0.473548889160156,-0.557039856910706,-0.380202859640121
-0.595016717910767,-0.153315544128418,1.02472984790802,-0.566293239593506,0.473329603672028,-0.558142960071564,-0.379140585660934
-0.594805181026459,-0.15359728038311,1.02483987808228,-0.566368520259857,0.472997725009918,-0.558959782123566,-0.378237903118133
-0.595163881778717,-0.154108673334122,1.02501606941223,-0.564987242221832,0.475838631391525,-0.558618366718292,-0.377243399620056
-0.595540046691895,-0.155277028679848,1.02564609050751,-0.565805494785309,0.474451512098312,-0.56101006269455,-0.374202817678451
-0.595370650291443,-0.155566215515137,1.02577841281891,-0.565965950489044,0.473934412002563,-0.562037944793701,-0.373071610927582
-0.595291256904602,-0.156100377440452,1.0255469083786,-0.565854549407959,0.474406391382217,-0.562495768070221,-0.371948719024658
-0.593924582004547,-0.155217826366425,1.02499461174011,-0.570049941539764,0.468637853860855,-0.563008546829224,-0.372079372406006
-0.593646049499512,-0.1556436419487,1.02515077590942,-0.570300996303558,0.468341916799545,-0.563546776771545,-0.371251702308655
-0.593459784984589,-0.15613317489624,1.02538824081421,-0.566893398761749,0.47126042842865,-0.564565896987915,-0.371228843927383
-0.593334496021271,-0.156547576189041,1.02551746368408,-0.567019581794739,0.470896631479263,-0.565429627895355,-0.370181739330292
-0.593111872673035,-0.156897902488708,1.02564609050751,-0.567206680774689,0.470540076494217,-0.565968334674835,-0.369524836540222
-0.593448519706726,-0.157391101121902,1.02614593505859,0.566780805587769,-0.470690578222275,0.567245244979858,0.368025630712509
-0.593290984630585,-0.157782092690468,1.02619922161102,0.565542697906494,-0.473043173551559,0.566397368907928,0.368219882249832
-0.593152403831482,-0.158531591296196,1.02617454528809,0.566664278507233,-0.470891624689102,0.568173408508301,0.366513162851334
-0.592266738414764,-0.158457309007645,1.02654230594635,0.568169713020325,-0.467747420072555,0.569266557693481,0.366512447595596
-0.592266738414764,-0.158457309007645,1.02654230594635,0.568169713020325,-0.467747420072555,0.569266557693481,0.366512447595596
-0.591987431049347,-0.159273281693459,1.02666211128235,0.567099809646606,-0.46977761387825,0.568511128425598,0.366745382547378
-0.592308521270752,-0.160177990794182,1.02704429626465,0.566889107227325,-0.470274806022644,0.568944156169891,0.365760684013367
-0.5921830534935,-0.160506561398506,1.02728867530823,0.566919088363647,-0.469648241996765,0.569556832313538,0.365565866231918
-0.592079281806946,-0.161018013954163,1.02749991416931,0.567753672599792,-0.467058658599854,0.571815729141235,0.36405885219574
-0.591994166374207,-0.161314338445663,1.02775895595551,0.566360652446747,-0.469446718692779,0.57013076543808,0.365795701742172
-0.591962099075317,-0.16173255443573,1.02797591686249,0.566459119319916,-0.468747466802597,0.570778667926788,0.365529358386993
-0.591941714286804,-0.162182122468948,1.02825117111206,0.566881537437439,-0.466600447893143,0.571788370609283,0.366042733192444
-0.592030048370361,-0.162647843360901,1.02829265594482,0.566782832145691,-0.465757429599762,0.573616862297058,0.364404886960983
-0.592086017131805,-0.163081735372543,1.02844417095184,0.566140532493591,-0.465921133756638,0.572811126708984,0.366456001996994
-0.592148065567017,-0.163510784506798,1.02861869335175,0.565523624420166,-0.465686112642288,0.574269235134125,0.365423560142517
-0.592284202575684,-0.164114683866501,1.02877819538116,0.565334022045135,-0.465867549180984,0.574580252170563,0.364996671676636
-0.592413246631622,-0.164497941732407,1.02895176410675,0.564721167087555,-0.465849339962006,0.575136601924896,0.365092188119888
-0.592652499675751,-0.165036305785179,1.02892911434174,0.563307762145996,-0.468575835227966,0.573353469371796,0.366588115692139
-0.592839956283569,-0.165488690137863,1.02893090248108,0.563027679920197,-0.468483418226242,0.573379814624786,0.367094963788986
-0.593014180660248,-0.165910631418228,1.02900123596191,0.562773823738098,-0.468310385942459,0.573638021945953,0.367301732301712
-0.593143403530121,-0.166448175907135,1.02920520305634,0.563364565372467,-0.465957850217819,0.575458228588104,0.366540223360062
-0.593305170536041,-0.166953146457672,1.02921056747437,0.563163161277771,-0.465926647186279,0.575544536113739,0.366753578186035
-0.593280434608459,-0.1669881939888,1.02920424938202,0.563599526882172,-0.463979214429855,0.576845765113831,0.366507679224014
-0.593280434608459,-0.1669881939888,1.02920424938202,0.563599526882172,-0.463979214429855,0.576845765113831,0.366507679224014
-0.593487739562988,-0.167793899774551,1.02912092208862,0.563470065593719,-0.463657408952713,0.576781332492828,0.367214739322662
-0.593558371067047,-0.168207764625549,1.02911078929901,0.563409268856049,-0.463714748620987,0.576417684555054,0.367806196212768
-0.593597531318665,-0.168601483106613,1.02912175655365,0.563712775707245,-0.46342459321022,0.576061308383942,0.368264883756638
-0.592794895172119,-0.16879016160965,1.02914595603943,0.565047025680542,-0.461669027805328,0.57563704252243,0.369087696075439
-0.593037307262421,-0.169594973325729,1.02881550788879,0.5651935338974,-0.461997836828232,0.575206637382507,0.369122833013534
-0.59303879737854,-0.169911473989487,1.0287674665451,0.564531803131104,-0.463815987110138,0.572389006614685,0.372222304344177
-0.593048870563507,-0.170128703117371,1.02868092060089,0.564079701900482,-0.464936256408691,0.571092069149017,0.373500198125839
-0.593042731285095,-0.170334935188293,1.02857339382172,0.564535081386566,-0.463818311691284,0.572225034236908,0.372466504573822
-0.593012452125549,-0.170248091220856,1.02884304523468,0.564942359924316,-0.461762994527817,0.573066294193268,0.37310865521431
-0.593012452125549,-0.170248091220856,1.02884304523468,0.564942359924316,-0.461762994527817,0.573066294193268,0.37310865521431
-0.593111336231232,-0.170757561922073,1.02832865715027,0.564491033554077,-0.463653385639191,0.569693148136139,0.376596957445145
-0.593334913253784,-0.171147719025612,1.02830529212952,0.563897728919983,-0.464691489934921,0.568697094917297,0.377709895372391
-0.593536853790283,-0.171453267335892,1.02823114395142,0.563561975955963,-0.465191662311554,0.567971646785736,0.378685742616653
-0.593781352043152,-0.171611368656158,1.02832341194153,0.563182771205902,-0.465350061655045,0.567544400691986,0.379694491624832
-0.593967378139496,-0.171805262565613,1.02809929847717,0.563528656959534,-0.464562684297562,0.568560302257538,0.378623753786087
-0.594253838062286,-0.172046557068825,1.0279198884964,0.563310027122498,-0.464986622333527,0.568020164966583,0.379239231348038
-0.594350159168243,-0.172387272119522,1.02780830860138,0.563756823539734,-0.465082496404648,0.567279458045959,0.37956640124321
-0.59473317861557,-0.172578155994415,1.02758061885834,0.563392996788025,-0.465585231781006,0.566936314105988,0.38000276684761
-0.595090746879578,-0.172948956489563,1.02724504470825,0.5623939037323,-0.467486649751663,0.56474506855011,0.382403492927551
-0.595441341400146,-0.173074707388878,1.0272331237793,0.562062203884125,-0.467838078737259,0.564382016658783,0.382996797561646
-0.595819652080536,-0.173491150140762,1.02679800987244,0.562418699264526,-0.467219889163971,0.564902603626251,0.3824602663517
-0.596185803413391,-0.173659533262253,1.02659606933594,0.562146961688995,-0.467696487903595,0.564590036869049,0.382738500833511
-0.596602857112885,-0.173821836709976,1.02637112140656,0.56108295917511,-0.469960302114487,0.562938332557678,0.383957892656326
-0.597064912319183,-0.174023658037186,1.02615213394165,0.561232924461365,-0.469932407140732,0.563681602478027,0.382680594921112
-0.597375214099884,-0.174059957265854,1.02611351013184,0.560773551464081,-0.470462173223495,0.563227474689484,0.383370727300644
-0.597725033760071,-0.174261093139648,1.02592372894287,0.560427844524384,-0.471184492111206,0.562762200832367,0.383672505617142
-0.598082304000854,-0.174481362104416,1.02572286128998,0.560036897659302,-0.472001582384109,0.562292098999023,0.383928149938583
-0.598379492759705,-0.174579963088036,1.02558970451355,0.559453547000885,-0.472713708877563,0.56193619966507,0.384422987699509
-0.598737597465515,-0.174676984548569,1.02541959285736,0.558988034725189,-0.473460227251053,0.561346352100372,0.385042935609818
-0.599149882793427,-0.174862176179886,1.02518653869629,0.558179914951324,-0.474800497293472,0.560618758201599,0.385624438524246
-0.599410593509674,-0.174926608800888,1.02495110034943,0.55782949924469,-0.475375384092331,0.560241758823395,0.385971158742905
-0.599563479423523,-0.174925222992897,1.02473855018616,0.557759582996368,-0.475514054298401,0.560094118118286,0.386115819215774
-0.599996984004974,-0.175352394580841,1.02419495582581,0.557535231113434,-0.476847290992737,0.559235513210297,0.386039882898331
-0.600210070610046,-0.175244331359863,1.02420938014984,0.557132184505463,-0.47716099023819,0.559013485908508,0.386555433273315
-0.60049045085907,-0.17544624209404,1.02380764484406,0.557101428508759,-0.477684825658798,0.55875426530838,0.386327803134918
-0.600630581378937,-0.175242185592651,1.02382755279541,0.556710481643677,-0.477970898151398,0.558426022529602,0.387011110782623
-0.601001739501953,-0.175442039966583,1.02341711521149,0.556261360645294,-0.47915855050087,0.557801425457001,0.387088984251022
-0.601157248020172,-0.175443232059479,1.02313756942749,0.555830419063568,-0.479798555374146,0.557435214519501,0.38744267821312
-0.601351320743561,-0.175553232431412,1.02276146411896,0.555571794509888,-0.480637311935425,0.556884527206421,0.387566208839417
-0.601320803165436,-0.175317496061325,1.0224175453186,0.556043863296509,-0.479881137609482,0.557357013225555,0.387146294116974
-0.601392090320587,-0.175231963396072,1.02220511436462,0.555951237678528,-0.48018878698349,0.55708521604538,0.387289375066757
-0.601463437080383,-0.175154536962509,1.02200102806091,0.555879175662994,-0.480562299489975,0.556770324707031,0.387382298707962
-0.601503670215607,-0.174996227025986,1.02192807197571,0.55578887462616,-0.480869740247726,0.556403458118439,0.38765761256218
-0.601634740829468,-0.175022482872009,1.02161598205566,0.555638492107391,-0.481657981872559,0.555770516395569,0.387802332639694
-0.601698994636536,-0.174975961446762,1.02141630649567,-0.555699288845062,0.482057988643646,-0.555372059345245,-0.387788981199265
-0.601877450942993,-0.175102710723877,1.02120459079742,-0.555435240268707,0.483331322669983,-0.554433763027191,-0.387925446033478
-0.601984202861786,-0.175167039036751,1.02093243598938,-0.555428802967072,0.484159588813782,-0.553782045841217,-0.387831956148148
-0.602108597755432,-0.175143197178841,1.02077698707581,-0.556020557880402,0.483461678028107,-0.554238855838776,-0.387202143669128
-0.602199971675873,-0.175097346305847,1.02058351039886,-0.55636602640152,0.483744770288467,-0.553793966770172,-0.386988490819931
-0.602225422859192,-0.17490416765213,1.02063512802124,-0.556460022926331,0.483869701623917,-0.553548455238342,-0.387048363685608
-0.602365374565125,-0.17488768696785,1.02054119110107,-0.556466221809387,0.484478622674942,-0.553149998188019,-0.386847406625748
-0.602563917636871,-0.174820750951767,1.02048969268799,-0.555885076522827,0.48593470454216,-0.551398575305939,-0.388354599475861
-0.602650046348572,-0.174724206328392,1.02040350437164,-0.55585378408432,0.48639589548111,-0.551044881343842,-0.3883236348629
-0.602701604366302,-0.174448430538177,1.02028203010559,-0.555901825428009,0.486167728900909,-0.552117466926575,-0.387014746665955
-0.602857291698456,-0.174466252326965,1.02022111415863,-0.5559361577034,0.48674288392067,-0.551702380180359,-0.386834263801575
-0.602895200252533,-0.174142628908157,1.02026057243347,-0.555218756198883,0.488357096910477,-0.550387144088745,-0.387702822685242
-0.602958500385284,-0.174007624387741,1.02021849155426,-0.555098354816437,0.488708645105362,-0.550235390663147,-0.387647479772568
-0.603048086166382,-0.173941254615784,1.02017319202423,-0.554993391036987,0.489262968301773,-0.549838542938232,-0.387661963701248
-0.603246688842773,-0.174096137285232,1.0201404094696,-0.554496049880981,0.490697085857391,-0.548724412918091,-0.388139456510544
-0.603306710720062,-0.173937991261482,1.02015376091003,-0.554669559001923,0.490708142518997,-0.548591792583466,-0.388064920902252
-0.6034175157547,-0.173896387219429,1.0201028585434,-0.554531097412109,0.49117186665535,-0.548296809196472,-0.388093173503876
-0.603359460830688,-0.173553973436356,1.02007448673248,-0.554823219776154,0.49047178030014,-0.548754155635834,-0.387914419174194
-0.603359460830688,-0.173553973436356,1.02007448673248,-0.554823219776154,0.49047178030014,-0.548754155635834,-0.387914419174194
-0.60466343164444,-0.174433916807175,1.02065181732178,-0.554153263568878,0.492832273244858,-0.548623323440552,-0.386061102151871
-0.604762554168701,-0.174338728189468,1.02068603038788,-0.553955554962158,0.493047118186951,-0.548518240451813,-0.386219650506973
-0.603692293167114,-0.17314600944519,1.02022397518158,-0.554336369037628,0.491089195013046,-0.548410832881927,-0.38831439614296
-0.603782117366791,-0.173060700297356,1.02022922039032,-0.554120004177094,0.491387039422989,-0.548190593719482,-0.388557195663452
-0.603887438774109,-0.172936379909515,1.02024364471436,-0.553976118564606,0.49141326546669,-0.548204839229584,-0.388709098100662
-0.604093968868256,-0.172873169183731,1.02031660079956,-0.553608179092407,0.491695880889893,-0.548164129257202,-0.38893324136734
-0.605416536331177,-0.173828542232513,1.02093517780304,-0.552797257900238,0.493832617998123,-0.548276305198669,-0.387217730283737
-0.605536699295044,-0.173701912164688,1.02100694179535,-0.55249035358429,0.493949443101883,-0.548212170600891,-0.387597471475601
-0.604423999786377,-0.172591835260391,1.02045023441315,-0.552899718284607,0.492025256156921,-0.547978222370148,-0.389785945415497
-0.605696380138397,-0.173500657081604,1.02102613449097,-0.552136421203613,0.49400982260704,-0.548100054264069,-0.388182699680328
-0.604587852954865,-0.172374606132507,1.02056205272675,-0.552535176277161,0.492028951644897,-0.547849357128143,-0.390478491783142
-0.604628086090088,-0.17229999601841,1.02060413360596,-0.552453935146332,0.492000728845596,-0.54772424697876,-0.390804588794708
-0.604657173156738,-0.172162383794784,1.02056193351746,-0.552646815776825,0.491681337356567,-0.547529399394989,-0.391206502914429
-0.604685842990875,-0.172073423862457,1.02059388160706,-0.552615404129028,0.49155381321907,-0.547455906867981,-0.391513884067535
-0.604722619056702,-0.172063320875168,1.02058053016663,-0.552627980709076,0.491531312465668,-0.547265768051147,-0.391790181398392
-0.604885339736938,-0.172343224287033,1.02049875259399,-0.552143216133118,0.492740213871002,-0.546177983283997,-0.392472684383392
-0.604678511619568,-0.171957060694694,1.02046608924866,-0.552810311317444,0.49122017621994,-0.546905875205994,-0.392425417900085
-0.604592859745026,-0.171882942318916,1.02042961120605,-0.552653670310974,0.491385757923126,-0.546366989612579,-0.39318835735321
-0.604475855827332,-0.171775937080383,1.02039778232574,-0.552886664867401,0.490994215011597,-0.546241700649261,-0.393524140119553
-0.604316115379333,-0.171679332852364,1.02037501335144,-0.553110241889954,0.490603685379028,-0.546054899692535,-0.393956124782562
-0.604109942913055,-0.171582162380219,1.02026700973511,-0.553403794765472,0.490237414836883,-0.545795381069183,-0.394359439611435
-0.60390967130661,-0.171529740095138,1.0201598405838,-0.553730010986328,0.489902526140213,-0.54553884267807,-0.394672244787216
-0.603628218173981,-0.171460151672363,1.02001106739044,-0.554292917251587,0.489155441522598,-0.545529127120972,-0.394822001457214
-0.603933155536652,-0.17168202996254,1.02008819580078,-0.554275572299957,0.489458203315735,-0.545563220977783,-0.39442378282547
-0.60371321439743,-0.17158505320549,1.02000617980957,-0.554891049861908,0.488794773817062,-0.545410215854645,-0.394592702388763
-0.60371321439743,-0.17158505320549,1.02000617980957,-0.554891049861908,0.488794773817062,-0.545410215854645,-0.394592702388763
-0.603361964225769,-0.171469181776047,1.01975321769714,-0.555329203605652,0.488444685935974,-0.54459023475647,-0.39554089307785
-0.603149592876434,-0.171323478221893,1.01967108249664,-0.556013882160187,0.487384825944901,-0.544959902763367,-0.395377397537231
-0.602408170700073,-0.170965880155563,1.01944017410278,-0.556427776813507,0.486699312925339,-0.544240057468414,-0.396629095077515
-0.603497207164764,-0.172058284282684,1.0199373960495,-0.555879890918732,0.48917281627655,-0.542865991592407,-0.396237373352051
-0.60339629650116,-0.171947315335274,1.01987719535828,-0.556426286697388,0.488099455833435,-0.544387817382812,-0.394703447818756
-0.603337228298187,-0.171921893954277,1.01980841159821,-0.556568622589111,0.48797819018364,-0.544312179088593,-0.394756644964218
-0.603308081626892,-0.171899661421776,1.01975202560425,-0.556698560714722,0.487863600254059,-0.544332385063171,-0.394687414169312
-0.603321492671967,-0.171906441450119,1.01971280574799,-0.556787490844727,0.487840563058853,-0.544334352016449,-0.394587635993958
-0.60334175825119,-0.171937480568886,1.01963496208191,-0.556899666786194,0.487828463315964,-0.544379413127899,-0.394382357597351
-0.603375554084778,-0.171964198350906,1.01964354515076,-0.556912243366241,0.487886428833008,-0.544431209564209,-0.394221156835556
-0.602864861488342,-0.171242237091064,1.01916062831879,-0.55697101354599,0.486821800470352,-0.544587194919586,-0.395237445831299
-0.602907121181488,-0.171296522021294,1.01916885375977,-0.556982398033142,0.48690801858902,-0.544677138328552,-0.394990891218185
-0.602359414100647,-0.171148642897606,1.0190509557724,-0.557539582252502,0.486242175102234,-0.544417560100555,-0.395382851362228
-0.603007674217224,-0.171447873115539,1.01918911933899,-0.556975066661835,0.487131625413895,-0.544884383678436,-0.394439607858658
-0.603068888187408,-0.171532690525055,1.01918160915375,-0.556986033916473,0.487268298864365,-0.545008957386017,-0.39408329129219
-0.60312831401825,-0.171656608581543,1.01915729045868,-0.556962668895721,0.487418949604034,-0.545144975185394,-0.39374166727066
-0.602574229240417,-0.171497851610184,1.01907849311829,-0.557459115982056,0.486713081598282,-0.545096218585968,-0.393979668617248
-0.602632343769073,-0.171605005860329,1.01906490325928,-0.557366549968719,0.486862391233444,-0.545272052288055,-0.393682837486267
-0.603273928165436,-0.171922147274017,1.01912748813629,-0.556693077087402,0.487826734781265,-0.54576301574707,-0.392760694026947
-0.602701783180237,-0.171810239553452,1.01902484893799,-0.556783854961395,0.487421631813049,-0.54565042257309,-0.393290787935257
-0.602721273899078,-0.171883255243301,1.01899313926697,-0.55664587020874,0.487502098083496,-0.545920372009277,-0.393011569976807
-0.602765142917633,-0.171997830271721,1.01897585391998,-0.556413769721985,0.487777173519135,-0.546063005924225,-0.392800569534302
-0.602762281894684,-0.172037705779076,1.01896607875824,-0.556381583213806,0.487646996974945,-0.54653012752533,-0.3923579454422
-0.602770209312439,-0.172129899263382,1.01894068717957,-0.555972337722778,0.488172173500061,-0.54643839597702,-0.392412841320038
-0.602800726890564,-0.172295570373535,1.0188227891922,-0.555944740772247,0.488291501998901,-0.546709060668945,-0.391926318407059
-0.602795541286469,-0.172423392534256,1.01879572868347,-0.555860280990601,0.488436430692673,-0.546876132488251,-0.391632229089737
-0.6027911901474,-0.172510772943497,1.01880741119385,-0.556030511856079,0.488090991973877,-0.547403633594513,-0.391084104776382
-0.602813243865967,-0.172744050621986,1.0187451839447,-0.555923402309418,0.488402992486954,-0.547537684440613,-0.39065882563591
-0.602767705917358,-0.172818452119827,1.0187760591507,-0.556544542312622,0.486887961626053,-0.548973917961121,-0.389648556709289
-0.602759838104248,-0.172931641340256,1.01879107952118,-0.556492388248444,0.486974358558655,-0.549131870269775,-0.389392495155334
-0.602712213993073,-0.173001304268837,1.01877641677856,-0.555560529232025,0.488538205623627,-0.54824835062027,-0.3900086581707
-0.60270768404007,-0.173155725002289,1.01880061626434,-0.55547821521759,0.488727807998657,-0.548316836357117,-0.389792084693909
-0.602649390697479,-0.173182398080826,1.01889657974243,-0.55543464422226,0.488587707281113,-0.548592925071716,-0.389641225337982
-0.6026211977005,-0.173275470733642,1.01890981197357,-0.555388689041138,0.488647192716599,-0.548722386360168,-0.389449924230576
-0.6026211977005,-0.173275470733642,1.01890981197357,-0.555388689041138,0.488647192716599,-0.548722386360168,-0.389449924230576
-0.602574288845062,-0.173468619585037,1.01897692680359,-0.555445969104767,0.488478481769562,-0.549184799194336,-0.388927578926086
-0.602584421634674,-0.173685729503632,1.01897847652435,-0.555359542369843,0.488816231489182,-0.549084544181824,-0.388768285512924
-0.602507710456848,-0.173675030469894,1.01903796195984,-0.555478751659393,0.488378137350082,-0.549496114253998,-0.388567447662354
-0.602505683898926,-0.173868641257286,1.01905238628387,-0.555403292179108,0.48860839009285,-0.549444139003754,-0.388458788394928
-0.603627681732178,-0.175088360905647,1.01967322826385,-0.554885029792786,0.490568876266479,-0.549800932407379,-0.38621723651886
-0.60244619846344,-0.174199283123016,1.01913011074066,-0.55541604757309,0.488605409860611,-0.54969584941864,-0.388088196516037
-0.602384090423584,-0.174278229475021,1.01918196678162,-0.555481255054474,0.488292455673218,-0.549986600875854,-0.387976795434952
-0.603590250015259,-0.175696611404419,1.01982975006104,-0.555278778076172,0.489691317081451,-0.549960434436798,-0.386537879705429
-0.603546738624573,-0.17581906914711,1.01988208293915,-0.555139482021332,0.490004181861877,-0.550527930259705,-0.385532200336456
-0.603546738624573,-0.17581906914711,1.01988208293915,-0.555139482021332,0.490004181861877,-0.550527930259705,-0.385532200336456
-0.603535711765289,-0.176290273666382,1.01999664306641,-0.555771291255951,0.48861426115036,-0.551685929298401,-0.384729832410812
-0.603554129600525,-0.176582083106041,1.01996552944183,-0.555362641811371,0.48953515291214,-0.550227522850037,-0.38623496890068
-0.603586494922638,-0.17692756652832,1.01982545852661,-0.555403232574463,0.489694178104401,-0.550158679485321,-0.386073231697083
-0.603568613529205,-0.177035227417946,1.01994466781616,-0.555425584316254,0.48893529176712,-0.551692962646484,-0.384811013936996
-0.603496193885803,-0.177104696631431,1.02016150951385,-0.555083394050598,0.489198088645935,-0.550541996955872,-0.38661527633667
-0.603491187095642,-0.177404433488846,1.0201061964035,-0.555032551288605,0.489293813705444,-0.550436079502106,-0.386717945337295
-0.602321207523346,-0.176818192005157,1.01959979534149,-0.555480241775513,0.487375169992447,-0.550969123840332,-0.387737661600113
-0.602369248867035,-0.177196830511093,1.01946902275085,-0.553999722003937,0.490286856889725,-0.547946751117706,-0.390457957983017
-0.602211117744446,-0.177249491214752,1.01937484741211,-0.555269598960876,0.487717032432556,-0.550530791282654,-0.388231605291367
-0.602097451686859,-0.177449628710747,1.01951694488525,-0.555258214473724,0.487485229969025,-0.550477921962738,-0.388613790273666
-0.602097451686859,-0.177449628710747,1.01951694488525,-0.555258214473724,0.487485229969025,-0.550477921962738,-0.388613790273666
-0.602129995822906,-0.178345337510109,1.01958358287811,-0.55466628074646,0.488528490066528,-0.54955130815506,-0.389459490776062
-0.602059245109558,-0.178664743900299,1.0195871591568,-0.554752945899963,0.488310188055038,-0.549505054950714,-0.389674961566925
-0.602068662643433,-0.179113581776619,1.01961016654968,-0.554784953594208,0.488294154405594,-0.54933375120163,-0.389890998601913
-0.601767063140869,-0.179209932684898,1.01957416534424,-0.555480599403381,0.486714243888855,-0.550174236297607,-0.389690577983856
-0.601357221603394,-0.179322972893715,1.01960897445679,-0.555820643901825,0.485970318317413,-0.549319207668304,-0.391337186098099
-0.601142883300781,-0.179593712091446,1.01961171627045,-0.555729448795319,0.486120909452438,-0.549836874008179,-0.390552043914795
-0.600871503353119,-0.17992952466011,1.01964688301086,-0.556086242198944,0.485661596059799,-0.549748420715332,-0.390739917755127
-0.600564301013947,-0.180316850543022,1.0197114944458,-0.557471394538879,0.482636690139771,-0.551510155200958,-0.390031009912491
-0.600323736667633,-0.180638551712036,1.01968538761139,-0.557138681411743,0.483572423458099,-0.550313293933868,-0.391036778688431
-0.600017249584198,-0.180994808673859,1.01968693733215,-0.557691872119904,0.482597529888153,-0.550635993480682,-0.390997976064682
-0.599700510501862,-0.181284427642822,1.01974236965179,-0.558001279830933,0.481916964054108,-0.550741016864777,-0.391248255968094
-0.59938371181488,-0.181735992431641,1.01952517032623,-0.558234214782715,0.481739848852158,-0.550806760787964,-0.391041129827499
-0.598996102809906,-0.182057231664658,1.01957964897156,-0.558697104454041,0.481055349111557,-0.550596475601196,-0.391518533229828
-0.598549425601959,-0.182369589805603,1.01958060264587,-0.559180855751038,0.48024120926857,-0.55065381526947,-0.391747087240219
-0.59813129901886,-0.182588130235672,1.01962733268738,-0.559359550476074,0.479312568902969,-0.5512735247612,-0.391757398843765
-0.597692608833313,-0.182826161384582,1.01970553398132,-0.559260904788971,0.479447931051254,-0.550844609737396,-0.392335772514343
-0.597298741340637,-0.18313056230545,1.01981425285339,-0.559534430503845,0.478928476572037,-0.55083167552948,-0.392598211765289
-0.59681898355484,-0.183417975902557,1.01994872093201,-0.561119854450226,0.475489467382431,-0.55275160074234,-0.391816467046738
-0.596377789974213,-0.183598414063454,1.02030074596405,-0.561259269714355,0.474762707948685,-0.552652955055237,-0.392636120319366
-0.596125543117523,-0.183911919593811,1.02032768726349,-0.559903800487518,0.477314084768295,-0.551044940948486,-0.393736332654953
-0.595892310142517,-0.184280633926392,1.02047252655029,-0.560073971748352,0.476204514503479,-0.551654934883118,-0.393983900547028
-0.595692157745361,-0.184683740139008,1.02050113677979,-0.55999881029129,0.475964844226837,-0.552025377750397,-0.393861770629883
-0.595517098903656,-0.184996604919434,1.02063632011414,-0.559832990169525,0.475882261991501,-0.552308440208435,-0.393800020217896
-0.595422506332397,-0.185599282383919,1.02040934562683,-0.559573650360107,0.47655177116394,-0.552032172679901,-0.39374652504921
-0.595291078090668,-0.185975551605225,1.02053761482239,-0.559156537055969,0.476755887269974,-0.552166104316711,-0.393904119729996
-0.595127522945404,-0.186180159449577,1.02082681655884,-0.558360517024994,0.476785808801651,-0.552742183208466,-0.394188791513443
-0.595165073871613,-0.186728566884995,1.02092838287354,-0.557797372341156,0.477450847625732,-0.552867650985718,-0.394005358219147
-0.595193326473236,-0.187215849757194,1.02110886573792,-0.55738353729248,0.477854281663895,-0.553285360336304,-0.393515378236771
-0.595296859741211,-0.187707439064979,1.02114725112915,-0.55701357126236,0.478391975164413,-0.553490161895752,-0.393097639083862
-0.595311403274536,-0.188032731413841,1.02127027511597,-0.556168079376221,0.478739410638809,-0.554083466529846,-0.393036067485809
-0.595561861991882,-0.188701063394547,1.02109372615814,-0.555334627628326,0.480029582977295,-0.554197788238525,-0.392479091882706
-0.595715820789337,-0.189163684844971,1.02105808258057,-0.554657280445099,0.480737447738647,-0.554607629776001,-0.391991496086121
-0.595937609672546,-0.189710289239883,1.02105474472046,0.553824245929718,-0.481811851263046,0.55469799041748,0.391722172498703
-0.596087992191315,-0.18996986746788,1.02133703231812,0.552601516246796,-0.482634395360947,0.555208921432495,0.391712486743927
-0.596357643604279,-0.19051119685173,1.02127993106842,0.55191034078598,-0.48358741402626,0.555548429489136,0.391029626131058
-0.596800744533539,-0.191238075494766,1.02101171016693,0.550964534282684,-0.485130310058594,0.555758655071259,0.390152722597122
-0.596969842910767,-0.191495284438133,1.02118766307831,0.550471663475037,-0.485211163759232,0.556563496589661,0.389600247144699
-0.597368359565735,-0.192269667983055,1.02106595039368,0.548927903175354,-0.487487524747849,0.55610203742981,0.389595657587051
-0.597476661205292,-0.192466139793396,1.02106761932373,0.548586666584015,-0.487304151058197,0.557149827480316,0.388808012008667
-0.59771203994751,-0.192919135093689,1.02103531360626,0.548100888729095,-0.487835079431534,0.557680785655975,0.388065546751022
-0.598016858100891,-0.193597793579102,1.02067172527313,0.547211825847626,-0.489517748355865,0.557419002056122,0.387576729059219
-0.598244905471802,-0.19404624402523,1.02053213119507,0.546406090259552,-0.490486323833466,0.557720899581909,0.387054145336151
-0.598453283309937,-0.194576859474182,1.02032732963562,0.546181440353394,-0.490989446640015,0.558095932006836,0.386191993951797
-0.598572611808777,-0.194829791784286,1.02037370204926,0.545809268951416,-0.491273432970047,0.558396637439728,0.385922223329544
-0.598741352558136,-0.195358023047447,1.02012085914612,0.545468688011169,-0.492128729820251,0.558355510234833,0.385372936725616
-0.598928034305573,-0.195948243141174,1.01984393596649,0.54536771774292,-0.492847800254822,0.558363139629364,0.384585440158844
-0.598928034305573,-0.195948243141174,1.01984393596649,0.54536771774292,-0.492847800254822,0.558363139629364,0.384585440158844
-0.599041044712067,-0.196559950709343,1.01968550682068,0.54516726732254,-0.493308126926422,0.558625519275665,0.383897393941879
-0.599062979221344,-0.196829348802567,1.01961767673492,0.545089185237885,-0.493462443351746,0.558693110942841,0.383712142705917
-0.599221706390381,-0.197473973035812,1.01914942264557,0.544840812683105,-0.494451820850372,0.558399140834808,0.383218556642532
-0.599251627922058,-0.197926878929138,1.01878190040588,0.544979810714722,-0.494817346334457,0.558260321617126,0.382750868797302
-0.599245429039001,-0.198237329721451,1.01856958866119,0.545164108276367,-0.494773417711258,0.558276653289795,0.382521599531174
-0.599173665046692,-0.198354363441467,1.01864564418793,0.545539021492004,-0.49419042468071,0.558380007743835,0.382589757442474
-0.599232077598572,-0.19884292781353,1.01834726333618,0.545660555362701,-0.494549214839935,0.558071076869965,0.382403314113617
-0.59925788640976,-0.199256494641304,1.0180561542511,0.545769453048706,-0.494860619306564,0.557743310928345,0.382323443889618
-0.599208772182465,-0.199597477912903,1.01773309707642,0.546005427837372,-0.494927942752838,0.557453453540802,0.382322013378143
-0.599207639694214,-0.200308054685593,1.01674449443817,0.546303153038025,-0.495496392250061,0.557057678699493,0.381736844778061
-0.599152505397797,-0.200619637966156,1.01647293567657,0.546508848667145,-0.495436578989029,0.55678391456604,0.38191944360733
-0.599201798439026,-0.201049894094467,1.01619112491608,0.54660576581955,-0.495613723993301,0.55670291185379,0.381669104099274
-0.59927374124527,-0.2013850659132,1.01635050773621,0.546421647071838,-0.496022194623947,0.5561203956604,0.38225045800209
-0.599318742752075,-0.201837837696075,1.0159924030304,0.546612501144409,-0.496193081140518,0.555734813213348,0.382316678762436
-0.59930282831192,-0.202175140380859,1.01575696468353,0.546691834926605,-0.496138632297516,0.555493175983429,0.382624894380569
-0.599368512630463,-0.20263671875,1.01547157764435,0.547223806381226,-0.495913356542587,0.554997444152832,0.38287565112114
-0.599433422088623,-0.203002154827118,1.01526618003845,0.547420561313629,-0.495747029781341,0.554735422134399,0.383189916610718
-0.599398970603943,-0.20330536365509,1.01522541046143,0.547775328159332,-0.495327204465866,0.554583668708801,0.383445173501968
-0.5995854139328,-0.203873097896576,1.01494896411896,0.548047602176666,-0.49539190530777,0.554319858551025,0.38335371017456
-0.599617302417755,-0.204436630010605,1.0145800113678,0.549298584461212,-0.493529170751572,0.555311799049377,0.382529765367508
-0.59960925579071,-0.204992890357971,1.01430070400238,0.549626529216766,-0.49348857998848,0.554861009120941,0.382765084505081
-0.599455416202545,-0.205434486269951,1.01403903961182,0.549101293087006,-0.495432138442993,0.552762806415558,0.38404169678688
-0.599295198917389,-0.206046417355537,1.01381874084473,0.549436450004578,-0.495457261800766,0.552106201648712,0.384474366903305
-0.59919273853302,-0.206708386540413,1.01365125179291,0.550656080245972,-0.494190573692322,0.552135109901428,0.384318262338638
-0.599041342735291,-0.207202702760696,1.01349449157715,0.551196217536926,-0.493829250335693,0.551565527915955,0.384825855493545
-0.598868012428284,-0.207653865218163,1.01332807540894,-0.552109599113464,0.492991149425507,-0.55122321844101,-0.38508141040802
-0.598797976970673,-0.20842108130455,1.01288855075836,-0.552231788635254,0.493368148803711,-0.550470352172852,-0.385500013828278
-0.598474025726318,-0.208818808197975,1.01300764083862,-0.55336207151413,0.491954177618027,-0.550504982471466,-0.385636985301971
-0.598169922828674,-0.209380015730858,1.01295757293701,-0.554523169994354,0.49012964963913,-0.551001012325287,-0.385583907365799
-0.597817063331604,-0.210194483399391,1.01280570030212,-0.5550457239151,0.490388989448547,-0.549060225486755,-0.387267112731934
-0.59730476140976,-0.210706397891045,1.01254391670227,-0.55549144744873,0.490832656621933,-0.547343730926514,-0.388494253158569
-0.596888601779938,-0.211146771907806,1.01243627071381,-0.556433737277985,0.489383816719055,-0.548237860202789,-0.38771179318428
-0.596505165100098,-0.211661741137504,1.0123153924942,-0.557388305664062,0.488639712333679,-0.547650694847107,-0.388108611106873
-0.596043705940247,-0.212107941508293,1.01239812374115,-0.557823538780212,0.487818419933319,-0.547207176685333,-0.389140605926514
-0.595239996910095,-0.212466806173325,1.01246082782745,-0.558773577213287,0.486775666475296,-0.545504629611969,-0.391467243432999
-0.59474778175354,-0.213066667318344,1.01219391822815,-0.559416770935059,0.486399739980698,-0.545843124389648,-0.390542507171631
-0.594476401805878,-0.213436529040337,1.01208007335663,-0.560734868049622,0.483025550842285,-0.547864556312561,-0.390009164810181
-0.593423426151276,-0.213921308517456,1.01208174228668,-0.562082350254059,0.48165899515152,-0.547026455402374,-0.390934973955154
-0.5927694439888,-0.214333727955818,1.01201581954956,-0.562121868133545,0.482018202543259,-0.545715391635895,-0.392265439033508
-0.592099726200104,-0.214914113283157,1.01189208030701,-0.562598645687103,0.481193393468857,-0.545582115650177,-0.392779678106308
-0.591529011726379,-0.215389639139175,1.01182377338409,-0.563156843185425,0.480512857437134,-0.545191705226898,-0.393354892730713
-0.591244697570801,-0.215832650661469,1.01164758205414,-0.56350177526474,0.479524850845337,-0.545820534229279,-0.393194407224655
-0.59013444185257,-0.216400951147079,1.01169204711914,-0.564129292964935,0.478602051734924,-0.544501662254333,-0.395242005586624
-0.589485168457031,-0.217027336359024,1.01150524616241,-0.565541803836823,0.476067990064621,-0.545701682567596,-0.394628167152405
-0.589025020599365,-0.217768445611,1.01120722293854,-0.566011071205139,0.475741893053055,-0.545657753944397,-0.394409209489822
-0.588300466537476,-0.218137606978416,1.01123821735382,-0.566742658615112,0.47393074631691,-0.547531187534332,-0.392939984798431
-0.587618112564087,-0.21864715218544,1.01125240325928,-0.567338824272156,0.472860127687454,-0.547949433326721,-0.392786562442779
-0.586901128292084,-0.219003647565842,1.01130867004395,-0.567992210388184,0.471257477998734,-0.54890912771225,-0.392428159713745
-0.586335361003876,-0.219643741846085,1.01110422611237,-0.567412197589874,0.472417503595352,-0.548223674297333,-0.392830640077591
-0.58570784330368,-0.21990667283535,1.01111030578613,-0.568042993545532,0.470632910728455,-0.549593031406403,-0.392147213220596
-0.585183620452881,-0.220526292920113,1.01102566719055,-0.568273961544037,0.469999492168427,-0.550315797328949,-0.391558170318604
-0.584497094154358,-0.22109466791153,1.01104354858398,-0.568765759468079,0.468317598104477,-0.55190634727478,-0.390619367361069
-0.584123134613037,-0.221921533346176,1.01109218597412,-0.568062007427216,0.470116525888443,-0.550980567932129,-0.390789389610291
-0.583715617656708,-0.222586184740067,1.01103353500366,-0.567793846130371,0.469880312681198,-0.552083790302277,-0.389905214309692
-0.582982242107391,-0.222989767789841,1.0107102394104,-0.568588972091675,0.46825048327446,-0.553592681884766,-0.388565510511398
-0.582508683204651,-0.22353532910347,1.01068150997162,-0.568855583667755,0.467666745185852,-0.554620146751404,-0.387411594390869
-0.582112073898315,-0.224343180656433,1.01041781902313,-0.568993985652924,0.467508107423782,-0.555738389492035,-0.38579386472702
-0.581693768501282,-0.224988609552383,1.01039242744446,-0.569279611110687,0.467162072658539,-0.556756317615509,-0.384321063756943
-0.581158638000488,-0.225545361638069,1.01044309139252,-0.569018065929413,0.46707746386528,-0.557651340961456,-0.383512794971466
-0.580692172050476,-0.226060852408409,1.01041221618652,-0.568835854530334,0.467645943164825,-0.558184444904327,-0.382312923669815
-0.580347836017609,-0.226680040359497,1.01043808460236,-0.56940746307373,0.466089397668839,-0.560352027416229,-0.380185961723328
-0.580196619033813,-0.227617681026459,1.0104216337204,-0.569071054458618,0.467340648174286,-0.560421288013458,-0.379049956798553
-0.579706370830536,-0.22797417640686,1.01056456565857,-0.568794906139374,0.467348903417587,-0.561354100704193,-0.378072589635849
-0.579286634922028,-0.228510290384293,1.01059806346893,-0.569321274757385,0.46658244729042,-0.562661409378052,-0.37627974152565
-0.578918099403381,-0.22899566590786,1.01069009304047,-0.569492161273956,0.466389000415802,-0.563659489154816,-0.374763816595078
-0.5786252617836,-0.229570418596268,1.01058793067932,-0.569385468959808,0.466580152511597,-0.564606368541718,-0.373259484767914
-0.578412592411041,-0.230410516262054,1.00996065139771,-0.569841086864471,0.466878533363342,-0.565455853939056,-0.37089803814888
-0.57825779914856,-0.230609849095344,1.01046526432037,-0.568851411342621,0.467524319887161,-0.566080629825592,-0.37065052986145
-0.578095555305481,-0.231105655431747,1.01038408279419,-0.569546818733215,0.466190189123154,-0.567991495132446,-0.368332505226135
-0.577878654003143,-0.231540575623512,1.01026368141174,-0.569011688232422,0.467615723609924,-0.568208575248718,-0.367015421390533
-0.577784299850464,-0.232162848114967,1.01026272773743,0.569080710411072,-0.467203944921493,0.569627165794373,0.365229666233063
-0.577661454677582,-0.232500612735748,1.01019835472107,0.568707823753357,-0.468499660491943,0.569582104682922,0.364219486713409
-0.577551066875458,-0.232814490795135,1.01026666164398,0.568519413471222,-0.468842387199402,0.570056200027466,0.363329499959946
-0.577551066875458,-0.233329832553863,1.0101523399353,0.568565845489502,-0.468296855688095,0.57160359621048,0.361525297164917
-0.577541947364807,-0.233543902635574,1.01019752025604,0.568328619003296,-0.468427389860153,0.572372555732727,0.360510855913162
-0.577782392501831,-0.23420225083828,1.00985276699066,0.567898571491241,-0.46978285908699,0.572466135025024,0.359273910522461
-0.577887535095215,-0.234485998749733,1.00975477695465,0.567196786403656,-0.470686912536621,0.572771728038788,0.358712047338486
-0.577948272228241,-0.234585896134376,1.00975894927979,0.56666100025177,-0.471040427684784,0.573382496833801,0.3581183552742
-0.578097999095917,-0.234817117452621,1.00971937179565,0.566492080688477,-0.471498161554336,0.573440313339233,0.35769048333168
-0.578299105167389,-0.2350093126297,1.00963068008423,0.566033542156219,-0.472087562084198,0.573797523975372,0.357065498828888
-0.578659892082214,-0.235248431563377,1.0095397233963,0.565271258354187,-0.473321378231049,0.573734819889069,0.356740385293961
-0.579047858715057,-0.235458791255951,1.00952959060669,0.564012289047241,-0.475787252187729,0.572684705257416,0.357139974832535
-0.579464435577393,-0.235849171876907,1.0091997385025,0.563136041164398,-0.477278172969818,0.572707533836365,0.356496095657349
-0.579993724822998,-0.236244529485702,1.00910329818726,0.562037408351898,-0.47902774810791,0.572359502315521,0.356442332267761
-0.580520272254944,-0.236486092209816,1.00911331176758,0.561053931713104,-0.480372697114944,0.572173833847046,0.35647988319397
-0.58115565776825,-0.236490041017532,1.00939357280731,0.560032308101654,-0.481236219406128,0.572322487831116,0.356682389974594
-0.581844806671143,-0.236738428473473,1.00944423675537,0.559238970279694,-0.482557266950607,0.571788012981415,0.35699999332428
-0.582649827003479,-0.23695233464241,1.00957465171814,0.558739125728607,-0.482320368289948,0.572725892066956,0.356598824262619
-0.583485901355743,-0.23713044822216,1.00957655906677,0.557926535606384,-0.483413368463516,0.572629928588867,0.356545597314835
-0.584364473819733,-0.237440750002861,1.00946855545044,0.556979894638062,-0.484848469495773,0.572292029857635,0.35661906003952
-0.585373640060425,-0.237848877906799,1.00926399230957,0.555950403213501,-0.486486732959747,0.571922123432159,0.356588214635849
-0.586341381072998,-0.238116294145584,1.00929117202759,0.554844796657562,-0.487996965646744,0.571388959884644,0.35710084438324
-0.587477624416351,-0.238420531153679,1.00927495956421,0.55341649055481,-0.489936858415604,0.57067883014679,0.357795715332031
-0.588527977466583,-0.23866680264473,1.00911068916321,0.551901519298553,-0.492706030607224,0.568997919559479,0.359008282423019
-0.589884877204895,-0.238964304327965,1.00865244865417,0.550824522972107,-0.494107604026794,0.568847596645355,0.358974039554596
-0.590567827224731,-0.23923459649086,1.00881266593933,0.550272762775421,-0.494942188262939,0.568027496337891,0.359967589378357
-0.591741979122162,-0.239162728190422,1.00938534736633,0.548472702503204,-0.496304214000702,0.567648768424988,0.361434251070023
-0.592831373214722,-0.239604353904724,1.00928902626038,0.547294437885284,-0.49852791428566,0.56591922044754,0.362869679927826
-0.593921959400177,-0.23933969438076,1.00912249088287,0.545847296714783,-0.499746859073639,0.565318286418915,0.364306509494781
-0.595119178295135,-0.23964087665081,1.00896894931793,0.544847369194031,-0.501352667808533,0.563793182373047,0.365956455469131
-0.596236824989319,-0.23979702591896,1.00882685184479,0.544257164001465,-0.501396954059601,0.563535988330841,0.36716827750206
-0.59720116853714,-0.239888712763786,1.00854730606079,0.543508231639862,-0.502421081066132,0.562269151210785,0.368816256523132
-0.598563194274902,-0.240295916795731,1.00843572616577,0.541762411594391,-0.505108594894409,0.560222387313843,0.370823085308075
-0.599651992321014,-0.240318208932877,1.00808417797089,0.540863573551178,-0.505913257598877,0.559129118919373,0.372683852910995
-0.600770533084869,-0.240307956933975,1.00790512561798,0.539712965488434,-0.506807565689087,0.557948231697083,0.374899834394455
-0.601666867733002,-0.239855334162712,1.0077977180481,0.539646744728088,-0.505886197090149,0.557725965976715,0.376566469669342
-0.602705538272858,-0.239757925271988,1.00758242607117,0.538323223590851,-0.506952404975891,0.556502878665924,0.378829777240753
-0.603711783885956,-0.239460870623589,1.00753653049469,0.537448525428772,-0.507581532001495,0.555005788803101,0.381416887044907
-0.60505223274231,-0.239273577928543,1.00706493854523,0.536043167114258,-0.508672416210175,0.553888380527496,0.383559614419937
-0.606242716312408,-0.238798797130585,1.00695633888245,0.534481167793274,-0.509583294391632,0.552564203739166,0.386429250240326
-0.606761157512665,-0.238920405507088,1.00715684890747,0.534992396831512,-0.509524643421173,0.550219118595123,0.389136165380478
-0.608353197574615,-0.238867774605751,1.00623738765717,0.533592879772186,-0.510833501815796,0.549382746219635,0.390520393848419
-0.60907107591629,-0.23853226006031,1.00688064098358,0.53318840265274,-0.511084496974945,0.546932339668274,0.394167184829712
-0.610817313194275,-0.238369137048721,1.00682783126831,0.530862152576447,-0.514003813266754,0.543488621711731,0.398253291845322
-0.612519562244415,-0.239396169781685,1.00716066360474,0.530877411365509,-0.515502631664276,0.542683362960815,0.39739266037941
-0.613013446331024,-0.237809687852859,1.0060898065567,0.529887437820435,-0.514310956001282,0.541700541973114,0.401577115058899
-0.614964187145233,-0.238895356655121,1.0069694519043,0.529667556285858,-0.516510725021362,0.539339423179626,0.40222156047821
-0.616198658943176,-0.238653391599655,1.0066123008728,0.528586506843567,-0.517643868923187,0.537322700023651,0.40487739443779
-0.617363631725311,-0.238328129053116,1.00670444965363,0.527155995368958,-0.519294261932373,0.534615457057953,0.408199071884155
-0.618994653224945,-0.23808228969574,1.00668251514435,0.525594472885132,-0.520758748054504,0.533216238021851,0.410172253847122
-0.619648814201355,-0.236380234360695,1.00579237937927,0.524301588535309,-0.520074307918549,0.531532466411591,0.414854139089584
-0.621485710144043,-0.237023249268532,1.00642371177673,0.524024605751038,-0.521661221981049,0.529879629611969,0.415325492620468
-0.622863173484802,-0.236607164144516,1.00638687610626,0.523181915283203,-0.522257626056671,0.528261125087738,0.417693674564362
-0.624335467815399,-0.236324042081833,1.0061708688736,0.521954536437988,-0.523656129837036,0.526371657848358,0.419857859611511
-0.625837683677673,-0.236115083098412,1.00588583946228,0.520715653896332,-0.52539050579071,0.524146139621735,0.42200779914856
-0.627412676811218,-0.235690146684647,1.00588369369507,0.519021451473236,-0.527346789836884,0.521525800228119,0.424891978502274
-0.627784252166748,-0.233666554093361,1.00500750541687,0.518440783023834,-0.525353610515594,0.520908772945404,0.428808957338333
-0.629232466220856,-0.233338117599487,1.00461900234222,0.517191052436829,-0.527096331119537,0.518607795238495,0.430962890386581
-0.631551146507263,-0.234288424253464,1.00514566898346,0.5159552693367,-0.530681192874908,0.516082763671875,0.431075692176819
-0.632534325122833,-0.233250483870506,1.00549495220184,0.515274703502655,-0.530491530895233,0.514880120754242,0.433554202318191
-0.633425354957581,-0.23184809088707,1.00526130199432,0.514516651630402,-0.529944241046906,0.513617694377899,0.436610579490662
-0.634975671768188,-0.231546819210052,1.00470995903015,0.513175427913666,-0.532141327857971,0.511283695697784,0.438252836465836
-0.636338889598846,-0.231774613261223,1.00498580932617,0.513270378112793,-0.533693313598633,0.508568525314331,0.439412146806717
-0.636972546577454,-0.229822859168053,1.00420951843262,0.511575162410736,-0.533377349376678,0.507234275341034,0.443297803401947
-0.639230489730835,-0.230957254767418,1.00460255146027,0.511246502399445,-0.536980867385864,0.50444507598877,0.442508608102798
-0.640427827835083,-0.230015397071838,1.00431537628174,0.509634971618652,-0.538586378097534,0.502254962921143,0.444901198148727
-0.641729354858398,-0.229355871677399,1.00421762466431,0.508893013000488,-0.539484262466431,0.500776410102844,0.446326911449432
-0.642668128013611,-0.228735193610191,1.00422763824463,0.508320808410645,-0.54046356678009,0.498393148183823,0.448456764221191
-0.643883109092712,-0.228216111660004,1.00411427021027,0.507495403289795,-0.541910648345947,0.496443033218384,0.449806153774261
-0.643883109092712,-0.228216111660004,1.00411427021027,0.507495403289795,-0.541910648345947,0.496443033218384,0.449806153774261
-0.646024584770203,-0.226854860782623,1.0040191411972,0.505864858627319,-0.544504404067993,0.492376327514648,0.452969640493393
-0.646024584770203,-0.226854860782623,1.0040191411972,0.505864858627319,-0.544504404067993,0.492376327514648,0.452969640493393
-0.648261725902557,-0.22556084394455,1.00387942790985,0.504374325275421,-0.5468909740448,0.488923162221909,0.455490082502365
-0.649368345737457,-0.224948212504387,1.00390267372131,0.503422021865845,-0.54825097322464,0.487120777368545,0.456837505102158
-0.650335550308228,-0.224111393094063,1.00406837463379,0.502668082714081,-0.549099266529083,0.485886245965958,0.457962274551392
-0.651573777198792,-0.223590463399887,1.003821849823,0.501286864280701,-0.551211893558502,0.483883500099182,0.459057599306107
-0.652572631835938,-0.223100766539574,1.00392258167267,0.50063544511795,-0.552362024784088,0.482403159141541,0.459943264722824
-0.652572631835938,-0.223100766539574,1.00392258167267,0.50063544511795,-0.552362024784088,0.482403159141541,0.459943264722824
-0.654691219329834,-0.221850380301475,1.00424480438232,0.498649746179581,-0.554728984832764,0.479774951934814,0.461995989084244
-0.655690491199493,-0.22139148414135,1.00436270236969,0.497412204742432,-0.556521594524384,0.478664934635162,0.462325543165207
-0.656623721122742,-0.220850020647049,1.00447618961334,0.496658056974411,-0.55742746591568,0.477711409330368,0.463030397891998
-0.657573223114014,-0.220324218273163,1.00453996658325,0.495736956596375,-0.558473885059357,0.476767510175705,0.463728904724121
-0.658376753330231,-0.219998955726624,1.00465047359467,0.495338827371597,-0.559936165809631,0.475342273712158,0.463854402303696
-0.659041345119476,-0.219620525836944,1.00480830669403,0.494707852602005,-0.560788750648499,0.474592626094818,0.464265078306198
-0.659936964511871,-0.219251185655594,1.00490498542786,0.493745863437653,-0.561822712421417,0.473748803138733,0.464900255203247
-0.660508275032043,-0.218818068504333,1.00502395629883,0.493025630712509,-0.562600553035736,0.472955703735352,0.465531289577484
-0.66095358133316,-0.218442395329475,1.0052855014801,0.492601633071899,-0.563375890254974,0.472202569246292,0.465806692838669
-0.661439538002014,-0.218238264322281,1.00526511669159,0.492595493793487,-0.56390780210495,0.471265166997909,0.466119050979614
-0.661806404590607,-0.217933088541031,1.00539994239807,0.492462515830994,-0.564029455184937,0.471167027950287,0.466211766004562
-0.662176311016083,-0.217896938323975,1.00487923622131,0.492685377597809,-0.564219772815704,0.470839858055115,0.466076344251633
-0.662350296974182,-0.217648848891258,1.00502943992615,0.492573827505112,-0.564313411712646,0.47065258026123,0.466269820928574
-0.662568390369415,-0.217500448226929,1.00500929355621,0.492187291383743,-0.564647138118744,0.470690131187439,0.466236144304276
-0.662592649459839,-0.21724796295166,1.00514984130859,0.492128968238831,-0.564447224140167,0.470698118209839,0.466531544923782
-0.662651717662811,-0.217186003923416,1.0051155090332,0.492110162973404,-0.564534842967987,0.470578819513321,0.466565907001495
-0.66253387928009,-0.217037886381149,1.00524377822876,0.492309600114822,-0.56419837474823,0.470559179782867,0.466782420873642
-0.66250067949295,-0.217101752758026,1.00516557693481,0.492291331291199,-0.564381420612335,0.470338761806488,0.466802328824997
-0.66226726770401,-0.216980367898941,1.00539696216583,0.49241915345192,-0.563967943191528,0.470497310161591,0.467007428407669
-0.662014424800873,-0.216989070177078,1.00543284416199,0.49241629242897,-0.563965260982513,0.470372766256332,0.467139184474945
-0.661602735519409,-0.21681135892868,1.00573778152466,0.492763310670853,-0.563006103038788,0.470992714166641,0.467305362224579
-0.661211013793945,-0.216921299695969,1.00566422939301,0.493114441633224,-0.562711179256439,0.471028119325638,0.467254638671875
-0.660793721675873,-0.216863095760345,1.00586485862732,0.493403613567352,-0.562035441398621,0.47151854634285,0.467267990112305
-0.66039514541626,-0.216818079352379,1.00609910488129,0.493409126996994,-0.561805367469788,0.472019344568253,0.46703314781189
-0.659807741641998,-0.217068284749985,1.0063248872757,0.493783622980118,-0.561602234840393,0.471894145011902,0.467008411884308
-0.659250020980835,-0.216568827629089,1.00587964057922,0.493791848421097,-0.560459613800049,0.472961574792862,0.467292249202728
-0.658332407474518,-0.216219320893288,1.00562155246735,0.493751794099808,-0.559400022029877,0.473675608634949,0.46788027882576
-0.65802937746048,-0.216590255498886,1.00556421279907,0.494284391403198,-0.559144258499146,0.473915725946426,0.467380493879318
-0.65799218416214,-0.217381939291954,1.00604176521301,0.494668155908585,-0.559501230716705,0.474845796823502,0.465600043535232
-0.657544434070587,-0.217602431774139,1.00635743141174,0.494384527206421,-0.559386014938354,0.475742727518082,0.465123802423477
-0.656968832015991,-0.217883378267288,1.00644886493683,0.494843393564224,-0.558894872665405,0.47639399766922,0.464559435844421
-0.656209051609039,-0.217581540346146,1.00617039203644,0.49492272734642,-0.557847261428833,0.477523535490036,0.464574366807938
-0.656511604785919,-0.2192013412714,1.00712335109711,0.49555429816246,-0.559122622013092,0.477964490652084,0.461906909942627
-0.65611869096756,-0.219474211335182,1.00716066360474,0.495652496814728,-0.558781266212463,0.479483723640442,0.46063819527626
-0.655667543411255,-0.219759896397591,1.00724077224731,0.495641440153122,-0.558539927005768,0.480532377958298,0.459849298000336
-0.654715240001678,-0.219401851296425,1.00684690475464,0.495455682277679,-0.55756002664566,0.481690794229507,0.460026651620865
-0.654379785060883,-0.219872698187828,1.00661408901215,0.495625644922256,-0.557471334934235,0.483041316270828,0.45853254199028
-0.653971791267395,-0.2202999740839,1.00664830207825,0.496071010828018,-0.557195901870728,0.483867764472961,0.457513213157654
-0.653423964977264,-0.220620661973953,1.00666427612305,0.495879381895065,-0.55719667673111,0.48520627617836,0.456300735473633
-0.652850747108459,-0.220958828926086,1.00667750835419,0.496153026819229,-0.556743681430817,0.486467033624649,0.455212593078613
-0.652274549007416,-0.22136016190052,1.00667488574982,0.496521055698395,-0.556382596492767,0.487785011529922,0.453840315341949
-0.652274549007416,-0.22136016190052,1.00667488574982,0.496521055698395,-0.556382596492767,0.487785011529922,0.453840315341949
-0.651123940944672,-0.222145915031433,1.00659596920013,0.497190892696381,-0.555763781070709,0.489940613508224,0.45153734087944
-0.650451481342316,-0.222472622990608,1.00657999515533,0.497544974088669,-0.555191814899445,0.491449356079102,0.450209647417068
-0.649863004684448,-0.222881138324737,1.00648152828217,0.497983306646347,-0.554879248142242,0.492694914340973,0.448746353387833
-0.649024128913879,-0.223344042897224,1.00647723674774,0.498517841100693,-0.554502665996552,0.493636608123779,0.447582125663757
-0.648257553577423,-0.223611027002335,1.00666832923889,0.499064922332764,-0.553643524646759,0.495356947183609,0.446133136749268
-0.647688567638397,-0.22413544356823,1.00639665126801,0.499396026134491,-0.55362194776535,0.496405303478241,0.444621413946152
-0.646699368953705,-0.224387168884277,1.0065336227417,0.500344634056091,-0.552579879760742,0.49755796790123,0.44356170296669
-0.645819127559662,-0.224745362997055,1.00664091110229,0.500919759273529,-0.551958501338959,0.498815268278122,0.442272275686264
-0.644850492477417,-0.225122913718223,1.00654697418213,0.501602470874786,-0.55133444070816,0.499832481145859,0.441126823425293
-0.643976271152496,-0.225478500127792,1.00647437572479,0.502482831478119,-0.550578594207764,0.50105744600296,0.439676910638809
-0.643129527568817,-0.225830048322678,1.00636553764343,0.503013789653778,-0.549867928028107,0.502616047859192,0.438177704811096
-0.642098665237427,-0.226301401853561,1.00624561309814,0.504429936408997,-0.548956096172333,0.503377258777618,0.436817109584808
-0.641226589679718,-0.226656019687653,1.00617742538452,0.505049765110016,-0.548425316810608,0.504464328289032,0.435511320829391
-0.640177369117737,-0.226970434188843,1.00600373744965,0.505942165851593,-0.547523975372314,0.505805671215057,0.434051752090454
-0.639277637004852,-0.227324709296227,1.00589740276337,0.506707370281219,-0.546869516372681,0.506807923316956,0.432813286781311
-0.638188183307648,-0.2278723269701,1.00552475452423,0.508050084114075,-0.546126425266266,0.50755375623703,0.431300818920135
-0.637244641780853,-0.228105038404465,1.0056619644165,0.508826911449432,-0.545322775840759,0.508518278598785,0.430264294147491
-0.636263966560364,-0.228528991341591,1.00549852848053,0.509929180145264,-0.544570565223694,0.509525179862976,0.428718417882919
-0.635304152965546,-0.228918999433517,1.0053950548172,0.511056423187256,-0.543735980987549,0.510515332221985,0.42725470662117
-0.634180724620819,-0.229284584522247,1.00532352924347,0.512215435504913,-0.542816042900085,0.511200129985809,0.426216602325439
-0.6333327293396,-0.229518324136734,1.00521969795227,0.513047635555267,-0.542107760906219,0.512161493301392,0.424961239099503
-0.632293701171875,-0.229812026023865,1.0051372051239,0.514029085636139,-0.541117608547211,0.513112664222717,0.423888325691223
-0.631623685359955,-0.230925261974335,1.00530385971069,0.515375852584839,-0.541359961032867,0.513376653194427,0.421618163585663
-0.630459189414978,-0.230523318052292,1.00490367412567,0.516152143478394,-0.539323210716248,0.515360951423645,0.420857042074203
-0.629496157169342,-0.230858728289604,1.00473165512085,0.517242074012756,-0.538660764694214,0.515734553337097,0.41990852355957
-0.628667950630188,-0.231224924325943,1.00455570220947,0.518280863761902,-0.537850022315979,0.51665210723877,0.418536901473999
-0.627631008625031,-0.231599032878876,1.004603266716,0.51955783367157,-0.536658525466919,0.517633974552155,0.417268097400665
-0.626805603504181,-0.231911659240723,1.0045074224472,0.52058470249176,-0.535784423351288,0.518490374088287,0.416046112775803
-0.626805603504181,-0.231911659240723,1.0045074224472,0.52058470249176,-0.535784423351288,0.518490374088287,0.416046112775803
-0.625284969806671,-0.233134523034096,1.00469958782196,0.52273553609848,-0.534932672977448,0.519581854343414,0.413073271512985
-0.623935580253601,-0.233410075306892,1.00466883182526,0.523659825325012,-0.534708857536316,0.51914244890213,0.41274431347847
-0.623935580253601,-0.233410075306892,1.00466883182526,0.523659825325012,-0.534708857536316,0.51914244890213,0.41274431347847
-0.622668325901031,-0.233889192342758,1.00472378730774,0.524979174137115,-0.533180713653564,0.521037697792053,0.410651713609695
-0.621224582195282,-0.233078241348267,1.00377631187439,0.526383996009827,-0.529615938663483,0.523101568222046,0.410842537879944
-0.621016561985016,-0.234614133834839,1.00446343421936,0.527868807315826,-0.530099630355835,0.52330881357193,0.408040344715118
-0.619650602340698,-0.233942121267319,1.00375258922577,0.527729868888855,-0.528836011886597,0.523845374584198,0.409169524908066
-0.618827939033508,-0.235225319862366,1.00260698795319,-0.532909452915192,0.524770021438599,-0.527692258358002,-0.402697116136551
-0.618155896663666,-0.235494405031204,1.00254583358765,-0.53401106595993,0.523772954940796,-0.5282222032547,-0.401840001344681
-0.617171764373779,-0.234439373016357,1.00347673892975,-0.53166526556015,0.524316668510437,-0.526661992073059,-0.406265050172806
-0.617133736610413,-0.236111029982567,1.00424778461456,-0.532737910747528,0.525242924690247,-0.526645064353943,-0.403677105903625
-0.616480588912964,-0.236421644687653,1.00417613983154,-0.533585548400879,0.524415910243988,-0.527313768863678,-0.402759075164795
-0.615100562572479,-0.235404267907143,1.00357151031494,-0.533417344093323,0.522821068763733,-0.527544319629669,-0.404748290777206
-0.614468634128571,-0.235690414905548,1.00353717803955,-0.534240961074829,0.521860718727112,-0.528250992298126,-0.403978914022446
-0.613719522953033,-0.235931158065796,1.00357842445374,-0.534895896911621,0.521102666854858,-0.528692066669464,-0.403513610363007
-0.612884521484375,-0.236154541373253,1.00363337993622,-0.535943210124969,0.519762635231018,-0.529299855232239,-0.403055340051651
-0.612251222133636,-0.236379235982895,1.00363183021545,-0.536322891712189,0.519639194011688,-0.528319418430328,-0.403995007276535
-0.612062633037567,-0.237517535686493,1.0042861700058,-0.538650751113892,0.51776510477066,-0.531168758869171,-0.399543046951294
-0.611275494098663,-0.237728774547577,1.00421631336212,-0.539809823036194,0.516348659992218,-0.531883955001831,-0.398859441280365
-0.610665678977966,-0.23813197016716,1.00389528274536,-0.540707468986511,0.515747547149658,-0.532110452651978,-0.398118585348129
-0.609309136867523,-0.236641436815262,1.00324499607086,-0.539936244487762,0.514255523681641,-0.532481789588928,-0.400591284036636
-0.608728289604187,-0.236824989318848,1.00317895412445,-0.541042804718018,0.512424170970917,-0.533760190010071,-0.39974257349968
-0.608177542686462,-0.236903086304665,1.00315999984741,-0.541196525096893,0.512306988239288,-0.53403776884079,-0.399313867092133
-0.607387185096741,-0.237181037664413,1.00330018997192,-0.54281210899353,0.510114967823029,-0.535037279129028,-0.398588836193085
-0.606606841087341,-0.237772479653358,1.00349855422974,-0.543430685997009,0.510098397731781,-0.534388899803162,-0.398636817932129
-0.606075584888458,-0.238040551543236,1.00338053703308,-0.544259369373322,0.509388744831085,-0.534415781497955,-0.398377567529678
-0.605579137802124,-0.238119691610336,1.0034271478653,-0.543876111507416,0.50986635684967,-0.534381687641144,-0.398335695266724
-0.604804217815399,-0.237869888544083,1.00357055664062,-0.544858157634735,0.507808566093445,-0.535681009292603,-0.397876918315887
-0.604395627975464,-0.237924456596375,1.00364923477173,-0.545264184474945,0.507004201412201,-0.536267399787903,-0.397556364536285
-0.604089140892029,-0.238086178898811,1.00369834899902,-0.54576712846756,0.506380438804626,-0.536618649959564,-0.397186815738678
-0.604072749614716,-0.237890481948853,1.00387370586395,-0.54604035615921,0.504505693912506,-0.538672387599945,-0.396416455507278
-0.603807270526886,-0.237912312150001,1.00401127338409,-0.545928597450256,0.504213035106659,-0.539322197437286,-0.39605900645256
-0.603589177131653,-0.237960547208786,1.00422191619873,-0.545963168144226,0.504077196121216,-0.539237082004547,-0.396299839019775
-0.602994441986084,-0.238106846809387,1.00456178188324,-0.546359062194824,0.503598034381866,-0.539228200912476,-0.396375864744186
-0.602994441986084,-0.238106846809387,1.00456178188324,-0.546359062194824,0.503598034381866,-0.539228200912476,-0.396375864744186
-0.603107333183289,-0.237902954220772,1.00505256652832,-0.545422613620758,0.503927528858185,-0.540099561214447,-0.396060228347778
-0.603107333183289,-0.237902954220772,1.00505256652832,-0.545422613620758,0.503927528858185,-0.540099561214447,-0.396060228347778
-0.603090167045593,-0.237917512655258,1.00560402870178,-0.545380711555481,0.503388106822968,-0.541243433952332,-0.395241647958755
-0.602862358093262,-0.237988576292992,1.00626385211945,-0.545318782329559,0.503327906131744,-0.541166722774506,-0.395508825778961
-0.602922141551971,-0.238005816936493,1.00662279129028,-0.545541822910309,0.502267241477966,-0.542244851589203,-0.395072519779205
-0.602992177009583,-0.237978994846344,1.00695097446442,-0.544422090053558,0.503577947616577,-0.541892945766449,-0.395431250333786
-0.603068292140961,-0.237964317202568,1.00730991363525,-0.544460713863373,0.502587139606476,-0.542972326278687,-0.395158141851425
-0.603142857551575,-0.237947151064873,1.00760662555695,-0.543658196926117,0.503696739673615,-0.542640328407288,-0.395305991172791
-0.603255927562714,-0.237938493490219,1.00792849063873,0.543670535087585,-0.502855777740479,0.543715417385101,0.394882261753082
-0.603572607040405,-0.237803310155869,1.007967710495,0.543534338474274,-0.501579284667969,0.545914232730865,0.393657684326172
-0.603364288806915,-0.237884700298309,1.00840985774994,0.543680489063263,-0.501412391662598,0.545934438705444,0.393640488386154
-0.603493452072144,-0.237860202789307,1.00865030288696,0.543331921100616,-0.501634001731873,0.546079158782959,0.393638551235199
-0.603544116020203,-0.237793728709221,1.00888919830322,0.543402791023254,-0.501324117183685,0.546162664890289,0.393819808959961
-0.604046106338501,-0.237523123621941,1.00908255577087,0.542392611503601,-0.501668274402618,0.546833693981171,0.393843114376068
-0.604140043258667,-0.237376689910889,1.00935506820679,0.542289555072784,-0.501442432403564,0.54706883430481,0.393945693969727
-0.60423731803894,-0.237191170454025,1.00960743427277,0.541700482368469,-0.501744449138641,0.547029614448547,0.394425600767136
-0.604519724845886,-0.236808702349663,1.00967276096344,0.540986478328705,-0.501749515533447,0.547504723072052,0.394739836454391
-0.604601562023163,-0.236575305461883,1.00984466075897,0.539530754089355,-0.504240393638611,0.545701384544373,0.396053165197372
-0.604268550872803,-0.236754223704338,1.01029634475708,0.5401291847229,-0.50406152009964,0.545110881328583,0.396278649568558
-0.604580760002136,-0.236842706799507,1.01051950454712,0.539562582969666,-0.504965603351593,0.544594943523407,0.39660832285881
-0.604554295539856,-0.236161977052689,1.01099252700806,0.539808094501495,-0.502825856208801,0.54622346162796,0.396753400564194
-0.604765295982361,-0.235998839139938,1.01125240325928,0.539436340332031,-0.503351807594299,0.54492574930191,0.398373365402222
-0.605006039142609,-0.235990732908249,1.01117277145386,0.539185643196106,-0.503827691078186,0.544745683670044,0.398357450962067
-0.605006039142609,-0.235990732908249,1.01117277145386,0.539185643196106,-0.503827691078186,0.544745683670044,0.398357450962067
-0.605397462844849,-0.235478103160858,1.01157653331757,0.538737595081329,-0.503471076488495,0.545919239521027,0.397807955741882
-0.605657637119293,-0.235278323292732,1.01177549362183,0.539004743099213,-0.503010749816895,0.546211242675781,0.397627532482147
-0.605839252471924,-0.234878823161125,1.01210188865662,0.538794755935669,-0.502784371376038,0.546269834041595,0.398117512464523
-0.606305181980133,-0.234416753053665,1.01217818260193,0.538230419158936,-0.502803683280945,0.546581029891968,0.398429125547409
-0.606146693229675,-0.234171196818352,1.01244294643402,0.538485825061798,-0.503197491168976,0.545463085174561,0.39911812543869
-0.606365859508514,-0.233911246061325,1.01258587837219,0.538727581501007,-0.502145528793335,0.546275496482849,0.399005860090256
-0.60663640499115,-0.233625814318657,1.012779712677,0.53901880979538,-0.501144111156464,0.54709392786026,0.398750096559524
-0.606922209262848,-0.233345061540604,1.01280617713928,0.538854241371155,-0.501266479492188,0.546855032444,0.399146288633347
-0.607245624065399,-0.233454376459122,1.01228857040405,0.538955688476562,-0.5019491314888,0.546234428882599,0.399001091718674
-0.607540369033813,-0.233053341507912,1.01241648197174,0.537954568862915,-0.504415810108185,0.543630063533783,0.400794118642807
-0.607833623886108,-0.23243735730648,1.01314687728882,0.537515819072723,-0.504179239273071,0.543476045131683,0.401888161897659
-0.60816890001297,-0.232458382844925,1.01271951198578,0.538284301757812,-0.50347900390625,0.54371052980423,0.401419848203659
-0.608404397964478,-0.231876894831657,1.01334452629089,0.537987053394318,-0.503199696540833,0.543509900569916,0.402439057826996
-0.608734846115112,-0.231518417596817,1.01342666149139,0.537313163280487,-0.50443834066391,0.542452812194824,0.403214156627655
-0.60922646522522,-0.23137591779232,1.01331448554993,0.537843942642212,-0.503760933876038,0.542489230632782,0.403304487466812
-0.61005699634552,-0.230919063091278,1.0131311416626,0.536814749240875,-0.504612505435944,0.542398154735565,0.403733164072037
-0.610321581363678,-0.230361014604568,1.01364493370056,0.53651350736618,-0.5043825507164,0.542241215705872,0.404630690813065
-0.610423147678375,-0.230280682444572,1.01396179199219,0.536905229091644,-0.504414796829224,0.541402339935303,0.40519380569458
-0.610852658748627,-0.230038419365883,1.01408517360687,0.537792861461639,-0.502762377262115,0.542408764362335,0.404723912477493
-0.611406207084656,-0.22978575527668,1.01420927047729,0.537476003170013,-0.503137469291687,0.542054295539856,0.405153721570969
-0.61221832036972,-0.229260072112083,1.01413822174072,0.535307168960571,-0.506299555301666,0.539991319179535,0.406837224960327
-0.61264181137085,-0.228988707065582,1.0142617225647,0.535606622695923,-0.505603551864624,0.539959788322449,0.407350182533264
-0.613057851791382,-0.228720232844353,1.01446270942688,0.535373032093048,-0.505840837955475,0.539457142353058,0.408028155565262
-0.613752603530884,-0.22884775698185,1.01460230350494,0.534776031970978,-0.507166028022766,0.538383364677429,0.408583790063858
-0.614191114902496,-0.228595107793808,1.01480841636658,0.534519135951996,-0.507304251194,0.537915587425232,0.409363627433777
-0.614541292190552,-0.228204101324081,1.01502895355225,0.534769654273987,-0.506744384765625,0.53778088092804,0.40990674495697
-0.614927291870117,-0.227986052632332,1.01510405540466,0.534308075904846,-0.507054567337036,0.53766393661499,0.410277992486954
-0.615402817726135,-0.227751851081848,1.01526546478271,0.534035801887512,-0.507148623466492,0.537319302558899,0.410967290401459
-0.616349577903748,-0.22797554731369,1.01528930664062,0.533479571342468,-0.508607864379883,0.536104619503021,0.411472469568253
-0.616201519966125,-0.227227509021759,1.01579964160919,0.534074604511261,-0.506773173809052,0.536503672599792,0.412443161010742
-0.61649352312088,-0.227033078670502,1.01594924926758,0.533973455429077,-0.506701946258545,0.536027908325195,0.413279116153717
-0.616469323635101,-0.226999759674072,1.0162581205368,0.534422218799591,-0.50630247592926,0.535317897796631,0.414107739925385
-0.617199957370758,-0.22698338329792,1.01564013957977,0.534068942070007,-0.506889462471008,0.535050988197327,0.4141905605793
-0.61748331785202,-0.226387605071068,1.0163516998291,0.533649325370789,-0.506203651428223,0.535030484199524,0.415594398975372
-0.618591010570526,-0.227923482656479,1.0167521238327,-0.534078598022461,0.508271872997284,-0.533970236778259,-0.413878887891769
-0.618796229362488,-0.227459460496902,1.0174400806427,0.534333288669586,-0.506356298923492,0.534954309463501,0.41462653875351
-0.619019985198975,-0.227181166410446,1.0174914598465,-0.533062756061554,0.508588492870331,-0.532650768756866,-0.416491389274597
-0.619170129299164,-0.226847618818283,1.01778471469879,-0.533056676387787,0.507931590080261,-0.53243088722229,-0.417580246925354
-0.619421601295471,-0.226665884256363,1.01788020133972,-0.532808303833008,0.507836937904358,-0.532091736793518,-0.418443918228149
-0.618949592113495,-0.225296810269356,1.01724576950073,-0.532370567321777,0.505996227264404,-0.532271862030029,-0.42099392414093
-0.619115829467773,-0.22509329020977,1.01741051673889,0.532216131687164,-0.505620419979095,0.532369077205658,0.421517819166183
-0.619310736656189,-0.224993482232094,1.01754724979401,0.532681405544281,-0.504267692565918,0.532797574996948,0.422008693218231
-0.619561553001404,-0.224885836243629,1.01776099205017,-0.532768845558167,0.503979384899139,-0.53235936164856,-0.422795206308365
-0.619804799556732,-0.225114375352859,1.01735818386078,-0.532809436321259,0.504369258880615,-0.531753718852997,-0.423041254281998
-0.619680285453796,-0.22520238161087,1.01772260665894,-0.533172786235809,0.504156708717346,-0.531016409397125,-0.423762202262878
-0.619787454605103,-0.22503162920475,1.01788520812988,-0.532989859580994,0.504127562046051,-0.530466079711914,-0.424715369939804
-0.620177149772644,-0.224708080291748,1.01789832115173,-0.532720267772675,0.50359970331192,-0.530915200710297,-0.425118237733841
-0.620270252227783,-0.22453773021698,1.01807260513306,-0.532646954059601,0.503228306770325,-0.530788660049438,-0.425807148218155
-0.620268762111664,-0.224115997552872,1.01864540576935,-0.532433211803436,0.502596259117126,-0.530781447887421,-0.426828861236572
-0.620455145835876,-0.224176913499832,1.01855027675629,-0.532310962677002,0.502797901630402,-0.530442357063293,-0.427165359258652
-0.62044370174408,-0.223814442753792,1.01894509792328,-0.532224535942078,0.502101600170135,-0.530643463134766,-0.427841812372208
-0.620534479618073,-0.223695769906044,1.01902616024017,-0.532172620296478,0.501893579959869,-0.530616521835327,-0.428183972835541
-0.620645582675934,-0.223576560616493,1.01910507678986,-0.532030820846558,0.501775145530701,-0.530637919902802,-0.428472101688385
-0.620728313922882,-0.223473593592644,1.01919996738434,-0.531944096088409,0.501627802848816,-0.530541777610779,-0.428871065378189
-0.620817422866821,-0.223411947488785,1.01925015449524,-0.532024681568146,0.501525938510895,-0.530460059642792,-0.428991556167602
-0.620905816555023,-0.223309010267258,1.01931631565094,-0.531942903995514,0.501425385475159,-0.530517995357513,-0.429138660430908
-0.620952904224396,-0.223245710134506,1.01935839653015,-0.531892538070679,0.501384437084198,-0.530496835708618,-0.429275304079056
-0.621029615402222,-0.223180949687958,1.01939177513123,-0.531782865524292,0.501439273357391,-0.530501246452332,-0.429341524839401
-0.621037781238556,-0.223057597875595,1.01942884922028,-0.531760156154633,0.501271665096283,-0.530653655529022,-0.429377257823944
-0.621090352535248,-0.223081290721893,1.01938211917877,-0.531704783439636,0.501507699489594,-0.530522763729095,-0.429331570863724
-0.621068894863129,-0.222976922988892,1.01940405368805,-0.531692266464233,0.501429855823517,-0.53061717748642,-0.429321527481079
-0.621022999286652,-0.222858309745788,1.01937472820282,-0.531783401966095,0.501202285289764,-0.530874609947205,-0.429156184196472
-0.621059775352478,-0.222960621118546,1.01913738250732,-0.531771540641785,0.501615405082703,-0.530721843242645,-0.428877025842667
-0.620952129364014,-0.22274999320507,1.01926624774933,-0.531793177127838,0.501329839229584,-0.531003594398499,-0.428835391998291
-0.620891869068146,-0.222691088914871,1.01918232440948,-0.53172779083252,0.501496911048889,-0.531030118465424,-0.428688317537308
-0.620874643325806,-0.222795128822327,1.01892125606537,-0.531598150730133,0.501941978931427,-0.53111332654953,-0.4282246530056
-0.620735585689545,-0.222609534859657,1.01896739006042,-0.53165191411972,0.501741588115692,-0.531379282474518,-0.428062856197357
-0.620663821697235,-0.222554683685303,1.01887822151184,-0.531615316867828,0.501865983009338,-0.53149950504303,-0.427812874317169
-0.620651483535767,-0.222679913043976,1.01859569549561,-0.531629145145416,0.502344906330109,-0.53145170211792,-0.427292883396149
-0.620522797107697,-0.22252431511879,1.01867151260376,0.531678974628448,-0.502223908901215,0.531745910644531,0.427007049322128
-0.620410323143005,-0.222486674785614,1.01855170726776,0.531824350357056,-0.50218653678894,0.532054901123047,0.426484763622284
-0.620324313640594,-0.222464695572853,1.01844370365143,0.531911015510559,-0.502332150936127,0.532261312007904,0.425947219133377
-0.620247602462769,-0.222494229674339,1.01830315589905,0.531998634338379,-0.502481162548065,0.532535374164581,0.4253189265728
-0.620247602462769,-0.222494229674339,1.01830315589905,0.531998634338379,-0.502481162548065,0.532535374164581,0.4253189265728
-0.620054304599762,-0.222571477293968,1.01807248592377,0.532840192317963,-0.501178085803986,0.534945011138916,0.422771811485291
-0.620022058486938,-0.222944840788841,1.01746821403503,0.53312873840332,-0.501772403717041,0.534974277019501,0.421664118766785
-0.6199089884758,-0.222985506057739,1.01737523078918,0.533227741718292,-0.502110004425049,0.53478342294693,0.421379238367081
-0.620002567768097,-0.222745820879936,1.01717245578766,0.5316082239151,-0.504619836807251,0.5339475274086,0.42148756980896
-0.619918644428253,-0.222812384366989,1.01707184314728,0.531481623649597,-0.505097091197968,0.533854067325592,0.421193808317184
-0.620212197303772,-0.224430248141289,1.01798176765442,0.533316433429718,-0.505367696285248,0.534228980541229,0.4180628657341
-0.620088219642639,-0.224572449922562,1.01786684989929,0.533106029033661,-0.505786716938019,0.534526348114014,0.417443811893463
-0.61958920955658,-0.224378496408462,1.01760423183441,0.533257007598877,-0.505402326583862,0.534812271595001,0.417350679636002
-0.618791341781616,-0.223637372255325,1.01704907417297,0.533294916152954,-0.504245340824127,0.535298645496368,0.418077141046524
-0.618667781352997,-0.223725587129593,1.01695907115936,0.533273994922638,-0.50432813167572,0.535830318927765,0.417322188615799
-0.618717014789581,-0.22336083650589,1.01718211174011,0.532131373882294,-0.505034267902374,0.535170257091522,0.418771475553513
-0.618588387966156,-0.22348165512085,1.01710081100464,0.532318413257599,-0.504384279251099,0.537248015403748,0.416651368141174
-0.618156790733337,-0.223807781934738,1.01715242862701,0.532805263996124,-0.504313051700592,0.537268221378326,0.41608864068985
-0.618015110492706,-0.224003583192825,1.01699912548065,0.532952904701233,-0.504354596138,0.53772097826004,0.415263503789902
-0.617831528186798,-0.224170565605163,1.01691150665283,0.53306645154953,-0.504299283027649,0.538128972053528,0.414655834436417
-0.617689669132233,-0.224402531981468,1.01677584648132,0.532822847366333,-0.504837095737457,0.53817892074585,0.414249747991562
-0.617787897586823,-0.224372684955597,1.01663160324097,0.531999111175537,-0.505136072635651,0.539042770862579,0.413820654153824
-0.61724591255188,-0.224700123071671,1.01669275760651,0.532612323760986,-0.504817366600037,0.539031863212585,0.413434833288193
-0.617322146892548,-0.224790558218956,1.01646161079407,0.532546520233154,-0.504635751247406,0.539956331253052,0.41253399848938
-0.616697907447815,-0.22516718506813,1.01649248600006,0.533183693885803,-0.504390716552734,0.539726972579956,0.412310391664505
-0.616447508335114,-0.225310623645782,1.01642858982086,0.533272445201874,-0.504165589809418,0.540135979652405,0.411935448646545
-0.61668848991394,-0.225193753838539,1.01613771915436,0.532073318958282,-0.504542350769043,0.54116678237915,0.411671429872513
-0.616516292095184,-0.225378721952438,1.01601886749268,0.531936407089233,-0.504437386989594,0.541968405246735,0.410921931266785
-0.616210103034973,-0.225788116455078,1.01595795154572,0.532311916351318,-0.504412293434143,0.542021214962006,0.410396546125412
-0.616016745567322,-0.226042434573173,1.01580131053925,0.532687664031982,-0.504161417484283,0.542155504226685,0.410039931535721
-0.615513861179352,-0.226392313838005,1.01583790779114,0.533336818218231,-0.503715217113495,0.54225879907608,0.409607410430908
-0.615323662757874,-0.226633995771408,1.01573026180267,0.53343403339386,-0.503667116165161,0.542500436306,0.409219741821289
-0.615049064159393,-0.226802408695221,1.01568818092346,0.53352165222168,-0.503476917743683,0.542727708816528,0.409038543701172
-0.614890396595001,-0.227117285132408,1.01545870304108,0.533638596534729,-0.503603518009186,0.542882323265076,0.408524483442307
-0.614685714244843,-0.227608636021614,1.01484405994415,0.534173607826233,-0.50368344783783,0.542910158634186,0.407688975334167
-0.614472806453705,-0.227403521537781,1.01542103290558,0.53366094827652,-0.503223896026611,0.543583512306213,0.408030539751053
-0.614371180534363,-0.227607309818268,1.01535630226135,0.533743560314178,-0.503201246261597,0.543892502784729,0.407538145780563
-0.614383518695831,-0.228236883878708,1.01468670368195,0.533931910991669,-0.503827512264252,0.543770253658295,0.406679809093475
-0.614200353622437,-0.228052273392677,1.01518404483795,0.533775627613068,-0.503300130367279,0.544192850589752,0.40697255730629
-0.614240765571594,-0.228549882769585,1.01460266113281,0.533973455429077,-0.503695964813232,0.544290840625763,0.406091600656509
-0.614246368408203,-0.228819966316223,1.01454365253448,0.533775568008423,-0.504039227962494,0.544105768203735,0.406173884868622
-0.614550769329071,-0.228738754987717,1.01435482501984,0.535664141178131,-0.502070486545563,0.544378519058228,0.405760049819946
-0.614564299583435,-0.228757992386818,1.01416707038879,0.541020333766937,-0.498735010623932,0.545143485069275,0.401720136404037
-0.61468118429184,-0.229098498821258,1.01399385929108,0.540766358375549,-0.499381989240646,0.544929683208466,0.401548326015472
-0.614720463752747,-0.229544878005981,1.01404523849487,0.532144844532013,-0.505594730377197,0.544914901256561,0.405294477939606
-0.614696323871613,-0.229585617780685,1.01402163505554,0.532181680202484,-0.505492568016052,0.544796824455261,0.405532330274582
-0.614794313907623,-0.229914635419845,1.01388645172119,0.531797468662262,-0.506253123283386,0.544386863708496,0.405638247728348
-0.614790260791779,-0.22995463013649,1.0143039226532,0.529339730739594,-0.506560027599335,0.54423326253891,0.408664256334305
-0.614732086658478,-0.229920953512192,1.01385509967804,0.532219350337982,-0.50525563955307,0.545215487480164,0.405215084552765
-0.614735662937164,-0.230119526386261,1.01391637325287,0.529890060424805,-0.505778074264526,0.544987201690674,0.407914310693741
-0.614716649055481,-0.230144619941711,1.01371276378632,0.532343447208405,-0.505098760128021,0.545360624790192,0.405052483081818
-0.614742994308472,-0.230377823114395,1.01346826553345,0.532325923442841,-0.505247890949249,0.545604169368744,0.404561430215836
-0.61470639705658,-0.230573669075966,1.01330900192261,0.53254234790802,-0.505250990390778,0.5455002784729,0.404412537813187
-0.614245474338531,-0.230774939060211,1.01353549957275,0.533557951450348,-0.504567742347717,0.544831693172455,0.404828041791916
-0.614124357700348,-0.230956494808197,1.01342272758484,0.533856868743896,-0.504351198673248,0.544810593128204,0.404732197523117
-0.61396723985672,-0.231139153242111,1.01337385177612,0.534351468086243,-0.504023909568787,0.544717907905579,0.404612064361572
-0.61379086971283,-0.231341823935509,1.01327884197235,0.534936308860779,-0.503567695617676,0.544659733772278,0.40448585152626
-0.613706946372986,-0.231779664754867,1.01285624504089,0.535450518131256,-0.503749072551727,0.544277012348175,0.40409454703331
-0.6133913397789,-0.23186269402504,1.01294052600861,0.536158561706543,-0.502984166145325,0.544247627258301,0.404147833585739
-0.613360285758972,-0.231833875179291,1.01259505748749,0.536912739276886,-0.502127349376678,0.544572532176971,0.403774291276932
-0.613043606281281,-0.231996819376945,1.01254522800446,0.536949455738068,-0.502748906612396,0.543598353862762,0.404264479875565
-0.613463699817657,-0.233537778258324,1.01312839984894,0.537987589836121,-0.503916800022125,0.543002843856812,0.402225404977798
-0.612461566925049,-0.232457429170608,1.0121545791626,0.538435041904449,-0.501567363739014,0.543542325496674,0.403831034898758
-0.612169802188873,-0.232734307646751,1.01205205917358,0.539393723011017,-0.500684559345245,0.543684899806976,0.403455466032028
-0.611814975738525,-0.233101770281792,1.01187252998352,0.540173530578613,-0.500026345252991,0.543770492076874,0.403113096952438
-0.611121833324432,-0.23379722237587,1.01172137260437,0.541564881801605,-0.499582469463348,0.542919874191284,0.402942717075348
-0.610798358917236,-0.234141379594803,1.01166725158691,0.542939603328705,-0.497725814580917,0.543727397918701,0.40230119228363
-0.610413312911987,-0.234445467591286,1.0115681886673,0.543852210044861,-0.496717274188995,0.543922364711761,0.402051150798798
-0.610076785087585,-0.234724506735802,1.01149237155914,-0.544642567634583,0.495836615562439,-0.544251382350922,-0.401623219251633
-0.610030472278595,-0.234926328063011,1.01133453845978,0.54461658000946,-0.495471239089966,0.545003414154053,0.401088833808899
-0.609525859355927,-0.235096648335457,1.01147615909576,-0.545346081256866,0.494347095489502,-0.545252561569214,-0.401146024465561
-0.608854234218597,-0.235718220472336,1.01147842407227,-0.546226263046265,0.493788093328476,-0.54498279094696,-0.40100371837616
-0.608495950698853,-0.236120834946632,1.01146399974823,-0.546779096126556,0.492993831634521,-0.545355618000031,-0.400720447301865
-0.608290314674377,-0.23655840754509,1.01139008998871,-0.547293186187744,0.49236661195755,-0.545740365982056,-0.40026581287384
-0.607930660247803,-0.236898049712181,1.01122200489044,-0.54745876789093,0.491541594266891,-0.546505510807037,-0.400009304285049
-0.607586324214935,-0.237092852592468,1.01130819320679,-0.547658503055573,0.490666925907135,-0.547081589698792,-0.400022268295288
-0.607252717018127,-0.237494111061096,1.01124584674835,-0.548883676528931,0.488194406032562,-0.548874497413635,-0.398910880088806
-0.606980979442596,-0.237916439771652,1.0112087726593,-0.548852860927582,0.488043278455734,-0.548769772052765,-0.399282038211823
-0.606770038604736,-0.238474190235138,1.01116895675659,0.549260139465332,-0.487216949462891,0.549878120422363,0.398204535245895
-0.606679141521454,-0.2390888184309,1.01089441776276,0.548081576824188,-0.489890992641449,0.54838502407074,0.398606687784195
-0.606551647186279,-0.23957659304142,1.01082253456116,0.547763526439667,-0.489950656890869,0.548507571220398,0.398801922798157
-0.606399536132812,-0.239967599511146,1.010817527771,0.548193633556366,-0.488414287567139,0.549816846847534,0.398291945457458
-0.606149077415466,-0.240170270204544,1.01091241836548,0.547723531723022,-0.48816505074501,0.550329267978668,0.398536890745163
-0.606151401996613,-0.240851581096649,1.0108836889267,0.547252535820007,-0.488964140415192,0.550185918807983,0.39840242266655
-0.605959117412567,-0.241256028413772,1.01058089733124,0.548067510128021,-0.487425923347473,0.552110254764557,0.396500140428543
-0.605572462081909,-0.241529300808906,1.01075768470764,0.548015296459198,-0.486730843782425,0.552795767784119,0.396470904350281
-0.605441987514496,-0.242147073149681,1.01058483123779,0.548253118991852,-0.486796617507935,0.552754878997803,0.396118104457855
-0.605242192745209,-0.242534682154655,1.01057767868042,0.548267304897308,-0.48650860786438,0.553207516670227,0.395820766687393
-0.605024456977844,-0.242865890264511,1.01051735877991,0.548174798488617,-0.486244350671768,0.553812205791473,0.395427525043487
-0.60485053062439,-0.243129700422287,1.01067984104156,0.548307716846466,-0.485652059316635,0.554541885852814,0.394947916269302
-0.604631006717682,-0.243545949459076,1.01065289974213,0.548516452312469,-0.485484421253204,0.554145097732544,0.395421385765076
-0.604475855827332,-0.243975013494491,1.01052856445312,0.548592329025269,-0.485279530286789,0.554671704769135,0.394828855991364
-0.604254841804504,-0.244338899850845,1.01040530204773,0.549284756183624,-0.484046787023544,0.556569337844849,0.392703115940094
-0.603961408138275,-0.244706556200981,1.01030933856964,0.54976749420166,-0.483536452054977,0.55702006816864,0.392016261816025
-0.603629350662231,-0.24500373005867,1.01026272773743,0.551104247570038,-0.481159716844559,0.558712720870972,0.390652626752853
-0.603424906730652,-0.245414957404137,1.0100644826889,0.551391959190369,-0.480933725833893,0.559291422367096,0.389695942401886
-0.60321706533432,-0.245731934905052,1.00992667675018,0.550648748874664,-0.483279228210449,0.55779093503952,0.38999542593956
-0.603068292140961,-0.246132850646973,1.00983488559723,0.551049530506134,-0.483002185821533,0.558229088783264,0.389144718647003
-0.602932989597321,-0.246562287211418,1.00959396362305,0.550886273384094,-0.48309987783432,0.558688640594482,0.388594895601273
-0.602772176265717,-0.247025042772293,1.00932478904724,0.551397562026978,-0.483072340488434,0.558871388435364,0.387640058994293
-0.602538824081421,-0.247328191995621,1.00921881198883,0.551812589168549,-0.482707649469376,0.559094130992889,0.387182354927063
-0.602302312850952,-0.247678905725479,1.0091038942337,0.553524672985077,-0.479780226945877,0.561058104038239,0.385532528162003
-0.602015197277069,-0.247961461544037,1.00892663002014,0.554408609867096,-0.479159623384476,0.560943126678467,0.385201215744018
-0.601748943328857,-0.247949063777924,1.00900137424469,0.554922223091125,-0.478226602077484,0.561439096927643,0.384898513555527
-0.601908445358276,-0.24887678027153,1.0085027217865,0.554780721664429,-0.480077713727951,0.560383796691895,0.384335815906525
-0.601629376411438,-0.248665347695351,1.00850331783295,0.555419921875,-0.478670686483383,0.561306536197662,0.383820205926895
-0.601601600646973,-0.249031543731689,1.00816810131073,0.555732369422913,-0.478847444057465,0.561257541179657,0.383218944072723
-0.601580083370209,-0.249285012483597,1.00791752338409,0.556177198886871,-0.478720247745514,0.561410903930664,0.382507026195526
-0.601582765579224,-0.249605938792229,1.00767612457275,0.556412100791931,-0.478948771953583,0.561293184757233,0.382051944732666
-0.601687371730804,-0.250106751918793,1.00713419914246,0.556695282459259,-0.479395419359207,0.561193346977234,0.381225019693375
-0.601749002933502,-0.25035434961319,1.00693297386169,0.557005882263184,-0.479259490966797,0.561405420303345,0.380629658699036
-0.601926982402802,-0.250789701938629,1.00665092468262,0.556839466094971,-0.480039417743683,0.561192333698273,0.380204290151596
-0.602094233036041,-0.250987648963928,1.00643467903137,0.555583000183105,-0.483165562152862,0.559146046638489,0.381096541881561
-0.602354288101196,-0.25146484375,1.00593495368958,0.555810630321503,-0.48373731970787,0.558932363986969,0.380351692438126
-0.60255628824234,-0.251670151948929,1.00560688972473,0.555701076984406,-0.484039545059204,0.558843016624451,0.380258619785309
-0.602791547775269,-0.25197160243988,1.00527906417847,0.556006014347076,-0.484120517969131,0.558872997760773,0.37966525554657
-0.603139400482178,-0.252551585435867,1.0046569108963,0.556163966655731,-0.485036641359329,0.558389127254486,0.378975749015808
-0.603423714637756,-0.252876698970795,1.00440537929535,0.556448876857758,-0.485400706529617,0.558126986026764,0.378477305173874
-0.603796005249023,-0.253330826759338,1.00409376621246,0.556877791881561,-0.485921263694763,0.557753086090088,0.377729147672653
-0.60413384437561,-0.253463089466095,1.00412535667419,0.556994259357452,-0.48601758480072,0.55778306722641,0.377389043569565
-0.60413384437561,-0.253463089466095,1.00412535667419,0.556994259357452,-0.48601758480072,0.55778306722641,0.377389043569565
-0.604805946350098,-0.254321336746216,1.00346732139587,-0.55756676197052,0.486513376235962,-0.55749922990799,-0.376322686672211
-0.605107843875885,-0.25468048453331,1.00331330299377,-0.558074355125427,0.486847341060638,-0.556737780570984,-0.376265645027161
-0.605374455451965,-0.254972636699677,1.00322914123535,-0.55875563621521,0.486971914768219,-0.556208610534668,-0.375875532627106
-0.605705142021179,-0.255419373512268,1.00297546386719,-0.558836340904236,0.487793624401092,-0.5556480884552,-0.375519156455994
-0.605705142021179,-0.255419373512268,1.00297546386719,-0.558836340904236,0.487793624401092,-0.5556480884552,-0.375519156455994
-0.606381833553314,-0.256167948246002,1.00280714035034,-0.558961093425751,0.488928109407425,-0.554425239562988,-0.375665426254272
-0.606554865837097,-0.256397306919098,1.00279474258423,-0.55955296754837,0.488909959793091,-0.553692758083344,-0.375888109207153
-0.606883645057678,-0.256901919841766,1.00254189968109,-0.559784054756165,0.489555060863495,-0.552765309810638,-0.376069605350494
-0.606944918632507,-0.256985872983932,1.0023752450943,-0.560525953769684,0.48868003487587,-0.552917659282684,-0.375878274440765
-0.607107520103455,-0.257191121578216,1.00260651111603,-0.560501337051392,0.489057123661041,-0.551947057247162,-0.376849949359894
-0.607226669788361,-0.257427573204041,1.00257551670074,-0.561073660850525,0.488753706216812,-0.551316738128662,-0.377313911914825
-0.607334673404694,-0.257648110389709,1.00252616405487,-0.561647117137909,0.488461285829544,-0.550676107406616,-0.377775341272354
-0.607460618019104,-0.257958114147186,1.00255560874939,-0.562419593334198,0.487103998661041,-0.551175892353058,-0.377649277448654
-0.607490837574005,-0.258167207241058,1.00253462791443,-0.562252104282379,0.487267225980759,-0.550508797168732,-0.378660023212433
-0.60763692855835,-0.25857549905777,1.00241827964783,-0.561863660812378,0.487972587347031,-0.54986709356308,-0.379259794950485
-0.607628643512726,-0.258791267871857,1.00214898586273,-0.561195611953735,0.48987865447998,-0.547880232334137,-0.380664974451065
-0.607658922672272,-0.2591213285923,1.00217342376709,-0.561933696269989,0.488914251327515,-0.547594606876373,-0.381226181983948
-0.607572913169861,-0.25923764705658,1.00236618518829,-0.562213718891144,0.488279640674591,-0.547009646892548,-0.382464736700058
-0.607500731945038,-0.259447425603867,1.00238013267517,-0.562061309814453,0.48819300532341,-0.546533942222595,-0.383477956056595
-0.607648491859436,-0.259503275156021,1.00233888626099,-0.561416268348694,0.488320142030716,-0.546548783779144,-0.384239435195923
-0.607497990131378,-0.259745121002197,1.00242936611176,-0.561648607254028,0.487836807966232,-0.545984983444214,-0.385313630104065
-0.606866776943207,-0.259950518608093,1.00269913673401,-0.561958074569702,0.487808227539062,-0.544772446155548,-0.38661253452301
-0.607031404972076,-0.260262012481689,1.00276589393616,-0.561160385608673,0.488637894392013,-0.544000625610352,-0.387808620929718
-0.606300950050354,-0.260292768478393,1.00307536125183,-0.562305390834808,0.486505448818207,-0.544429540634155,-0.388228744268417
-0.605901956558228,-0.260193258523941,1.00333678722382,-0.56290602684021,0.484977900981903,-0.544903337955475,-0.388605147600174
-0.605621218681335,-0.260254204273224,1.00366222858429,-0.563624560832977,0.484087854623795,-0.544939875602722,-0.388622105121612
-0.605338275432587,-0.260430455207825,1.00401163101196,-0.564259469509125,0.482497543096542,-0.545412182807922,-0.389015287160873
-0.605076432228088,-0.260672479867935,1.00443780422211,-0.563322961330414,0.482758402824402,-0.544938623905182,-0.3907091319561
-0.604868769645691,-0.260850489139557,1.00484919548035,-0.562948405742645,0.482820361852646,-0.54463529586792,-0.391593813896179
-0.604693651199341,-0.261047869920731,1.00525414943695,-0.563001573085785,0.482241928577423,-0.544968724250793,-0.391766667366028
-0.604534149169922,-0.261193037033081,1.00567758083344,-0.562998592853546,0.481809705495834,-0.54525238275528,-0.391907840967178
-0.604409754276276,-0.261400282382965,1.0061696767807,-0.562638700008392,0.481883615255356,-0.545214354991913,-0.392386853694916
-0.604095220565796,-0.261383771896362,1.00666880607605,-0.562349140644073,0.48143196105957,-0.545668601989746,-0.392724543809891
-0.603952050209045,-0.261656045913696,1.00703418254852,-0.562208354473114,0.481508105993271,-0.545417487621307,-0.393181413412094
-0.603999376296997,-0.262082099914551,1.00757455825806,-0.560120463371277,0.484250158071518,-0.544090986251831,-0.394629180431366
-0.60403448343277,-0.262612760066986,1.0080235004425,-0.560035645961761,0.483425438404083,-0.545057117938995,-0.394427210092545
-0.60394024848938,-0.262712359428406,1.00845968723297,-0.558345079421997,0.486018151044846,-0.543576240539551,-0.395679265260696
-0.603637158870697,-0.262611985206604,1.00893092155457,-0.558596611022949,0.483890891075134,-0.545558989048004,-0.395202487707138
-0.603799223899841,-0.262689024209976,1.00922608375549,-0.558174431324005,0.48282840847969,-0.547541320323944,-0.394356250762939
-0.603649318218231,-0.262763798236847,1.00961709022522,-0.557610809803009,0.482907772064209,-0.54805201292038,-0.394346743822098
-0.603048801422119,-0.262845873832703,1.01009118556976,-0.556626796722412,0.484150916337967,-0.547222971916199,-0.395362287759781
-0.60285222530365,-0.262858331203461,1.01041841506958,-0.555154740810394,0.485783219337463,-0.546820461750031,-0.395986646413803
-0.602607250213623,-0.262901425361633,1.01075851917267,-0.555420696735382,0.48430398106575,-0.548403441905975,-0.395235896110535
-0.602360785007477,-0.262869149446487,1.01102697849274,-0.55436247587204,0.484632700681686,-0.549014329910278,-0.395470082759857
-0.602168440818787,-0.262921988964081,1.01123034954071,-0.55356627702713,0.485074281692505,-0.549469769001007,-0.395411908626556
-0.602424502372742,-0.262627899646759,1.01116716861725,-0.551721513271332,0.485721081495285,-0.550798654556274,-0.39534729719162
-0.602150201797485,-0.262551724910736,1.01127207279205,0.550862193107605,-0.485994726419449,0.551711440086365,0.394936174154282
-0.601250350475311,-0.262714862823486,1.01167178153992,0.551074981689453,-0.485894590616226,0.551521599292755,0.395027548074722
-0.600921511650085,-0.262586444616318,1.01179277896881,0.550130903720856,-0.486169993877411,0.55225020647049,0.394986629486084
-0.600598752498627,-0.262753367424011,1.01128351688385,0.549983561038971,-0.486378639936447,0.553032219409943,0.39383915066719
-0.600362837314606,-0.26231175661087,1.01201474666595,0.548506736755371,-0.486697047948837,0.553776562213898,0.394459366798401
-0.600083231925964,-0.262287437915802,1.01208937168121,0.547654688358307,-0.487530082464218,0.553893446922302,0.394450277090073
-0.599690735340118,-0.26184356212616,1.01216113567352,0.547496795654297,-0.48691338300705,0.554693281650543,0.394306898117065
-0.599282085895538,-0.261813998222351,1.01222825050354,0.547110378742218,-0.486645996570587,0.555538535118103,0.393983393907547
-0.598691701889038,-0.261384308338165,1.01164519786835,0.547072649002075,-0.486601799726486,0.555160403251648,0.394623011350632
-0.598620176315308,-0.260519832372665,1.01212704181671,0.54547643661499,-0.486739933490753,0.556300222873688,0.395056754350662
-0.598284661769867,-0.26002836227417,1.01216220855713,0.54418021440506,-0.488732397556305,0.555409789085388,0.395636856555939
-0.597883343696594,-0.259584248065948,1.01212298870087,0.543714761734009,-0.489056438207626,0.555800974369049,0.395327091217041
-0.597153544425964,-0.259277403354645,1.01209759712219,0.543346643447876,-0.489477336406708,0.555681824684143,0.395479589700699
-0.596623301506042,-0.258463859558105,1.01228368282318,0.542723476886749,-0.489435762166977,0.555983245372772,0.395962595939636
-0.596378326416016,-0.258161127567291,1.01231479644775,0.542259871959686,-0.489589661359787,0.556524217128754,0.395647585391998
-0.596125721931458,-0.257667362689972,1.01219201087952,0.541457772254944,-0.490624636411667,0.556403756141663,0.395633220672607
-0.595694959163666,-0.256768554449081,1.01222276687622,0.540760934352875,-0.49137556552887,0.557048976421356,0.394745528697967
-0.5951047539711,-0.255508899688721,1.01230192184448,0.54074490070343,-0.490409642457962,0.558034241199493,0.394577294588089
-0.594705402851105,-0.254799127578735,1.01233017444611,0.539710283279419,-0.491410970687866,0.55788242816925,0.39496260881424
-0.594385266304016,-0.253944426774979,1.01231145858765,0.53895515203476,-0.492809623479843,0.557299971580505,0.395073235034943
-0.594096601009369,-0.252980887889862,1.01233649253845,0.538454532623291,-0.492730528116226,0.557991504669189,0.394878178834915
-0.593919098377228,-0.252241313457489,1.01235783100128,0.537362456321716,-0.494130432605743,0.557699978351593,0.395028591156006
-0.593977272510529,-0.251162350177765,1.01217007637024,0.536412119865417,-0.494972199201584,0.558056890964508,0.394762068986893
-0.593959450721741,-0.250104516744614,1.01216006278992,0.534773707389832,-0.497516006231308,0.556712746620178,0.395684063434601
-0.59350597858429,-0.249626874923706,1.01240181922913,0.535611927509308,-0.497168987989426,0.556894481182098,0.39472958445549
-0.593505680561066,-0.248649895191193,1.0123074054718,0.534700274467468,-0.498769342899323,0.55630624294281,0.39477601647377
-0.59372490644455,-0.24808207154274,1.0123747587204,0.533047497272491,-0.501654326915741,0.555002331733704,0.395190745592117
-0.593751430511475,-0.247153386473656,1.01232528686523,0.531771421432495,-0.504342257976532,0.55366587638855,0.395363390445709
-0.593663394451141,-0.245911225676537,1.01248621940613,0.531928777694702,-0.503606557846069,0.55472993850708,0.394597291946411
-0.593754529953003,-0.244725376367569,1.01269328594208,0.531279325485229,-0.504569828510284,0.554704666137695,0.394277036190033
-0.594040095806122,-0.243685871362686,1.01264905929565,0.529711842536926,-0.507348656654358,0.553592264652252,0.394383579492569
-0.594742178916931,-0.242823645472526,1.01243460178375,0.528790831565857,-0.508756875991821,0.553744673728943,0.393590748310089
-0.595673561096191,-0.243111863732338,1.01327633857727,0.527779102325439,-0.512282252311707,0.553032338619232,0.391370981931686
-0.595366835594177,-0.240643799304962,1.01245474815369,0.527232110500336,-0.511762142181396,0.553381264209747,0.392294466495514
-0.596046507358551,-0.240755409002304,1.0132075548172,0.526531159877777,-0.513811707496643,0.55305802822113,0.391010612249374
-0.596789956092834,-0.239791363477707,1.01350200176239,0.524636328220367,-0.517338752746582,0.551481485366821,0.391133606433868
-0.59694504737854,-0.237551957368851,1.01315999031067,0.522368490695953,-0.518840253353119,0.550782680511475,0.393159627914429
-0.597295999526978,-0.236386671662331,1.01295733451843,0.521760284900665,-0.520822167396545,0.549858868122101,0.392639636993408
-0.59849214553833,-0.236929222941399,1.01401853561401,0.520411431789398,-0.524783253669739,0.547794878482819,0.392039954662323
-0.598416984081268,-0.234163612127304,1.01344799995422,0.518507480621338,-0.524601459503174,0.548216164112091,0.394211024045944
-0.599530875682831,-0.234453454613686,1.01388776302338,0.518133938312531,-0.527732253074646,0.547032356262207,0.392162561416626
-0.599808871746063,-0.233268916606903,1.01420032978058,0.51751708984375,-0.528902888298035,0.545898795127869,0.392978817224503
-0.60077828168869,-0.231984108686447,1.01436448097229,0.51653528213501,-0.53042596578598,0.546052694320679,0.392002582550049
-0.60077828168869,-0.231984108686447,1.01436448097229,0.51653528213501,-0.53042596578598,0.546052694320679,0.392002582550049
-0.601939022541046,-0.229597300291061,1.01511514186859,0.513228952884674,-0.534462153911591,0.543043673038483,0.39503139257431
-0.602242350578308,-0.228240936994553,1.01551008224487,0.512210011482239,-0.535445332527161,0.542143404483795,0.396257191896439
-0.603125631809235,-0.227157384157181,1.01599419116974,0.510912716388702,-0.537357568740845,0.541076600551605,0.396801173686981
-0.603894710540771,-0.226151973009109,1.01641142368317,0.508276343345642,-0.540686964988708,0.538706719875336,0.398883253335953
-0.604197800159454,-0.224374055862427,1.01656496524811,0.515920579433441,-0.535033762454987,0.538985073566437,0.396307915449142
-0.604803502559662,-0.223181799054146,1.01681649684906,0.514923512935638,-0.536502718925476,0.537531912326813,0.397590488195419
-0.605261087417603,-0.222197696566582,1.01742172241211,0.506129503250122,-0.54299533367157,0.535886108875275,0.402262389659882
-0.605603754520416,-0.220936566591263,1.01851367950439,0.505101978778839,-0.543757319450378,0.534703195095062,0.404094755649567
-0.606208920478821,-0.219652384519577,1.01864242553711,0.503800094127655,-0.545255064964294,0.533205151557922,0.405678123235703
-0.606562674045563,-0.21837130188942,1.01921701431274,0.502748787403107,-0.546155154705048,0.531919002532959,0.407456129789352
-0.607055425643921,-0.217461258172989,1.01948285102844,0.501562833786011,-0.548267960548401,0.529512941837311,0.409210413694382
-0.607355952262878,-0.216042697429657,1.02025735378265,0.50093400478363,-0.548318386077881,0.528366208076477,0.411389619112015
-0.607904314994812,-0.215178936719894,1.02040874958038,0.499875873327255,-0.549794912338257,0.526743352413177,0.41278475522995
-0.608288645744324,-0.214004904031754,1.02072405815125,0.499202609062195,-0.550466060638428,0.525119602680206,0.414769291877747
-0.608492493629456,-0.21229413151741,1.02056384086609,0.498103618621826,-0.550682842731476,0.523875176906586,0.417368203401565
-0.608888864517212,-0.211789682507515,1.02135324478149,0.498047322034836,-0.551684021949768,0.521661996841431,0.418882340192795
-0.608945071697235,-0.209607452154159,1.02084743976593,0.49635249376297,-0.551497161388397,0.520810127258301,0.422187328338623
-0.609641194343567,-0.209250420331955,1.02185368537903,0.496295958757401,-0.552687406539917,0.5187868475914,0.423187255859375
-0.609899580478668,-0.208236575126648,1.02204358577728,0.49545207619667,-0.553391695022583,0.517141461372375,0.425264239311218
-0.609899580478668,-0.208236575126648,1.02204358577728,0.49545207619667,-0.553391695022583,0.517141461372375,0.425264239311218
-0.610133767127991,-0.20581491291523,1.02266621589661,0.494841575622559,-0.552862167358398,0.514853715896606,0.429419338703156
-0.610395669937134,-0.204978168010712,1.02234435081482,0.494377970695496,-0.553452730178833,0.513305246829987,0.431043356657028
-0.61065137386322,-0.204150974750519,1.02259242534637,0.493302226066589,-0.554752230644226,0.510654091835022,0.43374565243721
-0.610265970230103,-0.202672630548477,1.0225647687912,0.493830621242523,-0.553007423877716,0.510429501533508,0.435632735490799
-0.610265970230103,-0.202672630548477,1.0225647687912,0.493830621242523,-0.553007423877716,0.510429501533508,0.435632735490799
-0.610342383384705,-0.200558066368103,1.02239513397217,0.492729723453522,-0.553113043308258,0.507793545722961,0.439805865287781
-0.610260903835297,-0.199413016438484,1.02252268791199,0.493089377880096,-0.552538335323334,0.506039321422577,0.442141026258469
-0.60996675491333,-0.198247849941254,1.02251029014587,0.493083745241165,-0.551957011222839,0.504680573940277,0.444420337677002
