x,y,z,q0,q1,q2,q3
0.680187225341797,-0.260983854532242,0.851728200912476,-0.464487612247467,-0.465336889028549,0.651456832885742,-0.378571838140488
0.680266916751862,-0.261334419250488,0.852327466011047,-0.466199576854706,-0.469352126121521,0.647178292274475,-0.378849178552628
0.680094659328461,-0.261500030755997,0.852532565593719,-0.467161148786545,-0.469825565814972,0.646145820617676,-0.378840327262878
0.679957389831543,-0.26165908575058,0.852705895900726,-0.468206971883774,-0.470007598400116,0.645426094532013,-0.378550261259079
0.679839074611664,-0.261862605810165,0.852880299091339,-0.469402283430099,-0.469795733690262,0.645040273666382,-0.377990156412125
0.679676532745361,-0.261851131916046,0.852999329566956,-0.47002249956131,-0.466789811849594,0.647071719169617,-0.377471059560776
0.679586410522461,-0.261918812990189,0.853137195110321,-0.470891773700714,-0.466569513082504,0.64672863483429,-0.377247661352158
0.679456293582916,-0.261961340904236,0.853339791297913,-0.472170978784561,-0.466642469167709,0.645747423171997,-0.377239316701889
0.679377615451813,-0.262016445398331,0.85354483127594,-0.473017960786819,-0.466219574213028,0.645616888999939,-0.376924723386765
0.679236829280853,-0.262036174535751,0.853713035583496,-0.474050223827362,-0.465297490358353,0.645760953426361,-0.376520425081253
0.677977502346039,-0.260537534952164,0.8525071144104,-0.469653189182281,-0.444384753704071,0.663673102855682,-0.376146167516708
0.677832067012787,-0.260513484477997,0.852667331695557,-0.470483690500259,-0.443525940179825,0.664124131202698,-0.375325232744217
0.677663862705231,-0.260468274354935,0.852809727191925,-0.471509605646133,-0.442498922348022,0.664614021778107,-0.374381691217422
0.678376078605652,-0.259472042322159,0.852550148963928,-0.467620134353638,-0.42565256357193,0.678506553173065,-0.373871803283691
0.678136646747589,-0.259451925754547,0.852704226970673,-0.469240784645081,-0.424968361854553,0.678582072257996,-0.372479885816574
0.677982807159424,-0.259405851364136,0.8529092669487,-0.469940811395645,-0.42317059636116,0.679549217224121,-0.371880531311035
0.677835404872894,-0.25940352678299,0.8530592918396,-0.470404803752899,-0.42288526892662,0.679617345333099,-0.371493965387344
0.677681803703308,-0.259404689073563,0.853166460990906,-0.470910966396332,-0.422453999519348,0.679734706878662,-0.371128559112549
0.677528500556946,-0.259426683187485,0.853272140026093,-0.471460789442062,-0.42209804058075,0.679703950881958,-0.370891779661179
0.677357077598572,-0.259439021348953,0.853353977203369,-0.471685022115707,-0.421683758497238,0.679871439933777,-0.370770543813705
0.677357077598572,-0.259439021348953,0.853353977203369,-0.471685022115707,-0.421683758497238,0.679871439933777,-0.370770543813705
0.67694216966629,-0.25951075553894,0.853595495223999,-0.472760707139969,-0.420174270868301,0.680171966552734,-0.370563209056854
0.67692232131958,-0.259409517049789,0.853784084320068,-0.472140908241272,-0.42094361782074,0.679756104946136,-0.371242612600326
0.676694929599762,-0.259473383426666,0.853919267654419,-0.472818702459335,-0.420439511537552,0.679632604122162,-0.371177613735199
0.676448285579681,-0.259548723697662,0.853991389274597,-0.473232835531235,-0.420054465532303,0.67977386713028,-0.370826870203018
0.676167666912079,-0.259681344032288,0.854093432426453,-0.474084198474884,-0.420890063047409,0.678844034671783,-0.370495229959488
0.675940334796906,-0.259741723537445,0.854151010513306,-0.474628895521164,-0.420670658349991,0.678867757320404,-0.370003163814545
0.675634205341339,-0.259816229343414,0.854170560836792,-0.47539222240448,-0.420449256896973,0.678729176521301,-0.369528710842133
0.675402104854584,-0.25985312461853,0.854225158691406,-0.475809663534164,-0.419844508171081,0.67900413274765,-0.369173556566238
0.675089955329895,-0.259899646043777,0.854326605796814,-0.476764291524887,-0.418801724910736,0.679092645645142,-0.368963629007339
0.67460960149765,-0.260065406560898,0.854331135749817,-0.478025943040848,-0.415899872779846,0.680721282958984,-0.367609798908234
0.674426734447479,-0.259999841451645,0.854501664638519,-0.478818506002426,-0.416120409965515,0.679698944091797,-0.368220120668411
0.673838198184967,-0.260262578725815,0.854418039321899,-0.48046088218689,-0.413663595914841,0.681089878082275,-0.366273552179336
0.673351347446442,-0.26026114821434,0.854501724243164,-0.481586664915085,-0.411438286304474,0.681857347488403,-0.365873664617538
0.673074126243591,-0.260358929634094,0.854804575443268,-0.483576953411102,-0.409921228885651,0.68127304315567,-0.36603969335556
0.672647595405579,-0.260477155447006,0.854953289031982,-0.485511064529419,-0.408254593610763,0.681241989135742,-0.365399271249771
0.672217071056366,-0.260558038949966,0.854998409748077,-0.487054616212845,-0.406771332025528,0.68164050579071,-0.364253997802734
0.671713531017303,-0.260724186897278,0.855080604553223,-0.488824099302292,-0.403262287378311,0.683489978313446,-0.362314909696579
0.671458005905151,-0.260743737220764,0.855198621749878,-0.489535301923752,-0.402107983827591,0.684100389480591,-0.361484408378601
0.671066701412201,-0.260852456092834,0.855393826961517,-0.490470707416534,-0.404005408287048,0.682867825031281,-0.36042982339859
0.670858502388,-0.260866165161133,0.855498433113098,-0.490082800388336,-0.403441786766052,0.68403697013855,-0.359370321035385
0.670622706413269,-0.260837644338608,0.855540752410889,-0.489270269870758,-0.402920186519623,0.685476660728455,-0.358317792415619
0.67043399810791,-0.260823428630829,0.855619788169861,-0.488222420215607,-0.402589976787567,0.686872184276581,-0.357444941997528
0.670260429382324,-0.260816991329193,0.855741322040558,-0.486646711826324,-0.402062505483627,0.688809096813202,-0.356458783149719
0.669983208179474,-0.260837495326996,0.85587865114212,-0.485947877168655,-0.40129429101944,0.689967751502991,-0.356036692857742
0.669873595237732,-0.260687828063965,0.856076002120972,-0.484874218702316,-0.402141273021698,0.689963817596436,-0.35655203461647
0.669873595237732,-0.260687828063965,0.856076002120972,-0.484874218702316,-0.402141273021698,0.689963817596436,-0.35655203461647
0.669333696365356,-0.260703057050705,0.856361448764801,-0.484271615743637,-0.401973754167557,0.690736830234528,-0.356062978506088
0.668787896633148,-0.260935962200165,0.856321215629578,-0.485122442245483,-0.402923494577408,0.690548181533813,-0.354192137718201
0.668787896633148,-0.260935962200165,0.856321215629578,-0.485122442245483,-0.402923494577408,0.690548181533813,-0.354192137718201
0.668455183506012,-0.260659098625183,0.856588304042816,-0.483512192964554,-0.403715521097183,0.690507292747498,-0.35556897521019
0.668455183506012,-0.260659098625183,0.856588304042816,-0.483512192964554,-0.403715521097183,0.690507292747498,-0.35556897521019
0.667875409126282,-0.260475426912308,0.856734037399292,-0.483672112226486,-0.404571831226349,0.689890027046204,-0.355576753616333
0.667608082294464,-0.260434120893478,0.856797277927399,-0.484000235795975,-0.404839426279068,0.68962574005127,-0.355338156223297
0.667308270931244,-0.260369718074799,0.856855988502502,-0.484230309724808,-0.404715538024902,0.689625859260559,-0.355165779590607
0.666686773300171,-0.260522305965424,0.856902301311493,-0.485978037118912,-0.404233187437057,0.689387917518616,-0.353787004947662
0.666412830352783,-0.260437041521072,0.857010543346405,-0.486112654209137,-0.404020637273788,0.689576268196106,-0.353477537631989
0.666412830352783,-0.260437041521072,0.857010543346405,-0.486112654209137,-0.404020637273788,0.689576268196106,-0.353477537631989
0.665865302085876,-0.260159939527512,0.85703033208847,-0.486180543899536,-0.401468247175217,0.691333830356598,-0.352858871221542
0.665499091148376,-0.260067164897919,0.857063889503479,-0.487213551998138,-0.400479286909103,0.691285371780396,-0.352652460336685
0.66520768404007,-0.260043442249298,0.857113897800446,-0.487729549407959,-0.400369554758072,0.691009938716888,-0.352603554725647
0.664892792701721,-0.260042726993561,0.857178092002869,-0.488380283117294,-0.39981484413147,0.690873205661774,-0.352600514888763
0.664484798908234,-0.260093778371811,0.857285857200623,-0.489315181970596,-0.400920301675797,0.689345359802246,-0.35303920507431
0.664164960384369,-0.260097622871399,0.857272088527679,-0.489818274974823,-0.400772213935852,0.689049601554871,-0.353086829185486
0.663922727108002,-0.260099411010742,0.857266664505005,-0.489976644515991,-0.400298953056335,0.689163148403168,-0.353182107210159
0.663853824138641,-0.2599116563797,0.857381820678711,-0.489527195692062,-0.400252997875214,0.688780546188354,-0.354601472616196
0.66359680891037,-0.260013908147812,0.857344269752502,-0.489982098340988,-0.400190651416779,0.688568651676178,-0.35445511341095
0.663126587867737,-0.260199040174484,0.857205986976624,-0.490769147872925,-0.398966372013092,0.689349591732025,-0.353226274251938
0.663126587867737,-0.260199040174484,0.857205986976624,-0.490769147872925,-0.398966372013092,0.689349591732025,-0.353226274251938
0.662782609462738,-0.260124951601028,0.857285559177399,-0.491166979074478,-0.400353759527206,0.687409937381744,-0.354879647493362
0.662485420703888,-0.260222673416138,0.857286214828491,-0.491927266120911,-0.401702970266342,0.685956060886383,-0.355115085840225
0.662251174449921,-0.260260611772537,0.85724949836731,-0.49208077788353,-0.401165843009949,0.686113297939301,-0.355205893516541
0.662020087242126,-0.260270059108734,0.857216596603394,-0.49223592877388,-0.400292098522186,0.686450064182281,-0.355326026678085
0.661621332168579,-0.260379999876022,0.857003033161163,-0.492272764444351,-0.399534910917282,0.687378108501434,-0.354331403970718
0.661415934562683,-0.260365128517151,0.856943607330322,-0.492285847663879,-0.39913609623909,0.687588095664978,-0.354355335235596
0.661213755607605,-0.260372191667557,0.856918811798096,-0.49238646030426,-0.399178564548492,0.687487185001373,-0.354363739490509
0.661213755607605,-0.260372191667557,0.856918811798096,-0.49238646030426,-0.399178564548492,0.687487185001373,-0.354363739490509
0.660777032375336,-0.2604019343853,0.856834232807159,-0.492599606513977,-0.399692565202713,0.687134742736816,-0.354171395301819
0.660555124282837,-0.260407030582428,0.856763124465942,-0.492435097694397,-0.399647980928421,0.687406659126282,-0.353922843933105
0.660295307636261,-0.2604800760746,0.856755256652832,-0.492837727069855,-0.400903195142746,0.686456918716431,-0.353785812854767
0.660104930400848,-0.260467678308487,0.856725096702576,-0.491760492324829,-0.400298595428467,0.68737930059433,-0.354178369045258
0.659883677959442,-0.260461539030075,0.856704950332642,-0.49180680513382,-0.399822205305099,0.687702059745789,-0.354025661945343
0.659690141677856,-0.26047620177269,0.856681883335114,-0.491397172212601,-0.399948090314865,0.688010156154633,-0.353853702545166
0.659523129463196,-0.260456740856171,0.856640338897705,-0.490962296724319,-0.399776101112366,0.688492476940155,-0.353713542222977
0.65934020280838,-0.260439932346344,0.85659646987915,-0.490855127573013,-0.399711698293686,0.688736796379089,-0.353459417819977
0.659111440181732,-0.260434925556183,0.856523513793945,-0.490696907043457,-0.399852365255356,0.688907027244568,-0.353188097476959
0.658960282802582,-0.264557510614395,0.859208226203918,-0.508620381355286,-0.452860921621323,0.641788840293884,-0.352604120969772
0.658777713775635,-0.264530390501022,0.859170079231262,-0.508400082588196,-0.452783137559891,0.642192542552948,-0.35228618979454
0.658576130867004,-0.264510244131088,0.859131276607513,-0.508489489555359,-0.453023165464401,0.642135739326477,-0.351952105760574
0.658282041549683,-0.260297685861588,0.856351673603058,-0.490519970655441,-0.400194019079208,0.689519762992859,-0.351848781108856
0.658222317695618,-0.260075807571411,0.856438517570496,-0.49003130197525,-0.400197833776474,0.689492583274841,-0.352577835321426
0.657997012138367,-0.260003477334976,0.856409788131714,-0.489945262670517,-0.399614721536636,0.689990997314453,-0.352383494377136
0.657750248908997,-0.259924322366714,0.856334745883942,-0.490518063306808,-0.399496108293533,0.690017998218536,-0.351667672395706
0.657466471195221,-0.259842038154602,0.856220126152039,-0.49068009853363,-0.398636639118195,0.690713047981262,-0.351051717996597
0.657253265380859,-0.259772598743439,0.856153964996338,-0.49082151055336,-0.398005098104477,0.691160261631012,-0.350690424442291
0.657010674476624,-0.259637296199799,0.856026172637939,-0.490593612194061,-0.398126274347305,0.691295921802521,-0.350604146718979
0.656781435012817,-0.259588032960892,0.855962514877319,-0.490676492452621,-0.397754997014999,0.691619336605072,-0.350271761417389
0.656355917453766,-0.259725511074066,0.855876922607422,-0.491635978221893,-0.396202594041824,0.692534208297729,-0.348875164985657
0.655970394611359,-0.259897500276565,0.855914115905762,-0.492964565753937,-0.398682832717896,0.690369844436646,-0.348464637994766
0.655728816986084,-0.259907752275467,0.855878114700317,-0.493356019258499,-0.398941397666931,0.690089046955109,-0.348170757293701
0.655458569526672,-0.259894013404846,0.855818808078766,-0.493637263774872,-0.399123668670654,0.689901292324066,-0.347935110330582
0.655174136161804,-0.259893029928207,0.855746984481812,-0.493802756071091,-0.398759216070175,0.690241575241089,-0.347442865371704
0.654922842979431,-0.25987434387207,0.855682730674744,-0.49418905377388,-0.398622691631317,0.690122425556183,-0.347286999225616
0.654736638069153,-0.259897917509079,0.855734467506409,-0.494235128164291,-0.398271471261978,0.690795004367828,-0.346285790205002
0.654497623443604,-0.259872734546661,0.855674624443054,-0.494340479373932,-0.39824241399765,0.690897524356842,-0.345964282751083
0.654497623443604,-0.259872734546661,0.855674624443054,-0.494340479373932,-0.39824241399765,0.690897524356842,-0.345964282751083
0.654062747955322,-0.259766936302185,0.855588674545288,-0.493697196245193,-0.397755473852158,0.691847383975983,-0.345544546842575
0.65386289358139,-0.259754359722137,0.855695188045502,-0.494219690561295,-0.401752501726151,0.688673317432404,-0.346512645483017
0.653700292110443,-0.259694159030914,0.855664134025574,-0.49392756819725,-0.401822060346603,0.688932597637177,-0.346333026885986
0.653335750102997,-0.259744942188263,0.85547935962677,-0.493623316287994,-0.400260984897614,0.690836191177368,-0.344779282808304
0.653202474117279,-0.259651303291321,0.855446934700012,-0.493387669324875,-0.400370180606842,0.691037774085999,-0.344585567712784
0.653080642223358,-0.259541094303131,0.855379939079285,-0.493183255195618,-0.40048611164093,0.691266000270844,-0.34428545832634
0.653080642223358,-0.259541094303131,0.855379939079285,-0.493183255195618,-0.40048611164093,0.691266000270844,-0.34428545832634
0.652871608734131,-0.259092003107071,0.855138659477234,-0.491671115159988,-0.399356365203857,0.693080306053162,-0.344113141298294
0.652818620204926,-0.258975058794022,0.855081796646118,-0.491285651922226,-0.399628937244415,0.69330233335495,-0.343899756669998
0.652748644351959,-0.258841305971146,0.855002641677856,-0.491210222244263,-0.400020182132721,0.693254888057709,-0.343648225069046
0.652748644351959,-0.258841305971146,0.855002641677856,-0.491210222244263,-0.400020182132721,0.693254888057709,-0.343648225069046
0.652729988098145,-0.258549124002457,0.854888558387756,-0.490481555461883,-0.400707513093948,0.693288266658783,-0.343820601701736
0.652721762657166,-0.258438915014267,0.854819774627686,-0.490294069051742,-0.401213735342026,0.693179249763489,-0.343717932701111
0.652768969535828,-0.258343815803528,0.85475093126297,-0.489974349737167,-0.401779174804688,0.69316154718399,-0.343548625707626
0.652812540531158,-0.258228033781052,0.85468852519989,-0.489479154348373,-0.402036637067795,0.693319320678711,-0.343635022640228
0.652875006198883,-0.258081406354904,0.854575037956238,-0.488745182752609,-0.402841240167618,0.693337321281433,-0.343701183795929
0.652943909168243,-0.257971525192261,0.854504823684692,-0.488250702619553,-0.403276950120926,0.693420886993408,-0.343724310398102
0.653031587600708,-0.257880359888077,0.854446530342102,-0.487683773040771,-0.403701305389404,0.693451046943665,-0.343970209360123
0.6532963514328,-0.257561266422272,0.854425847530365,-0.486346185207367,-0.405982315540314,0.692230880260468,-0.345633059740066
0.653209507465363,-0.257647633552551,0.854301452636719,-0.486416220664978,-0.404968857765198,0.693218111991882,-0.34474378824234
0.653272688388824,-0.25757896900177,0.85424280166626,-0.486208587884903,-0.404740929603577,0.693423807621002,-0.344890475273132
0.653310298919678,-0.257550239562988,0.854177117347717,-0.486220806837082,-0.404858976602554,0.693221986293793,-0.345140248537064
0.653359353542328,-0.257538139820099,0.854142487049103,-0.486293584108353,-0.404828011989594,0.693092405796051,-0.345334529876709
0.653359353542328,-0.257538139820099,0.854142487049103,-0.486293584108353,-0.404828011989594,0.693092405796051,-0.345334529876709
0.653427839279175,-0.257540822029114,0.854042410850525,-0.48727411031723,-0.405076056718826,0.692120611667633,-0.345610290765762
0.65346360206604,-0.257572740316391,0.854004621505737,-0.487760603427887,-0.405224293470383,0.691622495651245,-0.34574767947197
0.653523564338684,-0.257616311311722,0.853928208351135,-0.488256603479385,-0.405633598566055,0.691039025783539,-0.345733731985092
0.653533399105072,-0.257763028144836,0.853872776031494,-0.489262759685516,-0.406830489635467,0.689532339572906,-0.345913201570511
0.653560638427734,-0.257818311452866,0.853833377361298,-0.489686131477356,-0.406998932361603,0.689060986042023,-0.346055418252945
0.653600454330444,-0.257831573486328,0.853761315345764,-0.490148454904556,-0.406340956687927,0.689008116722107,-0.346279114484787
0.653640151023865,-0.257931083440781,0.853754878044128,-0.490708857774734,-0.406769692897797,0.688233196735382,-0.346523195505142
0.653865814208984,-0.257912218570709,0.853707849979401,-0.490397274494171,-0.403496533632278,0.690448522567749,-0.346384227275848
0.653907179832458,-0.257982909679413,0.853677988052368,-0.490773409605026,-0.403611361980438,0.690057218074799,-0.346497595310211
0.653991281986237,-0.262204885482788,0.856305062770844,-0.509471476078033,-0.455376923084259,0.642604827880859,-0.346597462892532
0.653985798358917,-0.262151151895523,0.856167078018188,-0.509073734283447,-0.454165667295456,0.643674552440643,-0.346786171197891
0.654024541378021,-0.258320063352585,0.853610157966614,-0.491896152496338,-0.405150890350342,0.687916338443756,-0.347364604473114
0.654107332229614,-0.25836318731308,0.853602051734924,-0.491783112287521,-0.404972910881042,0.688084959983826,-0.347397983074188
0.654222428798676,-0.258506327867508,0.853645920753479,-0.491823107004166,-0.406161397695541,0.687367498874664,-0.347374558448792
0.654314815998077,-0.25854966044426,0.853655993938446,-0.491815656423569,-0.406488955020904,0.687204360961914,-0.347324699163437
0.654417037963867,-0.258564651012421,0.853665351867676,-0.49157240986824,-0.406260401010513,0.687487721443176,-0.347375720739365
0.654512643814087,-0.25855416059494,0.853617310523987,-0.49112918972969,-0.406758517026901,0.687487244606018,-0.34742060303688
0.654605269432068,-0.258579313755035,0.853635609149933,-0.490989446640015,-0.407146781682968,0.687362909317017,-0.347409099340439
0.654711484909058,-0.258572041988373,0.853643298149109,-0.490862548351288,-0.407077312469482,0.687493503093719,-0.347411632537842
0.654813349246979,-0.258572518825531,0.853676557540894,-0.490781098604202,-0.4073186814785,0.687346637248993,-0.347534209489822
0.655134797096252,-0.258465230464935,0.853908479213715,-0.49065500497818,-0.409534603357315,0.685420155525208,-0.348910331726074
0.655263900756836,-0.258404463529587,0.853917241096497,-0.490459412336349,-0.409852087497711,0.685270190238953,-0.349106758832932
0.655380964279175,-0.258382529020309,0.853947758674622,-0.490475833415985,-0.410044848918915,0.685145378112793,-0.349102705717087
0.655516386032104,-0.258324593305588,0.853966534137726,-0.490386694669724,-0.409825801849365,0.685391545295715,-0.349001705646515
0.655647695064545,-0.25828742980957,0.853992700576782,-0.490358710289001,-0.409875690937042,0.685408353805542,-0.348949491977692
0.655785024166107,-0.258247554302216,0.85400652885437,-0.490292906761169,-0.409699559211731,0.685535073280334,-0.348999887704849
0.655865132808685,-0.258066117763519,0.853880405426025,-0.487904459238052,-0.406764000654221,0.688291728496552,-0.350352227687836
0.656023561954498,-0.258004426956177,0.853878021240234,-0.487717807292938,-0.406444072723389,0.688601970672607,-0.350373983383179
0.656252562999725,-0.257911890745163,0.853831946849823,-0.487290769815445,-0.407060503959656,0.688483357429504,-0.350485593080521
0.656479835510254,-0.257782369852066,0.853820323944092,-0.486771494150162,-0.405684858560562,0.689638733863831,-0.350530803203583
0.656516194343567,-0.257904380559921,0.85370397567749,-0.48714941740036,-0.404759585857391,0.690546989440918,-0.349285095930099
0.65669447183609,-0.257862031459808,0.85371208190918,-0.487112015485763,-0.404878079891205,0.690429031848907,-0.349432796239853
0.656889975070953,-0.25791135430336,0.853742480278015,-0.487391829490662,-0.405974358320236,0.689529716968536,-0.349546581506729
0.657099187374115,-0.257942199707031,0.853759467601776,-0.487437129020691,-0.406234890222549,0.68933516740799,-0.349564462900162
0.657414853572845,-0.257987082004547,0.853813290596008,-0.489493429660797,-0.408386439085007,0.687196373939514,-0.34839341044426
0.657611191272736,-0.258006691932678,0.853826999664307,-0.490149199962616,-0.408827573060989,0.686696946620941,-0.34793820977211
0.65780633687973,-0.258029639720917,0.853845596313477,-0.490068703889847,-0.408690541982651,0.686763346195221,-0.34808161854744
0.658061385154724,-0.258002579212189,0.853834867477417,-0.489499479532242,-0.407519847154617,0.687796175479889,-0.348215699195862
0.658262312412262,-0.258028000593185,0.853864669799805,-0.489152193069458,-0.407166838645935,0.688186824321747,-0.348345130681992
0.658469498157501,-0.258042335510254,0.853885412216187,-0.488701373338699,-0.406404763460159,0.688887119293213,-0.348483383655548
0.658669710159302,-0.258069157600403,0.853920936584473,-0.488186150789261,-0.405960291624069,0.689375162124634,-0.348758399486542
0.65904837846756,-0.257995158433914,0.854119479656219,-0.487767159938812,-0.407336473464966,0.688131272792816,-0.350193619728088
0.659252107143402,-0.258114665746689,0.854243397712708,-0.487754285335541,-0.406501978635788,0.688672661781311,-0.35011699795723
0.659419178962708,-0.258209317922592,0.854320764541626,-0.487684547901154,-0.406844943761826,0.688445031642914,-0.350263446569443
0.659438967704773,-0.258431702852249,0.854271829128265,-0.487951874732971,-0.406011134386063,0.689363539218903,-0.349049866199493
0.659791350364685,-0.25835195183754,0.854420185089111,-0.48705393075943,-0.407445877790451,0.68847382068634,-0.350385755300522
0.659965515136719,-0.258460938930511,0.854515373706818,-0.486951023340225,-0.407781451940536,0.68830144405365,-0.350477188825607
0.659995496273041,-0.258684009313583,0.854515016078949,-0.487159937620163,-0.406955689191818,0.689181089401245,-0.349416255950928
0.660187184810638,-0.258754044771194,0.854610204696655,-0.486830860376358,-0.40710312128067,0.689278125762939,-0.349511802196503
0.660486936569214,-0.258742928504944,0.854680180549622,-0.48568931221962,-0.405703097581863,0.690711498260498,-0.34989795088768
0.66070431470871,-0.258793026208878,0.854765057563782,-0.485563606023788,-0.40567946434021,0.690766155719757,-0.349992096424103
0.660932004451752,-0.2588911652565,0.854883670806885,-0.485267370939255,-0.406376272439957,0.69049859046936,-0.350122153759003
0.66137033700943,-0.258778363466263,0.855104207992554,-0.484425902366638,-0.407596588134766,0.689625144004822,-0.351587682962418
0.661627471446991,-0.262796878814697,0.857758283615112,-0.501686334609985,-0.459031999111175,0.644024968147278,-0.350474566221237
0.661885917186737,-0.262851387262344,0.857815027236938,-0.50163471698761,-0.458906978368759,0.644287467002869,-0.350229561328888
0.661885917186737,-0.262851387262344,0.857815027236938,-0.50163471698761,-0.458906978368759,0.644287467002869,-0.350229561328888
0.66230571269989,-0.258863359689713,0.855333387851715,-0.482763409614563,-0.408872008323669,0.690119028091431,-0.351424276828766
0.662631928920746,-0.25878182053566,0.855383217334747,-0.48177382349968,-0.40779846906662,0.691423892974854,-0.351464688777924
0.662750482559204,-0.258885473012924,0.855430066585541,-0.481343656778336,-0.406696885824203,0.692781507968903,-0.350656002759933
0.663166344165802,-0.262781471014023,0.858163893222809,-0.498149335384369,-0.456079572439194,0.649363577365875,-0.349522262811661
0.663462042808533,-0.26276770234108,0.858238697052002,-0.497489184141159,-0.456283122301102,0.649720907211304,-0.349532514810562
0.663734078407288,-0.258894473314285,0.855751752853394,-0.479204803705215,-0.406650125980377,0.694387376308441,-0.350463271141052
0.664024293422699,-0.258903414011002,0.855865716934204,-0.478794425725937,-0.407001107931137,0.694477736949921,-0.35043802857399
0.664344370365143,-0.258871853351593,0.855954885482788,-0.477764308452606,-0.406958997249603,0.695253372192383,-0.350354909896851
0.664784073829651,-0.258676886558533,0.855979561805725,-0.475912511348724,-0.404325276613235,0.697997272014618,-0.350468575954437
0.665105998516083,-0.258675336837768,0.856044471263885,-0.475121021270752,-0.404474586248398,0.698444843292236,-0.350478500127792
0.665583252906799,-0.258486151695251,0.856155157089233,-0.473610758781433,-0.406237095594406,0.69782167673111,-0.351723402738571
0.665823340415955,-0.258476048707962,0.856206476688385,-0.47300311923027,-0.406349211931229,0.698152542114258,-0.351754605770111
0.666067123413086,-0.258417844772339,0.856212258338928,-0.472076267004013,-0.406698763370514,0.698485553264618,-0.351934880018234
0.666289985179901,-0.25844332575798,0.856297612190247,-0.471743106842041,-0.407238513231277,0.698392391204834,-0.3519426882267
0.666513502597809,-0.258449822664261,0.856365323066711,-0.471296936273575,-0.407343685626984,0.698580384254456,-0.352045267820358
0.666586697101593,-0.258607894182205,0.856348514556885,-0.471218377351761,-0.406688183546066,0.699574768543243,-0.350931942462921
0.666909337043762,-0.258501648902893,0.856367886066437,-0.470035582780838,-0.405155509710312,0.701294481754303,-0.350858509540558
0.667316019535065,-0.258388817310333,0.85658860206604,-0.469861835241318,-0.406677901744842,0.699897289276123,-0.352117210626602
0.667490184307098,-0.258389174938202,0.856659293174744,-0.469828814268112,-0.406454503536224,0.700093388557434,-0.352029711008072
0.667511761188507,-0.258569270372391,0.85664427280426,-0.470311462879181,-0.405523896217346,0.700829744338989,-0.350991934537888
0.667645454406738,-0.258615583181381,0.85672128200531,-0.470778346061706,-0.405993223190308,0.700291454792023,-0.350897610187531
0.667951703071594,-0.258493959903717,0.856922626495361,-0.470869600772858,-0.407271325588226,0.698883593082428,-0.35209909081459
0.668062746524811,-0.258561849594116,0.856990396976471,-0.472272664308548,-0.408211231231689,0.697751581668854,-0.351375728845596
0.668062746524811,-0.258561849594116,0.856990396976471,-0.472272664308548,-0.408211231231689,0.697751581668854,-0.351375728845596
0.668239951133728,-0.258643835783005,0.857100009918213,-0.47286993265152,-0.408106952905655,0.697561919689178,-0.35107010602951
0.668321371078491,-0.258693218231201,0.857163071632385,-0.473059624433517,-0.407960027456284,0.697565019130707,-0.350979059934616
0.668378293514252,-0.258837968111038,0.857357263565063,-0.474060624837875,-0.407683491706848,0.697140693664551,-0.350792557001114
0.668378293514252,-0.258837968111038,0.857357263565063,-0.474060624837875,-0.407683491706848,0.697140693664551,-0.350792557001114
0.668527722358704,-0.258961826562881,0.857419550418854,-0.474010467529297,-0.407445758581161,0.697608470916748,-0.350206643342972
0.668520927429199,-0.258976966142654,0.857526004314423,-0.474547058343887,-0.40728572010994,0.697272300720215,-0.350335270166397
0.668570995330811,-0.25901260972023,0.857575654983521,-0.474475204944611,-0.406957894563675,0.697557687759399,-0.350245386362076
0.668600857257843,-0.26257050037384,0.860025405883789,-0.491236329078674,-0.453564763069153,0.656676471233368,-0.348915308713913
0.668635427951813,-0.26256263256073,0.859966158866882,-0.490973144769669,-0.452716827392578,0.657553315162659,-0.34873554110527
0.66865336894989,-0.262677431106567,0.860165953636169,-0.491502106189728,-0.453868597745895,0.656499922275543,-0.348478227853775
0.668501079082489,-0.262907296419144,0.86012464761734,-0.492118448019028,-0.452419191598892,0.657851815223694,-0.346940279006958
0.668501079082489,-0.262907296419144,0.86012464761734,-0.492118448019028,-0.452419191598892,0.657851815223694,-0.346940279006958
0.66846090555191,-0.262944757938385,0.860287666320801,-0.492225259542465,-0.452288955450058,0.657925307750702,-0.346819072961807
0.668460309505463,-0.262991487979889,0.860359191894531,-0.492317616939545,-0.452642053365707,0.657650232315063,-0.346748918294907
0.66843444108963,-0.262978583574295,0.86040997505188,-0.492325454950333,-0.452506840229034,0.657842218875885,-0.346549928188324
0.668423712253571,-0.262976199388504,0.860469698905945,-0.492278665304184,-0.452473044395447,0.657969117164612,-0.346419543027878
0.668562948703766,-0.262864470481873,0.860657453536987,-0.491797059774399,-0.45407497882843,0.656634867191315,-0.347537785768509
0.66840648651123,-0.262997150421143,0.860609173774719,-0.492085576057434,-0.453141301870346,0.657766044139862,-0.346206039190292
0.668536126613617,-0.262835741043091,0.860768795013428,-0.491683632135391,-0.454307943582535,0.656708717346191,-0.34725421667099
0.668521165847778,-0.262832194566727,0.860838651657104,-0.491710722446442,-0.454728722572327,0.656538903713226,-0.346985459327698
0.668545603752136,-0.262765616178513,0.860921621322632,-0.491094261407852,-0.454819023609161,0.656857073307037,-0.347138613462448
0.668533146381378,-0.262735575437546,0.860981583595276,-0.49098739027977,-0.455103665590286,0.656861007213593,-0.346908777952194
0.668520748615265,-0.262706696987152,0.861073791980743,-0.491113901138306,-0.454591572284698,0.65722668170929,-0.346708476543427
0.66849273443222,-0.259136348962784,0.858773469924927,-0.474580883979797,-0.408289283514023,0.698006093502045,-0.347649812698364
0.668476998806,-0.258873581886292,0.858754217624664,-0.473622977733612,-0.405700832605362,0.700268685817719,-0.347436308860779
0.668412804603577,-0.258807867765427,0.858780026435852,-0.473913550376892,-0.406494289636612,0.700232744216919,-0.346182972192764
0.668394565582275,-0.258721351623535,0.858832240104675,-0.474043399095535,-0.406453639268875,0.700346529483795,-0.345822513103485
0.668379366397858,-0.258654654026031,0.858859896659851,-0.473988503217697,-0.406588762998581,0.700443506240845,-0.345542520284653
0.668361485004425,-0.258582472801208,0.858874559402466,-0.474067836999893,-0.406706005334854,0.70046192407608,-0.34525802731514
0.668206334114075,-0.258619844913483,0.858824968338013,-0.474397748708725,-0.405418813228607,0.701560795307159,-0.344085395336151
0.668207287788391,-0.258522123098373,0.858862578868866,-0.474680334329605,-0.405630350112915,0.701425611972809,-0.343722194433212
0.668196201324463,-0.258433520793915,0.858875513076782,-0.474452942609787,-0.405793726444244,0.701635599136353,-0.343414396047592
0.66821277141571,-0.258318424224854,0.858869910240173,-0.47416889667511,-0.405417203903198,0.702129364013672,-0.343242198228836
0.66819965839386,-0.25821191072464,0.85884827375412,-0.474154859781265,-0.405962646007538,0.701871752738953,-0.343143820762634
0.668213725090027,-0.258119344711304,0.858847081661224,-0.474116593599319,-0.406053781509399,0.70188319683075,-0.343065232038498
0.668228924274445,-0.258015900850296,0.85884165763855,-0.474012732505798,-0.406026929616928,0.701996684074402,-0.343008428812027
0.668255627155304,-0.257903546094894,0.858820140361786,-0.473826825618744,-0.405941545963287,0.70219612121582,-0.342958182096481
0.66826730966568,-0.257806092500687,0.858797192573547,-0.473637968301773,-0.405908197164536,0.702345728874207,-0.342952132225037
0.668294072151184,-0.257722318172455,0.858781218528748,-0.473644286394119,-0.406162291765213,0.702231824398041,-0.342875927686691
0.668294072151184,-0.257722318172455,0.858781218528748,-0.473644286394119,-0.406162291765213,0.702231824398041,-0.342875927686691
0.668370366096497,-0.257514715194702,0.858673214912415,-0.472954332828522,-0.406992435455322,0.702072143554688,-0.343170613050461
0.668403685092926,-0.257438838481903,0.858632504940033,-0.472882032394409,-0.407003670930862,0.702102720737457,-0.343194633722305
0.668403685092926,-0.257438838481903,0.858632504940033,-0.472882032394409,-0.407003670930862,0.702102720737457,-0.343194633722305
0.66856461763382,-0.257244616746902,0.858523786067963,-0.472057580947876,-0.405801862478256,0.70331996679306,-0.343260139226913
0.668603360652924,-0.257169306278229,0.858477711677551,-0.471923798322678,-0.406399250030518,0.702957689762115,-0.343479543924332
0.668672144412994,-0.257085144519806,0.858412384986877,-0.471403121948242,-0.405990689992905,0.703477203845978,-0.343614012002945
0.66875684261322,-0.257055878639221,0.858339905738831,-0.471098065376282,-0.406911164522171,0.703155636787415,-0.343601673841476
0.66881251335144,-0.25698783993721,0.858273267745972,-0.470844715833664,-0.406764268875122,0.703340649604797,-0.343744069337845
0.66888689994812,-0.256972461938858,0.858197808265686,-0.470544070005417,-0.407338619232178,0.703231394290924,-0.343699187040329
0.668964862823486,-0.256943762302399,0.858141779899597,-0.470160305500031,-0.407637298107147,0.703240275382996,-0.34385222196579
0.669244408607483,-0.256754249334335,0.858207583427429,-0.469384282827377,-0.408880174160004,0.702302873134613,-0.345349282026291
0.669336199760437,-0.256757825613022,0.858165204524994,-0.469102621078491,-0.409385323524475,0.702144920825958,-0.345454633235931
0.669417977333069,-0.256734400987625,0.85810786485672,-0.468783497810364,-0.409736305475235,0.702076137065887,-0.345611363649368
0.669505476951599,-0.25673234462738,0.858055353164673,-0.468614339828491,-0.410396099090576,0.701726734638214,-0.345767557621002
0.669652879238129,-0.256733596324921,0.857966482639313,-0.468260049819946,-0.411136984825134,0.701483011245728,-0.345862150192261
0.669766068458557,-0.256711810827255,0.857891857624054,-0.467951864004135,-0.411808341741562,0.701231598854065,-0.345990240573883
0.669899582862854,-0.256685882806778,0.857791781425476,-0.467282891273498,-0.412737131118774,0.700969278812408,-0.346319198608398
0.670039474964142,-0.256661206483841,0.85772979259491,-0.466878086328506,-0.412966579198837,0.700951337814331,-0.346627742052078
0.670215785503387,-0.256658852100372,0.857636332511902,-0.46627938747406,-0.413989573717117,0.700632154941559,-0.346858143806458
0.670379042625427,-0.256688207387924,0.857574224472046,-0.466679513454437,-0.414610654115677,0.699757695198059,-0.347343444824219
0.670412659645081,-0.256832480430603,0.857399463653564,-0.466721743345261,-0.414125144481659,0.700491786003113,-0.346385061740875
0.670651733875275,-0.256641298532486,0.85739129781723,-0.463945686817169,-0.41417795419693,0.7007976770401,-0.349419057369232
0.670718669891357,-0.256809860467911,0.85724401473999,-0.46382075548172,-0.41397014260292,0.701401591300964,-0.348618537187576
0.671270251274109,-0.25687313079834,0.857213258743286,-0.464960604906082,-0.415484815835953,0.699967801570892,-0.34817960858345
0.671469569206238,-0.256978452205658,0.857127666473389,-0.464459657669067,-0.41721111536026,0.698875427246094,-0.348977506160736
0.671714127063751,-0.257027417421341,0.857053518295288,-0.464129626750946,-0.41775244474411,0.698501288890839,-0.349517732858658
0.671985864639282,-0.257064074277878,0.856955528259277,-0.463502496480942,-0.41893944144249,0.697898089885712,-0.350133657455444
0.672224879264832,-0.257112950086594,0.856875836849213,-0.463122308254242,-0.419610887765884,0.697516202926636,-0.350593268871307
0.672543168067932,-0.257180064916611,0.856840133666992,-0.462979018688202,-0.420322358608246,0.69690215587616,-0.351150870323181
0.672792971134186,-0.257241308689117,0.856748819351196,-0.462610512971878,-0.421176016330719,0.696372091770172,-0.351665049791336
0.6732377409935,-0.257163435220718,0.85667210817337,-0.461612939834595,-0.423920631408691,0.694642245769501,-0.353096306324005
0.673535823822021,-0.257239490747452,0.856524646282196,-0.460893869400024,-0.424335062503815,0.694692015647888,-0.353439837694168
0.673757374286652,-0.257404774427414,0.856227874755859,-0.459975510835648,-0.422988384962082,0.696430921554565,-0.352827847003937
0.674154102802277,-0.257317274808884,0.856219410896301,-0.458638727664948,-0.424114137887955,0.695580959320068,-0.35488697886467
0.674516975879669,-0.257388830184937,0.856136441230774,-0.458020150661469,-0.424295604228973,0.695484817028046,-0.355656832456589
0.674723625183105,-0.257568150758743,0.856041073799133,-0.458005130290985,-0.426054954528809,0.694161355495453,-0.356158137321472
0.674996435642242,-0.257657796144485,0.85588264465332,-0.457347095012665,-0.427491515874863,0.693510591983795,-0.356549650430679
0.675210356712341,-0.257739663124084,0.855783462524414,-0.457792520523071,-0.428032994270325,0.692445814609528,-0.357397258281708
0.674593031406403,-0.258812338113785,0.856114387512207,-0.463268965482712,-0.445474922657013,0.677935063838959,-0.356844484806061
0.674900114536285,-0.258882105350494,0.855957746505737,-0.46264711022377,-0.445007264614105,0.678352057933807,-0.357441842556
0.675268709659576,-0.259091198444366,0.855989813804626,-0.462364196777344,-0.446223884820938,0.677105486392975,-0.358652740716934
0.675327003002167,-0.259129494428635,0.85581362247467,-0.460159629583359,-0.44502329826355,0.678461849689484,-0.360412061214447
0.675690650939941,-0.259290516376495,0.855812013149261,-0.461785405874252,-0.446644872426987,0.676611661911011,-0.359804630279541
0.675747931003571,-0.259541839361191,0.855657339096069,-0.462145060300827,-0.445711195468903,0.677407503128052,-0.359002262353897
0.676966309547424,-0.25834646821022,0.855080008506775,-0.454977810382843,-0.429772257804871,0.691235542297363,-0.361226320266724
0.676220834255219,-0.259478896856308,0.855361819267273,-0.460653066635132,-0.447773218154907,0.676364421844482,-0.360318094491959
0.676370024681091,-0.259630113840103,0.855325937271118,-0.460997402667999,-0.447148650884628,0.676503956317902,-0.360391587018967
0.677438676357269,-0.258783787488937,0.854744970798492,-0.454976558685303,-0.431134104728699,0.69037127494812,-0.361257940530777
0.677396655082703,-0.259028553962708,0.85452926158905,-0.455042868852615,-0.430331408977508,0.691290676593781,-0.360372185707092
0.676666617393494,-0.260099351406097,0.85486900806427,-0.460404306650162,-0.44680592417717,0.677475154399872,-0.35974970459938
0.676870942115784,-0.26018100976944,0.854810953140259,-0.460273116827011,-0.446783721446991,0.677431344985962,-0.360027521848679
0.677015662193298,-0.260266721248627,0.854725122451782,-0.45990464091301,-0.446873754262924,0.677467465400696,-0.36031848192215
0.67711877822876,-0.260345458984375,0.854630351066589,-0.459746330976486,-0.446848422288895,0.677355945110321,-0.360761314630508
0.677281558513641,-0.260413408279419,0.854535102844238,-0.459360539913177,-0.446668446063995,0.677644073963165,-0.360934734344482
0.677401185035706,-0.260456770658493,0.854418158531189,-0.458861738443375,-0.447212815284729,0.677425563335419,-0.361305058002472
0.677526652812958,-0.260516852140427,0.854296088218689,-0.459092080593109,-0.447488695383072,0.676881432533264,-0.361690312623978
0.677620768547058,-0.260606557130814,0.854227423667908,-0.459149062633514,-0.447944194078445,0.676436543464661,-0.361886382102966
0.67771989107132,-0.260652154684067,0.854148387908936,-0.458802938461304,-0.447841227054596,0.676584720611572,-0.362175643444061
0.678678512573242,-0.259779006242752,0.853627741336823,-0.453416764736175,-0.432403117418289,0.68953937292099,-0.363285541534424
0.677922964096069,-0.260774314403534,0.854017734527588,-0.458392828702927,-0.448293775320053,0.676348388195038,-0.362576544284821
0.678858041763306,-0.259904950857162,0.853493452072144,-0.452999293804169,-0.432918220758438,0.689263522624969,-0.363716095685959
0.678934931755066,-0.259944915771484,0.853404998779297,-0.452905148267746,-0.43318036198616,0.689105808734894,-0.363819688558578
0.678239285945892,-0.26093053817749,0.85370659828186,-0.457846462726593,-0.447997450828552,0.676795721054077,-0.362798124551773
0.678239285945892,-0.26093053817749,0.85370659828186,-0.457846462726593,-0.447997450828552,0.676795721054077,-0.362798124551773
0.678424000740051,-0.261005997657776,0.85350775718689,-0.457391351461411,-0.448537349700928,0.676790237426758,-0.362715482711792
0.678481936454773,-0.261047959327698,0.853397309780121,-0.456953585147858,-0.44872909784317,0.676891446113586,-0.362841010093689
0.678604781627655,-0.261116713285446,0.853317379951477,-0.45680832862854,-0.448911070823669,0.676943242549896,-0.362702220678329
0.678691565990448,-0.26108855009079,0.853160858154297,-0.456230819225311,-0.449288904666901,0.676994621753693,-0.36286523938179
0.678797960281372,-0.261127501726151,0.852994680404663,-0.455748379230499,-0.449725151062012,0.677193939685822,-0.362559199333191
0.678937017917633,-0.261160552501678,0.852944254875183,-0.455830276012421,-0.449929714202881,0.676872491836548,-0.362802535295486
0.679200708866119,-0.26104924082756,0.852917075157166,-0.45488840341568,-0.451974004507065,0.675484478473663,-0.364028751850128
0.679096639156342,-0.261248350143433,0.852730631828308,-0.455210417509079,-0.45080977678299,0.676467299461365,-0.363243907690048
0.679195582866669,-0.261239111423492,0.852630853652954,-0.454792946577072,-0.451525211334229,0.67609691619873,-0.363567560911179
0.679269254207611,-0.261243849992752,0.852527260780334,-0.454522639513016,-0.45156255364418,0.676108300685883,-0.363838046789169
0.679352998733521,-0.261281758546829,0.852450489997864,-0.454570680856705,-0.452163398265839,0.675604939460754,-0.363966852426529
0.679435193538666,-0.26128014922142,0.852347135543823,-0.454242050647736,-0.45232230424881,0.675663709640503,-0.364070355892181
0.679531157016754,-0.261318206787109,0.852217674255371,-0.45414400100708,-0.452653050422668,0.675407528877258,-0.364256978034973
0.679693043231964,-0.261375606060028,0.852131068706512,-0.45387390255928,-0.452781409025192,0.675541937351227,-0.364185124635696
0.679924368858337,-0.261267155408859,0.852130174636841,-0.453451961278915,-0.454191416501999,0.674253225326538,-0.365341335535049
0.680049896240234,-0.2612424492836,0.851934969425201,-0.452649921178818,-0.455351293087006,0.673955202102661,-0.365441888570786
0.680167317390442,-0.261267334222794,0.851830244064331,-0.452438443899155,-0.455552250146866,0.673881530761719,-0.365589112043381
0.680287957191467,-0.261300265789032,0.851758480072021,-0.452333986759186,-0.455898582935333,0.67361456155777,-0.365778505802154
0.680386781692505,-0.261318802833557,0.851662993431091,-0.452363580465317,-0.456296056509018,0.673242449760437,-0.365931421518326
0.680386781692505,-0.261318802833557,0.851662993431091,-0.452363580465317,-0.456296056509018,0.673242449760437,-0.365931421518326
0.680674016475677,-0.261385172605515,0.851416289806366,-0.45243701338768,-0.456718057394028,0.67270839214325,-0.366296142339706
0.680849671363831,-0.261401385068893,0.851303458213806,-0.452297627925873,-0.457138180732727,0.672434389591217,-0.366447478532791
0.681012153625488,-0.261392742395401,0.851214408874512,-0.452220410108566,-0.457416445016861,0.672152400016785,-0.36671245098114
0.681226253509521,-0.261411428451538,0.85110080242157,-0.451889425516128,-0.457222640514374,0.67232221364975,-0.367050737142563
0.681451737880707,-0.261340647935867,0.850868940353394,-0.450798064470291,-0.458167821168899,0.672260344028473,-0.367327570915222
0.681703090667725,-0.261308997869492,0.850719094276428,-0.450245559215546,-0.45805636048317,0.672470510005951,-0.367759376764297
0.681777119636536,-0.261425793170929,0.85056746006012,-0.450170993804932,-0.457137167453766,0.673389315605164,-0.367312759160995
0.68198549747467,-0.261415362358093,0.850488603115082,-0.449745327234268,-0.457603514194489,0.673179268836975,-0.367638319730759
0.682198166847229,-0.26141744852066,0.850410997867584,-0.449493527412414,-0.458236694335938,0.672716200351715,-0.368005067110062
0.682494640350342,-0.261424332857132,0.85036301612854,-0.449318766593933,-0.458968997001648,0.672117650508881,-0.368399381637573
0.682786166667938,-0.261462688446045,0.850276708602905,-0.448919624090195,-0.459643840789795,0.67181658744812,-0.368593782186508
0.683127462863922,-0.261410802602768,0.850081205368042,-0.447942435741425,-0.460633397102356,0.671552658081055,-0.369027853012085
0.683389604091644,-0.261437296867371,0.8499955534935,-0.447559833526611,-0.460990220308304,0.671302795410156,-0.369500488042831
0.683655202388763,-0.261461496353149,0.849905371665955,-0.447323530912399,-0.461415857076645,0.670941352844238,-0.369911909103393
0.683932185173035,-0.261481791734695,0.849830687046051,-0.44666975736618,-0.461619168519974,0.670876264572144,-0.37056565284729
0.684275925159454,-0.261514365673065,0.849771320819855,-0.445915579795837,-0.461406290531158,0.671028196811676,-0.371463090181351
0.684275925159454,-0.261514365673065,0.849771320819855,-0.445915579795837,-0.461406290531158,0.671028196811676,-0.371463090181351
0.685745537281036,-0.262603491544724,0.850469350814819,-0.448597311973572,-0.476156651973724,0.658868491649628,-0.371386229991913
0.685983300209045,-0.262572437524795,0.850325345993042,-0.448457658290863,-0.477058738470078,0.657933354377747,-0.372054368257523
0.686295747756958,-0.262803047895432,0.850333690643311,-0.449424088001251,-0.479358106851578,0.655412375926971,-0.372382134199142
0.68634033203125,-0.262754619121552,0.850220322608948,-0.449649482965469,-0.479590147733688,0.654583036899567,-0.373269021511078
0.68655800819397,-0.262841045856476,0.850039958953857,-0.449749708175659,-0.480185896158218,0.654003858566284,-0.373397320508957
0.686740934848785,-0.262766778469086,0.849795639514923,-0.449428528547287,-0.478496134281158,0.655280649662018,-0.373714745044708
0.687355041503906,-0.262978702783585,0.84948456287384,-0.448504418134689,-0.478397101163864,0.656953513622284,-0.372010946273804
0.687452256679535,-0.26287505030632,0.849304497241974,-0.44811162352562,-0.477689146995544,0.657284677028656,-0.372808396816254
0.687681436538696,-0.262890577316284,0.849144399166107,-0.447813272476196,-0.477386921644211,0.657629907131195,-0.3729447722435
0.687888383865356,-0.262883275747299,0.848994255065918,-0.447553277015686,-0.476730465888977,0.658028244972229,-0.37339386343956
0.688107073307037,-0.262870937585831,0.84885048866272,-0.4472815990448,-0.475897490978241,0.658442258834839,-0.374051451683044
0.688107073307037,-0.262870937585831,0.84885048866272,-0.4472815990448,-0.475897490978241,0.658442258834839,-0.374051451683044
0.688364744186401,-0.263231247663498,0.848663032054901,-0.448660552501678,-0.47768446803093,0.656038999557495,-0.374345064163208
0.689066052436829,-0.263441503047943,0.848674178123474,-0.449343234300613,-0.482069909572601,0.652388453483582,-0.374284416437149
0.689173400402069,-0.263266026973724,0.848345994949341,-0.448588192462921,-0.479607224464417,0.654379308223724,-0.374878019094467
0.689382910728455,-0.263298809528351,0.848188757896423,-0.449019312858581,-0.480001300573349,0.65356183052063,-0.375283032655716
0.689576208591461,-0.263290613889694,0.848015308380127,-0.449216514825821,-0.479593634605408,0.653518795967102,-0.375643163919449
0.689467191696167,-0.263340502977371,0.847754955291748,-0.449639171361923,-0.479462474584579,0.653316259384155,-0.375657439231873
0.689670383930206,-0.263351082801819,0.847594499588013,-0.449958980083466,-0.47952926158905,0.652880907058716,-0.375945866107941
0.689851939678192,-0.263182133436203,0.847260594367981,-0.449204325675964,-0.477140754461288,0.654715836048126,-0.37669563293457
0.690272152423859,-0.263404369354248,0.847135961055756,-0.449289560317993,-0.480017811059952,0.652906656265259,-0.376078218221664
0.690528571605682,-0.263377517461777,0.846909463405609,-0.448572516441345,-0.480653792619705,0.65286386013031,-0.37619611620903
0.690738379955292,-0.262956351041794,0.84660667181015,-0.446816921234131,-0.47572335600853,0.657245814800262,-0.376921713352203
0.690945386886597,-0.262940943241119,0.846381664276123,-0.446689277887344,-0.475847482681274,0.657201766967773,-0.376993119716644
0.691254138946533,-0.263082921504974,0.846302568912506,-0.446873635053635,-0.478006333112717,0.655417144298553,-0.377150356769562
0.691384732723236,-0.262895286083221,0.84599643945694,-0.446082949638367,-0.476318657398224,0.65687757730484,-0.37768030166626
0.691384732723236,-0.262895286083221,0.84599643945694,-0.446082949638367,-0.476318657398224,0.65687757730484,-0.37768030166626
0.694151222705841,-0.262590110301971,0.846546173095703,-0.420365154743195,-0.462001293897629,0.676197469234467,-0.390647202730179
0.694636523723602,-0.262627184391022,0.846625089645386,-0.421588212251663,-0.466275453567505,0.671963572502136,-0.391555339097977
0.692818462848663,-0.263614475727081,0.846140623092651,-0.449181288480759,-0.49308505654335,0.641958832740784,-0.378143519163132
0.693061232566833,-0.263530254364014,0.845993638038635,-0.448858290910721,-0.493351817131042,0.641707837581635,-0.378604531288147
0.693201124668121,-0.263542592525482,0.845722019672394,-0.448750138282776,-0.492841094732284,0.64233785867691,-0.378329396247864
0.693465888500214,-0.263304352760315,0.845462799072266,-0.447453022003174,-0.492237627506256,0.643264532089233,-0.379076212644577
0.693646132946014,-0.263342827558517,0.845462739467621,-0.44733402132988,-0.496259212493896,0.640129566192627,-0.379279911518097
0.693997442722321,-0.263246864080429,0.845328032970428,-0.447195082902908,-0.496207922697067,0.640136420726776,-0.379499435424805
0.694397151470184,-0.262220442295074,0.844370365142822,-0.443051487207413,-0.483295887708664,0.651589035987854,-0.381526082754135
0.694793164730072,-0.26285195350647,0.844684064388275,-0.445214688777924,-0.493609189987183,0.642887592315674,-0.380564570426941
0.695280611515045,-0.262590140104294,0.844547390937805,-0.443798184394836,-0.495006859302521,0.642116129398346,-0.381704688072205
0.695638656616211,-0.2625353038311,0.844398736953735,-0.44343763589859,-0.495538085699081,0.641742587089539,-0.38206222653389
0.696016490459442,-0.262368083000183,0.844291687011719,-0.442716240882873,-0.495504230260849,0.641783893108368,-0.382872432470322
0.696291208267212,-0.26219379901886,0.844080090522766,-0.442197263240814,-0.49530565738678,0.641807675361633,-0.383688479661941
0.696838438510895,-0.262223392724991,0.843966364860535,-0.44221505522728,-0.497294574975967,0.640375673770905,-0.383488267660141
0.697057604789734,-0.26210829615593,0.843611478805542,-0.441799104213715,-0.495851129293442,0.641651153564453,-0.38370469212532
0.697057604789734,-0.26210829615593,0.843611478805542,-0.441799104213715,-0.495851129293442,0.641651153564453,-0.38370469212532
0.697928130626678,-0.261774182319641,0.843338131904602,-0.440272212028503,-0.494656592607498,0.642692506313324,-0.385255336761475
0.698671221733093,-0.261616408824921,0.843219041824341,-0.439115226268768,-0.496608078479767,0.641325116157532,-0.386342376470566
0.699138820171356,-0.261438846588135,0.842919826507568,-0.437628328800201,-0.496694207191467,0.641592562198639,-0.387473046779633
0.699561834335327,-0.261221140623093,0.842739582061768,-0.433741241693497,-0.494487911462784,0.643588960170746,-0.3913354575634
0.700264751911163,-0.261093288660049,0.842536926269531,-0.432907789945602,-0.495226949453354,0.643995523452759,-0.390654325485229
0.699533820152283,-0.260272026062012,0.84110164642334,-0.42963320016861,-0.486866384744644,0.651066064834595,-0.393051475286484
0.701257944107056,-0.261037915945053,0.841965556144714,-0.432024300098419,-0.495556116104126,0.643495857715607,-0.392036080360413
0.701813757419586,-0.260836362838745,0.84174382686615,-0.430964082479477,-0.495248764753342,0.643932282924652,-0.392873883247375
0.702519595623016,-0.260428816080093,0.841395139694214,-0.42916664481163,-0.496004343032837,0.643461227416992,-0.394655972719193
0.703240931034088,-0.260430425405502,0.841291427612305,-0.429196804761887,-0.497883707284927,0.641690254211426,-0.395140260457992
0.704028010368347,-0.260292261838913,0.841123282909393,-0.428526759147644,-0.498523533344269,0.641273081302643,-0.395737320184708
0.704049825668335,-0.259640425443649,0.84006679058075,-0.425920784473419,-0.490665405988693,0.648550570011139,-0.396511375904083
0.705470860004425,-0.260051697492599,0.84060525894165,-0.426797330379486,-0.499253779649734,0.641409337520599,-0.396464437246323
0.706244707107544,-0.259898841381073,0.840456366539001,-0.425705969333649,-0.499778240919113,0.640894114971161,-0.397807687520981
0.707195222377777,-0.259606182575226,0.84028697013855,-0.424254268407822,-0.50167989730835,0.639497041702271,-0.399210691452026
0.708020448684692,-0.259548723697662,0.840150594711304,-0.423545271158218,-0.503351747989655,0.63796192407608,-0.400313645601273
0.708578288555145,-0.25935423374176,0.839772701263428,-0.422199070453644,-0.502086460590363,0.639436423778534,-0.400971591472626
0.709415853023529,-0.259111821651459,0.839539527893066,-0.420931220054626,-0.504522740840912,0.637254536151886,-0.402716130018234
0.710272371768951,-0.258911073207855,0.839238047599792,-0.419178545475006,-0.504476189613342,0.637691140174866,-0.403910011053085
0.711201906204224,-0.258801251649857,0.839066982269287,-0.417541593313217,-0.50669264793396,0.636444509029388,-0.40479639172554
0.712148725986481,-0.258456707000732,0.838828980922699,-0.415899455547333,-0.506445586681366,0.636474192142487,-0.406744778156281
0.712988615036011,-0.258127182722092,0.838543653488159,-0.413763284683227,-0.50598007440567,0.637238383293152,-0.408303141593933
0.714030981063843,-0.258067220449448,0.83851683139801,-0.413202434778214,-0.508062362670898,0.635056793689728,-0.409682184457779
0.715056777000427,-0.257507085800171,0.838306307792664,-0.410372465848923,-0.50809246301651,0.63516229391098,-0.412317216396332
0.716036081314087,-0.257385075092316,0.838100790977478,-0.40905973315239,-0.509768545627594,0.633796691894531,-0.413651913404465
0.716681718826294,-0.257072120904922,0.837523460388184,-0.407435029745102,-0.505517482757568,0.637183010578156,-0.415266901254654
0.717819333076477,-0.256708711385727,0.837409615516663,-0.404883831739426,-0.508400857448578,0.635052561759949,-0.417499542236328
0.718810081481934,-0.256554275751114,0.837361574172974,-0.403675585985184,-0.509357094764709,0.633841156959534,-0.419341027736664
0.719777524471283,-0.256685495376587,0.837340533733368,-0.403469145298004,-0.5136878490448,0.630269467830658,-0.419640153646469
0.720747768878937,-0.256102830171585,0.836994230747223,-0.400699138641357,-0.511217534542084,0.631906926631927,-0.42283633351326
0.721721291542053,-0.255877166986465,0.836742222309113,-0.399435967206955,-0.512484490871429,0.630852699279785,-0.424069941043854
0.722182333469391,-0.255721658468246,0.836040139198303,-0.396804451942444,-0.514693915843964,0.630503594875336,-0.424383878707886
0.72344708442688,-0.255583137273788,0.836185693740845,-0.396876692771912,-0.51499480009079,0.629077672958374,-0.426064103841782
0.724583685398102,-0.255258411169052,0.836145162582397,-0.395445585250854,-0.516634404659271,0.627075791358948,-0.428354501724243
0.725351333618164,-0.255209147930145,0.835867881774902,-0.394645065069199,-0.515638887882233,0.627847194671631,-0.429161876440048
0.726780891418457,-0.255029559135437,0.835866808891296,-0.393036723136902,-0.520366191864014,0.624348700046539,-0.430034786462784
0.727287292480469,-0.254752784967422,0.835517168045044,-0.392403870820999,-0.517837762832642,0.625355124473572,-0.432196944952011
0.728402853012085,-0.254505515098572,0.835428953170776,-0.391362130641937,-0.51926177740097,0.623704850673676,-0.433814823627472
0.729231476783752,-0.254303276538849,0.8351891040802,-0.390604645013809,-0.519011557102203,0.623448669910431,-0.435162872076034
0.730298280715942,-0.254223138093948,0.835297048091888,-0.390710711479187,-0.520934760570526,0.620639145374298,-0.436782717704773
0.731092691421509,-0.254028797149658,0.835035681724548,-0.38968688249588,-0.521501421928406,0.619984805583954,-0.437948912382126
0.731923043727875,-0.254083931446075,0.834844529628754,-0.390125155448914,-0.521720945835114,0.619015872478485,-0.438667267560959
0.732940256595612,-0.253768295049667,0.834307670593262,-0.387800872325897,-0.521476030349731,0.61982399225235,-0.439876645803451
0.733901381492615,-0.253650307655334,0.83415025472641,-0.3877112865448,-0.521522641181946,0.618962466716766,-0.441111832857132
0.734642028808594,-0.253526329994202,0.834107100963593,-0.388146162033081,-0.521642863750458,0.616958260536194,-0.443388909101486
0.735569298267365,-0.253368735313416,0.833849966526031,-0.387281954288483,-0.521671533584595,0.61644172668457,-0.444827079772949
0.736266851425171,-0.253426194190979,0.833820104598999,-0.388028770685196,-0.522244691848755,0.614852130413055,-0.445702850818634
0.737299859523773,-0.253173232078552,0.83350145816803,-0.386647254228592,-0.522446990013123,0.614322245121002,-0.447394013404846
0.738101959228516,-0.253042191267013,0.83323335647583,-0.386062949895859,-0.522479355335236,0.613384187221527,-0.44914436340332
0.738744258880615,-0.253061532974243,0.832937240600586,-0.386143058538437,-0.521894752979279,0.613009393215179,-0.450265467166901
0.739662289619446,-0.252995401620865,0.832720875740051,-0.386091887950897,-0.522294580936432,0.611669480800629,-0.451665639877319
0.740494191646576,-0.253018170595169,0.832659721374512,-0.386258959770203,-0.521732926368713,0.61114639043808,-0.452878415584564
0.740977168083191,-0.252925962209701,0.832158267498016,-0.385407447814941,-0.523279011249542,0.609558522701263,-0.453958719968796
0.742303431034088,-0.252807736396789,0.832356572151184,-0.385969251394272,-0.523328125476837,0.607817232608795,-0.45575612783432
0.742303431034088,-0.252807736396789,0.832356572151184,-0.385969251394272,-0.523328125476837,0.607817232608795,-0.45575612783432
0.743780374526978,-0.252960115671158,0.831954002380371,-0.386882722377777,-0.522485136985779,0.605993926525116,-0.458369314670563
0.744569599628448,-0.252877473831177,0.831721186637878,-0.386095017194748,-0.52279007434845,0.605068564414978,-0.459905505180359
0.745332717895508,-0.252878963947296,0.831617891788483,-0.38619139790535,-0.522718369960785,0.603960156440735,-0.461360812187195
0.746029615402222,-0.252854555845261,0.831440925598145,-0.386271446943283,-0.522368907928467,0.603001296520233,-0.462941259145737
0.746920526027679,-0.252667427062988,0.831352472305298,-0.385475546121597,-0.523899137973785,0.600920617580414,-0.464578002691269
0.747588574886322,-0.252612829208374,0.831196546554565,-0.385253518819809,-0.523448765277863,0.600229620933533,-0.466160386800766
0.747943878173828,-0.252718657255173,0.83097767829895,-0.385542452335358,-0.523709893226624,0.599622309207916,-0.466409891843796
0.748779058456421,-0.252612143754959,0.830995440483093,-0.38497269153595,-0.524741411209106,0.598376333713531,-0.467320442199707
0.749271512031555,-0.252537101507187,0.830873012542725,-0.384136080741882,-0.525233268737793,0.597817659378052,-0.468170523643494
0.749536514282227,-0.2525874376297,0.830716013908386,-0.384365737438202,-0.524877727031708,0.597504019737244,-0.468780845403671
0.749913811683655,-0.252518504858017,0.830626487731934,-0.383807778358459,-0.525163292884827,0.597123682498932,-0.469402134418487
0.750519454479218,-0.252335280179977,0.830763339996338,-0.382904767990112,-0.526280283927917,0.59574693441391,-0.470636367797852
0.750519454479218,-0.252335280179977,0.830763339996338,-0.382904767990112,-0.526280283927917,0.59574693441391,-0.470636367797852
0.751141905784607,-0.252160727977753,0.830649852752686,-0.381788551807404,-0.527163505554199,0.594968795776367,-0.471538126468658
0.751141905784607,-0.252160727977753,0.830649852752686,-0.381788551807404,-0.527163505554199,0.594968795776367,-0.471538126468658
0.751475512981415,-0.252098649740219,0.830684542655945,-0.381439715623856,-0.528936743736267,0.593461394309998,-0.471734464168549
0.751519680023193,-0.251890420913696,0.830457329750061,-0.380973011255264,-0.528241455554962,0.593709111213684,-0.472578167915344
0.751632928848267,-0.251695573329925,0.830424845218658,-0.380740344524383,-0.527643024921417,0.594041705131531,-0.473016142845154
0.751736640930176,-0.251559197902679,0.830355405807495,-0.380229145288467,-0.528852343559265,0.593006193637848,-0.473375856876373
0.751821279525757,-0.251416921615601,0.830342292785645,-0.38021770119667,-0.529663264751434,0.592072069644928,-0.473647594451904
0.751589715480804,-0.251174747943878,0.829981625080109,-0.37909722328186,-0.530769526958466,0.591420531272888,-0.474121212959289
0.751973688602448,-0.251142352819443,0.830307364463806,-0.380555242300034,-0.529338777065277,0.59163111448288,-0.474289685487747
0.752031743526459,-0.25104084610939,0.830267548561096,-0.380505293607712,-0.529656708240509,0.591458201408386,-0.47419062256813
0.751745879650116,-0.250829041004181,0.829860746860504,-0.379018574953079,-0.53106814622879,0.590833842754364,-0.474580854177475
0.751745879650116,-0.250829041004181,0.829860746860504,-0.379018574953079,-0.53106814622879,0.590833842754364,-0.474580854177475
0.751787960529327,-0.250614076852798,0.829723119735718,-0.379020184278488,-0.531144320964813,0.590326845645905,-0.475125014781952
0.751804769039154,-0.250508278608322,0.829636931419373,-0.379023551940918,-0.531079769134521,0.590114951133728,-0.475457578897476
0.751804769039154,-0.250508278608322,0.829636931419373,-0.379023551940918,-0.531079769134521,0.590114951133728,-0.475457578897476
0.751830637454987,-0.250235944986343,0.829416215419769,-0.378431499004364,-0.531004250049591,0.589770793914795,-0.476439476013184
0.75185489654541,-0.25012081861496,0.829302430152893,-0.378483891487122,-0.531126737594604,0.589350402355194,-0.47678130865097
0.751852571964264,-0.249909773468971,0.829120635986328,-0.377985239028931,-0.531602799892426,0.588359653949738,-0.477868676185608
0.752461135387421,-0.24980653822422,0.829517126083374,-0.37938579916954,-0.52995103597641,0.588343739509583,-0.478612571954727
0.752497911453247,-0.249713748693466,0.829398155212402,-0.379245787858963,-0.530138909816742,0.58787590265274,-0.479090243577957
0.752497911453247,-0.249713748693466,0.829398155212402,-0.379245787858963,-0.530138909816742,0.58787590265274,-0.479090243577957
0.75255161523819,-0.249504506587982,0.829155087471008,-0.379234850406647,-0.530117332935333,0.587171196937561,-0.479986071586609
0.752591848373413,-0.249373123049736,0.828985750675201,-0.378890782594681,-0.530552446842194,0.586651206016541,-0.480412483215332
0.752598822116852,-0.249280542135239,0.828896284103394,-0.37914502620697,-0.530494332313538,0.586268365383148,-0.480743646621704
0.752595365047455,-0.249181374907494,0.828809142112732,-0.379327982664108,-0.530634224414825,0.585736095905304,-0.481093406677246
0.752586603164673,-0.249081283807754,0.82874059677124,-0.379447489976883,-0.530812084674835,0.585212469100952,-0.481440156698227
0.752577900886536,-0.248979777097702,0.828677892684937,-0.379571795463562,-0.53091162443161,0.584778964519501,-0.481758922338486
0.752543926239014,-0.248838171362877,0.828610897064209,-0.379387110471725,-0.531208336353302,0.584338247776031,-0.482111930847168
0.752667665481567,-0.248702198266983,0.828394889831543,-0.378389447927475,-0.532072961330414,0.584490954875946,-0.48175722360611
0.75247049331665,-0.248579367995262,0.828475654125214,-0.378879278898239,-0.532000005245209,0.583377361297607,-0.482801616191864
0.752427101135254,-0.248458757996559,0.8284592628479,-0.378888010978699,-0.532368838787079,0.582792282104492,-0.48309451341629
0.75238710641861,-0.248400375247002,0.828457713127136,-0.379044860601425,-0.532539248466492,0.582351267337799,-0.483315646648407
0.752305030822754,-0.248269498348236,0.828454673290253,-0.378850847482681,-0.531931579113007,0.58287250995636,-0.483508586883545
0.752240657806396,-0.248225152492523,0.828466057777405,-0.378944426774979,-0.532201588153839,0.582518219947815,-0.483564972877502
0.75217342376709,-0.248184308409691,0.828469455242157,-0.378941595554352,-0.53237247467041,0.58231395483017,-0.48362523317337
0.752102136611938,-0.248175948858261,0.828515410423279,-0.379262357950211,-0.531833171844482,0.582536816596985,-0.483698695898056
0.752007186412811,-0.248162552714348,0.828523755073547,-0.379345715045929,-0.531948029994965,0.582378268241882,-0.483697861433029
0.752007186412811,-0.248162552714348,0.828523755073547,-0.379345715045929,-0.531948029994965,0.582378268241882,-0.483697861433029
0.75180721282959,-0.248187765479088,0.828513860702515,-0.379633724689484,-0.532480537891388,0.581854045391083,-0.483517080545425
0.751632571220398,-0.248194620013237,0.828528523445129,-0.379926115274429,-0.53234738111496,0.581675589084625,-0.483648508787155
0.751260161399841,-0.24832609295845,0.828451871871948,-0.380353987216949,-0.532251417636871,0.581656336784363,-0.483441084623337
0.751260161399841,-0.24832609295845,0.828451871871948,-0.380353987216949,-0.532251417636871,0.581656336784363,-0.483441084623337
0.751129388809204,-0.248331502079964,0.828513145446777,-0.380403608083725,-0.532818138599396,0.581055998802185,-0.483499825000763
0.750798761844635,-0.248538076877594,0.828411817550659,-0.381272852420807,-0.532222330570221,0.581521034240723,-0.482911765575409
0.750790119171143,-0.248511001467705,0.828473389148712,-0.380966365337372,-0.532598257064819,0.581204414367676,-0.483120381832123
0.750045955181122,-0.248590141534805,0.828043699264526,-0.380007356405258,-0.533411026000977,0.581140041351318,-0.483056336641312
0.749811947345734,-0.248679563403129,0.827995479106903,-0.380203485488892,-0.533409953117371,0.581237375736237,-0.482785940170288
0.750120997428894,-0.248746290802956,0.82841020822525,-0.381325840950012,-0.531984686851501,0.581762135028839,-0.482841432094574
0.74986720085144,-0.248854249715805,0.828373491764069,-0.381473869085312,-0.532069683074951,0.581691443920135,-0.482715964317322
0.749353528022766,-0.249027475714684,0.828267931938171,-0.381961822509766,-0.531507253646851,0.582045614719391,-0.482522815465927
0.749062538146973,-0.249168425798416,0.828311562538147,-0.382508873939514,-0.530811727046967,0.582417786121368,-0.482405960559845
0.748731315135956,-0.249243780970573,0.828346490859985,-0.382753729820251,-0.530504465103149,0.582343339920044,-0.48263943195343
0.748438656330109,-0.249387472867966,0.828385293483734,-0.38295504450798,-0.531004846096039,0.582072973251343,-0.482255518436432
0.748438656330109,-0.249387472867966,0.828385293483734,-0.38295504450798,-0.531004846096039,0.582072973251343,-0.482255518436432
0.747430741786957,-0.24955116212368,0.827999353408813,-0.382000416517258,-0.532267034053802,0.581861913204193,-0.481875777244568
0.747579574584961,-0.249609857797623,0.828411042690277,-0.383207201957703,-0.531059205532074,0.582148313522339,-0.481904268264771
0.747256815433502,-0.24970780313015,0.828428745269775,-0.383313655853271,-0.531094491481781,0.582182049751282,-0.481740087270737
0.746943533420563,-0.249837964773178,0.828506946563721,-0.383520066738129,-0.530583322048187,0.582809686660767,-0.481380015611649
0.746590375900269,-0.249927967786789,0.82857620716095,-0.384037137031555,-0.530279397964478,0.582800626754761,-0.481313526630402
0.746215522289276,-0.25000986456871,0.828610002994537,-0.384393185377121,-0.530799865722656,0.582474410533905,-0.48085030913353
0.745601892471313,-0.250177681446075,0.828454673290253,-0.384930729866028,-0.530485928058624,0.58303314447403,-0.480088949203491
0.74527907371521,-0.250251859426498,0.828462839126587,-0.385408908128738,-0.530286073684692,0.583135366439819,-0.479801893234253
0.744960308074951,-0.250356793403625,0.828465342521667,-0.385800212621689,-0.529769837856293,0.583720266819,-0.47934627532959
0.744649708271027,-0.25043386220932,0.828465640544891,-0.385944128036499,-0.529804646968842,0.583867907524109,-0.479011863470078
0.743966281414032,-0.250432223081589,0.828080117702484,-0.384451001882553,-0.531396090984344,0.583670377731323,-0.478690445423126
0.743598222732544,-0.250551819801331,0.828142046928406,-0.385175496339798,-0.530690014362335,0.584162533283234,-0.47829070687294
0.743155300617218,-0.250600814819336,0.828131198883057,-0.385212928056717,-0.5311079621315,0.58399486541748,-0.478001445531845
0.742861330509186,-0.250653207302094,0.828168749809265,-0.385577350854874,-0.530906617641449,0.584154307842255,-0.477736234664917
0.742598056793213,-0.250670105218887,0.828231573104858,-0.385823935270309,-0.530445218086243,0.584623754024506,-0.477475672960281
0.742304265499115,-0.250748008489609,0.828282237052917,-0.386165708303451,-0.530768513679504,0.58437591791153,-0.477143228054047
0.74251800775528,-0.250739067792892,0.828798651695251,-0.387554079294205,-0.52960866689682,0.58439314365387,-0.477285325527191
0.74251800775528,-0.250739067792892,0.828798651695251,-0.387554079294205,-0.52960866689682,0.58439314365387,-0.477285325527191
0.741941273212433,-0.250820696353912,0.828794956207275,-0.387898504734039,-0.529733300209045,0.584465980529785,-0.476777791976929
0.741669058799744,-0.250910967588425,0.828900337219238,-0.388770192861557,-0.528892636299133,0.584755718708038,-0.476645737886429
0.741245210170746,-0.251063048839569,0.828889548778534,-0.389269292354584,-0.528701484203339,0.58504593372345,-0.476093888282776
0.741049587726593,-0.251119673252106,0.828936338424683,-0.389513045549393,-0.528279900550842,0.585486829280853,-0.475820600986481
0.740810990333557,-0.251121610403061,0.828968942165375,-0.389420628547668,-0.527609050273895,0.586175739765167,-0.475792169570923
0.740617990493774,-0.251220703125,0.829033613204956,-0.389724880456924,-0.528330504894257,0.585656821727753,-0.475381523370743
0.74042820930481,-0.251264125108719,0.829059898853302,-0.389916986227036,-0.52843713760376,0.585719108581543,-0.475028485059738
0.740269601345062,-0.251291394233704,0.829091608524323,-0.389911681413651,-0.528308808803558,0.585938990116119,-0.474904477596283
0.740285277366638,-0.251228362321854,0.829187989234924,-0.389640480279922,-0.529148161411285,0.585346281528473,-0.474923372268677
0.740160882472992,-0.251250773668289,0.829212844371796,-0.389627605676651,-0.528904914855957,0.585543811321259,-0.474961489439011
0.740160882472992,-0.251250773668289,0.829212844371796,-0.389627605676651,-0.528904914855957,0.585543811321259,-0.474961489439011
0.739881217479706,-0.251298457384109,0.829247832298279,-0.389481276273727,-0.529090940952301,0.585624992847443,-0.474774122238159
0.739800810813904,-0.251320332288742,0.829261600971222,-0.389195173978805,-0.528811097145081,0.585860252380371,-0.475030153989792
0.739725351333618,-0.251367479562759,0.829277873039246,-0.389286756515503,-0.529015064239502,0.585653901100159,-0.474982589483261
0.739725351333618,-0.251367479562759,0.829277873039246,-0.389286756515503,-0.529015064239502,0.585653901100159,-0.474982589483261
0.739607095718384,-0.251509755849838,0.829407155513763,-0.390128433704376,-0.528204619884491,0.585866332054138,-0.474931955337524
0.739586710929871,-0.251557797193527,0.829424738883972,-0.390203237533569,-0.528290688991547,0.585778057575226,-0.474883496761322
0.739578664302826,-0.251599729061127,0.829435348510742,-0.390224128961563,-0.528150320053101,0.585895478725433,-0.474877804517746
0.739545881748199,-0.251641392707825,0.829418540000916,-0.390298545360565,-0.527978122234344,0.586021244525909,-0.474852830171585
0.739613652229309,-0.251720607280731,0.829385161399841,-0.390327125787735,-0.527894020080566,0.586331427097321,-0.474539667367935
0.739652752876282,-0.251775920391083,0.829380810260773,-0.390422016382217,-0.527956366539001,0.586253583431244,-0.47448855638504
0.73969179391861,-0.251832187175751,0.829258680343628,-0.390066206455231,-0.528156757354736,0.586539626121521,-0.474204897880554
0.739788115024567,-0.251915067434311,0.829251408576965,-0.39032506942749,-0.528093039989471,0.586536705493927,-0.474066376686096
0.739851057529449,-0.251973301172256,0.829240024089813,-0.390472829341888,-0.528194785118103,0.586332678794861,-0.474083870649338
0.739926993846893,-0.252043277025223,0.829227685928345,-0.390876591205597,-0.52835339307785,0.585861563682556,-0.474156647920609
0.740009188652039,-0.252091228961945,0.829225659370422,-0.3908371925354,-0.528284251689911,0.58583527803421,-0.474298298358917
0.740157008171082,-0.252158254384995,0.829255282878876,-0.391086786985397,-0.52826726436615,0.585685789585114,-0.474296391010284
0.740245938301086,-0.252237647771835,0.829228520393372,-0.390976190567017,-0.528473377227783,0.585476219654083,-0.474416345357895
0.740344643592834,-0.252295434474945,0.829230427742004,-0.390576660633087,-0.528462111949921,0.585617959499359,-0.474583238363266
0.740423321723938,-0.252384841442108,0.82924497127533,-0.390464454889297,-0.528917610645294,0.585248470306396,-0.474623888731003
0.740521550178528,-0.252455025911331,0.829250812530518,-0.39040008187294,-0.529214382171631,0.584939956665039,-0.474726736545563
0.740606665611267,-0.252505570650101,0.829245030879974,-0.390294641256332,-0.529229938983917,0.584847211837769,-0.47490993142128
0.740684390068054,-0.252549409866333,0.829236626625061,-0.390165001153946,-0.529205799102783,0.584891140460968,-0.474989324808121
0.740805864334106,-0.252556592226028,0.829216718673706,-0.389975190162659,-0.528509318828583,0.585381686687469,-0.475316286087036
0.740880310535431,-0.25264698266983,0.829211711883545,-0.390038043260574,-0.528305947780609,0.585577964782715,-0.475248992443085
0.740947306156158,-0.252688050270081,0.82920116186142,-0.39000990986824,-0.528341948986053,0.585502088069916,-0.475325524806976
0.740479648113251,-0.252791821956635,0.828794598579407,-0.389231711626053,-0.529675424098969,0.584849119186401,-0.475283324718475
0.740918040275574,-0.252932548522949,0.829114139080048,-0.390465885400772,-0.528367280960083,0.585338950157166,-0.475123822689056
0.741134762763977,-0.252893596887589,0.829172074794769,-0.390127897262573,-0.529156565666199,0.584640204906464,-0.475383579730987
0.741015076637268,-0.253029197454453,0.829091012477875,-0.390539854764938,-0.528587102890015,0.585075616836548,-0.475143104791641
0.74120557308197,-0.252965033054352,0.829147577285767,-0.39004385471344,-0.529103100299835,0.584624111652374,-0.475531935691833
0.741061568260193,-0.25310692191124,0.829050183296204,-0.390413016080856,-0.528620958328247,0.585057199001312,-0.47523221373558
0.740720212459564,-0.253053218126297,0.828663468360901,-0.388938844203949,-0.530171096324921,0.58457612991333,-0.475306123495102
0.740717172622681,-0.253085941076279,0.828641653060913,-0.38890865445137,-0.530243337154388,0.584528088569641,-0.475309580564499
0.740708291530609,-0.253111392259598,0.828606128692627,-0.388758301734924,-0.530243158340454,0.584640085697174,-0.475294798612595
0.740699112415314,-0.253154784440994,0.828599095344543,-0.388728111982346,-0.530304551124573,0.584656774997711,-0.475230544805527
0.740659773349762,-0.253186494112015,0.828567147254944,-0.388778895139694,-0.530347406864166,0.584740519523621,-0.475038170814514
0.740659773349762,-0.253186494112015,0.828567147254944,-0.388778895139694,-0.530347406864166,0.584740519523621,-0.475038170814514
0.741109132766724,-0.253266155719757,0.82900595664978,-0.389998286962509,-0.529613077640533,0.584546148777008,-0.475097000598907
0.741109132766724,-0.253266155719757,0.82900595664978,-0.389998286962509,-0.529613077640533,0.584546148777008,-0.475097000598907
0.740993976593018,-0.253336042165756,0.828980326652527,-0.390191614627838,-0.529639601707458,0.584615647792816,-0.474823296070099
0.740906596183777,-0.253356605768204,0.828949332237244,-0.390173703432083,-0.529446125030518,0.584868431091309,-0.474742442369461
0.740831971168518,-0.253387689590454,0.828924298286438,-0.390242546796799,-0.529419898986816,0.584956645965576,-0.474606305360794
0.740751802921295,-0.25342983007431,0.828899323940277,-0.39036762714386,-0.529420554637909,0.585023999214172,-0.47441965341568
0.740658283233643,-0.253474503755569,0.828902900218964,-0.390358984470367,-0.529557764530182,0.585001230239868,-0.474301815032959
0.740567564964294,-0.25351020693779,0.828882396221161,-0.390436768531799,-0.529491603374481,0.585124313831329,-0.474159687757492
0.740493297576904,-0.253615468740463,0.82889461517334,-0.390973180532455,-0.528840303421021,0.585625767707825,-0.47382527589798
0.740329027175903,-0.253651112318039,0.828817486763,-0.39090946316719,-0.529076099395752,0.585550308227539,-0.473707854747772
0.740248918533325,-0.253693908452988,0.828792810440063,-0.39094203710556,-0.528694868087769,0.585804104804993,-0.473792970180511
0.740132629871368,-0.253726571798325,0.828781366348267,-0.391215056180954,-0.527607262134552,0.586720645427704,-0.473645716905594
0.740082383155823,-0.253799736499786,0.828723192214966,-0.391378074884415,-0.527519047260284,0.587059915065765,-0.473188608884811
0.739988565444946,-0.253847002983093,0.828695297241211,-0.39140984416008,-0.527422487735748,0.587237477302551,-0.473049700260162
0.739710032939911,-0.254029601812363,0.82855212688446,-0.391972750425339,-0.526585757732391,0.588150501251221,-0.472381085157394
0.739629328250885,-0.254087120294571,0.828522324562073,-0.392086863517761,-0.526683390140533,0.588195204734802,-0.472121745347977
0.739544212818146,-0.254124402999878,0.828501880168915,-0.392052739858627,-0.526462554931641,0.588517427444458,-0.471994757652283
0.739471137523651,-0.254185497760773,0.828488826751709,-0.392174899578094,-0.526367962360382,0.588648796081543,-0.471834987401962
0.739381730556488,-0.254236370325089,0.828466415405273,-0.392286717891693,-0.526358008384705,0.588779628276825,-0.471589714288711
0.739282011985779,-0.254333555698395,0.828456997871399,-0.392426431179047,-0.526746332645416,0.588436841964722,-0.471467941999435
0.739204823970795,-0.25437530875206,0.828452289104462,-0.392143905162811,-0.526443123817444,0.589027464389801,-0.471303939819336
0.739119708538055,-0.25443509221077,0.828426480293274,-0.392073810100555,-0.52641087770462,0.589260458946228,-0.471107006072998
0.73904424905777,-0.254505187273026,0.828408539295197,-0.392235159873962,-0.526660919189453,0.589161515235901,-0.470816940069199
0.73904424905777,-0.254505187273026,0.828408539295197,-0.392235159873962,-0.526660919189453,0.589161515235901,-0.470816940069199
0.739030718803406,-0.254528313875198,0.828435957431793,-0.391870677471161,-0.527313649654388,0.588934600353241,-0.470673829317093
0.73895126581192,-0.254578649997711,0.828427791595459,-0.391810894012451,-0.527236521244049,0.589241564273834,-0.470425754785538
0.738881647586823,-0.254616498947143,0.828414797782898,-0.391862362623215,-0.526952743530273,0.589593589305878,-0.470259428024292
0.738881647586823,-0.254616498947143,0.828414797782898,-0.391862362623215,-0.526952743530273,0.589593589305878,-0.470259428024292
0.738459765911102,-0.254847466945648,0.828331708908081,-0.392759591341019,-0.525623679161072,0.590609490871429,-0.46972331404686
0.738459765911102,-0.254847466945648,0.828331708908081,-0.392759591341019,-0.525623679161072,0.590609490871429,-0.46972331404686
0.73841917514801,-0.254868984222412,0.828389704227448,-0.392710596323013,-0.526038765907288,0.590386390686035,-0.469580233097076
0.738245964050293,-0.254914879798889,0.82837963104248,-0.392956167459488,-0.525700807571411,0.590634405612946,-0.46944123506546
0.738245964050293,-0.254914879798889,0.82837963104248,-0.392956167459488,-0.525700807571411,0.590634405612946,-0.46944123506546
0.737847506999969,-0.255188852548599,0.828306019306183,-0.393615245819092,-0.52495288848877,0.591672897338867,-0.468417257070541
0.737862050533295,-0.255149990320206,0.828421533107758,-0.393565595149994,-0.525583803653717,0.591141164302826,-0.468423098325729
0.737862050533295,-0.255149990320206,0.828421533107758,-0.393565595149994,-0.525583803653717,0.591141164302826,-0.468423098325729
0.737554967403412,-0.255323976278305,0.828397393226624,-0.3939248919487,-0.525846660137177,0.591239213943481,-0.46770179271698
0.737389862537384,-0.255376994609833,0.828404307365417,-0.393983900547028,-0.525784313678741,0.591597139835358,-0.467268913984299
0.737217009067535,-0.255458772182465,0.828391432762146,-0.39421746134758,-0.525790631771088,0.591765165328979,-0.466851949691772
0.73706066608429,-0.255515992641449,0.828335881233215,-0.394175887107849,-0.525381863117218,0.592533946037292,-0.466371923685074
0.736643016338348,-0.255676984786987,0.82822448015213,-0.394779086112976,-0.524590194225311,0.593269050121307,-0.465818166732788
0.736387610435486,-0.255738258361816,0.828149437904358,-0.39445173740387,-0.524384617805481,0.59415328502655,-0.465199470520019
0.736138701438904,-0.255843311548233,0.828117370605469,-0.394646018743515,-0.523858547210693,0.594911336898804,-0.464658409357071
0.735897302627563,-0.255910098552704,0.828050494194031,-0.394705712795258,-0.523420810699463,0.595632195472717,-0.464177310466766
0.735664010047913,-0.256072551012039,0.828110575675964,-0.395671606063843,-0.52250999212265,0.596250712871552,-0.463586270809174
0.735560894012451,-0.256045550107956,0.828179061412811,-0.395486235618591,-0.522797405719757,0.596244633197784,-0.463428407907486
0.735259115695953,-0.256131917238235,0.828191936016083,-0.396122187376022,-0.522226750850677,0.596570909023285,-0.463108599185944
0.734685301780701,-0.256347775459289,0.828079700469971,-0.397249579429626,-0.522306561470032,0.596578776836395,-0.462041646242142
0.734362959861755,-0.256483405828476,0.828057110309601,-0.398397266864777,-0.522228956222534,0.596606492996216,-0.461104512214661
0.734213471412659,-0.256453633308411,0.828088164329529,-0.398224979639053,-0.522464692592621,0.596635162830353,-0.460949182510376
0.733763873577118,-0.256692171096802,0.828010201454163,-0.398913621902466,-0.521331548690796,0.598036825656891,-0.459818869829178
0.733784317970276,-0.256696105003357,0.827934682369232,-0.398261457681656,-0.521853148937225,0.598731398582458,-0.458887755870819
0.733413219451904,-0.256757110357284,0.827900409698486,-0.398649454116821,-0.521731674671173,0.599004685878754,-0.458331704139709
0.732686817646027,-0.256963044404984,0.828003525733948,-0.400596678256989,-0.520045161247253,0.599284112453461,-0.458185493946075
0.732433140277863,-0.256967127323151,0.828109323978424,-0.400968343019485,-0.520382761955261,0.598791301250458,-0.458121359348297
0.732047557830811,-0.257024824619293,0.828086972236633,-0.401175945997238,-0.519865453243256,0.599460244178772,-0.457651913166046
0.731686115264893,-0.257130980491638,0.82808917760849,-0.401350259780884,-0.520170331001282,0.599754691123962,-0.456766039133072
0.73134708404541,-0.257296741008758,0.828051567077637,-0.401968419551849,-0.519577205181122,0.600643634796143,-0.455728113651276
0.730779647827148,-0.257481217384338,0.827926754951477,-0.402539879083633,-0.518706262111664,0.601770460605621,-0.454728245735168
0.730340003967285,-0.257562398910522,0.827895164489746,-0.402829140424728,-0.51855731010437,0.60228556394577,-0.453959286212921
0.729900896549225,-0.257625877857208,0.827951550483704,-0.403406977653503,-0.517039775848389,0.603547990322113,-0.453500181436539
0.729497909545898,-0.257670491933823,0.827974081039429,-0.403779059648514,-0.516378343105316,0.604208052158356,-0.453043818473816
0.72906756401062,-0.257753014564514,0.827954113483429,-0.403592437505722,-0.516428589820862,0.605001747608185,-0.452092498540878
0.72882091999054,-0.257728964090347,0.828027486801147,-0.403523594141006,-0.516623616218567,0.605101346969604,-0.451797604560852
0.728578686714172,-0.257892310619354,0.827919065952301,-0.403738081455231,-0.516654074192047,0.606296539306641,-0.449965298175812
0.728157341480255,-0.257940977811813,0.827939093112946,-0.404152035713196,-0.516200959682465,0.606918752193451,-0.449274182319641
0.727378726005554,-0.258123576641083,0.827967643737793,-0.406147390604019,-0.515335500240326,0.606725335121155,-0.448729485273361
0.726953029632568,-0.258196413516998,0.828034996986389,-0.406593769788742,-0.514554083347321,0.607454717159271,-0.44823494553566
0.726561844348907,-0.258300960063934,0.828083157539368,-0.407145947217941,-0.515051186084747,0.607365012168884,-0.447283446788788
0.726326763629913,-0.258253395557404,0.828153491020203,-0.407098978757858,-0.515456020832062,0.60730904340744,-0.446935534477234
0.725917458534241,-0.258305460214615,0.828183770179749,-0.407824337482452,-0.5152547955513,0.607617437839508,-0.446086198091507
0.725917458534241,-0.258305460214615,0.828183770179749,-0.407824337482452,-0.5152547955513,0.607617437839508,-0.446086198091507
0.725069880485535,-0.258471846580505,0.828207790851593,-0.409026026725769,-0.51463508605957,0.608530402183533,-0.444453954696655
0.724715054035187,-0.258569180965424,0.828300297260284,-0.409498274326324,-0.514075815677643,0.609333634376526,-0.443564862012863
0.72429633140564,-0.258607029914856,0.828318774700165,-0.409923851490021,-0.51394110918045,0.609621465206146,-0.44293200969696
0.723865985870361,-0.258652567863464,0.828288078308105,-0.410146743059158,-0.513870000839233,0.610031843185425,-0.442242503166199
0.723500549793243,-0.258641183376312,0.828284621238708,-0.410237282514572,-0.513195276260376,0.610988974571228,-0.441620349884033
0.723161995410919,-0.258644908666611,0.82830023765564,-0.410461366176605,-0.512458145618439,0.61185610294342,-0.441067188978195
0.723102450370789,-0.259077727794647,0.828808307647705,-0.412411749362946,-0.517807722091675,0.6072136759758,-0.43941256403923
0.722694993019104,-0.259025007486343,0.828740835189819,-0.412645012140274,-0.516137003898621,0.608942031860352,-0.438767045736313
0.722323596477509,-0.259116441011429,0.828760147094727,-0.413943976163864,-0.515521943569183,0.609481751918793,-0.437515109777451
0.721710324287415,-0.2591632604599,0.828576982021332,-0.414774864912033,-0.513495028018951,0.61136668920517,-0.436480790376663
0.721546709537506,-0.25884199142456,0.828149318695068,-0.413552790880203,-0.510183095932007,0.615358710289001,-0.435914069414139
0.721486866474152,-0.259200066328049,0.828542292118073,-0.415154814720154,-0.514626860618591,0.611598253250122,-0.434457629919052
0.721166491508484,-0.25919309258461,0.828499555587769,-0.415527284145355,-0.513848125934601,0.612600982189178,-0.433609664440155
0.72091007232666,-0.259214222431183,0.828497409820557,-0.415988892316818,-0.513594090938568,0.612942576408386,-0.432984709739685
0.72091007232666,-0.259214222431183,0.828497409820557,-0.415988892316818,-0.513594090938568,0.612942576408386,-0.432984709739685
0.719979882240295,-0.259319573640823,0.828487873077393,-0.418351680040359,-0.512240827083588,0.613400220870972,-0.431661367416382
0.719469308853149,-0.258909702301025,0.828039288520813,-0.417261153459549,-0.506009936332703,0.619137763977051,-0.431874513626099
0.719211935997009,-0.258986949920654,0.828062951564789,-0.418285697698593,-0.504733741283417,0.620029926300049,-0.431096285581589
0.719211935997009,-0.258986949920654,0.828062951564789,-0.418285697698593,-0.504733741283417,0.620029926300049,-0.431096285581589
0.718751907348633,-0.258992969989777,0.828072905540466,-0.419413596391678,-0.504080295562744,0.620521605014801,-0.43005633354187
0.71853506565094,-0.258987098932266,0.828062057495117,-0.419925063848495,-0.503552317619324,0.620998442173004,-0.42948704957962
0.718327879905701,-0.258999913930893,0.828053534030914,-0.420518428087234,-0.503216624259949,0.621266841888428,-0.42891138792038
0.71834272146225,-0.259449362754822,0.828489184379578,-0.422458946704865,-0.509698033332825,0.615760922431946,-0.427288055419922
0.718135178089142,-0.259463906288147,0.828479468822479,-0.422937363386154,-0.509584248065948,0.615990519523621,-0.426618933677673
0.717927396297455,-0.259495168924332,0.828523278236389,-0.424091190099716,-0.510122120380402,0.615601420402527,-0.425390481948852
0.717697143554688,-0.259518295526505,0.82854688167572,-0.424880117177963,-0.509773671627045,0.615742921829224,-0.424815773963928
0.717673003673553,-0.259416371583939,0.828617691993713,-0.424896985292435,-0.510393500328064,0.615310966968536,-0.424680680036545
0.717416048049927,-0.259354561567307,0.828590273857117,-0.425215750932693,-0.509374618530273,0.616282045841217,-0.424176454544067
0.717245221138,-0.259367376565933,0.828611016273499,-0.425245136022568,-0.509025514125824,0.616816401481628,-0.423789113759995
0.717055439949036,-0.259500533342361,0.828698933124542,-0.426663607358932,-0.508509516716003,0.617176592350006,-0.422456473112106
0.716365396976471,-0.259626269340515,0.828398108482361,-0.42719966173172,-0.509402334690094,0.617027580738068,-0.421054661273956
0.716516137123108,-0.259697496891022,0.828742444515228,-0.428437948226929,-0.508417308330536,0.617116391658783,-0.420856535434723
0.716338276863098,-0.259725868701935,0.828762292861938,-0.429019600152969,-0.508175134658813,0.617337167263031,-0.420232176780701
0.716170608997345,-0.259758025407791,0.828782558441162,-0.429470479488373,-0.508366644382477,0.617358207702637,-0.419508278369904
0.715927422046661,-0.259694784879684,0.828765392303467,-0.42969599366188,-0.507143378257751,0.618512630462646,-0.419057369232178
0.715749561786652,-0.259737312793732,0.828792810440063,-0.430276304483414,-0.507116675376892,0.618537664413452,-0.41845703125
0.715551376342773,-0.259761780500412,0.828854560852051,-0.430884033441544,-0.506555557250977,0.618841886520386,-0.418061345815659
0.71536523103714,-0.259785175323486,0.828879952430725,-0.431412398815155,-0.506317377090454,0.619057059288025,-0.417485982179642
0.715185165405273,-0.259800255298615,0.828900575637817,-0.431751757860184,-0.506092727184296,0.61935830116272,-0.416960388422012
0.714867293834686,-0.259721875190735,0.828845381736755,-0.43185630440712,-0.504774451255798,0.620665311813354,-0.416506499052048
0.714867293834686,-0.259721875190735,0.828845381736755,-0.43185630440712,-0.504774451255798,0.620665311813354,-0.416506499052048
0.714577317237854,-0.259641289710998,0.829041421413422,-0.432367146015167,-0.503982245922089,0.621025025844574,-0.416399508714676
0.714577317237854,-0.259641289710998,0.829041421413422,-0.432367146015167,-0.503982245922089,0.621025025844574,-0.416399508714676
0.714186489582062,-0.259758323431015,0.829138875007629,-0.433907747268677,-0.503788709640503,0.621361434459686,-0.414525061845779
0.713976442813873,-0.259789496660232,0.829165577888489,-0.434533983469009,-0.503775417804718,0.62146008014679,-0.413736790418625
0.713776528835297,-0.259816646575928,0.82920241355896,-0.435069054365158,-0.503722727298737,0.621562600135803,-0.413084000349045
0.713776528835297,-0.259816646575928,0.82920241355896,-0.435069054365158,-0.503722727298737,0.621562600135803,-0.413084000349045
0.713156402111053,-0.260015249252319,0.829209089279175,-0.436636000871658,-0.502857804298401,0.6225346326828,-0.411015570163727
0.713156402111053,-0.260015249252319,0.829209089279175,-0.436636000871658,-0.502857804298401,0.6225346326828,-0.411015570163727
0.712744474411011,-0.260144412517548,0.829364538192749,-0.437862157821655,-0.503803789615631,0.622040212154388,-0.409297496080399
0.712744474411011,-0.260144412517548,0.829364538192749,-0.437862157821655,-0.503803789615631,0.622040212154388,-0.409297496080399
0.712125778198242,-0.260172873735428,0.829441249370575,-0.438660651445389,-0.50206047296524,0.622934281826019,-0.409224897623062
0.712125778198242,-0.260172873735428,0.829441249370575,-0.438660651445389,-0.50206047296524,0.622934281826019,-0.409224897623062
0.711624026298523,-0.260189741849899,0.829502463340759,-0.439481884241104,-0.501648604869843,0.623460173606873,-0.408046394586563
0.711556673049927,-0.260328382253647,0.829700827598572,-0.440838515758514,-0.501891076564789,0.623592913150787,-0.406077235937118
0.711556673049927,-0.260328382253647,0.829700827598572,-0.440838515758514,-0.501891076564789,0.623592913150787,-0.406077235937118
0.711187660694122,-0.260282397270203,0.829954981803894,-0.441792994737625,-0.502158999443054,0.623180568218231,-0.405341118574142
0.710825085639954,-0.260271698236465,0.829891324043274,-0.44205430150032,-0.501335322856903,0.623561084270477,-0.405490696430206
0.710583627223969,-0.260332494974136,0.829965353012085,-0.442594558000565,-0.500415146350861,0.62425434589386,-0.404970765113831
0.710272371768951,-0.26027512550354,0.829927682876587,-0.443133115768433,-0.499165594577789,0.625214755535126,-0.404442012310028
0.70989602804184,-0.26013320684433,0.829836368560791,-0.443124026060104,-0.498572111129761,0.625775933265686,-0.404316037893295
0.709791362285614,-0.260289490222931,0.830013990402222,-0.446759909391403,-0.500713646411896,0.623988509178162,-0.400412142276764
0.709791362285614,-0.260289490222931,0.830013990402222,-0.446759909391403,-0.500713646411896,0.623988509178162,-0.400412142276764
0.709231197834015,-0.260554909706116,0.830225169658661,-0.448547720909119,-0.506015241146088,0.620003938674927,-0.397930443286896
0.709231197834015,-0.260554909706116,0.830225169658661,-0.448547720909119,-0.506015241146088,0.620003938674927,-0.397930443286896
0.7087242603302,-0.260603725910187,0.830358445644379,-0.450009375810623,-0.506311178207397,0.61938887834549,-0.396860331296921
0.708175480365753,-0.258419275283813,0.828711330890656,-0.442735016345978,-0.476587206125259,0.646048009395599,-0.399340063333511
0.707750856876373,-0.258564472198486,0.828707695007324,-0.443742245435715,-0.474485784769058,0.647852540016174,-0.397797852754593
0.707425951957703,-0.258490264415741,0.828741312026978,-0.444280207157135,-0.47460001707077,0.647856295108795,-0.397054553031921
0.707149684429169,-0.25839751958847,0.82871675491333,-0.444126009941101,-0.472262650728226,0.649970591068268,-0.396558165550232
0.7068852186203,-0.258371323347092,0.828755617141724,-0.444465219974518,-0.471799373626709,0.650480806827545,-0.395892649888992
0.706773281097412,-0.258219927549362,0.82883358001709,-0.444372087717056,-0.472562074661255,0.650001585483551,-0.395874291658401
0.706295788288116,-0.258358389139175,0.828864574432373,-0.445715308189392,-0.475020229816437,0.647665917873383,-0.395250052213669
0.706058979034424,-0.258291155099869,0.8288494348526,-0.445926994085312,-0.474495202302933,0.648359477519989,-0.394504010677338
0.705794155597687,-0.258224040269852,0.828898072242737,-0.446483612060547,-0.473623752593994,0.648806571960449,-0.394186705350876
0.705597162246704,-0.258179664611816,0.828926563262939,-0.447203457355499,-0.473492026329041,0.648884832859039,-0.393399059772491
0.705385029315948,-0.258170962333679,0.829003214836121,-0.447933316230774,-0.472533792257309,0.649574160575867,-0.392582476139069
0.705381810665131,-0.257914960384369,0.829100131988525,-0.448120534420013,-0.469531357288361,0.651983082294464,-0.391977399587631
0.705136835575104,-0.257820844650268,0.829132080078125,-0.448641449213028,-0.469402730464935,0.651983082294464,-0.391535639762878
0.704908430576324,-0.257771819829941,0.829174518585205,-0.449119955301285,-0.469354957342148,0.652047514915466,-0.390936404466629
0.704715073108673,-0.257720202207565,0.829212486743927,-0.449609458446503,-0.4689901471138,0.652353644371033,-0.390300124883652
0.704544067382812,-0.257670283317566,0.829246759414673,-0.450055122375488,-0.468718945980072,0.652618825435638,-0.389668494462967
0.703908979892731,-0.257907092571258,0.829136252403259,-0.451660364866257,-0.469820827245712,0.65179979801178,-0.387850910425186
0.703752994537354,-0.257880002260208,0.829207181930542,-0.45221158862114,-0.469872534275055,0.651715755462646,-0.387286722660065
0.703588485717773,-0.257819592952728,0.829287528991699,-0.452746331691742,-0.46955993771553,0.651919364929199,-0.386698007583618
0.703447937965393,-0.257760792970657,0.829377233982086,-0.453208804130554,-0.469133049249649,0.652221024036407,-0.386165589094162
0.703447937965393,-0.257760792970657,0.829377233982086,-0.453208804130554,-0.469133049249649,0.652221024036407,-0.386165589094162
0.703178465366364,-0.257694482803345,0.82963627576828,-0.454404771327972,-0.468074440956116,0.653074443340302,-0.384599268436432
0.703664064407349,-0.258670151233673,0.830675363540649,-0.458664625883102,-0.480828523635864,0.641665816307068,-0.383008688688278
0.703042089939117,-0.257412731647491,0.829886913299561,-0.454621315002441,-0.467585682868958,0.653370261192322,-0.38443523645401
0.703624308109283,-0.258546084165573,0.83096981048584,-0.459190785884857,-0.481498092412949,0.641054570674896,-0.382560223340988
0.703326284885406,-0.258702754974365,0.8310546875,-0.460693597793579,-0.480273962020874,0.641662359237671,-0.381271332502365
0.703394949436188,-0.258578926324844,0.831255435943604,-0.460646837949753,-0.48092320561409,0.640950500965118,-0.381706744432449
0.703293263912201,-0.258712857961655,0.831422090530396,-0.461641311645508,-0.482257217168808,0.639668703079224,-0.3809714615345
0.703293263912201,-0.258712857961655,0.831422090530396,-0.461641311645508,-0.482257217168808,0.639668703079224,-0.3809714615345
0.703137636184692,-0.258895009756088,0.831774652004242,-0.463342487812042,-0.483440220355987,0.63824862241745,-0.379786908626556
0.702902555465698,-0.258753150701523,0.831844985485077,-0.46367809176445,-0.4791479408741,0.641552209854126,-0.379250258207321
0.702737152576447,-0.258717745542526,0.831978321075439,-0.464244365692139,-0.478644341230392,0.641691744327545,-0.378956913948059
0.702638208866119,-0.258720576763153,0.832118511199951,-0.465033084154129,-0.477961480617523,0.64198887348175,-0.378348171710968
0.702483594417572,-0.258709847927094,0.832243919372559,-0.465569972991943,-0.477370917797089,0.642491042613983,-0.377580374479294
0.702215492725372,-0.258652895689011,0.832441449165344,-0.466463536024094,-0.475994318723679,0.643176019191742,-0.37704873085022
0.70207953453064,-0.2586570084095,0.832595467567444,-0.467084169387817,-0.475411832332611,0.643536984920502,-0.376399010419846
0.701979279518127,-0.258814424276352,0.832912683486938,-0.468361169099808,-0.475086569786072,0.643474280834198,-0.375328600406647
0.701822102069855,-0.258873105049133,0.833162426948547,-0.469381749629974,-0.474326848983765,0.643673598766327,-0.374672204256058
0.701578438282013,-0.258880525827408,0.833470225334167,-0.470574349164963,-0.473777383565903,0.643326461315155,-0.374467432498932
0.701385498046875,-0.258973926305771,0.833739101886749,-0.471691817045212,-0.47382640838623,0.642893493175507,-0.373742252588272
0.700321853160858,-0.257498174905777,0.832745432853699,-0.466901749372482,-0.455698430538177,0.659035384654999,-0.374184399843216
0.701025247573853,-0.259037137031555,0.834257066249847,-0.473191469907761,-0.47370645403862,0.643046259880066,-0.371730417013168
0.700843214988708,-0.259197354316711,0.834603905677795,-0.474316865205765,-0.474282830953598,0.642344951629639,-0.370772629976273
0.700592875480652,-0.259220123291016,0.834855079650879,-0.475240856409073,-0.473643720149994,0.642493546009064,-0.370148450136185
0.700592875480652,-0.259220123291016,0.834855079650879,-0.475240856409073,-0.473643720149994,0.642493546009064,-0.370148450136185
0.699913799762726,-0.259386718273163,0.83514666557312,-0.477158218622208,-0.470912843942642,0.644546985626221,-0.367587387561798
0.699658513069153,-0.259420841932297,0.835379660129547,-0.47790515422821,-0.470230281352997,0.644936382770538,-0.366806864738464
0.69934868812561,-0.259472876787186,0.835775136947632,-0.479092359542847,-0.469389796257019,0.64521199464798,-0.365848988294601
0.699176073074341,-0.259199649095535,0.836135983467102,-0.479174852371216,-0.468983113765716,0.645297527313232,-0.36611133813858
0.697977423667908,-0.257571786642075,0.835199594497681,-0.474215537309647,-0.449733018875122,0.662190437316895,-0.36655667424202
0.698645114898682,-0.256517857313156,0.835018873214722,-0.469381272792816,-0.432273596525192,0.677098572254181,-0.366549283266068
0.698336541652679,-0.256472527980804,0.835366547107697,-0.46993699669838,-0.430767565965652,0.677838742733002,-0.366241961717606
0.698063254356384,-0.256377339363098,0.835645318031311,-0.470353424549103,-0.429954946041107,0.678393840789795,-0.365634173154831
0.697902202606201,-0.256180614233017,0.8359375,-0.470272421836853,-0.426655173301697,0.680958092212677,-0.364836096763611
0.695541381835938,-0.255340665578842,0.835653483867645,-0.470110148191452,-0.424054086208344,0.683139562606812,-0.363998681306839
0.69532322883606,-0.25533926486969,0.83601039648056,-0.470904409885406,-0.423481732606888,0.6834437251091,-0.363066077232361
0.69503378868103,-0.25527361035347,0.83635413646698,-0.471845239400864,-0.42370393872261,0.683010578155518,-0.362399935722351
0.694541931152344,-0.255363464355469,0.83665257692337,-0.47314515709877,-0.422564089298248,0.683871686458588,-0.360406577587128
0.694467961788177,-0.255168914794922,0.837232291698456,-0.473423272371292,-0.423886120319366,0.682509362697601,-0.36107063293457
0.694065988063812,-0.25530481338501,0.837574243545532,-0.474916636943817,-0.422705084085464,0.683196008205414,-0.359190583229065
0.693772435188293,-0.254940986633301,0.837775349617004,-0.474386274814606,-0.418675690889359,0.68636691570282,-0.358565032482147
0.693575024604797,-0.254873365163803,0.83810031414032,-0.474435478448868,-0.418059438467026,0.687126696109772,-0.357762843370438
0.695358753204346,-0.255601584911346,0.839060366153717,-0.475992977619171,-0.420271128416061,0.685189604759216,-0.35681688785553
0.695108771324158,-0.255553096532822,0.839561223983765,-0.47695380449295,-0.419980436563492,0.685295224189758,-0.355671316385269
0.69369250535965,-0.256710410118103,0.840483069419861,-0.48514649271965,-0.440065950155258,0.666979551315308,-0.355123996734619
0.694639086723328,-0.255300492048263,0.840351223945618,-0.478250652551651,-0.417446196079254,0.686267971992493,-0.355037212371826
0.694420695304871,-0.255207180976868,0.840722024440765,-0.478839129209518,-0.416795611381531,0.686536490917206,-0.354488790035248
0.69399231672287,-0.255092203617096,0.841143488883972,-0.477977067232132,-0.414755821228027,0.687914967536926,-0.355371117591858
0.69380646944046,-0.254909157752991,0.841518938541412,-0.477995961904526,-0.412311583757401,0.689764320850372,-0.354604542255402
0.693778932094574,-0.254870414733887,0.841963589191437,-0.480029404163361,-0.413007885217667,0.68906033039093,-0.352409064769745
0.693789422512054,-0.254610687494278,0.842496156692505,-0.480173170566559,-0.413398861885071,0.688255906105042,-0.353325575590134
0.693401515483856,-0.254692018032074,0.842796444892883,-0.48168420791626,-0.411213606595993,0.689683735370636,-0.351027131080627
0.693234384059906,-0.254572540521622,0.843298614025116,-0.48236495256424,-0.409789115190506,0.690440118312836,-0.350270658731461
0.693094730377197,-0.254483550786972,0.843719124794006,-0.48317751288414,-0.409147918224335,0.690635323524475,-0.349514573812485
0.69313770532608,-0.254308700561523,0.844241619110107,-0.48335599899292,-0.408571779727936,0.69054514169693,-0.350119382143021
0.692936182022095,-0.254157990217209,0.84483277797699,-0.484506011009216,-0.407098978757858,0.690412223339081,-0.350507318973541
0.69286572933197,-0.254029095172882,0.845263779163361,-0.48468080163002,-0.405492961406708,0.691631019115448,-0.3497234582901
0.692738652229309,-0.253973633050919,0.845684289932251,-0.485137909650803,-0.404845535755157,0.691979467868805,-0.349150061607361
0.692662298679352,-0.25394469499588,0.846120476722717,-0.485270619392395,-0.402665972709656,0.693571805953979,-0.348325610160828
0.692511439323425,-0.253937751054764,0.846636414527893,-0.486122339963913,-0.400397777557373,0.694479286670685,-0.347944498062134
0.692431032657623,-0.2538982629776,0.8470379114151,-0.486263632774353,-0.399348348379135,0.695169031620026,-0.347575336694717
0.692342102527618,-0.253774136304855,0.847515881061554,-0.486243814229965,-0.397396981716156,0.696258783340454,-0.347658514976501
0.692256271839142,-0.253834277391434,0.84806215763092,-0.486887067556381,-0.396712422370911,0.696503639221191,-0.34704914689064
0.69199275970459,-0.253987967967987,0.848506450653076,-0.48807892203331,-0.394589066505432,0.697557985782623,-0.3456751704216
0.691952168941498,-0.253993630409241,0.848946690559387,-0.488453418016434,-0.39429435133934,0.697738468647003,-0.345118165016174
0.691906869411469,-0.253971576690674,0.849408984184265,-0.488844484090805,-0.393358707427979,0.698114812374115,-0.344870805740356
0.692046761512756,-0.253778785467148,0.850158512592316,-0.489103585481644,-0.39234584569931,0.697778224945068,-0.346335232257843
0.691891312599182,-0.253805458545685,0.850706338882446,-0.489969879388809,-0.391974806785583,0.697447121143341,-0.346197724342346
0.69187593460083,-0.253833413124084,0.851149082183838,-0.490154296159744,-0.391169428825378,0.697962164878845,-0.34580934047699
0.69186669588089,-0.253817558288574,0.851571440696716,-0.490092754364014,-0.389780610799789,0.698930501937866,-0.345508992671966
0.691645741462708,-0.254000186920166,0.852050960063934,-0.491496562957764,-0.386060893535614,0.700767874717712,-0.343965649604797
0.691722750663757,-0.258798867464065,0.855875849723816,-0.514492690563202,-0.449376195669174,0.643312990665436,-0.345697164535522
0.691722750663757,-0.258798867464065,0.855875849723816,-0.514492690563202,-0.449376195669174,0.643312990665436,-0.345697164535522
0.691685378551483,-0.258493691682815,0.856687188148499,-0.513956844806671,-0.444113880395889,0.64780867099762,-0.344898849725723
0.691544473171234,-0.254053175449371,0.854190647602081,-0.493954688310623,-0.380887746810913,0.702671408653259,-0.342324942350388
0.691404938697815,-0.258888274431229,0.857828795909882,-0.517065167427063,-0.442608833312988,0.64728045463562,-0.343175083398819
0.691579759120941,-0.258739739656448,0.858555316925049,-0.517374157905579,-0.44344887137413,0.645606517791748,-0.344774544239044
0.69127881526947,-0.258887469768524,0.858913719654083,-0.518710136413574,-0.441164255142212,0.646910190582275,-0.343251198530197
0.691070914268494,-0.25887742638588,0.859404385089874,-0.517644822597504,-0.438794046640396,0.648776233196259,-0.344373524188995
0.691321969032288,-0.254010677337646,0.856808066368103,-0.497405737638474,-0.375846326351166,0.703604459762573,-0.340980887413025
0.691186785697937,-0.259011536836624,0.8604336977005,-0.521111965179443,-0.439389616250992,0.64680939912796,-0.342077374458313
0.691214144229889,-0.259073495864868,0.86111056804657,-0.522393643856049,-0.438007712364197,0.646801769733429,-0.341908782720566
0.691116988658905,-0.259055286645889,0.861664175987244,-0.523208618164062,-0.436329275369644,0.647303819656372,-0.341858774423599
0.691205561161041,-0.253906816244125,0.858919382095337,-0.500211238861084,-0.369805485010147,0.705491006374359,-0.339580655097961
0.691021323204041,-0.259135633707047,0.862679719924927,-0.525346875190735,-0.436646908521652,0.645743846893311,-0.341123580932617
0.691077351570129,-0.259393125772476,0.863297700881958,-0.526934385299683,-0.435031116008758,0.646097600460052,-0.340067744255066
0.690881669521332,-0.259172111749649,0.863845348358154,-0.527837574481964,-0.435603886842728,0.64421021938324,-0.341511517763138
0.690808355808258,-0.25910609960556,0.864355325698853,-0.528470277786255,-0.434998542070389,0.644213616847992,-0.341298192739487
0.69074809551239,-0.259030848741531,0.864788293838501,-0.528980016708374,-0.434168517589569,0.644406855106354,-0.341200351715088
0.690697312355042,-0.259019792079925,0.865299701690674,-0.529736936092377,-0.43343922495842,0.644557535648346,-0.340668350458145
0.690754354000092,-0.258831590414047,0.866038680076599,-0.530454277992249,-0.434383600950241,0.642477691173553,-0.342274367809296
0.690665125846863,-0.258779048919678,0.866558372974396,-0.53119558095932,-0.434606105089188,0.641681611537933,-0.342335373163223
0.690576136112213,-0.258620321750641,0.866960287094116,-0.531367719173431,-0.43354132771492,0.642410337924957,-0.342051923274994
0.690288543701172,-0.258744388818741,0.867371380329132,-0.53283280134201,-0.431481093168259,0.64339816570282,-0.340517461299896
0.690155386924744,-0.258679956197739,0.867909908294678,-0.534451901912689,-0.431799650192261,0.642208814620972,-0.339820772409439
0.69006073474884,-0.258518785238266,0.868354439735413,-0.535338163375854,-0.431221455335617,0.641822040081024,-0.339891016483307
0.689923346042633,-0.258305549621582,0.86873459815979,-0.536035895347595,-0.430201590061188,0.641956865787506,-0.339828968048096
0.689747631549835,-0.25821515917778,0.869362235069275,-0.538141846656799,-0.430058002471924,0.64034116268158,-0.33973041176796
0.689596235752106,-0.258022606372833,0.869833588600159,-0.53910368680954,-0.429584860801697,0.639953792095184,-0.33953395485878
0.68950879573822,-0.257856786251068,0.87035083770752,-0.539777040481567,-0.429431200027466,0.639502704143524,-0.339508444070816
0.689527928829193,-0.257376104593277,0.870736002922058,-0.540034472942352,-0.429798692464828,0.638494193553925,-0.340530693531036
0.689183592796326,-0.257243275642395,0.871074795722961,-0.5408975481987,-0.426199644804001,0.641008079051971,-0.338958293199539
0.689251244068146,-0.250818133354187,0.867587745189667,-0.512877106666565,-0.34752145409584,0.710396349430084,-0.33395054936409
0.689326465129852,-0.250208258628845,0.868077576160431,-0.512607753276825,-0.347403079271316,0.70991462469101,-0.335508167743683
0.688884496688843,-0.255936354398727,0.872315883636475,-0.541458308696747,-0.423628449440002,0.641728401184082,-0.339921683073044
0.688470959663391,-0.255890637636185,0.872695028781891,-0.543283522129059,-0.421336323022842,0.642483353614807,-0.338428974151611
0.688217103481293,-0.255582481622696,0.87302839756012,-0.544865131378174,-0.421158730983734,0.641626060009003,-0.337732702493668
0.688463747501373,-0.249231234192848,0.869520783424377,-0.516869604587555,-0.342054754495621,0.711451828479767,-0.331180900335312
0.688252568244934,-0.248653158545494,0.869967818260193,-0.51749175786972,-0.345342725515366,0.708397924900055,-0.333336293697357
0.687857985496521,-0.24855962395668,0.870250582695007,-0.51930445432663,-0.341829657554626,0.710355937480927,-0.329954385757446
0.687488436698914,-0.247878164052963,0.870539247989655,-0.519785821437836,-0.341749250888824,0.709389925003052,-0.331355005502701
0.687259495258331,-0.247463703155517,0.870899617671967,-0.519956707954407,-0.340771496295929,0.710017740726471,-0.330748796463013
0.687259495258331,-0.247463703155517,0.870899617671967,-0.519956707954407,-0.340771496295929,0.710017740726471,-0.330748796463013
0.686672210693359,-0.246669620275497,0.87145984172821,-0.521313190460205,-0.338495135307312,0.710506200790405,-0.329900979995727
0.686409771442413,-0.246206372976303,0.871819496154785,-0.521980106830597,-0.337327837944031,0.710624396800995,-0.329787462949753
0.686047911643982,-0.245738014578819,0.871957898139954,-0.522650241851807,-0.337832540273666,0.710158169269562,-0.329213142395019
0.685661792755127,-0.245319694280624,0.872220993041992,-0.523878037929535,-0.337268739938736,0.709863901138306,-0.328473567962646
0.685436546802521,-0.244947075843811,0.872511804103851,-0.524342238903046,-0.33464440703392,0.711467921733856,-0.326943218708038
0.68498295545578,-0.24420602619648,0.872676014900208,-0.521385788917542,-0.330131113529205,0.715340912342072,-0.327807486057281
0.684572279453278,-0.243661299347878,0.872846007347107,-0.520744979381561,-0.329557090997696,0.716534554958344,-0.326795220375061
0.684021890163422,-0.243103951215744,0.873062014579773,-0.521687030792236,-0.331269949674606,0.714824676513672,-0.327305108308792
0.683850884437561,-0.242745071649551,0.873484253883362,-0.525298655033112,-0.332660675048828,0.712335824966431,-0.325539261102676
0.683475613594055,-0.242465510964394,0.873809576034546,-0.528057336807251,-0.332948088645935,0.711316287517548,-0.323001772165298
0.682963848114014,-0.241639256477356,0.873938083648682,-0.527884066104889,-0.333443760871887,0.710628569126129,-0.324285179376602
0.682477414608002,-0.241015434265137,0.87415337562561,-0.528649210929871,-0.331186920404434,0.711541891098022,-0.323347240686417
0.682158350944519,-0.240419536828995,0.874464273452759,-0.529078483581543,-0.329632937908173,0.712369024753571,-0.322410643100739
0.681679785251617,-0.239776909351349,0.874615788459778,-0.529357194900513,-0.32927730679512,0.712536096572876,-0.321946710348129
0.681330561637878,-0.239224568009376,0.874858736991882,-0.529269933700562,-0.329712152481079,0.712680339813232,-0.321325361728668
0.680651366710663,-0.238635525107384,0.875012755393982,-0.527888298034668,-0.32943519949913,0.713942468166351,-0.321080476045609
0.680157780647278,-0.237825870513916,0.87514853477478,-0.528274416923523,-0.327194273471832,0.715136110782623,-0.320078879594803
0.679692268371582,-0.237216740846634,0.875305652618408,-0.529134273529053,-0.326295018196106,0.715234279632568,-0.31935641169548
0.679352879524231,-0.236475259065628,0.875488877296448,-0.528972566127777,-0.324402213096619,0.716486394405365,-0.318745106458664
0.679352879524231,-0.236475259065628,0.875488877296448,-0.528972566127777,-0.324402213096619,0.716486394405365,-0.318745106458664
0.678692162036896,-0.235582053661346,0.876098990440369,-0.534677624702454,-0.327280580997467,0.712514221668243,-0.315167814493179
0.67828232049942,-0.234684854745865,0.876290321350098,-0.534389317035675,-0.328288465738297,0.712355017662048,-0.314968228340149
0.677905857563019,-0.23414546251297,0.876440107822418,-0.534931004047394,-0.327222317457199,0.713212013244629,-0.313214153051376
0.677905857563019,-0.23414546251297,0.876440107822418,-0.534931004047394,-0.327222317457199,0.713212013244629,-0.313214153051376
0.678083896636963,-0.23297792673111,0.877664923667908,-0.526985108852386,-0.322208404541016,0.720848679542542,-0.314397692680359
0.676896870136261,-0.231997162103653,0.877410769462585,-0.53552383184433,-0.327122002840042,0.713124632835388,-0.3125039935112
0.677618861198425,-0.231607392430305,0.878385663032532,-0.526643633842468,-0.322465747594833,0.720847010612488,-0.314709365367889
0.676457345485687,-0.230616301298141,0.877957105636597,-0.531435191631317,-0.326380431652069,0.716943025588989,-0.311521053314209
0.676102042198181,-0.229649752378464,0.878367185592651,-0.532632946968079,-0.326532602310181,0.71589183807373,-0.311733067035675
0.67606109380722,-0.229003295302391,0.878754079341888,-0.535513520240784,-0.328256100416183,0.713326334953308,-0.310867935419083
0.675892770290375,-0.22831891477108,0.879103541374207,-0.535377204418182,-0.327794641256332,0.713695049285889,-0.310743182897568
0.67564457654953,-0.227472022175789,0.879379868507385,-0.53224778175354,-0.325901806354523,0.716442108154297,-0.311786770820618
0.675481736660004,-0.226453274488449,0.879641652107239,-0.531399190425873,-0.327207386493683,0.715914964675903,-0.313075333833694
0.675566852092743,-0.226024374365806,0.880024969577789,-0.53035706281662,-0.328519552946091,0.717089235782623,-0.310772210359573
0.675554990768433,-0.225351333618164,0.880408585071564,-0.530414462089539,-0.328491657972336,0.717176854610443,-0.310501754283905
0.67559677362442,-0.224524259567261,0.880773186683655,-0.534354627132416,-0.331154227256775,0.713253736495972,-0.309953659772873
0.675765872001648,-0.224100559949875,0.881231009960175,-0.534390032291412,-0.33105930685997,0.713840544223785,-0.308640331029892
0.675792872905731,-0.223576441407204,0.881634712219238,-0.534704148769379,-0.330049574375153,0.71416050195694,-0.308437258005142
0.676006257534027,-0.222904473543167,0.881887316703796,-0.53336101770401,-0.326476216316223,0.717022657394409,-0.307925075292587
0.675905287265778,-0.222353130578995,0.882121026515961,-0.530473291873932,-0.324508875608444,0.719560325145721,-0.309071451425552
0.675932645797729,-0.221659332513809,0.882456839084625,-0.529910683631897,-0.324594050645828,0.719203650951385,-0.310772359371185
0.676081836223602,-0.221213534474373,0.882756352424622,-0.528641045093536,-0.324195653200149,0.720536231994629,-0.310263603925705
0.676220297813416,-0.220940366387367,0.883038282394409,-0.528649508953094,-0.324424266815185,0.720421314239502,-0.310276865959167
0.676433503627777,-0.220887169241905,0.883445143699646,-0.533687591552734,-0.326756715774536,0.716367244720459,-0.308586746454239
0.676668524742126,-0.220963925123215,0.883781313896179,-0.53435206413269,-0.32672056555748,0.716252684593201,-0.307739973068237
0.676763117313385,-0.220697954297066,0.884010493755341,-0.530933022499084,-0.324844598770142,0.718722820281982,-0.309876978397369
0.67707234621048,-0.220740526914597,0.884404182434082,-0.534280121326447,-0.325852811336517,0.715516805648804,-0.310484200716019
