x,y,z,q0,q1,q2,q3
-0.537732601165771,-0.120939955115318,0.970031917095184,0.0519305281341075,0.0266056098043918,0.823554277420044,0.564228594303131
-0.537291765213013,-0.120940342545509,0.969957649707794,0.0512832589447498,0.0263820122927427,0.823111534118652,0.564943790435791
-0.537324488162994,-0.121032036840916,0.970024704933166,0.05185267329216,0.026685319840908,0.822797298431396,0.565335154533386
-0.537324488162994,-0.121032036840916,0.970024704933166,0.05185267329216,0.026685319840908,0.822797298431396,0.565335154533386
-0.537092804908752,-0.121036969125271,0.969974756240845,0.0492596998810768,0.0250212922692298,0.822778582572937,0.565670371055603
-0.536931157112122,-0.120933398604393,0.969862580299377,0.0492938794195652,0.0248010512441396,0.822576522827148,0.565970838069916
-0.536931157112122,-0.120933398604393,0.969862580299377,0.0492938794195652,0.0248010512441396,0.822576522827148,0.565970838069916
-0.536751925945282,-0.12094983458519,0.969876289367676,0.0487727336585521,0.0247319042682647,0.822162926197052,0.566619634628296
-0.536484599113464,-0.12095682322979,0.969839155673981,0.0493859760463237,0.0261184498667716,0.821741700172424,0.567115068435669
-0.536272525787354,-0.120984278619289,0.969832062721252,0.0489490926265716,0.0260458625853061,0.821585357189178,0.567382633686066
-0.536272525787354,-0.120984278619289,0.969832062721252,0.0489490926265716,0.0260458625853061,0.821585357189178,0.567382633686066
-0.535894870758057,-0.120951928198337,0.969758212566376,0.0485851131379604,0.0254061389714479,0.82100635766983,0.568280339241028
-0.535894870758057,-0.120951928198337,0.969758212566376,0.0485851131379604,0.0254061389714479,0.82100635766983,0.568280339241028
-0.535699367523193,-0.120807580649853,0.969823360443115,0.0478994622826576,0.0252367835491895,0.820478796958923,0.569107532501221
-0.535699367523193,-0.120807580649853,0.969823360443115,0.0478994622826576,0.0252367835491895,0.820478796958923,0.569107532501221
-0.535420000553131,-0.120873115956783,0.969881296157837,0.0479670204222202,0.0252157058566808,0.8204225897789,0.569183766841888
-0.535420000553131,-0.120873115956783,0.969881296157837,0.0479670204222202,0.0252157058566808,0.8204225897789,0.569183766841888
-0.535071849822998,-0.120904989540577,0.969818234443665,0.0496598854660987,0.0273299664258956,0.819770753383636,0.569879651069641
-0.535071849822998,-0.120904989540577,0.969818234443665,0.0496598854660987,0.0273299664258956,0.819770753383636,0.569879651069641
-0.535430490970612,-0.121007896959782,0.969559788703918,0.0512966439127922,0.028631268069148,0.819215834140778,0.570468604564667
-0.535430490970612,-0.121007896959782,0.969559788703918,0.0512966439127922,0.028631268069148,0.819215834140778,0.570468604564667
-0.534368813037872,-0.120901584625244,0.969843089580536,0.0463930182158947,0.0239086393266916,0.818898439407349,0.571560382843018
-0.535015821456909,-0.121026709675789,0.969545066356659,0.047905147075653,0.025316122919321,0.818946480751038,0.57130640745163
-0.535015821456909,-0.121026709675789,0.969545066356659,0.047905147075653,0.025316122919321,0.818946480751038,0.57130640745163
-0.534792423248291,-0.121212899684906,0.969544291496277,0.0475223921239376,0.0253848731517791,0.818687617778778,0.571705996990204
-0.534680843353271,-0.121227189898491,0.96955019235611,0.0473044961690902,0.0252519361674785,0.818441212177277,0.572082698345184
-0.534440577030182,-0.121256753802299,0.969514071941376,0.049966312944889,0.0287588145583868,0.817346453666687,0.573254883289337
-0.534440577030182,-0.121256753802299,0.969514071941376,0.049966312944889,0.0287588145583868,0.817346453666687,0.573254883289337
-0.534468412399292,-0.121076337993145,0.969462752342224,0.0505991429090499,0.0284493416547775,0.817062437534332,0.573619425296783
-0.534235596656799,-0.121118865907192,0.969504415988922,0.0482900813221931,0.0260495655238628,0.816700756549835,0.57444703578949
-0.534235596656799,-0.121118865907192,0.969504415988922,0.0482900813221931,0.0260495655238628,0.816700756549835,0.57444703578949
-0.533195555210114,-0.120971664786339,0.969823122024536,0.0497377775609493,0.026081284508109,0.815130591392517,0.576548516750336
-0.533195555210114,-0.120971664786339,0.969823122024536,0.0497377775609493,0.026081284508109,0.815130591392517,0.576548516750336
-0.532924771308899,-0.121012233197689,0.96987646818161,0.047994427382946,0.0241540726274251,0.814778447151184,0.577277481555939
-0.532924771308899,-0.121012233197689,0.96987646818161,0.047994427382946,0.0241540726274251,0.814778447151184,0.577277481555939
-0.532448589801788,-0.121296182274818,0.96989905834198,0.049717828631401,0.0261346660554409,0.813880205154419,0.578311502933502
-0.532448589801788,-0.121296182274818,0.96989905834198,0.049717828631401,0.0261346660554409,0.813880205154419,0.578311502933502
-0.532262742519379,-0.12118998169899,0.970053613185883,0.0500935241580009,0.0254296474158763,0.812890112400055,0.57970142364502
-0.532262742519379,-0.12118998169899,0.970053613185883,0.0500935241580009,0.0254296474158763,0.812890112400055,0.57970142364502
-0.532897293567657,-0.121372863650322,0.969771206378937,0.0510935671627521,0.0269326716661453,0.812926232814789,0.579495429992676
-0.532757043838501,-0.121448040008545,0.969743847846985,0.0507482588291168,0.0254614148288965,0.812282502651215,0.580494165420532
-0.532393157482147,-0.121740132570267,0.969716608524322,0.0496852360665798,0.0255316402763128,0.811310708522797,0.581940233707428
-0.532393157482147,-0.121740132570267,0.969716608524322,0.0496852360665798,0.0255316402763128,0.811310708522797,0.581940233707428
-0.532113552093506,-0.121946163475513,0.969800353050232,0.0469267256557941,0.0235307309776544,0.810242772102356,0.583738744258881
-0.532020032405853,-0.122113741934299,0.969766795635223,0.0467013530433177,0.0236272402107715,0.809620022773743,0.584616422653198
-0.53183788061142,-0.122370287775993,0.969654679298401,0.0486046858131885,0.0256911069154739,0.808728933334351,0.585606575012207
-0.53183788061142,-0.122370287775993,0.969654679298401,0.0486046858131885,0.0256911069154739,0.808728933334351,0.585606575012207
-0.531654119491577,-0.122601702809334,0.969647526741028,0.0469998717308044,0.025417398661375,0.807620406150818,0.587276935577393
-0.531654119491577,-0.122601702809334,0.969647526741028,0.0469998717308044,0.025417398661375,0.807620406150818,0.587276935577393
-0.530011117458344,-0.120843060314655,0.968963861465454,0.0464184209704399,0.0189685691148042,0.806725203990936,0.588795363903046
-0.530060350894928,-0.122127950191498,0.969378530979156,0.0450058877468109,0.021454881876707,0.805402994155884,0.590626895427704
-0.529849886894226,-0.121165849268436,0.96911895275116,0.0467541702091693,0.0187159590423107,0.805168628692627,0.590903878211975
-0.529849886894226,-0.121165849268436,0.96911895275116,0.0467541702091693,0.0187159590423107,0.805168628692627,0.590903878211975
-0.529659807682037,-0.121416792273521,0.969154715538025,0.0466187112033367,0.0183318853378295,0.803949773311615,0.59258371591568
-0.529659807682037,-0.121416792273521,0.969154715538025,0.0466187112033367,0.0183318853378295,0.803949773311615,0.59258371591568
-0.530808210372925,-0.122635073959827,0.969449520111084,0.0467212609946727,0.0230482164770364,0.803646206855774,0.592822730541229
-0.530788719654083,-0.122831329703331,0.969539165496826,0.0467317663133144,0.0228761285543441,0.802912950515747,0.593821287155151
-0.530717968940735,-0.122990518808365,0.969585657119751,0.0463650487363338,0.0230929516255855,0.80243444442749,0.594488024711609
-0.530717968940735,-0.122990518808365,0.969585657119751,0.0463650487363338,0.0230929516255855,0.80243444442749,0.594488024711609
-0.530578196048737,-0.1233189702034,0.969647884368896,0.0433690175414085,0.0213508494198322,0.801520943641663,0.596009790897369
-0.530578196048737,-0.1233189702034,0.969647884368896,0.0433690175414085,0.0213508494198322,0.801520943641663,0.596009790897369
-0.529986441135406,-0.122790016233921,0.969171524047852,0.04268079996109,0.0188824255019426,0.80039918422699,0.597647905349731
-0.529497504234314,-0.122711353003979,0.9694704413414,0.0416033416986465,0.0177293457090854,0.799557387828827,0.598884642124176
-0.529344141483307,-0.122615657746792,0.969676911830902,0.0443382449448108,0.0190671794116497,0.7985999584198,0.599923849105835
-0.529344141483307,-0.122615657746792,0.969676911830902,0.0443382449448108,0.0190671794116497,0.7985999584198,0.599923849105835
-0.52921724319458,-0.122979059815407,0.969110131263733,0.0408364981412887,0.017315475270152,0.798120617866516,0.600862801074982
-0.529274642467499,-0.123145893216133,0.969141960144043,0.0407668650150299,0.017632545903325,0.797533988952637,0.601636707782745
-0.529293596744537,-0.123410977423191,0.969249546527862,0.0394354835152626,0.0175665467977523,0.796466469764709,0.603139758110046
-0.529293596744537,-0.123410977423191,0.969249546527862,0.0394354835152626,0.0175665467977523,0.796466469764709,0.603139758110046
-0.529372453689575,-0.123554162681103,0.96924102306366,0.0392064005136489,0.0172890182584524,0.795359432697296,0.604621827602386
-0.529372453689575,-0.123554162681103,0.96924102306366,0.0392064005136489,0.0172890182584524,0.795359432697296,0.604621827602386
-0.529537379741669,-0.123745918273926,0.969301581382752,0.0377265959978103,0.0177205465734004,0.794143915176392,0.606298923492432
-0.529537379741669,-0.123745918273926,0.969301581382752,0.0377265959978103,0.0177205465734004,0.794143915176392,0.606298923492432
-0.529736638069153,-0.123598672449589,0.96987646818161,0.0373510718345642,0.0173801910132169,0.793359339237213,0.607358038425446
-0.529968976974487,-0.123684801161289,0.969834089279175,0.0370246171951293,0.0174352023750543,0.792614221572876,0.608348667621613
-0.530083239078522,-0.123760536313057,0.969809830188751,0.0374618507921695,0.017065504565835,0.791971802711487,0.609168231487274
-0.530083239078522,-0.123760536313057,0.969809830188751,0.0374618507921695,0.017065504565835,0.791971802711487,0.609168231487274
-0.530372083187103,-0.12399335950613,0.969724476337433,0.0363210514187812,0.0174671579152345,0.790852427482605,0.610678493976593
-0.530372083187103,-0.12399335950613,0.969724476337433,0.0363210514187812,0.0174671579152345,0.790852427482605,0.610678493976593
-0.53104430437088,-0.124197281897068,0.969603419303894,0.0361218191683292,0.0185434482991695,0.789506554603577,0.612397611141205
-0.530869662761688,-0.12436281144619,0.969608962535858,0.0348344780504703,0.0180264711380004,0.789073467254639,0.613045394420624
-0.531005382537842,-0.124695055186749,0.969080209732056,0.0332708060741424,0.0187257323414087,0.788219571113586,0.614208698272705
-0.534146189689636,-0.127087250351906,0.971896529197693,0.036729484796524,0.0288563873618841,0.785493314266205,0.617105007171631
-0.531849443912506,-0.124349877238274,0.969872117042542,0.0345923341810703,0.0182094611227512,0.786432802677155,0.616437613964081
-0.531849443912506,-0.124349877238274,0.969872117042542,0.0345923341810703,0.0182094611227512,0.786432802677155,0.616437613964081
-0.532372117042542,-0.124959021806717,0.969111204147339,0.0338019281625747,0.0194456577301025,0.785155475139618,0.618069648742676
-0.532372117042542,-0.124959021806717,0.969111204147339,0.0338019281625747,0.0194456577301025,0.785155475139618,0.618069648742676
-0.532735645771027,-0.125042870640755,0.969078421592712,0.0340839512646198,0.0197539776563644,0.784432709217072,0.618961572647095
-0.533366978168488,-0.125000491738319,0.969272315502167,0.0341707430779933,0.018999021500349,0.782883703708649,0.62093847990036
-0.533663392066956,-0.125075057148933,0.969310820102692,0.0333091467618942,0.0192288495600223,0.781857907772064,0.622269153594971
-0.533663392066956,-0.125075057148933,0.969310820102692,0.0333091467618942,0.0192288495600223,0.781857907772064,0.622269153594971
-0.534328162670135,-0.125155791640282,0.969424843788147,0.0340755991637706,0.0188255086541175,0.77998149394989,0.624590456485748
-0.534667074680328,-0.125518694519997,0.969321250915527,0.0329843834042549,0.0203024558722972,0.779508709907532,0.625192761421204
-0.534973621368408,-0.125484466552734,0.969428360462189,0.0334342494606971,0.0196397546678781,0.777974188327789,0.627098500728607
-0.534973621368408,-0.125484466552734,0.969428360462189,0.0334342494606971,0.0196397546678781,0.777974188327789,0.627098500728607
-0.535919845104218,-0.12526747584343,0.969702124595642,0.0339879430830478,0.0182363707572221,0.775612950325012,0.630029201507568
-0.536234676837921,-0.125315889716148,0.969725906848908,0.0336958020925521,0.0180671587586402,0.774630784988403,0.631256997585297
-0.536234676837921,-0.125315889716148,0.969725906848908,0.0336958020925521,0.0180671587586402,0.774630784988403,0.631256997585297
-0.536713182926178,-0.125293955206871,0.97002100944519,0.0333261638879776,0.0176443494856357,0.773304760456085,0.632912218570709
-0.537516236305237,-0.125433549284935,0.97002238035202,0.0338271297514438,0.017658494412899,0.771163165569305,0.635492980480194
-0.537997007369995,-0.125748798251152,0.969880104064941,0.0327410362660884,0.0180150475353002,0.769939661026001,0.637021601200104
-0.537997007369995,-0.125748798251152,0.969880104064941,0.0327410362660884,0.0180150475353002,0.769939661026001,0.637021601200104
-0.538970828056335,-0.12585774064064,0.969970464706421,0.0317974649369716,0.0178306009620428,0.76697838306427,0.640636563301086
-0.539252460002899,-0.126013725996017,0.969683349132538,0.0317569188773632,0.0177271943539381,0.765665888786316,0.642209529876709
-0.539252460002899,-0.126013725996017,0.969683349132538,0.0317569188773632,0.0177271943539381,0.765665888786316,0.642209529876709
-0.54051011800766,-0.126489043235779,0.970097541809082,0.0329379960894584,0.0191066190600395,0.763402104377747,0.644800186157227
-0.540911853313446,-0.12649017572403,0.970004737377167,0.0323356762528419,0.018460027873516,0.762141168117523,0.646339476108551
-0.540911853313446,-0.12649017572403,0.970004737377167,0.0323356762528419,0.018460027873516,0.762141168117523,0.646339476108551
-0.541492640972137,-0.126523360610008,0.970069646835327,0.0332447811961174,0.0183028206229209,0.760532259941101,0.648190140724182
-0.542415380477905,-0.12730573117733,0.969660818576813,0.03309241309762,0.0197519455105066,0.758146166801453,0.650944948196411
-0.542415380477905,-0.12730573117733,0.969660818576813,0.03309241309762,0.0197519455105066,0.758146166801453,0.650944948196411
-0.54340648651123,-0.127189040184021,0.969677805900574,0.0343906097114086,0.0184625163674354,0.755376636981964,0.654127418994904
-0.544014811515808,-0.127162978053093,0.969802498817444,0.0345399118959903,0.0187262464314699,0.753982961177826,0.655717968940735
-0.544014811515808,-0.127162978053093,0.969802498817444,0.0345399118959903,0.0187262464314699,0.753982961177826,0.655717968940735
-0.544654488563538,-0.127330213785172,0.969804167747498,0.0362991020083427,0.0193735938519239,0.752767384052277,0.656999588012695
-0.545138478279114,-0.127981930971146,0.969705700874329,0.0357874371111393,0.0200506579130888,0.751294255256653,0.65869128704071
-0.546258330345154,-0.128243789076805,0.969847083091736,0.0372253134846687,0.0203235633671283,0.748340785503387,0.661957263946533
-0.546258330345154,-0.128243789076805,0.969847083091736,0.0372253134846687,0.0203235633671283,0.748340785503387,0.661957263946533
-0.546674609184265,-0.1279386729002,0.970050156116486,0.0384415313601493,0.0194753650575876,0.747180163860321,0.663222908973694
-0.546532034873962,-0.127793669700623,0.970887541770935,0.0383982695639133,0.0167318042367696,0.744843363761902,0.665923535823822
-0.546532034873962,-0.127793669700623,0.970887541770935,0.0383982695639133,0.0167318042367696,0.744843363761902,0.665923535823822
-0.54567551612854,-0.127791881561279,0.971297860145569,0.0361469648778438,0.0121660558506846,0.743463814258575,0.667687892913818
-0.54567551612854,-0.127791881561279,0.971297860145569,0.0361469648778438,0.0121660558506846,0.743463814258575,0.667687892913818
-0.549228370189667,-0.129823073744774,0.969631195068359,0.0396615713834762,0.0208110958337783,0.7393838763237,0.671792685985565
-0.549940764904022,-0.130200192332268,0.969943344593048,0.0409171730279922,0.0222555678337812,0.738827347755432,0.672283291816711
-0.549940764904022,-0.130200192332268,0.969943344593048,0.0409171730279922,0.0222555678337812,0.738827347755432,0.672283291816711
-0.550388157367706,-0.130416601896286,0.969957709312439,0.0414371788501739,0.0224492624402046,0.737800359725952,0.673371970653534
-0.550987482070923,-0.130848452448845,0.969612240791321,0.0410954616963863,0.0217709504067897,0.735376298427582,0.6760613322258
-0.551693618297577,-0.131249725818634,0.969871163368225,0.0423651449382305,0.022905059158802,0.734836518764496,0.676532387733459
-0.552125632762909,-0.131544664502144,0.969890713691711,0.042490180581808,0.0228991527110338,0.733584046363831,0.677882492542267
-0.552125632762909,-0.131544664502144,0.969890713691711,0.042490180581808,0.0228991527110338,0.733584046363831,0.677882492542267
-0.552551627159119,-0.13183705508709,0.969824552536011,0.0426781363785266,0.0229753963649272,0.732561707496643,0.678972840309143
-0.552551627159119,-0.13183705508709,0.969824552536011,0.0426781363785266,0.0229753963649272,0.732561707496643,0.678972840309143
-0.55344545841217,-0.132507160305977,0.969821393489838,0.0433757714927196,0.0228045862168073,0.731412529945374,0.680172145366669
-0.554168879985809,-0.132680892944336,0.96981692314148,0.0424629189074039,0.0216620825231075,0.730163276195526,0.681607842445374
-0.555604100227356,-0.133714616298676,0.969503939151764,0.0434026829898357,0.0251097958534955,0.72991007566452,0.681701600551605
-0.555604100227356,-0.133714616298676,0.969503939151764,0.0434026829898357,0.0251097958534955,0.72991007566452,0.681701600551605
-0.556488037109375,-0.134504050016403,0.969603836536408,0.0439792424440383,0.0247575007379055,0.728377997875214,0.683314204216003
-0.556488037109375,-0.134504050016403,0.969603836536408,0.0439792424440383,0.0247575007379055,0.728377997875214,0.683314204216003
-0.556729197502136,-0.134656459093094,0.969515740871429,0.0441135466098785,0.0241035670042037,0.727885246276855,0.6838538646698
-0.557447612285614,-0.135478243231773,0.969457924365997,0.0443297326564788,0.024446265771985,0.72661018371582,0.685182452201843
-0.557447612285614,-0.135478243231773,0.969457924365997,0.0443297326564788,0.024446265771985,0.72661018371582,0.685182452201843
-0.557603240013123,-0.136016562581062,0.96922904253006,0.0430513210594654,0.02417454123497,0.725930571556091,0.685993611812592
-0.558145225048065,-0.136876925826073,0.968937039375305,0.0432751253247261,0.0232844185084104,0.72520786523819,0.686774134635925
-0.558145225048065,-0.136876925826073,0.968937039375305,0.0432751253247261,0.0232844185084104,0.72520786523819,0.686774134635925
-0.557525753974915,-0.137289017438888,0.968818664550781,0.0402094796299934,0.0198897346854209,0.722893416881561,0.689501702785492
-0.557525753974915,-0.137289017438888,0.968818664550781,0.0402094796299934,0.0198897346854209,0.722893416881561,0.689501702785492
-0.559323668479919,-0.138284996151924,0.969015419483185,0.042645625770092,0.0216920152306556,0.722792983055115,0.689406394958496
-0.559423267841339,-0.138672113418579,0.968956112861633,0.0422093234956264,0.020992474630475,0.722264349460602,0.690008521080017
-0.559585630893707,-0.139155223965645,0.968911707401276,0.0425924435257911,0.0208845883607864,0.721691429615021,0.690587759017944
-0.559585630893707,-0.139155223965645,0.968911707401276,0.0425924435257911,0.0208845883607864,0.721691429615021,0.690587759017944
-0.560060083866119,-0.140183672308922,0.968965649604797,0.0413711741566658,0.020762525498867,0.720614075660706,0.691789567470551
-0.56030946969986,-0.140661969780922,0.969076991081238,0.0417847670614719,0.0208623893558979,0.720335721969604,0.692051529884338
-0.56030946969986,-0.140661969780922,0.969076991081238,0.0417847670614719,0.0208623893558979,0.720335721969604,0.692051529884338
-0.560532808303833,-0.14159432053566,0.968949496746063,0.0408108793199062,0.0195696633309125,0.719882726669312,0.692618489265442
-0.560599207878113,-0.142147123813629,0.968770623207092,0.0406083352863788,0.0191042032092809,0.719637334346771,0.692898333072662
-0.560759782791138,-0.14258936047554,0.968697845935822,0.0411344654858112,0.0190636087208986,0.718961596488953,0.693569600582123
-0.56087589263916,-0.143117159605026,0.968752384185791,0.0420104414224624,0.0187928602099418,0.71906304359436,0.693419456481934
-0.56087589263916,-0.143117159605026,0.968752384185791,0.0420104414224624,0.0187928602099418,0.71906304359436,0.693419456481934
-0.561099052429199,-0.143671780824661,0.968772768974304,0.0406766049563884,0.0183829870074987,0.718517363071442,0.694075107574463
-0.561354517936707,-0.144617602229118,0.968794822692871,0.0413897410035133,0.0173350125551223,0.718636989593506,0.693936109542847
-0.561421632766724,-0.145207405090332,0.968648850917816,0.0400456041097641,0.016551025211811,0.718542575836182,0.694131731987
-0.561421632766724,-0.145207405090332,0.968648850917816,0.0400456041097641,0.016551025211811,0.718542575836182,0.694131731987
-0.561563611030579,-0.145649448037147,0.968615472316742,0.0401589311659336,0.0166608188301324,0.718930602073669,0.693720757961273
-0.561965048313141,-0.14653567969799,0.968654274940491,0.0413156896829605,0.0164846163243055,0.718925356864929,0.693662464618683
-0.561965048313141,-0.14653567969799,0.968654274940491,0.0413156896829605,0.0164846163243055,0.718925356864929,0.693662464618683
-0.562186121940613,-0.147043347358704,0.968545913696289,0.0402273349463939,0.0159544944763183,0.719165444374084,0.693489968776703
-0.562509953975677,-0.147928327322006,0.968316972255707,0.0414760112762451,0.0154958087950944,0.719424664974213,0.693157911300659
-0.562509953975677,-0.147928327322006,0.968316972255707,0.0414760112762451,0.0154958087950944,0.719424664974213,0.693157911300659
-0.562316238880157,-0.148706823587418,0.968173146247864,0.0407296046614646,0.0131916170939803,0.719895422458649,0.6927610039711
-0.562316238880157,-0.148706823587418,0.968173146247864,0.0407296046614646,0.0131916170939803,0.719895422458649,0.6927610039711
-0.56263256072998,-0.149860337376594,0.967803776264191,0.0403276458382606,0.0134375300258398,0.720698714256287,0.691943943500519
-0.563409864902496,-0.150231778621674,0.967610597610474,0.0421896763145923,0.0140592465177178,0.7209832072258,0.6915243268013
-0.563409864902496,-0.150231778621674,0.967610597610474,0.0421896763145923,0.0140592465177178,0.7209832072258,0.6915243268013
-0.563409864902496,-0.150231778621674,0.967610597610474,0.0421896763145923,0.0140592465177178,0.7209832072258,0.6915243268013
-0.563740968704224,-0.151095449924469,0.967354357242584,0.0417839735746383,0.0130687151104211,0.722051918506622,0.69045215845108
-0.56396871805191,-0.151638299226761,0.96739649772644,0.0414552465081214,0.0129502927884459,0.722935140132904,0.689549624919891
-0.564235091209412,-0.152287513017654,0.967467308044434,0.0435015223920345,0.0117835188284516,0.723798930644989,0.68853759765625
-0.564235091209412,-0.152287513017654,0.967467308044434,0.0435015223920345,0.0117835188284516,0.723798930644989,0.68853759765625
-0.564303755760193,-0.153361484408379,0.967089891433716,0.0425501763820648,0.0111692054197192,0.725065112113953,0.687273800373077
-0.564303755760193,-0.153361484408379,0.967089891433716,0.0425501763820648,0.0111692054197192,0.725065112113953,0.687273800373077
-0.563289999961853,-0.15355084836483,0.966914057731628,0.0426477119326591,0.0066262618638575,0.725212812423706,0.687170803546906
-0.563289999961853,-0.15355084836483,0.966914057731628,0.0426477119326591,0.0066262618638575,0.725212812423706,0.687170803546906
-0.563289999961853,-0.15355084836483,0.966914057731628,0.0426477119326591,0.0066262618638575,0.725212812423706,0.687170803546906
-0.564286410808563,-0.154904142022133,0.967180252075195,0.0445325225591659,0.0077403648756444,0.727325856685638,0.684802234172821
-0.564352750778198,-0.155246779322624,0.9671590924263,0.0457773841917514,0.0072303651832044,0.728241264820099,0.683752119541168
-0.564352750778198,-0.155246779322624,0.9671590924263,0.0457773841917514,0.0072303651832044,0.728241264820099,0.683752119541168
-0.564918994903564,-0.156017571687698,0.966896712779999,0.0466791689395904,0.0061500398442149,0.730013012886047,0.681809544563293
-0.564959466457367,-0.1563331335783,0.966935873031616,0.0468539632856845,0.0062346188351511,0.730591237545013,0.681177139282227
-0.565002799034119,-0.156653150916099,0.966947555541992,0.0475261211395263,0.0057722968049347,0.731294929981232,0.680379033088684
-0.564767897129059,-0.156893029808998,0.967016160488129,0.0477085635066032,0.0051311333663761,0.731519043445587,0.680130541324615
-0.56418377161026,-0.15680281817913,0.967262625694275,0.0484384149312973,0.0025992542505264,0.731594979763031,0.680011451244354
-0.56418377161026,-0.15680281817913,0.967262625694275,0.0484384149312973,0.0025992542505264,0.731594979763031,0.680011451244354
-0.56409615278244,-0.157493263483047,0.967095017433166,0.048545092344284,0.0013122643576934,0.732702374458313,0.678814291954041
-0.564180254936218,-0.157763466238975,0.967140138149262,0.0486422143876552,0.0012215840397402,0.733512997627258,0.677931427955627
-0.564513385295868,-0.158036828041077,0.967298030853272,0.0504147782921791,0.0010710435453802,0.734118461608887,0.677146434783936
-0.564513385295868,-0.158036828041077,0.967298030853272,0.0504147782921791,0.0010710435453802,0.734118461608887,0.677146434783936
-0.564634203910828,-0.158467337489128,0.967455506324768,0.0516546517610549,0.0004389180103316,0.735249936580658,0.67582494020462
-0.564634203910828,-0.158467337489128,0.967455506324768,0.0516546517610549,0.0004389180103316,0.735249936580658,0.67582494020462
-0.564659774303436,-0.159175977110863,0.967453360557556,0.053438875824213,-0.0004091606824658,0.736876249313354,0.673911988735199
-0.564659774303436,-0.159175977110863,0.967453360557556,0.053438875824213,-0.0004091606824658,0.736876249313354,0.673911988735199
-0.564698934555054,-0.159672573208809,0.967539548873901,0.0552215203642845,-0.0011974631343036,0.738389253616333,0.672108948230743
-0.564698934555054,-0.159672573208809,0.967539548873901,0.0552215203642845,-0.0011974631343036,0.738389253616333,0.672108948230743
-0.564499020576477,-0.16032899916172,0.967494308948517,0.0545539893209934,-0.0008095846278592,0.739895522594452,0.670505702495575
-0.564492225646973,-0.160628795623779,0.967524647712708,0.0558389648795127,-0.0020290857646614,0.740315556526184,0.669933378696442
-0.564525902271271,-0.160909295082092,0.967586159706116,0.0557186156511306,-0.0022405977360904,0.741170763969421,0.668996572494507
-0.565613269805908,-0.161316141486168,0.967965304851532,0.0583767592906951,-0.0002249356475658,0.741395771503448,0.668523967266083
-0.565613269805908,-0.161316141486168,0.967965304851532,0.0583767592906951,-0.0002249356475658,0.741395771503448,0.668523967266083
-0.567511200904846,-0.161938190460205,0.967738270759582,0.0628566220402717,0.0025846445932984,0.744035542011261,0.66517186164856
-0.567511200904846,-0.161938190460205,0.967738270759582,0.0628566220402717,0.0025846445932984,0.744035542011261,0.66517186164856
-0.567412614822388,-0.162209287285805,0.967588424682617,0.0631761625409126,0.0022461316548287,0.744676053524017,0.664425551891327
-0.565662264823914,-0.16240644454956,0.967885494232178,0.0603694133460521,-0.0011192902456969,0.744064390659332,0.665373980998993
-0.565755367279053,-0.163171038031578,0.968061804771423,0.0609343089163303,-0.0010067201219499,0.745155990123749,0.664099752902985
-0.565647602081299,-0.163468927145004,0.968104600906372,0.0613794513046741,-0.0012730018934234,0.74618798494339,0.662898600101471
-0.565666317939758,-0.163614392280579,0.968263566493988,0.06212804839015,-0.0017289930256083,0.74669748544693,0.662253618240356
-0.565583467483521,-0.163869768381119,0.968269467353821,0.0623159855604171,-0.0020127538591623,0.747382164001465,0.661462485790253
-0.565583467483521,-0.163869768381119,0.968269467353821,0.0623159855604171,-0.0020127538591623,0.747382164001465,0.661462485790253
-0.565526902675629,-0.16464264690876,0.968092739582062,0.0626116171479225,-0.0016890411498025,0.748961389064789,0.65964674949646
-0.565499007701874,-0.164913088083267,0.968100786209106,0.0629917308688163,-0.0018314250046387,0.74960732460022,0.658876061439514
-0.565509080886841,-0.165160328149796,0.968095421791077,0.0633881688117981,-0.0018659569323062,0.750125288963318,0.658248066902161
-0.565443217754364,-0.165427684783935,0.968091607093811,0.0638706758618354,-0.0019415431888774,0.750615358352661,0.657642126083374
-0.565553843975067,-0.165638387203216,0.968279242515564,0.0645885318517685,-0.0017604097956791,0.751084923744202,0.657036066055298
-0.565480470657349,-0.165911585092545,0.968288958072662,0.0647366121411323,-0.0018420907435938,0.751692950725555,0.656325876712799
-0.565469205379486,-0.166152626276016,0.968331456184387,0.0651463419198989,-0.0019413267727941,0.752263009548187,0.655631422996521
-0.565469205379486,-0.166152626276016,0.968331456184387,0.0651463419198989,-0.0019413267727941,0.752263009548187,0.655631422996521
-0.565248131752014,-0.166667342185974,0.968255579471588,0.0653977394104003,-0.0019439774332568,0.753420889377594,0.654275357723236
-0.565153479576111,-0.16718977689743,0.968167006969452,0.0651843026280403,-0.0013243819121271,0.753944218158722,0.653695166110992
-0.565153479576111,-0.16718977689743,0.968167006969452,0.0651843026280403,-0.0013243819121271,0.753944218158722,0.653695166110992
-0.565016567707062,-0.167551890015602,0.968312740325928,0.0656001046299934,-0.001336277811788,0.754624247550964,0.652868330478668
-0.564891457557678,-0.167785942554474,0.968316972255707,0.0658220946788787,-0.0025910704862326,0.75532054901123,0.652036368846893
-0.564891457557678,-0.167785942554474,0.968316972255707,0.0658220946788787,-0.0025910704862326,0.75532054901123,0.652036368846893
-0.564720690250397,-0.168166860938072,0.968325316905975,0.0665439516305923,-0.0033930861391127,0.755899608135223,0.651288211345673
-0.564561188220978,-0.168347790837288,0.968336224555969,0.066735178232193,-0.0029734494164586,0.756393373012543,0.650696933269501
-0.564375281333923,-0.168466150760651,0.968263745307922,0.0667928680777549,-0.0024942758027464,0.756484866142273,0.650586724281311
-0.564375281333923,-0.168466150760651,0.968263745307922,0.0667928680777549,-0.0024942758027464,0.756484866142273,0.650586724281311
-0.564117670059204,-0.168858841061592,0.968307614326477,0.0677170976996421,-0.0028346406761556,0.757195830345154,0.649661898612976
-0.563947021961212,-0.169349923729896,0.968279480934143,0.0667011588811874,-0.0036122577730566,0.757726907730103,0.649143934249878
-0.563815116882324,-0.169506907463074,0.968255817890167,0.0666690468788147,-0.0032792103011161,0.75790137052536,0.648945212364197
-0.563710749149323,-0.16965839266777,0.96822714805603,0.0668009519577026,-0.0032624541781842,0.758006453514099,0.648808896541595
-0.563564300537109,-0.169817805290222,0.968222737312317,0.0669605508446693,-0.003276867326349,0.758061289787292,0.648728430271149
-0.563564300537109,-0.169817805290222,0.968222737312317,0.0669605508446693,-0.003276867326349,0.758061289787292,0.648728430271149
-0.563458204269409,-0.16996206343174,0.968211948871612,0.067435972392559,-0.003231733571738,0.75795966386795,0.648798108100891
-0.563309729099274,-0.170290559530258,0.968254566192627,0.0680364891886711,-0.0025205784477293,0.757847964763641,0.648869037628174
-0.563196361064911,-0.170431032776832,0.968247294425964,0.0677740573883056,-0.0019578617066144,0.757728636264801,0.649037599563599
-0.563196361064911,-0.170431032776832,0.968247294425964,0.0677740573883056,-0.0019578617066144,0.757728636264801,0.649037599563599
-0.563003420829773,-0.170654222369194,0.968256711959839,0.0669995546340942,-0.002691512228921,0.757941901683807,0.648866593837738
-0.563003420829773,-0.170654222369194,0.968256711959839,0.0669995546340942,-0.002691512228921,0.757941901683807,0.648866593837738
-0.562949359416962,-0.170643791556358,0.968323647975922,0.0674154907464981,-0.0032171458005905,0.757731080055237,0.649067282676697
-0.562880396842957,-0.170690923929214,0.96830540895462,0.0674333423376083,-0.0032642532605677,0.757676005363464,0.649129509925842
-0.562740206718445,-0.170671835541725,0.968342065811157,0.0677681714296341,-0.0032629345078021,0.757471859455109,0.649332940578461
-0.562740206718445,-0.170671835541725,0.968342065811157,0.0677681714296341,-0.0032629345078021,0.757471859455109,0.649332940578461
-0.56269633769989,-0.170701265335083,0.968306422233582,0.0679532140493393,-0.0032684146426618,0.757311403751373,0.649500727653503
-0.562667071819305,-0.171100482344627,0.968187153339386,0.0676622465252876,-0.0022806369233876,0.757327854633331,0.649516105651855
-0.562625527381897,-0.171118929982185,0.968186020851135,0.0678398087620735,-0.0023008217103779,0.757174968719482,0.649675667285919
-0.562484860420227,-0.171154364943504,0.968189597129822,0.0682616680860519,-0.0020230882801115,0.75676441192627,0.650110602378845
-0.562287271022797,-0.170969799160957,0.968151867389679,0.0715524405241012,-0.0016700606793165,0.755887508392334,0.650777578353882
-0.562206208705902,-0.170981839299202,0.968158304691315,0.0717678740620613,-0.0014809516724199,0.755715250968933,0.650954306125641
-0.562206208705902,-0.170981839299202,0.968158304691315,0.0717678740620613,-0.0014809516724199,0.755715250968933,0.650954306125641
-0.562024533748627,-0.170978501439094,0.968178570270538,0.0723696276545524,-0.0013057079631835,0.755237579345703,0.651442348957062
-0.562024533748627,-0.170978501439094,0.968178570270538,0.0723696276545524,-0.0013057079631835,0.755237579345703,0.651442348957062
-0.561889827251434,-0.170977056026459,0.968190729618072,0.0732290744781494,-0.0014908928424119,0.755102634429932,0.651502430438995
-0.561591982841492,-0.170976862311363,0.968214571475983,0.0734364092350006,-0.0013113589957356,0.754704535007477,0.651940524578094
-0.561591982841492,-0.170976862311363,0.968214571475983,0.0734364092350006,-0.0013113589957356,0.754704535007477,0.651940524578094
-0.561333537101746,-0.170952677726746,0.968281686306,0.0743782147765159,-0.000478438421851,0.754116058349609,0.652515649795532
-0.561333537101746,-0.170952677726746,0.968281686306,0.0743782147765159,-0.000478438421851,0.754116058349609,0.652515649795532
-0.561022579669952,-0.170957610011101,0.968312323093414,0.0748526006937027,7.6911601354368e-05,0.753882169723511,0.652731776237488
-0.560821533203125,-0.170998841524124,0.968356370925903,0.0751378014683723,0.0002006423892453,0.753562092781067,0.653068482875824
-0.560725510120392,-0.170848771929741,0.968480288982391,0.0757898092269897,0.000334411568474,0.753626704216003,0.652918457984924
-0.56044602394104,-0.170828238129616,0.968543350696564,0.0756083875894546,0.0002145351318176,0.753488063812256,0.653099536895752
-0.56044602394104,-0.170828238129616,0.968543350696564,0.0756083875894546,0.0002145351318176,0.753488063812256,0.653099536895752
-0.560281813144684,-0.170842349529266,0.96853905916214,0.0757627189159393,0.0001646329765208,0.753066182136536,0.653568267822266
-0.55980384349823,-0.171061605215073,0.968421816825867,0.074956826865673,0.0004779553855769,0.752867221832275,0.653890132904053
-0.559594571590424,-0.171132162213326,0.968422770500183,0.0744683966040611,0.0005767928669229,0.75245600938797,0.654419004917145
-0.559594571590424,-0.171132162213326,0.968422770500183,0.0744683966040611,0.0005767928669229,0.75245600938797,0.654419004917145
-0.559067666530609,-0.171260014176369,0.968433976173401,0.0736355260014534,0.0007924425299279,0.752034366130829,0.654997289180756
-0.559067666530609,-0.171260014176369,0.968433976173401,0.0736355260014534,0.0007924425299279,0.752034366130829,0.654997289180756
-0.558826088905334,-0.171319589018822,0.9684237241745,0.0731555297970771,0.00094664451899,0.751893937587738,0.655212044715881
-0.558590471744537,-0.171423047780991,0.968463659286499,0.0718434080481529,0.0012720994418486,0.751527369022369,0.655776977539062
-0.558160066604614,-0.171469315886497,0.968555212020874,0.0715003609657287,0.0011636529816314,0.750911474227905,0.656519770622253
-0.557864189147949,-0.171601042151451,0.968556463718414,0.0708233267068862,0.0016442735213786,0.750722765922546,0.656808018684387
-0.557634294033051,-0.171701267361641,0.968518197536468,0.0703483074903488,0.0018817144446074,0.750275850296021,0.657368779182434
-0.55737566947937,-0.171818017959595,0.968498706817627,0.0695622414350509,0.0022607115097343,0.749953329563141,0.657819211483002
-0.55737566947937,-0.171818017959595,0.968498706817627,0.0695622414350509,0.0022607115097343,0.749953329563141,0.657819211483002
-0.555889844894409,-0.171796217560768,0.968133687973022,0.0658396184444427,0.0004425206861924,0.749695420265198,0.658499598503113
-0.556729018688202,-0.172092124819755,0.968457758426666,0.0671887621283531,0.0033412782941013,0.74859219789505,0.659609138965607
-0.558456718921661,-0.172148540616035,0.968078255653381,0.0698410272598266,0.0071795415133237,0.749338388442993,0.658454716205597
-0.558456718921661,-0.172148540616035,0.968078255653381,0.0698410272598266,0.0071795415133237,0.749338388442993,0.658454716205597
-0.557246208190918,-0.172853425145149,0.968574702739716,0.0657509863376617,0.0074633322656154,0.747779905796051,0.660640835762024
-0.557246208190918,-0.172853425145149,0.968574702739716,0.0657509863376617,0.0074633322656154,0.747779905796051,0.660640835762024
-0.556886315345764,-0.172867074608803,0.96848201751709,0.0649206116795539,0.0077787414193153,0.746867954730988,0.661750078201294
-0.556886315345764,-0.172867074608803,0.96848201751709,0.0649206116795539,0.0077787414193153,0.746867954730988,0.661750078201294
-0.556516826152802,-0.173051282763481,0.968294620513916,0.0629207268357276,0.0083301654085516,0.745630621910095,0.663329899311066
-0.556516826152802,-0.173051282763481,0.968294620513916,0.0629207268357276,0.0083301654085516,0.745630621910095,0.663329899311066
-0.556187152862549,-0.173047080636024,0.968234062194824,0.0612243823707103,0.00854083430022,0.744078695774078,0.665225982666016
-0.556187152862549,-0.173047080636024,0.968234062194824,0.0612243823707103,0.00854083430022,0.744078695774078,0.665225982666016
-0.554504871368408,-0.172802284359932,0.968161761760712,0.0580130703747272,0.006095069926232,0.742084920406342,0.667762875556946
-0.556315958499908,-0.172822892665863,0.9679394364357,0.0614266023039817,0.0099504794925451,0.742688834667206,0.666739046573639
-0.556187212467194,-0.172845482826233,0.968097388744354,0.0610174126923084,0.0102539481595158,0.741956651210785,0.667586743831635
-0.556134164333344,-0.172845005989075,0.968108057975769,0.0600852221250534,0.010852862149477,0.741164267063141,0.668541371822357
-0.556134164333344,-0.172845005989075,0.968108057975769,0.0600852221250534,0.010852862149477,0.741164267063141,0.668541371822357
-0.556059598922729,-0.172848999500275,0.968102693557739,0.0595771856606006,0.0111715709790587,0.740579783916473,0.669228911399841
-0.555873036384583,-0.172836750745773,0.968076944351196,0.0583710297942161,0.0117804054170846,0.73950856924057,0.670508205890656
-0.552948415279388,-0.17270427942276,0.968250215053558,0.0530977211892604,0.0062904194928705,0.738065540790558,0.672607183456421
-0.552909016609192,-0.172537371516228,0.968408942222595,0.0533750094473362,0.0064483867026865,0.737730622291565,0.672950983047485
-0.553822576999664,-0.172640576958656,0.968528032302856,0.0550920702517032,0.0088348630815744,0.736664175987244,0.67395293712616
-0.553706645965576,-0.172615185379982,0.96851646900177,0.0547555834054946,0.0097851259633898,0.736313223838806,0.674350798130035
-0.553706645965576,-0.172615185379982,0.96851646900177,0.0547555834054946,0.0097851259633898,0.736313223838806,0.674350798130035
-0.553475260734558,-0.172560587525368,0.968576192855835,0.0529467612504959,0.0105370078235864,0.735734164714813,0.675115466117859
-0.553201854228973,-0.172685399651527,0.968476235866547,0.0515437461435794,0.0103146843612194,0.735106110572815,0.675911128520966
-0.553017437458038,-0.172585338354111,0.968505084514618,0.0517362020909786,0.0104573694989085,0.734988272190094,0.676022350788116
-0.553017437458038,-0.172585338354111,0.968505084514618,0.0517362020909786,0.0104573694989085,0.734988272190094,0.676022350788116
-0.552824974060059,-0.172662302851677,0.968408346176148,0.0514570586383342,0.0109994243830442,0.735098123550415,0.675915658473969
-0.552694737911224,-0.172617524862289,0.968417823314667,0.0511034093797206,0.0112237222492694,0.734851002693176,0.676207482814789
-0.552409946918488,-0.172519132494926,0.968443214893341,0.0499596819281578,0.0117661049589514,0.734748959541321,0.676394701004028
-0.552227914333344,-0.172446504235268,0.968467235565186,0.0494923330843448,0.0117225684225559,0.734695971012115,0.67648720741272
-0.552075743675232,-0.172375157475471,0.968492448329926,0.0480745434761047,0.0121665997430682,0.734639346599579,0.676643073558807
-0.552075743675232,-0.172375157475471,0.968492448329926,0.0480745434761047,0.0121665997430682,0.734639346599579,0.676643073558807
-0.551855385303497,-0.172088295221329,0.968690991401672,0.0480078570544719,0.0120822871103882,0.734514653682709,0.676784873008728
-0.551855385303497,-0.172088295221329,0.968690991401672,0.0480078570544719,0.0120822871103882,0.734514653682709,0.676784873008728
-0.551687002182007,-0.172129213809967,0.968548476696014,0.0472708456218242,0.0124508319422602,0.734557628631592,0.676783204078674
-0.551687002182007,-0.172129213809967,0.968548476696014,0.0472708456218242,0.0124508319422602,0.734557628631592,0.676783204078674
-0.551439881324768,-0.171933710575104,0.968547880649567,0.0466317534446716,0.0129155470058321,0.734394907951355,0.676995515823364
-0.551230847835541,-0.171587288379669,0.968554139137268,0.0464231111109256,0.0134251862764358,0.73421585559845,0.677193999290466
-0.551230847835541,-0.171587288379669,0.968554139137268,0.0464231111109256,0.0134251862764358,0.73421585559845,0.677193999290466
-0.551180303096771,-0.171443283557892,0.968588948249817,0.0454412400722503,0.0144599778577685,0.734232366085052,0.677221417427063
-0.551137804985046,-0.171272084116936,0.968616783618927,0.0451047010719776,0.0145240733399987,0.733659625053406,0.677862882614136
-0.551137804985046,-0.171272084116936,0.968616783618927,0.0451047010719776,0.0145240733399987,0.733659625053406,0.677862882614136
-0.550048649311066,-0.170265957713127,0.96858549118042,0.044925395399332,0.0120883863419294,0.734053313732147,0.677496373653412
-0.550135254859924,-0.170058086514473,0.968772709369659,0.0446296371519565,0.0124309519305825,0.733625710010529,0.677972733974457
-0.550159692764282,-0.16967736184597,0.968976974487305,0.045204535126686,0.0123023353517055,0.73341166973114,0.678168416023254
-0.550159692764282,-0.16967736184597,0.968976974487305,0.045204535126686,0.0123023353517055,0.73341166973114,0.678168416023254
-0.550030529499054,-0.169139876961708,0.969029247760773,0.0450668223202228,0.0125710591673851,0.733182609081268,0.678420424461365
-0.550885081291199,-0.168977603316307,0.969202041625977,0.0460154935717582,0.0147313522174954,0.732504904270172,0.6790452003479
-0.550745666027069,-0.168847039341926,0.969097435474396,0.045563019812107,0.0151888113468885,0.732549250125885,0.67901748418808
-0.550682544708252,-0.168549001216888,0.969139039516449,0.0465198382735252,0.0150561025366187,0.732657432556152,0.678838968276978
-0.550593316555023,-0.168241515755653,0.969121098518372,0.0463603883981704,0.0150551497936248,0.732428669929504,0.679096639156342
-0.550537526607513,-0.167922466993332,0.969138503074646,0.046609703451395,0.0154439155012369,0.732354760169983,0.679150521755219
-0.550480246543884,-0.167502328753471,0.969207882881165,0.0469144992530345,0.0151681900024414,0.732202529907227,0.679300129413605
-0.550480246543884,-0.167502328753471,0.969207882881165,0.0469144992530345,0.0151681900024414,0.732202529907227,0.679300129413605
-0.550504148006439,-0.166797488927841,0.969194054603577,0.0470563247799873,0.0152525380253791,0.731865644454956,0.679651200771332
-0.550452411174774,-0.16660612821579,0.969126999378204,0.0457503758370876,0.0155645357444882,0.731793582439423,0.679810762405396
-0.550486862659454,-0.166258573532104,0.969123423099518,0.0466364547610282,0.015471588820219,0.731732606887817,0.679818511009216
-0.550487101078033,-0.165932655334473,0.96910959482193,0.0467248894274234,0.0155229764059185,0.731609404087067,0.679943799972534
-0.550537884235382,-0.165474459528923,0.969278752803802,0.0471275970339775,0.0152537627145648,0.731382787227631,0.680165708065033
-0.550537884235382,-0.165474459528923,0.969278752803802,0.0471275970339775,0.0152537627145648,0.731382787227631,0.680165708065033
-0.549582362174988,-0.164314121007919,0.969197571277618,0.0458330884575843,0.0122517989948391,0.731285095214844,0.680419921875
-0.549326002597809,-0.164268314838409,0.968902230262756,0.0448108613491058,0.0121524892747402,0.731437504291534,0.680326163768768
-0.549326002597809,-0.164268314838409,0.968902230262756,0.0448108613491058,0.0121524892747402,0.731437504291534,0.680326163768768
-0.549214720726013,-0.163589522242546,0.968872487545013,0.0437798202037811,0.0125869894400238,0.731808304786682,0.679986417293549
-0.549214720726013,-0.163589522242546,0.968872487545013,0.0437798202037811,0.0125869894400238,0.731808304786682,0.679986417293549
-0.549161076545715,-0.162906095385551,0.968861401081085,0.043672639876604,0.0122208669781684,0.731721699237823,0.680093228816986
-0.550213217735291,-0.162655964493751,0.969424605369568,0.0457958541810512,0.014345645904541,0.730955302715302,0.680735945701599
-0.55018424987793,-0.16236038506031,0.969399750232696,0.0464667715132236,0.0145381353795528,0.731105983257294,0.680524289608002
-0.55016815662384,-0.162090599536896,0.969397664070129,0.0463878884911537,0.0146891744807362,0.731152594089508,0.680476546287537
-0.55016815662384,-0.162090599536896,0.969397664070129,0.0463878884911537,0.0146891744807362,0.731152594089508,0.680476546287537
-0.550075650215149,-0.161802932620048,0.969162225723267,0.0447187535464763,0.0148548483848571,0.731556951999664,0.680150091648102
-0.550075650215149,-0.161802932620048,0.969162225723267,0.0447187535464763,0.0148548483848571,0.731556951999664,0.680150091648102
-0.550116360187531,-0.161128893494606,0.969082891941071,0.0451252944767475,0.0151493987068533,0.731742024421692,0.679917573928833
-0.550116360187531,-0.161128893494606,0.969082891941071,0.0451252944767475,0.0151493987068533,0.731742024421692,0.679917573928833
-0.550155282020569,-0.160477608442306,0.969192206859589,0.0453606210649013,0.0147743755951523,0.731776416301727,0.679873049259186
-0.550155282020569,-0.160477608442306,0.969192206859589,0.0453606210649013,0.0147743755951523,0.731776416301727,0.679873049259186
-0.550166428089142,-0.160232290625572,0.969165325164795,0.0453056544065475,0.0149468807503581,0.731860637664795,0.679782390594482
-0.550112783908844,-0.159727871417999,0.96913743019104,0.0447687953710556,0.0150188570842146,0.732061982154846,0.679599583148956
-0.550048410892487,-0.159426510334015,0.969153046607971,0.0445746593177318,0.0148615930229425,0.732078790664673,0.679597735404968
-0.549991011619568,-0.159190863370895,0.969143867492676,0.0446741171181201,0.0151334516704082,0.732201397418976,0.679453074932098
-0.550017118453979,-0.158785104751587,0.96933913230896,0.0450384356081485,0.0150493616238236,0.732247292995453,0.679381310939789
-0.550017118453979,-0.158785104751587,0.96933913230896,0.0450384356081485,0.0150493616238236,0.732247292995453,0.679381310939789
-0.54999566078186,-0.158547431230545,0.96934050321579,0.0453897155821323,0.0151375867426395,0.732460856437683,0.679125785827637
-0.550021111965179,-0.158027052879333,0.969308614730835,0.0400662347674369,0.0144769931212067,0.733855068683624,0.677969038486481
-0.54987359046936,-0.157893612980843,0.969135701656342,0.0382634736597538,0.0141338910907506,0.73433917760849,0.677556097507477
-0.549831688404083,-0.157604873180389,0.969136536121368,0.0375551097095012,0.0140381008386611,0.734628856182098,0.677283525466919
-0.549795687198639,-0.157378345727921,0.969166457653046,0.0411364510655403,0.0171470660716295,0.734441816806793,0.677206933498383
-0.549640774726868,-0.157315388321876,0.969107210636139,0.0396516174077987,0.0170456543564796,0.734924018383026,0.676774561405182
-0.549175024032593,-0.15743613243103,0.969186723232269,0.0338810496032238,0.0149216055870056,0.735970795154572,0.676000416278839
-0.551130592823029,-0.157191798090935,0.968845903873444,0.0369407199323177,0.018631799146533,0.737709164619446,0.673849880695343
-0.549297451972961,-0.156886041164398,0.96920657157898,0.0343534126877784,0.0155769791454076,0.736945152282715,0.674899399280548
-0.549297451972961,-0.156886041164398,0.96920657157898,0.0343534126877784,0.0155769791454076,0.736945152282715,0.674899399280548
-0.550170361995697,-0.155859261751175,0.968588590621948,0.0363743938505649,0.0162054989486932,0.739064931869507,0.67245614528656
-0.550343811511993,-0.155503794550896,0.968533277511597,0.0358612760901451,0.0162988044321537,0.739858090877533,0.671608805656433
-0.550326645374298,-0.155174791812897,0.968523621559143,0.039533045142889,0.0186825357377529,0.739937603473663,0.671252846717834
-0.550248384475708,-0.15482559800148,0.968739151954651,0.037899799644947,0.0183595400303602,0.740374207496643,0.67087459564209
-0.550248384475708,-0.15482559800148,0.968739151954651,0.037899799644947,0.0183595400303602,0.740374207496643,0.67087459564209
-0.550248384475708,-0.15482559800148,0.968739151954651,0.037899799644947,0.0183595400303602,0.740374207496643,0.67087459564209
-0.54993462562561,-0.154076814651489,0.96890652179718,0.0324367098510265,0.0153525946661829,0.742323994636536,0.6690793633461
-0.54993462562561,-0.154076814651489,0.96890652179718,0.0324367098510265,0.0153525946661829,0.742323994636536,0.6690793633461
-0.549883186817169,-0.153501152992249,0.96906042098999,0.0355225019156932,0.0168776735663414,0.743381381034851,0.667710542678833
-0.549891650676727,-0.153040781617165,0.968932867050171,0.0321037620306015,0.015340281650424,0.744291067123413,0.666906952857971
-0.549982130527496,-0.152686238288879,0.968859076499939,0.0321702882647514,0.015442076139152,0.744960784912109,0.666153132915497
-0.549992918968201,-0.152381926774979,0.96886944770813,0.0319941714406013,0.0155792096629738,0.745613098144531,0.665428221225739
-0.549992918968201,-0.152381926774979,0.96886944770813,0.0319941714406013,0.0155792096629738,0.745613098144531,0.665428221225739
-0.549992918968201,-0.152381926774979,0.96886944770813,0.0319941714406013,0.0155792096629738,0.745613098144531,0.665428221225739
-0.550618290901184,-0.151744529604912,0.969002783298492,0.0315246097743511,0.0162178892642259,0.746732115745544,0.664179444313049
-0.550505995750427,-0.151025295257568,0.968985736370087,0.0314620025455951,0.0157649889588356,0.747849404811859,0.662935078144073
-0.550501346588135,-0.150730118155479,0.968978881835938,0.0314728207886219,0.0159555245190858,0.748603820800781,0.662077903747559
-0.550279915332794,-0.150443509221077,0.968904435634613,0.0308922342956066,0.0157459862530231,0.749150276184082,0.661491990089417
-0.550384223461151,-0.150125786662102,0.968849420547485,0.031127231195569,0.0159478187561035,0.749923586845398,0.660599172115326
-0.550359964370728,-0.14977502822876,0.968824446201324,0.030810734257102,0.0156169673427939,0.750254333019257,0.6602463722229
-0.550438404083252,-0.149491026997566,0.968843758106232,0.0307116694748401,0.0158689711242914,0.750999212265015,0.659397661685944
-0.550463616847992,-0.149185165762901,0.968789279460907,0.0299304127693176,0.0156683009117841,0.75167578458786,0.658667027950287
-0.550456762313843,-0.148894593119621,0.968776166439056,0.0295654684305191,0.0154887363314628,0.752243757247925,0.658039033412933
-0.550414860248566,-0.14855620265007,0.96871942281723,0.0294506847858428,0.015073356218636,0.752596259117126,0.657650649547577
-0.550088226795197,-0.148036643862724,0.968377232551575,0.0295643303543329,0.0140980975702404,0.753460943698883,0.656676292419434
-0.550088226795197,-0.148036643862724,0.968377232551575,0.0295643303543329,0.0140980975702404,0.753460943698883,0.656676292419434
-0.550033688545227,-0.147479236125946,0.968278765678406,0.0286404825747013,0.0140067413449287,0.75492399930954,0.655036985874176
-0.549996316432953,-0.147142320871353,0.968247473239899,0.0292699709534645,0.0141088310629129,0.755620956420898,0.654202699661255
-0.549922287464142,-0.146843552589417,0.968222856521606,0.0291763544082641,0.0137840555980801,0.756052613258362,0.653714954853058
-0.55020397901535,-0.14671066403389,0.968623578548431,0.0295200292021036,0.0145932659506797,0.756403148174286,0.653276205062866
-0.549953758716583,-0.146234944462776,0.968133687973022,0.028501259163022,0.0134774697944521,0.757350265979767,0.652247488498688
-0.549892723560333,-0.145972207188606,0.968122661113739,0.0283453427255153,0.0133979953825473,0.758034110069275,0.651460945606232
-0.549807727336884,-0.145720615983009,0.968116641044617,0.0280587337911129,0.0131663177162408,0.758645832538605,0.650765597820282
-0.549739420413971,-0.145469531416893,0.968120098114014,0.0280881822109222,0.0133350538089871,0.759531557559967,0.649726927280426
-0.549597799777985,-0.145195513963699,0.968146204948425,0.0272181201726198,0.0128196394070982,0.760073065757751,0.649140894412994
-0.54947429895401,-0.144950181245804,0.968177676200867,0.0272022057324647,0.0129130482673645,0.760851919651031,0.64822643995285
-0.549465894699097,-0.144885167479515,0.968209147453308,0.0275028254836797,0.0137605890631675,0.761481940746307,0.647456228733063
-0.549465894699097,-0.144885167479515,0.968209147453308,0.0275028254836797,0.0137605890631675,0.761481940746307,0.647456228733063
-0.549059569835663,-0.144160136580467,0.968217551708221,0.0269796438515186,0.0128208165988326,0.762736022472382,0.646019816398621
-0.549046695232391,-0.144120097160339,0.968250095844269,0.0263249743729829,0.0131224282085895,0.763414978981018,0.645238220691681
-0.548153519630432,-0.143381804227829,0.96864777803421,0.025460535660386,0.0108215743675827,0.763566732406616,0.645135998725891
-0.547986745834351,-0.143292859196663,0.968553245067596,0.0243744309991598,0.0108655709773302,0.764147818088531,0.644488930702209
-0.547986745834351,-0.143292859196663,0.968553245067596,0.0243744309991598,0.0108655709773302,0.764147818088531,0.644488930702209
-0.547879755496979,-0.142746284604072,0.968712270259857,0.0248235817998647,0.0113162314519286,0.765605092048645,0.642732262611389
-0.547777831554413,-0.142549201846123,0.968722820281982,0.0255437903106212,0.0118405641987919,0.765924751758575,0.642313420772552
-0.547696828842163,-0.142683982849121,0.968623280525208,0.0241601485759019,0.0125619163736701,0.766485452651978,0.641684055328369
-0.547594487667084,-0.142512336373329,0.968580722808838,0.0241190902888774,0.0128694847226142,0.76732212305069,0.640678763389587
-0.547491252422333,-0.142360329627991,0.968439280986786,0.0239424277096986,0.0130334179848432,0.767802536487579,0.640106499195099
-0.547419548034668,-0.14183546602726,0.968507826328278,0.0246582366526126,0.0126952156424522,0.768409192562103,0.639357626438141
-0.547419548034668,-0.14183546602726,0.968507826328278,0.0246582366526126,0.0126952156424522,0.768409192562103,0.639357626438141
-0.547363877296448,-0.141488313674927,0.96853369474411,0.0240538381040096,0.0129937995225191,0.769290626049042,0.638313949108124
-0.547363877296448,-0.141488313674927,0.96853369474411,0.0240538381040096,0.0129937995225191,0.769290626049042,0.638313949108124
-0.547360837459564,-0.141043990850449,0.968593776226044,0.0297465734183788,0.0161657147109508,0.76980584859848,0.63737964630127
-0.547317326068878,-0.14084281027317,0.968637764453888,0.0300371833145618,0.0165979657322168,0.770240008831024,0.63683009147644
-0.546876490116119,-0.140718311071396,0.968537747859955,0.0287456028163433,0.0162966791540384,0.77081298828125,0.636204123497009
-0.546876490116119,-0.140718311071396,0.968537747859955,0.0287456028163433,0.0162966791540384,0.77081298828125,0.636204123497009
-0.54682856798172,-0.140327036380768,0.968520998954773,0.0289686527103185,0.016505854204297,0.771694540977478,0.635118842124939
-0.54682856798172,-0.140327036380768,0.968520998954773,0.0289686527103185,0.016505854204297,0.771694540977478,0.635118842124939
-0.546683967113495,-0.139900535345077,0.968457818031311,0.0289869476109743,0.016445692628622,0.772449553012848,0.634201049804688
-0.546683967113495,-0.139900535345077,0.968457818031311,0.0289869476109743,0.016445692628622,0.772449553012848,0.634201049804688
-0.546659350395203,-0.139755681157112,0.968456625938416,0.0289803929626941,0.0169729944318532,0.772982895374298,0.633537292480469
-0.546662092208862,-0.139578208327293,0.968462228775024,0.0290909186005592,0.0169458221644163,0.773199856281281,0.633268177509308
-0.546501278877258,-0.139321222901344,0.968280911445618,0.0288453605026006,0.0170663520693779,0.773687064647675,0.632680833339691
-0.546501278877258,-0.139321222901344,0.968280911445618,0.0288453605026006,0.0170663520693779,0.773687064647675,0.632680833339691
-0.546428680419922,-0.138986453413963,0.968304216861725,0.0292762033641338,0.0172328110784292,0.774055540561676,0.632205605506897
-0.546428680419922,-0.138986453413963,0.968304216861725,0.0292762033641338,0.0172328110784292,0.774055540561676,0.632205605506897
-0.54646509885788,-0.13847678899765,0.968515396118164,0.0298431403934955,0.0173790324479341,0.774731516838074,0.631346583366394
-0.546424686908722,-0.138292789459228,0.968547344207764,0.0300761181861162,0.0173673219978809,0.774957060813904,0.631058990955353
-0.546394109725952,-0.138103917241096,0.968589246273041,0.029598930850625,0.017541317269206,0.775058031082153,0.630952596664429
-0.546251773834229,-0.13797003030777,0.968454658985138,0.0295359715819358,0.0173684526234865,0.775192379951477,0.630795478820801
-0.546250402927399,-0.137824133038521,0.968455016613007,0.0291742142289876,0.0174891203641891,0.775476634502411,0.630459487438202
-0.546229779720306,-0.137377873063087,0.968597412109375,0.0305435471236705,0.0167713277041912,0.775723218917847,0.630110740661621
-0.546225786209106,-0.137234628200531,0.968608140945435,0.0307328272610902,0.0170087050646543,0.775899708271027,0.629877686500549
-0.546225786209106,-0.137234628200531,0.968608140945435,0.0307328272610902,0.0170087050646543,0.775899708271027,0.629877686500549
-0.546304702758789,-0.136982426047325,0.968571186065674,0.0313108451664447,0.0179680995643138,0.776355385780334,0.629260838031769
-0.546146512031555,-0.136809155344963,0.968640685081482,0.0311737470328807,0.0176125150173902,0.77643871307373,0.629174709320068
-0.546182334423065,-0.136614844202995,0.968763053417206,0.0314311683177948,0.0179118663072586,0.776805579662323,0.628700494766235
-0.546182334423065,-0.136614844202995,0.968763053417206,0.0314311683177948,0.0179118663072586,0.776805579662323,0.628700494766235
-0.546058595180511,-0.136501237750053,0.968655526638031,0.0309681110084056,0.0178026147186756,0.776842176914215,0.628681480884552
-0.546136856079102,-0.13641656935215,0.968632519245148,0.0309688001871109,0.0184379443526268,0.776898920536041,0.628593027591705
-0.545872449874878,-0.136104390025139,0.968726992607117,0.0306410156190395,0.0176422670483589,0.777153193950653,0.628317475318909
-0.546000242233276,-0.135990336537361,0.968673586845398,0.0312817692756652,0.0182305108755826,0.777327597141266,0.628053247928619
-0.545835852622986,-0.135825842618942,0.968705892562866,0.0303973462432622,0.0182145275175571,0.777413666248322,0.62799072265625
-0.54579484462738,-0.135703757405281,0.968697428703308,0.0305687077343463,0.0186321306973695,0.77754157781601,0.6278116106987
-0.545733392238617,-0.135585486888885,0.968709707260132,0.0306313205510377,0.0187794342637062,0.777685582637787,0.62762588262558
-0.545696377754211,-0.135436028242111,0.968693256378174,0.0308651439845561,0.0189310256391763,0.777870059013367,0.627381205558777
-0.545696377754211,-0.135436028242111,0.968693256378174,0.0308651439845561,0.0189310256391763,0.777870059013367,0.627381205558777
-0.545657515525818,-0.135321110486984,0.96870219707489,0.03095562197268,0.0191590879112482,0.778000354766846,0.627208232879639
-0.545526921749115,-0.135087385773659,0.968678772449493,0.0310063883662223,0.0193956829607486,0.778255939483643,0.626881241798401
-0.545497357845306,-0.134984761476517,0.968659460544586,0.0289332494139671,0.0175276063382625,0.778572738170624,0.626641988754272
-0.545497357845306,-0.134984761476517,0.968659460544586,0.0289332494139671,0.0175276063382625,0.778572738170624,0.626641988754272
-0.545405685901642,-0.134638786315918,0.968789935112,0.03217314183712,0.0193823371082544,0.778760969638824,0.626195430755615
-0.545330286026001,-0.134558528661728,0.96878582239151,0.0321606993675231,0.0194368697702884,0.778943836688995,0.625966846942902
-0.545330286026001,-0.134558528661728,0.96878582239151,0.0321606993675231,0.0194368697702884,0.778943836688995,0.625966846942902
-0.545168280601501,-0.134326174855232,0.968740046024322,0.0325504131615161,0.0197611674666404,0.779574275016785,0.625151097774506
-0.545168280601501,-0.134326174855232,0.968740046024322,0.0325504131615161,0.0197611674666404,0.779574275016785,0.625151097774506
-0.544970512390137,-0.134131520986557,0.968712091445923,0.03059390373528,0.0177851188927888,0.780041038990021,0.624727010726929
-0.544970512390137,-0.134131520986557,0.968712091445923,0.03059390373528,0.0177851188927888,0.780041038990021,0.624727010726929
-0.544682860374451,-0.133853793144226,0.968793630599976,0.0308328662067651,0.0179110560566186,0.780368983745575,0.62430202960968
-0.544564843177795,-0.133753404021263,0.968773484230042,0.0328473523259162,0.0200705584138631,0.780386626720428,0.624111354351044
-0.544446706771851,-0.133683741092682,0.968778252601624,0.0305029824376106,0.0183639861643314,0.780616939067841,0.623994767665863
-0.544206321239471,-0.133567720651627,0.96878856420517,0.0322186239063739,0.0202515926212072,0.780602037906647,0.623868763446808
-0.543948888778687,-0.133655324578285,0.968648016452789,0.0314752422273159,0.0204929541796445,0.780717670917511,0.623754143714905
-0.543820142745972,-0.133580029010773,0.968655526638031,0.0310166031122207,0.020455177873373,0.780574679374695,0.623957335948944
-0.543549776077271,-0.133610129356384,0.968407273292542,0.0282426699995994,0.0189568493515253,0.78060245513916,0.624101579189301
-0.543422102928162,-0.133522421121597,0.968376696109772,0.0280300248414278,0.018992768600583,0.78058922290802,0.624126851558685
-0.543363451957703,-0.133305832743645,0.968456745147705,0.0274505000561475,0.0193160846829414,0.780543506145477,0.624199628829956
-0.543166220188141,-0.133351385593414,0.968314290046692,0.0268130805343389,0.0194494370371103,0.780437827110291,0.624355554580688
-0.5430868268013,-0.133098617196083,0.968380272388458,0.0274573359638452,0.0189408082515001,0.780002534389496,0.624886751174927
-0.543016910552979,-0.132958978414535,0.968460440635681,0.0278562605381011,0.018875190988183,0.779666721820831,0.625290036201477
-0.542888045310974,-0.132864892482758,0.968457818031311,0.0275636781007051,0.0190248358994722,0.779321432113647,0.625728785991669
-0.542775332927704,-0.132783696055412,0.968443214893341,0.0273662563413381,0.0190776251256465,0.778815388679504,0.626365542411804
-0.542679905891418,-0.132698372006416,0.968436300754547,0.027272555977106,0.019109895452857,0.778379142284393,0.62691068649292
-0.542558908462524,-0.132563710212707,0.96856164932251,0.0274460054934024,0.019174363464117,0.778089284896851,0.62726092338562
-0.542409241199493,-0.132469996809959,0.968526124954224,0.0270206872373819,0.0189866255968809,0.777282536029816,0.628284573554993
-0.542256712913513,-0.132366433739662,0.968507885932922,0.0259169694036245,0.0191211309283971,0.776553869247437,0.629227221012115
-0.542153835296631,-0.132299453020096,0.968508064746857,0.0260972026735544,0.0193552132695913,0.776114940643311,0.629753887653351
-0.542083263397217,-0.132221043109894,0.968500554561615,0.028943296521902,0.0212821811437606,0.775424778461456,0.630417346954346
-0.541980624198914,-0.132122159004211,0.968453884124756,0.0289395358413457,0.021362280473113,0.774770677089691,0.631218433380127
-0.54188060760498,-0.132116287946701,0.968455851078033,0.0288121849298477,0.0215378385037183,0.774066567420959,0.63208144903183
-0.541879713535309,-0.131939947605133,0.968555092811584,0.0283437948673963,0.0217022821307182,0.773221611976624,0.633130371570587
-0.541753113269806,-0.131916806101799,0.968580663204193,0.0281061455607414,0.021912895143032,0.772529900074005,0.63397753238678
-0.541856527328491,-0.131972417235374,0.968650162220001,0.0281709618866443,0.0228051263839006,0.77171665430069,0.63493287563324
-0.541788160800934,-0.13184130191803,0.968660414218903,0.0284353625029325,0.0229152422398328,0.771021127700806,0.635761737823486
-0.541645526885986,-0.131810620427132,0.968719780445099,0.0289175268262624,0.0228517558425664,0.770328879356384,0.636580646038055
-0.541632652282715,-0.13195838034153,0.968668460845947,0.0288026295602321,0.0236587021499872,0.769715011119843,0.637298583984375
-0.541478455066681,-0.13193978369236,0.968684911727905,0.0263353232294321,0.0217625573277473,0.768985450267792,0.638352751731873
-0.541478455066681,-0.13193978369236,0.968684911727905,0.0263353232294321,0.0217625573277473,0.768985450267792,0.638352751731873
-0.541085422039032,-0.131994396448135,0.968503892421722,0.0248687155544757,0.0225621424615383,0.767704606056213,0.639923512935638
-0.541010439395905,-0.131850495934486,0.968658149242401,0.0251212492585182,0.0230125039815902,0.767131626605988,0.640584468841553
-0.540899515151978,-0.131853029131889,0.968662559986114,0.0249646697193384,0.0233763363212347,0.766614139080048,0.641196608543396
-0.540777742862701,-0.131871581077576,0.968653798103332,0.0250028427690267,0.0235345028340816,0.766043782234192,0.641870677471161
-0.540522456169128,-0.132112815976143,0.968278408050537,0.0243860818445682,0.0236287023872137,0.765386521816254,0.642674624919891
-0.540522456169128,-0.132112815976143,0.968278408050537,0.0243860818445682,0.0236287023872137,0.765386521816254,0.642674624919891
-0.540332555770874,-0.131962418556213,0.968729436397552,0.023779384791851,0.0241413544863462,0.764201641082764,0.64408665895462
-0.540228307247162,-0.132004916667938,0.968733191490173,0.0237770471721887,0.0246496461331844,0.763916850090027,0.644405245780945
-0.540123879909515,-0.131996616721153,0.968734741210938,0.0238913297653198,0.0245039947330951,0.763564944267273,0.644823491573334
-0.540015995502472,-0.132067307829857,0.968729615211487,0.0239220149815082,0.0249437950551509,0.76299911737442,0.645474910736084
-0.539773225784302,-0.132218763232231,0.968480050563812,0.0234130416065454,0.0251590739935636,0.762351393699646,0.646250247955322
-0.539843380451202,-0.132335036993027,0.968683540821075,0.0231750290840864,0.0257731601595878,0.761687397956848,0.647017121315002
-0.539843380451202,-0.132335036993027,0.968683540821075,0.0231750290840864,0.0257731601595878,0.761687397956848,0.647017121315002
-0.539831399917603,-0.132642909884453,0.96858948469162,0.0237018447369337,0.027222141623497,0.760831654071808,0.647944748401642
-0.540322303771973,-0.13396206498146,0.969366133213043,0.0224535260349512,0.0314234942197799,0.759725749492645,0.64909565448761
-0.540616869926453,-0.134701326489448,0.969533443450928,0.0220134258270263,0.0333864614367485,0.758685231208801,0.650228798389435
-0.53911292552948,-0.133198589086533,0.968378603458404,0.0211733393371105,0.0283815376460552,0.759350121021271,0.649718344211578
-0.53911292552948,-0.133198589086533,0.968378603458404,0.0211733393371105,0.0283815376460552,0.759350121021271,0.649718344211578
-0.538737297058105,-0.133363127708435,0.96840500831604,0.0217868499457836,0.0288662556558847,0.758432269096375,0.650747835636139
-0.538668870925903,-0.133336707949638,0.968504250049591,0.0218953490257263,0.0290094688534736,0.757620275020599,0.65168297290802
-0.538668870925903,-0.133336707949638,0.968504250049591,0.0218953490257263,0.0290094688534736,0.757620275020599,0.65168297290802
-0.538270175457001,-0.133332908153534,0.96854043006897,0.0216861460357904,0.0288709793239831,0.756838202476501,0.652604043483734
-0.53810852766037,-0.133477821946144,0.96858137845993,0.0214479323476552,0.0292946323752403,0.756415247917175,0.653083324432373
-0.538036286830902,-0.133416682481766,0.968692660331726,0.0208118315786123,0.0298100635409355,0.755880773067474,0.653699040412903
-0.537758588790894,-0.133618757128715,0.968528032302856,0.0205018036067485,0.0299145672470331,0.755470633506775,0.654178082942963
-0.537758588790894,-0.133618757128715,0.968528032302856,0.0205018036067485,0.0299145672470331,0.755470633506775,0.654178082942963
-0.537368357181549,-0.133776292204857,0.968440294265747,0.0210111979395151,0.0300292558968067,0.754841029644012,0.654883205890656
-0.537274181842804,-0.133730605244637,0.96855092048645,0.0211962834000587,0.0299260783940553,0.754351079463959,0.655446171760559
-0.537274181842804,-0.133730605244637,0.96855092048645,0.0211962834000587,0.0299260783940553,0.754351079463959,0.655446171760559
-0.536975085735321,-0.134112358093262,0.968526721000671,0.0210652686655521,0.029789712280035,0.753420412540436,0.656526148319244
-0.536845326423645,-0.134108245372772,0.96867698431015,0.0232567489147186,0.0318007171154022,0.752715349197388,0.657166302204132
-0.536845326423645,-0.134108245372772,0.96867698431015,0.0232567489147186,0.0318007171154022,0.752715349197388,0.657166302204132
-0.536528408527374,-0.134622573852539,0.96858823299408,0.0218587201088666,0.030466940253973,0.751495063304901,0.658672213554382
-0.536283314228058,-0.134726271033287,0.968594551086426,0.0226122140884399,0.030335895717144,0.750814974308014,0.65942794084549
-0.536095082759857,-0.134843617677689,0.968602895736694,0.0224635880440473,0.0303353555500507,0.750386834144592,0.659920215606689
-0.535807073116302,-0.135122984647751,0.968485593795776,0.0225720629096031,0.0303654037415981,0.749905407428741,0.660462260246277
-0.535594582557678,-0.135267287492752,0.968526244163513,0.0229776259511709,0.0303462389856576,0.749309837818146,0.661124765872955
-0.535380780696869,-0.135431841015816,0.96852296590805,0.0234458651393651,0.0307470392435789,0.748875319957733,0.661582112312317
-0.535201609134674,-0.135504767298698,0.968682050704956,0.0240036267787218,0.0307347159832716,0.748217821121216,0.662306189537048
-0.534895002841949,-0.135544717311859,0.968686401844025,0.0242289416491985,0.0301596261560916,0.747502326965332,0.663131594657898
-0.534688353538513,-0.135866090655327,0.968699991703033,0.0244377125054597,0.0305213462561368,0.746910035610199,0.663774609565735
-0.534365117549896,-0.136207967996597,0.968586444854736,0.0242397859692573,0.0307213254272937,0.746487498283386,0.664247751235962
-0.534365117549896,-0.136207967996597,0.968586444854736,0.0242397859692573,0.0307213254272937,0.746487498283386,0.664247751235962
-0.534028828144073,-0.136083990335464,0.968986511230469,0.0263383761048316,0.0300266947597265,0.745616734027863,0.66517698764801
-0.53382271528244,-0.136279135942459,0.969003975391388,0.0267916470766067,0.0299416538327932,0.74511444568634,0.665725290775299
-0.533496499061584,-0.136534377932548,0.968947291374206,0.0268750768154859,0.0298111103475093,0.744482338428497,0.666434466838837
-0.533271729946136,-0.136755511164665,0.968940436840057,0.0272851139307022,0.0297793801873922,0.743937432765961,0.667027473449707
-0.53272944688797,-0.137561544775963,0.968512177467346,0.0259559489786624,0.0293284952640533,0.743270993232727,0.667843222618103
-0.532548785209656,-0.137907236814499,0.968640983104706,0.0260952692478895,0.0300469473004341,0.742794632911682,0.668335556983948
-0.532364726066589,-0.138157889246941,0.96865326166153,0.0265220757573843,0.029725007712841,0.742092907428741,0.669112086296082
-0.532364726066589,-0.138157889246941,0.96865326166153,0.0265220757573843,0.029725007712841,0.742092907428741,0.669112086296082
-0.53293377161026,-0.13846580684185,0.969170093536377,0.0307531114667654,0.032937217503786,0.740821778774261,0.67018848657608
-0.53293377161026,-0.13846580684185,0.969170093536377,0.0307531114667654,0.032937217503786,0.740821778774261,0.67018848657608
-0.531281352043152,-0.139483854174614,0.968700587749481,0.0267933160066604,0.0303131639957427,0.740492463111877,0.670845866203308
-0.531123518943787,-0.139655858278275,0.968852877616882,0.0275785401463508,0.0298147276043891,0.739911079406738,0.671477615833282
-0.532102882862091,-0.140202507376671,0.969310879707336,0.0296463910490274,0.032591376453638,0.738648176193237,0.672649919986725
-0.532102882862091,-0.140202507376671,0.969310879707336,0.0296463910490274,0.032591376453638,0.738648176193237,0.672649919986725
-0.532102882862091,-0.140202507376671,0.969310879707336,0.0296463910490274,0.032591376453638,0.738648176193237,0.672649919986725
-0.531686186790466,-0.140843048691749,0.969416320323944,0.0295163039118051,0.0323345512151718,0.737858057022095,0.673534512519836
-0.530313849449158,-0.140681609511375,0.96931803226471,0.0292220395058393,0.0279963705688714,0.737522304058075,0.674109160900116
-0.531353354454041,-0.141643762588501,0.969598352909088,0.0309236161410808,0.0315798334777355,0.736286044120789,0.67522531747818
-0.531381845474243,-0.141701221466064,0.969703495502472,0.0316873788833618,0.0309384204447269,0.735658407211304,0.675903558731079
-0.531270146369934,-0.142501592636108,0.969589293003082,0.0311317276209592,0.031668696552515,0.73532098531723,0.676262617111206
-0.531184375286102,-0.142846629023552,0.969650268554688,0.0318253673613071,0.0317275039851665,0.735045373439789,0.676527202129364
-0.531022369861603,-0.143247410655022,0.969665050506592,0.0326338484883308,0.0314425341784954,0.734722793102264,0.676852226257324
-0.53101646900177,-0.143188759684563,0.969650983810425,0.0338502340018749,0.0303110014647245,0.73407119512558,0.677550673484802
-0.530896186828613,-0.143818110227585,0.969259917736054,0.0334690660238266,0.0305875558406114,0.73359888792038,0.678068518638611
-0.531301319599152,-0.144299358129501,0.969541668891907,0.0345497690141201,0.0310952458530664,0.733261168003082,0.678356468677521
-0.531393587589264,-0.144653037190437,0.969500124454498,0.0348735563457012,0.0313394889235496,0.732881307601929,0.678739130496979
-0.531531453132629,-0.144990220665932,0.969470858573914,0.0354050695896148,0.0317642576992511,0.732793867588043,0.678786158561707
-0.531664609909058,-0.144947484135628,0.96952885389328,0.0380561500787735,0.0305575504899024,0.732290089130402,0.679241538047791
-0.531548023223877,-0.145532146096229,0.969023406505585,0.0374808013439178,0.0303294919431209,0.731500089168549,0.680134534835815
-0.531926453113556,-0.146036759018898,0.9690181016922,0.0386793576180934,0.0312938131392002,0.731612324714661,0.679903090000153
-0.532217800617218,-0.146481066942215,0.96907365322113,0.0395768359303474,0.0315745510160923,0.731217086315155,0.680263459682465
-0.532428443431854,-0.146671876311302,0.96926999092102,0.0406924486160278,0.0311334189027547,0.731009721755981,0.680440902709961
-0.533518612384796,-0.147344067692757,0.968902945518494,0.0420156866312027,0.033356424421072,0.731144547462463,0.680110096931458
-0.533922970294952,-0.147569164633751,0.969049096107483,0.0433071814477443,0.0333638489246368,0.730852007865906,0.680343091487885
-0.53412252664566,-0.148055672645569,0.968911349773407,0.0439891554415226,0.0336958654224872,0.730703890323639,0.680441915988922
-0.534396886825562,-0.148310169577598,0.969058871269226,0.0453163832426071,0.0337824039161205,0.730533182621002,0.68053412437439
-0.534593403339386,-0.148786917328835,0.968905687332153,0.0453939698636531,0.0339599885046482,0.730462491512299,0.680595815181732
-0.534834325313568,-0.148972660303116,0.969036281108856,0.0465116314589977,0.0336027443408966,0.730373442173004,0.680633723735809
-0.535022139549255,-0.14952041208744,0.968937277793884,0.0469920113682746,0.0334834456443786,0.730620861053467,0.680341064929962
-0.535583674907684,-0.149901434779167,0.96909099817276,0.0487205013632774,0.0337990671396255,0.730283200740814,0.680566370487213
-0.535925686359406,-0.15045502781868,0.968936145305634,0.0496292896568775,0.0347750484943389,0.730719923973083,0.67998218536377
-0.536447525024414,-0.150871887803078,0.968878746032715,0.0506733655929565,0.0356292054057121,0.730680227279663,0.67990380525589
-0.536965787410736,-0.151339739561081,0.968898832798004,0.0510400980710983,0.0361197739839553,0.730635523796082,0.679898619651794
-0.537489533424377,-0.151542156934738,0.968997597694397,0.0524577386677265,0.0365820117294788,0.73055362701416,0.679853975772858
-0.538173496723175,-0.152113869786263,0.968859970569611,0.0531195253133773,0.0373556613922119,0.730837643146515,0.679455161094666
-0.538173496723175,-0.152113869786263,0.968859970569611,0.0531195253133773,0.0373556613922119,0.730837643146515,0.679455161094666
-0.538173496723175,-0.152113869786263,0.968859970569611,0.0531195253133773,0.0373556613922119,0.730837643146515,0.679455161094666
-0.539733350276947,-0.153237894177437,0.968733370304108,0.0570908859372139,0.0387762933969497,0.731511175632477,0.678327739238739
-0.540269196033478,-0.153656259179115,0.968715190887451,0.0585002452135086,0.0391512177884578,0.731732189655304,0.677947521209717
-0.540897607803345,-0.154071390628815,0.968677759170532,0.0592710562050342,0.0399158522486686,0.732307612895966,0.677214384078979
-0.541618943214417,-0.154589667916298,0.96863853931427,0.0603109635412693,0.0409219525754451,0.732477724552155,0.676878392696381
-0.542217135429382,-0.15500944852829,0.968623757362366,0.0619689859449863,0.0419850461184978,0.733099758625031,0.675989747047424
-0.542781710624695,-0.15528891980648,0.968469142913818,0.0635404363274574,0.0418132804334163,0.73355770111084,0.675357222557068
-0.543160796165466,-0.155725359916687,0.968492865562439,0.065869390964508,0.0413619428873062,0.734214842319489,0.674447238445282
-0.543624818325043,-0.156191080808639,0.968524932861328,0.0671001151204109,0.0417711026966571,0.734807193279266,0.673655033111572
-0.543624818325043,-0.156191080808639,0.968524932861328,0.0671001151204109,0.0417711026966571,0.734807193279266,0.673655033111572
-0.544453144073486,-0.157097011804581,0.968453824520111,0.0688738524913787,0.0419670715928077,0.7359898686409,0.672171056270599
-0.544763743877411,-0.157713681459427,0.968330502510071,0.0700553059577941,0.0422883778810501,0.736840605735779,0.67109602689743
-0.545308709144592,-0.15818290412426,0.968305289745331,0.0724415630102157,0.0426679030060768,0.737731039524078,0.669839262962341
-0.545933067798615,-0.158715084195137,0.968362987041473,0.0733426287770271,0.0435833223164081,0.738152146339417,0.669217944145203
-0.546404898166656,-0.15912963449955,0.968361437320709,0.076200932264328,0.0434052124619483,0.738888025283813,0.668097198009491
-0.547034978866577,-0.159584850072861,0.96837043762207,0.0774336382746696,0.0441479980945587,0.73936802148819,0.667375326156616
-0.547473669052124,-0.160088166594505,0.968449294567108,0.079852670431137,0.0443459264934062,0.740309715270996,0.666031897068024
-0.547856211662292,-0.160498067736626,0.968494892120361,0.0810079053044319,0.0446296110749244,0.740929782390594,0.665183365345001
-0.548263311386108,-0.160967960953712,0.968512117862701,0.0822875201702117,0.0440563187003135,0.741642951965332,0.664269149303436
-0.548616051673889,-0.16116626560688,0.968559443950653,0.0835060328245163,0.0440798290073871,0.742394268512726,0.663275420665741
-0.548975169658661,-0.161646544933319,0.968589663505554,0.0857331976294517,0.0439897589385509,0.743387162685394,0.661884009838104
-0.54941189289093,-0.162202090024948,0.968632221221924,0.0872954428195953,0.0447173565626144,0.744452476501465,0.660431981086731
-0.54954069852829,-0.162755876779556,0.968435168266296,0.0871095433831214,0.0441223308444023,0.745414555072784,0.65941047668457
-0.549816846847534,-0.163239255547523,0.968421578407288,0.0882324054837226,0.0442492961883544,0.746286153793335,0.658265769481659
-0.549816846847534,-0.163239255547523,0.968421578407288,0.0882324054837226,0.0442492961883544,0.746286153793335,0.658265769481659
-0.550494909286499,-0.163974910974503,0.968553960323334,0.0912885218858718,0.0438344478607177,0.748290002346039,0.655596852302551
-0.550814807415009,-0.164461255073547,0.968553721904755,0.0922633334994316,0.0441531129181385,0.749377608299255,0.654195129871368
-0.55034214258194,-0.164634257555008,0.968737781047821,0.0932294204831123,0.0417229160666465,0.74999064207077,0.653514623641968
-0.550368309020996,-0.165113016963005,0.968301713466644,0.0929746106266975,0.0417672768235206,0.750807225704193,0.652609944343567
-0.551889955997467,-0.165982365608215,0.968236207962036,0.0957384407520294,0.0449848845601081,0.75269091129303,0.649820566177368
-0.552203595638275,-0.166280686855316,0.968322396278381,0.0968336090445518,0.0451775640249252,0.753429055213928,0.648788750171661
-0.55219179391861,-0.166958823800087,0.968366622924805,0.0970501601696014,0.0450776852667331,0.754610180854797,0.64738917350769
-0.55232971906662,-0.167347505688667,0.968310415744782,0.0977765768766403,0.0451502874493598,0.755634903907776,0.646078169345856
-0.552638351917267,-0.167754948139191,0.968458235263824,0.0999063476920127,0.0445918776094913,0.75660902261734,0.644649565219879
-0.552654445171356,-0.168383523821831,0.968307435512543,0.0994766727089881,0.0450671687722206,0.757781207561493,0.643304705619812
-0.552309513092041,-0.168393045663834,0.968651115894318,0.100064016878605,0.0432633943855762,0.758121490478516,0.64293646812439
-0.552857160568237,-0.169067844748497,0.968392968177795,0.101853601634502,0.0435753166675567,0.759178161621094,0.641385734081268
-0.553023159503937,-0.169514551758766,0.968388378620148,0.102263361215591,0.0436373129487037,0.760332405567169,0.639947354793549
-0.553023159503937,-0.169514551758766,0.968388378620148,0.102263361215591,0.0436373129487037,0.760332405567169,0.639947354793549
-0.553411662578583,-0.170380428433418,0.968220710754394,0.1042750030756,0.0426991879940032,0.762085258960724,0.637596666812897
-0.553101718425751,-0.171045273542404,0.968219935894012,0.10369499027729,0.0421321354806423,0.763332426548004,0.63623571395874
-0.553448796272278,-0.171398013830185,0.968110799789429,0.103954240679741,0.0425386950373649,0.76423853635788,0.63507753610611
-0.551738083362579,-0.172212794423103,0.968598067760468,0.100895442068577,0.0394188798964023,0.766224682331085,0.633376717567444
-0.55162650346756,-0.172655567526817,0.968450963497162,0.0999078005552291,0.0385289937257766,0.767435908317566,0.632120370864868
-0.5516557097435,-0.17318357527256,0.968502640724182,0.0999566093087196,0.0381817519664764,0.768353044986725,0.63101851940155
-0.551715075969696,-0.173459887504578,0.96863865852356,0.10061589628458,0.0373506508767604,0.76930046081543,0.629808187484741
-0.551614701747894,-0.173914343118668,0.968632936477661,0.0996646657586097,0.0370292253792285,0.770144045352936,0.628946781158447
-0.551468849182129,-0.174491688609123,0.968512058258057,0.0982925072312355,0.0364210791885852,0.77128005027771,0.627805113792419
-0.551468849182129,-0.174491688609123,0.968512058258057,0.0982925072312355,0.0364210791885852,0.77128005027771,0.627805113792419
-0.551260232925415,-0.174921274185181,0.968509137630463,0.0987802594900131,0.0354078114032745,0.772159159183502,0.626704931259155
-0.551094532012939,-0.175792470574379,0.968551993370056,0.0976580083370208,0.0346063636243343,0.773954689502716,0.624707400798798
-0.550952017307281,-0.176244542002678,0.968559265136719,0.0973672866821289,0.0332993641495704,0.775046467781067,0.623469114303589
-0.550836205482483,-0.176687404513359,0.968525290489197,0.0978191345930099,0.0334081202745437,0.775427341461182,0.622918725013733
-0.550812661647797,-0.177302986383438,0.968769907951355,0.09800985455513,0.0330401062965393,0.776143193244934,0.622016191482544
-0.549390316009521,-0.177387773990631,0.968579113483429,0.0964004248380661,0.0296034440398216,0.776193678379059,0.622377693653107
-0.550602376461029,-0.178083568811417,0.968704998493195,0.0990552231669426,0.0322320871055126,0.777331650257111,0.620406746864319
-0.550582766532898,-0.178567707538605,0.968847274780273,0.0991386920213699,0.0321278534829616,0.777992308139801,0.619570374488831
-0.550463080406189,-0.179038941860199,0.968877911567688,0.0997868180274963,0.0314472168684005,0.778685569763184,0.618629336357117
-0.550463080406189,-0.179038941860199,0.968877911567688,0.0997868180274963,0.0314472168684005,0.778685569763184,0.618629336357117
-0.550032198429108,-0.179830059409142,0.968822419643402,0.098140574991703,0.0300448592752218,0.779773592948914,0.617591083049774
-0.550032198429108,-0.179830059409142,0.968822419643402,0.098140574991703,0.0300448592752218,0.779773592948914,0.617591083049774
-0.549883008003235,-0.18059840798378,0.968566179275513,0.0986035913228988,0.02887699380517,0.781369030475616,0.615553379058838
-0.549848139286041,-0.181021168828011,0.968551814556122,0.098670519888401,0.0284408330917358,0.781872808933258,0.614922881126404
-0.549757361412048,-0.181415051221848,0.968525588512421,0.0964643806219101,0.0274282377213239,0.782448947429657,0.614585995674133
-0.549762308597565,-0.181721866130829,0.968693912029266,0.102530710399151,0.0295444428920745,0.782156586647034,0.613877594470978
-0.549631476402283,-0.182157590985298,0.968702614307404,0.102113634347916,0.029238985851407,0.782929658889771,0.612975597381592
-0.549548089504242,-0.182678237557411,0.968544542789459,0.101542249321938,0.0286741238087415,0.783489882946014,0.612381160259247
-0.549547731876373,-0.183040589094162,0.968520224094391,0.101459920406341,0.028261786326766,0.784012019634247,0.611745297908783
-0.549579441547394,-0.183272987604141,0.968606889247894,0.101781979203224,0.0277026277035474,0.784238636493683,0.611426770687103
-0.549614131450653,-0.183866038918495,0.968549132347107,0.10292299836874,0.0316554456949234,0.785192966461182,0.609817028045654
-0.549656331539154,-0.184279382228851,0.968508780002594,0.0971195101737976,0.025354890152812,0.78581303358078,0.610264718532562
-0.549772322177887,-0.184559747576714,0.96867972612381,0.096674233675003,0.0252153780311346,0.786046743392944,0.610040068626404
-0.549772322177887,-0.184559747576714,0.96867972612381,0.096674233675003,0.0252153780311346,0.786046743392944,0.610040068626404
-0.549794018268585,-0.18549756705761,0.968420028686523,0.0974161773920059,0.0249066017568111,0.786524474620819,0.609318375587463
-0.549857914447784,-0.185846343636513,0.968385875225067,0.0982222780585289,0.024473262950778,0.786477565765381,0.609267175197601
-0.549857914447784,-0.185846343636513,0.968385875225067,0.0982222780585289,0.024473262950778,0.786477565765381,0.609267175197601
-0.549953460693359,-0.186499133706093,0.968323171138763,0.0980212911963462,0.0237103160470724,0.786838293075562,0.608863711357117
-0.550111472606659,-0.186692371964455,0.968450486660004,0.103259854018688,0.0287942662835121,0.7867591381073,0.607880294322968
-0.549511671066284,-0.186801239848137,0.968639194965362,0.102408476173878,0.0269701518118381,0.786421954631805,0.608543694019318
-0.54964941740036,-0.187131270766258,0.968633234500885,0.096796378493309,0.0208415817469358,0.786723852157593,0.609312295913696
-0.549727201461792,-0.187619656324387,0.968500912189484,0.0971036255359649,0.0210937708616256,0.786672592163086,0.609320998191833
-0.549763977527618,-0.188016965985298,0.968475043773651,0.0965759456157684,0.0207695048302412,0.786788403987885,0.609266579151154
-0.549937784671783,-0.188357323408127,0.968401789665222,0.0965511724352836,0.0208022911101579,0.786742269992828,0.609328866004944
-0.550106287002563,-0.188633859157562,0.968365907669067,0.0969271510839462,0.0206383727490901,0.786543548107147,0.609531223773956
-0.550106287002563,-0.188633859157562,0.968365907669067,0.0969271510839462,0.0206383727490901,0.786543548107147,0.609531223773956
-0.550331950187683,-0.189218327403068,0.968335628509522,0.0982755124568939,0.0207060724496841,0.786291241645813,0.609638452529907
-0.55045223236084,-0.18952251970768,0.968288064002991,0.0980330407619476,0.0205812454223632,0.786369621753693,0.609580814838409
-0.55056619644165,-0.189953714609146,0.968319356441498,0.0971649140119552,0.020512331277132,0.786440253257751,0.60963100194931
-0.550700604915619,-0.190303906798363,0.968281388282776,0.0970087945461273,0.0203993022441864,0.786252856254578,0.609901070594788
-0.550851047039032,-0.190666303038597,0.968290328979492,0.0969183444976806,0.020550375804305,0.786235570907593,0.609932959079742
-0.550931751728058,-0.190987929701805,0.968241333961487,0.0967127382755279,0.0202036779373884,0.785934090614319,0.610365509986877
-0.550980925559998,-0.191417753696442,0.968213796615601,0.096612274646759,0.0199768487364053,0.78577071428299,0.610599100589752
-0.551005899906158,-0.191603407263756,0.968209147453308,0.0963441580533981,0.0199218355119228,0.785575926303864,0.610893845558167
-0.551052451133728,-0.191899001598358,0.96821802854538,0.0962764173746109,0.0201088078320026,0.785179257392883,0.611408114433289
-0.551057577133179,-0.19218698143959,0.968234479427338,0.0961649790406227,0.0199006106704473,0.784900069236755,0.611790776252747
-0.551096498966217,-0.192524507641792,0.968223512172699,0.0964075997471809,0.0200892873108387,0.784547507762909,0.612198650836945
-0.551803290843964,-0.193080574274063,0.96796989440918,0.0975740030407905,0.0217348020523786,0.784572422504425,0.611925601959229
-0.552038371562958,-0.193627059459686,0.968216955661774,0.102356515824795,0.0282716695219278,0.784090280532837,0.611495077610016
-0.55196076631546,-0.19396798312664,0.968240737915039,0.102007552981377,0.0281547140330076,0.783474564552307,0.612347424030304
-0.551823198795319,-0.194221079349518,0.9682337641716,0.101411156356335,0.027385426685214,0.783257007598877,0.612759649753571
-0.551831662654877,-0.194604054093361,0.968197464942932,0.0957332104444503,0.0212837103754282,0.782912731170654,0.614353060722351
-0.551867187023163,-0.194982290267944,0.96814489364624,0.0956372395157814,0.0216392762959003,0.782261669635773,0.615184426307678
-0.551898062229156,-0.195494845509529,0.968234598636627,0.0950023904442787,0.02184952609241,0.781512081623077,0.616227149963379
-0.551898062229156,-0.195494845509529,0.968234598636627,0.0950023904442787,0.02184952609241,0.781512081623077,0.616227149963379
-0.551731824874878,-0.196188747882843,0.96810257434845,0.0942329913377761,0.0210838764905929,0.780516862869263,0.617631733417511
-0.551791310310364,-0.196514740586281,0.968047142028809,0.0949693024158477,0.0212864130735397,0.779581069946289,0.618693172931671
-0.551791310310364,-0.196514740586281,0.968047142028809,0.0949693024158477,0.0212864130735397,0.779581069946289,0.618693172931671
-0.551695048809052,-0.197110548615456,0.968004703521728,0.0921059399843216,0.0204703733325004,0.778739452362061,0.620211482048035
-0.551570892333984,-0.197541207075119,0.968052208423614,0.0920504704117775,0.0206962991505861,0.778077900409698,0.621042013168335
-0.550232887268066,-0.197751939296722,0.967888057231903,0.0902360081672668,0.017733821645379,0.776368081569672,0.623534739017487
-0.549964487552643,-0.198110073804855,0.967852592468262,0.0889776945114135,0.0178678575903177,0.775752127170563,0.624477624893188
-0.549728155136108,-0.198481321334839,0.967818140983582,0.0884683355689048,0.0172271914780139,0.775186121463776,0.625270247459412
-0.549480974674225,-0.198864966630936,0.967897713184357,0.0879131481051445,0.0170684289187192,0.77409690618515,0.626700878143311
-0.55008327960968,-0.199964195489883,0.967975854873657,0.0882344394922256,0.0189208053052425,0.774325907230377,0.626319468021393
-0.549864411354065,-0.200543358922005,0.967890858650208,0.0861741006374359,0.0189598146826028,0.773606419563293,0.62749320268631
-0.549864411354065,-0.200543358922005,0.967890858650208,0.0861741006374359,0.0189598146826028,0.773606419563293,0.62749320268631
-0.54931229352951,-0.201347604393959,0.96774834394455,0.0847889110445976,0.0175344869494438,0.771631360054016,0.63014954328537
-0.549146831035614,-0.201770827174187,0.967662632465362,0.0839910134673118,0.0168560072779655,0.770869076251984,0.631206870079041
-0.548916339874268,-0.202238336205482,0.967574059963226,0.0825646892189979,0.0170320514589548,0.769757091999054,0.632745444774628
-0.547311842441559,-0.202611014246941,0.967537522315979,0.0800238102674484,0.0142457364127039,0.76816326379776,0.635073602199554
-0.546945571899414,-0.203174456954002,0.967456758022308,0.0832525491714477,0.0199709255248308,0.767235994338989,0.635624945163727
-0.547958254814148,-0.203973308205604,0.96754264831543,0.0847738906741142,0.0218323655426502,0.767088353633881,0.635540902614594
-0.547588706016541,-0.204458683729172,0.967476725578308,0.0780234634876251,0.0151666589081287,0.766003012657166,0.637904107570648
-0.547548353672028,-0.204938769340515,0.967370986938477,0.0782303586602211,0.0150386979803442,0.764998733997345,0.639086067676544
-0.547349870204926,-0.205420255661011,0.967300415039062,0.0779030323028564,0.0143365543335676,0.763900697231293,0.64045387506485
-0.546908497810364,-0.206086412072182,0.967404127120972,0.0768679082393646,0.0146708907559514,0.762864172458649,0.641805648803711
-0.54655933380127,-0.206481322646141,0.967478096485138,0.0753254741430282,0.0133682396262884,0.762062251567841,0.642968595027924
-0.54655933380127,-0.206481322646141,0.967478096485138,0.0753254741430282,0.0133682396262884,0.762062251567841,0.642968595027924
-0.546084463596344,-0.207998022437096,0.967228591442108,0.0728044062852859,0.0131668103858828,0.75983589887619,0.645891427993774
-0.546084463596344,-0.208581686019897,0.967136859893799,0.0713610500097274,0.0141567504033446,0.758610725402832,0.647469758987427
-0.544039726257324,-0.209290415048599,0.96749997138977,0.0668568760156631,0.0103787370026111,0.758200466632843,0.648501574993134
-0.545269846916199,-0.209692597389221,0.967078745365143,0.0695143565535545,0.0128858014941215,0.756164073944092,0.650551855564117
-0.544689893722534,-0.209974125027656,0.967240691184998,0.0675749704241752,0.0104005569592118,0.754912555217743,0.652251839637756
-0.545182585716248,-0.211083978414535,0.966843664646149,0.0663616508245468,0.0127759352326393,0.754204511642456,0.653152823448181
-0.543454468250275,-0.212053924798965,0.967031359672546,0.0626038312911987,0.0105337770655751,0.754002153873444,0.653796970844269
-0.542670845985413,-0.212410107254982,0.966746687889099,0.0602147132158279,0.0094735566526651,0.752989590167999,0.65520304441452
-0.542470157146454,-0.212901905179024,0.966532707214356,0.0593968033790588,0.0086495755240321,0.751758277416229,0.656701445579529
-0.542447447776794,-0.21330301463604,0.966486990451813,0.0591938681900501,0.0090295746922492,0.750503122806549,0.658148646354675
-0.542379319667816,-0.213999718427658,0.966355323791504,0.056959580630064,0.008232825435698,0.749595642089844,0.659389078617096
-0.541551470756531,-0.214762523770332,0.96627539396286,0.0539511665701866,0.0080093927681446,0.748231768608093,0.661191523075104
-0.54217517375946,-0.215417578816414,0.965980529785156,0.0548279732465744,0.0091769220307469,0.747324049472809,0.662130236625671
-0.543014705181122,-0.215897932648659,0.965972602367401,0.0558304041624069,0.0112294871360063,0.745291292667389,0.664302408695221
-0.543014705181122,-0.215897932648659,0.965972602367401,0.0558304041624069,0.0112294871360063,0.745291292667389,0.664302408695221
-0.542888820171356,-0.216953903436661,0.965477406978607,0.0537069141864776,0.0118289068341255,0.743262410163879,0.666735947132111
-0.543001294136047,-0.217490047216415,0.965248346328735,0.0526603087782859,0.0113009689375758,0.742000997066498,0.668231785297394
-0.541662693023682,-0.217642858624458,0.964990139007568,0.0492226406931877,0.0087365601211786,0.739994287490845,0.670752644538879
-0.541481196880341,-0.21813291311264,0.96490865945816,0.0478303506970405,0.0078549915924668,0.738887369632721,0.672083377838135
-0.54179048538208,-0.218783408403397,0.965201616287231,0.0481780916452407,0.0097817918285727,0.737805068492889,0.673221290111542
-0.542302429676056,-0.219506606459618,0.964942514896393,0.0479086562991142,0.0108943963423371,0.73718649148941,0.673900604248047
-0.540275752544403,-0.219679340720177,0.964662849903107,0.043152280151844,0.0070020845159888,0.735582590103149,0.676023006439209
-0.541532099246979,-0.220277354121208,0.964827597141266,0.0483853332698345,0.0114994775503873,0.734902143478394,0.676347196102142
-0.541499376296997,-0.220697000622749,0.96473491191864,0.0430696904659271,0.009248374029994,0.733961701393127,0.67776083946228
-0.542580544948578,-0.221191063523293,0.964854717254639,0.0441209115087986,0.0108992373570799,0.732259452342987,0.679507553577423
-0.542451858520508,-0.221472769975662,0.964746832847595,0.043030809611082,0.010409340262413,0.731168687343597,0.680758595466614
-0.541350841522217,-0.221499651670456,0.964601814746857,0.0416070520877838,0.0078355083242058,0.728964626789093,0.68324089050293
-0.542506217956543,-0.222098648548126,0.96458101272583,0.0424526259303092,0.0104373786598443,0.728443682193756,0.683709502220154
-0.542655646800995,-0.222167164087296,0.96463531255722,0.042374487966299,0.0105275446549057,0.726809620857239,0.685449719429016
-0.542676746845245,-0.222594693303108,0.964563369750977,0.0449830256402492,0.0125420074909925,0.72560065984726,0.686529576778412
-0.541904985904694,-0.222474813461304,0.964754819869995,0.0427806712687015,0.0106101315468549,0.723771810531616,0.688630163669586
-0.541917681694031,-0.222663849592209,0.964749395847321,0.0427037701010704,0.0097263902425765,0.722744822502136,0.689725816249847
-0.541928946971893,-0.222966074943542,0.964812397956848,0.0418307892978191,0.0104482229799032,0.721498966217041,0.691071748733521
-0.542905688285828,-0.223334863781929,0.964529037475586,0.0427304543554782,0.0121199255809187,0.720671236515045,0.691852688789368
-0.543013393878937,-0.223428592085838,0.964525640010834,0.0380868427455425,0.0098270224407315,0.719437301158905,0.693442821502686
-0.542285203933716,-0.223249107599258,0.964715838432312,0.0372030921280384,0.0074455216526985,0.717932224273682,0.695078194141388
-0.541753113269806,-0.223101660609245,0.964351832866669,0.0393580347299575,0.0085869347676634,0.716038405895233,0.696897506713867
-0.542093873023987,-0.223175346851349,0.964784026145935,0.0351084992289543,0.0059466366656124,0.71538245677948,0.697825193405151
-0.541973054409027,-0.223155528306961,0.964543640613556,0.0339511595666408,0.0059390878304839,0.713963985443115,0.699333488941193
-0.541771829128265,-0.223163083195686,0.964655578136444,0.0377029664814472,0.0081364260986447,0.712686240673065,0.700421690940857
-0.541801810264587,-0.222842156887054,0.964742183685303,0.0376816429197788,0.0073724794201552,0.711255490779877,0.701884090900421
-0.541909396648407,-0.222723826766014,0.964718341827393,0.0372521355748176,0.0072934394702315,0.709921419620514,0.703257262706757
-0.541998565196991,-0.222735583782196,0.964652240276337,0.0329595580697059,0.005671901628375,0.708966135978699,0.704449117183685
-0.54205310344696,-0.222756311297417,0.964584290981293,0.0321013145148754,0.0053912219591438,0.707784831523895,0.70567774772644
-0.54215270280838,-0.222517505288124,0.964565694332123,-0.0316739119589328,-0.0059932880103588,-0.706578075885773,-0.706900417804718
-0.542306065559387,-0.222250416874886,0.964566826820374,-0.0317765548825264,-0.0057500526309013,-0.705482482910156,-0.707991242408752
-0.542451500892639,-0.222019895911217,0.964595377445221,-0.0311735998839139,-0.0064647458493709,-0.704368472099304,-0.709120154380798
-0.542634129524231,-0.221746101975441,0.964638948440552,-0.0310254022479057,-0.0061507299542427,-0.703261911869049,-0.710226953029633
-0.542789697647095,-0.221374437212944,0.964706003665924,-0.0309273824095726,-0.0068676145747303,-0.702031910419464,-0.711440443992615
-0.542961418628693,-0.220986992120743,0.96477997303009,-0.0348507203161716,-0.0091961231082677,-0.70097154378891,-0.712277889251709
-0.542961418628693,-0.220986992120743,0.96477997303009,-0.0348507203161716,-0.0091961231082677,-0.70097154378891,-0.712277889251709
-0.541926622390747,-0.22003972530365,0.965322732925415,-0.0313388928771019,-0.0070356857031583,-0.699387192726135,-0.714021027088165
-0.54229724407196,-0.219609707593918,0.96552050113678,-0.0279808770865201,-0.0045049292966723,-0.698851585388184,-0.714705049991608
-0.542506158351898,-0.219356134533882,0.965931236743927,-0.0284436363726854,-0.0051945480518043,-0.697997689247131,-0.715516090393066
-0.542670845985413,-0.218975052237511,0.966103196144104,-0.0276208817958831,-0.0064077898859977,-0.696879267692566,-0.716627717018127
-0.543769717216492,-0.218942448496818,0.965946733951569,-0.0280519425868988,-0.0092287566512823,-0.696487784385681,-0.716960728168488
-0.543724834918976,-0.218254774808884,0.966008901596069,-0.0284282062202692,-0.0087612653151154,-0.69544917345047,-0.717959344387054
-0.543815433979034,-0.217748001217842,0.966088056564331,-0.027580427005887,-0.0092802476137876,-0.694804668426514,-0.718609571456909
-0.543948352336884,-0.217218369245529,0.966160595417023,-0.0265334118157625,-0.0091836489737033,-0.693679511547089,-0.719736337661743
-0.5441654920578,-0.216667264699936,0.966230750083923,-0.0265454798936843,-0.0098160896450281,-0.693110704421997,-0.720275402069092
-0.543469488620758,-0.215905904769897,0.966581523418426,-0.025001298636198,-0.0080175381153821,-0.691796362400055,-0.721615076065063
-0.543534457683563,-0.215250238776207,0.966618835926056,-0.0244012344628572,-0.0085142143070697,-0.691010117530823,-0.72238302230835
-0.544523656368256,-0.214824885129929,0.966426610946655,-0.0252096261829137,-0.0108854928985238,-0.690814018249512,-0.722510933876038
-0.544679582118988,-0.214200034737587,0.966427505016327,-0.025395642966032,-0.0111361341550946,-0.690305054187775,-0.722986936569214
-0.544679582118988,-0.214200034737587,0.966427505016327,-0.025395642966032,-0.0111361341550946,-0.690305054187775,-0.722986936569214
-0.545100688934326,-0.212712079286575,0.966477632522583,-0.0253554061055183,-0.0114938262850046,-0.68883889913559,-0.724379777908325
-0.545113623142242,-0.21207757294178,0.966419517993927,-0.0244026351720094,-0.012218952178955,-0.688685417175293,-0.724546492099762
-0.545113623142242,-0.21207757294178,0.966419517993927,-0.0244026351720094,-0.012218952178955,-0.688685417175293,-0.724546492099762
-0.545368909835815,-0.210491269826889,0.966667234897614,-0.0251654870808124,-0.0127760153263807,-0.687708973884583,-0.725437700748444
-0.54549241065979,-0.209685623645782,0.966804325580597,-0.0240233968943357,-0.0135905854403972,-0.687528192996979,-0.725633084774017
-0.545672416687012,-0.209088817238808,0.966754138469696,-0.0240728147327899,-0.0144947413355112,-0.687418043613434,-0.725718140602112
-0.545951128005981,-0.208248853683472,0.967053413391113,-0.0235836692154407,-0.014533631503582,-0.687144458293915,-0.725992441177368
-0.546178936958313,-0.207496300339699,0.967330694198608,-0.023333529010415,-0.0150354485958814,-0.686828851699829,-0.726288914680481
-0.546374320983887,-0.206841483712196,0.967389225959778,-0.0229414142668247,-0.016225216910243,-0.686981022357941,-0.726131856441498
-0.546627759933472,-0.206098556518555,0.967607319355011,-0.0221756305545568,-0.0169087797403335,-0.686755418777466,-0.726353526115417
-0.546947658061981,-0.205170825123787,0.967982769012451,-0.0266368091106414,-0.020330224186182,-0.686903059482574,-0.725976169109344
-0.546947658061981,-0.205170825123787,0.967982769012451,-0.0266368091106414,-0.020330224186182,-0.686903059482574,-0.725976169109344
-0.546947658061981,-0.205170825123787,0.967982769012451,-0.0266368091106414,-0.020330224186182,-0.686903059482574,-0.725976169109344
-0.547939419746399,-0.202865704894066,0.968323230743408,-0.0220903120934963,-0.0196458604186773,-0.687657237052917,-0.725433349609375
-0.548226058483124,-0.201965719461441,0.968467652797699,-0.0231924541294574,-0.0203485414385795,-0.688078165054321,-0.724980413913727
-0.549180090427399,-0.200707882642746,0.968117296695709,-0.0284122489392757,-0.0235664658248424,-0.688794434070587,-0.72401636838913
-0.549439132213593,-0.199811518192291,0.968075752258301,-0.0279891192913055,-0.0244896486401557,-0.689177274703979,-0.723637700080872
-0.549950659275055,-0.198791831731796,0.96807336807251,-0.0244439579546451,-0.0222208518534898,-0.689712464809418,-0.723329365253448
-0.550393879413605,-0.197650924324989,0.968055427074432,-0.0243970155715942,-0.0223624426871538,-0.690263748168945,-0.722800612449646
-0.550393879413605,-0.197650924324989,0.968055427074432,-0.0243970155715942,-0.0223624426871538,-0.690263748168945,-0.722800612449646
-0.55104660987854,-0.195604100823402,0.968078553676605,-0.0254919845610857,-0.0230680294334888,-0.6912442445755,-0.72180300951004
-0.551515638828278,-0.194828897714615,0.968101620674133,-0.0249922443181276,-0.0244110450148582,-0.691097378730774,-0.721916794776917
-0.551596581935883,-0.193410024046898,0.968018472194672,-0.0257543791085481,-0.0236769132316112,-0.691941916942596,-0.721105098724365
-0.552094876766205,-0.192683175206184,0.968025863170624,-0.0263949241489171,-0.0257257986813783,-0.691970467567444,-0.720984280109406
-0.552361607551575,-0.191370785236359,0.968088150024414,-0.0261386409401893,-0.0256062094122171,-0.692349791526794,-0.720633566379547
-0.552493691444397,-0.19039024412632,0.96798700094223,-0.0252882167696952,-0.0262843482196331,-0.692742347717285,-0.720262348651886
-0.552667498588562,-0.188524752855301,0.967850923538208,-0.0265509467571973,-0.0254416689276695,-0.693325221538544,-0.719685971736908
-0.552667498588562,-0.188524752855301,0.967850923538208,-0.0265509467571973,-0.0254416689276695,-0.693325221538544,-0.719685971736908
-0.552967727184296,-0.186094358563423,0.967548370361328,-0.0274154525250196,-0.0259489174932241,-0.694142699241638,-0.718846917152405
-0.552602410316467,-0.185349255800247,0.968392312526703,-0.0246640518307685,-0.02559713460505,-0.693779468536377,-0.719309866428375
-0.553365647792816,-0.183888301253319,0.967848122119904,-0.0265083536505699,-0.0268520805984735,-0.69459730386734,-0.718408524990082
-0.552833557128906,-0.183027878403664,0.968395471572876,-0.0246358532458543,-0.0266000684350729,-0.694250166416168,-0.718819975852966
-0.552834868431091,-0.181665197014809,0.968306541442871,-0.0254097841680049,-0.0266939587891101,-0.694720506668091,-0.718335092067719
-0.552870571613312,-0.180504724383354,0.968734860420227,-0.0243544448167085,-0.0263296514749526,-0.694973051548004,-0.718140840530396
-0.553041338920593,-0.179308384656906,0.968688368797302,-0.02419856749475,-0.0269247647374868,-0.695074439048767,-0.718025684356689
-0.553041338920593,-0.179308384656906,0.968688368797302,-0.02419856749475,-0.0269247647374868,-0.695074439048767,-0.718025684356689
-0.552958786487579,-0.176688835024834,0.969062745571136,-0.0248470716178417,-0.0260096788406372,-0.695400714874268,-0.717721283435822
-0.553112149238586,-0.17567041516304,0.969526648521423,-0.0236692428588867,-0.0267115924507379,-0.695443272590637,-0.717694163322449
-0.553202569484711,-0.174392819404602,0.969625234603882,-0.0243599843233823,-0.0263920649886131,-0.695453882217407,-0.71767258644104
-0.553175687789917,-0.173127844929695,0.969783127307892,-0.0284883137792348,-0.0288082566112279,-0.695450007915497,-0.717431366443634
-0.553168654441833,-0.171732991933823,0.970008015632629,-0.0283867809921503,-0.0284667108207941,-0.6954265832901,-0.717471837997437
-0.553071260452271,-0.170626819133758,0.970057129859924,-0.027804085984826,-0.0279993526637554,-0.695271611213684,-0.717663049697876
-0.553116977214813,-0.169064238667488,0.970009863376617,-0.0284406747668981,-0.0271915066987276,-0.695470035076141,-0.717477023601532
-0.553090512752533,-0.168004661798477,0.970297634601593,-0.0276617314666509,-0.0259170867502689,-0.695780396461487,-0.717253565788269
-0.553082942962646,-0.166760683059692,0.969974994659424,-0.0288185756653547,-0.0263375248759984,-0.696043729782104,-0.716937243938446
-0.553124070167542,-0.165259033441543,0.97024405002594,-0.0285969786345958,-0.0254705846309661,-0.696280181407928,-0.71674782037735
-0.553124070167542,-0.165259033441543,0.97024405002594,-0.0285969786345958,-0.0254705846309661,-0.696280181407928,-0.71674782037735
-0.552986204624176,-0.16311576962471,0.970025300979614,-0.0243255738168954,-0.0223028678447008,-0.697377920150757,-0.715943455696106
-0.552959501743317,-0.161537393927574,0.970317482948303,-0.0250988695770502,-0.0213378630578517,-0.69764906167984,-0.715681850910187
-0.552794635295868,-0.160583510994911,0.970339775085449,-0.0231621395796537,-0.0208286046981811,-0.697862386703491,-0.715554237365723
-0.552590191364288,-0.159219592809677,0.970276415348053,-0.0228007100522518,-0.0197160672396421,-0.698638439178467,-0.71483963727951
-0.552265644073486,-0.157984614372253,0.970246195793152,-0.0224027875810861,-0.0187731198966503,-0.699102401733398,-0.714424014091492
-0.552138447761536,-0.15658164024353,0.97043251991272,-0.0234348326921463,-0.0177510567009449,-0.699712514877319,-0.71381950378418
-0.551810324192047,-0.155454158782959,0.970270693302154,-0.0224979985505342,-0.017361145466566,-0.700335621833801,-0.713247954845428
-0.551590979099274,-0.154224276542663,0.970181465148926,-0.0214310586452484,-0.0158037729561328,-0.701082110404968,-0.712583303451538
-0.551168382167816,-0.153050154447555,0.969982922077179,-0.0208022706210613,-0.0150076635181903,-0.701989114284515,-0.71172571182251
-0.553004264831543,-0.151292786002159,0.969176292419434,-0.0251610148698091,-0.0173789374530315,-0.701556026935577,-0.711957991123199
-0.5527663230896,-0.14999233186245,0.969079554080963,-0.0249662231653928,-0.0165845695883035,-0.702774107456207,-0.710781395435333
-0.552301168441772,-0.148908615112305,0.969042062759399,-0.0233761072158813,-0.0155629971995949,-0.703514933586121,-0.71012544631958
-0.550760984420776,-0.14793761074543,0.969145953655243,-0.0201182384043931,-0.0129104200750589,-0.705477237701416,-0.708329439163208
-0.54979008436203,-0.146521523594856,0.969150125980377,-0.0194457825273275,-0.0110766030848026,-0.705816626548767,-0.708041131496429
-0.549649834632874,-0.145395070314407,0.969011187553406,0.0191440284252166,0.0100154085084795,0.70704311132431,0.706840336322784
-0.549427330493927,-0.144134476780891,0.968847393989563,0.0182746443897485,0.009394222870469,0.708262026309967,0.705650627613068
-0.549050748348236,-0.142980083823204,0.968679487705231,0.0221953503787517,0.0111390128731727,0.709350824356079,0.704418063163757
-0.54877382516861,-0.141887024044991,0.968218624591827,0.0200484748929739,0.0108223715797066,0.710535824298859,0.703292071819305
-0.548710584640503,-0.140567883849144,0.968169748783112,0.0159525722265243,0.0078449565917253,0.711794853210449,0.702162444591522
-0.548710584640503,-0.140567883849144,0.968169748783112,0.0159525722265243,0.0078449565917253,0.711794853210449,0.702162444591522
-0.548340201377869,-0.13763339817524,0.968122184276581,0.0176138710230588,0.0057306503877043,0.714577972888947,0.699310541152954
-0.548022031784058,-0.137162730097771,0.967415153980255,0.0154317347332835,0.0066905678249895,0.715644240379333,0.698262512683868
-0.547972798347473,-0.135934740304947,0.967291593551636,0.0151744270697236,0.0064538507722318,0.7168869972229,0.696994543075562
-0.547862112522125,-0.134669408202171,0.967431843280792,0.0158217772841453,0.0059849945828318,0.71845817565918,0.695364594459534
-0.548408508300781,-0.133603170514107,0.967166304588318,0.0157977249473333,0.0065807616338133,0.72032231092453,0.693428456783295
-0.548373341560364,-0.132476910948753,0.967027962207794,0.0160022508352994,0.0063500986434519,0.72169953584671,0.691992282867432
-0.548254549503326,-0.131306767463684,0.96694952249527,0.0157902911305427,0.0061048511415719,0.72304493188858,0.690593659877777
-0.548266053199768,-0.130156978964806,0.966769158840179,0.0158652979880571,0.0054918816313147,0.724213063716888,0.689371943473816
-0.54816597700119,-0.128932476043701,0.966886639595032,0.0152632929384708,0.0047193295322358,0.725700795650482,0.68782502412796
-0.548048615455627,-0.127887904644012,0.96680736541748,0.014599178917706,0.0046932739205658,0.726154446601868,0.68736070394516
-0.547872483730316,-0.126888334751129,0.966599881649017,0.0151430703699588,0.0048696957528591,0.727479100227356,0.685945391654968
-0.5478555560112,-0.125731110572815,0.966719925403595,0.0176299046725034,0.0059708952903747,0.728679299354553,0.684602022171021
-0.547945916652679,-0.124664254486561,0.966578602790832,0.0184507369995117,0.0055533139966428,0.729742765426636,0.683450281620026
-0.547722697257996,-0.123797081410885,0.966458141803742,0.0143396016210317,0.0043351552449166,0.731509804725647,0.681666374206543
-0.547406375408173,-0.122896067798138,0.966229975223541,0.0133734829723835,0.004208140540868,0.732826411724091,0.68027126789093
-0.547347068786621,-0.121811486780643,0.966057538986206,0.0137746082618832,0.0032587223686277,0.734086036682129,0.678909122943878
-0.547382891178131,-0.120844520628452,0.965935230255127,0.0131344879046082,0.0032187600154429,0.735428929328918,0.677467048168182
-0.54731673002243,-0.119855411350727,0.965930640697479,0.0137985348701477,0.0030087199993431,0.736760675907135,0.676006257534027
-0.547771811485291,-0.119021981954575,0.966012001037598,0.0149874528869986,0.004053913988173,0.737472116947174,0.675199210643768
-0.547373950481415,-0.118152149021626,0.965804696083069,0.0136120850220322,0.0033352135214954,0.738756418228149,0.673826813697815
-0.547511458396912,-0.11729346960783,0.965750753879547,0.014021429233253,0.00318632600829,0.740010559558868,0.672441482543945
-0.547735273838043,-0.116352632641792,0.96577513217926,0.0180184673517942,0.0042133340612053,0.740674078464508,0.671609699726105
-0.547743082046509,-0.115551009774208,0.965755760669708,0.0179668311029672,0.0042496672831475,0.741625308990479,0.670560300350189
-0.547712683677673,-0.114741563796997,0.965741813182831,0.0182574782520532,0.0040914956480264,0.742746472358704,0.669311344623566
-0.547712683677673,-0.114741563796997,0.965741813182831,0.0182574782520532,0.0040914956480264,0.742746472358704,0.669311344623566
-0.547798871994019,-0.113160826265812,0.965669989585876,0.0188109315931797,0.0039049659390002,0.74459844827652,0.667236149311066
-0.54780513048172,-0.112583786249161,0.965526461601257,0.0190692953765392,0.0042961239814758,0.745425045490265,0.666302859783173
-0.547918140888214,-0.111875288188457,0.965505838394165,0.0192327704280614,0.0042168819345533,0.746136784553528,0.665501534938812
-0.548076808452606,-0.11103480309248,0.96562647819519,0.0199698880314826,0.0041116448119282,0.74725729227066,0.664222121238708
-0.548136651515961,-0.110402144491673,0.965648293495178,0.0200211554765701,0.0044660470448434,0.74806797504425,0.663305282592773
-0.548274397850037,-0.109802559018135,0.965681552886963,0.0206555221229791,0.0043586720712482,0.748823821544647,0.66243302822113
-0.548307657241821,-0.10919001698494,0.965735256671906,0.0210306867957115,0.0049357465468347,0.749850153923035,0.66125500202179
-0.548347055912018,-0.108784005045891,0.965608239173889,0.0210528448224067,0.0055781775154173,0.75083714723587,0.660128355026245
-0.548531293869019,-0.108217179775238,0.965606391429901,0.0216301996260881,0.005973451770842,0.751535534858704,0.659310817718506
-0.548743367195129,-0.107631735503673,0.965758204460144,0.0221269503235816,0.0062105311080813,0.752232670783997,0.658496737480164
-0.548902809619904,-0.107160232961178,0.965759754180908,0.0223922096192836,0.0067015341483056,0.752928674221039,0.6576868891716
-0.549005627632141,-0.106747083365917,0.965791702270508,0.0246766414493322,0.0091901700943708,0.753557920455933,0.656853973865509
-0.549144744873047,-0.106188707053661,0.965742826461792,0.0249100159853696,0.0092200832441449,0.75433075428009,0.655957102775574
-0.549132108688354,-0.10580637305975,0.965599536895752,0.0254142731428146,0.0098331859335303,0.75536698102951,0.654735207557678
-0.549132108688354,-0.10580637305975,0.965599536895752,0.0254142731428146,0.0098331859335303,0.75536698102951,0.654735207557678
-0.549489855766296,-0.104993730783462,0.96561199426651,0.0254191271960735,0.0110658882185816,0.756489098072052,0.65341854095459
-0.549695014953613,-0.104603193700313,0.965580344200134,0.0235108137130737,0.0097105661407113,0.757305502891541,0.65256530046463
-0.549881815910339,-0.104121409356594,0.965684711933136,0.0241873413324356,0.0097058452665805,0.758025228977203,0.651704370975494
-0.549966633319855,-0.103914499282837,0.965540587902069,0.0270909648388624,0.0124616380780935,0.758730292320251,0.650722146034241
-0.55017352104187,-0.103658206760883,0.965568900108337,0.027645006775856,0.013390596024692,0.759656667709351,0.64959853887558
-0.549418270587921,-0.103214845061302,0.965737998485565,0.0260531101375818,0.0125371292233467,0.760094881057739,0.649168491363525
-0.549418270587921,-0.103214845061302,0.965737998485565,0.0260531101375818,0.0125371292233467,0.760094881057739,0.649168491363525
