x,y,z,q0,q1,q2,q3
-0.5186408162117,-0.192826464772224,1.60527408123016,-0.159432470798492,-0.23606838285923,-0.501689016819,-0.816799283027649
-0.518648624420166,-0.193310841917992,1.60510218143463,-0.159323558211327,-0.236014038324356,-0.500986397266388,-0.817267417907715
-0.518667757511139,-0.19380259513855,1.60502409934998,-0.159571945667267,-0.235746055841446,-0.500693738460541,-0.817475736141205
-0.518710851669312,-0.194293424487114,1.60497331619263,-0.15985432267189,-0.23580738902092,-0.500054359436035,-0.81779408454895
-0.518759787082672,-0.194807857275009,1.6048948764801,-0.160092890262604,-0.235746189951897,-0.49956476688385,-0.818064332008362
-0.518782913684845,-0.195364698767662,1.60484433174133,-0.160327881574631,-0.235424607992172,-0.499151736497879,-0.818362891674042
-0.518773674964905,-0.19585956633091,1.60475409030914,-0.160652115941048,-0.234989002346992,-0.498507440090179,-0.818817138671875
-0.518797993659973,-0.19636158645153,1.60468149185181,-0.161073088645935,-0.234484046697616,-0.49805760383606,-0.819152891635895
-0.518783688545227,-0.196890592575073,1.60459339618683,-0.161421939730644,-0.234161213040352,-0.49766418337822,-0.819415628910065
-0.518749356269836,-0.197621718049049,1.60448408126831,-0.161342844367027,-0.233552232384682,-0.497477740049362,-0.8197181224823
-0.518831193447113,-0.198020428419113,1.60451364517212,-0.162281170487404,-0.233434081077576,-0.497562646865845,-0.81951493024826
-0.518845081329346,-0.198596864938736,1.60437440872192,-0.162635564804077,-0.233020916581154,-0.49764221906662,-0.819514036178589
-0.518793284893036,-0.199312433600426,1.6042697429657,-0.162657633423805,-0.232530534267426,-0.497808009386063,-0.8195481300354
-0.518748104572296,-0.199887335300446,1.60415625572205,-0.163041651248932,-0.232101738452911,-0.497875928878784,-0.819552183151245
-0.518755197525024,-0.200434431433678,1.60404002666473,-0.164254516363144,-0.230673059821129,-0.496987223625183,-0.820252478122711
-0.518699586391449,-0.200953841209412,1.60394096374512,-0.164864957332611,-0.230266556143761,-0.496967047452927,-0.820256412029266
-0.518616259098053,-0.20160311460495,1.60382401943207,-0.164698749780655,-0.230737313628197,-0.498314261436462,-0.819339692592621
-0.518656849861145,-0.202230766415596,1.60378801822662,-0.165972843766212,-0.229543000459671,-0.497927874326706,-0.819652915000916
-0.518588840961456,-0.202821150422096,1.60370445251465,-0.165927052497864,-0.230255931615829,-0.499254822731018,-0.818654417991638
-0.518613696098328,-0.203377366065979,1.60363531112671,-0.167188689112663,-0.228778526186943,-0.498766154050827,-0.819109678268433
-0.518466234207153,-0.203976094722748,1.60349655151367,-0.167017534375191,-0.22937861084938,-0.499810487031937,-0.818339943885803
-0.518506169319153,-0.204502493143082,1.60329627990723,-0.168206989765167,-0.227193221449852,-0.498223394155502,-0.819672644138336
-0.518343508243561,-0.205088943243027,1.603196144104,-0.168030619621277,-0.228496000170708,-0.500643193721771,-0.817870259284973
-0.518352389335632,-0.205740064382553,1.6030889749527,-0.168847531080246,-0.227374270558357,-0.500124156475067,-0.818332076072693
-0.518286943435669,-0.206175789237022,1.60320222377777,-0.169479414820671,-0.227941557765007,-0.501322984695435,-0.817309319972992
-0.518270909786224,-0.206705123186111,1.60303401947021,-0.170277550816536,-0.226777136325836,-0.501150608062744,-0.817573130130768
-0.518182992935181,-0.207275032997131,1.60313725471497,-0.170472264289856,-0.227363646030426,-0.502484381198883,-0.816550433635712
-0.518149435520172,-0.207828789949417,1.60278236865997,-0.170789614319801,-0.226175591349602,-0.502450585365295,-0.816834688186646
-0.518036484718323,-0.208420515060425,1.60274124145508,-0.170478045940399,-0.226561322808266,-0.503924012184143,-0.815884709358215
-0.517924308776855,-0.209103122353554,1.60264372825623,-0.171042248606682,-0.225360825657844,-0.503657221794128,-0.816263735294342
-0.517849445343018,-0.209553748369217,1.60270917415619,-0.171222135424614,-0.2261693328619,-0.504848837852478,-0.815265715122223
-0.517795622348785,-0.210115745663643,1.60255908966064,-0.171882167458534,-0.225350648164749,-0.504780471324921,-0.815395832061768
-0.517580270767212,-0.210866242647171,1.60238528251648,-0.170899331569672,-0.225897237658501,-0.506356954574585,-0.814473152160645
-0.517583131790161,-0.2114467471838,1.60222339630127,-0.171602368354797,-0.224992051720619,-0.506339490413666,-0.814586758613586
-0.517418920993805,-0.211859136819839,1.60219919681549,-0.17167954146862,-0.225486576557159,-0.507352292537689,-0.813803315162659
-0.517332673072815,-0.212551355361938,1.6020416021347,-0.172192350029945,-0.223757177591324,-0.506207823753357,-0.814884185791016
-0.517076909542084,-0.213055536150932,1.60195422172546,-0.171871453523636,-0.224881276488304,-0.508736610412598,-0.813065648078918
-0.5169957280159,-0.213455528020859,1.60185420513153,-0.173112958669662,-0.223900124430656,-0.508384168148041,-0.81329345703125
-0.516839146614075,-0.214032247662544,1.60196530818939,-0.173733755946159,-0.223627775907516,-0.509212672710419,-0.812717497348785
-0.516652166843414,-0.214786887168884,1.6018397808075,-0.173578396439552,-0.223600566387177,-0.509815633296967,-0.812380015850067
-0.516424477100372,-0.215393453836441,1.60170984268188,-0.173886671662331,-0.223245307803154,-0.510160744190216,-0.812195181846619
-0.516309499740601,-0.216066494584084,1.60152161121368,-0.173993065953255,-0.223266407847404,-0.510531783103943,-0.811933517456055
-0.516100287437439,-0.216592565178871,1.60143446922302,-0.174512341618538,-0.222995728254318,-0.511030852794647,-0.811582326889038
-0.515785336494446,-0.217058971524239,1.60153305530548,-0.175437420606613,-0.222515419125557,-0.511101067066193,-0.811470568180084
-0.515527367591858,-0.217699855566025,1.6014678478241,-0.175835445523262,-0.222349017858505,-0.511214077472687,-0.81135880947113
-0.515284359455109,-0.218271091580391,1.60138273239136,-0.176371619105339,-0.221990197896957,-0.511484622955322,-0.811170101165771
-0.515284359455109,-0.218271091580391,1.60138273239136,-0.176371619105339,-0.221990197896957,-0.511484622955322,-0.811170101165771
-0.514756202697754,-0.219492971897125,1.60112869739532,-0.177208542823792,-0.221378982067108,-0.511820256710052,-0.810943067073822
-0.514523267745972,-0.220054775476456,1.60108625888824,-0.178062498569488,-0.220230609178543,-0.510775864124298,-0.811726808547974
-0.514184176921844,-0.220690786838531,1.60100984573364,-0.178451374173164,-0.22064995765686,-0.512728452682495,-0.810295104980469
-0.513808965682983,-0.221210584044456,1.60085582733154,-0.17899027466774,-0.220270946621895,-0.512586176395416,-0.810369551181793
-0.513424932956696,-0.22177192568779,1.60075879096985,-0.179513156414032,-0.219808280467987,-0.512683391571045,-0.810317993164062
-0.513096392154694,-0.222232401371002,1.60070753097534,-0.180646300315857,-0.219448357820511,-0.51290500164032,-0.810023427009583
-0.512666642665863,-0.22300361096859,1.60042893886566,-0.180345430970192,-0.219214096665382,-0.513125956058502,-0.810013771057129
-0.512252390384674,-0.223567754030228,1.60043179988861,-0.181138515472412,-0.218789413571358,-0.513360202312469,-0.809803307056427
-0.511920869350433,-0.224068105220795,1.60032796859741,-0.182139247655869,-0.218589082360268,-0.51356440782547,-0.809503436088562
-0.51138299703598,-0.224676787853241,1.60019516944885,-0.182663664221764,-0.218248516321182,-0.513994753360748,-0.809203922748566
-0.51138299703598,-0.224676787853241,1.60019516944885,-0.182663664221764,-0.218248516321182,-0.513994753360748,-0.809203922748566
-0.510400772094727,-0.226025909185409,1.59985458850861,-0.183412581682205,-0.217816159129143,-0.514968812465668,-0.808531522750854
-0.509879291057587,-0.226545691490173,1.59978210926056,-0.18443138897419,-0.217642530798912,-0.515216767787933,-0.808188498020172
-0.509239673614502,-0.227235779166222,1.59961187839508,-0.18474780023098,-0.217112943530083,-0.516187906265259,-0.807638764381409
-0.508622467517853,-0.227877259254456,1.59952509403229,-0.185572877526283,-0.216927468776703,-0.516607403755188,-0.8072310090065
-0.508622467517853,-0.227877259254456,1.59952509403229,-0.185572877526283,-0.216927468776703,-0.516607403755188,-0.8072310090065
-0.507335066795349,-0.22909788787365,1.59923958778381,-0.187273427844047,-0.216807708144188,-0.517279267311096,-0.806439816951752
-0.506689369678497,-0.229850172996521,1.5990217924118,-0.187963053584099,-0.216072648763657,-0.516664445400238,-0.806870818138123
-0.505864977836609,-0.230467677116394,1.59900665283203,-0.189037784934044,-0.216581553220749,-0.518593490123749,-0.805244088172913
-0.505159914493561,-0.231144815683365,1.59881031513214,-0.190060555934906,-0.216573357582092,-0.51921808719635,-0.804602742195129
-0.504278659820557,-0.231537312269211,1.59870982170105,-0.191411539912224,-0.21611188352108,-0.519511222839355,-0.804217278957367
-0.503665626049042,-0.232592791318893,1.59830367565155,-0.191550150513649,-0.216665253043175,-0.52067905664444,-0.803279519081116
-0.502863824367523,-0.233438074588776,1.59816455841064,-0.192459806799889,-0.216001018881798,-0.520285546779633,-0.80349588394165
-0.501934409141541,-0.234038144350052,1.59805560112,-0.193691670894623,-0.215661287307739,-0.520842909812927,-0.802929878234863
-0.500977277755737,-0.234755307435989,1.59786069393158,-0.194662734866142,-0.21632008254528,-0.52301025390625,-0.801106929779053
-0.500020921230316,-0.235569328069687,1.59758222103119,-0.195482313632965,-0.21630747616291,-0.52347731590271,-0.800605475902557
-0.499118208885193,-0.23619070649147,1.59731006622314,-0.19680842757225,-0.216614499688148,-0.523936986923218,-0.799896597862244
-0.499118208885193,-0.23619070649147,1.59731006622314,-0.19680842757225,-0.216614499688148,-0.523936986923218,-0.799896597862244
-0.497073292732239,-0.237908959388733,1.59679341316223,-0.198798090219498,-0.216785669326782,-0.524888813495636,-0.798733472824097
-0.496054470539093,-0.238805934786796,1.59631729125977,-0.199486777186394,-0.216901049017906,-0.525992751121521,-0.797803699970245
-0.494897544384003,-0.239573717117309,1.59620463848114,-0.201243475079536,-0.217023342847824,-0.526333332061768,-0.797104120254517
-0.494897544384003,-0.239573717117309,1.59620463848114,-0.201243475079536,-0.217023342847824,-0.526333332061768,-0.797104120254517
-0.492740988731384,-0.241187542676926,1.59549176692963,-0.204562142491341,-0.217701569199562,-0.527112603187561,-0.795558094978333
-0.491639018058777,-0.242286562919617,1.59495079517365,-0.205533683300018,-0.217850282788277,-0.527943432331085,-0.794715523719788
-0.490450948476791,-0.24293851852417,1.59475064277649,-0.208130002021789,-0.218069538474083,-0.527871608734131,-0.794027149677277
-0.489311218261719,-0.243868425488472,1.59415709972382,-0.209809750318527,-0.218527004122734,-0.528272390365601,-0.793192386627197
-0.488481909036636,-0.245138168334961,1.59374284744263,-0.211598306894302,-0.219252750277519,-0.527831256389618,-0.792810559272766
-0.486908733844757,-0.24564790725708,1.5932605266571,-0.214000657200813,-0.219106093049049,-0.5291708111763,-0.791311919689178
-0.485682874917984,-0.246815323829651,1.59266436100006,-0.215906739234924,-0.21978172659874,-0.5294508934021,-0.790418863296509
-0.485682874917984,-0.246815323829651,1.59266436100006,-0.215906739234924,-0.21978172659874,-0.5294508934021,-0.790418863296509
-0.48322582244873,-0.248654708266258,1.59170830249786,-0.221080139279366,-0.220767125487327,-0.529782176017761,-0.788489878177643
-0.482381701469421,-0.249724432826042,1.59118604660034,-0.223930716514587,-0.221889644861221,-0.528969168663025,-0.787915885448456
-0.480700880289078,-0.250552862882614,1.59069716930389,-0.227167397737503,-0.223915427923202,-0.526719689369202,-0.787923395633698
-0.47954073548317,-0.251435905694961,1.5900981426239,-0.229971989989281,-0.22401537001133,-0.525468945503235,-0.787916481494904
-0.478680074214935,-0.252400755882263,1.58958494663239,-0.232651904225349,-0.224778816103935,-0.529865384101868,-0.783958077430725
-0.47710394859314,-0.253288745880127,1.58904695510864,-0.235998064279556,-0.225592479109764,-0.525024950504303,-0.785978376865387
-0.476255893707275,-0.254189044237137,1.5884884595871,-0.238781943917274,-0.226365551352501,-0.52919864654541,-0.782106399536133
-0.47558057308197,-0.255256295204163,1.58812963962555,-0.241447106003761,-0.228433966636658,-0.529457569122314,-0.780510067939758
-0.473965525627136,-0.255824863910675,1.58747220039368,-0.244436919689178,-0.228238001465797,-0.528170347213745,-0.780508935451508
-0.472959637641907,-0.256645858287811,1.58692157268524,-0.247245892882347,-0.228320807218552,-0.526438117027283,-0.780770182609558
-0.472303122282028,-0.257646590471268,1.58655226230621,-0.249609917402267,-0.230923786759376,-0.528024256229401,-0.778177082538605
-0.471273064613342,-0.258468151092529,1.58614802360535,-0.252281486988068,-0.231300637125969,-0.525627255439758,-0.778826057910919
-0.470264285802841,-0.259231895208359,1.5856032371521,-0.254402130842209,-0.231841623783111,-0.52529376745224,-0.778200030326843
-0.469105660915375,-0.259922027587891,1.58507966995239,-0.256498545408249,-0.232792511582374,-0.526221692562103,-0.776599526405334
-0.468166828155518,-0.260724902153015,1.58471059799194,-0.258754193782806,-0.233156815171242,-0.523818671703339,-0.777366161346436
-0.466204851865768,-0.26099506020546,1.58415532112122,-0.261314392089844,-0.233211293816566,-0.521560251712799,-0.778011679649353
-0.465278625488281,-0.261804401874542,1.58370006084442,-0.262954980134964,-0.233696147799492,-0.520858407020569,-0.777783691883087
-0.464342445135117,-0.262392312288284,1.58321499824524,-0.264716923236847,-0.233477979898453,-0.519423186779022,-0.778211116790771
-0.46343457698822,-0.262989401817322,1.58286702632904,-0.266432255506516,-0.233882963657379,-0.518706083297729,-0.777982473373413
-0.462440937757492,-0.26354256272316,1.58253264427185,-0.268218696117401,-0.2347531914711,-0.519590675830841,-0.776514708995819
-0.461522698402405,-0.264164328575134,1.582146525383,-0.269333750009537,-0.235193207859993,-0.519320011138916,-0.776176631450653
-0.46170249581337,-0.264060825109482,1.58209002017975,-0.27209347486496,-0.233377382159233,-0.525860071182251,-0.771343767642975
-0.460756093263626,-0.264593660831451,1.58191132545471,-0.273681908845901,-0.233259171247482,-0.525759279727936,-0.770886301994324
-0.459824860095978,-0.265170335769653,1.58165228366852,-0.274971455335617,-0.233829513192177,-0.527314841747284,-0.769190311431885
-0.457996070384979,-0.26641970872879,1.58093595504761,-0.275120437145233,-0.235577076673508,-0.516872584819794,-0.775664091110229
-0.457113146781921,-0.26676470041275,1.58053004741669,-0.276240140199661,-0.235746368765831,-0.51674085855484,-0.775302529335022
-0.456678748130798,-0.267329275608063,1.58024787902832,-0.277434557676315,-0.236049383878708,-0.519101500511169,-0.773203909397125
-0.455391347408295,-0.267626196146011,1.57969963550568,-0.278335273265839,-0.236596673727035,-0.518008768558502,-0.773445725440979
-0.454478472471237,-0.267995417118073,1.57931768894196,-0.279449313879013,-0.236146837472916,-0.516728699207306,-0.774037539958954
-0.453656405210495,-0.268405884504318,1.57893347740173,-0.280678540468216,-0.236636206507683,-0.516622722148895,-0.773514032363892
-0.452963083982468,-0.269006162881851,1.57866489887238,-0.281807273626328,-0.237533494830132,-0.516774356365204,-0.772726774215698
-0.452452808618545,-0.269461423158646,1.57835721969604,-0.282866030931473,-0.238583639264107,-0.521068274974823,-0.769124507904053
-0.451639533042908,-0.26985827088356,1.57800126075745,-0.284019649028778,-0.23829610645771,-0.519694805145264,-0.769717514514923
-0.450681924819946,-0.270120084285736,1.57759082317352,-0.285084754228592,-0.238465577363968,-0.519739151000977,-0.769241213798523
-0.449904412031174,-0.27049857378006,1.57718169689178,-0.28616988658905,-0.240106701850891,-0.520805180072784,-0.767605066299438
-0.448645293712616,-0.27065235376358,1.57676982879639,-0.287583500146866,-0.240379020571709,-0.518965363502502,-0.768237292766571
-0.448645293712616,-0.27065235376358,1.57676982879639,-0.287583500146866,-0.240379020571709,-0.518965363502502,-0.768237292766571
-0.44709649682045,-0.27129739522934,1.57597649097443,-0.289727300405502,-0.242070317268371,-0.51926052570343,-0.766699731349945
-0.446263045072555,-0.271607726812363,1.57562458515167,-0.290772020816803,-0.243125766515732,-0.519381463527679,-0.765888035297394
-0.445608466863632,-0.271983593702316,1.57533180713654,-0.292352318763733,-0.243795871734619,-0.518222749233246,-0.765858352184296
-0.445189416408539,-0.272338420152664,1.57498383522034,-0.293384343385696,-0.244202136993408,-0.52070289850235,-0.763648629188538
-0.444368541240692,-0.272533625364304,1.57471442222595,-0.294735223054886,-0.246241465210915,-0.522179186344147,-0.761462509632111
-0.443786412477493,-0.272856622934341,1.57441914081573,-0.296027570962906,-0.247880205512047,-0.522099077701569,-0.760483801364899
-0.44274365901947,-0.272979736328125,1.57402968406677,-0.297001034021378,-0.248225286602974,-0.51863431930542,-0.762360155582428
-0.442137837409973,-0.273187100887299,1.57377243041992,-0.298113375902176,-0.249326452612877,-0.518723428249359,-0.761505424976349
-0.441918224096298,-0.273520588874817,1.57358622550964,-0.299000084400177,-0.251416981220245,-0.522125601768494,-0.758138060569763
-0.441236138343811,-0.273686200380325,1.57339918613434,-0.299949586391449,-0.251965224742889,-0.521843731403351,-0.757774949073792
-0.440714955329895,-0.273888945579529,1.57320153713226,-0.300676107406616,-0.252963423728943,-0.522033274173737,-0.757023572921753
-0.440307915210724,-0.274098098278046,1.57308828830719,-0.301537543535232,-0.253244698047638,-0.520187437534332,-0.757857084274292
-0.440076768398285,-0.274322032928467,1.57283163070679,-0.301727026700974,-0.254404127597809,-0.520365238189697,-0.757270991802216
-0.439145565032959,-0.274216204881668,1.57260644435883,-0.302186012268066,-0.254470854997635,-0.517478704452515,-0.759041428565979
-0.438766986131668,-0.274351090192795,1.57251679897308,-0.302493572235107,-0.255023002624512,-0.517176985740662,-0.758939325809479
-0.438502699136734,-0.274479776620865,1.57248342037201,-0.302759319543839,-0.255649149417877,-0.516964077949524,-0.75876772403717
-0.438180893659592,-0.274562895298004,1.57239782810211,-0.302733927965164,-0.256554812192917,-0.518314719200134,-0.757549822330475
-0.438354253768921,-0.274915039539337,1.57255303859711,-0.302370220422745,-0.257911443710327,-0.518838286399841,-0.75687563419342
-0.438271999359131,-0.275049269199371,1.57261180877686,-0.302445113658905,-0.258416652679443,-0.518769145011902,-0.756720781326294
-0.437996864318848,-0.275003135204315,1.57267212867737,-0.302531361579895,-0.258110404014587,-0.518418371677399,-0.757031083106995
-0.437990665435791,-0.275094747543335,1.5727721452713,-0.302488446235657,-0.25847053527832,-0.518425405025482,-0.756920576095581
-0.437910258769989,-0.275098145008087,1.5728645324707,-0.302406549453735,-0.258379638195038,-0.518341362476349,-0.757041871547699
-0.437956154346466,-0.275110960006714,1.57298958301544,-0.302346736192703,-0.257770568132401,-0.516795456409454,-0.758329272270203
-0.437945693731308,-0.27507147192955,1.57300770282745,-0.30193504691124,-0.257519274950027,-0.516827523708344,-0.758556604385376
-0.437962532043457,-0.275022119283676,1.57313239574432,-0.30159193277359,-0.257358491420746,-0.516964912414551,-0.758654236793518
-0.437998861074448,-0.274925231933594,1.57328379154205,-0.301356434822083,-0.257104486227036,-0.517145931720734,-0.758710443973541
-0.437938302755356,-0.274756163358688,1.57338893413544,-0.300874978303909,-0.256407231092453,-0.517059803009033,-0.759196043014526
-0.438024878501892,-0.274684458971024,1.57366716861725,-0.300807297229767,-0.256385713815689,-0.517015635967255,-0.759260296821594
-0.43806391954422,-0.274514347314835,1.57382464408875,-0.300259590148926,-0.256730318069458,-0.51867800951004,-0.758226156234741
-0.438217341899872,-0.274348139762878,1.5740293264389,-0.300000965595245,-0.256460517644882,-0.518937289714813,-0.75824236869812
-0.438373684883118,-0.274155914783478,1.57422292232513,-0.299564063549042,-0.256080508232117,-0.519149959087372,-0.758398056030273
-0.438988715410232,-0.274111717939377,1.57449877262115,-0.299171596765518,-0.256064176559448,-0.521580517292023,-0.756889224052429
-0.438611716032028,-0.273680627346039,1.57460880279541,-0.29850634932518,-0.254699826240539,-0.519849061965942,-0.75880092382431
-0.439005613327026,-0.273538529872894,1.57488751411438,-0.298103153705597,-0.254375725984573,-0.518734514713287,-0.759830236434937
-0.438912689685821,-0.272987604141235,1.57499563694,-0.298234313726425,-0.253891795873642,-0.518244802951813,-0.760274767875671
-0.439132809638977,-0.272660970687866,1.57535016536713,-0.297907710075378,-0.253697603940964,-0.518529832363129,-0.760273277759552
-0.439413875341415,-0.272315591573715,1.57539701461792,-0.296572536230087,-0.252880245447159,-0.519060075283051,-0.760705649852753
-0.439565181732178,-0.271819442510605,1.57564032077789,-0.296112775802612,-0.253425270318985,-0.520007610321045,-0.760056018829346
-0.440176665782928,-0.271279811859131,1.57629680633545,-0.296711385250091,-0.253358095884323,-0.521738827228546,-0.758657157421112
-0.4400914311409,-0.270587503910065,1.57659673690796,-0.296456158161163,-0.253125786781311,-0.519552052021027,-0.760333359241486
-0.4400914311409,-0.270587503910065,1.57659673690796,-0.296456158161163,-0.253125786781311,-0.519552052021027,-0.760333359241486
-0.440876007080078,-0.269842267036438,1.57710945606232,-0.294643133878708,-0.252714723348617,-0.518470346927643,-0.761911511421204
-0.441289007663727,-0.269710600376129,1.577028632164,-0.292506903409958,-0.252761900424957,-0.519298195838928,-0.762155175209045
-0.441573172807693,-0.269149541854858,1.57744073867798,-0.291979551315308,-0.253620207309723,-0.520433008670807,-0.761297702789307
-0.442340672016144,-0.268642991781235,1.5776332616806,-0.290907949209213,-0.253503978252411,-0.522991001605988,-0.759992659091949
-0.442340672016144,-0.268642991781235,1.5776332616806,-0.290907949209213,-0.253503978252411,-0.522991001605988,-0.759992659091949
-0.443174302577972,-0.267531394958496,1.57831168174744,-0.289381384849548,-0.253255903720856,-0.521144986152649,-0.761923670768738
-0.443573236465454,-0.266937285661697,1.57850182056427,-0.288120150566101,-0.254171043634415,-0.522821485996246,-0.760947644710541
-0.444558829069138,-0.266135841608047,1.57877957820892,-0.287739813327789,-0.255339056253433,-0.522377192974091,-0.761005938053131
-0.443985015153885,-0.265411496162414,1.57879221439362,-0.285780102014542,-0.253894180059433,-0.520092725753784,-0.76378732919693
-0.443985015153885,-0.265411496162414,1.57879221439362,-0.285780102014542,-0.253894180059433,-0.520092725753784,-0.76378732919693
-0.444886237382889,-0.264189392328262,1.57946729660034,-0.284089624881744,-0.253720551729202,-0.518706679344177,-0.765416502952576
-0.445338875055313,-0.263607800006866,1.57989764213562,-0.283410102128982,-0.254108637571335,-0.518384039402008,-0.765758216381073
-0.445832133293152,-0.262952834367752,1.58009433746338,-0.2823486328125,-0.254254013299942,-0.518552362918854,-0.765988051891327
-0.446370244026184,-0.262429803609848,1.58024454116821,-0.280882388353348,-0.255298435688019,-0.520393550395966,-0.764930248260498
-0.446865439414978,-0.261712282896042,1.58047997951508,-0.280069291591644,-0.255231022834778,-0.520207226276398,-0.765377640724182
-0.447397232055664,-0.261000573635101,1.58078682422638,-0.279279053211212,-0.255623072385788,-0.520304620265961,-0.765469372272491
-0.447948157787323,-0.260341316461563,1.58108186721802,-0.278593838214874,-0.255196839570999,-0.518897712230682,-0.766815066337585
-0.448516428470612,-0.259763658046722,1.58128845691681,-0.277416735887527,-0.255415111780167,-0.519108772277832,-0.767026305198669
-0.448915392160416,-0.258828848600388,1.58136224746704,-0.276188492774963,-0.255641967058182,-0.520438671112061,-0.766492486000061
-0.449627906084061,-0.258340060710907,1.58165049552917,-0.275280326604843,-0.25611737370491,-0.520743012428284,-0.766453802585602
-0.450471490621567,-0.257493168115616,1.58189022541046,-0.274625331163406,-0.255814760923386,-0.522799789905548,-0.765388906002045
-0.450471490621567,-0.257493168115616,1.58189022541046,-0.274625331163406,-0.255814760923386,-0.522799789905548,-0.765388906002045
-0.451715469360352,-0.256150782108307,1.58258593082428,-0.273210078477859,-0.255784004926682,-0.521156132221222,-0.76702481508255
-0.452236175537109,-0.25525888800621,1.58274364471436,-0.272190630435944,-0.254956185817719,-0.521267950534821,-0.767586767673492
-0.452768981456757,-0.254370838403702,1.58297252655029,-0.271247863769531,-0.255531549453735,-0.522549748420715,-0.766857266426086
-0.452768981456757,-0.254370838403702,1.58297252655029,-0.271247863769531,-0.255531549453735,-0.522549748420715,-0.766857266426086
-0.454070389270782,-0.252721667289734,1.5835645198822,-0.26995113492012,-0.254849702119827,-0.52057409286499,-0.768882811069489
-0.454720675945282,-0.251890808343887,1.58386313915253,-0.268819957971573,-0.255067110061646,-0.52037912607193,-0.76933878660202
-0.454720675945282,-0.251890808343887,1.58386313915253,-0.268819957971573,-0.255067110061646,-0.52037912607193,-0.76933878660202
-0.455667197704315,-0.250028610229492,1.58427274227142,-0.266662567853928,-0.25559937953949,-0.519124090671539,-0.770759582519531
-0.456320434808731,-0.249125137925148,1.5846301317215,-0.26581683754921,-0.255377441644669,-0.51888906955719,-0.771283328533173
-0.456943273544312,-0.24797098338604,1.58498203754425,-0.265344470739365,-0.254134833812714,-0.517022609710693,-0.773107707500458
-0.457602590322495,-0.247087627649307,1.58517789840698,-0.26401486992836,-0.254832118749618,-0.518629133701324,-0.772256791591644
-0.458302348852158,-0.24587245285511,1.58542537689209,-0.26310396194458,-0.254378259181976,-0.518213152885437,-0.772996306419373
-0.459086537361145,-0.244938045740128,1.58588588237762,-0.26228192448616,-0.25478932261467,-0.518321335315704,-0.773067653179169
-0.459086537361145,-0.244938045740128,1.58588588237762,-0.26228192448616,-0.25478932261467,-0.518321335315704,-0.773067653179169
-0.460643827915192,-0.242644518613815,1.58646368980408,-0.260557591915131,-0.253879904747009,-0.516821563243866,-0.774951815605164
-0.461286127567291,-0.241332292556763,1.58659446239471,-0.259308189153671,-0.253731846809387,-0.518172800540924,-0.774516880512238
-0.462833523750305,-0.240584298968315,1.5873715877533,-0.258462429046631,-0.255121201276779,-0.521465063095093,-0.772129893302917
-0.463759899139404,-0.239368721842766,1.58753168582916,-0.257269352674484,-0.254052728414536,-0.519891202449799,-0.773939967155457
-0.464343369007111,-0.237906709313393,1.58790135383606,-0.256493628025055,-0.254157871007919,-0.521583378314972,-0.773023724555969
-0.464857846498489,-0.236309617757797,1.58812153339386,-0.255918204784393,-0.253057569265366,-0.521446347236633,-0.773667573928833
-0.466136634349823,-0.235085397958755,1.58841228485107,-0.254367500543594,-0.253676533699036,-0.522103667259216,-0.773532927036285
-0.466512233018875,-0.233580976724625,1.58872675895691,-0.253283828496933,-0.253655642271042,-0.5195392370224,-0.775619208812714
-0.467463791370392,-0.232146620750427,1.58922648429871,-0.252775847911835,-0.252486735582352,-0.518199443817139,-0.777061343193054
-0.46881178021431,-0.230768442153931,1.5897159576416,-0.251747459173203,-0.253033757209778,-0.522873103618622,-0.774080693721771
-0.469675302505493,-0.229185730218887,1.58987832069397,-0.25025138258934,-0.252356857061386,-0.523300588130951,-0.774497807025909
-0.470276325941086,-0.227474957704544,1.59017157554626,-0.2494757771492,-0.250056147575378,-0.521696984767914,-0.776573419570923
-0.471642315387726,-0.225985288619995,1.59073352813721,-0.248283222317696,-0.250375032424927,-0.522744119167328,-0.776148438453674
-0.472604632377625,-0.224241435527802,1.5910028219223,-0.246660321950912,-0.250344812870026,-0.524942815303802,-0.775191187858582
-0.473263829946518,-0.222547709941864,1.59124076366425,-0.24494794011116,-0.249977856874466,-0.52293187379837,-0.777209043502808
-0.474265933036804,-0.220720529556274,1.59185099601746,-0.244138911366463,-0.248116582632065,-0.522085607051849,-0.778627634048462
-0.475688368082047,-0.218916177749634,1.59213006496429,-0.242208510637283,-0.247198313474655,-0.527315258979797,-0.775994002819061
-0.476797461509705,-0.217196345329285,1.59254395961761,-0.240225896239281,-0.246611624956131,-0.527943968772888,-0.776369392871857
-0.478004276752472,-0.215324237942696,1.59315347671509,-0.238927841186523,-0.244836494326591,-0.527816414833069,-0.777417838573456
-0.47907567024231,-0.213448733091354,1.59360408782959,-0.236824780702591,-0.244562894105911,-0.529916167259216,-0.776718735694885
-0.479786098003387,-0.211203187704086,1.59357631206512,-0.234450727701187,-0.241512730717659,-0.531148672103882,-0.777550995349884
-0.481009602546692,-0.209219962358475,1.59419333934784,-0.232337564229965,-0.239916741847992,-0.530741393566132,-0.778956174850464
-0.482143670320511,-0.207140952348709,1.59464824199677,-0.230205580592155,-0.239191204309464,-0.532982170581818,-0.778282105922699
-0.483451783657074,-0.205031186342239,1.59514713287354,-0.22773365676403,-0.236861228942871,-0.533363580703735,-0.779459774494171
-0.484707117080688,-0.203046441078186,1.59542787075043,-0.224539712071419,-0.236394852399826,-0.536130964756012,-0.778628885746002
-0.485910594463348,-0.200666353106499,1.59605085849762,-0.222460627555847,-0.234678834676742,-0.537823259830475,-0.778577744960785
-0.487162888050079,-0.198560208082199,1.59649860858917,-0.21942001581192,-0.233482390642166,-0.539053022861481,-0.778949797153473
-0.488459050655365,-0.196275800466537,1.59686148166656,-0.216206341981888,-0.231509789824486,-0.541474580764771,-0.778757631778717
-0.489764153957367,-0.194061681628227,1.59726548194885,-0.213242530822754,-0.22959041595459,-0.541533052921295,-0.780101239681244
-0.490591108798981,-0.191408365964889,1.59795212745667,-0.211326703429222,-0.229541882872581,-0.540729224681854,-0.781193733215332
-0.491707265377045,-0.188910141587257,1.59832692146301,-0.207755118608475,-0.225854590535164,-0.541813373565674,-0.782474160194397
-0.49295300245285,-0.186398953199387,1.59890282154083,-0.204954162240028,-0.22516655921936,-0.54505717754364,-0.781157195568085
-0.49427005648613,-0.184234112501144,1.5991690158844,-0.201113224029541,-0.223095640540123,-0.545584797859192,-0.782380282878876
-0.495524078607559,-0.181755870580673,1.59972012042999,-0.198004111647606,-0.222436547279358,-0.548725187778473,-0.7811638712883
-0.496678829193115,-0.179389968514442,1.60034871101379,-0.194770202040672,-0.221012815833092,-0.550762712955475,-0.780947089195251
-0.497964024543762,-0.17702054977417,1.60069572925568,-0.191110417246818,-0.2198356539011,-0.552802264690399,-0.780742466449738
-0.499118566513062,-0.174628630280495,1.60114717483521,-0.187516897916794,-0.218549802899361,-0.554740190505981,-0.780600309371948
-0.500305354595184,-0.172104805707931,1.60151767730713,-0.183903157711029,-0.217097833752632,-0.556959331035614,-0.780284881591797
-0.50151914358139,-0.169745191931724,1.60183036327362,-0.18010251224041,-0.21592803299427,-0.559652149677277,-0.7795689702034
-0.502633452415466,-0.167204678058624,1.6021933555603,-0.176410585641861,-0.214667484164238,-0.561801075935364,-0.779215514659882
-0.503703713417053,-0.164715558290482,1.60256505012512,-0.172755971550941,-0.213278979063034,-0.564269483089447,-0.778631687164307
-0.503703713417053,-0.164715558290482,1.60256505012512,-0.172755971550941,-0.213278979063034,-0.564269483089447,-0.778631687164307
-0.505876421928406,-0.159624770283699,1.60332667827606,-0.165490999817848,-0.210936665534973,-0.569231927394867,-0.777234494686127
-0.506828904151917,-0.157086312770844,1.60377478599548,-0.162033393979072,-0.209727838635445,-0.571905434131622,-0.776327013969421
-0.507836401462555,-0.154587268829346,1.60411477088928,-0.158306807279587,-0.208570778369904,-0.574312806129456,-0.775630176067352
-0.508813619613647,-0.152106612920761,1.60464346408844,-0.15503665804863,-0.207390308380127,-0.57704484462738,-0.774578750133514
-0.509742975234985,-0.149486690759659,1.60475432872772,-0.151064231991768,-0.206243649125099,-0.579755485057831,-0.773644983768463
-0.510727643966675,-0.146991208195686,1.60503280162811,-0.147437259554863,-0.205249384045601,-0.582436800003052,-0.772594630718231
-0.511543571949005,-0.144416734576225,1.60532450675964,-0.143914222717285,-0.203979760408401,-0.585048496723175,-0.77162116765976
-0.512461602687836,-0.141927450895309,1.6055634021759,-0.140209823846817,-0.202858492732048,-0.587912082672119,-0.770421385765076
-0.513229489326477,-0.139378488063812,1.60595738887787,-0.137140437960625,-0.201764047145844,-0.590162634849548,-0.769540011882782
-0.514122426509857,-0.136987626552582,1.60619413852692,-0.133547008037567,-0.200993001461029,-0.592756450176239,-0.76837944984436
-0.515048146247864,-0.134171649813652,1.6064692735672,-0.13116280734539,-0.200051188468933,-0.595031499862671,-0.767276525497437
-0.515876471996307,-0.131794735789299,1.60663211345673,-0.127782344818115,-0.199545353651047,-0.597412765026093,-0.766127467155457
-0.51649022102356,-0.129206106066704,1.6069164276123,-0.124658219516277,-0.198110535740852,-0.59994775056839,-0.765032827854156
-0.51649022102356,-0.129206106066704,1.6069164276123,-0.124658219516277,-0.198110535740852,-0.59994775056839,-0.765032827854156
-0.517719805240631,-0.124245382845402,1.60724103450775,-0.118226461112499,-0.195987850427628,-0.604511320590973,-0.763005435466766
-0.518501698970795,-0.12199179828167,1.6074560880661,-0.115056335926056,-0.195776209235191,-0.606579124927521,-0.761902451515198
-0.519069790840149,-0.119556583464146,1.60758924484253,-0.112060323357582,-0.193964049220085,-0.607493579387665,-0.762083947658539
-0.519543766975403,-0.117095477879047,1.60772776603699,-0.109181679785252,-0.193833857774734,-0.610859930515289,-0.759840786457062
-0.520223498344421,-0.114716582000256,1.6076945066452,-0.106261931359768,-0.192711904644966,-0.611796855926514,-0.759786427021027
-0.520816683769226,-0.112414717674255,1.60805571079254,-0.103970512747765,-0.193419262766838,-0.614659309387207,-0.757610082626343
-0.521277666091919,-0.110052600502968,1.60816144943237,-0.101375959813595,-0.191826179623604,-0.615071177482605,-0.758032500743866
-0.521807730197906,-0.107768163084984,1.60816073417664,-0.098845899105072,-0.192393317818642,-0.618358731269836,-0.755544006824493
-0.522193551063538,-0.105345860123634,1.60821402072906,-0.0976384431123733,-0.190018653869629,-0.617974758148193,-0.756615519523621
-0.522687971591949,-0.103214368224144,1.60813188552856,-0.0949684232473373,-0.189953103661537,-0.619377732276917,-0.755824148654938
-0.523168742656708,-0.100998356938362,1.60845553874969,-0.093259796500206,-0.190136536955833,-0.620810449123383,-0.754814684391022
-0.523612856864929,-0.0988181754946708,1.60848701000214,-0.0913916602730751,-0.1900774538517,-0.62147456407547,-0.754511475563049
-0.524044156074524,-0.0966159701347351,1.60840713977814,-0.0893919989466667,-0.191078916192055,-0.62345427274704,-0.752863049507141
-0.524501919746399,-0.094538576900959,1.60864901542664,-0.0880863144993782,-0.191164627671242,-0.623830556869507,-0.752683460712433
-0.524887800216675,-0.0924111679196357,1.60871589183807,-0.0864161550998687,-0.191532462835312,-0.625098168849945,-0.751731276512146
-0.525005042552948,-0.0898896604776382,1.60891342163086,-0.0855474025011062,-0.190330237150192,-0.625153660774231,-0.752089738845825
-0.525615513324738,-0.0883263498544693,1.60894024372101,-0.0834894478321075,-0.191772580146789,-0.626296997070312,-0.751002609729767
-0.525993645191193,-0.0863830223679542,1.60895574092865,-0.0818158835172653,-0.191696867346764,-0.626808404922485,-0.750779569149017
-0.52642297744751,-0.0845533907413482,1.6089004278183,-0.0801929384469986,-0.191761061549187,-0.627498984336853,-0.750361204147339
-0.526760220527649,-0.0826487094163894,1.60880899429321,-0.0782904922962188,-0.191825091838837,-0.62856125831604,-0.74965626001358
-0.527168691158295,-0.0809034928679466,1.60874903202057,-0.0764704197645187,-0.191882222890854,-0.628895938396454,-0.74954879283905
-0.527516007423401,-0.079309195280075,1.60847187042236,-0.073475532233715,-0.19268910586834,-0.630186021327972,-0.748557150363922
-0.527874052524567,-0.0775660574436187,1.6083517074585,-0.0723143070936203,-0.191898077726364,-0.630028605461121,-0.749005794525146
-0.527874052524567,-0.0775660574436187,1.6083517074585,-0.0723143070936203,-0.191898077726364,-0.630028605461121,-0.749005794525146
-0.528615176677704,-0.0745990648865699,1.60810482501984,-0.0685005933046341,-0.192713037133217,-0.63213723897934,-0.74737673997879
-0.528846263885498,-0.0731190964579582,1.6079488992691,-0.0667965337634086,-0.19258876144886,-0.632866442203522,-0.746945679187775
-0.52920800447464,-0.071797028183937,1.60791802406311,-0.0649604946374893,-0.192889899015427,-0.633543908596039,-0.746455550193787
-0.529474854469299,-0.0705775469541549,1.60766661167145,-0.06223576515913,-0.193911194801331,-0.635292828083038,-0.744934976100922
-0.529804110527039,-0.0693615600466728,1.60793220996857,-0.0611128732562065,-0.194518402218819,-0.635965883731842,-0.744295179843903
-0.530186295509338,-0.068260870873928,1.60796666145325,-0.0603194087743759,-0.194435551762581,-0.636436283588409,-0.743979394435883
-0.530441164970398,-0.0671581029891967,1.60803198814392,-0.0582387149333953,-0.19555452466011,-0.638038992881775,-0.742477536201477
-0.530779242515564,-0.0662228912115097,1.60811734199524,-0.0568289197981357,-0.19611494243145,-0.639166295528412,-0.741468727588654
-0.531204640865326,-0.0653710588812828,1.60816717147827,-0.0559987798333168,-0.195995315909386,-0.639656066894531,-0.741141080856323
-0.531548738479614,-0.0644915327429771,1.60828220844269,-0.0546602606773376,-0.196709915995598,-0.640936553478241,-0.739944398403168
-0.53186047077179,-0.0638123899698257,1.60841047763824,-0.0523865409195423,-0.197892516851425,-0.642639458179474,-0.738314807415009
-0.532341718673706,-0.0631331428885459,1.60853219032288,-0.0515273250639438,-0.198021277785301,-0.643373429775238,-0.737701416015625
-0.53276252746582,-0.0624807029962539,1.60876107215881,-0.0502244681119918,-0.198198735713959,-0.644297242164612,-0.736936986446381
-0.533131241798401,-0.0619876347482204,1.60890889167786,-0.0481244772672653,-0.198836743831634,-0.645875930786133,-0.735521912574768
-0.533686637878418,-0.0615345798432827,1.60877895355225,-0.0468301996588707,-0.198328092694283,-0.646494805812836,-0.73519891500473
-0.534066319465637,-0.0610895976424217,1.60928893089294,-0.0453504994511604,-0.198704406619072,-0.648181915283203,-0.733703076839447
-0.5345818400383,-0.0606833472847938,1.60914838314056,-0.04388028383255,-0.198041051626205,-0.649528980255127,-0.732779920101166
-0.535049378871918,-0.0604604706168174,1.60927283763885,-0.041537657380104,-0.198191329836845,-0.65116274356842,-0.731424629688263
-0.535568058490753,-0.0602919720113277,1.60935664176941,-0.0396589189767837,-0.197806760668754,-0.652550518512726,-0.730395376682281
-0.536062121391296,-0.0600978769361972,1.60969185829163,-0.0384636558592319,-0.197029709815979,-0.654134035110474,-0.72925215959549
-0.536579370498657,-0.0600427016615867,1.60948622226715,-0.0361925959587097,-0.196285650134087,-0.655783295631409,-0.728086709976196
-0.536579370498657,-0.0600427016615867,1.60948622226715,-0.0361925959587097,-0.196285650134087,-0.655783295631409,-0.728086709976196
-0.537541925907135,-0.060026366263628,1.609659075737,-0.0327575542032718,-0.195249289274216,-0.658943474292755,-0.72567093372345
-0.538031220436096,-0.0599659010767936,1.60972201824188,-0.0316327102482318,-0.194051712751388,-0.661029517650604,-0.724143207073212
-0.538548648357391,-0.0601268969476223,1.60964751243591,-0.029882064089179,-0.193528145551681,-0.662793159484863,-0.722744286060333
-0.53904390335083,-0.0602966248989105,1.6097959280014,-0.028704859316349,-0.193112090229988,-0.66435319185257,-0.721469819545746
-0.539437890052795,-0.0604373142123222,1.61002147197723,-0.0278527662158012,-0.192573890089989,-0.665949702262878,-0.720173954963684
-0.53984010219574,-0.0606444552540779,1.61013627052307,-0.0266928561031818,-0.191864579916,-0.6680988073349,-0.718414664268494
-0.54022353887558,-0.0608084052801132,1.61026978492737,-0.0258044581860303,-0.191081449389458,-0.669999182224274,-0.71688437461853
-0.54022353887558,-0.0608084052801132,1.61026978492737,-0.0258044581860303,-0.191081449389458,-0.669999182224274,-0.71688437461853
-0.540997207164764,-0.0613802820444107,1.61043548583984,-0.0240787416696548,-0.189956605434418,-0.673494160175323,-0.713962435722351
-0.54151052236557,-0.0618329718708992,1.61061763763428,-0.0234655681997537,-0.190176129341125,-0.675206959247589,-0.712304651737213
-0.541914880275726,-0.0621485039591789,1.61073863506317,-0.0230379588901996,-0.189666613936424,-0.676997363567352,-0.710753440856934
-0.542235970497131,-0.0625453889369964,1.61081743240356,-0.0221961885690689,-0.188984155654907,-0.67857837677002,-0.709453165531158
-0.54267555475235,-0.0629170909523963,1.61086177825928,-0.0216140504926443,-0.189166009426117,-0.680714905261993,-0.707372784614563
-0.543107688426971,-0.0634110569953918,1.61125636100769,-0.0214178152382373,-0.189052686095238,-0.681805074214935,-0.706358551979065
-0.543676316738129,-0.0639609023928642,1.61112534999847,-0.0209219679236412,-0.18805755674839,-0.682239532470703,-0.706219375133514
-0.544121921062469,-0.0644741654396057,1.61107063293457,-0.0197867210954427,-0.18829245865345,-0.68443101644516,-0.704065918922424
-0.544442772865295,-0.0649321228265762,1.61097812652588,-0.0185086224228143,-0.187224477529526,-0.685587763786316,-0.703259587287903
-0.544973969459534,-0.0654293298721313,1.61105406284332,-0.0177071280777454,-0.186936527490616,-0.686614811420441,-0.702354252338409
-0.545474410057068,-0.0660360604524612,1.61109721660614,-0.0166990477591753,-0.186871081590652,-0.687527179718018,-0.701503217220306
-0.546039819717407,-0.066714696586132,1.61105000972748,-0.0154527584090828,-0.186588257551193,-0.688427448272705,-0.700723767280579
-0.546528935432434,-0.0671982616186142,1.61096251010895,-0.0140190636739134,-0.185628548264503,-0.688924252986908,-0.700520396232605
-0.547040343284607,-0.0676784142851829,1.6109471321106,-0.0127650192007422,-0.184474870562553,-0.68983668088913,-0.699951112270355
-0.547615587711334,-0.0682647079229354,1.61070513725281,-0.0108547462150454,-0.183600902557373,-0.690898954868317,-0.699164986610413
-0.548155069351196,-0.0686619281768798,1.61082708835602,-0.0098475161939859,-0.182469770312309,-0.691322803497314,-0.699057042598724
-0.548856139183044,-0.0693282485008239,1.6108500957489,-0.0085388980805873,-0.182301819324493,-0.69239741563797,-0.69805371761322
-0.549432694911957,-0.0699165165424346,1.61072289943695,-0.0067342640832066,-0.180978968739509,-0.692872047424316,-0.697946727275848
-0.54992139339447,-0.0702809169888496,1.610755443573,-0.0053632715716958,-0.179119542241096,-0.693641245365143,-0.697674095630646
-0.550625205039978,-0.0709969028830528,1.61080884933472,-0.0037401509471237,-0.178650960326195,-0.694316565990448,-0.697133004665375
-0.55119389295578,-0.0715963244438171,1.61068451404572,-0.0020078802481293,-0.17760668694973,-0.695319056510925,-0.696407377719879
-0.551828026771545,-0.072155550122261,1.61073362827301,0.0007217534002847,0.176437765359879,0.696072459220886,0.695954084396362
-0.551828026771545,-0.072155550122261,1.61073362827301,0.0007217534002847,0.176437765359879,0.696072459220886,0.695954084396362
-0.552737832069397,-0.073109932243824,1.61070919036865,-0.0019928405527025,0.173079863190651,0.697666466236115,0.695198476314545
-0.553515017032623,-0.0739001855254173,1.61058402061462,-0.0043014269322156,0.174199000000954,0.699431121349335,0.693132400512695
-0.55383175611496,-0.0741666406393051,1.61054503917694,-0.004741289652884,0.170681968331337,0.699475765228271,0.693958759307861
-0.554416716098785,-0.0747278928756713,1.61053574085236,-0.0060568102635443,0.169617712497711,0.700692653656006,0.69298130273819
-0.555049657821655,-0.0757849887013435,1.61034309864044,-0.0076550729572772,0.17105932533741,0.699983417987823,0.693327844142914
-0.55553126335144,-0.0763102546334266,1.61024332046509,-0.0089762024581432,0.169767826795578,0.701080799102783,0.692520081996918
-0.55604475736618,-0.0768871530890464,1.61051511764526,-0.0096196988597512,0.168764308094978,0.701514601707458,0.692317545413971
-0.556429624557495,-0.0774124413728714,1.61012625694275,-0.0112327700480818,0.167485386133194,0.702479541301727,0.69162505865097
-0.55684107542038,-0.0779922306537628,1.60980176925659,-0.0129325902089476,0.166319578886032,0.703442573547363,0.690897405147552
-0.557283341884613,-0.0785113349556922,1.61009407043457,-0.0135014150291681,0.165402576327324,0.704378306865692,0.690152764320374
-0.557651162147522,-0.0791573226451873,1.60979020595551,-0.0149899320676922,0.164062350988388,0.705214321613312,0.689588069915771
-0.557926535606384,-0.0796316862106323,1.60959649085999,-0.0161623880267143,0.162538975477219,0.70624852180481,0.688863456249237
-0.55821967124939,-0.0801185071468353,1.6096693277359,-0.0170373376458883,0.161144644021988,0.707684636116028,0.68769508600235
-0.558462262153625,-0.0806365311145782,1.6091468334198,-0.0187637899070978,0.159668087959289,0.708883762359619,0.686758995056152
-0.55874365568161,-0.0812889859080314,1.6092631816864,-0.0202374923974275,0.158948123455048,0.710118234157562,0.68560779094696
-0.558909952640533,-0.0817468762397766,1.60909140110016,-0.0212322380393743,0.157417625188827,0.711899220943451,0.684082210063934
-0.559062719345093,-0.0822053700685501,1.60904026031494,-0.0213000457733869,0.155382454395294,0.713979005813599,0.682375848293304
-0.55917364358902,-0.0827921628952026,1.60870027542114,-0.022657923400402,0.154235109686852,0.715707004070282,0.680780231952667
-0.55927562713623,-0.0834749415516853,1.60861551761627,-0.0237259641289711,0.153350204229355,0.71758770942688,0.678961515426636
-0.559280216693878,-0.0837852284312248,1.60858643054962,-0.0243094377219676,0.151655152440071,0.719587922096252,0.677202343940735
-0.559296131134033,-0.0842260792851448,1.60865712165833,-0.0252966191619634,0.151669055223465,0.722204446792603,0.674371778964996
-0.559302806854248,-0.0847795158624649,1.60866737365723,-0.0258642137050628,0.150599598884582,0.724332213401794,0.672304749488831
-0.559311389923096,-0.0854375660419464,1.60839915275574,-0.0270322319120168,0.148963272571564,0.724836409091949,0.672080039978027
-0.559203088283539,-0.0858590826392173,1.60853052139282,-0.0264382939785718,0.147476315498352,0.727272629737854,0.669795751571655
-0.559042155742645,-0.0863038226962089,1.60858976840973,-0.0273435618728399,0.147951081395149,0.730103611946106,0.666567027568817
-0.558873236179352,-0.086723692715168,1.60858333110809,-0.0277652498334646,0.147071316838264,0.731961131095886,0.664704561233521
-0.558742880821228,-0.0873232185840606,1.60881245136261,-0.0274645257741212,0.145429775118828,0.732679963111877,0.664286136627197
-0.558493256568909,-0.0878583416342735,1.60863757133484,-0.029001822695136,0.145119592547417,0.734385848045349,0.662402272224426
-0.558828294277191,-0.0878438949584961,1.60877323150635,-0.0267022140324115,0.145297631621361,0.735764443874359,0.660928428173065
-0.558828294277191,-0.0878438949584961,1.60877323150635,-0.0267022140324115,0.145297631621361,0.735764443874359,0.660928428173065
-0.558218419551849,-0.0888006836175918,1.60870385169983,-0.0276543069630861,0.144003510475159,0.7390958070755,0.657446324825287
-0.557890176773071,-0.0894773676991462,1.60878944396973,-0.0273459907621145,0.14358001947403,0.740861713886261,0.655561566352844
-0.557615220546722,-0.0900751650333404,1.6091034412384,-0.0280588492751121,0.143904954195022,0.742010533809662,0.654159307479858
-0.557207822799683,-0.0903811231255531,1.60924565792084,-0.0279095824807882,0.143339067697525,0.743152916431427,0.652992248535156
-0.55672699213028,-0.09083042293787,1.60940182209015,-0.0281013362109661,0.142845511436462,0.74442845582962,0.65163791179657
-0.556315243244171,-0.0912466645240783,1.60974657535553,-0.027644520625472,0.142632529139519,0.745717406272888,0.6502286195755
-0.556315243244171,-0.0912466645240783,1.60974657535553,-0.027644520625472,0.142632529139519,0.745717406272888,0.6502286195755
-0.555420637130737,-0.092306300997734,1.60959708690643,-0.0281941890716552,0.142385959625244,0.74820077419281,0.647400319576263
-0.554933130741119,-0.0927384942770004,1.6099511384964,-0.0276089608669281,0.142243564128876,0.749177277088165,0.64632648229599
-0.554437100887299,-0.0932067558169364,1.61008453369141,-0.0271953456103801,0.142121717333794,0.750227093696594,0.64515209197998
-0.554437100887299,-0.0932067558169364,1.61008453369141,-0.0271953456103801,0.142121717333794,0.750227093696594,0.64515209197998
-0.553548693656921,-0.0942832827568054,1.61036217212677,-0.0259801987558603,0.142600372433662,0.751638054847717,0.643452048301697
-0.553066372871399,-0.0947622284293174,1.61046612262726,-0.0249262005090713,0.142676293849945,0.752016067504883,0.643034994602203
-0.552586317062378,-0.0954389572143554,1.61049687862396,-0.0241693705320358,0.142977371811867,0.752917110919952,0.641941785812378
-0.552198112010956,-0.0957385376095771,1.61044037342072,-0.0230275876820087,0.143226832151413,0.752804756164551,0.642059922218323
-0.551694989204407,-0.0961129963397979,1.61045181751251,-0.0214194618165493,0.144000381231308,0.754132509231567,0.64038211107254
-0.551274299621582,-0.0966611430048942,1.61044323444366,-0.0203200932592153,0.14434127509594,0.754290640354156,0.640155017375946
-0.55091404914856,-0.097349926829338,1.61066579818726,-0.0183023065328598,0.144053980708122,0.75263774394989,0.642222702503204
-0.550502836704254,-0.0980159342288971,1.61060297489166,-0.0178801920264959,0.144966453313827,0.752743065357208,0.641905665397644
-0.550168991088867,-0.0984033793210983,1.61061203479767,-0.0160294193774461,0.145555824041366,0.752011120319366,0.642678797245026
-0.54982715845108,-0.0989635959267616,1.61053562164307,-0.0147566813975572,0.145904943346977,0.751484036445618,0.643246293067932
-0.54950737953186,-0.0995308607816696,1.61049723625183,-0.0133582623675465,0.146699503064155,0.750528872013092,0.644210577011108
-0.549191057682037,-0.100194573402405,1.61057615280151,-0.012025368399918,0.147461250424385,0.750359237194061,0.64426064491272
-0.548894286155701,-0.100592270493507,1.6104907989502,-0.010502889752388,0.147820338606834,0.748971402645111,0.645817995071411
-0.54859471321106,-0.101121343672276,1.61023354530334,-0.0095841642469167,0.147986426949501,0.748295903205872,0.646576702594757
-0.548267066478729,-0.101717352867126,1.61008012294769,-0.0084551759064197,0.149133190512657,0.748829007148743,0.645711243152618
-0.54806125164032,-0.102352201938629,1.60998058319092,-0.0078245215117931,0.148911163210869,0.746729075908661,0.648197531700134
-0.547825336456299,-0.102952569723129,1.61001348495483,-0.0068592405878007,0.149414747953415,0.745673894882202,0.649306297302246
-0.54753589630127,-0.103415802121162,1.60973596572876,-0.0063212076202034,0.149644240736961,0.74492335319519,0.65011990070343
-0.54733020067215,-0.103907473385334,1.60990607738495,-0.0051298611797392,0.149830043315887,0.744256138801575,0.650851368904114
-0.54708606004715,-0.10424380004406,1.60986852645874,-0.004134053364396,0.149765133857727,0.743047058582306,0.652253389358521
-0.546855926513672,-0.104794323444366,1.60981547832489,-0.0038277893327176,0.150156959891319,0.742259204387665,0.653061747550964
-0.546641528606415,-0.105258487164974,1.60979628562927,-0.0030670298729091,0.150110632181168,0.741884291172028,0.653502106666565
-0.546456813812256,-0.105787619948387,1.60962057113647,-0.0025966421235352,0.150213152170181,0.741234123706818,0.654218137264252
-0.546456813812256,-0.105787619948387,1.60962057113647,-0.0025966421235352,0.150213152170181,0.741234123706818,0.654218137264252
-0.546093702316284,-0.106752201914787,1.60969042778015,-0.0012930274242535,0.150612145662308,0.739836156368256,0.655710935592651
-0.545908331871033,-0.107192151248455,1.60951161384583,-0.0008986479369923,0.150667950510979,0.739426076412201,0.656161069869995
-0.545731246471405,-0.107654437422752,1.60988616943359,0.0003428986819926,0.151252284646034,0.738412082195282,0.657168388366699
-0.545565664768219,-0.108123883605003,1.60975420475006,0.0008409360307268,0.151609569787979,0.737756669521332,0.657821476459503
-0.545397281646729,-0.10861399024725,1.60983622074127,0.0016491555143147,0.151742443442345,0.737022876739502,0.658611238002777
-0.545216917991638,-0.108993738889694,1.60972285270691,0.0022333553060889,0.15186271071434,0.736027240753174,0.659694492816925
-0.545121431350708,-0.109463311731815,1.60979926586151,0.0032331349793821,0.152451574802399,0.734795212745667,0.660926699638367
-0.544941842556,-0.10978739708662,1.60985124111176,0.0044370493851602,0.153237178921699,0.73498147726059,0.660530865192413
-0.544890582561493,-0.110362678766251,1.61015522480011,0.0056456960737705,0.15338122844696,0.732386887073517,0.663364052772522
-0.544761061668396,-0.110749542713165,1.61018896102905,0.0074547459371387,0.153308853507042,0.731154263019562,0.664721250534058
-0.544629633426666,-0.1111641228199,1.61005473136902,0.0073631997220218,0.153937354683876,0.729849219322205,0.666009962558746
-0.544513940811157,-0.111620731651783,1.61004793643951,0.0083653982728719,0.154397174715996,0.727996170520782,0.66791707277298
-0.544408559799194,-0.112039811909199,1.61006689071655,0.0100113293156027,0.154230907559395,0.726535379886627,0.669521510601044
-0.544408559799194,-0.112039811909199,1.61006689071655,0.0100113293156027,0.154230907559395,0.726535379886627,0.669521510601044
-0.544333219528198,-0.113065421581268,1.61006915569305,0.0113005302846431,0.155954912304878,0.722679615020752,0.67326420545578
-0.544286370277405,-0.113369859755039,1.6101553440094,0.0125068947672843,0.156367599964142,0.720475733280182,0.675505459308624
-0.544235229492188,-0.113749131560326,1.61007452011108,0.0133608803153038,0.157078087329865,0.718403339385986,0.677528500556946
-0.543662548065186,-0.114686831831932,1.61011278629303,0.0122599657624959,0.156917408108711,0.716406345367432,0.679697453975677
-0.543662846088409,-0.11511417478323,1.61006426811218,0.0133092124015092,0.157464608550072,0.714035391807556,0.682041883468628
-0.543662846088409,-0.11511417478323,1.61006426811218,0.0133092124015092,0.157464608550072,0.714035391807556,0.682041883468628
-0.543606400489807,-0.115443907678127,1.61001229286194,0.0156250689178705,0.155918583273888,0.710819005966187,0.685698091983795
-0.543651700019836,-0.115840338170528,1.6099898815155,0.0165983363986015,0.156534925103188,0.708621919155121,0.687805473804474
-0.543702483177185,-0.116210885345936,1.60995006561279,0.0185194741934537,0.156623065471649,0.706205785274506,0.690217256546021
-0.543475985527039,-0.116203591227531,1.60985255241394,0.0194721352308988,0.155346721410751,0.703690469264984,0.693042457103729
-0.543558657169342,-0.116629093885422,1.60982894897461,0.0205543525516986,0.155728474259376,0.700956463813782,0.695691347122192
-0.544043064117432,-0.117512077093124,1.60981678962708,-0.0211887918412685,-0.157570391893387,-0.698055744171143,-0.698169767856598
-0.544190049171448,-0.117824085056782,1.60980176925659,-0.0224074684083461,-0.157853245735168,-0.69579815864563,-0.700317859649658
-0.544252157211304,-0.117620766162872,1.60975003242493,-0.0245696883648633,-0.1570083796978,-0.693298101425171,-0.702910125255585
-0.544945359230042,-0.118533357977867,1.60974895954132,-0.0255514588207006,-0.159186705946922,-0.690546691417694,-0.7050901055336
-0.545153021812439,-0.118903674185276,1.60961055755615,-0.0263222213834524,-0.159685954451561,-0.688479781150818,-0.70696759223938
-0.545533716678619,-0.119333803653717,1.60937249660492,-0.027265528216958,-0.160624757409096,-0.686544597148895,-0.708599328994751
-0.545533716678619,-0.119333803653717,1.60937249660492,-0.027265528216958,-0.160624757409096,-0.686544597148895,-0.708599328994751
-0.54599130153656,-0.11999624222517,1.609459400177,-0.0298417750746011,-0.161322951316833,-0.681872665882111,-0.712835252285004
-0.546236157417297,-0.120330668985844,1.60917007923126,-0.0305271334946155,-0.161744594573975,-0.679617583751678,-0.714861512184143
-0.546525239944458,-0.120585702359676,1.60921382904053,-0.0320784859359264,-0.161932542920113,-0.677240550518036,-0.717003643512726
-0.546525239944458,-0.120585702359676,1.60921382904053,-0.0320784859359264,-0.161932542920113,-0.677240550518036,-0.717003643512726
-0.547111868858337,-0.121174640953541,1.60915958881378,-0.0344909206032753,-0.162584066390991,-0.673134803771973,-0.720601558685303
-0.547382235527039,-0.121464557945728,1.60929894447327,-0.0359995700418949,-0.162783801555633,-0.670864462852478,-0.722596943378448
-0.547382235527039,-0.121464557945728,1.60929894447327,-0.0359995700418949,-0.162783801555633,-0.670864462852478,-0.722596943378448
-0.547859072685242,-0.122105315327644,1.60898458957672,-0.0375230945646762,-0.163014188408852,-0.66703474521637,-0.726004958152771
-0.548136651515961,-0.12231682240963,1.60893225669861,-0.0386247560381889,-0.163230881094933,-0.665363490581512,-0.727430760860443
-0.548437356948853,-0.122548334300518,1.60896587371826,-0.0396501272916793,-0.163206547498703,-0.663406848907471,-0.7291659116745
-0.548748791217804,-0.122731797397137,1.60883951187134,-0.0406714044511318,-0.163080602884293,-0.661658346652985,-0.730724990367889
-0.548748791217804,-0.122731797397137,1.60883951187134,-0.0406714044511318,-0.163080602884293,-0.661658346652985,-0.730724990367889
-0.549522697925568,-0.123273193836212,1.60858714580536,-0.041921392083168,-0.163612902164459,-0.658367097377777,-0.733502745628357
-0.549854218959808,-0.123502895236015,1.60846662521362,-0.0423841439187526,-0.163754314184189,-0.657128155231476,-0.734554946422577
-0.550127863883972,-0.123591110110283,1.60859477519989,-0.0433824025094509,-0.163537517189979,-0.655599534511566,-0.735909521579742
-0.55048680305481,-0.123865403234959,1.60860240459442,-0.0437709093093872,-0.163431763648987,-0.653953075408936,-0.737373530864716
-0.550856947898865,-0.124041743576527,1.60860741138458,-0.0444115959107875,-0.163471415638924,-0.652536809444427,-0.738580048084259
-0.551203548908234,-0.124168664216995,1.60875308513641,-0.0451590977609157,-0.163142278790474,-0.651322960853577,-0.739678144454956
-0.551578164100647,-0.124241679906845,1.60863542556763,-0.0456949807703495,-0.162937939167023,-0.650494337081909,-0.740419030189514
-0.551821768283844,-0.124410144984722,1.60862910747528,-0.0454753376543521,-0.162613034248352,-0.649834156036377,-0.741083383560181
-0.552128911018372,-0.124560564756393,1.60866022109985,-0.0455816313624382,-0.162582322955132,-0.648916244506836,-0.741887450218201
-0.552433013916016,-0.124661549925804,1.60873126983643,-0.0460090450942516,-0.162385478615761,-0.647932410240173,-0.742763757705688
-0.552692651748657,-0.124693043529987,1.60889029502869,-0.0466001331806182,-0.162162452936172,-0.647106826305389,-0.743494749069214
-0.552990078926086,-0.124789327383041,1.60887265205383,-0.0466940477490425,-0.162117302417755,-0.646506905555725,-0.744020462036133
-0.553263545036316,-0.1248669475317,1.60890114307404,-0.0468396283686161,-0.161985754966736,-0.645892739295959,-0.744573175907135
-0.553546369075775,-0.124930657446384,1.60895752906799,-0.0470921695232391,-0.162047535181046,-0.645549356937408,-0.744841575622559
-0.553842067718506,-0.124978080391884,1.60901546478271,-0.0473604798316955,-0.16207118332386,-0.645456194877625,-0.744900226593018
-0.553842067718506,-0.124978080391884,1.60901546478271,-0.0473604798316955,-0.16207118332386,-0.645456194877625,-0.744900226593018
-0.554315328598022,-0.1251370459795,1.60905337333679,-0.0475914552807807,-0.162362262606621,-0.644883453845978,-0.745317995548248
-0.55457329750061,-0.125213205814361,1.60907983779907,-0.047765702009201,-0.162604749202728,-0.644709765911102,-0.745404303073883
-0.554812848567963,-0.12533862888813,1.60912692546844,-0.0478672906756401,-0.162890657782555,-0.644617855548859,-0.745414793491364
-0.555037260055542,-0.125412672758102,1.60922288894653,-0.0480918623507022,-0.163229510188103,-0.644574701786041,-0.745363593101501
-0.555037260055542,-0.125412672758102,1.60922288894653,-0.0480918623507022,-0.163229510188103,-0.644574701786041,-0.745363593101501
-0.555463671684265,-0.125582545995712,1.60906672477722,-0.0477789714932441,-0.163694649934769,-0.644992232322693,-0.744920432567596
-0.555636167526245,-0.125633358955383,1.60903704166412,-0.0476206503808498,-0.163785502314568,-0.645344257354736,-0.744605600833893
-0.555772066116333,-0.125660926103592,1.60916864871979,-0.0478225424885749,-0.163900509476662,-0.64536327123642,-0.744550943374634
-0.555958926677704,-0.125724911689758,1.60920143127441,-0.0477770268917083,-0.164187744259834,-0.645509421825409,-0.74436366558075
-0.556123852729797,-0.125804424285889,1.60913300514221,-0.0475487671792507,-0.164388120174408,-0.645623922348022,-0.744234919548035
-0.556295275688171,-0.125936642289162,1.60912370681763,-0.047298889607191,-0.164637312293053,-0.645736932754517,-0.744097709655762
-0.556446015834808,-0.125977799296379,1.60921669006348,-0.0472931340336799,-0.164837777614594,-0.645825445652008,-0.743976712226868
-0.556636810302734,-0.126102715730667,1.60923862457275,-0.0471073277294635,-0.16499437391758,-0.646145522594452,-0.743675887584686
-0.55679988861084,-0.126185223460197,1.60926651954651,-0.0468707345426082,-0.16503743827343,-0.646531343460083,-0.74334591627121
-0.556932628154755,-0.126265957951546,1.60944056510925,-0.0469668172299861,-0.165200486779213,-0.64656400680542,-0.743275225162506
-0.556932628154755,-0.126265957951546,1.60944056510925,-0.0469668172299861,-0.165200486779213,-0.64656400680542,-0.743275225162506
-0.557250738143921,-0.12649929523468,1.60927450656891,-0.0462745204567909,-0.165665224194527,-0.647003889083862,-0.742832243442535
-0.557414174079895,-0.126665055751801,1.60924196243286,-0.045975599437952,-0.166030272841453,-0.647160589694977,-0.742632806301117
-0.557535409927368,-0.126773074269295,1.60922682285309,-0.0457961037755012,-0.166156381368637,-0.647362530231476,-0.7424396276474
-0.557623028755188,-0.12681482732296,1.60926222801208,-0.0458452738821506,-0.166097864508629,-0.647565484046936,-0.742272675037384
-0.55782413482666,-0.126969307661056,1.60911679267883,-0.0454593896865844,-0.166281312704086,-0.647915482521057,-0.741949915885925
-0.55782413482666,-0.126969307661056,1.60911679267883,-0.0454593896865844,-0.166281312704086,-0.647915482521057,-0.741949915885925
-0.558182895183563,-0.127335205674171,1.60947823524475,-0.0458851084113121,-0.166684255003929,-0.64818000793457,-0.74160224199295
-0.558278858661652,-0.127357423305511,1.60923445224762,-0.0456457883119583,-0.166447967290878,-0.648359417915344,-0.741513192653656
-0.558278858661652,-0.127357423305511,1.60923445224762,-0.0456457883119583,-0.166447967290878,-0.648359417915344,-0.741513192653656
-0.55863094329834,-0.127635329961777,1.60922849178314,-0.0457991249859333,-0.166631326079369,-0.648435473442078,-0.741396009922028
-0.558801293373108,-0.127789378166199,1.60924804210663,-0.0459143258631229,-0.166575536131859,-0.648431897163391,-0.741404473781586
-0.559065401554108,-0.127925366163254,1.60908794403076,-0.0460708700120449,-0.166737213730812,-0.648773431777954,-0.741059601306915
-0.559065401554108,-0.127925366163254,1.60908794403076,-0.0460708700120449,-0.166737213730812,-0.648773431777954,-0.741059601306915
-0.559361934661865,-0.128234520554543,1.6093316078186,-0.0463634394109249,-0.166272521018982,-0.648572564125061,-0.741321563720703
-0.559517443180084,-0.128389120101929,1.60931265354156,-0.0464383549988269,-0.166113048791885,-0.648399770259857,-0.741503775119781
-0.559689581394196,-0.128545001149177,1.60934484004974,-0.0467053204774856,-0.165926590561867,-0.648229718208313,-0.741677343845367
-0.55993127822876,-0.128704622387886,1.60932075977325,-0.0471788272261619,-0.165833324193954,-0.648120820522308,-0.741763353347778
-0.560033738613129,-0.128912702202797,1.60937106609344,-0.0470110774040222,-0.165561616420746,-0.647872626781464,-0.742051541805267
-0.560240983963013,-0.129151493310928,1.60942161083221,-0.0470942445099353,-0.165543422102928,-0.647957503795624,-0.741976201534271
-0.56038498878479,-0.129281133413315,1.60937011241913,-0.0470584854483604,-0.165251046419144,-0.648107707500458,-0.741912364959717
-0.560611724853516,-0.129520669579506,1.60939931869507,-0.0470865108072757,-0.165392622351646,-0.648007690906525,-0.741966545581818
-0.560733079910278,-0.129586532711983,1.60939478874207,-0.0471788644790649,-0.16516338288784,-0.647808969020844,-0.742185294628143
-0.560919761657715,-0.129772499203682,1.60947871208191,-0.0472706444561481,-0.165162667632103,-0.647567212581635,-0.742390394210815
-0.560919761657715,-0.129772499203682,1.60947871208191,-0.0472706444561481,-0.165162667632103,-0.647567212581635,-0.742390394210815
-0.561257779598236,-0.130035102367401,1.60955345630646,-0.0473514124751091,-0.165109127759933,-0.647452473640442,-0.742497205734253
-0.561414480209351,-0.130189210176468,1.60957229137421,-0.0473333783447742,-0.165059819817543,-0.647436857223511,-0.742522954940796
-0.561587035655975,-0.130299106240272,1.60959792137146,-0.0473312996327877,-0.164950549602508,-0.647547543048859,-0.742450773715973
-0.561587035655975,-0.130299106240272,1.60959792137146,-0.0473312996327877,-0.164950549602508,-0.647547543048859,-0.742450773715973
-0.561859726905823,-0.130556985735893,1.60962212085724,-0.0473655425012111,-0.164807319641113,-0.647409498691559,-0.742600917816162
-0.562050640583038,-0.130634143948555,1.60966455936432,-0.0477232113480567,-0.164866030216217,-0.647461712360382,-0.742519438266754
-0.562188625335693,-0.130764618515968,1.60969543457031,-0.0476882494986057,-0.164843320846558,-0.647380113601685,-0.742597937583923
-0.56229305267334,-0.130943119525909,1.60965514183044,-0.0474104844033718,-0.164644971489906,-0.647229075431824,-0.74279123544693
-0.562433481216431,-0.131075367331505,1.60966348648071,-0.0473641231656074,-0.164625450968742,-0.647264063358307,-0.742768049240112
-0.562564194202423,-0.131179019808769,1.60965502262115,-0.0473551675677299,-0.164653033018112,-0.647358894348145,-0.7426797747612
-0.562564194202423,-0.131179019808769,1.60965502262115,-0.0473551675677299,-0.164653033018112,-0.647358894348145,-0.7426797747612
-0.562780737876892,-0.131388247013092,1.60966813564301,-0.0472026243805885,-0.164812922477722,-0.64762556552887,-0.742421627044678
-0.562881052494049,-0.131431818008423,1.60969686508179,-0.0472362600266933,-0.164831519126892,-0.647571563720703,-0.742462337017059
-0.562975764274597,-0.131593391299248,1.60964834690094,-0.0472037605941295,-0.164904057979584,-0.647570133209229,-0.742449641227722
-0.563048362731934,-0.131693765521049,1.60966849327087,-0.047228567302227,-0.165015518665314,-0.647518694400787,-0.742468237876892
-0.563119113445282,-0.131803944706917,1.60961329936981,-0.0472132302820682,-0.165132164955139,-0.647519528865814,-0.742442548274994
-0.563128232955933,-0.131956130266189,1.6096019744873,-0.0467494763433933,-0.165348544716835,-0.647489190101624,-0.74245011806488
-0.56324976682663,-0.131986528635025,1.60964143276215,-0.0473318919539451,-0.165497839450836,-0.647354960441589,-0.742496967315674
-0.563234925270081,-0.132141053676605,1.60956072807312,-0.0468251854181289,-0.165658876299858,-0.64727371931076,-0.742563962936401
-0.563302397727966,-0.132138848304749,1.60956645011902,-0.04737264290452,-0.165713548660278,-0.646988570690155,-0.742765605449677
-0.563431322574615,-0.132292956113815,1.60954976081848,-0.0474718958139419,-0.166052132844925,-0.64686119556427,-0.742794573307037
-0.563431322574615,-0.132292956113815,1.60954976081848,-0.0474718958139419,-0.166052132844925,-0.64686119556427,-0.742794573307037
-0.563516318798065,-0.132453814148903,1.60958528518677,-0.0477395914494991,-0.166449189186096,-0.64641010761261,-0.743081152439117
-0.563556849956512,-0.132527634501457,1.60960650444031,-0.0478606186807155,-0.166612699627876,-0.646014034748077,-0.743381083011627
-0.563591361045837,-0.13258758187294,1.60961544513702,-0.0479775331914424,-0.16684490442276,-0.645776927471161,-0.743527710437775
-0.563583970069885,-0.132707327604294,1.60963690280914,-0.047606561332941,-0.167151272296905,-0.645470559597015,-0.743748664855957
-0.563601016998291,-0.132759273052215,1.60962235927582,-0.0476782359182834,-0.167358949780464,-0.645163416862488,-0.743963718414307
-0.563601016998291,-0.132759273052215,1.60962235927582,-0.0476782359182834,-0.167358949780464,-0.645163416862488,-0.743963718414307
-0.563678741455078,-0.132854357361793,1.60966491699219,-0.0478108003735542,-0.167855814099312,-0.644402801990509,-0.744502186775208
-0.563686013221741,-0.132876828312874,1.609654545784,-0.0477559752762317,-0.16801056265831,-0.644020259380341,-0.744801759719849
-0.56375515460968,-0.132926985621452,1.60969626903534,-0.0477372072637081,-0.168314456939697,-0.643601298332214,-0.745096564292908
-0.563787817955017,-0.132958263158798,1.60969305038452,-0.0476164445281028,-0.168504819273949,-0.643219232559204,-0.745391249656677
-0.563781499862671,-0.13288277387619,1.60976660251617,-0.0476073175668716,-0.168515399098396,-0.642664968967438,-0.745867252349854
-0.563781499862671,-0.13288277387619,1.60976660251617,-0.0476073175668716,-0.168515399098396,-0.642664968967438,-0.745867252349854
-0.563918173313141,-0.132898479700089,1.60998821258545,-0.0474460944533348,-0.169020637869835,-0.641685724258423,-0.746605932712555
-0.563991487026215,-0.132926195859909,1.61004495620728,-0.0471406802535057,-0.169304683804512,-0.641140103340149,-0.747029542922974
-0.564068198204041,-0.132939502596855,1.61009061336517,-0.0467524416744709,-0.169471934437752,-0.640581011772156,-0.747495412826538
-0.56414383649826,-0.132975831627846,1.61010551452637,-0.046153474599123,-0.169649928808212,-0.639907896518707,-0.748068690299988
-0.564226806163788,-0.133065342903137,1.61015510559082,-0.045571781694889,-0.169901490211487,-0.6394003033638,-0.748481094837189
-0.564226806163788,-0.133065342903137,1.61015510559082,-0.045571781694889,-0.169901490211487,-0.6394003033638,-0.748481094837189
-0.564358472824097,-0.133068159222603,1.61005246639252,-0.0442562326788902,-0.170298546552658,-0.638479351997375,-0.749255537986755
-0.564407646656036,-0.133064612746239,1.61008942127228,-0.0438157841563224,-0.170433580875397,-0.638032793998718,-0.74963104724884
-0.564448416233063,-0.133068740367889,1.61013507843018,-0.0433631837368011,-0.170581459999084,-0.637553691864014,-0.750031292438507
-0.564494669437408,-0.133081823587418,1.61016154289246,-0.042857501655817,-0.170778080821037,-0.637068271636963,-0.750427961349487
-0.564494669437408,-0.133081823587418,1.61016154289246,-0.042857501655817,-0.170778080821037,-0.637068271636963,-0.750427961349487
-0.564669609069824,-0.133062347769737,1.61026930809021,-0.0422031991183757,-0.171309381723404,-0.635979354381561,-0.75126713514328
-0.564727306365967,-0.133077561855316,1.61027908325195,-0.0418104529380798,-0.171533286571503,-0.635470807552338,-0.751668334007263
-0.564809620380402,-0.133171230554581,1.61031603813171,-0.0407304391264915,-0.171942204236984,-0.63438206911087,-0.752553343772888
-0.564920723438263,-0.133193582296371,1.61030530929565,-0.0404773242771625,-0.172267451882362,-0.633745133876801,-0.753028988838196
-0.564920723438263,-0.133193582296371,1.61030530929565,-0.0404773242771625,-0.172267451882362,-0.633745133876801,-0.753028988838196
-0.565123379230499,-0.133204445242882,1.61043739318848,-0.0403233096003532,-0.172828570008278,-0.632588922977448,-0.753880321979523
-0.565224647521973,-0.133230060338974,1.61047422885895,-0.0401287414133548,-0.173038959503174,-0.631855010986328,-0.754457712173462
-0.565325617790222,-0.133282572031021,1.61046195030212,-0.0400120392441749,-0.173283889889717,-0.63130909204483,-0.754864513874054
-0.565325617790222,-0.133282572031021,1.61046195030212,-0.0400120392441749,-0.173283889889717,-0.63130909204483,-0.754864513874054
-0.565484404563904,-0.133303895592689,1.61046397686005,-0.03988753631711,-0.173619598150253,-0.630137920379639,-0.755771994590759
-0.565564036369324,-0.133325695991516,1.61046671867371,-0.039838682860136,-0.173829510807991,-0.629487454891205,-0.756268203258514
-0.565652847290039,-0.133355855941772,1.61045479774475,-0.0398478396236896,-0.174111068248749,-0.628704190254211,-0.75685453414917
-0.565652847290039,-0.133355855941772,1.61045479774475,-0.0398478396236896,-0.174111068248749,-0.628704190254211,-0.75685453414917
-0.565868854522705,-0.133392840623856,1.61059165000916,-0.0403266809880733,-0.174642130732536,-0.627020478248596,-0.758102416992188
-0.566014170646667,-0.133449867367744,1.61057937145233,-0.0404389835894107,-0.174958527088165,-0.626114249229431,-0.758772253990173
-0.566090703010559,-0.133472770452499,1.61057305335999,-0.0406098291277885,-0.17515717446804,-0.625213444232941,-0.759459733963013
-0.566150367259979,-0.133446305990219,1.61058795452118,-0.0408892631530761,-0.175287649035454,-0.624291837215424,-0.760172307491302
-0.566304564476013,-0.133564591407776,1.61037516593933,-0.0400749333202838,-0.175970479846001,-0.623050808906555,-0.761075735092163
-0.566304564476013,-0.133564591407776,1.61037516593933,-0.0400749333202838,-0.175970479846001,-0.623050808906555,-0.761075735092163
-0.566497445106506,-0.133575201034546,1.61040818691254,-0.0406915545463562,-0.176315009593964,-0.621071040630341,-0.76257997751236
-0.566497445106506,-0.133575201034546,1.61040818691254,-0.0406915545463562,-0.176315009593964,-0.621071040630341,-0.76257997751236
-0.566705465316772,-0.133720755577087,1.61035215854645,-0.0410667546093463,-0.176787376403809,-0.61884993314743,-0.7642542719841
-0.5665323138237,-0.133192896842956,1.61033976078033,-0.041956216096878,-0.17563085258007,-0.61746221780777,-0.765593945980072
-0.566889822483063,-0.133770301938057,1.61035585403442,-0.0417045801877975,-0.177170246839523,-0.616674721240997,-0.765887558460236
-0.566889822483063,-0.133770301938057,1.61035585403442,-0.0417045801877975,-0.177170246839523,-0.616674721240997,-0.765887558460236
-0.567039370536804,-0.133886501193046,1.6103949546814,-0.0421604178845882,-0.178383082151413,-0.615236639976501,-0.766737222671509
-0.567039370536804,-0.133886501193046,1.6103949546814,-0.0421604178845882,-0.178383082151413,-0.615236639976501,-0.766737222671509
-0.567200422286987,-0.134028062224388,1.61057221889496,-0.0431553088128566,-0.179073691368103,-0.612600922584534,-0.76862895488739
-0.567200422286987,-0.134028062224388,1.61057221889496,-0.0431553088128566,-0.179073691368103,-0.612600922584534,-0.76862895488739
-0.567319273948669,-0.134139567613602,1.61053931713104,-0.0437415279448032,-0.179339662194252,-0.610514640808105,-0.770192086696625
-0.567425966262817,-0.134235173463821,1.61045479774475,-0.0439924299716949,-0.179528295993805,-0.609340786933899,-0.771063029766083
-0.567343473434448,-0.134449124336243,1.61056339740753,-0.0440637059509754,-0.179425895214081,-0.608338236808777,-0.771873891353607
-0.567343473434448,-0.134449124336243,1.61056339740753,-0.0440637059509754,-0.179425895214081,-0.608338236808777,-0.771873891353607
-0.567415714263916,-0.134633123874664,1.61034619808197,-0.0443853512406349,-0.179441168904305,-0.606299519538879,-0.773454368114471
-0.567441880702972,-0.134698390960693,1.61036968231201,-0.044684562832117,-0.179359972476959,-0.605445146560669,-0.774124979972839
-0.567441880702972,-0.134698390960693,1.61036968231201,-0.044684562832117,-0.179359972476959,-0.605445146560669,-0.774124979972839
-0.567521929740906,-0.134839773178101,1.61030769348145,-0.0448514930903911,-0.179510876536369,-0.604593634605408,-0.77474570274353
-0.56756180524826,-0.134947896003723,1.61029243469238,-0.0451709292829036,-0.179720610380173,-0.603488504886627,-0.775539636611938
-0.567597150802612,-0.135055929422379,1.61033713817596,-0.0456039533019065,-0.179765924811363,-0.60236781835556,-0.776374697685242
-0.567644238471985,-0.135252207517624,1.61020040512085,-0.0463654175400733,-0.179566964507103,-0.600583136081696,-0.777756929397583
-0.567641019821167,-0.135339081287384,1.61018002033234,-0.0466555282473564,-0.179359778761864,-0.599711775779724,-0.778459548950195
-0.567617952823639,-0.13537535071373,1.61017680168152,-0.0470695123076438,-0.179142996668816,-0.598964810371399,-0.779059290885925
-0.567617952823639,-0.13537535071373,1.61017680168152,-0.0470695123076438,-0.179142996668816,-0.598964810371399,-0.779059290885925
-0.567585349082947,-0.135594815015793,1.61012542247772,-0.0478888973593711,-0.179059416055679,-0.597410917282104,-0.780220866203308
-0.567529618740082,-0.135734990239143,1.61008095741272,-0.04816260561347,-0.178997352719307,-0.596744179725647,-0.780728340148926
-0.567454695701599,-0.135852053761482,1.61014151573181,-0.0487331785261631,-0.178789690136909,-0.596060156822205,-0.781262874603271
-0.567454695701599,-0.135852053761482,1.61014151573181,-0.0487331785261631,-0.178789690136909,-0.596060156822205,-0.781262874603271
-0.567297637462616,-0.136113032698631,1.61001408100128,-0.0494829565286636,-0.178808823227882,-0.594572722911835,-0.782344043254852
-0.567297637462616,-0.136113032698631,1.61001408100128,-0.0494829565286636,-0.178808823227882,-0.594572722911835,-0.782344043254852
-0.567073583602905,-0.136401668190956,1.61010146141052,-0.0505042374134063,-0.178976252675056,-0.592936813831329,-0.783481299877167
-0.567073583602905,-0.136401668190956,1.61010146141052,-0.0505042374134063,-0.178976252675056,-0.592936813831329,-0.783481299877167
-0.566763401031494,-0.136699199676514,1.61006796360016,-0.0513704195618629,-0.179007068276405,-0.591477572917938,-0.784520149230957
-0.566763401031494,-0.136699199676514,1.61006796360016,-0.0513704195618629,-0.179007068276405,-0.591477572917938,-0.784520149230957
-0.566349983215332,-0.137024745345116,1.60999727249146,-0.0522490665316581,-0.179454356431961,-0.589618623256683,-0.785758316516876
-0.566349983215332,-0.137024745345116,1.60999727249146,-0.0522490665316581,-0.179454356431961,-0.589618623256683,-0.785758316516876
-0.565922021865845,-0.13741560280323,1.60979878902435,-0.0529444180428981,-0.180234327912331,-0.587195575237274,-0.787346065044403
-0.565922021865845,-0.13741560280323,1.60979878902435,-0.0529444180428981,-0.180234327912331,-0.587195575237274,-0.787346065044403
-0.565320789813995,-0.137757942080498,1.60996913909912,-0.0541469156742095,-0.180874183773994,-0.584421277046204,-0.789179563522339
-0.56501293182373,-0.137996420264244,1.60997879505157,-0.0547024607658386,-0.18177442252636,-0.582546412944794,-0.790319919586182
-0.56501293182373,-0.137996420264244,1.60997879505157,-0.0547024607658386,-0.18177442252636,-0.582546412944794,-0.790319919586182
-0.56501293182373,-0.137996420264244,1.60997879505157,-0.0547024607658386,-0.18177442252636,-0.582546412944794,-0.790319919586182
-0.564345300197601,-0.138266772031784,1.61003708839417,-0.0564920604228973,-0.183256879448891,-0.578942120075226,-0.792497158050537
-0.563552260398865,-0.138765573501587,1.60990524291992,-0.0577777959406375,-0.185196161270142,-0.5748450756073,-0.794932246208191
-0.563552260398865,-0.138765573501587,1.60990524291992,-0.0577777959406375,-0.185196161270142,-0.5748450756073,-0.794932246208191
-0.563161969184875,-0.138988345861435,1.60987770557404,-0.0587472952902317,-0.186330661177635,-0.572851538658142,-0.796034514904022
-0.562275290489197,-0.139481663703918,1.61005783081055,-0.0613509155809879,-0.188867345452309,-0.568000316619873,-0.798711955547333
-0.562275290489197,-0.139481663703918,1.61005783081055,-0.0613509155809879,-0.188867345452309,-0.568000316619873,-0.798711955547333
-0.561378121376038,-0.140066400170326,1.60993731021881,-0.0635737478733062,-0.191930964589119,-0.56352561712265,-0.800974309444427
-0.561378121376038,-0.140066400170326,1.60993731021881,-0.0635737478733062,-0.191930964589119,-0.56352561712265,-0.800974309444427
-0.560299932956696,-0.140587657690048,1.60978543758392,-0.0660297200083732,-0.194253116846085,-0.559226632118225,-0.803225576877594
-0.560299932956696,-0.140587657690048,1.60978543758392,-0.0660297200083732,-0.194253116846085,-0.559226632118225,-0.803225576877594
-0.558911740779877,-0.140627577900887,1.60955464839935,-0.0690392777323722,-0.195635125041008,-0.554389476776123,-0.805985569953918
-0.558911740779877,-0.140627577900887,1.60955464839935,-0.0690392777323722,-0.195635125041008,-0.554389476776123,-0.805985569953918
-0.557771146297455,-0.141251191496849,1.60937571525574,-0.0713290497660636,-0.198370918631554,-0.550468146800995,-0.807803273200989
-0.557771146297455,-0.141251191496849,1.60937571525574,-0.0713290497660636,-0.198370918631554,-0.550468146800995,-0.807803273200989
-0.556573092937469,-0.141872555017471,1.60913646221161,-0.0737574696540832,-0.200778946280479,-0.54697448015213,-0.80936187505722
-0.556573092937469,-0.141872555017471,1.60913646221161,-0.0737574696540832,-0.200778946280479,-0.54697448015213,-0.80936187505722
-0.555324971675873,-0.142524942755699,1.60901856422424,-0.0760927498340606,-0.202849254012108,-0.543832838535309,-0.810745298862457
-0.555324971675873,-0.142524942755699,1.60901856422424,-0.0760927498340606,-0.202849254012108,-0.543832838535309,-0.810745298862457
-0.554085373878479,-0.143203690648079,1.60879969596863,-0.078205369412899,-0.204902917146683,-0.541300296783447,-0.811722099781036
-0.554085373878479,-0.143203690648079,1.60879969596863,-0.078205369412899,-0.204902917146683,-0.541300296783447,-0.811722099781036
-0.553536951541901,-0.14371582865715,1.60864365100861,-0.0792246758937835,-0.20662721991539,-0.539489686489105,-0.81239128112793
-0.552792310714722,-0.143955051898956,1.60850012302399,-0.0800788775086402,-0.206426575779915,-0.539277493953705,-0.812499463558197
-0.552163600921631,-0.14438109099865,1.60841286182404,-0.0810555964708328,-0.207543537020683,-0.538248896598816,-0.812800109386444
-0.551578402519226,-0.145097956061363,1.60830199718475,-0.0815088972449302,-0.209164753556251,-0.536881864070892,-0.813243091106415
-0.550978600978851,-0.145426571369171,1.60832512378693,-0.083086185157299,-0.210156515240669,-0.535987734794617,-0.813417494297028
-0.550209105014801,-0.145718336105347,1.60814106464386,-0.0837223008275032,-0.209700509905815,-0.53641664981842,-0.813187301158905
-0.548844873905182,-0.146854937076569,1.60800874233246,-0.0851830840110778,-0.211139246821404,-0.535384953022003,-0.813343226909637
-0.548844873905182,-0.146854937076569,1.60800874233246,-0.0851830840110778,-0.211139246821404,-0.535384953022003,-0.813343226909637
-0.547498226165771,-0.147991225123405,1.60777139663696,-0.0865696147084236,-0.212528422474861,-0.534113466739655,-0.813670873641968
-0.547498226165771,-0.147991225123405,1.60777139663696,-0.0865696147084236,-0.212528422474861,-0.534113466739655,-0.813670873641968
-0.546063482761383,-0.14916630089283,1.60764241218567,-0.0885582491755485,-0.213559776544571,-0.532916367053986,-0.813971638679504
-0.546063482761383,-0.14916630089283,1.60764241218567,-0.0885582491755485,-0.213559776544571,-0.532916367053986,-0.813971638679504
-0.544542491436005,-0.150436326861382,1.60747647285461,-0.0904724523425102,-0.214606314897537,-0.531842052936554,-0.814188659191132
-0.544542491436005,-0.150436326861382,1.60747647285461,-0.0904724523425102,-0.214606314897537,-0.531842052936554,-0.814188659191132
-0.543833911418915,-0.150952816009521,1.60762143135071,-0.0922149792313575,-0.215171068906784,-0.531106054782867,-0.814324378967285
-0.543254375457764,-0.152327567338943,1.60759198665619,-0.0923178941011428,-0.216918706893921,-0.530754387378693,-0.814078330993652
-0.541577458381653,-0.153452798724174,1.60730814933777,-0.0952847301959991,-0.218062952160835,-0.528262913227081,-0.815050840377808
-0.541577458381653,-0.153452798724174,1.60730814933777,-0.0952847301959991,-0.218062952160835,-0.528262913227081,-0.815050840377808
-0.540873527526855,-0.154600650072098,1.60745215415955,-0.0957890152931213,-0.21860970556736,-0.528786897659302,-0.814505219459534
-0.539982557296753,-0.155332416296005,1.60734140872955,-0.0970662981271743,-0.218907356262207,-0.527518451213837,-0.815096318721771
-0.538297891616821,-0.157025426626205,1.60717129707336,-0.0995976775884628,-0.220068350434303,-0.525852203369141,-0.815554916858673
-0.538297891616821,-0.157025426626205,1.60717129707336,-0.0995976775884628,-0.220068350434303,-0.525852203369141,-0.815554916858673
-0.537378072738647,-0.157968863844871,1.60699355602264,-0.100650772452354,-0.220660135149956,-0.524883151054382,-0.815889954566956
-0.536499559879303,-0.158861950039864,1.6069141626358,-0.102095320820808,-0.221215710043907,-0.523588001728058,-0.816392004489899
-0.534667015075684,-0.160853281617165,1.6067568063736,-0.104890532791615,-0.222527503967285,-0.521674633026123,-0.816905796527863
-0.534667015075684,-0.160853281617165,1.6067568063736,-0.104890532791615,-0.222527503967285,-0.521674633026123,-0.816905796527863
-0.533707559108734,-0.161930829286575,1.60663402080536,-0.10636730492115,-0.223207265138626,-0.520552754402161,-0.817245066165924
-0.532486855983734,-0.162468060851097,1.6067236661911,-0.108874544501305,-0.222820296883583,-0.519189953804016,-0.817887187004089
-0.530698418617249,-0.165208518505096,1.60653841495514,-0.111282102763653,-0.224998012185097,-0.517419099807739,-0.818089127540588
-0.530698418617249,-0.165208518505096,1.60653841495514,-0.111282102763653,-0.224998012185097,-0.517419099807739,-0.818089127540588
-0.52869325876236,-0.167609184980392,1.6063117980957,-0.114318832755089,-0.226303681731224,-0.515636324882507,-0.818435788154602
-0.52869325876236,-0.167609184980392,1.6063117980957,-0.114318832755089,-0.226303681731224,-0.515636324882507,-0.818435788154602
-0.52720034122467,-0.170514941215515,1.60598027706146,-0.117486916482448,-0.228326469659805,-0.517336010932922,-0.816349983215332
-0.52720034122467,-0.170514941215515,1.60598027706146,-0.117486916482448,-0.228326469659805,-0.517336010932922,-0.816349983215332
-0.526134788990021,-0.171821936964989,1.60589170455933,-0.119389176368713,-0.228743687272072,-0.51614385843277,-0.816711843013763
-0.525111436843872,-0.173162713646889,1.60572111606598,-0.121308997273445,-0.229917198419571,-0.515342533588409,-0.81660532951355
-0.522949755191803,-0.175950154662132,1.60560083389282,-0.125662967562675,-0.231155127286911,-0.513221323490143,-0.816933333873749
-0.52194207906723,-0.177273064851761,1.60549247264862,-0.128273874521255,-0.231748104095459,-0.512540578842163,-0.816786885261536
-0.520761132240295,-0.178898990154266,1.60533976554871,-0.130010187625885,-0.232106566429138,-0.511701643466949,-0.816936612129211
-0.520761132240295,-0.178898990154266,1.60533976554871,-0.130010187625885,-0.232106566429138,-0.511701643466949,-0.816936612129211
-0.519710004329681,-0.180390179157257,1.60520720481873,-0.132532998919487,-0.23283477127552,-0.510639905929565,-0.816988348960876
-0.51869136095047,-0.181757733225822,1.60503482818604,-0.135288134217262,-0.233340471982956,-0.509505212306976,-0.817100942134857
-0.517631053924561,-0.183453977108002,1.6047728061676,-0.137190297245979,-0.233707085251808,-0.508659899234772,-0.817205667495728
-0.516575157642365,-0.184844851493835,1.60460007190704,-0.140191808342934,-0.234042719006538,-0.50772887468338,-0.817179203033447
-0.515473425388336,-0.186394408345222,1.60459351539612,-0.142935022711754,-0.234336450695991,-0.506635725498199,-0.817298233509064
-0.514337539672852,-0.187930345535278,1.60441315174103,-0.145688191056251,-0.234779343008995,-0.505031585693359,-0.817677676677704
-0.512994229793549,-0.189155831933021,1.60413718223572,-0.148339033126831,-0.233867198228836,-0.503600776195526,-0.81834465265274
-0.512285470962524,-0.191046595573425,1.60402309894562,-0.150989100337029,-0.235213860869408,-0.502874851226807,-0.817920327186584
-0.511001110076904,-0.192204862833023,1.60369992256165,-0.154118239879608,-0.23458306491375,-0.500965476036072,-0.818689227104187
-0.510142624378204,-0.19439123570919,1.60350871086121,-0.155874863266945,-0.235704675316811,-0.500265657901764,-0.818462431430817
-0.50915539264679,-0.195940062403679,1.60332691669464,-0.158842727541923,-0.23580065369606,-0.498727858066559,-0.818802654743195
-0.5081986784935,-0.197293162345886,1.60302114486694,-0.161811023950577,-0.235745429992676,-0.497461199760437,-0.819007694721222
-0.507231950759888,-0.198856383562088,1.60263431072235,-0.164344623684883,-0.236112117767334,-0.495794385671616,-0.819408237934113
-0.507231950759888,-0.198856383562088,1.60263431072235,-0.164344623684883,-0.236112117767334,-0.495794385671616,-0.819408237934113
-0.504387319087982,-0.203588396310806,1.60187304019928,-0.17197722196579,-0.236499398946762,-0.491221249103546,-0.820483803749084
-0.504387319087982,-0.203588396310806,1.60187304019928,-0.17197722196579,-0.236499398946762,-0.491221249103546,-0.820483803749084
-0.503435909748077,-0.20498426258564,1.60155630111694,-0.174650892615318,-0.236284792423248,-0.489409148693085,-0.821063637733459
-0.502421617507935,-0.206103906035423,1.60112297534943,-0.177730590105057,-0.234528377652168,-0.486682951450348,-0.822525441646576
-0.501631855964661,-0.207390427589417,1.6008962392807,-0.180758759379387,-0.233911424875259,-0.483758389949799,-0.823765516281128
-0.500707924365997,-0.208886295557022,1.60054004192352,-0.182316705584526,-0.235688626766205,-0.484449088573456,-0.822508752346039
-0.499921321868896,-0.210394024848938,1.60026717185974,-0.185082525014877,-0.234735250473022,-0.482164740562439,-0.823505342006683
-0.499427020549774,-0.212157219648361,1.5999972820282,-0.186157196760178,-0.236723616719246,-0.482743889093399,-0.822353839874268
-0.498443394899368,-0.213135734200478,1.59972846508026,-0.189648613333702,-0.234406352043152,-0.478464692831039,-0.824717283248901
-0.497600227594376,-0.214491039514542,1.59945571422577,-0.19109009206295,-0.236216053366661,-0.479063361883163,-0.823519885540009
-0.497261524200439,-0.216282516717911,1.59921872615814,-0.193298757076263,-0.236292347311973,-0.477670758962631,-0.823791444301605
-0.496489882469177,-0.217687219381332,1.59891581535339,-0.194294527173042,-0.236999705433845,-0.478044092655182,-0.823137164115906
-0.495239794254303,-0.220280662178993,1.59837889671326,-0.19873733818531,-0.236444100737572,-0.474665015935898,-0.824190974235535
-0.495239794254303,-0.220280662178993,1.59837889671326,-0.19873733818531,-0.236444100737572,-0.474665015935898,-0.824190974235535
-0.494222104549408,-0.221477836370468,1.59816217422485,-0.200995147228241,-0.236915394663811,-0.470058858394623,-0.826145768165588
-0.494096457958221,-0.222827136516571,1.5979665517807,-0.202490955591202,-0.236385390162468,-0.473099708557129,-0.824194192886353
-0.493541568517685,-0.224220409989357,1.59767258167267,-0.20390023291111,-0.235499262809753,-0.471182227134705,-0.825198233127594
-0.492365658283234,-0.22502626478672,1.59733438491821,-0.206088691949844,-0.235699489712715,-0.468042582273483,-0.826383292675018
-0.49189704656601,-0.226253867149353,1.59704852104187,-0.207547843456268,-0.235667422413826,-0.467128545045853,-0.826544523239136
-0.491297245025635,-0.227170646190643,1.59687376022339,-0.209718897938728,-0.23513688147068,-0.466176569461823,-0.826684951782227
-0.490715026855469,-0.229964539408684,1.59650051593781,-0.212655201554298,-0.234923288226128,-0.464252233505249,-0.827078461647034
-0.490715026855469,-0.229964539408684,1.59650051593781,-0.212655201554298,-0.234923288226128,-0.464252233505249,-0.827078461647034
-0.490141332149506,-0.230929762125015,1.59621381759644,-0.214097633957863,-0.233914911746979,-0.463132977485657,-0.827619433403015
-0.489615619182587,-0.231949493288994,1.5959380865097,-0.215684473514557,-0.234106287360191,-0.463855385780334,-0.826748251914978
-0.489495187997818,-0.233348309993744,1.59569573402405,-0.216739550232887,-0.233906522393227,-0.462495654821396,-0.8272904753685
-0.488899230957031,-0.234208941459656,1.59545314311981,-0.218280285596848,-0.232837736606598,-0.461452633142471,-0.827769219875336
-0.488778918981552,-0.235440894961357,1.59499943256378,-0.21925638616085,-0.2331662774086,-0.461377739906311,-0.827460408210754
-0.488372683525085,-0.236451864242554,1.59489560127258,-0.220822915434837,-0.233698144555092,-0.461903005838394,-0.82660037279129
-0.488027721643448,-0.237488687038422,1.59469175338745,-0.222268477082253,-0.233462691307068,-0.461167812347412,-0.826689839363098
-0.488027721643448,-0.237488687038422,1.59469175338745,-0.222268477082253,-0.233462691307068,-0.461167812347412,-0.826689839363098
-0.487287104129791,-0.239273682236671,1.59417235851288,-0.224910333752632,-0.231700360774994,-0.458605259656906,-0.827895879745483
-0.486957252025604,-0.240250587463379,1.59393990039825,-0.226145565509796,-0.2314273416996,-0.458036601543427,-0.827950537204742
-0.486704230308533,-0.241184547543526,1.59369111061096,-0.227287963032722,-0.231163293123245,-0.457255154848099,-0.828143358230591
-0.486398756504059,-0.242072492837906,1.59348905086517,-0.228316262364388,-0.231816798448563,-0.457749336957932,-0.827404499053955
-0.486249029636383,-0.242940872907638,1.59310340881348,-0.229151770472526,-0.230780437588692,-0.456029415130615,-0.828412413597107
-0.486249029636383,-0.242940872907638,1.59310340881348,-0.229151770472526,-0.230780437588692,-0.456029415130615,-0.828412413597107
-0.485972464084625,-0.244659304618835,1.59287536144257,-0.231839492917061,-0.230933591723442,-0.454966425895691,-0.828206360340118
-0.485796809196472,-0.245537012815475,1.59257352352142,-0.232458412647247,-0.230848804116249,-0.454649418592453,-0.828230500221252
-0.485796809196472,-0.245537012815475,1.59257352352142,-0.232458412647247,-0.230848804116249,-0.454649418592453,-0.828230500221252
-0.485274791717529,-0.24689444899559,1.59227132797241,-0.234313771128654,-0.229894295334816,-0.45308318734169,-0.828831195831299
-0.485274791717529,-0.24689444899559,1.59227132797241,-0.234313771128654,-0.229894295334816,-0.45308318734169,-0.828831195831299
-0.4849414229393,-0.248229399323463,1.59196543693542,-0.235958501696587,-0.230150163173676,-0.453408449888229,-0.828115522861481
-0.485007226467133,-0.249024301767349,1.59187424182892,-0.236698389053345,-0.230621486902237,-0.453160434961319,-0.827908992767334
-0.484710216522217,-0.249372124671936,1.59170627593994,-0.237399891018867,-0.229587063193321,-0.452402114868164,-0.828410148620605
-0.484832018613815,-0.250072062015533,1.59162294864655,-0.23807218670845,-0.229856118559837,-0.452164500951767,-0.828272342681885
-0.484813272953033,-0.250576734542847,1.59156048297882,-0.23872384428978,-0.228933945298195,-0.45053368806839,-0.829228341579437
-0.484540194272995,-0.250917583703995,1.59144616127014,-0.23914934694767,-0.227801710367203,-0.449997991323471,-0.829708337783813
-0.484460651874542,-0.251418054103851,1.59146595001221,-0.23975183069706,-0.227347552776337,-0.449646115303039,-0.829849660396576
-0.484460651874542,-0.251418054103851,1.59146595001221,-0.23975183069706,-0.227347552776337,-0.449646115303039,-0.829849660396576
-0.484400570392609,-0.252212911844253,1.59121835231781,-0.240194067358971,-0.226381212472916,-0.449263513088226,-0.830193102359772
-0.484603404998779,-0.252733588218689,1.59114980697632,-0.24024772644043,-0.226715251803398,-0.449695706367493,-0.829852402210236
-0.484585404396057,-0.253059893846512,1.59110057353973,-0.240400314331055,-0.226334854960442,-0.449743330478668,-0.829886257648468
-0.484559059143066,-0.253365993499756,1.59105598926544,-0.240561172366142,-0.225902646780014,-0.449901461601257,-0.829871714115143
-0.484544187784195,-0.253637850284576,1.59114480018616,-0.240944519639015,-0.225564852356911,-0.450033366680145,-0.82978081703186
-0.484526962041855,-0.253841876983643,1.59112811088562,-0.241074085235596,-0.225084275007248,-0.450275301933289,-0.82974249124527
-0.484589397907257,-0.254236459732056,1.59093761444092,-0.240477964282036,-0.224906533956528,-0.450853437185287,-0.82964962720871
-0.484589397907257,-0.254236459732056,1.59093761444092,-0.240477964282036,-0.224906533956528,-0.450853437185287,-0.82964962720871
-0.484569549560547,-0.254611849784851,1.5910382270813,-0.240723073482513,-0.224156841635704,-0.451646506786346,-0.829350054264069
-0.484517216682434,-0.254771292209625,1.59115016460419,-0.240780621767044,-0.223816856741905,-0.452011942863464,-0.829226136207581
-0.484517216682434,-0.254771292209625,1.59115016460419,-0.240780621767044,-0.223816856741905,-0.452011942863464,-0.829226136207581
-0.484322220087051,-0.2549107670784,1.5911191701889,-0.24058972299099,-0.222603857517242,-0.452733635902405,-0.829214334487915
-0.48432931303978,-0.25508189201355,1.59112095832825,-0.240420669317245,-0.22244131565094,-0.453194379806518,-0.829055190086365
-0.484509855508804,-0.255308479070663,1.59115028381348,-0.240256726741791,-0.222916588187218,-0.453934490680695,-0.828570067882538
-0.484512746334076,-0.255378693342209,1.59105694293976,-0.239857032895088,-0.222717821598053,-0.454445540904999,-0.828459203243256
-0.484275013208389,-0.255283147096634,1.59115898609161,-0.23990386724472,-0.221823185682297,-0.454471945762634,-0.828671097755432
-0.484312355518341,-0.255433052778244,1.59107315540314,-0.239371702075004,-0.22186167538166,-0.454996079206467,-0.8285271525383
-0.4842529296875,-0.255433261394501,1.59125971794128,-0.239546850323677,-0.221722483634949,-0.455167949199677,-0.828419387340546
-0.484237313270569,-0.255396425724029,1.59116518497467,-0.239088773727417,-0.221570581197739,-0.45555168390274,-0.828381359577179
-0.484421014785767,-0.255532473325729,1.59122180938721,-0.238919243216515,-0.222244799137115,-0.456114947795868,-0.827939629554749
-0.484199583530426,-0.255350738763809,1.59123158454895,-0.23866069316864,-0.22156685590744,-0.455996155738831,-0.828261315822601
-0.484199583530426,-0.255350738763809,1.59123158454895,-0.23866069316864,-0.22156685590744,-0.455996155738831,-0.828261315822601
-0.484355568885803,-0.255414366722107,1.59130811691284,-0.238140121102333,-0.222478494048119,-0.456650704145432,-0.827805936336517
-0.484301924705505,-0.255355834960938,1.59144115447998,-0.23803848028183,-0.222679510712624,-0.456814229488373,-0.827690958976746
-0.484051704406738,-0.255111932754517,1.59145903587341,-0.237813755869865,-0.222072452306747,-0.456683248281479,-0.8279909491539
-0.484217137098312,-0.255173355340958,1.59148263931274,-0.237480521202087,-0.222966507077217,-0.45717379450798,-0.827575445175171
-0.484165102243423,-0.255072116851807,1.59150969982147,-0.237145587801933,-0.223176568746567,-0.457424610853195,-0.827476322650909
-0.484143555164337,-0.254940539598465,1.5915459394455,-0.236862286925316,-0.223469704389572,-0.45763298869133,-0.827363073825836
-0.484087824821472,-0.254824966192245,1.59158802032471,-0.236590310931206,-0.223700776696205,-0.457807809114456,-0.827281653881073
-0.484060168266296,-0.254685044288635,1.59162831306458,-0.236279845237732,-0.223975762724876,-0.458118736743927,-0.827123880386353
-0.48403537273407,-0.254523575305939,1.59167611598969,-0.236028611660004,-0.224245667457581,-0.458295106887817,-0.827024757862091
-0.484016507863998,-0.254356443881989,1.59172236919403,-0.235771581530571,-0.224515154957771,-0.458361566066742,-0.826988220214844
-0.484003514051437,-0.254182130098343,1.59177231788635,-0.235443264245987,-0.224968984723091,-0.458644300699234,-0.826801538467407
-0.483818680047989,-0.253854602575302,1.59166181087494,-0.23482146859169,-0.224607884883881,-0.458679258823395,-0.827057123184204
-0.483761668205261,-0.25365874171257,1.59168577194214,-0.234447076916695,-0.225539699196815,-0.459907025098801,-0.82622754573822
-0.483701586723328,-0.253472834825516,1.59186244010925,-0.234306856989861,-0.225959196686745,-0.459897965192795,-0.826157748699188
-0.483711242675781,-0.253274410963058,1.59192728996277,-0.234041184186935,-0.226306140422821,-0.460057079792023,-0.826049506664276
-0.483710259199142,-0.253074795007706,1.59191393852234,-0.233618184924126,-0.226515218615532,-0.460303485393524,-0.825974702835083
-0.483734786510467,-0.25287276506424,1.59200143814087,-0.233298644423485,-0.22688701748848,-0.460379272699356,-0.825920760631561
-0.483784854412079,-0.25266632437706,1.59205293655396,-0.232960090041161,-0.227147728204727,-0.460529893636703,-0.825860619544983
-0.483821213245392,-0.252454131841659,1.59210860729218,-0.232663869857788,-0.227435141801834,-0.460573226213455,-0.825840830802917
-0.483861416578293,-0.252255260944366,1.59216892719269,-0.232359290122986,-0.227664992213249,-0.460630029439926,-0.825831651687622
-0.483902245759964,-0.251998364925385,1.59224700927734,-0.23208749294281,-0.22790715098381,-0.460554301738739,-0.825883507728577
-0.483902245759964,-0.251998364925385,1.59224700927734,-0.23208749294281,-0.22790715098381,-0.460554301738739,-0.825883507728577
-0.48400816321373,-0.251596540212631,1.59235739707947,-0.231143698096275,-0.228457093238831,-0.460566580295563,-0.825989305973053
-0.484071731567383,-0.251421242952347,1.59240686893463,-0.230705544352531,-0.228674232959747,-0.460600107908249,-0.826033115386963
-0.484224081039429,-0.251244366168976,1.59248864650726,-0.230486005544662,-0.228159740567207,-0.459318399429321,-0.826949834823608
-0.484294444322586,-0.251010060310364,1.5925304889679,-0.230172351002693,-0.228331342339516,-0.459662795066833,-0.826798379421234
-0.484411239624023,-0.25082540512085,1.59248304367065,-0.229613900184631,-0.228428542613983,-0.459782093763351,-0.82686060667038
-0.484476536512375,-0.250590801239014,1.59259927272797,-0.229328870773315,-0.228557512164116,-0.459831297397614,-0.826876640319824
-0.484550952911377,-0.250306338071823,1.59268152713776,-0.22894261777401,-0.228615745902061,-0.459835708141327,-0.826965153217316
-0.484856724739075,-0.2502421438694,1.59277486801147,-0.22857429087162,-0.229386568069458,-0.460076451301575,-0.826719582080841
-0.484978795051575,-0.250054687261581,1.59284734725952,-0.228233173489571,-0.229453727602959,-0.460107088088989,-0.826778173446655
-0.4850994348526,-0.24980416893959,1.59292483329773,-0.227913931012154,-0.229374051094055,-0.460223168134689,-0.826823770999908
-0.48524022102356,-0.249553352594376,1.59301209449768,-0.22762168943882,-0.229319632053375,-0.460269689559937,-0.826893508434296
-0.485347181558609,-0.249287202954292,1.59308016300201,-0.22714176774025,-0.230000078678131,-0.461462318897247,-0.826171398162842
-0.485505491495132,-0.249052345752716,1.59317016601562,-0.226668700575828,-0.230034068226814,-0.461430162191391,-0.82630980014801
-0.485655069351196,-0.248718768358231,1.59325933456421,-0.226227998733521,-0.230092197656631,-0.461664438247681,-0.826283574104309
-0.485619425773621,-0.248274713754654,1.59332609176636,-0.225784480571747,-0.229355633258819,-0.461623191833496,-0.826632618904114
-0.485619425773621,-0.248274713754654,1.59332609176636,-0.225784480571747,-0.229355633258819,-0.461623191833496,-0.826632618904114
-0.486048877239227,-0.247666090726852,1.593501329422,-0.224798306822777,-0.229378283023834,-0.461907505989075,-0.826736271381378
-0.486275017261505,-0.24742978811264,1.59360539913177,-0.224245309829712,-0.229291871190071,-0.462060660123825,-0.826824903488159
-0.486559987068176,-0.24714170396328,1.59375035762787,-0.223803922533989,-0.228617608547211,-0.46092614531517,-0.827763915061951
-0.486800223588943,-0.246830031275749,1.59381377696991,-0.223117977380753,-0.228490084409714,-0.46110063791275,-0.827887058258057
-0.487039178609848,-0.246420532464981,1.59392011165619,-0.222436636686325,-0.22823578119278,-0.46116778254509,-0.828103065490723
-0.487322837114334,-0.246198207139969,1.59400200843811,-0.22164736688137,-0.228202790021896,-0.461364895105362,-0.828214049339294
-0.487525016069412,-0.245842397212982,1.59415590763092,-0.22101816534996,-0.228744968771935,-0.462695866823196,-0.827489733695984
-0.487781226634979,-0.245520755648613,1.59427642822266,-0.220365032553673,-0.228575393557548,-0.462736338376999,-0.827688157558441
-0.488035321235657,-0.245330631732941,1.59425783157349,-0.219256162643433,-0.228347241878509,-0.462818950414658,-0.827999413013458
-0.488359123468399,-0.244848787784576,1.59457898139954,-0.219152539968491,-0.227500066161156,-0.461616009473801,-0.828931033611298
-0.489118695259094,-0.244562834501266,1.59469127655029,-0.218112140893936,-0.227088958024979,-0.465057045221329,-0.827393412590027
-0.489594608545303,-0.244380414485931,1.59481716156006,-0.217383340001106,-0.227617368102074,-0.465273499488831,-0.827318131923676
-0.489900231361389,-0.244002938270569,1.59489572048187,-0.216685220599174,-0.227253079414368,-0.465508013963699,-0.827469646930695
-0.49019381403923,-0.243695706129074,1.59499096870422,-0.215907841920853,-0.226990789175034,-0.46585288643837,-0.827550709247589
-0.490529835224152,-0.243313312530517,1.59512579441071,-0.215347617864609,-0.226859226822853,-0.466088771820068,-0.827599823474884
-0.490529835224152,-0.243313312530517,1.59512579441071,-0.215347617864609,-0.226859226822853,-0.466088771820068,-0.827599823474884
-0.490881681442261,-0.242367580533028,1.59535527229309,-0.214016601443291,-0.226604759693146,-0.466789036989212,-0.827620208263397
-0.49118584394455,-0.241990745067596,1.59547066688538,-0.213462382555008,-0.22641159594059,-0.466792672872543,-0.827814102172852
-0.491477519273758,-0.241584330797195,1.59557294845581,-0.212937161326408,-0.226225808262825,-0.466816008090973,-0.827987015247345
-0.491947621107101,-0.241356417536736,1.59570491313934,-0.212380290031433,-0.22670391201973,-0.466948539018631,-0.82792454957962
-0.492188394069672,-0.241095274686813,1.59575617313385,-0.21137061715126,-0.22657585144043,-0.467121541500091,-0.828120410442352
-0.492523640394211,-0.240566790103912,1.59591722488403,-0.211286693811417,-0.226599484682083,-0.466905862092972,-0.828256964683533
-0.492726564407349,-0.240108966827392,1.59598469734192,-0.210636153817177,-0.225225552916527,-0.465187698602676,-0.829762756824493
-0.493071973323822,-0.239713996648788,1.59608674049377,-0.210176706314087,-0.225177317857742,-0.465279698371887,-0.829840838909149
-0.493341267108917,-0.239268451929092,1.59615409374237,-0.209692090749741,-0.224950760602951,-0.465307652950287,-0.83000910282135
-0.493594527244568,-0.23883655667305,1.59638571739197,-0.20956888794899,-0.224949717521667,-0.465075790882111,-0.830170452594757
-0.49405574798584,-0.238569766283035,1.59637069702148,-0.208579152822495,-0.22627180814743,-0.466710180044174,-0.82914263010025
-0.494352400302887,-0.238248139619827,1.59645116329193,-0.207992166280746,-0.226284265518188,-0.466635853052139,-0.82932847738266
-0.494656145572662,-0.237822338938713,1.59655618667603,-0.207631409168243,-0.22629964351654,-0.466646701097488,-0.829408645629883
-0.495004266500473,-0.237427115440369,1.59677708148956,-0.20724718272686,-0.225334241986275,-0.465707540512085,-0.830294787883759
-0.49525049328804,-0.237040311098099,1.59675669670105,-0.206559807062149,-0.225311324000358,-0.465210556983948,-0.83075088262558
-0.495559215545654,-0.236640051007271,1.59683704376221,-0.205992326140404,-0.225408837199211,-0.465240299701691,-0.830848693847656
-0.495888411998749,-0.236187607049942,1.59692823886871,-0.205468058586121,-0.225377127528191,-0.465631306171417,-0.83076810836792
-0.496160179376602,-0.23576994240284,1.59702682495117,-0.204934969544411,-0.225301757454872,-0.465490162372589,-0.830999255180359
-0.49624028801918,-0.23525482416153,1.59707677364349,-0.204301372170448,-0.224483788013458,-0.465489983558655,-0.831376671791077
-0.496514171361923,-0.234770596027374,1.59713292121887,-0.203728228807449,-0.22420035302639,-0.465751588344574,-0.831447184085846
-0.496839553117752,-0.234359741210938,1.59726309776306,-0.202988311648369,-0.224247947335243,-0.465740710496902,-0.831621408462524
-0.497109055519104,-0.233943536877632,1.59736168384552,-0.202218368649483,-0.224916815757751,-0.466974258422852,-0.830936312675476
-0.497427314519882,-0.233523607254028,1.59744501113892,-0.201630994677544,-0.224696353077888,-0.467237859964371,-0.830990552902222
-0.497715383768082,-0.233081355690956,1.59768557548523,-0.201400741934776,-0.224562734365463,-0.467432945966721,-0.830972909927368
-0.498039603233337,-0.232679575681686,1.59778881072998,-0.20048676431179,-0.224418431520462,-0.468242764472961,-0.830776870250702
-0.498328924179077,-0.232247784733772,1.59779024124146,-0.19969367980957,-0.224216416478157,-0.468321859836578,-0.830977857112885
-0.498740971088409,-0.231890618801117,1.59787738323212,-0.19903239607811,-0.223409563302994,-0.467643588781357,-0.831735491752625
-0.499098479747772,-0.231492131948471,1.59793102741241,-0.19826440513134,-0.223365381360054,-0.468025505542755,-0.831715822219849
-0.499409109354019,-0.231097400188446,1.59814834594727,-0.197821497917175,-0.223328873515129,-0.468274503946304,-0.831691026687622
-0.500123798847198,-0.231030747294426,1.59829592704773,-0.197054669260979,-0.224635019898415,-0.469012826681137,-0.831105053424835
-0.500411748886108,-0.230613827705383,1.59838140010834,-0.196456208825111,-0.224596962332725,-0.469039380550385,-0.831242024898529
-0.500539720058441,-0.229999169707298,1.59845995903015,-0.195915132761002,-0.224540695548058,-0.470430999994278,-0.8305983543396
-0.500779807567596,-0.229709625244141,1.59847486019135,-0.194989874958992,-0.224205732345581,-0.470577031373978,-0.830823659896851
-0.501151621341705,-0.229164361953735,1.59853053092957,-0.194724872708321,-0.223855838179588,-0.471209973096847,-0.830621421337128
-0.501515030860901,-0.228775292634964,1.5986590385437,-0.194106265902519,-0.223830118775368,-0.471583306789398,-0.830561339855194
-0.501911342144012,-0.228328794240952,1.59869420528412,-0.193535521626472,-0.223854959011078,-0.471766233444214,-0.830583930015564
-0.502245664596558,-0.227888822555542,1.59881460666656,-0.193174213171005,-0.223561152815819,-0.471987694501877,-0.830621361732483
-0.502571165561676,-0.227450370788574,1.59906077384949,-0.193097874522209,-0.223494350910187,-0.471944332122803,-0.83068174123764
-0.502723217010498,-0.226954221725464,1.59903120994568,-0.192301169037819,-0.221736133098602,-0.470998764038086,-0.831873536109924
-0.503226220607758,-0.226575687527656,1.59924340248108,-0.192180335521698,-0.223119452595711,-0.472422152757645,-0.830723643302917
-0.503609359264374,-0.226119443774223,1.59932160377502,-0.191769257187843,-0.223085388541222,-0.472415626049042,-0.830831468105316
-0.503995060920715,-0.225677743554115,1.59942674636841,-0.191283032298088,-0.222940787672996,-0.472830235958099,-0.830746471881866
-0.504342377185822,-0.225190937519073,1.59955286979675,-0.190988793969154,-0.222665190696716,-0.472892165184021,-0.830852925777435
-0.504665195941925,-0.224881753325462,1.59959173202515,-0.190023750066757,-0.222405880689621,-0.47318172454834,-0.830978751182556
-0.50476086139679,-0.223868802189827,1.59978902339935,-0.190470173954964,-0.221198379993439,-0.472395867109299,-0.831645727157593
-0.505475044250488,-0.223861619830132,1.59986925125122,-0.189449593424797,-0.222210764884949,-0.473074346780777,-0.831223130226135
-0.505552649497986,-0.222794860601425,1.59993970394135,-0.189660921692848,-0.220728546380997,-0.47271853685379,-0.831772148609161
-0.505552649497986,-0.222794860601425,1.59993970394135,-0.189660921692848,-0.220728546380997,-0.47271853685379,-0.831772148609161
-0.506787061691284,-0.2221869379282,1.60010969638824,-0.188199177384376,-0.220503941178322,-0.472412288188934,-0.832337498664856
-0.507126688957214,-0.221707612276077,1.60042178630829,-0.18802672624588,-0.220472127199173,-0.472006469964981,-0.83261513710022
-0.50722736120224,-0.220641106367111,1.60062718391418,-0.188328668475151,-0.219104021787643,-0.471451252698898,-0.833222329616547
-0.50774097442627,-0.220308199524879,1.60069811344147,-0.187348291277885,-0.219347760081291,-0.471359968185425,-0.833430886268616
-0.508416831493378,-0.219974517822266,1.60080802440643,-0.18648362159729,-0.21989381313324,-0.471776366233826,-0.833245277404785
-0.508416831493378,-0.219974517822266,1.60080802440643,-0.18648362159729,-0.21989381313324,-0.471776366233826,-0.833245277404785
-0.509171664714813,-0.218592807650566,1.60104012489319,-0.185260206460953,-0.219696491956711,-0.473349630832672,-0.832677841186523
-0.509417057037354,-0.217713385820389,1.60124731063843,-0.185009300708771,-0.218768775463104,-0.472861289978027,-0.833255112171173
-0.509846925735474,-0.217287495732307,1.60129940509796,-0.183653458952904,-0.217811360955238,-0.472118079662323,-0.834226667881012
-0.51051789522171,-0.216640144586563,1.60157597064972,-0.183406502008438,-0.21823787689209,-0.472325712442398,-0.834051966667175
-0.510680437088013,-0.215447843074799,1.60157001018524,-0.183013543486595,-0.216607123613357,-0.47217920422554,-0.834646165370941
-0.511134207248688,-0.214671611785889,1.60174608230591,-0.182363897562027,-0.216519013047218,-0.472135335206985,-0.834836006164551
-0.511890053749084,-0.21446967124939,1.60199022293091,-0.181088715791702,-0.217480584979057,-0.473122447729111,-0.834304690361023
-0.512284457683563,-0.213573455810547,1.60218369960785,-0.180526793003082,-0.217030838131905,-0.472790241241455,-0.834731876850128
-0.512589752674103,-0.212969720363617,1.60227465629578,-0.178857162594795,-0.217342019081116,-0.47459951043129,-0.833983242511749
-0.513088583946228,-0.212178692221642,1.60247194766998,-0.178132236003876,-0.217269852757454,-0.474891930818558,-0.833990693092346
-0.513586580753326,-0.211068376898766,1.60272562503815,-0.177960455417633,-0.217170879244804,-0.475106030702591,-0.83393120765686
-0.513704836368561,-0.210019260644913,1.60291063785553,-0.177207738161087,-0.215038791298866,-0.473866045475006,-0.835348308086395
-0.514191389083862,-0.208927497267723,1.60308361053467,-0.176749438047409,-0.214872404932976,-0.474052965641022,-0.835382163524628
-0.514191389083862,-0.208927497267723,1.60308361053467,-0.176749438047409,-0.214872404932976,-0.474052965641022,-0.835382163524628
-0.515264391899109,-0.207476109266281,1.60340046882629,-0.17433500289917,-0.215717419981956,-0.475095987319946,-0.83507913351059
-0.515511572360992,-0.206261083483696,1.60362553596497,-0.173707246780396,-0.21608205139637,-0.476311177015305,-0.834423184394836
-0.516308724880219,-0.205763608217239,1.60371649265289,-0.172124266624451,-0.217093914747238,-0.477496713399887,-0.83381062746048
-0.516707420349121,-0.204783469438553,1.60386049747467,-0.170320987701416,-0.218307539820671,-0.479009002447128,-0.832996368408203
-0.517234265804291,-0.204025089740753,1.60405874252319,-0.169460117816925,-0.21661701798439,-0.477512389421463,-0.834471344947815
-0.517708659172058,-0.202868118882179,1.60414469242096,-0.167913213372231,-0.218541398644447,-0.480465024709701,-0.832585275173187
-0.518230378627777,-0.201963394880295,1.6042891740799,-0.167153567075729,-0.218033120036125,-0.479461014270782,-0.83344978094101
-0.518385469913483,-0.200270235538483,1.60437071323395,-0.166304066777229,-0.217935651540756,-0.480176150798798,-0.833233416080475
-0.518909692764282,-0.199433326721191,1.60442268848419,-0.164923459291458,-0.217458575963974,-0.479880124330521,-0.833802819252014
-0.519458055496216,-0.198203906416893,1.60461258888245,-0.163738772273064,-0.218899250030517,-0.481277287006378,-0.832853555679321
-0.52030748128891,-0.197655811905861,1.60482895374298,-0.162466421723366,-0.219440937042236,-0.4812171459198,-0.832994878292084
-0.520522236824036,-0.196072056889534,1.60489058494568,-0.162020966410637,-0.218451976776123,-0.478431791067123,-0.83494371175766
-0.521116137504578,-0.195013865828514,1.60503494739532,-0.160340696573257,-0.218375250697136,-0.480363965034485,-0.834178447723389
-0.521858394145966,-0.194393411278725,1.60511827468872,-0.157641962170601,-0.221389248967171,-0.483360648155212,-0.832164883613586
-0.522408008575439,-0.19331867992878,1.60527360439301,-0.15618821978569,-0.222105905413628,-0.484009295701981,-0.831870973110199
-0.522968947887421,-0.192227929830551,1.60534000396729,-0.154611647129059,-0.22250185906887,-0.484348863363266,-0.831861972808838
-0.523111045360565,-0.19078628718853,1.60549819469452,-0.153397411108017,-0.221722781658173,-0.48423844575882,-0.83235889673233
-0.523733377456665,-0.189547702670097,1.60564363002777,-0.152363747358322,-0.222082287073135,-0.48458731174469,-0.832249939441681
-0.52440083026886,-0.188690349459648,1.60575294494629,-0.150480329990387,-0.222806915640831,-0.48561030626297,-0.831802487373352
-0.52440083026886,-0.188690349459648,1.60575294494629,-0.150480329990387,-0.222806915640831,-0.48561030626297,-0.831802487373352
-0.525665104389191,-0.186692714691162,1.6061338186264,-0.147653311491012,-0.224940419197082,-0.485341757535934,-0.831891715526581
-0.526266872882843,-0.185566842556,1.60623300075531,-0.145882442593574,-0.22440792620182,-0.487405359745026,-0.83114105463028
-0.526555418968201,-0.183890715241432,1.60640621185303,-0.145135849714279,-0.223755061626434,-0.487496346235275,-0.831394374370575
-0.526555418968201,-0.183890715241432,1.60640621185303,-0.145135849714279,-0.223755061626434,-0.487496346235275,-0.831394374370575
-0.527660012245178,-0.181655436754227,1.60673224925995,-0.142129927873611,-0.223986342549324,-0.489237278699875,-0.830828607082367
-0.528470158576965,-0.181060269474983,1.60685861110687,-0.139927372336388,-0.225199207663536,-0.490115880966187,-0.830356657505035
-0.52899044752121,-0.179986163973808,1.60697484016418,-0.138299837708473,-0.225716561079025,-0.491076856851578,-0.829921007156372
-0.528967976570129,-0.178375840187073,1.60705769062042,-0.137810453772545,-0.225913375616074,-0.487127006053925,-0.832273185253143
-0.529452979564667,-0.177354395389557,1.60712075233459,-0.135884061455727,-0.226071387529373,-0.488138973712921,-0.831954121589661
