x,y,z,q0,q1,q2,q3
-0.445703148841858,-0.326786041259766,0.814076721668243,0.502857804298401,-0.100787572562694,0.83676290512085,0.191843137145042
-0.445651233196258,-0.326798260211945,0.814040303230286,0.502620458602905,-0.100582979619503,0.836935460567474,0.19182001054287
-0.445523679256439,-0.326843976974487,0.814051985740662,0.502810001373291,-0.100201956927776,0.836893498897552,0.191705524921417
-0.445426017045975,-0.326864182949066,0.814050197601318,0.503028154373169,-0.100618802011013,0.836722016334534,0.191663548350334
-0.445284307003021,-0.326872497797012,0.813997268676758,0.501452922821045,-0.0999181345105171,0.837605953216553,0.192295983433723
-0.445217728614807,-0.326884329319,0.813940227031708,0.501009941101074,-0.0993466302752494,0.837955892086029,0.192222252488136
-0.445074409246445,-0.326914429664612,0.813954770565033,0.501658201217651,-0.100328914821148,0.837459981441498,0.192182347178459
-0.444981455802917,-0.326951533555984,0.813928067684174,0.502036809921265,-0.101237826049328,0.837180316448212,0.191935196518898
-0.444887965917587,-0.32694998383522,0.813897252082825,0.501961171627045,-0.101065054535866,0.837242007255554,0.19195494055748
-0.444755047559738,-0.326970249414444,0.813892006874084,0.502402603626251,-0.10163889080286,0.836937010288239,0.191827267408371
-0.444632738828659,-0.326981097459793,0.813896477222443,0.502640664577484,-0.102128259837627,0.836757957935333,0.191724613308906
-0.444530695676804,-0.326986700296402,0.813865721225739,0.502716958522797,-0.102310180664062,0.836702167987823,0.19167098402977
-0.444398701190948,-0.326974004507065,0.813857674598694,0.502958536148071,-0.102581530809402,0.836555778980255,0.191531285643577
-0.444277107715607,-0.326982229948044,0.813839554786682,0.503178536891937,-0.102902881801128,0.836415946483612,0.191391944885254
-0.44416007399559,-0.326978594064713,0.813827991485596,0.503350973129272,-0.103102810680866,0.836302936077118,0.191324099898338
-0.444065183401108,-0.326965242624283,0.813789844512939,0.503111600875854,-0.102796405553818,0.836500287055969,0.191256612539291
-0.443973213434219,-0.326950699090958,0.813745737075806,0.502576112747192,-0.102084867656231,0.83691394329071,0.191235482692719
-0.443839579820633,-0.326945334672928,0.813747704029083,0.502750396728516,-0.102275677025318,0.836799681186676,0.191175386309624
-0.443728268146515,-0.326937705278397,0.813714921474457,0.502403020858765,-0.102016195654869,0.837013065814972,0.191292554140091
-0.443595051765442,-0.326945841312408,0.813702166080475,0.502300918102264,-0.101787962019443,0.837145864963531,0.191102162003517
-0.443212032318115,-0.326831936836243,0.813583016395569,0.504848659038544,-0.102362595498562,0.835585415363312,0.190910622477531
-0.443084299564362,-0.326830446720123,0.81358790397644,0.504809200763702,-0.102324813604355,0.835658550262451,0.190714657306671
-0.442969262599945,-0.326837450265884,0.813562989234924,0.504600048065186,-0.10221105068922,0.835838496685028,0.190540835261345
-0.442880481481552,-0.326836466789246,0.813535094261169,0.50404965877533,-0.101274147629738,0.836301684379578,0.190465018153191
-0.442773431539536,-0.326850980520248,0.813519239425659,0.503949105739594,-0.101179957389832,0.836405992507935,0.190323531627655
-0.442630499601364,-0.326856255531311,0.813538551330566,0.504333972930908,-0.101992838084698,0.836110293865204,0.190169259905815
-0.442521929740906,-0.32688295841217,0.813538312911987,0.504156887531281,-0.101445645093918,0.836322546005249,0.189997851848602
-0.442409217357635,-0.326879411935806,0.813513219356537,0.50398313999176,-0.101509533822536,0.836430549621582,0.189949661493301
-0.442317694425583,-0.326896548271179,0.813476800918579,0.503478407859802,-0.100981570780277,0.836807787418365,0.189908012747765
-0.442214518785477,-0.326919704675674,0.813474893569946,0.50341784954071,-0.100947856903076,0.836866438388824,0.189827457070351
-0.44211357831955,-0.326943397521973,0.813461124897003,0.503447294235229,-0.10090259462595,0.836899757385254,0.189626440405846
-0.441989630460739,-0.32698655128479,0.813474655151367,0.503697454929352,-0.101492889225483,0.83669650554657,0.189544185996056
-0.441870272159576,-0.327024281024933,0.813450038433075,0.503521084785461,-0.101461313664913,0.836838185787201,0.189404204487801
-0.441919267177582,-0.327190965414047,0.813556253910065,0.500167906284332,-0.100212067365646,0.838994383811951,0.189415380358696
-0.441713809967041,-0.327108770608902,0.813404321670532,0.502919137477875,-0.100539907813072,0.837353527545929,0.189217269420624
-0.441695749759674,-0.327295929193497,0.813552021980286,0.500134348869324,-0.099792793393135,0.839163482189178,0.188975557684898
-0.441695749759674,-0.327295929193497,0.813552021980286,0.500134348869324,-0.099792793393135,0.839163482189178,0.188975557684898
-0.441517829895019,-0.327378034591675,0.81346070766449,0.498041450977325,-0.0985727980732917,0.840402483940125,0.189636066555977
-0.441442787647247,-0.32742628455162,0.813440442085266,0.497933983802795,-0.0983151942491531,0.84051251411438,0.189564660191536
-0.441363990306854,-0.327488332986832,0.813405752182007,0.49813249707222,-0.0986782759428024,0.840384185314178,0.189423143863678
-0.441283494234085,-0.327565431594849,0.813404440879822,0.498197078704834,-0.0988092571496963,0.840323209762573,0.189454957842827
-0.441278904676437,-0.327618330717087,0.813354015350342,0.498384445905685,-0.0982729271054267,0.840238392353058,0.189617335796356
-0.440824061632156,-0.327672183513641,0.813409388065338,0.504960894584656,-0.103653013706207,0.835740804672241,0.189229741692543
-0.440714180469513,-0.327742546796799,0.813336789608002,0.505095720291138,-0.103539161384106,0.835586428642273,0.189613655209541
-0.440714180469513,-0.327742546796799,0.813336789608002,0.505095720291138,-0.103539161384106,0.835586428642273,0.189613655209541
-0.440587341785431,-0.327863365411758,0.81328147649765,0.505089461803436,-0.103711329400539,0.835566341876984,0.189624607563019
-0.440557450056076,-0.327942043542862,0.813225030899048,0.504591882228851,-0.102896228432655,0.835998296737671,0.189490035176277
-0.440463453531265,-0.327993780374527,0.813231587409973,0.505075752735138,-0.103372886776924,0.835666298866272,0.189405664801598
-0.440219342708588,-0.32808730006218,0.813276886940002,0.506738483905792,-0.105857498943806,0.834377527236938,0.189273238182068
-0.440142303705215,-0.328141808509827,0.813239336013794,0.50661689043045,-0.105807520449162,0.834472060203552,0.189210921525955
-0.440066576004028,-0.328195661306381,0.813202381134033,0.506528556346893,-0.105736292898655,0.834547877311707,0.189152300357819
-0.439970076084137,-0.328253865242004,0.813193321228027,0.506779551506042,-0.105867616832256,0.834391176700592,0.189098015427589
-0.439893126487732,-0.328331530094147,0.813118934631348,0.506589233875275,-0.105837106704712,0.834575176239014,0.188812896609306
-0.439893126487732,-0.328331530094147,0.813118934631348,0.506589233875275,-0.105837106704712,0.834575176239014,0.188812896609306
-0.439835101366043,-0.328562557697296,0.813172936439514,0.503218472003937,-0.10466855019331,0.836761295795441,0.188801869750023
-0.439535886049271,-0.328500658273697,0.813040316104889,0.507089853286743,-0.105870433151722,0.834389626979828,0.188269063830376
-0.43940132856369,-0.328568488359451,0.812995553016663,0.507099092006683,-0.10546451061964,0.834503293037415,0.187968492507934
-0.439278423786163,-0.328620135784149,0.812970519065857,0.507221937179565,-0.105295196175575,0.834475815296173,0.187853828072548
-0.439141511917114,-0.328663796186447,0.812937140464783,0.507380962371826,-0.10532346367836,0.834408342838287,0.187708228826523
-0.438995182514191,-0.328681796789169,0.812837779521942,0.506213366985321,-0.104425944387913,0.83516651391983,0.187989979982376
-0.438842892646789,-0.328736931085586,0.812816321849823,0.506511151790619,-0.104412138462067,0.83505654335022,0.187683373689651
-0.438691467046738,-0.328773468732834,0.812784433364868,0.506723582744598,-0.104506276547909,0.834964573383331,0.187466770410538
-0.438544631004333,-0.328786730766296,0.812719106674194,0.506721138954163,-0.104615069925785,0.834983825683594,0.187327265739441
-0.438411265611649,-0.328826904296875,0.812686562538147,0.50677478313446,-0.10451377928257,0.835026681423187,0.187047228217125
-0.438250452280045,-0.328860431909561,0.812665224075317,0.507063508033752,-0.104672871530056,0.834887981414795,0.186795175075531
-0.438130915164948,-0.328876197338104,0.81261420249939,0.506840765476227,-0.104341447353363,0.835108399391174,0.186599612236023
-0.437984317541122,-0.328903347253799,0.812581717967987,0.506864070892334,-0.104278713464737,0.835138320922852,0.186437174677849
-0.437827199697495,-0.328944742679596,0.812562584877014,0.506585419178009,-0.103186964988708,0.835520565509796,0.186089172959328
-0.437827199697495,-0.328944742679596,0.812562584877014,0.506585419178009,-0.103186964988708,0.835520565509796,0.186089172959328
-0.437496960163116,-0.328979194164276,0.812580168247223,0.507151365280151,-0.103814907371998,0.83515876531601,0.185822397470474
-0.437361806631088,-0.328995704650879,0.812552452087402,0.506749093532562,-0.103471785783768,0.835481584072113,0.185659423470497
-0.437135487794876,-0.328981518745422,0.812538862228394,0.506123065948486,-0.103438876569271,0.835824728012085,0.185841038823128
-0.436999022960663,-0.32898610830307,0.812560677528381,0.506177544593811,-0.103562504053116,0.835786879062653,0.185794562101364
-0.436866581439972,-0.328984081745148,0.812575697898865,0.506172120571136,-0.10399816930294,0.835744798183441,0.185754388570785
-0.436707973480225,-0.328986912965774,0.812613606452942,0.506415247917175,-0.103707157075405,0.835647702217102,0.185691624879837
-0.436586380004883,-0.328982025384903,0.812628388404846,0.506409108638763,-0.103858657181263,0.835658073425293,0.185576587915421
-0.436439454555511,-0.328983664512634,0.812606573104858,0.506189465522766,-0.10389119386673,0.835792541503906,0.185552880167961
-0.436328142881393,-0.328975290060043,0.812590658664703,0.50618577003479,-0.103915445506573,0.835829317569733,0.185383215546608
-0.436216741800308,-0.328986883163452,0.812628149986267,0.506523430347443,-0.104347422719002,0.83561235666275,0.185196757316589
-0.436105281114578,-0.329005777835846,0.812623977661133,0.506492853164673,-0.104390911757946,0.835647165775299,0.185098677873611
-0.435988783836365,-0.329030811786652,0.812632441520691,0.506255269050598,-0.10357803851366,0.835945248603821,0.18485851585865
-0.435873180627823,-0.329046458005905,0.812640368938446,0.506735861301422,-0.104248866438866,0.835614919662476,0.18465818464756
-0.435958445072174,-0.329195946455002,0.812741458415985,0.502801239490509,-0.10277808457613,0.838118076324463,0.184893906116486
-0.435884535312653,-0.329220473766327,0.812722206115723,0.502726256847382,-0.102570496499538,0.838207721710205,0.184806540608406
-0.435803353786469,-0.329256653785706,0.812703728675842,0.502873301506042,-0.10263492166996,0.838142037391663,0.184668391942978
-0.435742348432541,-0.329288572072983,0.812677621841431,0.502795159816742,-0.102458991110325,0.838216602802277,0.184640809893608
-0.435686975717545,-0.32932311296463,0.812607407569885,0.502510190010071,-0.102028459310532,0.838475465774536,0.184479579329491
-0.43561065196991,-0.329368412494659,0.812596082687378,0.502740740776062,-0.102249555289745,0.838306248188019,0.184497535228729
-0.435522437095642,-0.329418987035751,0.812579154968262,0.503313541412354,-0.102680876851082,0.837964057922363,0.18425090610981
-0.435483783483505,-0.329483419656753,0.81254255771637,0.503179788589478,-0.102174825966358,0.838127493858337,0.184154346585274
-0.435426115989685,-0.329543709754944,0.812506496906281,0.503290057182312,-0.102333351969719,0.83805513381958,0.18409426510334
-0.435395538806915,-0.329597026109695,0.812477469444275,0.503068506717682,-0.101908378303051,0.838245868682861,0.184066876769066
-0.435309648513794,-0.329682350158691,0.812396049499512,0.501451671123505,-0.101577125489712,0.839141070842743,0.184582129120827
-0.435263246297836,-0.329753667116165,0.812356352806091,0.501331567764282,-0.101269438862801,0.83927857875824,0.184452325105667
-0.435230314731598,-0.329837411642075,0.812338352203369,0.501447856426239,-0.101223222911358,0.839238226413727,0.184345245361328
-0.435175389051437,-0.329941838979721,0.812316536903381,0.501229405403137,-0.100508853793144,0.839522361755371,0.184035569429397
-0.435043543577194,-0.329868972301483,0.812141597270966,0.505044221878052,-0.101895362138748,0.837156653404236,0.18362033367157
-0.435142129659653,-0.330080896615982,0.812230467796326,0.501104593276978,-0.100776217877865,0.839571893215179,0.184003800153732
-0.43502077460289,-0.330027341842651,0.81206488609314,0.50500625371933,-0.101163037121296,0.837251007556915,0.183699727058411
-0.434977978467941,-0.33010071516037,0.812053263187408,0.505083322525024,-0.101264759898186,0.837212443351746,0.183607622981071
-0.434929609298706,-0.330183893442154,0.812001347541809,0.504885971546173,-0.100773543119431,0.837266325950623,0.184174001216888
-0.434926152229309,-0.33027184009552,0.811980843544006,0.504561543464661,-0.100024186074734,0.837568879127502,0.184095844626427
-0.434926152229309,-0.33027184009552,0.811980843544006,0.504561543464661,-0.100024186074734,0.837568879127502,0.184095844626427
-0.434857070446014,-0.330444395542145,0.811952352523804,0.504127144813538,-0.0995783507823944,0.837897121906281,0.184034332633018
-0.434839755296707,-0.330524742603302,0.811935365200043,0.504039764404297,-0.0993085801601409,0.838010609149933,0.183901712298393
-0.434818029403687,-0.33060821890831,0.811921715736389,0.503906905651093,-0.0988279804587364,0.838158845901489,0.18384949862957
-0.434785485267639,-0.33067861199379,0.811911106109619,0.503824353218079,-0.098782293498516,0.838222205638885,0.183811321854591
-0.434690892696381,-0.330779612064362,0.811923444271088,0.504026472568512,-0.0983094796538353,0.838214039802551,0.183547765016556
-0.434644281864166,-0.330845922231674,0.811903357505798,0.504263877868652,-0.0983443483710289,0.838105797767639,0.183371365070343
-0.434628278017044,-0.330926835536957,0.811881899833679,0.50374972820282,-0.0978509783744812,0.838454723358154,0.183453097939491
-0.434568256139755,-0.33099490404129,0.811878085136414,0.504138708114624,-0.0980200245976448,0.83821976184845,0.183368265628815
-0.434532254934311,-0.331072270870209,0.811874628067017,0.50409871339798,-0.0978802591562271,0.838282763957977,0.183265015482902
-0.434468895196915,-0.331147640943527,0.811886548995972,0.50447678565979,-0.0983320325613021,0.838006973266602,0.183244407176971
-0.434468895196915,-0.331147640943527,0.811886548995972,0.50447678565979,-0.0983320325613021,0.838006973266602,0.183244407176971
-0.434375494718552,-0.331267952919006,0.811870694160461,0.504551112651825,-0.0983029678463935,0.837969481945038,0.183226585388184
-0.434164822101593,-0.331424176692963,0.81200110912323,0.506837010383606,-0.101606406271458,0.836205840110779,0.183172807097435
-0.434071689844131,-0.331490933895111,0.812032520771027,0.507464528083801,-0.102364674210548,0.835736811161041,0.183153539896011
-0.434053838253021,-0.331538140773773,0.811995387077332,0.507205307483673,-0.102008067071438,0.835921108722687,0.183229476213455
-0.434035301208496,-0.331582933664322,0.811971783638,0.506950497627258,-0.10136341303587,0.836161911487579,0.183193728327751
-0.433987557888031,-0.331637054681778,0.811974287033081,0.507004797458649,-0.101492151618004,0.83611136674881,0.183202773332596
-0.433913707733154,-0.331690371036529,0.811998784542084,0.507570803165436,-0.102215223014355,0.835684061050415,0.183183610439301
-0.433885604143143,-0.331731796264648,0.811971426010132,0.507295370101929,-0.101924031972885,0.835879266262054,0.183218121528625
-0.433859407901764,-0.331762850284576,0.811964154243469,0.50722336769104,-0.101794756948948,0.835939466953278,0.183214575052261
-0.433825612068176,-0.331799983978271,0.811947345733643,0.506946563720703,-0.101454071700573,0.836147308349609,0.183221042156219
-0.433790951967239,-0.331839203834534,0.811954736709595,0.50713974237442,-0.10161055624485,0.836018145084381,0.183189213275909
-0.433855891227722,-0.332012414932251,0.81207001209259,0.504347264766693,-0.101609699428081,0.837724089622498,0.183105558156967
-0.433712750673294,-0.331929922103882,0.811939001083374,0.506940841674805,-0.101672023534775,0.836147308349609,0.183116242289543
-0.433675140142441,-0.331954270601273,0.811929166316986,0.50685042142868,-0.101432628929615,0.836231529712677,0.183114767074585
-0.433770060539246,-0.332101255655289,0.812037944793701,0.503736436367035,-0.100825525820255,0.838176488876343,0.18315052986145
-0.433741182088852,-0.332133710384369,0.812031209468842,0.503653824329376,-0.10063998401165,0.838266551494598,0.1830675303936
-0.433712393045425,-0.332162261009216,0.812024831771851,0.503480792045593,-0.100444912910461,0.838389873504639,0.183086156845093
-0.433626800775528,-0.332190304994583,0.812003612518311,0.501803040504456,-0.0997785627841949,0.83931976556778,0.183793619275093
-0.433426320552826,-0.332080662250519,0.811900973320007,0.505987107753754,-0.101238928735256,0.836718738079071,0.183383673429489
-0.433542490005493,-0.332240104675293,0.812006235122681,0.502053678035736,-0.0999590381979942,0.839158654212952,0.183747440576553
-0.433491706848144,-0.332279920578003,0.812013864517212,0.502344250679016,-0.100375033915043,0.838923096656799,0.183801755309105
-0.433459043502808,-0.332326322793961,0.811999320983887,0.502224981784821,-0.100265003740788,0.839000105857849,0.183836802840233
-0.433441162109375,-0.332353830337524,0.811986327171326,0.502087831497192,-0.0998632162809372,0.839123666286469,0.183866128325462
-0.433430433273315,-0.332379847764969,0.81194794178009,0.501632571220398,-0.0992445722222328,0.839463889598846,0.18389043211937
-0.433381587266922,-0.332405477762222,0.811959862709045,0.501853883266449,-0.0994944348931312,0.839294970035553,0.18392314016819
-0.433315575122833,-0.332448780536652,0.811972379684448,0.502234101295471,-0.0999731421470642,0.839033961296082,0.183816194534302
-0.433116376399994,-0.33248969912529,0.812036752700806,0.503766536712646,-0.102067828178406,0.837849736213684,0.183873206377029
-0.433104306459427,-0.332514703273773,0.811994194984436,0.504034459590912,-0.101720444858074,0.837699949741364,0.184014171361923
-0.433080613613129,-0.332531154155731,0.811982035636902,0.503802478313446,-0.101259082555771,0.83789736032486,0.184004366397858
-0.432995617389679,-0.332557111978531,0.812009811401367,0.504359722137451,-0.101935312151909,0.837492167949677,0.183949336409569
-0.432926505804062,-0.332587599754333,0.812014997005463,0.50408524274826,-0.100936867296696,0.837796926498413,0.183864176273346
-0.432751357555389,-0.332465559244156,0.811833679676056,0.507818639278412,-0.101564459502697,0.835456848144531,0.183893501758575
-0.432628184556961,-0.332482606172562,0.811889588832855,0.508681893348694,-0.102483838796616,0.834812462329865,0.183923780918121
-0.432562053203583,-0.332505941390991,0.811885237693787,0.508764028549194,-0.102633707225323,0.834775447845459,0.18378084897995
-0.4325290620327,-0.332496583461761,0.811869025230408,0.508464992046356,-0.102049566805363,0.835022866725922,0.183809995651245
-0.432633846998215,-0.332649767398834,0.811958789825439,0.503958702087402,-0.100408233702183,0.837813138961792,0.184426337480545
-0.432533204555511,-0.332653492689133,0.811990857124329,0.504345417022705,-0.100608736276627,0.837566614151001,0.184379264712334
-0.432326436042786,-0.332504719495773,0.811870396137238,0.508641302585602,-0.101868733763695,0.83496367931366,0.183691129088402
-0.432357549667358,-0.332677274942398,0.812034368515015,0.504665017127991,-0.100159883499145,0.837477803230286,0.184152841567993
-0.43225359916687,-0.332665741443634,0.812046766281128,0.504962146282196,-0.100641548633575,0.837239742279053,0.184158563613892
-0.432204246520996,-0.332650423049927,0.81203430891037,0.504854559898376,-0.100261256098747,0.837370216846466,0.184067144989967
-0.432105541229248,-0.332634538412094,0.811984181404114,0.504508376121521,-0.0997868329286575,0.83764261007309,0.184035047888756
-0.432037115097046,-0.332599550485611,0.81198924779892,0.504500448703766,-0.0997185781598091,0.837646305561066,0.184076517820358
-0.431926012039185,-0.33258843421936,0.812014579772949,0.504954397678375,-0.10028450191021,0.837320148944855,0.18400838971138
-0.431876361370087,-0.332516849040985,0.812015056610107,0.504927933216095,-0.100125044584274,0.837535321712494,0.183186814188957
-0.431775569915771,-0.332482576370239,0.812033653259277,0.505173861980438,-0.100510433316231,0.837358057498932,0.183108314871788
-0.431719690561295,-0.332431077957153,0.812016487121582,0.504862129688263,-0.100007317960262,0.837628126144409,0.183008149266243
-0.43167906999588,-0.332359373569489,0.811996042728424,0.50420743227005,-0.0992883071303367,0.838169097900391,0.182727515697479
-0.431597083806992,-0.332301646471024,0.811983406543732,0.504144132137299,-0.099030002951622,0.838259398937225,0.182627946138382
-0.431529194116592,-0.332236051559448,0.811973929405212,0.504153430461884,-0.0988455489277839,0.838301599025726,0.182508647441864
-0.431482464075089,-0.332158327102661,0.81194806098938,0.503731191158295,-0.0980156138539314,0.838682413101196,0.182373031973839
-0.431372344493866,-0.332088053226471,0.811976432800293,0.504241406917572,-0.0987513661384582,0.838311433792114,0.182271227240562
-0.431110739707947,-0.331877410411835,0.811831593513489,0.506490528583527,-0.0989940389990806,0.836888134479523,0.182443782687187
-0.431317508220673,-0.331653386354446,0.811630368232727,0.502905666828156,-0.0936114862561225,0.839609801769257,0.182697013020515
-0.431212306022644,-0.33158665895462,0.811676263809204,0.503651559352875,-0.0944821387529373,0.839089512825012,0.182584494352341
-0.43113386631012,-0.331518828868866,0.811686635017395,0.50341808795929,-0.0936653912067413,0.83935022354126,0.18245093524456
-0.431067019701004,-0.331443101167679,0.811715483665466,0.503840029239655,-0.0941585898399353,0.839049875736237,0.18241374194622
-0.4310462474823,-0.331328481435776,0.811713755130768,0.503751993179321,-0.0940022021532058,0.839084088802338,0.182580277323723
-0.430984705686569,-0.33123192191124,0.811752557754517,0.504243910312653,-0.0947171002626419,0.838689684867859,0.182664632797241
-0.430957466363907,-0.331151068210602,0.811772108078003,0.504345595836639,-0.0948852524161338,0.838598549365997,0.182715266942978
-0.430900514125824,-0.331040591001511,0.811807215213776,0.504830479621887,-0.0956192687153816,0.838208377361298,0.182783842086792
-0.430881172418594,-0.330946147441864,0.81181526184082,0.50492262840271,-0.0957422628998756,0.838124215602875,0.182850807905197
-0.430880188941956,-0.330847531557083,0.811840951442719,0.505078971385956,-0.0959993600845336,0.837978780269623,0.182950675487518
-0.430858492851257,-0.330726116895676,0.811854362487793,0.505456686019897,-0.096611738204956,0.83766108751297,0.183040112257004
-0.430915296077728,-0.330592036247253,0.81182587146759,0.505108118057251,-0.0964029282331466,0.837854743003845,0.183225765824318
-0.431011646986008,-0.330496698617935,0.81185519695282,0.506413400173187,-0.097612664103508,0.836983501911163,0.182964697480202
-0.431029945611954,-0.330387741327286,0.811877071857452,0.506577789783478,-0.0978973060846328,0.836819529533386,0.183106735348701
-0.430787593126297,-0.33032613992691,0.812079548835754,0.509975850582123,-0.102769657969475,0.834180593490601,0.183046042919159
-0.43079799413681,-0.330233544111252,0.812111973762512,0.510642051696777,-0.103575959801674,0.833694398403168,0.182949393987656
-0.430854231119156,-0.330135643482208,0.812109529972076,0.510707676410675,-0.10360961407423,0.833625137805939,0.183062344789505
-0.430899947881699,-0.330052107572555,0.812115907669067,0.510986983776093,-0.103887483477592,0.833423018455505,0.183046266436577
-0.430907100439072,-0.329977720975876,0.812162578105927,0.511665940284729,-0.104875355958939,0.832872092723846,0.18309298157692
-0.43097335100174,-0.329892784357071,0.812180876731873,0.511767506599426,-0.104724541306496,0.832804918289185,0.183201596140862
-0.431087911128998,-0.329788953065872,0.812149167060852,0.511252164840698,-0.103865712881088,0.833211302757263,0.18328158557415
-0.431141287088394,-0.329698264598846,0.812158703804016,0.511448800563812,-0.103884421288967,0.833077847957611,0.183328688144684
-0.431226968765259,-0.329607129096985,0.812147378921509,0.511536419391632,-0.103998519480228,0.833014607429504,0.183307036757469
-0.431323409080505,-0.329520136117935,0.812142431735992,0.511349737644196,-0.103548310697079,0.833163619041443,0.183405637741089
-0.431558430194855,-0.329528838396072,0.812282919883728,0.507467687129974,-0.101970687508583,0.835749447345734,0.183306738734245
-0.43171763420105,-0.329419940710068,0.81225049495697,0.506188690662384,-0.100483380258083,0.836747169494629,0.183112874627113
-0.431792497634888,-0.329313069581985,0.812240719795227,0.506129384040833,-0.100376799702644,0.836769461631775,0.183233991265297
-0.432080090045929,-0.329106867313385,0.812045574188232,0.503185272216797,-0.0959219485521316,0.839040458202362,0.183343604207039
-0.431996881961823,-0.329113364219666,0.812192916870117,0.505644261837006,-0.0994363203644752,0.837147533893585,0.183358803391457
-0.432079344987869,-0.329023778438568,0.812191247940063,0.505538284778595,-0.0991690307855606,0.837233901023865,0.183401197195053
-0.431959211826324,-0.328823298215866,0.812091410160065,0.509698033332825,-0.100740663707256,0.83459860086441,0.183042451739311
-0.431973069906235,-0.328749656677246,0.812126100063324,0.510190904140472,-0.10137265920639,0.834218502044678,0.183052748441696
-0.432037651538849,-0.328678727149963,0.812100887298584,0.509983479976654,-0.101002648472786,0.834385514259338,0.183074235916138
-0.432459503412247,-0.328644812107086,0.812137305736542,0.50575190782547,-0.0973202213644981,0.837416410446167,0.18296879529953
-0.432565003633499,-0.328858077526092,0.812369525432587,0.506120383739471,-0.0952061340212822,0.837643802165985,0.182019397616386
-0.432563006877899,-0.328779876232147,0.812407612800598,0.506509721279144,-0.0959201678633689,0.837301194667816,0.182136967778206
-0.432658106088638,-0.328671634197235,0.812376201152802,0.506050527095795,-0.0956398919224739,0.837566614151001,0.182340770959854
-0.432544529438019,-0.328454852104187,0.812261164188385,0.509024679660797,-0.0961674824357032,0.835699856281281,0.182350262999535
-0.432716459035873,-0.328479140996933,0.812370300292969,0.505516767501831,-0.0949951484799385,0.837915539741516,0.182555168867111
-0.432591676712036,-0.328254133462906,0.812262058258057,0.508472740650177,-0.0953445583581924,0.83610588312149,0.182460427284241
-0.432560563087463,-0.328159242868423,0.812301754951477,0.508691489696503,-0.0957830622792244,0.83592963218689,0.182428762316704
-0.432584345340729,-0.328051835298538,0.81228244304657,0.508169293403625,-0.0950051322579383,0.836336016654968,0.182428792119026
-0.432555139064789,-0.327950537204742,0.812318801879883,0.508253574371338,-0.095143161714077,0.83625066280365,0.182513043284416
-0.4325230717659,-0.327842324972153,0.812339305877686,0.508335590362549,-0.0952740609645843,0.836201131343842,0.18244332075119
-0.432472825050354,-0.327752530574799,0.81236320734024,0.508253037929535,-0.0943207517266273,0.836408734321594,0.182216912508011
-0.432309567928314,-0.327304750680923,0.812214612960815,0.509126842021942,-0.0983310341835022,0.835140883922577,0.183468788862228
-0.432298094034195,-0.327180355787277,0.81222677230835,0.508710741996765,-0.0975378006696701,0.835485219955444,0.183478251099586
-0.432239025831222,-0.32704895734787,0.812264442443848,0.50909823179245,-0.0980614572763443,0.835179507732391,0.183515593409538
-0.432124942541122,-0.326916337013245,0.812371015548706,0.50960236787796,-0.0980085805058479,0.834897816181183,0.18342724442482
-0.432179182767868,-0.32691690325737,0.812564253807068,0.506361126899719,-0.0979186594486236,0.836940705776215,0.183141052722931
-0.432133257389069,-0.326758503913879,0.812587380409241,0.50592440366745,-0.097423642873764,0.837340712547302,0.182783782482147
-0.432050108909607,-0.326622277498245,0.812639832496643,0.506245017051697,-0.0977406799793243,0.837142169475555,0.182635575532913
-0.432052463293076,-0.326259195804596,0.812389492988586,0.506796419620514,-0.0941061303019523,0.837289750576019,0.182338744401932
-0.431914567947388,-0.326131582260132,0.812495231628418,0.507792472839355,-0.0952457338571548,0.836588978767395,0.182192668318748
-0.431791603565216,-0.325982332229614,0.812523365020752,0.506781756877899,-0.0945428535342216,0.837227463722229,0.182439222931862
-0.43166372179985,-0.325868129730225,0.812599420547485,0.507520258426666,-0.0953394845128059,0.836721658706665,0.182292923331261
-0.431608885526657,-0.325736701488495,0.812645137310028,0.507404446601868,-0.0951423197984695,0.83682119846344,0.182260766625404
-0.431519329547882,-0.325586259365082,0.812711596488953,0.507638871669769,-0.0951133891940116,0.836677491664886,0.182282567024231
-0.431481629610062,-0.325452238321304,0.812721014022827,0.506992697715759,-0.0940691083669662,0.837218105792999,0.182140707969665
-0.431380480527878,-0.325327008962631,0.812788248062134,0.50719553232193,-0.0942256972193718,0.837095141410828,0.182060033082962
-0.431366264820099,-0.325174659490585,0.812782347202301,0.506222009658813,-0.0927671045064926,0.83787602186203,0.181926846504211
-0.43130087852478,-0.325037717819214,0.812821269035339,0.50580906867981,-0.092483602464199,0.838184773921967,0.181797251105309
-0.43130087852478,-0.325037717819214,0.812821269035339,0.50580906867981,-0.092483602464199,0.838184773921967,0.181797251105309
-0.431178420782089,-0.324669063091278,0.812919616699219,0.504200994968414,-0.0908366665244102,0.839578807353973,0.180658251047134
-0.430856138467789,-0.32452392578125,0.813045978546143,0.505602419376373,-0.0931219756603241,0.838530659675598,0.180445730686188
-0.430789053440094,-0.324352473020554,0.813046455383301,0.504601240158081,-0.0919292867183685,0.839331865310669,0.180135011672974
-0.43093204498291,-0.324044972658157,0.812914252281189,0.500664830207825,-0.0860802009701728,0.842292845249176,0.180187866091728
-0.430772840976715,-0.323891043663025,0.812994182109833,0.500476241111755,-0.0860098525881767,0.842434883117676,0.180081278085709
-0.430568695068359,-0.323729962110519,0.813112497329712,0.500056505203247,-0.0849658921360969,0.842860639095306,0.179750442504883
-0.430347740650177,-0.323500484228134,0.813215315341949,0.499159514904022,-0.0831844434142112,0.843601644039154,0.179600864648819
-0.430212289094925,-0.323318094015121,0.813552737236023,0.494873493909836,-0.0803977325558662,0.846515536308289,0.179019674658775
-0.429725378751755,-0.32298281788826,0.813864767551422,0.493629366159439,-0.0787713974714279,0.847160696983337,0.180122375488281
-0.429446488618851,-0.3223517537117,0.813808023929596,0.493507713079453,-0.0722786784172058,0.847889184951782,0.179749518632889
-0.429122447967529,-0.322042316198349,0.813995838165283,0.491895914077759,-0.0687458366155624,0.849127888679504,0.179706290364265
-0.428879380226135,-0.321691542863846,0.814127624034882,0.48955899477005,-0.0654342472553253,0.85062038898468,0.180264830589294
-0.428767025470734,-0.321412920951843,0.814425706863403,0.483349680900574,-0.061956487596035,0.854231476783752,0.181171357631683
-0.428038507699966,-0.320952355861664,0.814637780189514,0.485369890928268,-0.0638974234461784,0.8526970744133,0.182321026921272
-0.427978992462158,-0.320694774389267,0.814914226531982,0.477643668651581,-0.0588341988623142,0.857108294963837,0.183740794658661
-0.427310287952423,-0.32036480307579,0.815207302570343,0.480390876531601,-0.0600167997181415,0.855416119098663,0.184081301093102
-0.426712512969971,-0.320144265890121,0.815598368644714,0.47856017947197,-0.0605485141277313,0.856126725673676,0.18536750972271
-0.426241099834442,-0.319986671209335,0.81599634885788,0.476240992546081,-0.0606824196875095,0.857448935508728,0.185185462236404
-0.42555844783783,-0.319852322340012,0.816360473632812,0.473596006631851,-0.0611144751310348,0.858687996864319,0.186082601547241
-0.425048828125,-0.319727897644043,0.816688299179077,0.469786375761032,-0.0577169395983219,0.860951602458954,0.186364740133285
-0.424405425786972,-0.319566994905472,0.817095756530762,0.464722990989685,-0.054301917552948,0.863866984844208,0.186594575643539
-0.423728168010712,-0.319297134876251,0.817546486854553,0.460614919662476,-0.0490818805992603,0.866448223590851,0.186258777976036
-0.422782182693481,-0.319767236709595,0.81845623254776,0.447423815727234,-0.049858633428812,0.870839357376099,0.197395384311676
-0.421955913305283,-0.32002204656601,0.819262146949768,0.447101652622223,-0.0478804633021354,0.871711015701294,0.194750249385834
-0.421012461185455,-0.319940060377121,0.819906830787659,0.444539666175842,-0.0488311648368835,0.873231947422028,0.193561092019081
-0.420059621334076,-0.319942951202393,0.820525884628296,0.44064199924469,-0.0451665669679641,0.875685513019562,0.192274674773216
-0.419092237949371,-0.319926381111145,0.821121692657471,0.437100112438202,-0.0441710092127323,0.877853453159332,0.190697714686394
-0.418077737092972,-0.319833159446716,0.821672201156616,0.433898329734802,-0.0423108488321304,0.879967629909515,0.188677534461021
-0.41741931438446,-0.319758415222168,0.822297751903534,0.430142790079117,-0.038492202758789,0.882798790931702,0.184829592704773
-0.415899217128754,-0.318790674209595,0.822436094284058,0.439113289117813,-0.0414388589560985,0.880087971687317,0.175805822014809
-0.414956569671631,-0.319734454154968,0.823557138442993,0.424498498439789,-0.03647106513381,0.886072993278503,0.182607874274254
-0.413632392883301,-0.31976243853569,0.824275135993958,0.422246843576431,-0.0364042557775974,0.88764762878418,0.180178076028824
-0.412458211183548,-0.319795578718185,0.825229525566101,0.422453582286835,-0.0366073101758956,0.888573110103607,0.175016835331917
-0.411004453897476,-0.319787889719009,0.825905740261078,0.416840881109238,-0.0351287350058555,0.891102731227875,0.175913423299789
-0.409769684076309,-0.319812655448914,0.826742470264435,0.416333556175232,-0.0353345349431037,0.892339885234833,0.170726001262665
-0.408493191003799,-0.319715291261673,0.827436327934265,0.410905241966248,-0.0323285833001136,0.895472586154938,0.168049409985542
-0.40707403421402,-0.319556355476379,0.828159213066101,0.404936343431473,-0.028450071811676,0.898362278938293,0.167816281318664
-0.405403912067413,-0.31943017244339,0.829189896583557,0.403966665267944,-0.0296749342232942,0.899246156215668,0.165186256170273
-0.404019117355347,-0.319448918104172,0.830404281616211,0.402909845113754,-0.0298386104404926,0.900885760784149,0.158676669001579
-0.402369201183319,-0.319279462099075,0.831445813179016,0.399036914110184,-0.0301385186612606,0.903155267238617,0.155473634600639
-0.400789767503738,-0.319026052951813,0.832612633705139,0.394752472639084,-0.0288859046995639,0.905445754528046,0.153311043977737
-0.399485051631927,-0.318730235099792,0.833668768405914,0.388010263442993,-0.0243662428110837,0.909038066864014,0.15001392364502
-0.397456735372543,-0.318133324384689,0.834814667701721,0.385228037834167,-0.0283749122172594,0.910583674907684,0.147076681256294
-0.395455867052078,-0.318094968795776,0.8364177942276,0.381991893053055,-0.0277926046401262,0.912485480308533,0.143805265426636
-0.393811374902725,-0.317555963993073,0.837765216827393,0.375329822301865,-0.024473762139678,0.915907502174377,0.140150487422943
-0.392009764909744,-0.317104011774063,0.839338839054108,0.371404409408569,-0.0261601172387599,0.918550729751587,0.132811740040779
-0.392009764909744,-0.317104011774063,0.839338839054108,0.371404409408569,-0.0261601172387599,0.918550729751587,0.132811740040779
-0.387708425521851,-0.31559944152832,0.842611193656921,0.370529651641846,-0.0276445150375366,0.920908153057098,0.1177783831954
-0.385258376598358,-0.314874440431595,0.84434175491333,0.361542403697967,-0.0267586428672075,0.924415051937103,0.118439637124538
-0.383404523134232,-0.314303398132324,0.846401810646057,0.35712605714798,-0.0249397419393062,0.927078485488892,0.11119756102562
-0.381011605262756,-0.31357353925705,0.848466873168945,0.355704247951508,-0.0280608367174863,0.928468406200409,0.103119164705276
-0.381011605262756,-0.31357353925705,0.848466873168945,0.355704247951508,-0.0280608367174863,0.928468406200409,0.103119164705276
-0.376290738582611,-0.312252163887024,0.85274064540863,0.345694959163666,-0.0300879254937171,0.933133900165558,0.0940790548920631
-0.373898953199387,-0.311191558837891,0.854843556880951,0.338522464036941,-0.0313113182783126,0.93614912033081,0.0897043868899345
-0.371300578117371,-0.310499310493469,0.857205033302307,0.332883268594742,-0.0304911639541387,0.938790142536163,0.0832587331533432
-0.368527054786682,-0.309409230947495,0.859514534473419,0.32710400223732,-0.0323321484029293,0.941064476966858,0.0797197595238685
-0.366115033626556,-0.308489233255386,0.862015724182129,0.319808810949326,-0.0285640023648738,0.944248557090759,0.0728078410029411
-0.362877786159515,-0.307521343231201,0.864984631538391,0.319485068321228,-0.0359228737652301,0.944586396217346,0.0662971809506416
-0.360238313674927,-0.306378245353699,0.867562234401703,0.311087727546692,-0.0330469496548175,0.947815120220184,0.0614710338413715
-0.357092440128326,-0.305151909589767,0.870379328727722,0.307773768901825,-0.035134918987751,0.949361503124237,0.0524739548563957
-0.354276359081268,-0.304002434015274,0.873276174068451,0.298778027296066,-0.031972836703062,0.952638983726502,0.0467807203531265
-0.351001143455505,-0.302885115146637,0.876413702964783,0.296719759702682,-0.0353215187788009,0.953472971916199,0.0399912521243095
-0.348095834255219,-0.30151692032814,0.879080772399902,0.286092877388,-0.0319056250154972,0.95706295967102,0.0341093875467777
-0.344694942235947,-0.300349563360214,0.88233482837677,0.282089412212372,-0.0337122455239295,0.958454787731171,0.0255604553967714
-0.344725757837295,-0.301654845476151,0.890464067459106,0.332692116498947,-0.0830360203981399,0.939332127571106,0.0087271565571427
-0.336553603410721,-0.298093050718307,0.888707876205444,0.272938907146454,-0.0345477424561977,0.961349606513977,0.0108495950698852
-0.332984864711761,-0.296813249588013,0.892077565193176,0.266867250204086,-0.0356406718492507,0.963068246841431,0.0033102794550359
-0.332984864711761,-0.296813249588013,0.892077565193176,0.266867250204086,-0.0356406718492507,0.963068246841431,0.0033102794550359
-0.325901031494141,-0.294249027967453,0.898922741413116,0.253000676631927,-0.0326525419950485,0.966836810112,-0.0122939646244049
-0.320924758911133,-0.292243123054504,0.902852475643158,0.255310654640198,-0.0404933020472526,0.96575403213501,-0.0222718585282564
-0.318081319332123,-0.291439145803451,0.90661358833313,0.25093200802803,-0.0400852598249912,0.966724812984467,-0.029485497623682
-0.314715892076492,-0.290087193250656,0.910157442092896,0.240295574069023,-0.0344870314002037,0.969411075115204,-0.0362086407840251
-0.311062902212143,-0.288435071706772,0.913613617420196,0.231575459241867,-0.0333885289728641,0.971300005912781,-0.042830154299736
-0.307225674390793,-0.287045478820801,0.917588829994202,0.226625546813011,-0.0314741097390651,0.972154498100281,-0.0506558343768119
-0.307225674390793,-0.287045478820801,0.917588829994202,0.226625546813011,-0.0314741097390651,0.972154498100281,-0.0506558343768119
-0.299389868974686,-0.283896833658218,0.925109386444092,0.213450714945793,-0.0322233997285366,0.974237084388733,-0.0652881786227226
-0.295222640037537,-0.281948775053024,0.928704619407654,0.206260576844215,-0.0345017313957214,0.975067913532257,-0.0742206275463104
-0.290913701057434,-0.280913680791855,0.931908309459686,0.187358886003494,-0.0251432470977306,0.978728950023651,-0.0797130763530731
-0.287232160568237,-0.278884887695312,0.937001705169678,0.194210886955261,-0.0337866246700286,0.976270437240601,-0.0896469876170158
-0.28290182352066,-0.277334541082382,0.940807938575745,0.187676221132278,-0.0340298265218734,0.976501107215881,-0.100325971841812
-0.279196918010712,-0.277027457952499,0.944782197475433,0.170329794287681,-0.0166717208921909,0.979999661445618,-0.101541720330715
-0.2749382853508,-0.274731576442719,0.948524177074432,0.161087110638618,-0.0206434410065412,0.980652034282684,-0.109299309551716
-0.271100252866745,-0.273938179016113,0.953147292137146,0.153858318924904,-0.0128410048782825,0.980985999107361,-0.117597728967667
-0.26700884103775,-0.271932601928711,0.957246780395508,0.148635685443878,-0.013252449221909,0.980922341346741,-0.124592855572701
-0.267660051584244,-0.272684693336487,0.960731029510498,0.141089200973511,-0.0091866925358772,0.980964601039886,-0.133108958601952
-0.258675575256348,-0.268448352813721,0.965585708618164,0.13879431784153,-0.0074300677515566,0.980275928974152,-0.14049981534481
-0.253221273422241,-0.265949964523315,0.970532417297363,0.134788751602173,-0.003378931665793,0.979591429233551,-0.149067983031273
-0.255050659179688,-0.267554253339767,0.973108410835266,0.127839505672455,-0.0023183822631835,0.979072391986847,-0.158332139253616
-0.251159936189651,-0.266435742378235,0.977709233760834,0.116069853305817,0.0091414311900734,0.979690074920654,-0.163253590464592
-0.254341185092926,-0.284147500991821,0.971923351287842,-0.693245828151703,0.644472301006317,-0.0415490493178367,0.319905817508698
-0.271961897611618,-0.297032356262207,0.966937601566315,-0.693245887756348,0.644472479820251,-0.04154909029603,0.319905906915665
-0.266773015260696,-0.29534450173378,0.97083181142807,-0.693245768547058,0.644472241401672,-0.0415490865707397,0.319905698299408
-0.262023419141769,-0.293076753616333,0.975479185581207,-0.693245828151703,0.644472181797028,-0.0415490083396434,0.319905668497086
-0.258292138576508,-0.293203681707382,0.981887519359589,-0.693245768547058,0.644472241401672,-0.0415489450097084,0.319905996322632
-0.252418220043182,-0.289525330066681,0.984901249408722,-0.693245649337769,0.644472360610962,-0.0415487065911293,0.31990572810173
-0.247597739100456,-0.287074983119965,0.989648878574371,-0.693245649337769,0.644472301006317,-0.0415489412844181,0.319905966520309
-0.242874726653099,-0.285456329584122,0.994377613067627,-0.693245708942413,0.644472122192383,-0.0415488220751285,0.319905936717987
-0.238936722278595,-0.283901691436768,0.999774217605591,-0.693245589733124,0.644472181797028,-0.0415489040315151,0.319905936717987
-0.233692303299904,-0.280897468328476,1.00462710857391,-0.693245589733124,0.644472301006317,-0.041549053043127,0.319905817508698
-0.230002731084824,-0.279436945915222,1.0090479850769,-0.693245768547058,0.644472062587738,-0.041548665612936,0.319905936717987
-0.225423485040665,-0.277179837226868,1.01385736465454,-0.693245708942413,0.644472181797028,-0.0415488854050636,0.319905757904053
-0.220786854624748,-0.274958491325378,1.01843965053558,-0.693245708942413,0.644472122192383,-0.0415490455925464,0.31990584731102
-0.216569498181343,-0.283868670463562,1.02476918697357,-0.717589616775513,0.62746673822403,-0.0262139122933149,0.301104128360748
-0.211404800415039,-0.271573036909103,1.02861821651459,-0.70638644695282,0.638537645339966,-0.0273972414433956,0.304199695587158
-0.211404800415039,-0.271573036909103,1.02861821651459,-0.70638644695282,0.638537645339966,-0.0273972414433956,0.304199695587158
-0.203986003994942,-0.26765301823616,1.03827357292175,-0.706386506557465,0.638537645339966,-0.0273970495909452,0.304199725389481
-0.199943348765373,-0.265213370323181,1.04246580600739,-0.70638644695282,0.638537466526031,-0.0273972935974597,0.304199546575546
-0.195023357868194,-0.261663019657135,1.04665803909302,-0.706386268138885,0.638537704944611,-0.0273975431919097,0.304199486970901
-0.190957501530647,-0.25910359621048,1.05070006847382,-0.706386387348175,0.638537764549255,-0.0273972656577825,0.304199695587158
-0.187025815248489,-0.256285727024078,1.05468618869781,-0.706386387348175,0.638537526130676,-0.0273974444717168,0.304199397563934
-0.185980260372162,-0.279993027448654,1.05333387851715,-0.873067855834961,0.419530361890793,-0.0374601259827613,0.245649501681328
-0.179522231221199,-0.274117261171341,1.058558344841,-0.884908020496368,0.384979724884033,-0.0108264945447444,0.261937499046326
-0.170264318585396,-0.278259634971619,1.06157755851746,-0.901168584823608,0.355307430028915,-0.0572954565286636,0.241597458720207
-0.169258952140808,-0.270074754953384,1.06407999992371,-0.892047822475433,0.360315561294556,-0.0282212607562541,0.271342545747757
-0.160925015807152,-0.273911714553833,1.06655550003052,-0.903884649276733,0.337085545063019,-0.0738496556878089,0.252808600664139
-0.162589088082314,-0.276200413703918,1.07044565677643,-0.894602537155151,0.36357831954956,-0.0265751406550407,0.258439242839813
-0.152982249855995,-0.270492285490036,1.07361042499542,-0.908096075057983,0.326280832290649,-0.0866457149386406,0.247780427336693
-0.149486616253853,-0.266972452402115,1.07480573654175,-0.905848503112793,0.325693130493164,-0.0868062824010849,0.256568074226379
-0.145936593413353,-0.263718694448471,1.07734620571136,-0.905848503112793,0.325693100690842,-0.0868062227964401,0.256568133831024
-0.141554728150368,-0.26257598400116,1.08003807067871,-0.908618986606598,0.314529478549957,-0.0971365496516227,0.256996840238571
-0.137175604701042,-0.260025173425674,1.08198869228363,-0.909858167171478,0.306634187698364,-0.101073354482651,0.260610610246658
-0.133240818977356,-0.257690846920013,1.08413255214691,-0.910516142845154,0.299220681190491,-0.108480401337147,0.263930469751358
-0.129857569932938,-0.255017548799515,1.08686947822571,-0.910516142845154,0.299220651388168,-0.108480378985405,0.263930559158325
-0.125946655869484,-0.252896249294281,1.08878898620605,-0.912860691547394,0.288442224264145,-0.116695448756218,0.264326572418213
-0.12198643386364,-0.250641703605652,1.0907655954361,-0.913550317287445,0.281080484390259,-0.122975684702396,0.267014622688293
-0.11853589117527,-0.248150050640106,1.09241151809692,-0.913526237010956,0.275792598724365,-0.126580521464348,0.27089786529541
-0.11530314385891,-0.246713221073151,1.0948668718338,-0.912686467170715,0.269652187824249,-0.139385417103767,0.273610830307007
-0.111884355545044,-0.24367892742157,1.09687185287476,-0.912686407566071,0.269652187824249,-0.139385417103767,0.273610860109329
-0.113554164767265,-0.243760704994202,1.09644186496735,-0.904224276542664,0.297493457794189,-0.0909910202026367,0.292569130659103
-0.108916893601417,-0.233902782201767,1.09953224658966,-0.906301081180572,0.272881716489792,-0.114842057228088,0.301604598760605
-0.105862349271774,-0.231455877423286,1.10028314590454,-0.904738247394562,0.269964903593063,-0.11816468834877,0.307579010725021
-0.102493301033974,-0.229103624820709,1.10120749473572,-0.904083609580994,0.264948219060898,-0.12199904024601,0.312332719564438
-0.0986396819353103,-0.225743561983108,1.10172820091248,-0.90478789806366,0.258164167404175,-0.119375370442867,0.316954106092453
-0.0952724367380142,-0.22355243563652,1.10288906097412,-0.904972493648529,0.251390188932419,-0.123381897807121,0.320319503545761
-0.0921080261468887,-0.221319779753685,1.1040210723877,-0.904531002044678,0.24551185965538,-0.128591641783714,0.324055254459381
-0.0890870243310928,-0.219173938035965,1.10502290725708,-0.903882741928101,0.240550309419632,-0.132661059498787,0.327922075986862
-0.0861295908689498,-0.216941490769386,1.10597431659698,-0.90322995185852,0.235389471054077,-0.137149125337601,0.331598371267319
-0.078428640961647,-0.221484392881393,1.1083881855011,-0.913719356060028,0.20242103934288,-0.179053112864494,0.303451895713806
-0.0759411603212356,-0.219455599784851,1.10929918289185,-0.913186967372894,0.198901116847992,-0.182031810283661,0.305601567029953
-0.0739912539720535,-0.218598321080208,1.11093461513519,-0.911102592945099,0.19550909101963,-0.192851781845093,0.307370692491531
-0.0715865492820739,-0.216591000556946,1.11168563365936,-0.910530030727386,0.19226336479187,-0.195010244846344,0.309743314981461
-0.0690586119890213,-0.219619810581207,1.10887086391449,-0.905298054218292,0.201258197426796,-0.186512693762779,0.32425856590271
-0.0648507624864578,-0.211979120969772,1.11242151260376,-0.908298254013062,0.171983510255814,-0.199897512793541,0.324741125106812
-0.0628007650375366,-0.209453701972961,1.11254191398621,-0.908510029315948,0.169566795229912,-0.196849972009659,0.327272206544876
-0.0605093389749527,-0.207714408636093,1.11344385147095,-0.90870726108551,0.164834186434746,-0.198612943291664,0.328075617551804
-0.0588650703430175,-0.207201763987541,1.11491298675537,-0.906367301940918,0.161750793457031,-0.209613606333733,0.329237431287766
-0.055942490696907,-0.204598695039749,1.11506426334381,-0.908752620220184,0.156160786747932,-0.20331634581089,0.329310178756714
-0.0536982417106628,-0.203032270073891,1.11595702171326,-0.909254372119904,0.150926366448402,-0.204986318945885,0.329330056905746
-0.051562950015068,-0.201586902141571,1.11674797534943,-0.909354150295258,0.147025749087334,-0.206603527069092,0.329808086156845
-0.0495705306529998,-0.200672537088394,1.11792302131653,-0.90867406129837,0.142787083983421,-0.21206060051918,0.330081403255463
-0.0483164638280868,-0.199888810515404,1.11848449707031,-0.906663119792938,0.141863495111465,-0.218598514795303,0.331739991903305
-0.0457998514175415,-0.197368070483208,1.11853098869324,-0.909185349941254,0.137085199356079,-0.210760906338692,0.331917852163315
-0.0438768565654754,-0.196149080991745,1.1192672252655,-0.909407675266266,0.132733047008514,-0.212969303131103,0.331668078899383
-0.0423085838556289,-0.194757282733917,1.11970221996307,-0.909360945224762,0.130727007985115,-0.212364047765732,0.332978457212448
-0.040455475449562,-0.198614746332168,1.11632180213928,-0.901152074337006,0.140444442629814,-0.212273746728897,0.35091358423233
-0.0372649431228637,-0.192696511745453,1.12008547782898,-0.902778267860413,0.112265929579735,-0.225311696529388,0.348744124174118
-0.0361004918813705,-0.192149490118027,1.1209409236908,-0.902778208255768,0.112265899777412,-0.225311726331711,0.348744124174118
-0.0388310402631759,-0.187458515167236,1.11971032619476,-0.894401490688324,0.138343349099159,-0.203220143914223,0.373642295598984
-0.0330459028482437,-0.190050423145294,1.12172615528107,-0.902759790420532,0.105550870299339,-0.227594554424286,0.349406063556671
-0.0314201414585113,-0.189395099878311,1.12227535247803,-0.902917444705963,0.103139720857143,-0.227960914373398,0.349479794502258
-0.0308316797018051,-0.188819855451584,1.12241721153259,-0.90130215883255,0.103038944303989,-0.231908351182938,0.351078301668167
-0.0290471911430358,-0.186746567487717,1.12206900119781,-0.904392123222351,0.0996465161442756,-0.22158145904541,0.350780516862869
-0.0283827483654022,-0.187288880348206,1.12304401397705,-0.901619613170624,0.0990059450268745,-0.231830984354019,0.351474434137344
-0.0274252295494079,-0.186490893363953,1.12318897247314,-0.90160083770752,0.0982595384120941,-0.230609893798828,0.352534085512161
-0.0255016088485717,-0.185410320758819,1.12350404262543,-0.903684318065643,0.0934426486492157,-0.227027118206024,0.350830286741257
-0.0247236341238021,-0.185055553913116,1.12380862236023,-0.902820587158203,0.0925428569316864,-0.229563802480698,0.351640671491623
-0.0241356790065765,-0.184877008199692,1.1238648891449,-0.901544451713562,0.0928291231393814,-0.232924193143845,0.352628201246262
-0.0222424417734146,-0.187961146235466,1.11910343170166,-0.89199423789978,0.101946100592613,-0.227506697177887,0.377086877822876
-0.0201249420642852,-0.182817935943603,1.12292969226837,-0.892145156860352,0.0742304474115371,-0.241864085197449,0.374257147312164
-0.01850226521492,-0.181241601705551,1.12259554862976,-0.89584618806839,0.0697446092963218,-0.232408970594406,0.372265368700027
-0.0176696926355361,-0.180750370025635,1.12274658679962,-0.896082401275635,0.0681739002466201,-0.232287243008614,0.372063875198364
-0.0168007612228393,-0.181487411260605,1.12377035617828,-0.894482851028442,0.066733069717884,-0.239283815026283,0.371739715337753
-0.0168332159519195,-0.181110113859177,1.12349951267242,-0.893054008483887,0.0678936913609504,-0.241412550210953,0.373583793640137
-0.0163169652223587,-0.180642232298851,1.12352859973907,-0.893054068088531,0.0678937211632728,-0.241412535309792,0.373583763837814
-0.0187637060880661,-0.175900623202324,1.1218478679657,-0.888188183307648,0.0934803485870361,-0.211762323975563,0.396913290023804
-0.0180132985115051,-0.175926178693771,1.12200736999512,-0.887872219085693,0.0914578065276146,-0.214396193623543,0.396677255630493
-0.017446368932724,-0.175539940595627,1.12183213233948,-0.887158095836639,0.0913169607520103,-0.21523617208004,0.397850632667542
-0.0166385024785995,-0.174264520406723,1.1209990978241,-0.888810396194458,0.0901376903057098,-0.207932114601135,0.398315966129303
-0.0159790217876434,-0.174046546220779,1.12081146240234,-0.888972580432892,0.0887917950749397,-0.208105385303497,0.398165553808212
-0.0154044479131698,-0.174403309822082,1.12104642391205,-0.887704432010651,0.0881227403879165,-0.213220551609993,0.398437350988388
-0.0144860446453094,-0.176403880119324,1.1148738861084,-0.876010000705719,0.0989693850278854,-0.206441074609756,0.424492478370667
-0.0122514069080352,-0.171912372112274,1.11870932579041,-0.877671182155609,0.0721174031496048,-0.217085659503937,0.421148717403412
-0.0119394212961196,-0.1716278642416,1.11842024326324,-0.877540707588196,0.0721404924988746,-0.216259181499481,0.421841502189636
-0.0116021484136581,-0.171288043260574,1.11812138557434,-0.877474427223206,0.0718073993921279,-0.215562969446182,0.422392398118973
-0.0112642794847488,-0.171588018536568,1.1183135509491,-0.876003503799438,0.0714322924613952,-0.220687255263328,0.422862231731415
-0.0108612030744552,-0.171380192041397,1.11807668209076,-0.876175284385681,0.0698044151067733,-0.220972776412964,0.42262926697731
-0.0107497423887252,-0.171324282884598,1.11789083480835,-0.875029861927032,0.0698138400912284,-0.223838001489639,0.423491954803467
-0.0103848129510879,-0.171079501509666,1.11761140823364,-0.874911427497864,0.0683650970458984,-0.224918514490128,0.423400640487671
-0.010104477405548,-0.170697093009949,1.1172012090683,-0.874861538410187,0.0675924494862556,-0.224692866206169,0.423747420310974
-0.0102592855691909,-0.170648366212845,1.11670649051666,-0.873522162437439,0.0685783103108406,-0.227593898773193,0.424802601337433
-0.0092845559120178,-0.1690793633461,1.1158572435379,-0.876845002174377,0.0649342164397239,-0.217579334974289,0.423775762319565
-0.009260207414627,-0.169350475072861,1.11589825153351,-0.875322878360748,0.0652503222227096,-0.22183433175087,0.424666464328766
-0.0090545862913131,-0.168974101543427,1.11546540260315,-0.875216484069824,0.0646275430917739,-0.221631333231926,0.425087094306946
-0.0082518309354782,-0.170329436659813,1.10892808437347,-0.862917602062225,0.07460418343544,-0.213824316859245,0.45175975561142
-0.0064286142587661,-0.166088759899139,1.11307382583618,-0.863710701465607,0.046916551887989,-0.225749090313911,0.448151886463165
-0.005222737789154,-0.165993094444275,1.11395812034607,-0.864644646644592,0.0407566763460636,-0.227646425366402,0.445988327264786
-0.0061597973108291,-0.165147989988327,1.11252224445343,-0.863462269306183,0.0449618361890316,-0.22527439892292,0.44906884431839
-0.0059307068586349,-0.164775565266609,1.11239337921143,-0.863462805747986,0.0431043431162834,-0.225992187857628,0.448889434337616
-0.0057791769504547,-0.164361581206322,1.11216044425964,-0.863369345664978,0.0418515838682651,-0.226346835494041,0.449008882045746
-0.0056870430707931,-0.163933470845222,1.11190915107727,-0.863093733787537,0.0412220992147922,-0.226525887846947,0.449506431818008
-0.0058332830667495,-0.164428919553757,1.11218321323395,-0.860514640808105,0.0423234812915325,-0.233559519052505,0.450747460126877
-0.0060149282217025,-0.164337664842606,1.11183178424835,-0.859225630760193,0.042656198143959,-0.236895397305489,0.451433777809143
-0.0058454424142837,-0.163977116346359,1.11167192459106,-0.859133780002594,0.0413194447755813,-0.237416759133339,0.451458871364594
-0.0041243880987167,-0.162667334079742,1.11200487613678,-0.863143563270569,0.0336183980107307,-0.229222491383552,0.448676079511642
-0.0050603151321411,-0.161849945783615,1.11060333251953,-0.861451148986816,0.0391639769077301,-0.227218866348267,0.452481716871262
-0.0051696598529815,-0.162355154752731,1.11101162433624,-0.859067797660828,0.0400329791009426,-0.233649134635925,0.453660666942596
-0.0042894333600997,-0.163821995258331,1.10485768318176,-0.845168232917786,0.0510256215929985,-0.227954730391502,0.48075345158577
-0.0027160793542861,-0.159872949123383,1.10946297645569,-0.844238877296448,0.0235133189707994,-0.241975083947182,0.477656930685043
-0.0021636635065078,-0.159706503152847,1.10975635051727,-0.844549238681793,0.020807147026062,-0.242738515138626,0.476845473051071
-0.0022112280130386,-0.15819451212883,1.10866892337799,-0.845997035503387,0.0207580029964447,-0.235713481903076,0.477805018424988
-0.0019268095493316,-0.158968895673752,1.10946547985077,-0.843940556049347,0.0198651496320962,-0.243302762508392,0.4776751101017
-0.0025167018175125,-0.158686965703964,1.10900723934174,-0.842157244682312,0.0217368975281715,-0.246004283428192,0.479354232549667
-0.0021717846393585,-0.15838386118412,1.10903000831604,-0.842068195343018,0.0194003656506538,-0.247849643230438,0.478660076856613
-0.0020158141851425,-0.158042266964912,1.10884642601013,-0.841843068599701,0.0189137104898691,-0.248368665575981,0.478806376457214
-0.00090092420578,-0.15765780210495,1.10912322998047,-0.843464493751526,0.0146862156689167,-0.246876284480095,0.476869106292725
0.0001408904790878,-0.156650796532631,1.1089653968811,-0.845996260643005,0.0101205883547663,-0.241865381598473,0.475067466497421
-0.0006905794143676,-0.155925899744034,1.10758292675018,-0.844889283180237,0.0153012480586767,-0.239482507109642,0.478096425533295
0.0006258487701416,-0.156067281961441,1.10841608047485,-0.845980107784271,0.0098675703629851,-0.241184741258621,0.475447535514831
0.0039402842521667,-0.159823358058929,1.10953664779663,-0.85149735212326,-0.0193993598222732,-0.262080043554306,0.453750997781753
0.0048143565654754,-0.161184996366501,1.10233020782471,-0.837697386741638,-0.0035013656597584,-0.252884238958359,0.484046250581741
0.0066094696521759,-0.156480997800827,1.10769903659821,-0.836694896221161,-0.0374923646450042,-0.264436542987823,0.47813081741333
0.006827026605606,-0.156224578619003,1.1076455116272,-0.83676815032959,-0.0384748429059982,-0.264716297388077,0.477769792079925
0.0067852884531021,-0.156537979841232,1.10776090621948,-0.835165441036224,-0.0371563509106636,-0.268600791692734,0.478509992361069
0.0080319046974182,-0.15604367852211,1.10826349258423,-0.837208688259125,-0.0430917851626873,-0.267085075378418,0.475279271602631
0.0081128478050231,-0.155694991350174,1.10804605484009,-0.837170481681824,-0.0428507216274738,-0.26665872335434,0.475607514381409
0.0071733146905899,-0.155660331249237,1.10732400417328,-0.834606111049652,-0.0379530154168605,-0.269891649484634,0.478696763515472
0.0074085891246795,-0.155413657426834,1.10739123821259,-0.834556341171265,-0.0397002361714839,-0.270980983972549,0.478026121854782
0.0077363699674606,-0.154486417770386,1.10691320896149,-0.836142301559448,-0.0416883490979671,-0.267247408628464,0.477186471223831
0.0079804360866546,-0.154380440711975,1.1067271232605,-0.836180925369263,-0.0427357070147991,-0.268256813287735,0.476459324359894
0.007969930768013,-0.154873669147491,1.10695266723633,-0.83452171087265,-0.0417451635003089,-0.272841960191727,0.476852387189865
0.0081476271152496,-0.154666185379028,1.10685610771179,-0.834624111652374,-0.0425527021288871,-0.273162126541138,0.476418375968933
0.0083099901676177,-0.154564365744591,1.10673880577087,-0.834776997566223,-0.0430406332015991,-0.273394048213959,0.47597324848175
0.0085869878530502,-0.156479060649872,1.09913325309753,-0.819999217987061,-0.0219361763447523,-0.265802353620529,0.506428122520447
0.0100568234920501,-0.152797937393188,1.10532295703888,-0.816158592700958,-0.0561370700597763,-0.28316205739975,0.500552892684937
0.0119268298149108,-0.151707798242569,1.10624718666077,-0.820716619491577,-0.0669053643941879,-0.277458935976028,0.494938910007477
0.0118436515331268,-0.151633888483047,1.10582363605499,-0.820870578289032,-0.0651598423719406,-0.276682555675507,0.495351076126099
0.0118914395570755,-0.151582285761833,1.10568749904633,-0.821053802967072,-0.064993530511856,-0.276605665683746,0.495111703872681
0.0120318233966827,-0.151625990867615,1.10558450222015,-0.821260213851929,-0.0651889517903328,-0.276969701051712,0.494540184736252
0.0120531022548675,-0.151645332574844,1.10536336898804,-0.821594774723053,-0.0644033104181289,-0.276385366916656,0.494414091110229
0.0120699852705001,-0.151694029569626,1.10513520240784,-0.821895778179169,-0.0636706352233886,-0.275977671146393,0.494236350059509
0.0120390355587005,-0.151729688048363,1.10489916801453,-0.822087943553925,-0.0625330209732055,-0.275514155626297,0.494321197271347
0.0120976418256759,-0.151834025979042,1.10470688343048,-0.822449505329132,-0.0618305578827858,-0.27508819103241,0.494045048952103
0.0120921730995178,-0.151841282844543,1.10452365875244,-0.822609424591064,-0.0609486550092697,-0.274739921092987,0.494081914424896
0.012151762843132,-0.15191487967968,1.10442519187927,-0.822824954986572,-0.0607130751013755,-0.274762570858002,0.49373933672905
0.011296197772026,-0.152279555797577,1.10379064083099,-0.820943474769592,-0.055882778018713,-0.277465045452118,0.495925605297089
0.0123128145933151,-0.152847111225128,1.09571015834808,-0.809310734272003,-0.0373946242034435,-0.260074853897095,0.525336861610413
0.0135296285152435,-0.149412706494331,1.10200643539429,-0.804906249046326,-0.0709350556135177,-0.277663975954056,0.519612371921539
0.0138726383447647,-0.149445682764053,1.10241448879242,-0.804871261119843,-0.0741627216339111,-0.279892981052399,0.518017530441284
0.0138726383447647,-0.149445682764053,1.10241448879242,-0.804871261119843,-0.0741627216339111,-0.279892981052399,0.518017530441284
0.0139935910701751,-0.149526685476303,1.10218739509583,-0.80538547039032,-0.0735550671815872,-0.279640346765518,0.517441213130951
0.0140588134527206,-0.149590089917183,1.10208582878113,-0.805720448493958,-0.0734594240784645,-0.279480278491974,0.517019510269165
0.0140980780124664,-0.149570003151894,1.10198247432709,-0.80603963136673,-0.0731866210699081,-0.27904012799263,0.516798317432404
0.0141079127788543,-0.14960566163063,1.10184335708618,-0.806294500827789,-0.0727872997522354,-0.278813540935516,0.516579329967499
0.0140899121761322,-0.149553865194321,1.10167694091797,-0.8065425157547,-0.0720281973481178,-0.27819237112999,0.516633331775665
0.0140613913536071,-0.149549096822739,1.10153865814209,-0.806718945503235,-0.0714054182171821,-0.277875632047653,0.516614854335785
0.0141050517559051,-0.149567574262619,1.101442694664,-0.806875109672546,-0.0713792145252227,-0.278036564588547,0.516287922859192
0.0148938596248626,-0.149935364723206,1.10228490829468,-0.807491302490234,-0.0743885338306427,-0.279468148946762,0.514122307300568
0.0140693038702011,-0.14954861998558,1.10126686096191,-0.807177484035492,-0.0705363899469375,-0.277837812900543,0.516038179397583
0.0148077756166458,-0.150656521320343,1.09303879737854,-0.795084536075592,-0.0478314198553562,-0.261606425046921,0.545082271099091
0.0132643431425094,-0.148701518774033,1.09695541858673,-0.799754619598389,-0.0530964359641075,-0.264167696237564,0.536459624767303
0.0132643431425094,-0.148701518774033,1.09695541858673,-0.799754619598389,-0.0530964359641075,-0.264167696237564,0.536459624767303
0.0159490704536438,-0.14874966442585,1.10150766372681,-0.798846125602722,-0.0813682600855827,-0.281666129827499,0.525250613689423
0.0159244984388351,-0.148802429437637,1.10144460201263,-0.799132585525513,-0.0810096263885498,-0.281596541404724,0.524907886981964
0.0158509165048599,-0.148843109607697,1.1013457775116,-0.79940527677536,-0.0801667645573616,-0.28124412894249,0.524810671806335
0.0158068984746933,-0.14890792965889,1.1012761592865,-0.799777925014496,-0.079640656709671,-0.280872523784637,0.524522006511688
0.0158068984746933,-0.14890792965889,1.1012761592865,-0.799777925014496,-0.079640656709671,-0.280872523784637,0.524522006511688
0.0156756043434143,-0.149059265851974,1.10113191604614,-0.800405859947205,-0.0785202980041503,-0.280354291200638,0.524010181427002
0.0156092792749404,-0.149141132831573,1.10108947753906,-0.800737142562866,-0.0781666859984397,-0.280136495828628,0.523673415184021
0.0155157148838043,-0.149247974157333,1.10102415084839,-0.801055610179901,-0.0775995701551437,-0.279876917600632,0.523409247398376
0.0154382437467575,-0.149373635649681,1.10099470615387,-0.801437675952911,-0.0772490352392196,-0.279589504003525,0.523029625415802
0.015270322561264,-0.149481818079948,1.10089993476868,-0.801677227020264,-0.0762253105640411,-0.27919140458107,0.523025333881378
0.015940174460411,-0.150783509016037,1.09282314777374,-0.79075700044632,-0.0534080788493156,-0.26262617111206,0.550344049930573
0.0135535150766372,-0.148840337991714,1.09653151035309,-0.795723915100098,-0.0577077642083168,-0.26647162437439,0.540819823741913
0.0145813226699829,-0.148647665977478,1.09917998313904,-0.79422253370285,-0.0746635198593139,-0.278037011623383,0.535099387168884
0.0137726366519927,-0.150100320577621,1.09978139400482,-0.790408968925476,-0.0711168125271797,-0.28732106089592,0.536323189735413
0.0145161002874374,-0.14904910326004,1.09989202022552,-0.794135212898254,-0.0774057582020759,-0.280875712633133,0.533353924751282
0.0133621096611022,-0.150548130273819,1.09994268417358,-0.790700376033783,-0.0701939836144447,-0.287590563297272,0.535870790481567
0.0133514553308486,-0.150893479585647,1.10030388832092,-0.790929198265076,-0.0717362910509109,-0.288916856050491,0.534613728523254
0.013769045472145,-0.149848580360413,1.09999120235443,-0.794933021068573,-0.0747775733470916,-0.280198335647583,0.532896637916565
0.0132529586553573,-0.150160536170006,1.09954643249512,-0.795260727405548,-0.0710102766752243,-0.278307676315308,0.533912897109985
0.0130124688148498,-0.150493443012237,1.09955585002899,-0.79557865858078,-0.0700456649065017,-0.27779832482338,0.53383195400238
0.0127302408218383,-0.15088877081871,1.09957265853882,-0.795580863952637,-0.0688974186778068,-0.278021514415741,0.533861577510834
0.0123509019613265,-0.151240363717079,1.09955811500549,-0.795541644096375,-0.0672782063484191,-0.277891516685486,0.534194469451904
0.0117454975843429,-0.152540951967239,1.10012578964233,-0.793298959732056,-0.064260609447956,-0.283601403236389,0.534899413585663
0.0119745433330535,-0.154601752758026,1.09263551235199,-0.781968593597412,-0.0410447008907794,-0.271072149276733,0.559786319732666
0.0119745433330535,-0.154601752758026,1.09263551235199,-0.781968593597412,-0.0410447008907794,-0.271072149276733,0.559786319732666
0.0129295587539672,-0.15106463432312,1.09945869445801,-0.779732823371887,-0.0781583935022354,-0.283478647470474,0.552763819694519
0.0121063590049743,-0.153027236461639,1.10007584095001,-0.776434421539307,-0.0745773836970329,-0.292574226856232,0.553162157535553
0.0125736147165298,-0.152959376573563,1.1007513999939,-0.778838753700256,-0.0797589495778083,-0.290049195289612,0.550382077693939
0.0120479762554168,-0.153471395373344,1.10067462921143,-0.779085993766785,-0.0771971940994262,-0.289385616779327,0.550746381282806
0.0115127861499786,-0.153324723243713,1.10028064250946,-0.780653178691864,-0.0755914971232414,-0.284876823425293,0.551100611686707
0.0109168291091918,-0.153772056102753,1.10020470619202,-0.780790627002716,-0.0723654106259346,-0.283540666103363,0.552027404308319
0.010510116815567,-0.155247390270233,1.10080099105835,-0.779791474342346,-0.070907138288021,-0.287752836942673,0.551448702812195
0.0100300759077072,-0.155130624771118,1.10062599182129,-0.781085610389709,-0.070546306669712,-0.284372687339783,0.551417112350464
0.0095096230506896,-0.155823409557343,1.10065126419067,-0.781444847583771,-0.0683849304914474,-0.283611357212067,0.551572442054749
0.0090018361806869,-0.157266020774841,1.1011688709259,-0.780409574508667,-0.0659013018012046,-0.287184715270996,0.551491618156433
0.0086241215467453,-0.157470881938934,1.10106873512268,-0.781715393066406,-0.0655562356114387,-0.284477770328522,0.551086008548737
0.0087848603725433,-0.159184142947197,1.09332227706909,-0.77218633890152,-0.0393720492720603,-0.266375660896301,0.57551908493042
0.0070841461420059,-0.157508134841919,1.09720885753632,-0.771868169307709,-0.0469288639724254,-0.271206200122833,0.573118150234222
0.0080523341894149,-0.158277705311775,1.10046827793121,-0.770557701587677,-0.0657159686088562,-0.285526633262634,0.5660360455513
0.0079141855239868,-0.1591876745224,1.10124003887177,-0.770384907722473,-0.0676739066839218,-0.288465678691864,0.564548492431641
0.0074319690465927,-0.160812258720398,1.10199654102325,-0.7686488032341,-0.0658870860934257,-0.294263958930969,0.56413346529007
0.0071992725133895,-0.16108064353466,1.10212516784668,-0.770431339740753,-0.0667826309800148,-0.291286021471024,0.563141524791718
0.0059576481580734,-0.163382947444916,1.10267686843872,-0.766500413417816,-0.0601848363876342,-0.300297230482101,0.564514517784119
0.006183311343193,-0.16284541785717,1.10287523269653,-0.770290613174438,-0.0638658329844474,-0.292980998754501,0.562792658805847
0.0056251436471939,-0.163861617445946,1.10286569595337,-0.770761609077454,-0.060784313827753,-0.292119979858398,0.562936663627625
0.0044326335191726,-0.166239023208618,1.10354375839233,-0.766747772693634,-0.0549146048724651,-0.301762402057648,0.563934147357941
0.0049037486314773,-0.166062206029892,1.10395097732544,-0.771069288253784,-0.0605129785835742,-0.295227319002151,0.560920119285583
0.0033081024885177,-0.168123364448547,1.10421133041382,-0.767189145088196,-0.0511347241699695,-0.301662117242813,0.563743233680725
0.0033081024885177,-0.168123364448547,1.10421133041382,-0.767189145088196,-0.0511347241699695,-0.301662117242813,0.563743233680725
0.0030886679887771,-0.171886682510376,1.09744310379028,-0.76023143529892,-0.0253942962735891,-0.28671333193779,0.582407832145691
0.0037017315626144,-0.16873200237751,1.10408103466034,-0.758299708366394,-0.0589955933392047,-0.297810852527618,0.576896727085114
0.0034216940402984,-0.170038446784019,1.10482084751129,-0.758608341217041,-0.060650784522295,-0.300279140472412,0.575037181377411
0.0029462575912475,-0.171234220266342,1.10517656803131,-0.758608222007751,-0.0606507994234561,-0.30027911067009,0.575037002563477
-0.0016573667526245,-0.16840648651123,1.10412573814392,-0.747379958629608,-0.0228409487754106,-0.289864808320999,0.597394406795502
0.0015042573213577,-0.173682779073715,1.10560822486877,-0.758288264274597,-0.0546717196702957,-0.301574766635895,0.575380563735962
0.0009651184082031,-0.17520859837532,1.1060163974762,-0.758296549320221,-0.0537616312503814,-0.303578168153763,0.574401080608368
0.000327244400978,-0.176537394523621,1.10637998580933,-0.758606851100922,-0.0520899891853332,-0.303854644298553,0.573998868465424
-0.0004007816314697,-0.178034797310829,1.1066153049469,-0.758875072002411,-0.05039057508111,-0.304732799530029,0.573330223560333
-0.001070812344551,-0.179531395435333,1.10679852962494,-0.758874893188477,-0.0503904856741428,-0.304732948541641,0.573330223560333
-0.0058107525110244,-0.177022621035576,1.10566377639771,-0.74888402223587,-0.0121944695711135,-0.292222559452057,0.594667971134186
0.0,0.0,0.0,0.0,0.0,0.0,1.0
-0.0038582384586334,-0.184200063347816,1.10712707042694,-0.758990406990051,-0.0390092208981514,-0.305958539247513,0.573411762714386
-0.0007148683071136,-0.172480851411819,1.13151705265045,-0.622752010822296,-0.21873727440834,-0.428612798452377,0.616948306560516
-0.003934308886528,-0.168917253613472,1.12836933135986,-0.621900141239166,-0.216036722064018,-0.42522069811821,0.621092557907104
-0.0391111820936203,-0.143569216132164,1.13209223747253,-0.147616803646088,0.231158897280693,0.886335670948029,-0.373073875904083
-0.0404301285743713,-0.144850745797157,1.13211786746979,-0.138768687844276,0.235612809658051,0.887228071689606,-0.371559053659439
-0.0405638664960861,-0.147044882178306,1.13242244720459,-0.146873384714127,0.229931607842445,0.888473033905029,-0.369019538164139
-0.0417146980762481,-0.148952603340149,1.13267779350281,-0.144808068871498,0.22923880815506,0.890731453895569,-0.364797979593277
-0.042573481798172,-0.150445282459259,1.13238346576691,-0.139946803450584,0.2348742634058,0.889375805854797,-0.366414725780487
-0.0432685762643814,-0.152855753898621,1.13271224498749,-0.145842105150223,0.229125201702118,0.892115712165833,-0.361055791378021
-0.0438665896654129,-0.154092535376549,1.13211536407471,-0.141342476010322,0.22394984960556,0.893580794334412,-0.362466782331467
-0.0449844896793365,-0.155662208795547,1.13179385662079,-0.132617935538292,0.228825181722641,0.893400609493256,-0.363162517547607
-0.0449844896793365,-0.155662208795547,1.13179385662079,-0.132617935538292,0.228825181722641,0.893400609493256,-0.363162517547607
-0.0466026663780212,-0.160232976078987,1.13168501853943,-0.13964156806469,0.222774878144264,0.897028028964996,-0.355264008045196
-0.047583520412445,-0.162406384944916,1.13142156600952,-0.13816936314106,0.222938477993011,0.897949576377869,-0.353403896093368
-0.0504268556833267,-0.187738642096519,1.11959254741669,-0.802086055278778,0.386152684688568,-0.238756909966469,0.387994199991226
-0.0510243773460388,-0.175108313560486,1.12025833129883,-0.801966369152069,0.380141764879227,-0.231539338827133,0.398411870002747
-0.0602458417415618,-0.186969712376594,1.11537706851959,-0.794062852859497,0.430351257324219,-0.211359083652496,0.373616933822632
-0.0602458417415618,-0.186969712376594,1.11537706851959,-0.794062852859497,0.430351257324219,-0.211359083652496,0.373616933822632
-0.0652667433023452,-0.193120390176773,1.11809206008911,-0.803065478801727,0.450466245412826,-0.185013234615326,0.343418121337891
-0.0685592889785766,-0.194173276424408,1.11862051486969,-0.804554998874664,0.467160046100616,-0.157836049795151,0.330968648195267
-0.0707731992006301,-0.196925774216652,1.11973357200623,-0.808106005191803,0.476185858249664,-0.14251072704792,0.316073626279831
-0.0707731992006301,-0.196925774216652,1.11973357200623,-0.808106005191803,0.476185858249664,-0.14251072704792,0.316073626279831
-0.0752185434103012,-0.202539280056953,1.1216733455658,-0.812730252742767,0.494035005569458,-0.113164894282818,0.287390112876892
-0.0752185434103012,-0.202539280056953,1.1216733455658,-0.812730252742767,0.494035005569458,-0.113164894282818,0.287390112876892
-0.079160988330841,-0.208220079541206,1.12327837944031,-0.815928280353546,0.509356200695038,-0.0848195254802703,0.26004421710968
-0.0813155323266983,-0.21139894425869,1.12407779693604,-0.816562414169312,0.516798973083496,-0.0725701227784156,0.246735334396362
-0.0829768478870391,-0.214010581374168,1.12454462051392,-0.816883563995361,0.523674607276917,-0.0585512146353721,0.234601691365242
-0.0836248397827148,-0.217035800218582,1.12337672710419,-0.816883563995361,0.523674786090851,-0.0585511438548564,0.234601676464081
-0.0859436988830566,-0.220188558101654,1.12345397472382,-0.815459787845612,0.530790865421295,-0.0509341768920421,0.225148946046829
-0.0877505987882614,-0.223193481564522,1.12337291240692,-0.81438821554184,0.536808788776398,-0.0413217991590499,0.216566056013107
-0.0895862132310867,-0.22621288895607,1.12319624423981,-0.812877774238586,0.542930901050568,-0.0325423702597618,0.208318799734116
-0.0913372337818145,-0.229361802339554,1.12291824817657,-0.811644494533539,0.548207581043243,-0.0238877441734075,0.200327232480049
-0.0932636260986328,-0.232816845178604,1.1227502822876,-0.8105309009552,0.552968204021454,-0.0158241353929042,0.192394405603409
-0.0951688885688781,-0.235981717705727,1.12233924865723,-0.808228194713593,0.558923721313477,-0.0066115371882915,0.185277685523033
-0.0968837291002273,-0.239421546459198,1.1218923330307,-0.807050585746765,0.563226222991943,-0.0007854746072553,0.177328258752823
-0.0968837291002273,-0.239421546459198,1.1218923330307,-0.807050585746765,0.563226222991943,-0.0007854746072553,0.177328258752823
-0.0987383723258972,-0.242453634738922,1.12112832069397,-0.804250299930573,0.568889558315277,0.0098714670166373,0.171606466174126
-0.102506458759308,-0.249196171760559,1.11988854408264,-0.800289630889893,0.577400505542755,0.0228778943419456,0.160068586468697
-0.104332029819488,-0.252336412668228,1.11894166469574,-0.797271013259888,0.582422137260437,0.0314899086952209,0.155408024787903
-0.0941700637340545,-0.23388497531414,1.11757552623749,-0.797271251678467,0.582422375679016,0.0314904563128948,0.155407950282097
-0.0943569540977478,-0.222531199455261,1.1170140504837,-0.800343453884125,0.575394570827484,0.0387859418988227,0.163912653923035
-0.0943569540977478,-0.222531199455261,1.1170140504837,-0.800343453884125,0.575394570827484,0.0387859418988227,0.163912653923035
-0.0946238338947296,-0.231400355696678,1.11248302459717,-0.802338302135468,0.569593548774719,0.0456013306975364,0.172444999217987
-0.0956509709358215,-0.24945518374443,1.10711717605591,-0.802338123321533,0.56959342956543,0.045601263642311,0.172444835305214
-0.0958702564239502,-0.241476759314537,1.10554170608521,-0.803989171981812,0.565050184726715,0.0511620119214057,0.178050875663757
-0.097074806690216,-0.256969064474106,1.10197937488556,-0.803989350795746,0.565050363540649,0.0511620976030826,0.178050652146339
-0.097074806690216,-0.256969064474106,1.10197937488556,-0.803989350795746,0.565050363540649,0.0511620976030826,0.178050652146339
-0.0649904459714889,-0.266837120056152,1.12746202945709,-0.914720892906189,0.31697341799736,-0.20477794110775,0.144497230648994
-0.0670094788074493,-0.270603179931641,1.1253068447113,-0.914601981639862,0.322028577327728,-0.198232024908066,0.143195897340775
-0.0689059942960739,-0.274303525686264,1.12291657924652,-0.913963198661804,0.328619539737701,-0.192627549171448,0.139911636710167
-0.0708639621734619,-0.27825540304184,1.12049841880798,-0.913275122642517,0.335141658782959,-0.186328813433647,0.137442260980606
-0.0708639621734619,-0.27825540304184,1.12049841880798,-0.913275122642517,0.335141658782959,-0.186328813433647,0.137442260980606
-0.0708639621734619,-0.27825540304184,1.12049841880798,-0.913275122642517,0.335141658782959,-0.186328813433647,0.137442260980606
-0.0752552598714828,-0.286290466785431,1.11554300785065,-0.91113942861557,0.349881172180176,-0.174071371555328,0.130795791745186
-0.0723301768302917,-0.310717701911926,1.11132061481476,-0.0217586886137723,0.337389677762985,0.830443561077118,-0.442784667015076
-0.0723301768302917,-0.310717701911926,1.11132061481476,-0.0217586886137723,0.337389677762985,0.830443561077118,-0.442784667015076
-0.12327279150486,-0.292977899312973,1.07375979423523,0.0193834397941827,0.197818055748939,0.958320915699005,-0.205215334892273
-0.125654220581055,-0.296319723129272,1.07103192806244,0.0230964496731758,0.194143801927567,0.959938824176788,-0.20072939991951
-0.128201887011528,-0.299652427434921,1.0686000585556,0.0263014305382967,0.193248510360718,0.961036622524262,-0.195887297391891
-0.128201887011528,-0.299652427434921,1.0686000585556,0.0263014305382967,0.193248510360718,0.961036622524262,-0.195887297391891
-0.133392721414566,-0.306253105401993,1.06376612186432,0.0295609645545482,0.192914083600044,0.962969958782196,-0.186008676886559
-0.133392721414566,-0.306253105401993,1.06376612186432,0.0295609645545482,0.192914083600044,0.962969958782196,-0.186008676886559
-0.138652697205543,-0.312979519367218,1.05907928943634,0.0346365310251712,0.195976778864861,0.964122712612152,-0.175672113895416
-0.141634970903397,-0.316247522830963,1.05654549598694,0.040053516626358,0.19515073299408,0.965287744998932,-0.168912962079048
-0.144000068306923,-0.319215476512909,1.05362212657928,0.0444258190691471,0.191836342215538,0.966214418411255,-0.166297718882561
-0.144000068306923,-0.319215476512909,1.05362212657928,0.0444258190691471,0.191836342215538,0.966214418411255,-0.166297718882561
-0.14951066672802,-0.325561434030533,1.04832684993744,0.0515599697828292,0.190498128533363,0.967805683612824,-0.156218498945236
-0.14951066672802,-0.325561434030533,1.04832684993744,0.0515599697828292,0.190498128533363,0.967805683612824,-0.156218498945236
-0.155244827270508,-0.331777185201645,1.04253387451172,0.0586999244987964,0.186471700668335,0.969728589057922,-0.146318599581718
-0.158610671758652,-0.335238337516785,1.04048120975494,0.0617491230368614,0.193050250411034,0.96945583820343,-0.138109311461449
-0.161015421152115,-0.337709188461304,1.03694653511047,0.0681929215788841,0.187204197049141,0.970400393009186,-0.136481896042824
-0.161015421152115,-0.337709188461304,1.03694653511047,0.0681929215788841,0.187204197049141,0.970400393009186,-0.136481896042824
-0.161015421152115,-0.337709188461304,1.03694653511047,0.0681929215788841,0.187204197049141,0.970400393009186,-0.136481896042824
-0.16961869597435,-0.347470909357071,1.02955639362335,0.074043296277523,0.199198082089424,0.968931078910828,-0.126531973481178
-0.16961869597435,-0.347470909357071,1.02955639362335,0.074043296277523,0.199198082089424,0.968931078910828,-0.126531973481178
-0.172706753015518,-0.349224090576172,1.02426755428314,0.0598273649811744,0.200309798121452,0.97102689743042,-0.115773491561413
-0.179460033774376,-0.355271965265274,1.01970136165619,0.0808311030268669,0.196961402893066,0.971230089664459,-0.106698498129845
-0.182251483201981,-0.358129620552063,1.01581454277039,0.065611183643341,0.207981154322624,0.970694839954376,-0.100948221981525
-0.185198709368706,-0.360193789005279,1.0130922794342,0.0892638862133026,0.192175656557083,0.972240030765533,-0.0992472842335701
-0.188023194670677,-0.362806022167206,1.00902891159058,0.0745916292071342,0.201886147260666,0.972120821475983,-0.0930553451180458
-0.191684931516647,-0.365884840488434,1.00673127174377,0.0771635025739669,0.205859258770943,0.971721410751343,-0.08616953343153
-0.194290339946747,-0.367906332015991,1.00273478031158,0.0809512883424758,0.200083464384079,0.972861111164093,-0.0833956226706504
-0.197469592094421,-0.370269984006882,0.999675512313843,0.0840440690517425,0.198458686470985,0.973359823226929,-0.0782392024993896
-0.197469592094421,-0.370269984006882,0.999675512313843,0.0840440690517425,0.198458686470985,0.973359823226929,-0.0782392024993896
-0.203827738761902,-0.374877214431763,0.993362307548523,0.0906602516770362,0.197437852621078,0.973628342151642,-0.0696198344230651
-0.203827738761902,-0.374877214431763,0.993362307548523,0.0906602516770362,0.197437852621078,0.973628342151642,-0.0696198344230651
-0.207067430019379,-0.377126336097717,0.990356862545013,0.0942804813385009,0.196511641144753,0.973819017410278,-0.064583882689476
-0.208841398358345,-0.377920925617218,0.987970411777496,0.109344810247421,0.188571915030479,0.973989248275757,-0.0618817694485187
-0.221795409917831,-0.384411484003067,0.982578456401825,0.133733242750168,0.177805796265602,0.973380923271179,-0.0550472326576709
-0.219670504331589,-0.385600239038467,0.97953450679779,0.124740794301033,0.185416951775551,0.973398208618164,-0.0505584180355072
-0.227812930941582,-0.388198405504227,0.976874768733978,0.13790038228035,0.177422121167183,0.973172724246979,-0.0493938252329826
-0.227812930941582,-0.388198405504227,0.976874768733978,0.13790038228035,0.177422121167183,0.973172724246979,-0.0493938252329826
-0.225372716784477,-0.389648497104645,0.972802400588989,0.111636385321617,0.197776481509209,0.972879707813263,-0.0438989400863647
-0.228325754404068,-0.391549617052078,0.969993531703949,0.117605574429035,0.195914924144745,0.972774863243103,-0.0386709161102771
-0.234023839235306,-0.39520663022995,0.964260578155518,0.121713563799858,0.194642648100853,0.972779333591461,-0.0316289775073528
-0.234023839235306,-0.39520663022995,0.964260578155518,0.121713563799858,0.194642648100853,0.972779333591461,-0.0316289775073528
-0.24469268321991,-0.39955946803093,0.959161818027496,0.139584705233574,0.185989394783974,0.972277760505676,-0.0244952701032161
-0.241071611642837,-0.399379312992096,0.956444203853607,0.138021782040596,0.188286557793617,0.97213613986969,-0.0212024804204702
-0.24486143887043,-0.402054101228714,0.953752219676971,0.134453281760216,0.192240819334984,0.971942186355591,-0.0171511489897966
-0.252498120069504,-0.404421627521515,0.951510787010193,0.146410226821899,0.184342905879021,0.971784889698029,-0.0146861188113689
-0.255081027746201,-0.406002163887024,0.949414312839508,0.152617275714874,0.181486368179321,0.971403539180756,-0.0120814619585871
-0.257574558258057,-0.407385796308517,0.947226047515869,0.158995524048805,0.177733674645424,0.971108257770538,-0.0089473761618137
-0.257574558258057,-0.407385796308517,0.947226047515869,0.158995524048805,0.177733674645424,0.971108257770538,-0.0089473761618137
-0.262183159589767,-0.410474449396133,0.942080318927765,0.155482709407806,0.182688742876053,0.970795452594757,-0.0024776710197329
-0.262183159589767,-0.410474449396133,0.942080318927765,0.155482709407806,0.182688742876053,0.970795452594757,-0.0024776710197329
-0.26379257440567,-0.411835044622421,0.940500676631928,0.162084564566612,0.174208402633667,0.971248984336853,0.0074534839950501
-0.262862175703049,-0.413032293319702,0.935329675674438,0.161179602146149,0.181362569332123,0.970095694065094,0.0065804212354123
-0.262862175703049,-0.413032293319702,0.935329675674438,0.161179602146149,0.181362569332123,0.970095694065094,0.0065804212354123
-0.266992419958115,-0.415830045938492,0.930936634540558,0.15517595410347,0.181097969412804,0.970956206321716,0.0191824845969676
-0.266992419958115,-0.415830045938492,0.930936634540558,0.15517595410347,0.181097969412804,0.970956206321716,0.0191824845969676
-0.271004229784012,-0.417966157197952,0.927001714706421,0.171520486474037,0.176513612270355,0.969072818756104,0.0179337877780199
-0.271004229784012,-0.417966157197952,0.927001714706421,0.171520486474037,0.176513612270355,0.969072818756104,0.0179337877780199
-0.271004229784012,-0.417966157197952,0.927001714706421,0.171520486474037,0.176513612270355,0.969072818756104,0.0179337877780199
-0.274843126535416,-0.420173764228821,0.922918319702148,0.176024705171585,0.17498879134655,0.96842610836029,0.0233513433486223
-0.278331518173218,-0.42213174700737,0.91912829875946,0.183471068739891,0.170624330639839,0.967704832553864,0.0278043486177921
-0.278331518173218,-0.42213174700737,0.91912829875946,0.183471068739891,0.170624330639839,0.967704832553864,0.0278043486177921
-0.281765401363373,-0.424003750085831,0.915103793144226,0.185454413294792,0.170261040329933,0.967226624488831,0.0330207832157611
-0.283328086137772,-0.424835056066513,0.913287878036499,0.189351737499237,0.168313041329384,0.966745555400848,0.0349225103855133
-0.283328086137772,-0.424835056066513,0.913287878036499,0.189351737499237,0.168313041329384,0.966745555400848,0.0349225103855133
-0.284899771213531,-0.425715357065201,0.911499798297882,0.192927032709122,0.166593924164772,0.966263949871063,0.0368723198771476
-0.2865309715271,-0.426503211259842,0.909434854984283,0.191205158829689,0.168147712945938,0.966250538825989,0.0390728302299976
-0.288337290287018,-0.426940530538559,0.907684206962585,0.19161182641983,0.169174313545227,0.965725660324097,0.0451558157801628
-0.291092991828918,-0.428696870803833,0.904027760028839,0.196982443332672,0.165960863232613,0.965088367462158,0.0475338101387023
-0.291092991828918,-0.428696870803833,0.904027760028839,0.196982443332672,0.165960863232613,0.965088367462158,0.0475338101387023
-0.292535424232483,-0.429171115159988,0.902117371559143,0.19758665561676,0.165296316146851,0.96482527256012,0.0524291768670082
-0.293785095214844,-0.430839359760284,0.90040397644043,0.192411035299301,0.162723138928413,0.966055512428284,0.0568855553865432
-0.295164853334427,-0.431266903877258,0.898981153964996,0.200789958238602,0.164509505033493,0.964269518852234,0.0529558733105659
-0.296303391456604,-0.431227207183838,0.896848797798157,0.202975705265999,0.161408245563507,0.964042127132416,0.0580609515309333
-0.29765984416008,-0.432367235422134,0.895231366157532,0.19669634103775,0.161746233701706,0.964783787727356,0.0658864602446556
-0.298868596553802,-0.433232814073563,0.89372307062149,0.205852895975113,0.161968976259232,0.963276624679565,0.0590667054057121
-0.29986447095871,-0.433684885501862,0.892048716545105,0.207758456468582,0.159794479608536,0.963097393512726,0.0612010918557643
-0.300919830799103,-0.434210807085037,0.890468537807465,0.208937868475914,0.16034933924675,0.962632954120636,0.0630152150988578
-0.301818907260895,-0.434683591127396,0.889016568660736,0.214733675122261,0.155481368303299,0.96199357509613,0.0654467567801475
-0.302558749914169,-0.435037344694138,0.886986315250397,0.214422166347504,0.155560940504074,0.961913347244263,0.067429594695568
-0.3033646941185,-0.435523778200149,0.885385036468506,0.216647058725357,0.153850346803665,0.961547613143921,0.06942930072546
-0.304239809513092,-0.435987055301666,0.883746325969696,0.219470396637917,0.152642652392387,0.960896015167236,0.0721930265426635
-0.305456221103668,-0.436431258916855,0.880665063858032,0.228832304477692,0.144286274909973,0.959713757038116,0.0759405121207237
-0.305456221103668,-0.436431258916855,0.880665063858032,0.228832304477692,0.144286274909973,0.959713757038116,0.0759405121207237
-0.308039367198944,-0.438040107488632,0.876840829849243,0.217925012111664,0.154895722866058,0.960269331932068,0.079992838203907
-0.308039367198944,-0.438040107488632,0.876840829849243,0.217925012111664,0.154895722866058,0.960269331932068,0.079992838203907
-0.309526741504669,-0.438930243253708,0.873606622219086,0.222400858998299,0.150804042816162,0.959573864936829,0.0837499424815177
-0.310178577899933,-0.439381778240204,0.872106790542603,0.223873496055603,0.151540383696556,0.958992838859558,0.0851399004459381
-0.310178577899933,-0.439381778240204,0.872106790542603,0.223873496055603,0.151540383696556,0.958992838859558,0.0851399004459381
-0.310178577899933,-0.439381778240204,0.872106790542603,0.223873496055603,0.151540383696556,0.958992838859558,0.0851399004459381
-0.311585634946823,-0.440085500478745,0.868497133255005,0.225932955741882,0.149466127157211,0.958539962768555,0.0884046927094459
-0.31219482421875,-0.440477669239044,0.866925120353699,0.227638974785805,0.14719831943512,0.958370923995972,0.089657187461853
-0.312956929206848,-0.440855979919434,0.865254640579224,0.228729367256164,0.149068713188171,0.957603633403778,0.0919611528515815
-0.313592791557312,-0.441366672515869,0.863484740257263,0.228888258337974,0.149003252387047,0.957502365112305,0.0927226394414901
-0.314616739749908,-0.442022740840912,0.86044716835022,0.235447466373444,0.146071910858154,0.956095814704895,0.0954372286796569
-0.314616739749908,-0.442022740840912,0.86044716835022,0.235447466373444,0.146071910858154,0.956095814704895,0.0954372286796569
-0.315406948328018,-0.442349880933762,0.858734607696533,0.234811529517174,0.149351149797439,0.955678880214691,0.0961026027798652
-0.315892398357391,-0.44263619184494,0.856986403465271,0.236286237835884,0.148322746157646,0.95537668466568,0.097080148756504
-0.316417455673218,-0.442889273166656,0.855521082878113,0.239952102303505,0.146549984812737,0.954574525356293,0.0986584797501564
-0.316995620727539,-0.443199992179871,0.853911757469177,0.241048842668533,0.148337557911873,0.953940987586975,0.0994393751025199
-0.317617326974869,-0.443493366241455,0.852362632751465,0.240935057401657,0.149028956890106,0.953708529472351,0.100899770855904
-0.318157553672791,-0.443864822387695,0.850755155086517,0.244399487972259,0.147130519151688,0.953088819980621,0.101209260523319
-0.318795740604401,-0.444180488586426,0.849192678928375,0.244517788290977,0.148176103830337,0.95262199640274,0.103760346770287
-0.319310665130615,-0.444484561681747,0.847558438777924,0.245425418019295,0.149122253060341,0.952066421508789,0.105349116027355
-0.319310665130615,-0.444484561681747,0.847558438777924,0.245425418019295,0.149122253060341,0.952066421508789,0.105349116027355
-0.320235967636108,-0.445007562637329,0.844473481178284,0.251430243253708,0.145565062761307,0.950706005096436,0.108405843377113
-0.320870697498321,-0.445313304662704,0.84280800819397,0.251349151134491,0.146463498473167,0.950447499752045,0.109642751514912
-0.320870697498321,-0.445313304662704,0.84280800819397,0.251349151134491,0.146463498473167,0.950447499752045,0.109642751514912
-0.3219273686409,-0.445934683084488,0.839947700500488,0.25595360994339,0.146445840597153,0.948814570903778,0.113103188574314
-0.32234138250351,-0.446233183145523,0.838466465473175,0.259608417749405,0.144686371088028,0.948086261749268,0.113144934177399
-0.32294225692749,-0.446576952934265,0.837012767791748,0.258425921201706,0.147590488195419,0.947832822799683,0.114219300448895
-0.32294225692749,-0.446576952934265,0.837012767791748,0.258425921201706,0.147590488195419,0.947832822799683,0.114219300448895
-0.323902100324631,-0.447064071893692,0.834340214729309,0.263374745845795,0.146760404109955,0.946272790431976,0.11688918620348
-0.324350595474243,-0.447183549404144,0.832822203636169,0.264338791370392,0.146410897374153,0.94587367773056,0.118371836841106
-0.324884414672852,-0.44745209813118,0.831415176391602,0.265088051557541,0.146553084254265,0.945506811141968,0.119446076452732
-0.325366735458374,-0.447593003511429,0.830215096473694,0.267048090696335,0.146299481391907,0.944821298122406,0.120807819068432
-0.325811684131622,-0.447826981544495,0.828923583030701,0.268344908952713,0.145262897014618,0.944395542144775,0.122501775622368
-0.326336652040482,-0.448020309209824,0.827720165252686,0.270921409130096,0.143438071012497,0.943840980529785,0.123253911733627
-0.326858580112457,-0.448242872953415,0.826221704483032,0.269723802804947,0.144831255078316,0.943882584571838,0.123930089175701
-0.327281534671783,-0.448489367961883,0.824840724468231,0.269877582788467,0.144745603203773,0.943670332431793,0.125303775072098
-0.327794134616852,-0.448739320039749,0.823770523071289,0.273047029972076,0.144500941038132,0.942753493785858,0.125620901584625
-0.328218668699265,-0.448969185352325,0.822645604610443,0.276490479707718,0.142370671033859,0.941950917243958,0.126539513468742
-0.328218668699265,-0.448969185352325,0.822645604610443,0.276490479707718,0.142370671033859,0.941950917243958,0.126539513468742
-0.329130530357361,-0.449337214231491,0.819891512393951,0.277124285697937,0.143980845808983,0.941401124000549,0.127418592572212
-0.329583346843719,-0.449580699205399,0.818631172180176,0.279623508453369,0.144370436668396,0.940497815608978,0.128187134861946
-0.330042362213135,-0.449772745370865,0.81745707988739,0.281338095664978,0.143691569566727,0.940070331096649,0.128333494067192
-0.330517530441284,-0.449980646371841,0.816135406494141,0.281799823045731,0.146377071738243,0.939317226409912,0.129790872335434
-0.330912619829178,-0.450190812349319,0.814670085906982,0.283899664878845,0.145609796047211,0.938714742660522,0.130435690283775
-0.330912619829178,-0.450190812349319,0.814670085906982,0.283899664878845,0.145609796047211,0.938714742660522,0.130435690283775
-0.331713825464249,-0.450737595558167,0.812180876731873,0.289218902587891,0.144438788294792,0.937016367912292,0.13225057721138
-0.332216560840607,-0.451162129640579,0.81087464094162,0.290552109479904,0.144920393824577,0.936395168304443,0.133197501301765
-0.332879632711411,-0.451604932546616,0.8095543384552,0.29081329703331,0.147532284259796,0.935795247554779,0.133974984288216
-0.333206027746201,-0.451951384544373,0.808188438415527,0.292572408914566,0.147023782134056,0.935121655464172,0.135399669408798
-0.333734720945358,-0.4522804915905,0.806884407997131,0.29561373591423,0.146516755223274,0.934106945991516,0.136343434453011
-0.334140717983246,-0.452615529298782,0.805833220481873,0.29814749956131,0.145056962966919,0.933376133441925,0.137388035655022
-0.334647297859192,-0.453044474124908,0.804580390453339,0.297665625810623,0.148755729198456,0.932693541049957,0.139103248715401
-0.335155099630356,-0.453323662281036,0.803276538848877,0.300028204917908,0.148518636822701,0.931873798370361,0.139773070812225
-0.335521668195724,-0.45362263917923,0.802200198173523,0.301837146282196,0.148750498890877,0.930964112281799,0.141680598258972
-0.33582729101181,-0.453931450843811,0.801100313663483,0.304934710264206,0.147418156266212,0.930071353912354,0.142303064465523
-0.336313903331757,-0.454214930534363,0.800044775009155,0.307451128959656,0.146037563681602,0.929299354553223,0.143351480364799
-0.336872905492783,-0.454629182815552,0.798985481262207,0.30745142698288,0.148497864603996,0.928748786449432,0.144387498497963
-0.337306380271912,-0.454998970031738,0.798018455505371,0.309121459722519,0.149764105677605,0.927844285964966,0.145325556397438
-0.337725639343262,-0.455283731222153,0.796878814697266,0.314509660005569,0.148548513650894,0.925772130489349,0.148199334740639
-0.338224560022354,-0.455615639686584,0.796026647090912,0.310395985841751,0.15003077685833,0.927120566368103,0.146944522857666
-0.338549673557281,-0.455835938453674,0.795137524604797,0.311794251203537,0.148769348859787,0.926748335361481,0.147612690925598
-0.338961362838745,-0.456106960773468,0.794297814369202,0.314308226108551,0.146913811564445,0.926015198230743,0.148736700415611
-0.339436680078506,-0.456380397081375,0.793416976928711,0.314609348773956,0.146329641342163,0.925964534282684,0.148990899324417
-0.339933216571808,-0.456689268350601,0.792472124099731,0.313764363527298,0.148215427994728,0.925778150558472,0.150063082575798
-0.340263962745667,-0.456876844167709,0.791784405708313,0.31447559595108,0.148416697978973,0.92542290687561,0.150565847754478
-0.340640544891357,-0.45711413025856,0.791005969047546,0.31514036655426,0.149718165397644,0.924855947494507,0.151369094848633
-0.341120958328247,-0.457448363304138,0.790289759635925,0.315526127815247,0.149533793330193,0.924835443496704,0.150871634483337
-0.341436982154846,-0.457623898983002,0.789523720741272,0.316768109798431,0.149063751101494,0.924322366714478,0.151875257492065
-0.341865926980972,-0.457937151193619,0.788933396339417,0.316982448101044,0.15034145116806,0.923960268497467,0.152371525764465
-0.342180997133255,-0.458111941814423,0.788217961788177,0.317081183195114,0.149991452693939,0.924086034297943,0.15174688398838
-0.342452943325043,-0.458347260951996,0.787601709365845,0.318636417388916,0.149616196751594,0.923463523387909,0.152646407485008
-0.342747181653976,-0.458562076091766,0.786953270435333,0.319311589002609,0.14873531460762,0.923313498497009,0.153003796935081
-0.343167304992676,-0.458858877420425,0.786267817020416,0.317815333604813,0.149941995739937,0.923618078231812,0.153102830052376
-0.343449473381042,-0.459060579538345,0.785776257514954,0.319285660982132,0.148912072181702,0.923091948032379,0.154218316078186
-0.343449473381042,-0.459060579538345,0.785776257514954,0.319285660982132,0.148912072181702,0.923091948032379,0.154218316078186
-0.343905299901962,-0.459478825330734,0.7846839427948,0.324635058641434,0.148562833666801,0.920895874500275,0.156499102711677
-0.344151884317398,-0.45966374874115,0.7842698097229,0.319449156522751,0.150507599115372,0.922612547874451,0.155196443200111
-0.344930469989777,-0.460353165864944,0.7840975522995,0.324979215860367,0.149196714162827,0.920027554035187,0.160244554281235
-0.345077365636826,-0.460510671138763,0.78369927406311,0.323669880628586,0.150069817900658,0.920218110084534,0.160983011126518
-0.345199018716812,-0.460657745599747,0.783319473266602,0.322974056005478,0.150472581386566,0.920211374759674,0.162039428949356
-0.345354080200195,-0.46078896522522,0.782976150512695,0.322281956672668,0.151127263903618,0.920168519020081,0.163048431277275
-0.345490664243698,-0.460882931947708,0.782753467559814,0.315564930438995,0.15301838517189,0.922842085361481,0.159268841147423
-0.345599174499512,-0.461075872182846,0.782438218593597,0.315007776021957,0.152752414345741,0.923088133335114,0.1592016518116
-0.345743864774704,-0.461213827133179,0.782203197479248,0.314145892858505,0.152873948216438,0.923471212387085,0.158565387129784
-0.345384985208511,-0.460844576358795,0.781517148017883,0.325325518846512,0.149670377373695,0.920331060886383,0.157330602407455
-0.345475316047668,-0.460979461669922,0.781248331069946,0.325505018234253,0.149179816246033,0.920341193675995,0.157365769147873
-0.345554918050766,-0.461110025644302,0.780949294567108,0.325408965349197,0.148973971605301,0.920413792133331,0.157335221767426
-0.34563821554184,-0.461207002401352,0.78066486120224,0.325681567192078,0.148580372333527,0.920405983924866,0.157188609242439
-0.345764368772507,-0.461318999528885,0.780632853507996,0.326887279748917,0.149880617856979,0.919822812080383,0.156864613294601
-0.345873564481735,-0.461337804794312,0.780025362968445,0.325628846883774,0.150845304131508,0.920175433158874,0.156488880515098
-0.345913946628571,-0.46142053604126,0.779765963554382,0.326279252767563,0.151282712817192,0.919789612293243,0.156979784369469
-0.345950722694397,-0.461483299732208,0.779558897018433,0.326766312122345,0.151625901460647,0.919571459293366,0.156913131475449
-0.346011877059937,-0.461533725261688,0.779342889785767,0.327203065156937,0.151989087462425,0.919371366500854,0.15682353079319
-0.346073091030121,-0.461574971675873,0.779145002365112,0.32764059305191,0.152030751109123,0.919195652008057,0.156899824738503
-0.346143186092377,-0.461635649204254,0.778871417045593,0.327419966459274,0.152675554156303,0.919174671173096,0.156857848167419
-0.346252560615539,-0.461668252944946,0.778661251068115,0.328058868646622,0.152145147323608,0.919100761413574,0.156470268964767
-0.346316576004028,-0.461723744869232,0.778408706188202,0.328122705221176,0.152244627475738,0.919042229652405,0.156583845615387
-0.346336632966995,-0.461819499731064,0.778147041797638,0.329538553953171,0.151307240128517,0.918550431728363,0.157402545213699
-0.346404492855072,-0.461807101964951,0.777852594852448,0.330128669738769,0.151407584547996,0.918306827545166,0.157491102814674
-0.346438884735107,-0.461870551109314,0.777594447135925,0.33051598072052,0.152090296149254,0.918121993541718,0.15709787607193
-0.346508026123047,-0.461874842643738,0.777293920516968,0.331023544073105,0.152732565999031,0.917816698551178,0.157190009951591
-0.346560120582581,-0.461878001689911,0.777062654495239,0.331614047288895,0.153372332453728,0.917529284954071,0.157000318169594
-0.346588969230652,-0.461864113807678,0.776810526847839,0.332391679286957,0.153852924704552,0.917225122451782,0.15666289627552
-0.346588969230652,-0.461864113807678,0.776810526847839,0.332391679286957,0.153852924704552,0.917225122451782,0.15666289627552
-0.346737384796143,-0.461827874183655,0.776219964027405,0.335941404104233,0.153419762849808,0.916041672229767,0.156439706683159
-0.346878618001938,-0.461856991052628,0.775929391384125,0.337245494127274,0.152645900845528,0.915711998939514,0.156321227550507
-0.34699073433876,-0.461889714002609,0.77563339471817,0.337344467639923,0.152572125196457,0.915638506412506,0.156609997153282
-0.347108900547028,-0.461950540542602,0.775298476219177,0.337216347455978,0.152066484093666,0.915745377540588,0.156752690672874
-0.347344428300857,-0.46200630068779,0.774926066398621,0.335384011268616,0.153971180319786,0.91606467962265,0.156958743929863
-0.347344428300857,-0.46200630068779,0.774926066398621,0.335384011268616,0.153971180319786,0.91606467962265,0.156958743929863
-0.347552299499512,-0.462051600217819,0.774377584457397,0.336483895778656,0.152932062745094,0.915508210659027,0.158855825662613
-0.347648322582245,-0.462065041065216,0.774137258529663,0.337206363677979,0.152855828404426,0.915157318115234,0.159417599439621
-0.347745358943939,-0.46208530664444,0.773907959461212,0.337710052728653,0.153175696730614,0.914885222911835,0.15960618853569
-0.347863107919693,-0.462096869945526,0.773618459701538,0.337461769580841,0.154417112469673,0.914754986763,0.159681588411331
-0.347863107919693,-0.462096869945526,0.773618459701538,0.337461769580841,0.154417112469673,0.914754986763,0.159681588411331
-0.348090320825577,-0.462075084447861,0.773196280002594,0.340149015188217,0.154804527759552,0.913913309574127,0.158419996500015
-0.348239570856094,-0.462121784687042,0.772960305213928,0.341895014047623,0.154774695634842,0.913170635700226,0.158971786499023
-0.348385006189346,-0.462165594100952,0.772732019424438,0.342203587293625,0.155162423849106,0.912992298603058,0.158954322338104
-0.348526388406753,-0.462193697690964,0.772502183914185,0.342696249485016,0.155097290873527,0.91282445192337,0.158920124173164
-0.348703742027283,-0.462231189012527,0.772227227687836,0.342966079711914,0.154537811875343,0.912802219390869,0.159010767936706
-0.348891764879227,-0.462235450744629,0.771986961364746,0.343235522508621,0.154168665409088,0.912728309631348,0.159211859107017
-0.349142134189606,-0.462219953536987,0.771780848503113,0.343863219022751,0.153753235936165,0.912608504295349,0.158945843577385
-0.34929946064949,-0.462244123220444,0.771583080291748,0.344228595495224,0.153690725564957,0.912432968616486,0.159223318099976
-0.349471867084503,-0.462225586175919,0.77138763666153,0.344496190547943,0.15354111790657,0.912278354167938,0.159674689173698
-0.349616646766663,-0.462220042943954,0.771187484264374,0.346125245094299,0.152970358729362,0.911612749099731,0.160498365759849
-0.349767684936523,-0.462196499109268,0.771020710468292,0.347117811441422,0.152328327298164,0.911235749721527,0.161104664206505
-0.350060999393463,-0.462221652269363,0.770755171775818,0.346115857362747,0.154308006167412,0.911322236061096,0.160887360572815
-0.350227415561676,-0.46221512556076,0.770578742027283,0.346552431583404,0.154364049434662,0.911092698574066,0.161193951964378
-0.350393235683441,-0.462193131446838,0.770404994487762,0.346582531929016,0.154481261968613,0.911028981208801,0.161376550793648
-0.350393235683441,-0.462193131446838,0.770404994487762,0.346582531929016,0.154481261968613,0.911028981208801,0.161376550793648
-0.35084730386734,-0.462179392576218,0.770053029060364,0.346365809440613,0.155252486467361,0.911035418510437,0.161064729094505
-0.351032078266144,-0.462210208177566,0.76987624168396,0.345950901508331,0.155806183815002,0.911084592342377,0.161143943667412
-0.351191371679306,-0.462223529815674,0.769733190536499,0.346026003360748,0.155790686607361,0.911038458347321,0.161258518695831
-0.35135555267334,-0.462234288454056,0.769557476043701,0.345713019371033,0.155642583966255,0.91112744808197,0.16156941652298
-0.351538598537445,-0.462255924940109,0.769349694252014,0.345659136772156,0.154400706291199,0.911295473575592,0.161928579211235
-0.351659297943115,-0.462250381708145,0.769171535968781,0.346403896808624,0.153421550989151,0.910947322845459,0.163220882415771
-0.351827293634415,-0.462260186672211,0.769043445587158,0.347206920385361,0.152424558997154,0.910779774188995,0.163384705781937
-0.352020978927612,-0.462283968925476,0.768889665603638,0.347211390733719,0.152171924710274,0.9107745885849,0.16363850235939
-0.35218271613121,-0.462235599756241,0.768756747245789,0.347717761993408,0.151580512523651,0.910605251789093,0.164054289460182
-0.352290540933609,-0.462209582328796,0.768654942512512,0.348342895507812,0.151081010699272,0.910431563854218,0.164153248071671
-0.352390021085739,-0.462170124053955,0.768557488918304,0.348826974630356,0.150848150253296,0.910261511802673,0.164282277226448
-0.352459967136383,-0.462142050266266,0.768484115600586,0.349216967821121,0.150758296251297,0.910100340843201,0.164428621530533
-0.35253781080246,-0.462083995342255,0.768454730510712,0.35031470656395,0.150218442082405,0.909844100475311,0.164004758000374
-0.352590292692184,-0.462037771940231,0.768371820449829,0.350445449352264,0.150245562195778,0.909767270088196,0.164127886295319
-0.352599412202835,-0.461976557970047,0.768298864364624,0.351356238126755,0.149876177310944,0.909497618675232,0.164012402296066
-0.352655321359634,-0.4619380235672,0.768211722373962,0.350834250450134,0.150399819016457,0.90960305929184,0.16406574845314
-0.352671384811401,-0.461891233921051,0.768168866634369,0.350883066654205,0.150339007377625,0.909569382667542,0.164203941822052
-0.352691829204559,-0.461826115846634,0.768127918243408,0.350717812776565,0.150298118591309,0.909621179103851,0.164307102560997
-0.352702915668487,-0.461769253015518,0.768102049827576,0.350635260343552,0.150264203548431,0.909660458564758,0.16429691016674
-0.352713882923126,-0.461723983287811,0.768042802810669,0.350029706954956,0.150797694921494,0.909809470176697,0.164273902773857
-0.352705597877502,-0.461677670478821,0.767984509468079,0.349943995475769,0.150472328066826,0.909894943237305,0.164282485842705
-0.352702975273132,-0.461607217788696,0.768056154251099,0.350142508745193,0.150603130459785,0.909766852855682,0.164447993040085
-0.352696597576141,-0.461551189422607,0.768002927303314,0.349908292293549,0.150447100400925,0.909881889820099,0.164453625679016
-0.352703303098679,-0.461488217115402,0.768075168132782,0.350093215703964,0.150577813386917,0.90973836183548,0.16473388671875
-0.352680683135986,-0.461442083120346,0.768029630184174,0.350006997585297,0.150168254971504,0.909832000732422,0.164773777127266
-0.352693378925323,-0.461405456066132,0.768116533756256,0.350120186805725,0.150446638464928,0.909690737724304,0.165058836340904
-0.352696418762207,-0.461386412382126,0.768139660358429,0.350212574005127,0.150391951203346,0.909640789031982,0.165187627077103
-0.352696418762207,-0.461386412382126,0.768139660358429,0.350212574005127,0.150391951203346,0.909640789031982,0.165187627077103
-0.352692723274231,-0.461334317922592,0.768206119537354,0.350628405809402,0.150466769933701,0.909404695034027,0.165537267923355
-0.35267448425293,-0.461313933134079,0.768237411975861,0.351030975580215,0.150517016649246,0.909213185310364,0.165690317749977
-0.352657169103622,-0.461249321699142,0.76829719543457,0.352059125900268,0.14988985657692,0.908854246139526,0.166046306490898
-0.35263866186142,-0.461198955774307,0.768389105796814,0.352798640727997,0.150349199771881,0.908435702323914,0.166351929306984
-0.352603495121002,-0.461151868104935,0.768477618694305,0.354096680879593,0.150007203221321,0.907909631729126,0.166773468255997
-0.352556854486465,-0.461100101470947,0.768584668636322,0.355709761381149,0.149470806121826,0.907280325889587,0.167247205972672
-0.352487802505493,-0.461078256368637,0.768774151802063,0.358197271823883,0.14809650182724,0.906437456607819,0.167729780077934
-0.35244008898735,-0.461034744977951,0.768908977508545,0.36082398891449,0.147014260292053,0.905315697193146,0.169105410575867
-0.352427065372467,-0.460994958877563,0.769053816795349,0.362800180912018,0.146072864532471,0.904555916786194,0.169756665825844
-0.352433443069458,-0.460975825786591,0.769203066825867,0.364513218402862,0.145381063222885,0.903846085071564,0.170460730791092
-0.352489590644836,-0.460953116416931,0.769340932369232,0.365764677524567,0.14483767747879,0.903297901153564,0.171146541833878
-0.352560490369797,-0.460949748754501,0.769483327865601,0.366895586252213,0.144527748227119,0.90279084444046,0.171662867069244
-0.352629125118256,-0.460964113473892,0.76965594291687,0.368206858634949,0.144178137183189,0.902221858501434,0.172139674425125
-0.35274338722229,-0.460987269878387,0.769825398921967,0.369083285331726,0.144422054290771,0.901764214038849,0.172456219792366
-0.352891504764557,-0.46102374792099,0.769996523857117,0.369785040616989,0.144713431596756,0.90139889717102,0.172618344426155
-0.353059321641922,-0.461088836193085,0.770180940628052,0.370574414730072,0.145081952214241,0.900953412055969,0.172941565513611
-0.353311359882355,-0.461145341396332,0.770423889160156,0.371964126825333,0.145407512784004,0.900275766849518,0.173213332891464
-0.353598654270172,-0.461213320493698,0.770654082298279,0.372634619474411,0.145904183387756,0.899959802627563,0.172996431589127
-0.353836238384247,-0.461284965276718,0.770977675914764,0.373005628585815,0.145462721586227,0.899712741374969,0.173851653933525
-0.354093372821808,-0.461353272199631,0.771315038204193,0.374460965394974,0.144233137369156,0.899128258228302,0.1747687458992
-0.354351818561554,-0.461402028799057,0.771731197834015,0.375477254390716,0.143645629286766,0.89860063791275,0.175782829523086
-0.354614019393921,-0.461490660905838,0.77211058139801,0.377212762832642,0.141629785299301,0.897957503795624,0.176985308527946
-0.354938447475433,-0.461569041013718,0.772556960582733,0.378441452980042,0.140695318579674,0.897262871265411,0.178623184561729
-0.355233192443848,-0.461651980876923,0.773069322109222,0.38065031170845,0.137682095170021,0.896342277526855,0.180885449051857
-0.356654465198517,-0.461640626192093,0.773737847805023,0.37839749455452,0.138580873608589,0.896485090255737,0.184187635779381
-0.356953769922256,-0.461747527122498,0.774160027503967,0.380351454019547,0.135242402553558,0.895448744297028,0.187653601169586
-0.357483625411987,-0.461844205856323,0.774527311325073,0.379056066274643,0.13383612036705,0.895477473735809,0.191114261746406
-0.358684629201889,-0.462427049875259,0.77534544467926,0.372379630804062,0.133368924260139,0.897095620632172,0.196889623999596
-0.358684629201889,-0.462427049875259,0.77534544467926,0.372379630804062,0.133368924260139,0.897095620632172,0.196889623999596
-0.360250055789948,-0.462768942117691,0.776273608207703,0.370211571455002,0.130296543240547,0.896839201450348,0.204072937369347
-0.360956698656082,-0.462976783514023,0.776710033416748,0.37003555893898,0.126889154314995,0.896510422229767,0.207946896553039
-0.361972033977508,-0.463240921497345,0.777095913887024,0.372414797544479,0.124711714684963,0.894422948360443,0.213920086622238
-0.363019824028015,-0.463280081748962,0.777528882026672,0.36841544508934,0.123724922537804,0.896212518215179,0.213928610086441
-0.363019824028015,-0.463280081748962,0.777528882026672,0.36841544508934,0.123724922537804,0.896212518215179,0.213928610086441
-0.365192413330078,-0.463616669178009,0.778516173362732,0.37184864282608,0.11959882825613,0.893290936946869,0.222387313842773
-0.366463392972946,-0.463546484708786,0.779085218906403,0.369503557682037,0.117034956812858,0.894444823265076,0.22302120923996
-0.367885887622833,-0.463531196117401,0.779489517211914,0.372054934501648,0.11321809142828,0.892171680927277,0.229753360152245
-0.369422405958176,-0.463463842868805,0.780212998390198,0.373520642518997,0.108789063990116,0.891145169734955,0.233468487858772
-0.371109366416931,-0.463288128376007,0.780725717544556,0.371581733226776,0.1068255007267,0.890611469745636,0.239429727196693
-0.371109366416931,-0.463288128376007,0.780725717544556,0.371581733226776,0.1068255007267,0.890611469745636,0.239429727196693
-0.374878734350204,-0.462500840425491,0.781514286994934,0.367217779159546,0.096912033855915,0.889492452144623,0.254091411828995
-0.376744568347931,-0.462119281291962,0.782273352146149,0.369306236505508,0.0851462706923484,0.887420058250427,0.262390464544296
-0.378856152296066,-0.461586534976959,0.782644748687744,0.366625100374222,0.0785242617130279,0.886410772800446,0.271469861268997
-0.380882740020752,-0.460669010877609,0.782888650894165,0.365539580583572,0.0675227418541908,0.884430527687073,0.282142102718353
-0.383066833019257,-0.460475534200668,0.783649742603302,0.364271432161331,0.0573623552918434,0.883360981941223,0.289291203022003
-0.385566115379333,-0.459764391183853,0.784114003181458,0.36404886841774,0.0496180355548858,0.881267607212067,0.297277420759201
-0.38798314332962,-0.458760052919388,0.784052789211273,0.363091737031937,0.0401683486998081,0.87894481420517,0.30660554766655
-0.390951424837112,-0.458278983831406,0.784448444843292,0.362311035394669,0.0377003513276577,0.877737641334534,0.311265289783478
-0.393906116485596,-0.457431495189667,0.784451842308044,0.360885560512543,0.0338154062628746,0.876215934753418,0.317590802907944
-0.396860420703888,-0.456199020147324,0.784124970436096,0.359219789505005,0.0298649054020643,0.874465942382812,0.324620723724365
-0.400166600942612,-0.455122083425522,0.783864974975586,0.357073307037354,0.0291567742824554,0.873598039150238,0.329355478286743
-0.403171539306641,-0.454244047403336,0.783977091312408,0.359912604093552,0.0215708743780851,0.87105256319046,0.333564221858978
-0.406514585018158,-0.453245401382446,0.783850967884064,0.359891504049301,0.0206226073205471,0.869806349277496,0.336882472038269
