x,y,z,q0,q1,q2,q3
-0.55037659406662,-0.125444948673248,1.00372886657715,0.0228550974279642,-0.0464627295732498,-0.695629000663757,-0.71653288602829
-0.550391018390656,-0.125960618257522,1.00375616550446,0.0227698218077421,-0.0462720394134521,-0.69563764333725,-0.716539442539215
-0.550505578517914,-0.126407504081726,1.00400996208191,0.0227272342890501,-0.0464072339236736,-0.696024298667908,-0.716156363487244
-0.550563454627991,-0.127292349934578,1.0037739276886,0.0232135690748691,-0.0471671931445598,-0.696126878261566,-0.715991497039795
-0.550300717353821,-0.127242520451546,1.00325310230255,0.022311819717288,-0.045571781694889,-0.696682572364807,-0.71558290719986
-0.550753772258759,-0.128184422850609,1.00393164157867,0.0222775749862194,-0.0471278578042984,-0.69673079252243,-0.715436100959778
-0.550845563411713,-0.128929108381271,1.00402545928955,0.0227762442082166,-0.0477314554154872,-0.696844041347504,-0.715270102024078
-0.550862669944763,-0.129478797316551,1.00403094291687,0.0227115675806999,-0.0477566830813884,-0.697122514247894,-0.714999139308929
-0.55086350440979,-0.130024686455727,1.00403773784637,0.0226653423160314,-0.0479066036641597,-0.697449147701263,-0.714671969413757
-0.551021099090576,-0.130661353468895,1.00406098365784,0.02258918620646,-0.0486353375017643,-0.697979211807251,-0.7141073346138
-0.551050066947937,-0.131150782108307,1.00400912761688,0.0225158017128705,-0.0484104044735431,-0.698389828205109,-0.713723540306091
-0.55105048418045,-0.131621614098549,1.00397455692291,0.0224475096911191,-0.0481819696724414,-0.698525130748749,-0.713608622550964
-0.55105048418045,-0.131621614098549,1.00397455692291,0.0224475096911191,-0.0481819696724414,-0.698525130748749,-0.713608622550964
-0.550998151302338,-0.132738023996353,1.0039838552475,0.0227946992963552,-0.0483777374029159,-0.699372172355652,-0.712754189968109
-0.551049828529358,-0.133341088891029,1.00405979156494,0.0226925760507583,-0.0486980825662612,-0.699632346630096,-0.712480247020721
-0.551028072834015,-0.133836477994919,1.00402188301086,0.0227903109043836,-0.0485075637698173,-0.700066149234772,-0.71206396818161
-0.551779568195343,-0.134418174624443,1.00375199317932,0.0213972385972738,-0.0502605363726615,-0.700916588306427,-0.711148262023926
-0.55177116394043,-0.13487109541893,1.00375699996948,0.0212210994213819,-0.0500592216849327,-0.701336681842804,-0.710753560066223
-0.551077902317047,-0.135306984186172,1.00399088859558,0.0223094876855611,-0.0486598201096057,-0.701227843761444,-0.710924744606018
-0.551906168460846,-0.135785073041916,1.00377929210663,0.0207037888467311,-0.0502376817166805,-0.702309310436249,-0.70979517698288
-0.551768004894257,-0.13573232293129,1.00334632396698,0.0201286897063255,-0.0488850250840187,-0.703202843666077,-0.709021091461182
-0.551747739315033,-0.136195406317711,1.00328743457794,0.0200276225805282,-0.0489921830594539,-0.703499138355255,-0.708722472190857
-0.551765739917755,-0.136608138680458,1.00327384471893,0.0196187067776918,-0.0485395416617393,-0.703835725784302,-0.708430886268616
-0.551802456378937,-0.137261182069778,1.00349318981171,0.0197630152106285,-0.0490740947425365,-0.704207599163055,-0.708020269870758
-0.551681518554688,-0.137609913945198,1.00330817699432,0.019660148769617,-0.0485451780259609,-0.704677999019623,-0.707591533660889
-0.551712453365326,-0.13809597492218,1.00329613685608,0.0194610431790351,-0.0485877096652984,-0.705196559429169,-0.707077324390411
-0.551718056201935,-0.138532280921936,1.0032674074173,0.0194303765892982,-0.0487311594188213,-0.705562472343445,-0.706703245639801
-0.551770687103271,-0.139193788170814,1.00345814228058,0.0199524164199829,-0.0493193082511425,-0.706033647060394,-0.706177055835724
-0.55170726776123,-0.139635801315308,1.00345778465271,-0.0200325567275285,0.0491039268672466,0.706460416316986,0.70576274394989
-0.551753044128418,-0.140106216073036,1.00346648693085,-0.0199776031076908,0.0492129251360893,0.706823825836182,0.705392897129059
-0.551096856594086,-0.140401124954224,1.00366830825806,-0.020994858816266,0.0473948679864406,0.706850409507751,0.705461084842682
-0.551116168498993,-0.14080373942852,1.00367307662964,-0.0206444188952446,0.0476025193929672,0.707278490066528,0.705028414726257
-0.551086187362671,-0.141188636422157,1.00365042686462,-0.0205865893512964,0.0475076884031295,0.707703649997711,0.70460969209671
-0.551065802574158,-0.141545861959457,1.00341236591339,-0.0204209219664335,0.0472154580056667,0.708224654197693,0.704110503196716
-0.551078975200653,-0.142055049538612,1.00340127944946,-0.0205979943275451,0.0474812909960746,0.708664357662201,0.703644871711731
-0.551015198230743,-0.142457097768784,1.0033837556839,-0.0206201039254665,0.0472307354211807,0.709092915058136,0.703229129314423
-0.550980508327484,-0.142929762601852,1.00311291217804,-0.0208111871033906,0.0472001284360885,0.709451854228973,0.702863574028015
-0.551053702831268,-0.143362939357758,1.00354528427124,-0.0208493955433368,0.047404620796442,0.709926784038544,0.702369093894958
-0.551053702831268,-0.143362939357758,1.00354528427124,-0.0208493955433368,0.047404620796442,0.709926784038544,0.702369093894958
-0.55113673210144,-0.144286692142486,1.00355231761932,-0.0203701797872781,0.0477339923381805,0.710601627826691,0.701677858829498
-0.551186263561249,-0.144766792654991,1.00355935096741,-0.0205690916627645,0.0480201840400695,0.711118340492249,0.701128900051117
-0.551158785820007,-0.145128473639488,1.00354266166687,-0.0204160939902067,0.0478465929627418,0.711507737636566,0.70074999332428
-0.550996541976929,-0.14528913795948,1.0034636259079,-0.0202383119612932,0.0469470173120498,0.712015390396118,0.700300276279449
-0.551117599010468,-0.145817533135414,1.00344324111938,-0.0202435497194528,0.0475688613951206,0.712253630161285,0.700015842914581
-0.550969958305359,-0.145818158984184,1.0031590461731,-0.0198117922991514,0.0467008650302886,0.712949156761169,0.699378311634064
-0.550973773002625,-0.146188035607338,1.00314402580261,-0.0198653768748044,0.0470823235809803,0.713010013103485,0.699289262294769
-0.551508784294128,-0.146627247333527,1.0029239654541,-0.0188313275575637,0.0481445454061031,0.713944315910339,0.698291599750519
-0.55148857831955,-0.146965473890305,1.00288498401642,-0.0186537485569715,0.047634769231081,0.714770436286926,0.697485566139221
-0.550805568695068,-0.147376731038094,1.00283861160278,-0.0198557637631893,0.0462538748979568,0.714707911014557,0.697609543800354
-0.550753772258759,-0.14766925573349,1.00280404090881,-0.0200872458517551,0.0461675822734832,0.715205311775208,0.697098731994629
-0.55077737569809,-0.147881895303726,1.00307881832123,-0.0194791574031114,0.0461775287985801,0.715553998947144,0.696757256984711
-0.55077737569809,-0.147881895303726,1.00307881832123,-0.0194791574031114,0.0461775287985801,0.715553998947144,0.696757256984711
-0.551451027393341,-0.148705244064331,1.00305032730103,-0.0181822050362825,0.0479228720068931,0.716842591762543,0.695348501205444
-0.550850510597229,-0.149092599749565,1.00328576564789,-0.0195148792117834,0.0470483899116516,0.716604709625244,0.695617198944092
-0.551431357860565,-0.149315908551216,1.00299429893494,-0.0180645752698183,0.0479231923818588,0.717626869678497,0.694541990756989
-0.551536440849304,-0.149849116802215,1.00306630134583,-0.0178080294281244,0.0490114539861679,0.71774560213089,0.694350004196167
-0.551324844360352,-0.149988129734993,1.00305271148682,-0.0180435236543416,0.0483289286494255,0.718379974365234,0.693735599517822
-0.551324844360352,-0.149988129734993,1.00305271148682,-0.0180435236543416,0.0483289286494255,0.718379974365234,0.693735599517822
-0.551203846931458,-0.150537058711052,1.00292098522186,-0.0180523861199617,0.04816634953022,0.7192342877388,0.692860841751099
-0.551158607006073,-0.150639921426773,1.0027107000351,-0.0176509767770767,0.0476332604885101,0.719781935214996,0.692339241504669
-0.551068842411041,-0.150899231433868,1.00272965431213,-0.0177728459239006,0.0477094054222106,0.720166265964508,0.691931128501892
-0.551037013530731,-0.151285782456398,1.0029091835022,-0.0179757941514253,0.0480323806405067,0.720493376255035,0.691562831401825
-0.550980269908905,-0.151531353592873,1.00287568569183,-0.0178849082440137,0.0478931181132793,0.720800697803497,0.691254377365112
-0.551015019416809,-0.151879176497459,1.00291585922241,-0.0177835691720247,0.0480238981544971,0.721199810504913,0.690831542015076
-0.550939857959747,-0.152115926146507,1.00289964675903,-0.0177119430154562,0.0477974563837051,0.721633017063141,0.690396547317505
-0.550885438919067,-0.152371659874916,1.00284337997437,-0.0177514404058456,0.0477273091673851,0.722009003162384,0.690007209777832
-0.550734877586365,-0.152620285749435,1.00285983085632,-0.0178685449063777,0.047471534460783,0.722404062747955,0.689608335494995
-0.550659656524658,-0.152878493070602,1.00284516811371,-0.0175103414803743,0.0473833158612251,0.722725808620453,0.689286410808563
-0.550591170787811,-0.153083831071854,1.00281941890717,-0.0174507405608892,0.0473792776465415,0.723082304000854,0.688914060592651
-0.550483882427216,-0.153308257460594,1.00283217430115,-0.0181467197835445,0.0473777242004871,0.723285973072052,0.688682436943054
-0.550426483154297,-0.153507709503174,1.00280213356018,-0.0174711775034666,0.0472427047789096,0.723724901676178,0.688247859477997
-0.550423264503479,-0.153721585869789,1.00276303291321,-0.0172043591737747,0.0470535159111022,0.724181532859802,0.687787175178528
-0.550423264503479,-0.153721585869789,1.00276303291321,-0.0172043591737747,0.0470535159111022,0.724181532859802,0.687787175178528
-0.550319194793701,-0.154108971357345,1.0025349855423,-0.0168753881007432,0.0465491935610771,0.725135803222656,0.686823487281799
-0.550290822982788,-0.154359638690948,1.00255239009857,-0.0170512497425079,0.0465877577662467,0.725322008132935,0.686619877815247
-0.550234138965607,-0.154583320021629,1.00252425670624,-0.0167249888181686,0.0464897900819778,0.725822806358337,0.686105191707611
-0.55015766620636,-0.154787361621857,1.00251293182373,-0.016633341088891,0.0464668460190296,0.726073324680328,0.685843825340271
-0.550007939338684,-0.154986664652824,1.00248229503632,-0.016770876944065,0.0462611988186836,0.726369619369507,0.685540676116943
-0.549958288669586,-0.155191048979759,1.00246596336365,-0.0166410543024539,0.0463012233376503,0.726660549640656,0.685232579708099
-0.549159824848175,-0.155270978808403,1.00269901752472,-0.0176474973559379,0.0448269844055175,0.726527690887451,0.685446321964264
-0.549054563045502,-0.155470699071884,1.00270688533783,-0.018147237598896,0.0441430434584617,0.727116405963898,0.684853136539459
-0.549014031887054,-0.155709728598595,1.00274753570557,-0.0181669741868972,0.0441403090953826,0.727467238903046,0.68448007106781
-0.548930883407593,-0.155914813280106,1.00269830226898,-0.0181778725236654,0.0440524667501449,0.727746307849884,0.684188842773438
-0.548836350440979,-0.156113922595978,1.00267803668976,-0.0180859751999378,0.0443873740732669,0.727839529514313,0.684070467948914
-0.548726081848145,-0.156274750828743,1.00265300273895,-0.0180577542632818,0.0440313071012496,0.728129029273987,0.683785915374756
-0.548726677894592,-0.156746968626976,1.00288152694702,-0.0183639284223318,0.0447879433631897,0.728159070014954,0.683696568012238
-0.548648595809937,-0.156928017735481,1.00285887718201,-0.0184399653226137,0.0446564331650733,0.728524029254913,0.683314383029938
-0.548331022262573,-0.157071143388748,1.00257921218872,-0.0187773667275905,0.0440995283424854,0.728892683982849,0.682948172092438
-0.548296988010406,-0.157107457518577,1.00237715244293,-0.0180885773152112,0.0437421351671218,0.729233026504517,0.68262654542923
-0.548195481300354,-0.157428994774818,1.00256586074829,-0.0183973889797925,0.0440749563276767,0.72936886548996,0.682451486587524
-0.548116624355316,-0.157593995332718,1.00253677368164,-0.0183361414819955,0.0440707542002201,0.729577004909515,0.682230889797211
-0.548028290271759,-0.157737120985985,1.00251710414886,-0.018230628222227,0.0437926799058914,0.729822218418121,0.681989312171936
-0.547933995723724,-0.157905772328377,1.0024778842926,-0.0181422680616378,0.0437966212630271,0.729970335960388,0.681832909584045
-0.547831058502197,-0.15784515440464,1.00256705284119,-0.0177647080272436,0.0432989709079265,0.730301201343536,0.681520223617554
-0.547779560089111,-0.158050462603569,1.00258314609528,-0.0178017262369394,0.0434041880071163,0.730516016483307,0.681282222270966
-0.547657132148743,-0.158190384507179,1.00257110595703,-0.0178722366690635,0.0428197458386421,0.730915784835815,0.680888473987579
-0.547548115253448,-0.15834179520607,1.00255167484283,-0.0179131254553794,0.0426356233656406,0.731098353862762,0.680702984333038
-0.54744565486908,-0.158482581377029,1.00253295898438,-0.0179605893790721,0.0425439551472663,0.731265068054199,0.680528342723846
-0.547193109989166,-0.158595740795135,1.00251138210297,-0.0181093625724315,0.0420502349734306,0.731522440910339,0.680278480052948
-0.547092258930206,-0.158720776438713,1.00250518321991,-0.0180164091289043,0.0417449250817298,0.731794893741608,0.680006682872772
-0.546986937522888,-0.158869117498398,1.0025120973587,-0.0180450677871704,0.0414481684565544,0.731927335262299,0.679881632328033
-0.546871662139893,-0.158995106816292,1.00249648094177,-0.0180808007717132,0.0413110926747322,0.7320796251297,0.679724872112274
-0.546769380569458,-0.159110367298126,1.00248217582703,-0.0180908534675836,0.0411593057215213,0.732207775115967,0.67959588766098
-0.546702742576599,-0.159237861633301,1.00245225429535,-0.0176886785775423,0.0415853038430213,0.732135355472565,0.67965841293335
-0.546620845794678,-0.159366130828857,1.00244128704071,-0.0176761746406555,0.0414759553968906,0.732300698757172,0.679487407207489
-0.546564042568207,-0.159498512744904,1.00236642360687,-0.0177145693451166,0.0415018610656261,0.732395946979523,0.67938220500946
-0.546444535255432,-0.159626811742783,1.00237095355988,-0.0177810098975896,0.0412681065499782,0.732506930828094,0.67927485704422
-0.546344339847565,-0.15972962975502,1.00234603881836,-0.0178795214742422,0.0411332249641418,0.732669293880463,0.679105341434479
-0.546270668506622,-0.159847423434258,1.00231575965881,-0.0178461801260709,0.0411162860691547,0.732773244380951,0.678995192050934
-0.546110451221466,-0.159950211644173,1.00230622291565,-0.0181075558066368,0.0408540926873683,0.732916414737701,0.678849399089813
-0.546022236347198,-0.160043343901634,1.00227761268616,-0.0180922914296388,0.0407166853547096,0.733051896095276,0.678711891174316
-0.545936644077301,-0.16015599668026,1.00225365161896,-0.0180432312190532,0.0406570844352245,0.733140110969543,0.678621590137482
-0.545851051807404,-0.160262957215309,1.00223076343536,-0.0180663112550973,0.0405155979096889,0.733301758766174,0.678454637527466
-0.5457763671875,-0.160361289978027,1.00221741199493,-0.01810715906322,0.0403914153575897,0.73340630531311,0.678347945213318
-0.5457763671875,-0.160361289978027,1.00221741199493,-0.01810715906322,0.0403914153575897,0.73340630531311,0.678347945213318
-0.545599281787872,-0.160561501979828,1.00216317176819,-0.0182598959654569,0.0401377342641353,0.733722388744354,0.678016901016235
-0.545587122440338,-0.160687610507011,1.00217628479004,-0.0181912928819656,0.0402840636670589,0.733757257461548,0.677972435951233
-0.546181321144104,-0.160882368683815,1.00193727016449,-0.0173887573182582,0.041111122816801,0.734585642814636,0.677046060562134
-0.546116709709167,-0.160939201712608,1.00192010402679,-0.0173927620053291,0.0409891754388809,0.73468941450119,0.67694079875946
-0.546102046966553,-0.1610137373209,1.00191450119019,-0.0171872097998857,0.0409952998161315,0.734891355037689,0.676726520061493
-0.546047806739807,-0.161126017570496,1.00191843509674,-0.0172523614019155,0.0410060919821262,0.734971761703491,0.676636755466461
-0.545270621776581,-0.16105929017067,1.00211596488953,-0.0185646992176771,0.0393573716282844,0.734636545181274,0.677063882350922
-0.545220971107483,-0.161108449101448,1.00210762023926,-0.0185489859431982,0.0392882861196994,0.734753549098969,0.676941394805908
-0.545127749443054,-0.161129236221313,1.00208687782288,-0.0183338988572359,0.0396937541663646,0.734640896320343,0.677045822143555
-0.545083820819855,-0.161158367991447,1.00206077098846,-0.0184049122035503,0.0394704677164554,0.735042333602905,0.676621198654175
-0.545057535171509,-0.161201611161232,1.00207257270813,-0.0181001629680395,0.0395477414131164,0.735051333904266,0.676615178585052
-0.544948697090149,-0.161245629191399,1.00205636024475,-0.0181489828974008,0.0395861081779003,0.735277056694031,0.676366209983826
-0.544917464256287,-0.161287769675255,1.00205087661743,-0.0179745256900787,0.0393736846745014,0.735395789146423,0.676254332065582
-0.5448939204216,-0.161315962672233,1.00203883647919,-0.0176934171468019,0.0391410291194915,0.735587418079376,0.676066696643829
-0.544879913330078,-0.161347597837448,1.00202572345734,-0.0175400115549564,0.0392350666224956,0.73575359582901,0.675884366035461
-0.544860482215881,-0.1613739579916,1.00202119350433,-0.0175011232495307,0.0390336848795414,0.736012697219849,0.675614833831787
-0.544845938682556,-0.161398634314537,1.0020124912262,-0.0176810342818498,0.0389135107398033,0.736396431922913,0.675198912620544
-0.544895648956299,-0.161428287625313,1.00201189517975,-0.0173057205975055,0.0391181744635105,0.736550450325012,0.675028741359711
-0.544899821281433,-0.161448925733566,1.0020124912262,-0.0168900322169065,0.0390411131083965,0.736725866794586,0.674852252006531
-0.544903695583344,-0.161445125937462,1.00202858448029,-0.0165166407823562,0.0389143899083137,0.73697155714035,0.674600601196289
-0.544908404350281,-0.161465495824814,1.0020170211792,-0.0164510700851678,0.0388092771172523,0.737243235111237,0.674311339855194
-0.544922053813934,-0.161622941493988,1.00223219394684,-0.0165232885628938,0.0390222258865833,0.737401068210602,0.674124658107758
-0.544976115226746,-0.161638617515564,1.00224542617798,-0.0162498131394386,0.0392138361930847,0.737762689590454,0.673724353313446
-0.544988870620728,-0.161641597747803,1.00224530696869,-0.0159655157476663,0.0391197130084037,0.738080620765686,0.673388242721558
-0.54499077796936,-0.161643996834755,1.00226426124573,-0.0157616063952446,0.0389860272407531,0.738397836685181,0.673053085803986
-0.544990062713623,-0.161484360694885,1.00202739238739,-0.0151902623474597,0.0385386683046817,0.738820493221283,0.672628045082092
-0.545035064220428,-0.161529093980789,1.00200998783112,-0.0151389241218566,0.038314152508974,0.739305973052979,0.672108292579651
-0.54506641626358,-0.161548033356667,1.00201034545898,-0.0150489760562777,0.0383969917893409,0.739529490470886,0.671859681606293
-0.545095801353455,-0.161712452769279,1.0022120475769,-0.0149315679445862,0.0385208278894424,0.739823997020721,0.671530902385712
-0.545182108879089,-0.161562517285347,1.00196933746338,-0.0141344498842954,0.0381261743605136,0.740308284759521,0.671036839485168
-0.545228540897369,-0.161553904414177,1.00197958946228,-0.013831335119903,0.0379299260675907,0.740702331066132,0.670619189739227
-0.546046674251556,-0.161761850118637,1.00176322460175,-0.0119844293221831,0.0397909209132194,0.741594672203064,0.669560074806213
-0.546046674251556,-0.161761850118637,1.00176322460175,-0.0119844293221831,0.0397909209132194,0.741594672203064,0.669560074806213
-0.546149075031281,-0.161949932575226,1.0019725561142,-0.0116132805123925,0.0402032658457756,0.742205917835236,0.668864250183105
-0.546255528926849,-0.161812081933021,1.00176084041595,-0.0107758697122335,0.039955873042345,0.742569327354431,0.668489515781403
-0.545637488365173,-0.161746203899383,1.00203931331635,-0.0113165602087974,0.0387752316892147,0.7420654296875,0.669109404087067
-0.545713126659393,-0.16179433465004,1.002032995224,-0.0116556277498602,0.0385870672762393,0.743024230003357,0.668049693107605
-0.545817077159882,-0.161987170577049,1.00225937366486,-0.0114833051338791,0.0388937629759311,0.743513166904449,0.667490601539612
-0.545892953872681,-0.162018120288849,1.00224936008453,-0.0112270936369895,0.038941703736782,0.743920683860779,0.667037904262543
-0.546719551086426,-0.162126049399376,1.00197100639343,-0.0093267504125833,0.0404057465493679,0.7449791431427,0.665797770023346
-0.546765625476837,-0.16214057803154,1.00201535224915,-0.0086686927825212,0.0402186289429664,0.745565593242645,0.6651611328125
-0.546121597290039,-0.16210088133812,1.00228905677795,-0.0095784775912761,0.038836196064949,0.745584487915039,0.665209650993347
-0.546172201633453,-0.16197919845581,1.00209295749664,-0.0087399836629629,0.0382130295038223,0.746275186538696,0.664482295513153
-0.546232402324677,-0.162013173103332,1.00209486484528,-0.0085840364918112,0.038320418447256,0.747013688087463,0.663647711277008
-0.546312153339386,-0.162054970860481,1.00209760665894,-0.0078993355855345,0.0381990894675254,0.747606515884399,0.662995517253876
-0.546388685703278,-0.162085577845573,1.00209498405457,-0.0073701203800737,0.0380295552313327,0.748139560222626,0.662409722805023
-0.546456396579742,-0.162234768271446,1.0021938085556,-0.0069819255731999,0.0381503775715827,0.748827993869781,0.661628782749176
-0.546555519104004,-0.162296876311302,1.00217545032501,-0.0062801972962915,0.0379201285541057,0.749470472335815,0.660920977592468
-0.546555519104004,-0.162296876311302,1.00217545032501,-0.0062801972962915,0.0379201285541057,0.749470472335815,0.660920977592468
-0.547180652618408,-0.162611320614815,1.00196290016174,-0.0039541632868349,0.0385076627135276,0.750868201255798,0.659316599369049
-0.547763049602509,-0.162824973464012,1.00180840492249,-0.0026353828143328,0.0394301600754261,0.752397179603577,0.657523334026337
-0.547602355480194,-0.162967965006828,1.00191986560822,-0.0021170841064304,0.0395909659564495,0.753139913082123,0.656664550304413
-0.547419190406799,-0.16298896074295,1.0018298625946,-0.0016322024166584,0.039371557533741,0.754013001918793,0.655676603317261
-0.547645151615143,-0.163213416934013,1.00201749801636,-0.0009493065881542,0.039854597300291,0.754859507083893,0.65467381477356
-0.547633528709412,-0.163292855024338,1.00204300880432,-0.0004900419735349,0.0395298190414905,0.75570547580719,0.653717458248138
-0.547620117664337,-0.16341333091259,1.00206828117371,-0.0001764219050528,0.0391584299504756,0.756531774997711,0.652783453464508
-0.547624230384827,-0.163526177406311,1.00209033489227,0.0006010790821164,0.0392987690865993,0.757482409477234,0.651671409606934
-0.546953976154327,-0.163558855652809,1.00234115123749,-0.0003562091151252,0.0378143563866615,0.757839798927307,0.651344001293182
-0.546773254871368,-0.163657769560814,1.00220429897308,-0.0004363594052847,0.0372546315193176,0.758981168270111,0.650045692920685
-0.546818256378174,-0.163833633065224,1.00222933292389,4.7065426770132e-05,0.0372190624475479,0.759832799434662,0.649052262306213
-0.546814680099487,-0.163960605859756,1.00219130516052,0.0006055593257769,0.0369527265429496,0.760739922523499,0.648003816604614
-0.546792984008789,-0.164089009165764,1.00217282772064,0.0010101805673912,0.0372327715158462,0.761635005474091,0.646934986114502
-0.546792984008789,-0.164089009165764,1.00217282772064,0.0010101805673912,0.0372327715158462,0.761635005474091,0.646934986114502
-0.546810746192932,-0.164625287055969,1.00235068798065,0.0010973080061376,0.0367941819131374,0.76348876953125,0.644771337509155
-0.546794474124908,-0.164725169539452,1.0023307800293,0.0016526285326108,0.0367395505309104,0.764231443405151,0.643892705440521
-0.546782851219177,-0.164847865700722,1.00225853919983,0.0019127296982333,0.0366853177547454,0.76504772901535,0.642924904823303
-0.546786725521088,-0.165032640099525,1.00231146812439,0.0022154755424708,0.0362769104540348,0.765907526016235,0.641922831535339
-0.546832799911499,-0.165199771523476,1.00240111351013,0.0023818511981517,0.0370359234511852,0.766957998275757,0.640623152256012
-0.546830952167511,-0.165377169847488,1.00240015983582,0.0027155331335961,0.0372083224356174,0.7679443359375,0.639429211616516
-0.546830534934998,-0.165576756000519,1.00242328643799,0.0037667010910809,0.0366666465997695,0.768693089485168,0.638554990291595
-0.546663522720337,-0.165696710348129,1.00242471694946,0.003955025691539,0.0365080423653125,0.769586265087128,0.637486159801483
-0.546602249145508,-0.165858820080757,1.00245690345764,0.0044317217543721,0.0367320552468299,0.770658314228058,0.636173844337463
-0.54645186662674,-0.165990367531776,1.00244772434235,0.0051476638764142,0.0354102179408073,0.771511852741241,0.635207891464233
-0.546381056308746,-0.166161566972732,1.00247693061829,0.005826654843986,0.0352310761809349,0.77254194021225,0.633958876132965
-0.546239256858826,-0.166311323642731,1.00249373912811,0.0054422528482973,0.0353945717215538,0.773518860340118,0.632760882377625
-0.545908033847809,-0.166351974010468,1.00232934951782,0.0056841899640858,0.0343970656394958,0.774795770645142,0.631249606609344
-0.545733749866486,-0.166478559374809,1.00231456756592,0.0017220567679032,0.0323162376880645,0.776654124259949,0.629095375537872
-0.54561460018158,-0.166673079133034,1.00237476825714,0.0020669309888035,0.0324066542088985,0.77755331993103,0.627978205680847
-0.546227276325226,-0.166862621903419,1.00212204456329,0.0040524466894567,0.0331575088202953,0.778977572917938,0.626161396503448
-0.548092365264893,-0.166763916611671,1.00179696083069,0.0089984573423862,0.0354723557829856,0.779351890087128,0.625516951084137
-0.545996725559235,-0.167149245738983,1.00209844112396,0.0050683575682342,0.0315585732460022,0.781040251255035,0.623662233352661
-0.545787751674652,-0.167185857892036,1.00201272964478,0.0080065056681633,0.0316892676055431,0.781676352024078,0.622827231884003
-0.54764187335968,-0.167173445224762,1.00179314613342,0.009920815937221,0.0334465242922306,0.78231006860733,0.621911585330963
-0.547366321086884,-0.167287349700928,1.00175178050995,0.013095898553729,0.0335674360394477,0.782736599445343,0.621309340000153
-0.547120034694672,-0.16753163933754,1.00186336040497,0.0131793674081563,0.0327441208064556,0.783765614032745,0.620052993297577
-0.546933770179749,-0.167622148990631,1.00184607505798,0.0135388085618615,0.032393641769886,0.784679591655731,0.618906617164612
-0.547225594520569,-0.167500510811806,1.00151014328003,0.0148003809154033,0.0327638871967792,0.785885155200958,0.617326617240906
-0.546052694320679,-0.167828366160393,1.00207495689392,0.0126451086252927,0.0311781764030456,0.785944938659668,0.617380440235138
-0.547045111656189,-0.167812004685402,1.00155305862427,0.0161955766379833,0.0318129807710647,0.787562787532806,0.615199506282806
-0.546408176422119,-0.168168604373932,1.00183546543121,0.01521781925112,0.0311637055128812,0.78803676366806,0.614650666713715
-0.545559406280518,-0.16829489171505,1.00218737125397,0.0140445027500391,0.0301145780831575,0.788337290287018,0.61434531211853
-0.545279383659363,-0.168296232819557,1.00212645530701,0.0142202721908688,0.0289688128978014,0.789083480834961,0.613437831401825
-0.545279383659363,-0.168296232819557,1.00212645530701,0.0142202721908688,0.0289688128978014,0.789083480834961,0.613437831401825
-0.545695126056671,-0.168711200356483,1.00194144248962,0.0161259733140468,0.0296111702919006,0.791264533996582,0.610543787479401
-0.545529723167419,-0.168869465589523,1.00197815895081,0.0162571370601654,0.0315294153988361,0.792250394821167,0.609163999557495
-0.545490026473999,-0.169064536690712,1.00202202796936,0.0166785456240177,0.0319204106926918,0.792965352535248,0.608201324939728
-0.544614315032959,-0.169031485915184,1.00224900245667,0.0159203857183456,0.0277419351041317,0.792911410331726,0.608497023582458
-0.544176399707794,-0.169155672192573,1.00231957435608,0.0156238442286849,0.0291727446019649,0.793919384479523,0.607121884822845
-0.543912410736084,-0.16916660964489,1.00224566459656,0.0160264447331428,0.0282284319400787,0.79457426071167,0.606298804283142
-0.543714225292206,-0.169305622577667,1.00229442119598,0.0130793983116745,0.0273662060499191,0.795669794082642,0.604970693588257
-0.543558657169342,-0.169381782412529,1.00224983692169,0.0135222366079688,0.0272831246256828,0.796291410923004,0.604146420955658
-0.543388247489929,-0.169516950845718,1.0022828578949,0.0140388328582048,0.0271745305508375,0.796893358230591,0.603345215320587
-0.543233633041382,-0.16975724697113,1.002326130867,0.0149220693856477,0.0281440913677215,0.797310054302216,0.602728962898254
-0.543743968009949,-0.169966146349907,1.00212144851685,0.0163341592997312,0.0278457589447498,0.798772633075714,0.60076630115509
-0.543577551841736,-0.170109659433365,1.0021755695343,0.0168948974460363,0.0289037134498357,0.799176156520844,0.60016393661499
-0.54333883523941,-0.170102477073669,1.00208723545074,0.0174635052680969,0.0275208950042724,0.79960960149765,0.599635064601898
-0.543177545070648,-0.170177027583122,1.00209641456604,0.0181772224605083,0.0281461477279663,0.800073206424713,0.59896594285965
-0.542967259883881,-0.170124277472496,1.00200915336609,0.018462985754013,0.0274286698549985,0.800643742084503,0.598227739334106
-0.542940437793732,-0.170144617557526,1.00197887420654,0.0238174945116043,0.0289437193423509,0.800613403320312,0.598007619380951
-0.542827069759369,-0.170225396752357,1.00200152397156,0.0241961125284433,0.0285124480724334,0.801214754581451,0.597207427024841
-0.54205459356308,-0.170295268297195,1.00225245952606,0.0231219548732042,0.0274377185851335,0.8012855052948,0.597205400466919
-0.541960835456848,-0.17044697701931,1.00236332416534,0.0241935830563306,0.0285428054630756,0.801649332046509,0.596622407436371
-0.54171234369278,-0.170531436800957,1.00242185592651,0.0244110319763422,0.0281833074986934,0.802084624767303,0.596045315265656
-0.541505992412567,-0.170667871832848,1.00251853466034,0.0244179815053939,0.0281114857643842,0.802718997001648,0.595193862915039
-0.541353166103363,-0.170734018087387,1.00256764888763,0.0251735020428895,0.0272897016257047,0.803163051605225,0.594601333141327
-0.541127741336823,-0.170798823237419,1.00262475013733,0.0251948535442352,0.0271791275590658,0.803609311580658,0.594002366065979
-0.540864825248718,-0.170738413929939,1.00258433818817,0.0258463025093078,0.0268536079674959,0.804097473621368,0.59332811832428
-0.540733397006989,-0.1707434207201,1.00256443023682,0.0267053823918104,0.026517316699028,0.804392158985138,0.592905521392822
-0.54061484336853,-0.170789897441864,1.00258445739746,0.0270407348871231,0.026305204257369,0.804883778095245,0.592232286930084
-0.540385663509369,-0.170830756425857,1.0026148557663,0.027373643592,0.026267210021615,0.805408477783203,0.591504991054535
-0.540222764015198,-0.170837000012398,1.002605676651,0.0282465927302837,0.0248625520616769,0.805831551551819,0.590948045253754
-0.540103793144226,-0.170919448137283,1.00267672538757,0.0297564212232828,0.0249706022441387,0.806209444999695,0.590353548526764
-0.539933979511261,-0.171101689338684,1.00278925895691,0.0296839289367198,0.0252357423305511,0.806784093379974,0.589560568332672
-0.539793074131012,-0.171221062541008,1.00289452075958,0.0303773023188114,0.025339214131236,0.807180285453796,0.588978230953217
-0.53967273235321,-0.17132169008255,1.00296366214752,0.0304191242903471,0.0250396709889173,0.807917892932892,0.587976574897766
-0.539663970470428,-0.171325579285622,1.00292110443115,0.0314496420323848,0.0242170635610818,0.808505237102509,0.58714884519577
-0.539663970470428,-0.171325579285622,1.00292110443115,0.0314496420323848,0.0242170635610818,0.808505237102509,0.58714884519577
-0.539319574832916,-0.17138609290123,1.00298023223877,0.0323069430887699,0.0243166871368885,0.8096564412117,0.585509598255157
-0.539836764335632,-0.171553552150726,1.00278508663177,0.0340404994785785,0.0256648920476436,0.810758352279663,0.583826661109924
-0.53892594575882,-0.171599924564361,1.00309407711029,0.0332715138792991,0.0235949978232383,0.810774683952332,0.583935678005219
-0.538727998733521,-0.171634390950203,1.00308692455292,0.0334236584603786,0.0231112893670797,0.811553359031677,0.582863628864288
-0.538364112377167,-0.17186027765274,1.00326132774353,0.0336350016295909,0.0226708371192216,0.812014579772949,0.582226097583771
-0.538122951984406,-0.171973079442978,1.0032924413681,0.0334627963602542,0.0229989551007747,0.812566816806793,0.581452190876007
-0.538626849651337,-0.172144114971161,1.00312495231628,0.0347015149891376,0.024712448939681,0.813691854476929,0.579733490943909
-0.538514375686646,-0.172191649675369,1.00307512283325,0.0362503416836261,0.0182582568377256,0.814021408557892,0.579415023326874
-0.538370966911316,-0.17229326069355,1.00310480594635,0.0363730117678642,0.0179541390389204,0.814484775066376,0.578765392303467
-0.538307547569275,-0.172244861721992,1.00303566455841,0.0369197353720665,0.0181506313383579,0.815026164054871,0.577961802482605
-0.538158774375916,-0.172266289591789,1.00302255153656,0.0366455614566803,0.0187880732119083,0.814647197723389,0.578492999076843
-0.537387430667877,-0.172205746173859,1.00323331356049,0.0366363748908042,0.0165794380009174,0.815151393413544,0.577850580215454
-0.537231206893921,-0.172352716326714,1.0033186674118,0.0362630933523178,0.0168679375201463,0.815581262111664,0.577258884906769
-0.536968171596527,-0.172391012310982,1.0033255815506,0.036370649933815,0.0169973634183406,0.815800368785858,0.576938629150391
-0.53671270608902,-0.172547474503517,1.00341987609863,0.0363124534487724,0.0172610338777303,0.816300094127655,0.576227188110352
-0.53671270608902,-0.172547474503517,1.00341987609863,0.0363124534487724,0.0172610338777303,0.816300094127655,0.576227188110352
-0.536124050617218,-0.17262165248394,1.00345802307129,0.0359376296401023,0.0163198951631784,0.816781759262085,0.575595259666443
-0.536206722259521,-0.17285044491291,1.00344049930573,0.0357450507581234,0.0171082001179456,0.817148864269257,0.575062870979309
-0.53592848777771,-0.172981858253479,1.00351667404175,0.035375103354454,0.0169223304837942,0.817337155342102,0.574823796749115
-0.535491585731506,-0.172766715288162,1.00360524654388,0.0358309857547283,0.0162199418991804,0.817218363285065,0.574984550476074
-0.535324931144714,-0.172790244221687,1.00362420082092,0.0360302999615669,0.016354750841856,0.817204236984253,0.574988484382629
-0.535192608833313,-0.17281924188137,1.00362277030945,0.0362410880625247,0.0162021573632955,0.817233145236969,0.574938297271729
-0.535029709339142,-0.172850802540779,1.00364077091217,0.0362381897866725,0.0161044523119926,0.817217469215393,0.574963808059692
-0.534913718700409,-0.172894328832626,1.00363540649414,0.0362831428647041,0.0159107837826013,0.817233562469482,0.574943423271179
-0.534805357456207,-0.172948479652405,1.0036426782608,0.0361339971423149,0.0159146953374147,0.817214727401733,0.574979424476624
-0.53465074300766,-0.172993302345276,1.00366115570068,0.0359194353222847,0.0158908907324075,0.817207634449005,0.575003504753113
-0.534446001052856,-0.172951966524124,1.00360071659088,0.0353365987539291,0.0157064460217952,0.817183911800385,0.575078427791595
-0.534325480461121,-0.172987177968025,1.00361931324005,0.0350661352276802,0.0157880298793315,0.817166566848755,0.575117230415344
-0.534200608730316,-0.173011019825935,1.00361311435699,0.0337324030697345,0.0211722739040851,0.817323505878448,0.574800968170166
-0.533988475799561,-0.172962531447411,1.00357830524445,0.0333688594400882,0.020929429680109,0.817252695560455,0.574931681156158
-0.533853709697723,-0.172983065247536,1.00358927249908,0.0326043665409088,0.0212573651224374,0.817388832569122,0.574770212173462
-0.53376179933548,-0.172991767525673,1.00360083580017,0.0319481939077377,0.0206630006432533,0.817326605319977,0.574917256832123
-0.533637762069702,-0.172994092106819,1.00359356403351,0.0315360985696315,0.0206738002598285,0.817353785037994,0.574900805950165
-0.533509790897369,-0.172987312078476,1.00358903408051,0.0319741964340209,0.0156232127919793,0.817248046398163,0.575186133384705
-0.533427774906158,-0.172966212034225,1.00355744361877,0.0316915772855281,0.0156304351985454,0.817287802696228,0.575145304203033
-0.533249020576477,-0.172936633229256,1.00353670120239,0.0315474793314933,0.0159816984087228,0.817362844944,0.575036883354187
-0.53314745426178,-0.172928273677826,1.00353276729584,0.0307365134358406,0.0209337100386619,0.817504346370697,0.574720680713654
-0.533018946647644,-0.172929048538208,1.00353574752808,0.030056394636631,0.0213576462119817,0.817526161670685,0.574709951877594
-0.532914102077484,-0.172891408205032,1.00353586673737,0.0296354033052921,0.0216436386108398,0.817456603050232,0.574820101261139
-0.532817304134369,-0.172876343131065,1.00354647636414,0.0296352803707122,0.021689036861062,0.817362308502197,0.57495242357254
-0.532683908939362,-0.172846928238869,1.00355684757233,0.0291456561535596,0.0215598419308662,0.817213416099548,0.575194001197815
-0.532578408718109,-0.172843426465988,1.00357294082642,0.0272232294082641,0.0205442626029253,0.817099809646606,0.575486660003662
-0.532348990440369,-0.172774150967598,1.00363576412201,0.0263270791620016,0.0203932337462902,0.816819131374359,0.575931966304779
-0.532240390777588,-0.172712936997414,1.00363612174988,0.0256581250578165,0.020198768004775,0.816558361053467,0.576338529586792
-0.532128810882568,-0.172627195715904,1.00359153747559,0.025080319494009,0.0198603030294179,0.816210985183716,0.576867640018463
-0.531935811042786,-0.172489687800407,1.00355315208435,0.0250143986195325,0.0201658587902784,0.81594580411911,0.577234864234924
-0.53184849023819,-0.172408938407898,1.00354385375977,0.0246087908744812,0.0203872546553611,0.815650284290314,0.577662110328674
-0.531703293323517,-0.172289922833443,1.00354492664337,0.0240642838180065,0.0204201079905033,0.815248847007751,0.578250169754028
-0.532253563404083,-0.172210916876793,1.00329899787903,0.0249465629458427,0.0215328112244606,0.815332531929016,0.578054547309875
-0.532196223735809,-0.172089919447899,1.00328886508942,0.0242963340133428,0.0218950882554054,0.814951121807098,0.578606069087982
-0.531510531902313,-0.171853795647621,1.00345599651337,0.0226737596094608,0.0206598080694675,0.814076125621796,0.579947650432587
-0.531453490257263,-0.171676725149155,1.00344204902649,0.0230304040014743,0.0196837149560451,0.813352942466736,0.580981194972992
-0.53139990568161,-0.171490415930748,1.0034259557724,0.0224738754332065,0.0192650742828845,0.812873184680939,0.581688046455383
-0.531355738639832,-0.171303421258926,1.00343704223633,0.0222802087664604,0.0192406773567199,0.812353074550629,0.582422435283661
-0.531454801559448,-0.171181425452232,1.00345492362976,0.0232559461146593,0.0203807651996612,0.811775267124176,0.583150744438171
-0.53138393163681,-0.170967742800713,1.00348389148712,0.0224164705723524,0.0210185721516609,0.811093866825104,0.584108412265778
-0.531367123126984,-0.170761674642563,1.00347006320953,0.0220750384032726,0.0208715945482254,0.810468912124634,0.584993243217468
-0.531290829181671,-0.170526683330536,1.00345349311829,0.0210651867091655,0.0199467875063419,0.809688627719879,0.586142241954803
-0.531289160251617,-0.170293241739273,1.00343894958496,0.021320141851902,0.0206508338451385,0.809057593345642,0.586979329586029
-0.531233787536621,-0.17000886797905,1.00343251228333,0.0210276003926992,0.0201121643185615,0.808158874511719,0.588245511054993
-0.531201958656311,-0.169668331742287,1.00343918800354,0.0208749528974294,0.0198269691318273,0.807419002056122,0.589275479316711
-0.531262040138245,-0.169489309191704,1.00337743759155,0.0208558738231658,0.0199913308024406,0.806690990924835,0.590266823768616
-0.531259000301361,-0.169245928525925,1.0033974647522,0.0208633355796337,0.0198406390845775,0.805768251419067,0.591530919075012
-0.531070947647095,-0.168902099132538,1.00353360176086,0.020920792594552,0.0193264465779066,0.804743647575378,0.592938959598541
-0.531705498695374,-0.16870291531086,1.00325644016266,0.0216008499264717,0.020448824390769,0.804498612880707,0.593209266662598
-0.531672298908234,-0.168404012918472,1.00323963165283,0.0211804267019033,0.0202326010912656,0.803724884986877,0.594279825687408
-0.531046390533447,-0.167993485927582,1.00357222557068,0.0195421837270259,0.0187075566500425,0.802334487438202,0.596261262893677
-0.531009137630463,-0.167576551437378,1.0035560131073,0.0192023050040006,0.0190830379724502,0.801512598991394,0.597364783287048
-0.531861484050751,-0.16776542365551,1.00356209278107,0.020847039297223,0.0215378515422344,0.8011714220047,0.597683727741241
-0.531242311000824,-0.167496547102928,1.00391721725464,0.0189091209322214,0.019364520907402,0.800012707710266,0.599372267723083
-0.531362950801849,-0.167246833443642,1.00388741493225,0.018614487722516,0.0212482847273349,0.798983752727509,0.600688755512238
-0.531455397605896,-0.16694612801075,1.00391161441803,0.0185961108654737,0.0210694577544927,0.797870337963104,0.602173745632172
-0.531690299510956,-0.166611701250076,1.00382006168365,0.0185599662363529,0.0207019466906785,0.796997368335724,0.603342473506927
-0.531793355941772,-0.166276782751083,1.00380897521973,0.0183267910033464,0.0189714804291725,0.795569539070129,0.605287969112396
-0.532096207141876,-0.165876567363739,1.00370228290558,0.0195028465241193,0.0207423791289329,0.794659197330475,0.606387853622437
-0.532155871391296,-0.16556841135025,1.00370585918427,0.0197022128850221,0.0205741804093122,0.793565332889557,0.607818067073822
-0.532253503799438,-0.165255755186081,1.00369834899902,0.0190472453832626,0.0200592931360006,0.792481422424316,0.609268426895142
-0.53301066160202,-0.164976701140404,1.00347530841827,0.0208934266120195,0.0216956157237291,0.791968822479248,0.609818160533905
-0.532363772392273,-0.164543271064758,1.00368785858154,0.0194564126431942,0.0204678457230329,0.790382564067841,0.611962497234344
-0.532454192638397,-0.164217576384544,1.00368499755859,0.0192642100155353,0.0205532237887382,0.789469301700592,0.61314332485199
-0.532617151737213,-0.164027646183968,1.00378024578094,0.0191823430359363,0.0212791208177804,0.788449883460999,0.61443156003952
-0.532612681388855,-0.163753658533096,1.00381278991699,0.0193015784025192,0.0217684656381607,0.787533581256866,0.615584790706635
-0.532650232315063,-0.163504779338837,1.00383961200714,0.0189419779926538,0.0222307164222002,0.786777496337891,0.616545259952545
-0.533410787582397,-0.163299173116684,1.00362849235535,0.0195952542126178,0.0241452232003211,0.786577522754669,0.616708040237427
-0.533462107181549,-0.162998169660568,1.00358080863953,0.0191754512488842,0.024187758564949,0.785504817962646,0.618085324764252
-0.533439338207245,-0.162753522396088,1.00360953807831,0.0194477532058954,0.0243713781237602,0.784760475158691,0.619014382362366
-0.532616138458252,-0.162490397691727,1.00389790534973,0.0173922907561063,0.0229166764765977,0.783332347869873,0.620937168598175
-0.532659530639648,-0.162264287471771,1.00388443470001,0.0167647805064916,0.0235729087144136,0.782621383666992,0.621825575828552
-0.531793594360352,-0.161052688956261,1.0034157037735,0.0161299798637628,0.0200582314282655,0.781665146350861,0.623167216777802
-0.531931340694427,-0.160793676972389,1.0033905506134,0.0163408182561397,0.0201403051614761,0.780761480331421,0.624290525913239
-0.532534658908844,-0.160592541098595,1.00313496589661,0.0171817485243082,0.0212962422519922,0.780521512031555,0.624529838562012
-0.531887590885162,-0.160282105207443,1.00333654880524,0.0149206854403018,0.0207658503204584,0.779448747634888,0.625943958759308
-0.53197979927063,-0.160131067037582,1.00338876247406,0.0142463659867644,0.0220156405121088,0.778735637664795,0.626803994178772
-0.532637774944305,-0.160000815987587,1.00312268733978,0.0158831570297479,0.0226846896111965,0.778097212314606,0.627533197402954
-0.531070470809937,-0.159997686743736,1.00339865684509,0.011354555375874,0.0206285901367664,0.777697741985321,0.628197431564331
-0.530339241027832,-0.159670189023018,1.00352144241333,0.0097470944747328,0.0189864393323659,0.77653694152832,0.62971019744873
-0.53036367893219,-0.159429579973221,1.00349032878876,0.0089120268821716,0.0193360112607479,0.77584171295166,0.630568385124207
-0.530351042747498,-0.159198194742203,1.00344228744507,0.0081549491733312,0.0197086706757545,0.775127768516541,0.63144439458847
-0.530414164066315,-0.159208074212074,1.00319218635559,0.0075869960710406,0.0200473386794328,0.774135053157806,0.632657408714294
-0.531205594539642,-0.158948719501495,1.00314664840698,0.0087264738976955,0.0216057896614074,0.774196922779083,0.632515788078308
-0.531232953071594,-0.158769503235817,1.00310552120209,0.0090287746861577,0.0212898831814527,0.773155391216278,0.633794844150543
-0.531437993049622,-0.158718690276146,1.00325262546539,0.0079571409150958,0.022722765803337,0.772633135318756,0.634396195411682
-0.531493484973907,-0.158569723367691,1.0032674074173,0.0076727489940822,0.0227175876498222,0.771637439727783,0.635610580444336
-0.531351804733276,-0.15826453268528,1.00308084487915,0.0072337705641984,0.0223025549203157,0.770999133586884,0.636404514312744
-0.531362056732178,-0.158050119876861,1.00302386283875,0.0064856656827032,0.0219915397465229,0.770345985889435,0.637213826179504
-0.53146880865097,-0.157934367656708,1.0030483007431,0.0062644341960549,0.0225666370242834,0.769591569900513,0.638106882572174
-0.531699061393738,-0.1579120606184,1.00315761566162,0.0066520012915134,0.0225219186395406,0.768526315689087,0.63938707113266
-0.531545162200928,-0.157621189951897,1.00299656391144,0.0059609846211969,0.0218012575060129,0.76782214641571,0.640264272689819
-0.531594336032867,-0.157500505447388,1.00299203395844,0.0054346355609595,0.0222504623234272,0.767291784286499,0.640888929367065
-0.53091037273407,-0.157278269529343,1.0032012462616,0.0032533751800656,0.0210131984204053,0.766234636306763,0.642209053039551
-0.531623542308807,-0.157324895262718,1.00305080413818,0.003969567362219,0.0226307939738035,0.765937924385071,0.642503917217255
-0.530938148498535,-0.15704932808876,1.00317919254303,0.0028579793870449,0.0207557007670402,0.764517605304718,0.644262433052063
-0.531148076057434,-0.156999796628952,1.00325274467468,0.0022174750920385,0.0211192648857831,0.76386421918869,0.645027697086334
-0.531308114528656,-0.156837597489357,1.00322496891022,0.0018728218274191,0.020973477512598,0.763184309005737,0.645837843418121
-0.531352460384369,-0.156720787286758,1.00322270393372,0.0014624680625274,0.0208520796149969,0.762605249881744,0.646526515483856
-0.531320929527283,-0.156574308872223,1.00320649147034,0.0010380721651017,0.020783320069313,0.761989116668701,0.647255420684814
-0.531106054782867,-0.156387522816658,1.0032662153244,0.0001987950527109,0.0201319959014654,0.761377453804016,0.647996127605438
-0.531207919120789,-0.156205400824547,1.00318694114685,0.0001584376877872,0.0203680470585823,0.760563790798187,0.648943841457367
-0.531282961368561,-0.155997723340988,1.00311481952667,-0.000337041914463,0.021025026217103,0.760081589221954,0.649487316608429
-0.531382381916046,-0.155836015939712,1.00309014320374,-0.000794889871031,0.021081143990159,0.75942599773407,0.650251626968384
-0.531269907951355,-0.155698537826538,1.00319528579712,-0.0009924871847033,0.0204833839088678,0.758850455284119,0.650941967964172
-0.531269907951355,-0.155698537826538,1.00319528579712,-0.0009924871847033,0.0204833839088678,0.758850455284119,0.650941967964172
-0.532227873802185,-0.155339747667313,1.00298869609833,8.15576713648625e-05,0.0216698832809925,0.757320702075958,0.652683556079865
-0.531140685081482,-0.155178889632225,1.00326645374298,-0.0026067490689456,0.0197110325098037,0.757168829441071,0.652916610240936
-0.531138300895691,-0.155028864741325,1.00329375267029,-0.0031088513787835,0.0195692963898181,0.756545662879944,0.653640568256378
-0.531128883361816,-0.154880732297897,1.00330471992493,-0.0042720795609056,0.0194107834249734,0.75624668598175,0.653984725475311
-0.531778156757355,-0.154743224382401,1.00299322605133,-0.0025314316153526,0.0212686695158481,0.755924761295319,0.654308199882507
-0.531797111034393,-0.154580891132355,1.00304222106934,-0.0031573532614856,0.0212560482323169,0.755558788776398,0.654728412628174
-0.531920969486237,-0.154418140649796,1.00299966335297,-0.003710602177307,0.0215886291116476,0.755283176898956,0.655032455921173
-0.531288027763367,-0.154191225767136,1.00327634811401,-0.0060189915820956,0.0197739657014608,0.754271805286407,0.656236827373505
-0.531951069831848,-0.154105558991432,1.00308501720428,-0.0051846909336745,0.0207654181867837,0.754468500614166,0.65598726272583
-0.53200775384903,-0.153911203145981,1.00310528278351,-0.0054057585075497,0.0213078707456588,0.75394070148468,0.656574606895447
-0.532043933868408,-0.153707236051559,1.00312209129333,-0.00613877736032,0.0215066969394683,0.753674685955048,0.65686696767807
-0.532030522823334,-0.15342079102993,1.00306522846222,-0.0066181998699903,0.0213092695921659,0.753359079360962,0.657230615615845
-0.532151639461517,-0.153182238340378,1.00306642055511,-0.0074746580794453,0.0204947832971811,0.753209292888641,0.657419145107269
-0.532200634479523,-0.152883931994438,1.00311410427094,-0.0080094980075955,0.0216728392988443,0.75319766998291,0.65738832950592
-0.532265782356262,-0.152671352028847,1.00313353538513,-0.0092398487031459,0.0205703433603048,0.753126740455627,0.657488942146301
-0.531548142433167,-0.152356654405594,1.00342869758606,-0.010904892347753,0.0197538416832685,0.752574145793915,0.65812087059021
-0.531548142433167,-0.152356654405594,1.00342869758606,-0.010904892347753,0.0197538416832685,0.752574145793915,0.65812087059021
-0.531703531742096,-0.151956796646118,1.00347137451172,-0.011552058160305,0.0195769928395748,0.752216398715973,0.658524096012115
-0.531737148761749,-0.151656612753868,1.00346434116364,-0.0121899181976914,0.0193778164684772,0.752315044403076,0.658405661582947
-0.531905889511108,-0.151454970240593,1.00344467163086,-0.0135737527161836,0.0192686859518289,0.752432703971863,0.658247411251068
-0.532046616077423,-0.151214331388474,1.0034145116806,-0.0133604938164353,0.0199648924171924,0.75253039598465,0.658119320869446
-0.532126545906067,-0.150935292243957,1.00338459014893,-0.0139235854148864,0.0197821911424398,0.752786219120026,0.657820403575897
-0.532879531383514,-0.150789305567741,1.00322484970093,-0.0139169404283165,0.0214546602219343,0.753622472286224,0.656809747219086
-0.533077478408813,-0.150464296340942,1.00321340560913,-0.0138538554310798,0.0216779820621013,0.753955006599426,0.656422197818756
-0.533177256584167,-0.150129452347755,1.00321686267853,-0.0144177367910742,0.0218686945736408,0.754265904426575,0.656046390533447
-0.532575488090515,-0.149732768535614,1.00350975990295,-0.0160844717174768,0.0199998300522565,0.753980159759521,0.656395554542542
-0.533352553844452,-0.149449184536934,1.0031920671463,-0.0157516449689865,0.021773561835289,0.755075633525848,0.655086696147919
-0.533459007740021,-0.149320021271706,1.00344562530518,-0.0167818702757358,0.0223061181604862,0.75572144985199,0.654298067092896
-0.533555686473846,-0.148977875709534,1.00345301628113,-0.0170913003385067,0.0218638870865106,0.756270051002502,0.653670907020569
-0.533715665340424,-0.148623868823051,1.00344932079315,-0.0177624057978391,0.0218840427696704,0.757149338722229,0.652633488178253
-0.53379499912262,-0.148273319005966,1.00349247455597,-0.018202044069767,0.0211453698575496,0.757701992988586,0.652004241943359
-0.533793091773987,-0.147809460759163,1.00355780124664,-0.0188261270523071,0.0201199911534786,0.758402347564697,0.65120404958725
-0.533860206604004,-0.147447943687439,1.00360381603241,-0.0192718598991632,0.0197591222822666,0.759230971336365,0.650235652923584
-0.53330796957016,-0.147028654813766,1.00387167930603,-0.0216224920004606,0.0186812914907932,0.75972056388855,0.649621605873108
-0.534196615219116,-0.146691486239433,1.00359332561493,-0.0200905073434114,0.0193634238094091,0.761130571365356,0.647998154163361
-0.533440709114075,-0.146155446767807,1.00389909744263,-0.0220612417906522,0.0173251442611217,0.761485159397125,0.647575199604034
-0.534312844276428,-0.145831108093262,1.00365054607391,-0.0210999492555856,0.0184725411236286,0.763018250465393,0.645768225193024
-0.534452557563782,-0.145378828048706,1.00364673137665,-0.0208820961415767,0.0189770031720399,0.764200806617737,0.644360899925232
-0.534688115119934,-0.145008027553558,1.00380265712738,-0.0225553400814533,0.0182460248470306,0.76533716917038,0.642975389957428
-0.534882962703705,-0.144601181149483,1.00377881526947,-0.0224772971123456,0.0186698380857706,0.766617000102997,0.641439437866211
-0.535015821456909,-0.144198670983314,1.00379037857056,-0.0227797143161296,0.0173005703836679,0.767591416835785,0.640300810337067
-0.534371078014374,-0.143606543540955,1.00413048267365,-0.0243445690721273,0.0162235181778669,0.768361628055573,0.639346957206726
-0.534450054168701,-0.143142074346542,1.00413966178894,-0.0249498933553695,0.0148439547047019,0.769572675228119,0.637898981571198
-0.53436291217804,-0.142730176448822,1.00422298908234,-0.0261185448616743,0.0154243223369121,0.771103322505951,0.635987162590027
-0.536808133125305,-0.141980856657028,1.00343501567841,-0.0206446442753076,0.0176185052841901,0.772530019283295,0.634398102760315
-0.536946833133698,-0.141345709562302,1.00339603424072,-0.0212094355374574,0.0176157802343368,0.774132907390594,0.632422387599945
-0.536314308643341,-0.140901252627373,1.00380551815033,-0.0231415871530771,0.0156639888882637,0.774855554103851,0.631520450115204
-0.536452054977417,-0.14031645655632,1.00381028652191,-0.0233891308307647,0.0155438613146543,0.776400029659271,0.629614472389221
-0.537064254283905,-0.139963462948799,1.00367593765259,-0.0227482561022043,0.0155213251709938,0.778749406337738,0.626730382442474
-0.537086367607117,-0.139502286911011,1.00376868247986,-0.0235539209097623,0.0144189298152923,0.780355751514435,0.624725699424744
-0.537086367607117,-0.139502286911011,1.00376868247986,-0.0235539209097623,0.0144189298152923,0.780355751514435,0.624725699424744
-0.536811232566833,-0.138288304209709,1.00391256809235,-0.0241852905601263,0.0161171052604913,0.782818913459778,0.621570467948914
-0.537798821926117,-0.137845888733864,1.00375688076019,-0.0228392593562603,0.0168535877019166,0.784966766834259,0.618887364864349
-0.537574529647827,-0.137365281581879,1.00385999679565,-0.0237788669764995,0.0171146225184202,0.786763966083527,0.616558313369751
-0.537541747093201,-0.136787757277489,1.0039449930191,-0.0241851266473531,0.0152735989540815,0.788336455821991,0.614579141139984
-0.53653484582901,-0.136504128575325,1.00449597835541,-0.0275362189859151,0.0149424504488706,0.789683938026428,0.612713575363159
-0.53636646270752,-0.135957032442093,1.0042712688446,-0.0284653045237064,0.0132802659645676,0.791950702667236,0.609776616096497
-0.536556959152222,-0.135347634553909,1.00430154800415,-0.0279801003634929,0.0139512829482555,0.793664515018463,0.607551693916321
-0.536946415901184,-0.134535118937492,1.00412678718567,-0.0273013785481452,0.0127042075619101,0.795545816421509,0.605144798755646
-0.535836637020111,-0.134070754051208,1.00473523139954,-0.0305004157125949,0.0118535673245787,0.79633241891861,0.603973507881165
-0.536563336849213,-0.133496910333633,1.00448572635651,-0.0287526659667491,0.0124543700367212,0.798497319221497,0.601182401180267
-0.536436200141907,-0.132472917437553,1.0047150850296,-0.0287804268300533,0.0110623678192496,0.799495279788971,0.599880576133728
-0.537301242351532,-0.132089808583259,1.00460743904114,-0.0279636699706316,0.0133903427049517,0.801934599876404,0.59660679101944
-0.537187039852142,-0.131352439522743,1.004634141922,-0.027581850066781,0.012917754240334,0.80358761548996,0.594406604766846
-0.536432802677155,-0.130690813064575,1.00510501861572,-0.0300795007497072,0.0105524407699704,0.804696142673492,0.592830657958984
-0.536842346191406,-0.130109876394272,1.00455605983734,-0.0292062796652317,0.0114747751504182,0.807223737239838,0.589410841464996
-0.536055028438568,-0.129487082362175,1.00497889518738,-0.0314228162169456,0.0091435248032212,0.808331310749054,0.587817549705505
-0.536079227924347,-0.128879636526108,1.00508069992065,-0.0315388888120651,0.0091381277889013,0.810068726539612,0.585414707660675
-0.535934031009674,-0.128134518861771,1.00502824783325,-0.0312779359519481,0.007509374525398,0.811778724193573,0.583078563213348
-0.535936594009399,-0.127665445208549,1.00517082214355,-0.0323546007275581,0.0084479870274662,0.813675224781036,0.580357372760773
-0.53673779964447,-0.127202689647675,1.00501036643982,-0.0306385476142168,0.0094504188746213,0.81597113609314,0.577202916145325
-0.537072062492371,-0.12647944688797,1.00488829612732,-0.0296449568122625,0.0096258297562599,0.817813277244568,0.574638962745667
-0.536675751209259,-0.125904157757759,1.00511074066162,-0.029985612258315,0.0044182385317981,0.819599986076355,0.572133958339691
-0.536979973316193,-0.125008329749107,1.00493919849396,-0.0297664143145084,0.0046159881167113,0.82068932056427,0.570580244064331
-0.536771655082703,-0.124633699655533,1.00518560409546,-0.0307999122887849,0.0057232636027038,0.822123527526855,0.56844687461853
-0.53666216135025,-0.123897783458233,1.00522613525391,-0.0307632945477962,0.0052503780461847,0.823567628860474,0.566358864307404
-0.536604821681976,-0.123247541487217,1.00524067878723,-0.0309456661343574,0.0052201333455741,0.825184285640717,0.563991367816925
-0.536518692970276,-0.12259030342102,1.00530433654785,-0.0310000479221344,0.0043241814710199,0.826595962047577,0.561924874782562
-0.536643803119659,-0.122079268097878,1.00537836551666,-0.0304834134876728,0.0055457456037402,0.828094720840454,0.559731245040894
-0.536599516868591,-0.121526263654232,1.00543534755707,-0.0310916285961866,0.0054214517585933,0.829581916332245,0.55749237537384
-0.536683201789856,-0.120660811662674,1.00528287887573,-0.0306105706840753,0.0044682179577648,0.831117510795593,0.555235803127289
-0.536531567573547,-0.120455734431744,1.00570809841156,-0.031801413744688,0.0049925995990633,0.83217179775238,0.553582727909088
-0.536393761634827,-0.119731687009334,1.00567233562469,-0.0315102748572826,0.0046093300916254,0.833426713943481,0.551711738109589
-0.535495817661285,-0.119522392749786,1.0064914226532,-0.0345534719526767,0.0038040857762098,0.833869934082031,0.550865530967712
-0.535500824451447,-0.118845827877522,1.00656616687775,-0.0348445251584053,0.0039074625819921,0.835013389587402,0.549111425876617
-0.535436868667603,-0.118233919143677,1.00657951831818,-0.0349244736135005,0.0032250955700874,0.836085379123688,0.547477185726166
-0.536198258399963,-0.117300733923912,1.00604510307312,-0.0325776748359203,0.0029986989684402,0.837807655334473,0.54498428106308
-0.536312401294708,-0.116599231958389,1.00605034828186,-0.0323130302131176,0.0032735697459429,0.838956952095032,0.543227791786194
-0.536324918270111,-0.115775868296623,1.00584280490875,-0.0317261926829814,0.0025614479091018,0.840038657188416,0.541592001914978
-0.536273002624512,-0.115695491433144,1.00621962547302,-0.0327706411480903,0.0043172617442905,0.840724766254425,0.540453016757965
-0.536246180534363,-0.114893481135368,1.00607264041901,-0.0327154844999313,0.0027971246745437,0.841622710227966,0.539066970348358
-0.536187052726746,-0.114328563213348,1.00613951683044,-0.0327521972358226,0.003019324503839,0.842339158058167,0.537943303585052
-0.535239160060883,-0.114111550152302,1.00686156749725,-0.0351441316306591,0.0025627906434237,0.842441201210022,0.53763484954834
-0.535981774330139,-0.113261930644512,1.00633680820465,-0.0332632213830947,0.0023503883276134,0.843803703784943,0.535614788532257
-0.536083161830902,-0.112632967531681,1.0062460899353,-0.0331442467868328,0.002432516310364,0.844567000865936,0.534417569637299
-0.536079168319702,-0.112165279686451,1.00627720355988,-0.0334371589124202,0.0032967438455671,0.845270812511444,0.533280611038208
-0.535184323787689,-0.112031415104866,1.00700330734253,-0.03626149892807,0.0027595411520451,0.845112919807434,0.533349454402924
-0.536029696464539,-0.111214466392994,1.00635409355164,-0.033394481986761,0.0035767524968832,0.846348822116852,0.531569182872772
-0.536351025104523,-0.110133610665798,1.00581455230713,-0.0320054627954959,0.0025641664396971,0.847302556037903,0.530139029026031
-0.536379158496857,-0.10970938950777,1.00583171844482,-0.0320526175200939,0.002719264710322,0.847633063793182,0.529606997966766
-0.536379158496857,-0.10970938950777,1.00583171844482,-0.0320526175200939,0.002719264710322,0.847633063793182,0.529606997966766
-0.534972846508026,-0.109270915389061,1.00716650485992,-0.0363963134586811,0.0015658832853659,0.847482204437256,0.529572367668152
-0.535834014415741,-0.108344621956348,1.00645673274994,-0.0336277782917022,0.0023199918214231,0.848609268665314,0.527945220470428
-0.535792946815491,-0.107899025082588,1.00649499893188,-0.0340615175664424,0.0021886196918785,0.84889680147171,0.527455508708954
-0.535748839378357,-0.107424266636372,1.0065358877182,-0.0340424329042434,0.0024787234142422,0.849287748336792,0.526825845241547
-0.53574001789093,-0.107039622962475,1.00657415390015,-0.0342101827263832,0.0023092424962669,0.849539935588837,0.526408731937408
-0.534878432750702,-0.106901399791241,1.00735831260681,-0.0369629636406898,0.0025347277987748,0.849210441112518,0.52675324678421
-0.534852802753448,-0.106494389474392,1.00740373134613,-0.0370754934847354,0.002604872919619,0.849376142024994,0.526477694511414
-0.535841882228851,-0.105678595602512,1.00665187835693,-0.0343888588249683,0.0028474207501858,0.850458383560181,0.524909496307373
-0.535794079303741,-0.105249434709549,1.00663089752197,-0.0340512059628963,0.0026937690563499,0.85067892074585,0.524574637413025
-0.535794079303741,-0.105249434709549,1.00663089752197,-0.0340512059628963,0.0026937690563499,0.85067892074585,0.524574637413025
-0.535864412784576,-0.104586236178875,1.00674962997437,-0.0342327617108821,0.0030241061467677,0.851006150245667,0.524030089378357
-0.536247491836548,-0.103517465293407,1.00619494915009,-0.0325283035635948,0.0025498105678707,0.851684391498566,0.523038566112518
-0.534936308860779,-0.104089185595512,1.00747632980347,-0.0369307659566402,0.0030885657761245,0.85058981180191,0.524522244930267
-0.535795986652374,-0.103177487850189,1.00675475597382,-0.0339969061315059,0.0035238300915807,0.851544737815857,0.52316677570343
-0.535765707492828,-0.10273302346468,1.00674867630005,-0.0344887934625148,0.0033800324890762,0.851613998413086,0.523022949695587
-0.535836577415466,-0.102420873939991,1.00672101974487,-0.0341741852462291,0.0036551926750689,0.851525664329529,0.523185431957245
-0.53571742773056,-0.101910077035427,1.0068107843399,-0.0348161570727825,0.003425074275583,0.851426184177399,0.523306429386139
-0.535647392272949,-0.101536199450493,1.00686585903168,-0.0344364717602729,0.0031541243661195,0.851396799087524,0.523381233215332
-0.535925209522247,-0.100564330816269,1.00640976428986,-0.0333253517746925,0.0023992424830794,0.851742148399353,0.522894859313965
-0.535956263542175,-0.100227259099483,1.00637793540955,-0.033378604799509,0.0021143688354641,0.851719915866852,0.522928774356842
-0.535729646682739,-0.100319363176823,1.00682771205902,-0.0347290970385074,0.0030593650881201,0.851357698440552,0.523425936698914
-0.535726249217987,-0.0999473929405212,1.0068267583847,-0.0347191803157329,0.0030487547628581,0.851360559463501,0.523421943187714
-0.535697281360626,-0.0996139347553253,1.00685882568359,-0.0342874638736248,0.0031127631664276,0.851323843002319,0.523509860038757
-0.535697281360626,-0.0996139347553253,1.00685882568359,-0.0342874638736248,0.0031127631664276,0.851323843002319,0.523509860038757
-0.534820795059204,-0.0993970856070518,1.00749588012695,-0.0373603180050849,0.0035940865054726,0.850601732730865,0.524469435214996
-0.53565639257431,-0.0986551269888877,1.0069272518158,-0.0351388342678546,0.0042084911838173,0.85129725933075,0.523488819599152
-0.534748494625092,-0.0986239910125732,1.00753784179688,-0.0378447100520134,0.0036938120611011,0.850567698478699,0.524489104747772
-0.534750401973724,-0.0982551425695419,1.00746715068817,-0.0417136512696743,0.0020326366648077,0.850921392440796,0.523630321025848
-0.534791946411133,-0.0978417545557022,1.00741124153137,-0.0373210869729518,0.0037322558928281,0.850558340549469,0.524541437625885
-0.534824669361115,-0.0974882543087005,1.00725746154785,-0.0370137356221675,0.003923506475985,0.850603342056274,0.524488806724548
-0.534906566143036,-0.0971254184842109,1.0071542263031,-0.0364794805645942,0.0037775719538331,0.850573360919952,0.52457594871521
-0.534930944442749,-0.0970735996961593,1.00656247138977,-0.0364570692181587,0.0050035924650728,0.850459277629852,0.524752259254456
-0.534846365451813,-0.0966334417462349,1.00657176971436,-0.0360489711165428,0.0045446390286087,0.850470662117004,0.524765908718109
-0.534875690937042,-0.0960136651992797,1.00712966918945,-0.0353525653481483,0.0042240740731358,0.85067880153656,0.524478912353516
-0.534842252731323,-0.0956917256116867,1.00713813304901,-0.0352972894906997,0.0038666839245706,0.850671052932739,0.524497866630554
-0.534849405288696,-0.0954051539301872,1.00709629058838,-0.0351605713367462,0.0044060787186026,0.850701808929443,0.524452984333038
-0.535742223262787,-0.0947682783007621,1.0066294670105,-0.0322828851640224,0.0053243837319314,0.851472020149231,0.523378312587738
-0.535809636116028,-0.0943403840065002,1.00654137134552,-0.0318026132881641,0.0048431754112243,0.851572394371033,0.523249208927155
-0.535802185535431,-0.094055600464344,1.00652027130127,-0.031857457011938,0.0050219912081956,0.85167407989502,0.523078799247742
-0.535697638988495,-0.0937243849039077,1.00638842582703,-0.0318377427756786,0.0049153845757246,0.85165810585022,0.523106932640076
-0.535700798034668,-0.0934950411319732,1.00646364688873,-0.0317455418407917,0.0052430992946028,0.851657152175903,0.523110687732697
-0.535743176937103,-0.0932200625538826,1.0065826177597,-0.032010018825531,0.0055949995294213,0.851726233959198,0.522978663444519
-0.535741925239563,-0.0929002910852432,1.00647473335266,-0.0319790728390216,0.0052692820318043,0.851751923561096,0.522942125797272
-0.535650610923767,-0.0925330966711044,1.0064868927002,-0.0318402349948883,0.0051731583662331,0.851842522621155,0.522803902626038
-0.535515487194061,-0.0922986939549446,1.00647306442261,-0.031649425625801,0.0055133095011115,0.851819157600403,0.522849977016449
-0.535485088825226,-0.0920224785804748,1.00643801689148,-0.0312812887132167,0.0054143089801073,0.851894080638885,0.522751033306122
-0.53538304567337,-0.0917332544922828,1.00640499591827,-0.031328298151493,0.0048724212683737,0.851927101612091,0.522699773311615
-0.534430980682373,-0.091626226902008,1.00674211978912,-0.0334700420498847,0.0040717236697673,0.851314902305603,0.523570597171783
-0.535284399986267,-0.0910110622644424,1.00615131855011,-0.0302513241767883,0.0048757749609649,0.852144420146942,0.522408723831177
-0.535192906856537,-0.0908837392926216,1.00620603561401,-0.0303380545228719,0.0049794078804552,0.85223251581192,0.522259056568146
-0.53511917591095,-0.090750828385353,1.00622773170471,-0.0304256882518529,0.0051095173694193,0.852320313453674,0.522109389305115
-0.535056471824646,-0.0905678123235702,1.0062153339386,-0.0305379312485456,0.0052430764771997,0.852431535720825,0.521920084953308
-0.535056471824646,-0.0905678123235702,1.0062153339386,-0.0305379312485456,0.0052430764771997,0.852431535720825,0.521920084953308
-0.535235047340393,-0.0899198725819587,1.00584745407104,-0.0291620623320341,0.0057031419128179,0.853052794933319,0.520978033542633
-0.534840822219849,-0.090157076716423,1.0062757730484,-0.0305571369826793,0.0066326418891549,0.85295957326889,0.521039664745331
-0.534749805927277,-0.0899489670991897,1.00622594356537,-0.0305706374347209,0.0066427798010408,0.853225827217102,0.520602583885193
-0.534680068492889,-0.0897959023714065,1.00620687007904,-0.0304790027439594,0.0066471165046095,0.853347599506378,0.52040833234787
-0.5345738530159,-0.0896137133240699,1.00621628761292,-0.0306474436074495,0.0063193244859576,0.853692829608917,0.519836008548737
-0.5345738530159,-0.0896137133240699,1.00621628761292,-0.0306474436074495,0.0063193244859576,0.853692829608917,0.519836008548737
-0.534362852573395,-0.0893151834607124,1.0062460899353,-0.0306363962590694,0.0064130960963666,0.854135870933533,0.519107162952423
-0.534280776977539,-0.0892150774598121,1.00624561309814,-0.0300986897200346,0.0076059750281274,0.854422748088837,0.51865017414093
-0.534207105636597,-0.0891114547848701,1.00624668598175,-0.0298631601035594,0.0079787401482462,0.854659140110016,0.518268704414368
-0.534132599830627,-0.0890077799558639,1.00623631477356,-0.0297135766595602,0.0083527034148573,0.854857265949249,0.517944633960724
-0.534086942672729,-0.0888173133134841,1.00613939762115,-0.0291403569281101,0.0083604548126459,0.855160892009735,0.517475664615631
-0.533973515033722,-0.0887179523706436,1.0061366558075,-0.0286719538271427,0.0089635979384183,0.855319023132324,0.517230033874512
-0.533773601055145,-0.0885973274707794,1.00616657733917,-0.0287928767502307,0.008949777111411,0.855535566806793,0.516865253448486
-0.533545434474945,-0.0884055718779563,1.00610995292664,-0.0288408137857913,0.0086718825623393,0.855632543563843,0.516706943511963
-0.533395171165466,-0.0882817134261131,1.00609064102173,-0.0288355126976966,0.008999153971672,0.855753123760223,0.516501784324646
-0.533243238925934,-0.0881965309381485,1.00609922409058,-0.0288361590355634,0.0090527273714542,0.855832278728485,0.516369700431824
-0.533050835132599,-0.0880950987339019,1.00608420372009,-0.0289807897061109,0.0092894546687603,0.855822145938873,0.516374349594116
-0.533050835132599,-0.0880950987339019,1.00608420372009,-0.0289807897061109,0.0092894546687603,0.855822145938873,0.516374349594116
-0.532806515693665,-0.0880288034677505,1.00615310668945,-0.0289651341736316,0.0101629868149757,0.855701863765717,0.516557991504669
-0.532497406005859,-0.087880939245224,1.00606858730316,-0.0291885677725076,0.0102499350905418,0.855474174022675,0.516920566558838
-0.532466650009155,-0.087729588150978,1.00592720508575,-0.0282203871756792,0.0109060276299715,0.855472564697266,0.516963839530945
-0.532419145107269,-0.087542675435543,1.00584673881531,-0.0284271202981472,0.0115280644968152,0.855437457561493,0.516996800899506
-0.532089173793793,-0.0876164063811302,1.00587832927704,-0.0286056920886039,0.0115692866966128,0.85506671667099,0.517599284648895
-0.531709313392639,-0.0876759886741638,1.00599682331085,-0.0296899173408746,0.0126079060137271,0.854563117027283,0.51834511756897
-0.531390905380249,-0.0876028090715408,1.00598669052124,-0.0301414690911769,0.0123362969607114,0.854179084300995,0.51895809173584
-0.531390905380249,-0.0876028090715408,1.00598669052124,-0.0301414690911769,0.0123362969607114,0.854179084300995,0.51895809173584
-0.530796766281128,-0.0874252170324325,1.00586569309235,-0.0306830666959285,0.0123878056183457,0.853221476078033,0.520498275756836
-0.530527412891388,-0.087371751666069,1.00582575798035,-0.0308931544423103,0.0123848998919129,0.852606415748596,0.521492719650269
-0.529479801654816,-0.0872761234641075,1.0060738325119,-0.0321094766259193,0.0109712118282914,0.851401448249817,0.523415982723236
-0.529106974601746,-0.0874241143465042,1.00579071044922,-0.0332284905016422,0.0117061864584684,0.850537598133087,0.524732947349548
-0.528952836990356,-0.0873611941933631,1.00603532791138,-0.0320343486964702,0.0112078031525015,0.849776268005371,0.526049911975861
-0.528741896152496,-0.0873793438076973,1.00590753555298,-0.0325546637177467,0.0113854287192225,0.848895251750946,0.527434766292572
-0.528741896152496,-0.0873793438076973,1.00590753555298,-0.0325546637177467,0.0113854287192225,0.848895251750946,0.527434766292572
-0.528977870941162,-0.0879596546292305,1.00550544261932,-0.0324175432324409,0.013683277182281,0.846395790576935,0.53139066696167
-0.568223237991333,-0.110553435981274,0.988842010498047,0.0219978112727403,0.114169433712959,0.827975034713745,0.548578798770905
-0.567961275577545,-0.110608801245689,0.988786220550537,0.0222338493913412,0.114263497292995,0.826825857162476,0.550280451774597
-0.567673325538635,-0.110663533210754,0.988722264766693,0.0216542482376098,0.113921642303467,0.825684905052185,0.552084565162659
-0.567279815673828,-0.110609889030457,0.98858243227005,0.0194281823933124,0.112089820206165,0.824833691120148,0.553812205791473
-0.566957890987396,-0.110665693879128,0.988505244255066,0.0202758163213729,0.112725742161274,0.823184847831726,0.556101202964783
-0.566643297672272,-0.11086905747652,0.988452136516571,0.0200472045689821,0.112753540277481,0.821732819080353,0.558247268199921
-0.566253781318665,-0.110771715641022,0.988196849822998,0.0196320600807666,0.112244635820389,0.820270299911499,0.560510873794556
-0.566005289554596,-0.110705226659775,0.987841725349426,0.0188813284039497,0.111141994595528,0.819043278694153,0.562546968460083
-0.565637826919556,-0.110671110451221,0.98766952753067,0.0166343208402395,0.108452796936035,0.818024337291718,0.56462162733078
-0.565409243106842,-0.11078292876482,0.98750102519989,0.0177137851715087,0.109219707548618,0.81558221578598,0.567963778972626
-0.565245389938354,-0.111114330589771,0.987620711326599,0.016925336793065,0.113160014152527,0.814074099063873,0.569378256797791
-0.565134108066559,-0.111222885549068,0.987457394599915,0.0163418781012296,0.113099671900272,0.812498033046722,0.571654200553894
-0.565089583396912,-0.111397601664066,0.987303197383881,0.016794167459011,0.113366506993771,0.810512065887451,0.574400782585144
-0.565021693706512,-0.111395448446274,0.987034916877747,0.0164974145591259,0.112659998238087,0.808880686759949,0.576842725276947
-0.56477427482605,-0.111074030399322,0.986616313457489,0.016611585393548,0.111826330423355,0.807336211204529,0.579160809516907
-0.563683450222015,-0.110888883471489,0.98669022321701,0.0151942027732729,0.109658867120743,0.805582702159882,0.582048654556274
-0.561436772346497,-0.110857181251049,0.987450957298279,0.0111052496358752,0.106233075261116,0.803979456424713,0.584985733032227
-0.5587038397789,-0.110277287662029,0.988475143909454,0.0069523397833108,0.101767085492611,0.80277156829834,0.587497115135193
-0.554634869098663,-0.109545566141605,0.990140378475189,-0.0003867197374347,0.095175877213478,0.801146984100342,0.590851008892059
-0.519823372364044,-0.0888703763484954,1.0056494474411,-0.0440429337322711,-0.0007823961786925,0.814674317836761,0.578243017196655
-0.519847571849823,-0.0892269164323806,1.00590145587921,-0.0444406569004058,-0.0005481104017235,0.812659919261932,0.581040859222412
-0.520463943481445,-0.0899436622858047,1.00593829154968,-0.0427564680576324,0.0012606024974957,0.811277449131012,0.583094596862793
-0.520319759845734,-0.0905132815241813,1.00596463680267,-0.0437458381056785,0.0019332566298544,0.809037506580353,0.586123585700989
-0.520319759845734,-0.0905132815241813,1.00596463680267,-0.0437458381056785,0.0019332566298544,0.809037506580353,0.586123585700989
-0.519701063632965,-0.0911345928907394,1.00577878952026,-0.0443803183734416,0.0028186927083879,0.804950058460236,0.59167355298996
-0.519028723239899,-0.0911665633320808,1.00574934482574,-0.0449943020939827,-0.0021554240956902,0.801481902599335,0.596320033073425
-0.518863260746002,-0.0915536433458328,1.00573265552521,-0.0447698719799518,-0.0013587990542873,0.799066781997681,0.599571526050568
-0.518446505069733,-0.0918216407299041,1.00560748577118,-0.0450918674468994,-0.0010502440854907,0.797047257423401,0.602230131626129
-0.518933296203613,-0.0927745401859283,1.00548362731934,-0.0447027571499347,0.0016367676435038,0.795464098453522,0.604347407817841
-0.518629014492035,-0.093056671321392,1.00537109375,-0.0451427400112152,0.0010597166838124,0.793048620223999,0.607482492923737
-0.51894348859787,-0.0937250629067421,1.00551211833954,-0.0443700812757015,0.0029332065023481,0.790392696857452,0.610984444618225
-0.521329522132874,-0.0980278179049491,1.00381994247437,-0.044510617852211,0.0162667986005544,0.787396788597107,0.614622414112091
-0.521319448947906,-0.0984251871705055,1.00378179550171,-0.0449115745723247,0.0163611862808465,0.784548163414001,0.618222951889038
-0.52165424823761,-0.0984979569911956,1.00321137905121,-0.0434159114956855,0.0156207391992211,0.781876623630524,0.621723532676697
-0.520066857337952,-0.0980739668011665,1.00330471992493,-0.0449098125100135,0.0111673828214406,0.778566241264343,0.625854015350342
-0.520877599716187,-0.0986391827464103,1.00298142433167,-0.0430996902287006,0.0139144826680421,0.776411890983582,0.628596425056458
-0.5201216340065,-0.0990552231669426,1.00331783294678,-0.0444944351911544,0.0130121307447552,0.77289879322052,0.63283383846283
-0.520089507102966,-0.0994168147444725,1.00315976142883,-0.0447840951383113,0.0125578539445996,0.770290613174438,0.635994672775269
-0.520102322101593,-0.0998089984059333,1.00327980518341,-0.0445163212716579,0.0121335294097661,0.766745805740356,0.640290439128876
-0.520062625408173,-0.100131168961525,1.00298595428467,-0.0426841452717781,0.0136730493977665,0.76387631893158,0.643804490566254
-0.520168483257294,-0.100857749581337,1.00328600406647,-0.0429900214076042,0.0151798259466886,0.760578632354736,0.647643148899078
-0.520233452320099,-0.101080521941185,1.00299334526062,-0.0424202345311641,0.0156576838344335,0.757730960845947,0.650998651981354
-0.520175814628601,-0.10148548334837,1.00264918804169,-0.0417643226683139,0.0148847149685025,0.754391431808472,0.65492570400238
-0.520433187484741,-0.102182425558567,1.0027357339859,-0.0420120544731617,0.0168899223208427,0.751293122768402,0.658413529396057
-0.504202425479889,-0.104059308767319,1.00874137878418,-0.08010795712471,-0.0098092481493949,0.754129230976105,0.65174812078476
-0.510588407516479,-0.104189291596413,1.0064605474472,-0.0651020109653472,0.0013439174508675,0.749558329582214,0.658727705478668
-0.514403581619263,-0.104203030467033,1.00523722171783,-0.0561987347900867,0.0076767248101532,0.744490325450897,0.665219485759735
-0.517606019973755,-0.104753047227859,1.00455832481384,-0.0491076223552227,0.0132616572082042,0.740410447120667,0.670227587223053
-0.520296812057495,-0.104802377521992,1.00347554683685,-0.042613036930561,0.0179146435111761,0.737266302108765,0.674019157886505
-0.520296812057495,-0.104802377521992,1.00347554683685,-0.042613036930561,0.0179146435111761,0.737266302108765,0.674019157886505
-0.522380769252777,-0.105464212596416,1.00225806236267,-0.0372807681560516,0.0213364418596029,0.730770289897919,0.681270658969879
-0.52287620306015,-0.106995433568954,1.00253689289093,-0.0385968945920467,0.0245431400835514,0.727653920650482,0.68441778421402
-0.522581219673157,-0.107202664017677,1.00170838832855,-0.038634005934,0.0233917254954576,0.725368678569794,0.686877489089966
-0.522382915019989,-0.107645973563194,1.0024551153183,-0.0398586615920066,0.0235884599387645,0.721835672855377,0.690512835979462
-0.522580206394196,-0.108604840934276,1.00295579433441,-0.0407201163470745,0.0253020953387022,0.71902471780777,0.693329095840454
-0.523421823978424,-0.109472408890724,1.00259935855865,-0.0391119420528411,0.0275029242038726,0.716880917549133,0.695554256439209
-0.523504674434662,-0.109207756817341,1.00210404396057,-0.0371565036475658,0.0260713808238506,0.71454244852066,0.698118031024933
-0.523121356964111,-0.109736047685146,1.00232827663422,-0.0388169810175895,0.0262758340686559,0.711449563503265,0.701172113418579
-0.523368120193481,-0.110400058329105,1.00238561630249,-0.0382737405598163,0.0266233794391155,0.708883762359619,0.703782677650452
-0.523649930953979,-0.11099998652935,1.00234484672546,0.0379675142467021,-0.0274234190583229,-0.706330537796021,-0.706331133842468
-0.524504005908966,-0.111713543534279,1.00212824344635,0.0369792096316814,-0.0300206020474433,-0.704574644565582,-0.708029627799988
-0.52402275800705,-0.112266562879085,1.00234806537628,0.0375860631465911,-0.0286785252392292,-0.701592981815338,-0.71100777387619
-0.524877548217773,-0.11300890147686,1.0021059513092,0.0362728349864482,-0.0309599693864583,-0.699876487255096,-0.712670087814331
-0.524455547332764,-0.113530769944191,1.00240397453308,0.0369660668075084,-0.0304282139986753,-0.697169065475464,-0.715306282043457
-0.524567663669586,-0.114135064184666,1.00240123271942,0.0367962904274463,-0.030925890430808,-0.6949462890625,-0.717453420162201
-0.524689614772797,-0.114798419177532,1.00237917900085,0.0371999703347682,-0.0313653424382209,-0.693143129348755,-0.719155848026276
-0.524815499782562,-0.115385062992573,1.00238132476807,0.0365199260413646,-0.0317244976758956,-0.69120842218399,-0.721034586429596
-0.524981677532196,-0.116083160042763,1.00236797332764,0.0359395071864128,-0.0329651460051536,-0.689310193061829,-0.722823143005371
-0.525679588317871,-0.116753540933132,1.00214910507202,0.0352707467973232,-0.0339171141386032,-0.688148498535156,-0.723917901515961
-0.525137901306152,-0.117357529699802,1.00230777263641,0.0355477705597877,-0.0327795818448066,-0.685834467411041,-0.726149320602417
-0.52520215511322,-0.117930486798286,1.00233995914459,0.0352283865213394,-0.0341209582984447,-0.684171736240387,-0.727670133113861
-0.525436282157898,-0.118723601102829,1.00262069702148,0.035455398261547,-0.0351877212524414,-0.68265575170517,-0.729030847549438
-0.525452673435211,-0.119287952780724,1.00238692760468,0.0349157862365245,-0.0353438854217529,-0.681224524974823,-0.730386674404144
-0.525516211986542,-0.119959451258182,1.00237286090851,0.0351526327431201,-0.035532146692276,-0.679764986038208,-0.731724917888641
-0.525546133518219,-0.120526187121868,1.00232195854187,0.0349304415285587,-0.0359894223511219,-0.678774237632751,-0.732632398605347
-0.525558173656464,-0.121184512972832,1.00228834152222,0.0346989370882511,-0.0361677445471286,-0.677619814872742,-0.733702421188354
-0.525601029396057,-0.121802359819412,1.00226330757141,0.0348737686872482,-0.0365648865699768,-0.676638841629028,-0.73457932472229
-0.525599658489227,-0.12239321321249,1.00226354598999,0.0351132452487945,-0.0362875834107399,-0.675853252410889,-0.735304415225983
-0.525631368160248,-0.123007848858833,1.00222098827362,0.034382376819849,-0.0360309481620788,-0.675126910209656,-0.736018598079681
-0.525703966617584,-0.123871251940727,1.00244331359863,0.0350309684872627,-0.0373393632471561,-0.674408495426178,-0.736581206321716
-0.525681555271149,-0.12453530728817,1.00224816799164,0.0346521139144897,-0.0366333574056625,-0.673840463161469,-0.737154245376587
-0.525679111480713,-0.124840833246708,1.00228953361511,0.0342858172953128,-0.0368170402944088,-0.673673570156097,-0.737314641475677
-0.525637328624725,-0.125514999032021,1.00201833248138,0.0342396534979343,-0.0369602143764495,-0.67325097322464,-0.737695634365082
-0.525634229183197,-0.126169428229332,1.0019633769989,0.0342749133706092,-0.0372350364923477,-0.672986507415771,-0.737921476364136
-0.525609791278839,-0.12669426202774,1.00218796730042,0.0337810255587101,-0.0364818312227726,-0.67280912399292,-0.738143563270569
-0.525568425655365,-0.127363041043281,1.00220847129822,0.0339852683246135,-0.036758255213499,-0.672756314277649,-0.73816853761673
-0.525553464889526,-0.127975925803185,1.00219249725342,0.0344243608415126,-0.0369781777262687,-0.67293906211853,-0.737970590591431
-0.525570333003998,-0.128601133823395,1.00214791297913,0.0343539342284202,-0.0371902212500572,-0.673046112060547,-0.737865626811981
-0.525693237781525,-0.129456803202629,1.00233125686646,0.0344798751175403,-0.0380818545818328,-0.672990381717682,-0.737864971160889
-0.52560955286026,-0.130048051476478,1.00229394435883,0.0344480015337467,-0.0379893369972705,-0.673237562179565,-0.737645745277405
-0.52546352148056,-0.13035723567009,1.00206184387207,0.0337907560169696,-0.0370718613266944,-0.673808813095093,-0.737201273441315
-0.525401651859283,-0.130909010767937,1.00202560424805,0.0337108150124549,-0.0365545079112052,-0.674325227737427,-0.736758410930634
-0.525372803211212,-0.131602793931961,1.00193238258362,0.0339396484196186,-0.0367656014859676,-0.674701869487762,-0.736392378807068
-0.525430858135223,-0.132499366998672,1.00207304954529,0.0342233255505561,-0.0374677330255508,-0.675026297569275,-0.736046433448792
-0.525308012962341,-0.133080825209618,1.00203585624695,0.0344480350613594,-0.037094809114933,-0.675661683082581,-0.735471606254578
-0.52510142326355,-0.133394926786423,1.00203132629395,0.0340457782149314,-0.0358425751328468,-0.67644464969635,-0.734832584857941
-0.524864315986633,-0.133903175592422,1.00158417224884,0.0341475047171115,-0.0350610017776489,-0.677210092544556,-0.734160304069519
-0.524968028068542,-0.134689390659332,1.00160479545593,0.0346634835004806,-0.0354273095726966,-0.677789568901062,-0.733583390712738
-0.524880111217499,-0.135295987129211,1.00157201290131,0.0347093008458614,-0.0349958948791027,-0.678422152996063,-0.733016967773438
-0.524782776832581,-0.135925456881523,1.00153481960297,0.0349006913602352,-0.0346001870930194,-0.679189920425415,-0.732315361499786
-0.524736225605011,-0.136606454849243,1.00141167640686,0.0345001891255378,-0.0340047031641006,-0.679867744445801,-0.731733024120331
-0.524683177471161,-0.137336790561676,1.00138556957245,0.0349534004926681,-0.0346555598080158,-0.680603861808777,-0.730996489524841
-0.524561285972595,-0.138022571802139,1.00132536888123,0.0352698937058448,-0.0346239320933818,-0.681201696395874,-0.730425477027893
-0.524514675140381,-0.138710036873817,1.0012434720993,0.0355307795107364,-0.0343663357198238,-0.682047367095947,-0.729635417461395
-0.524414777755737,-0.139307394623756,1.001140832901,0.0354186780750751,-0.0340992175042629,-0.682748019695282,-0.728997826576233
-0.524319052696228,-0.140046581625938,1.0011420249939,0.0356085933744907,-0.0343778394162654,-0.683500051498413,-0.728270530700684
-0.524221777915955,-0.140763700008392,1.00107526779175,0.0351691879332065,-0.0335560925304889,-0.684034287929535,-0.72782838344574
-0.52421510219574,-0.141564786434174,1.00101578235626,0.0358239263296127,-0.0336218923330307,-0.68474954366684,-0.727120518684387
-0.524070918560028,-0.142208606004715,1.00096273422241,0.0361446440219879,-0.033435046672821,-0.685443878173828,-0.726458728313446
-0.523987889289856,-0.143003270030022,1.00094270706177,0.0363390780985355,-0.0337533988058567,-0.686136782169342,-0.725780010223389
-0.523964643478394,-0.143690049648285,1.00086295604706,0.0363115184009075,-0.0340089909732341,-0.686946034431458,-0.72500342130661
-0.523964643478394,-0.143690049648285,1.00086295604706,0.0363115184009075,-0.0340089909732341,-0.686946034431458,-0.72500342130661
-0.524628102779388,-0.145209908485413,1.00052583217621,0.035549983382225,-0.0363090671598911,-0.689060628414154,-0.722920179367065
-0.524514138698578,-0.145979642868042,1.00051438808441,0.0360306426882743,-0.0364007502794265,-0.689581990242004,-0.722394227981567
-0.525753378868103,-0.147952243685722,1.0016610622406,0.0362951457500457,-0.0413727946579456,-0.690245509147644,-0.72147923707962
-0.524945139884949,-0.14843724668026,1.0017876625061,0.0377992466092109,-0.0389912240207195,-0.690645694732666,-0.721151471138
-0.52411550283432,-0.148549646139145,1.00100302696228,0.0380192585289478,-0.0363260731101036,-0.691267013549805,-0.720683634281158
-0.52411550283432,-0.148549646139145,1.00100302696228,0.0380192585289478,-0.0363260731101036,-0.691267013549805,-0.720683634281158
-0.523866713047028,-0.149408385157585,1.0005909204483,0.037156842648983,-0.0350129008293151,-0.69327712059021,-0.718860507011414
-0.5238396525383,-0.150138676166534,1.00061225891113,0.0368446893990039,-0.0351476520299911,-0.694110095500946,-0.718065619468689
-0.523973762989044,-0.150858774781227,1.00089144706726,0.0364553965628147,-0.0356084890663623,-0.694974064826965,-0.717226803302765
-0.524117410182953,-0.152077212929726,1.00106000900269,0.0375105366110801,-0.0368791632354259,-0.695531487464905,-0.716567397117615
-0.524075925350189,-0.152784317731857,1.00105357170105,0.037119772285223,-0.0364972800016403,-0.696149826049805,-0.716006636619568
-0.524170935153961,-0.153374671936035,1.00114059448242,0.0364550091326236,-0.0364289991557598,-0.697054266929626,-0.715163886547089
-0.524014711380005,-0.153306379914284,1.00061762332916,0.0349724851548671,-0.0344475284218788,-0.698370277881622,-0.714051306247711
-0.524001181125641,-0.153964430093765,1.00060939788818,0.034904982894659,-0.0345213897526264,-0.699253976345062,-0.713185787200928
-0.524151265621185,-0.154747724533081,1.00059473514557,0.0349089726805686,-0.0353598035871982,-0.699972569942474,-0.712439060211182
-0.524189710617065,-0.15537628531456,1.00062727928162,0.0345306508243083,-0.0351973846554756,-0.70087206363678,-0.711580753326416
-0.524197638034821,-0.156154677271843,1.00083124637604,0.0347260497510433,-0.0352798737585544,-0.701725125312805,-0.710725963115692
-0.524223148822784,-0.15669372677803,1.00079488754272,0.0343394353985786,-0.0353018008172512,-0.702696979045868,-0.709782838821411
-0.524421155452728,-0.157563537359238,1.00087225437164,0.0342950746417045,-0.0360519140958786,-0.703446447849274,-0.709004342556
-0.524519860744476,-0.158191785216331,1.00083136558533,0.0339143238961696,-0.0361641570925712,-0.704230725765228,-0.708238005638123
-0.525141537189484,-0.158928766846657,1.00060486793518,0.0327037535607814,-0.0374982841312885,-0.705764710903168,-0.70669686794281
-0.524554252624512,-0.159405305981636,1.00082910060883,0.0334518812596797,-0.035873994231224,-0.70613956451416,-0.706371605396271
-0.524558961391449,-0.159958153963089,1.0008270740509,-0.0332760103046894,0.0354584120213985,0.706973016262054,0.705566883087158
-0.524695754051208,-0.1605554074049,1.00080668926239,-0.0329027436673641,0.0353372357785701,0.708006024360657,0.704553961753845
-0.52460503578186,-0.160777986049652,1.0005167722702,-0.0321832261979579,0.0343129336833953,0.709005534648895,0.703632175922394
-0.524614989757538,-0.161354824900627,1.00052440166473,-0.0319303050637245,0.0341323129832744,0.709837675094604,0.702812969684601
-0.525401532649994,-0.162024766206741,1.00030481815338,-0.0304168611764907,0.0355374924838542,0.711323797702789,0.701306164264679
-0.524734377861023,-0.1624865680933,1.00052070617676,-0.0314964018762111,0.033777616918087,0.711588799953461,0.701076686382294
-0.525468587875366,-0.16309942305088,1.00030052661896,-0.0300673395395278,0.0351216495037078,0.71284407377243,0.699796915054321
-0.52500182390213,-0.163574263453483,1.00050354003906,-0.0309043452143669,0.0339175909757614,0.713223576545715,0.699433147907257
-0.525099456310272,-0.16426083445549,1.00022554397583,-0.031037863343954,0.0334196612238884,0.713903903961182,0.698756814002991
-0.525307297706604,-0.164672404527664,1.00047135353088,-0.0303813051432371,0.0332628712058067,0.714776694774628,0.697900354862213
-0.525521993637085,-0.165439531207085,1.0006992816925,-0.0306815542280673,0.0340170562267303,0.715457856655121,0.697152495384216
-0.525649547576904,-0.165937006473541,1.00065386295319,-0.0303017999976873,0.0343984737992286,0.716249346733093,0.696337163448334
-0.525909125804901,-0.166519552469254,1.00059652328491,-0.0299800429493188,0.0343461707234382,0.717067003250122,0.695511758327484
-0.525987684726715,-0.16709803044796,1.00047123432159,-0.0302135366946458,0.0345809124410152,0.717816710472107,0.694716155529022
-0.52618283033371,-0.167574971914291,1.00039088726044,-0.0298243816941976,0.0341338440775871,0.718483090400696,0.694065868854523
-0.526598453521729,-0.16811129450798,1.00051760673523,-0.0293017998337745,0.0346323475241661,0.719326853752136,0.693188905715942
-0.526831030845642,-0.168607711791992,1.00045156478882,-0.0292911324650049,0.0344033427536487,0.72015506029129,0.69234037399292
-0.527045369148254,-0.169014275074005,1.00027227401733,-0.0289836730808019,0.0343743339180946,0.720908999443054,0.691569805145264
-0.52728670835495,-0.169476255774498,1.00022077560425,-0.0288752112537622,0.0346183329820632,0.72156172990799,0.690880954265594
-0.527662992477417,-0.170127376914024,1.00024592876434,-0.0287884548306465,0.0354267284274101,0.722273111343384,0.690099835395813
-0.528031051158905,-0.170704647898674,1.00011146068573,-0.0286287628114223,0.0359788089990615,0.722984254360199,0.689332664012909
-0.528225660324097,-0.17113596200943,1.0000342130661,-0.0285346079617738,0.0359977483749389,0.723678469657898,0.688606917858124
-0.528502583503723,-0.171690583229065,1.00003337860107,-0.0283165574073791,0.0367595292627811,0.724316716194153,0.687904238700867
-0.528842270374298,-0.172254785895348,1.0000547170639,-0.0283763203769922,0.0370145291090011,0.725013852119446,0.687153398990631
-0.529228687286377,-0.17295292019844,1.00023710727692,-0.028295911848545,0.037775807082653,0.725667238235474,0.686425268650055
-0.529534518718719,-0.1734758913517,1.00013470649719,-0.0283406469970941,0.0381032861769199,0.726312756538391,0.685722053050995
-0.529819309711456,-0.173960462212563,1.00007665157318,-0.0283275321125984,0.0384729579091072,0.726876795291901,0.685103952884674
-0.5301753282547,-0.174581363797188,1.00009834766388,-0.0284781977534294,0.0390152037143707,0.727473735809326,0.684433162212372
-0.530542016029358,-0.17529721558094,1.00014972686768,-0.0289523862302303,0.0396765358746051,0.728058695793152,0.683753073215485
-0.530830502510071,-0.175997287034988,0.999880015850067,-0.0291546136140823,0.040686871856451,0.728565514087677,0.683144927024841
-0.531132936477661,-0.176548898220062,0.999823153018951,-0.0290662143379449,0.0413838811218738,0.729022324085236,0.682619214057922
-0.53149825334549,-0.177079826593399,0.99995893239975,-0.0291102398186922,0.0420295633375644,0.729609727859497,0.68194991350174
-0.531898021697998,-0.177732646465302,0.999975085258484,-0.0289601814001798,0.0429788455367088,0.730090498924255,0.681382417678833
-0.532176196575165,-0.178363904356956,0.999862849712372,-0.0292439814656972,0.043612640351057,0.730549037456512,0.680838465690613
-0.532557487487793,-0.179036185145378,0.999850392341614,-0.0293778739869594,0.044490773230791,0.730958640575409,0.680336058139801
-0.532963752746582,-0.179778158664703,0.99987268447876,-0.029799111187458,0.0454042442142963,0.731364786624908,0.679820537567139
-0.533370792865753,-0.18023270368576,0.999502837657928,-0.0300933625549078,0.0454982072114944,0.731938660144806,0.679183542728424
-0.533799469470978,-0.180992364883423,0.999440610408783,-0.0302296429872512,0.0463280491530895,0.732335209846497,0.67869359254837
-0.534861743450165,-0.181783467531204,0.999173402786255,-0.0295042879879474,0.0484008155763149,0.733093917369843,0.677761256694794
-0.534616589546204,-0.182413890957832,0.999452590942383,-0.0309708826243877,0.0480631031095981,0.732828557491302,0.678006768226624
-0.534960031509399,-0.183136567473412,0.99939101934433,-0.0308342278003692,0.0491382032632827,0.732867836952209,0.677893400192261
-0.536043763160706,-0.184003219008446,0.999028325080872,-0.029621310532093,0.0518167428672313,0.733624339103699,0.676929116249084
-0.536539494991302,-0.184819594025612,0.998978495597839,-0.0297563038766384,0.0527767278254032,0.73389720916748,0.676553249359131
-0.536921977996826,-0.18561477959156,0.998951613903046,-0.0301422923803329,0.0536585077643394,0.734053671360016,0.676296830177307
-0.537359893321991,-0.186386361718178,0.998795747756958,-0.0307468473911285,0.0540218278765678,0.734471321105957,0.675787210464478
-0.537304580211639,-0.187184572219849,0.998933613300324,-0.031744111329317,0.0545187182724475,0.733938217163086,0.67628026008606
-0.537726998329163,-0.188019379973412,0.998923361301422,-0.0322987921535968,0.0553248636424541,0.733991801738739,0.676130175590515
-0.53880250453949,-0.188866704702377,0.998586535453796,-0.0308621563017368,0.0576739870011806,0.73453551530838,0.675410091876984
-0.538687884807587,-0.18959105014801,0.998721539974213,-0.0319942981004715,0.0573874786496162,0.734167277812958,0.675782084465027
-0.539146244525909,-0.190461441874504,0.998584508895874,-0.0322404764592647,0.058200154453516,0.734330296516418,0.675523698329926
-0.539640784263611,-0.191495090723038,0.998729467391968,-0.032561469823122,0.0594041347503662,0.734416961669922,0.675309360027313
-0.540082097053528,-0.192251577973366,0.998613119125366,-0.0327122397720813,0.0600802674889564,0.734544336795807,0.675103545188904
-0.540082097053528,-0.192251577973366,0.998613119125366,-0.0327122397720813,0.0600802674889564,0.734544336795807,0.675103545188904
-0.541321277618408,-0.194214314222336,0.998379230499268,-0.0320549830794334,0.0619743503630161,0.73451179265976,0.674999415874481
-0.541683852672577,-0.194875121116638,0.998226344585419,-0.0322360880672931,0.0627770945429802,0.734850764274597,0.674547553062439
-0.542154371738434,-0.195640280842781,0.99779886007309,-0.0324825011193752,0.0629154443740844,0.735192835330963,0.674149990081787
-0.5425745844841,-0.196492940187454,0.997690379619598,-0.0323907360434532,0.0633554980158805,0.735413730144501,0.673871874809265
-0.543128311634064,-0.197310447692871,0.997560918331146,-0.0316582508385181,0.0641613081097602,0.735463917255402,0.673775851726532
-0.543707251548767,-0.198254659771919,0.99727463722229,-0.0315949358046054,0.0649890452623367,0.735601663589478,0.673549056053162
-0.544199109077454,-0.199097007513046,0.997160255908966,-0.0314005948603153,0.0657400339841842,0.735812067985535,0.673255383968353
-0.544663608074188,-0.199844360351562,0.996970891952515,-0.0310702081769704,0.0661581456661224,0.735938787460327,0.673091113567352
-0.545976042747498,-0.200931385159492,0.996446013450623,-0.0297786835581064,0.0682934075593948,0.73665052652359,0.672157108783722
-0.545701384544373,-0.201616793870926,0.996542692184448,-0.031470451503992,0.0665182173252105,0.73672091960907,0.672180950641632
-0.546094417572021,-0.202372133731842,0.996289908885956,-0.0312030706554651,0.0676712319254875,0.736681878566742,0.672121107578278
-0.546781361103058,-0.203224077820778,0.99597042798996,-0.0309087466448545,0.0678943991661071,0.737135887145996,0.671614170074463
-0.547221958637238,-0.203966662287712,0.995778024196625,-0.0301032792776823,0.0683222189545631,0.737222254276276,0.67151266336441
-0.547568917274475,-0.204777136445045,0.995279252529144,-0.0300798173993825,0.0683369562029838,0.737354755401611,0.671366631984711
-0.54814875125885,-0.205755308270454,0.995041787624359,-0.0301558040082454,0.0693946704268455,0.737696707248688,0.670879125595093
-0.548718869686127,-0.206359386444092,0.995056748390198,-0.0294013004750013,0.06967543810606,0.738113760948181,0.670424699783325
-0.549057424068451,-0.207155436277389,0.994556188583374,-0.0298358500003814,0.0703036561608314,0.738388240337372,0.67003732919693
-0.549057424068451,-0.207155436277389,0.994556188583374,-0.0298358500003814,0.0703036561608314,0.738388240337372,0.67003732919693
-0.550221860408783,-0.208463340997696,0.994168877601624,-0.028537843376398,0.0710168704390525,0.739112973213196,0.669219136238098
-0.550669968128204,-0.209096878767013,0.993839681148529,-0.0281304288655519,0.0709048509597778,0.739487946033478,0.66883397102356
-0.551086723804474,-0.209810078144073,0.993548631668091,-0.0283534117043018,0.0715631991624832,0.739819347858429,0.668387711048126
-0.551553070545197,-0.210432589054108,0.993223786354065,-0.0275159273296594,0.0717737004160881,0.740216970443726,0.667959749698639
-0.552091479301453,-0.211150333285332,0.992843627929688,-0.0274593122303485,0.0726970806717872,0.740640580654144,0.667392492294312
-0.553317010402679,-0.211886897683144,0.992168068885803,-0.0260089132934808,0.075256772339344,0.741364181041718,0.666362762451172
-0.553814709186554,-0.212431862950325,0.991767823696136,-0.0255616977810859,0.0756797492504119,0.741755604743958,0.665896236896515
-0.55433201789856,-0.213038727641106,0.991358757019043,-0.025350347161293,0.0757782459259033,0.742230474948883,0.665363788604736
-0.554837226867676,-0.213610544800758,0.990907490253448,-0.025542713701725,0.0761769190430641,0.742496132850647,0.665014445781708
-0.554603755474091,-0.214141488075256,0.990730345249176,-0.0268098097294569,0.0761745348572731,0.74242103099823,0.665048539638519
-0.555075824260712,-0.214847892522812,0.990541636943817,-0.0270118117332458,0.076853722333908,0.742742121219635,0.664603710174561
-0.555638790130615,-0.215303629636764,0.990070939064026,-0.0267407242208719,0.0777129530906677,0.742884993553162,0.664355039596558
-0.556742250919342,-0.215723276138306,0.989098072052002,-0.0253218226134777,0.078866958618164,0.743810057640076,0.663238763809204
-0.55660343170166,-0.216061159968376,0.988959789276123,-0.0266436729580163,0.0785290896892547,0.743725657463074,0.663321614265442
-0.557133913040161,-0.216719582676888,0.988778829574585,-0.0274582412093877,0.0794341713190078,0.743820190429688,0.663074493408203
-0.557538270950317,-0.217161148786545,0.988479137420654,-0.0280871260911226,0.0800790190696716,0.744007587432861,0.662760257720947
-0.55804854631424,-0.217668175697327,0.988113284111023,-0.02817246876657,0.0809855461120605,0.744163393974304,0.6624715924263
-0.558677911758423,-0.218270108103752,0.987815380096436,-0.0281509272754192,0.0820391550660133,0.744346618652344,0.662136912345886
-0.559046387672424,-0.21864153444767,0.987622976303101,-0.0285190790891647,0.0825145840644836,0.744403302669525,0.661998331546783
-0.559368073940277,-0.21897529065609,0.987436652183533,-0.0289975460618734,0.0824216306209564,0.744479477405548,0.661903500556946
-0.559785425662994,-0.219366759061813,0.987270295619965,-0.029041463509202,0.0831141546368599,0.744557201862335,0.661727547645569
-0.560184419155121,-0.21971969306469,0.987050950527191,-0.0288746152073144,0.0839600563049316,0.744509696960449,0.661681413650513
-0.56053102016449,-0.22015555202961,0.986992955207825,-0.029173357412219,0.0846534222364425,0.74441397190094,0.661687850952148
-0.560755014419556,-0.220212772488594,0.986701250076294,-0.028937155380845,0.0843890607357025,0.744314432144165,0.661843776702881
-0.561032593250275,-0.220798745751381,0.986850619316101,-0.0295251235365867,0.0850984826683998,0.744201898574829,0.661853671073914
-0.561205148696899,-0.221150651574135,0.986871123313904,-0.0297703351825475,0.0861110910773277,0.744125008583069,0.661798000335693
-0.561405539512634,-0.221220210194588,0.986615359783173,-0.0292955636978149,0.0852073729038238,0.74396824836731,0.662112236022949
-0.561578452587128,-0.221479296684265,0.986600339412689,-0.0293790809810161,0.0850796177983284,0.743906140327454,0.662194907665253
-0.56185656785965,-0.221787929534912,0.986608803272247,-0.0292559098452329,0.08529544621706,0.743845403194427,0.662240743637085
-0.562015771865845,-0.22209307551384,0.986645698547363,-0.0292946882545948,0.0854853764176368,0.743833780288696,0.662227690219879
-0.562142312526703,-0.222309485077858,0.9867103099823,-0.0293699521571397,0.0859562680125236,0.743710160255432,0.662302196025848
-0.562233090400696,-0.22251258790493,0.986754894256592,-0.0291231628507375,0.0855534821748733,0.743586003780365,0.662504494190216
-0.562398195266724,-0.222770154476166,0.986797153949738,-0.0287751108407974,0.0854756459593772,0.743385493755341,0.662754893302917
-0.562540233135223,-0.222986772656441,0.986821532249451,-0.0284764505922794,0.0855150148272514,0.743197023868561,0.662974119186401
-0.562614381313324,-0.22315588593483,0.986851096153259,-0.0281682536005973,0.0853179618716239,0.743051469326019,0.663175702095032
-0.562695205211639,-0.223316177725792,0.986890375614166,-0.0269196107983589,0.0855833813548088,0.742767691612244,0.663511157035828
-0.562759041786194,-0.223519966006279,0.986936092376709,-0.0266598127782344,0.085494190454483,0.742627203464508,0.663690388202667
-0.5628422498703,-0.223801657557487,0.987147927284241,-0.0265819188207387,0.0856020152568817,0.742460906505585,0.663865566253662
-0.562898397445679,-0.223943769931793,0.987194299697876,-0.0262941066175699,0.0856329873204231,0.74238133430481,0.663962006568909
-0.562927067279816,-0.224075213074684,0.987271964550018,-0.0257374085485935,0.0850629359483718,0.742231070995331,0.664225101470947
-0.562997758388519,-0.224184140563011,0.987318456172943,-0.0253812670707702,0.084861047565937,0.742187917232513,0.664312839508057
-0.56296843290329,-0.224193423986435,0.987159967422485,-0.0250488705933094,0.0841864123940467,0.742185413837433,0.664414048194885
-0.56307464838028,-0.224332898855209,0.987233221530914,-0.0248427633196115,0.0842894837260246,0.742079734802246,0.664526879787445
-0.563196003437042,-0.22440692782402,0.98721969127655,-0.0243588145822286,0.0844834446907043,0.742042362689972,0.664561808109283
-0.563250064849854,-0.224473118782043,0.98725301027298,-0.024100175127387,0.0846003741025924,0.741949856281281,0.664659738540649
-0.56400740146637,-0.224632367491722,0.987050771713257,-0.0225917659699916,0.0859256759285926,0.742313921451569,0.664135932922363
-0.563356220722198,-0.224571898579597,0.987290143966675,-0.0236184671521186,0.0843377560377121,0.741786003112793,0.664893269538879
-0.563388049602509,-0.224624216556549,0.987332344055176,-0.0235134270042181,0.084167942404747,0.741734266281128,0.664976239204407
-0.563438534736633,-0.224648788571358,0.98734039068222,-0.0231545530259609,0.0834494605660438,0.741716086864471,0.665099620819092
-0.564192593097687,-0.224779382348061,0.987145841121674,-0.0216726623475551,0.0846190229058265,0.742169380187988,0.664495706558228
-0.563534379005432,-0.22467939555645,0.987385451793671,-0.0230238512158393,0.0835369005799293,0.741839528083801,0.664955496788025
-0.564281582832336,-0.224783137440681,0.987198173999786,-0.0214092917740345,0.0848082453012466,0.742384850978851,0.664239406585693
-0.563600301742554,-0.224644914269447,0.987468123435974,-0.0226580314338207,0.0830198302865028,0.74196594953537,0.664891719818115
-0.564384400844574,-0.224739924073219,0.987252116203308,-0.0211100187152624,0.084319569170475,0.742531299591064,0.66414749622345
-0.56440407037735,-0.224706739187241,0.987284421920776,-0.0210377220064401,0.0839231088757515,0.742596805095673,0.664126873016357
-0.56373542547226,-0.224533587694168,0.98751425743103,-0.0222441405057907,0.0823748856782913,0.742239415645599,0.664680480957031
-0.563795208930969,-0.224474743008614,0.987531185150146,-0.0220987647771835,0.0821906477212905,0.742383241653442,0.664547622203827
-0.563868641853333,-0.224420085549354,0.987559080123901,-0.0219532418996095,0.0820976421236991,0.742580533027649,0.664343416690826
-0.563900530338287,-0.224360316991806,0.987601935863495,-0.0218393169343471,0.0820367112755775,0.742818713188171,0.664088547229767
-0.563994169235229,-0.224350258708,0.98768675327301,-0.0216330513358116,0.082283966243267,0.743104875087738,0.663744330406189
-0.563938975334167,-0.224275410175323,0.987773299217224,-0.0216381810605525,0.081897847354412,0.743509709835052,0.663338482379913
-0.564003109931946,-0.224206775426865,0.987839639186859,-0.0215702410787343,0.0815213620662689,0.743753910064697,0.663113355636597
-0.564030230045319,-0.224104523658752,0.987896203994751,-0.0212886147201061,0.081361249089241,0.74414736032486,0.662700414657593
-0.564013957977295,-0.224032893776894,0.98799592256546,-0.0212531015276908,0.0812049210071563,0.744663536548615,0.662140786647797
-0.564041614532471,-0.22389580309391,0.988117396831512,-0.0209419541060924,0.0809177532792091,0.745185196399689,0.66159862279892
-0.564016878604889,-0.22378633916378,0.988196194171906,-0.0205448921769857,0.0803055465221405,0.74570769071579,0.6610968708992
-0.56401139497757,-0.223699882626534,0.988272547721863,-0.0202321670949459,0.0802294537425041,0.746383547782898,0.660352647304535
-0.56401139497757,-0.223699882626534,0.988272547721863,-0.0202321670949459,0.0802294537425041,0.746383547782898,0.660352647304535
-0.563938021659851,-0.223530605435371,0.988452196121216,-0.0202678982168436,0.0791652575135231,0.747703731060028,0.658985078334808
-0.563912808895111,-0.22343485057354,0.988518714904785,-0.0197628661990165,0.0789408385753631,0.748317360877991,0.65833044052124
-0.564602553844452,-0.223448112607002,0.988384187221527,-0.0181458629667758,0.0803256556391716,0.749505758285522,0.656855881214142
-0.564500451087952,-0.223321214318275,0.988512635231018,-0.0178458634763956,0.0799138695001602,0.750121057033539,0.656211733818054
-0.564561426639557,-0.223146662116051,0.988510966300964,-0.0169004593044519,0.0795446708798408,0.750826299190521,0.655474543571472
-0.564505338668823,-0.223024234175682,0.988612055778503,-0.0175308212637901,0.0784725621342659,0.751691520214081,0.654595077037811
-0.563719868659973,-0.222778439521789,0.988944113254547,-0.0187807455658912,0.0761829018592834,0.751854658126831,0.654643595218658
-0.563623666763306,-0.222606897354126,0.988987267017364,-0.0183998402208089,0.0754618644714355,0.752695620059967,0.653770983219147
-0.563565194606781,-0.222465574741363,0.989047050476074,-0.0180379301309585,0.0752476379275322,0.753469467163086,0.652913689613342
-0.563480973243713,-0.222298741340637,0.989069938659668,-0.0177559219300746,0.0743363350629806,0.754258573055267,0.65211421251297
-0.563367307186127,-0.222238570451736,0.989217162132263,-0.017598420381546,0.0738409236073494,0.755127847194672,0.651168167591095
-0.563186228275299,-0.222411513328552,0.989605128765106,-0.0179525706917047,0.07363823056221,0.755993962287903,0.650175631046295
-0.565468728542328,-0.222172364592552,0.989045798778534,-0.0126641280949115,0.0765020102262497,0.756793320178986,0.64903849363327
-0.564665079116821,-0.221916675567627,0.989378273487091,-0.0137871801853179,0.0744656920433044,0.757125794887543,0.648864567279816
-0.564558684825897,-0.221804440021515,0.989481866359711,-0.013470864854753,0.0735843032598495,0.758108198642731,0.647824048995972
-0.564391613006592,-0.221695840358734,0.989584743976593,-0.0131568191573023,0.0730207860469818,0.759028315544128,0.64681613445282
-0.561480283737183,-0.223215997219086,0.991018712520599,-0.0216629318892955,0.0714249312877655,0.760239720344543,0.645340919494629
-0.563982129096985,-0.221432730555534,0.989734411239624,-0.0134017476812005,0.0714280754327774,0.760709762573242,0.645010948181152
-0.563875198364258,-0.221327766776085,0.989820539951324,-0.0128207551315426,0.0706358700990676,0.761942744255066,0.643653273582458
-0.563221573829651,-0.221483960747719,0.990145206451416,-0.0142989037558436,0.0697784274816513,0.762881577014923,0.642602741718292
-0.563668549060822,-0.220716670155525,0.989784300327301,-0.0114279398694634,0.0686465576291084,0.763603746891022,0.64192396402359
-0.562201023101807,-0.221185356378555,0.99006175994873,-0.0149843301624059,0.0667958259582519,0.765459895133972,0.639831900596619
-0.561977922916412,-0.221106767654419,0.990181088447571,-0.0146203301846981,0.0661533251404762,0.766641497612,0.638491153717041
-0.561785578727722,-0.221062555909157,0.990348041057587,-0.0147570641711354,0.0653998255729675,0.767892420291901,0.637060642242432
-0.561628341674805,-0.220941305160522,0.990451097488403,-0.0149895688518881,0.0637742727994918,0.769059062004089,0.635811626911163
-0.562260866165161,-0.220952749252319,0.990296840667725,-0.013253460638225,0.06519415974617,0.770972669124603,0.633384108543396
-0.562053859233856,-0.220741882920265,0.990321815013886,-0.0129003757610917,0.0640890076756477,0.772275626659393,0.631914913654327
-0.563812494277954,-0.22034926712513,0.990169405937195,-0.008305381052196,0.0659937411546707,0.772956848144531,0.630962371826172
-0.563751816749573,-0.220270156860352,0.990227222442627,-0.0074418447911739,0.0647171884775161,0.774521350860596,0.629184424877167
-0.563125371932983,-0.220164880156517,0.990674495697022,-0.0083287106826901,0.0630820840597152,0.775275766849518,0.628409862518311
-0.563497304916382,-0.220131278038025,0.990534782409668,-0.0068013262934982,0.0638491287827491,0.777209639549255,0.625957131385803
-0.563410878181458,-0.220124289393425,0.990758895874023,-0.0070364861749112,0.0631519705057144,0.778644621372223,0.624239385128021
-0.562563002109528,-0.219940215349197,0.991126120090485,-0.0082152942195534,0.0610958226025104,0.779207587242126,0.623727023601532
-0.562669098377228,-0.219790235161781,0.991143822669983,-0.0073072635568678,0.0607961267232894,0.780484139919281,0.622169494628906
-0.563374280929565,-0.219710454344749,0.990887820720673,-0.0052925739437341,0.0614714808762073,0.782167017459869,0.620006501674652
-0.563211977481842,-0.219756618142128,0.991067349910736,-0.0059885405935347,0.0596022941172122,0.783571243286133,0.618407666683197
-0.562427163124084,-0.219673976302147,0.991540431976318,-0.0070421649143099,0.0581772401928901,0.784426927566528,0.617446720600128
-0.562184035778046,-0.219762980937958,0.991776585578918,-0.00725450925529,0.0582110472023487,0.785751521587372,0.615754246711731
-0.562091588973999,-0.219556018710136,0.99173504114151,-0.0066879214718937,0.0570978000760078,0.786998271942139,0.614270985126495
-0.56205952167511,-0.219519749283791,0.99181455373764,-0.0064682234078645,0.0563938841223716,0.78837251663208,0.61257392168045
-0.561945021152496,-0.219504430890083,0.991919636726379,-0.006205131765455,0.055550068616867,0.78950971364975,0.61118757724762
-0.561875283718109,-0.219410806894302,0.991913318634033,-0.0061145885847508,0.0549052990972995,0.790789783000946,0.609589815139771
-0.562755227088928,-0.219593107700348,0.991805911064148,-0.0036646036896854,0.0565331727266311,0.792438209056854,0.60731565952301
-0.562682509422302,-0.21960486471653,0.991915225982666,-0.0035565155558288,0.0557184442877769,0.793723523616791,0.605711042881012
-0.561666071414948,-0.21943099796772,0.992271423339844,-0.005186163354665,0.0527014806866645,0.794215679168701,0.60532408952713
-0.56147313117981,-0.219426855444908,0.992342412471771,-0.0052428999915719,0.053991574794054,0.795607268810272,0.603379130363464
-0.561371207237244,-0.219405621290207,0.992419123649597,-0.0050986064597964,0.0535329766571521,0.796685874462128,0.601996719837189
-0.561549723148346,-0.219406709074974,0.992445588111877,-0.0042006499134004,0.054484162479639,0.79804527759552,0.600114762783051
-0.561563432216644,-0.21938194334507,0.992477118968964,-0.0036113576497882,0.0540804602205753,0.799144446849823,0.598690629005432
-0.561496376991272,-0.219434678554535,0.992624759674072,-0.0031884375493973,0.0542711690068244,0.800243318080902,0.597206175327301
-0.561377644538879,-0.219493314623833,0.992738902568817,-0.0032216161489486,0.0535981282591819,0.801278591156006,0.595877170562744
-0.561234533786774,-0.219457685947418,0.992739915847778,-0.0029276434797793,0.0530207194387912,0.802329361438751,0.594514906406403
-0.561173498630524,-0.219394624233246,0.992806851863861,-0.0026754939462989,0.0524095706641674,0.803405463695526,0.593115389347076
-0.561217427253723,-0.219467133283615,0.992884635925293,-0.0026094040367752,0.052617572247982,0.804668009281158,0.591383099555969
-0.561121881008148,-0.21960799396038,0.993085861206055,-0.0027569828089326,0.0515346974134445,0.80543452501297,0.590433597564697
-0.561112761497498,-0.219819456338882,0.993020296096802,-0.0026115321088582,0.0525963194668293,0.806514322757721,0.588864743709564
-0.559008955955505,-0.221173778176308,0.994199395179748,-0.0092344162985682,0.0523523911833763,0.807476103305817,0.587500095367432
-0.559011697769165,-0.221253976225853,0.994307458400726,-0.0093460902571678,0.0516067184507846,0.808393359184265,0.586301684379578
-0.5587118268013,-0.221167773008347,0.994550228118896,-0.0094600785523653,0.0510960631072521,0.809333622455597,0.585046112537384
-0.558570683002472,-0.221195384860039,0.994624316692352,-0.0094669098034501,0.0508329980075359,0.810190081596375,0.583882212638855
-0.558514773845673,-0.221307441592216,0.994699358940124,-0.0093459077179431,0.0509492084383964,0.811087906360626,0.582626104354858
-0.558460533618927,-0.221422746777534,0.994755685329437,-0.009489769116044,0.0508939810097217,0.811867535114288,0.581541776657104
-0.558338165283203,-0.221490055322647,0.99478143453598,-0.0098129184916615,0.0501990467309951,0.812594175338745,0.580581307411194
-0.558301746845245,-0.22157509624958,0.994837045669556,-0.0100168297067284,0.0511035807430744,0.813581347465515,0.579114437103271
-0.560655355453491,-0.220150992274284,0.993561267852783,-0.0026221179869025,0.0502930767834186,0.814191162586212,0.578408777713776
-0.561363577842712,-0.220340773463249,0.993333756923676,-0.0006798119866289,0.0508194118738174,0.815264105796814,0.576854765415192
-0.560662269592285,-0.220264732837677,0.993623375892639,-0.0013780181761831,0.0497638434171676,0.815434515476227,0.576704621315002
-0.560701429843903,-0.220268130302429,0.993602097034454,-0.0012427101610228,0.0502402670681476,0.81602281332016,0.57583075761795
-0.560701429843903,-0.220268130302429,0.993602097034454,-0.0012427101610228,0.0502402670681476,0.81602281332016,0.57583075761795
-0.560676693916321,-0.220297306776047,0.993540704250336,-0.0008908711606636,0.0493064559996128,0.817011415958405,0.574508965015411
-0.560686409473419,-0.220360919833183,0.993538796901703,-0.0008684714557603,0.0495669282972812,0.817546844482422,0.573724329471588
-0.560730695724487,-0.220444038510322,0.993551075458527,-0.0009328247397206,0.0499624945223331,0.81803959608078,0.572987139225006
-0.560725629329681,-0.220564022660255,0.993613958358765,-0.0012509215157479,0.0494927950203418,0.818373441696167,0.572550296783447
-0.560711920261383,-0.220605298876762,0.993607878684998,-0.0015791149344295,0.049502708017826,0.818850159645081,0.571866571903229
-0.560793876647949,-0.220604181289673,0.9935662150383,-0.0002466021687723,0.0441085770726203,0.819360256195068,0.57157951593399
-0.560733675956726,-0.220566466450691,0.993469655513763,-0.0004222232673782,0.0438324734568595,0.819721579551697,0.571082353591919
