x,y,z,q0,q1,q2,q3
-0.434986025094986,0.126173108816147,0.808695197105408,-0.98586493730545,0.0250818487256765,0.0298124123364686,-0.162948548793793
-0.436104416847229,0.127138167619705,0.807723164558411,-0.985619008541107,0.0204985905438661,0.0283086504787206,-0.165328860282898
-0.437887072563171,0.128439694643021,0.807245492935181,-0.985949635505676,0.0185990426689386,0.0285576526075601,-0.163529053330421
-0.439722746610641,0.129739835858345,0.806665062904358,-0.986011743545532,0.0169928427785635,0.0281952656805515,-0.163392946124077
-0.441742211580276,0.131204515695572,0.806992471218109,-0.986515700817108,0.0179074984043836,0.0308045931160449,-0.159741327166557
-0.44323855638504,0.132167801260948,0.805959463119507,-0.986053109169006,0.0119721060618758,0.0292855221778154,-0.163396328687668
-0.445197284221649,0.133403241634369,0.805573344230652,-0.986259698867798,0.0090025626122951,0.0308124404400587,-0.162052720785141
-0.447054803371429,0.134775400161743,0.805145263671875,-0.986450254917145,0.0071738022379577,0.0321826562285423,-0.160712838172913
-0.447054803371429,0.134775400161743,0.805145263671875,-0.986450254917145,0.0071738022379577,0.0321826562285423,-0.160712838172913
-0.451062679290771,0.137579664587974,0.805016994476318,-0.986620187759399,0.0042815646156668,0.0350866392254829,-0.15915809571743
-0.452786535024643,0.138787552714348,0.804679155349731,-0.986625850200653,0.0007964798714965,0.0372081063687801,-0.158695667982101
-0.454884797334671,0.140093207359314,0.804044961929321,-0.986812710762024,-0.0011032650945708,0.0385313779115676,-0.157210201025009
-0.456143826246262,0.14128078520298,0.801777064800262,-0.987146496772766,-0.0021485281176865,0.0159290079027414,-0.159008175134659
-0.45819965004921,0.142866715788841,0.802186727523804,-0.987654626369476,-0.0012566010700538,0.0201816130429506,-0.155337646603584
-0.459738194942474,0.143793076276779,0.801008403301239,-0.9872065782547,-0.0073791276663541,0.0193547252565622,-0.158094987273216
-0.461838454008102,0.14517031610012,0.800412356853485,-0.987456321716309,-0.0079871574416756,0.0203103963285684,-0.156377255916595
-0.463868081569672,0.146370381116867,0.799925863742828,-0.987222254276276,-0.0112222973257303,0.0210185479372739,-0.157557994127274
-0.465625405311584,0.147576496005058,0.799607753753662,-0.987384378910065,-0.0136131001636385,0.0237298607826232,-0.155960991978645
-0.467534780502319,0.14874991774559,0.798901438713074,-0.98727297782898,-0.0166774187237024,0.0234974585473537,-0.156402990221977
-0.467534780502319,0.14874991774559,0.798901438713074,-0.98727297782898,-0.0166774187237024,0.0234974585473537,-0.156402990221977
-0.470810800790787,0.151574015617371,0.79771500825882,-0.98703271150589,-0.0168568529188632,0.0307208504527807,-0.156646966934204
-0.472312450408935,0.152724474668503,0.797471702098846,-0.986705601215362,-0.0188290812075138,0.0352821350097656,-0.157520338892937
-0.473945796489716,0.15387798845768,0.796970427036285,-0.986475884914398,-0.0200457014143466,0.0380740016698837,-0.158157661557197
-0.475509732961655,0.155217856168747,0.796303451061249,-0.985637724399567,-0.0157158076763153,0.040845226496458,-0.163104921579361
-0.47806641459465,0.154886081814766,0.797531962394714,-0.985601842403412,-0.0376451537013053,0.0567366480827331,-0.154768109321594
-0.479431331157684,0.156327649950981,0.797392845153809,-0.985809147357941,-0.0353207662701606,0.0605123899877071,-0.152547493577003
-0.480635136365891,0.157303482294083,0.797238171100616,-0.985642552375794,-0.0383506380021572,0.0645303502678871,-0.15124124288559
-0.482094764709473,0.158480003476143,0.796841442584991,-0.98573237657547,-0.0376872718334198,0.0650049671530723,-0.150618389248848
-0.483515501022339,0.159312009811401,0.796414852142334,-0.985688745975494,-0.0399082899093627,0.0664679855108261,-0.149689421057701
-0.484649986028671,0.160285815596581,0.796222925186157,-0.985276877880096,-0.0420618765056133,0.0687753334641456,-0.150764480233192
-0.485793501138687,0.161269709467888,0.795946300029755,-0.9852135181427,-0.042673971503973,0.0711686983704567,-0.149894252419472
-0.486817479133606,0.162029206752777,0.795688629150391,-0.985180556774139,-0.0441890507936477,0.0717076361179351,-0.149415209889412
-0.487577259540558,0.163059756159782,0.795582473278046,-0.984847128391266,-0.0457868538796901,0.0748063623905181,-0.149611726403236
-0.487577259540558,0.163059756159782,0.795582473278046,-0.984847128391266,-0.0457868538796901,0.0748063623905181,-0.149611726403236
-0.489277899265289,0.164574339985847,0.794780671596527,-0.985435664653778,-0.0467119812965393,0.0701859518885612,-0.147677555680275
-0.489973276853561,0.165586575865745,0.794353008270264,-0.985586285591126,-0.047490045428276,0.0699122846126556,-0.146549046039581
-0.490627557039261,0.16607703268528,0.794829547405243,-0.984667062759399,-0.0494830831885337,0.0796888247132301,-0.147078216075897
-0.490778714418411,0.167188808321953,0.793204069137573,-0.986470520496368,-0.0422962047159671,0.0574602410197258,-0.147598251700401
-0.490972697734833,0.168052121996879,0.79308009147644,-0.986132919788361,-0.0414088629186153,0.0595051832497119,-0.149286448955536
-0.491209536790848,0.16865561902523,0.793072998523712,-0.98604416847229,-0.0417803414165973,0.0610347278416156,-0.149151250720024
-0.491735190153122,0.168655574321747,0.793275952339172,-0.987034201622009,-0.047891117632389,0.0544369556009769,-0.143200665712357
-0.491803824901581,0.1690484136343,0.793264150619507,-0.987037837505341,-0.0488603748381137,0.054389476776123,-0.142867520451546
-0.49182254076004,0.169680327177048,0.793158769607544,-0.986962497234344,-0.0483883097767829,0.0539578013122081,-0.143708467483521
-0.491663038730621,0.170106172561646,0.793230533599854,-0.987018346786499,-0.0480810068547725,0.0551937781274318,-0.142956241965294
-0.491498917341232,0.170500099658966,0.793137550354004,-0.987135410308838,-0.047658484429121,0.0532646290957927,-0.143022254109383
-0.491243064403534,0.170822918415069,0.79307234287262,-0.987235426902771,-0.047499630600214,0.0517719760537147,-0.142931550741196
-0.490910410881042,0.171050757169724,0.792913198471069,-0.987317860126495,-0.0482309460639953,0.0502164661884307,-0.1426722407341
-0.490596383810043,0.171164751052856,0.792723417282104,-0.987274050712585,-0.0491267964243888,0.0480375550687313,-0.14341938495636
-0.489766806364059,0.171710267663002,0.792868494987488,-0.987552762031555,-0.046949103474617,0.0477275624871254,-0.142328098416328
-0.48868465423584,0.17242206633091,0.792943835258484,-0.985455632209778,-0.0450900197029113,0.0647114887833595,-0.150520667433739
-0.488405853509903,0.172063380479813,0.792897939682007,-0.987667202949524,-0.0464586094021797,0.0453095659613609,-0.14248614013195
-0.487773984670639,0.172253340482712,0.792973041534424,-0.987671911716461,-0.0454133078455925,0.0454498566687107,-0.14274525642395
-0.486826181411743,0.172467082738876,0.793006181716919,-0.987342715263367,-0.0438406057655811,0.0455899201333522,-0.14544440805912
-0.486032664775848,0.172520980238914,0.793027937412262,-0.987419009208679,-0.0428658872842788,0.0437705293297767,-0.145775228738785
-0.485123783349991,0.172558635473251,0.792975246906281,-0.987496376037598,-0.0416028052568435,0.0419904142618179,-0.146140962839127
-0.484393268823624,0.172342613339424,0.792786240577698,-0.987116158008575,-0.0434057116508483,0.0378970131278038,-0.149269491434097
-0.483248025178909,0.172676488757133,0.793032109737396,-0.987592816352844,-0.0395656190812587,0.0385483317077159,-0.146999165415764
-0.482155799865723,0.172547668218613,0.793128967285156,-0.987397193908691,-0.0405457429587841,0.0372296050190925,-0.14838108420372
-0.481215864419937,0.172469064593315,0.793003916740417,-0.987587034702301,-0.0388900265097618,0.0334026664495468,-0.148471832275391
-0.480037987232208,0.172360926866531,0.793209671974182,-0.987562537193298,-0.0387505777180194,0.0334041006863117,-0.148669496178627
-0.478933274745941,0.172283142805099,0.793233871459961,-0.987740457057953,-0.0368486158549785,0.03139478713274,-0.148409336805344
-0.477717518806458,0.172138765454292,0.79330837726593,-0.987665891647339,-0.0362430326640605,0.0299120135605335,-0.149359032511711
-0.476755201816559,0.171933963894844,0.793190717697144,-0.987875938415527,-0.0340056493878364,0.0257735643535852,-0.149266749620438
-0.47564223408699,0.171601518988609,0.793410062789917,-0.98759537935257,-0.0352341718971729,0.0250077620148658,-0.150959685444832
-0.474577903747559,0.17143814265728,0.793301701545715,-0.987790822982788,-0.0330701433122158,0.0220321286469697,-0.150633350014687
-0.473927050828934,0.170841351151466,0.794494867324829,-0.986986458301544,-0.0372014939785003,0.0393136069178581,-0.151420950889587
-0.472305536270142,0.17096871137619,0.793509602546692,-0.987090945243835,-0.0333757512271404,0.0279060769826173,-0.154138535261154
-0.471369683742523,0.170402646064758,0.793481469154358,-0.987693071365356,-0.0294658076018095,0.0146427424624562,-0.152903914451599
-0.470214128494263,0.169980570673943,0.793597936630249,-0.987637579441071,-0.0298090130090713,0.0131560862064361,-0.15333180129528
-0.470214128494263,0.169980570673943,0.793597936630249,-0.987637579441071,-0.0298090130090713,0.0131560862064361,-0.15333180129528
-0.468071162700653,0.169360280036926,0.79384982585907,-0.987600922584534,-0.0263659711927175,0.0098584527149796,-0.154440551996231
-0.467477887868881,0.168699383735657,0.79516726732254,-0.98693835735321,-0.0331993550062179,0.0290430001914501,-0.154942944645882
-0.466211855411529,0.168568909168243,0.793950021266937,-0.98753035068512,-0.0241482760757207,0.0053447992540895,-0.155474200844765
-0.465267807245255,0.167980581521988,0.794112920761108,-0.987334072589874,-0.0250903330743312,0.0040231966413557,-0.156606674194336
-0.463013827800751,0.16811615228653,0.795074820518494,-0.98469078540802,-0.0315826162695884,0.022425390779972,-0.169951945543289
-0.462547063827515,0.167271122336388,0.795109331607819,-0.985337376594544,-0.0320735648274421,0.0062542813830077,-0.16745813190937
-0.46230274438858,0.166286945343017,0.796119809150696,-0.984208643436432,-0.040135096758604,0.0246101152151823,-0.170636847615242
-0.461197912693024,0.1661666482687,0.794872283935547,-0.98458856344223,-0.033115915954113,0.0016752120573073,-0.171714454889297
-0.460184395313263,0.165937274694443,0.795328378677368,-0.984806716442108,-0.0310653429478406,0.0035284061450511,-0.170816540718079
-0.459370464086533,0.165702700614929,0.795409977436066,-0.984963297843933,-0.0286420006304979,0.0035084816627204,-0.170336171984672
-0.458870559930801,0.165415391325951,0.795455873012543,-0.984859108924866,-0.0276507530361413,0.0032788985408842,-0.171105667948723
-0.458339482545853,0.165134117007255,0.795437216758728,-0.984627187252045,-0.0264488756656646,0.0024482344742864,-0.172637671232224
-0.457540810108185,0.1652672290802,0.795527935028076,-0.983592808246612,-0.0245514176785945,0.0182717815041542,-0.177788242697716
-0.457634389400482,0.164550960063934,0.795211553573608,-0.984224319458008,-0.0265259854495525,0.0001541555247968,-0.174924433231354
-0.457451939582825,0.163924977183342,0.795022010803223,-0.98368489742279,-0.0296929702162742,-0.0014752387069165,-0.177426338195801
-0.457240730524063,0.163770839571953,0.794948041439056,-0.983636379241943,-0.0291355419903993,-0.0016494689043611,-0.177786290645599
-0.456544160842896,0.164058640599251,0.795374751091003,-0.984392464160919,-0.0247024577111005,0.0025853300467133,-0.17422641813755
-0.456387668848038,0.163964599370956,0.795266270637512,-0.984351873397827,-0.0240574404597282,0.0026928819715976,-0.174542009830475
-0.456387668848038,0.163964599370956,0.795266270637512,-0.984351873397827,-0.0240574404597282,0.0026928819715976,-0.174542009830475
-0.456212997436523,0.163862615823746,0.795055866241455,-0.984206557273865,-0.0232247710227966,0.0035045277327299,-0.175458654761314
-0.456157326698303,0.163931921124458,0.794925808906555,-0.984198987483978,-0.022040955722332,0.0045248246751725,-0.175630912184715
-0.456187665462494,0.163977146148682,0.794800281524658,-0.98417866230011,-0.0214990861713886,0.0052356198430061,-0.175793066620827
-0.456187665462494,0.163977146148682,0.794800281524658,-0.98417866230011,-0.0214990861713886,0.0052356198430061,-0.175793066620827
-0.457360655069351,0.16413901746273,0.793476819992065,-0.985696375370026,-0.0128895444795489,0.0004147041763644,-0.168036431074142
-0.457222551107407,0.16442845761776,0.793639004230499,-0.985020756721497,-0.0149915385991334,0.0027266961988061,-0.171761989593506
-0.457711815834045,0.164412543177605,0.793597757816315,-0.984728276729584,-0.0182526260614395,0.0053295050747692,-0.173057377338409
-0.458069384098053,0.164853751659393,0.793116867542267,-0.984764337539673,-0.0162207838147878,0.0025159574579447,-0.173118501901627
-0.458320736885071,0.165102690458298,0.793026804924011,-0.984825909137726,-0.0171206258237361,0.0041706152260303,-0.172648042440414
-0.458283662796021,0.165760383009911,0.792778789997101,-0.984800100326538,-0.0131036844104528,0.0086715882644057,-0.172979637980461
-0.458587944507599,0.166004031896591,0.792817354202271,-0.984368205070496,-0.0165582988411188,0.018672652542591,-0.174345910549164
-0.458587944507599,0.166004031896591,0.792817354202271,-0.984368205070496,-0.0165582988411188,0.018672652542591,-0.174345910549164
-0.460369557142258,0.166476264595985,0.79442036151886,-0.984835743904114,-0.0213452000170946,0.0316648744046688,-0.169234022498131
-0.460580378770828,0.166491612792015,0.793316841125488,-0.98487800359726,-0.0244122594594955,0.0296682771295309,-0.168935492634773
-0.461485773324966,0.167015954852104,0.793068408966064,-0.984921991825104,-0.0223243366926908,0.0288064014166593,-0.169116929173469
-0.462024062871933,0.167300716042519,0.792905986309052,-0.984692454338074,-0.0241165421903133,0.0293231736868619,-0.170115455985069
-0.462329179048538,0.167787253856659,0.793069422245026,-0.984761953353882,-0.0247551556676626,0.0333673544228076,-0.168872386217117
-0.462786644697189,0.168185010552406,0.793146967887878,-0.984697997570038,-0.0267324745655059,0.036496628075838,-0.168295413255692
-0.463859170675278,0.168434113264084,0.792562544345856,-0.984172463417053,-0.0295453146100044,0.0337619185447692,-0.171440422534943
-0.464029043912888,0.169326543807983,0.792815268039703,-0.984629929065704,-0.0256315488368272,0.0387282036244869,-0.168366491794586
-0.464708298444748,0.169721007347107,0.792654752731323,-0.984327495098114,-0.028539378196001,0.040390633046627,-0.169273436069488
-0.465035200119018,0.170311167836189,0.792862474918365,-0.984434008598328,-0.0286429282277822,0.0455832779407501,-0.167305871844292
-0.465503811836243,0.171017020940781,0.792962193489075,-0.984283983707428,-0.0281510818749666,0.0480711571872234,-0.167576283216476
-0.466170281171799,0.171588882803917,0.792692899703979,-0.984293937683106,-0.0269003789871931,0.0482539534568786,-0.167670667171478
-0.466655224561691,0.172086834907532,0.792720794677734,-0.984176456928253,-0.0286608953028917,0.0513284839689731,-0.167154222726822
-0.467420607805252,0.172390028834343,0.792361259460449,-0.983605623245239,-0.0339754968881607,0.0515663735568523,-0.169429883360863
-0.467603445053101,0.173287525773048,0.792594432830811,-0.983732223510742,-0.0315862484276294,0.0550141707062721,-0.168067902326584
-0.468013495206833,0.174083411693573,0.792658090591431,-0.98406183719635,-0.0286333542317152,0.0578884817659854,-0.165685251355171
-0.468658566474914,0.174423933029175,0.792497336864471,-0.983699083328247,-0.0332407243549823,0.0596958212554454,-0.166336253285408
-0.468353122472763,0.175004065036774,0.79269814491272,-0.982993364334106,-0.0374698191881179,0.0642046555876731,-0.167921885848045
-0.468779653310776,0.175615638494491,0.79261839389801,-0.982973694801331,-0.0371808931231498,0.064964972436428,-0.167808726429939
-0.468779653310776,0.175615638494491,0.79261839389801,-0.982973694801331,-0.0371808931231498,0.064964972436428,-0.167808726429939
-0.469316214323044,0.176882341504097,0.792786538600922,-0.983177661895752,-0.0372190363705158,0.0708265081048011,-0.164195045828819
-0.46943524479866,0.177550405263901,0.792972326278687,-0.98330807685852,-0.0360316820442676,0.0730795189738273,-0.162685215473175
-0.469607889652252,0.178090244531631,0.793006062507629,-0.983271718025208,-0.0364073738455772,0.074214294552803,-0.162306934595108
-0.470345258712768,0.178491935133934,0.792793810367584,-0.984284281730652,-0.0335021987557411,0.0738807544112205,-0.156855523586273
-0.470596849918365,0.178978249430656,0.792730808258057,-0.984246730804443,-0.0343245305120945,0.073612056672573,-0.157039567828178
-0.470387428998947,0.179724872112274,0.791673719882965,-0.98601645231247,-0.0286212675273418,0.0527157038450241,-0.155478209257126
-0.4704270362854,0.18010538816452,0.791744709014893,-0.98598837852478,-0.029012244194746,0.0532429181039333,-0.155404254794121
-0.469868451356888,0.180517733097076,0.792165100574493,-0.985115945339203,-0.0335601046681404,0.0571383759379386,-0.158604636788368
-0.469811499118805,0.180824726819992,0.792263865470886,-0.985202848911285,-0.0338093340396881,0.057762537151575,-0.157783791422844
-0.469599574804306,0.181195765733719,0.792465448379517,-0.985308468341827,-0.0329339429736137,0.0591271109879016,-0.156801477074623
-0.469416379928589,0.181415989995003,0.792667984962463,-0.985319316387176,-0.0328486487269401,0.0602071285247802,-0.156339779496193
-0.469416379928589,0.181415989995003,0.792667984962463,-0.985319316387176,-0.0328486487269401,0.0602071285247802,-0.156339779496193
-0.468771159648895,0.181745573878288,0.793192148208618,-0.98535966873169,-0.0317408107221126,0.0629150867462158,-0.155243933200836
-0.468428701162338,0.181874141097069,0.793417096138,-0.985361456871033,-0.0310804490000009,0.0636957064270973,-0.155047327280045
-0.467919528484344,0.18209445476532,0.793745577335358,-0.985485076904297,-0.029186675325036,0.0654816851019859,-0.153882712125778
-0.467360734939575,0.1822110414505,0.794104635715485,-0.985622227191925,-0.026983018964529,0.0661506205797195,-0.153116315603256
-0.466898798942566,0.182306572794914,0.794306397438049,-0.985545933246612,-0.0255053434520959,0.0656788721680641,-0.154060781002045
-0.46613934636116,0.182351231575012,0.794705271720886,-0.985438764095306,-0.0247046947479248,0.0674908310174942,-0.154095023870468
-0.46552112698555,0.18226845562458,0.794867277145386,-0.985548794269562,-0.0236166790127754,0.0663806870579719,-0.154043316841125
-0.464529126882553,0.182118490338326,0.795196235179901,-0.985639810562134,-0.0220137536525726,0.0681646466255188,-0.15291653573513
-0.464529126882553,0.182118490338326,0.795196235179901,-0.985639810562134,-0.0220137536525726,0.0681646466255188,-0.15291653573513
-0.462888687849045,0.18159681558609,0.795667409896851,-0.985844790935516,-0.0214126650243997,0.068015344440937,-0.151741281151771
-0.461836099624634,0.181402593851089,0.796147584915161,-0.985821962356567,-0.0206595826894044,0.0697127878665924,-0.151222467422485
-0.461836099624634,0.181402593851089,0.796147584915161,-0.985821962356567,-0.0206595826894044,0.0697127878665924,-0.151222467422485
-0.460077941417694,0.181228339672089,0.796625137329102,-0.985815763473511,-0.0156910810619592,0.0698586031794548,-0.151791930198669
-0.458801329135895,0.180712729692459,0.796967744827271,-0.985867738723755,-0.0141000738367438,0.0689520984888076,-0.152024313807487
-0.45762625336647,0.180664658546448,0.796871781349182,-0.985489308834076,-0.0111185647547245,0.0713746547698974,-0.15360027551651
-0.456561595201492,0.180183097720146,0.797235190868378,-0.985725224018097,-0.0092807505279779,0.0692043825984001,-0.153201028704643
-0.45563742518425,0.179821878671646,0.798025727272034,-0.985775947570801,-0.0074830735102295,0.0704577639698982,-0.152399092912674
-0.454195857048035,0.179224133491516,0.797839641571045,-0.985854506492615,-0.0046463720500469,0.0697699934244155,-0.152321025729179
-0.452535152435303,0.178779378533363,0.798123717308044,-0.985578119754791,-0.0028777373954653,0.0725016444921493,-0.152876064181328
-0.451447874307632,0.178128212690353,0.798575818538666,-0.98586517572403,-0.0013913029106333,0.0718395784497261,-0.151350274682045
-0.451447874307632,0.178128212690353,0.798575818538666,-0.98586517572403,-0.0013913029106333,0.0718395784497261,-0.151350274682045
-0.4491006731987,0.177115961909294,0.7999587059021,-0.98598724603653,0.0045870025642216,0.0710421875119209,-0.15086804330349
-0.447354644536972,0.176640331745148,0.800029933452606,-0.98585969209671,0.0064442413859069,0.0716888830065727,-0.151327818632126
-0.446265071630478,0.17564032971859,0.800741493701935,-0.986024916172028,0.0069102388806641,0.0702881962060928,-0.150885939598083
-0.444931447505951,0.174981027841568,0.801136553287506,-0.986043035984039,0.0083972997963428,0.0698670595884323,-0.150888413190842
-0.443229854106903,0.174240589141846,0.801447689533234,-0.985875248908997,0.0093371141701936,0.0703826770186424,-0.151686608791351
-0.443229854106903,0.174240589141846,0.801447689533234,-0.985875248908997,0.0093371141701936,0.0703826770186424,-0.151686608791351
-0.44036528468132,0.172467261552811,0.802387595176697,-0.985811769962311,0.0136765111237764,0.0698974281549453,-0.151995062828064
-0.438833981752396,0.171696290373802,0.802747249603271,-0.985914707183838,0.0156307499855756,0.068458579480648,-0.151793211698532
-0.437402606010437,0.17084738612175,0.803105235099792,-0.98581600189209,0.0182064045220613,0.0665061622858047,-0.153010651469231
-0.43585330247879,0.16973739862442,0.803695738315582,-0.98588639497757,0.0186169743537902,0.0660560205578804,-0.152702897787094
-0.434673488140106,0.16868057847023,0.804420590400696,-0.98624712228775,0.0193351749330759,0.0636298656463623,-0.151306539773941
-0.433229297399521,0.167710691690445,0.804862797260284,-0.98626971244812,0.0210831761360168,0.0620226263999938,-0.151595428586006
-0.431662291288376,0.166611462831497,0.805351614952087,-0.986207067966461,0.0221841298043727,0.0606650337576866,-0.15239192545414
-0.430284768342972,0.165676802396774,0.805670380592346,-0.986190497875214,0.0243183206766843,0.0585158094763755,-0.153012663125992
-0.430284768342972,0.165676802396774,0.805670380592346,-0.986190497875214,0.0243183206766843,0.0585158094763755,-0.153012663125992
-0.427477419376373,0.163508981466293,0.806725740432739,-0.985863983631134,0.0273462180048227,0.0569917857646942,-0.155166044831276
-0.42622771859169,0.162517189979553,0.807024955749512,-0.985989034175873,0.0289131999015808,0.0551652871072292,-0.154746472835541
-0.424844026565552,0.161390408873558,0.807650566101074,-0.985748171806335,0.0297290831804275,0.0550079233944416,-0.156176924705505
-0.424844026565552,0.161390408873558,0.807650566101074,-0.985748171806335,0.0297290831804275,0.0550079233944416,-0.156176924705505
-0.422508955001831,0.159257546067238,0.80846118927002,-0.985686123371124,0.0326387956738472,0.0507626235485076,-0.15741865336895
-0.421287506818771,0.158292472362518,0.809034168720245,-0.9856738448143,0.0354394353926181,0.0504251942038536,-0.156998544931412
-0.420215636491776,0.157183453440666,0.809417128562927,-0.985707104206085,0.0354496166110038,0.0490687675774097,-0.157216280698776
-0.419159054756164,0.156151235103607,0.80994325876236,-0.985503017902374,0.0372657142579555,0.0487846322357654,-0.158161386847496
-0.418180197477341,0.155086040496826,0.810374021530151,-0.985441982746124,0.0377943702042102,0.0470419824123382,-0.158942505717277
-0.41724106669426,0.154095411300659,0.810884356498718,-0.985235393047333,0.0393969044089317,0.0464472360908985,-0.160005763173103
-0.416195154190063,0.15327587723732,0.811127781867981,-0.984893143177032,0.0407963059842586,0.0478594787418842,-0.161340430378914
-0.415640711784363,0.152194753289223,0.811689496040344,-0.985219240188599,0.0415095463395118,0.0444192998111248,-0.160146832466125
-0.41496878862381,0.150966390967369,0.812301397323608,-0.985135555267334,0.0404864624142646,0.0438323654234409,-0.161083072423935
-0.414289057254791,0.15020714700222,0.812703251838684,-0.985020995140076,0.0432398058474063,0.0433119721710681,-0.161209166049957
-0.413766771554947,0.149180650711059,0.813133835792542,-0.984995365142822,0.0430088490247726,0.0425991639494895,-0.161616459488869
-0.41332271695137,0.148171037435532,0.813573956489563,-0.984759211540222,0.0439166314899921,0.0417776517570018,-0.163019269704819
-0.412957459688187,0.14736345410347,0.814141273498535,-0.984886109828949,0.0457660071551799,0.0431641340255737,-0.161374375224113
-0.412638545036316,0.146636039018631,0.814542531967163,-0.98474907875061,0.0481890216469764,0.0425981841981411,-0.161654815077782
-0.412337571382523,0.145647838711739,0.814991474151611,-0.98467206954956,0.047742199152708,0.0421553254127502,-0.162371277809143
-0.412084966897964,0.144950807094574,0.815549790859222,-0.984558701515198,0.0482991971075534,0.0431925915181636,-0.162621200084686
-0.411929905414581,0.14431893825531,0.815999865531921,-0.98448520898819,0.050675693899393,0.0427410453557968,-0.162461921572685
-0.411991775035858,0.143433779478073,0.816446244716644,-0.984648287296295,0.0510697625577449,0.0425327681005001,-0.161402463912964
-0.412074446678162,0.142852962017059,0.816866874694824,-0.984603643417358,0.0521045066416263,0.0416425243020057,-0.161575391888618
-0.412061929702759,0.142214000225067,0.81750226020813,-0.984445631504059,0.0524690300226211,0.0428126379847526,-0.162113830447197
-0.41219624876976,0.141588479280472,0.817955613136292,-0.984461486339569,0.0528366975486278,0.0420456863939762,-0.16209864616394
-0.412326127290726,0.141054227948189,0.818615436553955,-0.98445600271225,0.0532004982233047,0.0428217612206935,-0.161808982491493
-0.412608653306961,0.140355795621872,0.819253444671631,-0.984632730484009,0.0531846545636653,0.0432798415422439,-0.160613134503365
-0.4128737449646,0.139931097626686,0.819713056087494,-0.984565854072571,0.0540426038205623,0.0425748974084854,-0.160924896597862
-0.413277626037598,0.139469847083092,0.820224404335022,-0.98457944393158,0.053384032100439,0.0427729077637195,-0.16101011633873
-0.413763612508774,0.139166861772537,0.820733666419983,-0.984622955322266,0.0542660504579544,0.0427177287638187,-0.160461813211441
-0.414155185222626,0.138542428612709,0.821255624294281,-0.985007643699646,0.0539199598133564,0.0420860387384891,-0.158369645476341
-0.414655327796936,0.138315379619598,0.821816086769104,-0.985012888908386,0.0541774407029151,0.0422175265848636,-0.158215463161469
-0.415262013673782,0.138130277395248,0.822448492050171,-0.984992861747742,0.0547433458268642,0.0434212759137153,-0.157818451523781
-0.415801465511322,0.137931481003761,0.823113858699799,-0.985041677951813,0.0551109351217746,0.0431534759700298,-0.157459363341331
-0.416222095489502,0.137713104486465,0.823547661304474,-0.984689354896545,0.0548667013645172,0.0452080778777599,-0.159162819385529
-0.417277425527573,0.137411087751388,0.82426905632019,-0.985412538051605,0.0534227564930915,0.0428915359079837,-0.155784010887146
-0.418080300092697,0.137293100357056,0.824892401695251,-0.985488295555115,0.0523637346923351,0.0430803224444389,-0.155610501766205
-0.418830305337906,0.137320190668106,0.825520753860474,-0.985511958599091,0.0534858927130699,0.0422069765627384,-0.155318468809128
-0.419718265533447,0.137385308742523,0.826244115829468,-0.985580146312714,0.052405908703804,0.0432200953364372,-0.154974743723869
-0.420532196760178,0.137420922517776,0.826910734176636,-0.985810041427612,0.0516976192593574,0.0433508865535259,-0.15370911359787
-0.421547889709473,0.13744555413723,0.827612280845642,-0.985944151878357,0.0511143989861011,0.0439529307186603,-0.152871400117874
-0.422498136758804,0.137554422020912,0.828312277793884,-0.986100852489471,0.0500799939036369,0.0443880409002304,-0.15207514166832
-0.423646867275238,0.137409910559654,0.828909397125244,-0.986454844474792,0.0464684627950191,0.0441605150699615,-0.150987312197685
-0.424740433692932,0.137615740299225,0.829515159130096,-0.986553251743317,0.0456189811229705,0.0438576750457286,-0.150692224502563
-0.425903260707855,0.137813776731491,0.830077648162842,-0.986685276031494,0.0449767671525478,0.0449517294764518,-0.149694636464119
-0.427129536867142,0.138008415699005,0.830612778663635,-0.987066328525543,0.0433693528175354,0.0440792962908744,-0.147905379533768
-0.428596645593643,0.13825498521328,0.831155180931091,-0.987097799777985,0.0420149900019168,0.0447272434830665,-0.147891938686371
-0.429657101631164,0.138651415705681,0.831735610961914,-0.987109124660492,0.0424339212477207,0.0471657700836658,-0.146935507655144
-0.430911302566528,0.138866320252418,0.832185745239258,-0.987316071987152,0.040219884365797,0.0471477136015892,-0.146173343062401
-0.432297766208649,0.139221489429474,0.832703351974487,-0.98752635717392,0.0397723019123077,0.0491472668945789,-0.144201710820198
-0.433722913265228,0.139587968587875,0.833180546760559,-0.987690389156342,0.0386470928788185,0.0505808182060718,-0.142882570624352
-0.435017585754394,0.139847159385681,0.833697259426117,-0.987869203090668,0.0372891351580619,0.0516782589256763,-0.141610115766525
-0.43653130531311,0.14015431702137,0.83410120010376,-0.988066017627716,0.0359556637704372,0.0517223440110683,-0.140560686588287
-0.43653130531311,0.14015431702137,0.83410120010376,-0.988066017627716,0.0359556637704372,0.0517223440110683,-0.140560686588287
-0.439499884843826,0.140747517347336,0.835030913352966,-0.988361060619354,0.0324040055274963,0.0549656562507152,-0.138098612427711
-0.441000878810883,0.141055792570114,0.835362076759338,-0.988515794277191,0.0312685519456863,0.0552987232804298,-0.137117385864258
-0.441000878810883,0.141055792570114,0.835362076759338,-0.988515794277191,0.0312685519456863,0.0552987232804298,-0.137117385864258
-0.443883001804352,0.141587436199188,0.836281478404999,-0.988839685916901,0.029153972864151,0.057153545320034,-0.134461119771004
-0.445416182279587,0.141842216253281,0.836676120758057,-0.989001214504242,0.0275959093123674,0.0578099451959133,-0.133315309882164
-0.446966558694839,0.142054721713066,0.837183713912964,-0.98911440372467,0.0260167680680751,0.0606160908937454,-0.131533205509186
-0.448384910821915,0.14223225414753,0.837705731391907,-0.989182531833649,0.0236550848931074,0.0614074058830738,-0.131100684404373
-0.448384910821915,0.14223225414753,0.837705731391907,-0.989182531833649,0.0236550848931074,0.0614074058830738,-0.131100684404373
-0.451577097177505,0.142533957958221,0.838405251502991,-0.989485919475555,0.0207102745771408,0.0607645660638809,-0.129600450396538
-0.452703237533569,0.142669588327408,0.839232444763184,-0.989624679088592,0.0208092182874679,0.0644686445593833,-0.126702904701233
-0.454305112361908,0.142698615789413,0.839660346508026,-0.989523768424988,0.0174705702811479,0.0645404383540153,-0.127952292561531
-0.455605179071426,0.142896145582199,0.840259552001953,-0.989774167537689,0.0185472518205642,0.065242700278759,-0.125484779477119
-0.455605179071426,0.142896145582199,0.840259552001953,-0.989774167537689,0.0185472518205642,0.065242700278759,-0.125484779477119
-0.458530426025391,0.142782106995582,0.841222047805786,-0.989980578422546,0.0138217005878686,0.0657343342900276,-0.124202333390713
-0.458530426025391,0.142782106995582,0.841222047805786,-0.989980578422546,0.0138217005878686,0.0657343342900276,-0.124202333390713
-0.461231768131256,0.142756551504135,0.842185199260712,-0.990216612815857,0.0118114780634641,0.0656747072935104,-0.122548587620258
-0.462685972452164,0.142727419734001,0.842688918113708,-0.990370213985443,0.0109702264890074,0.065526895225048,-0.121459878981113
-0.463817358016968,0.142629742622375,0.843318462371826,-0.990369856357574,0.0093570221215486,0.0665946453809738,-0.121016696095467
-0.465012311935425,0.14225934445858,0.844008266925812,-0.990400195121765,0.0066723157651722,0.068961925804615,-0.119613863527775
-0.466196060180664,0.142087191343307,0.844362556934357,-0.990535259246826,0.004524684511125,0.0664772763848304,-0.120001070201397
-0.467404961585998,0.141821965575218,0.844904065132141,-0.990541756153107,0.0018515472766011,0.0665067806839943,-0.12000048905611
-0.468532472848892,0.14162689447403,0.845344662666321,-0.99071455001831,0.0012290382292121,0.0652688071131706,-0.119260929524899
-0.469712764024734,0.141501009464264,0.845986843109131,-0.991037249565124,0.003453142940998,0.0669508501887321,-0.115546025335789
-0.470977187156677,0.141092956066132,0.846215665340424,-0.991036832332611,0.0003720641252584,0.0644191727042198,-0.117029078304768
-0.47197762131691,0.140833720564842,0.84690272808075,-0.991052448749542,-0.0010557086206972,0.0661966502666473,-0.115896753966808
-0.473036289215088,0.140390515327454,0.847372770309448,-0.99105578660965,-0.0032005698885768,0.0665582567453384,-0.115621231496334
-0.473036289215088,0.140390515327454,0.847372770309448,-0.99105578660965,-0.0032005698885768,0.0665582567453384,-0.115621231496334
-0.475131571292877,0.13969786465168,0.848297238349915,-0.991122722625732,-0.0054082414135336,0.0658624917268753,-0.115362830460071
-0.476498275995255,0.1395183801651,0.84827196598053,-0.991535782814026,-0.0014500943943858,0.0634911656379699,-0.113240219652653
-0.477658867835998,0.13887095451355,0.848807096481323,-0.991733312606812,-0.0046725748106837,0.0631138831377029,-0.11162294447422
-0.478858470916748,0.138433322310448,0.849119365215302,-0.991787016391754,-0.0056386338546872,0.0615552961826324,-0.111971594393253
-0.479648768901825,0.138036340475082,0.849312901496887,-0.991608381271362,-0.0061130234971642,0.0623708367347717,-0.113071858882904
-0.480708003044128,0.137338221073151,0.84967839717865,-0.991877496242523,-0.008338919840753,0.0599631033837795,-0.111865662038326
-0.481660902500153,0.1369968354702,0.849849998950958,-0.991821348667145,-0.0097148800268769,0.0599894411861896,-0.112238094210625
-0.482599169015884,0.136432155966759,0.850131511688232,-0.991857707500458,-0.0113958632573485,0.0595336221158504,-0.112000152468681
-0.483536124229431,0.135802865028381,0.850414991378784,-0.991845309734344,-0.0138373905792832,0.0596495643258094,-0.111773692071438
-0.484761625528336,0.135285153985023,0.850597143173218,-0.992011606693268,-0.0134437317028641,0.0580357760190963,-0.111192919313908
-0.485635846853256,0.134876132011413,0.85065746307373,-0.991962373256683,-0.0140423085540533,0.057417307049036,-0.111879028379917
-0.486559301614761,0.134257942438126,0.850841403007507,-0.991957545280456,-0.0157039649784564,0.057013988494873,-0.111906386911869
-0.487689882516861,0.133625596761703,0.851013481616974,-0.991946518421173,-0.017060188576579,0.0566357485949993,-0.111997418105602
-0.488569021224976,0.133047148585319,0.851100862026215,-0.991870880126953,-0.0190500169992446,0.0569481626152992,-0.112187385559082
-0.489613562822342,0.132560640573502,0.851089596748352,-0.992027938365936,-0.0187792312353849,0.0562337078154087,-0.111201651394367
-0.490656703710556,0.132012382149696,0.851147413253784,-0.991927027702332,-0.0198867693543434,0.0560201294720172,-0.11201461404562
-0.491609215736389,0.131413280963898,0.851084589958191,-0.991893470287323,-0.0212943777441978,0.0546895079314708,-0.112706884741783
-0.492550641298294,0.130710497498512,0.851091086864471,-0.991858184337616,-0.0231374204158782,0.0553226917982101,-0.112343892455101
-0.493533998727798,0.130220770835876,0.850891590118408,-0.991955518722534,-0.0229943636804819,0.0543511062860488,-0.111987575888634
-0.49443456530571,0.129540964961052,0.850870966911316,-0.991875290870666,-0.0241370722651481,0.0556656271219253,-0.111811652779579
-0.495432525873184,0.128984302282333,0.850743353366852,-0.991721272468567,-0.0253334529697895,0.0558568350970745,-0.112815335392952
-0.496403157711029,0.128486961126327,0.850560903549194,-0.991715431213379,-0.0256023816764354,0.0556159988045692,-0.112924538552761
-0.496403157711029,0.128486961126327,0.850560903549194,-0.991715431213379,-0.0256023816764354,0.0556159988045692,-0.112924538552761
-0.498151957988739,0.127116426825523,0.850387275218964,-0.991409778594971,-0.0288105402141809,0.0591852627694606,-0.113020218908787
-0.498876601457596,0.126590251922607,0.849730014801025,-0.99150025844574,-0.0280420538038015,0.0571671426296234,-0.113458819687366
-0.499858856201172,0.125824779272079,0.849713146686554,-0.990472078323364,-0.0364583916962146,0.0687166899442672,-0.113638214766979
-0.500759124755859,0.125019907951355,0.850077390670776,-0.989745318889618,-0.0373512059450149,0.0750388726592063,-0.115663021802902
-0.500759124755859,0.125019907951355,0.850077390670776,-0.989745318889618,-0.0373512059450149,0.0750388726592063,-0.115663021802902
-0.502225697040558,0.12399710714817,0.84885048866272,-0.99079829454422,-0.0325844399631023,0.0609678141772747,-0.116360239684582
-0.503019392490387,0.123424485325813,0.848656535148621,-0.990751266479492,-0.0325568467378616,0.0601977705955505,-0.117167420685291
-0.503954350948334,0.122742123901844,0.849395990371704,-0.989203035831451,-0.0376448407769203,0.0806495919823646,-0.1164291203022
-0.504378855228424,0.122083090245724,0.849001288414001,-0.989121675491333,-0.0392779894173145,0.0803572162985801,-0.116782553493976
-0.504945397377014,0.121761955320835,0.848038554191589,-0.9904904961586,-0.0324368067085742,0.0628284662961959,-0.118022873997688
-0.505454778671265,0.121161326766014,0.847696542739868,-0.990290880203247,-0.0328928381204605,0.0655988380312919,-0.118063122034073
-0.505454778671265,0.121161326766014,0.847696542739868,-0.990290880203247,-0.0328928381204605,0.0655988380312919,-0.118063122034073
-0.506344258785248,0.120106056332588,0.847358822822571,-0.990210235118866,-0.0332547053694725,0.0660352110862732,-0.118395060300827
-0.506690859794617,0.11972564458847,0.847393870353699,-0.990178942680359,-0.0316842943429946,0.0688318535685539,-0.117490947246551
-0.506946563720703,0.119039870798588,0.846830248832703,-0.989902913570404,-0.0339587032794952,0.0681575611233711,-0.119556352496147
-0.507474541664124,0.118603698909283,0.846641421318054,-0.989965200424194,-0.0329479947686195,0.0677925422787666,-0.119530916213989
-0.507660388946533,0.118163466453552,0.846454501152039,-0.989930033683777,-0.0326296240091323,0.0682786628603935,-0.11963240802288
-0.507797002792358,0.117757327854633,0.846454262733459,-0.989933371543884,-0.0317500010132789,0.0696716383099556,-0.119036428630352
-0.507973790168762,0.117317199707031,0.846507906913757,-0.989834010601044,-0.0318853855133056,0.0714315548539161,-0.118781849741936
-0.507973790168762,0.117317199707031,0.846507906913757,-0.989834010601044,-0.0318853855133056,0.0714315548539161,-0.118781849741936
-0.507977902889252,0.116452015936375,0.846216917037964,-0.989716589450836,-0.0314036682248115,0.071976751089096,-0.119556821882725
-0.507808566093445,0.115799739956856,0.845421612262726,-0.989527702331543,-0.0339164733886718,0.0697612538933754,-0.121729746460915
-0.507685303688049,0.115660697221756,0.845726668834686,-0.989637911319733,-0.0315769724547863,0.0717077851295471,-0.120322160422802
-0.507586777210236,0.115286499261856,0.845482170581818,-0.989719808101654,-0.0315591432154178,0.0709230154752731,-0.120118468999863
-0.507459998130798,0.114673554897308,0.845077693462372,-0.989515662193298,-0.0343266353011131,0.0688888430595398,-0.122207209467888
-0.507127821445465,0.114228129386902,0.844771146774292,-0.989543199539185,-0.0348413176834583,0.0678188726305961,-0.122437179088593
-0.506881475448608,0.113940104842186,0.84465080499649,-0.989551961421967,-0.0346232913434505,0.0672400146722793,-0.122746512293816
-0.506600201129913,0.1136484593153,0.844526767730713,-0.989569962024689,-0.0344700403511524,0.0665788874030113,-0.123003751039505
-0.506190121173859,0.113316580653191,0.844387471675873,-0.98962938785553,-0.0342575311660766,0.0657020956277847,-0.123057745397091
-0.505859673023224,0.113065302371979,0.844322443008423,-0.98965859413147,-0.0338114947080612,0.0649723932147026,-0.123333223164082
-0.505480229854584,0.112862855195999,0.844226062297821,-0.989751398563385,-0.0330274552106857,0.0635673105716705,-0.123533301055431
-0.505050480365753,0.112346738576889,0.845212340354919,-0.98813784122467,-0.0398599579930305,0.0820427238941192,-0.12354601919651
-0.504671990871429,0.112155005335808,0.845150232315063,-0.988203585147858,-0.0393951833248138,0.0811452195048332,-0.123762354254723
-0.504114389419556,0.112186945974827,0.844304442405701,-0.989630341529846,-0.0330421812832355,0.0639492124319076,-0.12429965287447
-0.504114389419556,0.112186945974827,0.844304442405701,-0.989630341529846,-0.0330421812832355,0.0639492124319076,-0.12429965287447
-0.503202855587006,0.111880868673325,0.84421718120575,-0.9896679520607,-0.0321443378925323,0.0617393590509891,-0.125348523259163
-0.503202855587006,0.111880868673325,0.84421718120575,-0.9896679520607,-0.0321443378925323,0.0617393590509891,-0.125348523259163
-0.502187192440033,0.111746966838837,0.844238698482513,-0.989750802516937,-0.0301350243389606,0.0608001537621021,-0.125652000308037
-0.501618087291718,0.111542820930481,0.844322204589844,-0.989725112915039,-0.0307937245815992,0.0602173060178756,-0.12597531080246
-0.501104235649109,0.111681275069713,0.844884514808655,-0.989846706390381,-0.0285867135971784,0.062681145966053,-0.124326638877392
-0.500606834888458,0.111470773816109,0.844480872154236,-0.989776015281677,-0.0297887120395898,0.0607215501368045,-0.125574171543121
-0.500147819519043,0.111656054854393,0.844925999641418,-0.989942669868469,-0.02730050124228,0.0620544143021106,-0.124166928231716
-0.499706774950027,0.11166425049305,0.84495735168457,-0.9899942278862,-0.0269824657589197,0.0611115880310535,-0.124293148517609
-0.499215483665466,0.111516952514648,0.844925463199615,-0.989789426326752,-0.0290469154715538,0.0605607256293296,-0.12572118639946
-0.499215483665466,0.111516952514648,0.844925463199615,-0.989789426326752,-0.0290469154715538,0.0605607256293296,-0.12572118639946
-0.498383015394211,0.111450091004372,0.846068203449249,-0.988462448120117,-0.0345605500042438,0.0783853828907013,-0.124913588166237
-0.497837215662003,0.111785463988781,0.845144629478455,-0.990035891532898,-0.0274000205099582,0.0575360246002674,-0.125568583607674
-0.497253119945526,0.112139828503132,0.845537006855011,-0.990211546421051,-0.0250593982636928,0.0593850016593933,-0.123800113797188
-0.496855288743973,0.112178444862366,0.84614622592926,-0.989981949329376,-0.0264930389821529,0.0628106966614723,-0.123646937310696
-0.496397286653519,0.11233202368021,0.846300780773163,-0.990044295787811,-0.0261918548494577,0.0623589940369129,-0.123440451920033
-0.495931088924408,0.112685285508633,0.846214056015015,-0.990335285663605,-0.0240562800318002,0.0588659010827541,-0.123256079852581
-0.495560556650162,0.112964153289795,0.846325516700745,-0.990412533283234,-0.0230475421994924,0.0583028905093669,-0.123096689581871
-0.495360165834427,0.112984612584114,0.847357869148254,-0.989177048206329,-0.0293140076100826,0.0759605839848518,-0.122062653303146
-0.494779795408249,0.113379493355751,0.846646070480347,-0.990522563457489,-0.0232451763004064,0.0571041256189346,-0.122734494507313
-0.494779795408249,0.113379493355751,0.846646070480347,-0.990522563457489,-0.0232451763004064,0.0571041256189346,-0.122734494507313
-0.494133353233337,0.113839827477932,0.846881985664368,-0.99068146944046,-0.0229649506509304,0.056065522134304,-0.12198169529438
-0.49380487203598,0.1141567081213,0.847007989883423,-0.990765690803528,-0.0220708604902029,0.0555525906383991,-0.121696278452873
-0.49354749917984,0.114448875188828,0.847172617912292,-0.990750849246979,-0.0215510316193103,0.0558864437043666,-0.121757201850414
-0.493216454982758,0.11496963351965,0.847254276275635,-0.990525484085083,-0.0188104975968599,0.0567286759614944,-0.123641565442085
-0.493180274963379,0.114926710724831,0.848790884017944,-0.988973498344421,-0.0255863703787326,0.0803402289748191,-0.121746264398098
-0.492792129516602,0.115475967526436,0.847738862037659,-0.9910489320755,-0.0197254195809364,0.056182462722063,-0.119483776390553
-0.492383122444153,0.115719005465507,0.847905993461609,-0.99105316400528,-0.0199384801089763,0.0558120943605899,-0.119586147367954
-0.492125600576401,0.116027995944023,0.848081111907959,-0.991091907024384,-0.0197719912976026,0.0557971410453319,-0.119300439953804
-0.491815268993378,0.116334468126297,0.848187327384949,-0.99110758304596,-0.0198446884751319,0.0559505969285965,-0.119086980819702
-0.491815268993378,0.116334468126297,0.848187327384949,-0.99110758304596,-0.0198446884751319,0.0559505969285965,-0.119086980819702
-0.491281032562256,0.117174223065376,0.848455011844635,-0.991135656833649,-0.0179888252168893,0.0567381344735622,-0.118774473667145
-0.490838825702667,0.117750570178032,0.84826123714447,-0.990938067436218,-0.0164562780410051,0.0574908442795276,-0.120273046195507
-0.490838825702667,0.117750570178032,0.84826123714447,-0.990938067436218,-0.0164562780410051,0.0574908442795276,-0.120273046195507
-0.490509361028671,0.118328467011452,0.848694562911987,-0.991426885128021,-0.0174122862517833,0.0545857846736907,-0.117428280413151
-0.490156561136246,0.118715956807136,0.848801374435425,-0.991413056850433,-0.0183026492595672,0.0542782209813594,-0.117552690207958
-0.48992246389389,0.119071587920189,0.848730564117432,-0.991583108901978,-0.0181515254080295,0.0523734278976917,-0.117006078362465
-0.489640921354294,0.11935955286026,0.848763883113861,-0.991581082344055,-0.0189087800681591,0.0517011024057865,-0.117200821638107
-0.489378035068512,0.119728490710258,0.848810613155365,-0.991666853427887,-0.018244044855237,0.0515355914831161,-0.116653889417648
-0.4892258644104,0.120079733431339,0.848738074302673,-0.991692662239075,-0.0182228498160839,0.050791461020708,-0.116762764751911
-0.489000052213669,0.120522059500217,0.848639845848083,-0.991681635379791,-0.0187225807458162,0.0507820583879947,-0.116780877113342
-0.488743364810944,0.120869986712933,0.84848940372467,-0.991759419441223,-0.0190644543617963,0.0492855384945869,-0.116706781089306
-0.488507986068726,0.12119498103857,0.848397552967072,-0.991809487342834,-0.0194481499493122,0.0488633811473846,-0.116396330296993
-0.488326072692871,0.121534675359726,0.848306894302368,-0.991903424263,-0.0194113496690988,0.0484555773437023,-0.11577033251524
-0.488188505172729,0.121807411313057,0.848143935203552,-0.991946578025818,-0.0198313277214765,0.0476792305707931,-0.115651667118072
-0.488019108772278,0.122064754366875,0.84796130657196,-0.991950571537018,-0.0200147349387407,0.047343585640192,-0.115724094212055
-0.488125294446945,0.122105062007904,0.848792314529419,-0.990448176860809,-0.0252190474420785,0.067011073231697,-0.11783879250288
-0.487915337085724,0.122375130653381,0.848509788513184,-0.990465819835663,-0.0250611491501331,0.0665642097592353,-0.117975629866123
-0.487341076135635,0.123289570212364,0.846805691719055,-0.991494178771973,-0.018481770530343,0.0483236573636531,-0.119425408542156
-0.487341076135635,0.123289570212364,0.846805691719055,-0.991494178771973,-0.018481770530343,0.0483236573636531,-0.119425408542156
-0.487289637327194,0.123539961874485,0.846331655979156,-0.991793036460876,-0.0197887253016233,0.0459823049604892,-0.117646276950836
-0.48690789937973,0.123966321349144,0.845731854438782,-0.991335451602936,-0.0195775963366031,0.0496477223932743,-0.12002544850111
-0.487272679805756,0.123558208346367,0.846587896347046,-0.990170180797577,-0.0265134666115045,0.067265897989273,-0.119729593396187
-0.487079590559006,0.12371252477169,0.846206188201904,-0.990043580532074,-0.0268062707036733,0.0692232847213745,-0.119594946503639
-0.486990422010422,0.123852297663689,0.845688045024872,-0.989964425563812,-0.027355421334505,0.069240354001522,-0.12011706829071
-0.486709207296371,0.12442422658205,0.84385359287262,-0.991562247276306,-0.0211942512542009,0.0478585474193096,-0.118594475090504
-0.486646056175232,0.124622009694576,0.843256711959839,-0.991474866867065,-0.0201320089399814,0.0479475855827331,-0.119470067322254
-0.48658698797226,0.124686546623707,0.842690587043762,-0.991360425949097,-0.0203592665493488,0.0478682368993759,-0.120411209762096
-0.486307770013809,0.1246582493186,0.842090547084808,-0.991285741329193,-0.0217282809317111,0.0485439151525497,-0.12051710486412
-0.48618358373642,0.124856844544411,0.841411352157593,-0.991131067276001,-0.0220344606786966,0.049668725579977,-0.121271431446075
-0.486133247613907,0.124924570322037,0.84066104888916,-0.991038382053375,-0.0209221113473176,0.0497696883976459,-0.122181802988052
-0.486133247613907,0.124924570322037,0.84066104888916,-0.991038382053375,-0.0209221113473176,0.0497696883976459,-0.122181802988052
-0.485874146223068,0.124804526567459,0.839213371276855,-0.990917325019836,-0.0217765476554632,0.0504556968808174,-0.122730739414692
-0.485518515110016,0.125044137239456,0.838317215442657,-0.990356683731079,-0.0199054908007383,0.0538720563054084,-0.126076027750969
-0.485684126615524,0.124839976429939,0.837774991989136,-0.99061530828476,-0.0207907166332006,0.0515660718083381,-0.124858923256397
-0.485494554042816,0.124709665775299,0.837063074111938,-0.990474283695221,-0.0208675917237997,0.0515274778008461,-0.125977531075478
-0.485117048025131,0.124620318412781,0.83635938167572,-0.990239262580872,-0.0213259868323802,0.0528428070247173,-0.127196609973907
-0.485051721334457,0.124503001570702,0.835642218589783,-0.99006587266922,-0.0208944492042064,0.0535849221050739,-0.12830325961113
-0.484753578901291,0.124530926346779,0.834764897823334,-0.990028500556946,-0.0202028863131999,0.0536511167883873,-0.128673017024994
-0.484605699777603,0.124368473887444,0.834104239940643,-0.98992520570755,-0.0189375933259725,0.0539598278701305,-0.129530891776085
-0.484094351530075,0.12423262745142,0.833401322364807,-0.989785134792328,-0.0186608005315065,0.0550353862345218,-0.130186259746552
-0.483952134847641,0.124118588864803,0.832765936851501,-0.989674031734467,-0.0175603572279214,0.0549395680427551,-0.131219267845154
-0.48340368270874,0.123963475227356,0.831981718540192,-0.989313840866089,-0.0183703750371933,0.0561543740332126,-0.133294373750687
-0.48320397734642,0.123827829957008,0.831246018409729,-0.989411294460297,-0.0171189624816179,0.0554917007684707,-0.133014693856239
-0.482627302408218,0.123772770166397,0.8304363489151,-0.989186823368072,-0.0160369556397199,0.0566473230719566,-0.134325057268143
-0.482165664434433,0.123622298240662,0.829861342906952,-0.989094436168671,-0.0146219683811068,0.0574082843959331,-0.134843781590462
-0.481693387031555,0.123490437865257,0.829137086868286,-0.988929212093353,-0.0137531366199254,0.0575118213891983,-0.136096149682999
-0.48080512881279,0.123281061649322,0.828585743904114,-0.988271176815033,-0.015653159469366,0.0598131865262985,-0.139632269740105
-0.480117470026016,0.123134151101112,0.827949047088623,-0.988142490386963,-0.0145368753001093,0.0606065616011619,-0.140320479869843
-0.47949880361557,0.122969806194305,0.827295303344727,-0.988068997859955,-0.0136095555499196,0.060184147208929,-0.141110807657242
-0.478815227746964,0.122889496386051,0.826647639274597,-0.987769424915314,-0.012121545150876,0.0612359270453453,-0.142879590392113
-0.478017210960388,0.122752919793129,0.825983941555023,-0.987670958042145,-0.011129105463624,0.0616395473480224,-0.14346569776535
-0.477270483970642,0.122678220272064,0.825293302536011,-0.987488389015198,-0.0097069647163152,0.0621167235076427,-0.144616574048996
-0.476471483707428,0.122686251997948,0.824599981307983,-0.987450420856476,-0.0075050541199743,0.0625817030668258,-0.14480684697628
-0.47558867931366,0.122606351971626,0.823917269706726,-0.987413227558136,-0.0066818073391914,0.0624701268970966,-0.145147368311882
-0.47465381026268,0.12258942425251,0.823268413543701,-0.987291514873505,-0.0048214797861874,0.0623474158346653,-0.146099731326103
-0.473499745130539,0.122665844857693,0.822771668434143,-0.98701411485672,-0.0031995070166885,0.0635531619191169,-0.147492125630379
-0.47241872549057,0.122484892606735,0.822103440761566,-0.987016975879669,-0.0029857971239835,0.0624257586896419,-0.147958129644394
-0.471333354711533,0.122547157108784,0.821532607078552,-0.986866474151611,-0.0014938736567273,0.0630436167120933,-0.148720368742943
-0.470184653997421,0.122593060135841,0.82091748714447,-0.986839950084686,0.0003288300067652,0.0623950324952602,-0.149176612496376
-0.469017714262009,0.122631520032883,0.820341408252716,-0.986826062202454,0.0014172112569212,0.0614966042339801,-0.149634823203087
-0.467735767364502,0.122657589614391,0.819672226905823,-0.986820220947266,0.0029889142606407,0.0606032907962799,-0.150015145540237
-0.466436505317688,0.122757352888584,0.819151222705841,-0.98687207698822,0.0052105183713138,0.0598704032599926,-0.149905428290367
-0.464874029159546,0.122750952839851,0.818632960319519,-0.986633360385895,0.0047510461881756,0.0597761571407318,-0.151520878076553
-0.463596433401108,0.122777491807938,0.818042159080505,-0.986760973930359,0.0063777239993214,0.0575227662920951,-0.151503145694733
-0.462329834699631,0.122739806771278,0.817489385604858,-0.986789643764496,0.0073957601562142,0.0561506263911724,-0.151784136891365
-0.460681974887848,0.122732356190681,0.817086100578308,-0.986702263355255,0.0069908364675939,0.0556057468056678,-0.152571260929108
-0.459253787994385,0.122779458761215,0.816611170768738,-0.986760258674622,0.0088846087455749,0.054076962172985,-0.152646124362946
-0.457856625318527,0.12286315113306,0.816073536872864,-0.986886441707611,0.0105198752135038,0.0526800118386745,-0.152214795351028
-0.456345677375793,0.122941255569458,0.81566047668457,-0.986753821372986,0.0110730417072772,0.0513718128204345,-0.153477191925049
-0.454968184232712,0.122839853167534,0.815213441848755,-0.986741840839386,0.0113912941887974,0.0489165000617504,-0.154330193996429
-0.453518837690353,0.122803270816803,0.814697206020355,-0.986763417720795,0.012929237447679,0.0470235683023929,-0.154659435153008
-0.452000200748444,0.122825562953949,0.814407587051392,-0.986705183982849,0.0133788306266069,0.0465797968208789,-0.155126079916954
-0.4504654109478,0.12288361042738,0.814210414886475,-0.986662268638611,0.0152192926034331,0.0460295043885707,-0.15539413690567
-0.449132710695267,0.122902020812035,0.813769578933716,-0.986697494983673,0.0164327509701252,0.0443200655281543,-0.1555445343256
-0.447345197200775,0.123113587498665,0.813268899917603,-0.986079096794128,0.0178065933287143,0.0461920872330665,-0.158736184239388
-0.446218580007553,0.122626379132271,0.813387453556061,-0.986710906028748,0.0158526841551065,0.0412993431091308,-0.156348079442978
-0.44508621096611,0.122452154755592,0.814083933830261,-0.985164225101471,0.0144896144047379,0.060794498771429,-0.15982960164547
-0.443740516901016,0.122337490320206,0.813935101032257,-0.985134422779083,0.0143667822703719,0.0603969469666481,-0.160175234079361
-0.442455559968948,0.122256144881248,0.813748598098755,-0.985180735588074,0.0155785828828811,0.0589544102549552,-0.160313621163368
-0.44135594367981,0.122156105935573,0.813478052616119,-0.985170304775238,0.0159302558749914,0.057608276605606,-0.160832718014717
-0.440047144889831,0.122188851237297,0.81334388256073,-0.985083341598511,0.0171302501112222,0.0573166422545909,-0.161344081163406
-0.438849270343781,0.122090585529804,0.813260078430176,-0.985083281993866,0.0186209585517644,0.0557978488504886,-0.161712601780891
-0.437749862670898,0.121980063617229,0.813049972057343,-0.984941303730011,0.0185646247118711,0.0534311160445213,-0.163373604416847
-0.436638802289963,0.122084483504295,0.812801957130432,-0.985024154186249,0.0215295162051916,0.0507680289447307,-0.163359150290489
-0.436036378145218,0.122037872672081,0.812461137771606,-0.98550820350647,0.0260253995656967,0.047059841454029,-0.160877287387848
-0.435148477554321,0.122006915509701,0.812438249588013,-0.985435426235199,0.0263110194355249,0.0463133938610553,-0.161493167281151
-0.434138059616089,0.122008495032787,0.812493503093719,-0.985357105731964,0.0271670166403055,0.0453907214105129,-0.162089258432388
-0.433372437953949,0.12200952321291,0.812360405921936,-0.985381722450256,0.0294415894895792,0.0428289100527763,-0.162239715456963
-0.432444751262665,0.121912226080894,0.812445163726807,-0.985221803188324,0.0288215912878513,0.0417586043477058,-0.163594186306
-0.431672096252441,0.12198892980814,0.81251072883606,-0.985217869281769,0.0300353076308965,0.0399922095239162,-0.16384182870388
-0.43111377954483,0.12197981774807,0.812349438667297,-0.985305905342102,0.0309365261346101,0.0364352017641067,-0.16397425532341
-0.43111377954483,0.12197981774807,0.812349438667297,-0.985305905342102,0.0309365261346101,0.0364352017641067,-0.16397425532341
-0.429823696613312,0.122116193175316,0.812523126602173,-0.984907031059265,0.0296455416828393,0.0325814448297023,-0.167384415864944
-0.429400473833084,0.122261673212051,0.81248265504837,-0.985036313533783,0.0304385609924793,0.0299233719706535,-0.166977703571319
-0.429141640663147,0.122347585856915,0.812470078468323,-0.985112845897675,0.0303929671645164,0.0270733814686536,-0.167020559310913
-0.428920328617096,0.122465439140797,0.812451779842377,-0.985183298587799,0.0303276684135198,0.0244069714099168,-0.167028278112411
-0.428624987602234,0.122730828821659,0.812593460083008,-0.985097825527191,0.0296319667249918,0.0224621128290891,-0.167927220463753
-0.428701937198639,0.122947372496128,0.812642872333527,-0.985155880451202,0.0296811629086732,0.0201234277337789,-0.167875856161117
-0.428868651390076,0.123169377446175,0.812552452087402,-0.98515772819519,0.0293185301125049,0.0176820624619722,-0.16820316016674
-0.428868651390076,0.123169377446175,0.812552452087402,-0.98515772819519,0.0293185301125049,0.0176820624619722,-0.16820316016674
-0.429166167974472,0.123516127467155,0.811550617218018,-0.98520040512085,0.0278463903814554,0.0098282964900136,-0.168843880295753
-0.429795384407043,0.124064810574055,0.812230944633484,-0.985391318798065,0.0286879129707813,0.0092619964852929,-0.167616009712219
-0.429795384407043,0.124064810574055,0.812230944633484,-0.985391318798065,0.0286879129707813,0.0092619964852929,-0.167616009712219
-0.43062549829483,0.124529115855694,0.811182379722595,-0.985442280769348,0.0241915807127952,0.0027209026739001,-0.168258860707283
-0.431752622127533,0.125358328223228,0.811765193939209,-0.9856898188591,0.0255609322339296,0.0034490961115807,-0.166584149003029
-0.432574421167374,0.125904366374016,0.811452388763428,-0.985901594161987,0.027139626443386,0.0010695172240957,-0.165106981992722
-0.433643490076065,0.126354023814201,0.81122899055481,-0.985949516296387,0.0242762938141822,0.0007213321514427,-0.165268898010254
-0.434515714645386,0.126977384090424,0.811111688613892,-0.985778629779816,0.022444549947977,0.0011800382053479,-0.166538074612617
-0.435825943946838,0.127572819590568,0.810855090618134,-0.985810875892639,0.0213831029832363,0.0001707925403025,-0.166492164134979
-0.435825943946838,0.127572819590568,0.810855090618134,-0.985810875892639,0.0213831029832363,0.0001707925403025,-0.166492164134979
-0.437593668699265,0.127438455820084,0.808832168579102,-0.987136006355286,0.0087256543338298,-0.0026252563111484,-0.159622520208359
-0.440224796533585,0.129715293645859,0.809795737266541,-0.986111164093018,0.0151533698663115,0.000783443916589,-0.165392279624939
-0.439496845006943,0.12992200255394,0.809784412384033,-0.983520925045013,-0.0047587174922227,0.0071190982125699,-0.180591747164726
-0.441272407770157,0.131089121103287,0.81047534942627,-0.98349517583847,-0.0073238015174865,0.0137827042490243,-0.180259510874748
-0.443210363388062,0.131622776389122,0.808804035186768,-0.983710706233978,-0.0083170123398303,0.0093756793066859,-0.179322555661201
-0.444427996873856,0.132631495594978,0.807314932346344,-0.983471930027008,-0.0108415065333247,-0.0107906907796859,-0.180412709712982
-0.447769284248352,0.133639290928841,0.80828332901001,-0.984079420566559,-0.0106348758563399,0.014489353634417,-0.176817536354065
-0.449423938989639,0.134722098708153,0.808026313781738,-0.983527481555939,-0.0146454321220517,0.0179521292448043,-0.179267853498459
-0.451628804206848,0.135383456945419,0.806395053863525,-0.983793199062347,-0.0172743406146764,0.0166076198220253,-0.177698582410812
-0.450619608163834,0.137986078858375,0.816109001636505,-0.965464413166046,-0.0611150898039341,0.056141473352909,-0.246964141726494
-0.450516760349274,0.140556782484055,0.817776739597321,-0.955839037895203,-0.0811456739902496,0.0728828683495521,-0.272902280092239
-0.45114079117775,0.142909213900566,0.818622350692749,-0.947974979877472,-0.0960831046104431,0.0857842713594436,-0.291122615337372
-0.461423367261887,0.13994374871254,0.80446183681488,-0.984094023704529,-0.0218040104955434,0.0283073429018259,-0.174018159508705
-0.463797688484192,0.14077365398407,0.8029705286026,-0.983967363834381,-0.0251926947385072,0.0287411976605653,-0.174204885959625
-0.46637436747551,0.141878217458725,0.802465677261353,-0.983446538448334,-0.0311510078608989,0.0339350253343582,-0.175245702266693
-0.469249933958054,0.142949238419533,0.801644146442413,-0.984048008918762,-0.0305877961218357,0.0350393913686275,-0.171715900301933
-0.471368759870529,0.144032806158066,0.80139696598053,-0.983313500881195,-0.035564687103033,0.040400456637144,-0.173774853348732
-0.474292695522308,0.145132690668106,0.800469040870667,-0.983206152915955,-0.0385986380279064,0.0406154282391071,-0.173684313893318
-0.476852387189865,0.146120548248291,0.79993337392807,-0.983055114746094,-0.0428253859281539,0.0437708832323551,-0.172779023647308
-0.481452703475952,0.147504359483719,0.798169195652008,-0.985297322273254,-0.0327275842428207,0.0409509055316448,-0.162608027458191
-0.484197705984116,0.148566946387291,0.797455430030823,-0.985492050647736,-0.0340346023440361,0.0431109257042408,-0.160587683320045
-0.48677858710289,0.149722799658775,0.796948075294495,-0.985110521316528,-0.0352514125406742,0.0463717803359031,-0.161753550171852
-0.489329814910889,0.150665789842606,0.796345233917236,-0.984898388385773,-0.0385381579399108,0.0496092922985553,-0.161334097385406
-0.491689890623093,0.151850625872612,0.796135902404785,-0.984580755233765,-0.0420184507966041,0.0581607446074485,-0.159537389874458
-0.494172990322113,0.153043389320374,0.795727252960205,-0.98418402671814,-0.0450699925422668,0.0619903802871704,-0.159710764884949
-0.496677458286285,0.153976410627365,0.79507040977478,-0.984151422977448,-0.0456183478236198,0.0628127381205558,-0.159436151385307
-0.499048829078674,0.155169278383255,0.794870972633362,-0.983691453933716,-0.0477063804864883,0.0717536434531211,-0.157882452011108
-0.501417756080627,0.156178042292595,0.794494390487671,-0.983544886112213,-0.0497529804706573,0.0753701627254486,-0.156471416354179
-0.503607451915741,0.157252863049507,0.794117450714111,-0.983567595481873,-0.0494265891611576,0.0770168378949165,-0.1556286662817
-0.505679666996002,0.158277928829193,0.793751120567322,-0.983388483524322,-0.0528749860823154,0.0801513269543647,-0.154036566615105
-0.507712006568909,0.159357279539108,0.7935551404953,-0.983281970024109,-0.0529892891645431,0.0836598500609397,-0.152805864810944
-0.509704649448395,0.160488396883011,0.793420016765594,-0.982777953147888,-0.0543423891067504,0.0892790332436561,-0.152392446994781
-0.511433720588684,0.161477401852608,0.793082296848297,-0.983092308044434,-0.0545539148151874,0.0875978842377662,-0.151263281702995
-0.513144016265869,0.162450760602951,0.792935371398926,-0.982774376869202,-0.0571930520236492,0.0919113680720329,-0.149784907698631
-0.514768898487091,0.163519501686096,0.792628228664398,-0.983069717884064,-0.0571181289851665,0.0902551338076591,-0.148880332708359
-0.516124248504639,0.164426237344742,0.792596578598022,-0.982939302921295,-0.0603448376059532,0.0934700891375541,-0.146466225385666
-0.516124248504639,0.164426237344742,0.792596578598022,-0.982939302921295,-0.0603448376059532,0.0934700891375541,-0.146466225385666
-0.518603324890137,0.166192069649696,0.792253375053406,-0.982975602149963,-0.0631365105509758,0.0932742431759834,-0.145164161920547
-0.519614934921265,0.166902229189873,0.792137682437897,-0.982943415641785,-0.0669684931635856,0.0928067564964294,-0.143960103392601
-0.520617544651031,0.167759850621223,0.791958153247833,-0.983162879943848,-0.0675229281187057,0.0920140296220779,-0.142707288265228
-0.52145791053772,0.168572500348091,0.791944742202759,-0.983171701431274,-0.0683250650763511,0.0917535200715065,-0.142431646585464
-0.522299706935883,0.168955713510513,0.791863620281219,-0.982850849628448,-0.0713158920407295,0.0899496302008628,-0.144317775964737
-0.522904694080353,0.170380666851997,0.7918900847435,-0.983221709728241,-0.0674802884459495,0.09102813154459,-0.142952412366867
-0.523243308067322,0.170581892132759,0.792065143585205,-0.983011066913605,-0.0711276829242706,0.0904582291841507,-0.142994716763496
-0.523507356643677,0.171158820390701,0.792108595371246,-0.983273148536682,-0.0712928771972656,0.088354617357254,-0.142423585057259
-0.523725807666779,0.171586632728577,0.792178332805634,-0.983404457569122,-0.0724863037467002,0.0874644219875335,-0.141461804509163
-0.524110555648804,0.172488629817963,0.792053461074829,-0.983617961406708,-0.0703955516219139,0.0851142033934593,-0.142463013529777
-0.523982584476471,0.172397941350937,0.792309761047363,-0.983692765235901,-0.0731915608048439,0.0843088552355766,-0.141009643673897
-0.523997068405151,0.173140645027161,0.792383432388306,-0.983680367469788,-0.0716713219881057,0.0832386165857315,-0.142504125833511
-0.523766934871674,0.173345401883125,0.792592585086823,-0.983465850353241,-0.0732866078615188,0.0826658532023429,-0.143493369221687
-0.523449659347534,0.173543140292168,0.792820692062378,-0.983383059501648,-0.0740350112318992,0.0822484344244003,-0.143914818763733
-0.523008942604065,0.173682078719139,0.792995929718018,-0.983341455459595,-0.0745622515678405,0.0816140696406364,-0.144288673996925
-0.522456169128418,0.173769772052765,0.7932208776474,-0.98321408033371,-0.0753258541226387,0.0808018967509269,-0.145214632153511
-0.521898210048676,0.173763662576675,0.793327867984772,-0.983013689517975,-0.0766526907682418,0.0794136077165603,-0.146636053919792
-0.521361649036407,0.173719525337219,0.793347895145416,-0.983136653900146,-0.0767650753259658,0.0765258744359016,-0.147285938262939
-0.520710706710815,0.1737300157547,0.793353676795959,-0.983332276344299,-0.0757857784628868,0.0747193768620491,-0.147415459156036
-0.520084142684937,0.173585534095764,0.793402314186096,-0.983351647853851,-0.075752705335617,0.0733969509601593,-0.147967502474785
-0.519272685050964,0.173475563526154,0.793503761291504,-0.983499050140381,-0.0744546875357627,0.0728548914194107,-0.147912830114365
-0.518537938594818,0.173267185688019,0.793451309204102,-0.983501195907593,-0.074184238910675,0.0708657279610633,-0.148998290300369
-0.517537593841553,0.172943621873856,0.793563842773438,-0.98352324962616,-0.0738338157534599,0.0705672800540924,-0.149167984724045
-0.516964673995972,0.172415256500244,0.793318510055542,-0.983232736587524,-0.0748405754566192,0.0657581388950347,-0.152735754847526
-0.515765488147736,0.17243480682373,0.793565094470978,-0.983556687831879,-0.0714390575885772,0.0674125552177429,-0.151553645730019
-0.514836668968201,0.172098845243454,0.793467879295349,-0.983600854873657,-0.0708752274513244,0.0660267546772956,-0.152140244841576
-0.513675153255463,0.171672493219376,0.793453216552734,-0.983733892440796,-0.0693936496973037,0.0645172595977783,-0.152609556913376
-0.512538373470306,0.171433687210083,0.793534755706787,-0.983897507190704,-0.0669583156704902,0.0638028681278228,-0.152943059802055
-0.512538373470306,0.171433687210083,0.793534755706787,-0.983897507190704,-0.0669583156704902,0.0638028681278228,-0.152943059802055
-0.51019686460495,0.170285522937775,0.793760418891907,-0.983507692813873,-0.068535141646862,0.0628321096301078,-0.155137181282043
-0.509130358695984,0.169745862483978,0.793668985366821,-0.983505487442017,-0.0668334439396858,0.0593427307903766,-0.157252639532089
-0.507915258407593,0.169233709573746,0.793796896934509,-0.983489513397217,-0.0656783655285835,0.0593935847282409,-0.157819643616676
-0.506664514541626,0.168630138039589,0.793841600418091,-0.983409404754639,-0.0652591437101364,0.0579391978681087,-0.159028723835945
-0.505553126335144,0.167971566319466,0.793787837028503,-0.983329355716705,-0.0643296912312507,0.0556352138519287,-0.160717219114304
-0.504452526569366,0.167373180389404,0.79382586479187,-0.983247816562653,-0.0634276866912841,0.0546564236283302,-0.161904975771904
-0.503076255321503,0.166810974478722,0.794025421142578,-0.983272433280945,-0.0612748563289642,0.0536083914339542,-0.162932455539703
-0.502414584159851,0.166170462965965,0.793630719184875,-0.984121859073639,-0.0563262701034545,0.0498992837965488,-0.160753056406975
-0.500730514526367,0.165575310587883,0.794121265411377,-0.983120203018188,-0.059114970266819,0.0517193712294101,-0.165242567658424
-0.499514758586883,0.164840251207352,0.794142723083496,-0.983050465583801,-0.0582503676414489,0.0491307340562343,-0.166748061776161
-0.498318403959274,0.164309948682785,0.794242560863495,-0.983029961585998,-0.0566885843873024,0.048183187842369,-0.167681232094765
-0.497790455818176,0.163912117481232,0.793786644935608,-0.984365105628967,-0.0478505380451679,0.0430673919618129,-0.163953498005867
-0.496578603982925,0.163321018218994,0.793853402137756,-0.984226047992706,-0.0473356246948242,0.0421053580939769,-0.165183261036873
-0.494894057512283,0.162448018789291,0.794483661651611,-0.982877910137176,-0.0529949702322483,0.0443518981337547,-0.170808330178261
-0.49380424618721,0.161916241049767,0.794450283050537,-0.982904314994812,-0.0501190572977066,0.0422269515693187,-0.172058448195457
-0.49380424618721,0.161916241049767,0.794450283050537,-0.982904314994812,-0.0501190572977066,0.0422269515693187,-0.172058448195457
-0.492385178804398,0.161014437675476,0.793938755989075,-0.984044790267944,-0.0411023236811161,0.0365966968238353,-0.169195756316185
-0.490736484527588,0.16028992831707,0.794620513916016,-0.982763946056366,-0.0464509837329387,0.0393091924488544,-0.174563363194466
-0.489991039037704,0.159651428461075,0.794469237327576,-0.982578217983246,-0.0482380390167236,0.0371795557439327,-0.175587832927704
-0.48924919962883,0.159723430871964,0.794510245323181,-0.984109580516815,-0.0356231033802032,0.0366721265017986,-0.170043170452118
-0.48848494887352,0.159067586064339,0.794496953487396,-0.983623027801514,-0.0375941693782806,0.0348775386810302,-0.172789543867111
-0.487321764230728,0.158970147371292,0.793348550796509,-0.984397947788238,-0.0306157376617193,0.0139663964509963,-0.172708615660667
-0.486687421798706,0.158618152141571,0.793249011039734,-0.984362781047821,-0.0287979077547788,0.0125622479245066,-0.173328995704651
-0.485794574022293,0.158299893140793,0.793377757072449,-0.984109222888946,-0.02880928106606,0.0134875765070319,-0.174691736698151
-0.485682219266891,0.158052071928978,0.795084714889526,-0.983797609806061,-0.0304430723190307,0.0345813632011413,-0.173261821269989
-0.484478235244751,0.158301129937172,0.794197559356689,-0.984842419624329,-0.0214017033576965,0.0162071697413921,-0.171362116932869
-0.483581095933914,0.157600447535515,0.793462991714478,-0.984078705310822,-0.0260341446846723,0.0140476757660508,-0.175254732370377
-0.48302698135376,0.157466441392899,0.793326854705811,-0.983970522880554,-0.0247218664735555,0.0134270852431654,-0.176098451018333
-0.482441544532776,0.157377555966377,0.79325807094574,-0.983954727649689,-0.0232275631278753,0.0146699184551835,-0.176290348172188
-0.481945931911469,0.157386556267738,0.793196082115173,-0.983949363231659,-0.0217142067849636,0.0158109720796346,-0.176414504647255
-0.48149648308754,0.157315656542778,0.793141603469849,-0.983843088150024,-0.0217286460101604,0.0165123138576746,-0.176940709352493
-0.480860859155655,0.157332018017769,0.793118178844452,-0.984010994434357,-0.0201493557542562,0.018298914656043,-0.176016673445702
-0.480542719364166,0.157339602708817,0.792989134788513,-0.98399031162262,-0.019937502220273,0.0186440348625183,-0.17611999809742
-0.48052704334259,0.15777488052845,0.79362291097641,-0.984410226345062,-0.0162514075636863,0.0213587488979101,-0.173828259110451
-0.480259299278259,0.157841771841049,0.793491125106812,-0.984329283237457,-0.0161532517522573,0.0223154556006193,-0.174174413084984
-0.480019509792328,0.157918989658356,0.793295919895172,-0.984268426895142,-0.0160727873444557,0.0232843682169914,-0.174399137496948
-0.479306519031525,0.15776863694191,0.792481184005737,-0.983976304531097,-0.0177985467016696,0.0235325153917074,-0.175841197371483
-0.479064881801605,0.157862350344658,0.792315721511841,-0.983935713768005,-0.0185489859431982,0.0257417503744363,-0.175681561231613
-0.479140400886536,0.157782986760139,0.793297350406647,-0.982862830162048,-0.0233324579894542,0.0474766194820404,-0.176585823297501
-0.479223072528839,0.158179491758347,0.793806672096252,-0.983054399490356,-0.0213977843523025,0.0510564520955085,-0.174755603075027
-0.479264467954636,0.158432438969612,0.793487191200256,-0.983083248138428,-0.0205044820904731,0.0514257326722145,-0.174591779708862
-0.479154855012894,0.158579006791115,0.793282628059387,-0.983080983161926,-0.0203283540904521,0.0519670657813549,-0.17446556687355
-0.479046493768692,0.158867105841637,0.793034434318542,-0.983003616333008,-0.0197620876133441,0.0534033328294754,-0.174532040953636
-0.478931486606598,0.15914049744606,0.79287850856781,-0.983008742332458,-0.0192263908684253,0.0555036999285221,-0.173906892538071
-0.47884064912796,0.159329861402512,0.792698502540588,-0.982904493808746,-0.0195985920727252,0.057726364582777,-0.173730775713921
-0.478726089000702,0.159499168395996,0.792507648468018,-0.982816219329834,-0.0199894066900014,0.0601314343512058,-0.173369720578194
-0.478696227073669,0.159429669380188,0.791994333267212,-0.982490956783295,-0.0237453356385231,0.0606236085295677,-0.174563229084015
-0.47863844037056,0.159824922680855,0.79125189781189,-0.98257178068161,-0.0211587250232696,0.0602362863719463,-0.174576297402382
-0.478522837162018,0.160062909126282,0.791064500808716,-0.982396960258484,-0.0212399009615182,0.0623393654823303,-0.174811080098152
-0.478830307722092,0.160361960530281,0.791300773620605,-0.982474207878113,-0.0196770653128623,0.0638732612133026,-0.174005210399628
-0.478515326976776,0.160535827279091,0.790709853172302,-0.982294082641602,-0.0201233103871345,0.0651143416762352,-0.174510017037392
-0.478444099426269,0.160767465829849,0.790618538856506,-0.982250154018402,-0.0196470245718956,0.0671447664499282,-0.174041122198105
-0.478426963090897,0.160949975252151,0.790428280830383,-0.982206881046295,-0.019572565332055,0.0679178535938263,-0.173993840813637
-0.478451132774353,0.161096960306168,0.790187418460846,-0.982326924800873,-0.0186481941491365,0.0687567740678787,-0.173085257411003
-0.478357553482056,0.161308720707893,0.790084600448608,-0.982311308383942,-0.0180326923727989,0.0707325637340545,-0.172441989183426
-0.477724999189377,0.162048861384392,0.788410723209381,-0.983162045478821,-0.0116601539775729,0.0537623539566993,-0.174258321523666
-0.47791650891304,0.162046030163765,0.790143609046936,-0.981366574764252,-0.0183836836367845,0.0758918821811676,-0.175561785697937
-0.477841019630432,0.162173926830292,0.790038704872131,-0.981337249279022,-0.0184003002941608,0.0767863392829895,-0.175335228443146
-0.477750808000565,0.162283182144165,0.789993464946747,-0.981307506561279,-0.0183990132063627,0.0781521275639534,-0.174897685647011
-0.477625757455826,0.162383630871773,0.789959311485291,-0.981307744979858,-0.0184327028691768,0.0792422369122505,-0.174401715397835
-0.477463215589523,0.162534475326538,0.790010154247284,-0.981335997581482,-0.0178911164402961,0.0808525457978248,-0.173557683825493
-0.477343738079071,0.162598639726639,0.790020346641541,-0.981330454349518,-0.0178359374403953,0.0815903767943382,-0.173249334096909
-0.477204203605652,0.162650138139725,0.79008674621582,-0.98131400346756,-0.0176853965967893,0.0827938169240951,-0.172787487506866
-0.477050542831421,0.162663176655769,0.7901611328125,-0.981293499469757,-0.0176625717431306,0.0837112292647361,-0.172463193535805
-0.476811289787292,0.16270312666893,0.790267765522003,-0.981351315975189,-0.0168425943702459,0.084684170782566,-0.17174006998539
-0.47622749209404,0.162513554096222,0.790494322776794,-0.981508016586304,-0.0166740212589502,0.0869564861059188,-0.169714733958244
-0.47622749209404,0.162513554096222,0.790494322776794,-0.981508016586304,-0.0166740212589502,0.0869564861059188,-0.169714733958244
-0.475807338953018,0.162259519100189,0.790742158889771,-0.981573581695557,-0.0162137541919946,0.0874503552913665,-0.169124066829681
-0.475529700517654,0.162202075123787,0.791016101837158,-0.981661796569824,-0.0150867495685815,0.0883638709783554,-0.168240219354629
-0.475146502256393,0.161970347166061,0.791375756263733,-0.981558740139008,-0.0150256734341382,0.0898051038384437,-0.168082416057587
-0.474843561649323,0.162079423666,0.79126513004303,-0.983412504196167,-0.0091760987415909,0.0724879577755928,-0.16601525247097
-0.474529236555099,0.161852672696114,0.791460752487183,-0.983465433120728,-0.0077498839236795,0.0719178691506385,-0.166022941470146
-0.474198371171951,0.161596283316612,0.791686236858368,-0.983446478843689,-0.0066585522145032,0.0723418667912483,-0.165998294949531
-0.473828226327896,0.16121768951416,0.791984498500824,-0.983518362045288,-0.0049365102313458,0.0730079934000969,-0.165337890386581
-0.473266839981079,0.160919591784477,0.792351365089417,-0.983483791351318,-0.0028099038172513,0.0732159242033958,-0.165503680706024
-0.472714006900787,0.160560324788094,0.792794287204742,-0.983347058296204,-0.0021594285499304,0.0750253573060035,-0.16551473736763
-0.472186952829361,0.160254508256912,0.793136954307556,-0.983311772346497,0.0004381416365504,0.0764789432287216,-0.165071830153465
-0.471638590097427,0.159905940294266,0.793514847755432,-0.983373999595642,0.003847075626254,0.0772441700100898,-0.164298236370087
-0.471638590097427,0.159905940294266,0.793514847755432,-0.983373999595642,0.003847075626254,0.0772441700100898,-0.164298236370087
-0.470300197601318,0.159118786454201,0.794319033622742,-0.983201801776886,0.0071480735205113,0.0786683782935142,-0.164544448256493
-0.470300197601318,0.159118786454201,0.794319033622742,-0.983201801776886,0.0071480735205113,0.0786683782935142,-0.164544448256493
-0.468984961509705,0.15835128724575,0.795040607452393,-0.983130991458893,0.0112723484635353,0.0804342851042747,-0.163880571722984
-0.468187063932419,0.157839149236679,0.79543673992157,-0.983188152313232,0.0116031374782323,0.0796288698911666,-0.163908064365387
-0.46737277507782,0.157479733228683,0.795814096927643,-0.98325914144516,0.0141490520909428,0.0803846046328544,-0.162910014390945
-0.466628521680832,0.15708027780056,0.796125054359436,-0.983324706554413,0.0161498058587312,0.0799068659543991,-0.162562265992165
-0.465659856796265,0.156610503792763,0.796598315238953,-0.983237504959106,0.0167080163955688,0.0806676968932151,-0.162658423185349
-0.46492001414299,0.156060129404068,0.796972990036011,-0.983394145965576,0.0184984300285577,0.0813322141766548,-0.161180108785629
-0.463987112045288,0.15564401447773,0.797304630279541,-0.983466684818268,0.0208187792450189,0.080267496407032,-0.160986572504043
-0.46308359503746,0.155145093798637,0.797740936279297,-0.983435451984406,0.0212431475520133,0.0812871754169464,-0.160610541701317
-0.462157636880875,0.154724955558777,0.79807984828949,-0.98356682062149,0.024306021630764,0.0806977078318595,-0.159666880965233
-0.461146205663681,0.15420426428318,0.798526763916016,-0.983683049678802,0.0253812111914157,0.081178143620491,-0.158535987138748
-0.460400134325027,0.153664499521255,0.798814952373505,-0.983576059341431,0.0263158325105905,0.0797349140048027,-0.159775525331497
-0.459181606769562,0.153211072087288,0.799433946609497,-0.983706951141357,0.0287709832191467,0.0815522372722625,-0.157614409923553
-0.458237707614899,0.152598962187767,0.79983377456665,-0.983648538589478,0.0298044104129076,0.080757662653923,-0.158194601535797
-0.457202553749084,0.152224361896515,0.800254464149475,-0.983704268932342,0.0335665643215179,0.0809316635131836,-0.157000541687012
-0.456112146377563,0.151553884148598,0.800836205482483,-0.983749032020569,0.0335487984120845,0.0823545455932617,-0.155981793999672
-0.455086559057236,0.150979399681091,0.801246225833893,-0.983823776245117,0.0357024259865284,0.0812146142125129,-0.155628457665443
-0.453959465026855,0.150417596101761,0.801745176315308,-0.983653903007507,0.0376523733139038,0.0811487585306167,-0.156276717782021
-0.453278034925461,0.149581044912338,0.802096843719482,-0.983905553817749,0.0362958423793315,0.078871414065361,-0.156179204583168
-0.451722621917725,0.149102181196213,0.802777111530304,-0.983843505382538,0.0405587926506996,0.0800254791975021,-0.154929608106613
-0.450591534376144,0.148531585931778,0.803314208984375,-0.983823299407959,0.0423839464783668,0.0806781351566314,-0.154227942228317
-0.450591534376144,0.148531585931778,0.803314208984375,-0.983823299407959,0.0423839464783668,0.0806781351566314,-0.154227942228317
-0.448437422513962,0.147006124258041,0.804324388504028,-0.983951687812805,0.0446358732879161,0.0793005004525184,-0.153486266732216
-0.446995109319687,0.146479696035385,0.804615676403046,-0.983408987522125,0.0462894216179847,0.0802570059895515,-0.155958399176598
-0.446201324462891,0.145645752549171,0.805352449417114,-0.98394113779068,0.0481429658830165,0.0769862309098243,-0.153673321008682
-0.445065200328827,0.144742175936699,0.806010842323303,-0.98393726348877,0.0478580109775066,0.0771410539746284,-0.153708040714264
-0.445065200328827,0.144742175936699,0.806010842323303,-0.98393726348877,0.0478580109775066,0.0771410539746284,-0.153708040714264
-0.442790538072586,0.143256723880768,0.807145953178406,-0.983932077884674,0.0513336174190044,0.0748444721102714,-0.153756201267242
-0.441787600517273,0.142418831586838,0.807660818099976,-0.98408454656601,0.0516286119818687,0.0741549208760261,-0.15301413834095
-0.440764516592026,0.141636312007904,0.808168768882751,-0.983996689319611,0.0531596019864082,0.0727402120828628,-0.153733432292938
-0.439754843711853,0.140775188803673,0.808709859848022,-0.984202206134796,0.0538838393986225,0.0708033889532089,-0.153065979480743
-0.438754290342331,0.139937624335289,0.809314668178558,-0.98414945602417,0.0547812320291996,0.0709452629089355,-0.153021827340126
-0.438754290342331,0.139937624335289,0.809314668178558,-0.98414945602417,0.0547812320291996,0.0709452629089355,-0.153021827340126
-0.43691298365593,0.138165906071663,0.810316979885101,-0.984391748905182,0.0553968511521816,0.065996304154396,-0.153454974293709
-0.435912251472473,0.137256532907486,0.811096787452698,-0.984172403812408,0.055076740682125,0.06677857786417,-0.154635608196258
-0.435205668210983,0.136417180299759,0.811452388763428,-0.984472453594208,0.055530197918415,0.0630314350128173,-0.154134839773178
-0.434366822242737,0.135516092181206,0.812124729156494,-0.984531164169312,0.0561991520226001,0.0620723031461238,-0.153906494379043
-0.433713614940643,0.134543120861053,0.812653660774231,-0.984525203704834,0.0555897057056427,0.0611872300505638,-0.15451879799366
-0.432778179645538,0.133808165788651,0.812985241413116,-0.984269261360168,0.0563355050981044,0.0612212270498275,-0.155859440565109
-0.432407438755035,0.132670074701309,0.813744962215424,-0.984719514846802,0.0555289462208747,0.0569961406290531,-0.15490511059761
-0.431567639112472,0.131588727235794,0.813635349273682,-0.984783291816711,0.0528527908027172,0.0539973527193069,-0.15650087594986
-0.431370377540588,0.130729332566261,0.814862728118896,-0.984930336475372,0.0538610927760601,0.0539466850459575,-0.155245080590248
-0.431066274642944,0.129926264286041,0.815312027931213,-0.984900772571564,0.0549789518117904,0.0516610518097877,-0.155817627906799
-0.431066274642944,0.129926264286041,0.815312027931213,-0.984900772571564,0.0549789518117904,0.0516610518097877,-0.155817627906799
-0.430546045303345,0.127986595034599,0.816297113895416,-0.984967648983002,0.0522215403616428,0.0480535440146923,-0.157487988471985
-0.430445462465286,0.127044305205345,0.816784203052521,-0.985154747962952,0.0531198568642139,0.0463917329907417,-0.156511858105659
-0.430285692214966,0.126207619905472,0.817357361316681,-0.985122382640839,0.0528138689696788,0.0462814420461654,-0.156852066516876
-0.430174648761749,0.125257477164268,0.817900061607361,-0.985092341899872,0.0522060133516788,0.0456199198961257,-0.157437443733215
-0.430267632007599,0.124268509447575,0.818420767784119,-0.985116600990295,0.0515756905078887,0.0451259575784206,-0.157634928822517
-0.43026864528656,0.123728923499584,0.818587064743042,-0.985136568546295,0.0525730326771736,0.0436491183936595,-0.157597243785858
-0.430646419525146,0.122761845588684,0.819213330745697,-0.985232472419739,0.052085306495428,0.0437866672873497,-0.157119020819664
-0.431046783924103,0.12197931855917,0.819561719894409,-0.985117793083191,0.0516512244939804,0.0420157201588153,-0.158461272716522
-0.431503504514694,0.120874367654323,0.819948196411133,-0.985287547111511,0.0494010224938392,0.041363101452589,-0.158294185996056
-0.431920200586319,0.120224229991436,0.820262432098389,-0.9852654337883,0.0501150526106357,0.039916206151247,-0.158578664064407
-0.431920200586319,0.120224229991436,0.820262432098389,-0.9852654337883,0.0501150526106357,0.039916206151247,-0.158578664064407
-0.433109164237976,0.118670403957367,0.82099723815918,-0.985260367393494,0.04805563762784,0.040378239005804,-0.159129247069359
-0.433450192213058,0.118192091584206,0.821108400821686,-0.985522210597992,0.0478761792182922,0.0398690663278102,-0.157683998346329
-0.434428542852402,0.117243088781834,0.821488499641418,-0.985435783863068,0.0451469421386718,0.0398455597460269,-0.159028992056847
-0.435232907533646,0.116701453924179,0.821709036827087,-0.985466361045837,0.0446576587855815,0.0400356203317642,-0.158930823206901
-0.436108976602554,0.115834325551987,0.821987807750702,-0.985404312610626,0.0429794862866401,0.0412561856210231,-0.159464657306671
-0.437145441770554,0.115416683256626,0.822003602981567,-0.985459804534912,0.0442949682474136,0.0397637672722339,-0.159140139818192
-0.438077658414841,0.114902883768082,0.822071313858032,-0.985473394393921,0.0438391976058483,0.0408135950565338,-0.158916592597961
-0.439035505056381,0.114252507686615,0.822256445884705,-0.985638320446014,0.042738914489746,0.0415390506386756,-0.158002704381943
-0.440156698226929,0.113771550357342,0.822309613227844,-0.985679745674133,0.0417996197938919,0.0421670489013195,-0.157829195261002
-0.441308110952377,0.113388352096081,0.822425723075867,-0.985716462135315,0.042262278497219,0.0433705002069473,-0.157149523496628
-0.442485958337784,0.112806119024754,0.822515785694122,-0.985767424106598,0.0395573116838932,0.0437651798129081,-0.157423168420792
-0.443599104881287,0.112333863973617,0.822491884231567,-0.986070215702057,0.0393014699220657,0.0447519347071647,-0.15529990196228
-0.444702446460724,0.11196980625391,0.822602272033691,-0.986076831817627,0.0391167625784873,0.0467791929841041,-0.154706671833992
-0.445884734392166,0.11144382506609,0.822720885276794,-0.986190259456634,0.037099439650774,0.0476551875472068,-0.154211938381195
-0.44713094830513,0.111100062727928,0.822659611701965,-0.986371278762817,0.0371135547757148,0.0479143112897872,-0.152966007590294
-0.44713094830513,0.111100062727928,0.822659611701965,-0.986371278762817,0.0371135547757148,0.0479143112897872,-0.152966007590294
-0.449657291173935,0.110422648489475,0.822663068771362,-0.986524522304535,0.0364028662443161,0.0495124571025371,-0.151632964611053
-0.450518786907196,0.110345967113972,0.822532892227173,-0.986243963241577,0.037022691220045,0.0527017265558242,-0.152232468128204
-0.451967835426331,0.109845735132694,0.822852313518524,-0.98664915561676,0.0342861786484718,0.0516573041677475,-0.150596737861633
-0.453173935413361,0.109428443014622,0.822885274887085,-0.98684549331665,0.0340157002210617,0.0530320182442665,-0.148884028196335
-0.454319596290588,0.109169684350491,0.822977006435394,-0.986834168434143,0.0342257358133792,0.0547246783971786,-0.148296624422073
-0.455384999513626,0.108941912651062,0.823161959648132,-0.986671209335327,0.0325337685644626,0.0561406873166561,-0.149230554699898
-0.456635028123856,0.108816400170326,0.823086261749268,-0.986899077892304,0.0342377163469791,0.0563862547278404,-0.147237092256546
-0.457619398832321,0.108470372855663,0.823295474052429,-0.986806571483612,0.0322687998414039,0.0584648922085762,-0.147489950060844
-0.458825141191482,0.108137980103493,0.823305010795593,-0.987106382846832,0.0315143540501594,0.0581887848675251,-0.145745664834976
-0.460576891899109,0.107526659965515,0.823075175285339,-0.986836791038513,0.0253410711884498,0.0554245002567768,-0.149797171354294
-0.460855334997177,0.107718855142593,0.823606967926025,-0.98713344335556,0.0301681980490684,0.0601168200373649,-0.145063102245331
-0.460855334997177,0.107718855142593,0.823606967926025,-0.98713344335556,0.0301681980490684,0.0601168200373649,-0.145063102245331
-0.462758421897888,0.10718347132206,0.823931336402893,-0.987298965454102,0.0286283418536186,0.0625767931342125,-0.143196657299995
-0.463782846927643,0.106947019696236,0.823971927165985,-0.987436175346374,0.0281689688563346,0.0623097717761993,-0.142456352710724
-0.463782846927643,0.106947019696236,0.823971927165985,-0.987436175346374,0.0281689688563346,0.0623097717761993,-0.142456352710724
-0.465282320976257,0.106379315257072,0.8243408203125,-0.987374126911163,0.0250722765922546,0.0644172206521034,-0.142527908086777
-0.466547250747681,0.10604964196682,0.824282884597778,-0.987361907958984,0.0225982330739498,0.0630629360675811,-0.143626913428306
-0.467330157756805,0.105798870325089,0.824395775794983,-0.987364053726196,0.0215740427374839,0.0627001076936721,-0.1439288854599
-0.467618137598038,0.105696797370911,0.824751138687134,-0.987696409225464,0.0250330995768308,0.0652138441801071,-0.139915123581886
-0.468129992485046,0.105438709259033,0.825011014938354,-0.987655341625214,0.0240123458206653,0.0671866908669471,-0.139449164271355
-0.468627899885178,0.105184122920036,0.8251833319664,-0.987648487091064,0.0231726877391338,0.0675942525267601,-0.139443010091782
-0.470666944980621,0.1053277105093,0.824126064777374,-0.989247918128967,0.0368960760533809,0.059518963098526,-0.128392726182938
-0.471023619174957,0.10520988702774,0.824199676513672,-0.989146947860718,0.0362949073314666,0.0609573274850845,-0.128666743636131
-0.470096439123154,0.104404166340828,0.82550573348999,-0.987778842449188,0.0226738825440406,0.0691389068961143,-0.137837037444115
-0.470439255237579,0.104135498404503,0.825639247894287,-0.98778361082077,0.0225662365555763,0.0691800713539123,-0.13779778778553
-0.470717251300812,0.103807374835014,0.825730681419373,-0.987828075885773,0.0220970120280981,0.0692013204097747,-0.137544676661491
-0.471054583787918,0.103598512709141,0.825813055038452,-0.987827241420746,0.0228828564286232,0.0700123906135559,-0.137010842561722
-0.471193909645081,0.103327736258507,0.82590126991272,-0.987819194793701,0.0225245654582977,0.0705217570066452,-0.136867418885231
-0.471302986145019,0.103093132376671,0.825934827327728,-0.987879514694214,0.0228919703513383,0.0694094374775886,-0.136938586831093
-0.47141969203949,0.102735951542854,0.82596743106842,-0.988012433052063,0.0226797424256801,0.0694295763969421,-0.136001303792
-0.471442103385925,0.102342814207077,0.82589864730835,-0.988084495067596,0.0219010170549154,0.068826787173748,-0.135910421609879
-0.471352368593216,0.101951345801353,0.825928092002869,-0.988181889057159,0.0214241445064544,0.0687833428382873,-0.13530121743679
-0.471302658319473,0.101629137992859,0.825874149799347,-0.988191604614258,0.0207128059118986,0.0683048292994499,-0.135582968592644
-0.471017092466354,0.101364500820637,0.825839221477509,-0.987886726856232,0.0205953568220138,0.0688734501600265,-0.137521252036095
-0.470790773630142,0.100927323102951,0.825808167457581,-0.987978041172028,0.0196675267070531,0.068685233592987,-0.137093558907509
-0.47080659866333,0.100456558167934,0.82555365562439,-0.988022208213806,0.0183727722615003,0.0660412535071373,-0.138250634074211
-0.47069463133812,0.09998819231987,0.825535416603088,-0.988273441791534,0.0173881836235523,0.0640458017587661,-0.137519001960754
-0.470359057188034,0.099459707736969,0.825537502765656,-0.988207280635834,0.0155082745477557,0.0641668289899826,-0.138159826397896
-0.470359057188034,0.099459707736969,0.825537502765656,-0.988207280635834,0.0155082745477557,0.0641668289899826,-0.138159826397896
-0.469898015260696,0.0985860750079155,0.82533073425293,-0.988308787345886,0.0151228252798318,0.0636378228664398,-0.137721210718155
-0.469457656145096,0.0981625989079475,0.825337409973145,-0.988326847553253,0.0162138417363166,0.0644483044743537,-0.137089252471924
-0.469415307044983,0.0976083278656005,0.825044989585876,-0.988270998001099,0.0153676373884081,0.0631597712635994,-0.138184651732445
-0.469102442264557,0.0970735549926757,0.824857711791992,-0.988197505474091,0.0151788806542754,0.0627961084246635,-0.138894483447075
-0.468755781650543,0.0965666398406028,0.824577689170837,-0.988232374191284,0.0159061513841152,0.0605609863996505,-0.139557003974914
-0.468382000923157,0.0960582047700882,0.824381232261658,-0.988268077373505,0.0166619010269641,0.0604943856596946,-0.139243856072426
-0.468009114265442,0.0955582857131958,0.824195861816406,-0.988188982009888,0.0168149918317794,0.0606968589127063,-0.139697805047035
-0.467347025871277,0.0950470566749572,0.824042320251465,-0.988075613975525,0.0194531828165054,0.0630989745259285,-0.139091402292252
-0.467347025871277,0.0950470566749572,0.824042320251465,-0.988075613975525,0.0194531828165054,0.0630989745259285,-0.139091402292252
-0.466682314872742,0.0938486605882644,0.82359904050827,-0.988101601600647,0.0192917995154857,0.0610912032425403,-0.139823645353317
-0.466249167919159,0.0933206677436828,0.823290109634399,-0.987995028495789,0.0199867580085992,0.0600968673825264,-0.140906274318695
-0.465769469738007,0.0927365720272064,0.823077201843262,-0.987980842590332,0.0203274954110384,0.0604473613202571,-0.140806257724762
-0.465263962745667,0.0921066254377365,0.822926700115204,-0.987853109836578,0.020035546272993,0.0608919151127338,-0.141551092267036
-0.464725762605667,0.0914543718099594,0.822779297828674,-0.987577438354492,0.0187393706291914,0.0612081661820411,-0.143503084778786
-0.464217245578766,0.0909339562058448,0.822456121444702,-0.987523198127747,0.019575560465455,0.0597816593945026,-0.144363313913345
-0.463631004095078,0.0903996676206588,0.822126865386963,-0.98748254776001,0.0201313123106956,0.0593560859560966,-0.144741281867027
-0.463175624608993,0.0897769778966903,0.821851849555969,-0.987569808959961,0.0204158257693052,0.0590106211602687,-0.144245237112045
-0.462670803070068,0.0892193168401718,0.821572184562683,-0.987533152103424,0.0211370605975389,0.058700393885374,-0.144518241286278
-0.462231755256653,0.0886978358030319,0.821226477622986,-0.987374246120453,0.020973615348339,0.0580358766019344,-0.145890787243843
-0.461662322282791,0.0882422253489494,0.820904135704041,-0.987296342849731,0.0220296289771795,0.0571494698524475,-0.146610379219055
-0.461123764514923,0.0878193452954292,0.820617079734802,-0.987279534339905,0.0228324998170137,0.0563092716038227,-0.146925017237663
-0.460387349128723,0.0869476944208145,0.819884657859802,-0.987500607967377,0.019313583150506,0.0552624203264713,-0.14634096622467
-0.460087180137634,0.0867819041013717,0.819923400878906,-0.987220704555512,0.0234142336994409,0.0551579631865024,-0.147663727402687
-0.459546774625778,0.0863247364759445,0.819536685943604,-0.98718798160553,0.0242845248430967,0.0543116889894008,-0.148054465651512
-0.458831340074539,0.0858137607574462,0.819386899471283,-0.986897945404053,0.022452725097537,0.0551479943096637,-0.149956360459328
-0.458831340074539,0.0858137607574462,0.819386899471283,-0.986897945404053,0.022452725097537,0.0551479943096637,-0.149956360459328
-0.457843244075775,0.0849969610571861,0.818766474723816,-0.986643016338348,0.0224437173455953,0.0545401275157928,-0.151845291256905
-0.457301914691925,0.0846074670553207,0.818326532840729,-0.986642718315124,0.0226252321153879,0.0530353114008903,-0.152352377772331
-0.456748306751251,0.0842055007815361,0.817990243434906,-0.986652791500092,0.0224920213222503,0.0530981793999671,-0.152285948395729
-0.45631006360054,0.0838514268398284,0.817611455917358,-0.986576497554779,0.0224504731595516,0.0526239536702632,-0.152949437499046
-0.455915063619614,0.0834411680698394,0.817157745361328,-0.986568331718445,0.0229598004370927,0.0506887957453727,-0.153578594326973
-0.455479860305786,0.083040215075016,0.816780686378479,-0.986483633518219,0.0224865041673183,0.050260279327631,-0.154332056641579
-0.455479860305786,0.083040215075016,0.816780686378479,-0.986483633518219,0.0224865041673183,0.050260279327631,-0.154332056641579
-0.454559236764908,0.0823837146162986,0.815964818000793,-0.986464619636536,0.0228276904672384,0.0492062047123909,-0.154741331934929
-0.45415449142456,0.0820760354399681,0.815573453903198,-0.986423373222351,0.0228727497160434,0.0490301437675952,-0.1550532579422
-0.45378178358078,0.0817984491586685,0.815188944339752,-0.986288070678711,0.0230417065322399,0.0492068976163864,-0.155831351876259
-0.453468114137649,0.0815054178237915,0.814727306365967,-0.986011922359467,0.0230975169688463,0.0491715818643569,-0.157572761178017
-0.453133851289749,0.0812581479549408,0.814314484596252,-0.985833525657654,0.0234269946813583,0.0492628887295722,-0.158609047532082
-0.452771872282028,0.0809688493609428,0.813815534114838,-0.985742449760437,0.0237246677279472,0.0484869815409183,-0.159367620944977
-0.452321916818619,0.0807065069675445,0.813441455364227,-0.985640168190002,0.0238926205784082,0.0496223606169223,-0.159623742103577
-0.452001810073852,0.0805259197950363,0.813006520271301,-0.98546689748764,0.0243304893374443,0.0502782464027404,-0.160421162843704
-0.451706737279892,0.0803327187895774,0.812627613544464,-0.985334813594818,0.0248414110392332,0.0509519875049591,-0.160941705107689
-0.451415717601776,0.0801438689231872,0.812226176261902,-0.985246419906616,0.0255435183644294,0.0513894744217395,-0.161233067512512
-0.451304852962494,0.0801445171236991,0.811650395393372,-0.985210061073303,0.0289168786257505,0.0510024353861808,-0.161007806658745
-0.450975060462952,0.0799914523959159,0.81126195192337,-0.98508894443512,0.0290865488350391,0.0523533411324024,-0.161284729838371
-0.450613707304001,0.0798439905047416,0.810831189155579,-0.984997451305389,0.0296093560755252,0.0527328364551067,-0.161625862121582
-0.450283825397491,0.0797019749879837,0.810428619384766,-0.984919130802154,0.0300165731459856,0.0529282353818416,-0.161962702870369
-0.45009982585907,0.0796660706400871,0.810035049915314,-0.984695076942444,0.0300236493349075,0.0530465617775917,-0.163279727101326
-0.44960281252861,0.0795634388923645,0.809744775295258,-0.984576463699341,0.0312876775860786,0.0542328357696533,-0.163368076086044
-0.44960281252861,0.0795634388923645,0.809744775295258,-0.984576463699341,0.0312876775860786,0.0542328357696533,-0.163368076086044
-0.448803871870041,0.0795102044939994,0.809036910533905,-0.984493017196655,0.0326735600829124,0.0539633929729461,-0.16368855535984
-0.448384940624237,0.0794290602207183,0.8087078332901,-0.98444414138794,0.0328568741679191,0.0542782843112945,-0.163841277360916
-0.448033183813095,0.079415425658226,0.808541595935822,-0.984233319759369,0.0330582000315189,0.056724552065134,-0.164238601922989
-0.447522431612015,0.0795700997114181,0.808228254318237,-0.984263360500336,0.0355109423398971,0.0551450438797473,-0.164084523916245
-0.447098910808563,0.0794893577694892,0.807961821556091,-0.984184980392456,0.0361506976187229,0.0547625795006752,-0.164541870355606
-0.446693181991577,0.0795550942420959,0.807725787162781,-0.984175801277161,0.037177637219429,0.0537606365978717,-0.164698094129562
-0.446191668510437,0.0796460211277008,0.80755341053009,-0.984139740467072,0.0378959290683269,0.0538836978375911,-0.164709523320198
-0.445536822080612,0.0796549841761589,0.807433664798737,-0.984010875225067,0.0372108854353427,0.0539255775511264,-0.165620267391205
-0.444898217916489,0.0796635001897811,0.807340383529663,-0.983882665634155,0.0366547852754592,0.0532162338495254,-0.166730955243111
-0.444322347640991,0.0797987803816795,0.807257056236267,-0.98391854763031,0.0376559384167194,0.0532479807734489,-0.166286319494247
-0.44363608956337,0.0800841599702835,0.807217299938202,-0.983779430389404,0.038886435329914,0.0532514564692974,-0.16682368516922
-0.443086206912994,0.0802298039197921,0.807062983512878,-0.983826756477356,0.0396481342613697,0.0510390847921371,-0.167057067155838
-0.442489087581635,0.0803195312619209,0.807144224643707,-0.983734846115112,0.0390197411179542,0.0508480258285999,-0.16780224442482
-0.441782474517822,0.0804021656513214,0.807468414306641,-0.983471751213074,0.0377632416784763,0.0530890598893165,-0.168934017419815
-0.441138803958893,0.0807098075747489,0.807328462600708,-0.983792662620544,0.0393249616026878,0.0488563627004623,-0.167984321713447
-0.440595835447311,0.0808844864368438,0.80742883682251,-0.983903467655182,0.0400179661810398,0.0475894026458263,-0.167533606290817
-0.441024541854858,0.081487126648426,0.806528985500336,-0.985051929950714,0.0505167804658412,0.0390725657343864,-0.159980818629265
-0.43926802277565,0.081320509314537,0.807804346084595,-0.983729422092438,0.038429744541645,0.0449321940541267,-0.169649422168732
-0.438644468784332,0.0816994458436966,0.807911992073059,-0.98379522562027,0.0404079519212245,0.0422572456300258,-0.169494912028313
-0.438023120164871,0.0819553062319755,0.808209657669067,-0.983793914318085,0.0400893166661262,0.0415471270680427,-0.169753789901733
-0.437426149845123,0.082250490784645,0.808424711227417,-0.98383241891861,0.0392044447362422,0.0393836088478565,-0.170251920819283
-0.436922699213028,0.082606554031372,0.808639764785767,-0.984090209007263,0.0398995094001293,0.0377264805138111,-0.168970867991447
-0.436474800109863,0.0830202102661132,0.808769762516022,-0.984010815620422,0.0402122177183628,0.0354937650263309,-0.169841140508652
-0.435871779918671,0.083325870335102,0.809197068214417,-0.983725011348724,0.0391375310719013,0.0352363213896751,-0.171789333224296
-0.435581356287003,0.0837546736001968,0.809338271617889,-0.983704209327698,0.0398120991885662,0.0332668796181678,-0.172146871685982
-0.435521721839905,0.084087036550045,0.81061464548111,-0.983071625232696,0.0369844883680343,0.0510563738644123,-0.172033816576004
-0.434837937355042,0.0846979469060897,0.809840619564056,-0.984140574932098,0.0389879569411277,0.0294625367969274,-0.170526459813118
-0.434681534767151,0.0853364914655685,0.80990743637085,-0.984121918678284,0.0403537414968013,0.0273604057729244,-0.17066653072834
-0.434305280447006,0.0857368111610412,0.810203552246094,-0.984228670597076,0.0387444607913494,0.025763651356101,-0.170673027634621
-0.43417963385582,0.0863446593284607,0.810327708721161,-0.984356999397278,0.0386247113347053,0.0246067233383655,-0.170129761099815
-0.433861672878265,0.0870241373777389,0.810606598854065,-0.98409366607666,0.0379213094711303,0.0244873743504285,-0.171820566058159
-0.433861672878265,0.0870241373777389,0.810606598854065,-0.98409366607666,0.0379213094711303,0.0244873743504285,-0.171820566058159
-0.433758109807968,0.0883817225694656,0.810904264450073,-0.984224379062653,0.0363710671663284,0.0219883099198341,-0.17174443602562
-0.434307754039764,0.0890852808952331,0.810593605041504,-0.984878957271576,0.039799477905035,0.018017990514636,-0.167645171284676
-0.43392688035965,0.0898931473493576,0.81096613407135,-0.984122633934021,0.0357871241867542,0.0195943005383014,-0.172736242413521
-0.434049367904663,0.0906705409288406,0.811058104038239,-0.984320521354675,0.0350112542510032,0.0184820797294378,-0.171888172626495
-0.434917718172073,0.0915136858820915,0.810843586921692,-0.985056400299072,0.0390234254300594,0.0158280115574598,-0.167004629969597
-0.435093909502029,0.0924858450889587,0.810872912406921,-0.985021471977234,0.0390056334435939,0.0151020940393209,-0.167281970381737
-0.435409724712372,0.0933061614632606,0.81087327003479,-0.985233187675476,0.0383266843855381,0.0136964293196797,-0.166310250759125
-0.435409724712372,0.0933061614632606,0.81087327003479,-0.985233187675476,0.0383266843855381,0.0136964293196797,-0.166310250759125
-0.436361908912659,0.095203012228012,0.810515642166138,-0.985435366630554,0.0372135899960994,0.0114908274263143,-0.165530413389206
-0.436816871166229,0.0961885079741478,0.810525417327881,-0.985518991947174,0.0360943004488945,0.0117113552987575,-0.165264546871185
-0.436816871166229,0.0961885079741478,0.810525417327881,-0.985518991947174,0.0360943004488945,0.0117113552987575,-0.165264546871185
-0.438066840171814,0.0981403514742851,0.81032133102417,-0.98566085100174,0.0342827141284942,0.0097206132486462,-0.164933606982231
-0.43864119052887,0.0990260988473892,0.810264706611633,-0.985835015773773,0.0317175798118114,0.009939725510776,-0.164390459656715
-0.439425736665726,0.100056178867817,0.810160160064697,-0.985942482948303,0.0296163484454154,0.0094714872539043,-0.164166048169136
-0.440318465232849,0.101078756153583,0.809900164604187,-0.986174583435059,0.0295094344764947,0.0069937310181558,-0.162910684943199
-0.440318465232849,0.101078756153583,0.809900164604187,-0.986174583435059,0.0295094344764947,0.0069937310181558,-0.162910684943199
-0.442646056413651,0.102966792881489,0.810793042182922,-0.986054122447968,0.022817088291049,0.0265321750193834,-0.162704437971115
-0.443402469158173,0.103968009352684,0.810833215713501,-0.986054718494415,0.0210774224251508,0.0285297166556119,-0.162597343325615
-0.444505631923675,0.105050548911095,0.81056547164917,-0.986225485801697,0.0194866638630628,0.0284424759447574,-0.161773294210434
-0.445533961057663,0.10611517727375,0.810328006744385,-0.986343145370483,0.0192955769598484,0.0271323025226593,-0.161302581429482
-0.446754515171051,0.107157588005066,0.810103058815002,-0.986448168754578,0.0171989519149065,0.0271681044250726,-0.160891994833946
-0.447948008775711,0.10829421132803,0.80989944934845,-0.986428737640381,0.0170835610479116,0.0261728893965482,-0.161188155412674
-0.449086874723434,0.109250642359257,0.809816420078278,-0.986567258834839,0.0142752220854163,0.0277495421469211,-0.160347670316696
-0.45046266913414,0.110358253121376,0.809468507766724,-0.986751079559326,0.0147148175165057,0.0272306464612483,-0.159261777997017
-0.451773822307587,0.111340463161469,0.80937922000885,-0.986630737781525,0.0116790821775794,0.029712913557887,-0.159813806414604
-0.453173369169235,0.11234600841999,0.809127926826477,-0.986852824687958,0.0115938587114214,0.0306910909712314,-0.158256366848946
-0.454542607069016,0.113385230302811,0.808898448944092,-0.986726939678192,0.0089394329115748,0.0313480533659458,-0.159082129597664
-0.455999374389648,0.114358834922314,0.808733224868774,-0.986885190010071,0.0072264466434717,0.0336887538433074,-0.157704070210457
-0.457440197467804,0.115435257554054,0.808388710021973,-0.986893653869629,0.0068847760558128,0.0328122377395629,-0.15785126388073
-0.45886155962944,0.116412661969662,0.808245480060577,-0.987030386924744,0.0047522448003292,0.035547487437725,-0.156476765871048
-0.460408896207809,0.117431059479713,0.808011054992676,-0.986943960189819,0.0037827999331057,0.0355987884104251,-0.157035514712334
-0.462035536766052,0.118407383561134,0.807762026786804,-0.987037599086762,0.0023967535234987,0.0366574674844741,-0.156229138374329
-0.461700946092606,0.118924126029015,0.808861613273621,-0.984700500965118,-0.0157201737165451,0.0476306974887847,-0.166881129145622
-0.46514630317688,0.12025673687458,0.80721378326416,-0.987216889858246,-0.0002469170140102,0.0388237684965133,-0.154581055045128
-0.465102761983871,0.120840691030025,0.808252692222595,-0.985039591789246,-0.0172996595501899,0.0504941791296005,-0.16385293006897
-0.465102761983871,0.120840691030025,0.808252692222595,-0.985039591789246,-0.0172996595501899,0.0504941791296005,-0.16385293006897
-0.468055903911591,0.122617669403553,0.807839393615723,-0.98492431640625,-0.0211521685123443,0.0534223616123199,-0.16316419839859
-0.471306890249252,0.124057970941067,0.806387603282928,-0.987158954143524,-0.006451541557908,0.0452510714530944,-0.153061911463737
-0.471108466386795,0.12451758235693,0.807402729988098,-0.984877288341522,-0.0238851495087146,0.0551455579698085,-0.16249717772007
-0.474484294652939,0.125998109579086,0.805788159370422,-0.987366020679474,-0.0077278479002416,0.0449177958071231,-0.151760160923004
-0.475813508033752,0.126786857843399,0.805897295475006,-0.98708975315094,-0.0128988688811659,0.0485378429293632,-0.152091592550278
-0.477319210767746,0.127395376563072,0.804551720619202,-0.987050890922546,-0.0147460224106907,0.0429200381040573,-0.153853818774223
-0.478577464818954,0.128193706274033,0.804589927196503,-0.987057268619537,-0.0175845772027969,0.0456994324922561,-0.152710005640983
-0.480000197887421,0.129048019647598,0.804342985153198,-0.986954152584076,-0.0186171028763055,0.0456285402178764,-0.153274491429329
-0.481338292360306,0.129905357956886,0.804335236549377,-0.986912190914154,-0.0197983533143997,0.0484351031482219,-0.152532935142517
-0.483254253864288,0.130429521203041,0.803645193576813,-0.986592233181,-0.023359527811408,0.0441868007183074,-0.15536330640316
-0.484179556369781,0.131429016590118,0.804023683071136,-0.986562669277191,-0.0249223280698061,0.049544658511877,-0.153681471943855
-0.485395133495331,0.132296457886696,0.803882598876953,-0.986966907978058,-0.0226041730493307,0.049344141036272,-0.151494562625885
-0.486741721630096,0.133048802614212,0.803666114807129,-0.986631631851196,-0.0264522302895784,0.0492061264812946,-0.153091475367546
-0.488187491893768,0.133882895112038,0.803408265113831,-0.986813187599182,-0.0262911301106214,0.048511579632759,-0.152168452739715
-0.489402621984482,0.134483069181442,0.803332686424255,-0.986797273159027,-0.0278012361377477,0.0478827580809593,-0.152203157544136
-0.488965570926666,0.134893998503685,0.803829848766327,-0.985107898712158,-0.042682621628046,0.0563430041074752,-0.156736433506012
-0.491941004991531,0.136024713516235,0.803083300590515,-0.986774802207947,-0.0294563230127096,0.0474477559328079,-0.152173370122909
-0.49303925037384,0.136663928627968,0.80303168296814,-0.986728608608246,-0.0318085402250289,0.0493020601570606,-0.151407331228256
-0.492471754550934,0.137095853686333,0.804137587547302,-0.983863353729248,-0.0491967014968395,0.0613516084849834,-0.160714104771614
-0.495269536972046,0.138124138116836,0.80268383026123,-0.986708462238312,-0.0342529974877834,0.0513351447880268,-0.150326758623123
-0.494718283414841,0.138400599360466,0.803763031959534,-0.983972787857056,-0.049819391220808,0.0582904443144798,-0.160990849137306
-0.495695501565933,0.138984009623527,0.803602457046509,-0.983853399753571,-0.0509275272488594,0.0571982525289058,-0.161762192845344
-0.498400926589966,0.139984264969826,0.802238881587982,-0.986697256565094,-0.0384509228169918,0.0510345213115215,-0.149485349655151
-0.497903853654861,0.140273824334145,0.803223967552185,-0.983932971954346,-0.0546854995191097,0.0573994368314743,-0.159970358014107
-0.498729676008224,0.140866205096245,0.803146600723267,-0.983852982521057,-0.0538583733141422,0.0571413151919841,-0.160833701491356
-0.498904436826706,0.141359239816666,0.804035902023315,-0.981663644313812,-0.0628398954868316,0.061741329729557,-0.169043481349945
-0.500891029834747,0.14203605055809,0.8025803565979,-0.98424643278122,-0.0534261614084243,0.0557807087898254,-0.159037306904793
-0.502012014389038,0.142527043819427,0.802148759365082,-0.984277486801148,-0.0542153380811214,0.053678024560213,-0.159302607178688
-0.502906024456024,0.14312894642353,0.801811218261719,-0.984581410884857,-0.0523114427924156,0.0535194613039493,-0.158110052347183
-0.503968834877014,0.143748298287392,0.801419019699097,-0.984738111495972,-0.0519187003374099,0.0539270043373107,-0.157121524214745
-0.504906058311462,0.144869014620781,0.799732267856598,-0.985654771327972,-0.0408089384436607,0.0463845916092395,-0.157059505581856
-0.505802094936371,0.145019337534904,0.799778163433075,-0.985579609870911,-0.0436551384627819,0.0474924370646476,-0.15643373131752
-0.50659966468811,0.145573183894157,0.799507617950439,-0.985909342765808,-0.0422251187264919,0.0471694022417068,-0.154837876558304
-0.507350325584412,0.14594803750515,0.799339652061462,-0.985779702663422,-0.0432707592844963,0.0474489368498325,-0.1552894115448
-0.508159577846527,0.146358251571655,0.799310088157654,-0.985451519489288,-0.0429835245013237,0.051265325397253,-0.156235620379448
-0.508744895458221,0.146706521511078,0.799184203147888,-0.985370993614197,-0.0436642207205295,0.0524717308580875,-0.15615402162075
-0.509411215782166,0.146926149725914,0.799015283584595,-0.985130369663238,-0.0448099002242088,0.0533589534461498,-0.157045111060142
-0.51019287109375,0.147203639149666,0.798840403556824,-0.985189616680145,-0.0447982959449291,0.0541712157428264,-0.156396880745888
-0.510788083076477,0.147252932190895,0.79892885684967,-0.985172033309936,-0.0464553944766521,0.0554851442575454,-0.155561789870262
-0.510788083076477,0.147252932190895,0.79892885684967,-0.985172033309936,-0.0464553944766521,0.0554851442575454,-0.155561789870262
-0.511902451515198,0.14777472615242,0.797620117664337,-0.986756324768066,-0.0467889830470085,0.0317868068814277,-0.152027979493141
-0.512329161167145,0.148071348667145,0.797870993614197,-0.986213207244873,-0.0482897236943244,0.0419224314391613,-0.152623817324638
-0.512862682342529,0.148133561015129,0.797807812690735,-0.986073970794678,-0.0494843833148479,0.0411571823060512,-0.153347313404083
-0.513295531272888,0.14835375547409,0.797799825668335,-0.985940992832184,-0.0497743375599384,0.0410788878798484,-0.154127731919289
-0.513773083686829,0.148500695824623,0.797557055950165,-0.986411333084106,-0.0479141138494014,0.0318456664681434,-0.153893485665321
-0.514264941215515,0.148660287261009,0.797565400600433,-0.986307322978973,-0.0477773547172546,0.0311911180615425,-0.154732674360275
-0.514264941215515,0.148660287261009,0.797565400600433,-0.986307322978973,-0.0477773547172546,0.0311911180615425,-0.154732674360275
-0.515373349189758,0.148393213748932,0.797765374183655,-0.987079381942749,-0.053388275206089,0.023821135982871,-0.149186924099922
-0.515592992305756,0.14838895201683,0.797762870788574,-0.98707765340805,-0.0538532510399818,0.0240060035139322,-0.14900030195713
-0.50850921869278,0.150961339473724,0.809574484825134,-0.957060635089874,-0.127303808927536,0.0692349374294281,-0.251068770885467
-0.504941642284393,0.153482615947723,0.812747061252594,-0.940018534660339,-0.156631767749786,0.0878706499934196,-0.290018439292908
-0.502959012985229,0.155559509992599,0.814550340175629,-0.927630543708801,-0.173331916332245,0.099035732448101,-0.315672993659973
-0.513582050800323,0.148583307862282,0.798389077186584,-0.983417928218842,-0.0740408450365066,0.0337870568037033,-0.162066459655762
-0.513306975364685,0.14920836687088,0.798533201217651,-0.981232285499573,-0.0711383372545242,0.0532437451183795,-0.171135500073433
-0.513390898704529,0.149288162589073,0.798525452613831,-0.981162250041962,-0.0708188191056251,0.0534888990223407,-0.171593561768532
-0.513452649116516,0.149373456835747,0.79848313331604,-0.981144487857819,-0.070529468357563,0.0533598437905311,-0.171854272484779
-0.513431489467621,0.149457469582558,0.798495769500732,-0.981031537055969,-0.0708049684762954,0.0535800829529762,-0.172315791249275
-0.513759434223175,0.149697929620743,0.79810905456543,-0.981882810592651,-0.0664808675646781,0.052210509777069,-0.169590100646019
-0.514777898788452,0.148690462112427,0.796666860580444,-0.985862910747528,-0.0580663383007049,0.0462464317679405,-0.150213107466698
-0.508239448070526,0.151780053973198,0.808496952056885,-0.955346345901489,-0.125018388032913,0.088232085108757,-0.252782344818115
-0.515615522861481,0.150291264057159,0.797087430953979,-0.984798491001129,-0.0502611733973026,0.0442551933228969,-0.160271286964417
-0.508581399917603,0.152649432420731,0.808468997478485,-0.954818964004517,-0.121717177331448,0.0867684632539749,-0.256859630346298
-0.504814386367798,0.155053004622459,0.811256170272827,-0.939066350460052,-0.149129748344421,0.104561030864716,-0.291516482830048
-0.502433657646179,0.15709400177002,0.812819242477417,-0.927240073680878,-0.167417556047439,0.112317435443401,-0.315566927194595
-0.500860571861267,0.158786699175835,0.813908100128174,-0.918018221855164,-0.178984373807907,0.119412690401077,-0.333088666200638
-0.514975488185883,0.151383951306343,0.796613752841949,-0.985177874565124,-0.0486018322408199,0.0414556376636028,-0.159197375178337
-0.514679908752441,0.151713684201241,0.79659628868103,-0.985262095928192,-0.0477355755865573,0.0422440730035305,-0.158730506896973
-0.514688313007355,0.151480630040169,0.796468794345856,-0.986837148666382,-0.0498533807694911,0.0249979700893163,-0.15179668366909
-0.507699549198151,0.154058337211609,0.808610796928406,-0.957238733768463,-0.120858862996101,0.0699409618973732,-0.25336766242981
-0.513887286186218,0.151918217539787,0.796434640884399,-0.986603498458862,-0.0518349483609199,0.0257547255605459,-0.152523338794708
-0.513887286186218,0.151918217539787,0.796434640884399,-0.986603498458862,-0.0518349483609199,0.0257547255605459,-0.152523338794708
-0.511377513408661,0.152430474758148,0.797117114067078,-0.984454572200775,-0.0644109919667244,0.0326759628951549,-0.160102933645248
-0.512720346450806,0.152877643704414,0.796176016330719,-0.986903429031372,-0.0504391230642795,0.0243232082575559,-0.151280507445335
-0.511911690235138,0.153767243027687,0.796221852302551,-0.985354840755463,-0.0466152839362621,0.0420154333114624,-0.158548563718796
-0.511403560638428,0.154181554913521,0.796213030815125,-0.985302865505218,-0.0460120923817157,0.0421965196728706,-0.158998638391495
-0.511403560638428,0.154181554913521,0.796213030815125,-0.985302865505218,-0.0460120923817157,0.0421965196728706,-0.158998638391495
-0.509313642978668,0.15340955555439,0.795973062515259,-0.986047327518463,-0.0539290830492973,0.0460681319236755,-0.150599330663681
-0.509117126464844,0.153150528669357,0.795779585838318,-0.987898707389832,-0.0559727773070335,0.0273604076355695,-0.142037093639374
-0.508506536483765,0.153552815318108,0.795894801616669,-0.988067269325256,-0.0546671599149704,0.0273031648248434,-0.141382813453674
