x,y,z,q0,q1,q2,q3
0.580442070960999,-0.263348311185837,0.794138848781586,-0.386929541826248,-0.554380416870117,0.591365814208984,-0.439584583044052
0.580754220485687,-0.263373881578445,0.794219672679901,-0.389615148305893,-0.557370364665985,0.58855128288269,-0.437202125787735
0.581144154071808,-0.263387441635132,0.79414314031601,-0.390216708183289,-0.560104489326477,0.587427139282227,-0.434676319360733
0.580974459648132,-0.263543754816055,0.794215381145477,-0.388021886348724,-0.557770371437073,0.588503062725067,-0.438172787427902
0.581132531166077,-0.263640820980072,0.794241964817047,-0.387612551450729,-0.557987093925476,0.588390946388245,-0.43840953707695
0.581270039081573,-0.263681888580322,0.794220387935638,-0.386984139680862,-0.558009803295135,0.588584363460541,-0.438676416873932
0.581640481948853,-0.263688892126083,0.794270157814026,-0.386304825544357,-0.558387041091919,0.588485598564148,-0.438927203416824
0.581832230091095,-0.263718664646149,0.794217467308044,-0.385543167591095,-0.558644413948059,0.588518679141998,-0.439225316047668
0.582030832767487,-0.26373878121376,0.794180572032928,-0.385024875402451,-0.558846592903137,0.588345766067505,-0.43965420126915
0.582093060016632,-0.263836979866028,0.794085621833801,-0.384661167860031,-0.558692932128906,0.58841609954834,-0.4400734603405
0.582473278045654,-0.263751566410065,0.794138491153717,-0.38633331656456,-0.56112813949585,0.586565136909485,-0.437976390123367
0.582602262496948,-0.263765841722488,0.793956279754639,-0.385116159915924,-0.561757028102875,0.586308658123016,-0.438585102558136
0.582801759243011,-0.263777703046799,0.793824672698975,-0.383916676044464,-0.56072211265564,0.585900604724884,-0.441496461629867
0.58337390422821,-0.263582646846771,0.793802440166473,-0.382948577404022,-0.562376976013184,0.584732711315155,-0.441780924797058
0.583721578121185,-0.26346892118454,0.793726623058319,-0.381701618432999,-0.563077926635742,0.584496140480042,-0.442279577255249
0.58432012796402,-0.263236254453659,0.793726623058319,-0.380522698163986,-0.563511312007904,0.584179162979126,-0.443161725997925
0.584440290927887,-0.263180911540985,0.79349559545517,-0.377302974462509,-0.563990831375122,0.584988594055176,-0.444235444068909
0.584942579269409,-0.263018429279327,0.79347026348114,-0.375758588314056,-0.564201474189758,0.585174143314362,-0.445032209157944
0.585796475410461,-0.262574940919876,0.793381929397583,-0.374121606349945,-0.561974585056305,0.586957275867462,-0.446876615285873
0.586463689804077,-0.262212693691254,0.793631672859192,-0.375790655612946,-0.563801407814026,0.583555936813354,-0.447629421949387
0.586389064788818,-0.262577384710312,0.793360590934753,-0.372251629829407,-0.569753587245941,0.580636084079742,-0.446845829486847
0.587261974811554,-0.261901944875717,0.793342709541321,-0.372974336147308,-0.564823806285858,0.584058701992035,-0.448039770126343
0.587938249111176,-0.26156935095787,0.793346226215363,-0.375697016716003,-0.568129062652588,0.581139087677002,-0.445374578237534
0.588776111602783,-0.261107832193375,0.793338894844055,-0.374054312705994,-0.5663121342659,0.581010580062866,-0.449222087860107
0.58937656879425,-0.260865926742554,0.793347299098969,-0.371290653944016,-0.566735446453094,0.582046389579773,-0.449640303850174
0.589858174324036,-0.260536849498749,0.793058514595032,-0.37165555357933,-0.564986050128937,0.58270126581192,-0.450690895318985
0.589087903499603,-0.259313225746155,0.792000949382782,-0.371990561485291,-0.547512531280518,0.594710290431976,-0.45625963807106
0.590026259422302,-0.258917510509491,0.791934490203857,-0.374952167272568,-0.549962878227234,0.591132044792175,-0.455537766218185
0.592042028903961,-0.259351372718811,0.792643427848816,-0.369794934988022,-0.567416548728943,0.581417322158813,-0.450825929641724
0.592658221721649,-0.259060055017471,0.792784690856934,-0.370885580778122,-0.567099571228027,0.580059051513672,-0.452076882123947
0.593390822410583,-0.258787721395492,0.792778015136719,-0.372702240943909,-0.57064962387085,0.575316309928894,-0.452176094055176
0.592783212661743,-0.257424026727676,0.791494488716125,-0.372764885425568,-0.549341142177582,0.591574907302856,-0.457504004240036
0.593582153320312,-0.257152765989304,0.791449844837189,-0.373380333185196,-0.548964321613312,0.591448962688446,-0.457617253065109
0.594374060630798,-0.256737560033798,0.791355490684509,-0.375705301761627,-0.549823045730591,0.588673114776611,-0.458262324333191
0.595125019550323,-0.256452739238739,0.791206836700439,-0.373836785554886,-0.548913836479187,0.590514242649078,-0.458511412143707
0.595834255218506,-0.25608965754509,0.791126012802124,-0.374218612909317,-0.548762559890747,0.590497374534607,-0.458402544260025
0.596390962600708,-0.255894213914871,0.790934443473816,-0.376056581735611,-0.547996997833252,0.589741230010986,-0.458787739276886
0.596390962600708,-0.255894213914871,0.790934443473816,-0.376056581735611,-0.547996997833252,0.589741230010986,-0.458787739276886
0.598048567771912,-0.255348443984985,0.790635943412781,-0.376592189073563,-0.547418892383575,0.589205026626587,-0.459726452827454
0.598930835723877,-0.255102246999741,0.790520548820496,-0.379161089658737,-0.548044323921204,0.587013781070709,-0.459672689437866
0.599571287631989,-0.254924863576889,0.790393710136414,-0.378221184015274,-0.5470010638237,0.588243424892426,-0.460117876529694
0.600313067436218,-0.254738122224808,0.790166556835175,-0.378402680158615,-0.546561181545258,0.587536036968231,-0.46139320731163
0.601019382476807,-0.254586815834045,0.790046215057373,-0.378851622343063,-0.545506298542023,0.587884843349457,-0.461828798055649
0.601658821105957,-0.254480570554733,0.789922058582306,-0.379294633865356,-0.544820129871368,0.58748584985733,-0.462781965732574
0.602340519428253,-0.254317432641983,0.789772748947144,-0.381673902273178,-0.545953512191772,0.58454167842865,-0.463218182325363
0.602923154830933,-0.254301846027374,0.789645910263062,-0.37990602850914,-0.544404804706573,0.586718380451202,-0.463741660118103
0.603500604629517,-0.254236608743668,0.789545953273773,-0.380494654178619,-0.543559849262238,0.586656033992767,-0.464328974485397
0.604111313819885,-0.254211366176605,0.789440870285034,-0.383397817611694,-0.544066667556763,0.583958506584167,-0.464747309684753
0.604586601257324,-0.254262208938599,0.78937840461731,-0.382497131824493,-0.542721331119537,0.585627973079681,-0.464961975812912
0.605102181434631,-0.254333734512329,0.789282560348511,-0.383031904697418,-0.542721629142761,0.585069596767426,-0.465224206447601
0.605557799339294,-0.254416137933731,0.789188802242279,-0.383148014545441,-0.542842745780945,0.584601879119873,-0.465575009584427
0.605557799339294,-0.254416137933731,0.789188802242279,-0.383148014545441,-0.542842745780945,0.584601879119873,-0.465575009584427
0.606370806694031,-0.254659086465836,0.789080202579498,-0.384799391031265,-0.542106688022614,0.583639323711395,-0.466277718544006
0.606793344020844,-0.25476199388504,0.789102852344513,-0.385499328374863,-0.541585862636566,0.583402156829834,-0.466601431369781
0.607134640216827,-0.254873037338257,0.789100289344788,-0.386050790548325,-0.540757238864899,0.583648979663849,-0.466797977685928
0.607358038425446,-0.254972010850906,0.789052665233612,-0.386448174715042,-0.540246307849884,0.583657443523407,-0.467049956321716
0.607656836509705,-0.255066514015198,0.788920879364014,-0.388463854789734,-0.541249454021454,0.581386864185333,-0.467048317193985
0.607656836509705,-0.255066514015198,0.788920879364014,-0.388463854789734,-0.541249454021454,0.581386864185333,-0.467048317193985
0.60788094997406,-0.25538295507431,0.788833916187286,-0.387688487768173,-0.539403855800629,0.58350795507431,-0.467182576656341
0.608017981052399,-0.255616694688797,0.788845300674438,-0.389204889535904,-0.538076877593994,0.584202706813812,-0.466583669185638
0.608079254627228,-0.25579634308815,0.78883022069931,-0.389877408742905,-0.537949621677399,0.584141552448273,-0.466245204210281
0.608091592788696,-0.255961567163467,0.788801074028015,-0.390607535839081,-0.537352800369263,0.584411442279816,-0.465984106063843
0.60804545879364,-0.256157428026199,0.788754105567932,-0.39138263463974,-0.537046432495117,0.584316790103912,-0.465805470943451
0.607981443405151,-0.256326407194138,0.788716077804565,-0.392029285430908,-0.53668475151062,0.5844766497612,-0.465477913618088
0.607860922813416,-0.256562232971191,0.788678228855133,-0.38980022072792,-0.533837616443634,0.587617456912994,-0.466668039560318
0.607724189758301,-0.256840109825134,0.788635611534119,-0.390559107065201,-0.534071266651154,0.587451100349426,-0.465974867343903
0.607559144496918,-0.257025718688965,0.7886061668396,-0.391100615262985,-0.533851623535156,0.587701082229614,-0.465457260608673
0.607291400432587,-0.257240742444992,0.788534641265869,-0.391602128744125,-0.533519446849823,0.587940812110901,-0.465113580226898
0.607023060321808,-0.257460802793503,0.788474857807159,-0.394994467496872,-0.535692989826202,0.58553421497345,-0.462776511907578
0.606915056705475,-0.257634609937668,0.788228034973145,-0.396798342466354,-0.536681175231934,0.584415376186371,-0.461500763893127
0.607515335083008,-0.258950680494308,0.7892906665802,-0.392972052097321,-0.556881308555603,0.572503626346588,-0.455736726522446
0.607016026973724,-0.259212613105774,0.789396047592163,-0.396083414554596,-0.556496798992157,0.571296215057373,-0.455027401447296
0.606767535209656,-0.259331196546555,0.789174973964691,-0.395432144403458,-0.556656241416931,0.572446823120117,-0.453951597213745
0.606160163879395,-0.259591370820999,0.789301991462708,-0.3972108066082,-0.556406915187836,0.571091294288635,-0.454411506652832
0.605713248252869,-0.259805202484131,0.789307713508606,-0.398287653923035,-0.556062638759613,0.571328938007355,-0.453590899705887
0.605245471000671,-0.259932041168213,0.789407074451447,-0.399602919816971,-0.554640710353851,0.572219729423523,-0.453051596879959
0.604727029800415,-0.260084390640259,0.789453864097595,-0.400211602449417,-0.553858876228333,0.573184430599213,-0.452250510454178
0.604160130023956,-0.260195374488831,0.789462089538574,-0.400863975286484,-0.553798198699951,0.57321560382843,-0.451707303524017
0.602551102638245,-0.26050990819931,0.788940668106079,-0.412047952413559,-0.562580108642578,0.565637052059174,-0.440198987722397
0.602056503295898,-0.260624527931213,0.789118826389313,-0.413028836250305,-0.561696946620941,0.566091239452362,-0.439823031425476
0.602056503295898,-0.260624527931213,0.789118826389313,-0.413028836250305,-0.561696946620941,0.566091239452362,-0.439823031425476
0.600763320922852,-0.260968297719955,0.78953742980957,-0.414020985364914,-0.563186824321747,0.566032946109772,-0.437051564455032
0.60011613368988,-0.261133641004562,0.789851009845734,-0.415991961956024,-0.561851620674133,0.566609978675842,-0.436150074005127
0.600657165050507,-0.260924369096756,0.790852606296539,-0.409307271242142,-0.554791271686554,0.572904765605927,-0.443231910467148
0.59984564781189,-0.261029779911041,0.791046142578125,-0.4078249335289,-0.550517141819,0.576581239700317,-0.445156246423721
0.598035335540771,-0.261313080787659,0.790718376636505,-0.419807255268097,-0.558486223220825,0.569247782230377,-0.433372974395752
0.598448634147644,-0.261234372854233,0.791694104671478,-0.411216348409653,-0.548685967922211,0.578316450119019,-0.442035317420959
0.59771454334259,-0.261366605758667,0.792144358158112,-0.413608253002167,-0.548036515712738,0.578711032867432,-0.440088599920273
0.597097277641296,-0.26135128736496,0.792567729949951,-0.417793065309524,-0.549096822738647,0.577389895915985,-0.436534702777862
0.596181154251099,-0.26147049665451,0.792815089225769,-0.416113972663879,-0.545648157596588,0.581206977367401,-0.437396645545959
0.595436811447144,-0.261641621589661,0.793256819248199,-0.417969852685928,-0.545779049396515,0.580766260623932,-0.436047166585922
0.59463232755661,-0.261743277311325,0.793551504611969,-0.41844967007637,-0.544731795787811,0.582752108573914,-0.434243321418762
0.59393185377121,-0.261896312236786,0.794038653373718,-0.423862844705582,-0.545926749706268,0.580833911895752,-0.430042237043381
0.592777192592621,-0.261750310659409,0.794285655021667,-0.421873539686203,-0.539566397666931,0.586882293224335,-0.431810230016708
0.591949343681335,-0.261864095926285,0.794670343399048,-0.423893541097641,-0.538846611976624,0.587225735187531,-0.430261075496674
0.590996265411377,-0.262022435665131,0.794934391975403,-0.424987554550171,-0.538188695907593,0.588265240192413,-0.428581982851028
0.590209543704987,-0.262129575014114,0.795218825340271,-0.426773220300674,-0.53599739074707,0.589964330196381,-0.42721626162529
0.589228808879852,-0.262235403060913,0.795496761798859,-0.428132802248001,-0.534518539905548,0.5909743309021,-0.426311701536179
0.589455127716064,-0.263397425413132,0.796755075454712,-0.42623820900917,-0.553781926631927,0.578763067722321,-0.420333176851273
0.589184403419495,-0.264702886343002,0.797823309898376,-0.427440941333771,-0.570031583309174,0.564402639865875,-0.416902929544449
0.588414549827576,-0.265015542507172,0.798168957233429,-0.428727746009827,-0.570426404476166,0.564626336097717,-0.414732962846756
0.58709043264389,-0.265102952718735,0.798099279403687,-0.432882487773895,-0.567220687866211,0.565247476100922,-0.413967043161392
0.584535241127014,-0.262911647558212,0.796585857868195,-0.432610034942627,-0.527838468551636,0.597645163536072,-0.420779317617416
0.583534002304077,-0.263042062520981,0.79670262336731,-0.433004558086395,-0.527314722537994,0.598524749279022,-0.419778943061829
0.582650005817413,-0.263187676668167,0.79687511920929,-0.436145722866058,-0.527361989021301,0.596797287464142,-0.418926477432251
0.582650005817413,-0.263187676668167,0.79687511920929,-0.436145722866058,-0.527361989021301,0.596797287464142,-0.418926477432251
0.580837249755859,-0.2633016705513,0.797144651412964,-0.436802744865417,-0.524599313735962,0.600006759166718,-0.417122155427933
0.579820036888123,-0.263379037380219,0.797258853912354,-0.436196953058243,-0.524480640888214,0.601256847381592,-0.416104078292847
0.5789914727211,-0.263557344675064,0.797393023967743,-0.43793186545372,-0.524878203868866,0.600754499435425,-0.41450297832489
0.578113794326782,-0.263673573732376,0.797355890274048,-0.437650978565216,-0.525251269340515,0.601302623748779,-0.41353115439415
0.577117264270782,-0.263696551322937,0.797657370567322,-0.438994795084,-0.523045301437378,0.6024249792099,-0.413269400596619
0.576018691062927,-0.263735920190811,0.797690808773041,-0.437059640884399,-0.522700726985931,0.604328870773315,-0.412976324558258
0.575289607048035,-0.263643950223923,0.797904431819916,-0.439333379268646,-0.521707057952881,0.604151010513306,-0.412079393863678
0.574719905853271,-0.263412207365036,0.798115789890289,-0.439777076244354,-0.51839679479599,0.60652232170105,-0.412300646305084
0.573724091053009,-0.263458698987961,0.7983158826828,-0.440624594688416,-0.522368669509888,0.604627132415771,-0.409153968095779
0.573278546333313,-0.263283729553223,0.798709452152252,-0.440209239721298,-0.519387304782867,0.607382237911224,-0.409315794706345
0.572171866893768,-0.263225257396698,0.798678457736969,-0.440563708543777,-0.522096037864685,0.605296909809113,-0.408576846122742
0.571620404720306,-0.263279944658279,0.798786818981171,-0.439800053834915,-0.521709799766541,0.605581700801849,-0.409470200538635
0.570680677890778,-0.263097673654556,0.799223661422729,-0.43827873468399,-0.519379138946533,0.607987403869629,-0.410497814416885
0.569931924343109,-0.262885838747024,0.799419522285461,-0.439137607812881,-0.517710864543915,0.609044432640076,-0.410120576620102
0.569407105445862,-0.26267471909523,0.799768328666687,-0.442229390144348,-0.517443120479584,0.607589304447174,-0.409293442964554
0.568799793720245,-0.262466698884964,0.800099968910217,-0.442142456769943,-0.516270875930786,0.608906388282776,-0.40891033411026
0.568799793720245,-0.262466698884964,0.800099968910217,-0.442142456769943,-0.516270875930786,0.608906388282776,-0.40891033411026
0.567692697048187,-0.262034595012665,0.800722062587738,-0.44401627779007,-0.514054000377655,0.609667360782623,-0.408538311719894
0.567245185375214,-0.261796712875366,0.801095604896545,-0.446439534425735,-0.514981925487518,0.608773708343506,-0.406054377555847
0.566814005374908,-0.261457830667496,0.801184237003326,-0.444764733314514,-0.516157031059265,0.610023558139801,-0.404521286487579
0.565931916236877,-0.261115968227386,0.801583409309387,-0.445068150758743,-0.512829482555389,0.612101256847382,-0.405280709266663
0.565469980239868,-0.260806143283844,0.801919221878052,-0.448666989803314,-0.512304663658142,0.611032009124756,-0.403586268424988
0.56503963470459,-0.260450333356857,0.802208423614502,-0.449220091104507,-0.510114908218384,0.612768709659576,-0.403111338615417
0.56503963470459,-0.260450333356857,0.802208423614502,-0.449220091104507,-0.510114908218384,0.612768709659576,-0.403111338615417
0.564542293548584,-0.260859876871109,0.803671598434448,-0.454551756381989,-0.523621022701263,0.601855933666229,-0.396198511123657
0.563273847103119,-0.259707093238831,0.80284595489502,-0.456007540225983,-0.507556021213531,0.613791406154633,-0.397119760513306
0.563535094261169,-0.260053336620331,0.804051280021667,-0.453780889511108,-0.520356237888336,0.606674671173096,-0.39402824640274
0.563535094261169,-0.260053336620331,0.804051280021667,-0.453780889511108,-0.520356237888336,0.606674671173096,-0.39402824640274
0.562600135803223,-0.259371548891068,0.804536521434784,-0.458530753850937,-0.51985627412796,0.605601787567139,-0.390826970338821
0.561621606349945,-0.258118033409119,0.803709864616394,-0.459200918674469,-0.501537263393402,0.619476914405823,-0.392228782176971
0.56141608953476,-0.25871604681015,0.804878890514374,-0.458397448062897,-0.513242542743683,0.612372994422913,-0.389169931411743
0.560890316963196,-0.25852569937706,0.805040121078491,-0.459474682807922,-0.512795269489288,0.612726032733917,-0.387931495904922
0.560585200786591,-0.258321523666382,0.805351674556732,-0.463510811328888,-0.513969719409943,0.610376536846161,-0.385270476341248
0.558246493339539,-0.255757242441177,0.80344170331955,-0.459699481725693,-0.473434239625931,0.642243385314941,-0.389948517084122
0.559864223003387,-0.258193552494049,0.806033968925476,-0.462560892105102,-0.516509830951691,0.610065340995789,-0.383504062891006
0.559423327445984,-0.258121311664581,0.806547999382019,-0.462927162647247,-0.516959547996521,0.609546363353729,-0.383281379938126
0.558155238628387,-0.256984233856201,0.805833458900452,-0.458923757076263,-0.499294966459274,0.624695122241974,-0.387103974819183
0.558553516864777,-0.257509887218475,0.807011723518372,-0.456953793764114,-0.515686333179474,0.614110171794891,-0.384876012802124
0.558369159698486,-0.257666319608688,0.807537436485291,-0.45605856180191,-0.520632863044739,0.610742151737213,-0.3846375644207
0.557311356067657,-0.256548792123795,0.806966364383698,-0.455433696508408,-0.503060817718506,0.623721480369568,-0.387919545173645
0.557105839252472,-0.256427645683289,0.807536005973816,-0.453702956438065,-0.503171443939209,0.62516975402832,-0.387472689151764
0.557105839252472,-0.256427645683289,0.807536005973816,-0.453702956438065,-0.503171443939209,0.62516975402832,-0.387472689151764
0.55697762966156,-0.25612410902977,0.808710217475891,-0.454302906990051,-0.506248772144318,0.622239768505096,-0.387477487325668
0.556878805160522,-0.255928218364716,0.809313178062439,-0.451539605855942,-0.502497553825378,0.626720070838928,-0.388368666172028
0.556769073009491,-0.255723536014557,0.809779524803162,-0.450937688350677,-0.502593874931335,0.62684965133667,-0.388734042644501
0.556702554225922,-0.255530208349228,0.81037437915802,-0.451042532920837,-0.502260744571686,0.626900553703308,-0.388960748910904
0.556702196598053,-0.25537183880806,0.810840427875519,-0.450975805521011,-0.502269208431244,0.62712025642395,-0.38867324590683
0.556727230548859,-0.255219876766205,0.811417579650879,-0.449943214654922,-0.502312660217285,0.628843903541565,-0.387025475502014
0.555674731731415,-0.253313839435577,0.811056733131409,-0.453729659318924,-0.477378070354462,0.64533668756485,-0.387014418840408
0.555680513381958,-0.253165423870087,0.811580181121826,-0.453587979078293,-0.475091576576233,0.64581710100174,-0.389186978340149
0.555844366550446,-0.253057569265366,0.812058329582214,-0.453976899385452,-0.474331140518188,0.646090745925903,-0.389206409454346
0.555959522724152,-0.2528977394104,0.812533020973206,-0.453894108533859,-0.473272234201431,0.646982073783875,-0.389111518859863
0.556149125099182,-0.252774655818939,0.81305992603302,-0.452746689319611,-0.472029775381088,0.648683249950409,-0.389125287532806
0.558443427085876,-0.255685806274414,0.816194832324982,-0.455342769622803,-0.517763674259186,0.615494966506958,-0.381771922111511
0.558527827262878,-0.255497634410858,0.816713690757751,-0.455469965934753,-0.517427861690521,0.615360140800476,-0.382292360067367
0.558611869812012,-0.255531340837479,0.817215085029602,-0.455391675233841,-0.51552826166153,0.616806268692017,-0.38262140750885
0.558611869812012,-0.255531340837479,0.817215085029602,-0.455391675233841,-0.51552826166153,0.616806268692017,-0.38262140750885
0.557440400123596,-0.252364844083786,0.815947651863098,-0.452176004648209,-0.46984276175499,0.650248944759369,-0.389821648597717
0.557732224464417,-0.25236377120018,0.816581249237061,-0.454114496707916,-0.468426287174225,0.650245726108551,-0.389277994632721
0.559231579303741,-0.254109919071198,0.818285226821899,-0.45465549826622,-0.496684193611145,0.630326390266418,-0.386370301246643
0.559658169746399,-0.254106909036636,0.818759858608246,-0.454425036907196,-0.496945887804031,0.629933834075928,-0.386944532394409
0.560031771659851,-0.254109114408493,0.819236874580383,-0.453664422035217,-0.497162938117981,0.630055606365204,-0.387359857559204
0.560338735580444,-0.254120856523514,0.819763779640198,-0.449506521224976,-0.495288252830505,0.633256494998932,-0.38938382267952
0.560944020748138,-0.254140436649323,0.820352435112,-0.450636327266693,-0.496881574392319,0.631409704685211,-0.389046907424927
0.561522960662842,-0.254199504852295,0.820946574211121,-0.449981421232224,-0.498437911272049,0.630721926689148,-0.388929843902588
0.562126874923706,-0.254250407218933,0.821641027927399,-0.450693309307098,-0.49775505065918,0.631310224533081,-0.388024300336838
0.562493026256561,-0.254175782203674,0.822119653224945,-0.449578791856766,-0.498230129480362,0.63063371181488,-0.389803767204285
0.562867164611816,-0.254155814647675,0.822547376155853,-0.444970577955246,-0.494524359703064,0.633591711521149,-0.394979059696198
0.563554108142853,-0.254040449857712,0.82310152053833,-0.447526931762695,-0.497891902923584,0.630948841571808,-0.392080396413803
0.564300179481506,-0.254119277000427,0.823753952980042,-0.445385158061981,-0.493329375982284,0.633688509464264,-0.395849972963333
0.564757645130157,-0.254255294799805,0.824345171451569,-0.445093065500259,-0.493649125099182,0.633376240730286,-0.396279364824295
0.565556883811951,-0.254246652126312,0.825051724910736,-0.443750262260437,-0.494235813617706,0.634296417236328,-0.395581662654877
0.566170215606689,-0.254210948944092,0.825545787811279,-0.441163003444672,-0.494019240140915,0.633632600307465,-0.399787455797195
0.56698739528656,-0.254210114479065,0.826161682605743,-0.4410480260849,-0.494742214679718,0.632509768009186,-0.400796949863434
0.567745566368103,-0.254111528396606,0.826695561408997,-0.439493358135223,-0.494212746620178,0.633127808570862,-0.402179718017578
0.568499743938446,-0.254021376371384,0.827341556549072,-0.438869446516037,-0.493661969900131,0.633116483688354,-0.403552860021591
0.569452702999115,-0.254071235656738,0.827957570552826,-0.438615471124649,-0.492802679538727,0.633607685565948,-0.404108047485352
0.569452702999115,-0.254071235656738,0.827957570552826,-0.438615471124649,-0.492802679538727,0.633607685565948,-0.404108047485352
0.57120680809021,-0.253698080778122,0.829014241695404,-0.440895318984985,-0.490796834230423,0.632477402687073,-0.405835419893265
0.571954071521759,-0.253625571727753,0.829605400562286,-0.438251525163651,-0.489372491836548,0.634032905101776,-0.407986044883728
0.572861850261688,-0.253506481647491,0.830117404460907,-0.437638014554977,-0.488129258155823,0.634476363658905,-0.409441947937012
0.573722720146179,-0.253409087657928,0.830683588981628,-0.437754690647125,-0.487673282623291,0.634198546409607,-0.410290032625198
0.574654400348663,-0.253122270107269,0.831184923648834,-0.437599360942841,-0.485956132411957,0.635087430477142,-0.411117374897003
0.575589179992676,-0.252941697835922,0.831739068031311,-0.440351605415344,-0.486825942993164,0.632136940956116,-0.411696434020996
0.576436460018158,-0.252884119749069,0.832231998443604,-0.44147577881813,-0.488674700260162,0.62960010766983,-0.412189394235611
0.577385008335114,-0.252813428640366,0.832855045795441,-0.442434579133987,-0.485966473817825,0.6309814453125,-0.412250876426697
0.578240990638733,-0.252562940120697,0.833222031593323,-0.441879689693451,-0.485522508621216,0.630979657173157,-0.413370549678802
0.579065024852753,-0.252186864614487,0.833642959594727,-0.439836412668228,-0.481229156255722,0.634216606616974,-0.415610194206238
0.580211102962494,-0.251840233802795,0.834187269210815,-0.441221952438354,-0.481341600418091,0.633209884166718,-0.415546238422394
0.580575525760651,-0.25183230638504,0.834498405456543,-0.442572295665741,-0.483651012182236,0.63149094581604,-0.41404190659523
0.58145272731781,-0.251434803009033,0.834680199623108,-0.439290940761566,-0.48231965303421,0.632566392421722,-0.417433947324753
0.582347095012665,-0.251039177179336,0.835122585296631,-0.440794438123703,-0.484151482582092,0.631122410297394,-0.415911108255386
0.583101987838745,-0.250804990530014,0.835451602935791,-0.439870953559875,-0.48239678144455,0.631240010261536,-0.418739527463913
0.583101987838745,-0.250804990530014,0.835451602935791,-0.439870953559875,-0.48239678144455,0.631240010261536,-0.418739527463913
0.584569156169891,-0.249954581260681,0.836062133312225,-0.434639394283295,-0.483867734670639,0.632045865058899,-0.421282231807709
0.585741519927979,-0.249390214681625,0.836497664451599,-0.43701958656311,-0.484558612108231,0.631236016750336,-0.419235199689865
0.586356282234192,-0.24901171028614,0.83661824464798,-0.432939141988754,-0.482916861772537,0.632515072822571,-0.423414498567581
0.587135195732117,-0.24859182536602,0.836980104446411,-0.432653039693832,-0.482742756605148,0.632466495037079,-0.423977434635162
0.587135195732117,-0.24859182536602,0.836980104446411,-0.432653039693832,-0.482742756605148,0.632466495037079,-0.423977434635162
0.589755475521088,-0.249120086431503,0.838914096355438,-0.433660566806793,-0.509954273700714,0.612527430057526,-0.420351266860962
0.589810907840729,-0.247240245342255,0.838161885738373,-0.431816101074219,-0.483275830745697,0.631437182426453,-0.425754219293594
0.590698540210724,-0.24674317240715,0.838522136211395,-0.431633979082107,-0.482425421476364,0.631973385810852,-0.426107496023178
0.591395735740662,-0.246254116296768,0.838808357715607,-0.432763993740082,-0.480547398328781,0.631794810295105,-0.427346467971802
0.593205034732819,-0.24712535738945,0.840355038642883,-0.434438496828079,-0.509040892124176,0.610565066337585,-0.423498332500458
0.59308910369873,-0.245277136564255,0.839442729949951,-0.43271404504776,-0.483247697353363,0.629355072975159,-0.427951484918594
0.593871355056763,-0.244681626558304,0.839534103870392,-0.432600528001785,-0.483944267034531,0.628691792488098,-0.428253918886185
0.595403432846069,-0.244712620973587,0.840767800807953,-0.435722380876541,-0.497171401977539,0.616607308387756,-0.427506983280182
0.595781028270721,-0.243387520313263,0.84019923210144,-0.436348170042038,-0.481416195631027,0.627324163913727,-0.42930543422699
0.596637427806854,-0.242817401885986,0.840466737747192,-0.438656687736511,-0.480697602033615,0.62738025188446,-0.427672982215881
0.596973598003387,-0.242469877004623,0.840368032455444,-0.437006890773773,-0.478428304195404,0.628822863101959,-0.429782778024673
0.597846627235413,-0.24183963239193,0.840475916862488,-0.441227227449417,-0.478177964687347,0.626537919044495,-0.429085791110992
0.597846627235413,-0.24183963239193,0.840475916862488,-0.441227227449417,-0.478177964687347,0.626537919044495,-0.429085791110992
0.599115371704102,-0.240750655531883,0.840788006782532,-0.439867705106735,-0.480362623929977,0.625223517417908,-0.429958075284958
0.60047435760498,-0.241454511880875,0.841941058635712,-0.437218278646469,-0.503977060317993,0.610268652439117,-0.427105933427811
0.600232660770416,-0.239555463194847,0.840749740600586,-0.437777251005173,-0.476125240325928,0.628620386123657,-0.431847482919693
0.601105690002441,-0.238939121365547,0.840840876102448,-0.439062058925629,-0.479551821947098,0.624982237815857,-0.432032316923141
0.601415395736694,-0.238789841532707,0.840956807136536,-0.4374820291996,-0.485847175121307,0.621752262115479,-0.431261301040649
0.602089941501617,-0.237716495990753,0.84087860584259,-0.434226363897324,-0.481411635875702,0.625465512275696,-0.434146523475647
0.602507889270782,-0.237614765763283,0.841034591197968,-0.433774620294571,-0.486100852489471,0.622190713882446,-0.434078842401505
0.602896511554718,-0.237159863114357,0.841127634048462,-0.433451801538467,-0.485263615846634,0.62253475189209,-0.434843927621841
0.602896511554718,-0.237159863114357,0.841127634048462,-0.433451801538467,-0.485263615846634,0.62253475189209,-0.434843927621841
0.604231834411621,-0.235892042517662,0.84145599603653,-0.433248311281204,-0.487110167741776,0.620214819908142,-0.436294913291931
0.604573309421539,-0.235304594039917,0.841402947902679,-0.430054217576981,-0.487811475992203,0.620947003364563,-0.437627762556076
0.604881525039673,-0.234975412487984,0.841512680053711,-0.430205464363098,-0.487789213657379,0.620961129665375,-0.437484055757523
0.605399191379547,-0.234437584877014,0.841734409332275,-0.430653363466263,-0.487688988447189,0.621116518974304,-0.436934232711792
0.605399191379547,-0.234437584877014,0.841734409332275,-0.430653363466263,-0.487688988447189,0.621116518974304,-0.436934232711792
0.606391310691833,-0.233498647809029,0.842227578163147,-0.432538002729416,-0.488233625888824,0.618901610374451,-0.437606930732727
0.606595873832703,-0.232926443219185,0.842296838760376,-0.429186165332794,-0.487916260957718,0.62078994512558,-0.438585132360458
0.607282996177673,-0.232433393597603,0.842686891555786,-0.429744124412537,-0.489560961723328,0.619322896003723,-0.438279837369919
0.607712686061859,-0.232058495283127,0.84305465221405,-0.430356025695801,-0.488882511854172,0.6192746758461,-0.438504844903946
0.60806530714035,-0.231748104095459,0.843313157558441,-0.430586636066437,-0.488256722688675,0.61963164806366,-0.438471406698227
0.608445346355438,-0.23130838572979,0.843502640724182,-0.430577427148819,-0.486619174480438,0.621105372905731,-0.43821582198143
0.608742773532867,-0.231055915355682,0.843709588050842,-0.433463990688324,-0.486850142478943,0.619777858257294,-0.436991363763809
0.609103143215179,-0.230820968747139,0.843974590301514,-0.433681011199951,-0.486118227243423,0.619659960269928,-0.437757432460785
0.609553396701813,-0.230493128299713,0.844399869441986,-0.434055328369141,-0.486007124185562,0.619164705276489,-0.438210338354111
0.609624028205872,-0.230454310774803,0.844549417495728,-0.434740722179413,-0.485439985990524,0.619361281394958,-0.43788155913353
0.609872043132782,-0.230332121253014,0.844818949699402,-0.435425281524658,-0.485742837190628,0.619098782539368,-0.437236100435257
0.610053062438965,-0.230163156986236,0.845016002655029,-0.433371961116791,-0.483603328466415,0.621752560138702,-0.437881767749786
0.610279023647308,-0.230100154876709,0.845232665538788,-0.433313488960266,-0.483330845832825,0.621838390827179,-0.438118755817413
0.610497653484344,-0.23007920384407,0.845428943634033,-0.433193027973175,-0.483208209276199,0.621874749660492,-0.438321202993393
0.610779404640198,-0.230108827352524,0.845664501190186,-0.433140397071838,-0.483288675546646,0.621782720088959,-0.438415288925171
0.61098301410675,-0.230134770274162,0.845823287963867,-0.432921975851059,-0.483075559139252,0.62188845872879,-0.438715666532516
0.611326932907104,-0.230085164308548,0.846025466918945,-0.432222723960876,-0.483527183532715,0.62168949842453,-0.439189285039902
0.611506819725037,-0.230150490999222,0.846149086952209,-0.432143867015839,-0.483373641967773,0.6217080950737,-0.439409643411636
0.611652493476868,-0.230211406946182,0.846257507801056,-0.432216197252274,-0.483037710189819,0.62171733379364,-0.439694881439209
0.611882388591766,-0.230417907238007,0.846489787101746,-0.432904958724976,-0.481250196695328,0.622562050819397,-0.439781874418259
0.61187869310379,-0.23057758808136,0.846564888954163,-0.433047533035278,-0.479852169752121,0.623159348964691,-0.44032296538353
0.612136483192444,-0.230567514896393,0.846702694892883,-0.432576060295105,-0.480055630207062,0.623021721839905,-0.440759211778641
0.612241387367249,-0.230640962719917,0.846798777580261,-0.432413995265961,-0.479445725679398,0.623320817947388,-0.441158950328827
0.612324059009552,-0.230719536542892,0.846875309944153,-0.432628214359283,-0.479147642850876,0.622942686080933,-0.441806435585022
0.612394034862518,-0.230792447924614,0.846973180770874,-0.431985855102539,-0.478574186563492,0.623651266098022,-0.442056596279144
0.61246657371521,-0.230842754244804,0.847067177295685,-0.431977331638336,-0.478283762931824,0.623693943023682,-0.442319214344025
0.61249303817749,-0.230878531932831,0.847128570079803,-0.431709676980972,-0.478443831205368,0.623781263828278,-0.442284137010574
0.612516283988953,-0.230913668870926,0.847208857536316,-0.431514143943787,-0.478251993656158,0.623946845531464,-0.442448943853378
0.612555265426636,-0.230910301208496,0.84735107421875,-0.431550294160843,-0.47794783115387,0.623889923095703,-0.442822456359863
0.612545728683472,-0.230919927358627,0.847413003444672,-0.431516379117966,-0.477946609258652,0.623940467834473,-0.442785352468491
0.61253696680069,-0.23090049624443,0.847474455833435,-0.431309252977371,-0.477695465087891,0.624176263809204,-0.442926198244095
0.612472534179688,-0.230911761522293,0.847612679004669,-0.431217312812805,-0.478537201881409,0.623536348342896,-0.443008184432983
0.612416505813599,-0.230861306190491,0.847726404666901,-0.431177943944931,-0.478953391313553,0.623569667339325,-0.442549586296081
0.612367153167725,-0.23080275952816,0.847771883010864,-0.431042373180389,-0.478815734386444,0.623732507228851,-0.442601174116135
0.612299203872681,-0.230727523565292,0.847819447517395,-0.431014895439148,-0.478694796562195,0.623891353607178,-0.4425348341465
0.612215876579285,-0.23063936829567,0.847862899303436,-0.431133389472961,-0.478781372308731,0.624088227748871,-0.442047953605652
0.612146437168121,-0.230539038777351,0.847921967506409,-0.431359499692917,-0.478679418563843,0.624134063720703,-0.44187319278717
0.61204981803894,-0.230410069227219,0.847915530204773,-0.431363582611084,-0.478483349084854,0.624297738075256,-0.441850513219833
0.611955046653748,-0.230279624462128,0.847903966903687,-0.4314204454422,-0.478486597537994,0.624339759349823,-0.441731631755829
0.611955046653748,-0.230279624462128,0.847903966903687,-0.4314204454422,-0.478486597537994,0.624339759349823,-0.441731631755829
0.611716270446777,-0.229965716600418,0.847864866256714,-0.431743085384369,-0.478197664022446,0.624395847320557,-0.441650241613388
0.611647129058838,-0.229645162820816,0.847719967365265,-0.433711618185043,-0.481377512216568,0.621245384216309,-0.440708607435226
0.611537337303162,-0.229472547769547,0.847682535648346,-0.434000253677368,-0.481303483247757,0.621345520019531,-0.440364152193069
0.611664712429047,-0.229159265756607,0.847722589969635,-0.434283375740051,-0.479730784893036,0.622353792190552,-0.440377235412598
0.611561119556427,-0.228996008634567,0.847654461860657,-0.434483140707016,-0.479772299528122,0.622373521327972,-0.440107136964798
0.6114621758461,-0.228855177760124,0.847626149654388,-0.43476015329361,-0.47979810833931,0.622256100177765,-0.439971297979355
0.611346364021301,-0.228667303919792,0.8475501537323,-0.43477126955986,-0.479787677526474,0.62226277589798,-0.439962416887283
0.61124861240387,-0.228458777070045,0.847482085227966,-0.434540569782257,-0.480131357908249,0.622077286243439,-0.440077632665634
0.611118793487549,-0.228267386555672,0.847439765930176,-0.434173673391342,-0.480268895626068,0.622828304767609,-0.439226508140564
0.610553920269012,-0.22807827591896,0.84707635641098,-0.433683186769485,-0.481111496686935,0.622379839420319,-0.439424574375153
0.610352456569672,-0.227901890873909,0.846974909305573,-0.431985437870026,-0.479335814714432,0.624610066413879,-0.439872920513153
0.610354125499725,-0.227697789669037,0.846952617168427,-0.434961259365082,-0.480673849582672,0.622251033782959,-0.438822597265243
0.610354125499725,-0.227697789669037,0.846952617168427,-0.434961259365082,-0.480673849582672,0.622251033782959,-0.438822597265243
0.610167860984802,-0.227372750639915,0.846857190132141,-0.434837371110916,-0.480240345001221,0.622904241085052,-0.438492834568024
0.610167860984802,-0.227372750639915,0.846857190132141,-0.434837371110916,-0.480240345001221,0.622904241085052,-0.438492834568024
0.61014848947525,-0.226995706558228,0.846947014331818,-0.43511700630188,-0.480100154876709,0.622786343097687,-0.438536554574966
0.610059082508087,-0.226833388209343,0.846903204917908,-0.435238987207413,-0.479212552309036,0.623425245285034,-0.438478529453278
0.609983086585999,-0.226740673184395,0.846880733966827,-0.435444831848144,-0.479087471961975,0.623493790626526,-0.438313454389572
0.609875500202179,-0.226696133613586,0.846921682357788,-0.436511307954788,-0.478938847780228,0.623288333415985,-0.437706649303436
0.60981023311615,-0.226658910512924,0.846940040588379,-0.435742497444153,-0.478466778993607,0.624197721481323,-0.437693208456039
0.60975444316864,-0.226627215743065,0.84695690870285,-0.435896456241608,-0.478399753570557,0.624284207820892,-0.437489628791809
0.609702229499817,-0.226599305868149,0.84699946641922,-0.436025142669678,-0.478181689977646,0.624252200126648,-0.437645643949509
0.609658896923065,-0.226601183414459,0.847020745277405,-0.436129510402679,-0.478112488985062,0.624289989471436,-0.437563359737396
0.609635949134827,-0.226620331406593,0.847055554389954,-0.436215996742248,-0.477983593940735,0.624349296092987,-0.437533378601074
0.609620153903961,-0.226649984717369,0.847083449363708,-0.43618568778038,-0.477866947650909,0.624472916126251,-0.43751448392868
0.609595954418182,-0.226691603660583,0.847114741802216,-0.43628916144371,-0.477673858404159,0.624588787555695,-0.43745693564415
0.609598100185394,-0.226745262742043,0.847174406051636,-0.436314344406128,-0.477926582098007,0.624721527099609,-0.436965465545654
0.609590768814087,-0.226855352520943,0.84721314907074,-0.436398208141327,-0.478631883859634,0.624245584011078,-0.436790317296982
0.609609484672546,-0.226928010582924,0.847222864627838,-0.436326742172241,-0.478620380163193,0.624495506286621,-0.43651682138443
0.609602928161621,-0.227017924189568,0.84730076789856,-0.436338871717453,-0.477615594863892,0.624763548374176,-0.437221258878708
0.60964447259903,-0.227097883820534,0.847320914268494,-0.43642520904541,-0.47751173377037,0.624945521354675,-0.436988145112991
0.609664857387543,-0.227167829871178,0.84737241268158,-0.436579704284668,-0.477400571107864,0.624984920024872,-0.436899185180664
0.609695196151733,-0.227222204208374,0.847398102283478,-0.436478078365326,-0.477360427379608,0.625014543533325,-0.437001913785934
0.60973584651947,-0.227282881736755,0.847445547580719,-0.436511307954788,-0.477192461490631,0.625053286552429,-0.437097012996674
0.609760820865631,-0.227338969707489,0.84748101234436,-0.436669528484344,-0.477050334215164,0.625064432621002,-0.437077909708023
0.609797596931458,-0.227383196353912,0.847524166107178,-0.436807185411453,-0.476950645446777,0.625045239925385,-0.437076687812805
0.609832465648651,-0.227419927716255,0.847558200359344,-0.43674299120903,-0.476751446723938,0.625142812728882,-0.437218636274338
0.609862565994263,-0.227445468306541,0.847581923007965,-0.436805009841919,-0.476576328277588,0.625207960605621,-0.437254279851913
0.609902501106262,-0.227480620145798,0.847611904144287,-0.436926543712616,-0.476578503847122,0.625145733356476,-0.437219560146332
0.60990571975708,-0.22749949991703,0.847619652748108,-0.437090933322906,-0.476421236991882,0.625147461891174,-0.437224328517914
0.609917461872101,-0.227483421564102,0.847664475440979,-0.437206238508224,-0.476193577051163,0.625101745128632,-0.437422245740891
0.609930634498596,-0.227502211928368,0.847638726234436,-0.437283933162689,-0.476142883300781,0.625249743461609,-0.43718808889389
0.609955549240112,-0.227515250444412,0.847664654254913,-0.437341660261154,-0.476188004016876,0.625232517719269,-0.437105864286423
0.6099494099617,-0.227506786584854,0.847650647163391,-0.43745493888855,-0.476098924875259,0.62525087594986,-0.437063276767731
0.609955191612244,-0.227496027946472,0.847660064697266,-0.437431454658508,-0.476028889417648,0.625287890434265,-0.437110304832458
0.609953343868256,-0.227474242448807,0.847660183906555,-0.437459200620651,-0.476032346487045,0.625285565853119,-0.437082141637802
0.609940111637115,-0.227179944515228,0.847671151161194,-0.43748527765274,-0.472408324480057,0.627471029758453,-0.437855184078216
0.609931468963623,-0.227145195007324,0.847657740116119,-0.437422066926956,-0.472386300563812,0.627495288848877,-0.43790739774704
0.609937608242035,-0.227116733789444,0.847663998603821,-0.437298029661179,-0.472431063652039,0.627476036548615,-0.438010662794113
0.609937608242035,-0.227116733789444,0.847663998603821,-0.437298029661179,-0.472431063652039,0.627476036548615,-0.438010662794113
0.609919309616089,-0.227046951651573,0.847614288330078,-0.43710657954216,-0.472108244895935,0.627369463443756,-0.438701689243317
0.609926581382751,-0.226995021104813,0.847600996494293,-0.437080204486847,-0.472255825996399,0.627647817134857,-0.43817064166069
0.609898686408997,-0.227219715714455,0.847560167312622,-0.436998635530472,-0.475443512201309,0.6252201795578,-0.438275277614594
0.609872400760651,-0.226928323507309,0.8475182056427,-0.437202304601669,-0.472137659788132,0.627335011959076,-0.43862384557724
0.609853625297546,-0.226885810494423,0.847470223903656,-0.437184065580368,-0.472042500972748,0.62746673822403,-0.438556134700775
0.609839141368866,-0.226846769452095,0.847433626651764,-0.43725061416626,-0.472079634666443,0.627416968345642,-0.438521295785904
0.609813868999481,-0.226813644170761,0.847393572330475,-0.43739253282547,-0.472167730331421,0.627337336540222,-0.438398569822311
0.609813868999481,-0.226813644170761,0.847393572330475,-0.43739253282547,-0.472167730331421,0.627337336540222,-0.438398569822311
0.609772741794586,-0.226791545748711,0.847257733345032,-0.437563598155975,-0.472308546304703,0.627396106719971,-0.437991976737976
0.609737634658813,-0.226767361164093,0.847194969654083,-0.437585741281509,-0.472272843122482,0.627429366111755,-0.437960803508758
0.609599232673645,-0.226791530847549,0.847095668315887,-0.435738295316696,-0.471363216638565,0.629000544548035,-0.438528478145599
0.609633266925812,-0.226749062538147,0.847042858600616,-0.438035279512405,-0.473077058792114,0.626986443996429,-0.437277048826218
0.609556257724762,-0.226789847016335,0.84689724445343,-0.437882661819458,-0.473632305860519,0.626882076263428,-0.436978489160538
0.60931795835495,-0.226921916007996,0.846734881401062,-0.43858790397644,-0.473610937595367,0.626703321933746,-0.436550796031952
0.60915219783783,-0.226985454559326,0.846578121185303,-0.436575472354889,-0.472475379705429,0.628366589546204,-0.437406301498413
0.609093964099884,-0.227257609367371,0.846446096897125,-0.439793646335602,-0.477884829044342,0.623022139072418,-0.435948580503464
0.609176635742188,-0.226921692490578,0.846329152584076,-0.440039813518524,-0.472994446754456,0.626237690448761,-0.436425924301147
0.609066426753998,-0.227022081613541,0.846109211444855,-0.439934521913528,-0.473504602909088,0.62601226568222,-0.436302363872528
0.609089136123657,-0.2269596606493,0.845986187458038,-0.439399212598801,-0.473883092403412,0.62590616941452,-0.436582863330841
0.608527541160583,-0.227540984749794,0.845690131187439,-0.440053790807724,-0.478809952735901,0.622527182102203,-0.435377657413483
0.608362078666687,-0.22756464779377,0.845367670059204,-0.439621895551682,-0.479222238063812,0.622299671173096,-0.435685306787491
0.608177721500397,-0.227640211582184,0.845104098320007,-0.439500153064728,-0.479690343141556,0.622164607048035,-0.435485988855362
0.607857882976532,-0.227757200598717,0.844777822494507,-0.436294764280319,-0.478414565324783,0.625153124332428,-0.435832381248474
0.607649445533752,-0.227624416351318,0.844445407390594,-0.436012715101242,-0.475858122110367,0.627179443836212,-0.436002314090729
0.607454895973206,-0.227692931890488,0.844141602516174,-0.435837507247925,-0.475959837436676,0.627310752868652,-0.435877472162247
0.607391476631165,-0.227943331003189,0.843793392181396,-0.434826463460922,-0.480462342500687,0.624698400497437,-0.43569940328598
0.60722029209137,-0.227776527404785,0.843361675739288,-0.43480771780014,-0.477398008108139,0.626798272132874,-0.436070621013641
0.607240200042725,-0.227751076221466,0.843033015727997,-0.436918914318085,-0.478014141321182,0.624820053577423,-0.436124056577682
0.606927096843719,-0.227660357952118,0.842521131038666,-0.436018079519272,-0.479452759027481,0.624182224273682,-0.436359763145447
0.606518983840942,-0.228017225861549,0.842018485069275,-0.435027807950974,-0.484766125679016,0.622410893440247,-0.434001624584198
0.606111109256744,-0.228038862347603,0.84143203496933,-0.435749739408493,-0.485166490077972,0.622416079044342,-0.432820856571198
0.605466663837433,-0.228281751275063,0.840740442276001,-0.434560894966125,-0.482333809137344,0.623955368995667,-0.434960424900055
0.605629861354828,-0.227788686752319,0.84027886390686,-0.433090537786484,-0.478578686714172,0.626992106437683,-0.436206698417664
0.605086266994476,-0.228266909718513,0.839817047119141,-0.43341726064682,-0.485659003257751,0.622129023075104,-0.435017734766006
0.604833960533142,-0.228187441825867,0.839217662811279,-0.435749918222427,-0.488485217094421,0.619078934192657,-0.433872848749161
0.604510486125946,-0.22809374332428,0.838734328746796,-0.436420232057571,-0.490341931581497,0.61873459815979,-0.431589841842651
0.603648245334625,-0.228052303195,0.83784556388855,-0.432795464992523,-0.48772332072258,0.621024429798126,-0.434905499219894
0.603391468524933,-0.227625325322151,0.837231993675232,-0.431979328393936,-0.48488587141037,0.623569369316101,-0.435248166322708
0.603017449378967,-0.227549061179161,0.836645483970642,-0.432587772607803,-0.485236465930939,0.623410224914551,-0.434480369091034
0.60264128446579,-0.227709963917732,0.835927307605743,-0.432824552059174,-0.488437741994858,0.621636211872101,-0.433197349309921
0.602175414562225,-0.227317973971367,0.835267305374146,-0.432480663061142,-0.486589133739471,0.623446226119995,-0.433019816875458
0.602185845375061,-0.226914077997208,0.834596395492554,-0.433809041976929,-0.489656537771225,0.622155070304871,-0.430080503225326
0.601422727108002,-0.226785093545914,0.833946287631989,-0.435954213142395,-0.489884912967682,0.621024012565613,-0.429285168647766
0.600936114788055,-0.226672351360321,0.833230018615723,-0.435203045606613,-0.487034738063812,0.621891915798187,-0.432025283575058
0.600446403026581,-0.2266004383564,0.832541227340698,-0.435166031122208,-0.487700253725052,0.621875941753387,-0.431334137916565
0.599519610404968,-0.226808935403824,0.831824243068695,-0.435531765222549,-0.491190642118454,0.619610786437988,-0.430263310670853
0.599174559116364,-0.226434364914894,0.831143021583557,-0.432358741760254,-0.491365134716034,0.621408581733704,-0.430671244859695
0.598621070384979,-0.22629202902317,0.83047616481781,-0.432987064123154,-0.490836292505264,0.622030854225159,-0.429743647575378
0.597799956798553,-0.226326778531074,0.829788982868195,-0.433262169361115,-0.492799311876297,0.621100127696991,-0.428564667701721
0.596939504146576,-0.22636379301548,0.82901132106781,-0.433922797441482,-0.493476808071136,0.620713114738464,-0.427676230669022
0.596504330635071,-0.226006552577019,0.828228712081909,-0.430819034576416,-0.495767027139664,0.620873391628265,-0.427932560443878
0.596504330635071,-0.226006552577019,0.828228712081909,-0.430819034576416,-0.495767027139664,0.620873391628265,-0.427932560443878
0.595676302909851,-0.225788697600365,0.827120304107666,-0.433001607656479,-0.497156918048859,0.620749413967133,-0.424281567335129
0.594966650009155,-0.225777685642242,0.826487183570862,-0.433377683162689,-0.498757869005203,0.620089888572693,-0.422980934381485
0.594966650009155,-0.225777685642242,0.826487183570862,-0.433377683162689,-0.498757869005203,0.620089888572693,-0.422980934381485
0.593287408351898,-0.225857689976692,0.824837744235992,-0.429063737392425,-0.500844836235046,0.620130002498627,-0.424850225448608
0.592673361301422,-0.225872039794922,0.824155330657959,-0.429063320159912,-0.500272452831268,0.621224343776703,-0.423925310373306
0.592324256896973,-0.225829809904099,0.823645770549774,-0.428457111120224,-0.502838969230652,0.620243430137634,-0.422937005758286
0.591613948345184,-0.225945740938187,0.822849869728088,-0.426987498998642,-0.507101118564606,0.618929445743561,-0.42125591635704
0.591218709945679,-0.225844249129295,0.822335362434387,-0.426170855760574,-0.506777226924896,0.62000185251236,-0.420895427465439
0.590667307376862,-0.225591272115707,0.821932256221771,-0.427558690309524,-0.508215844631195,0.618854403495789,-0.41943946480751
0.590124070644379,-0.225753590464592,0.821170687675476,-0.426514536142349,-0.507363021373749,0.619321882724762,-0.420842528343201
0.589299023151398,-0.22603240609169,0.820530295372009,-0.422324180603027,-0.510116994380951,0.619681119918823,-0.421210438013077
0.589018404483795,-0.225978001952171,0.820061147212982,-0.4218570291996,-0.509698510169983,0.620166778564453,-0.421470254659653
0.588381350040436,-0.226102232933044,0.819470465183258,-0.422077625989914,-0.510628521442413,0.619705557823181,-0.420801699161529
0.588225424289703,-0.226137578487396,0.819113910198212,-0.422906339168549,-0.513954281806946,0.61838960647583,-0.417846471071243
0.587819993495941,-0.226241663098335,0.818546116352081,-0.419962525367737,-0.514626741409302,0.618701577186584,-0.419522643089294
0.587556958198547,-0.226317659020424,0.818047702312469,-0.41909721493721,-0.515871107578278,0.618513107299805,-0.419137448072433
0.587532162666321,-0.22624383866787,0.817339301109314,-0.418301343917847,-0.519556403160095,0.616699039936066,-0.418052196502685
0.587110280990601,-0.226685717701912,0.816969394683838,-0.418325781822205,-0.523370504379272,0.613144874572754,-0.418497741222382
0.586911559104919,-0.226899057626724,0.816241800785065,-0.41697758436203,-0.52550196647644,0.612732172012329,-0.417776018381119
0.58694452047348,-0.226920679211616,0.815991342067719,-0.416541963815689,-0.525372445583344,0.612251043319702,-0.41907662153244
0.586762547492981,-0.227179929614067,0.815371751785278,-0.416175454854965,-0.527279913425446,0.611049115657806,-0.418799340724945
0.586866676807404,-0.227327719330788,0.81491494178772,-0.415246546268463,-0.52862536907196,0.61062103509903,-0.418649524450302
0.586978435516357,-0.227543145418167,0.81451690196991,-0.414199143648148,-0.531486809253693,0.610483705997467,-0.416257828474045
0.587306141853333,-0.227682992815971,0.813952565193176,-0.412394493818283,-0.535199165344238,0.609189331531525,-0.415188103914261
0.587359666824341,-0.227920264005661,0.813316285610199,-0.410168498754501,-0.533183991909027,0.609820663928986,-0.419040977954865
0.587586224079132,-0.22811421751976,0.812682628631592,-0.4090656042099,-0.53411465883255,0.609248757362366,-0.419765323400497
0.587633669376373,-0.228270292282104,0.812258839607239,-0.408288329839706,-0.534272074699402,0.608865976333618,-0.420875608921051
0.58775806427002,-0.228553146123886,0.811744391918182,-0.405707776546478,-0.534784853458405,0.609504401683807,-0.421794533729553
0.58775806427002,-0.228553146123886,0.811744391918182,-0.405707776546478,-0.534784853458405,0.609504401683807,-0.421794533729553
0.588639855384827,-0.228905469179153,0.810641527175903,-0.405856221914291,-0.537956297397614,0.606154441833496,-0.422446310520172
0.588639855384827,-0.228905469179153,0.810641527175903,-0.405856221914291,-0.537956297397614,0.606154441833496,-0.422446310520172
0.589678645133972,-0.229504287242889,0.809506177902222,-0.403091996908188,-0.539646148681641,0.6052405834198,-0.424243837594986
0.590049743652344,-0.229800969362259,0.809258580207825,-0.400134235620499,-0.542072117328644,0.604170501232147,-0.425474673509598
0.590536713600159,-0.230135947465897,0.808899521827698,-0.403035014867783,-0.544086813926697,0.601836919784546,-0.423467546701431
0.591190874576569,-0.230425491929054,0.808282077312469,-0.402844071388245,-0.544452667236328,0.601147711277008,-0.424157500267029
0.591683626174927,-0.230703085660934,0.807838797569275,-0.397559195756912,-0.542193472385406,0.603965044021606,-0.428017914295196
0.592193484306335,-0.231014147400856,0.807051241397858,-0.395175755023956,-0.543388426303864,0.604001402854919,-0.428657710552216
0.59297114610672,-0.231270223855972,0.806619465351105,-0.395051240921021,-0.544005393981934,0.602676391601562,-0.429853558540344
0.59345155954361,-0.231643348932266,0.806232511997223,-0.394603908061981,-0.544243991374969,0.60170578956604,-0.431319653987885
0.594069540500641,-0.232026845216751,0.805646479129791,-0.395536214113235,-0.546726047992706,0.597924649715424,-0.432582885026932
0.594267904758453,-0.232298865914345,0.80486273765564,-0.389608919620514,-0.547565579414368,0.599514663219452,-0.434694051742554
0.595551550388336,-0.232649862766266,0.804819226264954,-0.391683787107468,-0.546212375164032,0.598856747150421,-0.435438454151154
0.59613037109375,-0.23306605219841,0.804197311401367,-0.390685141086578,-0.546353876590729,0.598631381988525,-0.436466574668884
0.59613037109375,-0.23306605219841,0.804197311401367,-0.390685141086578,-0.546353876590729,0.598631381988525,-0.436466574668884
0.598070621490479,-0.233567997813225,0.803567707538605,-0.392099112272263,-0.552379786968231,0.592855513095856,-0.435496628284454
0.598808288574219,-0.233986735343933,0.803131937980652,-0.386651664972305,-0.550409376621246,0.594511985778809,-0.440574169158935
0.599547266960144,-0.234322816133499,0.80263364315033,-0.386214345693588,-0.551385581493378,0.593439877033234,-0.441182196140289
0.600319266319275,-0.234719663858414,0.802245795726776,-0.385760098695755,-0.551419377326965,0.59294193983078,-0.442205846309662
0.601313233375549,-0.234905123710632,0.801925659179688,-0.387572556734085,-0.554096817970276,0.590266585350037,-0.440850883722305
0.602021992206573,-0.235228419303894,0.801566481590271,-0.387399464845657,-0.55477237701416,0.589143812656403,-0.441654860973358
0.602904200553894,-0.235651597380638,0.801190972328186,-0.3841912150383,-0.556460618972778,0.588171899318695,-0.443624407052994
0.603558599948883,-0.236069306731224,0.800792098045349,-0.381587624549866,-0.554876923561096,0.588945746421814,-0.446817189455032
0.604415774345398,-0.236377105116844,0.800441265106201,-0.383887767791748,-0.554803848266602,0.586576402187347,-0.448052793741226
0.605314373970032,-0.236652880907059,0.80025851726532,-0.38296976685524,-0.557854413986206,0.585414052009583,-0.446568012237549
0.606049597263336,-0.236950322985649,0.800052523612976,-0.382520943880081,-0.558353126049042,0.584697723388672,-0.447267204523086
0.606819152832031,-0.237167045474052,0.79943835735321,-0.382363259792328,-0.558332204818726,0.583877742290497,-0.448497980833054
0.607545256614685,-0.237731128931046,0.799214720726013,-0.37556979060173,-0.559415996074677,0.584887564182281,-0.451561659574509
0.608110249042511,-0.237962424755096,0.799161434173584,-0.377731531858444,-0.560081243515015,0.581016957759857,-0.453924119472504
0.608928501605988,-0.238199084997177,0.799051105976105,-0.377066135406494,-0.561141192913055,0.581354141235352,-0.452735126018524
0.608338594436646,-0.237558007240295,0.797765910625458,-0.378213971853256,-0.541956961154938,0.594499170780182,-0.458047747612
0.608754098415375,-0.238061159849167,0.797596156597137,-0.37159937620163,-0.537538886070251,0.598197638988495,-0.463816106319427
0.609317302703857,-0.238347634673119,0.797568142414093,-0.373538762331009,-0.541743576526642,0.594121217727661,-0.462604314088821
0.611283600330353,-0.239850163459778,0.798634231090546,-0.371923804283142,-0.563109338283539,0.579822897911072,-0.456492990255356
0.610477209091187,-0.23891693353653,0.797401368618011,-0.370758891105652,-0.543915867805481,0.593121588230133,-0.463573515415192
0.611002862453461,-0.239203527569771,0.797424495220184,-0.3696568608284,-0.544639945030212,0.592538475990295,-0.464348495006561
0.611561000347137,-0.239447802305222,0.797462582588196,-0.37354439496994,-0.547844231128693,0.589047610759735,-0.461902767419815
0.611867070198059,-0.239839613437653,0.797486662864685,-0.365464240312576,-0.542513191699982,0.59423565864563,-0.467973560094833
0.612553417682648,-0.239987969398499,0.797591686248779,-0.371360510587692,-0.549401700496674,0.588078081607819,-0.463048011064529
0.614189982414246,-0.241334438323975,0.798654556274414,-0.364065855741501,-0.568744897842407,0.575801968574524,-0.460909396409988
0.613380908966064,-0.240608349442482,0.797586798667908,-0.365074008703232,-0.54796040058136,0.590060353279114,-0.467214524745941
0.613814115524292,-0.240843772888184,0.797623336315155,-0.364254802465439,-0.547886788845062,0.590453326702118,-0.467443555593491
0.614168047904968,-0.240930542349815,0.797551512718201,-0.364839136600494,-0.542688131332397,0.593847095966339,-0.468751102685928
0.614764750003815,-0.241358429193497,0.797880053520203,-0.364771395921707,-0.545919954776764,0.591409027576447,-0.468132942914963
0.615326404571533,-0.241608753800392,0.797984600067139,-0.364937752485275,-0.546111464500427,0.590627193450928,-0.468766927719116
0.615746557712555,-0.241731137037277,0.797838985919952,-0.360570847988129,-0.540210068225861,0.595608294010162,-0.47266560792923
0.616323113441467,-0.242051899433136,0.797939658164978,-0.359622627496719,-0.542447984218597,0.594037413597107,-0.472801625728607
0.617378413677216,-0.242465034127235,0.798097610473633,-0.363151133060455,-0.550674200057983,0.587757587432861,-0.468423068523407
0.617918491363525,-0.24279098212719,0.798133611679077,-0.360451906919479,-0.550110161304474,0.589053273200989,-0.469541758298874
0.618552327156067,-0.243014112114906,0.798241376876831,-0.360512167215347,-0.549944460391998,0.588135063648224,-0.470838993787766
0.619155943393707,-0.24329774081707,0.798454284667969,-0.361202925443649,-0.549243450164795,0.586986482143402,-0.472557961940765
0.619841158390045,-0.243555039167404,0.798555672168732,-0.360176593065262,-0.549194812774658,0.586950361728668,-0.473442077636719
0.620569467544556,-0.24375656247139,0.798438549041748,-0.360629349946976,-0.546028554439545,0.58879017829895,-0.47447395324707
0.621343910694122,-0.243960663676262,0.798546850681305,-0.363481998443604,-0.546600520610809,0.586129605770111,-0.474932461977005
0.62194561958313,-0.244223341345787,0.798619389533997,-0.361910313367844,-0.54524689912796,0.587826609611511,-0.475591063499451
0.622635185718536,-0.244451254606247,0.798661768436432,-0.361798673868179,-0.544570028781891,0.5878084897995,-0.476473033428192
0.623512923717499,-0.244941487908363,0.798980832099915,-0.362049520015716,-0.546850740909576,0.586177289485931,-0.475679397583008
0.624225378036499,-0.245317339897156,0.799009203910828,-0.358758419752121,-0.545123875141144,0.587887942790985,-0.478037863969803
0.625095963478088,-0.245463252067566,0.799087584018707,-0.365274518728256,-0.550206303596497,0.582482278347015,-0.473879724740982
0.625740230083466,-0.245905533432961,0.799020409584045,-0.362713873386383,-0.546384692192078,0.584930121898651,-0.477241516113281
0.626539468765259,-0.246275454759598,0.799020648002625,-0.363526314496994,-0.545928716659546,0.584488093852997,-0.477686524391174
0.626539468765259,-0.246275454759598,0.799020648002625,-0.363526314496994,-0.545928716659546,0.584488093852997,-0.477686524391174
0.628048181533813,-0.246975541114807,0.798902213573456,-0.362416833639145,-0.546807467937469,0.583054661750793,-0.479273527860641
0.628965675830841,-0.247236117720604,0.798956692218781,-0.366279065608978,-0.548723220825195,0.580491960048676,-0.477254122495651
0.628965675830841,-0.247236117720604,0.798956692218781,-0.366279065608978,-0.548723220825195,0.580491960048676,-0.477254122495651
0.630095183849335,-0.24798995256424,0.798635959625244,-0.363832265138626,-0.544584989547729,0.582357883453369,-0.481572955846786
0.631136059761047,-0.248122364282608,0.798499464988708,-0.367201566696167,-0.547121167182922,0.5794318318367,-0.47966679930687
0.631762981414795,-0.248564526438713,0.798360586166382,-0.363820493221283,-0.543096125125885,0.582044184207916,-0.483638346195221
0.632722914218903,-0.24881973862648,0.798363924026489,-0.366359263658524,-0.545412838459015,0.57938677072525,-0.48230367898941
0.633174896240234,-0.249224275350571,0.798141002655029,-0.362712562084198,-0.543179094791412,0.580565750598907,-0.486147671937943
0.633795142173767,-0.249452397227287,0.797898054122925,-0.362420320510864,-0.542732834815979,0.580355107784271,-0.487114608287811
0.6346315741539,-0.24962192773819,0.797785818576813,-0.364952653646469,-0.543779969215393,0.577225208282471,-0.487774401903152
0.635291218757629,-0.250043600797653,0.797673404216766,-0.363640010356903,-0.543148636817932,0.578240096569061,-0.488255888223648
0.635902762413025,-0.250229358673096,0.797484636306763,-0.363233119249344,-0.54243266582489,0.577955543994904,-0.489689499139786
0.636665821075439,-0.250363320112228,0.797317743301392,-0.367536514997482,-0.545719623565674,0.574052214622498,-0.487412810325623
0.637178957462311,-0.250600159168243,0.797138035297394,-0.363692790269852,-0.542034327983856,0.576783955097198,-0.491168797016144
0.637178957462311,-0.250600159168243,0.797138035297394,-0.363692790269852,-0.542034327983856,0.576783955097198,-0.491168797016144
0.639610648155212,-0.252060979604721,0.797764539718628,-0.360750257968903,-0.566549718379974,0.558600425720215,-0.486668616533279
0.640132904052734,-0.252280592918396,0.797634720802307,-0.362269073724747,-0.565460681915283,0.558664262294769,-0.486733764410019
0.639338970184326,-0.251354545354843,0.796171545982361,-0.366308838129044,-0.540604531764984,0.574764907360077,-0.493163406848907
0.639699578285217,-0.251486390829086,0.795953989028931,-0.36936816573143,-0.540771961212158,0.572033524513245,-0.493872910737991
0.640131950378418,-0.251617252826691,0.795695543289185,-0.369462609291077,-0.541295886039734,0.571375370025635,-0.493990421295166
0.640385508537292,-0.251726984977722,0.795428276062012,-0.367760479450226,-0.539782881736755,0.573565363883972,-0.494377702474594
0.640826225280762,-0.251755207777023,0.795421004295349,-0.368086069822311,-0.540129661560059,0.57341206073761,-0.49393430352211
0.640826225280762,-0.251755207777023,0.795421004295349,-0.368086069822311,-0.540129661560059,0.57341206073761,-0.49393430352211
0.640398621559143,-0.252175450325012,0.79446804523468,-0.379543840885162,-0.55100291967392,0.565079689025879,-0.482728898525238
0.640663862228394,-0.252210080623627,0.794009447097778,-0.379511296749115,-0.550162732601166,0.565811336040497,-0.482855677604675
0.640663862228394,-0.252210080623627,0.794009447097778,-0.379511296749115,-0.550162732601166,0.565811336040497,-0.482855677604675
0.641957581043243,-0.252008408308029,0.794198751449585,-0.370380908250809,-0.537854194641113,0.573342144489288,-0.494782388210297
0.642069160938263,-0.252030909061432,0.79401421546936,-0.371037304401398,-0.537636816501617,0.573134064674377,-0.494768172502518
0.642228305339813,-0.252007156610489,0.793827533721924,-0.373366504907608,-0.538614213466644,0.571128904819489,-0.494271159172058
0.642256379127502,-0.25202202796936,0.793650269508362,-0.374447017908096,-0.537854373455048,0.57140702009201,-0.493959814310074
0.642237901687622,-0.252004683017731,0.793461084365845,-0.374975234270096,-0.537747979164124,0.571465373039246,-0.493607431650162
0.64218145608902,-0.252000093460083,0.793253779411316,-0.375956803560257,-0.537623524665833,0.571458995342255,-0.493003249168396
0.642070174217224,-0.251932144165039,0.793025851249695,-0.376189351081848,-0.53759503364563,0.571588218212128,-0.492706954479217
0.641945481300354,-0.251898437738419,0.792853951454163,-0.376692771911621,-0.537356734275818,0.571773290634155,-0.49236735701561
0.641785025596619,-0.251864194869995,0.792686939239502,-0.377194374799728,-0.537362277507782,0.57186359167099,-0.49187234044075
0.641594767570496,-0.251884341239929,0.792673707008362,-0.377752631902695,-0.539237916469574,0.570645928382874,-0.490804344415665
0.641376197338104,-0.251833826303482,0.792541027069092,-0.378491967916489,-0.5393026471138,0.570643782615662,-0.49016547203064
0.641064524650574,-0.251795411109924,0.792317926883698,-0.378825634717941,-0.539478778839111,0.570846319198608,-0.489477455615997
0.640600085258484,-0.251818895339966,0.792178809642792,-0.377603620290756,-0.538550555706024,0.572900652885437,-0.489043623209
0.640158176422119,-0.251701772212982,0.792019844055176,-0.378502666950226,-0.538075566291809,0.573135912418365,-0.488595485687256
0.639894723892212,-0.251613050699234,0.791976988315582,-0.38128998875618,-0.539421200752258,0.57100522518158,-0.487438052892685
0.639420568943024,-0.251596570014954,0.791936278343201,-0.380310267210007,-0.53879189491272,0.573186576366425,-0.486338019371033
0.639420568943024,-0.251596570014954,0.791936278343201,-0.380310267210007,-0.53879189491272,0.573186576366425,-0.486338019371033
0.638490200042725,-0.251486897468567,0.791972875595093,-0.382222145795822,-0.53913813829422,0.573212504386902,-0.484421133995056
0.637981653213501,-0.251411139965057,0.791979253292084,-0.382888287305832,-0.539560735225677,0.573228538036346,-0.483404815196991
0.63649708032608,-0.251592725515366,0.791365444660187,-0.393262594938278,-0.550551176071167,0.565777957439423,-0.471310287714005
0.636961996555328,-0.251288086175919,0.792059421539307,-0.383980482816696,-0.539791643619537,0.574400007724762,-0.480883240699768
0.636139035224915,-0.251323133707047,0.792014002799988,-0.385049730539322,-0.539022982120514,0.575041651725769,-0.480122834444046
0.635689556598663,-0.25122058391571,0.792167782783508,-0.389432519674301,-0.541135966777802,0.573455333709717,-0.476091742515564
0.635115504264832,-0.251152545213699,0.792211174964905,-0.386497169733047,-0.538927435874939,0.57665878534317,-0.47711843252182
0.634482979774475,-0.251126080751419,0.792277812957764,-0.387186914682388,-0.539336860179901,0.576738774776459,-0.475998401641846
0.633960247039795,-0.251145124435425,0.792428493499756,-0.390187293291092,-0.541298806667328,0.574214935302734,-0.47436997294426
0.633153975009918,-0.251286417245865,0.792538106441498,-0.386135280132294,-0.537811517715454,0.579658031463623,-0.475031584501266
0.632625877857208,-0.251265823841095,0.792712926864624,-0.391750186681747,-0.541348934173584,0.575537443161011,-0.471412658691406
0.631825923919678,-0.251305967569351,0.79276031255722,-0.390539169311523,-0.538869798183441,0.578886032104492,-0.471157521009445
0.631147980690002,-0.251438766717911,0.792898058891296,-0.391329556703568,-0.537801802158356,0.580209970474243,-0.470092564821243
0.631147980690002,-0.251438766717911,0.792898058891296,-0.391329556703568,-0.537801802158356,0.580209970474243,-0.470092564821243
0.629626333713531,-0.251688659191132,0.793166041374207,-0.392228722572327,-0.537073910236359,0.581744313240051,-0.468275845050812
0.628921866416931,-0.251924216747284,0.793348729610443,-0.394100159406662,-0.53681355714798,0.581905245780945,-0.466800540685654
0.628192067146301,-0.252147555351257,0.793517887592316,-0.396463304758072,-0.537387669086456,0.581397175788879,-0.464767307043076
0.628707885742188,-0.253357976675034,0.794864654541016,-0.394925564527512,-0.558624804019928,0.566516280174255,-0.459381848573685
0.627886354923248,-0.253599941730499,0.795027613639832,-0.39561602473259,-0.55881804227829,0.566286087036133,-0.458836257457733
0.627050876617432,-0.253898859024048,0.795192182064056,-0.394257426261902,-0.557125270366669,0.56967431306839,-0.457869023084641
0.62636262178421,-0.254162192344666,0.79533725976944,-0.397082984447479,-0.557639360427856,0.56806206703186,-0.456803262233734
0.62542062997818,-0.254910469055176,0.795523524284363,-0.397250294685364,-0.556262612342834,0.571093082427979,-0.454551458358765
0.624909639358521,-0.25510510802269,0.795725762844086,-0.399198055267334,-0.556585550308228,0.569948077201843,-0.453886270523071
0.6240354180336,-0.25539156794548,0.795799732208252,-0.399375379085541,-0.556436896324158,0.570390999317169,-0.453355669975281
0.623220443725586,-0.255883038043976,0.796069502830505,-0.399254769086838,-0.55425351858139,0.573491275310516,-0.45222395658493
0.622290074825287,-0.256008803844452,0.796051561832428,-0.397631019353867,-0.555280983448029,0.573629796504974,-0.452218264341354
0.621606290340424,-0.256562381982803,0.796285271644592,-0.398332208395004,-0.554274022579193,0.575219869613647,-0.450814813375473
0.620257794857025,-0.257083892822266,0.796298503875732,-0.400809168815613,-0.550592482089996,0.577021837234497,-0.450827807188034
0.619772493839264,-0.25715509057045,0.796334147453308,-0.398890048265457,-0.552011907100677,0.577336251735687,-0.450391709804535
0.618905127048492,-0.257495701313019,0.796560347080231,-0.39913210272789,-0.551244616508484,0.578442752361298,-0.449696779251099
0.618188619613647,-0.258026480674744,0.796803832054138,-0.401155740022659,-0.550506472587585,0.578677415847778,-0.448496609926224
0.617453336715698,-0.258230149745941,0.796744465827942,-0.399637639522552,-0.550966262817383,0.579831480979919,-0.44779634475708
0.616345584392548,-0.2583027780056,0.796828389167786,-0.397742629051208,-0.552052617073059,0.579255521297455,-0.448889195919037
0.615739345550537,-0.258595407009125,0.797038912773132,-0.400597035884857,-0.552548706531525,0.577641844749451,-0.447819381952286
0.614928007125854,-0.258917927742004,0.7972012758255,-0.398960947990417,-0.551302313804626,0.580713093280792,-0.446842670440674
0.614928007125854,-0.258917927742004,0.7972012758255,-0.398960947990417,-0.551302313804626,0.580713093280792,-0.446842670440674
0.613455593585968,-0.259536653757095,0.797572612762451,-0.4006128013134,-0.550632417201996,0.581426203250885,-0.445260554552078
0.612758338451385,-0.259796977043152,0.797679305076599,-0.400283008813858,-0.549574613571167,0.582869589328766,-0.44497674703598
0.612097203731537,-0.260127484798431,0.79790323972702,-0.40175187587738,-0.548297345638275,0.584004759788513,-0.443738639354706
0.612097203731537,-0.260127484798431,0.79790323972702,-0.40175187587738,-0.548297345638275,0.584004759788513,-0.443738639354706
0.610541880130768,-0.260600239038467,0.798114478588104,-0.403536677360535,-0.545939862728119,0.586230576038361,-0.44208762049675
0.610126495361328,-0.261030435562134,0.798360884189606,-0.404523074626923,-0.548080861568451,0.585052788257599,-0.440093010663986
0.609396874904633,-0.261223673820496,0.798531532287598,-0.405610978603363,-0.54760217666626,0.58486670255661,-0.439934879541397
0.608968079090118,-0.261339783668518,0.798713684082031,-0.409115254878998,-0.549843430519104,0.582952857017517,-0.43642058968544
0.608334243297577,-0.261549800634384,0.798845231533051,-0.409453839063644,-0.549680709838867,0.584025144577026,-0.434871703386307
0.607590198516846,-0.261809080839157,0.798856198787689,-0.407421469688416,-0.546755015850067,0.586150467395782,-0.437600702047348
0.6069695353508,-0.262056112289429,0.799102902412415,-0.412312418222427,-0.547918200492859,0.584321320056915,-0.43399640917778
0.606454968452454,-0.262136369943619,0.799149870872498,-0.408798336982727,-0.544394791126251,0.587967872619629,-0.436820656061172
0.606454968452454,-0.262136369943619,0.799149870872498,-0.408798336982727,-0.544394791126251,0.587967872619629,-0.436820656061172
0.605338394641876,-0.262358546257019,0.799402952194214,-0.409068584442139,-0.543675601482391,0.58881664276123,-0.436319589614868
0.60484504699707,-0.262537121772766,0.799575626850128,-0.409625858068466,-0.543777942657471,0.58873587846756,-0.435777902603149
0.60484504699707,-0.262537121772766,0.799575626850128,-0.409625858068466,-0.543777942657471,0.58873587846756,-0.435777902603149
0.603943109512329,-0.262661278247833,0.799929141998291,-0.408925920724869,-0.54380601644516,0.589694023132324,-0.435104012489319
0.603502035140991,-0.262689262628555,0.80005806684494,-0.408705085515976,-0.544006407260895,0.589724779129028,-0.43501952290535
0.603100717067719,-0.262722909450531,0.800283312797546,-0.409183025360107,-0.543954372406006,0.589480459690094,-0.434966415166855
0.602690577507019,-0.262755364179611,0.800493121147156,-0.409945428371429,-0.543177783489227,0.589815557003021,-0.434764713048935
0.602311730384827,-0.262754619121552,0.800663828849792,-0.409575521945953,-0.543661177158356,0.590073108673096,-0.434159219264984
0.602013349533081,-0.262698829174042,0.800793468952179,-0.409441620111465,-0.543495535850525,0.5904501080513,-0.433980345726013
0.601699829101562,-0.262643247842789,0.800961852073669,-0.411797940731049,-0.544700503349304,0.589436650276184,-0.431611388921738
0.601402044296265,-0.262574851512909,0.801114201545715,-0.412490427494049,-0.544375717639923,0.589423060417175,-0.431378424167633
0.601009964942932,-0.262525856494904,0.801262259483337,-0.414646446704865,-0.544256746768951,0.588542401790619,-0.430663615465164
0.600730538368225,-0.26237216591835,0.801314294338226,-0.414543032646179,-0.541242718696594,0.589738786220551,-0.43291848897934
0.600504517555237,-0.262170821428299,0.801403760910034,-0.415105402469635,-0.540219008922577,0.590572118759155,-0.432522267103195
0.600418925285339,-0.261900186538696,0.801630139350891,-0.415619850158691,-0.54309755563736,0.590328097343445,-0.428740173578262
0.600172102451324,-0.261621743440628,0.801656603813171,-0.416803002357483,-0.542643010616302,0.590534508228302,-0.427882105112076
0.600154161453247,-0.261400103569031,0.801594793796539,-0.415761351585388,-0.542649924755096,0.591954469680786,-0.426923424005508
0.599795281887054,-0.261244356632233,0.801489293575287,-0.414029657840729,-0.540072202682495,0.593852162361145,-0.429233074188232
0.599660158157349,-0.261027008295059,0.801490724086761,-0.414809674024582,-0.539405107498169,0.594014585018158,-0.429094433784485
0.599556982517242,-0.260560154914856,0.80151492357254,-0.415722459554672,-0.535601258277893,0.596367478370667,-0.429711759090424
0.599311351776123,-0.26031419634819,0.801652133464813,-0.417363226413727,-0.534380733966827,0.595638692378998,-0.430650293827057
0.599270462989807,-0.260066151618958,0.80168080329895,-0.418147057294846,-0.533787548542023,0.595879375934601,-0.430292665958404
0.599204063415527,-0.259850561618805,0.801746547222137,-0.42005980014801,-0.533509016036987,0.594865381717682,-0.43017789721489
0.599172353744507,-0.259551048278809,0.801866114139557,-0.420775681734085,-0.532551944255829,0.594948709011078,-0.430548936128616
0.599165856838226,-0.259330213069916,0.801904380321503,-0.42146772146225,-0.532171845436096,0.594801545143127,-0.430545330047607
0.598999261856079,-0.259166866540909,0.801903605461121,-0.422589659690857,-0.530861675739288,0.595212519168854,-0.430495113134384
0.599178433418274,-0.258718430995941,0.802045464515686,-0.422296702861786,-0.530989050865173,0.594961881637573,-0.430971592664719
0.599284112453461,-0.258266627788544,0.802185654640198,-0.426524698734283,-0.533293068408966,0.592554152011871,-0.42726457118988
0.599203765392303,-0.258045971393585,0.802232801914215,-0.423914551734924,-0.529300510883331,0.59559553861618,-0.43058505654335
0.599203765392303,-0.258045971393585,0.802232801914215,-0.423914551734924,-0.529300510883331,0.59559553861618,-0.43058505654335
0.599211752414703,-0.25738912820816,0.802520334720612,-0.428490966558456,-0.527998328208923,0.59395557641983,-0.429918617010117
0.599068582057953,-0.257149636745453,0.802622735500336,-0.427606463432312,-0.52629542350769,0.596317410469055,-0.429617792367935
0.599013447761536,-0.256876915693283,0.802760422229767,-0.429280459880829,-0.525736093521118,0.596506416797638,-0.428368955850601
0.598964154720306,-0.256630718708038,0.802984535694122,-0.430717825889587,-0.5248863697052,0.596717476844788,-0.427673548460007
0.598887503147125,-0.256376892328262,0.803155243396759,-0.43183296918869,-0.523737728595734,0.597323358058929,-0.427110999822617
0.598745882511139,-0.256173580884933,0.803393483161926,-0.433380603790283,-0.522352278232574,0.597695410251617,-0.426719814538956
0.598619639873505,-0.255925357341766,0.803596973419189,-0.433628618717194,-0.522283613681793,0.598024666309357,-0.426089942455292
0.600050508975983,-0.25774148106575,0.805401504039764,-0.432418584823608,-0.557028293609619,0.572396516799927,-0.418444663286209
0.600026726722717,-0.257516771554947,0.805704951286316,-0.436417102813721,-0.560182690620422,0.56887024641037,-0.414876073598862
0.598239362239838,-0.255362033843994,0.80427074432373,-0.434523165225983,-0.522860884666443,0.598676383495331,-0.423547983169556
0.598128497600555,-0.255272954702377,0.804552555084229,-0.434670567512512,-0.523353338241577,0.59834212064743,-0.423260658979416
0.597851276397705,-0.255073726177216,0.804783403873444,-0.434053391218185,-0.523991227149963,0.59807962179184,-0.423475831747055
0.597629308700562,-0.254935652017593,0.805027544498444,-0.434200525283813,-0.523636996746063,0.598267316818237,-0.423497915267944
0.597438812255859,-0.254866451025009,0.805231392383575,-0.434499591588974,-0.523400783538818,0.598295271396637,-0.423444002866745
0.59814316034317,-0.255848675966263,0.806542932987213,-0.433388620615005,-0.542880535125732,0.584078550338745,-0.419889897108078
0.599130690097809,-0.256807208061218,0.807247698307037,-0.431903630495071,-0.561347723007202,0.572003245353699,-0.413715153932571
0.598669052124023,-0.256810486316681,0.807224869728088,-0.4305140376091,-0.56012636423111,0.573471546173096,-0.414785087108612
0.598499894142151,-0.256753653287888,0.807363629341125,-0.430270999670029,-0.559902131557465,0.573818981647491,-0.414859712123871
0.596507430076599,-0.254503309726715,0.80602502822876,-0.433238118886948,-0.521643400192261,0.600935220718384,-0.423166632652283
0.598135828971863,-0.256630748510361,0.80791175365448,-0.433655202388763,-0.560306191444397,0.571414291858673,-0.414108395576477
0.597890675067902,-0.256627887487411,0.808004260063171,-0.433220595121384,-0.558092951774597,0.572079837322235,-0.416625708341599
0.596096336841583,-0.25451734662056,0.806563496589661,-0.435453444719315,-0.521556377410889,0.599357008934021,-0.423238158226013
0.597353279590607,-0.25640019774437,0.808231472969055,-0.432679682970047,-0.553079843521118,0.576663076877594,-0.417553305625916
0.597142398357391,-0.256403833627701,0.808379054069519,-0.430062234401703,-0.551973104476929,0.579634130001068,-0.417608112096786
0.595660746097565,-0.254534751176834,0.807110667228699,-0.433409661054611,-0.52105188369751,0.601323962211609,-0.423167407512665
0.596902310848236,-0.256323605775833,0.808665096759796,-0.431545317173004,-0.551118075847626,0.579127073287964,-0.417910695075989
0.596282422542572,-0.255718857049942,0.808809280395508,-0.432245254516602,-0.54225742816925,0.585979521274567,-0.419224441051483
0.595101296901703,-0.254606664180756,0.807766199111938,-0.430776625871658,-0.520189762115479,0.603558778762817,-0.423734873533249
0.595069229602814,-0.254587829113007,0.808060884475708,-0.432448655366898,-0.520926654338837,0.601909756660461,-0.423471748828888
0.594984471797943,-0.254631400108337,0.808333575725555,-0.431222766637802,-0.520071744918823,0.60315865278244,-0.42399537563324
0.596398770809174,-0.256522864103317,0.810103476047516,-0.429261475801468,-0.552763938903809,0.579323172569275,-0.417817562818527
0.595831871032715,-0.255912005901337,0.81003350019455,-0.429565101861954,-0.543000221252441,0.586544036865234,-0.420227140188217
0.595060229301453,-0.25448676943779,0.809187471866608,-0.430088996887207,-0.518459558486938,0.60465407371521,-0.424990266561508
0.595039367675781,-0.254510581493378,0.809440732002258,-0.428178787231445,-0.518068671226501,0.605659544467926,-0.425962835550308
0.595047533512115,-0.254552930593491,0.809776425361633,-0.427374482154846,-0.519336819648743,0.604966640472412,-0.426211029291153
0.594825387001038,-0.254643082618713,0.810044467449188,-0.426662981510162,-0.520331203937531,0.604644954204559,-0.426167517900467
0.594825387001038,-0.254643082618713,0.810044467449188,-0.426662981510162,-0.520331203937531,0.604644954204559,-0.426167517900467
0.594789385795593,-0.254628360271454,0.810567259788513,-0.422392517328262,-0.520010590553284,0.607184588909149,-0.427200973033905
0.59506094455719,-0.254525005817413,0.810998320579529,-0.423538506031036,-0.521276772022247,0.605934739112854,-0.426296919584274
0.595106422901154,-0.254461377859116,0.811298966407776,-0.423219114542007,-0.521589815616608,0.605344653129578,-0.427068442106247
0.595081031322479,-0.254433393478393,0.811460375785828,-0.423071563243866,-0.521003782749176,0.604517459869385,-0.429097086191177
0.595255970954895,-0.254309087991714,0.811933219432831,-0.422443568706512,-0.522779703140259,0.604943096637726,-0.426950544118881
0.595311880111694,-0.254254549741745,0.812099516391754,-0.421530693769455,-0.521759629249573,0.604900598526001,-0.429155141115189
0.595426619052887,-0.254130333662033,0.812328696250916,-0.420775979757309,-0.522119879722595,0.604816794395447,-0.429575532674789
0.59545624256134,-0.254041880369186,0.812520325183868,-0.418478310108185,-0.521141231060028,0.60680091381073,-0.430210143327713
0.595671236515045,-0.254076302051544,0.812671780586243,-0.418929815292358,-0.523524463176727,0.604692280292511,-0.429845660924911
0.595658779144287,-0.25401696562767,0.812802970409393,-0.419151961803436,-0.522817134857178,0.605162680149078,-0.429827928543091
0.596015274524689,-0.253745019435883,0.813139736652374,-0.418406307697296,-0.523107707500458,0.604902327060699,-0.430567026138306
0.596180558204651,-0.253287762403488,0.813376247882843,-0.417948454618454,-0.520410656929016,0.606914520263672,-0.431447207927704
0.596703767776489,-0.252971321344376,0.813678741455078,-0.419830054044724,-0.520553708076477,0.605187773704529,-0.431872993707657
0.596908807754517,-0.252803146839142,0.8138547539711,-0.419102162122726,-0.52124947309494,0.604673802852631,-0.432460457086563
0.597109496593475,-0.252651959657669,0.814010679721832,-0.41853129863739,-0.521512508392334,0.604493081569672,-0.432948440313339
0.59725022315979,-0.252728879451752,0.81410276889801,-0.418055027723312,-0.524128019809723,0.602626800537109,-0.432851672172546
0.597464084625244,-0.252494424581528,0.814185261726379,-0.416657835245132,-0.524888575077057,0.602328896522522,-0.433691412210464
0.59775322675705,-0.252259492874146,0.814390063285828,-0.415965795516968,-0.525029063224792,0.602170765399933,-0.434404641389847
0.598077535629272,-0.252088695764542,0.81455385684967,-0.415104478597641,-0.526260077953339,0.601880669593811,-0.434140890836716
0.598227679729462,-0.251951366662979,0.814618766307831,-0.414837390184402,-0.526187598705292,0.601838767528534,-0.434542059898376
0.5985386967659,-0.251745104789734,0.814697086811066,-0.414966374635696,-0.527130246162415,0.600792527198792,-0.434724092483521
0.599092721939087,-0.251470506191254,0.814855217933655,-0.413716316223144,-0.527721166610718,0.600886285305023,-0.435068935155868
0.599092721939087,-0.251470506191254,0.814855217933655,-0.413716316223144,-0.527721166610718,0.600886285305023,-0.435068935155868
0.599705815315247,-0.251037389039993,0.814957678318024,-0.410443842411041,-0.527056515216827,0.602584600448608,-0.436622440814972
0.600119054317474,-0.250769674777985,0.815003156661987,-0.409682720899582,-0.527332842350006,0.602199137210846,-0.43753445148468
0.600119054317474,-0.250769674777985,0.815003156661987,-0.409682720899582,-0.527332842350006,0.602199137210846,-0.43753445148468
0.600914895534515,-0.25031116604805,0.815109312534332,-0.410222083330154,-0.525794088840485,0.601851403713226,-0.439355671405792
0.60113263130188,-0.250215768814087,0.815083026885986,-0.409940659999847,-0.52589875459671,0.602146863937378,-0.43908816576004
0.601712584495544,-0.249855324625969,0.81524121761322,-0.410545378923416,-0.527811288833618,0.600492775440216,-0.438493520021439
0.602199375629425,-0.249467551708221,0.815232038497925,-0.410068482160568,-0.531662404537201,0.597493588924408,-0.438383787870407
0.602624595165253,-0.249277651309967,0.815279245376587,-0.40977618098259,-0.532027125358582,0.597234129905701,-0.438568353652954
0.602947056293488,-0.249132305383682,0.815194725990295,-0.408916294574737,-0.530407786369324,0.597047209739685,-0.441576659679413
0.603367924690247,-0.248798817396164,0.815162777900696,-0.409752547740936,-0.529884576797485,0.596229791641235,-0.442532926797867
0.603744208812714,-0.248540163040161,0.815127193927765,-0.40936690568924,-0.529066443443298,0.596668004989624,-0.443277388811111
0.604224741458893,-0.248322829604149,0.815124988555908,-0.409143686294556,-0.528843402862549,0.596712529659271,-0.443689525127411
0.604512929916382,-0.248126953840256,0.815074324607849,-0.406999439001083,-0.528040111064911,0.598772048950195,-0.443843692541122
0.605049788951874,-0.247848212718964,0.815129518508911,-0.410328865051269,-0.531094431877136,0.595762431621552,-0.441175609827042
0.60532146692276,-0.247662886977196,0.815019726753235,-0.409781336784363,-0.529869377613068,0.595051467418671,-0.444107532501221
0.605656087398529,-0.247380375862121,0.814941048622131,-0.41034471988678,-0.530575156211853,0.59385746717453,-0.444342881441116
0.606044769287109,-0.247057676315308,0.814942300319672,-0.410050809383392,-0.529057502746582,0.59508204460144,-0.444785296916962
0.60634171962738,-0.246776312589645,0.814874410629272,-0.407968819141388,-0.527868211269379,0.597025275230408,-0.445508241653442
0.606637954711914,-0.246509313583374,0.814781725406647,-0.407465547323227,-0.528371870517731,0.59652715921402,-0.446038395166397
0.606916725635529,-0.246271580457687,0.81477963924408,-0.40785938501358,-0.528981506824493,0.596194744110107,-0.445400029420853
0.606916725635529,-0.246271580457687,0.81477963924408,-0.40785938501358,-0.528981506824493,0.596194744110107,-0.445400029420853
0.607555449008942,-0.245745986700058,0.81466019153595,-0.408712774515152,-0.529434084892273,0.595004558563232,-0.445671528577805
0.607911705970764,-0.245489940047264,0.814611256122589,-0.410171538591385,-0.530726134777069,0.592944324016571,-0.445540517568588
0.608151376247406,-0.24520218372345,0.814567744731903,-0.410298079252243,-0.529495000839233,0.593583405017853,-0.446037352085114
0.608366012573242,-0.244986534118652,0.814484596252441,-0.409943431615829,-0.529644787311554,0.593592822551727,-0.446173220872879
0.608595192432404,-0.2447739392519,0.81444525718689,-0.409922927618027,-0.529089987277985,0.593997955322266,-0.4463110268116
0.608676135540009,-0.244656413793564,0.814336776733398,-0.407906830310821,-0.528684735298157,0.595721125602722,-0.446341544389725
0.608904421329498,-0.244412511587143,0.814298093318939,-0.410037577152252,-0.53053081035614,0.592896521091461,-0.445959866046906
0.608904421329498,-0.244412511587143,0.814298093318939,-0.410037577152252,-0.53053081035614,0.592896521091461,-0.445959866046906
0.609039187431335,-0.244100868701935,0.814144730567932,-0.409520417451859,-0.531093239784241,0.592365622520447,-0.44647079706192
0.608968913555145,-0.243954032659531,0.814017534255981,-0.407009482383728,-0.53097677230835,0.593464970588684,-0.44744411110878
0.608969628810883,-0.243825361132622,0.813932180404663,-0.40670320391655,-0.531090021133423,0.593241274356842,-0.447884827852249
0.608935713768005,-0.24373634159565,0.813869535923004,-0.406671404838562,-0.531083047389984,0.593174695968628,-0.448009997606277
0.60888397693634,-0.24364347755909,0.813874006271362,-0.40677484869957,-0.531120777130127,0.592796325683594,-0.448372036218643
0.608797132968903,-0.243613630533218,0.813743710517883,-0.406654417514801,-0.531294584274292,0.593017220497131,-0.447983205318451
0.6086545586586,-0.243547052145004,0.813658773899078,-0.406719088554382,-0.530762374401093,0.593434274196625,-0.448002874851227
0.6086545586586,-0.243547052145004,0.813658773899078,-0.406719088554382,-0.530762374401093,0.593434274196625,-0.448002874851227
0.608339250087738,-0.243506863713264,0.813546359539032,-0.407102167606354,-0.531268835067749,0.593186914920807,-0.447381973266602
0.608241558074951,-0.24347972869873,0.813529431819916,-0.408800572156906,-0.532258033752441,0.591569304466248,-0.446798771619797
0.60803484916687,-0.243525996804237,0.813491523265839,-0.409181445837021,-0.532116532325745,0.591668665409088,-0.446487218141556
0.607823133468628,-0.243574365973473,0.813457727432251,-0.409586042165756,-0.532279789447784,0.591539561748505,-0.446092575788498
0.607631266117096,-0.243565946817398,0.813530445098877,-0.410095721483231,-0.533093214035034,0.592018485069275,-0.444012761116028
0.607278764247894,-0.24369241297245,0.813458263874054,-0.411058157682419,-0.534349203109741,0.591106057167053,-0.4428271651268
0.606975853443146,-0.243767499923706,0.813393771648407,-0.411430090665817,-0.534517109394073,0.590896964073181,-0.44255793094635
0.606743276119232,-0.243929132819176,0.813379764556885,-0.412259370088577,-0.534471452236176,0.590735375881195,-0.442056745290756
0.606383442878723,-0.244123935699463,0.813280761241913,-0.408529102802277,-0.530866980552673,0.594141364097595,-0.445286691188812
0.60614025592804,-0.244259640574455,0.813243627548218,-0.408825278282166,-0.530636072158813,0.59428483247757,-0.445098638534546
0.605894863605499,-0.244403228163719,0.81325888633728,-0.40932297706604,-0.5301313996315,0.59437495470047,-0.445122361183167
0.6055868268013,-0.244731307029724,0.813242554664612,-0.40936067700386,-0.531396806240082,0.593358397483826,-0.444934904575348
0.605303704738617,-0.24494594335556,0.813196182250977,-0.409938454627991,-0.530988454818726,0.593655407428741,-0.444494128227234
0.604973375797272,-0.245123207569122,0.813088059425354,-0.410401076078415,-0.530562579631805,0.594044387340546,-0.444055825471878
0.604780852794647,-0.245433479547501,0.813119232654572,-0.411484152078628,-0.529586672782898,0.594686985015869,-0.443357974290848
0.604600608348846,-0.245642974972725,0.813097894191742,-0.4118592441082,-0.529179871082306,0.594894349575043,-0.443217366933823
0.604476690292358,-0.245808094739914,0.813057780265808,-0.414488881826401,-0.531631946563721,0.593056559562683,-0.44028440117836
0.604476690292358,-0.245808094739914,0.813057780265808,-0.414488881826401,-0.531631946563721,0.593056559562683,-0.44028440117836
0.603941917419434,-0.246378317475319,0.812899589538574,-0.413897007703781,-0.528536021709442,0.594287276268005,-0.442901521921158
0.603537619113922,-0.246739283204079,0.812876224517822,-0.414194196462631,-0.529652297496796,0.593553423881531,-0.442273557186127
0.603296339511871,-0.246960625052452,0.812835097312927,-0.41456538438797,-0.52940034866333,0.593644261360168,-0.442105501890182
0.602986216545105,-0.247217953205109,0.812772750854492,-0.413024604320526,-0.528456509113312,0.595523416996002,-0.442149430513382
0.602642357349396,-0.247515022754669,0.812725007534027,-0.413680553436279,-0.528387248516083,0.595191895961761,-0.442065566778183
0.602364659309387,-0.247783869504929,0.812685072422028,-0.414503186941147,-0.528064727783203,0.595085501670837,-0.441823542118073
0.602087140083313,-0.248127207159996,0.812659025192261,-0.415182203054428,-0.526719629764557,0.596217393875122,-0.441265344619751
0.601575434207916,-0.248480722308159,0.812417149543762,-0.415470957756042,-0.526245534420013,0.596798837184906,-0.440773010253906
0.601443886756897,-0.248677641153335,0.812359511852264,-0.414810210466385,-0.527318000793457,0.596192955970764,-0.440933704376221
0.601250946521759,-0.24885892868042,0.812259435653687,-0.416868180036545,-0.528371572494507,0.594453275203705,-0.440079271793365
0.601039171218872,-0.249059602618217,0.812241852283478,-0.417509913444519,-0.529281735420227,0.594849169254303,-0.43783637881279
0.600728988647461,-0.249284937977791,0.812100827693939,-0.418046295642853,-0.529525339603424,0.594696760177612,-0.437236934900284
0.60031259059906,-0.249496549367905,0.811871588230133,-0.41914963722229,-0.529835104942322,0.594600975513458,-0.435933619737625
0.599827587604523,-0.249727681279182,0.811552286148071,-0.416190981864929,-0.527079880237579,0.59697812795639,-0.438849717378616
0.59947657585144,-0.250014305114746,0.811384439468384,-0.415671527385712,-0.528062164783478,0.596541404724121,-0.43875515460968
0.59947657585144,-0.250014305114746,0.811384439468384,-0.415671527385712,-0.528062164783478,0.596541404724121,-0.43875515460968
0.598838806152344,-0.250440031290054,0.810936212539673,-0.416298657655716,-0.527856469154358,0.596612989902496,-0.4383105635643
0.598448216915131,-0.250561654567719,0.810716390609741,-0.416417449712753,-0.527109265327454,0.597273468971252,-0.438197016716003
0.597910821437836,-0.25083726644516,0.810454189777374,-0.417715907096863,-0.526589453220367,0.597249507904053,-0.437618434429169
0.597823560237885,-0.250855475664139,0.810262024402618,-0.419370472431183,-0.528124809265137,0.595287919044495,-0.436858206987381
0.597495079040527,-0.250986307859421,0.810038447380066,-0.420286774635315,-0.528379738330841,0.594867050647736,-0.436241984367371
0.597241759300232,-0.251092255115509,0.809902846813202,-0.421399265527725,-0.530216038227081,0.594403743743896,-0.43356454372406
0.596919119358063,-0.251294642686844,0.809641003608704,-0.421333253383636,-0.531646549701691,0.593805611133575,-0.432695269584656
0.596443474292755,-0.251445710659027,0.809280216693878,-0.422849416732788,-0.532560527324677,0.592726707458496,-0.431570112705231
0.595996558666229,-0.251656204462051,0.808989107608795,-0.41890761256218,-0.528986275196075,0.596510350704193,-0.434586524963379
0.595576882362366,-0.251800745725632,0.808710217475891,-0.419634371995926,-0.528925359249115,0.596247613430023,-0.434319883584976
0.595341861248016,-0.251873582601547,0.808385848999023,-0.422143369913101,-0.529435455799103,0.594075739383698,-0.434243232011795
0.594953835010529,-0.251990705728531,0.808109879493713,-0.420655757188797,-0.528737127780914,0.595888316631317,-0.4340540766716
0.594644546508789,-0.252049803733826,0.807838797569275,-0.422873020172119,-0.529918193817139,0.593672573566437,-0.433495223522186
0.593919515609741,-0.252125084400177,0.807454407215118,-0.421682059764862,-0.526923477649689,0.597367465496063,-0.433229565620422
0.593725442886353,-0.25216144323349,0.807242512702942,-0.421810805797577,-0.52813708782196,0.596725046634674,-0.432511627674103
0.593463838100433,-0.252245217561722,0.807005167007446,-0.42454132437706,-0.529524803161621,0.594335615634918,-0.431432038545609
0.59310507774353,-0.252378523349762,0.806766271591187,-0.425449073314667,-0.529458165168762,0.594250798225403,-0.430735796689987
0.592676401138306,-0.25246462225914,0.806482017040253,-0.425605744123459,-0.529656827449799,0.594220161437988,-0.430378764867783
0.59234756231308,-0.252449452877045,0.806206345558167,-0.422949433326721,-0.527285873889923,0.598025918006897,-0.430637329816818
0.591997742652893,-0.252546280622482,0.806015372276306,-0.423651397228241,-0.527034521102905,0.598090589046478,-0.430164903402328
0.591616451740265,-0.252580881118774,0.805676639080048,-0.423797816038132,-0.526198387145996,0.599297523498535,-0.429363608360291
0.591064631938934,-0.252883464097977,0.805422186851501,-0.426084905862808,-0.52988588809967,0.595352649688721,-0.428051322698593
0.590645134449005,-0.252983331680298,0.805187821388245,-0.42633855342865,-0.530038774013519,0.595341384410858,-0.427624970674515
0.589944422245026,-0.253241956233978,0.804869055747986,-0.425170302391052,-0.528810143470764,0.597618699073792,-0.427132427692413
0.589685559272766,-0.253186970949173,0.804730296134949,-0.424926847219467,-0.528440833091736,0.59801858663559,-0.4272720515728
0.589276731014252,-0.253296345472336,0.80448454618454,-0.425145030021667,-0.528073489665985,0.598397672176361,-0.426978200674057
0.588789939880371,-0.253369927406311,0.804251194000244,-0.425579965114594,-0.528117477893829,0.598297834396362,-0.426630407571793
0.588342487812042,-0.253437757492065,0.804042518138885,-0.427359998226166,-0.529022455215454,0.596763670444489,-0.425877630710602
0.588155448436737,-0.253466248512268,0.803847312927246,-0.428163290023804,-0.527085959911346,0.5982985496521,-0.425318121910095
0.588155448436737,-0.253466248512268,0.803847312927246,-0.428163290023804,-0.527085959911346,0.5982985496521,-0.425318121910095
0.587097227573395,-0.253886669874191,0.803414821624756,-0.429846107959747,-0.526566922664642,0.598504066467285,-0.4239721596241
0.58620685338974,-0.254275918006897,0.803181409835815,-0.427186876535416,-0.52898907661438,0.599007546901703,-0.422932684421539
0.586121737957001,-0.254155814647675,0.803041279315948,-0.427067011594772,-0.527269184589386,0.600488245487213,-0.423101454973221
0.585527122020721,-0.254443228244781,0.802804350852966,-0.426909148693085,-0.529012501239777,0.599549055099487,-0.422416120767593
0.585112154483795,-0.254585891962051,0.80258983373642,-0.427251815795898,-0.52849280834198,0.599826633930206,-0.422326266765594
0.586136519908905,-0.256686896085739,0.80391788482666,-0.425442576408386,-0.560278832912445,0.576225459575653,-0.415993541479111
0.585644662380219,-0.257023304700851,0.803630471229553,-0.428158402442932,-0.561193585395813,0.574259877204895,-0.414689898490906
0.583692729473114,-0.255231469869614,0.801883161067963,-0.430405497550964,-0.528002977371216,0.599232733249664,-0.420575976371765
0.584270715713501,-0.256232172250748,0.802813053131104,-0.42945408821106,-0.546018123626709,0.586038768291473,-0.417123645544052
0.583342134952545,-0.255317389965057,0.801650822162628,-0.431125104427338,-0.529096186161041,0.59979635477066,-0.417651534080505
0.582931458950043,-0.255516558885574,0.80143928527832,-0.431686967611313,-0.529101312160492,0.59979522228241,-0.417066156864166
0.582485318183899,-0.255826443433762,0.801220774650574,-0.431342631578445,-0.52848494052887,0.599281251430511,-0.41893807053566
0.58217853307724,-0.256030112504959,0.80106383562088,-0.43184632062912,-0.528299868106842,0.599428117275238,-0.41844230890274
0.581770777702332,-0.256255000829697,0.800859808921814,-0.429195076227188,-0.527011275291443,0.602426826953888,-0.418488800525665
0.581168472766876,-0.25654610991478,0.800580561161041,-0.428951561450958,-0.52795946598053,0.602215766906738,-0.417846411466599
0.581168472766876,-0.25654610991478,0.800580561161041,-0.428951561450958,-0.52795946598053,0.602215766906738,-0.417846411466599
0.581096887588501,-0.257876962423325,0.801202774047852,-0.429823011159897,-0.542848527431488,0.590668499469757,-0.414340943098068
0.580343782901764,-0.257097125053406,0.800082862377167,-0.432178616523743,-0.527886688709259,0.600787162780762,-0.416667848825455
0.579489707946777,-0.257338523864746,0.799516916275024,-0.431978970766068,-0.528315007686615,0.60068953037262,-0.416472911834717
0.580097377300262,-0.25744503736496,0.799933612346649,-0.434373319149017,-0.525022387504578,0.602391064167023,-0.415687918663025
0.579794466495514,-0.257624119520187,0.799751162528992,-0.435444712638855,-0.526865839958191,0.602302670478821,-0.412349253892899
0.579358220100403,-0.257896542549133,0.799503087997437,-0.436457574367523,-0.526338517665863,0.602607369422913,-0.411505788564682
0.579358220100403,-0.257896542549133,0.799503087997437,-0.436457574367523,-0.526338517665863,0.602607369422913,-0.411505788564682
0.578457772731781,-0.258691191673279,0.799049973487854,-0.435120642185211,-0.526601135730743,0.602455914020538,-0.412805616855621
0.578428506851196,-0.258812040090561,0.798967361450195,-0.434056758880615,-0.526679277420044,0.602785468101501,-0.4133440554142
0.578244864940643,-0.259001672267914,0.798844456672668,-0.434377372264862,-0.526436865329742,0.602838933467865,-0.413238316774368
0.57804661989212,-0.259212642908096,0.798706948757172,-0.434549003839493,-0.526435077190399,0.602862536907196,-0.413025438785553
0.577752888202667,-0.259444653987885,0.798467636108398,-0.434726625680923,-0.526046931743622,0.603546023368835,-0.41233429312706
0.577492892742157,-0.259692937135696,0.798186540603638,-0.434959918260574,-0.525895893573761,0.603614568710327,-0.41218039393425
0.577271938323975,-0.259928524494171,0.798089504241943,-0.435883700847626,-0.52471649646759,0.604116201400757,-0.411972731351852
0.577175259590149,-0.260061919689178,0.798013150691986,-0.439271956682205,-0.527213215827942,0.601832509040833,-0.408514261245727
0.577175259590149,-0.260061919689178,0.798013150691986,-0.439271956682205,-0.527213215827942,0.601832509040833,-0.408514261245727
0.576853036880493,-0.26058954000473,0.797746896743774,-0.438153624534607,-0.52327698469162,0.603929042816162,-0.411670416593552
0.576845467090607,-0.260666877031326,0.797685146331787,-0.438633680343628,-0.521221518516541,0.605404853820801,-0.411598861217499
0.576413810253143,-0.261139899492264,0.797487795352936,-0.438979268074036,-0.524462163448334,0.602769911289215,-0.410980850458145
0.576149582862854,-0.261419206857681,0.797302961349487,-0.439049035310745,-0.524736285209656,0.603056371212006,-0.410135328769684
0.575730979442596,-0.261695325374603,0.797074913978577,-0.44025319814682,-0.52475905418396,0.602623224258423,-0.409451097249985
0.57555764913559,-0.261845409870148,0.796985983848572,-0.441522032022476,-0.526606500148773,0.601933479309082,-0.406718492507935
0.575562298297882,-0.261923253536224,0.796922743320465,-0.440913200378418,-0.527524411678314,0.601627707481384,-0.406642079353333
0.575398802757263,-0.262128204107284,0.796821236610413,-0.44124910235405,-0.527599155902863,0.601593554019928,-0.406230688095093
0.575274407863617,-0.26231250166893,0.79671835899353,-0.441343247890472,-0.527715027332306,0.601650834083557,-0.405893296003342
0.575001299381256,-0.262524932622909,0.796570360660553,-0.442033886909485,-0.528632819652557,0.600569307804108,-0.405548721551895
0.574811339378357,-0.262758940458298,0.796425938606262,-0.438009232282638,-0.524870991706848,0.604269027709961,-0.409288734197617
0.574661791324615,-0.26291760802269,0.796251595020294,-0.437624007463455,-0.525066912174225,0.604450702667236,-0.409181326627731
0.574647665023804,-0.263031303882599,0.796095848083496,-0.439543843269348,-0.525559425354004,0.602582991123199,-0.409246057271957
0.574474692344666,-0.263178616762161,0.795968890190125,-0.439059674739838,-0.525783002376556,0.602811634540558,-0.409141719341278
0.574529886245728,-0.263195604085922,0.795911848545074,-0.438991516828537,-0.524592757225037,0.60374242067337,-0.409370213747024
0.574392914772034,-0.263333797454834,0.79577898979187,-0.438667863607407,-0.524873614311218,0.60370284318924,-0.409415692090988
0.574297189712524,-0.263434290885925,0.795697808265686,-0.438665956258774,-0.524579226970673,0.604031324386597,-0.409310340881348
0.574238300323486,-0.263678163290024,0.795660376548767,-0.439429402351379,-0.523837149143219,0.604405224323273,-0.408889532089233
0.573749601840973,-0.264155834913254,0.795495510101318,-0.43992093205452,-0.526444315910339,0.602419912815094,-0.407941728830338
0.573662221431732,-0.26429545879364,0.795441746711731,-0.438861757516861,-0.526221692562103,0.60327422618866,-0.408107191324234
0.573746562004089,-0.26432192325592,0.795430898666382,-0.438426524400711,-0.52672415971756,0.602392733097076,-0.409227043390274
0.573665857315063,-0.26443749666214,0.795347809791565,-0.438168525695801,-0.526714324951172,0.602391719818115,-0.409517645835876
0.573470294475555,-0.264699697494507,0.795232534408569,-0.438769310712814,-0.526411175727844,0.602559328079224,-0.409017324447632
0.573431372642517,-0.264825522899628,0.79518461227417,-0.438636690378189,-0.526763260364532,0.602332472801208,-0.409040063619614
0.57356196641922,-0.26481294631958,0.795241057872772,-0.437873840332031,-0.527422547340393,0.601961553096771,-0.409554034471512
0.57355260848999,-0.264905363321304,0.795210480690002,-0.437652796506882,-0.52770870923996,0.601779997348785,-0.409688144922256
0.573554635047913,-0.265021353960037,0.795125007629395,-0.437414407730102,-0.528159618377686,0.601631104946136,-0.409580439329147
0.573557436466217,-0.26509901881218,0.795128226280212,-0.437185525894165,-0.528439819812775,0.601452589035034,-0.409725606441498
0.573586225509644,-0.265193104743958,0.795127272605896,-0.436882793903351,-0.528947055339813,0.601162791252136,-0.40981912612915
0.573613822460175,-0.26524493098259,0.795128345489502,-0.436657190322876,-0.529078483581543,0.601097762584686,-0.409985423088074
0.573642730712891,-0.265321284532547,0.795143246650696,-0.436288684606552,-0.52953040599823,0.600813806056976,-0.410210430622101
0.573674261569977,-0.265364289283752,0.795147001743317,-0.435980618000031,-0.529985129833221,0.600505292415619,-0.410402238368988
0.57371324300766,-0.26540607213974,0.795162320137024,-0.435935199260712,-0.530665397644043,0.59982293844223,-0.410569608211517
0.573739230632782,-0.265407621860504,0.795200645923615,-0.435618788003922,-0.530735313892365,0.599970877170563,-0.41059872508049
0.573619723320007,-0.265503019094467,0.79516190290451,-0.435924142599106,-0.530699670314789,0.599888503551483,-0.410441011190414
0.573636710643768,-0.26545438170433,0.795206248760223,-0.43570926785469,-0.53084397315979,0.599821865558624,-0.410579770803451
0.573819577693939,-0.265276581048965,0.795388460159302,-0.434962421655655,-0.531410813331604,0.599311649799347,-0.411382853984833
0.573702156543732,-0.265334397554398,0.795346200466156,-0.43531134724617,-0.531053483486176,0.59968364238739,-0.41093322634697
0.573757827281952,-0.265259712934494,0.795398414134979,-0.435256451368332,-0.530803501605988,0.599983692169189,-0.41087594628334
0.57377552986145,-0.265164762735367,0.795458316802979,-0.434919476509094,-0.530794441699982,0.600233912467957,-0.410879075527191
0.573990345001221,-0.264920622110367,0.795575678348541,-0.433836072683334,-0.531628608703613,0.599846303462982,-0.411511570215225
0.573990345001221,-0.264920622110367,0.795575678348541,-0.433836072683334,-0.531628608703613,0.599846303462982,-0.411511570215225
0.573935568332672,-0.26480159163475,0.795603692531586,-0.433803170919418,-0.531639575958252,0.599887371063232,-0.411472141742706
0.574180006980896,-0.264591693878174,0.795774638652802,-0.432761192321777,-0.533210635185242,0.598927855491638,-0.411933809518814
0.574275135993958,-0.264409244060516,0.795836865901947,-0.431924194097519,-0.534064114093781,0.598540723323822,-0.412269800901413
0.57437652349472,-0.264283716678619,0.795931398868561,-0.431693255901337,-0.534190356731415,0.598621726036072,-0.412230044603348
0.574655473232269,-0.263986617326736,0.796054184436798,-0.431626379489899,-0.531871438026428,0.600309312343597,-0.412844032049179
0.574653267860413,-0.263919711112976,0.796150684356689,-0.428547710180283,-0.531274437904358,0.602737724781036,-0.413281440734863
0.574740469455719,-0.263817846775055,0.796241462230682,-0.42835345864296,-0.531392514705658,0.602692246437073,-0.413397669792175
0.574851274490356,-0.263639479875565,0.796345174312592,-0.428255468606949,-0.530747294425964,0.603207528591156,-0.413576453924179
0.574951767921448,-0.263504892587662,0.79643851518631,-0.427601426839828,-0.531100988388062,0.603104114532471,-0.413949728012085
0.574951767921448,-0.263504892587662,0.79643851518631,-0.427601426839828,-0.531100988388062,0.603104114532471,-0.413949728012085
0.575152516365051,-0.263229757547378,0.796752870082855,-0.426988661289215,-0.53180468082428,0.603019952774048,-0.413801252841949
0.575452268123627,-0.263035178184509,0.796978235244751,-0.429621249437332,-0.534821927547455,0.600187838077545,-0.411297798156738
0.57557076215744,-0.262944430112839,0.797096848487854,-0.429094761610031,-0.535072565078735,0.60015994310379,-0.411561846733093
0.57557076215744,-0.262944430112839,0.797096848487854,-0.429094761610031,-0.535072565078735,0.60015994310379,-0.411561846733093
0.575428485870361,-0.263014793395996,0.797182381153107,-0.429230988025665,-0.536943078041077,0.598740339279175,-0.411051362752914
0.575507998466492,-0.262957960367203,0.79724133014679,-0.428203910589218,-0.535698354244232,0.598965048789978,-0.413412243127823
0.57564115524292,-0.262893080711365,0.797356605529785,-0.427944630384445,-0.536069869995117,0.598741769790649,-0.413522243499756
0.575821816921234,-0.262810587882996,0.797452092170715,-0.427151501178741,-0.536553978919983,0.598839342594147,-0.413573354482651
0.57592636346817,-0.262777894735336,0.797583699226379,-0.424978286027908,-0.5360347032547,0.600477278232574,-0.414110600948334
0.576248407363892,-0.262589126825333,0.797736942768097,-0.423496961593628,-0.537085294723511,0.600151062011719,-0.41473913192749
0.576408386230469,-0.262535274028778,0.797853469848633,-0.422917723655701,-0.537289500236511,0.600122511386871,-0.415107011795044
0.576586365699768,-0.262519866228104,0.797984063625336,-0.422366440296173,-0.53825718164444,0.59950715303421,-0.415303617715836
0.576973021030426,-0.26225358247757,0.798193991184235,-0.422328472137451,-0.535891354084015,0.600888550281525,-0.416403740644455
0.576973021030426,-0.26225358247757,0.798193991184235,-0.422328472137451,-0.535891354084015,0.600888550281525,-0.416403740644455
0.577334821224213,-0.262157797813416,0.798414885997772,-0.421395510435104,-0.536630570888519,0.600189328193665,-0.417403995990753
0.57750278711319,-0.26212015748024,0.79849898815155,-0.420741379261017,-0.536650121212006,0.600001871585846,-0.418307572603226
0.577771306037903,-0.262105643749237,0.798630356788635,-0.420042365789413,-0.537557661533356,0.599439918994904,-0.418650090694427
0.578123211860657,-0.262062728404999,0.798791766166687,-0.422508955001831,-0.539012610912323,0.59645688533783,-0.418558090925217
0.578146815299988,-0.262152701616287,0.798864126205444,-0.42180398106575,-0.540623426437378,0.595355451107025,-0.418759793043137
0.578396260738373,-0.262088268995285,0.798959195613861,-0.420838385820389,-0.541121125221252,0.59531033039093,-0.419152200222015
0.578633725643158,-0.261961400508881,0.799025893211365,-0.419709086418152,-0.541301608085632,0.595410108566284,-0.419909358024597
0.578857958316803,-0.261778563261032,0.799094915390015,-0.419190436601639,-0.543839514255524,0.594594717025757,-0.418300658464432
0.579097032546997,-0.261670529842377,0.799189686775208,-0.418450534343719,-0.543767094612122,0.594716131687164,-0.418962091207504
0.579672873020172,-0.261312276124954,0.799404203891754,-0.416850119829178,-0.540950000286102,0.597078800201416,-0.420839697122574
0.579876184463501,-0.261366307735443,0.799498975276947,-0.41615480184555,-0.542233824729919,0.596205949783325,-0.421113520860672
0.580234229564667,-0.261485993862152,0.799667239189148,-0.415658533573151,-0.545025050640106,0.593934118747711,-0.421210110187531
0.580480575561523,-0.261370629072189,0.799731254577637,-0.415094912052154,-0.544947981834412,0.59403383731842,-0.421724826097488
0.580718040466309,-0.261283993721008,0.799780011177063,-0.413776934146881,-0.543500602245331,0.594319343566895,-0.424476563930511
0.581058621406555,-0.261128485202789,0.799893617630005,-0.412647068500519,-0.543927431106567,0.594253242015839,-0.42512172460556
0.581499457359314,-0.26095986366272,0.800011813640594,-0.41155594587326,-0.544351756572723,0.594214737415314,-0.425689727067947
0.581851840019226,-0.260830998420715,0.800130784511566,-0.409067064523697,-0.543787956237793,0.595825135707855,-0.42655736207962
0.58208429813385,-0.260804653167725,0.800217926502228,-0.409078061580658,-0.543408095836639,0.595859229564667,-0.426983326673508
0.582487821578979,-0.260612607002258,0.800291359424591,-0.408836007118225,-0.543446123600006,0.595793306827545,-0.427258431911469
0.583007335662842,-0.260435849428177,0.800403237342834,-0.411559075117111,-0.54522716999054,0.59229052066803,-0.427245318889618
0.583702743053436,-0.260171055793762,0.80062460899353,-0.410034269094467,-0.546428322792053,0.591715812683105,-0.427972555160522
0.584275007247925,-0.259821087121964,0.800926089286804,-0.409777879714966,-0.547443032264709,0.59187513589859,-0.426698952913284
0.584704339504242,-0.259662359952927,0.801034450531006,-0.408898234367371,-0.547603011131287,0.591755390167236,-0.427503287792206
0.585303604602814,-0.259486764669418,0.801256477832794,-0.407472103834152,-0.546620547771454,0.592448890209198,-0.429158538579941
0.585645198822021,-0.259420275688171,0.801352262496948,-0.407207667827606,-0.546315252780914,0.592391490936279,-0.429876655340195
0.586453020572662,-0.259026825428009,0.801283180713654,-0.404131025075912,-0.547984898090363,0.592698514461517,-0.430231600999832
0.586890995502472,-0.258840024471283,0.801470935344696,-0.404671251773834,-0.546360313892365,0.590599715709686,-0.434653550386429
0.587530493736267,-0.25861781835556,0.801659464836121,-0.403328150510788,-0.54597806930542,0.591070711612701,-0.43574070930481
0.588002800941467,-0.258338421583176,0.801810503005981,-0.40024396777153,-0.545377612113953,0.592811822891235,-0.436969488859177
0.58850359916687,-0.25813353061676,0.801894962787628,-0.402634471654892,-0.546722829341888,0.589871108531952,-0.437071621417999
0.589308023452759,-0.2576964199543,0.802109599113464,-0.400979280471802,-0.547428905963898,0.589467525482178,-0.438252657651901
0.589892327785492,-0.257424116134643,0.802203774452209,-0.400122493505478,-0.547315299510956,0.589157462120056,-0.43959230184555
0.590668082237244,-0.257075697183609,0.802322506904602,-0.400149494409561,-0.548086225986481,0.587729096412659,-0.440518498420715
0.59122771024704,-0.256813436746597,0.802486479282379,-0.397000968456268,-0.547294735908508,0.589805603027344,-0.441574722528458
0.591859638690948,-0.256504595279694,0.802681446075439,-0.396341294050217,-0.547280371189117,0.589312374591827,-0.442841708660126
0.59239137172699,-0.256274878978729,0.802839994430542,-0.396208673715591,-0.545676171779633,0.590098023414612,-0.44389271736145
0.593331813812256,-0.255748361349106,0.803081214427948,-0.39667534828186,-0.546483814716339,0.588211536407471,-0.44498485326767
0.594059586524963,-0.255379259586334,0.803209602832794,-0.396972775459289,-0.547112464904785,0.586951732635498,-0.445610105991364
0.5948166847229,-0.255146145820618,0.80332887172699,-0.395882993936539,-0.547230780124664,0.587076425552368,-0.446269512176514
0.595519959926605,-0.254702508449554,0.803563177585602,-0.394418865442276,-0.546193182468414,0.587335109710693,-0.448491275310516
0.596137762069702,-0.254413038492203,0.803721845149994,-0.391334533691406,-0.545678198337555,0.588806629180908,-0.44988825917244
0.59690523147583,-0.254162013530731,0.803937137126923,-0.393531143665314,-0.547064781188965,0.58518248796463,-0.451015561819076
0.597824096679688,-0.253673493862152,0.804241895675659,-0.394410848617554,-0.550743937492371,0.582834780216217,-0.448803961277008
0.598608553409576,-0.253257840871811,0.804391503334045,-0.392780870199203,-0.550858318805695,0.583107590675354,-0.449737548828125
0.599367916584015,-0.252906948328018,0.804597556591034,-0.390793353319168,-0.548122942447662,0.583754301071167,-0.453952580690384
0.599951803684235,-0.252642840147018,0.804697751998901,-0.389142453670502,-0.548102140426636,0.583874702453613,-0.455238938331604
0.600884914398193,-0.25255486369133,0.805001258850098,-0.390766680240631,-0.547259330749512,0.583705246448517,-0.455079138278961
0.601356863975525,-0.252039045095444,0.805145978927612,-0.388451844453812,-0.549027502536774,0.582149028778076,-0.456920772790909
0.60233199596405,-0.251542001962662,0.80556720495224,-0.389969408512115,-0.551261007785797,0.580747842788696,-0.454716682434082
0.60313355922699,-0.251115471124649,0.80579662322998,-0.388344764709473,-0.54963493347168,0.581668853759766,-0.456892758607864
0.603700876235962,-0.250951498746872,0.805940687656403,-0.38560089468956,-0.547886490821838,0.582868874073029,-0.459778726100922
0.604509174823761,-0.250617682933807,0.806200861930847,-0.385496914386749,-0.548512399196625,0.581385552883148,-0.460995972156525
0.603915810585022,-0.249282628297806,0.805221796035767,-0.386758834123611,-0.528032064437866,0.59552139043808,-0.465783208608627
0.604717314243317,-0.248894572257996,0.805518746376038,-0.389150559902191,-0.527985751628876,0.593892931938171,-0.465922832489014
0.605461716651917,-0.248509183526039,0.805785775184631,-0.388608306646347,-0.526549100875854,0.594077825546265,-0.467761933803558
