x,y,z,q0,q1,q2,q3
-0.373454421758652,-0.318608164787292,1.42483747005463,-0.274336159229279,-0.152913495898247,-0.450622797012329,-0.835641264915466
-0.373590916395187,-0.31978765130043,1.42460191249847,-0.27426615357399,-0.15340068936348,-0.44967645406723,-0.836084604263306
-0.373749911785126,-0.320745319128036,1.42470228672028,-0.274909973144531,-0.152606815099716,-0.448294699192047,-0.836760222911835
-0.373877823352814,-0.321932733058929,1.42441964149475,-0.27450880408287,-0.152258008718491,-0.448432743549347,-0.836881399154663
-0.373913645744324,-0.322689533233643,1.42453801631927,-0.275486946105957,-0.151591569185257,-0.447836071252823,-0.837000489234924
-0.374090760946274,-0.323653131723404,1.42436504364014,-0.275626331567764,-0.151429712772369,-0.448016345500946,-0.836887419223785
-0.374090760946274,-0.323653131723404,1.42436504364014,-0.275626331567764,-0.151429712772369,-0.448016345500946,-0.836887419223785
-0.374175995588303,-0.325411945581436,1.42437267303467,-0.277069389820099,-0.15163704752922,-0.450210779905319,-0.835194110870361
-0.3741375207901,-0.326416373252869,1.424112200737,-0.276744544506073,-0.150946080684662,-0.450159758329391,-0.835454344749451
-0.374203681945801,-0.327291399240494,1.42406165599823,-0.277170836925507,-0.150041997432709,-0.449013531208038,-0.836092412471771
-0.374367147684097,-0.327938914299011,1.42412221431732,-0.278210878372192,-0.150021210312843,-0.448965817689896,-0.835776388645172
-0.374337911605835,-0.328628391027451,1.42409086227417,-0.279091656208038,-0.149367779493332,-0.448646575212479,-0.835771083831787
-0.374337911605835,-0.328628391027451,1.42409086227417,-0.279091656208038,-0.149367779493332,-0.448646575212479,-0.835771083831787
-0.374198824167252,-0.330125033855438,1.42398130893707,-0.27955162525177,-0.148218840360641,-0.447961241006851,-0.836189448833466
-0.374223709106445,-0.330675601959229,1.42378342151642,-0.280067324638367,-0.148322969675064,-0.449039101600647,-0.83542001247406
-0.374315947294235,-0.331328958272934,1.42346251010895,-0.279770374298096,-0.148015320301056,-0.448758482933044,-0.835724711418152
-0.374274432659149,-0.331982135772705,1.42327308654785,-0.279896736145019,-0.148032128810883,-0.449156314134598,-0.835465729236603
-0.374243080615997,-0.332509785890579,1.42321801185608,-0.280735820531845,-0.148283511400223,-0.450214356184006,-0.83456963300705
-0.374184101819992,-0.333263337612152,1.42351651191711,-0.282022714614868,-0.148991405963898,-0.451640516519547,-0.833238065242767
-0.374379098415375,-0.333720654249191,1.42320489883423,-0.282003104686737,-0.149692639708519,-0.452479839324951,-0.832663416862488
-0.374338209629059,-0.334288090467453,1.42322850227356,-0.282450765371323,-0.149919420480728,-0.452553063631058,-0.832431077957153
-0.374317854642868,-0.33492186665535,1.42321479320526,-0.282624870538711,-0.148798048496246,-0.450556397438049,-0.83365535736084
-0.374312460422516,-0.335350096225739,1.42321944236755,-0.283353090286255,-0.149415627121925,-0.451491147279739,-0.832791566848755
-0.374408900737762,-0.335686415433884,1.42299616336823,-0.283372581005096,-0.149759814143181,-0.451824456453323,-0.832542359828949
-0.374353766441345,-0.336063027381897,1.42276930809021,-0.283144414424896,-0.149912506341934,-0.452188372612,-0.83239483833313
-0.37418657541275,-0.336937546730042,1.42346513271332,-0.284455150365829,-0.150132581591606,-0.452018171548843,-0.83200067281723
-0.374250560998917,-0.337167531251907,1.42298865318298,-0.283557742834091,-0.150056734681129,-0.451913744211197,-0.832377314567566
-0.374117434024811,-0.337638080120087,1.42325186729431,-0.284093022346497,-0.150182172656059,-0.451942175626755,-0.832156777381897
-0.374070972204208,-0.337936699390411,1.42329668998718,-0.284294992685318,-0.15042681992054,-0.452235341072083,-0.831884264945984
-0.374095350503922,-0.338307350873947,1.42335593700409,-0.284397959709167,-0.150869131088257,-0.452557951211929,-0.831593453884125
-0.373943120241165,-0.338504016399383,1.4234002828598,-0.284780561923981,-0.1510229408741,-0.453538119792938,-0.830900311470032
-0.373954474925995,-0.338801115751266,1.4233980178833,-0.284743964672089,-0.151285618543625,-0.45381486415863,-0.830713868141174
-0.373954474925995,-0.338801115751266,1.4233980178833,-0.284743964672089,-0.151285618543625,-0.45381486415863,-0.830713868141174
-0.374125689268112,-0.33921480178833,1.42301678657532,-0.283766597509384,-0.152101144194603,-0.454837918281555,-0.830339848995209
-0.373935878276825,-0.3397216796875,1.42344784736633,-0.283992111682892,-0.151838108897209,-0.453884243965149,-0.830832660198212
-0.373924493789673,-0.340029120445251,1.42360138893127,-0.284081041812897,-0.152175650000572,-0.454165726900101,-0.830586552619934
-0.373924493789673,-0.340029120445251,1.42360138893127,-0.284081041812897,-0.152175650000572,-0.454165726900101,-0.830586552619934
-0.374824196100235,-0.340811610221863,1.4239045381546,-0.284241557121277,-0.154565051198006,-0.458180159330368,-0.827881276607513
-0.374847948551178,-0.34104859828949,1.42401731014252,-0.284175843000412,-0.154927089810371,-0.458542704582214,-0.827635407447815
-0.374944627285004,-0.341279119253159,1.42405152320862,-0.283867567777634,-0.155344948172569,-0.459064960479736,-0.827373266220093
-0.374944627285004,-0.341279119253159,1.42405152320862,-0.283867567777634,-0.155344948172569,-0.459064960479736,-0.827373266220093
-0.374952167272568,-0.341736704111099,1.42427444458008,-0.283338904380798,-0.155937314033508,-0.459752291440964,-0.827061355113983
-0.375008225440979,-0.341757476329803,1.42401504516602,-0.282841235399246,-0.15746833384037,-0.462844669818878,-0.825214803218842
-0.375068753957748,-0.342098206281662,1.42418158054352,-0.28237783908844,-0.156614124774933,-0.460522413253784,-0.826833665370941
-0.375036150217056,-0.342392981052399,1.42428088188171,-0.282139837741852,-0.156938448548317,-0.460968434810638,-0.826604843139648
-0.375074833631516,-0.342684745788574,1.42436528205872,-0.281908184289932,-0.157345533370972,-0.461337715387344,-0.826400518417358
-0.375052511692047,-0.342998892068863,1.42456758022308,-0.281914323568344,-0.157691702246666,-0.461628526449203,-0.826169908046722
-0.375056385993958,-0.343316733837128,1.42467033863068,-0.281748443841934,-0.158119156956673,-0.461909174919128,-0.825987935066223
-0.37502658367157,-0.343545258045196,1.42465937137604,-0.281407475471497,-0.158430173993111,-0.462228268384933,-0.825866162776947
-0.375065207481384,-0.343815267086029,1.42464458942413,-0.28115776181221,-0.158875375986099,-0.462587803602219,-0.825664281845093
-0.374826580286026,-0.34406453371048,1.42471051216125,-0.280822783708572,-0.158132806420326,-0.462792873382568,-0.825805842876434
-0.374808549880981,-0.344375342130661,1.4247419834137,-0.281037777662277,-0.158915936946869,-0.463915705680847,-0.824951887130737
-0.374808549880981,-0.344375342130661,1.4247419834137,-0.281037777662277,-0.158915936946869,-0.463915705680847,-0.824951887130737
-0.37479442358017,-0.345009654760361,1.42478179931641,-0.281685501337051,-0.160691201686859,-0.465566843748093,-0.823455572128296
-0.374679207801819,-0.345271378755569,1.42479586601257,-0.281911253929138,-0.160795077681541,-0.465469688177109,-0.823413014411926
-0.374715179204941,-0.345702588558197,1.4248913526535,-0.282370388507843,-0.161239013075828,-0.465493083000183,-0.823155581951141
-0.375118106603622,-0.346237033605576,1.42498505115509,-0.282854944467545,-0.162995874881744,-0.466329485177994,-0.822169303894043
-0.375162988901138,-0.346555858850479,1.42493569850922,-0.283499091863632,-0.163750916719437,-0.4659763276577,-0.821997582912445
-0.375260591506958,-0.346944272518158,1.424933552742,-0.284382373094559,-0.164247021079063,-0.46589994430542,-0.821636736392975
-0.375341564416885,-0.347315043210983,1.42481112480164,-0.284693568944931,-0.164300560951233,-0.466042548418045,-0.821437299251556
-0.375369250774383,-0.347674906253815,1.42470061779022,-0.285150080919266,-0.164329543709755,-0.466034144163132,-0.821277976036072
-0.375453352928162,-0.348191291093826,1.42485225200653,-0.286014437675476,-0.164153352379799,-0.464584410190582,-0.821833848953247
-0.375244915485382,-0.348606705665588,1.4247739315033,-0.285827934741974,-0.162416502833366,-0.465437859296799,-0.821760892868042
-0.375179708003998,-0.348972648382187,1.42472648620605,-0.286459237337112,-0.162306740880013,-0.465103000402451,-0.821752309799194
-0.375169575214386,-0.349543303251266,1.42503869533539,-0.287678390741348,-0.161848321557045,-0.463657408952713,-0.822233557701111
-0.374903053045273,-0.349884212017059,1.42488777637482,-0.288587272167206,-0.162995204329491,-0.459980845451355,-0.823752164840698
-0.375015556812286,-0.350097775459289,1.42447912693024,-0.289034307003021,-0.164379701018333,-0.462604135274887,-0.821849167346954
-0.374996364116669,-0.35072910785675,1.42473101615906,-0.289928555488586,-0.164329662919044,-0.462416559457779,-0.821649610996246
-0.376082628965378,-0.351267069578171,1.42431998252869,-0.290155202150345,-0.166561275720596,-0.465572535991669,-0.819334864616394
-0.376174807548523,-0.351732850074768,1.4242947101593,-0.290782243013382,-0.166658937931061,-0.465237379074097,-0.819283068180084
-0.376255750656128,-0.352082401514053,1.4242901802063,-0.291828721761703,-0.165663301944733,-0.463316529989242,-0.82020092010498
-0.376437127590179,-0.361131727695465,1.43638241291046,-0.313841044902802,-0.172047689557076,-0.456717878580093,-0.814439833164215
-0.376514852046966,-0.361490875482559,1.43648552894592,-0.314739316701889,-0.171897187829018,-0.456417620182037,-0.814293265342712
-0.376584082841873,-0.361905574798584,1.43628466129303,-0.314998745918274,-0.171074196696281,-0.455416232347488,-0.81492668390274
-0.376490950584412,-0.362088888883591,1.436488032341,-0.316900223493576,-0.17094075679779,-0.455538332462311,-0.814148843288422
-0.376290053129196,-0.3625208735466,1.43595993518829,-0.315972179174423,-0.168775781989098,-0.454990684986115,-0.815266728401184
-0.375633269548416,-0.362616866827011,1.4356986284256,-0.316347628831863,-0.167370870709419,-0.452125042676926,-0.817003130912781
-0.375661373138428,-0.362950205802917,1.43559789657593,-0.316935211420059,-0.167066544294357,-0.451890885829925,-0.816967248916626
-0.376336187124252,-0.363554298877716,1.43570792675018,-0.317470848560333,-0.166937679052353,-0.455789595842361,-0.814616501331329
-0.376814126968384,-0.363846689462662,1.43599486351013,-0.319974601268768,-0.17023067176342,-0.455141752958298,-0.813316524028778
-0.377059906721115,-0.364203333854675,1.43602323532104,-0.321049153804779,-0.170665949583054,-0.454875200986862,-0.812950909137726
-0.37705072760582,-0.364509373903274,1.43648624420166,-0.322929620742798,-0.170761629939079,-0.45392033457756,-0.812719702720642
-0.377169489860535,-0.364668816328049,1.43603825569153,-0.32278773188591,-0.170659482479095,-0.453997105360031,-0.812754690647125
-0.377199590206146,-0.36488151550293,1.43600749969482,-0.323517143726349,-0.170647323131561,-0.453601539134979,-0.812687993049622
-0.377090156078339,-0.365069806575775,1.43653750419617,-0.325666695833206,-0.171337708830833,-0.454335778951645,-0.811272859573364
-0.377096742391586,-0.36524161696434,1.43655979633331,-0.326428592205048,-0.1714808344841,-0.454139918088913,-0.811046063899994
-0.37679922580719,-0.365398228168487,1.43647301197052,-0.326319485902786,-0.170162796974182,-0.454233795404434,-0.811314880847931
-0.37679922580719,-0.365398228168487,1.43647301197052,-0.326319485902786,-0.170162796974182,-0.454233795404434,-0.811314880847931
-0.376718878746033,-0.365670651197433,1.43649935722351,-0.327308028936386,-0.170588776469231,-0.453786194324493,-0.81107771396637
-0.376641988754272,-0.365808695554733,1.43642008304596,-0.327422976493835,-0.169273480772972,-0.451038628816605,-0.812837541103363
-0.376654595136642,-0.365821480751038,1.43587684631348,-0.326771944761276,-0.169479593634605,-0.451577395200729,-0.81275737285614
-0.376545161008835,-0.365861386060715,1.43589842319489,-0.327369630336761,-0.169796586036682,-0.451468765735626,-0.812511026859283
-0.376545161008835,-0.365861386060715,1.43589842319489,-0.327369630336761,-0.169796586036682,-0.451468765735626,-0.812511026859283
-0.376253634691238,-0.365886628627777,1.43592154979706,-0.328452855348587,-0.170325219631195,-0.451141744852066,-0.812144815921783
-0.37595409154892,-0.365923821926117,1.43603110313416,-0.328773885965347,-0.169570744037628,-0.451809793710709,-0.811801373958588
-0.376152753829956,-0.36590114235878,1.43629240989685,-0.330526858568191,-0.172761604189873,-0.450863391160965,-0.810942471027374
-0.376152753829956,-0.36590114235878,1.43629240989685,-0.330526858568191,-0.172761604189873,-0.450863391160965,-0.810942471027374
-0.375450223684311,-0.365683376789093,1.43624472618103,-0.331396818161011,-0.172885090112686,-0.450216203927994,-0.810920655727386
-0.375112563371658,-0.365592658519745,1.43622946739197,-0.331843882799149,-0.173087745904922,-0.45005464553833,-0.810784220695496
-0.374570161104202,-0.365447402000427,1.43609356880188,-0.332060068845749,-0.172791332006454,-0.451199650764465,-0.81012237071991
-0.374322235584259,-0.365340173244476,1.43614065647125,-0.33292606472969,-0.174249798059464,-0.452731609344482,-0.808598458766937
-0.374125063419342,-0.36526358127594,1.43611776828766,-0.33385157585144,-0.17498867213726,-0.452953308820724,-0.807932794094086
-0.373536944389343,-0.365056663751602,1.43604969978333,-0.334191858768463,-0.173454448580742,-0.450072705745697,-0.80973082780838
-0.373497724533081,-0.364912122488022,1.4359028339386,-0.335203588008881,-0.175007998943329,-0.451369136571884,-0.808255434036255
-0.373225748538971,-0.364735305309296,1.43584954738617,-0.335915207862854,-0.175579205155373,-0.451500654220581,-0.807762444019318
-0.37293666601181,-0.364591002464294,1.43582510948181,-0.336607187986374,-0.176245659589767,-0.451458215713501,-0.807352781295776
-0.372779577970505,-0.364719480276108,1.43565225601196,-0.336523145437241,-0.179075956344604,-0.453239470720291,-0.805765450000763
-0.372449994087219,-0.364548832178116,1.4355605840683,-0.3369400203228,-0.179727613925934,-0.453187644481659,-0.805475234985352
-0.371817350387573,-0.364403873682022,1.43539202213287,-0.336731284856796,-0.178013563156128,-0.450781017541885,-0.807291567325592
-0.371640980243683,-0.363911777734756,1.43551957607269,-0.338363111019135,-0.180328279733658,-0.452977418899536,-0.804862439632416
-0.37128347158432,-0.363706678152084,1.43533647060394,-0.338472425937653,-0.181004866957664,-0.452916741371155,-0.804698824882507
-0.370502144098282,-0.363615900278091,1.43576538562775,-0.339609593153,-0.180870875716209,-0.451636254787445,-0.804969370365143
-0.370502144098282,-0.363615900278091,1.43576538562775,-0.339609593153,-0.180870875716209,-0.451636254787445,-0.804969370365143
-0.370021432638168,-0.36313271522522,1.43591320514679,-0.341394454240799,-0.183443784713745,-0.451062053442001,-0.803953468799591
-0.369438141584396,-0.362869083881378,1.43550050258636,-0.340654909610748,-0.182418271899223,-0.451919138431549,-0.804019272327423
-0.369251489639282,-0.362646341323852,1.43507826328278,-0.340088903903961,-0.182363674044609,-0.450826346874237,-0.804884254932404
-0.369251489639282,-0.362646341323852,1.43507826328278,-0.340088903903961,-0.182363674044609,-0.450826346874237,-0.804884254932404
-0.368468880653381,-0.36216938495636,1.43511140346527,-0.340810358524323,-0.183520510792732,-0.450672775506973,-0.804401993751526
-0.368055164813995,-0.361925005912781,1.43509936332703,-0.341009914875031,-0.184096589684486,-0.450202882289886,-0.804448902606964
-0.367855906486511,-0.361778765916824,1.43511927127838,-0.341358095407486,-0.185267448425293,-0.450291514396667,-0.803982794284821
-0.367157220840454,-0.361414432525635,1.43504190444946,-0.341359823942184,-0.184999123215675,-0.449610710144043,-0.804424703121185
-0.367157220840454,-0.361414432525635,1.43504190444946,-0.341359823942184,-0.184999123215675,-0.449610710144043,-0.804424703121185
-0.366734564304352,-0.36121991276741,1.43507981300354,-0.34193742275238,-0.18813981115818,-0.447238683700562,-0.804773151874542
-0.366316258907318,-0.360639214515686,1.43525719642639,-0.342798173427582,-0.188909977674484,-0.451605826616287,-0.801782190799713
-0.365875601768494,-0.360597610473633,1.43518018722534,-0.342583626508713,-0.189677447080612,-0.452147245407104,-0.801387369632721
-0.365473240613937,-0.360309481620789,1.43520927429199,-0.342809557914734,-0.189460471272469,-0.450806736946106,-0.802097022533417
-0.365022569894791,-0.360037684440613,1.4352445602417,-0.343042939901352,-0.190136939287186,-0.450870722532272,-0.801801145076752
-0.364498198032379,-0.359741449356079,1.43520629405975,-0.343150556087494,-0.191475465893745,-0.452183306217194,-0.800696611404419
-0.363397181034088,-0.359255701303482,1.4350723028183,-0.342935800552368,-0.190912619233131,-0.450026869773865,-0.802136719226837
-0.362854599952698,-0.358882039785385,1.43506288528442,-0.343084961175919,-0.191472962498665,-0.450196772813797,-0.8018439412117
-0.363394975662231,-0.35901665687561,1.4353734254837,-0.343700557947159,-0.19364707171917,-0.454658597707748,-0.798533916473389
-0.363010257482529,-0.358701229095459,1.43546116352081,-0.344065964221954,-0.194347247481346,-0.454753518104553,-0.798152267932892
-0.362327516078949,-0.358333140611649,1.43595576286316,-0.344904541969299,-0.194548264145851,-0.450114995241165,-0.800367593765259
-0.362327516078949,-0.358333140611649,1.43595576286316,-0.344904541969299,-0.194548264145851,-0.450114995241165,-0.800367593765259
-0.361000955104828,-0.357437610626221,1.43605256080627,-0.345665454864502,-0.196206137537956,-0.451136261224747,-0.799058556556702
-0.360589951276779,-0.357058882713318,1.43607258796692,-0.345695495605469,-0.196820065379143,-0.451209336519241,-0.79885333776474
-0.360317528247833,-0.356765896081924,1.43616104125977,-0.345756471157074,-0.197630062699318,-0.4513099193573,-0.798570036888123
-0.359860897064209,-0.356366515159607,1.43616008758545,-0.345541298389435,-0.197079122066498,-0.449872463941574,-0.799609780311584
-0.359527051448822,-0.356058359146118,1.43629670143127,-0.345582902431488,-0.197799026966095,-0.450373828411102,-0.799131691455841
-0.359308838844299,-0.355529874563217,1.43650329113007,-0.345912486314774,-0.198655724525452,-0.450394749641418,-0.798764705657959
-0.358925938606262,-0.355432391166687,1.43612611293793,-0.344517767429352,-0.198899760842323,-0.451063543558121,-0.798929333686829
-0.358925938606262,-0.355432391166687,1.43612611293793,-0.344517767429352,-0.198899760842323,-0.451063543558121,-0.798929333686829
-0.358705013990402,-0.355194270610809,1.43604326248169,-0.343574553728104,-0.201794400811195,-0.45414662361145,-0.79686039686203
-0.359070211648941,-0.355063796043396,1.43626618385315,-0.343934923410416,-0.202979072928429,-0.454709559679031,-0.796082615852356
-0.358672857284546,-0.354912638664246,1.43658208847046,-0.343924939632416,-0.203064039349556,-0.453533530235291,-0.796735882759094
-0.358334839344025,-0.354612767696381,1.43660604953766,-0.34399887919426,-0.203464224934578,-0.453930854797363,-0.796375513076782
-0.357972204685211,-0.354004770517349,1.43642711639404,-0.343823552131653,-0.203520029783249,-0.454019248485565,-0.796386539936066
-0.356815934181213,-0.353450059890747,1.43615436553955,-0.343095242977142,-0.201960608363151,-0.451978236436844,-0.798256456851959
-0.356401979923248,-0.353399872779846,1.43599081039429,-0.342487126588821,-0.202059388160706,-0.452439367771149,-0.798231303691864
-0.356559306383133,-0.352957755327225,1.4363306760788,-0.344109058380127,-0.203964546322822,-0.453645348548889,-0.796362638473511
-0.356267839670181,-0.352698653936386,1.43632876873016,-0.34431579709053,-0.204416051506996,-0.453908979892731,-0.79600715637207
-0.355890154838562,-0.352524548768997,1.43628358840942,-0.344309657812118,-0.204720750451088,-0.454062670469284,-0.795843899250031
-0.355890154838562,-0.352524548768997,1.43628358840942,-0.344309657812118,-0.204720750451088,-0.454062670469284,-0.795843899250031
-0.356332421302795,-0.352677792310715,1.43655455112457,-0.344763785600662,-0.209003463387489,-0.458676487207413,-0.791878521442413
-0.355989128351211,-0.352378726005554,1.43686413764954,-0.345824211835861,-0.208331778645515,-0.456771701574326,-0.792693555355072
-0.354600638151169,-0.351756572723389,1.43648111820221,-0.345172911882401,-0.205989569425583,-0.453945815563202,-0.795208990573883
-0.354383051395416,-0.351552337408066,1.43648517131805,-0.345281898975372,-0.206378012895584,-0.453970611095428,-0.79504668712616
-0.354139655828476,-0.351308792829513,1.43664157390594,-0.345785856246948,-0.206763848662376,-0.453759610652924,-0.794847786426544
-0.353744894266128,-0.350860834121704,1.43676495552063,-0.345815062522888,-0.20527982711792,-0.453235149383545,-0.795518755912781
-0.353525131940842,-0.350664019584656,1.43676650524139,-0.345706731081009,-0.205591395497322,-0.453172087669373,-0.795521378517151
-0.35345920920372,-0.350534558296204,1.43691086769104,-0.346029162406921,-0.207356929779053,-0.452206194400787,-0.79547256231308
-0.35345920920372,-0.350534558296204,1.43691086769104,-0.346029162406921,-0.207356929779053,-0.452206194400787,-0.79547256231308
-0.354124426841736,-0.350476771593094,1.43750429153442,-0.347169309854507,-0.210837125778198,-0.454665571451187,-0.792654037475586
-0.353967875242233,-0.350240498781204,1.43754899501801,-0.34735506772995,-0.212736949324608,-0.45754411816597,-0.790405571460724
-0.353684633970261,-0.350051522254944,1.4377236366272,-0.34731188416481,-0.21226841211319,-0.458248406648636,-0.790142357349396
-0.353446006774902,-0.349886208772659,1.4375,-0.346227735280991,-0.211074754595757,-0.455767124891281,-0.792369902133942
-0.352955847978592,-0.349491477012634,1.43730461597443,-0.345885396003723,-0.211095288395882,-0.456911414861679,-0.791854858398438
-0.352651834487915,-0.349255830049515,1.43755924701691,-0.346138387918472,-0.211285442113876,-0.456612676382065,-0.791865825653076
-0.352651834487915,-0.349255830049515,1.43755924701691,-0.346138387918472,-0.211285442113876,-0.456612676382065,-0.791865825653076
-0.351127326488495,-0.348639935255051,1.43746674060822,-0.345305174589157,-0.210554853081703,-0.452803373336792,-0.794606864452362
-0.350999891757965,-0.348256289958954,1.43762719631195,-0.345340400934219,-0.210532680153847,-0.451618313789368,-0.795271635055542
-0.350716322660446,-0.347954571247101,1.4375969171524,-0.345047980546951,-0.210622951388359,-0.45149290561676,-0.79544585943222
-0.350679755210876,-0.347878843545914,1.43771159648895,-0.34492689371109,-0.211553364992142,-0.451760053634643,-0.79509973526001
-0.350679755210876,-0.347878843545914,1.43771159648895,-0.34492689371109,-0.211553364992142,-0.451760053634643,-0.79509973526001
-0.350273251533508,-0.34737753868103,1.43816590309143,-0.345367729663849,-0.212649047374725,-0.451637864112854,-0.794685244560242
-0.35015732049942,-0.347117274999618,1.43802225589752,-0.345174849033356,-0.213395535945892,-0.452895104885101,-0.793853044509888
-0.349796921014786,-0.347135215997696,1.43805861473083,-0.344414889812469,-0.212908625602722,-0.452081680297852,-0.794777095317841
-0.349623441696167,-0.346929103136063,1.43789851665497,-0.343773126602173,-0.213206276297569,-0.452600955963135,-0.794679582118988
-0.349365592002869,-0.346787869930267,1.43784284591675,-0.343357443809509,-0.213184222579002,-0.452742576599121,-0.794784426689148
-0.349180310964584,-0.346198230981827,1.43760013580322,-0.34300908446312,-0.212841838598251,-0.452759265899658,-0.795017123222351
-0.349235326051712,-0.346022188663483,1.43761360645294,-0.342827200889587,-0.213448047637939,-0.453169703483581,-0.794699132442474
-0.349069029092789,-0.345829010009766,1.43758702278137,-0.342435330152512,-0.213566392660141,-0.453333824872971,-0.794742703437805
-0.348946392536163,-0.345563471317291,1.43757259845734,-0.342506170272827,-0.214142680168152,-0.454502612352371,-0.793889045715332
-0.348692804574966,-0.345335096120834,1.43793416023254,-0.343115031719208,-0.214352577924728,-0.454088240861893,-0.793806672096252
-0.348420858383179,-0.345186859369278,1.4378889799118,-0.342542886734009,-0.214353367686272,-0.454323649406433,-0.793918788433075
-0.348235994577408,-0.345069319009781,1.43779075145721,-0.341661363840103,-0.214090064167976,-0.453668206930161,-0.79474413394928
-0.348071992397308,-0.344918429851532,1.43774557113647,-0.341097563505173,-0.214337095618248,-0.453992128372192,-0.794734716415405
-0.34798476099968,-0.344810903072357,1.43740367889404,-0.339875876903534,-0.214532628655434,-0.454570263624191,-0.794874846935272
-0.347829282283783,-0.344646275043487,1.43741846084595,-0.339592665433884,-0.214776247739792,-0.454656988382339,-0.794880568981171
-0.347657829523086,-0.344568997621536,1.43736839294434,-0.338912785053253,-0.215004354715347,-0.454964578151703,-0.794933021068573
-0.347542852163315,-0.344403684139252,1.43731880187988,-0.338717341423035,-0.215973526239395,-0.456588625907898,-0.793821632862091
-0.347410500049591,-0.344306379556656,1.43733370304108,-0.338406503200531,-0.216396003961563,-0.45684677362442,-0.79369068145752
-0.347287893295288,-0.344193488359451,1.43729197978973,-0.338036298751831,-0.216647312045097,-0.457237660884857,-0.793554842472076
-0.347208857536316,-0.344120234251022,1.43731367588043,-0.337842136621475,-0.217067629098892,-0.457543671131134,-0.793346166610718
-0.347142338752747,-0.344073474407196,1.437131524086,-0.337108939886093,-0.217414021492004,-0.458002060651779,-0.793298721313477
-0.347038507461548,-0.343980103731155,1.43705439567566,-0.336848437786102,-0.217628628015518,-0.458335131406784,-0.793158173561096
-0.346949130296707,-0.343946069478989,1.43694698810577,-0.336253017187118,-0.217297092080116,-0.45768204331398,-0.793878495693207
-0.346714168787003,-0.343803465366364,1.43685185909271,-0.335730224847794,-0.216124758124352,-0.45863264799118,-0.793871164321899
-0.34683820605278,-0.343847334384918,1.43692862987518,-0.335875868797302,-0.217654258012772,-0.458044141530991,-0.793731451034546
-0.34659332036972,-0.343728512525558,1.43685245513916,-0.335328936576843,-0.216349706053734,-0.458959192037582,-0.793790698051453
-0.34659332036972,-0.343728512525558,1.43685245513916,-0.335328936576843,-0.216349706053734,-0.458959192037582,-0.793790698051453
-0.346470803022385,-0.343690425157547,1.43692457675934,-0.335115045309067,-0.218009650707245,-0.461980104446411,-0.791671693325043
-0.346392452716827,-0.343683063983917,1.43690967559814,-0.33486607670784,-0.217883348464966,-0.46219864487648,-0.791684329509735
-0.346302509307861,-0.343683242797852,1.43687045574188,-0.33452582359314,-0.217758253216743,-0.462437123060226,-0.791723251342773
-0.346377432346344,-0.343776136636734,1.43697738647461,-0.334698468446732,-0.218972235918045,-0.461812674999237,-0.791679978370667
-0.34627503156662,-0.343794405460358,1.43698489665985,-0.334532856941223,-0.218833670020103,-0.461911976337433,-0.791730225086212
-0.34615558385849,-0.343806862831116,1.43697488307953,-0.334353446960449,-0.21863779425621,-0.462083280086517,-0.791760265827179
-0.346014261245727,-0.343821257352829,1.43697130680084,-0.334227293729782,-0.218433156609535,-0.462229251861572,-0.791784822940826
-0.345891624689102,-0.343843370676041,1.43686699867249,-0.333939284086227,-0.218236312270164,-0.46247199177742,-0.791818916797638
-0.34563934803009,-0.34380641579628,1.43717002868652,-0.334551155567169,-0.218165159225464,-0.462216436862946,-0.791729390621185
-0.345428466796875,-0.343863040208816,1.43697881698608,-0.333816468715668,-0.216463595628738,-0.459997922182083,-0.793796002864838
-0.345220476388931,-0.343826442956924,1.43708753585815,-0.334330588579178,-0.216958597302437,-0.461135029792786,-0.792784035205841
-0.344660848379135,-0.343631207942963,1.43691027164459,-0.333830207586288,-0.215043321251869,-0.462085664272308,-0.792963206768036
-0.344692558050156,-0.343724638223648,1.43649709224701,-0.333235800266266,-0.21624781191349,-0.462146937847137,-0.792849957942963
-0.344443649053574,-0.343665421009064,1.43689632415771,-0.334086388349533,-0.215480506420135,-0.463053613901138,-0.792171537876129
-0.344448506832123,-0.343740284442902,1.4369193315506,-0.334505021572113,-0.216995969414711,-0.462724506855011,-0.791773498058319
-0.34401148557663,-0.343635529279709,1.43681287765503,-0.334373354911804,-0.215688824653625,-0.46408087015152,-0.791392207145691
-0.34401148557663,-0.343635529279709,1.43681287765503,-0.334373354911804,-0.215688824653625,-0.46408087015152,-0.791392207145691
-0.343540549278259,-0.343541622161865,1.43661499023438,-0.334507793188095,-0.215860441327095,-0.465502232313156,-0.790453314781189
-0.343490481376648,-0.343575477600098,1.43662095069885,-0.334913551807404,-0.217294797301292,-0.4652319252491,-0.790047645568848
-0.34307324886322,-0.343406409025192,1.43650341033936,-0.334695190191269,-0.21587435901165,-0.46658393740654,-0.789732098579407
-0.343194663524628,-0.34356027841568,1.43656849861145,-0.335245192050934,-0.218794092535973,-0.465223670005798,-0.789497792720795
-0.343076258897781,-0.343517243862152,1.43620443344116,-0.334502637386322,-0.218914940953255,-0.466286092996597,-0.789152443408966
-0.342703938484192,-0.343341261148453,1.43615233898163,-0.334142953157425,-0.218784317374229,-0.469460278749466,-0.787457287311554
-0.342504441738129,-0.343228936195373,1.43611705303192,-0.33400496840477,-0.219120159745216,-0.470423489809036,-0.786847352981567
-0.342045098543167,-0.34304079413414,1.43597781658173,-0.333620190620422,-0.218606844544411,-0.470921993255615,-0.786855220794678
-0.341987311840057,-0.342861473560333,1.436039686203,-0.333807468414307,-0.219151124358177,-0.471599668264389,-0.786218285560608
-0.341969966888428,-0.342883616685867,1.4360773563385,-0.333745062351227,-0.221023008227348,-0.471447318792343,-0.785811960697174
-0.341969966888428,-0.342883616685867,1.4360773563385,-0.333745062351227,-0.221023008227348,-0.471447318792343,-0.785811960697174
-0.341290712356567,-0.342352271080017,1.43604612350464,-0.333293288946152,-0.218969792127609,-0.472187399864197,-0.786134123802185
-0.341151177883148,-0.342325001955032,1.43604707717896,-0.332780659198761,-0.219231024384499,-0.473052948713303,-0.785758078098297
-0.341118991374969,-0.341895937919617,1.43627035617828,-0.333251088857651,-0.219561785459518,-0.473247438669205,-0.785349130630493
-0.341027945280075,-0.341731160879135,1.43637144565582,-0.33299508690834,-0.220773786306381,-0.475276917219162,-0.783890902996063
-0.341093063354492,-0.341655135154724,1.43649840354919,-0.332962065935135,-0.222373008728027,-0.47483691573143,-0.783719599246979
-0.340895384550095,-0.341485619544983,1.43652296066284,-0.332355082035065,-0.222332179546356,-0.475351929664612,-0.783676564693451
-0.340645521879196,-0.341129183769226,1.43657326698303,-0.331696629524231,-0.221112444996834,-0.477048099040985,-0.783269941806793
-0.340740621089935,-0.341207027435303,1.43666803836823,-0.330878973007202,-0.221942201256752,-0.478014409542084,-0.78279185295105
-0.340672820806503,-0.340944975614548,1.4368953704834,-0.330758541822433,-0.22142219543457,-0.476850092411041,-0.783699572086334
-0.34035462141037,-0.340682953596115,1.43688213825226,-0.329968810081482,-0.221044182777405,-0.477201372385025,-0.783925294876099
-0.340437024831772,-0.340258479118347,1.43719160556793,-0.330230444669724,-0.221606656908989,-0.477536827325821,-0.783451914787292
-0.340395718812943,-0.339975953102112,1.4372730255127,-0.329770982265472,-0.22163712978363,-0.477983951568604,-0.783364176750183
-0.340372413396835,-0.339739739894867,1.43731510639191,-0.329281091690063,-0.221701130270958,-0.478374540805817,-0.783313751220703
-0.340373426675797,-0.339560925960541,1.43744027614594,-0.328794777393341,-0.221902295947075,-0.47876963019371,-0.783219635486603
-0.340337932109833,-0.339350491762161,1.43761694431305,-0.328532755374908,-0.221953198313713,-0.479148477315903,-0.783083498477936
-0.340356975793839,-0.33917024731636,1.4376494884491,-0.327839821577072,-0.222152143716812,-0.479581654071808,-0.783052265644073
-0.34040442109108,-0.3393574655056,1.43773984909058,-0.326954960823059,-0.223779231309891,-0.479263573884964,-0.783153772354126
-0.340552747249603,-0.338990330696106,1.43802833557129,-0.32707554101944,-0.225244730710983,-0.481121033430099,-0.781542658805847
-0.340788125991821,-0.338891327381134,1.43820250034332,-0.326580911874771,-0.225946083664894,-0.481871366500854,-0.781084716320038
-0.340590238571167,-0.338649660348892,1.43818259239197,-0.325813353061676,-0.225498273968697,-0.482243686914444,-0.781304836273193
-0.340497940778732,-0.338712096214294,1.43813419342041,-0.324419587850571,-0.225565582513809,-0.482835084199905,-0.781500101089478
-0.340776562690735,-0.338925987482071,1.43821752071381,-0.323586583137512,-0.226504981517792,-0.483987897634506,-0.780860424041748
-0.340670466423035,-0.338644176721573,1.43815577030182,-0.322654485702515,-0.225206047296524,-0.485625058412552,-0.780605375766754
-0.340705275535583,-0.338469982147217,1.43818843364716,-0.322030574083328,-0.224494859576225,-0.484879344701767,-0.781530857086182
-0.340640068054199,-0.338132262229919,1.43820416927338,-0.32157289981842,-0.224069103598595,-0.485262095928192,-0.781603932380676
-0.340526819229126,-0.337839752435684,1.43825614452362,-0.321255743503571,-0.22367636859417,-0.485569030046463,-0.7816561460495
-0.340553373098373,-0.337713778018951,1.43829905986786,-0.320748805999756,-0.223512083292007,-0.486248463392258,-0.781489014625549
-0.34072881937027,-0.33738961815834,1.43846249580383,-0.320901155471802,-0.223590701818466,-0.48671492934227,-0.781113564968109
-0.340795576572418,-0.337291181087494,1.43853151798248,-0.320534944534302,-0.223528355360031,-0.487423717975616,-0.780839681625366
-0.340873032808304,-0.337223887443542,1.43861019611359,-0.320150822401047,-0.223537549376488,-0.488118290901184,-0.780560731887817
-0.340988993644714,-0.337155997753143,1.43862676620483,-0.319716602563858,-0.22347292304039,-0.48898583650589,-0.780214130878448
-0.341225445270538,-0.337221950292587,1.43870270252228,-0.319520384073257,-0.22470960021019,-0.488824814558029,-0.780040085315704
-0.34132120013237,-0.33714947104454,1.43879699707031,-0.319361209869385,-0.224527031183243,-0.489520192146301,-0.779721796512604
-0.341216534376144,-0.337134718894958,1.43850350379944,-0.317946225404739,-0.222707062959671,-0.491676032543182,-0.77946549654007
-0.341234147548675,-0.337031841278076,1.43899893760681,-0.31866267323494,-0.222684666514397,-0.491860121488571,-0.779063105583191
-0.341389983892441,-0.337013363838196,1.43909096717834,-0.318431079387665,-0.222643464803696,-0.492511034011841,-0.77875828742981
-0.34164947271347,-0.337001353502274,1.4387059211731,-0.317142486572266,-0.222333565354347,-0.493621975183487,-0.778669238090515
-0.341821193695068,-0.336948603391647,1.43890655040741,-0.317051500082016,-0.222295254468918,-0.494326025247574,-0.778270483016968
-0.342167049646378,-0.336681246757507,1.43892574310303,-0.316834926605225,-0.221713125705719,-0.493787318468094,-0.778866589069366
-0.342572212219238,-0.336759030818939,1.43914234638214,-0.316930592060089,-0.223145380616188,-0.4934241771698,-0.778648674488068
-0.342803537845612,-0.336670756340027,1.43933522701263,-0.316859602928162,-0.22310346364975,-0.493858098983765,-0.778414487838745
-0.343027204275131,-0.336777746677399,1.43917715549469,-0.315841913223267,-0.224049091339111,-0.49751141667366,-0.776226937770844
-0.343325555324554,-0.336670100688934,1.43934321403503,-0.315533250570297,-0.223807454109192,-0.498243808746338,-0.775952398777008
-0.343449115753174,-0.336398005485535,1.43945240974426,-0.314965784549713,-0.222088679671288,-0.500007390975952,-0.775542318820953
-0.343724220991135,-0.33625054359436,1.43957722187042,-0.314572840929031,-0.221664190292358,-0.500745713710785,-0.775346875190735
-0.344177186489105,-0.335859656333923,1.43986797332764,-0.314913034439087,-0.221490547060966,-0.501334130764008,-0.774877965450287
-0.344464033842087,-0.33588045835495,1.43997466564178,-0.313953071832657,-0.220965296030045,-0.502615869045258,-0.774587094783783
-0.345015615224838,-0.335856080055237,1.44006371498108,-0.312976360321045,-0.220382139086723,-0.50239109992981,-0.775294005870819
-0.345339715480804,-0.335664302110672,1.44037365913391,-0.312406718730927,-0.220121249556541,-0.503376841545105,-0.774958372116089
-0.346070289611816,-0.335447758436203,1.44079327583313,-0.312354356050491,-0.221756637096405,-0.503428101539612,-0.774479866027832
-0.346145540475845,-0.334969758987427,1.4407445192337,-0.310840725898743,-0.219517096877098,-0.505752563476562,-0.774212300777435
-0.346736550331116,-0.334809899330139,1.44100344181061,-0.310135006904602,-0.219635367393494,-0.50729888677597,-0.773449778556824
-0.347003817558289,-0.334429711103439,1.44116926193237,-0.309326976537704,-0.219544366002083,-0.510301172733307,-0.771822392940521
-0.347575157880783,-0.334302961826324,1.44141471385956,-0.308385282754898,-0.220546841621399,-0.510747253894806,-0.7716184258461
-0.347878664731979,-0.333908349275589,1.44160199165344,-0.306817889213562,-0.218055918812752,-0.512077450752258,-0.772069334983826
-0.347878664731979,-0.333908349275589,1.44160199165344,-0.306817889213562,-0.218055918812752,-0.512077450752258,-0.772069334983826
-0.348863005638123,-0.333668112754822,1.44200205802917,-0.303800016641617,-0.217502474784851,-0.516739666461945,-0.770310580730438
-0.349260956048965,-0.333184063434601,1.44227850437164,-0.302957445383072,-0.216722130775452,-0.518625557422638,-0.769594669342041
-0.349981158971786,-0.333363145589828,1.44250285625458,-0.30130872130394,-0.219289913773537,-0.521828353404999,-0.767346143722534
-0.350081890821457,-0.333157330751419,1.44260311126709,-0.29894033074379,-0.217343136668205,-0.525277554988861,-0.766472518444061
-0.352387487888336,-0.333151012659073,1.4435830116272,-0.300246357917786,-0.22294594347477,-0.531095266342163,-0.760319113731384
-0.350598305463791,-0.332167655229568,1.44296169281006,-0.296467065811157,-0.215292990207672,-0.529369294643402,-0.765195608139038
-0.351638644933701,-0.332166224718094,1.44402885437012,-0.296430289745331,-0.214974656701088,-0.534180045127869,-0.761949300765991
-0.352146923542023,-0.331893265247345,1.44362783432007,-0.293888360261917,-0.214902147650719,-0.536264479160309,-0.761490046977997
-0.352146923542023,-0.331893265247345,1.44362783432007,-0.293888360261917,-0.214902147650719,-0.536264479160309,-0.761490046977997
-0.35233211517334,-0.331065386533737,1.44381141662598,-0.290949642658234,-0.21458189189434,-0.538170754909515,-0.761363983154297
-0.352662265300751,-0.330761641263962,1.44436836242676,-0.29032027721405,-0.214625775814056,-0.540172815322876,-0.760173201560974
-0.353195011615753,-0.330544501543045,1.44406461715698,-0.287749171257019,-0.214395508170128,-0.542877912521362,-0.759288251399994
-0.353850930929184,-0.330401569604874,1.44431293010712,-0.286279678344727,-0.213998436927795,-0.543049812316895,-0.759832561016083
-0.354458212852478,-0.33022004365921,1.44450604915619,-0.285311847925186,-0.214963480830193,-0.543835282325745,-0.75936233997345
-0.354577869176865,-0.330004751682281,1.44518709182739,-0.284710288047791,-0.21362330019474,-0.546244919300079,-0.75823587179184
-0.355017006397247,-0.329172313213348,1.44556450843811,-0.284869194030762,-0.213634982705116,-0.548896372318268,-0.756255507469177
-0.355615317821503,-0.328950047492981,1.44568657875061,-0.283717066049576,-0.214376404881477,-0.549303650856018,-0.75618314743042
-0.355852693319321,-0.328534930944443,1.4458931684494,-0.282182663679123,-0.212271019816399,-0.551833748817444,-0.755508780479431
-0.356576502323151,-0.328178852796555,1.44555842876434,-0.279884397983551,-0.211160451173782,-0.552981019020081,-0.755836009979248
-0.357390165328979,-0.327820360660553,1.44624638557434,-0.280308485031128,-0.212351307272911,-0.553470194339752,-0.754986703395844
-0.357409447431564,-0.327204048633575,1.44682419300079,-0.279798269271851,-0.209392592310905,-0.555828273296356,-0.754269599914551
-0.358191937208176,-0.326570332050323,1.4468766450882,-0.278636693954468,-0.20815472304821,-0.557785749435425,-0.75359696149826
-0.358374893665314,-0.326178938150406,1.44766688346863,-0.278222590684891,-0.207306146621704,-0.561076402664185,-0.751538217067719
-0.359184682369232,-0.325889647006989,1.44807505607605,-0.277412056922913,-0.207864865660667,-0.562607407569885,-0.750538229942322
-0.359914034605026,-0.32517072558403,1.44868838787079,-0.276815623044968,-0.204859182238579,-0.565138757228851,-0.749682605266571
-0.360304802656174,-0.324449777603149,1.44890153408051,-0.274956375360489,-0.200655788183212,-0.570768117904663,-0.74723494052887
-0.360747188329697,-0.323710978031158,1.44909954071045,-0.273536741733551,-0.198849782347679,-0.5737624168396,-0.745944440364838
-0.361225455999374,-0.32292115688324,1.44951796531677,-0.27290266752243,-0.198539733886719,-0.576939880847931,-0.743805468082428
-0.361916214227676,-0.321622639894485,1.4501143693924,-0.272644877433777,-0.194956511259079,-0.578960657119751,-0.743277430534363
-0.362462490797043,-0.321089386940002,1.45049715042114,-0.271075159311295,-0.193718537688255,-0.582601606845856,-0.741327702999115
-0.363945096731186,-0.320124208927154,1.45153832435608,-0.272413611412048,-0.196517840027809,-0.586434781551361,-0.737065672874451
-0.364026606082916,-0.319153636693954,1.45164167881012,-0.270325750112534,-0.19361038506031,-0.590374052524567,-0.735457420349121
-0.363290578126907,-0.317980647087097,1.45163905620575,-0.267122894525528,-0.18572710454464,-0.594933927059174,-0.734986007213593
-0.364839822053909,-0.317075580358505,1.4525728225708,-0.268551617860794,-0.191292986273766,-0.598311901092529,-0.730280816555023
-0.365170747041702,-0.315647959709167,1.45317053794861,-0.267760872840881,-0.186939969658852,-0.605253338813782,-0.72596549987793
-0.365170747041702,-0.315647959709167,1.45317053794861,-0.267760872840881,-0.186939969658852,-0.605253338813782,-0.72596549987793
-0.365783184766769,-0.313347935676575,1.45379447937012,-0.263979256153107,-0.181282296776771,-0.614762485027313,-0.720776498317719
-0.366177409887314,-0.312060505151749,1.45416164398193,-0.262810677289963,-0.179230839014053,-0.61999773979187,-0.717223584651947
-0.36536568403244,-0.310582429170609,1.45404636859894,-0.259129643440247,-0.171608000993729,-0.625174164772034,-0.715932786464691
-0.366896033287048,-0.309293568134308,1.45472002029419,-0.259116590023041,-0.175005480647087,-0.630682349205017,-0.710261583328247
-0.367219388484955,-0.308048695325851,1.45499753952026,-0.257386475801468,-0.174256145954132,-0.634689331054688,-0.707500159740448
-0.3675816655159,-0.306264668703079,1.45561766624451,-0.256387919187546,-0.170245885848999,-0.642240226268768,-0.702003657817841
-0.367984652519226,-0.304645150899887,1.45601093769073,-0.254665702581406,-0.168048098683357,-0.648604571819305,-0.697292864322662
-0.366513699293137,-0.302298814058304,1.45590317249298,-0.251434981822967,-0.159437641501427,-0.650601148605347,-0.698625922203064
-0.366909086704254,-0.300657719373703,1.45625495910645,-0.249333247542381,-0.157542586326599,-0.656278014183044,-0.694487273693085
-0.367332965135574,-0.298702836036682,1.45672976970673,-0.247849360108375,-0.155521467328072,-0.661541938781738,-0.690467953681946
-0.367816179990768,-0.297023057937622,1.45695209503174,-0.245560899376869,-0.153905540704727,-0.667376637458801,-0.686018526554108
-0.368342936038971,-0.295575857162476,1.45721983909607,-0.243114054203033,-0.1541718095541,-0.672744452953339,-0.68157297372818
-0.368342936038971,-0.295575857162476,1.45721983909607,-0.243114054203033,-0.1541718095541,-0.672744452953339,-0.68157297372818
-0.369213163852692,-0.291601538658142,1.45829629898071,0.239789113402367,0.150746047496796,0.685028374195099,0.671202719211578
-0.370065361261368,-0.290192544460297,1.45889830589294,0.237740069627762,0.15096327662468,0.689228117465973,0.667573392391205
-0.370501339435577,-0.288377583026886,1.45973682403564,0.236148700118065,0.150224983692169,0.694126725196838,0.663215160369873
-0.370501339435577,-0.288377583026886,1.45973682403564,0.236148700118065,0.150224983692169,0.694126725196838,0.663215160369873
-0.371624529361725,-0.284427881240845,1.46075928211212,0.231796681880951,0.149224475026131,0.703565359115601,0.654979586601257
-0.372298181056976,-0.282485902309418,1.46131873130798,0.229932770133018,0.149041384458542,0.708287239074707,0.650574207305908
-0.372714996337891,-0.280318737030029,1.46206152439117,0.227903962135315,0.14814680814743,0.712472259998322,0.646912515163422
-0.372675746679306,-0.277502328157425,1.46171951293945,0.223914667963982,0.144236192107201,0.716422736644745,0.644823014736176
-0.37314373254776,-0.275309443473816,1.4629430770874,0.223207056522369,0.143965825438499,0.719900906085968,0.641244947910309
-0.373976558446884,-0.273418128490448,1.46381628513336,0.221291109919548,0.144865483045578,0.723582625389099,0.637551963329315
-0.374141961336136,-0.27076581120491,1.46432518959045,0.219184383749962,0.1431525349617,0.726856291294098,0.634937405586243
-0.375229716300964,-0.268967747688293,1.46535038948059,0.217837885022163,0.144900292158127,0.730158627033234,0.631204426288605
-0.375478446483612,-0.266427725553513,1.46546864509583,0.214358448982239,0.143436700105667,0.73369312286377,0.628626108169556
-0.376366078853607,-0.264405488967896,1.46649038791656,0.212790697813034,0.144628599286079,0.736660718917847,0.625407040119171
-0.376596570014954,-0.2616286277771,1.46669220924377,0.209671750664711,0.142940014600754,0.739729881286621,0.623222053050995
-0.377052038908005,-0.259380042552948,1.467245221138,0.206099390983581,0.143307358026504,0.742662191390991,0.620837271213531
-0.37774869799614,-0.256941437721252,1.46791052818298,0.204176768660545,0.143190115690231,0.745242893695831,0.618402540683746
-0.378408968448639,-0.254747480154037,1.46842765808105,0.201069489121437,0.143343955278397,0.748168528079987,0.615846991539001
-0.378901183605194,-0.252173334360123,1.46896171569824,0.19865320622921,0.143339350819588,0.75051212310791,0.613777041435242
-0.378901183605194,-0.252173334360123,1.46896171569824,0.19865320622921,0.143339350819588,0.75051212310791,0.613777041435242
-0.380186378955841,-0.247203230857849,1.47050738334656,0.194258540868759,0.143637388944626,0.755041122436523,0.60954475402832
-0.380819201469421,-0.244810372591019,1.47045993804932,0.190356686711311,0.143696963787079,0.757864415645599,0.607253730297089
-0.38151615858078,-0.242288365960121,1.47101986408234,0.18792799115181,0.143954664468765,0.760243117809296,0.604971528053284
-0.382167369127274,-0.239846646785736,1.47146654129028,0.18518827855587,0.144385933876038,0.762299716472626,0.603122889995575
-0.382677376270294,-0.237326368689537,1.47214770317078,0.182801097631454,0.144610911607742,0.764256238937378,0.601318418979645
-0.383401036262512,-0.234810650348663,1.47269892692566,0.180414631962776,0.144955769181251,0.766045212745667,0.599677503108978
-0.384100496768951,-0.232216507196426,1.47323274612427,0.178265661001205,0.145269364118576,0.767840504646301,0.597945928573608
-0.384100496768951,-0.232216507196426,1.47323274612427,0.178265661001205,0.145269364118576,0.767840504646301,0.597945928573608
-0.385314255952835,-0.227087020874023,1.47404527664185,0.172736033797264,0.145191118121147,0.771796226501465,0.594484984874725
-0.386060655117035,-0.224548518657684,1.4747416973114,0.170885652303696,0.145893856883049,0.773050487041473,0.593216776847839
-0.386609107255936,-0.222051247954369,1.47494781017303,0.167308270931244,0.14535154402256,0.775284290313721,0.591451823711395
-0.387374192476273,-0.219364777207374,1.47603476047516,0.166988581418991,0.145801275968552,0.776191830635071,0.590239822864532
-0.388073801994324,-0.21673883497715,1.47642862796783,0.164492338895798,0.145738884806633,0.778042912483215,0.588516592979431
-0.388073801994324,-0.21673883497715,1.47642862796783,0.164492338895798,0.145738884806633,0.778042912483215,0.588516592979431
-0.389471173286438,-0.211616665124893,1.47666490077972,0.158399447798729,0.145666509866714,0.781540155410767,0.585564613342285
-0.390255928039551,-0.209076136350632,1.4769903421402,0.155708596110344,0.146010905504227,0.783149421215057,0.584048628807068
-0.390983521938324,-0.206444710493088,1.47728729248047,0.153269976377487,0.146040081977844,0.784488677978516,0.582887828350067
-0.391746670007706,-0.203782886266708,1.47766435146332,0.151606723666191,0.145895928144455,0.786150515079498,0.581117272377014
-0.392876029014587,-0.201758518815041,1.47804200649261,0.14812758564949,0.147968247532844,0.787361562252045,0.579849660396576
-0.393233329057693,-0.198814153671265,1.47818887233734,0.145257592201233,0.146960809826851,0.788371980190277,0.579458832740784
-0.394061505794525,-0.196246862411499,1.47833955287933,0.142473697662353,0.147256404161453,0.789670705795288,0.57830536365509
-0.394848734140396,-0.193689227104187,1.4787540435791,0.139820873737335,0.147454783320427,0.790642976760864,0.577573299407959
-0.396208584308624,-0.191572248935699,1.47947072982788,0.138411998748779,0.150009095668793,0.791653513908386,0.575868129730225
-0.39657399058342,-0.188587322831154,1.47938394546509,0.135868281126022,0.148348897695541,0.792727828025818,0.575425922870636
-0.397736608982086,-0.186436012387276,1.48003029823303,0.133117020130157,0.150246798992157,0.793587148189545,0.574391186237335
-0.398657321929932,-0.183951318264008,1.48017382621765,0.131272464990616,0.150441348552704,0.794245958328247,0.573854029178619
-0.39904597401619,-0.181108132004738,1.48049175739288,0.127824291586876,0.149698957800865,0.794768869876862,0.574102342128754
-0.39994814991951,-0.178486064076424,1.48101615905762,0.125822648406029,0.149656236171722,0.795125663280487,0.574061691761017
-0.400825947523117,-0.176037102937698,1.48118937015533,0.123118005692959,0.149895012378693,0.795806527137756,0.573642194271088
-0.401768147945404,-0.173532783985138,1.48176264762878,0.121901102364063,0.150213688611984,0.796183407306671,0.573295772075653
-0.402592599391937,-0.171025350689888,1.48184764385223,0.118906684219837,0.149603366851807,0.796900451183319,0.573087930679321
-0.403918951749802,-0.168986588716507,1.48216390609741,0.1164670586586,0.151139542460442,0.797546982765198,0.572285830974579
-0.404398679733276,-0.166369706392288,1.48217487335205,0.111973710358143,0.15006197988987,0.797729551792145,0.573211133480072
-0.405388176441193,-0.163838148117065,1.48243534564972,0.110533356666565,0.149816036224365,0.798802614212036,0.572059333324432
-0.40640777349472,-0.161704063415527,1.48265409469604,0.10674262791872,0.150420323014259,0.798978209495544,0.572375357151031
-0.407119899988174,-0.15923410654068,1.4826385974884,0.103832669556141,0.149806559085846,0.799152493476868,0.572828233242035
-0.408464342355728,-0.157338291406631,1.48267436027527,0.101174548268318,0.150905191898346,0.799803197383881,0.572106897830963
-0.40903377532959,-0.154624313116074,1.48228228092194,0.0987833440303802,0.148834154009819,0.800145626068115,0.57258814573288
-0.409982323646545,-0.152359768748283,1.48245167732239,0.0967016592621803,0.14863745868206,0.800406932830811,0.572629690170288
-0.410898864269257,-0.150181382894516,1.48259496688843,0.0945786088705062,0.148882985115051,0.800175964832306,0.573242545127869
-0.41173729300499,-0.148041859269142,1.48258924484253,0.091214619576931,0.148338198661804,0.800155758857727,0.573956906795502
-0.412653714418411,-0.145719468593597,1.48270881175995,0.0904459729790687,0.147523164749146,0.800253629684448,0.574152052402496
-0.413558065891266,-0.143618270754814,1.48276484012604,0.0886072814464569,0.147450491786003,0.799895882606506,0.574955463409424
-0.41471791267395,-0.141826629638672,1.48267459869385,0.0864216685295105,0.14785048365593,0.799419939517975,0.575846493244171
-0.41567999124527,-0.139767825603485,1.48241829872131,0.0841604098677635,0.146960958838463,0.799414694309235,0.576416194438934
-0.41567999124527,-0.139767825603485,1.48241829872131,0.0841604098677635,0.146960958838463,0.799414694309235,0.576416194438934
-0.417353183031082,-0.135621383786201,1.48291611671448,0.0814863219857215,0.146327137947082,0.798260092735291,0.578558027744293
-0.418592244386673,-0.133930191397667,1.48283469676971,0.0790112242102623,0.147429808974266,0.797601878643036,0.579528272151947
-0.419214338064194,-0.131721690297127,1.48303234577179,0.0787369161844253,0.14596988260746,0.796919226646423,0.580872714519501
-0.420285999774933,-0.129988208413124,1.48287928104401,0.0770302936434745,0.146254703402519,0.79651665687561,0.581581652164459
-0.421166807413101,-0.128069221973419,1.48301827907562,0.0758423656225204,0.146119967103004,0.795703709125519,0.582882881164551
-0.422168612480164,-0.126161873340607,1.48339653015137,0.0755106434226036,0.14611504971981,0.794676542282104,0.584326803684235
-0.423130303621292,-0.125019580125809,1.48345148563385,0.0737114399671554,0.148098483681679,0.793963193893433,0.585026443004608
-0.423982292413711,-0.122857227921486,1.48354089260101,0.0736390873789787,0.147789761424065,0.794055044651031,0.584989011287689
-0.423982292413711,-0.122857227921486,1.48354089260101,0.0736390873789787,0.147789761424065,0.794055044651031,0.584989011287689
-0.425401657819748,-0.11947675794363,1.48377096652985,0.0708023309707641,0.146380960941315,0.790432691574097,0.590572416782379
-0.426368236541748,-0.117758385837078,1.48325133323669,0.0689870193600654,0.145944356918335,0.789554715156555,0.592067956924438
-0.427242934703827,-0.11608026176691,1.48352026939392,0.0686312392354011,0.14584669470787,0.788275420665741,0.593835294246674
-0.427839607000351,-0.114297918975353,1.48393154144287,0.0689318254590034,0.146197035908699,0.788478016853333,0.593445360660553
-0.42860621213913,-0.112603463232517,1.48429250717163,0.0688520446419715,0.145986273884773,0.786813676357269,0.5957111120224
-0.429306775331497,-0.111007824540138,1.48435723781586,0.0681396275758743,0.145831674337387,0.785748302936554,0.597235083580017
-0.429975211620331,-0.109563775360584,1.48440670967102,0.0667165666818618,0.144907936453819,0.783160209655762,0.601008117198944
-0.430632144212723,-0.108011744916439,1.48447918891907,0.0661217793822288,0.14494164288044,0.781902968883514,0.602700233459473
-0.431333273649216,-0.106530614197254,1.4845529794693,0.0657701343297958,0.145151808857918,0.780605614185333,0.604367613792419
-0.431904703378677,-0.105010062456131,1.48451030254364,0.0651346072554588,0.144904017448425,0.779706358909607,0.605655312538147
-0.432549118995667,-0.103373125195503,1.48459899425507,0.0657363012433052,0.145640343427658,0.779911875724792,0.60514897108078
-0.432823181152344,-0.101545833051205,1.48453962802887,0.0653338357806205,0.144306391477585,0.778903365135193,0.60680878162384
-0.433495163917542,-0.100595161318779,1.48461139202118,0.0642098784446716,0.144804447889328,0.77697479724884,0.609277486801147
-0.433874756097794,-0.0991225019097328,1.48456799983978,0.0638060569763183,0.144649133086205,0.776532232761383,0.609920561313629
-0.434267997741699,-0.0977212786674499,1.48462462425232,0.064028300344944,0.14488422870636,0.776180624961853,0.610288977622986
-0.434667319059372,-0.0962047204375267,1.48468422889709,0.064450703561306,0.144386187195778,0.77564662694931,0.611041009426117
-0.434817969799042,-0.0945157706737518,1.48463797569275,0.0652545243501663,0.144705682992935,0.777218043804169,0.608879446983337
-0.435046166181564,-0.0932665467262268,1.48451995849609,0.0649456083774566,0.14401812851429,0.77583920955658,0.610830962657928
-0.435335546731949,-0.0917497873306274,1.48471295833588,0.0661669075489044,0.144079774618149,0.776020169258118,0.610455393791199
-0.435596644878387,-0.090566299855709,1.48474645614624,0.0669658184051513,0.144895434379578,0.776441514492035,0.609638869762421
-0.435712188482284,-0.0891315639019012,1.48472094535828,0.0679005905985832,0.1451186388731,0.776855647563934,0.608954250812531
-0.435737788677216,-0.0877982303500175,1.48472762107849,0.0687619894742965,0.145775571465492,0.777361214160919,0.608054995536804
-0.435817629098892,-0.0864516273140907,1.48469829559326,0.0700814202427864,0.145985379815102,0.777748703956604,0.60735809803009
-0.435817629098892,-0.0864516273140907,1.48469829559326,0.0700814202427864,0.145985379815102,0.777748703956604,0.60735809803009
-0.435695022344589,-0.0834558457136154,1.48459422588348,0.072778396308422,0.146302700042725,0.779140651226044,0.605176508426666
-0.435794115066528,-0.0821586549282074,1.48462641239166,0.0748825147747993,0.147787868976593,0.780995070934296,0.602161288261414
-0.435277849435806,-0.0810551643371582,1.48439931869507,0.074314497411251,0.147473305463791,0.781995236873627,0.601009488105774
-0.435473442077637,-0.0796181187033653,1.4843682050705,0.0762777626514434,0.147727593779564,0.780770719051361,0.602291822433472
-0.435297906398773,-0.0782826319336891,1.48435664176941,0.0773337632417678,0.147881358861923,0.78132563829422,0.601399004459381
-0.434760987758636,-0.0771558731794357,1.48418211936951,0.0769969373941421,0.147716909646988,0.781852185726166,0.60079824924469
-0.434851348400116,-0.0756113305687904,1.48411655426025,0.0793406069278717,0.148506015539169,0.781844615936279,0.600308299064636
-0.434851348400116,-0.0756113305687904,1.48411655426025,0.0793406069278717,0.148506015539169,0.781844615936279,0.600308299064636
-0.434421062469482,-0.0730532929301261,1.484015583992,0.0811480283737182,0.149318054318428,0.781429588794708,0.600405752658844
-0.434155523777008,-0.0716215074062347,1.48399496078491,0.0818659290671348,0.149638965725899,0.781405568122864,0.60025954246521
-0.433893382549286,-0.0703241303563118,1.48394107818604,0.0825231596827507,0.150444164872169,0.78071528673172,0.600866317749023
-0.433477252721786,-0.0690743550658226,1.4837052822113,0.0823589861392974,0.150334283709526,0.78052145242691,0.601168036460876
-0.433231353759766,-0.0678219869732856,1.48377799987793,0.0829417929053306,0.151256129145622,0.779768943786621,0.601832747459412
-0.432705760002136,-0.0662697926163673,1.48364889621735,0.0830956250429153,0.150746703147888,0.779275894165039,0.60257750749588
-0.432527780532837,-0.0652624890208244,1.48357748985291,0.083178125321865,0.152476191520691,0.778398752212524,0.603264451026917
-0.431932210922241,-0.0637494325637817,1.48329436779022,0.0828667283058166,0.151749804615974,0.777464210987091,0.604693949222565
-0.431702613830566,-0.0626499503850936,1.48323810100555,0.0829931274056434,0.153456211090088,0.776885032653809,0.604990303516388
-0.431370377540588,-0.0613340511918067,1.4832626581192,0.0834582149982452,0.153990238904953,0.776234030723572,0.605625808238983
-0.43089684844017,-0.060059554874897,1.48301541805267,0.083042100071907,0.153946712613106,0.77548211812973,0.606656432151794
-0.430534511804581,-0.0589713975787162,1.48286604881287,0.0825832560658454,0.154942587018013,0.77525931596756,0.606750309467316
-0.430192410945892,-0.0578275434672832,1.48286402225494,0.0826268941164016,0.15581202507019,0.774779140949249,0.607134819030762
-0.429748952388763,-0.0564720071852207,1.4826523065567,0.0826552584767341,0.155404508113861,0.774435698986053,0.607673346996307
-0.429436445236206,-0.0552271232008934,1.48239958286285,0.0833294540643692,0.156705275177956,0.775477349758148,0.605916500091553
-0.429125666618347,-0.05445421859622,1.4821834564209,0.0820461735129356,0.15705980360508,0.774644792079926,0.60706353187561
-0.428639262914658,-0.0531036183238029,1.48213005065918,0.0822774767875671,0.156778767704964,0.77433967590332,0.607494115829468
-0.428332269191742,-0.0517986454069614,1.48209393024445,0.0834979191422462,0.157819926738739,0.775939762592316,0.605011165142059
-0.427957326173782,-0.0509156323969364,1.48193049430847,0.082973375916481,0.157901838421822,0.774807393550873,0.606511414051056
-0.42761304974556,-0.0498817786574363,1.48174738883972,0.0831396952271461,0.158261969685555,0.775132775306702,0.605978727340698
-0.427351146936417,-0.0486983135342597,1.48159110546112,0.0843930318951606,0.159761384129524,0.776766836643219,0.603313863277435
-0.426992684602737,-0.0477846749126911,1.48154175281525,0.0840549245476722,0.159493342041969,0.776060283184052,0.604340195655823
-0.426613211631775,-0.0468638651072979,1.48118388652802,0.0837095901370048,0.160105884075165,0.77705454826355,0.602946937084198
-0.426377892494202,-0.0457668341696262,1.481201171875,0.084598034620285,0.160445854067802,0.777508914470673,0.602146446704865
-0.42614009976387,-0.0448150299489498,1.48100829124451,0.0850318819284439,0.160895496606827,0.778283417224884,0.600963532924652
-0.42580783367157,-0.0438655205070972,1.48089993000031,0.0854912921786308,0.161593288183212,0.778861045837402,0.599961876869202
-0.425562709569931,-0.0430699326097965,1.48079657554626,0.08587247133255,0.162506252527237,0.77963250875473,0.598657488822937
-0.425231456756592,-0.0419906675815582,1.48077261447906,0.0865761190652847,0.162591487169266,0.779971182346344,0.598091602325439
-0.425085604190826,-0.0412092432379722,1.48076117038727,0.0870854258537292,0.163747146725655,0.780851006507874,0.596552491188049
-0.424663573503494,-0.0402435213327407,1.480544090271,0.0873951911926269,0.16374745965004,0.781435668468475,0.595740854740143
-0.424489766359329,-0.039541270583868,1.48046922683716,0.0877510979771614,0.164696156978607,0.781899094581604,0.594818413257599
-0.424195796251297,-0.0386853478848934,1.48022139072418,0.0878510102629661,0.164606869220734,0.782703042030334,0.593770027160645
-0.423918902873993,-0.0377788841724395,1.48039162158966,0.0887824669480323,0.165342226624489,0.783410489559174,0.592492818832397
-0.423689603805542,-0.0369547605514526,1.4803466796875,0.0893930569291114,0.165756195783615,0.783636748790741,0.591986000537872
-0.423431307077408,-0.0359929427504539,1.48019850254059,0.090699627995491,0.166710898280144,0.785482227802277,0.58906614780426
-0.423230439424515,-0.0351852513849735,1.48010361194611,0.0912733525037765,0.166810020804405,0.785745143890381,0.588598489761353
-0.423230439424515,-0.0351852513849735,1.48010361194611,0.0912733525037765,0.166810020804405,0.785745143890381,0.588598489761353
-0.422761619091034,-0.0339136868715286,1.48007106781006,0.0914280265569686,0.167304247617722,0.784602046012878,0.589957594871521
-0.422498404979706,-0.0332351811230182,1.47981977462769,0.0914796814322471,0.167435586452484,0.784648835659027,0.589850127696991
-0.422383546829224,-0.0326115749776363,1.47986400127411,0.0921360179781913,0.168219447135925,0.784389197826385,0.58987021446228
-0.422194570302963,-0.0319420024752616,1.47980427742004,0.0925135314464569,0.168761536478996,0.784268975257874,0.589816153049469
-0.421967059373856,-0.0312901437282562,1.47977137565613,0.0929883643984794,0.168865710496902,0.783953607082367,0.590130746364594
-0.421792775392532,-0.0306668449193239,1.47959685325623,0.0933129340410232,0.169031158089638,0.783858060836792,0.590159177780151
-0.421792775392532,-0.0306668449193239,1.47959685325623,0.0933129340410232,0.169031158089638,0.783858060836792,0.590159177780151
-0.421357035636902,-0.0294775925576686,1.47945380210876,0.0940026491880416,0.169987246394157,0.78270298242569,0.591307163238525
-0.42119973897934,-0.0288919620215892,1.47958028316498,0.0947503522038459,0.170378148555756,0.781998455524445,0.592006802558899
-0.420943170785904,-0.0283846370875835,1.47946774959564,0.0949081256985664,0.17076113820076,0.781117558479309,0.593033194541931
-0.420943170785904,-0.0283846370875835,1.47946774959564,0.0949081256985664,0.17076113820076,0.781117558479309,0.593033194541931
-0.420605838298798,-0.0275001414120197,1.47932529449463,0.0955145880579948,0.172027766704559,0.779266536235809,0.595001757144928
-0.420299232006073,-0.0269057601690292,1.47920680046082,0.0957996696233749,0.171894297003746,0.778359353542328,0.596180737018585
-0.420139461755753,-0.0264392085373401,1.47917771339417,0.096309870481491,0.17227777838707,0.777486562728882,0.597126066684723
-0.420072495937347,-0.025982329621911,1.47916269302368,0.0976253598928451,0.17388091981411,0.777921617031097,0.595879852771759
-0.419872581958771,-0.0256166160106658,1.47906255722046,0.0978612676262855,0.174279198050499,0.776982188224792,0.596949636936188
-0.419607818126678,-0.0250786319375038,1.47889912128448,0.0980802625417709,0.174256190657616,0.775990188121796,0.598209261894226
-0.419565737247467,-0.0248706080019474,1.47908413410187,0.0988194048404693,0.175580561161041,0.774613499641418,0.5994833111763
-0.41935658454895,-0.0246723592281341,1.4790313243866,0.0980967953801155,0.175192013382912,0.772502899169922,0.602431833744049
-0.419093191623688,-0.0242013093084096,1.47895836830139,0.0982725992798805,0.174935296177864,0.771632254123688,0.603592395782471
-0.418947249650955,-0.0239419098943471,1.47866892814636,0.0979798436164856,0.175306871533394,0.770714998245239,0.60470324754715
-0.419014155864716,-0.0235430523753166,1.47901606559753,0.0994783192873001,0.17613822221756,0.769401431083679,0.605888605117798
-0.419014155864716,-0.0235430523753166,1.47901606559753,0.0994783192873001,0.17613822221756,0.769401431083679,0.605888605117798
-0.418658077716827,-0.0230806414037942,1.47894895076752,0.0991599634289741,0.17649096250534,0.76781439781189,0.607848286628723
-0.418558835983276,-0.0228760223835706,1.4789125919342,0.0991003587841987,0.176827609539032,0.767007946968079,0.608777403831482
-0.418474078178406,-0.02271144464612,1.47877180576324,0.0988571271300315,0.177044153213501,0.766325414180756,0.609613120555878
-0.418371796607971,-0.0224833376705646,1.47874355316162,0.0988959148526191,0.177032023668289,0.765649855136871,0.610458672046661
-0.418331503868103,-0.0223156083375215,1.47877252101898,0.0990180522203445,0.177165508270264,0.765063226222992,0.611135065555573
-0.418270468711853,-0.0222257543355226,1.47878241539001,0.0990249216556549,0.177612990140915,0.764190018177032,0.612095952033997
-0.418223589658737,-0.0221180822700262,1.47880578041077,0.0990660190582275,0.177661314606667,0.763679921627045,0.612711608409882
-0.418223589658737,-0.0221180822700262,1.47880578041077,0.0990660190582275,0.177661314606667,0.763679921627045,0.612711608409882
-0.418075025081635,-0.0218406692147254,1.47895264625549,0.0992547869682312,0.177652209997177,0.76243382692337,0.614233553409576
-0.418007850646973,-0.0217606090009212,1.478924036026,0.0991268381476402,0.177427291870117,0.761962592601776,0.614903628826141
-0.41792568564415,-0.0217405650764703,1.478724360466,0.098569318652153,0.177059695124626,0.761592388153076,0.615557491779327
-0.417875409126282,-0.0216715894639492,1.47891366481781,0.0988227203488349,0.176894202828407,0.760940134525299,0.616370677947998
-0.417825162410736,-0.0217113532125949,1.4788966178894,0.0986455902457237,0.176809191703796,0.760262012481689,0.617259502410889
-0.417797893285751,-0.021753042936325,1.47886860370636,0.098431572318077,0.176613762974739,0.759633719921112,0.618122577667236
-0.417734891176224,-0.0218110587447881,1.47886157035828,0.0982440859079361,0.176348552107811,0.758954107761383,0.61906224489212
-0.417716950178146,-0.0219285544008016,1.47884213924408,0.0980492085218429,0.176212623715401,0.758144080638885,0.620123326778412
-0.417716950178146,-0.0219285544008016,1.47884213924408,0.0980492085218429,0.176212623715401,0.758144080638885,0.620123326778412
-0.417590320110321,-0.0222746264189481,1.47852921485901,0.0973009690642356,0.175693154335022,0.756709396839142,0.622137784957886
-0.417516708374023,-0.0224327184259891,1.47853100299835,0.0972117036581039,0.175267294049263,0.755601048469543,0.6236172914505
-0.417477160692215,-0.0226190499961376,1.47876524925232,0.0975023135542869,0.175117626786232,0.754208385944366,0.625297486782074
-0.417413145303726,-0.0228308532387018,1.47882759571075,0.0974998399615287,0.17473691701889,0.753112077713013,0.626723945140839
-0.417322635650635,-0.0231307074427604,1.47886681556702,0.0974446013569831,0.174335137009621,0.751691818237305,0.628546953201294
-0.417219161987305,-0.0234401728957891,1.47886884212494,0.0973813086748123,0.173649236559868,0.750212788581848,0.630510628223419
-0.417216271162033,-0.0236011128872632,1.47899305820465,0.0985696986317634,0.174026980996132,0.750050842761993,0.630414366722107
-0.417246013879776,-0.0241761244833469,1.47907876968384,0.0984872877597808,0.174217596650124,0.748174488544464,0.632600605487823
-0.416962921619415,-0.0245913360267877,1.47904908657074,0.0975247099995613,0.172726228833198,0.744923114776611,0.636980772018433
-0.416840702295303,-0.0248571243137121,1.47912728786469,0.0978931784629821,0.171996980905533,0.742977321147919,0.639389395713806
-0.416784256696701,-0.0251694992184638,1.47910749912262,0.0986049547791481,0.172218203544617,0.741958022117615,0.640403151512146
-0.416578203439713,-0.0256370455026626,1.47907435894012,0.0984030216932296,0.17176915705204,0.739809811115265,0.643034875392914
-0.416403353214264,-0.0262096617370843,1.47908103466034,0.0977292358875274,0.170406252145767,0.735882937908173,0.647986888885498
-0.416226893663406,-0.0267842095345258,1.47905313968658,0.0976248383522033,0.170306101441383,0.733407318592072,0.650829434394836
-0.416031688451767,-0.0273232776671648,1.47896432876587,0.0976500064134597,0.169319570064545,0.730392634868622,0.654463171958923
-0.41580057144165,-0.0279160048812627,1.47889816761017,0.0976133197546005,0.169128447771072,0.727559864521027,0.657665550708771
-0.415611386299133,-0.0284541510045528,1.4790346622467,0.0980371609330177,0.168877318501472,0.724611103534698,0.660914599895477
-0.415353894233704,-0.0291809383779764,1.47885978221893,0.0977120473980903,0.168650701642036,0.721407771110535,0.664515018463135
-0.415182828903198,-0.0298305228352546,1.47889447212219,0.0981951504945755,0.168344244360924,0.717666387557983,0.668560445308685
-0.414944529533386,-0.0304658357053995,1.47888433933258,0.0985420122742652,0.167792931199074,0.714392423629761,0.672144711017609
-0.414713442325592,-0.0310408286750316,1.47878742218018,0.0994278714060783,0.168203845620155,0.712179660797119,0.674256443977356
-0.414439022541046,-0.0318133533000946,1.47878062725067,0.0993851274251937,0.166906207799911,0.706910192966461,0.680105149745941
-0.414122223854065,-0.0326126851141452,1.47872221469879,0.0996333658695221,0.166848719120026,0.703052937984467,0.684069871902466
-0.413879066705704,-0.0332842506468296,1.47862911224365,0.100902460515499,0.167534083127975,0.700146853923798,0.686691641807556
-0.413561314344406,-0.0341475196182727,1.47862267494202,0.101227521896362,0.166285246610641,0.69467967748642,0.69247567653656
-0.412984848022461,-0.0350941829383373,1.47841501235962,-0.101002298295498,-0.165936917066574,-0.690563082695007,-0.696696698665619
-0.412639498710632,-0.0358856096863746,1.47827923297882,-0.102358050644398,-0.166434451937675,-0.687682867050171,-0.699224472045898
-0.412269383668899,-0.0369101986289024,1.47821462154388,-0.102696895599365,-0.165875807404518,-0.681714594364166,-0.705126881599426
-0.41190704703331,-0.0378345847129821,1.47810232639313,-0.103578448295593,-0.165554761886597,-0.677329361438751,-0.709287047386169
-0.411478817462921,-0.0387728735804557,1.4779634475708,-0.104719258844852,-0.165161371231079,-0.672750174999237,-0.713556468486786
-0.411051571369171,-0.039875790476799,1.47780704498291,-0.105398468673229,-0.165628120303154,-0.668311059474945,-0.717508792877197
-0.410661399364471,-0.0406803786754608,1.477787733078,-0.107657223939896,-0.166248172521591,-0.664877235889435,-0.720215022563934
-0.410270839929581,-0.0418627448379993,1.47756624221802,-0.10819286108017,-0.165598466992378,-0.658728837966919,-0.725911796092987
-0.409883737564087,-0.042883276939392,1.47730469703674,-0.109717041254043,-0.165479943156242,-0.654082953929901,-0.729900062084198
-0.409409701824188,-0.0438275747001171,1.4773051738739,-0.112104505300522,-0.166280940175056,-0.650692284107208,-0.732381641864777
-0.408909976482391,-0.0450834743678569,1.47702717781067,-0.11280507594347,-0.165360763669014,-0.644889116287231,-0.737596690654755
-0.408523082733154,-0.0461462475359439,1.47692179679871,-0.115139864385128,-0.165642976760864,-0.639829456806183,-0.741568326950073
-0.408071935176849,-0.0473268404603004,1.47674703598022,-0.117049142718315,-0.165927559137344,-0.635147333145142,-0.745221734046936
-0.407387018203735,-0.0484038293361663,1.47658610343933,-0.119118891656399,-0.166435062885284,-0.631955146789551,-0.747491121292114
-0.406953752040863,-0.0497523881494998,1.47627007961273,-0.120626620948315,-0.166123867034912,-0.625722050666809,-0.752545177936554
-0.406517863273621,-0.0509073957800865,1.4763298034668,-0.122567422688007,-0.166762351989746,-0.620494842529297,-0.756408512592316
-0.406047165393829,-0.0518893338739872,1.47622013092041,-0.126502007246017,-0.167784571647644,-0.617129981517792,-0.758285105228424
-0.406047165393829,-0.0518893338739872,1.47622013092041,-0.126502007246017,-0.167784571647644,-0.617129981517792,-0.758285105228424
-0.40497487783432,-0.0543463453650474,1.47580230236053,-0.130730986595154,-0.167495757341385,-0.607032775878906,-0.765745282173157
-0.404550045728683,-0.055612713098526,1.47567927837372,-0.132643982768059,-0.168370246887207,-0.602173507213593,-0.769054174423218
-0.404087424278259,-0.0567191913723945,1.47563827037811,-0.136252999305725,-0.168439850211143,-0.598174631595612,-0.771524608135223
-0.403622090816498,-0.0579264722764492,1.47552955150604,-0.139203801751137,-0.168969288468361,-0.59323513507843,-0.774689495563507
-0.403046250343323,-0.0591254979372024,1.4750828742981,-0.140983745455742,-0.169367060065269,-0.589489877223969,-0.777135848999023
-0.403115302324295,-0.0610025562345981,1.47499787807465,-0.143199115991592,-0.173617541790008,-0.583109676837921,-0.78059858083725
-0.402599483728409,-0.0620912984013557,1.47497749328613,-0.147055864334106,-0.173385545611382,-0.579475045204163,-0.782637119293213
-0.402286916971207,-0.0632190480828285,1.47490239143372,-0.1495361328125,-0.174704357981682,-0.574406981468201,-0.785604238510132
-0.402903407812118,-0.0640342831611633,1.47510898113251,-0.154335424304008,-0.176112309098244,-0.576042056083679,-0.783160626888275
-0.40139627456665,-0.065729483962059,1.47457480430603,-0.154543250799179,-0.17571559548378,-0.565903007984161,-0.790565848350525
-0.40139627456665,-0.065729483962059,1.47457480430603,-0.154543250799179,-0.17571559548378,-0.565903007984161,-0.790565848350525
-0.400362074375153,-0.0685067474842071,1.47412765026093,-0.157906964421272,-0.176319792866707,-0.557404756546021,-0.79578685760498
-0.399970889091492,-0.0698123499751091,1.47386991977692,-0.16007561981678,-0.17688974738121,-0.552990078926086,-0.798303127288818
-0.399537831544876,-0.0710644796490669,1.47362971305847,-0.162038952112198,-0.17779603600502,-0.550242900848389,-0.799602925777435
-0.399198442697525,-0.0723775476217269,1.47359371185303,-0.164178565144539,-0.177593097090721,-0.544720709323883,-0.802985370159149
-0.399198442697525,-0.0723775476217269,1.47359371185303,-0.164178565144539,-0.177593097090721,-0.544720709323883,-0.802985370159149
-0.398336738348007,-0.0749355778098106,1.47317051887512,-0.167834877967834,-0.178857833147049,-0.538050174713135,-0.806438624858856
-0.39807665348053,-0.0763061940670013,1.47311449050903,-0.169854000210762,-0.178611427545547,-0.533038794994354,-0.809393167495728
-0.397741496562958,-0.0773917064070701,1.47298955917358,-0.172366067767143,-0.179745957255363,-0.530153274536133,-0.810505390167236
-0.397741496562958,-0.0773917064070701,1.47298955917358,-0.172366067767143,-0.179745957255363,-0.530153274536133,-0.810505390167236
-0.39700573682785,-0.0800148844718933,1.47260880470276,-0.176072955131531,-0.179737791419029,-0.523384034633636,-0.814101934432983
-0.39700573682785,-0.0800148844718933,1.47260880470276,-0.176072955131531,-0.179737791419029,-0.523384034633636,-0.814101934432983
-0.39774614572525,-0.0824251025915145,1.47273325920105,-0.181410506367683,-0.181925848126411,-0.522289454936981,-0.813146352767944
-0.397553622722626,-0.0838456526398658,1.47271180152893,-0.182940453290939,-0.183104336261749,-0.522365093231201,-0.812490224838257
-0.397553622722626,-0.0838456526398658,1.47271180152893,-0.182940453290939,-0.183104336261749,-0.522365093231201,-0.812490224838257
-0.396751523017883,-0.0864926949143409,1.47233426570892,-0.18594166636467,-0.18249699473381,-0.512329399585724,-0.818314850330353
-0.396631896495819,-0.0877992212772369,1.47228765487671,-0.187566876411438,-0.182699531316757,-0.51071971654892,-0.818904638290405
-0.396353870630264,-0.0890935510396957,1.47227931022644,-0.189234331250191,-0.182824611663818,-0.507824182510376,-0.820292711257935
-0.396353870630264,-0.0890935510396957,1.47227931022644,-0.189234331250191,-0.182824611663818,-0.507824182510376,-0.820292711257935
-0.394527792930603,-0.0919369012117385,1.47164011001587,-0.190022870898247,-0.179940730333328,-0.496996223926544,-0.827349662780762
-0.394184201955795,-0.0934508666396141,1.47139656543732,-0.1906418800354,-0.179812103509903,-0.495151996612549,-0.828340411186218
-0.394012868404388,-0.0945862233638763,1.47137522697449,-0.192534506320953,-0.179638609290123,-0.492946833372116,-0.829255044460297
-0.393788248300552,-0.0958474352955818,1.47129273414612,-0.194028243422508,-0.180195882916451,-0.492041409015656,-0.829323768615723
-0.393598139286041,-0.0971984416246414,1.47114634513855,-0.195114582777023,-0.18015556037426,-0.490222752094269,-0.830154240131378
-0.393406510353088,-0.0985154807567596,1.47111058235168,-0.196551904082298,-0.179159492254257,-0.487073987722397,-0.831882357597351
-0.393194317817688,-0.099823497235775,1.47091090679169,-0.197682753205299,-0.179840579628944,-0.48668584227562,-0.831694543361664
-0.392972081899643,-0.101161286234856,1.47081565856934,-0.198776304721832,-0.178516775369644,-0.483806610107422,-0.833397209644318
-0.392715185880661,-0.102450162172318,1.4706267118454,-0.19965648651123,-0.178021371364594,-0.482478141784668,-0.834062695503235
-0.392557442188263,-0.103800669312477,1.47051095962524,-0.200613781809807,-0.177602708339691,-0.480852276086807,-0.834860801696777
-0.392557442188263,-0.103800669312477,1.47051095962524,-0.200613781809807,-0.177602708339691,-0.480852276086807,-0.834860801696777
-0.392240226268768,-0.106393203139305,1.47026598453522,-0.20294301211834,-0.176762029528618,-0.477916479110718,-0.836161077022552
-0.392116129398346,-0.107677184045315,1.47016978263855,-0.204022347927094,-0.177665591239929,-0.477928906679153,-0.835699617862701
-0.391950815916061,-0.108984932303429,1.47007918357849,-0.205073580145836,-0.177110895514488,-0.476799100637436,-0.836205244064331
-0.391841650009155,-0.110311225056648,1.46998977661133,-0.205910161137581,-0.17691171169281,-0.475403845310211,-0.836835980415344
-0.391732573509216,-0.111497640609741,1.46988081932068,-0.207219243049621,-0.176550716161728,-0.4739790558815,-0.83739709854126
-0.391672015190125,-0.112856790423393,1.4697802066803,-0.208044588565826,-0.175357595086098,-0.471310585737228,-0.838947892189026
-0.391601711511612,-0.114119626581669,1.46964943408966,-0.209037840366363,-0.175703406333923,-0.471394121646881,-0.838581562042236
-0.391514718532562,-0.115343078970909,1.46958386898041,-0.209955438971519,-0.174632281064987,-0.468934535980225,-0.839954078197479
-0.391359925270081,-0.116669572889805,1.46950161457062,-0.210803180932999,-0.174195230007172,-0.468066602945328,-0.840316474437714
-0.391284257173538,-0.117923364043236,1.4694037437439,-0.211886793375015,-0.173908531665802,-0.466975003480911,-0.840710520744324
-0.391343355178833,-0.119116589426994,1.46940326690674,-0.213038429617882,-0.174618363380432,-0.467520505189896,-0.839968800544739
-0.391279876232147,-0.120388828217983,1.4692257642746,-0.214044377207756,-0.173946693539619,-0.46683132648468,-0.840235650539398
-0.391279876232147,-0.120388828217983,1.4692257642746,-0.214044377207756,-0.173946693539619,-0.46683132648468,-0.840235650539398
-0.391257762908935,-0.122823812067509,1.46938216686249,-0.21649344265461,-0.173337876796722,-0.464833110570908,-0.840841710567474
-0.391211658716202,-0.124010615050793,1.46933948993683,-0.217654585838318,-0.172511622309685,-0.464128077030182,-0.841101288795471
-0.39127242565155,-0.125183790922165,1.46928977966309,-0.218616381287575,-0.172297865152359,-0.463210433721542,-0.841401517391205
-0.391317129135132,-0.126365423202515,1.46925890445709,-0.219581991434097,-0.171904280781746,-0.462419986724854,-0.841665327548981
-0.391320765018463,-0.127529308199883,1.46927535533905,-0.220604375004768,-0.170233234763145,-0.460134327411652,-0.842989206314087
-0.391336023807526,-0.128683805465698,1.46920168399811,-0.221137136220932,-0.170042097568512,-0.459482669830322,-0.843243658542633
-0.391417145729065,-0.129800885915756,1.46921300888062,-0.222236722707748,-0.169488742947578,-0.459025502204895,-0.843315005302429
-0.391481578350067,-0.130865186452866,1.46924233436584,-0.223174303770065,-0.169053316116333,-0.458320409059524,-0.843538165092468
-0.391546726226807,-0.132020771503448,1.4692291021347,-0.223713845014572,-0.168734192848206,-0.458125025033951,-0.843565344810486
-0.391697078943253,-0.133049532771111,1.46922254562378,-0.224724948406219,-0.168467372655869,-0.457791745662689,-0.843530833721161
-0.391743063926697,-0.134190648794174,1.46916604042053,-0.224781319499016,-0.169038668274879,-0.459432512521744,-0.842508852481842
-0.391893118619919,-0.135089963674545,1.46921575069427,-0.226064175367355,-0.168412372469902,-0.459127485752106,-0.842457294464111
-0.391928136348724,-0.13609567284584,1.46916520595551,-0.226268947124481,-0.168008059263229,-0.459385961294174,-0.842342138290405
-0.392079085111618,-0.13706548511982,1.46924948692322,-0.227266237139702,-0.167539045214653,-0.459334284067154,-0.842195272445679
-0.39216685295105,-0.138042196631431,1.46909916400909,-0.227489829063415,-0.166823402047157,-0.460044234991074,-0.841889321804047
-0.392255038022995,-0.138944610953331,1.46910619735718,-0.22811521589756,-0.166381388902664,-0.460301786661148,-0.841666877269745
-0.392425030469894,-0.139855727553368,1.46910810470581,-0.228842407464981,-0.164933711290359,-0.459684550762177,-0.842091619968414
-0.392546355724335,-0.140664964914322,1.46920347213745,-0.229559689760208,-0.164660096168518,-0.460316121578216,-0.841604769229889
-0.392573833465576,-0.141508102416992,1.4691858291626,-0.229890331625938,-0.164111360907555,-0.461069792509079,-0.84120899438858
-0.392740041017532,-0.142366677522659,1.46901023387909,-0.229916453361511,-0.163672432303429,-0.46275594830513,-0.84036111831665
-0.392940759658813,-0.143101021647453,1.46905493736267,-0.230436131358147,-0.163284122943878,-0.463872134685516,-0.839678525924683
-0.393046498298645,-0.143798246979713,1.46908175945282,-0.230781510472298,-0.162732765078545,-0.465601623058319,-0.838732957839966
-0.393046498298645,-0.143798246979713,1.46908175945282,-0.230781510472298,-0.162732765078545,-0.465601623058319,-0.838732957839966
-0.393197536468506,-0.145224362611771,1.46918249130249,-0.23161543905735,-0.161122903227806,-0.469660133123398,-0.836548388004303
-0.393391638994217,-0.145895704627037,1.46908104419708,-0.231618717312813,-0.161361977458,-0.473932832479477,-0.834087908267975
-0.393578946590424,-0.146584689617157,1.46917581558228,-0.232349574565887,-0.160486221313477,-0.476917326450348,-0.832350730895996
-0.393510460853577,-0.146964460611343,1.46923613548279,-0.232873052358627,-0.158385902643204,-0.480305016040802,-0.830657124519348
-0.393520653247833,-0.147504165768623,1.46928346157074,-0.232956930994987,-0.156880125403404,-0.484258562326431,-0.828621327877045
-0.393766134977341,-0.148099049925804,1.46952414512634,-0.233686089515686,-0.154883548617363,-0.487115353345871,-0.827115833759308
-0.393601983785629,-0.14848530292511,1.46944642066956,-0.233482256531715,-0.152355030179024,-0.491977244615555,-0.824762046337128
-0.393576085567474,-0.148871645331383,1.46941924095154,-0.233363196253776,-0.150346398353577,-0.497253596782684,-0.821995496749878
-0.393866539001465,-0.149323627352715,1.46962487697601,-0.234085097908974,-0.149783089756966,-0.504700124263763,-0.817341387271881
-0.393596172332764,-0.149526312947273,1.47011363506317,-0.234820008277893,-0.146642565727234,-0.510335385799408,-0.814194917678833
-0.393592596054077,-0.149984374642372,1.47022485733032,-0.234015107154846,-0.145245030522346,-0.517355263233185,-0.810237228870392
-0.39378747344017,-0.150364935398102,1.47040808200836,-0.234530761837959,-0.141372293233871,-0.521839261054993,-0.807894170284271
-0.393437325954437,-0.150554075837135,1.47053301334381,-0.234301269054413,-0.138958781957626,-0.531748294830322,-0.801895976066589
-0.393513649702072,-0.150700554251671,1.47070157527924,-0.234414786100387,-0.13591331243515,-0.537845134735107,-0.798310577869415
-0.39354807138443,-0.150825202465057,1.47080969810486,-0.234072685241699,-0.133202463388443,-0.546031534671783,-0.793294847011566
-0.393547743558884,-0.150982290506363,1.47104024887085,-0.234016373753548,-0.131531655788422,-0.556153535842896,-0.786529719829559
-0.393369823694229,-0.151282370090485,1.47108829021454,-0.233058899641037,-0.128644868731499,-0.564653754234314,-0.781217098236084
-0.393196940422058,-0.151100814342499,1.47144317626953,-0.233150243759155,-0.12519209086895,-0.572933793067932,-0.775702834129333
-0.394418239593506,-0.150932237505913,1.47203981876373,-0.234817117452621,-0.124806679785252,-0.587070405483246,-0.764612674713135
-0.394430458545685,-0.151015490293503,1.47211229801178,-0.233994394540787,-0.121916219592094,-0.594475090503693,-0.759593665599823
-0.394469499588013,-0.150699391961098,1.47238802909851,-0.23399256169796,-0.118885785341263,-0.603645324707031,-0.752812147140503
-0.394324481487274,-0.15065011382103,1.4725524187088,-0.233301371335983,-0.11616650223732,-0.612796008586884,-0.746027410030365
-0.394489705562591,-0.150421798229218,1.47238445281982,-0.232288479804993,-0.113899782299995,-0.621557414531708,-0.739415645599365
-0.394448846578598,-0.150232523679733,1.47278785705566,-0.231923431158066,-0.111777991056442,-0.630176961421967,-0.732525944709778
-0.394360542297363,-0.14987887442112,1.47295498847961,-0.231438919901848,-0.10945575684309,-0.640487551689148,-0.724038124084473
-0.394310653209686,-0.149664372205734,1.47326898574829,-0.230799913406372,-0.106576159596443,-0.647662460803986,-0.718266189098358
-0.394297301769257,-0.14938972890377,1.47354531288147,-0.230403527617455,-0.104543529450893,-0.655709445476532,-0.71135801076889
-0.394297301769257,-0.14938972890377,1.47354531288147,-0.230403527617455,-0.104543529450893,-0.655709445476532,-0.71135801076889
-0.394368588924408,-0.148745253682137,1.47317063808441,-0.226931557059288,-0.100831106305122,-0.672394752502441,-0.697295248508453
-0.394698679447174,-0.148878827691078,1.47336709499359,-0.225845485925674,-0.100909158587456,-0.680411875247955,-0.689819514751434
-0.394676327705383,-0.148399859666824,1.47355139255524,0.224908575415611,0.0990834981203079,0.688226461410522,0.682600080966949
-0.394629508256912,-0.147949934005737,1.47424876689911,0.22495236992836,0.0977554991841316,0.695058107376099,0.675821542739868
-0.394649296998978,-0.147651001811027,1.47446477413177,0.223794907331467,0.096858911216259,0.702033400535583,0.669091403484344
-0.394701421260834,-0.147323250770569,1.4746230840683,0.222366586327553,0.0958994850516319,0.708619832992554,0.662732601165771
-0.393062740564346,-0.146393984556198,1.47443091869354,0.219692796468735,0.0909149870276451,0.709552407264709,0.663328886032104
-0.393039047718048,-0.145946264266968,1.47461223602295,0.218266397714615,0.0897495001554489,0.71576452255249,0.657256364822388
-0.392470389604568,-0.145012766122818,1.47419309616089,0.215361997485161,0.0869297236204147,0.72109442949295,0.652752280235291
-0.39277571439743,-0.144681185483932,1.47468447685242,0.214764833450317,0.0871877148747444,0.726848602294922,0.646502554416656
-0.392305672168732,-0.14379708468914,1.47471916675568,0.213054567575455,0.0853795558214187,0.731380224227905,0.642184615135193
-0.392395585775375,-0.143513187766075,1.47486555576324,0.211046978831291,0.0856316983699798,0.736705005168915,0.63670402765274
-0.392649590969086,-0.143279418349266,1.47514772415161,0.209609866142273,0.086686834692955,0.741696834564209,0.631217062473297
-0.392608374357224,-0.142734959721565,1.4758175611496,0.208956509828568,0.0867689326405525,0.745782673358917,0.626591324806213
-0.392199575901031,-0.14156474173069,1.47584342956543,0.208565577864647,0.0850635915994644,0.751362919807434,0.620256721973419
-0.392279893159866,-0.141376242041588,1.47607970237732,0.205372154712677,0.0857384949922561,0.754116296768188,0.617883384227753
-0.392236441373825,-0.140875145792961,1.47621536254883,0.203566789627075,0.0859896019101142,0.757781445980072,0.613949239253998
-0.392135739326477,-0.140126824378967,1.47653377056122,0.202311486005783,0.0862745940685272,0.760864973068237,0.610500812530518
-0.392156660556793,-0.139555484056473,1.47664070129395,0.200617253780365,0.0864848792552948,0.764549493789673,0.6064133644104
-0.392156660556793,-0.139555484056473,1.47664070129395,0.200617253780365,0.0864848792552948,0.764549493789673,0.6064133644104
-0.392194896936417,-0.138449415564537,1.4769104719162,0.197406336665154,0.0879034847021102,0.770751774311066,0.599370837211609
-0.392228007316589,-0.13787816464901,1.47705769538879,0.19549860060215,0.0886661186814308,0.773232161998749,0.596683025360107
-0.392389476299286,-0.137371674180031,1.4771603345871,0.194007128477097,0.0897403880953788,0.775990962982178,0.593418955802917
-0.392276674509048,-0.136627823114395,1.47728753089905,0.192203566431999,0.0901536867022514,0.778718829154968,0.590361773967743
-0.392355620861053,-0.13602402806282,1.47733449935913,0.19038125872612,0.0910788401961326,0.780951857566833,0.587855219841003
-0.392324924468994,-0.135480180382728,1.47789585590363,0.189208492636681,0.0923288986086845,0.782844603061676,0.58551687002182
-0.39241623878479,-0.134846478700638,1.4780592918396,0.187489554286003,0.0934455618262291,0.784958720207214,0.583057105541229
-0.392507374286652,-0.134117841720581,1.47784376144409,0.184829756617546,0.0939870104193687,0.787467420101166,0.580430388450623
-0.392418682575226,-0.133534461259842,1.47819530963898,0.183280453085899,0.0948923602700233,0.789380252361298,0.578171849250793
-0.392761558294296,-0.132796511054039,1.47844839096069,0.182322233915329,0.0966646447777748,0.791085600852966,0.575845718383789
-0.392825961112976,-0.132051557302475,1.47855746746063,0.180407226085663,0.0972690433263778,0.793201565742493,0.573431253433228
-0.39263105392456,-0.131496638059616,1.47813642024994,0.17671924829483,0.0976521968841552,0.795367956161499,0.571510434150696
-0.392729640007019,-0.130813896656036,1.47827911376953,0.17502036690712,0.0989277735352516,0.796911776065826,0.569660365581512
-0.392762720584869,-0.130113765597343,1.47887468338013,0.173972636461258,0.100273609161377,0.798316180706024,0.567776381969452
-0.392947167158127,-0.129387229681015,1.47848403453827,0.171418979763985,0.101119749248028,0.800125539302826,0.565852880477905
-0.392947167158127,-0.129387229681015,1.47848403453827,0.171418979763985,0.101119749248028,0.800125539302826,0.565852880477905
-0.393099039793015,-0.127958178520203,1.47914147377014,0.168156683444977,0.103450112044811,0.802837252616882,0.562560081481934
-0.39321830868721,-0.127209529280663,1.47922646999359,0.165993928909302,0.104252859950066,0.804469347000122,0.560719549655914
-0.393363535404205,-0.126429632306099,1.47937488555908,0.164036437869072,0.104996047914028,0.806219458580017,0.558639466762543
-0.393363535404205,-0.126429632306099,1.47937488555908,0.164036437869072,0.104996047914028,0.806219458580017,0.558639466762543
-0.393684834241867,-0.124916300177574,1.4797043800354,0.159912660717964,0.106742724776268,0.809133529663086,0.555280923843384
-0.393835365772247,-0.124173358082771,1.47979629039764,0.157648429274559,0.107741959393024,0.810590028762817,0.553608596324921
-0.393835365772247,-0.124173358082771,1.47979629039764,0.157648429274559,0.107741959393024,0.810590028762817,0.553608596324921
-0.394226789474487,-0.122626416385174,1.48020625114441,0.153878033161163,0.109824150800705,0.812936127185822,0.55081307888031
-0.394339382648468,-0.121837981045246,1.4805748462677,0.152295008301735,0.110852546989918,0.814326822757721,0.548989772796631
-0.394515156745911,-0.121136300265789,1.48060965538025,0.149723455309868,0.111986249685287,0.815386831760406,0.54789274930954
-0.394749701023102,-0.12033699452877,1.48055005073547,0.147342815995216,0.112470082938671,0.816787898540497,0.546349823474884
-0.394749701023102,-0.12033699452877,1.48055005073547,0.147342815995216,0.112470082938671,0.816787898540497,0.546349823474884
-0.395752012729645,-0.119193114340305,1.48044621944427,0.142561584711075,0.116170711815357,0.819842159748077,0.542253971099854
-0.395662993192673,-0.117786340415478,1.48058617115021,0.141678541898727,0.115096315741539,0.820883750915527,0.541137635707855
-0.395870000123978,-0.11712634563446,1.48066735267639,0.138572886586189,0.116402931511402,0.821876347064972,0.540154755115509
-0.395993709564209,-0.116352535784244,1.48096716403961,0.136897534132004,0.117553561925888,0.823099970817566,0.538467049598694
-0.396310359239578,-0.115595869719982,1.48113477230072,0.135021865367889,0.11882808804512,0.824202299118042,0.53697270154953
-0.396576732397079,-0.11480275541544,1.48124670982361,0.133207380771637,0.119895659387112,0.824961364269257,0.536022007465363
-0.396383225917816,-0.114373862743378,1.48111736774445,0.129380375146866,0.120431311428547,0.826566100120544,0.534364640712738
-0.396383225917816,-0.114373862743378,1.48111736774445,0.129380375146866,0.120431311428547,0.826566100120544,0.534364640712738
-0.397410213947296,-0.112732462584972,1.48091578483582,0.126217395067215,0.123128294944763,0.828322052955627,0.531781256198883
-0.397395193576813,-0.111844062805176,1.48113238811493,0.124362841248512,0.123485162854195,0.829029023647308,0.531033217906952
-0.398421168327331,-0.111242108047009,1.48166584968567,0.12412341684103,0.124747052788734,0.832958579063416,0.524606168270111
-0.398558884859085,-0.110456049442291,1.48163247108459,0.122030392289162,0.12567289173603,0.834061443805695,0.52312183380127
-0.398558884859085,-0.110456049442291,1.48163247108459,0.122030392289162,0.12567289173603,0.834061443805695,0.52312183380127
-0.398671925067902,-0.109166406095028,1.48103225231171,0.116237789392471,0.126313701272011,0.836415350437164,0.520521819591522
-0.399408370256424,-0.108482770621776,1.48120009899139,0.11588766425848,0.12793305516243,0.837083399295807,0.519128799438477
-0.399008363485336,-0.107847861945629,1.48127710819244,0.113068230450153,0.128196239471435,0.837736010551453,0.518632650375366
-0.399334490299225,-0.107231818139553,1.48135793209076,0.111541941761971,0.129610747098923,0.838358044624329,0.517605423927307
-0.399444162845612,-0.106728166341782,1.48125982284546,0.109528698027134,0.130025312304497,0.839140772819519,0.516662001609802
-0.400028705596924,-0.105842135846615,1.48149454593658,0.111175201833248,0.131782367825508,0.841009855270386,0.512811720371246
-0.400028705596924,-0.105842135846615,1.48149454593658,0.111175201833248,0.131782367825508,0.841009855270386,0.512811720371246
-0.399930953979492,-0.104716047644615,1.48151242733002,0.105736203491688,0.131976187229156,0.841250240802765,0.513517498970032
-0.400622010231018,-0.104364164173603,1.48175656795502,0.106115370988846,0.13387905061245,0.841944873332977,0.511805534362793
-0.400366336107254,-0.103452429175377,1.48136961460114,0.103979229927063,0.132705077528953,0.842832624912262,0.511088013648987
-0.4008809030056,-0.103013813495636,1.48139119148254,0.103310771286487,0.133980169892311,0.843366980552673,0.510008215904236
-0.400662392377853,-0.102205909788608,1.48137652873993,0.1016661003232,0.132056295871735,0.844790279865265,0.50848263502121
-0.401020973920822,-0.101694501936436,1.48145651817322,0.101091586053371,0.133100032806396,0.845478653907776,0.507179200649261
-0.401204586029053,-0.101432852447033,1.48153614997864,0.100063808262348,0.135531917214394,0.844932556152344,0.507648766040802
-0.401359170675278,-0.101015031337738,1.48169004917145,0.0990449860692024,0.136289671063423,0.845086693763733,0.50738912820816
-0.401384055614471,-0.100506342947483,1.48190915584564,0.0974520966410636,0.136841163039207,0.845422089099884,0.506990134716034
-0.401637107133865,-0.100007370114326,1.4818149805069,0.0976072251796722,0.137013539671898,0.845802068710327,0.506279587745667
-0.401808142662048,-0.099689744412899,1.4818902015686,0.0966759026050567,0.137154877185822,0.846150398254395,0.505837738513947
-0.401981592178345,-0.0989703759551048,1.48182213306427,0.0966628044843673,0.138187736272812,0.847890794277191,0.502634882926941
-0.402155607938766,-0.0985757261514663,1.48183524608612,0.0957053825259208,0.138601467013359,0.848238408565521,0.502117156982422
-0.402563482522964,-0.0985886603593826,1.4819803237915,0.0940868407487869,0.139278426766396,0.847524404525757,0.503439903259277
-0.402359068393707,-0.0978325754404068,1.48211824893951,0.0933667793869972,0.138536140322685,0.847861647605896,0.503210842609406
-0.402359068393707,-0.0978325754404068,1.48211824893951,0.0933667793869972,0.138536140322685,0.847861647605896,0.503210842609406
-0.402469396591187,-0.096743069589138,1.48245394229889,0.0922799408435821,0.137063086032867,0.849252223968506,0.501466691493988
-0.4029441177845,-0.0965224802494049,1.48262345790863,0.0917884409427642,0.138245090842247,0.849473774433136,0.500856757164001
-0.402891963720322,-0.0962676033377647,1.48269200325012,0.0895928591489791,0.139784276485443,0.849032700061798,0.501574516296387
-0.403208315372467,-0.095349796116352,1.4827116727829,0.0915732681751251,0.138738572597504,0.851329028606415,0.497598975896835
-0.403549432754517,-0.0947864279150962,1.48284268379211,0.0918820276856422,0.139106646180153,0.851360499858856,0.497385621070862
-0.404026001691818,-0.094704195857048,1.48279631137848,0.0911809355020523,0.140980005264282,0.850878000259399,0.497812658548355
-0.403151363134384,-0.0945656225085258,1.48261439800262,0.0873206406831741,0.140811562538147,0.847105622291565,0.504935026168823
-0.403287053108215,-0.0942157804965972,1.48259747028351,0.0864368006587028,0.141076937317848,0.847369790077209,0.504569590091705
-0.403493255376816,-0.0937615111470222,1.48266935348511,0.0859550386667251,0.141063511371612,0.847833633422852,0.503875911235809
-0.403675258159637,-0.0933335199952125,1.48277044296265,0.0855594649910926,0.141328439116478,0.847897827625275,0.503761053085327
-0.404029130935669,-0.0931130871176719,1.48281013965607,0.0848138555884361,0.142061606049538,0.847982406616211,0.503538489341736
-0.4040846824646,-0.0926665663719177,1.48278164863586,0.0838122218847274,0.142177179455757,0.848243176937103,0.503234326839447
-0.404263913631439,-0.0922977998852729,1.48265051841736,0.0827946215867996,0.14209209382534,0.848502397537231,0.502989709377289
-0.404429584741592,-0.0918579846620559,1.48317182064056,0.0829871743917465,0.142466589808464,0.848483860492706,0.502883315086365
-0.404657185077667,-0.0915172174572944,1.48275065422058,0.0816835016012191,0.142266407608986,0.848861277103424,0.502516448497772
-0.405173480510712,-0.0915167033672332,1.48299145698547,0.0812423750758171,0.143744930624962,0.848828077316284,0.502223253250122
-0.405036151409149,-0.0908165276050567,1.48290324211121,0.0803751125931739,0.142706513404846,0.848973453044891,0.502413034439087
-0.405202448368073,-0.0905644968152046,1.48290526866913,0.0785363763570785,0.143008276820183,0.848993122577667,0.50258469581604
-0.405535817146301,-0.0898898839950561,1.48325681686401,0.0809130296111106,0.143713966012001,0.850245893001556,0.499881327152252
-0.406135380268097,-0.0897681787610054,1.48319506645203,0.0804846808314323,0.144654616713524,0.850365579128265,0.499475359916687
-0.406207472085953,-0.0895674079656601,1.48340928554535,0.0787558183073997,0.143917813897133,0.849336981773376,0.501709043979645
-0.406452655792236,-0.0892111286520958,1.48327052593231,0.0777627676725387,0.144051909446716,0.849493026733398,0.501561105251312
-0.406290709972382,-0.0885666832327842,1.48339223861694,0.0771176218986511,0.143213242292404,0.849534749984741,0.501830399036407
-0.406684875488281,-0.0881413146853447,1.48312032222748,0.0765401124954223,0.143326058983803,0.849574327468872,0.501819431781769
-0.406902432441711,-0.0877388417720794,1.48325502872467,0.0760807543992996,0.143343299627304,0.849433898925781,0.502122104167938
-0.406961411237717,-0.0874746814370155,1.48327136039734,0.0747099891304969,0.142997145652771,0.84982967376709,0.501756727695465
-0.407191574573517,-0.0871689245104789,1.48296165466309,0.0735121518373489,0.142842665314674,0.85016542673111,0.501408696174622
-0.407403707504272,-0.0869349315762519,1.48302483558655,0.0728822872042656,0.142801314592361,0.85024231672287,0.501382231712341
-0.40801665186882,-0.0865963846445083,1.48331379890442,0.0736331418156623,0.144218042492866,0.84984415769577,0.501541912555695
-0.407713264226913,-0.0861932784318924,1.48350393772125,0.0721382573246955,0.14353583753109,0.849862992763519,0.501922845840454
-0.407752454280853,-0.0856646299362182,1.48391997814178,0.0721295028924942,0.143494635820389,0.849647223949432,0.502300918102264
-0.407896339893341,-0.0853759869933128,1.48355710506439,0.0707414746284484,0.143342703580856,0.84993439912796,0.502055823802948
-0.407996475696564,-0.0849037617444992,1.4839563369751,0.0708200931549072,0.143300428986549,0.849916517734528,0.502087116241455
-0.408394992351532,-0.0844658017158508,1.48395311832428,0.0715948417782783,0.144166260957718,0.851181149482727,0.499580830335617
-0.408634006977081,-0.0841180384159088,1.48398196697235,0.0712688416242599,0.14428822696209,0.851007640361786,0.499887615442276
-0.408970773220062,-0.0836865678429603,1.48398101329803,0.0713726058602333,0.14470249414444,0.850746631622314,0.500197410583496
-0.408905237913132,-0.0834348574280738,1.48393487930298,0.0694544240832328,0.143911719322205,0.849443256855011,0.502903282642365
-0.409048318862915,-0.0830184370279312,1.4838992357254,0.0689371526241302,0.143769487738609,0.849504947662354,0.502910971641541
-0.409575790166855,-0.0826801657676696,1.4841947555542,0.070351518690586,0.145671740174293,0.850764751434326,0.500029921531677
-0.409479975700378,-0.0826435089111328,1.4841742515564,0.0679595693945884,0.144795417785645,0.849565446376801,0.502647399902344
-0.409643918275833,-0.082259401679039,1.48419630527496,0.0677312090992927,0.144889488816261,0.849587321281433,0.50261402130127
-0.40979129076004,-0.0818796381354332,1.48417866230011,0.0672639831900596,0.144863247871399,0.849785506725311,0.502349376678467
-0.409607946872711,-0.0811759382486343,1.48403060436249,0.0665582939982414,0.143577858805656,0.84996634721756,0.502506375312805
-0.410139739513397,-0.0810965001583099,1.48410642147064,0.0663573890924453,0.144537091255188,0.850138008594513,0.501967251300812
-0.410279095172882,-0.0807597860693931,1.48415684700012,0.0659682154655456,0.144924938678741,0.850144147872925,0.50189620256424
-0.410476446151733,-0.0804841667413711,1.48405265808105,0.0653136149048805,0.145063802599907,0.85013222694397,0.501962125301361
-0.410635769367218,-0.0801198631525039,1.48397898674011,0.0649201124906539,0.144963890314102,0.850179076194763,0.501962542533875
-0.410481810569763,-0.0794262737035751,1.48385775089264,0.0643488466739654,0.143667325377464,0.850304543972015,0.502196311950684
-0.411106705665588,-0.0792162418365478,1.48400235176086,0.0649011358618736,0.144756376743317,0.850178837776184,0.502025246620178
-0.411264270544052,-0.0788621753454208,1.48396039009094,0.0644456446170806,0.144637137651443,0.850182116031647,0.502112746238708
-0.411264002323151,-0.0786191821098327,1.48393476009369,0.0631482452154159,0.144436419010162,0.85039621591568,0.501972734928131
-0.411264002323151,-0.0786191821098327,1.48393476009369,0.0631482452154159,0.144436419010162,0.85039621591568,0.501972734928131
-0.411400735378265,-0.0776820331811904,1.48389744758606,0.0622861050069332,0.143452897667885,0.850611329078674,0.501998126506805
-0.411551624536514,-0.0769982486963272,1.48351180553436,0.062687762081623,0.143279567360878,0.852081954479218,0.499497354030609
-0.411694884300232,-0.0766228511929512,1.48349988460541,0.0621396265923976,0.143213853240013,0.852002739906311,0.499719679355621
-0.411983251571655,-0.0763716101646423,1.48350846767426,0.0618686527013778,0.143352881073952,0.852011919021606,0.499697893857956
-0.412014454603195,-0.0762105360627174,1.48349571228027,0.0599041171371936,0.142552420496941,0.850807845592499,0.502211511135101
-0.412014454603195,-0.0762105360627174,1.48349571228027,0.0599041171371936,0.142552420496941,0.850807845592499,0.502211511135101
-0.412380486726761,-0.0753164291381836,1.48321914672852,0.0596092194318771,0.143125668168068,0.852266132831573,0.499604195356369
-0.412680745124817,-0.0751669853925705,1.48383104801178,0.0592798143625259,0.143204838037491,0.850764751434326,0.502173125743866
-0.412805706262589,-0.0747766122221946,1.48379921913147,0.0585031174123287,0.143135845661163,0.850777208805084,0.502262532711029
-0.412791609764099,-0.0742361396551132,1.48344349861145,0.0572585985064506,0.142296925187111,0.850914478302002,0.502411782741547
-0.41279062628746,-0.0737040713429451,1.48336911201477,0.0564672611653804,0.141914576292038,0.850930273532867,0.502582609653473
-0.413465082645416,-0.073454663157463,1.4834920167923,0.05695116892457,0.143191501498222,0.850805878639221,0.50237649679184
-0.413600385189056,-0.0730208754539489,1.48340833187103,0.0563192553818225,0.143111005425453,0.85087639093399,0.5023512840271
-0.413744777441025,-0.0726270750164985,1.4833676815033,0.055449329316616,0.143052667379379,0.850899934768677,0.502424836158752
-0.413889050483704,-0.0722397863864898,1.48332417011261,0.0547556281089782,0.143071115016937,0.850782930850983,0.502693593502045
-0.413951218128204,-0.0717933997511863,1.48323082923889,0.0538396164774894,0.142791032791138,0.850891947746277,0.502687692642212
-0.414121478796005,-0.0713284090161323,1.48341643810272,0.0536682568490505,0.142811745405197,0.850866973400116,0.50274246931076
-0.414230287075043,-0.0709622204303741,1.48337495326996,0.052961841225624,0.14293560385704,0.850822329521179,0.502857804298401
-0.414465069770813,-0.07045928388834,1.48330461978912,0.0532155074179172,0.143928125500679,0.851703405380249,0.501053035259247
-0.414552062749863,-0.0700763911008834,1.48331451416016,0.0524801686406135,0.144018515944481,0.851657152175903,0.501183211803436
-0.414322555065155,-0.0693023726344108,1.48317718505859,0.0515367574989795,0.142761573195457,0.851789951324463,0.501415193080902
-0.414431303739548,-0.0689416751265525,1.48300576210022,0.0507633201777935,0.142820835113525,0.851972460746765,0.501166880130768
-0.414745032787323,-0.0689796805381774,1.48320400714874,0.049580555409193,0.143325299024582,0.850651919841766,0.50337952375412
-0.414745032787323,-0.0689796805381774,1.48320400714874,0.049580555409193,0.143325299024582,0.850651919841766,0.50337952375412
-0.414698392152786,-0.0682433247566223,1.48322689533234,0.0478328540921211,0.143358454108238,0.850959658622742,0.503019034862518
-0.414612889289856,-0.067397192120552,1.48311686515808,0.0478092692792415,0.142502576112747,0.850851058959961,0.503447830677032
-0.414612889289856,-0.067397192120552,1.48311686515808,0.0478092692792415,0.142502576112747,0.850851058959961,0.503447830677032
-0.414840042591095,-0.0667205303907394,1.48316323757172,0.0470432713627815,0.143265426158905,0.850630342960358,0.503676533699036
-0.415098279714584,-0.0665273666381836,1.48320364952087,0.0468956157565116,0.144187867641449,0.85054737329483,0.503567218780518
-0.414952427148819,-0.0659815371036529,1.48307716846466,0.0464678592979908,0.143481597304344,0.850499629974365,0.503889143466949
-0.415167391300201,-0.0656932443380355,1.4830858707428,0.0462771765887737,0.144125685095787,0.850462377071381,0.503785729408264
-0.415167391300201,-0.0656932443380355,1.4830858707428,0.0462771765887737,0.144125685095787,0.850462377071381,0.503785729408264
-0.414980798959732,-0.0648102164268493,1.48283326625824,0.045173991471529,0.143599539995193,0.850346148014069,0.504231989383698
-0.414943158626556,-0.0643976852297782,1.48316359519958,0.045299507677555,0.143976271152496,0.850175559520721,0.504401028156281
-0.415113657712936,-0.0641504526138305,1.48325431346893,0.0452452898025512,0.144674837589264,0.850051403045654,0.504415333271027
-0.415083140134811,-0.0636913031339645,1.48324584960938,0.0450461506843566,0.144565805792809,0.850081264972687,0.504413902759552
-0.414763659238815,-0.063083678483963,1.48308408260345,0.0443195104598999,0.143346592783928,0.850196957588196,0.504631221294403
-0.414758622646332,-0.0626302734017372,1.48302340507507,0.0441635213792324,0.143801584839821,0.850201725959778,0.504507422447205
-0.415042370557785,-0.0625613182783126,1.48295474052429,0.0438549853861331,0.144918158650398,0.850110530853271,0.504368543624878
-0.415042370557785,-0.0625613182783126,1.48295474052429,0.0438549853861331,0.144918158650398,0.850110530853271,0.504368543624878
-0.415044009685516,-0.0618084445595741,1.4827926158905,0.0433821119368076,0.144978389143944,0.85010826587677,0.504396080970764
-0.415048241615295,-0.061351478099823,1.4829409122467,0.0435520410537719,0.14504861831665,0.850092113018036,0.504388272762299
-0.415027797222137,-0.0609688311815261,1.48290205001831,0.0433639734983444,0.145193859934807,0.850109875202179,0.504332900047302
-0.415000259876251,-0.060572050511837,1.482954621315,0.0433081276714801,0.145418345928192,0.849992394447327,0.504470884799957
-0.414961844682693,-0.0602383129298687,1.48289370536804,0.0430805757641792,0.145574972033501,0.850014925003052,0.504407167434692
-0.414840131998062,-0.0598647445440292,1.48276460170746,0.042776808142662,0.14559631049633,0.849897086620331,0.504625499248505
-0.414818078279495,-0.0595193430781364,1.48239922523499,0.042326021939516,0.145562410354614,0.849912703037262,0.504646897315979
-0.41482350230217,-0.0591815635561943,1.48242795467377,0.0423984117805957,0.145954743027687,0.849752128124237,0.50479793548584
-0.414765238761902,-0.0588891059160232,1.48237907886505,0.0421919859945774,0.146213576197624,0.849698007106781,0.504831492900848
-0.414765238761902,-0.0588891059160232,1.48237907886505,0.0421919859945774,0.146213576197624,0.849698007106781,0.504831492900848
-0.414655745029449,-0.0581758096814155,1.48228025436401,0.0422767959535121,0.146436288952827,0.849510788917542,0.505074918270111
-0.414655745029449,-0.0581758096814155,1.48228025436401,0.0422767959535121,0.146436288952827,0.849510788917542,0.505074918270111
-0.414513528347015,-0.0575918182730674,1.48222219944,0.0425192713737487,0.146900251507759,0.849090933799744,0.505625486373901
-0.41419643163681,-0.0573396161198616,1.48210024833679,0.0418893583118915,0.146670654416084,0.848882615566254,0.506094336509705
-0.414130061864853,-0.0570163056254386,1.48223555088043,0.0425275266170501,0.147111460566521,0.848345398902893,0.506813406944275
-0.41388738155365,-0.0566330179572105,1.48196339607239,0.0424439013004303,0.146712824702263,0.848066985607147,0.507401525974274
-0.414097368717194,-0.0563725233078002,1.48191821575165,0.043668508529663,0.147601634263992,0.847641944885254,0.507750034332275
-0.41380301117897,-0.0562282055616378,1.48174667358398,0.0433218628168106,0.147560983896255,0.847386479377747,0.508217573165894
-0.413931727409363,-0.0558420121669769,1.48200404644012,0.0453515648841857,0.148280426859856,0.846509099006653,0.509292185306549
-0.41385754942894,-0.0556044057011604,1.48197650909424,0.0461170151829719,0.148585170507431,0.846018433570862,0.509949505329132
-0.413764715194702,-0.0553334802389144,1.4819108247757,0.046911995857954,0.148676127195358,0.845500409603119,0.51070910692215
-0.413643449544907,-0.0551361590623855,1.48186302185059,0.0476142168045043,0.149109169840813,0.844765782356262,0.511732518672943
-0.413571417331696,-0.0550375990569591,1.4816472530365,0.048118557780981,0.149478048086166,0.844245791435242,0.512435376644135
-0.413474559783935,-0.0548659302294254,1.48151314258575,0.0486968755722045,0.149588212370872,0.843783617019653,0.513109445571899
-0.413376748561859,-0.0546728670597076,1.48146486282349,0.049539890140295,0.149936899542809,0.843060314655304,0.514114737510681
-0.41329562664032,-0.0543393641710281,1.48144662380219,0.051489844918251,0.150954335927963,0.843823492527008,0.512370526790619
-0.413220733404159,-0.0540749989449977,1.48157715797424,0.052754420787096,0.151338279247284,0.84323912858963,0.513090074062347
-0.413227111101151,-0.0538101941347122,1.48150134086609,0.0538903847336769,0.151549682021141,0.842608690261841,0.513944745063782
-0.413099259138107,-0.0536091700196266,1.48149752616882,0.0548765994608402,0.15171292424202,0.842242836952209,0.514391660690308
-0.412980318069458,-0.053408108651638,1.48141396045685,0.0555740036070346,0.151561230421066,0.841910064220428,0.514905989170074
-0.41281270980835,-0.0534401759505271,1.48133838176727,0.05511424690485,0.150824069976807,0.840371012687683,0.517678737640381
-0.412706851959229,-0.053313884884119,1.48125600814819,0.0557361990213394,0.150951743125915,0.839909911155701,0.518322646617889
-0.412479102611542,-0.0532915666699409,1.48114860057831,0.0557726845145225,0.150818809866905,0.83961433172226,0.518836140632629
-0.412333488464355,-0.0531544238328933,1.48082828521729,0.0559243075549602,0.150526791810989,0.839398920536041,0.519252896308899
-0.412124127149582,-0.0528512820601463,1.48088896274567,0.056818388402462,0.14993691444397,0.838994920253754,0.519979000091553
-0.412330657243729,-0.0527130365371704,1.4809045791626,0.0588958859443664,0.151362508535385,0.839860737323761,0.517933130264282
-0.411989629268646,-0.0526738762855529,1.48074996471405,0.0580012276768684,0.150115251541138,0.83810967206955,0.521222949028015
-0.411920875310898,-0.0526035316288471,1.48069989681244,0.0585506819188594,0.150103643536568,0.83764660358429,0.521908938884735
-0.411877036094666,-0.0525678992271423,1.48056066036224,0.0588987059891223,0.150026708841324,0.837288677692413,0.522466003894806
-0.411835908889771,-0.0524484626948833,1.48058819770813,0.0595608949661254,0.149873122572899,0.836872339248657,0.523101508617401
-0.41166764497757,-0.052290566265583,1.48082113265991,0.0604593008756637,0.149369806051254,0.836405575275421,0.523888349533081
-0.41189843416214,-0.0521488636732101,1.48084437847137,0.0617947615683078,0.149973690509796,0.835692882537842,0.524696826934814
-0.411877900362015,-0.052083782851696,1.48080742359161,0.0622455179691314,0.149731829762459,0.835242629051208,0.525428950786591
-0.411984026432037,-0.052208125591278,1.48060858249664,0.0622938014566898,0.149925217032433,0.834949851036072,0.525833308696747
-0.412005096673965,-0.0521418899297714,1.48057782649994,0.0627017021179199,0.149691462516785,0.834522485733032,0.526529431343079
-0.412014305591583,-0.052076730877161,1.48057007789612,0.0630410611629486,0.149327173829079,0.834190309047699,0.527118384838104
-0.412066578865051,-0.0519665665924549,1.48080575466156,0.0637942031025886,0.149093255400658,0.833720743656158,0.527836441993713
-0.412042856216431,-0.0519606471061706,1.48056244850159,0.0635348185896873,0.148553177714348,0.833516895771027,0.52834165096283
-0.412080556154251,-0.0519116669893264,1.48052823543549,0.063750721514225,0.148151978850365,0.833148241043091,0.529009342193604
-0.412119656801224,-0.0518663078546524,1.48052525520325,0.063910499215126,0.147658810019493,0.83273845911026,0.529772698879242
-0.412179052829742,-0.0517773069441318,1.48075807094574,0.0643960610032081,0.147200793027878,0.832172513008118,0.5307297706604
-0.412188589572906,-0.0517635978758335,1.48073375225067,0.0642985329031944,0.146656692028046,0.8316770195961,0.53166800737381
-0.412224948406219,-0.0517338514328002,1.48069858551025,0.0641946718096733,0.14596039056778,0.831288278102875,0.532479524612427
-0.412291795015335,-0.0517298243939876,1.48060035705566,0.0639277249574661,0.145246833562851,0.830913007259369,0.533291757106781
-0.412432938814163,-0.0515718683600425,1.48052668571472,0.0647670775651931,0.145282924175262,0.831780850887299,0.53182578086853
-0.412472069263458,-0.0515084229409694,1.48060071468353,0.0646566599607467,0.144603997468948,0.83131206035614,0.532756328582764
-0.412492096424103,-0.0517372190952301,1.48033499717712,0.0627138242125511,0.143201112747192,0.829500019550323,0.536181151866913
-0.412531852722168,-0.0516447648406028,1.4803878068924,0.0626178830862045,0.142444729804993,0.829018414020538,0.537137806415558
-0.412603735923767,-0.0516105033457279,1.48035311698914,0.0623567774891853,0.141858398914337,0.828598737716675,0.537970125675201
-0.412663787603378,-0.0515383221209049,1.48033452033997,0.0621889755129814,0.141015589237213,0.828071296215057,0.539022386074066
