x,y,z,q0,q1,q2,q3
-0.653009533882141,-0.106157951056957,1.33157444000244,0.0169238001108169,-0.0235171969980001,0.861900329589844,0.506249368190765
-0.652667582035065,-0.106806710362434,1.33159995079041,0.0174264945089817,-0.0240276809781789,0.862736821174622,0.504781365394592
-0.652426838874817,-0.107509292662144,1.33164238929749,0.0177129097282886,-0.0247942637652158,0.863576173782349,0.503296792507172
-0.65188729763031,-0.108223430812359,1.3316535949707,0.0189197864383459,-0.0255841091275215,0.864378869533539,0.501833200454712
-0.651614725589752,-0.108827903866768,1.33180475234985,0.0192568246275186,-0.0252843778580427,0.865060806274414,0.500659346580505
-0.651291608810425,-0.109446056187153,1.3316844701767,0.0191692821681499,-0.0259766783565282,0.865756750106812,0.499422758817673
-0.651173055171967,-0.110859140753746,1.33247399330139,0.0231759678572416,-0.0245547425001859,0.867129802703857,0.496936470270157
-0.650690257549286,-0.111417904496193,1.33245408535004,0.0244128499180078,-0.0252813156694173,0.867643475532532,0.49594321846962
-0.650600492954254,-0.111829102039337,1.332195520401,0.0247578639537096,-0.0253423359245061,0.868795037269592,0.493902832269669
-0.649559855461121,-0.111962661147118,1.33160138130188,0.023412175476551,-0.0266309380531311,0.868558824062347,0.494315922260284
-0.64927476644516,-0.112535886466503,1.33159136772156,0.0233473107218742,-0.02661650814116,0.869308173656464,0.493000835180283
-0.648834586143494,-0.112874150276184,1.33154165744781,0.0241679213941097,-0.0284440759569406,0.86961168050766,0.492323398590088
-0.648469746112823,-0.11344151198864,1.33152067661285,0.0246773939579725,-0.0287740547209978,0.870006322860718,0.491581231355667
-0.648121356964111,-0.114075630903244,1.3314483165741,0.0250118728727102,-0.0291676186025142,0.870632469654083,0.490431070327759
-0.647795140743256,-0.114285387098789,1.33144664764404,0.0251119658350944,-0.0293234158307313,0.870692491531372,0.490310251712799
-0.647365987300873,-0.114729657769203,1.33136439323425,0.0256873983889818,-0.0296292714774608,0.871038615703583,0.489646524190903
-0.64695942401886,-0.115491017699242,1.33119463920593,0.02679961360991,-0.0304700694978237,0.871622979640961,0.488494336605072
-0.646609008312225,-0.115777179598808,1.33113181591034,0.027509531006217,-0.0308686830103397,0.871571719646454,0.488521367311478
-0.646231830120087,-0.116235718131065,1.33106756210327,0.0280438568443059,-0.0312278624624013,0.871835172176361,0.487997680902481
-0.645914435386658,-0.116808891296387,1.33113920688629,0.0288046691566705,-0.0317339487373828,0.872176706790924,0.487309873104095
-0.6455899477005,-0.117063537240028,1.33115994930267,0.029821379110217,-0.0320958979427814,0.87229710817337,0.487009435892105
-0.6455899477005,-0.117063537240028,1.33115994930267,0.029821379110217,-0.0320958979427814,0.87229710817337,0.487009435892105
-0.645065665245056,-0.117856621742248,1.33109605312347,0.0295009650290012,-0.0321044288575649,0.87239134311676,0.486859619617462
-0.644694626331329,-0.118360117077827,1.33105969429016,0.0306205935776233,-0.0329825766384601,0.872513949871063,0.486512064933777
-0.644398927688599,-0.11875344067812,1.33099734783173,0.0308740753680467,-0.0329301841557025,0.87251353263855,0.486500203609466
-0.644124507904053,-0.118998229503631,1.33094239234924,0.0310479719191789,-0.033087994903326,0.87242603302002,0.486635506153107
-0.643944978713989,-0.119301252067089,1.33089399337769,0.0305484477430582,-0.0328867137432098,0.872561097145081,0.48643833398819
-0.643733322620392,-0.119711466133594,1.33097350597382,0.0311641227453947,-0.0332675576210022,0.872658014297485,0.486199557781219
-0.64342874288559,-0.119988605380058,1.33092141151428,0.0314540863037109,-0.0330049693584442,0.872669398784637,0.486178338527679
-0.643090605735779,-0.120400197803974,1.33085441589355,0.0327648669481277,-0.0336099043488502,0.872553586959839,0.486258119344711
-0.642818748950958,-0.120752438902855,1.33077955245972,0.032944232225418,-0.0338015146553516,0.872594654560089,0.486159205436706
-0.642553091049194,-0.121142566204071,1.33059895038605,0.0331997387111187,-0.0341120399534702,0.872762620449066,0.485818415880203
-0.642317354679108,-0.121279343962669,1.33053731918335,0.0335402153432369,-0.0343436524271965,0.872472882270813,0.486298710107803
-0.642116129398346,-0.121539160609245,1.3306565284729,0.0342210754752159,-0.0346925593912601,0.872497260570526,0.486183077096939
-0.641999423503876,-0.121730476617813,1.33067286014557,0.0338797383010387,-0.0344186387956142,0.87238484621048,0.486428022384643
-0.641713976860046,-0.122024998068809,1.33060920238495,0.0346370674669742,-0.0348288267850875,0.872077465057373,0.486896634101868
-0.641549527645111,-0.122249737381935,1.33057022094727,0.0348599255084991,-0.0349054895341396,0.871936321258545,0.487127661705017
-0.641385316848755,-0.122467771172523,1.33055305480957,0.0351820364594459,-0.0349531434476375,0.871784090995789,0.487373620271683
-0.641248941421509,-0.122798785567284,1.33042061328888,0.034848678857088,-0.0349692590534687,0.871619403362274,0.487690657377243
-0.641068339347839,-0.123045578598976,1.33035480976105,0.0352607071399688,-0.0351498574018478,0.871440708637238,0.487967401742935
-0.640953481197357,-0.123008489608765,1.330326795578,0.0355312786996364,-0.0353500545024871,0.871081650257111,0.488574087619781
-0.640793263912201,-0.123100899159908,1.33028054237366,0.03573689609766,-0.0354755222797393,0.870770990848541,0.489103555679321
-0.640744030475616,-0.123449675738811,1.33032894134521,0.0360315330326557,-0.0359230376780033,0.870851576328278,0.488905727863312
-0.640648126602173,-0.123571991920471,1.33031129837036,0.0362092703580856,-0.0359922982752323,0.870667040348053,0.489216148853302
-0.640581548213959,-0.123650319874287,1.33037602901459,0.0365956760942935,-0.0362669266760349,0.8704474568367,0.489557474851608
-0.641111135482788,-0.124181345105171,1.33088827133179,0.0388299152255058,-0.0341839604079723,0.871254205703735,0.488098084926605
-0.641013085842133,-0.12429615855217,1.33086204528809,0.0392147302627563,-0.0343092791736125,0.871167242527008,0.488213747739792
-0.640903770923615,-0.124391138553619,1.33084762096405,0.0395095311105251,-0.0344364568591117,0.870839536190033,0.488765448331833
-0.640785455703735,-0.124502956867218,1.33080804347992,0.0397746227681636,-0.0341769978404045,0.870604157447815,0.489181220531464
-0.640368819236755,-0.124573759734631,1.33098220825195,0.0404257774353027,-0.0344384796917438,0.869938611984253,0.490292251110077
-0.640330195426941,-0.124688215553761,1.33109748363495,0.0410788245499134,-0.034803319722414,0.869851052761078,0.490367621183395
-0.640221297740936,-0.124711625277996,1.33098840713501,0.0407532081007957,-0.0345423482358455,0.869505524635315,0.491025596857071
-0.640194296836853,-0.124742574989796,1.3310284614563,0.0409428626298904,-0.0349595509469509,0.869361698627472,0.491234868764877
-0.640194296836853,-0.124742574989796,1.3310284614563,0.0409428626298904,-0.0349595509469509,0.869361698627472,0.491234868764877
-0.639779508113861,-0.124129518866539,1.33011150360107,0.0374836586415767,-0.0365049690008163,0.868325293064117,0.493227541446686
-0.639768064022064,-0.124432876706123,1.33021986484528,0.0381193980574607,-0.0363895259797573,0.868391096591949,0.493071526288986
-0.639641940593719,-0.124446325004101,1.3300279378891,0.0383353196084499,-0.0373022817075252,0.868150413036346,0.493410378694534
-0.639622628688812,-0.124598808586597,1.33012235164642,0.0390333756804466,-0.037013716995716,0.8680499792099,0.493553847074509
-0.639622449874878,-0.124642044305801,1.3301146030426,0.0391685850918293,-0.0370823964476585,0.867933511734009,0.493742793798447
-0.639653146266937,-0.12450498342514,1.33014523983002,0.0387373194098472,-0.0369005165994167,0.867760002613068,0.494095534086227
-0.639625728130341,-0.124427586793899,1.33007490634918,0.0387382321059703,-0.0369747541844844,0.86751264333725,0.494523882865906
-0.639598250389099,-0.12444194406271,1.33004260063171,0.038880456238985,-0.0371157340705394,0.867241561412811,0.494977414608002
-0.63956093788147,-0.124454006552696,1.33003306388855,0.0390435680747032,-0.0371174663305282,0.866989970207214,0.49540501832962
-0.639300346374512,-0.124393120408058,1.32982337474823,0.0413838326930999,-0.0386858806014061,0.867690086364746,0.493867069482803
-0.639435172080994,-0.12433597445488,1.32989537715912,0.0395994000136852,-0.0381424948573112,0.86620831489563,0.49664905667305
-0.639441251754761,-0.124351903796196,1.32988274097443,0.0396396368741989,-0.03828139975667,0.866000771522522,0.496996879577637
-0.639484465122223,-0.12437342107296,1.3299388885498,0.0399512611329555,-0.038551177829504,0.865766286849976,0.497359246015549
-0.639476299285889,-0.124290525913238,1.32979345321655,0.0397041589021682,-0.0384410880506038,0.865435063838959,0.497963786125183
-0.639601349830627,-0.124176360666752,1.32993996143341,0.0395503304898738,-0.0384427644312381,0.865225553512573,0.498339861631393
-0.639395236968994,-0.124162517488003,1.32972812652588,0.0420724637806415,-0.0393941774964332,0.866064310073853,0.496598988771439
-0.639422178268433,-0.124268278479576,1.3297837972641,0.042570985853672,-0.0391776300966739,0.865828096866608,0.496985405683517
-0.639452934265137,-0.124238774180412,1.32976543903351,0.0426019914448261,-0.039238303899765,0.865535974502563,0.497486412525177
-0.639658510684967,-0.124330870807171,1.32988381385803,0.04042249917984,-0.0387427732348442,0.863880813121796,0.50057452917099
-0.639711260795593,-0.124166160821915,1.32980167865753,0.0400556921958923,-0.0390541478991508,0.863413512706757,0.50138533115387
-0.639753699302673,-0.124135866761207,1.32978248596191,0.0400730893015861,-0.0390790328383445,0.863012075424194,0.502072870731354
-0.639890670776367,-0.123978346586227,1.3298397064209,0.039711806923151,-0.0388189703226089,0.862657964229584,0.502729713916779
-0.639855086803436,-0.124067112803459,1.32976746559143,0.0403681434690952,-0.0391629263758659,0.86226612329483,0.503322839736938
-0.639870703220367,-0.124060019850731,1.32972431182861,0.0403459332883358,-0.0389094315469265,0.861892461776733,0.503983795642853
-0.639880061149597,-0.124079138040543,1.32970225811005,0.0403551757335662,-0.0388945192098617,0.861518561840057,0.504623174667358
-0.639956891536713,-0.123944371938705,1.32969379425049,0.0403405763208866,-0.0390497259795665,0.861101269721985,0.505323946475983
-0.640047967433929,-0.123886004090309,1.32972300052643,0.0406390465795993,-0.0390171520411968,0.860778391361237,0.505852282047272
-0.640457928180695,-0.123665578663349,1.32962834835052,0.0405221283435821,-0.0402021296322345,0.858421742916107,0.509758651256561
-0.640481531620026,-0.123520463705063,1.32952272891998,0.0405731163918972,-0.0396908558905124,0.857901811599731,0.510669052600861
-0.640509963035583,-0.123499736189842,1.32939875125885,0.0400781854987144,-0.0393809378147125,0.85758513212204,0.511263728141785
-0.640629887580872,-0.123440757393837,1.32950258255005,0.0405500344932079,-0.0396677330136299,0.857172846794128,0.51189523935318
-0.639948606491089,-0.123454242944717,1.3293434381485,0.0441883578896522,-0.0391747169196605,0.861633598804474,0.504083573818207
-0.640919804573059,-0.123422801494598,1.32944595813751,0.0405970551073551,-0.0401163399219512,0.855500757694244,0.514646649360657
-0.640982031822205,-0.123378604650497,1.32942092418671,0.0407159328460693,-0.0401395559310913,0.855090796947479,0.515316247940063
-0.641112506389618,-0.123443275690079,1.32952535152435,0.0408247672021389,-0.0407957434654235,0.855040490627289,0.515339612960815
-0.641215741634369,-0.123412668704987,1.32949781417847,0.0410462580621242,-0.0409823060035705,0.854499757289886,0.516203224658966
-0.641352355480194,-0.123377948999405,1.32950031757355,0.0411231480538845,-0.04152612388134,0.853984177112579,0.517006278038025
-0.641432344913483,-0.123348213732243,1.32949447631836,0.0415547266602516,-0.0416412912309169,0.85356992483139,0.517646312713623
-0.641432344913483,-0.123348213732243,1.32949447631836,0.0415547266602516,-0.0416412912309169,0.85356992483139,0.517646312713623
-0.641609489917755,-0.123385109007358,1.32940125465393,0.0422013476490974,-0.0383575446903705,0.854531526565552,0.51625919342041
-0.641609489917755,-0.123385109007358,1.32940125465393,0.0422013476490974,-0.0383575446903705,0.854531526565552,0.51625919342041
-0.641493856906891,-0.123323164880276,1.3293149471283,0.0414698645472526,-0.0400172546505928,0.853092908859253,0.5185666680336
-0.641708552837372,-0.12349833548069,1.32932865619659,0.0416720435023307,-0.040793839842081,0.85261058807373,0.519282579421997
-0.641886353492737,-0.123382367193699,1.32937347888947,0.0418075956404209,-0.0410155951976776,0.852059960365295,0.520157337188721
-0.641944646835327,-0.123347736895084,1.3293719291687,0.0420587435364723,-0.040781132876873,0.852102279663086,0.520086169242859
-0.642065048217773,-0.123198375105858,1.32946121692657,0.0424442999064922,-0.0408109240233898,0.851698577404022,0.520713448524475
-0.642197608947754,-0.123243421316147,1.32937669754028,0.0424354672431945,-0.0407706052064895,0.851259291172028,0.521435081958771
-0.642270803451538,-0.123063877224922,1.32947528362274,0.0433970876038074,-0.0408131666481494,0.851424515247345,0.521082818508148
-0.642247080802917,-0.122963182628155,1.32927513122559,0.0461254529654979,-0.0418446585536003,0.851947247982025,0.51991081237793
-0.642552435398102,-0.122970893979073,1.32946956157684,0.043924905359745,-0.0409361608326435,0.850298523902893,0.52286434173584
-0.64266711473465,-0.122948914766312,1.32943499088287,0.0441094972193241,-0.0409576073288917,0.849864542484283,0.523552536964417
-0.643499195575714,-0.123006023466587,1.32921183109283,0.0445294231176376,-0.0439413823187351,0.844044506549835,0.532611727714539
-0.64366489648819,-0.123025700449944,1.32924842834473,0.0448215007781982,-0.0439136251807212,0.843294680118561,0.533775866031647
-0.643991887569427,-0.12300617992878,1.32922148704529,0.0449750125408172,-0.0446143634617328,0.841504096984863,0.536523520946503
-0.644219756126404,-0.122963562607765,1.32920718193054,0.0452133044600486,-0.0448757335543632,0.840638339519501,0.537837266921997
-0.64441329240799,-0.122986406087875,1.32920360565186,0.0459125190973281,-0.0451108999550342,0.83969783782959,0.539225995540619
-0.644639253616333,-0.123126909136772,1.32927107810974,0.0465518981218338,-0.0450761094689369,0.838994324207306,0.540268123149872
-0.644639253616333,-0.123126909136772,1.32927107810974,0.0465518981218338,-0.0450761094689369,0.838994324207306,0.540268123149872
-0.645016252994537,-0.12302939593792,1.32913935184479,0.0466746501624584,-0.0455908253788948,0.837002635002136,0.5432950258255
-0.645163238048553,-0.123081132769585,1.32914352416992,0.0467174537479877,-0.0457980372011661,0.835718095302582,0.545247793197632
-0.644908607006073,-0.123166605830192,1.32902777194977,0.0494868382811546,-0.0458746179938316,0.837743282318115,0.541878998279572
-0.645281970500946,-0.123345851898193,1.32925379276276,0.047672688961029,-0.0440004207193851,0.836608469486237,0.543946146965027
-0.645552217960358,-0.123327821493149,1.32914912700653,0.0479346625506877,-0.0449432954192161,0.83393806219101,0.547932267189026
-0.645760655403137,-0.123091533780098,1.32917606830597,0.0479291006922721,-0.044643186032772,0.833725988864899,0.548279821872711
-0.646108567714691,-0.123230785131454,1.32901155948639,0.0477488227188587,-0.0448617376387119,0.831369161605835,0.551844894886017
-0.646108567714691,-0.123230785131454,1.32901155948639,0.0477488227188587,-0.0448617376387119,0.831369161605835,0.551844894886017
-0.646872818470001,-0.123535126447678,1.32930469512939,0.0506884679198265,-0.0445959530770778,0.829758405685425,0.554024219512939
-0.647021472454071,-0.123539850115776,1.32910823822021,0.0506237857043743,-0.0447407215833663,0.828073620796204,0.556533575057983
-0.64725798368454,-0.123499669134617,1.32921493053436,0.0513309389352798,-0.0447524636983871,0.826305866241455,0.559089481830597
-0.647596538066864,-0.123562633991241,1.32904100418091,0.0513357669115066,-0.0453617013990879,0.823762655258179,0.562780737876892
-0.647879898548126,-0.12366409599781,1.32909750938416,0.0520664863288402,-0.0459723733365535,0.822150528430939,0.56501704454422
-0.647879898548126,-0.12366409599781,1.32909750938416,0.0520664863288402,-0.0459723733365535,0.822150528430939,0.56501704454422
-0.648419618606567,-0.123815923929214,1.32904613018036,0.0535258874297142,-0.0454932935535907,0.819438099861145,0.568846642971039
-0.648693978786469,-0.124100014567375,1.32886433601379,0.0540472455322742,-0.046309620141983,0.816883265972137,0.572394907474518
-0.648693978786469,-0.124100014567375,1.32886433601379,0.0540472455322742,-0.046309620141983,0.816883265972137,0.572394907474518
-0.649167418479919,-0.123992927372456,1.32883870601654,0.0550636425614357,-0.0464172735810279,0.813715219497681,0.57678496837616
-0.64943540096283,-0.124175414443016,1.32890975475311,0.0558061972260475,-0.0470704771578311,0.811996459960938,0.579078495502472
-0.649722993373871,-0.124228447675705,1.32895064353943,0.0569363012909889,-0.0472448579967021,0.809870958328247,0.58192366361618
-0.650096654891968,-0.124561414122581,1.32880818843842,0.0570177920162677,-0.047969177365303,0.807218134403229,0.585531294345856
-0.650259971618652,-0.124717071652412,1.32870447635651,0.057607926428318,-0.0478063970804214,0.806133508682251,0.586979389190674
-0.650507628917694,-0.125002235174179,1.32846617698669,0.0579679422080516,-0.0480291880667209,0.803987979888916,0.589861273765564
-0.650832414627075,-0.125375092029572,1.32844769954681,0.0590822584927082,-0.048478715121746,0.802092730998993,0.592289209365845
-0.651119112968445,-0.125620812177658,1.3284854888916,0.0598335340619087,-0.0489974506199359,0.799107909202576,0.59619265794754
-0.651373326778412,-0.125968188047409,1.32846093177795,0.0613457858562469,-0.0492171198129653,0.797877013683319,0.597667574882507
-0.651562333106995,-0.126234754920006,1.32829988002777,0.0622206963598728,-0.0497494079172611,0.795593559741974,0.600570201873779
-0.651850998401642,-0.126761615276337,1.32800579071045,0.0630575194954872,-0.0503621287643909,0.792468369007111,0.60455048084259
-0.652060151100159,-0.127065509557724,1.32806658744812,0.0642973184585571,-0.0507318302989006,0.791073977947235,0.606212973594666
-0.652283132076263,-0.127548187971115,1.32794058322906,0.0652382373809814,-0.051019087433815,0.788939714431763,0.608863890171051
-0.652544379234314,-0.128281727433205,1.32765138149261,0.0665099024772644,-0.0520447827875614,0.785922884941101,0.612529873847961
-0.652724981307983,-0.12873962521553,1.3276584148407,0.067739650607109,-0.0527104251086711,0.783624172210693,0.615277349948883
-0.652920305728912,-0.129388049244881,1.32733106613159,0.0686328113079071,-0.0531655475497245,0.781228482723236,0.618178904056549
-0.652903974056244,-0.12983338534832,1.32736814022064,0.0697982683777809,-0.0527407824993133,0.781325340270996,0.617962241172791
-0.653296947479248,-0.130687385797501,1.3271073102951,0.0713345259428024,-0.0545243509113788,0.776922881603241,0.623160898685455
-0.65336287021637,-0.131323158740997,1.32698774337769,0.0725588798522949,-0.0547334477305412,0.775748372077942,0.624463021755219
-0.653561770915985,-0.132220774888992,1.32665145397186,0.0736639723181724,-0.0555033199489116,0.772743701934814,0.627981007099152
-0.653653085231781,-0.132916465401649,1.32647585868835,0.0749721825122833,-0.0558051317930221,0.771297752857208,0.629575192928314
-0.653710305690765,-0.133841156959534,1.32619023323059,0.0772529616951942,-0.0571710020303726,0.768963515758514,0.632027387619019
-0.653998553752899,-0.134871989488602,1.32597351074219,0.0776016414165496,-0.0576546192169189,0.766449391841888,0.634987592697144
-0.654135644435883,-0.13591918349266,1.32567620277405,0.0794164091348648,-0.058913804590702,0.764190793037415,0.637365400791168
-0.654200077056885,-0.136889547109604,1.32541465759277,0.0807836577296257,-0.0596564970910549,0.761875867843628,0.639890909194946
-0.654323816299438,-0.137967735528946,1.32514297962189,0.0824814364314079,-0.0606191083788871,0.759806513786316,0.642040729522705
-0.654445707798004,-0.139063343405723,1.32503914833069,0.0839724764227867,-0.0613463148474693,0.758737623691559,0.643041610717773
-0.654533624649048,-0.140175372362137,1.3246203660965,0.0852968171238899,-0.0619304291903972,0.756418168544769,0.645538985729218
-0.654599070549011,-0.141409024596214,1.3241947889328,0.0892375856637954,-0.064496986567974,0.754548966884613,0.646941125392914
-0.654935598373413,-0.142741411924362,1.3240110874176,0.089055560529232,-0.0646635368466377,0.751105964183807,0.650943577289581
-0.655054688453674,-0.144190356135368,1.32354545593262,0.0902054160833358,-0.0657782927155494,0.749263644218445,0.652794182300568
-0.655115962028503,-0.145427912473679,1.32324349880219,0.091834969818592,-0.0663485303521156,0.748097658157349,0.653845608234406
-0.655239582061768,-0.146855860948563,1.3228702545166,0.0934910923242569,-0.067596435546875,0.746004581451416,0.655871510505676
-0.655386209487915,-0.148460209369659,1.32237470149994,0.0951636657118797,-0.069113977253437,0.743154764175415,0.65870189666748
-0.655399680137634,-0.149789422750473,1.32200741767883,0.0972664952278137,-0.069965124130249,0.742155849933624,0.659430742263794
-0.65559846162796,-0.151547431945801,1.32154881954193,0.0989834070205688,-0.0717452988028526,0.739429235458374,0.662041783332825
-0.655571579933167,-0.153178080916405,1.32088458538055,0.100998245179653,-0.0729670152068138,0.738340139389038,0.662818968296051
-0.65549898147583,-0.154549449682236,1.320552110672,0.102790266275406,-0.0731976255774498,0.737809181213379,0.663109183311462
-0.655634343624115,-0.156423315405846,1.31986093521118,0.104225724935532,-0.0748398527503013,0.734949290752411,0.665872156620026
-0.655673205852509,-0.15821897983551,1.31921970844269,0.106855452060699,-0.07670758664608,0.732962429523468,0.667430698871613
-0.655834019184113,-0.160000115633011,1.31887543201447,0.109059549868107,-0.0778925791382789,0.730639338493347,0.669481158256531
-0.655763983726501,-0.161597177386284,1.31829380989075,0.111007466912269,-0.0786798968911171,0.729772865772247,0.670013666152954
-0.655723512172699,-0.16358970105648,1.31738996505737,0.113023951649666,-0.0803769007325172,0.72790515422821,0.671505272388458
-0.655747294425964,-0.165463179349899,1.31674385070801,0.11497363448143,-0.081680379807949,0.726274788379669,0.672781050205231
-0.655806362628937,-0.1673763692379,1.31616187095642,0.117373250424862,-0.0827707573771476,0.723891258239746,0.674799382686615
-0.655704915523529,-0.169235348701477,1.31536448001862,0.119384840130806,-0.0842021480202674,0.722957730293274,0.675269842147827
-0.655691623687744,-0.170998960733414,1.31463539600372,0.121553428471088,-0.0832710787653923,0.722883403301239,0.675077974796295
-0.655767619609833,-0.172996431589127,1.31405735015869,0.124438390135765,-0.086456686258316,0.720377445220947,0.676828444004059
-0.655709326267242,-0.174905508756637,1.31309807300568,0.126072689890862,-0.0868880897760391,0.71883350610733,0.678110957145691
-0.655949711799622,-0.176994025707245,1.31246554851532,0.127675846219063,-0.0891832411289215,0.717520713806152,0.678903043270111
-0.655772387981415,-0.178805083036423,1.31173896789551,0.129605546593666,-0.089750163257122,0.717126667499542,0.678878962993622
-0.655787289142609,-0.180917873978615,1.3109016418457,0.132060691714287,-0.0918698832392692,0.716247081756592,0.679050803184509
-0.655512154102325,-0.182860463857651,1.31007504463196,0.134064957499504,-0.0918165072798729,0.713967144489288,0.681063234806061
-0.655706405639648,-0.184820771217346,1.30939829349518,0.136322647333145,-0.0941794514656066,0.714361846446991,0.679877519607544
-0.655706405639648,-0.184820771217346,1.30939829349518,0.136322647333145,-0.0941794514656066,0.714361846446991,0.679877519607544
-0.65565425157547,-0.189155459403992,1.30777549743652,0.140205547213554,-0.0967809855937957,0.71326220035553,0.679877161979675
-0.655647754669189,-0.190953403711319,1.30701220035553,0.14116857945919,-0.0973792225122451,0.713209688663483,0.679647564888
-0.655550599098206,-0.193147286772728,1.30615735054016,0.143588274717331,-0.0990619286894798,0.711748242378235,0.680428981781006
-0.655371069908142,-0.195102885365486,1.30539131164551,0.145297721028328,-0.099659726023674,0.712223529815674,0.679480791091919
-0.655177593231201,-0.197154968976974,1.30447459220886,0.14732663333416,-0.100866250693798,0.711957037448883,0.679144978523254
-0.655057549476624,-0.199220567941666,1.30367207527161,0.149682998657227,-0.102646671235561,0.711567938327789,0.67877072095871
-0.654893517494202,-0.20199590921402,1.30214726924896,0.149390861392021,-0.103897392749786,0.711753606796265,0.678450047969818
-0.654978573322296,-0.203197613358498,1.3021194934845,0.154998883605003,-0.104781411588192,0.710650384426117,0.678212642669678
-0.654682993888855,-0.20613169670105,1.30037891864777,0.153517886996269,-0.106915809214115,0.711629092693329,0.677189230918884
-0.6545370221138,-0.207127153873444,1.30032563209534,0.159151270985603,-0.107672691345215,0.711053133010864,0.676373302936554
-0.654310703277588,-0.209466561675072,1.29913759231567,0.160176575183868,-0.109368063509464,0.711190223693848,0.675714790821075
-0.654329657554626,-0.211552053689957,1.29814493656158,0.161676034331322,-0.111073940992355,0.710191190242767,0.676129937171936
-0.65399557352066,-0.213410973548889,1.29718339443207,0.164043605327606,-0.112142577767372,0.710789620876312,0.674753248691559
-0.653848707675934,-0.215609610080719,1.29617094993591,0.16599714756012,-0.113855242729187,0.710820436477661,0.67395555973053
-0.653756856918335,-0.217427685856819,1.29520559310913,0.167360901832581,-0.115007139742374,0.709862172603607,0.674432575702667
-0.653536200523376,-0.219284296035767,1.29427647590637,0.16981366276741,-0.116508767008781,0.710688173770905,0.6726895570755
-0.653379917144775,-0.221159219741821,1.29338765144348,0.17192842066288,-0.118086360394955,0.710568010807037,0.672003984451294
-0.653235256671906,-0.223017245531082,1.29237806797028,0.173445120453835,-0.118830502033234,0.710665166378021,0.671379864215851
-0.653041958808899,-0.224675878882408,1.29158973693848,0.175739020109177,-0.120154343545437,0.71051824092865,0.670702874660492
-0.652920424938202,-0.226499527692795,1.29071044921875,0.177323952317238,-0.121455729007721,0.710269093513489,0.670315325260162
-0.652819812297821,-0.228194117546081,1.28994786739349,0.179684057831764,-0.12296200543642,0.710378050804138,0.669295907020569
-0.652754485607147,-0.230020225048065,1.28900444507599,0.180634796619415,-0.123640783131123,0.70953106880188,0.66981303691864
-0.652521967887878,-0.231590628623962,1.28827583789825,0.182856574654579,-0.125204205513,0.71014004945755,0.668272614479065
-0.652414798736572,-0.233696207404137,1.28712117671967,0.182736679911613,-0.126234024763107,0.709523379802704,0.668766438961029
-0.652276873588562,-0.235428363084793,1.28630328178406,0.184567987918854,-0.127643749117851,0.710332691669464,0.667135000228882
-0.652191758155823,-0.236929953098297,1.28557455539703,0.185120493173599,-0.1282879114151,0.709259271621704,0.667999863624573
-0.651981770992279,-0.238434702157974,1.28483283519745,0.186891198158264,-0.129975974559784,0.710123598575592,0.666259825229645
-0.652021825313568,-0.240232914686203,1.28416621685028,0.188031166791916,-0.130710914731026,0.710583806037903,0.665304183959961
-0.651897192001343,-0.241709291934967,1.28353154659271,0.18898993730545,-0.132578015327454,0.710915207862854,0.664308190345764
-0.651690244674683,-0.242971912026405,1.28285264968872,0.189778119325638,-0.132723420858383,0.709803223609924,0.665242910385132
-0.651549577713013,-0.244521096348763,1.2822288274765,0.190911993384361,-0.133855432271957,0.711160123348236,0.663239419460297
-0.651325941085815,-0.245797708630562,1.28157687187195,0.191616803407669,-0.134845390915871,0.711027860641479,0.662977516651154
-0.651309311389923,-0.247141122817993,1.28114354610443,0.192211866378784,-0.1358482837677,0.711833953857422,0.661734223365784
-0.651097238063812,-0.24835492670536,1.28055584430695,0.193322658538818,-0.136401772499084,0.711979925632477,0.66113942861557
-0.651019334793091,-0.24975973367691,1.28006815910339,0.193744868040085,-0.136853829026222,0.712045550346375,0.660851895809174
-0.651106774806976,-0.251038432121277,1.2797600030899,0.194871619343758,-0.13742607831955,0.712233424186707,0.660199046134949
-0.650799036026001,-0.2520552277565,1.27925872802734,0.195800200104713,-0.138413161039352,0.713370382785797,0.658488214015961
-0.650753080844879,-0.253277271986008,1.2789318561554,0.196443304419517,-0.139199212193489,0.714113771915436,0.657324135303497
-0.650619447231293,-0.254318505525589,1.27853083610535,0.196615144610405,-0.139252856373787,0.714468240737915,0.656876146793365
-0.650544822216034,-0.255385935306549,1.27814567089081,0.196957111358642,-0.139626070857048,0.714999675750732,0.656115889549255
-0.650445222854614,-0.256305396556854,1.27790296077728,0.197556972503662,-0.140356451272964,0.715513467788696,0.655218899250031
-0.650448679924011,-0.257351100444794,1.27765393257141,0.197711393237114,-0.14061938226223,0.715059101581573,0.655611872673035
-0.650258362293243,-0.258167266845703,1.27739572525024,0.198378443717956,-0.141205683350563,0.716456055641174,0.653756558895111
-0.650248110294342,-0.259016364812851,1.27716839313507,0.198607861995697,-0.141481846570969,0.717069089412689,0.652954638004303
-0.650212049484253,-0.259800583124161,1.27702474594116,0.198552966117859,-0.141953215003014,0.717512905597687,0.652381241321564
-0.65014636516571,-0.260595411062241,1.27679049968719,0.198557913303375,-0.142196729779243,0.717894971370697,0.651906073093414
-0.650068342685699,-0.261503547430038,1.27649235725403,0.20033572614193,-0.144267022609711,0.71929132938385,0.649363160133362
-0.650096952915192,-0.262125462293625,1.27653956413269,0.199182853102684,-0.142913684248924,0.719134867191315,0.650189876556396
-0.650100588798523,-0.262780070304871,1.2764847278595,0.199226915836334,-0.142924964427948,0.719642519950867,0.649612009525299
-0.65010529756546,-0.263433218002319,1.27636253833771,0.199460789561272,-0.143169835209846,0.720065057277679,0.649017930030823
-0.650095403194427,-0.264031052589417,1.27629363536835,0.199664309620857,-0.143130838871002,0.720634877681732,0.648331046104431
-0.650085151195526,-0.264654487371445,1.27627325057983,0.19978965818882,-0.142884716391563,0.721493721008301,0.647390842437744
-0.650130152702332,-0.265245139598846,1.27629196643829,0.199957847595215,-0.142835110425949,0.722070097923279,0.646706879138947
-0.650202989578247,-0.265836209058762,1.27623534202576,0.199659153819084,-0.142293408513069,0.721658110618591,0.647378206253052
-0.650268614292145,-0.266382724046707,1.27632868289948,0.199892416596413,-0.142416253685951,0.722143173217773,0.646737933158875
-0.650180697441101,-0.266726225614548,1.27617621421814,0.200112536549568,-0.142138347029686,0.723394215106964,0.645331382751465
-0.650243997573853,-0.267229408025742,1.27627468109131,0.20028892159462,-0.142137184739113,0.724136233329773,0.644443988800049
-0.650323629379272,-0.267656534910202,1.27630424499512,0.200459495186806,-0.142038270831108,0.724602699279785,0.643888235092163
-0.650510787963867,-0.268138498067856,1.27634882926941,0.200349390506744,-0.142472624778748,0.725233376026154,0.643115997314453
-0.650509357452393,-0.268487274646759,1.27636587619781,0.20075798034668,-0.142051875591278,0.725326597690582,0.642976522445679
-0.650642991065979,-0.268926382064819,1.27646207809448,0.200803771615028,-0.142349720001221,0.725653886795044,0.642526984214783
-0.650645434856415,-0.269234359264374,1.27647948265076,0.201034858822822,-0.141883760690689,0.725790798664093,0.642403066158295
-0.650722503662109,-0.269554764032364,1.27655780315399,0.201208755373955,-0.141779512166977,0.726006746292114,0.642127692699432
-0.650722503662109,-0.269554764032364,1.27655780315399,0.201208755373955,-0.141779512166977,0.726006746292114,0.642127692699432
-0.650928854942322,-0.270130515098572,1.27671790122986,0.201640650629997,-0.141515657305717,0.726560354232788,0.641423881053925
-0.651041686534882,-0.270363658666611,1.27676630020142,0.201756164431572,-0.141379579901695,0.726858973503113,0.641079068183899
-0.651041686534882,-0.270363658666611,1.27676630020142,0.201756164431572,-0.141379579901695,0.726858973503113,0.641079068183899
-0.651280641555786,-0.270789414644241,1.27688944339752,0.202009126543999,-0.140978187322616,0.727297842502594,0.640589892864227
-0.651428401470184,-0.270973980426788,1.2769558429718,0.202065259218216,-0.140786871314049,0.727577865123749,0.640296101570129
-0.651561975479126,-0.271143615245819,1.27704858779907,0.202205210924149,-0.140496999025345,0.727722227573395,0.640151619911194
-0.651710510253906,-0.271304965019226,1.27715063095093,0.202353730797768,-0.140300571918487,0.727892577648163,0.639954090118408
-0.651943564414978,-0.271502137184143,1.27729082107544,0.202110573649406,-0.139713525772095,0.727209627628326,0.640935063362122
-0.652060687541962,-0.27160257101059,1.2773973941803,0.202254235744476,-0.139498114585876,0.727281868457794,0.64085465669632
-0.652203142642975,-0.271697103977203,1.27750444412231,0.202428415417671,-0.13930931687355,0.727312088012695,0.640806436538696
-0.65234762430191,-0.271767765283585,1.27762842178345,0.202510729432106,-0.138996765017509,0.727380871772766,0.640770137310028
-0.652479529380798,-0.271795481443405,1.27779197692871,0.202599480748176,-0.138694152235985,0.727381229400635,0.640807271003723
-0.652619600296021,-0.2718206346035,1.27787935733795,0.202458396553993,-0.138220250606537,0.727435111999512,0.640893161296844
-0.652707517147064,-0.271775126457214,1.2780659198761,0.202589809894562,-0.137871742248535,0.728216588497162,0.640038549900055
-0.652901172637939,-0.2717544734478,1.27821683883667,0.202572733163834,-0.137429669499397,0.728036284446716,0.640344202518463
-0.653083980083466,-0.27173912525177,1.27846527099609,0.202459201216698,-0.137122988700867,0.728304207324982,0.640141069889069
-0.653271555900574,-0.271718382835388,1.27862370014191,0.20246011018753,-0.136843711137772,0.728273451328278,0.640235424041748
-0.653460264205933,-0.271667748689651,1.27881157398224,0.202498912811279,-0.136741518974304,0.728002071380615,0.640553653240204
-0.653632521629333,-0.271591186523438,1.27898669242859,0.202572375535965,-0.136428937315941,0.727890014648438,0.640724420547485
-0.653821647167206,-0.271529763936996,1.27922189235687,0.202492401003838,-0.136076778173447,0.727808117866516,0.640917479991913
-0.654004991054535,-0.271425545215607,1.279456615448,0.202172562479973,-0.135405495762825,0.727717041969299,0.641264081001282
-0.654164731502533,-0.271323353052139,1.27963304519653,0.202025204896927,-0.13492576777935,0.727551758289337,0.64159893989563
-0.654347002506256,-0.271222144365311,1.27982985973358,0.201867163181305,-0.134319618344307,0.727442860603333,0.641899406909943
-0.654522240161896,-0.271127790212631,1.27995347976685,0.201656639575958,-0.13371467590332,0.727318704128265,0.642232537269592
-0.654728293418884,-0.271009862422943,1.28014540672302,0.201765269041061,-0.133302077651024,0.726918697357178,0.642736732959747
-0.654907763004303,-0.270875781774521,1.28030371665955,0.201581582427025,-0.132724523544311,0.726731240749359,0.643125593662262
-0.65508759021759,-0.270748525857925,1.28046917915344,0.201515883207321,-0.132011845707893,0.726583480834961,0.643459975719452
-0.655285596847534,-0.27053439617157,1.28069913387299,0.201083675026894,-0.13118040561676,0.726476311683655,0.643886029720306
-0.655495882034302,-0.270373046398163,1.28086924552917,0.201069682836533,-0.130689173936844,0.72633570432663,0.644148945808411
-0.655669212341309,-0.270175933837891,1.28100895881653,0.201128244400024,-0.130356997251511,0.72624808549881,0.644296765327454
-0.65586531162262,-0.269995331764221,1.28113842010498,0.201248750090599,-0.130076199769974,0.725936889648438,0.644666373729706
-0.656038761138916,-0.269782364368439,1.28129065036774,0.201385989785194,-0.129772663116455,0.725783944129944,0.644857048988342
-0.656249225139618,-0.26959890127182,1.28145086765289,0.201450318098068,-0.129569754004478,0.725744128227234,0.644922375679016
-0.656406283378601,-0.269390881061554,1.28161597251892,0.201333671808243,-0.129189178347588,0.725697219371796,0.645088016986847
-0.656578958034515,-0.269179672002792,1.28177523612976,0.20148141682148,-0.128957390785217,0.725541174411774,0.645263671875
-0.656736314296722,-0.268968522548675,1.28195762634277,0.20139080286026,-0.128542363643646,0.725405037403107,0.645527720451355
-0.656870663166046,-0.268784046173096,1.28212070465088,0.201460778713226,-0.128330335021019,0.725306153297424,0.645659267902374
-0.657041192054749,-0.268505573272705,1.28233015537262,0.201765522360802,-0.128105342388153,0.725070118904114,0.64587390422821
-0.65718287229538,-0.268360376358032,1.28242313861847,0.201897799968719,-0.128006920218468,0.724870085716248,0.646076560020447
-0.65718287229538,-0.268360376358032,1.28242313861847,0.201897799968719,-0.128006920218468,0.724870085716248,0.646076560020447
-0.657491445541382,-0.26793646812439,1.28274250030518,0.202059581875801,-0.127523943781853,0.724912047386169,0.64607435464859
-0.657629370689392,-0.267679691314697,1.28289139270782,0.202105835080147,-0.12724207341671,0.724865555763245,0.646167576313019
-0.657720565795898,-0.267492890357971,1.28298568725586,0.201814562082291,-0.126969560980797,0.724894046783447,0.646280348300934
-0.657827079296112,-0.267253994941711,1.28317356109619,0.201984286308288,-0.126705214381218,0.724847733974457,0.646331191062927
-0.6579470038414,-0.267027765512466,1.2833080291748,0.201938420534134,-0.126426309347153,0.724922776222229,0.646315932273865
-0.658072710037231,-0.2668417096138,1.28339517116547,0.201793357729912,-0.126128897070885,0.72492116689682,0.646421015262604
-0.658174455165863,-0.26662003993988,1.28355205059052,0.201499581336975,-0.125649005174637,0.724874436855316,0.646658539772034
-0.658269941806793,-0.266359210014343,1.28369915485382,0.201492622494697,-0.125494718551636,0.724866807460785,0.646699130535126
-0.658374786376953,-0.266136050224304,1.28380560874939,0.201432183384895,-0.125251278281212,0.724764347076416,0.646880149841309
-0.65853476524353,-0.265934526920319,1.28392791748047,0.201386988162994,-0.124945349991321,0.723763346672058,0.648073077201843
-0.65853476524353,-0.265934526920319,1.28392791748047,0.201386988162994,-0.124945349991321,0.723763346672058,0.648073077201843
-0.658613502979279,-0.265404313802719,1.28413689136505,0.201189488172531,-0.124199911952019,0.723857998847961,0.648171961307526
-0.658672511577606,-0.265196740627289,1.28419673442841,0.201154008507728,-0.123933002352714,0.723901867866516,0.648185014724731
-0.658723592758179,-0.264925420284271,1.28427565097809,0.201222315430641,-0.123750858008862,0.723951160907745,0.648143649101257
-0.658738374710083,-0.264620363712311,1.284304022789,0.201586559414864,-0.12363912910223,0.724988520145416,0.646890759468079
-0.658774256706238,-0.264370501041412,1.28438889980316,0.201660841703415,-0.123470574617386,0.724977970123291,0.64691174030304
-0.658785581588745,-0.264103800058365,1.28450036048889,0.20165890455246,-0.123286619782448,0.724966466426849,0.646960258483887
-0.658833384513855,-0.263844847679138,1.28461194038391,0.201783493161201,-0.123137690126896,0.724950313568115,0.646968066692352
-0.658868312835693,-0.263595730066299,1.28470730781555,0.201727598905563,-0.123069867491722,0.724819600582123,0.647144794464111
-0.658893823623657,-0.263283312320709,1.28490447998047,0.201816275715828,-0.122854821383953,0.724727809429169,0.647260665893555
-0.659030497074127,-0.263025969266891,1.2851494550705,0.201624631881714,-0.123178794980049,0.724920332431793,0.647043228149414
-0.659084141254425,-0.262722492218018,1.28535711765289,0.201343089342117,-0.122877135872841,0.724940299987793,0.647165954113007
-0.659128785133362,-0.262403607368469,1.28556096553802,0.201214551925659,-0.122706837952137,0.725008547306061,0.647161900997162
-0.659019470214844,-0.262016534805298,1.28573715686798,0.201387092471123,-0.122149243950844,0.724935293197632,0.647295773029327
-0.659019470214844,-0.262016534805298,1.28573715686798,0.201387092471123,-0.122149243950844,0.724935293197632,0.647295773029327
-0.659032881259918,-0.261279672384262,1.28624439239502,0.201075121760368,-0.12197882682085,0.725197374820709,0.647131085395813
-0.659053206443787,-0.260914862155914,1.28653395175934,0.200934886932373,-0.121923588216305,0.725366830825806,0.646995186805725
-0.659053206443787,-0.260914862155914,1.28653395175934,0.200934886932373,-0.121923588216305,0.725366830825806,0.646995186805725
-0.659176290035248,-0.260019659996033,1.28734946250916,0.199862748384476,-0.121719680726528,0.726037263870239,0.646613538265228
-0.659107983112335,-0.259239196777344,1.28776907920837,0.198904484510422,-0.120801247656345,0.725229144096375,0.647986829280853
-0.659010887145996,-0.258560299873352,1.28824245929718,0.198646053671837,-0.120594538748264,0.726337492465973,0.646862089633942
-0.659010887145996,-0.258560299873352,1.28824245929718,0.198646053671837,-0.120594538748264,0.726337492465973,0.646862089633942
-0.659184217453003,-0.257583767175674,1.28931856155396,0.197406575083733,-0.120272725820541,0.727775931358337,0.645683646202087
-0.659081041812897,-0.25676217675209,1.28992867469788,0.196638524532318,-0.119020819664001,0.727979421615601,0.64592045545578
-0.659098088741302,-0.255979716777802,1.2905604839325,0.195895418524742,-0.118666559457779,0.728195786476135,0.645967662334442
-0.659192442893982,-0.255251586437225,1.29124593734741,0.194815143942833,-0.118140287697315,0.727955520153046,0.646661221981049
-0.659135341644287,-0.25426709651947,1.2919602394104,0.19371622800827,-0.117299288511276,0.729232490062714,0.645704984664917
-0.659161329269409,-0.253325760364532,1.29257929325104,0.19268436729908,-0.116630665957928,0.729651093482971,0.645661890506744
-0.659346520900726,-0.252396255731583,1.29344367980957,0.191659510135651,-0.116454251110554,0.730244934558868,0.645327389240265
-0.658814549446106,-0.251179307699203,1.29436993598938,0.191007927060127,-0.115069724619388,0.729491651058197,0.646619558334351
-0.659416139125824,-0.250165283679962,1.29492151737213,0.189208745956421,-0.114412352442741,0.730936944484711,0.645632386207581
-0.659615278244019,-0.249065071344376,1.2958425283432,0.187361806631088,-0.113301917910576,0.730561017990112,0.646791160106659
-0.659662246704102,-0.247791260480881,1.2966080904007,0.186195939779282,-0.112492345273495,0.731884002685547,0.645772635936737
-0.65974897146225,-0.246510937809944,1.29747974872589,0.184329241514206,-0.111013852059841,0.732258021831512,0.646140038967133
-0.659953773021698,-0.245170503854752,1.29830527305603,0.182925894856453,-0.110371753573418,0.732898950576782,0.645922005176544
-0.660146415233612,-0.243928730487823,1.29913568496704,0.180834114551544,-0.108601711690426,0.732540845870972,0.647216141223907
-0.660221099853516,-0.242469027638435,1.2999814748764,0.179147362709045,-0.107491426169872,0.733794629573822,0.646449863910675
-0.660470187664032,-0.240970760583878,1.30089449882507,0.176892951130867,-0.106296055018902,0.734493553638458,0.646474599838257
-0.660684943199158,-0.239449322223663,1.30186104774475,0.174520656466484,-0.104822732508182,0.735061585903168,0.646714270114899
-0.661061704158783,-0.238064154982567,1.30267548561096,0.172047570347786,-0.103846877813339,0.735262513160706,0.647305488586426
-0.661340177059174,-0.236479252576828,1.30357086658478,0.169434383511543,-0.102321691811085,0.73589426279068,0.647519886493683
-0.661521673202515,-0.234771013259888,1.30453896522522,0.16736826300621,-0.100924469530582,0.737710654735565,0.646208107471466
-0.66182953119278,-0.233125656843185,1.30546355247498,0.164461225271225,-0.0995070934295654,0.738628745079041,0.646125555038452
-0.6622074842453,-0.231505587697029,1.30641746520996,0.161286279559135,-0.0979260504245758,0.738804399967194,0.646966218948364
-0.662331461906433,-0.229444801807404,1.30737721920013,0.159091159701347,-0.096918947994709,0.740457653999329,0.645770311355591
-0.662528395652771,-0.227580547332764,1.30825841426849,0.155711561441422,-0.0947964712977409,0.741648972034454,0.645541906356812
-0.663026571273804,-0.225984424352646,1.30918419361115,0.152486622333527,-0.0932589843869209,0.742026209831238,0.646101891994476
-0.663100719451904,-0.223978251218796,1.31020498275757,0.149311557412147,-0.0917535424232482,0.743925631046295,0.644873797893524
-0.66353976726532,-0.222309485077858,1.3111298084259,0.1466024518013,-0.0903233289718627,0.745349049568176,0.644052863121033
-0.663960814476013,-0.220430225133896,1.31210374832153,0.142572730779648,-0.08831088244915,0.74594122171402,0.644550800323486
-0.663960814476013,-0.220430225133896,1.31210374832153,0.142572730779648,-0.08831088244915,0.74594122171402,0.644550800323486
-0.664672613143921,-0.216531947255134,1.31393718719482,0.135202959179878,-0.0843619778752327,0.750078737735748,0.641860604286194
-0.665116667747498,-0.21468859910965,1.31479716300964,0.131568089127541,-0.0827812999486923,0.751210749149323,0.641497790813446
-0.665471255779266,-0.212529331445694,1.31576669216156,0.12722772359848,-0.0810270756483078,0.753597021102905,0.639796197414398
-0.665945947170258,-0.210574120283127,1.31655216217041,0.12307471036911,-0.0793189778923988,0.754637539386749,0.639596164226532
-0.666447877883911,-0.208584874868393,1.31747198104858,0.119138829410076,-0.0776723250746727,0.756442010402679,0.638410866260529
-0.666958689689636,-0.206694513559341,1.31838142871857,0.115937598049641,-0.076389230787754,0.758552670478821,0.636648178100586
-0.667373836040497,-0.204515695571899,1.3191773891449,0.111738838255405,-0.0748750492930412,0.76046746969223,0.635293066501617
-0.667803049087524,-0.202524691820145,1.32013463973999,0.108466453850269,-0.0734530463814735,0.763408899307251,0.632492244243622
-0.668275713920593,-0.200378268957138,1.32078611850739,0.104755342006683,-0.0724898502230644,0.764525294303894,0.631880164146423
-0.668657004833221,-0.198354691267013,1.32147216796875,0.100699588656425,-0.0711147785186767,0.767291247844696,0.629337906837463
-0.66918420791626,-0.196421682834625,1.32208001613617,0.0974230989813804,-0.0703932866454124,0.768448412418365,0.628522515296936
-0.669702649116516,-0.19457434117794,1.32272911071777,0.0942065864801406,-0.0693448558449745,0.770489692687988,0.626627385616302
-0.670068860054016,-0.192477658390999,1.32325005531311,0.0909480452537536,-0.0684870481491088,0.772455334663391,0.624780535697937
-0.670398831367493,-0.190417468547821,1.32387232780457,0.0874585881829261,-0.0672859549522399,0.775419473648071,0.621730029582977
-0.670854330062866,-0.188544034957886,1.32430076599121,0.0848752185702323,-0.0669401288032531,0.77661144733429,0.620636641979218
-0.671200513839722,-0.186483919620514,1.32471227645874,0.0813296809792518,-0.0653540343046188,0.77935403585434,0.61783629655838
-0.671599149703979,-0.184726938605309,1.32502543926239,0.0782847702503204,-0.0646841898560524,0.781690418720245,0.615343451499939
-0.672005712985992,-0.182807981967926,1.32553243637085,0.0758680775761604,-0.0641183331608772,0.782532453536987,0.61463463306427
-0.672280371189117,-0.181081712245941,1.32583475112915,0.0724748894572258,-0.0629293546080589,0.785582542419434,0.611267030239105
-0.672694265842438,-0.179387778043747,1.32620823383331,0.0702956914901733,-0.0623349547386169,0.786826729774475,0.609980583190918
-0.672953009605408,-0.177495360374451,1.32657146453857,0.0675776898860931,-0.0608320347964763,0.789706945419312,0.606709003448486
-0.673273146152496,-0.175861209630966,1.32682943344116,0.0651662275195121,-0.0602243617177009,0.790765404701233,0.605653822422028
-0.673422813415527,-0.174011349678039,1.32709348201752,0.0624693557620048,-0.0589520633220672,0.793657124042511,0.602271199226379
-0.67376971244812,-0.172307878732681,1.32741808891296,0.0597549118101596,-0.058065578341484,0.79480391740799,0.60111927986145
-0.673918545246124,-0.170571148395538,1.32774090766907,0.0575058013200759,-0.0564819723367691,0.797648191452026,0.597712576389313
-0.674127876758575,-0.168997406959534,1.32800531387329,0.0550001114606857,-0.0552035123109817,0.799871385097504,0.595090985298157
-0.674368262290955,-0.167385220527649,1.32832336425781,0.0529939867556095,-0.0541895367205143,0.801681756973267,0.592926204204559
-0.674368262290955,-0.167385220527649,1.32832336425781,0.0529939867556095,-0.0541895367205143,0.801681756973267,0.592926204204559
-0.674806535243988,-0.164201259613037,1.32895743846893,0.0495099686086177,-0.0523408576846122,0.804434180259705,0.589656591415405
-0.674877345561981,-0.162544459104538,1.32932209968567,0.0475750863552093,-0.0505231916904449,0.80717146396637,0.586223661899567
-0.675166070461273,-0.161154836416245,1.32962107658386,0.0451338998973369,-0.0491705238819122,0.808409035205841,0.584824800491333
-0.675202906131744,-0.159569650888443,1.32975459098816,0.0427814684808254,-0.0481950528919696,0.811015069484711,0.581465005874634
-0.675008237361908,-0.157830402255058,1.32979035377502,0.0395211949944496,-0.0478747710585594,0.811441481113434,0.581127285957336
-0.67500376701355,-0.156360745429993,1.3300369977951,0.0379078611731529,-0.0457647070288658,0.813810348510742,0.578084170818329
-0.67522269487381,-0.154856383800507,1.33032989501953,0.0357008762657642,-0.0454668216407299,0.814665794372559,0.5770423412323
-0.675193905830383,-0.153293877840042,1.33056485652924,0.0340636931359767,-0.0439597442746162,0.817275524139404,0.573557198047638
-0.675340950489044,-0.151911750435829,1.33075451850891,0.0324387140572071,-0.0432967618107795,0.817912042140961,0.572794079780579
-0.675453722476959,-0.15055213868618,1.33096468448639,0.0307121649384498,-0.0421849861741066,0.819488346576691,0.570715427398682
-0.675372064113617,-0.149039506912231,1.33124625682831,0.0291403662413358,-0.0408784002065658,0.821733891963959,0.567655920982361
-0.675424456596375,-0.14773266017437,1.33145129680634,0.0273405667394399,-0.0400836244225502,0.822645366191864,0.566480755805969
-0.675377070903778,-0.146332889795303,1.33162176609039,0.0260375682264566,-0.0388603769242763,0.824858009815216,0.563401460647583
-0.675471007823944,-0.145139157772064,1.33177590370178,0.0243919510394334,-0.0383843593299388,0.825669169425964,0.562318623065948
-0.67550265789032,-0.143801391124725,1.33199179172516,0.0229160841554403,-0.0372913815081119,0.827239573001862,0.560141861438751
-0.675481975078583,-0.142501160502434,1.33224236965179,0.0211665779352188,-0.0362201482057571,0.828867137432098,0.557870388031006
-0.675427913665771,-0.14132496714592,1.33237099647522,0.0196143332868814,-0.0355711132287979,0.830285966396332,0.555855572223663
-0.675305724143982,-0.140031337738037,1.33259379863739,0.0183813516050577,-0.0345126204192638,0.832883179187775,0.552065849304199
-0.675346970558167,-0.138854026794434,1.33282113075256,0.0169191341847181,-0.0341149643063545,0.833608150482178,0.551041960716248
-0.67534351348877,-0.137696892023086,1.33292233943939,0.0156134963035583,-0.0328537337481975,0.834998309612274,0.549048960208893
-0.67528623342514,-0.136556446552277,1.33304476737976,0.0143783204257488,-0.0321966223418712,0.836584448814392,0.546702086925507
-0.675160646438599,-0.135466083884239,1.33320331573486,0.0129030179232358,-0.0311140362173318,0.838211596012115,0.544303953647614
-0.674921274185181,-0.134330123662949,1.33327281475067,0.0113085126504302,-0.029597545042634,0.840514361858368,0.540861904621124
-0.67493063211441,-0.133184269070625,1.33339726924896,0.0099482415243983,-0.0293538514524698,0.841210842132568,0.539818346500397
-0.674899339675903,-0.132196694612503,1.33366394042969,0.0090618869289755,-0.0287583209574222,0.842637777328491,0.537635982036591
-0.674697935581207,-0.131268203258514,1.33386898040771,0.0084039401262998,-0.0278094410896301,0.844340860843658,0.535018384456635
-0.674697935581207,-0.131268203258514,1.33386898040771,0.0084039401262998,-0.0278094410896301,0.844340860843658,0.535018384456635
-0.674253642559052,-0.129263758659363,1.33423602581024,0.0062394137494266,-0.0260541066527366,0.848060965538025,0.529220938682556
-0.674179792404175,-0.128178641200066,1.33434104919434,0.0049763047136366,-0.0258950572460889,0.848588824272156,0.528395295143127
-0.673919022083282,-0.127181649208069,1.33449101448059,0.0042434288188815,-0.0252316538244485,0.849951267242432,0.526239633560181
-0.673919022083282,-0.127181649208069,1.33449101448059,0.0042434288188815,-0.0252316538244485,0.849951267242432,0.526239633560181
-0.673382341861725,-0.125370159745216,1.33476388454437,0.0025780289433896,-0.0239282101392745,0.852735996246338,0.521787464618683
-0.672909259796143,-0.124465763568878,1.33472335338593,0.0046126074157655,-0.0240639839321374,0.855459868907928,0.517289340496063
-0.672853469848633,-0.123579576611519,1.33505165576935,0.0014553548535332,-0.0224651675671339,0.855390071868896,0.517494916915894
-0.672406911849976,-0.122885391116142,1.33492207527161,0.0015213870210573,-0.021417424082756,0.856895983219147,0.515042006969452
-0.671997725963593,-0.12200964987278,1.33505821228027,0.0031377833802253,-0.0215089973062276,0.859507739543915,0.510660350322723
-0.671908438205719,-0.121413350105286,1.33543574810028,0.0011859487276524,-0.0209873281419277,0.859922707080841,0.50999128818512
-0.671616435050964,-0.120862931013107,1.33571171760559,0.0013746226904913,-0.0200697369873523,0.861301004886627,0.507696866989136
-0.671275436878204,-0.119932621717453,1.33567595481873,0.0002493663923814,-0.0198225975036621,0.862138509750366,0.506284713745117
-0.670955657958984,-0.119077160954475,1.33585572242737,-0.000615038734395,-0.0186885949224233,0.863659501075745,0.503728866577148
-0.671146154403687,-0.11903440952301,1.33633160591125,0.0023542374838143,-0.0167940240353345,0.865644454956055,0.500372231006622
-0.670712172985077,-0.118357010185718,1.33639478683472,0.0017345036612823,-0.0162594839930534,0.866605222225189,0.498726338148117
-0.670712172985077,-0.118357010185718,1.33639478683472,0.0017345036612823,-0.0162594839930534,0.866605222225189,0.498726338148117
-0.669460654258728,-0.116632893681526,1.33616840839386,-0.0010665701702237,-0.0167321413755416,0.868003249168396,0.49627548456192
-0.669171571731567,-0.116060309112072,1.33627533912659,-0.0014357824111357,-0.0162820741534233,0.868905484676361,0.494708210229874
-0.668877482414246,-0.115334779024124,1.33651149272919,-0.0020803860388696,-0.0152973867952823,0.870120346546173,0.49259752035141
-0.668334484100342,-0.114934861660004,1.33654689788818,-0.0017700538737699,-0.0154704870656132,0.870821416378021,0.4913529753685
-0.668285727500916,-0.114667549729347,1.33697617053986,-0.0002426077116979,-0.0138235175982117,0.872367382049561,0.488655298948288
-0.667804360389709,-0.114170253276825,1.3368935585022,-0.0006317819352261,-0.012712912634015,0.87312513589859,0.487330049276352
-0.667455673217773,-0.113830119371414,1.33709812164307,-0.0001337503344984,-0.0118331294506788,0.874105930328369,0.485591441392899
-0.667455673217773,-0.113830119371414,1.33709812164307,-0.0001337503344984,-0.0118331294506788,0.874105930328369,0.485591441392899
-0.666674971580505,-0.112785339355469,1.3372859954834,-0.0009037438430823,-0.0119308177381753,0.876094281673431,0.48199138045311
-0.666168034076691,-0.112219750881195,1.3372597694397,0.0006691863527521,-0.0119143920019268,0.878052473068237,0.478415578603745
-0.66588944196701,-0.111893057823181,1.33757019042969,-0.0010400497121736,-0.0102316839620471,0.87821352481842,0.47815814614296
-0.665167033672333,-0.111338399350643,1.33729898929596,-0.0022026933729648,-0.0109453042969107,0.878554224967957,0.477512151002884
-0.6648108959198,-0.11125636100769,1.3376522064209,0.0018020662246271,-0.0097514484077692,0.881211936473846,0.472617417573929
-0.664112985134125,-0.110382243990898,1.33722424507141,-0.0007277725962921,-0.0109603805467486,0.881425440311432,0.472195535898209
-0.66400820016861,-0.110432043671608,1.3377503156662,-0.0009281650418415,-0.0089372247457504,0.881707191467285,0.4717116355896
-0.663412988185883,-0.109648585319519,1.33756029605865,-0.0032970167230814,-0.0091535169631242,0.882224798202515,0.470727860927582
-0.663256406784058,-0.109781168401241,1.33826017379761,-0.0008481240365654,-0.0074313981458544,0.883506834506989,0.46835857629776
-0.662645518779755,-0.109541647136211,1.33833599090576,-0.000510748301167,-0.0062827658839523,0.885105133056641,0.465348362922668
-0.662168383598328,-0.109175086021423,1.33820080757141,-0.0006944630877114,-0.0072745028883218,0.885210812091827,0.465132653713226
-0.661684215068817,-0.108986407518387,1.33818554878235,-0.0009034814429469,-0.0066854464821517,0.886046528816223,0.463547438383102
-0.661252617835999,-0.108517691493034,1.33844041824341,-0.0002554958919063,-0.0066978163085877,0.886780917644501,0.462141335010529
-0.660670280456543,-0.108299657702446,1.33841419219971,-0.0005904576973989,-0.0059638153761625,0.887587189674377,0.460600793361664
-0.660134077072144,-0.108065672218799,1.33834385871887,-0.0005260907346382,-0.0052343546412885,0.888483226299286,0.458878934383392
-0.660103499889374,-0.107657715678215,1.33815693855286,-0.0010503084631636,-0.0048095411621034,0.889613687992096,0.456687241792679
-0.659651875495911,-0.107252173125744,1.338299036026,-0.0016348399221897,-0.0037807514891028,0.890413701534271,0.455133438110352
-0.658956229686737,-0.10705055296421,1.338223695755,0.0009709250298328,-0.0040633170865476,0.892090320587158,0.451837867498398
-0.65865820646286,-0.107000164687634,1.33857822418213,-0.0002760677307378,-0.0039693680591881,0.891966640949249,0.452083736658096
-0.658116400241852,-0.106706000864506,1.33865392208099,-0.0001122190224123,-0.0033998100552707,0.892731308937073,0.450576663017273
-0.657626628875732,-0.106472432613373,1.33873891830444,0.0003332242486067,-0.0031380711589008,0.893364906311035,0.4493208527565
-0.656873226165771,-0.105990767478943,1.33845889568329,-0.0011337137548252,-0.0038932354655116,0.893518447875977,0.449008136987686
-0.656628847122192,-0.106095246970654,1.33891308307648,0.0009189590928144,-0.0024512982927262,0.89446496963501,0.447130590677261
-0.656628847122192,-0.106095246970654,1.33891308307648,0.0009189590928144,-0.0024512982927262,0.89446496963501,0.447130590677261
-0.655558943748474,-0.1057069003582,1.3389368057251,0.0015589653048664,-0.0020143368747085,0.896075069904327,0.443895399570465
-0.655046403408051,-0.105363175272942,1.3389595746994,0.0018664631061255,-0.0015378559473901,0.896367371082306,0.443305522203445
-0.654559016227722,-0.105161875486374,1.33899390697479,0.0021314397454261,-0.001288479543291,0.896796941757202,0.442435264587402
-0.65409517288208,-0.104930080473423,1.33904325962067,0.0022308288607746,-0.0007859903853386,0.897186279296875,0.441646218299866
-0.653607964515686,-0.104748018085957,1.33905398845673,0.0026104024145752,-0.0004581200482789,0.897744655609131,0.440508246421814
-0.653113782405853,-0.104530617594719,1.33908712863922,0.0030311830341815,-2.03295512619661e-05,0.898450672626495,0.439063936471939
-0.652685105800629,-0.104274153709412,1.3391489982605,0.0035219474229961,0.0002183117467211,0.898835778236389,0.438271254301071
-0.651817083358765,-0.103822395205498,1.33871042728424,0.0019304486922919,0.0002086989406961,0.898694097995758,0.438571989536285
-0.651549279689789,-0.103653714060783,1.33916079998016,0.005360476206988,0.0016748125199228,0.901533365249634,0.432673275470734
-0.651198089122772,-0.103772044181824,1.33924376964569,0.0069572385400533,0.0014253014232963,0.901316344738007,0.433103263378143
-0.650454938411713,-0.103112950921059,1.33875441551208,0.004914566874504,-5.69980948057491e-05,0.90112966299057,0.433521836996078
-0.650367975234985,-0.103239014744759,1.33926892280579,0.0051157251000404,0.0015101700555533,0.901008188724518,0.433769285678864
-0.64990359544754,-0.103032439947128,1.33931767940521,0.0051930858753621,0.0016487031243741,0.901322066783905,0.433115303516388
-0.649358928203583,-0.1028823107481,1.33945655822754,0.0083053605630993,0.0018980954773724,0.902860045433044,0.429850190877914
-0.648791313171387,-0.102512627840042,1.33937430381775,0.0083720823749899,0.0034246877767145,0.904677629470825,0.42600080370903
-0.648708701133728,-0.102554321289062,1.33937168121338,0.0058609480038285,0.0023508898448199,0.902319073677063,0.431022614240646
-0.648708701133728,-0.102554321289062,1.33937168121338,0.0058609480038285,0.0023508898448199,0.902319073677063,0.431022614240646
-0.647521495819092,-0.101903013885021,1.33894515037537,0.0066530238837003,0.0014384427340701,0.903869390487671,0.427754551172256
-0.647149562835693,-0.101672366261482,1.33892714977264,0.0071811280213296,0.0016229816246777,0.904461920261383,0.426490902900696
-0.647060394287109,-0.101840078830719,1.33946692943573,0.0097470143809914,0.0035336238797754,0.905092537403107,0.425088256597519
-0.646557569503784,-0.101541623473167,1.3392117023468,0.0064638215117156,0.0027486856561154,0.903941512107849,0.427598536014557
-0.646402895450592,-0.101431906223297,1.33928549289703,0.0074451421387493,0.0040298104286193,0.904349327087402,0.426709115505219
-0.646080851554871,-0.101290188729763,1.33929395675659,0.0075673013925552,0.0042044203728437,0.90465247631073,0.426062196493149
-0.645753026008606,-0.101159200072288,1.3393132686615,0.0075594149529933,0.0044426298700273,0.904900252819061,0.425533384084701
-0.645096063613892,-0.100716233253479,1.33901143074036,0.0063389181159436,0.0036875556688755,0.904891848564148,0.425578445196152
-0.64480859041214,-0.100521981716156,1.33902668952942,0.0066089816391468,0.0039610294625163,0.905120253562927,0.425085872411728
-0.644792914390564,-0.100615948438644,1.33949911594391,0.0083528598770499,0.0045118718408048,0.905831813812256,0.423531085252762
-0.644564509391785,-0.100534081459045,1.3394547700882,0.0085619539022445,0.0049445913173258,0.906221449375153,0.422687649726868
-0.644233703613281,-0.100359499454498,1.33949589729309,0.0085912523791193,0.0045266686938703,0.906349956989288,0.422416269779205
-0.643951773643494,-0.100187450647354,1.33951008319855,0.0087468717247247,0.0047218156978487,0.906591951847076,0.421891540288925
-0.643697440624237,-0.100013062357902,1.33952069282532,0.0088033135980367,0.0048741735517978,0.906782269477844,0.421479225158691
-0.643459677696228,-0.0998244732618331,1.33951759338379,0.0088656330481171,0.0050312425009906,0.906959474086762,0.421094566583633
-0.643078744411469,-0.0995235741138458,1.33940815925598,0.0108610279858112,0.0050100246444344,0.90831595659256,0.418113708496094
-0.64286333322525,-0.0993393957614898,1.3393988609314,0.0108736352995038,0.0051727737300097,0.908436000347138,0.417850524187088
-0.642789542675018,-0.099362775683403,1.3395414352417,0.0091167660430073,0.0053879562765359,0.907482862472534,0.419955551624298
-0.642584323883057,-0.0992064774036407,1.33954763412476,0.0090610086917877,0.0055542229674756,0.907622277736664,0.419653385877609
-0.642357409000397,-0.0990520864725112,1.33954381942749,0.0092409811913967,0.0057431356981396,0.90796548128128,0.418903827667236
-0.642146527767181,-0.0988058596849441,1.33959770202637,0.0092887626960873,0.0060295085422694,0.908001244068146,0.41882112622261
-0.641988217830658,-0.0988150835037231,1.33977866172791,0.009949485771358,0.0068746041506528,0.908276438713074,0.418195843696594
-0.641574800014496,-0.098477616906166,1.33968317508698,0.011629014275968,0.0073911133222281,0.9101203083992,0.414114952087402
-0.641588866710663,-0.0985001623630523,1.33977448940277,0.0101663107052445,0.0070600481703877,0.908682584762573,0.417304247617722
-0.641066789627075,-0.0977930873632431,1.33942043781281,0.0083125978708267,0.0052249091677367,0.908113658428192,0.418608725070953
-0.640916347503662,-0.0976081639528274,1.33943057060242,0.0082924850285053,0.0052551985718309,0.908152997493744,0.418523252010345
-0.640808761119843,-0.097498632967472,1.3393474817276,0.0079766968265175,0.0053001344203948,0.908321261405945,0.418163776397705
-0.640920162200928,-0.0974900275468826,1.33973622322083,0.0097562791779637,0.006413054652512,0.908593058586121,0.417519271373749
-0.640759408473969,-0.0973140299320221,1.33973550796509,0.0096816625446081,0.0064145075157284,0.908648133277893,0.417401164770126
-0.64062088727951,-0.0971306413412094,1.33969080448151,0.0093255173414945,0.0064795464277267,0.908707916736603,0.417278081178665
-0.640463709831238,-0.0969252809882164,1.33967900276184,0.0092035215348005,0.006549404002726,0.90873384475708,0.417223364114761
-0.64039272069931,-0.0966317504644393,1.33973407745361,0.0083311172202229,0.0071732071228325,0.90898859500885,0.416676133871078
-0.64019912481308,-0.0965936779975891,1.33969843387604,0.0092133963480591,0.0067158322781324,0.90893417596817,0.416783690452576
-0.640092372894287,-0.0964837372303009,1.33971333503723,0.0089978808537125,0.006797500886023,0.909098446369171,0.416428595781326
-0.640092372894287,-0.0964837372303009,1.33971333503723,0.0089978808537125,0.006797500886023,0.909098446369171,0.416428595781326
-0.639800548553467,-0.0960069745779037,1.33977067470551,0.0090483473613858,0.0072214067913591,0.909233212471008,0.416126161813736
-0.639690220355988,-0.0958089977502822,1.33983242511749,0.0090937772765755,0.0073028462938964,0.909225463867188,0.416140556335449
-0.63957542181015,-0.0956387743353843,1.33984327316284,0.0090344129130244,0.0074375113472342,0.909275054931641,0.416031241416931
-0.639383852481842,-0.0953858867287635,1.33952260017395,0.0085279354825615,0.0091553051024675,0.909057855606079,0.416482120752335
-0.639512777328491,-0.0953178629279136,1.33968389034271,0.0088108088821172,0.0091810515150427,0.909491181373596,0.415528357028961
-0.639384806156158,-0.0949948951601982,1.33976125717163,0.0091095883399248,0.0093079097568988,0.909408211708069,0.415700674057007
-0.639079630374908,-0.0946759581565857,1.33969283103943,0.0108168013393878,0.0094423107802867,0.910428524017334,0.413417160511017
-0.638789474964142,-0.0947731286287307,1.33991301059723,0.0108347991481423,0.0084721762686967,0.910622656345367,0.413009971380234
-0.638611197471619,-0.0945274233818054,1.34000587463379,0.0111192455515265,0.0084976181387901,0.910536170005798,0.413192749023438
-0.638550162315369,-0.0945172235369682,1.34010779857635,0.0094411838799715,0.0086882710456848,0.909617602825165,0.415248423814774
-0.638368666172028,-0.0942108854651451,1.34002506732941,0.0089098997414112,0.0082897124812006,0.909564435482025,0.41538468003273
-0.637928247451782,-0.0938135087490081,1.33972227573395,0.0073625845834612,0.0072325649671256,0.909290254116058,0.416034609079361
-0.637732088565826,-0.0936585664749145,1.33976864814758,0.0073545384220778,0.0074295839294791,0.909492433071136,0.41558900475502
-0.637554883956909,-0.0935228466987609,1.33979523181915,0.0073418435640633,0.0075093694031238,0.909493029117584,0.415586680173874
-0.637372493743896,-0.0933535546064376,1.33983707427979,0.0074339229613542,0.0076695634052157,0.909646809101105,0.415245413780212
-0.637174844741821,-0.0933416336774826,1.33984553813934,0.0074138678610324,0.0077142212539911,0.910110116004944,0.414228409528732
-0.637426972389221,-0.0933645293116569,1.34010004997253,0.0092687970027327,0.0101669281721115,0.910597145557404,0.413065969944
-0.637248694896698,-0.0931559056043624,1.34013104438782,0.0093308361247181,0.0102732367813587,0.910697162151337,0.412841439247131
-0.637050092220306,-0.0931443125009536,1.34029424190521,0.0098828552290797,0.0108379004523158,0.910915851593018,0.412331372499466
-0.636843383312225,-0.0928200930356979,1.34028351306915,0.0099791446700692,0.0110115725547075,0.910958886146545,0.4122294485569
-0.63663649559021,-0.0926664620637893,1.34031629562378,0.0100743249058723,0.0111847268417477,0.911190569400787,0.411710023880005
-0.636288106441498,-0.0925603210926055,1.34042882919312,0.0097498251125216,0.0098941763862967,0.911359548568726,0.411376625299454
-0.636073172092438,-0.0922374799847602,1.34031760692596,0.0091969231143593,0.0094717154279351,0.911503374576569,0.411080718040466
-0.636073172092438,-0.0922374799847602,1.34031760692596,0.0091969231143593,0.0094717154279351,0.911503374576569,0.411080718040466
-0.63545024394989,-0.0919096618890762,1.34028172492981,0.0114822573959827,0.0095413103699684,0.913237571716309,0.407153904438019
-0.635055482387543,-0.0916385501623153,1.34014582633972,0.0086177652701735,0.0087605789303779,0.912253201007843,0.409442186355591
-0.635025382041931,-0.0917314141988754,1.3404825925827,0.0102107031270861,0.0099583528935909,0.912829577922821,0.408091515302658
-0.634460389614105,-0.0916176065802574,1.34063267707825,0.0108032831922173,0.0101982597261667,0.912784278392792,0.408171653747559
-0.634537637233734,-0.0914047360420227,1.34055209159851,0.0107318786904215,0.0100417165085673,0.913322567939758,0.406971633434296
-0.634252905845642,-0.0911780595779419,1.34051644802094,0.0107283247634768,0.0102737098932266,0.913491010665894,0.406587570905685
-0.63370144367218,-0.090850219130516,1.34027218818665,0.0096608093008399,0.0091607086360454,0.913569808006287,0.406464010477066
-0.633326411247253,-0.0905100181698799,1.34017598628998,0.0115530975162982,0.0094153182581067,0.914822280406952,0.403581649065018
-0.633262991905212,-0.0905436873435974,1.3405247926712,0.0132794827222824,0.0106246611103415,0.915260493755341,0.402503132820129
-0.633081436157227,-0.0904996395111084,1.34062826633453,0.0115934163331985,0.0106522375717759,0.914416790008545,0.404467582702637
-0.633081436157227,-0.0904996395111084,1.34062826633453,0.0115934163331985,0.0106522375717759,0.914416790008545,0.404467582702637
-0.632446885108948,-0.0901261270046234,1.34069752693176,0.0123233506456017,0.0108853178098797,0.91523414850235,0.402587056159973
-0.632027685642242,-0.0900419056415557,1.34080564975739,0.0152139728888869,0.0116937346756458,0.916642725467682,0.399246692657471
-0.63175106048584,-0.089835874736309,1.34078669548035,0.0151697089895606,0.0116192093119025,0.916905403137207,0.398646891117096
-0.63175106048584,-0.089835874736309,1.34078669548035,0.0151697089895606,0.0116192093119025,0.916905403137207,0.398646891117096
-0.631081461906433,-0.0895303711295127,1.34081661701202,0.0155292386189103,0.011788560077548,0.917379319667816,0.397536128759384
-0.63077300786972,-0.089179404079914,1.34069871902466,0.0150142824277281,0.0113787651062011,0.91755348443985,0.397165805101395
-0.630505740642548,-0.0889655426144599,1.34073269367218,0.0151110216975212,0.0116608403623104,0.917939484119415,0.396261125802994
-0.630217671394348,-0.088761880993843,1.34073269367218,0.0154780847951769,0.0118258586153388,0.918313086032867,0.395375221967697
-0.630217671394348,-0.088761880993843,1.34073269367218,0.0154780847951769,0.0118258586153388,0.918313086032867,0.395375221967697
-0.629811584949493,-0.0887001901865005,1.34103727340698,0.0148317059502005,0.0126151014119386,0.917915880680084,0.396296769380569
-0.629559993743896,-0.0885329395532608,1.34109735488892,0.0151962609961628,0.0127017833292484,0.918093204498291,0.395869493484497
-0.629044234752655,-0.0881289094686508,1.34083223342896,0.0140367951244115,0.0116759687662124,0.917871594429016,0.396457195281982
-0.628567159175873,-0.0879455208778381,1.34101402759552,0.0173230227082967,0.0121781937777996,0.918994188308716,0.393702059984207
-0.628232538700104,-0.0876149237155914,1.3408876657486,0.0138180311769247,0.0114686051383614,0.917763352394104,0.396721601486206
-0.628082931041718,-0.0875399485230445,1.34100949764252,0.0178714208304882,0.0122281396761536,0.919348239898682,0.392848432064056
-0.627890765666962,-0.0874717608094215,1.34097480773926,0.0179569981992244,0.0122693926095962,0.919538021087646,0.392398774623871
-0.627928137779236,-0.0872464925050735,1.34089696407318,0.0185037329792976,0.0136908311396837,0.919613838195801,0.392148494720459
-0.628105342388153,-0.0869356989860534,1.34079086780548,0.0180239360779523,0.0138955097645521,0.92043799161911,0.39022558927536
-0.627997756004333,-0.0867975130677223,1.34076225757599,0.0184310562908649,0.0135965263471007,0.919845998287201,0.39161029458046
-0.627850890159607,-0.0866518765687942,1.34070801734924,0.0183092169463634,0.0137285701930522,0.919792771339416,0.391736745834351
-0.627843976020813,-0.0865958705544471,1.34084224700928,0.0165775902569293,0.013993046246469,0.91885644197464,0.393995136022568
-0.627723753452301,-0.0864235311746597,1.3408625125885,0.0167187135666608,0.0140808206051588,0.918787956237793,0.394145905971527
-0.627616167068481,-0.0862055420875549,1.34085261821747,0.0167999435216188,0.0140964994207024,0.918751060962677,0.394227832555771
-0.62751042842865,-0.0860279947519302,1.340864777565,0.0169508643448352,0.0142214093357324,0.918677568435669,0.394387900829315
-0.627402782440186,-0.0858648419380188,1.34086394309998,0.0171478074043989,0.0142002468928694,0.918578684329987,0.394610583782196
-0.627229571342468,-0.0857810974121093,1.34123420715332,0.0165311433374881,0.0140725681558251,0.918707072734833,0.394342482089996
-0.627071857452393,-0.0856375619769096,1.3411363363266,0.0176200959831476,0.0133342752233147,0.918466448783874,0.394881248474121
-0.627094864845276,-0.0853638648986816,1.34124028682709,0.0166662186384201,0.0138986622914671,0.918437242507935,0.394971132278442
-0.626757383346558,-0.0849142372608184,1.3409515619278,0.0188680756837129,0.0131256217136979,0.919628441333771,0.39211630821228
-0.626785755157471,-0.0847704112529754,1.34089779853821,0.0191201716661453,0.0125212278217077,0.918929696083069,0.393758684396744
-0.626077771186829,-0.0843397229909896,1.34076714515686,0.0179383847862482,0.0121612250804901,0.918638408184052,0.394504427909851
-0.626079916954041,-0.0840172916650772,1.34080421924591,0.0182111635804176,0.0120766721665859,0.918294548988342,0.395294398069382
-0.626356303691864,-0.0842325538396835,1.34125244617462,0.0203944444656372,0.0137116769328713,0.918449282646179,0.394774496555328
-0.626809656620026,-0.0838208794593811,1.34095764160156,0.0196260008960962,0.0122222295030951,0.917771816253662,0.396434485912323
-0.626840651035309,-0.083613783121109,1.34094178676605,0.0196124855428934,0.0121163381263613,0.91748982667923,0.397090792655945
-0.62688821554184,-0.0834379494190216,1.34093594551086,0.0195340383797884,0.0119644775986671,0.917208611965179,0.397748380899429
-0.627159535884857,-0.0834985971450805,1.34131991863251,0.0177200492471456,0.0132205449044704,0.916103303432465,0.400332182645798
-0.626980721950531,-0.0829869955778122,1.34096026420593,0.0160713922232389,0.0120130218565464,0.915390908718109,0.4020656645298
-0.627337038516998,-0.0827927887439727,1.34108567237854,0.0165614299476146,0.0122030042111873,0.915185630321503,0.40250700712204
-0.627171993255615,-0.0823571532964706,1.34076035022736,0.0149553213268518,0.0110357841476798,0.914500951766968,0.404156625270844
-0.627096056938171,-0.08212211728096,1.34048497676849,0.0173125304281711,0.0102181108668446,0.914889693260193,0.403202921152115
-0.627212703227997,-0.0818342864513397,1.34049761295319,0.017545323818922,0.0097477911040186,0.914286315441132,0.404570877552032
-0.627654731273651,-0.0818362534046173,1.3408271074295,0.0191538073122501,0.0106907309964299,0.914161503314972,0.404756128787994
-0.627553701400757,-0.0813328698277473,1.34043884277344,0.0172418523579835,0.0092655569314956,0.913202404975891,0.407036125659943
-0.627761900424957,-0.0810244753956794,1.34038901329041,0.0172528699040412,0.0089900577440857,0.912623047828674,0.408338904380798
-0.628442287445068,-0.081021137535572,1.34058809280396,0.0192836429923772,0.0115607958287,0.912397146224976,0.408688098192215
-0.628541588783264,-0.0806092470884323,1.34032249450684,0.0158362798392772,0.0102352295070886,0.910291433334351,0.413538336753845
-0.629166007041931,-0.0806099772453308,1.34073221683502,0.0171591471880674,0.0120444577187299,0.910118401050568,0.413817524909973
-0.629137396812439,-0.0800598934292793,1.34029936790466,0.0156399719417095,0.0106040220707654,0.909070312976837,0.416213989257812
-0.629648983478546,-0.0801372826099395,1.3403639793396,0.0176300667226314,0.009973700158298,0.908586800098419,0.417204767465591
-0.629661917686462,-0.0793537124991417,1.33991003036499,0.0160917025059461,0.0087030055001378,0.906963765621185,0.420811265707016
-0.63026887178421,-0.0795261189341545,1.34021806716919,0.0177417565137147,0.0090847304090857,0.906731367111206,0.421237379312515
-0.629937589168549,-0.0786104053258895,1.3397136926651,0.0178348775953054,0.0062243086285889,0.906336903572082,0.422133356332779
-0.630488932132721,-0.0785120874643325,1.33995544910431,0.0192860141396522,0.0068123741075396,0.905767858028412,0.423280447721481
-0.631021499633789,-0.0784189403057098,1.34002614021301,0.0173084288835525,0.0065461155027151,0.903853535652161,0.427441537380219
-0.631131172180176,-0.0777338296175003,1.33961582183838,0.0162530839443206,0.0052285492420196,0.902487754821777,0.430377095937729
-0.631716012954712,-0.0777747631072998,1.34006285667419,0.0188105925917625,0.0065787872299551,0.90186333656311,0.431561499834061
-0.631892323493958,-0.0770875215530395,1.33967804908752,0.0199686829000711,0.00520536955446,0.901723921298981,0.431819498538971
-0.632299959659576,-0.0767723023891449,1.33963596820831,0.0201534144580364,0.0048539130948483,0.900802612304688,0.433733820915222
-0.632660031318665,-0.076455071568489,1.33956253528595,0.0204056967049837,0.0045449226163327,0.899764478206635,0.435874789953232
-0.632904648780823,-0.0759386718273162,1.33916771411896,0.0168731566518545,0.0035548158921301,0.896996319293976,0.441701412200928
-0.633568465709686,-0.0758620426058769,1.33954644203186,0.0188437104225158,0.0048707560636103,0.89648824930191,0.442639797925949
-0.633991301059723,-0.0753704607486724,1.33944344520569,0.0183071661740541,0.0046482579782605,0.895391643047333,0.44487863779068
-0.634108781814575,-0.0747811794281005,1.33914196491241,0.0171005260199308,0.0031530105043202,0.893826365470886,0.448076039552689
-0.634759485721588,-0.0747124999761581,1.3394513130188,0.0190619882196187,0.0037886223290115,0.893013596534729,0.449609726667404
-0.63481080532074,-0.0742375776171684,1.33903896808624,0.0184444040060043,0.0018650519195944,0.891330778598785,0.452974319458008
-0.635109603404999,-0.0738035142421722,1.33878409862518,0.0183287858963012,0.001919402857311,0.890074193477631,0.455442994832992
-0.635509431362152,-0.0735217332839965,1.33881890773773,0.0188806187361478,0.00136455881875,0.889108717441559,0.457304298877716
-0.636352956295013,-0.0733820647001266,1.3388375043869,0.018608896061778,0.0020952862687408,0.888601064682007,0.458298236131668
-0.636572182178497,-0.0735191628336906,1.33945024013519,0.0212835986167192,0.0031251164618879,0.88712602853775,0.461025565862656
-0.636591613292694,-0.0726066827774047,1.33842349052429,0.0193060003221035,0.0009521815809421,0.88512659072876,0.464948713779449
-0.636950969696045,-0.0723021924495697,1.33851528167725,0.0201382543891668,0.0007855364237911,0.884008824825287,0.467035621404648
-0.637313961982727,-0.071941539645195,1.33842051029205,0.0198813267052173,0.0007104557589627,0.882780373096466,0.469364613294601
-0.637667596340179,-0.07168859988451,1.33835768699646,0.0199859030544757,0.0005841167876496,0.881484866142273,0.471788853406906
-0.638103723526001,-0.0714552849531173,1.33840334415436,0.0198770593851804,0.0001393098791595,0.879880249500275,0.474779486656189
-0.638775646686554,-0.0712174326181411,1.33829689025879,0.020299844443798,0.0010384585475549,0.878815233707428,0.47672912478447
-0.63911235332489,-0.0708051547408104,1.33806908130646,0.0201190896332263,0.0012403775472193,0.877363920211792,0.479402095079422
-0.63911235332489,-0.0708051547408104,1.33806908130646,0.0201190896332263,0.0012403775472193,0.877363920211792,0.479402095079422
-0.639776766300201,-0.0703770220279693,1.33801221847534,0.0204197745770216,0.0004259486449882,0.87461519241333,0.48438748717308
-0.640123903751373,-0.0701310634613037,1.33797562122345,0.0203466136008501,0.0004101952072232,0.873153448104858,0.487020581960678
-0.640432715415955,-0.0698544085025787,1.33786857128143,0.0199651680886745,0.0011292292037978,0.871470034122467,0.490041017532349
-0.640789389610291,-0.0696445405483245,1.33781814575195,0.0197434443980455,0.0013233645586296,0.869872510433197,0.492879569530487
-0.641182541847229,-0.0693989098072052,1.33782958984375,0.0194955058395862,0.001268298481591,0.868253529071808,0.495736002922058
-0.641078650951385,-0.0693916603922844,1.33813047409058,0.0204524602741003,0.0017923235427588,0.865772545337677,0.500016450881958
-0.641394972801208,-0.0690867081284523,1.33797585964203,0.0193674731999635,0.0011392429005354,0.864150166511536,0.502860069274902
-0.641801416873932,-0.0689155757427215,1.33794927597046,0.0189283024519681,0.0012530401581898,0.862364768981934,0.505932092666626
-0.64219743013382,-0.0687019824981689,1.33794355392456,0.0188074875622987,0.0013186105061322,0.860608398914337,0.508918225765228
-0.642667949199677,-0.0685524940490722,1.33800435066223,0.0185462422668933,0.0006958427838981,0.859051406383514,0.51155298948288
-0.642919778823853,-0.0683315396308898,1.33787071704865,0.0199559163302183,0.0001587055448908,0.85833603143692,0.512699902057648
-0.643521428108215,-0.0682239234447479,1.33796525001526,0.0179686397314071,0.0004023621440865,0.855251669883728,0.517901182174683
-0.643828630447388,-0.0681195333600044,1.33794915676117,0.0180016849189996,0.0015307251596823,0.853270530700684,0.521155714988708
-0.64434289932251,-0.0678817182779312,1.33801913261414,0.017506381496787,0.0005237642326392,0.851414680480957,0.52420049905777
-0.64500367641449,-0.0679806470870971,1.33825445175171,0.018340004608035,0.0011621153680607,0.849945425987244,0.526550114154816
-0.645389318466187,-0.0678277462720871,1.33818900585175,0.0180906523019075,0.00108788756188,0.848152279853821,0.529442489147186
-0.645825386047363,-0.0676770806312561,1.33821094036102,0.0176341459155082,0.0012813282664865,0.846251368522644,0.532490432262421
-0.646224498748779,-0.0675743818283081,1.33819854259491,0.0172663275152444,0.0010990665759891,0.844155967235565,0.535818636417389
-0.646560609340668,-0.067406952381134,1.33800685405731,0.0169701147824525,0.0015390047337859,0.842212557792664,0.538876295089722
-0.646965324878693,-0.0674138963222503,1.33808219432831,0.0173505377024412,0.001872886205092,0.84060001373291,0.54137521982193
-0.647279262542725,-0.0669504404067993,1.33793795108795,0.0164515804499387,0.0014601961011067,0.838728308677673,0.544299781322479
-0.647759318351746,-0.0668868795037269,1.33794319629669,0.0156732443720102,0.0014865598641335,0.836594700813293,0.547596275806427
-0.648435890674591,-0.0667746886610984,1.33787870407104,0.0165954250842332,0.0032679757568985,0.834965646266937,0.550042152404785
-0.648503541946411,-0.0666127055883407,1.33780193328857,0.0152690690010786,0.0019657043740153,0.833060204982758,0.552968084812164
-0.649020493030548,-0.0664985701441764,1.33798158168793,0.0150800189003348,0.0013720842543989,0.831551969051361,0.55524069070816
-0.649431645870209,-0.066337451338768,1.33781015872955,0.0140660451725125,0.0021673871669918,0.829392910003662,0.558484554290771
-0.649877488613129,-0.0663037002086639,1.33791351318359,0.0135781159624457,0.0024273872841149,0.827292740345001,0.561601638793945
-0.650431036949158,-0.066351942718029,1.3380765914917,0.0135896522551774,0.0022677336819469,0.826003015041351,0.563497245311737
-0.65086442232132,-0.0660888105630874,1.33811044692993,0.0128095634281635,0.0017962285783141,0.824422001838684,0.565827786922455
-0.651338338851929,-0.0659536346793174,1.3380720615387,0.0122639713808894,0.0026413118466734,0.822604715824127,0.568475365638733
-0.651675343513489,-0.0658562555909156,1.33821678161621,0.0118862437084317,0.0021911554504185,0.821435809135437,0.57017308473587
-0.652291476726532,-0.065848633646965,1.33823049068451,0.0110417483374476,0.0021567624062299,0.818956553936005,0.573745310306549
-0.652776122093201,-0.0657452940940857,1.33824372291565,0.0105050103738904,0.0025575589388608,0.817367196083069,0.576015591621399
-0.65327399969101,-0.0655880272388458,1.33830630779266,0.0101757179945707,0.0028956225141882,0.815347611904144,0.578875184059143
-0.653723001480103,-0.0655528679490089,1.33824217319489,0.0095769753679633,0.0035407235845923,0.81358128786087,0.581361651420593
-0.654146909713745,-0.0654345005750656,1.33828663825989,0.009573696181178,0.0036522154696285,0.812784492969513,0.582474410533905
-0.654789447784424,-0.0652656927704811,1.33847951889038,0.0085162119939923,0.0044371937401592,0.811126172542572,0.584792375564575
-0.655349493026733,-0.0652233958244323,1.33841753005981,0.0082326754927635,0.0036898204125463,0.808605670928955,0.588281989097595
-0.655843436717987,-0.0651292204856872,1.33841621875763,0.0082014864310622,0.0038348292000591,0.806918680667877,0.590593159198761
-0.656399965286255,-0.0651270970702171,1.3386482000351,0.0091395359486341,0.0045623918995261,0.805554091930389,0.592434167861938
-0.656928777694702,-0.0651107355952262,1.33857226371765,0.0079601788893342,0.0046510174870491,0.803819417953491,0.59480208158493
-0.657371997833252,-0.0648898407816886,1.33854448795319,0.0073986123315989,0.0044826865196228,0.802107095718384,0.597117602825165
-0.657716155052185,-0.0647527277469635,1.33848810195923,0.0072953719645738,0.0050400048494338,0.801428556442261,0.598024725914001
-0.658291816711426,-0.0644995793700218,1.33871376514435,0.0070980456657707,0.0056241094134747,0.800318598747253,0.599506556987762
-0.65876317024231,-0.0644287019968032,1.33871209621429,0.0066869282163679,0.005789503455162,0.798960089683533,0.601319074630737
-0.659337341785431,-0.0644784718751907,1.33866357803345,0.0066786799579858,0.0050893207080662,0.796596646308899,0.604452967643738
-0.659749746322632,-0.0643691420555114,1.33864867687225,0.0068565015681087,0.0052888421341776,0.795901834964752,0.605363726615906
-0.66021853685379,-0.0643449202179908,1.33859622478485,0.0058892518281936,0.0060177100822329,0.795147895812988,0.606357216835022
-0.660707116127014,-0.0644035339355468,1.33858287334442,0.0059964451938867,0.0061118099838495,0.793956696987152,0.607914209365845
-0.661103308200836,-0.0643397942185401,1.33849155902863,0.0058135753497481,0.0063119363039731,0.792945206165314,0.609232604503632
-0.661754310131073,-0.0644182711839675,1.33853304386139,0.0063539333641529,0.0050914771854877,0.790966510772705,0.611805438995361
-0.662211894989014,-0.0643257722258567,1.33836340904236,0.0058932583779096,0.005345338024199,0.789748668670654,0.613378882408142
-0.662716448307037,-0.0642763599753379,1.33845925331116,0.0062095467001199,0.0054109510965645,0.788741588592529,0.614669799804688
-0.663143575191498,-0.0643031299114227,1.33832204341888,0.0061254366301,0.0052385618910193,0.788308620452881,0.615227222442627
-0.663702845573425,-0.0644086599349975,1.33830320835114,0.005768874194473,0.0048185512423515,0.78662633895874,0.617383718490601
-0.664043605327606,-0.0644301176071167,1.33813345432281,0.0061038103885948,0.0056710229255259,0.786468863487244,0.6175736784935
-0.6647087931633,-0.0644737184047699,1.33826112747192,0.0060329232364892,0.0045419810339808,0.785118460655212,0.619299650192261
-0.665127515792847,-0.0644695162773132,1.338219165802,0.0062062535434961,0.0045456150546669,0.785190641880035,0.619206309318542
-0.665635943412781,-0.064550019800663,1.33818387985229,0.0062501467764377,0.0043602152727544,0.78454202413559,0.620028853416443
-0.666049599647522,-0.064605712890625,1.33815002441406,0.0062694074586033,0.0041683805175125,0.783861935138702,0.620889604091644
-0.66654896736145,-0.0647400319576263,1.3380606174469,0.0061391182243824,0.0040863053873181,0.78320187330246,0.621724009513855
-0.667046725749969,-0.0648494586348533,1.33801853656769,0.0059895520098507,0.0039349952712655,0.782632648944855,0.622442483901978
-0.667503952980042,-0.0649901777505874,1.33797037601471,0.0058428803458809,0.0037196527700871,0.782111465930939,0.623100101947784
-0.667967796325684,-0.0650903433561325,1.33798742294312,0.0060745170339941,0.0035505280829966,0.781790971755981,0.623501062393188
-0.66849160194397,-0.0653028786182403,1.33791041374207,0.005874419119209,0.0033336780034005,0.781329751014709,0.624081909656525
-0.668930292129517,-0.0654230639338493,1.33783638477325,0.0058668325655162,0.003425394417718,0.781021952629089,0.624466776847839
-0.668930292129517,-0.0654230639338493,1.33783638477325,0.0058668325655162,0.003425394417718,0.781021952629089,0.624466776847839
-0.66982638835907,-0.0658563002943992,1.33788633346558,0.0063483240082859,0.0031372485682368,0.780675530433655,0.62489652633667
-0.670225858688354,-0.0659603253006935,1.33769345283508,0.0059844218194484,0.0030425754375755,0.780478775501251,0.625146150588989
-0.670690834522247,-0.0662189424037933,1.33781516551971,0.006364757195115,0.0025831358507275,0.78043121099472,0.625203847885132
-0.671200633049011,-0.0664142072200775,1.33788418769836,0.0062895221635699,0.0018079251749441,0.780577182769775,0.625025272369385
-0.671642482280731,-0.0666907727718353,1.3378586769104,0.0063875396735966,0.0014941872796043,0.780544519424438,0.625065803527832
-0.672096252441406,-0.0669348910450935,1.33781230449677,0.0062669585458934,0.0013504129601642,0.780709207057953,0.624861657619476
-0.672553420066833,-0.0672116428613662,1.3377879858017,0.0063901492394506,0.0012841578572988,0.780842661857605,0.624693810939789
-0.672914803028107,-0.0673785358667373,1.33779072761536,0.0063620572909712,0.000968269072473,0.781071126461029,0.624409019947052
-0.673293471336365,-0.0675826743245124,1.33779728412628,0.0057085556909441,0.0014262434560805,0.781583547592163,0.623772859573364
-0.673746109008789,-0.0678692460060119,1.33774495124817,0.0064794858917593,0.0006597854662686,0.781663477420807,0.623666346073151
-0.674087464809418,-0.0682297199964523,1.33758974075317,0.006366916000843,0.0009746892028488,0.781905174255371,0.623364150524139
-0.674498379230499,-0.0685279667377471,1.33753895759583,0.0062356465496122,0.0006905294721946,0.78227436542511,0.622902512550354
-0.674982726573944,-0.0689292550086975,1.33751773834229,0.0058771413750946,0.0001964854018297,0.781827569007874,0.623466968536377
-0.67536723613739,-0.0692286863923072,1.3374764919281,0.0058846869505941,-0.0002396742056589,0.782071650028229,0.623160660266876
-0.675812005996704,-0.0694998726248741,1.33748435974121,0.0061447476036846,-0.0003705884155351,0.782604277133942,0.622489154338837
-0.676197707653046,-0.0697693526744842,1.33746266365051,0.006228644400835,-0.0005445006536319,0.783056557178497,0.62191903591156
-0.676580667495728,-0.0700689405202865,1.33741760253906,0.0061406171880662,-0.0007181114633567,0.783587634563446,0.621250689029694
-0.676977753639221,-0.0704328939318656,1.33739757537842,0.0062476405873894,-0.000807678559795,0.784213006496429,0.620459675788879
-0.677210092544556,-0.0705708190798759,1.3374388217926,0.006016522180289,-0.000324826396536,0.785801231861115,0.618449926376343
-0.677653849124908,-0.0709192082285881,1.3374890089035,0.0060986191965639,-0.0008344778325408,0.786578893661499,0.617459237575531
-0.678044080734253,-0.0712388306856155,1.33748257160187,0.0062417942099273,-0.0010260737035423,0.787231504917145,0.616625189781189
-0.678323149681091,-0.0715837925672531,1.33736729621887,0.006103912834078,-0.0008613562094978,0.787693619728088,0.616036295890808
-0.67888867855072,-0.0719177797436714,1.33748781681061,0.0071814456023275,-0.0026011120062321,0.787112653255463,0.616762101650238
-0.679251492023468,-0.0722916349768638,1.33747375011444,0.007396780885756,-0.0027065388858318,0.787764728069305,0.615925908088684
-0.679572761058807,-0.0726478397846221,1.33735048770905,0.0069261426106095,-0.0030156206339597,0.788461267948151,0.615038156509399
-0.679933547973633,-0.0729847997426986,1.33729588985443,0.0068435594439506,-0.0032009442802518,0.789204180240631,0.614084482192993
-0.68026727437973,-0.0733006447553634,1.33725607395172,0.0068166232667863,-0.0033778946381062,0.789906620979309,0.613179922103882
-0.680584788322449,-0.0736403316259384,1.33727073669434,0.0069583998993039,-0.003610854037106,0.790674030780792,0.612187147140503
-0.680938363075256,-0.0739178135991096,1.33712363243103,0.0068296836689114,-0.003386893775314,0.791371583938599,0.611288130283356
-0.681292951107025,-0.0742276906967163,1.33721590042114,0.0073457569815218,-0.0037195577751845,0.792161285877228,0.610256195068359
-0.681616902351379,-0.0746368020772934,1.337242603302,0.0075746509246528,-0.0037528169341385,0.792904019355774,0.609288036823273
-0.68191534280777,-0.0747879669070243,1.33718156814575,0.0075769969262182,-0.0041881673969328,0.793365001678467,0.608684718608856
-0.682303190231323,-0.0750797763466835,1.33720946311951,0.0076049249619245,-0.0045124776661396,0.794203221797943,0.607587993144989
-0.682632386684418,-0.0753837674856185,1.33723270893097,0.0077714445069432,-0.004678166937083,0.794857144355774,0.606728911399841
-0.682985782623291,-0.0755545869469642,1.33730447292328,0.0082055125385522,-0.0048131281509995,0.795521795749664,0.605850279331207
-0.682985782623291,-0.0755545869469642,1.33730447292328,0.0082055125385522,-0.0048131281509995,0.795521795749664,0.605850279331207
-0.683642566204071,-0.0763425379991531,1.33721041679382,0.0079981181770563,-0.0050656436942517,0.796964287757874,0.60395222902298
-0.683991432189941,-0.0764467492699623,1.3372962474823,0.0084033021703362,-0.0052577722817659,0.797577738761902,0.603134751319885
-0.684354603290558,-0.0767712891101837,1.33728516101837,0.0085427463054656,-0.0053526139818131,0.79834520816803,0.60211569070816
-0.684354603290558,-0.0767712891101837,1.33728516101837,0.0085427463054656,-0.0053526139818131,0.79834520816803,0.60211569070816
-0.684893488883972,-0.0772833749651908,1.33711969852448,0.0080515416339039,-0.0059036528691649,0.799635827541351,0.600402295589447
-0.685235619544983,-0.0775538086891174,1.33713984489441,0.0082807671278715,-0.0059616672806441,0.800317645072937,0.599489450454712
-0.685602784156799,-0.077930100262165,1.33726954460144,0.0090908342972397,-0.0055923769250512,0.801023662090302,0.598537683486938
-0.685829401016235,-0.077992133796215,1.33703720569611,0.0083568440750241,-0.005767130292952,0.801397085189819,0.598046541213989
-0.68610018491745,-0.0781455487012863,1.33715426921844,0.0083362143486738,-0.0052149407565593,0.802955031394958,0.595958471298218
-0.686441779136658,-0.07838074862957,1.33715260028839,0.0085712829604744,-0.0055316998623311,0.803331553936005,0.595444738864899
-0.686674118041992,-0.0785789489746093,1.33707118034363,0.0085500031709671,-0.0051954695954918,0.804013192653656,0.594527304172516
-0.686959505081177,-0.0788069143891334,1.33712708950043,0.0088425651192665,-0.0052433535456657,0.804570317268372,0.593768358230591
-0.687285661697388,-0.0790119171142578,1.33717679977417,0.0091537293046712,-0.0052162688225507,0.805171608924866,0.592948317527771
-0.687667429447174,-0.0793544128537178,1.33725726604462,0.0097258556634187,-0.0048653166741132,0.805864751338959,0.591999769210815
-0.687979996204376,-0.0794130116701126,1.33720743656158,0.0094062881544232,-0.0050457092002034,0.806231915950775,0.591503441333771
-0.688359677791595,-0.0797379612922668,1.33739399909973,0.0100287087261676,-0.0051992046646773,0.806906342506409,0.590571284294128
-0.688584864139557,-0.0798472687602043,1.33723986148834,0.0098722437396645,-0.0048621101304888,0.807205617427826,0.590167820453644
-0.689050078392029,-0.080191858112812,1.33730065822601,0.0103404829278588,-0.0062184552662074,0.80680388212204,0.590696215629578
-0.689290463924408,-0.0803332775831222,1.33732151985168,0.0110371047630906,-0.0059520453214645,0.808069705963135,0.588953495025635
-0.689290463924408,-0.0803332775831222,1.33732151985168,0.0110371047630906,-0.0059520453214645,0.808069705963135,0.588953495025635
-0.689852952957153,-0.0807160437107086,1.33734035491943,0.0114138731732964,-0.0058937007561326,0.809001564979553,0.587666094303131
-0.690175592899323,-0.0809209123253822,1.33738505840302,0.0117916772142052,-0.0056897066533565,0.809445083141327,0.587049722671509
-0.690546035766602,-0.081211507320404,1.33752846717834,0.0126728042960166,-0.0052576595917344,0.809947967529297,0.586341261863708
-0.690797209739685,-0.0813733711838722,1.33746290206909,0.0120900003239512,-0.0042601665481925,0.810412347316742,0.585719764232635
-0.691060066223145,-0.0814732685685157,1.33736741542816,0.0125421117991209,-0.0049567078240215,0.810484945774078,0.585604310035706
-0.69137042760849,-0.0815827101469039,1.33744645118713,0.0123609341681003,-0.0042125517502427,0.811031103134155,0.584857404232025
-0.691685318946838,-0.0817653536796569,1.33743417263031,0.0126038650050759,-0.0039959331043064,0.811433136463165,0.584295749664307
-0.69210159778595,-0.082063615322113,1.33741080760956,0.0131712798029184,-0.0048106713220477,0.810571670532227,0.585471510887146
-0.69243711233139,-0.0822643563151359,1.3374605178833,0.0136870285496115,-0.0046288622543215,0.810897946357727,0.585009217262268
-0.69264680147171,-0.0823184549808502,1.3375027179718,0.0139251872897148,-0.0037841498851776,0.812018275260925,0.58345365524292
-0.693102359771729,-0.0827482044696807,1.33758044242859,0.0146838352084159,-0.0042851772159338,0.811596632003784,0.584017992019653
-0.693357110023499,-0.0827764570713043,1.33752393722534,0.0147227626293897,-0.0042661526240408,0.81166398525238,0.583923578262329
-0.693683862686157,-0.0829497799277305,1.33763384819031,0.0151000330224633,-0.0042072627693414,0.811790764331818,0.583738207817078
-0.694021642208099,-0.0830562338232994,1.33764171600342,0.0149245392531156,-0.0036478932015597,0.811910510063171,0.583579778671265
-0.694336354732513,-0.0832177549600601,1.33766651153564,0.0153068900108337,-0.0033471451606601,0.812109708786011,0.583294332027435
-0.694606363773346,-0.0834256336092948,1.33762741088867,0.0161526892334222,-0.0035879416391253,0.812180817127228,0.58317106962204
-0.694796442985535,-0.0835227593779563,1.3377274274826,0.0164006315171718,-0.0026335301809012,0.813118398189545,0.581861436367035
-0.695062458515167,-0.0836908221244812,1.33777856826782,0.0169595330953598,-0.002236443106085,0.813359498977661,0.581509947776794
-0.695369303226471,-0.083859272301197,1.3377788066864,0.0172422900795936,-0.0021318255458027,0.813293278217316,0.581594586372375
-0.695687115192413,-0.0841265022754669,1.33787941932678,0.0179670117795467,-0.0015695334877818,0.813443243503571,0.581364691257477
-0.695851027965546,-0.0842555165290832,1.33774816989899,0.0187384486198425,-0.0013856561854481,0.813093066215515,0.581830501556396
-0.696193814277649,-0.0844507813453674,1.33797919750214,0.0187624711543321,-0.0009400199633091,0.81351774930954,0.581236660480499
-0.696436882019043,-0.0847249701619148,1.33802139759064,0.0198928024619817,-0.0009863526793196,0.813436508178711,0.581312775611877
-0.696674764156342,-0.0847172886133194,1.33806347846985,0.0191027019172906,-0.0001898629416245,0.81346720457077,0.581297039985657
-0.696944415569305,-0.0848838090896606,1.33812761306763,0.0196334775537252,0.000361691811122,0.813535273075104,0.581184089183807
-0.697193682193756,-0.0850906074047088,1.33819007873535,0.0201741028577089,0.0008922595879994,0.813622236251831,0.581043124198914
-0.697495579719543,-0.085399180650711,1.33820295333862,0.0208167787641286,0.0005022736731916,0.812507033348083,0.582579493522644
-0.697722375392914,-0.0855890214443206,1.33824229240417,0.0213869959115982,0.0006789416656829,0.812290072441101,0.582861065864563
-0.697959661483765,-0.0857059955596923,1.33831214904785,0.0220724679529666,0.0010457868920639,0.812263607978821,0.582871854305267
-0.698194324970245,-0.0859352573752403,1.33839547634125,0.0227616690099239,0.0015775896608829,0.812243044376373,0.582872748374939
-0.698413968086243,-0.0861142873764038,1.33841156959534,0.0232929252088069,0.0021893738303333,0.812197983264923,0.582912802696228
-0.698632478713989,-0.0863073319196701,1.33843755722046,0.0237420238554477,0.0026483326219022,0.812123954296112,0.582995772361755
-0.698841571807861,-0.0866066366434097,1.33857572078705,0.0246608667075634,0.0032852650620043,0.811960995197296,0.583181381225586
-0.698974072933197,-0.0866444706916809,1.33854782581329,0.0251018032431602,0.0037373434752225,0.812514185905457,0.582388639450073
-0.699213624000549,-0.086852990090847,1.3387154340744,0.0252863224595785,0.0050792163237929,0.812700271606445,0.58211088180542
-0.699363112449646,-0.0870559811592102,1.33877098560333,0.025819731876254,0.005636166781187,0.812728226184845,0.582043409347534
-0.699528634548187,-0.087313562631607,1.33886933326721,0.026583045721054,0.0063758483156561,0.812598943710327,0.582181751728058
-0.699792206287384,-0.0875739008188247,1.3388044834137,0.0268822610378265,0.0058280974626541,0.811023771762848,0.584366023540497
-0.699939846992493,-0.0879000052809715,1.33889710903168,0.0277872290462255,0.0064831739291548,0.810899615287781,0.584489285945892
-0.700126171112061,-0.0881305038928985,1.33893144130707,0.0282436423003673,0.0070565030910074,0.810821652412415,0.584569036960602
-0.700249373912811,-0.0882959216833114,1.33897435665131,0.0286431442946195,0.007359018549323,0.810733914375305,0.584667444229126
-0.700395882129669,-0.0885405838489532,1.33903050422668,0.0292737782001495,0.0080264583230018,0.810699105262756,0.58467572927475
-0.700497388839722,-0.0887990221381187,1.33910036087036,0.0299009773880243,0.0086052529513835,0.81058144569397,0.584798812866211
-0.700635433197021,-0.0890750288963317,1.3391101360321,0.0304629225283861,0.0090423300862312,0.810395479202271,0.585020840167999
-0.70072340965271,-0.0893175601959228,1.33915579319,0.0310257114470005,0.0095566492527723,0.810312509536743,0.585098028182983
-0.700845777988434,-0.0896007567644119,1.33922171592712,0.0316882394254207,0.0101221557706594,0.810240209102631,0.585153222084045
-0.700956642627716,-0.0898904204368591,1.3392528295517,0.032037828117609,0.01077386084944,0.810016214847565,0.585432708263397
-0.700968623161316,-0.0901472941040992,1.33921575546265,0.0328735560178756,0.0117365950718522,0.809771656990051,0.585705816745758
-0.701030790805817,-0.0904611870646476,1.33924376964569,0.0332706794142723,0.0122564574703574,0.809477269649506,0.586079835891724
-0.701080322265625,-0.0907147079706192,1.33935594558716,0.0342516414821147,0.0125799104571342,0.810427248477936,0.584701895713806
-0.701145052909851,-0.0909319370985031,1.33945345878601,0.0343129858374595,0.013611857779324,0.810537159442902,0.584522783756256
-0.7012078166008,-0.0912057906389236,1.33945596218109,0.0347693674266338,0.0141456332057714,0.81050056219101,0.584534049034119
-0.701247334480286,-0.0914833024144172,1.33952510356903,0.035452950745821,0.0147711103782057,0.810400605201721,0.58461606502533
-0.701280653476715,-0.0917977839708328,1.33955454826355,0.0360175520181655,0.0153668504208326,0.810306429862976,0.584696769714355
-0.701361477375031,-0.0922243520617485,1.33950209617615,0.0368084572255611,0.0151305254548788,0.808935403823853,0.58654922246933
-0.701373100280762,-0.0925149321556091,1.33952951431274,0.0373289585113525,0.0156323984265327,0.80870133638382,0.586825728416443
-0.701350510120392,-0.0927996262907981,1.33958959579468,0.0379781760275363,0.0161955822259187,0.80851674079895,0.587023198604584
-0.701418101787567,-0.0931077748537063,1.33977067470551,0.0393540374934673,0.0171981398016214,0.808418273925781,0.587039589881897
-0.701396405696869,-0.093367762863636,1.33986926078796,0.0402203425765037,0.0177314132452011,0.808443367481232,0.586930334568024
-0.701394736766815,-0.0936417952179908,1.33991289138794,0.0409931689500808,0.0184622500091791,0.808352828025818,0.58697909116745
-0.70131927728653,-0.093944527208805,1.33994507789612,0.0416311137378215,0.019092509523034,0.808250308036804,0.587055265903473
-0.70127809047699,-0.0942292585968971,1.33995532989502,0.0422739312052726,0.0197449047118425,0.808186233043671,0.587076008319855
-0.701155364513397,-0.0945237278938293,1.33990466594696,0.0427853167057037,0.0205586999654769,0.807953774929047,0.58733081817627
-0.701115071773529,-0.0949625223875045,1.33990812301636,0.0432003587484359,0.0211401805281639,0.8078253865242,0.587456464767456
-0.70104193687439,-0.0951015502214431,1.33997309207916,0.0442113205790519,0.02162292227149,0.80766773223877,0.587580502033234
-0.700944721698761,-0.0953746736049652,1.34000909328461,0.0448965243995189,0.0223375968635082,0.807498812675476,0.587733864784241
-0.700783729553223,-0.0956117883324623,1.34000301361084,0.0459167957305908,0.0230482872575521,0.808029174804688,0.586898028850555
-0.700783729553223,-0.0956117883324623,1.34000301361084,0.0459167957305908,0.0230482872575521,0.808029174804688,0.586898028850555
-0.700630962848663,-0.0963775664567947,1.33995676040649,0.0465730801224708,0.0245905816555023,0.807133078575134,0.588015794754028
-0.700508117675781,-0.0965518504381179,1.34000289440155,0.0471867769956588,0.0251159854233264,0.806865751743317,0.588311314582825
-0.700392007827759,-0.096796415746212,1.34007370471954,0.0478444993495941,0.0257525611668825,0.806682944297791,0.588481426239014
-0.700392007827759,-0.096796415746212,1.34007370471954,0.0478444993495941,0.0257525611668825,0.806682944297791,0.588481426239014
-0.700160801410675,-0.0973744839429855,1.34021544456482,0.0491224788129329,0.0271481573581695,0.806472361087799,0.588602006435394
-0.700054347515106,-0.097645416855812,1.34031462669373,0.0495893619954586,0.0278348755091428,0.806181073188782,0.588929831981659
-0.700054347515106,-0.097645416855812,1.34031462669373,0.0495893619954586,0.0278348755091428,0.806181073188782,0.588929831981659
-0.699855506420135,-0.098140649497509,1.34045815467834,0.0507965981960296,0.0288291946053504,0.805781602859497,0.589325547218323
-0.699742436408997,-0.0983846336603164,1.3405681848526,0.051275834441185,0.0293298512697219,0.805597186088562,0.589511573314667
-0.699631690979004,-0.0987109020352363,1.34070074558258,0.051820695400238,0.0301161631941795,0.805590510368347,0.589433491230011
-0.699517905712128,-0.098864160478115,1.3407723903656,0.0520452596247196,0.0304586421698331,0.805429577827454,0.589615762233734
-0.699394047260284,-0.0991006195545196,1.34086358547211,0.0523648858070373,0.0308804735541343,0.805281460285187,0.589767813682556
-0.699340581893921,-0.0994226336479187,1.34096431732178,0.0526581443846225,0.0312966890633106,0.805342555046082,0.589636445045471
-0.699214279651642,-0.0996731519699096,1.34110915660858,0.0529799312353134,0.031582910567522,0.805170059204102,0.5898277759552
-0.699116468429565,-0.099926546216011,1.34124362468719,0.05320980027318,0.0318956077098846,0.805120646953583,0.589857697486877
-0.698991715908051,-0.100176848471165,1.34137177467346,0.0534020699560642,0.032170183956623,0.805012106895447,0.589973568916321
-0.698884963989258,-0.100417621433735,1.34151113033295,0.0534505099058151,0.0324286669492721,0.804981648921967,0.589996755123138
-0.698773741722107,-0.100641466677189,1.3415904045105,0.0534319244325161,0.0327608846127986,0.804771482944489,0.590266525745392
-0.698675572872162,-0.100858055055141,1.34183359146118,0.0536301173269748,0.0328497067093849,0.804777383804321,0.590235710144043
-0.698573350906372,-0.101220846176147,1.34199345111847,0.0536057464778423,0.0328830331563949,0.804894030094147,0.590076982975006
-0.698423206806183,-0.101429238915443,1.34211504459381,0.0536237582564353,0.0329985320568084,0.805036067962646,0.589875102043152
-0.698333263397217,-0.10141634196043,1.34236764907837,0.0542454607784748,0.0330663211643695,0.804953932762146,0.589926481246948
-0.698186278343201,-0.101740933954716,1.34223461151123,0.0537358522415161,0.0337064787745475,0.804995357990265,0.589880526065826
-0.698032855987549,-0.101941742002964,1.34229338169098,0.0537090487778186,0.0337593555450439,0.805022001266479,0.589843332767487
-0.697892904281616,-0.10215850174427,1.34243953227997,0.0534680187702178,0.0329346992075443,0.805168807506561,0.589711546897888
-0.697736084461212,-0.102375954389572,1.34240913391113,0.0529794692993164,0.0328229703009128,0.805315554141998,0.589561462402344
-0.69755893945694,-0.102477170526981,1.34244966506958,0.0525905080139637,0.0333072021603584,0.806182503700256,0.588383138179779
-0.69755893945694,-0.102477170526981,1.34244966506958,0.0525905080139637,0.0333072021603584,0.806182503700256,0.588383138179779
-0.69730418920517,-0.102932497859001,1.34244918823242,0.052983209490776,0.0325129404664039,0.806299030780792,0.588232636451721
-0.697210013866425,-0.103187315165996,1.34238946437836,0.0526366382837295,0.0323556773364543,0.806435823440552,0.588084876537323
-0.697050452232361,-0.103341974318027,1.34232425689697,0.0522363148629665,0.0320569202303886,0.806413173675537,0.58816796541214
-0.696911215782166,-0.103470206260681,1.3423467874527,0.0517717525362968,0.031795959919691,0.806176841259003,0.588547050952911
-0.696841180324554,-0.103704065084457,1.3423318862915,0.0514331459999084,0.0312294121831655,0.805516719818115,0.589510142803192
-0.696657001972198,-0.10376563668251,1.3423091173172,0.0518286600708961,0.0311039350926876,0.806130528450012,0.588642477989197
-0.696623623371124,-0.104003697633743,1.34225285053253,0.0513104908168315,0.0305878743529319,0.805489122867584,0.589592158794403
-0.696469247341156,-0.104210145771503,1.34210312366486,0.0506295785307884,0.030144840478897,0.805499672889709,0.589659631252289
-0.696300089359283,-0.104318380355835,1.34201490879059,0.0503820516169071,0.0296582318842411,0.805318653583527,0.58995246887207
-0.696193516254425,-0.104622967541218,1.34192132949829,0.0498112700879573,0.0292509719729423,0.805531978607178,0.589729845523834
-0.696019887924194,-0.104626521468162,1.34185874462128,0.0496237389743328,0.0288000553846359,0.80532568693161,0.590049862861633
-0.695864975452423,-0.10476391017437,1.34176456928253,0.0491394959390163,0.0282299108803272,0.805290520191193,0.590165734291077
-0.695675671100616,-0.104865916073322,1.3416143655777,0.0486810766160488,0.0279154051095247,0.80512672662735,0.590442061424255
-0.695512115955353,-0.104969017207623,1.34149134159088,0.0483804009854793,0.0273502767086029,0.805252492427826,0.590321838855743
-0.695320904254913,-0.105078935623169,1.34131300449371,0.0478104166686534,0.0270308032631874,0.805130183696747,0.59054970741272
-0.695224285125732,-0.105196580290794,1.34122979640961,0.0470910184085369,0.0259520858526229,0.805269062519073,0.590466499328613
-0.695224285125732,-0.105196580290794,1.34122979640961,0.0470910184085369,0.0259520858526229,0.805269062519073,0.590466499328613
-0.694843947887421,-0.10538887232542,1.34090876579285,0.0458202399313449,0.0247444026172161,0.805178284645081,0.590742111206055
-0.694667458534241,-0.105478927493095,1.34074997901917,0.0452463254332542,0.0241042878478765,0.805173337459564,0.590819597244263
-0.69446849822998,-0.105561301112175,1.34059739112854,0.0447995103895664,0.0234145633876323,0.805065929889679,0.591027796268463
-0.694306492805481,-0.105666697025299,1.34041523933411,0.0440543666481971,0.0227796770632267,0.80515193939209,0.590991318225861
-0.694120347499847,-0.105692148208618,1.34032487869263,0.0435188934206962,0.021998792886734,0.805119514465332,0.591104686260223
-0.693895041942596,-0.105737149715424,1.34021353721619,0.0431169383227825,0.021199258044362,0.805179417133331,0.591081917285919
-0.693587005138397,-0.105645813047886,1.34021234512329,0.0423404201865196,0.0211785789579153,0.806050598621368,0.589950323104858
-0.693389296531677,-0.105783745646477,1.34021782875061,0.0418702624738216,0.0207092240452766,0.806197106838226,0.589800298213959
-0.693294823169708,-0.105933576822281,1.34024798870087,0.0413200370967388,0.0189429987221956,0.805087745189667,0.591411411762238
-0.693106234073639,-0.105848677456379,1.34029376506805,0.0408432446420192,0.0181375481188297,0.805085480213165,0.591472983360291
-0.692892730236053,-0.105914860963821,1.34027314186096,0.0400347001850605,0.0173703376203775,0.805159330368042,0.591450691223145
-0.692892730236053,-0.105914860963821,1.34027314186096,0.0400347001850605,0.0173703376203775,0.805159330368042,0.591450691223145
-0.692335247993469,-0.106099098920822,1.34020817279816,0.0381751582026481,0.0159267839044332,0.805274724960327,0.591457307338715
-0.692103385925293,-0.106139279901981,1.34020376205444,0.037389799952507,0.0151380067691206,0.80532693862915,0.591457068920135
-0.691854655742645,-0.106210760772228,1.34018337726593,0.0365226529538631,0.014325626194477,0.805389881134033,0.591445803642273
-0.691604912281036,-0.106277123093605,1.34021866321564,0.0357167646288871,0.0133589580655097,0.805523574352264,0.591335594654083
-0.691400587558746,-0.106296703219414,1.34026670455933,0.0353107750415802,0.0127472961321473,0.805568218231201,0.5913125872612
-0.69108110666275,-0.10634371638298,1.34021770954132,0.0344739034771919,0.0119061935693025,0.805486142635345,0.591491222381592
-0.69108110666275,-0.10634371638298,1.34021770954132,0.0344739034771919,0.0119061935693025,0.805486142635345,0.591491222381592
-0.690488040447235,-0.106588914990425,1.34003961086273,0.0326730273663997,0.010671492666006,0.805694341659546,0.591333508491516
-0.69019615650177,-0.106468714773655,1.33993279933929,0.0316979810595512,0.0098016411066055,0.805636525154114,0.591480493545532
-0.689891397953033,-0.106524102389812,1.33986699581146,0.0309303309768438,0.0091318413615226,0.805711567401886,0.591429591178894
-0.689562737941742,-0.106522798538208,1.33985114097595,0.030479859560728,0.0087008569389581,0.805733799934387,0.591429173946381
-0.689247906208038,-0.106592044234276,1.33971071243286,0.0296145174652338,0.0082156453281641,0.805750846862793,0.591456830501556
-0.688839733600616,-0.106548935174942,1.33965909481049,0.0287520661950111,0.0084382286295294,0.806866824626923,0.589972913265228
-0.688479423522949,-0.106573328375816,1.33935451507568,0.0270537845790386,0.007441172376275,0.806923806667328,0.589988827705383
-0.688306629657745,-0.106773629784584,1.33932995796204,0.0270465575158596,0.0062824222259223,0.806155145168304,0.591052412986755
-0.687958836555481,-0.106686562299728,1.33912634849548,0.0259492304176092,0.005686548538506,0.806107342243195,0.591172933578491
-0.687625825405121,-0.106735184788704,1.33913493156433,0.0254333447664976,0.0049210265278816,0.806426465511322,0.590766787528992
-0.687386035919189,-0.106754958629608,1.33918905258179,0.0249743834137916,0.0050068693235516,0.806585252285004,0.590568780899048
-0.686977863311768,-0.106695950031281,1.33913779258728,0.0248896442353725,0.004816124215722,0.807693481445312,0.589057505130768
-0.686749577522278,-0.107020661234856,1.33895254135132,0.0240876749157905,0.003888327628374,0.806879997253418,0.59021133184433
-0.686393141746521,-0.10701709985733,1.33888852596283,0.0234962292015552,0.0033843466080725,0.806826055049896,0.590312063694
-0.685978829860687,-0.10684534907341,1.33866572380066,0.0222459714859724,0.0024670185521245,0.806965470314026,0.590174436569214
-0.685632824897766,-0.106853798031807,1.33857488632202,0.0217209532856941,0.0021990209352225,0.806830883026123,0.590378999710083
-0.685380101203918,-0.106738403439522,1.3386150598526,0.0217207875102758,0.0019156846683472,0.806743919849396,0.590498864650726
-0.685080647468567,-0.10677732527256,1.33854055404663,0.0209987014532089,0.0014146458124741,0.806756913661957,0.590508639812469
-0.684705972671509,-0.106928065419197,1.33835589885712,0.0198124330490827,0.0008871547761373,0.806760430335999,0.590545952320099
-0.684380114078522,-0.10692322999239,1.33831703662872,0.0193412117660045,0.0005991528159938,0.806719839572906,0.590617179870605
-0.683946967124939,-0.106814593076706,1.33835518360138,0.0187483448535203,0.001131516881287,0.807882070541382,0.58904504776001
-0.683656275272369,-0.106959879398346,1.33841717243195,0.0187884643673896,0.0010643489658832,0.807911157608032,0.589003801345825
-0.683398187160492,-0.107013300061226,1.33842968940735,0.0183093957602977,0.000481982162455,0.808004379272461,0.588891804218292
-0.683033466339111,-0.106830924749374,1.33825159072876,0.0170838627964258,-0.0004140638629905,0.807882070541382,0.589096367359161
-0.682796955108643,-0.106945931911469,1.33816480636597,0.0167495459318161,-0.0015770818572491,0.806866466999054,0.590494334697723
-0.682483613491058,-0.106814324855804,1.33814132213593,0.0166326258331537,-0.001990717370063,0.806857883930206,0.590508043766022
-0.682009756565094,-0.106785237789154,1.33801257610321,0.0156386438757181,-0.0017133032670244,0.808061420917511,0.588888108730316
-0.681747615337372,-0.106785848736763,1.33793354034424,0.0151400733739137,-0.0021155467256903,0.808083653450012,0.588869452476501
-0.681493997573853,-0.106872543692589,1.33781409263611,0.0148090561851859,-0.0033607655204832,0.807041525840759,0.590299546718597
