x,y,z,q0,q1,q2,q3
-0.533668875694275,-0.235179364681244,1.36510729789734,-0.262498199939728,0.318329513072967,-0.579244375228882,-0.703019917011261
-0.533665180206299,-0.236647367477417,1.36501145362854,-0.262336701154709,0.318127244710922,-0.582205414772034,-0.700722098350525
-0.533675074577332,-0.237903878092766,1.36485719680786,-0.264143824577331,0.316775590181351,-0.585659265518188,-0.697771191596985
-0.533908426761627,-0.23946987092495,1.36503648757935,-0.261508464813232,0.318954169750214,-0.587999045848846,-0.695800960063934
-0.533274948596954,-0.240673527121544,1.36447310447693,-0.261871874332428,0.317754417657852,-0.590677738189697,-0.6939417719841
-0.533661901950836,-0.242220133543014,1.36467635631561,-0.261102765798569,0.318410009145737,-0.593632280826569,-0.691405355930328
-0.532930850982666,-0.243388503789902,1.36407136917114,-0.261824458837509,0.316903531551361,-0.596479177474976,-0.689371168613434
-0.53350043296814,-0.244791895151138,1.36438095569611,-0.26479697227478,0.316612869501114,-0.601682662963867,-0.683825254440308
-0.532357633113861,-0.246036738157272,1.36354684829712,-0.262699365615845,0.316732257604599,-0.603286564350128,-0.683165609836578
-0.532176554203033,-0.247466593980789,1.36330223083496,-0.263096153736115,0.317040264606476,-0.606558799743652,-0.679965019226074
-0.531680583953857,-0.24873648583889,1.36306178569794,-0.263693600893021,0.316670566797256,-0.609734237194061,-0.677059531211853
-0.531822860240936,-0.250735014677048,1.36312437057495,-0.264200925827026,0.318266898393631,-0.612829089164734,-0.673308610916138
-0.531822860240936,-0.250735014677048,1.36312437057495,-0.264200925827026,0.318266898393631,-0.612829089164734,-0.673308610916138
-0.530784428119659,-0.253454506397247,1.36240029335022,-0.265944182872772,0.318203896284103,-0.618914306163788,-0.667057037353516
-0.531193912029266,-0.254361569881439,1.36180567741394,-0.265092343091965,0.318623781204224,-0.622900307178497,-0.663475930690765
-0.529970288276672,-0.255818426609039,1.36153960227966,-0.267325401306152,0.317789644002914,-0.625538229942322,-0.660491347312927
-0.529970288276672,-0.255818426609039,1.36153960227966,-0.267325401306152,0.317789644002914,-0.625538229942322,-0.660491347312927
-0.529074609279633,-0.258200109004974,1.36075258255005,-0.26889243721962,0.318016886711121,-0.63145911693573,-0.654080748558044
-0.528706848621368,-0.259776324033737,1.36024808883667,-0.269453465938568,0.318673670291901,-0.634300589561462,-0.650772452354431
-0.528420627117157,-0.261185109615326,1.35972929000854,-0.270267516374588,0.318999260663986,-0.637233912944794,-0.647400975227356
-0.527470171451569,-0.261924028396606,1.35879373550415,-0.271517872810364,0.317608058452606,-0.640366971492767,-0.644463658332825
-0.527673840522766,-0.264038056135178,1.35878455638885,0.272237479686737,-0.319826751947403,0.643014311790466,0.640414297580719
-0.526656866073608,-0.265117824077606,1.35769891738892,0.273595720529556,-0.317807793617248,0.645654916763306,0.638179838657379
-0.526857674121857,-0.266693115234375,1.35773026943207,0.274578601121902,-0.320352226495743,0.648593425750732,0.633488476276398
-0.526448905467987,-0.267998993396759,1.35719668865204,0.275681376457214,-0.320432245731354,0.651052951812744,0.63043874502182
-0.526127994060516,-0.269299834966659,1.35670948028564,0.276487082242966,-0.320561617612839,0.653626382350922,0.627349853515625
-0.525164306163788,-0.270470052957535,1.35566365718842,0.277906328439713,-0.319423615932465,0.655828356742859,0.625000834465027
-0.525323569774628,-0.271936416625977,1.35559570789337,0.278578072786331,-0.321556150913239,0.658503711223602,0.620780766010284
-0.524854898452759,-0.273038327693939,1.35499322414398,0.279501765966415,-0.321486741304398,0.661005616188049,0.617735207080841
-0.52448707818985,-0.274096071720123,1.35448110103607,0.280233979225159,-0.321606636047363,0.663561642169952,0.614592730998993
-0.524192869663239,-0.275635331869125,1.35409510135651,0.281714022159576,-0.322502017021179,0.6660236120224,0.610771954059601
-0.523312270641327,-0.2767553627491,1.35294079780579,0.282717943191528,-0.321459263563156,0.66842520236969,0.608229041099548
-0.522824168205261,-0.278236985206604,1.35241842269897,0.284288853406906,-0.321654409170151,0.670719623565674,0.60485827922821
-0.522786378860474,-0.279374659061432,1.35216021537781,0.284864038228989,-0.322696298360825,0.673392534255981,0.601050853729248
-0.522502601146698,-0.280645579099655,1.35189306735992,0.285941392183304,-0.323203295469284,0.675862967967987,0.597483336925507
-0.521788716316223,-0.282038480043411,1.35129845142365,0.287576496601105,-0.323082864284515,0.678122878074646,0.594194233417511
-0.521695673465729,-0.283352613449097,1.35082280635834,0.28792530298233,-0.323561310768127,0.680247366428375,0.591329574584961
-0.521260857582092,-0.284065246582031,1.3502756357193,0.288891792297363,-0.323955535888672,0.683538436889648,0.586830317974091
-0.520713269710541,-0.285772323608398,1.34968674182892,0.290410578250885,-0.324364304542542,0.685707747936249,0.583313405513763
-0.520390212535858,-0.286943107843399,1.34922969341278,0.291119039058685,-0.324099987745285,0.688031792640686,0.580363035202026
-0.519258081912994,-0.287538528442383,1.34797585010529,0.292059421539307,-0.322559118270874,0.690768003463745,0.577491760253906
-0.519381463527679,-0.289217203855515,1.34807586669922,0.293236464262009,-0.324101626873016,0.693410515785217,0.572845816612244
-0.518292844295502,-0.290137529373169,1.34699952602386,0.293793022632599,-0.322156310081482,0.696153581142426,0.570325493812561
-0.517773032188416,-0.290942668914795,1.34643638134003,0.294799238443375,-0.322543352842331,0.698955118656158,0.566145718097687
-0.517785131931305,-0.292246013879776,1.34651613235474,0.295783579349518,-0.324325352907181,0.70214980840683,0.560634195804596
-0.517200827598572,-0.293652981519699,1.34595990180969,0.29680547118187,-0.323887497186661,0.704255521297455,0.557698488235474
-0.515989422798157,-0.294136762619018,1.3449798822403,0.297937035560608,-0.322193920612335,0.706922113895416,0.55469411611557
-0.516007304191589,-0.295591592788696,1.34513545036316,0.298384368419647,-0.323362618684769,0.709038496017456,0.551060616970062
-0.515368819236755,-0.29683330655098,1.3445919752121,0.299507528543472,-0.323635905981064,0.711986660957336,0.546470761299133
-0.514260172843933,-0.297307014465332,1.34355533123016,0.300694555044174,-0.322250872850418,0.714178442955017,0.543770611286163
-0.514034152030945,-0.29883736371994,1.34366428852081,0.301889091730118,-0.3234483897686,0.716301202774048,0.53958934545517
-0.513458967208862,-0.299842447042465,1.34314894676208,0.303301483392715,-0.324024081230164,0.718930661678314,0.534935116767883
-0.512125790119171,-0.30019798874855,1.34213018417358,0.304281085729599,-0.32161271572113,0.720520555973053,0.533693253993988
-0.512002229690552,-0.301813364028931,1.34226191043854,0.305606633424759,-0.32341718673706,0.722125768661499,0.529660522937775
-0.51080709695816,-0.302078902721405,1.34115815162659,0.3063924908638,-0.321136206388474,0.7238529920578,0.528234779834747
-0.509948015213013,-0.303380191326141,1.34077143669128,0.308528184890747,-0.321239769458771,0.725392520427704,0.524805963039398
-0.509307622909546,-0.304041355848312,1.34026908874512,0.309737771749496,-0.321053057909012,0.727077186107635,0.521868050098419
-0.509110391139984,-0.305297642946243,1.34031474590302,0.310538917779922,-0.322709590196609,0.728505074977875,0.518367290496826
-0.507765591144562,-0.305567979812622,1.33936750888824,0.311460196971893,-0.320699125528336,0.729789137840271,0.517254710197449
-0.507130265235901,-0.30668231844902,1.33889091014862,0.313419044017792,-0.321619957685471,0.731136083602905,0.513584494590759
-0.506329834461212,-0.307561129331589,1.3385329246521,0.314831018447876,-0.321750402450562,0.73217362165451,0.511155605316162
-0.505766451358795,-0.308316171169281,1.33808100223541,0.316031217575073,-0.322219014167786,0.733200550079346,0.508641600608826
-0.505039632320404,-0.308730095624924,1.33761620521545,0.317151933908463,-0.321878850460052,0.734196722507477,0.506718754768372
-0.504162609577179,-0.309713006019592,1.33711624145508,0.31893053650856,-0.321982830762863,0.73473984003067,0.504745364189148
-0.504146993160248,-0.310774505138397,1.33731126785278,0.319477200508118,-0.322993546724319,0.73532497882843,0.502898395061493
-0.502882957458496,-0.311235547065735,1.336305975914,0.320929408073425,-0.321832090616226,0.735808730125427,0.502009987831116
-0.502274572849274,-0.311787188053131,1.33587300777435,0.322182387113571,-0.322256416082382,0.736485838890076,0.499937951564789
-0.50165194272995,-0.311935395002365,1.33553421497345,0.323179692029953,-0.322282552719116,0.73670506477356,0.498953461647034
-0.501524806022644,-0.312821865081787,1.33551180362701,0.32399383187294,-0.32337549328804,0.73691600561142,0.497404485940933
-0.500793516635895,-0.314055204391479,1.33506655693054,0.326055884361267,-0.323926866054535,0.736865758895874,0.49576997756958
-0.500328242778778,-0.314612060785294,1.33468699455261,0.326881796121597,-0.324123591184616,0.737183392047882,0.494623959064484
-0.500328242778778,-0.314612060785294,1.33468699455261,0.326881796121597,-0.324123591184616,0.737183392047882,0.494623959064484
-0.49875807762146,-0.314842373132706,1.33335816860199,0.328695237636566,-0.322584092617035,0.738011658191681,0.493191421031952
-0.498586982488632,-0.315688490867615,1.33328938484192,0.329528987407684,-0.323399275541305,0.738245606422424,0.491749048233032
-0.498440474271774,-0.316323935985565,1.33354592323303,0.330591142177582,-0.324279397726059,0.738613665103912,0.489900290966034
-0.498009413480759,-0.316706031560898,1.33323156833649,0.331391006708145,-0.324119180440903,0.73894590139389,0.488963961601257
-0.497465789318085,-0.317280292510986,1.3328355550766,0.332177639007568,-0.323896646499634,0.739282071590424,0.488068610429764
-0.497112840414047,-0.31784051656723,1.33267796039581,0.333393543958664,-0.32425981760025,0.739524364471436,0.486629456281662
-0.496649265289307,-0.318173706531525,1.33257830142975,0.334063172340393,-0.323418825864792,0.739658355712891,0.486526131629944
-0.496302157640457,-0.318640649318695,1.33203744888306,0.335825979709625,-0.323492914438248,0.740231335163116,0.484387278556824
-0.495869308710098,-0.319102227687836,1.33170890808105,0.336783409118652,-0.323521733283997,0.740535855293274,0.483236342668533
-0.495869308710098,-0.319102227687836,1.33170890808105,0.336783409118652,-0.323521733283997,0.740535855293274,0.483236342668533
-0.495162576436996,-0.319841802120209,1.33131587505341,0.338641405105591,-0.323303759098053,0.741033613681793,0.481317043304443
-0.494770914316177,-0.320259213447571,1.33094966411591,0.339506894350052,-0.323415547609329,0.741343140602112,0.480153948068619
-0.494374483823776,-0.320576727390289,1.33072435855865,0.340039998292923,-0.322957187891006,0.741403639316559,0.479991942644119
-0.494041472673416,-0.320866197347641,1.33047235012054,0.340726286172867,-0.322964370250702,0.741734087467194,0.478988945484161
-0.493807792663574,-0.321089744567871,1.33028674125671,0.341378301382065,-0.322916030883789,0.74230170249939,0.477675974369049
-0.493472158908844,-0.321485906839371,1.33008050918579,0.342268794775009,-0.324088275432587,0.742457985877991,0.475998967885971
-0.493196725845337,-0.321708798408508,1.32992911338806,0.343326300382614,-0.323600679636002,0.742963254451752,0.47477912902832
-0.493196725845337,-0.321708798408508,1.32992911338806,0.343326300382614,-0.323600679636002,0.742963254451752,0.47477912902832
-0.492810368537903,-0.322145044803619,1.32951390743256,0.344420880079269,-0.323673039674759,0.743912935256958,0.472444266080856
-0.492486566305161,-0.32246458530426,1.32929480075836,0.344753861427307,-0.324106991291046,0.743971168994904,0.4718117415905
-0.492167145013809,-0.322643280029297,1.32912743091583,0.345259815454483,-0.324218064546585,0.744082510471344,0.471189469099045
-0.492167145013809,-0.322643280029297,1.32912743091583,0.345259815454483,-0.324218064546585,0.744082510471344,0.471189469099045
-0.49160686135292,-0.323079943656921,1.32888221740723,0.346041053533554,-0.323698848485947,0.744543015956879,0.470245122909546
-0.491388559341431,-0.323322385549545,1.32876348495483,0.345794200897217,-0.322624772787094,0.745098292827606,0.470285266637802
-0.491218537092209,-0.323456168174744,1.32861864566803,0.346043884754181,-0.322616934776306,0.745319962501526,0.469755589962006
-0.491252183914185,-0.323615878820419,1.32856547832489,0.347849637269974,-0.324214726686478,0.745595812797546,0.4668750166893
-0.490983456373215,-0.323733568191528,1.32847678661346,0.348155677318573,-0.324145257472992,0.745700240135193,0.466528356075287
-0.490869343280792,-0.323842942714691,1.32844614982605,0.348549991846085,-0.323943704366684,0.745983362197876,0.465920865535736
-0.490658193826675,-0.324221521615982,1.32834029197693,0.348984062671661,-0.323997318744659,0.746145665645599,0.46529832482338
-0.490658193826675,-0.324221521615982,1.32834029197693,0.348984062671661,-0.323997318744659,0.746145665645599,0.46529832482338
-0.490417152643204,-0.324454724788666,1.32821226119995,0.348854064941406,-0.323208004236221,0.74666827917099,0.465106397867203
-0.490395128726959,-0.324256062507629,1.32823252677917,0.349219471216202,-0.323446065187454,0.74718564748764,0.463834285736084
-0.490338116884232,-0.324320495128632,1.32824766635895,0.349312424659729,-0.323329329490662,0.747461259365082,0.463401347398758
-0.490263879299164,-0.324471324682236,1.32821083068848,0.349475234746933,-0.323181986808777,0.747746288776398,0.462921440601349
-0.490263879299164,-0.324471324682236,1.32821083068848,0.349475234746933,-0.323181986808777,0.747746288776398,0.462921440601349
-0.490232646465302,-0.324520319700241,1.32836270332336,0.349686056375503,-0.322862595319748,0.748215079307556,0.462226778268814
-0.490280628204346,-0.324513018131256,1.32841062545776,0.34952387213707,-0.322605609893799,0.748692274093628,0.461756139993668
-0.490244925022125,-0.324574768543243,1.32839846611023,0.349488079547882,-0.322409451007843,0.748903810977936,0.461577028036117
-0.49025696516037,-0.324622422456741,1.32847392559052,0.349371790885925,-0.32220333814621,0.749053061008453,0.461566984653473
-0.490399748086929,-0.324555575847626,1.32865393161774,0.349179655313492,-0.322073608636856,0.74928879737854,0.461420208215714
-0.490397900342941,-0.324598729610443,1.32867288589478,0.348606377840042,-0.321304142475128,0.749273955821991,0.462413042783737
-0.490518599748611,-0.324528694152832,1.32882475852966,0.348412066698074,-0.321144938468933,0.749383389949799,0.462492704391479
-0.490537762641907,-0.324524998664856,1.32883167266846,0.348198145627975,-0.320888012647629,0.749420940876007,0.462771415710449
-0.490612119436264,-0.324469327926636,1.32890927791595,0.348425388336182,-0.321187108755112,0.749615669250488,0.462076723575592
-0.490876913070679,-0.324387580156326,1.32908868789673,0.348012655973434,-0.320695072412491,0.749939501285553,0.462204307317734
-0.49065425992012,-0.32435217499733,1.32908260822296,0.347753286361694,-0.320499539375305,0.749663531780243,0.462981998920441
-0.490780740976334,-0.324263542890549,1.32916724681854,0.34720116853714,-0.319917261600494,0.749430954456329,0.464174062013626
-0.490964472293854,-0.324097126722336,1.32921624183655,0.347039461135864,-0.319192916154861,0.74972802400589,0.464313954114914
-0.491094887256622,-0.324039220809937,1.32932150363922,0.346388161182404,-0.319359451532364,0.74949049949646,0.465068727731705
-0.49139067530632,-0.323842465877533,1.32952189445496,0.345907181501388,-0.319155186414719,0.749602675437927,0.465386003255844
-0.491630434989929,-0.323740154504776,1.32963490486145,0.34537211060524,-0.319062471389771,0.749655425548553,0.465761929750443
-0.491869449615479,-0.32352277636528,1.32976484298706,0.345214515924454,-0.319457203149795,0.749833405017853,0.465321391820908
-0.492067813873291,-0.323356181383133,1.32988727092743,0.344738215208054,-0.319282382726669,0.749883472919464,0.46571359038353
-0.492300182580948,-0.323215335607529,1.33015561103821,0.344396442174911,-0.31922236084938,0.749850451946259,0.4660604596138
-0.492503643035889,-0.323145300149918,1.33020997047424,0.343925803899765,-0.319086253643036,0.749818682670593,0.466552257537842
-0.492812663316727,-0.32296022772789,1.33044147491455,0.343580901622772,-0.318953901529312,0.74986457824707,0.466822922229767
-0.493076086044312,-0.322726011276245,1.33073425292969,0.343286275863647,-0.318934947252274,0.749647080898285,0.467401623725891
-0.4932861328125,-0.322522312402725,1.33083844184875,0.342938870191574,-0.318742454051971,0.749523401260376,0.467985957860947
-0.493590861558914,-0.322332412004471,1.3310399055481,0.342578679323196,-0.318710446357727,0.749361455440521,0.468530654907227
-0.493812501430511,-0.322049796581268,1.33121871948242,0.342102140188217,-0.318480938673019,0.749120652675629,0.469419181346893
-0.49412477016449,-0.321862518787384,1.33123016357422,0.341455459594727,-0.318574070930481,0.748736083507538,0.470439165830612
-0.494310915470123,-0.322206318378448,1.33136165142059,0.34104311466217,-0.318363398313522,0.748063325881958,0.471948653459549
-0.494609743356705,-0.321945875883102,1.33148300647736,0.340418070554733,-0.318333774805069,0.747730910778046,0.472945630550385
-0.494987398386002,-0.321164548397064,1.33178019523621,0.338571041822433,-0.316743493080139,0.747659981250763,0.475444674491882
-0.495441198348999,-0.320854961872101,1.33192729949951,0.339465588331222,-0.318212151527405,0.747225344181061,0.474508583545685
-0.495826929807663,-0.320642799139023,1.33220016956329,0.339007705450058,-0.318355292081833,0.74666827917099,0.475615799427032
-0.496148854494095,-0.320448517799377,1.33244931697845,0.338527679443359,-0.318418800830841,0.74605929851532,0.476869076490402
-0.496445268392563,-0.320715427398682,1.33266663551331,0.338459461927414,-0.318716585636139,0.745177328586578,0.478096067905426
-0.496849894523621,-0.320404648780823,1.33294260501862,0.337441295385361,-0.318342626094818,0.744439423084259,0.480209797620773
-0.497233748435974,-0.319615602493286,1.33306741714478,0.336482554674149,-0.318045437335968,0.743775486946106,0.482104480266571
-0.497582346200943,-0.319364547729492,1.33335423469543,0.336433738470078,-0.318727731704712,0.742833077907562,0.483139872550964
-0.498025625944138,-0.318987965583801,1.33344507217407,0.335866689682007,-0.318480581045151,0.742220044136047,0.484637171030045
-0.498377114534378,-0.319282054901123,1.33385527133942,0.336011618375778,-0.319047510623932,0.740850806236267,0.486256122589111
-0.498568147420883,-0.319069564342499,1.33413338661194,0.335370868444443,-0.319581359624863,0.739197432994843,0.488857209682465
-0.499102294445038,-0.318266123533249,1.33451008796692,0.334515661001205,-0.319321841001511,0.738130807876587,0.491218745708466
-0.499567866325378,-0.317952036857605,1.33491063117981,0.333343029022217,-0.31894850730896,0.736564993858337,0.494597315788269
-0.499960422515869,-0.317598640918732,1.33524215221405,0.333538740873337,-0.319629400968552,0.734934031963348,0.496448308229446
-0.500296175479889,-0.317304015159607,1.33558034896851,0.332915991544724,-0.319666147232056,0.733102381229401,0.499541163444519
-0.500777304172516,-0.317013084888458,1.33592140674591,0.332227677106857,-0.319744557142258,0.731372892856598,0.50247585773468
-0.501208186149597,-0.316647857427597,1.33629655838013,0.331057876348495,-0.319048911333084,0.729524612426758,0.506361901760101
-0.501570463180542,-0.316314578056335,1.33666706085205,0.33102959394455,-0.319562673568726,0.727541625499725,0.50890326499939
-0.502088844776154,-0.315954506397247,1.33717703819275,0.330156534910202,-0.319676220417023,0.725761353969574,0.511932015419006
-0.503461837768555,-0.315683901309967,1.3371741771698,0.328148126602173,-0.320947259664536,0.723975956439972,0.514947295188904
-0.50400573015213,-0.315307259559631,1.33762860298157,0.32693275809288,-0.320628106594086,0.721847891807556,0.518891215324402
-0.504432618618011,-0.314819455146789,1.33802044391632,0.327153295278549,-0.320821166038513,0.719630062580109,0.521706163883209
-0.504089593887329,-0.314371705055237,1.33832991123199,0.327252000570297,-0.320004820823669,0.71675568819046,0.526084125041962
-0.505204558372498,-0.313969016075134,1.33894073963165,0.325952261686325,-0.321096390485763,0.714529812335968,0.529244124889374
-0.505717396736145,-0.313528448343277,1.33934044837952,0.325174778699875,-0.321113586425781,0.712085902690887,0.532992720603943
-0.506096482276917,-0.31296169757843,1.33975315093994,0.324647188186646,-0.320715039968491,0.709432661533356,0.537076771259308
-0.506465077400208,-0.312369018793106,1.34011912345886,0.324144840240479,-0.321177363395691,0.707200169563293,0.540040135383606
-0.506816923618317,-0.311846882104874,1.34061312675476,0.323789358139038,-0.321104258298874,0.704434275627136,0.543898105621338
-0.507245659828186,-0.311313569545746,1.34094727039337,0.322549790143967,-0.320527762174606,0.701256215572357,0.549056887626648
-0.507840573787689,-0.310877025127411,1.34133124351501,0.322360515594482,-0.321590572595596,0.698797106742859,0.551675498485565
-0.508310198783875,-0.310180276632309,1.34171330928802,0.321742177009583,-0.321500390768051,0.695979058742523,0.555637180805206
-0.507871568202972,-0.30951327085495,1.342440366745,0.322255998849869,-0.320232838392258,0.691814243793488,0.561244249343872
-0.508211493492126,-0.308922499418259,1.34285628795624,0.321617484092712,-0.32016521692276,0.688595235347748,0.565590977668762
-0.508922100067139,-0.308277577161789,1.34309303760529,0.321052402257919,-0.320602685213089,0.686207711696625,0.568558096885681
-0.509397983551025,-0.307755768299103,1.34363579750061,0.32032036781311,-0.321054548025131,0.682672202587128,0.572955071926117
-0.509907066822052,-0.307272017002106,1.34408318996429,0.31922635436058,-0.321034669876099,0.678657829761505,0.578320741653442
-0.510588407516479,-0.306556761264801,1.34451031684875,0.318659871816635,-0.321603208780289,0.675899088382721,0.581539213657379
-0.510927081108093,-0.305911064147949,1.34500205516815,0.318209290504456,-0.321771562099457,0.672268033027649,0.585885345935822
-0.511525750160217,-0.305267512798309,1.34521448612213,0.316834270954132,-0.321876794099808,0.668051481246948,0.591370284557343
-0.51209032535553,-0.305229634046555,1.34568977355957,0.317120611667633,-0.32257878780365,0.664649724960327,0.594658076763153
-0.512841880321503,-0.304468989372253,1.34646821022034,0.316660642623901,-0.323363870382309,0.661000728607178,0.598531484603882
-0.513533771038055,-0.30353781580925,1.34679400920868,0.31565997004509,-0.323809623718262,0.65742439031601,0.602743148803711
-0.513708055019379,-0.30259895324707,1.34737181663513,0.314953863620758,-0.324161797761917,0.65311473608017,0.607589244842529
-0.514409422874451,-0.302002936601639,1.34763562679291,0.313747256994247,-0.32451456785202,0.648895442485809,0.612525880336761
-0.514965891838074,-0.301927268505096,1.34815335273743,0.313827276229858,-0.325251549482346,0.644659161567688,0.616553723812103
-0.515677332878113,-0.301030725240707,1.34863078594208,0.312708765268326,-0.325626224279404,0.640764832496643,0.620968222618103
-0.516260981559753,-0.300009727478027,1.34934675693512,0.311977207660675,-0.326102286577225,0.636782467365265,0.625168442726135
-0.516643047332764,-0.299248903989792,1.34955406188965,0.310879111289978,-0.326182425022125,0.632479429244995,0.630023062229156
-0.517217516899109,-0.298584699630737,1.34992802143097,-0.310005247592926,0.326555371284485,-0.628262341022491,-0.634464263916016
-0.517849862575531,-0.297958850860596,1.35043239593506,-0.308996617794037,0.327211797237396,-0.623926281929016,-0.63888156414032
-0.518581986427307,-0.297270685434341,1.35094165802002,-0.307937443256378,0.327736496925354,-0.619991362094879,-0.642941892147064
-0.519104361534119,-0.296957463026047,1.35131978988647,-0.307080656290054,0.328024446964264,-0.615483105182648,-0.647519946098328
-0.519774854183197,-0.296182334423065,1.35170423984528,-0.305686563253403,0.328324347734451,-0.611359417438507,-0.651919186115265
-0.520532369613647,-0.295126914978027,1.35203635692596,-0.304031223058701,0.327991247177124,-0.607849359512329,-0.656129658222198
-0.521175980567932,-0.294373750686646,1.35274493694305,-0.302030026912689,0.32826229929924,-0.603930830955505,-0.660522162914276
-0.522043287754059,-0.29391148686409,1.35312569141388,-0.300492584705353,0.328253149986267,-0.600246429443359,-0.664573848247528
-0.521961212158203,-0.29289186000824,1.35304439067841,-0.299270063638687,0.326073944568634,-0.596583306789398,-0.669478595256805
-0.523475646972656,-0.292359113693237,1.3541111946106,-0.296182602643967,0.327556878328323,-0.593545258045197,-0.672819674015045
-0.524485111236572,-0.291337519884109,1.35470342636108,-0.293122291564941,0.327356964349747,-0.590916872024536,-0.676560521125793
-0.52528965473175,-0.290789693593979,1.35524320602417,-0.291043490171432,0.326905101537704,-0.587826907634735,-0.680357456207275
-0.526262402534485,-0.289830714464188,1.35575914382935,-0.28787761926651,0.326640754938126,-0.585335195064545,-0.683970212936401
-0.527046382427216,-0.288886547088623,1.35626316070557,-0.285035938024521,0.325866639614105,-0.582902908325195,-0.687597155570984
-0.527634382247925,-0.288046061992645,1.35694348812103,-0.282021343708038,0.325632870197296,-0.580244898796082,-0.691189765930176
-0.528483688831329,-0.287398159503937,1.35740721225739,-0.279568076133728,0.324999660253525,-0.578235983848572,-0.694161415100098
-0.529300212860107,-0.286503553390503,1.35791897773743,-0.277008146047592,0.324620336294174,-0.576347708702087,-0.696930110454559
-0.530129790306091,-0.285799831151962,1.35843002796173,-0.27455735206604,0.323918104171753,-0.57483583688736,-0.699470639228821
-0.530875384807587,-0.284447550773621,1.35878539085388,-0.271715849637985,0.322625905275345,-0.573777079582214,-0.702042043209076
-0.531677067279816,-0.283903181552887,1.35930192470551,-0.269863188266754,0.322493404150009,-0.572301506996155,-0.70401918888092
-0.532015144824982,-0.282514631748199,1.35972428321838,-0.267248600721359,0.321138918399811,-0.571044087409973,-0.706651926040649
-0.532557487487793,-0.281948775053024,1.36010444164276,-0.265481203794479,0.32150873541832,-0.569672763347626,-0.708254873752594
-0.53315669298172,-0.281070590019226,1.36048519611359,-0.263695806264877,0.321309179067612,-0.568602323532104,-0.70987069606781
-0.533831357955933,-0.280192106962204,1.36087322235107,-0.262362331151962,0.321378856897354,-0.567853391170502,-0.710931956768036
-0.533831357955933,-0.280192106962204,1.36087322235107,-0.262362331151962,0.321378856897354,-0.567853391170502,-0.710931956768036
-0.534734070301056,-0.278189808130264,1.36127078533173,-0.260022640228271,0.320584654808044,-0.56629604101181,-0.71338814496994
-0.535217463970184,-0.277275502681732,1.36147463321686,-0.259133130311966,0.320699036121368,-0.56569641828537,-0.714135587215424
-0.535708427429199,-0.276383280754089,1.36174809932709,-0.258143663406372,0.321433246135712,-0.565029680728912,-0.714691579341888
-0.536269187927246,-0.275460541248321,1.36195158958435,-0.257384449243545,0.322216063737869,-0.564340174198151,-0.715157628059387
-0.53676700592041,-0.274325847625732,1.36214351654053,-0.2568698823452,0.322842299938202,-0.564156115055084,-0.715205430984497
-0.537808358669281,-0.273125022649765,1.36213672161102,-0.255669414997101,0.324079006910324,-0.564418256282806,-0.714869320392609
-0.538325607776642,-0.272277295589447,1.36231756210327,-0.255343288183212,0.325650364160538,-0.564059615135193,-0.71455454826355
-0.539922654628754,-0.271361440420151,1.36223375797272,-0.253605544567108,0.328032314777374,-0.564652323722839,-0.713615417480469
-0.540615677833557,-0.270302295684814,1.36222517490387,-0.253572970628738,0.329358786344528,-0.564898550510406,-0.712820649147034
-0.539809465408325,-0.269418954849243,1.36268711090088,-0.256035804748535,0.329556286334991,-0.563945114612579,-0.712603986263275
-0.54029506444931,-0.268452972173691,1.36276173591614,-0.256148368120193,0.330994158983231,-0.564051151275635,-0.711812674999237
-0.540939390659332,-0.267608016729355,1.36276435852051,-0.25632181763649,0.332730382680893,-0.563965857028961,-0.711007833480835
-0.541557788848877,-0.266849517822266,1.36294746398926,-0.256324827671051,0.335210651159286,-0.563734173774719,-0.710024833679199
-0.542105734348297,-0.265921384096146,1.36292517185211,-0.256503343582153,0.337057650089264,-0.563812017440796,-0.709023475646973
-0.542771816253662,-0.265057176351547,1.36291670799255,-0.257129579782486,0.338734686374664,-0.564008593559265,-0.707840025424957
-0.543526411056519,-0.264498591423035,1.36297070980072,-0.257944941520691,0.340882986783981,-0.564000308513641,-0.706517517566681
-0.544120252132416,-0.263711720705032,1.36296653747559,-0.258608430624008,0.34307786822319,-0.563974857330322,-0.705231666564941
-0.544624209403992,-0.262946128845215,1.36291074752808,-0.258887052536011,0.344903022050857,-0.563671052455902,-0.704481720924377
-0.545249342918396,-0.262073636054993,1.36279940605164,-0.259012192487717,0.346884369850159,-0.563521206378937,-0.703582108020782
-0.545723557472229,-0.261350750923157,1.36279809474945,-0.259694069623947,0.348722547292709,-0.56322717666626,-0.702656865119934
-0.547629952430725,-0.260715067386627,1.36235094070435,-0.258284151554108,0.352038413286209,-0.56377637386322,-0.701081037521362
-0.546355485916138,-0.259724736213684,1.36282098293304,-0.261231124401092,0.351702690124512,-0.562497913837433,-0.701184570789337
-0.547235727310181,-0.25921693444252,1.36262810230255,-0.261116147041321,0.353961855173111,-0.562194645404816,-0.700333178043365
-0.547235727310181,-0.25921693444252,1.36262810230255,-0.261116147041321,0.353961855173111,-0.562194645404816,-0.700333178043365
-0.548138439655304,-0.257626295089722,1.36250150203705,-0.261728703975677,0.357144057750702,-0.561477720737457,-0.699062943458557
-0.548560500144958,-0.256876647472382,1.36241614818573,-0.261995524168015,0.35877513885498,-0.561029613018036,-0.698487281799316
-0.548983037471771,-0.256054610013962,1.36234176158905,-0.26203590631485,0.360491394996643,-0.560587882995605,-0.697943091392517
-0.54948878288269,-0.255218714475632,1.36238241195679,-0.262497186660767,0.361946493387222,-0.560510993003845,-0.697077810764313
-0.549892008304596,-0.254646331071854,1.36239898204803,-0.263000667095184,0.363266468048096,-0.560157299041748,-0.69648540019989
-0.550256192684174,-0.253787696361542,1.36239564418793,-0.263251811265945,0.364960312843323,-0.559761822223663,-0.695822715759277
-0.550702393054962,-0.252968966960907,1.36249279975891,-0.263902574777603,0.366122871637344,-0.560032486915588,-0.694746851921082
-0.551070034503937,-0.252198696136475,1.36252117156982,-0.264252156019211,0.367483198642731,-0.560013771057129,-0.693910300731659
-0.550917863845825,-0.251254498958588,1.3627290725708,-0.265003800392151,0.367983847856522,-0.559710025787354,-0.69360339641571
-0.551587998867035,-0.250507533550262,1.3625990152359,-0.265062034130096,0.369434267282486,-0.559962868690491,-0.692605197429657
-0.551874458789825,-0.249678552150726,1.36267614364624,-0.265538185834885,0.370307236909866,-0.56049120426178,-0.691528499126434
-0.552079796791077,-0.248859703540802,1.36271452903748,-0.265897274017334,0.371268659830093,-0.560779094696045,-0.690641164779663
-0.552242338657379,-0.248180717229843,1.36280703544617,-0.266530036926269,0.372219204902649,-0.561069428920746,-0.689648926258087
-0.552452564239502,-0.247258558869362,1.36277997493744,-0.266421586275101,0.372960984706879,-0.561609268188477,-0.688850402832031
-0.552609860897064,-0.246524944901466,1.36297690868378,-0.267111033201218,0.373849928379059,-0.562113583087921,-0.687689244747162
-0.552676618099213,-0.245399013161659,1.36302018165588,-0.267403990030289,0.374150961637497,-0.562955260276794,-0.686722338199615
-0.552849054336548,-0.244774177670479,1.36313235759735,-0.268056511878967,0.374498456716537,-0.563711702823639,-0.68565708398819
-0.55289363861084,-0.243890911340714,1.36325824260712,-0.268189013004303,0.375072449445724,-0.564549565315247,-0.684601545333862
-0.55296802520752,-0.243032872676849,1.36336636543274,-0.268664628267288,0.375481605529785,-0.56561279296875,-0.683311879634857
-0.55296802520752,-0.243032872676849,1.36336636543274,-0.268664628267288,0.375481605529785,-0.56561279296875,-0.683311879634857
-0.553098797798157,-0.241175070405006,1.36375021934509,-0.268830090761185,0.3763068318367,-0.567852973937988,-0.68093067407608
-0.553274869918823,-0.240572690963745,1.36388885974884,-0.269885957241058,0.376645267009735,-0.56927502155304,-0.679136097431183
-0.553345680236816,-0.239676684141159,1.36395978927612,-0.269950717687607,0.376599192619324,-0.570674240589142,-0.677960634231567
-0.55327045917511,-0.238906770944595,1.36422991752625,-0.270080506801605,0.376844316720963,-0.571859896183014,-0.676772654056549
-0.553326070308685,-0.238063246011734,1.36435890197754,-0.270164221525192,0.376872926950455,-0.573325514793396,-0.675482094287872
-0.553384363651276,-0.237147763371468,1.3644015789032,-0.270459085702896,0.376434952020645,-0.57510370016098,-0.674095332622528
-0.553389728069305,-0.236352175474167,1.36455845832825,-0.270612359046936,0.376532554626465,-0.576667785644531,-0.672641515731812
-0.553286731243134,-0.235698670148849,1.3647335767746,-0.270392805337906,0.376745939254761,-0.577922463417053,-0.671532571315765
-0.553245425224304,-0.234757378697395,1.36479687690735,-0.270805537700653,0.375998347997665,-0.57976907491684,-0.670192062854767
-0.553175449371338,-0.233888939023018,1.36493909358978,-0.271218776702881,0.375420123338699,-0.581626832485199,-0.668737947940826
-0.55312979221344,-0.233108684420586,1.36500310897827,-0.271348148584366,0.375030487775803,-0.583454728126526,-0.667310297489166
-0.553109347820282,-0.23237332701683,1.36518907546997,-0.271342635154724,0.375083297491074,-0.584992527961731,-0.665935099124908
-0.553072333335876,-0.231572389602661,1.3653804063797,-0.271475583314896,0.374829679727554,-0.586685836315155,-0.664532482624054
-0.552972435951233,-0.230648756027222,1.36538052558899,-0.271670997142792,0.374011307954788,-0.58857524394989,-0.663241803646088
-0.552869021892548,-0.229905039072037,1.36555826663971,-0.271650642156601,0.373869925737381,-0.59006679058075,-0.66200315952301
-0.552830874919891,-0.229083567857742,1.36569595336914,-0.271661639213562,0.373471111059189,-0.591751217842102,-0.660719215869904
-0.552801907062531,-0.228312969207764,1.3657511472702,-0.271617233753204,0.373093992471695,-0.593555629253387,-0.659330487251282
-0.552803039550781,-0.227520540356636,1.36592793464661,-0.271632224321365,0.37291631102562,-0.595165312290192,-0.65797233581543
-0.55271714925766,-0.226674109697342,1.36604177951813,-0.271894514560699,0.372610300779343,-0.596792101860046,-0.656562387943268
-0.55271714925766,-0.226674109697342,1.36604177951813,-0.271894514560699,0.372610300779343,-0.596792101860046,-0.656562387943268
-0.552620112895966,-0.225056499242783,1.36634600162506,-0.271994590759277,0.371771812438965,-0.600021660327911,-0.654048085212708
-0.552543580532074,-0.224019140005112,1.36647462844849,-0.271949589252472,0.371213018894196,-0.601688027381897,-0.652852237224579
-0.552487909793854,-0.223155498504639,1.36652755737305,-0.271904766559601,0.371047228574753,-0.603119254112244,-0.651643395423889
-0.552516460418701,-0.222628310322762,1.36664927005768,-0.272560358047485,0.370880722999573,-0.604560434818268,-0.650127112865448
-0.552370965480804,-0.22182010114193,1.36674857139587,-0.273032665252685,0.370468080043793,-0.606107473373413,-0.648722171783447
-0.552196383476257,-0.220662295818329,1.3668897151947,-0.273278445005417,0.369702458381653,-0.607673346996307,-0.647589385509491
-0.552098393440247,-0.220062434673309,1.36706852912903,-0.2740678191185,0.369457185268402,-0.609095931053162,-0.646057605743408
-0.552049160003662,-0.219272390007973,1.36715757846832,-0.274527698755264,0.369236826896667,-0.610547125339508,-0.644616901874542
-0.55208033323288,-0.218430668115616,1.36729502677917,-0.274915337562561,0.369045227766037,-0.612090647220612,-0.643095850944519
-0.551889181137085,-0.217565566301346,1.3674521446228,-0.275638788938522,0.368783175945282,-0.613376259803772,-0.641710102558136
-0.551739573478699,-0.216494187712669,1.3675788640976,-0.276079475879669,0.368698716163635,-0.614807307720184,-0.640198051929474
-0.551779627799988,-0.215823292732239,1.36777436733246,-0.276935935020447,0.368767589330673,-0.616277158260345,-0.638372659683228
-0.551616966724396,-0.214893847703934,1.36787807941437,-0.277776032686234,0.368631899356842,-0.617686688899994,-0.63672149181366
-0.551575779914856,-0.213998198509216,1.36807465553284,-0.278680145740509,0.368862926959991,-0.619102954864502,-0.634814262390137
-0.551507711410522,-0.213070914149284,1.36834919452667,-0.279759705066681,0.368982315063477,-0.620532095432281,-0.632871627807617
-0.551367163658142,-0.212097972631454,1.36836981773376,-0.279695928096771,0.368167489767075,-0.621513545513153,-0.632411241531372
-0.551386535167694,-0.21120023727417,1.36869668960571,-0.281988114118576,0.369598597288132,-0.623563528060913,-0.628528654575348
-0.551257431507111,-0.210224747657776,1.36881685256958,-0.28325605392456,0.369854509830475,-0.625104486942291,-0.626273155212402
-0.551197409629822,-0.209144592285156,1.36894154548645,0.284399926662445,-0.370591759681702,0.626641690731049,0.623777806758881
-0.550932049751282,-0.208001285791397,1.36903285980225,0.285618871450424,-0.370944976806641,0.628158867359161,0.621480882167816
-0.550850629806519,-0.207054376602173,1.3691623210907,0.287400484085083,-0.371942967176437,0.629730522632599,0.618465006351471
-0.550890624523163,-0.206064969301224,1.36930441856384,0.289051026105881,-0.372778713703156,0.631585597991943,0.61529278755188
-0.550417363643646,-0.204987823963165,1.3693813085556,0.291242599487305,-0.373006403446198,0.633120775222778,0.612537562847137
-0.550725221633911,-0.204393804073334,1.36964273452759,0.293885678052902,-0.375009387731552,0.634869813919067,0.608226597309113
-0.550413489341736,-0.203035727143288,1.36957943439484,0.295101821422577,-0.375786244869232,0.636393904685974,0.605559587478638
-0.550378978252411,-0.202029824256897,1.36973559856415,0.297088831663132,-0.376686990261078,0.638145089149475,0.602176010608673
-0.550306558609009,-0.200950145721435,1.36976909637451,0.298246711492538,-0.376806795597076,0.639305770397186,0.600294709205627
-0.550069272518158,-0.199851930141449,1.36977910995483,0.301125437021255,-0.37786203622818,0.641546726226807,0.595786690711975
-0.54986560344696,-0.198968484997749,1.36986017227173,0.304214745759964,-0.379538953304291,0.642970740795135,0.591601550579071
-0.549740195274353,-0.198006153106689,1.36982321739197,0.306418538093567,-0.380693197250366,0.644632160663605,0.587902903556824
-0.548877477645874,-0.196318760514259,1.36930108070374,0.308786064386368,-0.379904270172119,0.646300077438354,0.58533775806427
-0.549392998218536,-0.195402264595032,1.36981189250946,0.309496104717255,-0.38155409693718,0.647442877292633,0.58262026309967
-0.549311816692352,-0.194432348012924,1.36983299255371,0.312994480133057,-0.383486539125443,0.649669528007507,0.576976716518402
-0.54911732673645,-0.193189829587936,1.36989653110504,0.315307676792145,-0.384733319282532,0.651107549667358,0.573254108428955
-0.549084722995758,-0.192135617136955,1.37002837657928,0.317064195871353,-0.38558691740036,0.65246570110321,0.570159196853638
-0.548895478248596,-0.190996319055557,1.37006890773773,0.319387346506119,-0.386471092700958,0.654050886631012,0.566435873508453
-0.548855781555176,-0.189862042665482,1.37021148204803,0.322211235761642,-0.388185262680054,0.65586644411087,0.561543941497803
-0.548840343952179,-0.188754945993423,1.37015128135681,0.323932707309723,-0.388753145933151,0.656917452812195,0.558925747871399
-0.548786163330078,-0.187739580869675,1.37029695510864,0.326409876346588,-0.390365988016128,0.658790647983551,0.55413544178009
-0.548703968524933,-0.186549454927444,1.37041962146759,0.327451348304748,-0.390162736177444,0.659809589385986,0.552449226379395
-0.548703968524933,-0.186549454927444,1.37041962146759,0.327451348304748,-0.390162736177444,0.659809589385986,0.552449226379395
-0.548614025115967,-0.184276312589645,1.37025928497314,0.331686615943909,-0.391388028860092,0.662575006484985,0.545704901218414
-0.548582136631012,-0.183248370885849,1.37020838260651,0.334207564592361,-0.392789781093597,0.663725554943085,0.541747093200684
-0.548472881317139,-0.18206749856472,1.37025833129883,0.336110174655914,-0.393149465322495,0.665201246738434,0.538489401340485
-0.548368334770203,-0.18106934428215,1.36997139453888,0.338347166776657,-0.393927723169327,0.665734350681305,0.535854637622833
-0.548245251178741,-0.17997670173645,1.36990094184875,0.340517401695251,-0.394889205694199,0.667000949382782,0.532184481620789
-0.547505557537079,-0.178730264306068,1.36921942234039,0.342012107372284,-0.393282562494278,0.667562186717987,0.53171181678772
-0.547770321369171,-0.177749410271645,1.36988234519958,0.343651235103607,-0.394387483596802,0.667916774749756,0.529386043548584
-0.547916233539581,-0.176896750926971,1.36962556838989,0.345247954130173,-0.395477563142776,0.66855651140213,0.526719689369202
-0.547916233539581,-0.176896750926971,1.36962556838989,0.345247954130173,-0.395477563142776,0.66855651140213,0.526719689369202
-0.546893537044525,-0.174746140837669,1.36862909793854,0.347481966018677,-0.393148064613342,0.66795152425766,0.527761101722717
-0.547527253627777,-0.17409935593605,1.36908864974976,0.347938239574432,-0.394885927438736,0.667827725410461,0.526317477226257
-0.547404527664185,-0.173301428556442,1.36925649642944,0.349518001079559,-0.394820481538773,0.667056441307068,0.526298224925995
-0.547280013561249,-0.172208622097969,1.36911284923553,0.349606484174728,-0.394180834293365,0.666324079036713,0.52764493227005
-0.547233462333679,-0.171456009149551,1.36891329288483,0.349541932344437,-0.393711000680923,0.665146231651306,0.529521107673645
-0.547297596931458,-0.170574560761452,1.3690367937088,0.349406957626343,-0.393508642911911,0.664206981658936,0.530937790870667
-0.546625435352325,-0.16958349943161,1.36822009086609,0.350508540868759,-0.391457170248032,0.662986874580383,0.533248066902161
-0.547083020210266,-0.169104531407356,1.36897599697113,0.350213050842285,-0.391813784837723,0.661366999149323,0.535188436508179
-0.547564685344696,-0.168611496686935,1.36874675750732,0.348547369241714,-0.391330242156982,0.659560263156891,0.538846790790558
-0.547686755657196,-0.167614161968231,1.36871707439423,0.348180800676346,-0.390559792518616,0.658542692661285,0.540883362293243
-0.547916114330292,-0.166846916079521,1.36885070800781,0.347352802753448,-0.389734655618668,0.657214462757111,0.543619573116302
-0.54813140630722,-0.166271328926086,1.3686717748642,0.345429688692093,-0.388341218233109,0.655336260795593,0.548091053962708
-0.548510909080505,-0.165684476494789,1.36867952346802,0.344428569078445,-0.387853294610977,0.654275834560394,0.550328969955444
-0.548927903175354,-0.165287494659424,1.36870789527893,0.344093799591064,-0.387383460998535,0.65329384803772,0.552033424377441
-0.549397885799408,-0.164731442928314,1.36873733997345,0.343960225582123,-0.387693375349045,0.65262907743454,0.552684903144836
-0.549838721752167,-0.164222121238708,1.36878490447998,0.343579858541489,-0.38782212138176,0.652469992637634,0.553018927574158
-0.550294816493988,-0.163677185773849,1.36882531642914,0.342731088399887,-0.387684345245361,0.651897370815277,0.554315865039825
-0.550778865814209,-0.163179948925972,1.36887550354004,0.342201739549637,-0.387473225593567,0.651675820350647,0.555050730705261
-0.551339983940125,-0.162680044770241,1.36898744106293,0.341641128063202,-0.387410491704941,0.651533901691437,0.555606126785278
-0.551824510097504,-0.162058234214783,1.36900889873505,0.340465664863586,-0.386946022510529,0.651129484176636,0.557123303413391
-0.552342236042023,-0.161797359585762,1.36906099319458,0.340465068817139,-0.386908650398254,0.651040136814117,0.557254254817963
-0.552853882312775,-0.161383599042892,1.36920583248138,0.340463876724243,-0.38680437207222,0.651003181934357,0.557370185852051
-0.553352534770966,-0.160769999027252,1.36923348903656,0.340471804141998,-0.38721290230751,0.651621222496033,0.556358754634857
-0.553800165653229,-0.160346895456314,1.36915946006775,0.339602619409561,-0.386561840772629,0.651832520961761,0.557094871997833
-0.554256558418274,-0.160050064325333,1.36923670768738,0.339654982089996,-0.386569976806641,0.651724100112915,0.557183802127838
-0.554741978645325,-0.159798145294189,1.36924207210541,0.339683830738068,-0.386957257986069,0.651592373847961,0.557051599025726
-0.555337905883789,-0.159684643149376,1.36943399906158,0.339815616607666,-0.387122124433517,0.652156591415405,0.556195795536041
-0.555759787559509,-0.159486010670662,1.3694816827774,0.34026300907135,-0.38725221157074,0.65255331993103,0.555365800857544
-0.555759787559509,-0.159486010670662,1.3694816827774,0.34026300907135,-0.38725221157074,0.65255331993103,0.555365800857544
-0.556724607944489,-0.158840656280517,1.36931991577148,0.339820384979248,-0.388146162033081,0.653032898902893,0.554448306560516
-0.557097613811493,-0.158657595515251,1.36926352977753,0.340542584657669,-0.388985604047775,0.653020262718201,0.553430795669556
-0.557393550872803,-0.158663973212242,1.36909484863281,0.340120136737823,-0.389785498380661,0.652732312679291,0.553467512130737
-0.557926118373871,-0.158495128154755,1.36917543411255,0.340798735618591,-0.389560967683792,0.653401374816895,0.552417635917664
-0.558277726173401,-0.158444762229919,1.36916720867157,0.340338587760925,-0.390359342098236,0.653248846530914,0.552318096160889
-0.558598339557648,-0.158376559615135,1.36912965774536,0.340308308601379,-0.390605092048645,0.653469443321228,0.551901996135712
-0.558932304382324,-0.15843354165554,1.36892545223236,0.340295642614365,-0.391047060489654,0.653618097305298,0.55142068862915
-0.559283196926117,-0.158445447683334,1.3689044713974,0.340462267398834,-0.391440004110336,0.653802454471588,0.550819933414459
-0.559632301330566,-0.158507391810417,1.36889135837555,0.340483874082565,-0.391895860433578,0.653973400592804,0.550279021263123
-0.559875667095184,-0.158832103013992,1.36889600753784,0.340954899787903,-0.392307668924332,0.654004633426666,0.549656689167023
-0.560137689113617,-0.15875381231308,1.36887049674988,0.340731024742126,-0.39264252781868,0.654122054576874,0.549416601657867
-0.560325622558594,-0.158907353878021,1.36885523796082,0.341056972742081,-0.392769753932953,0.654279768466949,0.548935413360596
-0.560114800930023,-0.158814176917076,1.36895763874054,0.341477304697037,-0.392569303512573,0.654134035110474,0.54899126291275
-0.560263872146606,-0.159212291240692,1.36895096302032,0.341913312673569,-0.392767816781998,0.65418541431427,0.54851633310318
-0.560746669769287,-0.159426495432854,1.36878073215485,0.341052711009979,-0.39367350935936,0.654270946979523,0.548300862312317
-0.560800433158875,-0.159710764884949,1.36878180503845,0.341299384832382,-0.394014090299606,0.654174089431763,0.548018157482147
-0.560847163200378,-0.159995123744011,1.36881411075592,0.341584444046021,-0.394019812345505,0.654194056987762,0.547812640666962
-0.560554146766663,-0.16010507941246,1.36900651454926,0.342385321855545,-0.393480837345123,0.6541827917099,0.5477135181427
-0.560990035533905,-0.160566568374634,1.36890316009521,0.34212002158165,-0.394065827131271,0.6544149518013,0.547181129455566
-0.561018764972687,-0.160944372415543,1.36899256706238,0.342633217573166,-0.393958568572998,0.654561817646027,0.546761572360992
-0.561015605926514,-0.161301761865616,1.36906039714813,0.34300097823143,-0.393893271684647,0.654626667499542,0.546500265598297
-0.560992658138275,-0.161768019199371,1.3689376115799,0.343470156192779,-0.39365354180336,0.65482234954834,0.546143710613251
-0.561137676239014,-0.161896139383316,1.36920142173767,0.343433737754822,-0.393707752227783,0.655164778232574,0.54571670293808
-0.561232626438141,-0.162270665168762,1.36928367614746,0.343504190444946,-0.393770098686218,0.65530127286911,0.545463502407074
-0.561254799365997,-0.162678495049477,1.36934006214142,0.343638300895691,-0.393649905920029,0.655498921871185,0.545228183269501
-0.561366379261017,-0.163122057914734,1.36949121952057,0.34398090839386,-0.393358051776886,0.655766010284424,0.544901490211487
-0.561448216438293,-0.163758158683777,1.36959743499756,0.344445675611496,-0.393245667219162,0.65587842464447,0.544553756713867
-0.560864567756653,-0.163993552327156,1.36918413639069,0.344966739416122,-0.391573429107666,0.65595418214798,0.545336961746216
-0.560901343822479,-0.164396703243256,1.36925411224365,0.344919294118881,-0.39124208688736,0.655995070934296,0.545555710792542
-0.561653316020966,-0.165047958493233,1.36986601352692,0.344046384096146,-0.39254629611969,0.65586531162262,0.545325815677643
-0.561610877513885,-0.165546759963036,1.36989450454712,0.344156056642532,-0.39188027381897,0.655782878398895,0.54583466053009
-0.561574637889862,-0.165778994560242,1.36993753910065,0.34427598118782,-0.390899747610092,0.655820727348328,0.546416401863098
-0.561456859111786,-0.166234582662582,1.37001025676727,0.343574851751328,-0.390853881835938,0.655233323574066,0.547593951225281
-0.561401903629303,-0.166724681854248,1.37018549442291,0.343251407146454,-0.3902148604393,0.6549232006073,0.548622488975525
-0.561261892318726,-0.16715769469738,1.37029898166656,0.343138635158539,-0.38934725522995,0.654580414295197,0.549717307090759
-0.561133325099945,-0.167747139930725,1.37049150466919,0.343163341283798,-0.388356596231461,0.654452264308929,0.550554633140564
-0.561017572879791,-0.168469741940498,1.37062525749207,0.343175172805786,-0.387448608875275,0.654228210449219,0.55145263671875
-0.560900449752808,-0.168965205550194,1.37080383300781,0.342792302370071,-0.386401116847992,0.654100239276886,0.552576303482056
-0.560812175273895,-0.169413581490517,1.37098920345306,0.342268526554108,-0.385153323411941,0.65421450138092,0.553635954856873
-0.560109496116638,-0.169533357024193,1.37076795101166,0.342107176780701,-0.382750302553177,0.654297113418579,0.5553018450737
-0.560744762420654,-0.170456543564796,1.37151682376862,0.341140300035477,-0.383108526468277,0.654471933841705,0.555443704128265
-0.560598433017731,-0.170738577842712,1.37176990509033,0.34036174416542,-0.381805151700974,0.654899060726166,0.556314766407013
-0.560112535953522,-0.171193897724152,1.37184417247772,0.340622574090958,-0.379861116409302,0.655076563358307,0.557276129722595
-0.560552835464478,-0.171882450580597,1.37239623069763,0.33919569849968,-0.379454910755157,0.656418800354004,0.556843757629395
-0.560646057128906,-0.172273755073547,1.3729841709137,0.338428854942322,-0.378572672605515,0.65743350982666,0.556713402271271
-0.560665428638458,-0.172678351402283,1.37342524528503,0.338215857744217,-0.377962559461594,0.65799355506897,0.556595802307129
-0.560330390930176,-0.172985941171646,1.37337803840637,0.337506026029587,-0.375950843095779,0.659378945827484,0.556749522686005
-0.560856342315674,-0.173387572169304,1.3739001750946,0.335531622171402,-0.375845164060593,0.661133944988251,0.555932402610779
-0.560944020748138,-0.173778980970383,1.37408673763275,0.334809869527817,-0.375034183263779,0.662660121917725,0.555097639560699
-0.561117708683014,-0.174365818500519,1.3743554353714,0.33410719037056,-0.374104082584381,0.664166510105133,0.554347634315491
-0.561273813247681,-0.174586355686188,1.37459623813629,0.333026945590973,-0.37350332736969,0.665587425231934,0.553698182106018
-0.561470568180084,-0.175180599093437,1.37482082843781,0.332526981830597,-0.372856676578522,0.667094707489014,0.552619457244873
-0.561704933643341,-0.1754409968853,1.37488877773285,0.330930083990097,-0.372264504432678,0.669036984443665,0.551628649234772
-0.561937153339386,-0.17591655254364,1.37505424022675,0.330148458480835,-0.371646523475647,0.670879065990448,0.550274908542633
-0.562103390693665,-0.176394492387772,1.3751665353775,0.329429894685745,-0.371046125888824,0.67270427942276,0.548880457878113
-0.562293112277985,-0.176840245723724,1.37522673606873,0.328951418399811,-0.370349854230881,0.674910724163055,0.546925723552704
-0.562516331672668,-0.177402257919311,1.37532329559326,0.32883882522583,-0.369888097047806,0.677166223526001,0.544512569904327
-0.562646567821503,-0.177586108446121,1.37520682811737,0.328029334545135,-0.369047373533249,0.679677784442902,0.542437970638275
-0.562956809997559,-0.178138643503189,1.3753137588501,0.328117966651917,-0.368964791297913,0.682317435741425,0.539116501808167
-0.563356935977936,-0.178415656089783,1.37563574314117,0.327874600887299,-0.369411081075668,0.685000121593475,0.535545229911804
-0.563694953918457,-0.178978353738785,1.37599265575409,0.328374415636063,-0.369595140218735,0.688147902488708,0.531057775020599
-0.563944458961487,-0.17923578619957,1.3757758140564,0.327299654483795,-0.369028627872467,0.691164314746857,0.528190135955811
-0.564343869686127,-0.17979907989502,1.3757997751236,0.327266067266464,-0.368895709514618,0.694397330284119,0.524047076702118
-0.564567089080811,-0.179935812950134,1.37580454349518,0.326605349779129,-0.368531465530396,0.697965145111084,0.519959926605225
-0.564586937427521,-0.180065810680389,1.37618827819824,0.32755035161972,-0.368044555187225,0.701310038566589,0.515187740325928
-0.565163433551788,-0.180608227849007,1.37610733509064,0.327253788709641,-0.368410348892212,0.704901874065399,0.510188519954681
-0.565302014350891,-0.180892795324326,1.37613761425018,0.327468723058701,-0.368122398853302,0.708679437637329,0.504998862743378
-0.565613269805908,-0.18110516667366,1.37607610225677,0.326899528503418,-0.367793530225754,0.71261602640152,0.500043094158173
-0.565834045410156,-0.181431248784065,1.37621748447418,0.327247738838196,-0.367679536342621,0.716393649578094,0.494470417499542
-0.566090881824493,-0.181905746459961,1.37633752822876,0.327705919742584,-0.367111295461655,0.720505774021149,0.488579124212265
-0.566270411014557,-0.182139337062836,1.37642645835876,0.327450305223465,-0.366648882627487,0.724784433841705,0.48273441195488
-0.566381096839905,-0.182208821177483,1.37654387950897,0.327337652444839,-0.366430103778839,0.72862434387207,0.477164387702942
-0.566690146923065,-0.182610169053078,1.37672328948975,0.327742636203766,-0.366163164377213,0.73302036523819,0.470308780670166
-0.567127823829651,-0.182712137699127,1.37686598300934,0.329844743013382,-0.363550126552582,0.738370597362518,0.462431281805038
-0.567224144935608,-0.182939678430557,1.37703931331635,0.33025997877121,-0.362925082445145,0.742593944072723,0.455815970897675
-0.567294299602509,-0.183044254779816,1.37734341621399,0.330710828304291,-0.362293630838394,0.746802628040314,0.44906535744667
-0.567351102828979,-0.183232724666595,1.37753057479858,0.331294506788254,-0.36164116859436,0.750943839550018,0.442202568054199
-0.567423462867737,-0.183328330516815,1.37769734859467,0.331598490476608,-0.3610480427742,0.755157589912415,0.435228496789932
-0.567133247852325,-0.183554381132126,1.37787532806396,0.330152660608292,-0.362724393606186,0.757968187332153,0.430017054080963
-0.567250549793243,-0.183598324656487,1.37800693511963,0.330569714307785,-0.361151993274689,0.762485504150391,0.422976106405258
-0.567250907421112,-0.183591246604919,1.37814283370972,0.330612182617188,-0.360196977853775,0.766654253005981,0.416167169809341
-0.567207336425781,-0.183610916137695,1.37828803062439,0.330914944410324,-0.359339118003845,0.770623326301575,0.409280478954315
-0.566593408584595,-0.183454379439354,1.37869334220886,0.332429349422455,-0.357217341661453,0.774358093738556,0.402810603380203
-0.566422641277313,-0.183320879936218,1.37887442111969,0.332437664270401,-0.355833441019058,0.777918815612793,0.39712730050087
-0.565893173217773,-0.183222711086273,1.37824559211731,0.332347482442856,-0.354206264019012,0.781898975372314,0.390790581703186
-0.566217660903931,-0.183295220136642,1.37889611721039,0.332155853509903,-0.353752970695496,0.785433828830719,0.384220093488693
-0.56596165895462,-0.183130025863647,1.37914752960205,0.332480818033218,-0.352311640977859,0.788687229156494,0.37855714559555
-0.565676510334015,-0.182914763689041,1.37961602210999,0.33319428563118,-0.350669711828232,0.791839480400085,0.372830629348755
-0.564743161201477,-0.182575389742851,1.37917852401733,0.333869785070419,-0.347972542047501,0.794887840747833,0.368238240480423
-0.56501179933548,-0.182088196277618,1.38004148006439,0.333044201135635,-0.348359674215317,0.797281444072723,0.363413780927658
-0.564889907836914,-0.182169616222382,1.38036584854126,0.334117442369461,-0.346411019563675,0.800366699695587,0.357460677623749
-0.564000487327576,-0.181472361087799,1.38088726997375,0.33480641245842,-0.344539016485214,0.802302002906799,0.354272812604904
-0.564258933067322,-0.181714966893196,1.38109576702118,0.335408687591553,-0.343550235033035,0.804980754852295,0.348540127277374
-0.563708424568176,-0.181229174137115,1.38143622875214,0.335625946521759,-0.342896819114685,0.806682348251343,0.345022588968277
-0.563427627086639,-0.180916503071785,1.38160824775696,0.335791856050491,-0.341923624277115,0.808503150939941,0.341547757387161
-0.563189029693604,-0.18070176243782,1.38182079792023,0.336447387933731,-0.34076777100563,0.810230374336243,0.337945818901062
-0.563047587871552,-0.180750221014023,1.3820937871933,0.337640821933746,-0.339418023824692,0.81209409236908,0.333612591028214
-0.562256932258606,-0.180409610271454,1.38238942623138,0.339192241430283,-0.337295114994049,0.813514471054077,0.33071893453598
-0.562036395072937,-0.180164307355881,1.38255643844604,0.33973154425621,-0.336809068918228,0.81466007232666,0.327828079462051
-0.562054812908173,-0.180000573396683,1.38252866268158,0.339460641145706,-0.337321192026138,0.815751135349274,0.32485556602478
-0.561821162700653,-0.179739594459534,1.38265132904053,0.340034514665604,-0.336829155683517,0.8166623711586,0.322467297315597
-0.561585009098053,-0.179460063576698,1.3828192949295,0.340649038553238,-0.336583882570267,0.817509949207306,0.319917380809784
-0.561316668987274,-0.179257124662399,1.38291811943054,0.34150755405426,-0.336176931858063,0.818114697933197,0.317877560853958
-0.561038553714752,-0.179508611559868,1.38305568695068,0.342995226383209,-0.3361976146698,0.818449556827545,0.315382242202759
-0.560854434967041,-0.179307475686073,1.38307988643646,0.343655318021774,-0.336134254932404,0.818845152854919,0.31369999051094
-0.560608506202698,-0.179154515266418,1.38310110569,0.344768911600113,-0.336094409227371,0.819033086299896,0.312025099992752
-0.560276985168457,-0.178973495960236,1.38309216499329,0.345334559679031,-0.337099432945251,0.818523585796356,0.311652183532715
-0.560319185256958,-0.178539782762527,1.38297820091248,0.34592679142952,-0.336947351694107,0.81862884759903,0.31088250875473
-0.560115218162537,-0.178471580147743,1.38294553756714,0.346964985132217,-0.337911307811737,0.817957878112793,0.310445219278336
-0.55956757068634,-0.178324490785599,1.38320064544678,0.34895595908165,-0.337460726499557,0.81741851568222,0.31012424826622
-0.559759855270386,-0.178469181060791,1.38302981853485,0.34877273440361,-0.339389562606812,0.816828012466431,0.30978137254715
-0.558941960334778,-0.178261429071426,1.38309621810913,0.349776744842529,-0.339917987585068,0.815778195858002,0.310834228992462
-0.558490216732025,-0.17836582660675,1.38216388225555,0.34985888004303,-0.340229332447052,0.815496504306793,0.311140179634094
-0.558379530906677,-0.178496420383453,1.38191962242126,0.350396364927292,-0.340563297271729,0.815206468105316,0.310930043458939
-0.558269262313843,-0.178644999861717,1.38168847560883,0.350751161575317,-0.341175109148026,0.814748704433441,0.311059027910232
-0.558269262313843,-0.178644999861717,1.38168847560883,0.350751161575317,-0.341175109148026,0.814748704433441,0.311059027910232
-0.558833181858063,-0.17905643582344,1.38196229934692,0.351208209991455,-0.343660473823547,0.813446879386902,0.311214685440063
-0.558691620826721,-0.17917788028717,1.38177692890167,0.351291745901108,-0.344591408967972,0.812580645084381,0.312351763248444
-0.558498799800873,-0.179531127214432,1.38118267059326,0.351646095514297,-0.344688981771469,0.812155663967133,0.312950015068054
-0.558502078056335,-0.17989045381546,1.38108253479004,0.352321207523346,-0.344663709402084,0.811724424362183,0.313336968421936
-0.558502197265625,-0.180088639259338,1.3808616399765,0.352218568325043,-0.345350176095963,0.810931444168091,0.314746767282486
-0.558611452579498,-0.180115535855293,1.38089311122894,0.351783692836761,-0.345965713262558,0.81012362241745,0.316631883382797
-0.558653950691223,-0.180421262979507,1.38075768947601,0.351586610078812,-0.34666708111763,0.809293925762177,0.318201571702957
-0.558694422245026,-0.180737793445587,1.3805741071701,0.351435869932175,-0.34743195772171,0.80823689699173,0.320214152336121
-0.558605790138245,-0.18095751106739,1.38028085231781,0.350937873125076,-0.347763061523438,0.807364523410797,0.322592586278915
-0.558567702770233,-0.181185781955719,1.38010096549988,0.350784420967102,-0.348170459270477,0.806353986263275,0.324839770793915
-0.5584756731987,-0.181373909115791,1.37993049621582,0.350612372159958,-0.348385870456696,0.805094480514526,0.327904343605042
-0.558420419692993,-0.181648388504982,1.37977230548859,0.350565254688263,-0.348842978477478,0.803699195384979,0.330878049135208
-0.557463884353638,-0.181755915284157,1.37889158725739,0.350993871688843,-0.348314881324768,0.801734447479248,0.335711002349854
-0.557075202465057,-0.181922942399979,1.37858140468597,0.351147890090942,-0.349019646644592,0.799381732940674,0.340395897626877
-0.556736946105957,-0.182095602154732,1.37836718559265,0.351587414741516,-0.349485486745834,0.796893358230591,0.345263868570328
-0.557033360004425,-0.182498544454575,1.37887001037598,0.351952970027924,-0.351446241140366,0.79386842250824,0.349839478731155
-0.556613624095917,-0.182663828134537,1.3787477016449,0.35265439748764,-0.35240763425827,0.790454685688019,0.355844289064407
-0.556160509586334,-0.182895630598068,1.37854170799255,0.353437304496765,-0.353071808815002,0.786981284618378,0.362053781747818
-0.555768132209778,-0.183041155338287,1.37846100330353,0.353731632232666,-0.354148745536804,0.783083379268646,0.369097620248795
-0.555109918117523,-0.183337062597275,1.37772607803345,0.354318648576736,-0.354663163423538,0.779130399227142,0.376335173845291
-0.554134964942932,-0.183361679315567,1.37717568874359,0.355546146631241,-0.354223817586899,0.775129079818726,0.383780390024185
-0.553693175315857,-0.18353645503521,1.37693107128143,0.355965256690979,-0.354564726352692,0.770675957202911,0.391958355903625
-0.553558647632599,-0.183774203062057,1.3767249584198,0.357541263103485,-0.353260695934296,0.767241954803467,0.398385435342789
-0.553019642829895,-0.184090375900268,1.37652313709259,0.355802237987518,-0.356974184513092,0.761025488376617,0.408428996801376
-0.552644491195679,-0.184413596987724,1.37648105621338,0.35650709271431,-0.35770371556282,0.755849778652191,0.416703641414642
-0.552291572093964,-0.184774562716484,1.37643909454346,0.356562256813049,-0.359157115221024,0.75012081861496,0.425662130117416
-0.552718341350555,-0.185276091098785,1.377077460289,0.356225430965424,-0.361554265022278,0.744428098201752,0.433830380439758
-0.552843928337097,-0.18559056520462,1.37714219093323,0.358310490846634,-0.359882712364197,0.740055918693542,0.440925747156143
-0.552673816680908,-0.185887724161148,1.37689626216888,0.357784509658813,-0.360680192708969,0.73432445526123,0.450186312198639
-0.552380323410034,-0.186256229877472,1.37679636478424,0.358053356409073,-0.361086338758469,0.728021681308746,0.459781378507614
-0.552156448364258,-0.186585530638695,1.37680184841156,0.357590019702911,-0.361625224351883,0.722025156021118,0.469080150127411
-0.552612364292145,-0.186921536922455,1.37690532207489,0.355998277664185,-0.362703830003738,0.716236174106598,0.478243589401245
-0.553175270557404,-0.187350824475288,1.37674272060394,0.353866964578628,-0.363814622163773,0.710584878921509,0.487325698137283
-0.553112328052521,-0.187643021345138,1.37659955024719,0.353010058403015,-0.364112854003906,0.703971922397614,0.497221767902374
-0.552948653697968,-0.188028156757355,1.37648808956146,0.351912707090378,-0.363639712333679,0.697648465633392,0.507158994674683
-0.551553905010223,-0.188317716121674,1.37633037567139,0.349247992038727,-0.363227367401123,0.690069854259491,0.519514560699463
-0.551378905773163,-0.188687741756439,1.37621653079987,0.347554236650467,-0.362607210874557,0.683665215969086,0.529456317424774
-0.550946652889252,-0.188929736614227,1.37610077857971,0.346024215221405,-0.361153721809387,0.677147448062897,0.539728343486786
-0.550676703453064,-0.189299061894417,1.37595856189728,0.344247698783875,-0.360268265008926,0.670455753803253,0.549717724323273
-0.550467610359192,-0.189832761883736,1.375847697258,0.342320442199707,-0.358992069959641,0.664189040660858,0.559280276298523
-0.550313055515289,-0.190142422914505,1.37561166286469,0.339866548776627,-0.357903450727463,0.657676041126251,0.569085419178009
-0.549481630325317,-0.190353989601135,1.37494993209839,0.338284134864807,-0.356236547231674,0.651840090751648,0.577723026275635
-0.549173712730408,-0.190766364336014,1.37468183040619,0.335997611284256,-0.354592323303223,0.645189642906189,0.587452232837677
-0.54949688911438,-0.191356018185616,1.37481546401978,0.332715660333633,-0.354341626167297,0.638705193996429,0.596488118171692
-0.54911732673645,-0.191771671175957,1.37457633018494,0.329941093921661,-0.352505624294281,0.632650792598724,0.605501234531403
-0.548690140247345,-0.192380398511887,1.3743497133255,0.328133702278137,-0.350599199533463,0.626002192497253,0.614434480667114
-0.548289120197296,-0.192954152822495,1.37416934967041,-0.326301127672195,0.348518431186676,-0.618896186351776,-0.623722970485687
-0.547995984554291,-0.193529844284058,1.37407064437866,-0.324005752801895,0.34689536690712,-0.612272620201111,-0.632302463054657
-0.547671496868134,-0.194186061620712,1.37402498722076,-0.321901082992554,0.345066696405411,-0.60563725233078,-0.640712380409241
-0.546748697757721,-0.19464085996151,1.37349164485931,-0.320036143064499,0.341651409864426,-0.599323570728302,-0.649355530738831
-0.547118425369263,-0.195456489920616,1.37396943569183,-0.3172867000103,0.341781139373779,-0.593287765979767,-0.656143486499786
-0.546795129776001,-0.196058869361877,1.37397444248199,-0.315272480249405,0.34004282951355,-0.587119698524475,-0.663524448871613
-0.546415269374847,-0.196688592433929,1.37392508983612,-0.313306957483292,0.336132645606995,-0.579164981842041,-0.673366010189056
-0.546146869659424,-0.197436809539795,1.37385785579681,-0.311536192893982,0.334410101175308,-0.573214471340179,-0.680103123188019
-0.545872867107391,-0.198118835687637,1.37387335300446,-0.308864057064056,0.332410156726837,-0.568280100822449,-0.686414182186127
-0.546889066696167,-0.198913440108299,1.37357985973358,-0.305282741785049,0.33295413851738,-0.563584744930267,-0.691604137420654
-0.546667575836182,-0.199701830744743,1.37361180782318,-0.303452998399734,0.331327259540558,-0.559058666229248,-0.696844220161438
-0.545381546020508,-0.200425624847412,1.37383997440338,-0.302931845188141,0.328390806913376,-0.554243803024292,-0.702286124229431
-0.545982658863068,-0.20110073685646,1.37369298934937,-0.300035327672958,0.328211724758148,-0.550385892391205,-0.706633806228638
-0.545623898506165,-0.202208489179611,1.37369620800018,-0.298945248126984,0.327203214168549,-0.546616792678833,-0.710478723049164
-0.544363617897034,-0.203090995550156,1.37381410598755,-0.299178600311279,0.324583679437637,-0.542082786560059,-0.71504133939743
-0.544061720371246,-0.203494399785995,1.37372863292694,-0.297728508710861,0.323294460773468,-0.539376199245453,-0.718270003795624
-0.543726801872253,-0.204861342906952,1.37371051311493,-0.296963632106781,0.322551310062408,-0.535934388637543,-0.721489906311035
-0.54310530424118,-0.205393642187119,1.37369763851166,-0.29631781578064,0.321178525686264,-0.533643960952759,-0.724060952663422
-0.542722880840302,-0.206492960453033,1.37360620498657,-0.296048551797867,0.32047900557518,-0.531290173530579,-0.726208925247192
-0.54221099615097,-0.20744377374649,1.37338304519653,-0.294921040534973,0.319908976554871,-0.529157936573029,-0.728472232818604
-0.541899681091309,-0.208183377981186,1.37320911884308,-0.294824302196503,0.318853855133057,-0.527699530124664,-0.730030179023743
-0.542711436748505,-0.209177076816559,1.37276220321655,-0.292282074689865,0.31939235329628,-0.527155101299286,-0.731209456920624
-0.541484415531158,-0.210134744644165,1.37279689311981,-0.293561011552811,0.317290037870407,-0.525134682655334,-0.733063697814941
-0.542060136795044,-0.211007475852966,1.37244296073914,-0.291115045547485,0.317659020423889,-0.524611532688141,-0.734252989292145
-0.540274083614349,-0.211952865123749,1.37237942218781,-0.292811870574951,0.315728664398193,-0.52244234085083,-0.735955655574799
-0.539598405361176,-0.212923973798752,1.37205564975739,-0.292740643024445,0.314410150051117,-0.520968794822693,-0.73759126663208
-0.539128482341766,-0.213926836848259,1.37173306941986,-0.292231202125549,0.313897162675857,-0.51942366361618,-0.739099860191345
-0.53860479593277,-0.214919805526733,1.37145292758942,-0.290089756250381,0.311212927103043,-0.518700540065765,-0.741582274436951
-0.538107097148895,-0.216029435396194,1.37108039855957,-0.29217529296875,0.312386989593506,-0.516235649585724,-0.741989731788635
-0.537351727485657,-0.21689847111702,1.37053883075714,-0.290596008300781,0.308634251356125,-0.515372753143311,-0.744775056838989
-0.537177562713623,-0.217768117785454,1.37025499343872,-0.291355162858963,0.31084805727005,-0.513516426086426,-0.74483996629715
-0.536727130413055,-0.219204425811767,1.36987400054932,-0.289513409137726,0.308091461658478,-0.512242496013641,-0.747575759887695
-0.536284267902374,-0.220246255397797,1.36949753761292,-0.289338260889053,0.307543814182281,-0.510628998279572,-0.748971402645111
-0.535971939563751,-0.221313685178757,1.36902642250061,-0.289227813482284,0.307154297828674,-0.509107291698456,-0.750208914279938
-0.535358071327209,-0.222365915775299,1.36870980262756,-0.289154380559921,0.30570313334465,-0.5074462890625,-0.751953363418579
-0.535539150238037,-0.223672270774841,1.36837959289551,-0.28853514790535,0.30573844909668,-0.506057262420654,-0.753111839294434
-0.535159945487976,-0.224718809127808,1.36800956726074,-0.288239061832428,0.305502563714981,-0.50468647480011,-0.754240036010742
-0.534983217716217,-0.225861251354218,1.36762988567352,-0.287666082382202,0.304750770330429,-0.503438413143158,-0.755595803260803
-0.534837067127228,-0.226975202560425,1.36743986606598,-0.287420302629471,0.304195880889893,-0.502330005168915,-0.756649911403656
-0.534665286540985,-0.228062719106674,1.3671555519104,-0.287926107645035,0.304691910743713,-0.50047779083252,-0.757484972476959
-0.53451269865036,-0.229068845510483,1.36703932285309,-0.286438345909119,0.303674072027206,-0.500314116477966,-0.758565068244934
-0.534474790096283,-0.230114459991455,1.36686646938324,-0.285422384738922,0.302931219339371,-0.500020086765289,-0.759438514709473
-0.534442245960236,-0.230828836560249,1.36679363250732,-0.28469306230545,0.302562206983566,-0.499854445457458,-0.759968101978302
-0.534629940986633,-0.232099801301956,1.36683297157288,-0.284224420785904,0.30314514040947,-0.499487012624741,-0.760152816772461
-0.534626722335815,-0.232989981770515,1.36677122116089,-0.285166800022125,0.304686039686203,-0.498889476060867,-0.759575963020325
-0.534676492214203,-0.233820408582687,1.36669433116913,-0.284795612096786,0.304145604372024,-0.499794840812683,-0.759336531162262
-0.53473973274231,-0.234660342335701,1.36675775051117,-0.281512200832367,0.302296131849289,-0.501628220081329,-0.760090172290802
-0.534829318523407,-0.23538601398468,1.36670243740082,-0.282846450805664,0.303454786539078,-0.502275109291077,-0.758704721927643
-0.534543454647064,-0.236113920807838,1.36671662330627,-0.279796808958054,0.300832539796829,-0.504345118999481,-0.759506165981293
-0.535111308097839,-0.236950397491455,1.36673510074615,-0.280380338430405,0.302902221679688,-0.506021499633789,-0.757350265979767
-0.535233557224274,-0.237683624029159,1.36679184436798,-0.27874755859375,0.301641196012497,-0.509049713611603,-0.756426393985748
-0.535204648971558,-0.238392770290375,1.36672973632812,-0.278548121452331,0.30153951048851,-0.511565089225769,-0.75484174489975
-0.535250842571259,-0.239033579826355,1.36669826507568,-0.275814771652222,0.298502534627914,-0.515483617782593,-0.754386603832245
-0.535259127616882,-0.239716425538063,1.36671185493469,-0.274481862783432,0.297957688570023,-0.518693149089813,-0.752886831760406
-0.535189151763916,-0.240070581436157,1.36654114723206,-0.274911940097809,0.29879829287529,-0.521698117256165,-0.750316083431244
-0.534826219081879,-0.24097253382206,1.36641585826874,-0.275284886360168,0.297459334135055,-0.525068461894989,-0.748357832431793
-0.534956991672516,-0.241684764623642,1.36644947528839,-0.274140924215317,0.297121405601501,-0.52865207195282,-0.746386408805847
-0.534849464893341,-0.242393344640732,1.36640334129333,-0.273671895265579,0.296139150857925,-0.532357573509216,-0.744312226772308
-0.534887671470642,-0.243080198764801,1.36630523204803,-0.273622959852219,0.295263379812241,-0.536354303359985,-0.741804778575897
-0.53479790687561,-0.24375806748867,1.36621010303497,-0.273116111755371,0.294499576091766,-0.540288388729095,-0.739436268806458
-0.534623026847839,-0.244160741567612,1.36606919765472,-0.272249102592468,0.293734669685364,-0.544894337654114,-0.736675441265106
-0.534562766551971,-0.245071262121201,1.36594426631927,-0.27256166934967,0.293114304542542,-0.548603475093842,-0.734049320220947
-0.534556865692139,-0.245813190937042,1.36580467224121,-0.272276490926742,0.292948335409164,-0.552609443664551,-0.731211185455322
-0.53451269865036,-0.246538132429123,1.36563587188721,-0.271869957447052,0.292971253395081,-0.556460559368134,-0.728427350521088
-0.534534394741058,-0.247278720140457,1.36534011363983,-0.27208024263382,0.292450457811356,-0.560505628585815,-0.725450575351715
-0.534442901611328,-0.248083397746086,1.36502611637115,-0.272289246320724,0.292337507009506,-0.564286053180695,-0.722480893135071
-0.534355401992798,-0.248779892921448,1.36470949649811,-0.27192497253418,0.292322397232056,-0.567940354347229,-0.719755709171295
-0.534138262271881,-0.249268293380737,1.36425197124481,-0.272128105163574,0.291977405548096,-0.571707487106323,-0.716830611228943
-0.534050583839417,-0.250382840633392,1.36385369300842,-0.273299664258957,0.292185097932815,-0.575088322162628,-0.713588654994965
-0.533980488777161,-0.251182377338409,1.36351656913757,-0.273429244756699,0.292897671461105,-0.578387022018433,-0.710574269294739
-0.533877849578857,-0.251994490623474,1.36306393146515,-0.274582147598267,0.293107956647873,-0.581874907016754,-0.707187414169312
-0.533765196800232,-0.252798497676849,1.36257112026215,-0.274854749441147,0.293813228607178,-0.584943532943726,-0.704251289367676
-0.533709704875946,-0.253546208143234,1.36219871044159,-0.275469750165939,0.294771254062653,-0.588252425193787,-0.700846195220947
-0.533674776554108,-0.254312664270401,1.36172103881836,-0.276390612125397,0.295240223407745,-0.591756761074066,-0.697327375411987
-0.533471941947937,-0.255075216293335,1.36121761798859,-0.277114748954773,0.29562908411026,-0.59503161907196,-0.694081008434296
-0.533255875110626,-0.255793333053589,1.36069083213806,-0.277839958667755,0.296180129051208,-0.598230838775635,-0.690798282623291
-0.533354878425598,-0.256596207618713,1.36042904853821,-0.280618011951446,0.295824348926544,-0.60214376449585,-0.686414182186127
-0.532988488674164,-0.257428288459778,1.35990869998932,-0.27912226319313,0.297426074743271,-0.60446572303772,-0.68428772687912
-0.532744169235229,-0.257977932691574,1.35944628715515,-0.279690593481064,0.298024743795395,-0.607597708702087,-0.681013584136963
-0.53255307674408,-0.259043395519257,1.35904729366302,-0.280612498521805,0.29887518286705,-0.610433995723724,-0.677717089653015
-0.53225189447403,-0.259811282157898,1.35849606990814,-0.28130042552948,0.299153953790665,-0.613162279129028,-0.674840033054352
-0.531877636909485,-0.26063197851181,1.35805404186249,-0.282659649848938,0.299708873033524,-0.615934669971466,-0.67149293422699
-0.53173416852951,-0.26145327091217,1.35768377780914,-0.285772770643234,0.299011766910553,-0.619353592395782,-0.667328536510468
-0.530992150306702,-0.261912673711777,1.35704207420349,-0.283716946840286,0.300564974546432,-0.620914280414581,-0.666056275367737
-0.530473470687866,-0.26304829120636,1.35658633708954,-0.285607546567917,0.300773352384567,-0.623096585273743,-0.663109660148621
-0.529915571212769,-0.26397380232811,1.35602641105652,-0.28700253367424,0.301052749156952,-0.625319004058838,-0.66028243303299
-0.529414713382721,-0.264648169279099,1.35564398765564,-0.287461370229721,0.301245868206024,-0.627438485622406,-0.65798032283783
-0.528858244419098,-0.265518426895142,1.35516881942749,-0.288506984710693,0.301536411046982,-0.629434108734131,-0.655478656291962
-0.528584480285645,-0.266263246536255,1.35480844974518,-0.292276412248611,0.299444377422333,-0.632667541503906,-0.651643693447113
-0.52767026424408,-0.266766428947449,1.354287981987,-0.290027767419815,0.300816833972931,-0.633614838123322,-0.651095509529114
-0.52716052532196,-0.267884492874146,1.35383057594299,-0.290897727012634,0.300540804862976,-0.635354816913605,-0.649136364459991
-0.526482045650482,-0.268314480781555,1.35345220565796,-0.291343420743942,0.300069272518158,-0.637591063976288,-0.646958410739899
-0.525571048259735,-0.269340395927429,1.35297048091888,-0.292711496353149,0.299417525529861,-0.639008224010468,-0.645242512226105
-0.525374472141266,-0.270295262336731,1.35273945331573,-0.29290759563446,0.299758940935135,-0.64084005355835,-0.643174946308136
-0.524744272232056,-0.271039485931396,1.35223758220673,0.29343444108963,-0.299058169126511,0.6425541639328,0.641548633575439
-0.524057388305664,-0.271796107292175,1.3517599105835,0.294463276863098,-0.298211604356766,0.644216358661652,0.639802038669586
-0.523463904857635,-0.272597163915634,1.35140633583069,0.294879704713821,-0.297825366258621,0.645848870277405,0.638141989707947
-0.522865414619446,-0.273306965827942,1.35111331939697,0.295721977949142,-0.297432035207748,0.647415101528168,0.636346220970154
-0.522272765636444,-0.273697972297668,1.35071849822998,0.296248137950897,-0.296876460313797,0.64941132068634,0.634323716163635
-0.521640837192535,-0.274754643440247,1.35023093223572,0.297373920679092,-0.296741813421249,0.650779962539673,0.632454335689545
-0.521023988723755,-0.275396108627319,1.34981119632721,0.298204928636551,-0.295930951833725,0.652639448642731,0.630523920059204
-0.520476698875427,-0.275834798812866,1.34947669506073,0.298709064722061,-0.295449197292328,0.654264688491821,0.628824770450592
-0.51984167098999,-0.276860594749451,1.34899866580963,0.300293833017349,-0.29504269361496,0.655891954898834,0.626561462879181
-0.519350707530975,-0.277485966682434,1.34867525100708,0.300927460193634,-0.294926911592484,0.657366454601288,0.624764025211334
-0.518661677837372,-0.277883589267731,1.34840524196625,0.301010131835938,-0.295310616493225,0.658815085887909,0.623014807701111
-0.518091380596161,-0.278889358043671,1.34800100326538,0.301844596862793,-0.295546621084213,0.65958833694458,0.621679484844208
-0.517516791820526,-0.279483437538147,1.34758293628693,0.302603483200073,-0.295184075832367,0.660439789295197,0.620577692985535
-0.516988813877106,-0.280074506998062,1.34727489948273,0.304123729467392,-0.294533312320709,0.661300659179688,0.619225680828094
-0.516476631164551,-0.280326128005981,1.34697866439819,0.304572910070419,-0.294194847345352,0.661600351333618,0.618845641613007
-0.515993237495422,-0.281232953071594,1.34666931629181,0.305241733789444,-0.293846130371094,0.661193549633026,0.619116544723511
-0.515605032444,-0.281772971153259,1.34639883041382,0.305517613887787,-0.293420791625977,0.661093473434448,0.619288921356201
-0.515182852745056,-0.281921088695526,1.34617471694946,0.305314153432846,-0.292502254247665,0.661027014255524,0.619894504547119
-0.514779686927795,-0.282668113708496,1.34601747989655,0.305354684591293,-0.292335450649261,0.660430431365967,0.620588541030884
-0.514478325843811,-0.283151626586914,1.34593117237091,0.305621951818466,-0.291475057601929,0.660177886486053,0.621130108833313
-0.514252185821533,-0.283541858196258,1.34585702419281,0.30550092458725,-0.290841400623321,0.659967720508575,0.621709823608398
-0.514020621776581,-0.283932507038116,1.34581339359283,0.305347353219986,-0.290073901414871,0.659801006317139,0.622320592403412
-0.513848662376404,-0.284361720085144,1.34580039978027,0.304953813552856,-0.289665967226028,0.659742295742035,0.62276566028595
-0.513559758663177,-0.284704655408859,1.34585809707642,0.3049376308918,-0.289012372493744,0.659808814525604,0.623006641864777
-0.513360202312469,-0.285002082586288,1.34592747688293,0.304724186658859,-0.288397699594498,0.660027146339417,0.623164772987366
-0.513186812400818,-0.285302072763443,1.34595549106598,0.304738461971283,-0.287826895713806,0.660335183143616,0.623095452785492
-0.512992322444916,-0.285565912723541,1.34607529640198,0.304702311754227,-0.287457972764969,0.660543859004974,0.623062074184418
-0.51277357339859,-0.285841345787048,1.34625327587128,0.304788619279861,-0.287234157323837,0.660809397697449,0.622841358184814
-0.512490570545197,-0.285760968923569,1.34643912315369,0.304734468460083,-0.286695867776871,0.661057651042938,0.622852563858032
-0.512300968170166,-0.285951137542725,1.3465713262558,0.304762423038483,-0.28659325838089,0.661117792129517,0.622822344303131
-0.512159168720245,-0.286442279815674,1.34667897224426,0.305047810077667,-0.286884278059006,0.660893261432648,0.622786700725555
-0.511983931064606,-0.286640793085098,1.34685432910919,0.305313020944595,-0.286967515945435,0.660634100437164,0.622893452644348
-0.511771380901337,-0.286831140518188,1.34699249267578,0.305041462182999,-0.287605106830597,0.659950971603394,0.623456358909607
-0.511586666107178,-0.287009239196777,1.3471314907074,0.305350482463837,-0.287899553775787,0.659315824508667,0.623841166496277
-0.511340141296387,-0.287211000919342,1.34723353385925,0.305748999118805,-0.288200378417969,0.658404350280762,0.62446916103363
-0.511184990406036,-0.287353336811066,1.34731757640839,0.305998653173447,-0.288478285074234,0.657454609870911,0.625218749046326
-0.511017024517059,-0.287494659423828,1.34732580184937,0.306189924478531,-0.288741588592529,0.656533718109131,0.625970959663391
-0.510832130908966,-0.287634640932083,1.34733784198761,0.306201964616776,-0.289221704006195,0.655437529087067,0.626891434192657
-0.510682880878448,-0.287744402885437,1.34738564491272,0.306638717651367,-0.289434343576431,0.654294848442078,0.627772986888885
-0.510507762432098,-0.287889182567596,1.34736597537994,0.307102143764496,-0.289886951446533,0.652958154678345,0.628728449344635
-0.510276973247528,-0.288003981113434,1.34735560417175,0.308102458715439,-0.289847373962402,0.651738941669464,0.629521906375885
-0.509967148303986,-0.288155287504196,1.34744846820831,0.308261573314667,-0.290717452764511,0.650093972682953,0.630742371082306
-0.50978821516037,-0.288301885128021,1.34744107723236,0.309510260820389,-0.290788173675537,0.648598313331604,0.631637632846832
-0.509564161300659,-0.288433194160461,1.34746539592743,0.310184329748154,-0.29117015004158,0.646734714508057,0.633040308952332
-0.50933301448822,-0.288573741912842,1.34747171401978,0.310890704393387,-0.291657686233521,0.644930303096771,0.634308874607086
-0.50890851020813,-0.28879764676094,1.34753513336182,0.311307966709137,-0.292543321847916,0.642616152763367,0.636042714118958
-0.508631885051727,-0.288657575845718,1.34750890731812,0.312331587076187,-0.292483240365982,0.640807449817657,0.637391805648804
-0.508631885051727,-0.288657575845718,1.34750890731812,0.312331587076187,-0.292483240365982,0.640807449817657,0.637391805648804
-0.508007287979126,-0.28899672627449,1.34742915630341,-0.31412798166275,0.293573081493378,-0.636068105697632,-0.640746474266052
-0.507612586021423,-0.28918245434761,1.34744143486023,-0.315229803323746,0.294302940368652,-0.633223533630371,-0.642685115337372
-0.507256746292114,-0.289370268583298,1.34726202487946,-0.316242516040802,0.294755160808563,-0.630418539047241,-0.64473432302475
-0.506965160369873,-0.289895951747894,1.34716320037842,-0.317590177059174,0.295595586299896,-0.627244830131531,-0.646779537200928
-0.506596922874451,-0.290101855993271,1.34703361988068,-0.318694144487381,0.296148747205734,-0.623973786830902,-0.649143159389496
-0.506122946739197,-0.290301382541656,1.34696769714355,-0.320153117179871,0.29684129357338,-0.620371997356415,-0.651556551456451
-0.505778014659882,-0.290529996156693,1.34685587882996,-0.321260124444961,0.297523677349091,-0.616817057132721,-0.654070615768433
-0.505442380905151,-0.290440201759338,1.34673738479614,-0.322164684534073,0.297978073358536,-0.613329529762268,-0.656693279743195
-0.504997551441193,-0.290598630905151,1.34660303592682,-0.323505431413651,0.298593550920486,-0.609420835971832,-0.65938812494278
-0.504671156406403,-0.291144907474518,1.34648907184601,-0.324175506830215,0.299705177545547,-0.605272948741913,-0.662368357181549
-0.504377543926239,-0.291055798530579,1.34631645679474,-0.325385063886642,0.299918055534363,-0.601816177368164,-0.664824187755585
-0.504073679447174,-0.29159688949585,1.34620594978333,-0.326395273208618,0.300958186388016,-0.597408831119537,-0.667827188968658
-0.503576993942261,-0.291873842477798,1.3460441827774,-0.327550381422043,0.301307559013367,-0.593360781669617,-0.670706748962402
-0.503298163414001,-0.2921501994133,1.34596383571625,-0.328682333230972,0.301913917064667,-0.589209318161011,-0.673534214496613
-0.503054618835449,-0.292368352413177,1.34589517116547,-0.329679131507873,0.302416622638702,-0.585135519504547,-0.676367163658142
-0.503054618835449,-0.292368352413177,1.34589517116547,-0.329679131507873,0.302416622638702,-0.585135519504547,-0.676367163658142
-0.502514898777008,-0.29276180267334,1.34582257270813,-0.331614285707474,0.303442150354385,-0.576774775981903,-0.682118594646454
-0.50234991312027,-0.29297947883606,1.34582936763763,-0.332420706748962,0.304154485464096,-0.573080122470856,-0.684518754482269
-0.502177000045776,-0.293164968490601,1.34582674503326,-0.333152651786804,0.304708063602448,-0.569521129131317,-0.686882853507996
-0.502089440822601,-0.293365001678467,1.34584307670593,-0.331692695617676,0.302733987569809,-0.566259980201721,-0.691145181655884
-0.501997053623199,-0.293501883745193,1.34590280056,-0.332312852144241,0.303379833698273,-0.563345789909363,-0.692943334579468
-0.50193452835083,-0.293623149394989,1.34596490859985,-0.332939028739929,0.304020076990128,-0.560349762439728,-0.694788873195648
-0.501908421516418,-0.293726354837418,1.34602952003479,-0.333404451608658,0.304524689912796,-0.557791590690613,-0.696401298046112
-0.501896500587463,-0.29381388425827,1.34609746932983,-0.334156215190887,0.305434495210648,-0.554997205734253,-0.697873651981354
-0.501894652843475,-0.293850064277649,1.34616792201996,-0.334470331668854,0.305868208408356,-0.55315774679184,-0.698992788791656
-0.501951038837433,-0.29386293888092,1.34627461433411,-0.334528177976608,0.306200623512268,-0.551800012588501,-0.699891984462738
-0.502009451389313,-0.29385906457901,1.34631729125977,-0.334193348884583,0.306254416704178,-0.551470637321472,-0.700287997722626
-0.502160608768463,-0.293838083744049,1.34645485877991,-0.334077626466751,0.30677655339241,-0.550933301448822,-0.700537621974945
-0.502278625965118,-0.293771088123321,1.34654641151428,-0.333925008773804,0.307265937328339,-0.550774157047272,-0.700520932674408
-0.502407073974609,-0.29365998506546,1.34665942192078,-0.333794772624969,0.30771079659462,-0.550997138023376,-0.700212240219116
-0.502407073974609,-0.29365998506546,1.34665942192078,-0.333794772624969,0.30771079659462,-0.550997138023376,-0.700212240219116
-0.502765595912933,-0.293443918228149,1.34684801101685,-0.333251982927322,0.308572947978973,-0.552540183067322,-0.698874354362488
-0.502874851226807,-0.293281614780426,1.34693813323975,-0.333310931921005,0.309161692857742,-0.553735017776489,-0.697639286518097
-0.502985060214996,-0.293122410774231,1.3470174074173,-0.333164423704147,0.309903413057327,-0.555105090141296,-0.696290135383606
-0.503113329410553,-0.293002277612686,1.3471018075943,-0.332960933446884,0.310465693473816,-0.556612551212311,-0.694932162761688
-0.503161251544952,-0.292861849069595,1.34712886810303,-0.334562629461288,0.31296768784523,-0.557903826236725,-0.691998958587646
-0.503190040588379,-0.292745232582092,1.34716892242432,-0.334611982107162,0.313557237386703,-0.559756636619568,-0.690209567546844
-0.502732634544373,-0.292434990406036,1.34721779823303,-0.333338141441345,0.310976654291153,-0.56171190738678,-0.690404951572418
-0.502741396427155,-0.292310267686844,1.34715580940247,-0.333666205406189,0.311872571706772,-0.563669204711914,-0.688243806362152
-0.502749264240265,-0.292195677757263,1.3471200466156,-0.335665464401245,0.314720273017883,-0.565343737602234,-0.684592068195343
-0.502720415592194,-0.292081832885742,1.34703171253204,-0.335856795310974,0.315232455730438,-0.567224860191345,-0.682703971862793
-0.503089904785156,-0.29210615158081,1.34672367572784,-0.335707992315292,0.316620171070099,-0.569492042064667,-0.680243194103241
-0.50306499004364,-0.292054891586304,1.34655344486237,-0.33606818318367,0.317492425441742,-0.571445345878601,-0.67801696062088
-0.503119468688965,-0.291961014270782,1.34635579586029,-0.336474925279617,0.318580597639084,-0.573619544506073,-0.675464153289795
-0.50314074754715,-0.291971504688263,1.34616005420685,-0.337147444486618,0.319551646709442,-0.575493216514587,-0.673072099685669
-0.503074645996094,-0.291925132274628,1.34593486785889,-0.337883055210114,0.320679426193237,-0.577424824237823,-0.670507669448853
-0.503052711486816,-0.291920512914658,1.34577298164368,-0.338427692651749,0.32181990146637,-0.579832315444946,-0.667602598667145
-0.503052830696106,-0.291908621788025,1.34556329250336,-0.338861912488937,0.323051601648331,-0.581758797168732,-0.665106773376465
-0.503072023391724,-0.291907399892807,1.34540665149689,-0.339464128017425,0.324380904436111,-0.583649277687073,-0.662491381168365
-0.503091633319855,-0.291928023099899,1.34523284435272,-0.340294688940048,0.32597941160202,-0.584793210029602,-0.660268127918243
-0.502999663352966,-0.291987240314484,1.34494686126709,-0.341368079185486,0.326730668544769,-0.58660101890564,-0.657734036445618
-0.5030717253685,-0.291981369256973,1.34474647045135,-0.341482937335968,0.328011929988861,-0.589054107666016,-0.654838085174561
-0.503106951713562,-0.292076706886292,1.34455871582031,-0.342133760452271,0.329413592815399,-0.590814828872681,-0.652203142642975
-0.503123342990875,-0.292138248682022,1.34441566467285,-0.342781990766525,0.330697864294052,-0.592324376106262,-0.649839401245117
-0.503091096878052,-0.292211443185806,1.34417462348938,-0.34373351931572,0.332194149494171,-0.593204617500305,-0.647767424583435
-0.503053605556488,-0.292330890893936,1.34395706653595,-0.344577521085739,0.333576261997223,-0.594519197940826,-0.645399332046509
-0.503015160560608,-0.292412757873535,1.34379005432129,-0.34493088722229,0.33500474691391,-0.595685303211212,-0.643392384052277
-0.502975344657898,-0.292505800724029,1.34353005886078,-0.345668971538544,0.336110830307007,-0.596997201442719,-0.64119952917099
-0.502813637256622,-0.292563676834106,1.34324371814728,-0.346634417772293,0.337193816900253,-0.598082661628723,-0.639094769954681
-0.502685308456421,-0.292679011821747,1.34303319454193,-0.347233772277832,0.338318765163422,-0.598942995071411,-0.637366890907288
-0.502547264099121,-0.292435050010681,1.34282922744751,-0.347567856311798,0.338936448097229,-0.600401163101196,-0.635481894016266
-0.502442181110382,-0.292351007461548,1.34263288974762,-0.348282039165497,0.340279132127762,-0.60067743062973,-0.634110748767853
-0.502282977104187,-0.292470872402191,1.34234189987183,-0.348919540643692,0.34109303355217,-0.601166307926178,-0.632858514785767
-0.502159953117371,-0.292601525783539,1.34213638305664,-0.349617779254913,0.342012256383896,-0.601633071899414,-0.63153213262558
-0.501984179019928,-0.292724788188934,1.34199512004852,-0.35030734539032,0.342823386192322,-0.602162957191467,-0.630203783512115
-0.50184953212738,-0.292819380760193,1.3417866230011,-0.350820600986481,0.343718707561493,-0.602622628211975,-0.628990054130554
-0.501807928085327,-0.293576329946518,1.34160780906677,-0.351844638586044,0.345264226198196,-0.602844595909119,-0.627356827259064
-0.50172233581543,-0.293723911046982,1.34147787094116,-0.352204293012619,0.345943331718445,-0.60334300994873,-0.626300692558289
-0.501668751239777,-0.293828189373016,1.3413108587265,-0.352359503507614,0.34661453962326,-0.603764653205872,-0.625435411930084
-0.50159478187561,-0.293938279151917,1.34115898609161,-0.352646768093109,0.347219198942184,-0.604181230068207,-0.624535202980042
-0.501538217067719,-0.294050395488739,1.3409788608551,-0.35288143157959,0.347642689943314,-0.604594528675079,-0.623766601085663
-0.501409232616425,-0.294125825166702,1.34073746204376,-0.353218346834183,0.347927302122116,-0.605058550834656,-0.622966825962067
-0.501332402229309,-0.294196844100952,1.34043848514557,-0.353439658880234,0.348171472549438,-0.605419754981995,-0.622353613376617
-0.501297354698181,-0.294310837984085,1.34021508693695,-0.353717565536499,0.348443865776062,-0.605747222900391,-0.621724426746368
-0.501267790794373,-0.294390738010406,1.34001064300537,-0.353904843330383,0.348832994699478,-0.605885684490204,-0.621264398097992
-0.501195132732391,-0.294491291046143,1.33992207050323,-0.352569341659546,0.347976058721542,-0.606196641921997,-0.622200489044189
-0.501213490962982,-0.294569343328476,1.33981645107269,-0.352799981832504,0.347615897655487,-0.605718612670898,-0.622736275196075
-0.501237809658051,-0.294673949480057,1.33983755111694,-0.352776229381561,0.347851574420929,-0.605348527431488,-0.622977793216705
-0.501224279403687,-0.294689387083054,1.33980536460876,-0.352679550647736,0.347812712192535,-0.605126261711121,-0.623270213603973
-0.501252591609955,-0.294698119163513,1.33978688716888,-0.352551192045212,0.348328232765198,-0.605372428894043,-0.622815668582916
-0.50130707025528,-0.294662445783615,1.33974099159241,-0.352550446987152,0.34745392203331,-0.605385959148407,-0.623291373252869
-0.501366376876831,-0.29466250538826,1.33973860740662,-0.352324783802032,0.3473761677742,-0.605592668056488,-0.623261392116547
-0.501438021659851,-0.294628083705902,1.33974099159241,-0.351939499378204,0.347241252660751,-0.60588538646698,-0.62326967716217
-0.50150454044342,-0.294584810733795,1.33977258205414,-0.352291285991669,0.34810009598732,-0.606050550937653,-0.622430860996246
-0.501555681228638,-0.29454642534256,1.33978891372681,-0.35254442691803,0.348834872245789,-0.606628954410553,-0.621311783790588
-0.501669764518738,-0.294495820999146,1.33984982967377,-0.35198500752449,0.348646759986877,-0.607332408428192,-0.621047079563141
-0.501653075218201,-0.294412553310394,1.33989942073822,-0.351625800132751,0.348291337490082,-0.607869267463684,-0.620924532413483
-0.50168776512146,-0.294345647096634,1.34003913402557,-0.350042462348938,0.346450209617615,-0.608771204948425,-0.621964931488037
-0.501734256744385,-0.29430615901947,1.34030306339264,-0.349939435720444,0.346663177013397,-0.608958959579468,-0.621720373630524
-0.501749753952026,-0.294232875108719,1.34046113491058,-0.349810242652893,0.347094088792801,-0.609793722629547,-0.620733618736267
-0.501750290393829,-0.29412117600441,1.34063494205475,-0.349639028310776,0.347026258707047,-0.610244750976562,-0.620424866676331
-0.501825153827667,-0.294045925140381,1.34084033966064,-0.349357038736343,0.347133785486221,-0.610851228237152,-0.619926452636719
-0.501867711544037,-0.29393270611763,1.34099447727203,-0.349070966243744,0.347130358219147,-0.611437737941742,-0.619511127471924
-0.501912534236908,-0.293808221817017,1.34113705158234,-0.348842918872833,0.347156912088394,-0.611961901187897,-0.619106829166412
-0.501965343952179,-0.293633341789246,1.34125459194183,-0.348576605319977,0.347143292427063,-0.612476289272308,-0.618755698204041
-0.501990854740143,-0.293470531702042,1.34140849113464,-0.348433017730713,0.347236275672913,-0.612760126590729,-0.618503272533417
-0.502044022083282,-0.293330788612366,1.34152054786682,-0.348284602165222,0.347396075725555,-0.613019049167633,-0.618240594863892
-0.502131879329681,-0.293165326118469,1.34167242050171,-0.348145842552185,0.347603648900986,-0.613197326660156,-0.618025302886963
-0.502220213413239,-0.293007761240005,1.34178423881531,-0.347970277070999,0.347786009311676,-0.613307595252991,-0.617912113666534
-0.502311289310455,-0.292829811573029,1.34190404415131,-0.347763061523438,0.348042756319046,-0.613517820835114,-0.61767566204071
-0.502415895462036,-0.292645156383514,1.34202456474304,-0.34761705994606,0.348189800977707,-0.613769114017487,-0.617425262928009
-0.502508878707886,-0.292459100484848,1.34219467639923,0.348423659801483,-0.3500597178936,0.614862501621246,0.614819586277008
-0.502735257148743,-0.292240381240845,1.34239780902863,-0.348202228546143,0.35065034031868,-0.614675104618073,-0.614796042442322
-0.502808928489685,-0.291679114103317,1.34251654148102,0.347438544034958,-0.350397199392319,0.615740835666656,0.614305913448334
-0.502946794033051,-0.29149529337883,1.34265971183777,0.347335994243622,-0.350775390863419,0.615634143352509,0.614254832267761
-0.503194868564606,-0.291586220264435,1.34276366233826,0.346932619810104,-0.351174026727676,0.61650937795639,0.613376617431641
-0.503361344337463,-0.291428774595261,1.34292387962341,0.346717000007629,-0.351298391819,0.617112636566162,0.612820327281952
-0.503499150276184,-0.291247069835663,1.34310376644135,0.346369236707687,-0.351451843976974,0.617637455463409,0.61240029335022
-0.503664433956146,-0.291059285402298,1.34325432777405,0.345916658639908,-0.351430177688599,0.618260741233826,0.61203932762146
-0.503822088241577,-0.29084786772728,1.34351396560669,0.345479607582092,-0.351440936326981,0.618851244449615,0.611683189868927
-0.503991842269897,-0.290663063526154,1.34367728233337,0.345023691654205,-0.351285398006439,0.619443416595459,0.61143034696579
-0.504158973693848,-0.2905433177948,1.34388029575348,0.344643294811249,-0.351259827613831,0.619965434074402,0.611130595207214
-0.504303216934204,-0.290349900722504,1.3440957069397,0.344203740358353,-0.350827604532242,0.62042498588562,0.611160099506378
-0.504472196102142,-0.290112942457199,1.34426558017731,0.343730181455612,-0.350669682025909,0.620955109596252,0.610978901386261
-0.504670321941376,-0.289835423231125,1.34439814090729,0.343312501907349,-0.350490808486938,0.621543824672699,0.610717535018921
-0.504853069782257,-0.289673775434494,1.34455823898315,0.342977672815323,-0.350373983383179,0.621953308582306,0.61055588722229
-0.505012810230255,-0.289011180400848,1.34471201896667,0.342218339443207,-0.349959969520569,0.62260627746582,0.610553979873657
-0.505184173583984,-0.2888323366642,1.344841837883,0.341971218585968,-0.35005646944046,0.622869491577148,0.610368728637695
-0.505399346351624,-0.288633108139038,1.34502291679382,0.340717166662216,-0.348709046840668,0.622337877750397,0.612380146980286
-0.505724251270294,-0.288786679506302,1.34518575668335,0.340728342533112,-0.349335104227066,0.622431099414825,0.611922264099121
-0.50595235824585,-0.288599729537964,1.34527981281281,0.340371876955032,-0.349720180034637,0.622576951980591,0.611752212047577
-0.506286323070526,-0.288406431674957,1.34531450271606,0.339978218078613,-0.35016193985939,0.622836351394653,0.611454367637634
-0.50653350353241,-0.288223832845688,1.3453596830368,0.339758068323135,-0.350509107112885,0.623085379600525,0.611124038696289
-0.506816327571869,-0.288007140159607,1.3454110622406,0.339685767889023,-0.3507419526577,0.623492658138275,0.610615074634552
-0.507048964500427,-0.287529110908508,1.3453631401062,0.339183121919632,-0.350809663534164,0.623966038227081,0.610372006893158
-0.507488369941711,-0.287666350603104,1.34532833099365,0.338971048593521,-0.351484447717667,0.624259829521179,0.60980099439621
-0.507797658443451,-0.287501275539398,1.34527790546417,0.338701903820038,-0.351950794458389,0.624736249446869,0.609193086624146
-0.508116841316223,-0.287367671728134,1.34524548053741,0.339573562145233,-0.354049623012543,0.626003980636597,0.606182873249054
-0.508432805538177,-0.287225604057312,1.34522294998169,0.339319795370102,-0.354383766651154,0.626587867736816,0.605526208877563
-0.508873283863068,-0.287046790122986,1.34518587589264,0.338821202516556,-0.35488149523735,0.62733256816864,0.604742348194122
-0.509205639362335,-0.286903411149979,1.34518492221832,0.338507652282715,-0.355342149734497,0.627991735935211,0.603962659835815
-0.509539008140564,-0.286796480417252,1.34519255161285,0.338298410177231,-0.355686992406845,0.628720223903656,0.603118479251862
-0.509826123714447,-0.286435812711716,1.34527850151062,0.337840735912323,-0.356002986431122,0.629496037960052,0.602378904819489
-0.510250747203827,-0.286334455013275,1.34528839588165,0.337387681007385,-0.356595993041992,0.630304217338562,0.60143631696701
-0.510565757751465,-0.286262303590774,1.34531939029694,0.337164402008057,-0.357167780399323,0.631118476390839,0.600367307662964
-0.510895192623138,-0.286503255367279,1.34534895420074,0.337215155363083,-0.357761710882187,0.631749749183655,0.599320411682129
-0.511165082454681,-0.286423683166504,1.34538424015045,0.336573272943497,-0.357507169246674,0.632059991359711,0.59950578212738
-0.511415779590607,-0.286376059055328,1.34542834758759,0.336889863014221,-0.358691066503525,0.633206427097321,0.597407460212708
-0.511732578277588,-0.28632727265358,1.34540450572968,0.336457908153534,-0.35931921005249,0.633921205997467,0.596514642238617
-0.511946082115173,-0.286228567361832,1.34541189670563,0.335931926965714,-0.358981847763062,0.634207963943481,0.596709430217743
-0.512218534946442,-0.28618112206459,1.34541487693787,0.33617353439331,-0.360132694244385,0.635350346565247,0.594661056995392
-0.51244705915451,-0.286118686199188,1.34540832042694,0.336215525865555,-0.360378831624985,0.636161863803864,0.593619644641876
-0.512650847434998,-0.286068856716156,1.34539127349854,0.336150169372559,-0.360694289207458,0.637001216411591,0.592564105987549
-0.512867152690887,-0.286019682884216,1.34537303447723,0.335937947034836,-0.360929697751999,0.637690663337708,0.591799139976501
-0.513106286525726,-0.285968154668808,1.34537851810455,0.335736662149429,-0.361204564571381,0.638458907604218,0.590916693210602
-0.513378202915192,-0.285949200391769,1.34535706043243,0.335497617721558,-0.361585050821304,0.639220476150513,0.589995622634888
-0.513582587242126,-0.285910248756409,1.34533786773682,0.335278242826462,-0.361909300088882,0.639910221099854,0.589173257350922
-0.513805270195007,-0.285955607891083,1.34538388252258,0.335330635309219,-0.362108170986175,0.640510678291321,0.588368237018585
-0.514006197452545,-0.285984635353088,1.3453756570816,0.335305482149124,-0.362298429012299,0.640978991985321,0.587755084037781
-0.514182209968567,-0.285996675491333,1.34535813331604,0.335217267274857,-0.362388879060745,0.641420483589172,0.587267935276031
-0.514371156692505,-0.286001861095428,1.34532177448273,0.335198909044266,-0.362559974193573,0.641794323921204,0.586764097213745
-0.514517664909363,-0.28603807091713,1.34527885913849,0.335127919912338,-0.362849116325378,0.642024159431458,0.586374402046204
-0.514764249324799,-0.286234468221664,1.34527266025543,0.335460990667343,-0.363048046827316,0.642342448234558,0.585711777210236
-0.514977514743805,-0.286080807447433,1.34515023231506,0.3350949883461,-0.363234132528305,0.642598807811737,0.585524618625641
-0.515208840370178,-0.286121547222137,1.34512221813202,0.335166364908218,-0.363499313592911,0.642838060855865,0.585056364536285
-0.515539288520813,-0.286304831504822,1.34520268440247,0.335147887468338,-0.364147841930389,0.642923355102539,0.584569871425629
-0.515487313270569,-0.286189496517181,1.34481823444366,0.335301220417023,-0.363691419363022,0.64305192232132,0.584624767303467
-0.515720546245575,-0.286256909370422,1.34476172924042,0.335256278514862,-0.363868147134781,0.643065571784973,0.584525406360626
-0.516015231609344,-0.286343663930893,1.34479105472565,0.335135042667389,-0.36409929394722,0.643058955669403,0.584458410739899
-0.516284823417664,-0.286402016878128,1.34480273723602,0.334903627634048,-0.364237278699875,0.643023073673248,0.584544479846954
-0.516640841960907,-0.286437332630157,1.34481143951416,0.334383487701416,-0.364412397146225,0.643100678920746,0.584647655487061
-0.516913294792175,-0.286468118429184,1.34486699104309,0.333865851163864,-0.364590436220169,0.642988264560699,0.584956109523773
-0.517192780971527,-0.286447763442993,1.34495520591736,0.333439409732819,-0.364672690629959,0.642942070960999,0.585198819637299
-0.517499804496765,-0.286427527666092,1.34507203102112,0.333187758922577,-0.364534616470337,0.642992079257965,0.585373103618622
-0.517819046974182,-0.286144882440567,1.34524965286255,0.332541048526764,-0.364397197961807,0.643061697483063,0.585749804973602
-0.51821756362915,-0.286143511533737,1.34537422657013,0.331866502761841,-0.364262163639069,0.643046975135803,0.586232483386993
-0.518563866615295,-0.286433339118958,1.34557437896729,0.331777334213257,-0.364297360181808,0.642857611179352,0.586468636989594
-0.518810272216797,-0.286372482776642,1.34577238559723,0.331270575523376,-0.364025682210922,0.642696380615234,0.587100088596344
-0.519051730632782,-0.286321014165878,1.34589803218842,0.330896854400635,-0.363831371068954,0.642474114894867,0.587674140930176
-0.519246160984039,-0.286224544048309,1.34597182273865,0.330436199903488,-0.363453894853592,0.642188727855682,0.58847850561142
-0.519489526748657,-0.286148846149445,1.3461058139801,0.329898804426193,-0.363204330205917,0.641777515411377,0.589381873607635
-0.519793748855591,-0.286064982414246,1.34623229503632,0.329196363687515,-0.362991392612457,0.641255557537079,0.590473055839539
-0.520039439201355,-0.285958051681518,1.34639179706573,0.328385531902313,-0.362231433391571,0.640528619289398,0.59217768907547
-0.520292818546295,-0.285637080669403,1.34667837619781,0.326404899358749,-0.360120236873627,0.640026867389679,0.595095634460449
-0.520530223846436,-0.285522282123566,1.34690153598785,0.327388733625412,-0.361697137355804,0.638775885105133,0.594943046569824
-0.520764052867889,-0.285707652568817,1.34709763526917,0.327314913272858,-0.361536175012589,0.637434124946594,0.596518754959106
-0.520970582962036,-0.285620093345642,1.34728443622589,0.32676151394844,-0.36113703250885,0.636102020740509,0.598482370376587
-0.521235525608063,-0.285512924194336,1.34755074977875,0.326033115386963,-0.360764503479004,0.634701073169708,0.600588083267212
-0.521577477455139,-0.285428106784821,1.34779191017151,0.325324147939682,-0.360676795244217,0.633225858211517,0.602579057216644
-0.521917402744293,-0.285297870635986,1.34819149971008,0.324768006801605,-0.360518306493759,0.631549835205078,0.604728817939758
-0.522189080715179,-0.284882664680481,1.34848964214325,0.323825895786285,-0.35997799038887,0.629945337772369,0.607224524021149
-0.522482335567474,-0.284713923931122,1.34874629974365,0.322982668876648,-0.35954475402832,0.628134369850159,0.609800755977631
-0.52283251285553,-0.284853488206863,1.34900629520416,0.322505354881287,-0.359624117612839,0.62616902589798,0.612024009227753
-0.523100197315216,-0.284342169761658,1.34933590888977,0.321395486593246,-0.359079599380493,0.624612867832184,0.614512503147125
-0.523563265800476,-0.284519821405411,1.34974086284637,0.32057124376297,-0.359528094530106,0.622578024864197,0.616741955280304
-0.523934543132782,-0.284325897693634,1.35015773773193,0.319798290729523,-0.359227150678635,0.62058687210083,0.619319796562195
-0.52418327331543,-0.283796429634094,1.350581407547,-0.318492203950882,0.358162432909012,-0.61863648891449,-0.622552275657654
-0.524502575397491,-0.283889383077621,1.3509669303894,-0.318044126033783,0.357960939407349,-0.616310596466064,-0.625198662281036
-0.524790704250336,-0.283106565475464,1.35145533084869,-0.316461861133575,0.357131898403168,-0.614251494407654,-0.62849360704422
-0.5250324010849,-0.282884150743484,1.35192584991455,-0.315537363290787,0.356727212667465,-0.612159550189972,-0.631223142147064
-0.525323092937469,-0.282527327537537,1.35227942466736,-0.314473628997803,0.356099039316177,-0.609842419624329,-0.634343683719635
-0.525671005249023,-0.282293945550919,1.35288667678833,-0.313323259353638,0.355845510959625,-0.607663333415985,-0.637140214443207
-0.525986552238464,-0.28198766708374,1.35347497463226,-0.312336564064026,0.35539036989212,-0.605248689651489,-0.640169978141785
-0.526222944259644,-0.281660676002502,1.35392427444458,-0.311246901750565,0.354934394359589,-0.603074550628662,-0.642999410629272
-0.526563942432404,-0.281350076198578,1.35448062419891,-0.310032248497009,0.354497104883194,-0.601043462753296,-0.645723342895508
-0.526841282844543,-0.281010925769806,1.3550671339035,-0.308637768030167,0.354389131069183,-0.598782062530518,-0.648545563220978
-0.527279913425446,-0.280691266059875,1.35559785366058,-0.306762218475342,0.354460775852203,-0.596703827381134,-0.651305735111237
-0.527542173862457,-0.280228793621063,1.35607421398163,-0.305385619401932,0.353802978992462,-0.594863295555115,-0.653988301753998
-0.527952492237091,-0.279787242412567,1.35662376880646,-0.304526805877685,0.353164494037628,-0.593329310417175,-0.6561239361763
-0.528215408325195,-0.279420077800751,1.35712206363678,-0.303301006555557,0.352802485227585,-0.591493785381317,-0.658539295196533
-0.52853536605835,-0.279007077217102,1.35769939422607,-0.30139634013176,0.352937608957291,-0.589586615562439,-0.661046981811523
-0.5290287733078,-0.27852538228035,1.35828971862793,-0.29966676235199,0.352887809276581,-0.588264524936676,-0.663034498691559
-0.529369592666626,-0.278039246797562,1.35872900485992,-0.299002826213837,0.352488875389099,-0.586924314498901,-0.664732217788696
-0.529708743095398,-0.277536392211914,1.35917341709137,-0.297598302364349,0.352040767669678,-0.585317432880402,-0.667012870311737
-0.530108153820038,-0.276993632316589,1.35979008674622,-0.29624816775322,0.352145612239838,-0.58403342962265,-0.668681919574738
-0.530611932277679,-0.276459693908691,1.36033594608307,-0.294847309589386,0.352633893489838,-0.582586705684662,-0.670303881168365
-0.530974924564362,-0.275853276252747,1.36078906059265,-0.293629705905914,0.352804839611053,-0.581246137619019,-0.671910226345062
-0.531362175941467,-0.275279998779297,1.36128544807434,-0.292356789112091,0.35306766629219,-0.579708576202393,-0.673653304576874
-0.531693756580353,-0.274695873260498,1.36171996593475,-0.291420310735703,0.353418946266174,-0.578392088413239,-0.675005257129669
-0.53198903799057,-0.274069756269455,1.36216020584106,-0.290358275175095,0.353749632835388,-0.576977133750916,-0.67649894952774
-0.532256305217743,-0.273375362157822,1.36257815361023,-0.289476960897446,0.354272961616516,-0.575511634349823,-0.67784982919693
-0.532586216926575,-0.272755354642868,1.36305594444275,-0.288175106048584,0.355239540338516,-0.573979556560516,-0.679196298122406
-0.532938063144684,-0.272135853767395,1.36350333690643,-0.287620782852173,0.356087863445282,-0.572828531265259,-0.67995822429657
-0.533220529556274,-0.271402448415756,1.36393558979034,-0.287139326334,0.357247292995453,-0.571605920791626,-0.680582165718079
-0.533670783042908,-0.270771026611328,1.36430275440216,-0.286653012037277,0.357884287834167,-0.570627152919769,-0.681273639202118
-0.533928632736206,-0.270060867071152,1.36467695236206,-0.285685896873474,0.358866572380066,-0.569118082523346,-0.682424426078796
-0.53426456451416,-0.26930969953537,1.36504137516022,-0.28497189283371,0.359757304191589,-0.568015813827515,-0.683171927928925
-0.534508466720581,-0.268595099449158,1.36542201042175,-0.284581989049911,0.36065149307251,-0.566754162311554,-0.683910250663757
-0.534924030303955,-0.267904698848724,1.3658002614975,-0.284464955329895,0.362116277217865,-0.565753936767578,-0.684013307094574
-0.535139739513397,-0.267644017934799,1.36608242988586,-0.285029917955399,0.364073634147644,-0.564262509346008,-0.683971107006073
-0.535296976566315,-0.266590476036072,1.36633861064911,-0.284954339265823,0.365122407674789,-0.563216507434845,-0.684305548667908
-0.535427749156952,-0.265629559755325,1.36654257774353,-0.285267323255539,0.366339355707169,-0.562307059764862,-0.684272646903992
-0.535685837268829,-0.264899641275406,1.36681604385376,-0.285654842853546,0.368019729852676,-0.561058282852173,-0.684234201908112
-0.53603333234787,-0.264163553714752,1.36707365512848,-0.285662919282913,0.369997411966324,-0.559894382953644,-0.68411773443222
-0.536209225654602,-0.263291895389557,1.36730217933655,-0.285924047231674,0.371587425470352,-0.558929681777954,-0.683935701847076
-0.536501109600067,-0.262557446956635,1.36751186847687,-0.286579042673111,0.373264998197555,-0.558005213737488,-0.683502674102783
-0.536709606647491,-0.261817008256912,1.36765706539154,-0.287256687879562,0.375162094831467,-0.557088732719421,-0.682926952838898
-0.536866843700409,-0.260981261730194,1.36775064468384,-0.287993639707565,0.37686675786972,-0.556255340576172,-0.682357132434845
-0.537046134471893,-0.260118037462234,1.36775708198547,-0.288676470518112,0.378638029098511,-0.555333256721497,-0.681838870048523
-0.537226259708405,-0.259444952011108,1.36776912212372,-0.289290279150009,0.380644023418427,-0.554480373859406,-0.681155443191528
-0.537226259708405,-0.259444952011108,1.36776912212372,-0.289290279150009,0.380644023418427,-0.554480373859406,-0.681155443191528
-0.537536382675171,-0.257825344800949,1.36782717704773,-0.291769653558731,0.384585291147232,-0.552384078502655,-0.679585576057434
-0.537728726863861,-0.257010638713837,1.36773896217346,-0.292510628700256,0.386778950691223,-0.551484882831573,-0.67875200510025
-0.537728726863861,-0.257010638713837,1.36773896217346,-0.292510628700256,0.386778950691223,-0.551484882831573,-0.67875200510025
-0.538258612155914,-0.255539089441299,1.3676575422287,-0.294887542724609,0.390948563814163,-0.550058543682098,-0.67648833990097
-0.538404762744904,-0.254743933677673,1.36748313903809,-0.296556115150452,0.393072694540024,-0.549241364002228,-0.675190687179565
-0.538404762744904,-0.254743933677673,1.36748313903809,-0.296556115150452,0.393072694540024,-0.549241364002228,-0.675190687179565
-0.538784861564636,-0.253237903118133,1.36733639240265,-0.299229443073273,0.396785378456116,-0.548495650291443,-0.67244017124176
-0.53939825296402,-0.252355992794037,1.36734485626221,-0.302691429853439,0.397455632686615,-0.54943460226059,-0.669722855091095
-0.539299726486206,-0.251688808202743,1.36722993850708,-0.301521241664886,0.400433033704758,-0.547171890735626,-0.67032915353775
-0.539545118808746,-0.250838190317154,1.36712086200714,-0.302114009857178,0.402081370353699,-0.546762466430664,-0.669409275054932
-0.539859771728516,-0.250621527433395,1.36712563037872,-0.303382784128189,0.404460042715073,-0.545255482196808,-0.668631017208099
-0.539859771728516,-0.250621527433395,1.36712563037872,-0.303382784128189,0.404460042715073,-0.545255482196808,-0.668631017208099
-0.540417671203613,-0.248596727848053,1.36731052398682,-0.304903924465179,0.406927436590195,-0.545177459716797,-0.666502356529236
-0.540417671203613,-0.248596727848053,1.36731052398682,-0.304903924465179,0.406927436590195,-0.545177459716797,-0.666502356529236
-0.54099428653717,-0.247172296047211,1.36753821372986,-0.306711047887802,0.409623205661774,-0.544106781482697,-0.664894819259644
