x,y,z,q0,q1,q2,q3
-0.568206250667572,-0.172436222434044,1.41576766967773,0.0077473875135183,-0.118397407233715,0.841953277587891,0.526342868804932
-0.567727565765381,-0.172213941812515,1.41575884819031,0.0093470215797424,-0.118946515023708,0.84203439950943,0.526063144207001
-0.568039119243622,-0.172590792179108,1.41567730903625,0.009060263633728,-0.119595348834991,0.842038094997406,0.525915205478668
-0.568000972270966,-0.172713845968246,1.4156631231308,0.009270959533751,-0.119612999260425,0.841724991798401,0.52640837430954
-0.568082749843597,-0.172954186797142,1.41573941707611,0.0085623236373066,-0.118415027856827,0.840625762939453,0.528443872928619
-0.567903101444244,-0.172970741987228,1.41577315330505,0.009158338420093,-0.117994800209999,0.84003621339798,0.529464423656464
-0.567886054515839,-0.173080205917358,1.41576111316681,0.0094843078404665,-0.118019118905067,0.839649379253387,0.530066549777985
-0.567878067493439,-0.173189342021942,1.4157407283783,0.0098098022863268,-0.118018381297588,0.839257597923279,0.53068071603775
-0.567834794521332,-0.173036992549896,1.41580212116241,0.0111370151862502,-0.119350120425224,0.839502096176147,0.529969573020935
-0.567945778369904,-0.173252165317535,1.41585993766785,0.010635576210916,-0.118251830339432,0.838326513767242,0.532082796096802
-0.56780731678009,-0.173209011554718,1.41587471961975,0.0111894868314266,-0.117999173700809,0.837750375270844,0.533034145832062
-0.56796658039093,-0.173423036932945,1.41582453250885,0.0112641965970397,-0.118290342390537,0.837434411048889,0.533464312553406
-0.568024933338165,-0.173515290021896,1.41577792167664,0.0116176949813961,-0.118267975747585,0.836932957172394,0.534248054027557
-0.568037569522858,-0.173646807670593,1.41556143760681,0.0118205063045024,-0.118028566241264,0.836448788642883,0.5350541472435
-0.568000674247742,-0.173859149217606,1.41542792320251,0.0120915509760379,-0.117849089205265,0.835857629776001,0.536010682582855
-0.568013489246368,-0.17369344830513,1.41545212268829,0.0134658981114625,-0.119192272424698,0.835913181304932,0.535594046115875
-0.568004846572876,-0.173725336790085,1.41533184051514,0.0138092134147882,-0.118977315723896,0.835286736488342,0.536609590053558
-0.568060219287872,-0.173762291669845,1.41529536247253,0.0142466817051172,-0.119009263813496,0.834739029407501,0.537442684173584
-0.568226397037506,-0.173914164304733,1.41533982753754,0.0138166798278689,-0.117874592542648,0.833404541015625,0.539770007133484
-0.56829297542572,-0.173976302146912,1.41529679298401,0.0142026683315634,-0.117806024849415,0.832884132862091,0.540577590465546
-0.568371534347534,-0.174039050936699,1.41543686389923,0.0147182075306773,-0.118048131465912,0.832237958908081,0.541505455970764
-0.568445205688477,-0.174086630344391,1.41523599624634,0.015076226554811,-0.117741376161575,0.831498026847839,0.542697548866272
-0.568544924259186,-0.174282938241959,1.41513323783875,0.0164505057036876,-0.117690943181515,0.831637740135193,0.542454600334167
-0.568603515625,-0.17436146736145,1.41508603096008,0.0165717266499996,-0.118014484643936,0.830822229385376,0.543628871440887
-0.568546712398529,-0.174204498529434,1.41508138179779,0.0163993220776319,-0.118660449981689,0.829861342906952,0.544959604740143
-0.568546712398529,-0.174204498529434,1.41508138179779,0.0163993220776319,-0.118660449981689,0.829861342906952,0.544959604740143
-0.568900644779205,-0.174144119024277,1.41517782211304,0.0165920853614807,-0.118008621037006,0.827752709388733,0.548291981220245
-0.568959176540375,-0.174423336982727,1.41499137878418,0.0169557221233844,-0.117795534431934,0.826931118965149,0.549564898014069
-0.569039523601532,-0.174493491649628,1.41493594646454,0.0180409122258424,-0.119070380926132,0.826850295066833,0.549377381801605
-0.569282352924347,-0.174339205026627,1.41522240638733,0.0187937822192907,-0.119473211467266,0.825911998748779,0.550674438476562
-0.569254040718079,-0.17420881986618,1.41514730453491,0.0191081091761589,-0.119081385433674,0.825000941753387,0.552112400531769
-0.569471120834351,-0.174325659871101,1.41518914699554,0.0185910500586032,-0.117589302361012,0.823315382003784,0.554958522319794
-0.569565713405609,-0.174347788095474,1.41516256332397,0.0190514717251062,-0.117479458451271,0.822364330291748,0.556374430656433
-0.569645941257477,-0.174464270472526,1.41499173641205,0.0193525701761245,-0.116987660527229,0.82138454914093,0.557912945747375
-0.569677710533142,-0.174386352300644,1.41493391990662,0.0202612355351448,-0.117405734956264,0.820823311805725,0.558618307113647
-0.569802165031433,-0.174341216683388,1.41497540473938,0.020520931109786,-0.116397172212601,0.819797515869141,0.560323596000671
-0.569937467575073,-0.174329876899719,1.41493678092957,0.0205047838389873,-0.116058252751827,0.818236947059631,0.562670707702637
-0.570181608200073,-0.174134120345116,1.41506671905518,0.0213354229927063,-0.115707874298096,0.817158281803131,0.564277350902557
-0.57026070356369,-0.174164235591888,1.41500520706177,0.0215790905058383,-0.115805812180042,0.815971970558167,0.565962135791779
-0.570243954658508,-0.174145638942719,1.41493785381317,0.0225014854222536,-0.116171270608902,0.815352976322174,0.566742897033691
-0.570332527160645,-0.174112051725387,1.41491675376892,0.0231015030294656,-0.115819558501243,0.81411224603653,0.568571329116821
-0.570568084716797,-0.174099430441856,1.41492784023285,0.0230915341526269,-0.114636741578579,0.812278389930725,0.571427226066589
-0.570634543895721,-0.174111485481262,1.41473305225372,0.0235312171280384,-0.114022672176361,0.811129689216614,0.573161125183105
-0.570777893066406,-0.174166858196258,1.41485559940338,0.0243426244705915,-0.113902971148491,0.8097043633461,0.575162947177887
-0.570795714855194,-0.174138098955154,1.41467428207397,0.0251417383551597,-0.114062368869781,0.808916449546814,0.576204717159271
-0.571041226387024,-0.17416512966156,1.41470062732697,0.0256412122398614,-0.112608291208744,0.807047963142395,0.579081594944
-0.571135640144348,-0.174119934439659,1.41468906402588,0.0262504611164331,-0.112261570990086,0.805603682994843,0.581129014492035
-0.571239769458771,-0.174053579568863,1.41466653347015,0.0269092656672,-0.111907057464123,0.803986489772797,0.583402454853058
-0.571264386177063,-0.17397278547287,1.41459429264069,0.0276932623237371,-0.112563855946064,0.802929282188416,0.584693968296051
-0.57154256105423,-0.174139648675918,1.41465425491333,0.0281379558145999,-0.111765213310718,0.800797939300537,0.587741076946259
-0.57161408662796,-0.1740443110466,1.41457867622375,0.0291734505444765,-0.111348271369934,0.799300014972687,0.589805066585541
-0.571829080581665,-0.174027502536774,1.41459214687347,0.0296679120510816,-0.110487744212151,0.797481060028076,0.592398822307587
-0.571986854076385,-0.173987954854965,1.4145781993866,0.0304792206734418,-0.109986610710621,0.795659840106964,0.594894349575043
-0.572145283222198,-0.173916935920715,1.41459250450134,0.0314781740307807,-0.109201692044735,0.793927133083344,0.597297072410583
-0.57230818271637,-0.173906326293945,1.41460430622101,0.0322093963623046,-0.108878545463085,0.792170703411102,0.599644422531128
-0.572372615337372,-0.173835188150406,1.41455912590027,0.0331433042883873,-0.109143808484077,0.790806949138641,0.601342976093292
-0.572561919689178,-0.173922777175903,1.4145519733429,0.0331823229789733,-0.108417503535748,0.78818017244339,0.604910373687744
-0.572717785835266,-0.173896908760071,1.41455030441284,0.0336425974965095,-0.108074441552162,0.786306977272034,0.607379138469696
-0.572950959205627,-0.174037337303162,1.41465067863464,0.0341023243963718,-0.107934564352035,0.784466445446014,0.609753727912903
-0.573026776313782,-0.173885703086853,1.41460859775543,0.0348912738263607,-0.107635676860809,0.782747566699982,0.611966788768768
-0.573272466659546,-0.173912048339844,1.41465318202972,0.0353030450642108,-0.106859363615513,0.780393064022064,0.615078449249268
-0.573272466659546,-0.173912048339844,1.41465318202972,0.0353030450642108,-0.106859363615513,0.780393064022064,0.615078449249268
-0.573562026023865,-0.173794835805893,1.41466653347015,0.0371850244700908,-0.106731131672859,0.777052223682404,0.61920565366745
-0.573820829391479,-0.173648118972778,1.41481876373291,0.0377606824040412,-0.106533013284206,0.775117099285126,0.621625661849976
-0.574024617671967,-0.173878103494644,1.41466796398163,0.0376132316887378,-0.106083281338215,0.772591352462769,0.62484735250473
-0.574228405952454,-0.173898309469223,1.4146763086319,0.0381034612655639,-0.105682276189327,0.770527839660645,0.627428352832794
-0.57436591386795,-0.173833429813385,1.41469156742096,0.0386762134730815,-0.105829410254955,0.768877148628235,0.629390478134155
-0.574605345726013,-0.173763394355774,1.4146980047226,0.0390926748514175,-0.105585768818855,0.766904830932617,0.631807386875153
-0.574743926525116,-0.173729598522186,1.41470718383789,0.0393627621233463,-0.10539411008358,0.764862835407257,0.634293019771576
-0.574918866157532,-0.173697844147682,1.41470098495483,0.0398634783923625,-0.105106748640537,0.76301896572113,0.636526107788086
-0.575091183185577,-0.173660397529602,1.41471254825592,0.0401878915727138,-0.104769185185432,0.761026263237,0.63894248008728
-0.575336277484894,-0.173555925488472,1.41477632522583,0.0406811237335205,-0.103727325797081,0.759004056453705,0.641481518745422
-0.575567066669464,-0.173509925603866,1.41490113735199,0.0408168323338031,-0.103394702076912,0.756726622581482,0.64421147108078
-0.575782120227814,-0.173420876264572,1.41501605510712,0.0413978472352027,-0.103123627603054,0.755064845085144,0.64616471529007
-0.575850605964661,-0.173265486955643,1.4149694442749,0.0422007739543914,-0.103635869920254,0.753829598426819,0.647471785545349
-0.57598203420639,-0.17321440577507,1.4149729013443,0.0425675213336944,-0.103435456752777,0.752213656902313,0.649356424808502
-0.576075851917267,-0.173249036073685,1.41483271121979,0.042498979717493,-0.103440977632999,0.750558495521545,0.651272416114807
-0.576276898384094,-0.173124700784683,1.41498613357544,0.0423712544143199,-0.102620735764503,0.748288333415985,0.654017090797424
-0.576412200927734,-0.173119693994522,1.41495251655579,0.0423422008752822,-0.102787218987942,0.7466139793396,0.655903697013855
-0.576863944530487,-0.173299938440323,1.41487729549408,0.0424184650182724,-0.103274121880531,0.745577096939087,0.657000720500946
-0.576737880706787,-0.173084557056427,1.41491484642029,0.0429565012454986,-0.102204732596874,0.743679165840149,0.659280121326447
-0.576892137527466,-0.173031777143478,1.41505575180054,0.0432709120213985,-0.102328084409237,0.742411196231842,0.660668015480042
-0.576958656311035,-0.172804951667786,1.41503751277924,0.0438801385462284,-0.101591601967812,0.741074860095978,0.662240028381348
-0.577088296413422,-0.172722265124321,1.41508185863495,0.0440544299781322,-0.101851008832455,0.739672660827637,0.663754522800446
-0.577071487903595,-0.17271114885807,1.41504907608032,0.0439728088676929,-0.102006480097771,0.738318562507629,0.665241837501526
-0.577044904232025,-0.17269378900528,1.41500818729401,0.0442577712237834,-0.101856119930744,0.737014830112457,0.666689991950989
-0.577084362506866,-0.172655746340752,1.41500294208527,0.0443427301943302,-0.102002918720245,0.735644996166229,0.668173253536224
-0.577133297920227,-0.172483146190643,1.41493761539459,0.0449832305312156,-0.101633042097092,0.735218405723572,0.668656229972839
-0.577192008495331,-0.172383040189743,1.41501665115356,0.0453185401856899,-0.101786859333515,0.734055280685425,0.669886887073517
-0.577229261398315,-0.172331273555756,1.41508066654205,0.0455902926623821,-0.101911000907421,0.733068525791168,0.670929312705994
-0.577040612697601,-0.17242057621479,1.41491067409515,0.0456224754452705,-0.102507159113884,0.73212069272995,0.671870708465576
-0.577104330062866,-0.172318771481514,1.41495585441589,0.0462717004120349,-0.10228356719017,0.73133373260498,0.672716796398163
-0.57706493139267,-0.172282010316849,1.41494572162628,0.0467396639287471,-0.102083340287209,0.730359017848969,0.673773169517517
-0.577100157737732,-0.17236202955246,1.4150276184082,0.0467152558267116,-0.101335279643536,0.728860557079315,0.675507962703705
-0.577096223831177,-0.172283306717873,1.41508591175079,0.0470875352621078,-0.101353734731674,0.72801661491394,0.676389038562775
-0.57700252532959,-0.172247737646103,1.41532850265503,0.0472984984517097,-0.10203605145216,0.727153837680817,0.677199244499207
-0.576975345611572,-0.172379791736603,1.41540396213531,0.0472716800868511,-0.102482698857784,0.726430773735046,0.677909314632416
-0.576894581317902,-0.172386884689331,1.41544139385223,0.0477568171918392,-0.102391630411148,0.72567093372345,0.678702294826508
-0.576760351657867,-0.172244891524315,1.41546869277954,0.0485336109995842,-0.101741686463356,0.725120782852173,0.679332673549652
-0.576734304428101,-0.172119557857513,1.41560101509094,0.0492893233895301,-0.101416632533073,0.724658966064453,0.679819643497467
-0.576596081256866,-0.172162353992462,1.41556167602539,0.0497401654720306,-0.101068258285522,0.724089026451111,0.680445611476898
-0.576474070549011,-0.172181129455566,1.4156186580658,0.0502474680542945,-0.100863441824913,0.723452568054199,0.681115388870239
-0.57633650302887,-0.172189235687256,1.41579759120941,0.0507893562316894,-0.100905358791351,0.722893536090851,0.681662201881409
-0.576161861419678,-0.172275453805923,1.41573488712311,0.0510047785937786,-0.100746162235737,0.722372233867645,0.682222187519073
-0.576013624668121,-0.172281444072723,1.4159322977066,0.0516107082366943,-0.100694268941879,0.721921324729919,0.682661533355713
-0.575852870941162,-0.172226995229721,1.4160680770874,0.0526276007294654,-0.100592397153378,0.722052812576294,0.682459652423859
-0.575724720954895,-0.17228901386261,1.41619110107422,0.0533118955790996,-0.100338988006115,0.721685469150543,0.682832360267639
-0.575555026531219,-0.172370970249176,1.41625761985779,0.0537797696888446,-0.100074537098408,0.721297860145569,0.683243930339813
-0.575295686721802,-0.1726114153862,1.41615271568298,0.0539033748209476,-0.0998865067958831,0.720704853534698,0.683887124061584
-0.575142920017242,-0.172715097665787,1.41623115539551,0.0543932355940341,-0.0996560305356979,0.720347166061401,0.684258639812469
-0.574981153011322,-0.172709047794342,1.41637575626373,0.054995309561491,-0.0994452685117721,0.719956159591675,0.684652864933014
-0.574882030487061,-0.172876313328743,1.41648101806641,0.0553656332194805,-0.0987859144806861,0.719152450561523,0.685562252998352
-0.574746370315552,-0.172906577587128,1.41662609577179,0.0562338829040527,-0.0982925072312355,0.718874394893646,0.685854077339172
-0.574579119682312,-0.172995045781136,1.41679537296295,0.0568415969610214,-0.0982921496033668,0.718469977378845,0.686227798461914
-0.574421525001526,-0.173185229301453,1.41683959960938,0.057183526456356,-0.0982410013675689,0.71810644865036,0.68658709526062
-0.574242472648621,-0.173342496156693,1.41685080528259,0.0577335245907306,-0.0979324504733085,0.717740297317505,0.68696802854538
-0.574091196060181,-0.173442006111145,1.41696870326996,0.0582689419388771,-0.0979263633489608,0.717328190803528,0.687353909015656
-0.574303090572357,-0.173684418201447,1.41701316833496,0.0582206919789314,-0.0984446480870246,0.717276930809021,0.687337458133698
-0.57409679889679,-0.173986554145813,1.41692698001862,0.058476947247982,-0.0983855351805687,0.716777801513672,0.687844634056091
-0.573953568935394,-0.173976510763168,1.41714155673981,0.0592068284749984,-0.0984480008482933,0.716372013092041,0.688195943832397
-0.573776006698608,-0.174080893397331,1.41718423366547,0.0597246550023555,-0.0983493402600288,0.715975344181061,0.688577950000763
-0.573580741882324,-0.174240678548813,1.41720962524414,0.0600221790373325,-0.0983820334076881,0.7155402302742,0.688999593257904
-0.573419511318207,-0.174448996782303,1.41727614402771,0.0604029856622219,-0.0986307337880134,0.715196967124939,0.689287185668945
-0.573246002197266,-0.174628749489784,1.41730988025665,0.0609295070171356,-0.0987817868590354,0.714912295341492,0.689514338970184
-0.573023617267609,-0.17478783428669,1.41737461090088,0.0615930035710334,-0.0987415611743927,0.714618742465973,0.689765572547913
-0.57286673784256,-0.17494535446167,1.41737532615662,0.062230784446001,-0.0985393673181533,0.714469254016876,0.689892053604126
-0.572742640972137,-0.175210058689117,1.41744375228882,0.0625110268592834,-0.0989703238010406,0.714295744895935,0.689984619617462
-0.572536706924438,-0.175388842821121,1.41748893260956,0.0630585253238678,-0.099026545882225,0.714141011238098,0.690086960792542
-0.572349309921265,-0.175630986690521,1.41745257377625,0.0636268556118011,-0.0989179089665412,0.714114725589752,0.690077483654022
-0.57213419675827,-0.175860792398453,1.41756939888,0.0640127435326576,-0.0994833409786224,0.714023172855377,0.690055191516876
-0.571917057037354,-0.176119089126587,1.41756904125214,0.0646244138479232,-0.0995746999979019,0.713970005512238,0.690040111541748
-0.571613192558289,-0.176316410303116,1.41763269901276,0.0655374675989151,-0.0993003845214843,0.714009463787079,0.689952790737152
-0.571401000022888,-0.176564157009125,1.41767048835754,0.0661387965083122,-0.0994822233915329,0.714125633239746,0.689748883247375
-0.571169316768646,-0.17700183391571,1.41755557060242,0.0662250816822052,-0.09975216537714,0.714203178882599,0.689621329307556
-0.571169316768646,-0.17700183391571,1.41755557060242,0.0662250816822052,-0.09975216537714,0.714203178882599,0.689621329307556
-0.570695281028748,-0.177578836679459,1.41765105724335,0.0679405182600021,-0.099401831626892,0.714620769023895,0.689072251319885
-0.570462465286255,-0.177908182144165,1.41776013374329,0.0685270726680755,-0.0995668768882751,0.715047895908356,0.688547015190125
-0.570148825645447,-0.178285211324692,1.41781115531921,0.0691534206271171,-0.0997243151068687,0.715341448783875,0.688156604766846
-0.569894373416901,-0.178656280040741,1.41786360740662,0.0698342844843864,-0.0998134538531303,0.715697407722473,0.687704682350159
-0.569654941558838,-0.179065331816673,1.41800820827484,0.0706730782985687,-0.100026108324528,0.716249465942383,0.687012910842896
-0.569335699081421,-0.179477989673615,1.41809582710266,0.0715936198830604,-0.100113198161125,0.716704428195953,0.686430215835571
-0.568971514701843,-0.179888471961021,1.41817140579224,0.0722165182232856,-0.100103713572025,0.717327952384949,0.685714721679688
-0.568635106086731,-0.180371016263962,1.41825079917908,0.072891004383564,-0.100133195519447,0.717874228954315,0.685067117214203
-0.568635106086731,-0.180371016263962,1.41825079917908,0.072891004383564,-0.100133195519447,0.717874228954315,0.685067117214203
-0.568017303943634,-0.181288212537766,1.4185676574707,0.0749157443642616,-0.10020536929369,0.719246506690979,0.683396637439728
-0.567432284355164,-0.182011231780052,1.41858398914337,0.0755240023136138,-0.100253947079182,0.719860434532166,0.682675778865814
-0.56707763671875,-0.182390376925468,1.41862046718597,0.0763993114233017,-0.0998954474925994,0.720712900161743,0.68173086643219
-0.566744089126587,-0.182912155985832,1.41882872581482,0.0779885128140449,-0.099539041519165,0.721550524234772,0.680716335773468
-0.566230475902557,-0.183478817343712,1.41896963119507,0.0788939297199249,-0.0995995551347732,0.722500085830688,0.679594933986664
-0.565703570842743,-0.184096604585647,1.41908025741577,0.0799658074975013,-0.0994204506278038,0.723383367061615,0.678555607795715
-0.565703570842743,-0.184096604585647,1.41908025741577,0.0799658074975013,-0.0994204506278038,0.723383367061615,0.678555607795715
-0.564571022987366,-0.18561027944088,1.41904377937317,0.0816505551338195,-0.0990562289953231,0.725158512592316,0.676510334014893
-0.563987851142883,-0.186395317316055,1.41911971569061,0.0829576700925827,-0.09866514056921,0.726124107837677,0.675371885299683
-0.563457906246185,-0.187060907483101,1.41939103603363,0.0844322964549064,-0.0985990390181541,0.727349519729614,0.673878312110901
-0.562871694564819,-0.187845170497894,1.4194610118866,0.0857630297541618,-0.0983780324459075,0.728508830070496,0.672488868236542
-0.562059104442596,-0.188615411520004,1.41949796676636,0.0872055888175964,-0.0991435125470161,0.730395376682281,0.670140504837036
-0.56147289276123,-0.189548164606094,1.41959524154663,0.0881858766078949,-0.0980963334441185,0.730842232704163,0.669679045677185
-0.560795545578003,-0.190349251031876,1.41968643665314,0.0898924991488456,-0.0975918099284172,0.732150018215179,0.668095588684082
-0.560109913349152,-0.19112902879715,1.41998326778412,0.0917534902691841,-0.0975131914019584,0.733388125896454,0.666494011878967
-0.559359550476074,-0.19201198220253,1.41999137401581,0.0932290330529213,-0.0972340852022171,0.734689176082611,0.664895296096802
-0.558562159538269,-0.192935347557068,1.41993987560272,0.0953505933284759,-0.0974302142858505,0.736770808696747,0.662257075309753
-0.557816565036774,-0.193915128707886,1.42002856731415,0.0968063995242118,-0.0963886007666587,0.737393796443939,0.661504447460175
-0.557118117809296,-0.19533783197403,1.41989624500275,0.0989568158984184,-0.0957774519920349,0.739018440246582,0.659458816051483
-0.555924296379089,-0.196088433265686,1.41994667053223,0.100176803767681,-0.0970344468951225,0.740586876869202,0.657328069210052
-0.55514270067215,-0.19714680314064,1.41997849941254,0.102485567331314,-0.0966163501143455,0.742035269737244,0.655397355556488
-0.553911149501801,-0.198119357228279,1.42008185386658,0.104365147650242,-0.095214232802391,0.742234706878662,0.655079901218414
-0.553054869174957,-0.199285298585892,1.42008328437805,0.10668309032917,-0.094793789088726,0.74369877576828,0.653104245662689
-0.552109718322754,-0.200387969613075,1.42009723186493,0.108632408082485,-0.0946645438671112,0.745013415813446,0.651300728321075
-0.551060497760773,-0.201601698994637,1.42006146907806,0.111001342535019,-0.0956427082419395,0.74704384803772,0.648426294326782
-0.551060497760773,-0.201601698994637,1.42006146907806,0.111001342535019,-0.0956427082419395,0.74704384803772,0.648426294326782
-0.549205899238586,-0.204053401947021,1.42027902603149,0.115032255649567,-0.0949673727154731,0.748799800872803,0.645792305469513
-0.548112511634827,-0.205126076936722,1.42022168636322,0.117651872336864,-0.09434674680233,0.750115215778351,0.643882095813751
-0.547087728977203,-0.206625521183014,1.42002785205841,0.119754314422607,-0.0942941382527351,0.7513387799263,0.642072975635529
-0.545968770980835,-0.207803517580032,1.41998672485352,0.12246660888195,-0.0943532064557075,0.752602100372314,0.640070021152496
-0.544864118099213,-0.209315970540047,1.41985905170441,0.124531581997871,-0.0944327488541603,0.753394842147827,0.638725697994232
-0.543892085552216,-0.21069398522377,1.4200611114502,0.127057105302811,-0.0949979424476623,0.754475653171539,0.63686615228653
-0.542680084705353,-0.212118238210678,1.41977536678314,0.129652932286263,-0.0946746543049812,0.75548255443573,0.635195255279541
-0.541605591773987,-0.213561922311783,1.41982507705688,0.132430016994476,-0.0950897857546806,0.756633400917053,0.633187413215637
-0.540272653102875,-0.214788466691971,1.41974115371704,0.135347500443459,-0.0959452018141746,0.758120656013489,0.630657434463501
-0.539292991161346,-0.216615706682205,1.41939473152161,0.138276964426041,-0.0943438857793808,0.758683145046234,0.629585981369019
-0.537904441356659,-0.21798050403595,1.41927218437195,0.140372395515442,-0.0953722968697547,0.759208858013153,0.628332376480103
-0.536828517913818,-0.21946457028389,1.41925823688507,0.143531620502472,-0.0954592078924179,0.760324239730835,0.626253366470337
-0.535508930683136,-0.22124657034874,1.41889786720276,0.146288007497787,-0.0957178771495819,0.761089384555817,0.624644637107849
-0.534431636333466,-0.222868874669075,1.41870748996735,0.149450644850731,-0.0956520214676857,0.762252628803253,0.622483909130096
-0.533016324043274,-0.224344402551651,1.41849255561829,0.152175113558769,-0.0959325954318046,0.762964427471161,0.62090653181076
-0.531747102737427,-0.22591033577919,1.41837966442108,0.155282557010651,-0.0963902845978736,0.763622879981995,0.61925482749939
-0.530566215515137,-0.227956756949425,1.41799664497375,0.158636227250099,-0.096267245709896,0.764653027057648,0.61714905500412
-0.529046833515167,-0.229197472333908,1.41790592670441,0.161019414663315,-0.0972932651638984,0.764987051486969,0.615955948829651
-0.527727723121643,-0.230735436081886,1.41755843162537,0.164389193058014,-0.0973774269223213,0.765634953975677,0.614245116710663
-0.526438355445862,-0.233042061328888,1.41703796386719,0.167478561401367,-0.0975343361496925,0.766566634178162,0.612220346927643
-0.525061905384064,-0.234561234712601,1.41692733764648,0.170122623443603,-0.0988949388265609,0.766972601413727,0.610762774944305
-0.523615658283234,-0.236222982406616,1.41641652584076,0.173179805278778,-0.0988339483737945,0.767444133758545,0.609319448471069
-0.522214829921722,-0.238135993480682,1.41608536243439,0.17596560716629,-0.099569022655487,0.768080592155457,0.607597291469574
-0.521082639694214,-0.239614918828011,1.415940284729,0.179622814059258,-0.0998578518629074,0.768744587898254,0.605636775493622
-0.519638359546661,-0.241368919610977,1.41549575328827,0.182403862476349,-0.100406751036644,0.769215166568756,0.60411548614502
-0.518290996551514,-0.243012309074402,1.41507577896118,0.185727030038834,-0.100420109927654,0.769713580608368,0.60246354341507
-0.517578184604645,-0.244912281632423,1.41470742225647,0.189801022410393,-0.0997662767767906,0.771020531654358,0.599624693393707
-0.517578184604645,-0.244912281632423,1.41470742225647,0.189801022410393,-0.0997662767767906,0.771020531654358,0.599624693393707
-0.515124559402466,-0.248540788888931,1.41380560398102,0.19550621509552,-0.101399168372154,0.771961092948914,0.596298336982727
-0.513759434223175,-0.250442385673523,1.41335916519165,0.198707148432732,-0.101770378649235,0.772333323955536,0.594692885875702
-0.512436151504517,-0.252275288105011,1.41289472579956,0.201875939965248,-0.102565266191959,0.772709667682648,0.592997670173645
-0.5111044049263,-0.253941535949707,1.41253733634949,0.205141097307205,-0.103022575378418,0.77302485704422,0.591384947299957
-0.509487569332123,-0.255732834339142,1.41198492050171,0.208902150392532,-0.102746672928333,0.773154675960541,0.589944899082184
-0.508109569549561,-0.257366091012955,1.41160321235657,0.212183386087418,-0.103392325341701,0.773467540740967,0.588248491287231
-0.507059276103973,-0.259855628013611,1.41070258617401,0.214817270636559,-0.104321405291557,0.774104297161102,0.5862877368927
-0.505433976650238,-0.261076182126999,1.41031455993652,0.218371689319611,-0.104107439517975,0.774076640605927,0.585047662258148
-0.505180180072784,-0.263497233390808,1.40969157218933,0.220078974962234,-0.106502518057823,0.775327146053314,0.582314729690552
-0.503306329250336,-0.265009760856628,1.40901374816895,0.223957538604736,-0.105663791298866,0.775051653385162,0.581354796886444
-0.502583980560303,-0.266930818557739,1.40848124027252,0.226479053497314,-0.106761395931244,0.775893986225128,0.579048991203308
-0.5009805560112,-0.268288254737854,1.40801703929901,0.230094820261002,-0.106236204504967,0.775844871997833,0.577784657478333
-0.5009805560112,-0.268288254737854,1.40801703929901,0.230094820261002,-0.106236204504967,0.775844871997833,0.577784657478333
-0.498319804668427,-0.271814525127411,1.40671396255493,0.236399501562119,-0.10615149140358,0.776138126850128,0.574853777885437
-0.497113257646561,-0.273624181747437,1.4059886932373,0.239078834652901,-0.107135124504566,0.776682555675507,0.572824120521545
-0.497113257646561,-0.273624181747437,1.4059886932373,0.239078834652901,-0.107135124504566,0.776682555675507,0.572824120521545
-0.494950711727142,-0.277038097381592,1.40476322174072,0.244394555687904,-0.107814975082874,0.776971995830536,0.570054173469543
-0.494034111499786,-0.278781533241272,1.40418386459351,0.24698968231678,-0.107283040881157,0.776753664016724,0.569333255290985
-0.493094593286514,-0.280351996421814,1.40379118919373,0.249580860137939,-0.107900649309158,0.77677583694458,0.568054795265198
-0.492187350988388,-0.282071113586426,1.40310204029083,0.252284586429596,-0.107642479240894,0.776933014392853,0.56669294834137
-0.491349220275879,-0.283608973026276,1.40263319015503,0.254555463790893,-0.108062252402306,0.777037501335144,0.565452814102173
-0.490415543317795,-0.285118490457535,1.40211808681488,0.256907075643539,-0.108263835310936,0.776985645294189,0.564420998096466
-0.489561200141907,-0.286594927310944,1.40167915821075,0.258974760770798,-0.108817286789417,0.776783049106598,0.563647985458374
-0.488734245300293,-0.288074553012848,1.40122520923615,0.261005282402039,-0.10909553617239,0.776730597019196,0.562729120254517
-0.487934023141861,-0.289345592260361,1.40082836151123,0.263424038887024,-0.108720771968365,0.776727616786957,0.561677873134613
-0.487189948558807,-0.290761023759842,1.40041315555573,0.265189558267593,-0.10929960757494,0.776649534702301,0.560841917991638
-0.48653057217598,-0.292065531015396,1.39997088909149,0.267294883728027,-0.109097249805927,0.776717364788055,0.559787094593048
-0.485813409090042,-0.293205261230469,1.39958333969116,0.269038468599319,-0.109839051961899,0.777132451534271,0.558228492736816
-0.485187858343124,-0.294556677341461,1.39918994903564,0.27082622051239,-0.109358303248882,0.77666163444519,0.558113515377045
-0.484567254781723,-0.295703858137131,1.39884841442108,0.272460609674454,-0.109582483768463,0.77658486366272,0.557380378246307
-0.48385414481163,-0.296813189983368,1.39843773841858,0.273985058069229,-0.110490769147873,0.777253806591034,0.555518269538879
-0.483320564031601,-0.298013150691986,1.39808249473572,0.275404125452042,-0.110078975558281,0.776731133460999,0.555629253387451
-0.482770323753357,-0.299036175012589,1.39787983894348,0.276785343885422,-0.110263660550117,0.776613891124725,0.555069983005524
-0.482316225767136,-0.300079226493835,1.3975133895874,0.278133898973465,-0.109999664127827,0.776574969291687,0.554502487182617
-0.481864720582962,-0.301254600286484,1.39708292484283,0.279228299856186,-0.1094870865345,0.776356637477875,0.554359614849091
-0.481184780597687,-0.302144587039948,1.39689755439758,0.279875338077545,-0.110439240932465,0.775800764560699,0.554622530937195
-0.481092095375061,-0.303212821483612,1.39645779132843,0.281154632568359,-0.109690889716148,0.776287198066711,0.553442299365997
-0.480760008096695,-0.304193019866943,1.3961718082428,0.281717240810394,-0.109065532684326,0.776231348514557,0.55335807800293
-0.480389833450317,-0.304730594158173,1.39594292640686,0.283371776342392,-0.11159785091877,0.776942729949951,0.551005065441132
-0.480058670043945,-0.305716276168823,1.39556765556335,0.284214943647385,-0.110893361270428,0.776589810848236,0.551210284233093
-0.480058670043945,-0.305716276168823,1.39556765556335,0.284214943647385,-0.110893361270428,0.776589810848236,0.551210284233093
-0.47949743270874,-0.307295769453049,1.39521527290344,0.285098135471344,-0.11195657402277,0.776617646217346,0.550499677658081
-0.479279190301895,-0.308056205511093,1.39501810073853,0.285374373197555,-0.112167946994305,0.776819586753845,0.550028324127197
-0.479070603847504,-0.308770298957825,1.3948882818222,0.285602182149887,-0.112438559532165,0.776926577091217,0.549703657627106
-0.478892982006073,-0.309419721364975,1.39479291439056,0.28581702709198,-0.112656310200691,0.776993632316589,0.549452602863312
-0.478832900524139,-0.310047388076782,1.39467549324036,0.286025583744049,-0.112784214317799,0.777180552482605,0.549053370952606
-0.478667438030243,-0.310584157705307,1.39457845687866,0.285979568958282,-0.112931706011295,0.777302265167236,0.548874616622925
-0.478499978780746,-0.31110069155693,1.39453268051147,0.285737901926041,-0.113205663859844,0.777393877506256,0.548814415931702
-0.478480815887451,-0.311644613742828,1.39453208446503,0.285389840602875,-0.112731881439686,0.777311682701111,0.549209177494049
-0.478443682193756,-0.311988592147827,1.39453685283661,0.285149693489075,-0.113671407103538,0.777609288692474,0.548718571662903
-0.4784334897995,-0.312261641025543,1.39468276500702,0.284726798534393,-0.11402466148138,0.777628004550934,0.548838436603546
-0.47844648361206,-0.31255179643631,1.39473927021027,0.284299910068512,-0.114189207553863,0.777684450149536,0.548945605754852
-0.478442132472992,-0.312861621379852,1.39466655254364,0.283612757921219,-0.11420052498579,0.777822375297546,0.549103319644928
-0.478475540876388,-0.312982946634293,1.39474725723267,0.282866328954697,-0.115018084645271,0.778289139270782,0.548656105995178
-0.478692382574081,-0.313171148300171,1.39490413665771,0.281917750835419,-0.114628069102764,0.778034508228302,0.549586355686188
-0.478787928819656,-0.313294053077698,1.39507484436035,0.280894696712494,-0.114113472402096,0.777878165245056,0.550438046455383
-0.478987783193588,-0.313361614942551,1.39529228210449,0.279474169015884,-0.11391119658947,0.777971386909485,0.551070809364319
-0.479211628437042,-0.313288509845734,1.39552760124207,0.27828985452652,-0.114089779555797,0.778217971324921,0.551285028457642
-0.47948881983757,-0.313161849975586,1.39578199386597,0.277064263820648,-0.114230833947658,0.778514564037323,0.551454246044159
-0.479832708835602,-0.313051789999008,1.39604711532593,0.275508403778076,-0.114806495606899,0.778805553913116,0.551703333854675
-0.479832708835602,-0.313051789999008,1.39604711532593,0.275508403778076,-0.114806495606899,0.778805553913116,0.551703333854675
-0.480307102203369,-0.312366008758545,1.39672231674194,0.272816240787506,-0.115376256406307,0.779263854026794,0.552274942398071
-0.480686485767365,-0.311968505382538,1.39711129665375,0.271341174840927,-0.115944534540176,0.779934644699097,0.551935493946075
-0.481167137622833,-0.311795055866241,1.39737522602081,0.269723743200302,-0.115139096975326,0.779500246047974,0.553508460521698
-0.481564432382584,-0.311367392539978,1.39775240421295,0.267846971750259,-0.115083985030651,0.779570519924164,0.55433189868927
-0.481956660747528,-0.310806900262833,1.39820969104767,0.266052842140198,-0.114790864288807,0.779604136943817,0.555208504199982
-0.482458412647247,-0.310380578041077,1.39866352081299,0.264105468988419,-0.114727184176445,0.779588460922241,0.556172549724579
-0.482642322778702,-0.30964583158493,1.39921891689301,0.261781066656113,-0.115064881742,0.779043674468994,0.557962119579315
-0.483637899160385,-0.30909913778305,1.39984893798828,0.25956192612648,-0.114884302020073,0.779417216777802,0.558514177799225
-0.484087407588959,-0.308557450771332,1.40017032623291,0.257784456014633,-0.113980814814567,0.779261589050293,0.559738337993622
-0.484655737876892,-0.307933390140533,1.40071034431458,0.255207300186157,-0.113336384296417,0.778866648674011,0.561596870422363
-0.48525995016098,-0.307155817747116,1.40128469467163,0.252935856580734,-0.11350928992033,0.779034197330475,0.562356472015381
-0.485878825187683,-0.306248039007187,1.40206742286682,0.25020706653595,-0.11393453925848,0.778627574443817,0.564051866531372
-0.486557215452194,-0.305512547492981,1.40249073505402,0.247775867581367,-0.113068319857121,0.77862012386322,0.565308213233948
-0.487226963043213,-0.304671943187714,1.40309691429138,0.244696974754333,-0.113227993249893,0.778368234634399,0.566961944103241
-0.487974941730499,-0.303618282079697,1.40390968322754,0.242102220654488,-0.11271695792675,0.778376698493958,0.568164825439453
-0.48915046453476,-0.303090095520019,1.40444648265839,0.238366633653641,-0.113756723701954,0.778428375720978,0.56946474313736
-0.490056812763214,-0.3019939661026,1.40498602390289,0.235388651490211,-0.113085627555847,0.778430998325348,0.570831954479218
-0.490984797477722,-0.301062107086182,1.40567696094513,0.23178593814373,-0.113500006496906,0.778341710567474,0.572343766689301
-0.491130530834198,-0.299485832452774,1.40646350383759,0.229707553982735,-0.11148027330637,0.777551770210266,0.574647665023804
-0.491955876350403,-0.298404365777969,1.40693557262421,0.226409450173378,-0.110859848558903,0.777383625507355,0.576301753520966
-0.492970854043961,-0.297255754470825,1.4076030254364,0.222405672073364,-0.111252918839455,0.77730530500412,0.577888429164886
-0.494200170040131,-0.29618227481842,1.40820646286011,0.218438223004341,-0.111525371670723,0.77736359834671,0.579269111156464
-0.494715571403503,-0.294836074113846,1.40893971920013,0.215362951159477,-0.110599622130394,0.777032017707825,0.581040322780609
-0.495707839727402,-0.293464869260788,1.40950846672058,0.211866691708565,-0.109987169504166,0.7766472697258,0.582953214645386
-0.496570378541946,-0.292134910821915,1.41010117530823,0.207827210426331,-0.109513618052006,0.776527106761932,0.584653973579407
-0.497614175081253,-0.290795832872391,1.41083133220673,0.203973904252052,-0.109327435493469,0.776258826255798,0.586399435997009
-0.498615086078644,-0.289338499307632,1.4114100933075,0.200188279151917,-0.108847394585609,0.775931775569916,0.588223516941071
-0.49953830242157,-0.2877157330513,1.4119029045105,0.196287676692009,-0.108842350542545,0.776010632514954,0.589433610439301
-0.500667572021484,-0.286288022994995,1.41248631477356,0.192352548241615,-0.107627429068089,0.775323927402496,0.591852843761444
-0.501709997653961,-0.284681081771851,1.41303539276123,0.188617661595344,-0.107693120837212,0.775287449359894,0.593089401721954
-0.502671122550964,-0.282965481281281,1.41354739665985,0.184513732790947,-0.107101008296013,0.774777829647064,0.595149993896484
-0.503923296928406,-0.281288534402847,1.41424155235291,0.180753454566002,-0.10630264133215,0.773798048496246,0.59771603345871
-0.50477921962738,-0.279619872570038,1.41450667381287,0.176660627126694,-0.106597162783146,0.773825168609619,0.598851203918457
-0.506006121635437,-0.277841240167618,1.41528558731079,0.172721996903419,-0.105571269989014,0.772484600543976,0.60190486907959
-0.506006121635437,-0.277841240167618,1.41528558731079,0.172721996903419,-0.105571269989014,0.772484600543976,0.60190486907959
-0.507605314254761,-0.274265825748444,1.41606247425079,0.164007753133774,-0.106876827776432,0.770869314670563,0.606167733669281
-0.508586227893829,-0.272478461265564,1.41650259494781,0.160192161798477,-0.106695488095283,0.769895493984222,0.608453512191772
-0.509771406650543,-0.270595550537109,1.41685605049133,0.155939400196075,-0.106345482170582,0.769117534160614,0.610599637031555
-0.511016726493835,-0.268700033426285,1.41726911067963,0.151951387524605,-0.105030916631222,0.767394840717316,0.613990664482117
-0.51222425699234,-0.266857624053955,1.41760182380676,0.147944450378418,-0.104700580239296,0.766491591930389,0.616150140762329
-0.513479053974152,-0.264835715293884,1.4179573059082,0.144156381487846,-0.104223981499672,0.765475332736969,0.618388056755066
-0.514688014984131,-0.262829035520554,1.41828238964081,0.140564799308777,-0.103597439825535,0.764537453651428,0.620476901531219
-0.515852212905884,-0.26083517074585,1.41853380203247,0.136749029159546,-0.10328633338213,0.763407945632935,0.622768044471741
-0.516957104206085,-0.258760720491409,1.41883230209351,0.132729694247246,-0.103416062891483,0.762115597724915,0.625194251537323
-0.518178761005402,-0.256761312484741,1.41908478736877,0.129100173711777,-0.103220894932747,0.76090133190155,0.627461493015289
-0.51930171251297,-0.254589557647705,1.41922211647034,0.125424072146416,-0.10271380096674,0.759731411933899,0.62970370054245
-0.520466864109039,-0.252537697553635,1.41943442821503,0.121734820306301,-0.10269620269537,0.758419811725616,0.632007658481598
-0.521607100963593,-0.250314444303513,1.41983699798584,0.118083670735359,-0.103026606142521,0.756915628910065,0.634445190429688
-0.522613167762756,-0.248183995485306,1.41973292827606,0.114169269800186,-0.102681942284107,0.755588948726654,0.63679450750351
-0.523774743080139,-0.246182948350906,1.41985774040222,0.111056432127953,-0.103532068431377,0.755077540874481,0.63781327009201
-0.525144696235657,-0.243931293487549,1.42002475261688,0.107324779033661,-0.103732980787754,0.754032492637634,0.639652788639069
-0.525882363319397,-0.241933286190033,1.4200427532196,0.103776507079601,-0.103663548827171,0.752201437950134,0.642399787902832
-0.526861608028412,-0.239508032798767,1.42029130458832,0.100591085851192,-0.1036626547575,0.75075364112854,0.64459639787674
-0.528126418590546,-0.237860471010208,1.42020285129547,0.0972444415092468,-0.102252334356308,0.749024987220764,0.647340416908264
-0.529352247714996,-0.235588073730469,1.42040812969208,0.0929686054587364,-0.103380888700485,0.747663974761963,0.649359583854675
-0.530346632003784,-0.23352187871933,1.42023301124573,0.0899669751524925,-0.102915920317173,0.746449410915375,0.651250779628754
-0.531261622905731,-0.231558248400688,1.42021536827087,0.0863538831472396,-0.103112071752548,0.745044887065887,0.653313875198364
-0.532152533531189,-0.229349046945572,1.42024874687195,0.0837770774960517,-0.103926934301853,0.74449747800827,0.654143750667572
-0.533091843128204,-0.227311700582504,1.42019534111023,0.0802517235279083,-0.103710569441318,0.742832660675049,0.656508684158325
-0.533967852592468,-0.225258216261864,1.42014801502228,0.0774523392319679,-0.103981509804726,0.741852879524231,0.657908320426941
-0.534837305545807,-0.223196357488632,1.42010545730591,0.0744822472333908,-0.10385699570179,0.740892767906189,0.659351289272308
-0.535798311233521,-0.221197605133057,1.42009627819061,0.0711590275168418,-0.103074878454208,0.739104926586151,0.661842823028564
-0.536627471446991,-0.219095602631569,1.42007780075073,0.0687402635812759,-0.102623477578163,0.737953364849091,0.663451552391052
-0.53741580247879,-0.217002004384995,1.41991472244263,0.0664055198431015,-0.103033870458603,0.737609624862671,0.664007842540741
-0.538264751434326,-0.215133845806122,1.41984832286835,0.0631614923477172,-0.102344483137131,0.735791385173798,0.666443824768066
-0.53897625207901,-0.213035672903061,1.41958844661713,0.0613150335848331,-0.102310247719288,0.735447764396667,0.667000532150269
-0.539907455444336,-0.210978090763092,1.41985702514648,0.0588417798280715,-0.101730100810528,0.733695507049561,0.669238090515137
-0.540618777275085,-0.209195166826248,1.41952013969421,0.0559965744614601,-0.101482190191746,0.732637345790863,0.670677423477173
-0.541332602500916,-0.207194462418556,1.41954064369202,0.0536064095795154,-0.101614587008953,0.731588065624237,0.671996831893921
-0.5420902967453,-0.205209493637085,1.41946971416473,0.0519023276865482,-0.101139552891254,0.730550944805145,0.673329293727875
-0.542740166187286,-0.203258812427521,1.41924440860748,0.0497717559337616,-0.100698538124561,0.729350328445435,0.674856007099152
-0.543470680713654,-0.201266944408417,1.41936671733856,0.0482989400625228,-0.102039635181427,0.729020893573761,0.675117492675781
-0.544207692146301,-0.199469938874245,1.41919255256653,0.0457989163696765,-0.100975044071674,0.727208971977234,0.677402019500732
-0.544582784175873,-0.197370007634163,1.41907298564911,0.0444068200886249,-0.100311107933521,0.725891709327698,0.679004311561584
-0.545349717140198,-0.195371180772781,1.41915035247803,0.0430946052074432,-0.100170947611332,0.724853813648224,0.680217385292053
-0.545954704284668,-0.193678870797157,1.41884088516235,0.0410491600632667,-0.0999543443322181,0.723795533180237,0.681501269340515
-0.546623408794403,-0.191844761371612,1.41871786117554,0.0395066402852535,-0.0997821390628814,0.722806096076965,0.682666778564453
-0.547356903553009,-0.189914837479591,1.41873288154602,0.0385072790086269,-0.0994371846318245,0.722049415111542,0.683574438095093
-0.547931551933289,-0.188327923417091,1.41844177246094,0.0365526266396045,-0.0993661507964134,0.721063315868378,0.684732139110565
-0.547931551933289,-0.188327923417091,1.41844177246094,0.0365526266396045,-0.0993661507964134,0.721063315868378,0.684732139110565
-0.54913067817688,-0.184933304786682,1.41819524765015,0.0336515493690967,-0.0992310047149658,0.719385027885437,0.686662971973419
-0.549747884273529,-0.183270364999771,1.41810262203217,0.0325548760592937,-0.0987226441502571,0.718942224979401,0.687252640724182
-0.550285518169403,-0.181681498885155,1.41800439357758,0.0313230976462364,-0.0991165339946746,0.718693673610687,0.687513053417206
-0.551017701625824,-0.179981350898743,1.41802275180817,0.0305664259940385,-0.0982184186577797,0.717832803726196,0.688574612140656
-0.551525950431824,-0.17861071228981,1.41786539554596,0.0292181465774774,-0.0983615145087242,0.717349886894226,0.689115643501282
-0.55200332403183,-0.177254542708397,1.41778314113617,0.0280497092753648,-0.0983865857124328,0.716831862926483,0.689699530601501
-0.55258584022522,-0.175794810056686,1.41786170005798,0.0275267921388149,-0.0980248302221298,0.71662962436676,0.689982056617737
-0.55258584022522,-0.175794810056686,1.41786170005798,0.0275267921388149,-0.0980248302221298,0.71662962436676,0.689982056617737
-0.553570866584778,-0.173232436180115,1.41764545440674,0.0255648158490657,-0.0979150384664535,0.716202974319458,0.69051605463028
-0.554063677787781,-0.171859741210938,1.41777157783508,0.0248736999928951,-0.098246194422245,0.716132819652557,0.690567076206207
-0.554657161235809,-0.170484617352486,1.41777622699738,0.0246834605932235,-0.0978341698646545,0.716241717338562,0.690519452095032
-0.554982304573059,-0.169438362121582,1.41756749153137,0.0237668417394161,-0.0978519693017005,0.716047644615173,0.690750122070312
-0.555445671081543,-0.168222427368164,1.41751456260681,0.0232132319360971,-0.097768135368824,0.715993642807007,0.69083696603775
-0.555930852890015,-0.167056336998939,1.41750288009644,0.0226697251200675,-0.0979794189333915,0.716020226478577,0.690797328948975
-0.556319713592529,-0.16608077287674,1.41741180419922,0.0224482715129852,-0.0977488979697227,0.716157555580139,0.69069492816925
-0.556812345981598,-0.164885550737381,1.41732478141785,0.0222057159990072,-0.0975977703928947,0.716182291507721,0.690698504447937
-0.55709308385849,-0.163944095373154,1.41727375984192,0.0217068437486886,-0.0980394333600997,0.716019093990326,0.690821051597595
-0.557491421699524,-0.162898376584053,1.41721558570862,0.021476536989212,-0.0980143696069717,0.716011047363281,0.690840125083923
-0.554225087165833,-0.1648019105196,1.41751384735107,0.027942044660449,-0.0941943079233169,0.712573230266571,0.694684207439423
-0.554590284824371,-0.163775846362114,1.41742205619812,0.0276057850569486,-0.0944884270429611,0.712552487850189,0.694679021835327
-0.555003106594086,-0.162913784384727,1.41730165481567,0.0269378218799829,-0.0947713106870651,0.711970686912537,0.695262968540192
-0.555385053157806,-0.162051722407341,1.41722631454468,0.026849927380681,-0.0951072722673416,0.712006092071533,0.695184230804443
-0.55959689617157,-0.158080011606216,1.41672933101654,0.0206572655588388,-0.099264271557331,0.716181039810181,0.690510451793671
-0.560067892074585,-0.157061740756035,1.41677403450012,0.0208576172590255,-0.0996526405215263,0.716255486011505,0.690371215343475
-0.560422599315643,-0.156246662139892,1.41667258739471,0.0206362958997488,-0.10012499243021,0.71626216173172,0.690302550792694
-0.560780584812164,-0.155526906251907,1.41651427745819,0.0203824415802955,-0.100499145686626,0.716260731220245,0.690257132053375
-0.560780584812164,-0.155526906251907,1.41651427745819,0.0203824415802955,-0.100499145686626,0.716260731220245,0.690257132053375
-0.561537146568298,-0.153793394565582,1.41644072532654,0.0206528063863515,-0.101348973810673,0.716590642929077,0.689782202243805
-0.561988055706024,-0.153030037879944,1.41641879081726,0.0208300091326236,-0.101747632026672,0.716808497905731,0.689491868019104
-0.562358856201172,-0.152285933494568,1.41636860370636,0.0208713263273239,-0.102015346288681,0.716982424259186,0.689270377159119
-0.562586426734924,-0.151745975017548,1.41613829135895,0.0207066517323255,-0.102299273014069,0.716835677623749,0.689385533332825
-0.562897562980652,-0.151097625494003,1.41600942611694,0.0203447509557008,-0.102846845984459,0.716801285743713,0.68935090303421
-0.563343286514282,-0.150323987007141,1.41599559783936,0.0205722637474536,-0.102918930351734,0.717096865177155,0.689025819301605
-0.563645660877228,-0.149631440639496,1.41596436500549,0.0209090989083051,-0.103829868137836,0.717898726463318,0.688043355941772
-0.564054310321808,-0.148963078856468,1.41601645946503,0.0213642176240682,-0.104066453874111,0.718131840229034,0.687750160694122
-0.564533054828644,-0.148366242647171,1.41595220565796,0.0213246047496795,-0.104024387896061,0.717842102050781,0.688060164451599
-0.564726173877716,-0.147808492183685,1.41562151908875,0.0212162341922521,-0.103669635951519,0.717997431755066,0.687955021858215
-0.565153479576111,-0.147343128919601,1.41582262516022,0.0215605124831199,-0.104354754090309,0.718320190906525,0.687503516674042
-0.565536141395569,-0.146786779165268,1.41577994823456,0.0216394029557704,-0.104699686169624,0.718657255172729,0.687096297740936
-0.565827250480652,-0.146341383457184,1.41573452949524,0.0218006521463394,-0.104965902864933,0.718864917755127,0.686833262443542
-0.566107869148254,-0.145973935723305,1.41571545600891,0.0221923775970935,-0.104962654411793,0.719044387340546,0.686633348464966
-0.566413521766663,-0.145538330078125,1.41556906700134,0.0216727964580059,-0.105367429554462,0.719083607196808,0.686546921730042
-0.566413521766663,-0.145538330078125,1.41556906700134,0.0216727964580059,-0.105367429554462,0.719083607196808,0.686546921730042
-0.567045331001282,-0.144719436764717,1.41570043563843,0.0220248848199844,-0.10551680624485,0.719692647457123,0.685874164104462
-0.567268371582031,-0.144497007131577,1.41575002670288,0.0220865048468112,-0.105568021535873,0.720013558864594,0.685527503490448
-0.567450523376465,-0.144109383225441,1.41575515270233,0.0219503976404666,-0.106094181537628,0.720731139183044,0.684696197509766
-0.567694365978241,-0.143796771764755,1.41579675674438,0.021779915317893,-0.106176979839802,0.721177697181702,0.684218347072601
-0.568003535270691,-0.143425866961479,1.41581118106842,0.0216100569814443,-0.106755100190639,0.721968591213226,0.683299243450165
-0.568311870098114,-0.143188416957855,1.41586780548096,0.0211466178297996,-0.106390878558159,0.72227668762207,0.683044910430908
-0.568597793579102,-0.143046259880066,1.41582000255585,0.0205878615379333,-0.106022745370865,0.72253006696701,0.682851195335388
-0.568888902664185,-0.14275786280632,1.41588294506073,0.020392820239067,-0.106074437499046,0.723253846168518,0.682082235813141
-0.569066226482391,-0.142575353384018,1.41595757007599,0.0198841821402311,-0.10650809854269,0.723872125148773,0.681373596191406
-0.569271922111511,-0.142368897795677,1.41600227355957,0.019506424665451,-0.106782995164394,0.724589884281158,0.680578052997589
-0.569460451602936,-0.142320558428764,1.41581845283508,0.0189612694084644,-0.106763198971748,0.725552499294281,0.679570078849792
-0.569460451602936,-0.142320558428764,1.41581845283508,0.0189612694084644,-0.106763198971748,0.725552499294281,0.679570078849792
-0.569774031639099,-0.141879484057426,1.41572141647339,0.0185367949306964,-0.107874125242233,0.728160679340363,0.676610469818115
-0.569904088973999,-0.141819298267365,1.41568231582642,0.0183973368257284,-0.107848905026913,0.729535102844238,0.675136089324951
-0.570149719715118,-0.141613483428955,1.41562163829803,0.0181260518729686,-0.107995823025703,0.730822741985321,0.673725783824921
-0.570329606533051,-0.141415357589722,1.41573452949524,0.0180983208119869,-0.108528845012188,0.73227733373642,0.672059416770935
-0.57059383392334,-0.141384124755859,1.41566574573517,0.0175437740981578,-0.107643313705921,0.733135581016541,0.671280264854431
-0.570706248283386,-0.141319781541824,1.41560220718384,0.0171177517622709,-0.107836842536926,0.734667956829071,0.669582724571228
-0.570775747299194,-0.141342654824257,1.41554570198059,0.0167186576873064,-0.108090586960316,0.736165702342987,0.667904913425446
-0.570820093154907,-0.141387984156608,1.4153265953064,0.0161846503615379,-0.108089923858642,0.737866640090942,0.666038572788239
-0.570985555648804,-0.14134681224823,1.41525781154633,0.0161110777407884,-0.108139038085938,0.739653587341309,0.664047420024872
-0.571025907993317,-0.141228318214417,1.41517448425293,0.0162393655627965,-0.108976885676384,0.742109358310699,0.661161184310913
-0.571139395236969,-0.14127042889595,1.41493690013885,0.0156857259571552,-0.107959166169166,0.743421494960785,0.659865975379944
-0.571164667606354,-0.141253590583801,1.41476321220398,0.0154499430209398,-0.108446978032589,0.745697140693665,0.6572185754776
-0.571369707584381,-0.141259431838989,1.41502892971039,0.0154166966676712,-0.108475856482983,0.747611880302429,0.655035674571991
-0.571439981460571,-0.141289487481117,1.41497385501862,0.0151210278272628,-0.108600631356239,0.749563455581665,0.652787685394287
-0.57149612903595,-0.14112463593483,1.41488397121429,0.0152932116761803,-0.109537437558174,0.752374708652496,0.649384140968323
-0.571615695953369,-0.141068041324615,1.41487336158752,0.015319281257689,-0.10971374809742,0.75467723608017,0.646676540374756
-0.571776747703552,-0.141155928373337,1.41490721702576,0.0148120354861021,-0.109073281288147,0.756188988685608,0.645028650760651
-0.571704983711243,-0.141329169273376,1.41455852985382,0.0148782189935445,-0.108054481446743,0.758541524410248,0.642431020736694
-0.571753144264221,-0.141359135508537,1.41457629203796,0.0148437153548002,-0.108297601342201,0.760713279247284,0.639817655086517
-0.57200425863266,-0.14165435731411,1.41471254825592,0.0154536543413996,-0.10830745100975,0.763356506824493,0.636645495891571
-0.57171243429184,-0.141577184200287,1.41465926170349,0.0149795431643724,-0.109560616314411,0.765537798404694,0.633816957473755
-0.571801483631134,-0.141697868704796,1.41466891765594,0.0145736569538712,-0.109337404370308,0.767670392990112,0.631280601024628
-0.571751236915588,-0.141778603196144,1.41468822956085,0.0146277723833918,-0.109887540340424,0.770320951938629,0.627946197986603
-0.571886122226715,-0.141904577612877,1.41463732719421,0.0152065055444836,-0.108958378434181,0.772439062595367,0.625487685203552
-0.571832895278931,-0.142034217715263,1.41463994979858,0.0147115038707852,-0.109653756022453,0.774711966514587,0.622559905052185
-0.571805357933044,-0.141952186822891,1.41477143764496,0.0153555227443575,-0.110568061470985,0.777797758579254,0.618522047996521
-0.571744382381439,-0.142213404178619,1.41463470458984,0.0152392741292715,-0.110534258186817,0.780091643333435,0.615635454654694
-0.571816861629486,-0.142329216003418,1.41464328765869,0.0153476782143116,-0.110113985836506,0.7821444272995,0.613098323345184
-0.571804702281952,-0.142606437206268,1.41472268104553,0.0148842921480536,-0.11050433665514,0.784219145774841,0.610383152961731
-0.571804702281952,-0.142606437206268,1.41472268104553,0.0148842921480536,-0.11050433665514,0.784219145774841,0.610383152961731
-0.571689426898956,-0.142762273550034,1.41475868225098,0.0151331536471843,-0.110597863793373,0.788971424102783,0.604204535484314
-0.571751952171326,-0.142716437578201,1.41493582725525,0.0153453517705202,-0.111108161509037,0.791389644145966,0.600934267044067
-0.571701943874359,-0.143008977174759,1.41485393047333,0.0151520064100623,-0.111140847206116,0.793631196022034,0.597969651222229
-0.571514487266541,-0.143256440758705,1.41470158100128,0.0148263564333319,-0.111506029963493,0.795749366283417,0.595087885856628
-0.5714510679245,-0.143401995301247,1.41468322277069,0.0148980235680937,-0.111726813018322,0.798022031784058,0.591993272304535
-0.571325302124023,-0.143471509218216,1.41475486755371,0.0157914273440837,-0.112622708082199,0.80088597536087,0.587918698787689
-0.571289122104645,-0.143730074167252,1.41475832462311,0.0150005659088492,-0.112466275691986,0.802348971366882,0.585971355438232
-0.57130229473114,-0.143919229507446,1.41499960422516,0.0152634968981146,-0.113232411444187,0.804512739181519,0.582841992378235
-0.571197271347046,-0.144096851348877,1.41502213478088,0.0155010055750608,-0.113830134272575,0.806534647941589,0.57991749048233
-0.570976197719574,-0.144224748015404,1.41482853889465,0.0163187105208635,-0.114103063941002,0.809132635593414,0.576210558414459
-0.570979833602905,-0.144560918211937,1.41490232944489,0.0155534325167536,-0.11423659324646,0.810578763484955,0.574169099330902
-0.570930004119873,-0.144694596529007,1.41505873203278,0.0159361418336629,-0.114627197384834,0.812505602836609,0.571350455284119
-0.570777058601379,-0.144813299179077,1.41501998901367,0.0165586192160844,-0.115756057202816,0.814934372901917,0.567634046077728
-0.570768892765045,-0.145198836922646,1.41509056091309,0.0162442680448293,-0.115607850253582,0.816233336925507,0.565803825855255
-0.570628464221954,-0.145412474870682,1.41503024101257,0.0164949521422386,-0.1153419688344,0.81810849905014,0.563136458396912
-0.570663094520569,-0.145669400691986,1.41538429260254,0.0166078507900238,-0.116800419986248,0.819869458675385,0.560264229774475
-0.570304036140442,-0.145732313394547,1.41504979133606,0.0176402833312749,-0.117538243532181,0.822243928909302,0.556586503982544
-0.570276916027069,-0.146233081817627,1.41503417491913,0.0166725609451532,-0.116691529750824,0.82335352897644,0.555152356624603
-0.570151746273041,-0.146508872509003,1.41505217552185,0.0168579146265983,-0.116958022117615,0.824988067150116,0.552658498287201
-0.569940328598022,-0.146626904606819,1.41522741317749,0.0174141470342874,-0.11815994977951,0.82702499628067,0.54933100938797
-0.569748997688293,-0.146971568465233,1.41507089138031,0.0175025351345539,-0.118196852505207,0.828638076782227,0.546884059906006
-0.569738268852234,-0.147335693240166,1.41512048244476,0.0175613854080438,-0.117923006415367,0.829818367958069,0.54514878988266
-0.569632351398468,-0.147597938776016,1.41518259048462,0.0173483807593584,-0.117822989821434,0.831037282943726,0.543317437171936
-0.569537341594696,-0.14774340391159,1.41532981395721,0.0184528231620788,-0.118695959448814,0.833029747009277,0.54002982378006
-0.569444119930267,-0.148117959499359,1.41539418697357,0.0179736334830522,-0.118194088339806,0.83383846282959,0.538906872272491
-0.569239735603333,-0.14850702881813,1.41521906852722,0.0176557414233684,-0.118569083511829,0.835222184658051,0.536687612533569
-0.569104850292206,-0.148870140314102,1.41533958911896,0.0179271753877401,-0.119036711752415,0.836315989494324,0.534868657588959
-0.56893390417099,-0.149025425314903,1.41531050205231,0.0192564036697149,-0.120090790092945,0.838257908821106,0.531536519527435
-0.568796336650848,-0.149290457367897,1.41522693634033,0.0193636268377304,-0.120214559137821,0.839531540870667,0.52949070930481
-0.568760693073273,-0.149716973304749,1.41530764102936,0.0188454315066337,-0.120836913585663,0.840308248996735,0.528133869171143
-0.568816363811493,-0.150064527988434,1.41559612751007,0.0188032798469066,-0.120899096131325,0.840942800045013,0.52711009979248
-0.568609356880188,-0.150303155183792,1.41550469398499,0.0193578898906707,-0.121193587779999,0.842087507247925,0.525191307067871
-0.56852775812149,-0.150627598166466,1.41551542282104,0.0195383094251155,-0.120532602071762,0.843022763729095,0.523834764957428
-0.568340003490448,-0.150903671979904,1.41546547412872,0.0206610821187496,-0.121815100312233,0.844697654247284,0.520787954330444
-0.568231821060181,-0.151264429092407,1.41557288169861,0.0197697412222623,-0.122078292071819,0.845138490200043,0.520045161247253
-0.568185448646545,-0.151567503809929,1.41554665565491,0.0199024025350809,-0.121675536036491,0.845708847045898,0.519206702709198
-0.568051815032959,-0.151841253042221,1.41556870937347,0.0200296249240636,-0.121989630162716,0.84650057554245,0.517836093902588
-0.568054556846619,-0.152155667543411,1.415607213974,0.0203196946531534,-0.121982708573341,0.847483217716217,0.516216695308685
-0.568490743637085,-0.152595788240433,1.41551983356476,0.0208588484674692,-0.121278524398804,0.848881423473358,0.514059126377106
-0.568184912204742,-0.152742639183998,1.41529202461243,0.0216229241341352,-0.122205831110477,0.850287139415741,0.511478245258331
-0.568119168281555,-0.153042525053024,1.415283203125,0.0216419976204633,-0.122310377657413,0.851064205169678,0.51015830039978
-0.5680091381073,-0.153359666466713,1.41523540019989,0.0216609295457601,-0.122333012521267,0.851824164390564,0.50888204574585
-0.568056523799896,-0.153595134615898,1.4155387878418,0.0222739614546298,-0.12258792668581,0.852723181247711,0.507286190986633
-0.568107724189758,-0.1539516299963,1.41564774513245,0.021454969421029,-0.121517956256866,0.85280442237854,0.5074422955513
-0.567947387695312,-0.154250755906105,1.41549468040466,0.0213272627443075,-0.121292635798454,0.853557169437408,0.506234705448151
-0.567916691303253,-0.154651403427124,1.41541743278503,0.0224199034273624,-0.121468611061573,0.854933559894562,0.503816783428192
-0.567721843719482,-0.15468567609787,1.41547310352325,0.0220030210912227,-0.122397273778915,0.855169713497162,0.503209292888641
-0.567670881748199,-0.154919594526291,1.41549122333527,0.0220189020037651,-0.1225895434618,0.8558269739151,0.502043008804321
-0.56763768196106,-0.154998794198036,1.41563081741333,0.0225080251693725,-0.123215779662132,0.856405258178711,0.500880599021912
-0.567657947540283,-0.155167251825333,1.41583442687988,0.0223537534475326,-0.123269766569138,0.85675984621048,0.500267386436462
-0.567657947540283,-0.155167251825333,1.41583442687988,0.0223537534475326,-0.123269766569138,0.85675984621048,0.500267386436462
-0.567516267299652,-0.155687183141708,1.41575348377228,0.0224850978702306,-0.122734397649765,0.857945501804352,0.498357504606247
-0.567459404468536,-0.155865997076034,1.41576540470123,0.0225158706307411,-0.122789330780506,0.858375906944275,0.497600972652435
-0.567392826080322,-0.156043708324432,1.41577482223511,0.0223845336586236,-0.123215712606907,0.858754396438599,0.496847778558731
-0.567484200000763,-0.156417489051819,1.41576969623566,0.0232487712055444,-0.122002974152565,0.859615802764893,0.495616286993027
-0.567337036132812,-0.156642809510231,1.41554009914398,0.023330271244049,-0.122571684420109,0.860021591186523,0.494767278432846
-0.567402422428131,-0.15679132938385,1.41572868824005,0.0236864257603883,-0.122730448842049,0.860324144363403,0.494184792041779
-0.567374587059021,-0.157114416360855,1.41566205024719,0.0225395504385232,-0.12167164683342,0.859986186027527,0.495087742805481
-0.567272901535034,-0.157014831900597,1.41585826873779,0.0221357513219118,-0.122842490673065,0.859859883785248,0.495036035776138
-0.567243874073029,-0.157180160284042,1.41587245464325,0.022138450294733,-0.122816167771816,0.860161602497101,0.494518131017685
-0.567332327365875,-0.1575498431921,1.41590487957001,0.0226308349519968,-0.12195947766304,0.860866725444794,0.493479639291763
-0.567246079444885,-0.157731786370277,1.41575682163239,0.0223483629524707,-0.121670193970203,0.861171960830688,0.493031293153763
-0.567199230194092,-0.157853096723556,1.41576039791107,0.0225193873047828,-0.121983580291271,0.861518383026123,0.492340266704559
-0.567104637622833,-0.157927826046944,1.41577219963074,0.0225288979709148,-0.12237711250782,0.862149059772491,0.491136819124222
-0.566940486431122,-0.157854169607162,1.41581439971924,0.0218012742698192,-0.123233713209629,0.862095355987549,0.491049617528915
-0.566959977149963,-0.157920077443123,1.41600632667542,0.0217806734144687,-0.123484522104263,0.862399697303772,0.490452796220779
-0.566886007785797,-0.158019781112671,1.41600918769836,0.0220002606511116,-0.123756065964699,0.862757444381714,0.489744961261749
-0.566834270954132,-0.158143877983093,1.41602718830109,0.0217890311032533,-0.123827718198299,0.863006591796875,0.489296942949295
-0.566497266292572,-0.158263862133026,1.41596364974976,0.0212809927761554,-0.123324431478977,0.862952589988708,0.489541798830032
-0.566497266292572,-0.158263862133026,1.41596364974976,0.0212809927761554,-0.123324431478977,0.862952589988708,0.489541798830032
-0.566730201244354,-0.158434361219406,1.41606879234314,0.0210931524634361,-0.123555429279804,0.863662779331207,0.488237470388412
-0.566339254379272,-0.158503413200378,1.41594839096069,0.0209378581494092,-0.12332509458065,0.863666355609894,0.488296031951904
-0.56658262014389,-0.158597856760025,1.41607069969177,0.0210238453000783,-0.123595908284187,0.864182770252228,0.487309366464615
-0.566489100456238,-0.158638805150986,1.41600751876831,0.02134944871068,-0.122803658246994,0.864471912384033,0.486982405185699
-0.566495835781097,-0.158777371048927,1.41606020927429,0.0210343748331069,-0.123598210513592,0.864615619182587,0.486539870500565
-0.566552460193634,-0.159125789999962,1.41586995124817,0.0219647493213415,-0.122528210282326,0.865357339382172,0.485449284315109
-0.566409587860107,-0.158925414085388,1.41590344905853,0.0216500535607337,-0.123110756278038,0.865299940109253,0.485418379306793
-0.56650847196579,-0.159060955047607,1.41615009307861,0.0209235530346632,-0.122378706932068,0.864865481853485,0.486408740282059
-0.566392242908478,-0.159157156944275,1.41600942611694,0.0207653548568487,-0.122123129665851,0.865045309066772,0.48615974187851
-0.56638503074646,-0.159392893314361,1.41596925258636,0.0222807563841342,-0.122161373496056,0.866185069084167,0.484049260616302
-0.565973401069641,-0.159423500299454,1.41597020626068,0.0220494475215673,-0.12239171564579,0.866025269031525,0.484287410974503
-0.56589949131012,-0.159466236829758,1.41600501537323,0.0219620522111654,-0.122382529079914,0.866146683692932,0.484076499938965
-0.565831303596497,-0.159531861543655,1.4160543680191,0.0219065342098474,-0.12243127822876,0.866259038448334,0.483865708112717
-0.565767526626587,-0.159596234560013,1.41609680652618,0.0218129809945821,-0.12243690341711,0.866386771202087,0.483639717102051
-0.565704166889191,-0.159651339054108,1.41613483428955,0.0216981247067451,-0.122433856129646,0.866488099098206,0.48346409201622
-0.565689265727997,-0.159860700368881,1.41622304916382,0.0203544329851865,-0.121874243021011,0.865982174873352,0.484569013118744
-0.565597712993622,-0.159903407096863,1.41623377799988,0.0205150358378887,-0.122052125632763,0.866209268569946,0.484111547470093
-0.565520584583282,-0.159963682293892,1.4162712097168,0.0203876048326492,-0.122018560767174,0.866334021091461,0.483902245759964
-0.565358281135559,-0.159942463040352,1.4162712097168,0.0206945817917585,-0.122716449201107,0.86699903011322,0.482519626617432
-0.565267562866211,-0.159997195005417,1.41630983352661,0.0205083601176738,-0.122685045003891,0.867155909538269,0.482253581285477
-0.565214395523071,-0.160063967108727,1.41638565063477,0.0199671573936939,-0.122379973530769,0.867202460765839,0.482270181179047
-0.565126121044159,-0.160125359892845,1.41642808914185,0.0198505073785781,-0.122279673814774,0.867323279380798,0.482082962989807
-0.565034985542297,-0.160176992416382,1.41647469997406,0.0196905583143234,-0.122291371226311,0.867425978183746,0.481901884078979
-0.564956486225128,-0.160227671265602,1.41650903224945,0.0195335801690816,-0.122225753962994,0.867550134658813,0.481701225042343
-0.564835846424103,-0.160253196954727,1.41650998592377,0.0196809787303209,-0.12250043451786,0.867831468582153,0.481118410825729
-0.564754128456116,-0.160297140479088,1.41653871536255,0.0195384249091148,-0.122475191950798,0.867975354194641,0.480870962142944
-0.564670741558075,-0.160356104373932,1.41658115386963,0.0193894244730472,-0.122444793581963,0.868066847324371,0.480719417333603
-0.564594507217407,-0.160413756966591,1.41659772396088,0.0192679520696401,-0.122349172830582,0.868140995502472,0.480614900588989
-0.56454336643219,-0.160504207015038,1.41663134098053,0.0192753262817859,-0.122113905847073,0.868271112442017,0.480439364910126
-0.564464688301086,-0.160561710596085,1.41663813591003,0.01912721991539,-0.121971890330315,0.868312060832977,0.480407387018204
-0.564695715904236,-0.16064216196537,1.41666316986084,0.0191219002008438,-0.121604420244694,0.86861926317215,0.479945093393326
-0.564615488052368,-0.160699978470802,1.41668248176575,0.0190248489379882,-0.121376134455204,0.868641078472137,0.479967355728149
-0.564533412456512,-0.160757839679718,1.41667854785919,0.0189121309667825,-0.121133305132389,0.868637323379517,0.480039954185486
-0.564276278018951,-0.160583540797233,1.41670191287994,0.0181631185114383,-0.121923834085464,0.868206381797791,0.480648070573807
-0.564195990562439,-0.160610839724541,1.41674292087555,0.0181659888476133,-0.121734112501144,0.868205368518829,0.480697631835938
-0.564222812652588,-0.160796105861664,1.41681802272797,0.0169987734407186,-0.12025374174118,0.867474496364594,0.482429414987564
-0.563829004764557,-0.160814940929413,1.41676735877991,0.0169373359531164,-0.12008336186409,0.867079436779022,0.483183771371841
-0.564120531082153,-0.160922661423683,1.41682994365692,0.0171826612204313,-0.119882851839065,0.867158710956573,0.483082503080368
-0.564052045345306,-0.160956472158432,1.41679775714874,0.0172997154295444,-0.11961068958044,0.866933226585388,0.483550369739532
-0.563656628131866,-0.160985231399536,1.4165370464325,0.0173066835850477,-0.118783004581928,0.866499602794647,0.484530299901962
-0.563896238803864,-0.161049544811249,1.41656565666199,0.0175128132104873,-0.11878177523613,0.866417348384857,0.484670221805573
-0.563901305198669,-0.161047399044037,1.41668295860291,0.0178574379533529,-0.118812493979931,0.866018056869507,0.485363036394119
-0.563595175743103,-0.161220401525497,1.41639876365662,0.0192200150340795,-0.118949115276337,0.866390883922577,0.48461189866066
-0.563576519489288,-0.161230236291885,1.41630375385284,0.0194491408765316,-0.118539787828922,0.866048634052277,0.485314160585403
-0.563833892345428,-0.16118535399437,1.4164320230484,0.0198853686451911,-0.118453577160835,0.865723192691803,0.485897868871689
-0.563780248165131,-0.160942137241363,1.41659784317017,0.0187863912433385,-0.118698567152023,0.864518284797668,0.488022416830063
-0.563780248165131,-0.161033853888512,1.41638851165771,0.0186509080231189,-0.117868654429912,0.863666832447052,0.489733338356018
-0.563828885555267,-0.160985261201858,1.41651797294617,0.0190627034753561,-0.118027210235596,0.863081574440002,0.490710079669952
-0.563457310199738,-0.161053717136383,1.41627430915833,0.0191787425428628,-0.117655150592327,0.862202703952789,0.492337256669998
-0.563457369804382,-0.160958856344223,1.41619026660919,0.0193979255855083,-0.117486201226711,0.86146605014801,0.493656784296036
-0.563532710075378,-0.16114316880703,1.41597878932953,0.0211145561188459,-0.117754198610783,0.861807346343994,0.492926210165024
-0.563597440719604,-0.160764873027802,1.41637635231018,0.0200532842427492,-0.118236511945724,0.860429108142853,0.495257318019867
-0.563616096973419,-0.16070681810379,1.41635739803314,0.0203038360923528,-0.118223361670971,0.859709560871124,0.496498286724091
-0.563632249832153,-0.160697668790817,1.41613447666168,0.0206854362040758,-0.117058023810387,0.858409702777863,0.4990014731884
-0.563541233539581,-0.160667240619659,1.41587328910828,0.0206835605204105,-0.116643354296684,0.857523024082184,0.500620543956757
-0.56355619430542,-0.160664200782776,1.4157989025116,0.0207141526043415,-0.117013208568096,0.856334805488586,0.502562940120697
-0.564085602760315,-0.16059598326683,1.41607487201691,0.0212069507688283,-0.117456011474132,0.855701446533203,0.503517150878906
-0.564180850982666,-0.16049787402153,1.41609573364258,0.0216684844344854,-0.11748094111681,0.854551315307617,0.505441308021545
-0.564243316650391,-0.160432040691376,1.41607999801636,0.0221242904663085,-0.117568477988243,0.853356719017029,0.507415533065796
-0.564329326152802,-0.160315841436386,1.41609942913055,0.0227193776518106,-0.117175996303558,0.852099716663361,0.50958776473999
-0.563985168933868,-0.160235077142715,1.41609025001526,0.0226238537579774,-0.117852054536343,0.850367188453674,0.512322843074799
-0.564059495925903,-0.160197228193283,1.41601073741913,0.0230060257017612,-0.117519065737724,0.849067866802216,0.514532744884491
-0.56418764591217,-0.160058110952377,1.41610682010651,0.0232949592173099,-0.117953851819038,0.847499191761017,0.517000436782837
-0.56425017118454,-0.160065665841103,1.41600680351257,0.0236611701548099,-0.118267625570297,0.846491932868958,0.518559992313385
-0.56433242559433,-0.159747451543808,1.41600203514099,0.0252335350960493,-0.11814258992672,0.844954311847687,0.521016299724579
-0.564529538154602,-0.159534111618996,1.4160772562027,0.0253842584788799,-0.118230357766151,0.843136847019196,0.523925065994263
-0.564615428447723,-0.159560948610306,1.41605389118195,0.0251499935984611,-0.117794618010521,0.841183304786682,0.52716463804245
-0.564826190471649,-0.159405797719955,1.41628015041351,0.025278016924858,-0.118648312985897,0.839078307151794,0.530312359333038
-0.564927339553833,-0.159094244241714,1.41622066497803,0.0263292845338583,-0.117953926324844,0.83739972114563,0.533062279224396
-0.564927339553833,-0.159094244241714,1.41622066497803,0.0263292845338583,-0.117953926324844,0.83739972114563,0.533062279224396
-0.565298736095428,-0.158948585391045,1.41645956039429,0.0254570376127958,-0.11724666506052,0.832156836986542,0.54140567779541
-0.565298736095428,-0.158948585391045,1.41645956039429,0.0254570376127958,-0.11724666506052,0.832156836986542,0.54140567779541
-0.565743207931519,-0.158708214759827,1.41655778884888,0.0258683208376169,-0.116669692099094,0.827856481075287,0.548062741756439
-0.56588214635849,-0.158517211675644,1.41658186912537,0.0264932662248611,-0.116989679634571,0.826021015644073,0.550727546215057
-0.566348731517792,-0.15880386531353,1.41660344600677,0.0269755627959966,-0.115598089993,0.823520243167877,0.554728627204895
-0.566383123397827,-0.158254027366638,1.41667795181274,0.0269287526607513,-0.115891493856907,0.821218430995941,0.558071911334991
-0.566623568534851,-0.15818241238594,1.41675937175751,0.0260392185300588,-0.115432344377041,0.817985713481903,0.562935888767242
-0.566874086856842,-0.158045381307602,1.41679430007935,0.0259719993919134,-0.115071840584278,0.815282464027405,0.566920280456543
-0.567179024219513,-0.158036068081856,1.41670644283295,0.027236919850111,-0.114462606608868,0.813537895679474,0.569484531879425
-0.567428231239319,-0.157669320702553,1.41688632965088,0.0267318543046712,-0.114108338952065,0.810052037239075,0.574526309967041
-0.567690908908844,-0.157450795173645,1.41706168651581,0.0260659512132406,-0.113968141376972,0.806999385356903,0.57886415719986
-0.567941308021545,-0.157409742474556,1.41691100597382,0.0259683821350336,-0.113316558301449,0.804140090942383,0.582961142063141
-0.568279325962067,-0.157184138894081,1.41697430610657,0.0262690763920545,-0.112399414181709,0.801214694976807,0.587138235569
-0.568499803543091,-0.156938135623932,1.41697347164154,0.0266896598041057,-0.112657234072685,0.798997044563293,0.590084433555603
-0.568860769271851,-0.156835377216339,1.41694796085358,0.0258555207401514,-0.111431270837784,0.795308470726013,0.595314383506775
-0.569020330905914,-0.156663283705711,1.41677606105804,0.0258975960314273,-0.111569158732891,0.792890608310699,0.598503232002258
-0.56939685344696,-0.156447976827621,1.41696906089783,0.0260007046163082,-0.111545316874981,0.789839565753937,0.602523863315582
-0.56939685344696,-0.156447976827621,1.41696906089783,0.0260007046163082,-0.111545316874981,0.789839565753937,0.602523863315582
-0.570161521434784,-0.156283736228943,1.41703999042511,0.0256993807852268,-0.109527841210365,0.783186912536621,0.611523866653442
-0.570488572120667,-0.156104758381844,1.41705274581909,0.0254635028541088,-0.108990676701069,0.780241370201111,0.615382969379425
-0.570737540721893,-0.155660286545753,1.41714787483215,0.0256105661392211,-0.109728537499905,0.777647495269775,0.618520855903625
-0.57106226682663,-0.155718728899956,1.41706347465515,0.0247202701866626,-0.108336955308914,0.773924827575684,0.623451948165894
-0.571452677249908,-0.155562788248062,1.41708755493164,0.0247095599770545,-0.109068356454372,0.77142208814621,0.626419723033905
-0.571729958057404,-0.155143320560455,1.41698229312897,0.024778738617897,-0.107350364327431,0.767972946166992,0.630935251712799
-0.572175204753876,-0.155027478933334,1.41719400882721,0.0239799823611974,-0.107033289968967,0.764510869979858,0.63521021604538
-0.572490870952606,-0.154831498861313,1.41719830036163,0.023699989542365,-0.106760911643505,0.76141369342804,0.638975501060486
-0.572762191295624,-0.154509395360947,1.41720402240753,0.0238783452659845,-0.106710501015186,0.759003579616547,0.641838252544403
-0.573204219341278,-0.154331818222999,1.41724729537964,0.0233074128627777,-0.105374686419964,0.755192995071411,0.646557450294495
-0.573546648025513,-0.154260128736496,1.41714382171631,0.0227330513298511,-0.105051264166832,0.752095699310303,0.650230348110199
-0.573724508285522,-0.153942853212357,1.41710102558136,0.0226899571716785,-0.105193972587585,0.749560296535492,0.653130054473877
-0.574111223220825,-0.153646782040596,1.41731333732605,0.0222131684422492,-0.10402113199234,0.745777189731598,0.657649219036102
-0.574421167373657,-0.153662428259849,1.41718733310699,0.0217177346348762,-0.103518553078174,0.742530107498169,0.661408603191376
-0.57468181848526,-0.153509646654129,1.41703796386719,0.0216135401278734,-0.103077918291092,0.739621341228485,0.664731562137604
-0.574958741664886,-0.153290569782257,1.41718566417694,0.0206933356821537,-0.103062227368355,0.736349165439606,0.668386042118073
-0.575255334377289,-0.15312922000885,1.41720521450043,0.0204412639141082,-0.102537594735622,0.733055651187897,0.672084510326385
-0.575512051582336,-0.153015896677971,1.41717767715454,0.0199511982500553,-0.102086931467056,0.729927241802216,0.675563812255859
-0.575721442699432,-0.152716547250748,1.4171416759491,0.0195970200002193,-0.101769313216209,0.726861357688904,0.678919494152069
-0.57600998878479,-0.152553677558899,1.41715776920319,0.0192789360880851,-0.101272419095039,0.723729193210602,0.682340264320374
-0.576327860355377,-0.152316778898239,1.41719555854797,0.0194007903337478,-0.100898168981075,0.7208092212677,0.685475885868073
-0.576531410217285,-0.152231007814407,1.41726589202881,0.0191187188029289,-0.100828640162945,0.717860519886017,0.68858128786087
-0.576531410217285,-0.152231007814407,1.41726589202881,0.0191187188029289,-0.100828640162945,0.717860519886017,0.68858128786087
-0.576957225799561,-0.152074337005615,1.41706573963165,0.0178897529840469,-0.0994157940149307,0.711435079574585,0.695454359054565
-0.577152848243713,-0.151806950569153,1.41695463657379,0.018142094835639,-0.0993878692388534,0.708868622779846,0.698067486286163
-0.57733029127121,-0.15161269903183,1.41692137718201,0.0179260671138763,-0.0991636887192726,0.706011354923248,0.700994372367859
-0.577522039413452,-0.151411980390549,1.41685712337494,-0.0175655372440814,0.0988604873418808,-0.703115224838257,-0.703951060771942
-0.577774584293365,-0.151072919368744,1.41712057590485,-0.0176396984606981,0.0990964695811271,-0.700418651103973,-0.706599295139313
-0.577881991863251,-0.151088058948517,1.41691935062408,-0.0171571355313062,0.0987205877900123,-0.697712659835815,-0.709335565567017
-0.578066408634186,-0.151043698191643,1.41677629947662,-0.0168077126145362,0.0984749719500541,-0.695188581943512,-0.711851716041565
-0.578177690505981,-0.150779411196709,1.41662406921387,-0.0156436059623956,0.0990008413791656,-0.69256591796875,-0.714357495307922
-0.578414976596832,-0.150791734457016,1.41680586338043,-0.0160412602126598,0.0986382067203521,-0.69020813703537,-0.716676950454712
-0.578619718551636,-0.150715857744217,1.41680479049683,-0.0161606632173061,0.098582275211811,-0.687987089157104,-0.718814373016357
-0.578839004039764,-0.150424867868423,1.41696751117706,-0.0163171477615833,0.0986322462558746,-0.685945570468903,-0.720752537250519
-0.578871488571167,-0.150447815656662,1.41675102710724,-0.0159106906503438,0.0982600525021553,-0.683740258216858,-0.722904622554779
-0.579023063182831,-0.150332406163216,1.41683864593506,-0.0161525476723909,0.0978853777050972,-0.681822836399078,-0.724758565425873
-0.579178512096405,-0.150234177708626,1.41682183742523,-0.0160009656101465,0.0978375002741813,-0.679900765419006,-0.726571917533875
-0.579296469688416,-0.150086402893066,1.4168096780777,-0.0156119801104068,0.0980261489748954,-0.67800909280777,-0.728320479393005
-0.57941335439682,-0.149953573942184,1.41681778430939,-0.0155991306528449,0.0982709601521492,-0.676737427711487,-0.729469537734985
-0.579607546329498,-0.149913370609283,1.41687321662903,-0.0159351639449596,0.0973250716924667,-0.67487245798111,-0.731314659118652
-0.579741835594177,-0.149873971939087,1.416907787323,-0.015894005075097,0.0972158685326576,-0.673472762107849,-0.732619106769562
-0.579874694347382,-0.14981883764267,1.4169727563858,-0.0160680375993251,0.0971482917666435,-0.672186076641083,-0.733805119991302
-0.580068528652191,-0.149803459644318,1.41715323925018,-0.0160663202404975,0.0974822789430618,-0.671206712722778,-0.734656751155853
-0.580135583877563,-0.149739041924477,1.41710877418518,-0.0163375046104192,0.0971211940050125,-0.670194149017334,-0.735622346401215
-0.580329895019531,-0.149721562862396,1.41727757453918,-0.0165867712348699,0.097331054508686,-0.669443488121033,-0.73627233505249
-0.580407798290253,-0.149776354432106,1.41723394393921,-0.0166324190795421,0.0971604064106941,-0.668627262115479,-0.737035095691681
-0.580503761768341,-0.149871096014977,1.41726648807526,-0.0170357339084148,0.0969064459204673,-0.668094873428345,-0.73754209280014
-0.580612063407898,-0.149932637810707,1.41731631755829,-0.0173937622457742,0.0967635884881019,-0.667619705200195,-0.737982392311096
-0.580821812152863,-0.149914115667343,1.41753149032593,-0.017871581017971,0.0968754738569259,-0.667451500892639,-0.738108515739441
-0.580914855003357,-0.149964317679405,1.41757726669312,-0.0182073265314102,0.0967083349823951,-0.667299449443817,-0.738259613513947
-0.58093386888504,-0.150008469820022,1.41750550270081,-0.0186034347862005,0.0962716713547706,-0.667275607585907,-0.738328456878662
-0.58093386888504,-0.150008469820022,1.41750550270081,-0.0186034347862005,0.0962716713547706,-0.667275607585907,-0.738328456878662
-0.581073403358459,-0.15023609995842,1.41765570640564,-0.0194712374359369,0.0962333232164383,-0.667776703834534,-0.737857818603516
-0.581145942211151,-0.150384768843651,1.41771245002747,-0.0200027730315923,0.0960512235760688,-0.66829252243042,-0.73740029335022
-0.581174850463867,-0.150526195764542,1.41773569583893,-0.0203771460801363,0.0958683341741561,-0.668975114822388,-0.736794471740723
-0.581178486347198,-0.150657892227173,1.41772890090942,-0.020753500983119,0.0956290736794471,-0.669612169265747,-0.736236333847046
-0.58127760887146,-0.150886461138725,1.417853474617,-0.0212380401790142,0.0955900102853775,-0.670410633087158,-0.735500633716583
-0.581292510032654,-0.151039645075798,1.41788411140442,-0.0216396413743495,0.0953278839588165,-0.671372711658478,-0.734644830226898
-0.581365883350372,-0.151303544640541,1.41794919967651,-0.0219464935362339,0.09529310464859,-0.672352015972137,-0.733743965625763
-0.581357657909393,-0.151431739330292,1.41791892051697,-0.02239241451025,0.0948605760931968,-0.673405349254608,-0.732819974422455
-0.58145272731781,-0.151732727885246,1.4180361032486,-0.0230356082320213,0.0948191210627555,-0.674522280693054,-0.731777489185333
-0.581544756889343,-0.151984825730324,1.41818857192993,-0.0233816355466842,0.0951064452528953,-0.675640881061554,-0.730696558952332
-0.581509172916412,-0.15224751830101,1.41797840595245,-0.023966709151864,0.094601847231388,-0.676831662654877,-0.729640245437622
-0.581632852554321,-0.152571156620979,1.41802799701691,-0.0238798204809427,0.0943861156702041,-0.677839696407318,-0.728734612464905
-0.581542551517487,-0.152680829167366,1.41788792610168,-0.0247981883585453,0.0947619006037712,-0.679259538650513,-0.72733199596405
-0.581583082675934,-0.153010532259941,1.41789758205414,-0.0251396279782056,0.0949627086520195,-0.680546522140503,-0.726089835166931
-0.581709027290344,-0.153326243162155,1.41792261600494,-0.0258927829563617,0.094879537820816,-0.681822240352631,-0.724876403808594
-0.581711411476135,-0.153556525707245,1.4178718328476,-0.026621975004673,0.0945664271712303,-0.683002233505249,-0.723779201507568
-0.581704199314117,-0.153862833976746,1.4177713394165,-0.0272356048226356,0.0946234166622161,-0.684112727642059,-0.722699403762817
-0.581675589084625,-0.154431879520416,1.41759073734283,-0.0271365065127611,0.0948454886674881,-0.6852046251297,-0.721638858318329
-0.581636905670166,-0.154761180281639,1.41746354103088,-0.0274988580495119,0.0947276279330253,-0.686124086380005,-0.720766305923462
-0.58172595500946,-0.15500545501709,1.41771197319031,-0.0280889924615621,0.0951575189828872,-0.68719869852066,-0.719662368297577
-0.581816256046295,-0.155234217643738,1.41784501075745,-0.0293148234486579,0.0946777909994125,-0.688295185565948,-0.718628168106079
-0.581811785697937,-0.15568308532238,1.41775512695312,-0.0295004583895206,0.0945403277873992,-0.689167082309723,-0.71780252456665
-0.581796705722809,-0.156091913580894,1.41771483421326,-0.0298847556114196,0.094331756234169,-0.690077900886536,-0.716938555240631
-0.581807553768158,-0.156407028436661,1.41777122020721,-0.0304440949112176,0.0942229703068733,-0.690799176692963,-0.716234445571899
-0.581839025020599,-0.156785070896149,1.41782236099243,-0.0310272965580225,0.0941009223461151,-0.691696643829346,-0.715358734130859
-0.581858515739441,-0.157307416200638,1.41781342029572,-0.0310431439429521,0.093385137617588,-0.692174911499023,-0.714989125728607
-0.581760048866272,-0.157753467559814,1.41768646240234,-0.0310885552316904,0.0931636393070221,-0.6927090883255,-0.714498519897461
-0.581713855266571,-0.158049628138542,1.4178159236908,-0.0321311689913272,0.093447595834732,-0.693924427032471,-0.713234901428223
-0.581762790679932,-0.158337295055389,1.4178478717804,-0.0328589230775833,0.0930237472057342,-0.694557666778564,-0.712640523910522
-0.581701993942261,-0.158704102039337,1.41788744926453,-0.0335557833313941,0.0927072539925575,-0.695072650909424,-0.712147116661072
-0.581667304039001,-0.159142062067986,1.41789925098419,-0.0339616537094116,0.0925265103578567,-0.695798873901367,-0.711441695690155
-0.581571400165558,-0.159527659416199,1.41794371604919,-0.034692533314228,0.092325322329998,-0.696268677711487,-0.710972785949707
-0.58137184381485,-0.159880682826042,1.41772603988647,-0.0350653603672981,0.0915980711579322,-0.696830689907074,-0.710497796535492
-0.581394970417023,-0.160310462117195,1.41794836521149,-0.0358415096998214,0.0918425768613815,-0.697113871574402,-0.710149705410004
-0.58125901222229,-0.16076098382473,1.41773128509521,-0.0361181907355785,0.0913894474506378,-0.69782167673111,-0.709498763084412
-0.58125901222229,-0.16076098382473,1.41773128509521,-0.0361181907355785,0.0913894474506378,-0.69782167673111,-0.709498763084412
-0.5812668800354,-0.161314830183983,1.41821694374084,-0.037889365106821,0.0919957980513572,-0.698680758476257,-0.708481729030609
-0.581206142902374,-0.16162183880806,1.4182893037796,-0.0386258214712142,0.0920051783323288,-0.699042558670044,-0.708083868026733
-0.581093966960907,-0.161954566836357,1.41830670833588,-0.0391884110867977,0.0920058041810989,-0.699481725692749,-0.707618951797485
-0.580997169017792,-0.16228024661541,1.41836833953857,-0.0400073193013668,0.0919045433402061,-0.699886202812195,-0.707186162471771
-0.580865204334259,-0.162597924470901,1.4183611869812,-0.0407217442989349,0.0917418673634529,-0.700284957885742,-0.706771790981293
-0.580679357051849,-0.162949949502945,1.41836786270142,-0.0412141308188438,0.0918966755270958,-0.700591027736664,-0.706419587135315
-0.580528080463409,-0.163215070962906,1.41842257976532,-0.0421315282583236,0.0918727293610572,-0.701066970825195,-0.705896317958832
-0.580410480499268,-0.163477659225464,1.41843903064728,-0.0430273450911045,0.0917470157146453,-0.701444804668427,-0.705483078956604
-0.580256879329681,-0.163736298680305,1.41848611831665,-0.0438514463603496,0.0917849615216255,-0.701807618141174,-0.705066442489624
-0.580120801925659,-0.163996666669845,1.41857659816742,-0.044790182262659,0.0918926298618316,-0.702212452888489,-0.704590141773224
-0.579931437969208,-0.164197027683258,1.41863143444061,-0.0455985628068447,0.0918313786387443,-0.702656090259552,-0.704103767871857
-0.579725921154022,-0.164356052875519,1.41849958896637,-0.0461996756494045,0.0914699584245681,-0.703020453453064,-0.703747749328613
-0.579564809799194,-0.164595559239388,1.41854071617126,0.0468707457184791,-0.0913723111152648,0.703403890132904,0.703332781791687
-0.579368829727173,-0.164876088500023,1.41875326633453,0.0473029799759388,-0.091910533607006,0.703746020793915,0.70289146900177
-0.579142093658447,-0.165038883686066,1.41880929470062,0.0480127409100532,-0.0916725695133209,0.704032421112061,0.70258766412735
-0.57895165681839,-0.165277451276779,1.41886401176453,0.0486204549670219,-0.0916099473834037,0.704333364963531,0.702252209186554
-0.578746497631073,-0.165478274226189,1.41894161701202,0.0492523871362209,-0.0913721919059753,0.704575061798096,0.701996803283691
-0.578617811203003,-0.165596902370453,1.41903281211853,0.0502117276191711,-0.0906676203012466,0.705104351043701,0.701488494873047
-0.578365504741669,-0.165841072797775,1.41906976699829,0.0507482849061489,-0.0902910679578781,0.705295920372009,0.701305747032166
-0.578134119510651,-0.166092365980148,1.41916120052338,0.0511805340647697,-0.0900521650910377,0.705485105514526,0.70111471414566
-0.577882766723633,-0.166307970881462,1.41937172412872,0.0512624941766262,-0.0901795700192451,0.705539643764496,0.701037526130676
-0.577601552009583,-0.166506096720695,1.41948747634888,0.0515358410775661,-0.0898715481162071,0.70578271150589,0.700812339782715
-0.577336251735687,-0.166714891791344,1.41961431503296,0.0517456531524658,-0.0897135362029075,0.705913960933685,0.70068484544754
-0.577112317085266,-0.166926354169845,1.41984570026398,0.0526828318834304,-0.0891058072447776,0.706105589866638,0.700499534606934
-0.576872646808624,-0.167139813303947,1.41998267173767,0.0530505366623401,-0.0887192487716674,0.706249833106995,0.700375318527222
-0.576597154140472,-0.167287796735763,1.42010581493378,0.0533308498561382,-0.088313840329647,0.706506967544556,0.700145900249481
-0.576318204402924,-0.167519584298134,1.42020690441132,0.0536042526364326,-0.0879564136266708,0.706726670265198,0.699948310852051
-0.576318204402924,-0.167519584298134,1.42020690441132,0.0536042526364326,-0.0879564136266708,0.706726670265198,0.699948310852051
-0.575697898864746,-0.16797810792923,1.42035746574402,0.0541960336267948,-0.0870996341109275,0.707063436508179,0.699669778347015
-0.575384736061096,-0.168154940009117,1.42040467262268,0.0542678572237491,-0.0869640931487083,0.707259654998779,0.69948273897171
-0.575157582759857,-0.168328315019607,1.42055249214172,0.0550831481814384,-0.0863256976008415,0.707593441009521,0.699160397052765
-0.574817955493927,-0.168560341000557,1.42066502571106,0.0554905980825424,-0.0861047133803367,0.707756400108337,0.698990404605865
-0.574494540691376,-0.168691575527191,1.42071723937988,0.0559287928044796,-0.0858005583286285,0.70814722776413,0.698597013950348
-0.574152410030365,-0.16877506673336,1.42075753211975,0.0562789998948574,-0.0855055674910545,0.708370745182037,0.698378443717957
-0.573829591274261,-0.16892896592617,1.42080569267273,0.0568154379725456,-0.0851209536194801,0.708648383617401,0.698100328445435
-0.57342666387558,-0.169165030121803,1.42071604728699,0.0570097342133522,-0.0848319604992866,0.708976686000824,0.697786092758179
-0.573145031929016,-0.169222384691238,1.42082715034485,0.0579567104578018,-0.084218330681324,0.709481060504913,0.6972696185112
-0.572885930538177,-0.169233202934265,1.4210147857666,0.0589529685676097,-0.0838288813829422,0.709978044033051,0.696726977825165
-0.572572827339172,-0.169197171926498,1.42107689380646,0.0594772957265377,-0.0835830494761467,0.710519254207611,0.696160018444061
-0.572572827339172,-0.169197171926498,1.42107689380646,0.0594772957265377,-0.0835830494761467,0.710519254207611,0.696160018444061
-0.571730375289917,-0.169455677270889,1.42101502418518,0.0603653714060783,-0.0831808894872665,0.711404263973236,0.695227265357971
-0.571349143981934,-0.169479012489319,1.42101883888245,0.0611219070851802,-0.082634761929512,0.71193516254425,0.694682657718658
-0.571020126342773,-0.169601112604141,1.42109382152557,0.0620134174823761,-0.0822080448269844,0.712504386901855,0.694070339202881
-0.570546686649323,-0.169790089130402,1.42115914821625,0.0629950240254402,-0.0815917626023292,0.712982714176178,0.693563342094421
-0.57027280330658,-0.169984325766563,1.42117428779602,0.0644102096557617,-0.0806384608149528,0.71357798576355,0.692932367324829
-0.56976979970932,-0.169828251004219,1.42132639884949,0.065032809972763,-0.0803753584623336,0.713916063308716,0.692556381225586
-0.569333910942078,-0.169898509979248,1.42143738269806,0.0658633410930633,-0.0800396427512168,0.714191257953644,0.692233026027679
-0.569092035293579,-0.169670730829239,1.42167973518372,0.0669746696949005,-0.0794182196259498,0.714790403842926,0.691579163074493
-0.568676829338074,-0.169709950685501,1.42183470726013,0.0679265186190605,-0.0789329409599304,0.715272188186646,0.691043674945831
-0.568255484104156,-0.169671297073364,1.42199897766113,0.0689657926559448,-0.0782921090722084,0.715580642223358,0.690694212913513
-0.567588865756989,-0.169759571552277,1.42172002792358,0.0693645849823951,-0.0778185352683067,0.716403186321259,0.689854443073273
-0.567130923271179,-0.169876307249069,1.42188334465027,0.0700370147824287,-0.0774563029408454,0.716650009155273,0.689570844173431
-0.566746354103088,-0.170050635933876,1.4220267534256,0.0711870416998863,-0.0764585435390472,0.717204689979553,0.688987672328949
-0.56634646654129,-0.170116931200027,1.42222118377686,0.0720597058534622,-0.0753566920757293,0.717164397239685,0.689060270786285
-0.565862655639648,-0.170026481151581,1.42229092121124,0.0734131410717964,-0.0738084241747856,0.717557907104492,0.688675105571747
-0.565382599830627,-0.169999957084656,1.42256581783295,0.0744830295443534,-0.072919987142086,0.718106627464294,0.688082754611969
-0.565382599830627,-0.169999957084656,1.42256581783295,0.0744830295443534,-0.072919987142086,0.718106627464294,0.688082754611969
-0.564310729503632,-0.170233517885208,1.42279648780823,0.0760636255145073,-0.0710895061492919,0.718712508678436,0.687468409538269
-0.563779532909393,-0.170410275459289,1.42298996448517,0.0766228288412094,-0.0706972554326057,0.718854010105133,0.687298715114594
-0.56332129240036,-0.170476660132408,1.4231983423233,0.0778905525803566,-0.0693718418478965,0.719254612922668,0.686872243881226
-0.56332129240036,-0.170476660132408,1.4231983423233,0.0778905525803566,-0.0693718418478965,0.719254612922668,0.686872243881226
-0.562301874160767,-0.170584693551064,1.4236091375351,0.0803917124867439,-0.0667578652501106,0.719698250293732,0.686378180980682
-0.561668694019318,-0.170803308486938,1.4235508441925,0.0808072462677955,-0.0655638203024864,0.719959080219269,0.686170995235443
-0.561168313026428,-0.170887738466263,1.42379081249237,0.081982284784317,-0.0643927454948425,0.72014582157135,0.685946464538574
-0.560612380504608,-0.171010166406631,1.42390298843384,0.0826506465673446,-0.0634869933128357,0.720206081867218,0.685887455940247
-0.560073852539062,-0.171088993549347,1.42399883270264,0.0836688876152038,-0.0621383972465992,0.72040468454361,0.685678839683533
-0.559609532356262,-0.171055108308792,1.42427563667297,0.0849657729268074,-0.0609535984694957,0.720592319965363,0.685428500175476
-0.559060394763947,-0.171193242073059,1.42436563968658,0.0859452709555625,-0.0596904568374156,0.720752000808716,0.685249626636505
-0.559060394763947,-0.171193242073059,1.42436563968658,0.0859452709555625,-0.0596904568374156,0.720752000808716,0.685249626636505
-0.558049023151398,-0.17133417725563,1.42454552650452,0.0881282091140747,-0.0575500763952732,0.720522403717041,0.6853968501091
-0.557597160339355,-0.171611025929451,1.42448127269745,0.0886043906211853,-0.0567276626825332,0.720745623111725,0.685169160366058
-0.557597160339355,-0.171611025929451,1.42448127269745,0.0886043906211853,-0.0567276626825332,0.720745623111725,0.685169160366058
-0.556653618812561,-0.171555012464523,1.42480385303497,0.0909114331007003,-0.0543221943080425,0.721550524234772,0.684214234352112
-0.556165635585785,-0.171964913606644,1.42454600334167,0.0913287624716758,-0.0531184524297714,0.7217817902565,0.684009194374084
-0.555600225925446,-0.171731144189835,1.42477834224701,0.0922408029437065,-0.0527837909758091,0.721648633480072,0.684053122997284
-0.555600225925446,-0.171731144189835,1.42477834224701,0.0922408029437065,-0.0527837909758091,0.721648633480072,0.684053122997284
-0.554782629013062,-0.171814888715744,1.42461347579956,0.0940414369106292,-0.0507821850478649,0.721720099449158,0.683884024620056
-0.554421126842499,-0.171692222356796,1.4248274564743,0.095138631761074,-0.0503307022154331,0.722710490226746,0.682718932628632
-0.554031133651733,-0.172006890177727,1.42472910881042,0.0955558493733406,-0.0499831065535545,0.722688674926758,0.682709157466888
-0.553727030754089,-0.171936422586441,1.42465937137604,0.0967152640223503,-0.0484142713248729,0.722187221050262,0.683189511299133
-0.553383588790894,-0.171923369169235,1.42464208602905,0.0974865183234214,-0.0477297566831111,0.722251236438751,0.683060348033905
-0.552994430065155,-0.172024294734001,1.42464125156403,0.0979752987623214,-0.0472265928983688,0.722737193107605,0.6825110912323
-0.552704393863678,-0.171955794095993,1.42471730709076,0.0988526344299316,-0.0468011349439621,0.722719609737396,0.682432651519775
-0.552431225776672,-0.171968460083008,1.42468285560608,0.099530890583992,-0.0462139099836349,0.722916901111603,0.682165026664734
-0.552114009857178,-0.171974569559097,1.4246369600296,0.100131347775459,-0.0456618852913379,0.723074972629547,0.681946694850922
-0.551846921443939,-0.171974271535873,1.42459988594055,0.100527636706829,-0.0452073402702808,0.723389267921448,0.681585192680359
-0.551846921443939,-0.171974271535873,1.42459988594055,0.100527636706829,-0.0452073402702808,0.723389267921448,0.681585192680359
-0.551351010799408,-0.171942219138145,1.42452847957611,0.10141509771347,-0.0444334112107753,0.723879933357239,0.680983483791351
-0.551142871379852,-0.171938955783844,1.42450618743896,0.101725563406944,-0.0440774634480476,0.72411572933197,0.680709600448608
-0.550930678844452,-0.171927064657211,1.42449676990509,0.102035887539387,-0.0437248423695564,0.724382221698761,0.680402457714081
-0.550739705562592,-0.171922087669373,1.42449712753296,0.102316461503506,-0.0434387251734733,0.724632680416107,0.680111706256866
-0.550561606884003,-0.171897739171982,1.42442965507507,0.102547660470009,-0.0430557131767272,0.724851608276367,0.679867923259735
-0.550391554832458,-0.171882063150406,1.42442297935486,0.102614134550095,-0.0429375618696212,0.725054800510406,0.679648518562317
-0.550254106521606,-0.171898692846298,1.42442238330841,0.102690458297729,-0.0428331904113292,0.725289762020111,0.679392874240875
-0.550076484680176,-0.171831786632538,1.42440843582153,0.102681308984756,-0.043203417211771,0.726126611232758,0.678476274013519
-0.549975693225861,-0.171813249588013,1.42441248893738,0.102679267525673,-0.0431125275790691,0.726367831230164,0.678224205970764
-0.549896538257599,-0.171822786331177,1.42435693740845,0.102684922516346,-0.0429229773581028,0.726622700691223,0.677962362766266
-0.549823105335236,-0.171767652034759,1.42441737651825,0.102407105267048,-0.0433124974370002,0.726824104785919,0.677763640880585
-0.549878478050232,-0.171827033162117,1.42441248893738,0.102175816893578,-0.0431055463850498,0.726729094982147,0.67791360616684
-0.54985910654068,-0.171974807977676,1.42443740367889,0.101659126579762,-0.0438194833695888,0.726984441280365,0.677671670913696
-0.54984050989151,-0.171965003013611,1.42442297935486,0.101380132138729,-0.0440543703734874,0.727365016937256,0.677289724349976
-0.549759566783905,-0.172077536582947,1.42424273490906,0.100793458521366,-0.0443087927997112,0.727554321289062,0.677157342433929
-0.549734592437744,-0.172083526849747,1.42417168617249,0.100592814385891,-0.0444567836821079,0.72780829668045,0.676904618740082
-0.54977285861969,-0.172050327062607,1.42425167560577,0.100281335413456,-0.045054480433464,0.728082180023193,0.676616728305817
-0.549803376197815,-0.171988695859909,1.42416214942932,0.0998758450150489,-0.0452685132622718,0.728384375572205,0.676336944103241
-0.549847900867462,-0.171928465366363,1.42419636249542,0.0995525121688842,-0.0457217469811439,0.728654444217682,0.676063120365143
-0.549951195716858,-0.171630561351776,1.42430365085602,0.0998421907424926,-0.0455197170376777,0.729055106639862,0.675602078437805
-0.549989759922028,-0.171748295426369,1.42411279678345,0.0990155264735221,-0.0459967963397502,0.729406416416168,0.675312221050262
-0.550139248371124,-0.171819090843201,1.42402410507202,0.0984350070357322,-0.046467937529087,0.729859828948975,0.674874782562256
-0.550190150737762,-0.171703949570656,1.42384147644043,0.0977944210171699,-0.0466468520462513,0.730146586894989,0.674645364284515
-0.550339341163635,-0.171748265624046,1.42388987541199,0.0973741561174392,-0.0472963750362396,0.730514287948608,0.674262762069702
-0.550511837005615,-0.171758890151978,1.42384195327759,0.0966818034648895,-0.0479860305786132,0.730868935585022,0.673929214477539
-0.550642192363739,-0.171746000647545,1.42378103733063,0.0960226207971572,-0.0485753379762172,0.731190085411072,0.673632860183716
-0.550749242305756,-0.171616032719612,1.4235919713974,0.0952813923358917,-0.0488832853734493,0.731493592262268,0.67338627576828
-0.550941646099091,-0.171438753604889,1.42369866371155,0.0948451235890388,-0.0494697652757167,0.731856763362885,0.673010349273682
-0.551129758358002,-0.171628549695015,1.4235714673996,0.0935455560684204,-0.0507055036723613,0.732176184654236,0.672752737998962
-0.551359176635742,-0.17150753736496,1.4236501455307,0.0930508598685264,-0.051376137882471,0.732585191726685,0.672325134277344
-0.551609337329865,-0.171440184116363,1.42356705665588,0.0923051014542579,-0.0519020035862922,0.733090162277222,0.671836853027344
-0.55178040266037,-0.171545401215553,1.4233490228653,0.0910251811146736,-0.0528289526700973,0.733448147773743,0.67154848575592
-0.552005648612976,-0.171515256166458,1.42324459552765,0.0903015211224556,-0.0533115863800048,0.73384040594101,0.671179413795471
-0.552267849445343,-0.171441346406937,1.42312848567963,0.0893547013401985,-0.054010771214962,0.734274089336395,0.670775771141052
-0.552617371082306,-0.171655088663101,1.42333924770355,0.087922491133213,-0.056196816265583,0.734642505645752,0.670381963253021
-0.552834212779999,-0.17141917347908,1.42320656776428,0.0872692167758941,-0.0564028546214103,0.735043823719025,0.670010089874268
-0.552834212779999,-0.17141917347908,1.42320656776428,0.0872692167758941,-0.0564028546214103,0.735043823719025,0.670010089874268
-0.553061485290527,-0.171178132295608,1.42328202724457,0.0867538973689079,-0.0581661723554134,0.736128568649292,0.668734073638916
-0.553739726543427,-0.171112269163132,1.42300450801849,0.0845513865351677,-0.0597488097846508,0.737001121044159,0.667914986610413
-0.554046094417572,-0.171210587024689,1.42265450954437,0.083128921687603,-0.0603893473744392,0.73739492893219,0.667601346969604
-0.554288804531097,-0.171193227171898,1.42245173454285,0.0816933885216713,-0.0614484846591949,0.737644374370575,0.66740620136261
-0.554288804531097,-0.171193227171898,1.42245173454285,0.0816933885216713,-0.0614484846591949,0.737644374370575,0.66740620136261
-0.554950833320618,-0.171395808458328,1.42239713668823,0.0812463834881782,-0.061437003314495,0.737925946712494,0.667150497436523
-0.555181205272675,-0.17120349407196,1.42232513427734,0.0790794640779495,-0.0635208934545517,0.737945377826691,0.667194187641144
-0.555977404117584,-0.171077460050583,1.42234802246094,0.0767429694533348,-0.0660787522792816,0.738600254058838,0.666493594646454
-0.555977404117584,-0.171077460050583,1.42234802246094,0.0767429694533348,-0.0660787522792816,0.738600254058838,0.666493594646454
-0.556381940841675,-0.171103954315185,1.4221099615097,0.0751063302159309,-0.0672724395990371,0.738927721977234,0.666197717189789
-0.557361423969269,-0.170981973409653,1.42183589935303,0.0727484971284866,-0.0691382959485054,0.739808440208435,0.665290236473083
-0.557361423969269,-0.170981973409653,1.42183589935303,0.0727484971284866,-0.0691382959485054,0.739808440208435,0.665290236473083
-0.558137178421021,-0.170936465263367,1.42149198055267,0.0696461722254753,-0.0717510432004928,0.740294575691223,0.664804577827454
-0.558137178421021,-0.170936465263367,1.42149198055267,0.0696461722254753,-0.0717510432004928,0.740294575691223,0.664804577827454
-0.558988869190216,-0.170771896839142,1.42117476463318,0.0665633007884025,-0.0745543092489242,0.741464376449585,0.663506925106049
-0.558988869190216,-0.170771896839142,1.42117476463318,0.0665633007884025,-0.0745543092489242,0.741464376449585,0.663506925106049
-0.560017824172974,-0.170535624027252,1.42086839675903,0.0641320198774337,-0.0765722766518592,0.742133617401123,0.662768006324768
-0.560456156730652,-0.170605957508087,1.4206326007843,0.0626473724842071,-0.0781170055270195,0.742239117622375,0.662611544132233
-0.560988306999207,-0.170573487877846,1.42046320438385,0.0612559579312801,-0.0793632417917251,0.742560982704163,0.662232875823975
-0.561507344245911,-0.170563340187073,1.42021119594574,0.0595622509717941,-0.0802962556481361,0.742174863815308,0.662707686424255
-0.56198912858963,-0.170561820268631,1.41998267173767,0.057959210127592,-0.0816799402236938,0.742403924465179,0.662424087524414
-0.562515616416931,-0.170501798391342,1.41989243030548,0.0565380342304706,-0.0826736688613891,0.742472231388092,0.662347018718719
-0.56294059753418,-0.170447140932083,1.41963040828705,0.0548741668462753,-0.0845887139439582,0.742786347866058,0.661892771720886
-0.563406884670258,-0.170425862073898,1.41942048072815,0.0534649789333343,-0.0858828648924827,0.743004024028778,0.661597013473511
-0.564003050327301,-0.170396775007248,1.41918623447418,0.0525022111833095,-0.0866072997450828,0.743449926376343,0.661078572273254
-0.564497530460358,-0.170318648219108,1.4189760684967,0.0510212704539299,-0.0878927037119865,0.743676483631134,0.660769999027252
-0.565036296844482,-0.170028761029243,1.41892528533936,0.0495706684887409,-0.088902898132801,0.743694961071014,0.660724520683289
-0.565437138080597,-0.170090287923813,1.41854918003082,0.0479246005415916,-0.0906439051032066,0.743979275226593,0.660289168357849
-0.565954923629761,-0.170001149177551,1.4183806180954,0.0469329692423343,-0.0914583578705787,0.744229555130005,0.659965872764587
-0.566407144069672,-0.169906437397003,1.4181432723999,0.0450613982975482,-0.0925809368491172,0.744058907032013,0.660132169723511
-0.567019641399384,-0.170021817088127,1.41794371604919,0.0447917804121971,-0.0927045047283172,0.744561910629272,0.659565806388855
-0.567449152469635,-0.169966906309128,1.41776061058044,0.043043740093708,-0.0944333970546722,0.744524776935577,0.659478962421417
-0.567756116390228,-0.16963018476963,1.41759085655212,0.0411623418331146,-0.0961675867438316,0.744286775588989,0.659617006778717
-0.568233609199524,-0.169531464576721,1.41743135452271,0.0403332039713859,-0.0969016030430793,0.744452476501465,0.659373819828033
-0.568724572658539,-0.169414654374123,1.41720569133759,0.0394066795706748,-0.0976141616702079,0.744579017162323,0.659181892871857
-0.568724572658539,-0.169414654374123,1.41720569133759,0.0394066795706748,-0.0976141616702079,0.744579017162323,0.659181892871857
-0.569544076919556,-0.169152870774269,1.41682016849518,0.0373741388320922,-0.099356397986412,0.744554758071899,0.659067273139954
-0.569947898387909,-0.168953448534012,1.41673600673676,0.0362911634147167,-0.100571967661381,0.744465410709381,0.659044206142426
-0.570342242717743,-0.168937295675278,1.41646218299866,0.0357480980455875,-0.100911058485508,0.744452655315399,0.659036636352539
-0.570703327655792,-0.168795526027679,1.41624104976654,0.0350028797984123,-0.101560086011887,0.744239151477814,0.659218072891235
-0.571088075637817,-0.168632328510284,1.41614377498627,0.034242995083332,-0.102474823594093,0.744104087352753,0.659268915653229
-0.571543574333191,-0.168421417474747,1.41616320610046,0.0338266864418983,-0.103262826800346,0.744089782238007,0.65918356180191
-0.571840524673462,-0.168389588594437,1.41592764854431,0.0330365225672721,-0.103815145790577,0.743911445140839,0.659338235855103
-0.572175741195679,-0.168258354067802,1.41582560539246,0.0325627699494361,-0.104387529194355,0.743603229522705,0.659618973731995
-0.572490036487579,-0.168162062764168,1.41571569442749,0.0319333784282207,-0.105061002075672,0.743402540683746,0.659769058227539
-0.569513559341431,-0.170731902122498,1.41582679748535,0.036251600831747,-0.102183982729912,0.740164041519165,0.663627505302429
-0.569892823696136,-0.170502036809921,1.41587555408478,0.0359680019319057,-0.102778784930706,0.73985630273819,0.663894176483154
-0.570228278636932,-0.170396462082863,1.41582250595093,0.0354866124689579,-0.103281311690807,0.739695072174072,0.664021790027618
-0.570521712303162,-0.170295357704163,1.41575801372528,0.0351614542305469,-0.103617742657661,0.739485204219818,0.66422027349472
-0.570802569389343,-0.170172870159149,1.41571342945099,0.0347891263663768,-0.10403199493885,0.739200711250305,0.664491891860962
-0.571082890033722,-0.170088678598404,1.4156631231308,0.0343794897198677,-0.104505605995655,0.738905847072601,0.664766788482666
-0.571370303630829,-0.169966772198677,1.41558313369751,0.0341378226876258,-0.104500666260719,0.738722383975983,0.664983928203583
-0.571533024311066,-0.169800847768784,1.41548800468445,0.0341630801558494,-0.105698503553867,0.739204108715057,0.664257526397705
-0.571753919124603,-0.169696807861328,1.41545128822327,0.0336734913289547,-0.106097467243671,0.738991141319275,0.664455831050873
-0.572001278400421,-0.169594049453735,1.41542363166809,0.0333250872790813,-0.106396518647671,0.738799870014191,0.664638221263885
-0.572235822677612,-0.169490158557892,1.4153960943222,0.0330297425389289,-0.10666348785162,0.738650381565094,0.66477632522583
-0.572410941123962,-0.169438511133194,1.41533100605011,0.0325649157166481,-0.107079029083252,0.738457083702087,0.664947092533112
-0.572632431983948,-0.169352620840073,1.41533446311951,0.0323731377720832,-0.107070781290531,0.738315939903259,0.665114521980286
-0.572868824005127,-0.169201090931892,1.41534149646759,0.0324061624705791,-0.107061862945557,0.738275825977325,0.665158987045288
-0.573128461837769,-0.169217258691788,1.41534841060638,0.0318894051015377,-0.106407888233662,0.73745334148407,0.666200399398804
-0.573299884796143,-0.169176518917084,1.41532051563263,0.0317631587386131,-0.106531850993633,0.737401962280273,0.666243493556976
-0.573484718799591,-0.169080108404159,1.41531562805176,0.0317268334329128,-0.106547579169273,0.737399816513062,0.666245102882385
-0.573627471923828,-0.169036254286766,1.4153048992157,0.0316194146871566,-0.106663048267365,0.737348735332489,0.666288197040558
-0.573627471923828,-0.169036254286766,1.4153048992157,0.0316194146871566,-0.106663048267365,0.737348735332489,0.666288197040558
-0.573845028877258,-0.168814182281494,1.41522812843323,0.031731978058815,-0.107608824968338,0.73795872926712,0.665454983711243
-0.573984205722809,-0.168763309717178,1.41522467136383,0.0316488109529018,-0.107688039541245,0.73794823884964,0.665457904338837
-0.5740727186203,-0.168744534254074,1.41503286361694,0.0315102972090244,-0.107402302324772,0.737927138805389,0.66553395986557
-0.574163138866425,-0.168628811836243,1.41498517990112,0.0314795672893524,-0.10725311934948,0.73786997795105,0.665622651576996
-0.574297308921814,-0.168619960546494,1.41498386859894,0.0314614921808242,-0.107314430177212,0.7378751039505,0.665608048439026
-0.574297308921814,-0.168619960546494,1.41498386859894,0.0314614921808242,-0.107314430177212,0.7378751039505,0.665608048439026
-0.574545800685883,-0.168518155813217,1.41499876976013,0.0315433852374553,-0.107305184006691,0.737803876399994,0.665684640407562
-0.574665069580078,-0.168587297201157,1.41509413719177,0.0314828492701053,-0.107697114348412,0.737791776657104,0.66563755273819
-0.574774742126465,-0.168542683124542,1.41510128974915,0.0314630791544914,-0.107708409428596,0.737806677818298,0.665620267391205
-0.574871003627777,-0.16850058734417,1.41512286663055,0.031481597572565,-0.107715971767902,0.737840473651886,0.665580630302429
-0.57495778799057,-0.168451726436615,1.41514241695404,0.0315074510872364,-0.107695862650871,0.737891137599945,0.665526390075684
-0.575203001499176,-0.168626636266708,1.41513204574585,0.0322370007634162,-0.10701135545969,0.738301515579224,0.665146708488464
-0.575203001499176,-0.168626636266708,1.41513204574585,0.0322370007634162,-0.10701135545969,0.738301515579224,0.665146708488464
-0.575360357761383,-0.168523639440536,1.41519045829773,0.0322599671781063,-0.107013680040836,0.73839545249939,0.665040969848633
-0.575399518013,-0.168518975377083,1.41518640518188,0.0320220813155174,-0.107230186462402,0.738389670848846,0.665023982524872
-0.575414657592773,-0.168162882328033,1.41539478302002,0.0317202806472778,-0.107861652970314,0.738229930400848,0.665113687515259
-0.575481712818146,-0.168134748935699,1.41542172431946,0.0317880734801292,-0.107821054756641,0.73833566904068,0.664999723434448
-0.575570166110992,-0.168101608753204,1.41545701026917,0.0318504311144351,-0.107788726687431,0.738437473773956,0.664888918399811
-0.575570166110992,-0.168101608753204,1.41545701026917,0.0318504311144351,-0.107788726687431,0.738437473773956,0.664888918399811
-0.575714409351349,-0.168065279722214,1.41549909114838,0.0320384316146373,-0.107642620801926,0.738674879074097,0.664640009403229
-0.575809299945831,-0.16805724799633,1.41551828384399,0.0322044268250465,-0.10752721875906,0.738830268383026,0.664477646350861
-0.575925707817078,-0.167997509241104,1.41557240486145,0.0326774008572101,-0.107161484658718,0.739094197750092,0.664220213890076
-0.575925707817078,-0.167997509241104,1.41557240486145,0.0326774008572101,-0.107161484658718,0.739094197750092,0.664220213890076
-0.575995564460754,-0.167996764183044,1.41559755802155,0.0328663438558578,-0.107128873467445,0.739258348941803,0.664033353328705
-0.57613480091095,-0.167960554361343,1.41562294960022,0.0332743600010871,-0.106851913034916,0.739705562591553,0.663559556007385
-0.576193511486053,-0.16796025633812,1.41562569141388,0.0335568375885486,-0.106668949127197,0.739939153194427,0.66331422328949
-0.576193511486053,-0.16796025633812,1.41562569141388,0.0335568375885486,-0.106668949127197,0.739939153194427,0.66331422328949
-0.576330006122589,-0.168097674846649,1.41553282737732,0.0332521498203277,-0.105864144861698,0.739924728870392,0.66347461938858
-0.576354205608368,-0.167986303567886,1.41559934616089,0.0340202450752258,-0.106648921966553,0.740940749645233,0.662174761295319
-0.576389729976654,-0.168060481548309,1.41548299789429,0.0341746769845485,-0.1064378246665,0.741310000419617,0.661787509918213
-0.576512813568115,-0.168131917715073,1.41552531719208,0.0340741202235221,-0.105652585625648,0.741050839424133,0.662208497524261
-0.576562762260437,-0.168097779154777,1.41550421714783,0.0343390107154846,-0.105532333254814,0.741425752639771,0.661794304847717
-0.576562762260437,-0.168097779154777,1.41550421714783,0.0343390107154846,-0.105532333254814,0.741425752639771,0.661794304847717
-0.576732575893402,-0.168150037527084,1.41551375389099,0.0352901369333267,-0.105215184390545,0.742357492446899,0.66074937582016
-0.576712131500244,-0.168197244405746,1.41542267799377,0.0352614223957061,-0.10534343123436,0.742674350738525,0.660374283790588
-0.576744973659515,-0.168255746364594,1.41538906097412,0.0354264453053474,-0.105423890054226,0.743194580078125,0.659767150878906
-0.576744973659515,-0.168255746364594,1.41538906097412,0.0354264453053474,-0.105423890054226,0.743194580078125,0.659767150878906
-0.576889336109161,-0.168318688869476,1.41538631916046,0.0356389284133911,-0.105475351214409,0.743745803833008,0.659125924110413
-0.576958954334259,-0.168518990278244,1.41525745391846,0.0359844900667667,-0.10538586974144,0.744653165340424,0.658096194267273
-0.577016890048981,-0.168564051389694,1.4152444601059,0.0362759977579116,-0.105299890041351,0.74518209695816,0.657494962215424
-0.577171921730042,-0.168485254049301,1.41545307636261,0.0367975309491157,-0.105305343866348,0.745917558670044,0.656630516052246
-0.57723867893219,-0.16852480173111,1.41544830799103,0.036986518651247,-0.105290561914444,0.746459722518921,0.656005859375
-0.577272117137909,-0.168530464172363,1.41540551185608,0.0373092219233512,-0.105548091232777,0.747534811496735,0.654720902442932
