x,y,z,q0,q1,q2,q3
-0.154002517461777,-0.582825303077698,0.824801027774811,-0.717289209365845,-0.674170792102814,0.150796413421631,0.0908285081386566
-0.152039274573326,-0.579391896724701,0.822251915931702,-0.716164529323578,-0.674464166164398,0.149041816592216,0.0999641492962837
-0.152331039309502,-0.579523682594299,0.820425271987915,-0.717632174491882,-0.672896683216095,0.148294389247894,0.101106621325016
-0.152631983160973,-0.579699993133545,0.81873482465744,-0.720118939876556,-0.670504093170166,0.146030098199844,0.102605648338795
-0.154603540897369,-0.582957804203033,0.818133533000946,-0.721089363098145,-0.668883085250854,0.148748561739921,0.10246442258358
-0.153493657708168,-0.580975770950317,0.816518604755402,-0.727964401245117,-0.664598882198334,0.139037922024727,0.0951028168201446
-0.153676524758339,-0.581194400787354,0.815218865871429,-0.73051518201828,-0.662103712558746,0.136670127511024,0.0963730290532112
-0.153844386339188,-0.581268846988678,0.814031004905701,-0.73192822933197,-0.660863935947418,0.135338008403778,0.096037171781063
-0.155898064374924,-0.584651291370392,0.81352686882019,-0.733032405376434,-0.659089028835297,0.138173475861549,0.0957749858498573
-0.15395250916481,-0.580466508865356,0.811497807502747,-0.729876160621643,-0.661412596702576,0.136437028646469,0.105824954807758
-0.153945058584213,-0.580424904823303,0.811116337776184,-0.731029212474823,-0.660637021064758,0.134067639708519,0.105738773941994
-0.153791442513466,-0.580394804477692,0.810941576957703,-0.732831239700317,-0.659430623054504,0.129519179463387,0.106462515890598
-0.156195566058159,-0.584427058696747,0.81048196554184,-0.734306871891022,-0.657233238220215,0.132703959941864,0.105960384011269
-0.153319135308266,-0.581565380096436,0.812309980392456,-0.74332731962204,-0.651357471942902,0.114249393343925,0.100721701979637
-0.153319135308266,-0.581565380096436,0.812309980392456,-0.74332731962204,-0.651357471942902,0.114249393343925,0.100721701979637
-0.152335673570633,-0.581660866737366,0.813141345977783,-0.74753725528717,-0.646365880966187,0.100789107382298,0.115066379308701
-0.155526414513588,-0.586189031600952,0.812507033348083,-0.749611973762512,-0.643473744392395,0.104308061301708,0.114642918109894
-0.155526414513588,-0.586189031600952,0.812507033348083,-0.749611973762512,-0.643473744392395,0.104308061301708,0.114642918109894
-0.151720181107521,-0.583694636821747,0.817431509494781,-0.760291397571564,-0.63513308763504,0.0755677819252014,0.113368175923824
-0.151185378432274,-0.58326667547226,0.818203091621399,-0.758193790912628,-0.636973440647125,0.0711351260542869,0.119776971638203
-0.154912263154983,-0.587669491767883,0.817527294158936,-0.760566174983978,-0.633735656738281,0.0747456476092338,0.119712218642235
-0.151510328054428,-0.584748804569244,0.82242476940155,-0.763570010662079,-0.633689820766449,0.0555631145834922,0.110953934490681
-0.15135745704174,-0.584987699985504,0.824222147464752,-0.764161825180054,-0.633595108985901,0.0508767776191234,0.109660021960735
-0.151168435811996,-0.585236728191376,0.82606303691864,-0.764940321445465,-0.633140861988068,0.0446803793311119,0.109556585550308
-0.154125019907951,-0.58917224407196,0.825760364532471,-0.766968011856079,-0.630594253540039,0.0476059652864933,0.108832262456417
-0.150670439004898,-0.585276782512665,0.829406559467316,-0.76319146156311,-0.634299337863922,0.034032117575407,0.118512488901615
-0.151156604290008,-0.586412608623505,0.832426905632019,-0.766975820064545,-0.631907224655151,0.025617953389883,0.108559139072895
-0.150736063718796,-0.586359679698944,0.833950400352478,-0.764288783073425,-0.633467793464661,0.0208126306533813,0.118946321308613
-0.154041320085526,-0.590293288230896,0.833662629127502,-0.766545474529266,-0.630732357501984,0.0240506473928689,0.118347249925136
-0.1508868932724,-0.587942183017731,0.838688731193542,-0.765999913215637,-0.630907535552979,0.0041160280816257,0.123217545449734
-0.15149961411953,-0.589493095874786,0.842002391815186,-0.770540535449982,-0.626966178417206,-0.0068866768851876,0.114600911736488
-0.151651501655579,-0.590384483337402,0.844646811485291,-0.771387577056885,-0.625567734241486,-0.0152469351887702,0.115730158984661
-0.151449173688888,-0.590879261493683,0.846483945846558,-0.768331289291382,-0.626980006694794,-0.0192671697586774,0.127246677875519
-0.152116313576698,-0.592751085758209,0.850107491016388,-0.772570133209229,-0.622885465621948,-0.0317976884543895,0.118902094662189
-0.15201273560524,-0.593282520771027,0.852063655853271,-0.769119679927826,-0.624371647834778,-0.0360954441130161,0.131575986742973
-0.152283191680908,-0.594561100006104,0.854943513870239,-0.768896639347076,-0.623238861560822,-0.0460378676652908,0.135098502039909
-0.152664288878441,-0.596091628074646,0.857954621315002,-0.769118010997772,-0.621734201908112,-0.0558488816022872,0.137057930231094
-0.153202325105667,-0.597646355628967,0.860891461372375,-0.768965363502502,-0.620253086090088,-0.0648781135678291,0.140601724386215
-0.153690785169601,-0.599336564540863,0.863983452320099,-0.768194377422333,-0.618652820587158,-0.075215958058834,0.146590054035187
-0.154116332530975,-0.600854754447937,0.866945207118988,-0.768665790557861,-0.614960134029388,-0.0904578939080238,0.150978043675423
-0.154766470193863,-0.602590680122375,0.8702352643013,-0.768374919891357,-0.614452183246613,-0.095286026597023,0.151554599404335
-0.155693277716637,-0.605122983455658,0.874149799346924,-0.772219359874725,-0.607748448848724,-0.113530166447163,0.14638888835907
-0.155987486243248,-0.606162846088409,0.876763582229614,-0.767218291759491,-0.610675394535065,-0.115567192435265,0.158417671918869
-0.156671494245529,-0.607814073562622,0.880060851573944,-0.767012536525726,-0.608815550804138,-0.123458072543144,0.160603418946266
-0.157356783747673,-0.609526574611664,0.883452653884888,-0.765614748001099,-0.606991112232208,-0.134957209229469,0.164870694279671
-0.157356783747673,-0.609526574611664,0.883452653884888,-0.765614748001099,-0.606991112232208,-0.134957209229469,0.164870694279671
-0.158934816718102,-0.612993955612183,0.890334844589233,-0.763615548610687,-0.603165328502655,-0.152055755257607,0.173094928264618
-0.15974448621273,-0.614548802375793,0.893803358078003,-0.762439966201782,-0.601122260093689,-0.161269977688789,0.177000522613525
-0.16058611869812,-0.616125881671906,0.897226452827454,-0.76120924949646,-0.598118245601654,-0.172904208302498,0.181437700986862
-0.161340236663818,-0.617687284946442,0.900699257850647,-0.760472059249878,-0.594181776046753,-0.183161586523056,0.187304303050041
-0.162147507071495,-0.619036197662354,0.904224216938019,-0.759025275707245,-0.591101944446564,-0.193632185459137,0.192315712571144
-0.162990212440491,-0.62042760848999,0.907773613929748,-0.758877515792847,-0.586754679679871,-0.201364278793335,0.198181912302971
-0.163756251335144,-0.621505498886108,0.911325216293335,-0.757733821868896,-0.582739233970642,-0.211966440081596,0.203284442424774
-0.164663329720497,-0.622612833976746,0.914917469024658,-0.758002638816833,-0.578487873077393,-0.21794980764389,0.208042651414871
-0.165648683905602,-0.623646676540375,0.918582677841186,-0.75699645280838,-0.575012445449829,-0.22518227994442,0.213564842939377
-0.166395083069801,-0.624588847160339,0.922226369380951,-0.754293441772461,-0.571129977703094,-0.23666986823082,0.220996364951134
-0.167447179555893,-0.625487864017487,0.925960540771484,-0.751382291316986,-0.568215727806091,-0.24570606648922,0.228438451886177
-0.168608441948891,-0.627129435539246,0.929684817790985,-0.739726901054382,-0.564520299434662,-0.264674961566925,0.253116488456726
-0.170128017663956,-0.627792596817017,0.933199286460876,-0.735287129878998,-0.560804963111877,-0.276444166898727,0.261590570211411
-0.170940458774567,-0.627767324447632,0.936429142951965,-0.738333463668823,-0.557138323783875,-0.28206866979599,0.254750251770019
-0.172782614827156,-0.628859519958496,0.940490484237671,-0.736702978610992,-0.551273465156555,-0.298731625080109,0.253230303525925
-0.174232795834541,-0.629463613033295,0.944037795066834,-0.733427286148071,-0.545840263366699,-0.311951220035553,0.258513361215591
-0.175633326172829,-0.629553020000458,0.947387099266052,-0.729222476482391,-0.541209638118744,-0.324178695678711,0.265017360448837
-0.17685878276825,-0.629415273666382,0.95062518119812,-0.72385185956955,-0.536071121692657,-0.337692230939865,0.273185551166534
-0.177981451153755,-0.628841817378998,0.953110992908478,-0.705191731452942,-0.533327162265778,-0.353492528200149,0.305467277765274
-0.179288789629936,-0.628531336784363,0.956146895885468,-0.699652493000031,-0.52737945318222,-0.366595327854156,0.312993437051773
-0.180600672960281,-0.628096461296082,0.959297776222229,-0.695769071578979,-0.522194743156433,-0.377170324325562,0.317742615938187
-0.181679517030716,-0.626984655857086,0.961996555328369,-0.70018857717514,-0.516543626785278,-0.382652223110199,0.31063786149025
-0.182999536395073,-0.626270890235901,0.964989364147186,-0.694707691669464,-0.512304544448853,-0.393601685762405,0.316231906414032
-0.18463072180748,-0.625905096530914,0.968005239963532,-0.679280042648315,-0.507386326789856,-0.411111235618591,0.334851592779159
-0.185970395803452,-0.624735772609711,0.970764219760895,-0.6764235496521,-0.504536092281342,-0.41762438416481,0.336874306201935
-0.186846911907196,-0.622938513755798,0.97322005033493,-0.681065678596497,-0.502338528633118,-0.419923782348633,0.327825516462326
-0.188145443797112,-0.621533989906311,0.975872814655304,-0.677119612693787,-0.500316679477692,-0.426902621984482,0.330070108175278
-0.19001179933548,-0.620282292366028,0.978950083255768,-0.678843557834625,-0.497767448425293,-0.434361100196838,0.320514321327209
-0.191198319196701,-0.618479073047638,0.98142397403717,-0.675520718097687,-0.496748954057693,-0.440669268369675,0.320504158735275
-0.192258402705193,-0.616593539714813,0.983704090118408,-0.673099100589752,-0.497151494026184,-0.4429811835289,0.321785300970078
-0.192645534873009,-0.613705039024353,0.985522091388702,-0.666435897350311,-0.499901205301285,-0.443849116563797,0.330091059207916
-0.193705946207047,-0.611391544342041,0.987710475921631,-0.665145099163055,-0.499999403953552,-0.445836693048477,0.329867362976074
-0.195327177643776,-0.609887897968292,0.990434885025024,-0.667469799518585,-0.497804194688797,-0.453070551156998,0.318437695503235
-0.195962816476822,-0.606493055820465,0.991852462291718,-0.660669267177582,-0.50145822763443,-0.452609956264496,0.327414184808731
-0.19651947915554,-0.603429317474365,0.993710279464722,-0.655646085739136,-0.504623472690582,-0.453830420970917,0.330940306186676
-0.19761398434639,-0.600668013095856,0.995334982872009,-0.654296100139618,-0.504538059234619,-0.456170588731766,0.330523699522018
-0.198850125074387,-0.598301708698273,0.997178077697754,-0.654660880565643,-0.501240789890289,-0.462074846029282,0.326593369245529
-0.199527889490128,-0.594981670379639,0.998465836048126,-0.650102913379669,-0.502467751502991,-0.463334888219833,0.331984281539917
-0.200071573257446,-0.591543078422546,0.999583661556244,-0.64607310295105,-0.501647770404816,-0.466557174921036,0.336546629667282
-0.200929433107376,-0.588004946708679,1.00094354152679,-0.642887055873871,-0.5014888048172,-0.469810515642166,0.338353365659714
-0.201289102435112,-0.584091663360596,1.00190770626068,-0.633990824222565,-0.497441172599792,-0.483488082885742,0.341829001903534
-0.202536061406136,-0.580920100212097,1.00320482254028,-0.639834642410278,-0.498386889696121,-0.474100023508072,0.34271115064621
-0.203287467360496,-0.577031791210175,1.00418829917908,-0.637965798377991,-0.49653086066246,-0.476652771234512,0.345338702201843
-0.204011529684067,-0.573148488998413,1.0051908493042,-0.635704576969147,-0.494811564683914,-0.479549646377563,0.347956150770187
-0.204763859510422,-0.569130659103394,1.00611650943756,-0.634574949741364,-0.493655413389206,-0.480401068925857,0.350476086139679
-0.20559948682785,-0.565202355384827,1.00681638717651,-0.634048044681549,-0.491017758846283,-0.482436507940292,0.352335005998611
-0.208138272166252,-0.56103777885437,1.00708854198456,-0.635940611362457,-0.483031421899795,-0.489579826593399,0.350102126598358
-0.208922907710075,-0.557171761989594,1.00795459747314,-0.635019242763519,-0.480492472648621,-0.492423504590988,0.351278424263
-0.208872064948082,-0.552747666835785,1.00902247428894,-0.631868839263916,-0.482759177684784,-0.493534088134766,0.352291852235794
-0.209015041589737,-0.547558546066284,1.0088859796524,-0.623523354530334,-0.484033077955246,-0.491795152425766,0.367516607046127
-0.210599943995476,-0.543762743473053,1.01004862785339,-0.626490473747253,-0.480592310428619,-0.497374445199966,0.359387785196304
-0.210985451936722,-0.537924766540527,1.00989532470703,-0.621718049049377,-0.483081609010696,-0.492040902376175,0.371475875377655
-0.211961969733238,-0.533130764961243,1.01036381721497,-0.618415117263794,-0.482324838638306,-0.493417829275131,0.376117736101151
-0.213149562478065,-0.528001308441162,1.01066923141479,-0.616123199462891,-0.481124043464661,-0.496039628982544,0.37796413898468
-0.214375287294388,-0.522884488105774,1.01128196716309,-0.614253163337708,-0.480647623538971,-0.496952712535858,0.380406618118286
-0.215568006038666,-0.51756089925766,1.01193499565125,-0.613108217716217,-0.479731470346451,-0.497484505176544,0.382707744836807
-0.216956287622452,-0.512194633483887,1.01262080669403,-0.612272977828979,-0.478906691074371,-0.497515976428986,0.385029464960098
-0.218291342258453,-0.506653130054474,1.01338732242584,-0.611638307571411,-0.478667706251144,-0.497345328330994,0.386553794145584
-0.220411464571953,-0.502051413059235,1.01481485366821,-0.616281509399414,-0.475141823291779,-0.501766860485077,0.377713173627853
-0.221182882785797,-0.495426595211029,1.014857172966,-0.610285222530365,-0.478263556957245,-0.496084421873093,0.39078950881958
-0.223397746682167,-0.490757465362549,1.01619327068329,-0.614494264125824,-0.475124061107635,-0.500961422920227,0.381695061922073
-0.22491480410099,-0.484775483608246,1.01652097702026,-0.611644744873047,-0.475494116544724,-0.499765962362289,0.387337297201157
-0.226481020450592,-0.479309022426605,1.01719582080841,-0.611029922962189,-0.47454708814621,-0.501369178295135,0.387397289276123
-0.227390378713608,-0.472596853971481,1.01689958572388,-0.606200098991394,-0.476573467254639,-0.495359361171722,0.40002316236496
-0.227390378713608,-0.472596853971481,1.01689958572388,-0.606200098991394,-0.476573467254639,-0.495359361171722,0.40002316236496
-0.231066659092903,-0.462141007184982,1.01811957359314,-0.605859994888306,-0.471940964460373,-0.501750767230988,0.398059070110321
-0.232639044523239,-0.456446826457977,1.01824498176575,-0.601383864879608,-0.472173660993576,-0.502343237400055,0.403783649206161
-0.23395836353302,-0.450739920139313,1.01825761795044,-0.601310253143311,-0.471825122833252,-0.500779569149017,0.406235158443451
-0.235131397843361,-0.445112496614456,1.0181930065155,-0.599921107292175,-0.472866922616959,-0.498350828886032,0.410047054290771
-0.236465498805046,-0.437063217163086,1.0196008682251,-0.589774787425995,-0.407530039548874,-0.525923371315002,0.457700282335281
-0.237725511193275,-0.433825492858887,1.01776576042175,-0.598745584487915,-0.47335085272789,-0.495249629020691,0.414934605360031
-0.239109650254249,-0.425621032714844,1.01888906955719,-0.59176230430603,-0.404848724603653,-0.521475970745087,0.462577790021896
-0.24045518040657,-0.420108318328857,1.01844727993011,-0.584454655647278,-0.398873120546341,-0.525600373744965,0.472289651632309
-0.241749569773674,-0.414449512958527,1.01807296276093,-0.579917132854462,-0.393450409173965,-0.529183804988861,0.478390127420425
-0.242707923054695,-0.411450922489166,1.015456199646,-0.590215504169464,-0.469969749450684,-0.499218136072159,0.426093071699142
-0.242707923054695,-0.411450922489166,1.015456199646,-0.590215504169464,-0.469969749450684,-0.499218136072159,0.426093071699142
-0.244564443826675,-0.401099413633347,1.01446676254272,-0.590967655181885,-0.4752277135849,-0.488272815942764,0.431862473487854
-0.245428651571274,-0.395821690559387,1.0136696100235,-0.591673612594604,-0.477508962154388,-0.484138250350952,0.433033406734466
-0.246279150247574,-0.390764057636261,1.01297581195831,-0.589254796504974,-0.479746609926224,-0.483309149742126,0.434780806303024
-0.247062593698502,-0.385661959648132,1.01210916042328,-0.590376794338226,-0.481523424386978,-0.480509132146835,0.434397310018539
-0.247830510139465,-0.380666971206665,1.01145386695862,-0.589101254940033,-0.481933027505875,-0.478842675685883,0.437504410743713
-0.248544692993164,-0.375848591327667,1.01070880889893,-0.589681386947632,-0.484127849340439,-0.475127458572388,0.438349157571793
-0.249138087034225,-0.371021419763565,1.00981390476227,-0.59021931886673,-0.485035747289658,-0.473061829805374,0.438855707645416
-0.249776363372803,-0.366438925266266,1.0091986656189,-0.588207721710205,-0.48516508936882,-0.472792237997055,0.441695004701614
-0.249776363372803,-0.366438925266266,1.0091986656189,-0.588207721710205,-0.48516508936882,-0.472792237997055,0.441695004701614
-0.250659614801407,-0.35650360584259,1.00693213939667,-0.577981173992157,-0.48669558763504,-0.479796648025513,0.445937782526016
-0.251257300376892,-0.352402865886688,1.00650191307068,-0.575164496898651,-0.487662255764008,-0.479173511266708,0.449181735515594
-0.251679867506027,-0.348631381988525,1.00643348693848,-0.584452986717224,-0.489844262599945,-0.461487829685211,0.453316777944565
-0.25311079621315,-0.342869699001312,1.00786077976227,-0.583824813365936,-0.419528484344482,-0.485327184200287,0.497596472501755
-0.252734184265137,-0.34131994843483,1.00588190555573,-0.583712577819824,-0.489327222108841,-0.464038670063019,0.452224642038345
-0.254050493240356,-0.334151983261108,1.00696074962616,-0.575387895107269,-0.407235950231552,-0.48914635181427,0.513637781143188
-0.253378748893738,-0.333678930997849,1.00521838665009,-0.576202809810638,-0.490877091884613,-0.458907574415207,0.465224891901016
-0.253378748893738,-0.333678930997849,1.00521838665009,-0.576202809810638,-0.490877091884613,-0.458907574415207,0.465224891901016
-0.254039824008942,-0.32654070854187,1.00471329689026,-0.576835334300995,-0.492542862892151,-0.456595599651337,0.46495509147644
-0.25454181432724,-0.323356300592422,1.00505232810974,-0.577247321605682,-0.494244247674942,-0.457242429256439,0.461994051933289
-0.255944669246674,-0.317688405513763,1.00621378421783,-0.572432518005371,-0.420049667358398,-0.481060981750488,0.514256596565247
-0.256132304668427,-0.316480398178101,1.00431311130524,-0.569910168647766,-0.489758670330048,-0.467964559793472,0.465132266283035
-0.256572842597961,-0.313485860824585,1.00429832935333,-0.570557653903961,-0.489919990301132,-0.467743724584579,0.464390724897385
-0.257036030292511,-0.308002650737762,1.00588083267212,-0.566230595111847,-0.412154883146286,-0.493113040924072,0.516091704368591
-0.257582187652588,-0.304880559444427,1.00587916374207,-0.562474370002747,-0.402162581682205,-0.500668525695801,0.520787417888641
-0.257582187652588,-0.304880559444427,1.00587916374207,-0.562474370002747,-0.402162581682205,-0.500668525695801,0.520787417888641
-0.258376121520996,-0.298984289169312,1.00613927841187,-0.554695069789886,-0.381308168172836,-0.515586853027344,0.530177474021912
-0.258470475673675,-0.296686917543411,1.00578737258911,-0.548529863357544,-0.378891080617905,-0.522029638290405,0.532016336917877
-0.259242534637451,-0.297023266553879,1.00552845001221,-0.576471209526062,-0.428533911705017,-0.465995848178864,0.516611516475677
-0.259549379348755,-0.294870376586914,1.00556445121765,-0.574702143669128,-0.421787083148956,-0.473811030387878,0.517026662826538
-0.259975999593735,-0.292378276586533,1.005335688591,-0.570924460887909,-0.409443408250809,-0.482270896434784,0.523273944854736
-0.260256350040436,-0.290156036615372,1.00517606735229,-0.568601548671722,-0.401214867830276,-0.490105628967285,0.524896025657654
-0.260224580764771,-0.290992915630341,1.00341498851776,-0.568176865577698,-0.478266090154648,-0.472207725048065,0.474822461605072
-0.260384887456894,-0.289138346910477,1.00326073169708,-0.572166323661804,-0.477753698825836,-0.471091002225876,0.471646934747696
-0.260784834623337,-0.287534296512604,1.00340187549591,-0.572445631027222,-0.477393954992294,-0.470875293016434,0.471887618303299
-0.261099755764008,-0.285859644412994,1.00364100933075,-0.571864664554596,-0.476451724767685,-0.472870111465454,0.471548706293106
-0.261402934789658,-0.284180462360382,1.00394988059998,-0.572425484657288,-0.476582288742065,-0.473096370697021,0.470508575439453
-0.2617007791996,-0.282514035701752,1.00434505939484,-0.572859823703766,-0.4782575070858,-0.472671151161194,0.468704581260681
-0.261903822422028,-0.280932396650314,1.00479900836945,-0.573438942432404,-0.48008605837822,-0.47204852104187,0.466749668121338
-0.26230776309967,-0.279390007257461,1.00548458099365,-0.569395780563354,-0.481558233499527,-0.474370449781418,0.467827945947647
-0.262260675430298,-0.277689039707184,1.00574719905853,-0.571899652481079,-0.483513295650482,-0.47364941239357,0.463467091321945
-0.262331962585449,-0.276201605796814,1.00621509552002,-0.571703135967255,-0.485646069049835,-0.473468720912933,0.461661100387573
-0.262348830699921,-0.274767816066742,1.00666582584381,-0.572043120861053,-0.485646635293961,-0.473997503519058,0.460695773363113
-0.262288808822632,-0.273317515850067,1.00707149505615,-0.572671294212341,-0.484503865242004,-0.474663704633713,0.460432589054108
-0.262153387069702,-0.272155702114105,1.00735521316528,-0.572033703327179,-0.483030527830124,-0.475267320871353,0.462147682905197
-0.262020140886307,-0.270985007286072,1.00761520862579,-0.572423994541168,-0.482133895158768,-0.475427091121674,0.462435662746429
-0.261957943439484,-0.269845008850098,1.00797367095947,-0.569493532180786,-0.480733275413513,-0.477272689342499,0.465600460767746
-0.261448919773102,-0.268530935049057,1.00807154178619,-0.572273850440979,-0.480299055576324,-0.477513760328293,0.462380707263946
-0.261080145835876,-0.267460465431213,1.00835919380188,-0.572510838508606,-0.480368316173553,-0.47721728682518,0.462321788072586
-0.26078125834465,-0.266469240188599,1.00863921642303,-0.571920812129974,-0.480150163173675,-0.478380680084229,0.462076246738434
-0.260544806718826,-0.265322864055633,1.00915038585663,-0.572387754917145,-0.480288594961166,-0.479056388139725,0.460652023553848
-0.26009726524353,-0.26438096165657,1.00922989845276,-0.570623159408569,-0.480296105146408,-0.480197668075562,0.46164408326149
-0.259790480136871,-0.26331615447998,1.00954008102417,-0.571060597896576,-0.480906516313553,-0.479974120855331,0.460699170827866
-0.259494841098785,-0.262269675731659,1.00994884967804,-0.56997537612915,-0.481309205293655,-0.48092982172966,0.460625827312469
-0.259199768304825,-0.261258095502853,1.01045119762421,-0.5705206990242,-0.481412470340729,-0.48110494017601,0.459658861160278
-0.258957386016846,-0.260016322135925,1.01082849502563,-0.57076096534729,-0.482672959566116,-0.480646699666977,0.458516657352448
-0.259212553501129,-0.256233781576157,1.01332628726959,-0.564148902893066,-0.401897758245468,-0.508546769618988,0.511463224887848
-0.259165197610855,-0.254541277885437,1.01400125026703,-0.558761596679688,-0.392277270555496,-0.518481016159058,0.514860928058624
-0.259180545806885,-0.254684746265411,1.01453995704651,-0.571865677833557,-0.419894009828568,-0.492494761943817,0.504091024398804
-0.259268999099731,-0.253110587596893,1.01545834541321,-0.563793122768402,-0.408176422119141,-0.50298011302948,0.512386679649353
-0.259268999099731,-0.253110587596893,1.01545834541321,-0.563793122768402,-0.408176422119141,-0.50298011302948,0.512386679649353
-0.258516043424606,-0.250132024288177,1.0167578458786,-0.553934633731842,-0.401221513748169,-0.521568953990936,0.51004296541214
-0.258287906646729,-0.24860443174839,1.01752018928528,-0.54737251996994,-0.393765240907669,-0.531609773635864,0.512566030025482
-0.258067041635513,-0.246940761804581,1.01841914653778,0.538667261600494,0.381134688854217,0.542304754257202,-0.520076811313629
-0.257876455783844,-0.245145738124847,1.01912939548492,0.527224540710449,0.370866030454636,0.552099883556366,-0.528846025466919
-0.257786720991135,-0.245532333850861,1.01946496963501,-0.544727087020874,-0.402794152498245,-0.522586524486542,0.517622053623199
-0.25761467218399,-0.243742898106575,1.02049732208252,-0.538908541202545,-0.390175998210907,-0.533362090587616,0.522365033626556
-0.257054805755615,-0.242501899600029,1.02074790000916,0.531129777431488,0.391086220741272,0.541581213474274,-0.521193325519562
-0.256148099899292,-0.246213316917419,1.02032279968262,-0.558736801147461,-0.511308789253235,-0.47213613986969,0.451069802045822
-0.256888151168823,-0.242513418197632,1.02231204509735,-0.552043616771698,-0.441386580467224,-0.498227924108505,0.502190113067627
-0.256667524576187,-0.240595281124115,1.02331125736237,-0.544366300106049,-0.432554751634598,-0.509090960025787,0.50733494758606
-0.255570232868195,-0.238216727972031,1.02419483661652,-0.530008792877197,-0.433207035064697,-0.51774662733078,0.513187110424042
-0.255602955818176,-0.238921508193016,1.02498912811279,-0.552007973194122,-0.48081237077713,-0.472972005605698,0.490310877561569
-0.255602955818176,-0.238921508193016,1.02498912811279,-0.552007973194122,-0.48081237077713,-0.472972005605698,0.490310877561569
-0.255156755447388,-0.239143267273903,1.02683508396149,-0.574694633483887,-0.535279393196106,-0.412474423646927,0.461591511964798
-0.25701504945755,-0.236983388662338,1.02546906471252,-0.539620280265808,-0.53045642375946,-0.478702932596207,0.445274382829666
-0.256636142730713,-0.235545605421066,1.02660274505615,-0.534977376461029,-0.537989735603333,-0.475035488605499,0.445765674114227
-0.256396055221558,-0.233768984675407,1.02772998809814,-0.526957750320435,-0.542733609676361,-0.471078872680664,0.453695684671402
-0.256603956222534,-0.232626035809517,1.02845883369446,-0.521663665771484,-0.546332716941833,-0.47113835811615,0.455430656671524
-0.256739407777786,-0.231532141566276,1.02974617481232,-0.520411729812622,-0.551610767841339,-0.468712598085403,0.452997356653214
-0.256815612316132,-0.230603709816933,1.03045225143433,-0.516274333000183,-0.556562125682831,-0.466881394386292,0.453564703464508
-0.257144868373871,-0.22968028485775,1.03139233589172,-0.511859238147736,-0.561316668987274,-0.46457839012146,0.455072909593582
-0.25756573677063,-0.228678703308105,1.0320200920105,-0.509139180183411,-0.566661596298218,-0.462009727954865,0.454113036394119
-0.258090734481812,-0.227669194340706,1.03266787528992,-0.50581157207489,-0.572338342666626,-0.458131283521652,0.454641580581665
-0.257239580154419,-0.226897165179253,1.03406953811646,-0.500850558280945,-0.585469722747803,-0.452740728855133,0.448775470256805
-0.258109867572784,-0.226126983761787,1.03440630435944,-0.498779237270355,-0.593113303184509,-0.447381317615509,0.446414649486542
-0.259005844593048,-0.225366041064262,1.03455936908722,-0.495128095149994,-0.600210428237915,-0.442491918802261,0.445866376161575
-0.259945273399353,-0.224601447582245,1.03427720069885,-0.491187930107117,-0.607431530952454,-0.437840700149536,0.445036023855209
-0.261156141757965,-0.224043697118759,1.03421628475189,-0.488888025283813,-0.616655170917511,-0.43042442202568,0.442108154296875
-0.262919813394547,-0.223862364888191,1.0344295501709,-0.492181301116943,-0.626577615737915,-0.414845794439316,0.439387589693069
-0.264438956975937,-0.223442882299423,1.03414523601532,-0.494071066379547,-0.634519577026367,-0.408008605241776,0.432212382555008
-0.266071319580078,-0.223026096820831,1.03340590000153,-0.492679297924042,-0.64353746175766,-0.400609910488129,0.427361905574799
-0.267958760261536,-0.222799822688103,1.03280568122864,-0.492341786623001,-0.652377486228943,-0.394348323345184,0.42010971903801
-0.269925594329834,-0.222644120454788,1.03212797641754,-0.492568731307983,-0.660950481891632,-0.387622654438019,0.412637591362
-0.271973222494125,-0.222785905003548,1.0311644077301,-0.495031654834747,-0.669616937637329,-0.379252165555954,0.403390973806381
-0.274212032556534,-0.22266411781311,1.0304719209671,-0.49362900853157,-0.679781079292297,-0.370782554149628,0.395914882421493
-0.276270747184753,-0.222953781485558,1.02885961532593,-0.492110282182693,-0.686354041099548,-0.368209481239319,0.388802886009216
-0.278535127639771,-0.22335635125637,1.02826678752899,-0.494451403617859,-0.700444161891937,-0.350073486566544,0.377285420894623
-0.280620127916336,-0.224185690283775,1.02655398845673,-0.49569571018219,-0.710059881210327,-0.339264869689941,0.367423355579376
-0.282817423343658,-0.224515527486801,1.02506577968597,-0.490352869033813,-0.716631531715393,-0.338371515274048,0.362626761198044
-0.284803926944733,-0.226187065243721,1.0230005979538,-0.494531482458115,-0.727215230464935,-0.318513959646225,0.353759407997131
-0.286872863769531,-0.227412655949593,1.02091908454895,-0.497806429862976,-0.731932997703552,-0.313681423664093,0.343608826398849
-0.289183855056763,-0.229204997420311,1.01953113079071,-0.496749699115753,-0.74228036403656,-0.297637313604355,0.337153077125549
-0.291054785251617,-0.230942115187645,1.01715445518494,-0.496811836957932,-0.74530029296875,-0.293241322040558,0.334238201379776
-0.293144285678864,-0.233405262231827,1.01504909992218,-0.493847489356995,-0.749671876430511,-0.287136614322662,0.33415499329567
-0.29494109749794,-0.235758110880852,1.0131584405899,-0.50365674495697,-0.75835108757019,-0.267337620258331,0.31585493683815
-0.296738564968109,-0.238435134291649,1.01050567626953,-0.499977082014084,-0.758823156356812,-0.26809549331665,0.31989923119545
-0.298084199428558,-0.241639941930771,1.00784480571747,-0.513595879077911,-0.765505731105804,-0.247986331582069,0.29786479473114
-0.299412846565247,-0.244245335459709,1.00554394721985,-0.514289617538452,-0.765327095985413,-0.245620653033257,0.299083977937698
-0.300866037607193,-0.247701495885849,1.00296819210052,-0.519543886184692,-0.769715428352356,-0.23716801404953,0.285243093967438
-0.302170187234878,-0.251512199640274,1.00040757656097,-0.524915635585785,-0.77188777923584,-0.227031856775284,0.277686566114426
-0.303314745426178,-0.255445539951324,0.997901976108551,-0.52925980091095,-0.772643148899078,-0.215550810098648,0.276486128568649
-0.304628908634186,-0.259773224592209,0.995599865913391,-0.533158838748932,-0.775701344013214,-0.207837358117103,0.266144245862961
-0.305487304925919,-0.264362901449203,0.992904543876648,-0.539855718612671,-0.77795284986496,-0.197959497570991,0.253292888402939
-0.30639436841011,-0.269339144229889,0.990779221057892,-0.545934855937958,-0.776896059513092,-0.190321981906891,0.249329134821892
-0.306923568248749,-0.274735510349274,0.988190054893494,-0.552542984485626,-0.775824844837189,-0.182791322469711,0.243679642677307
-0.307590961456299,-0.279920876026154,0.986047983169556,-0.558912098407745,-0.77494615316391,-0.175038918852806,0.237565189599991
-0.307763338088989,-0.285752654075623,0.983460962772369,-0.567706704139709,-0.773989915847778,-0.168384686112404,0.224265739321709
-0.308004975318909,-0.291803479194641,0.981697797775269,-0.574413478374481,-0.769537925720215,-0.164150640368462,0.225643664598465
-0.308147609233856,-0.298003971576691,0.979450464248657,-0.582257211208344,-0.76448917388916,-0.1631098985672,0.223446026444435
-0.308413207530975,-0.304865270853043,0.977826476097107,-0.589670419692993,-0.764361977577209,-0.150767251849174,0.212859138846397
-0.308179020881653,-0.311644792556763,0.975900650024414,-0.599657416343689,-0.758170664310455,-0.147279903292656,0.209516152739525
-0.307779133319855,-0.318456828594208,0.973724544048309,-0.608937501907349,-0.752478659152985,-0.141824260354042,0.207019463181496
-0.307504236698151,-0.325322031974792,0.972234964370728,-0.617111682891846,-0.746583819389343,-0.143436178565025,0.203007638454437
-0.307235598564148,-0.331806033849716,0.97080260515213,-0.625689148902893,-0.74163156747818,-0.140305355191231,0.197003990411758
-0.306736677885055,-0.338699698448181,0.969120740890503,-0.633054316043854,-0.736931204795837,-0.137227803468704,0.193244606256485
-0.306252688169479,-0.345380008220673,0.967657566070557,-0.640571415424347,-0.732498228549957,-0.132779210805893,0.188372731208801
-0.305696845054626,-0.352055996656418,0.966213583946228,-0.646572053432465,-0.729345262050629,-0.127870425581932,0.183438286185265
-0.304934442043304,-0.358515471220016,0.964683532714844,-0.653177678585052,-0.72494250535965,-0.124378442764282,0.17985437810421
-0.304273307323456,-0.364709049463272,0.96333247423172,-0.658991932868958,-0.722106039524078,-0.117827698588371,0.174381986260414
-0.303410530090332,-0.371093034744263,0.962252676486969,-0.664671003818512,-0.71951562166214,-0.109331473708153,0.168985605239868
-0.302431285381317,-0.377148479223251,0.960963606834412,-0.669037282466888,-0.716659843921661,-0.105747163295746,0.166148155927658
-0.301319509744644,-0.383118987083435,0.959705829620361,-0.674940407276154,-0.713845372200012,-0.0981818735599517,0.158873453736305
-0.300303816795349,-0.389118731021881,0.958773374557495,-0.678907930850983,-0.710926413536072,-0.0928869843482971,0.158239886164665
-0.299047112464905,-0.394833475351334,0.957639038562775,-0.68311220407486,-0.707691133022308,-0.0894715040922164,0.156607195734978
-0.297775447368622,-0.400418937206268,0.956586241722107,-0.688127636909485,-0.704241573810577,-0.0852531790733337,0.152500048279762
-0.296477913856506,-0.405790746212006,0.955531597137451,-0.691288471221924,-0.701894819736481,-0.0820468664169311,0.150772839784622
-0.294921815395355,-0.410966545343399,0.954434871673584,-0.694069981575012,-0.699869811534882,-0.0781461149454116,0.149474143981934
-0.294921815395355,-0.410966545343399,0.954434871673584,-0.694069981575012,-0.699869811534882,-0.0781461149454116,0.149474143981934
-0.291747689247131,-0.420816898345947,0.952001094818115,-0.700342178344727,-0.694822609424591,-0.0680763497948646,0.148687928915024
-0.290233969688416,-0.425344854593277,0.951231598854065,-0.702668726444244,-0.694186985492706,-0.0628587901592254,0.142864748835564
-0.290233969688416,-0.425344854593277,0.951231598854065,-0.702668726444244,-0.694186985492706,-0.0628587901592254,0.142864748835564
-0.286688148975372,-0.433454543352127,0.949034988880158,-0.706098794937134,-0.692362427711487,-0.0526246838271617,0.13888680934906
-0.284799635410309,-0.437171757221222,0.947950124740601,-0.706530630588531,-0.692533254623413,-0.0453053377568721,0.138419255614281
-0.282994508743286,-0.440666198730469,0.946956992149353,-0.707318603992462,-0.69246917963028,-0.0392659157514572,0.136546775698662
-0.28084608912468,-0.443907797336578,0.945805907249451,-0.707921326160431,-0.692319810390472,-0.0341663546860218,0.135548427700996
-0.278944551944733,-0.446981161832809,0.944784998893738,-0.707835078239441,-0.692986845970154,-0.0268012359738349,0.134240418672562
-0.276795744895935,-0.449883013963699,0.943705976009369,-0.70737361907959,-0.693428337574005,-0.0231920666992664,0.135064616799354
-0.274706393480301,-0.452535599470138,0.94264805316925,-0.706717491149902,-0.694432735443115,-0.0177446883171796,0.134159907698631
-0.27249139547348,-0.455115854740143,0.941390454769134,-0.706317365169525,-0.695307850837708,-0.0118216117843985,0.132376089692116
-0.270195007324219,-0.457314401865005,0.940060198307037,-0.705088675022125,-0.696380972862244,-0.0098556457087397,0.133439868688583
-0.268369793891907,-0.460142105817795,0.939388155937195,-0.7072873711586,-0.695842146873474,-0.0071282619610428,0.124488562345505
-0.265681982040405,-0.461322814226151,0.937208414077759,-0.701950430870056,-0.699943363666534,0.0022834565024822,0.131678566336632
-0.263427138328552,-0.462921470403671,0.935740232467651,-0.69990211725235,-0.702206254005432,0.0090787410736083,0.130236133933067
-0.261057406663895,-0.464353561401367,0.934054732322693,-0.697743833065033,-0.704376399517059,0.0140604535117745,0.129653811454773
-0.258725583553314,-0.465651452541351,0.932193100452423,-0.69507247209549,-0.706945717334747,0.0222067162394523,0.12887792289257
-0.256277590990066,-0.466823279857635,0.930313408374786,-0.692961871623993,-0.708938121795654,0.0294891819357872,0.127833023667336
-0.253889679908752,-0.467842906713486,0.928421139717102,-0.689789175987244,-0.711597204208374,0.0364009737968444,0.128434017300606
-0.251427590847015,-0.468714505434036,0.926499247550964,-0.686664760112762,-0.714268684387207,0.0436727106571197,0.128080502152443
-0.24904827773571,-0.469426661729813,0.924422740936279,-0.682701051235199,-0.71710729598999,0.0512474924325943,0.130576103925705
-0.246535629034042,-0.470113158226013,0.922325074672699,-0.680080056190491,-0.718647480010986,0.0576610304415226,0.133086860179901
-0.244110479950905,-0.470628708600998,0.920271217823029,-0.676821172237396,-0.720751643180847,0.064629316329956,0.135106861591339
-0.24168036878109,-0.470909625291824,0.918083012104034,-0.672861099243164,-0.723262369632721,0.0705807581543922,0.138448983430862
-0.239173278212547,-0.471089601516724,0.915942490100861,-0.669975757598877,-0.725074231624603,0.0765053629875183,0.139810249209404
-0.236811026930809,-0.4711694419384,0.913582444190979,-0.666306853294373,-0.727165639400482,0.0836350321769714,0.142376452684402
-0.234559744596481,-0.471154004335403,0.911418199539185,-0.661943793296814,-0.729909658432007,0.0920238569378852,0.143505901098251
-0.232235938310623,-0.47107857465744,0.909040093421936,-0.657844364643097,-0.732124805450439,0.0993788465857505,0.146143034100533
-0.230064421892166,-0.47094938158989,0.906669437885284,-0.65342777967453,-0.734404444694519,0.107719570398331,0.148589730262756
-0.227472990751266,-0.47079786658287,0.904272079467773,-0.650494158267975,-0.735410809516907,0.11427665501833,0.151555418968201
-0.225270092487335,-0.470539748668671,0.901806473731995,-0.64618706703186,-0.737139999866486,0.123071163892746,0.154663935303688
-0.223592877388,-0.470012426376343,0.899042248725891,-0.638245582580566,-0.742591679096222,0.131490558385849,0.154630109667778
-0.221380889415741,-0.469378113746643,0.896620512008667,-0.633845627307892,-0.743152618408203,0.13885360956192,0.163353621959686
-0.219489455223083,-0.46913081407547,0.893890202045441,-0.629242718219757,-0.746305763721466,0.146095529198646,0.160429626703262
-0.217615574598312,-0.468743115663528,0.89119827747345,-0.625079154968262,-0.747711539268494,0.15352725982666,0.163196295499802
-0.215651899576187,-0.468267977237701,0.88853907585144,-0.620370507240295,-0.749401450157166,0.160857170820236,0.166321247816086
-0.213752284646034,-0.467829883098602,0.885769128799438,-0.616786181926727,-0.750233471393585,0.167573913931847,0.169245004653931
-0.212097138166428,-0.467380344867706,0.883063912391663,-0.612985193729401,-0.751472473144531,0.175381660461426,0.169644251465797
-0.210310190916061,-0.466730415821075,0.880209028720856,-0.610062181949615,-0.751779973506927,0.181335791945457,0.172534853219986
-0.208709731698036,-0.466241449117661,0.877379894256592,-0.605726540088654,-0.752500712871552,0.18947859108448,0.175886288285255
-0.207218497991562,-0.465826511383057,0.874521255493164,-0.601726353168488,-0.753265738487244,0.196994289755821,0.178071528673172
-0.205960363149643,-0.465558409690857,0.871885299682617,-0.596084535121918,-0.754963874816895,0.206188067793846,0.179442763328552
-0.204538688063621,-0.464986205101013,0.869008183479309,-0.593343257904053,-0.754896938800812,0.210701301693916,0.183518975973129
-0.203348889946938,-0.464660227298737,0.866338193416595,-0.589608788490295,-0.755501508712769,0.216516107320785,0.186278268694878
-0.202148288488388,-0.464281380176544,0.863780677318573,-0.587668895721436,-0.755151450634003,0.220948621630669,0.188609719276428
-0.201010227203369,-0.464342951774597,0.861277461051941,-0.582202970981598,-0.757328867912292,0.226685479283333,0.190015628933906
-0.200017660856247,-0.463925123214722,0.858614683151245,-0.582675278186798,-0.755488216876984,0.229819133877754,0.192119717597961
-0.198985993862152,-0.463817030191422,0.856177091598511,-0.578352332115173,-0.756950736045837,0.235812306404114,0.192162409424782
-0.198266416788101,-0.463603079319,0.853881001472473,-0.576396346092224,-0.757562577724457,0.240535989403725,0.18975967168808
-0.197404086589813,-0.463870167732239,0.851842880249023,-0.571371257305145,-0.760685801506042,0.244644999504089,0.18719270825386
-0.196565046906471,-0.464077055454254,0.849887192249298,-0.569224119186401,-0.761736869812012,0.248151168227196,0.184829786419868
-0.195697292685509,-0.464206337928772,0.848069965839386,-0.569483876228333,-0.761536478996277,0.248829171061516,0.183941289782524
-0.194913506507874,-0.464722037315369,0.846640467643738,-0.56676173210144,-0.763425350189209,0.250594615936279,0.182113274931908
-0.194112986326218,-0.477334499359131,0.847926735877991,-0.571687638759613,-0.758626282215118,0.25685253739357,0.178006172180176
-0.193267002701759,-0.465398550033569,0.844080567359924,-0.567677974700928,-0.765060663223267,0.247422024607658,0.176653102040291
-0.192603051662445,-0.465989351272583,0.843113780021667,-0.565092623233795,-0.767201542854309,0.247246116399765,0.175901129841805
-0.191604316234589,-0.46592390537262,0.841930150985718,-0.566042363643646,-0.767368376255035,0.244710251688957,0.175666347146034
-0.191340282559395,-0.466619312763214,0.841211140155792,-0.565561771392822,-0.768592178821564,0.241539090871811,0.176252886652946
-0.191038146615028,-0.467021912336349,0.840411186218262,-0.564506649971008,-0.769574165344238,0.240525737404823,0.176734745502472
-0.190885052084923,-0.467550575733185,0.839931607246399,-0.561186790466309,-0.773021876811981,0.238845646381378,0.174525961279869
-0.190729841589928,-0.467617958784103,0.839427351951599,-0.560491800308228,-0.774990558624268,0.232751280069351,0.176253572106361
-0.190770909190178,-0.467849791049957,0.839247226715088,-0.560006201267242,-0.776332259178162,0.228757232427597,0.177119761705399
-0.190963804721832,-0.468742668628693,0.839587688446045,-0.557322084903717,-0.778455555438995,0.224327281117439,0.181868642568588
-0.190963804721832,-0.468742668628693,0.839587688446045,-0.557322084903717,-0.778455555438995,0.224327281117439,0.181868642568588
-0.190971195697784,-0.468950241804123,0.839713215827942,-0.553411662578583,-0.784094035625458,0.22081883251667,0.173698574304581
-0.191312551498413,-0.470066666603088,0.840563535690308,-0.549770414829254,-0.787491321563721,0.220851644873619,0.169807270169258
-0.191060528159142,-0.470111846923828,0.840996503829956,-0.549698173999786,-0.788527727127075,0.21722212433815,0.169913962483406
-0.191085413098335,-0.470712959766388,0.84222412109375,-0.549112915992737,-0.789784848690033,0.213873282074928,0.170215129852295
-0.191119879484177,-0.471490234136581,0.843559443950653,-0.547857940196991,-0.791849613189697,0.2089703977108,0.170755326747894
-0.191506430506706,-0.472924560308456,0.845443844795227,-0.544184923171997,-0.795063555240631,0.205904692411423,0.171288534998894
-0.191506430506706,-0.472924560308456,0.845443844795227,-0.544184923171997,-0.795063555240631,0.205904692411423,0.171288534998894
-0.191567897796631,-0.474576264619827,0.849227547645569,-0.544611811637878,-0.798653662204742,0.193375900387764,0.167797952890396
-0.191737353801727,-0.47550368309021,0.851609528064728,-0.544595241546631,-0.800812423229218,0.186602994799614,0.165211901068687
-0.19214554131031,-0.476745098829269,0.854254364967346,-0.542602241039276,-0.804371356964111,0.181892961263657,0.159638583660126
-0.192291662096977,-0.477601855993271,0.857083737850189,-0.543371379375458,-0.806182444095612,0.17208868265152,0.158753424882889
-0.192540496587753,-0.47863182425499,0.860241413116455,-0.542892634868622,-0.808688521385193,0.164679199457168,0.155471295118332
-0.192985594272613,-0.480045825242996,0.863723874092102,-0.541384279727936,-0.811240971088409,0.160078957676888,0.152203217148781
-0.19314095377922,-0.481005817651749,0.867408633232117,-0.542055726051331,-0.81272691488266,0.151168435811996,0.150992900133133
-0.19314095377922,-0.481005817651749,0.867408633232117,-0.542055726051331,-0.81272691488266,0.151168435811996,0.150992900133133
-0.193391546607017,-0.483461856842041,0.875671148300171,-0.541277229785919,-0.816372334957123,0.137769386172295,0.146882981061935
-0.193570092320442,-0.484961748123169,0.880366146564484,-0.539965569972992,-0.818706750869751,0.133305341005325,0.142780303955078
-0.193493545055389,-0.486012846231461,0.885015308856964,-0.541903614997864,-0.818446815013885,0.126505970954895,0.143113926053047
-0.193397387862206,-0.487378090620041,0.890227794647217,-0.540874123573303,-0.820518493652344,0.12110859900713,0.13977424800396
-0.193202689290047,-0.488442838191986,0.895444273948669,-0.542198896408081,-0.820761144161224,0.113447636365891,0.139647990465164
-0.192971736192703,-0.489622473716736,0.901154696941376,-0.542670786380768,-0.821720719337463,0.107084289193153,0.137171730399132
-0.192759126424789,-0.490845143795013,0.906975746154785,-0.542219758033752,-0.822992622852325,0.100956037640572,0.135972678661346
-0.192542225122452,-0.491969287395477,0.912916302680969,-0.542115092277527,-0.824015080928802,0.0950284227728843,0.134460940957069
-0.19223265349865,-0.493069529533386,0.919316947460175,-0.541771471500397,-0.825544595718384,0.0881427079439163,0.131112888455391
-0.192001178860664,-0.494331896305084,0.925876021385193,-0.539755403995514,-0.828057706356049,0.0834008082747459,0.126605078577995
-0.191602081060409,-0.49525448679924,0.932491660118103,-0.540778160095215,-0.828490853309631,0.0750634223222732,0.124608069658279
-0.1912632137537,-0.496145695447922,0.939356207847595,-0.539253234863281,-0.830428957939148,0.0686821267008781,0.121969178318977
-0.193509444594383,-0.505442559719086,0.94071638584137,-0.545227110385895,-0.826427638530731,0.074323296546936,0.119250200688839
-0.190499052405357,-0.49770587682724,0.953255414962769,-0.537260830402374,-0.834206402301788,0.0548578836023807,0.111539326608181
-0.189951702952385,-0.498423010110855,0.960323393344879,-0.536659240722656,-0.835801303386688,0.0475924499332904,0.105680078268051
-0.189597904682159,-0.499082922935486,0.967302918434143,-0.536069095134735,-0.837251305580139,0.0404725112020969,0.100012704730034
-0.190487876534462,-0.501998126506805,0.967991709709168,-0.538542807102203,-0.835670650005341,0.0414496734738349,0.0995416492223739
-0.188131436705589,-0.499857783317566,0.981410026550293,-0.533764958381653,-0.840563237667084,0.022863034158945,0.0895847976207733
-0.187524706125259,-0.500298202037811,0.98840194940567,-0.532496750354767,-0.842097878456116,0.0154945077374577,0.0841310694813728
-0.186985790729523,-0.501011610031128,0.995542466640472,-0.532792210578918,-0.84257984161377,0.0098384590819478,0.07806958258152
-0.186545670032501,-0.502177655696869,0.996830821037292,-0.5329629778862,-0.842619299888611,0.0101477885618805,0.0764213353395462
-0.18571899831295,-0.501137554645538,1.00915205478668,-0.527400314807892,-0.84677916765213,-0.0064960089512169,0.0690734088420867
-0.184528097510338,-0.501213192939758,1.01604866981506,-0.528594613075256,-0.846549808979034,-0.014779039658606,0.0610127113759517
-0.184528097510338,-0.501213192939758,1.01604866981506,-0.528594613075256,-0.846549808979034,-0.014779039658606,0.0610127113759517
-0.182205632328987,-0.498432487249374,1.02436423301697,-0.521803677082062,-0.850775122642517,-0.025317046791315,0.057111095637083
-0.182459518313408,-0.500688433647156,1.03555941581726,-0.524101853370667,-0.849654257297516,-0.0382496826350688,0.0440651066601276
-0.181720405817032,-0.500310361385345,1.04189836978912,-0.52297055721283,-0.850250363349915,-0.046382013708353,0.0377455875277519
-0.181122288107872,-0.499787390232086,1.04794275760651,-0.521467506885529,-0.850978672504425,-0.0539010986685752,0.0316506512463092
-0.177027627825737,-0.49455052614212,1.05100190639496,-0.517310380935669,-0.853042721748352,-0.0620586313307285,0.0292721707373857
-0.179867789149284,-0.498291313648224,1.0595166683197,-0.518242478370667,-0.852204442024231,-0.0689098015427589,0.0205827467143535
-0.179228782653809,-0.497344493865967,1.06492602825165,-0.516757667064667,-0.852595627307892,-0.0762857347726821,0.0149225778877735
-0.179228782653809,-0.497344493865967,1.06492602825165,-0.516757667064667,-0.852595627307892,-0.0762857347726821,0.0149225778877735
-0.174540877342224,-0.487723052501678,1.07294738292694,-0.504757404327393,-0.858108162879944,-0.0939065590500831,0.0072118174284696
-0.177329748868942,-0.494053155183792,1.07959794998169,-0.512912392616272,-0.852777779102325,-0.0984213948249816,-0.0020852820016443
-0.177065104246139,-0.492879211902618,1.08386325836182,-0.509618818759918,-0.853867888450623,-0.105622567236423,-0.0065009919926524
-0.17594863474369,-0.49154406785965,1.08797860145569,-0.51129287481308,-0.852049231529236,-0.111741058528423,-0.0102660972625017
-0.170699432492256,-0.480529993772507,1.09172880649567,-0.500347256660461,-0.85675036907196,-0.124491773545742,-0.0115361809730529
-0.17483477294445,-0.488496124744415,1.09548997879028,-0.510308861732483,-0.851041495800018,-0.122067719697952,-0.0203167591243982
-0.174132615327835,-0.486589729785919,1.09886968135834,-0.508044481277466,-0.85138326883316,-0.128532513976097,-0.0227298010140657
-0.173914760351181,-0.48479688167572,1.10197412967682,-0.50432813167572,-0.8526291847229,-0.133921131491661,-0.027231017127633
-0.168097242712974,-0.472175866365433,1.10683155059814,-0.491251528263092,-0.857695400714874,-0.148966684937477,-0.0289707798510789
-0.172385394573212,-0.480582565069199,1.10721361637115,-0.50383448600769,-0.851811647415161,-0.139251053333282,-0.0343036204576492
-0.171737357974052,-0.478363871574402,1.10951709747314,-0.502076327800751,-0.852368295192719,-0.141932666301727,-0.0352497324347496
-0.171737357974052,-0.478363871574402,1.10951709747314,-0.502076327800751,-0.852368295192719,-0.141932666301727,-0.0352497324347496
-0.16459196805954,-0.463524222373962,1.11788547039032,-0.488072872161865,-0.856986820697784,-0.160028830170631,-0.0418228991329669
-0.169656112790108,-0.471270382404327,1.1145932674408,-0.498751193284988,-0.85342663526535,-0.145970419049263,-0.040031049400568
-0.168905213475227,-0.46887069940567,1.11577880382538,-0.497465461492538,-0.85364031791687,-0.148516684770584,-0.0420619547367095
-0.168319389224052,-0.466466844081879,1.11665403842926,-0.497099310159683,-0.853550791740417,-0.149256065487862,-0.0454548895359039
-0.162695795297623,-0.452045500278473,1.12260282039642,-0.482269883155823,-0.858906626701355,-0.16568349301815,-0.0473735705018043
-0.166420057415962,-0.461457788944244,1.11771869659424,-0.493927776813507,-0.854056835174561,-0.15629269182682,-0.0468530915677547
-0.165408849716186,-0.45871964097023,1.11802005767822,-0.49328076839447,-0.854107677936554,-0.158257216215134,-0.0461391359567642
-0.165408849716186,-0.45871964097023,1.11802005767822,-0.49328076839447,-0.854107677936554,-0.158257216215134,-0.0461391359567642
-0.159087359905243,-0.441890478134155,1.12412858009338,-0.477865815162659,-0.859100461006165,-0.1768449395895,-0.0481321737170219
-0.162255644798279,-0.450783491134643,1.11769831180573,-0.491830766201019,-0.854376137256622,-0.161407098174095,-0.0457383394241333
-0.161183789372444,-0.44807106256485,1.11740326881409,-0.491421490907669,-0.85466867685318,-0.161590933799744,-0.0439861007034778
-0.160116404294968,-0.445351272821426,1.11702883243561,-0.491164773702621,-0.854979813098907,-0.1610436886549,-0.0427986159920692
-0.159127473831177,-0.442651867866516,1.11645901203156,-0.490661799907684,-0.855306923389435,-0.160879477858543,-0.0426503233611583
-0.159127473831177,-0.442651867866516,1.11645901203156,-0.490661799907684,-0.855306923389435,-0.160879477858543,-0.0426503233611583
-0.157252445816994,-0.437107145786285,1.11526989936829,-0.488812834024429,-0.856807112693787,-0.159126415848732,-0.0402770191431045
-0.156316146254539,-0.434313893318176,1.11447608470917,-0.488310635089874,-0.857214510440826,-0.158754020929336,-0.0391516238451004
-0.155527725815773,-0.431670784950256,1.11366701126099,-0.48725226521492,-0.858030259609222,-0.158000856637955,-0.0374848619103431
-0.150700658559799,-0.420287907123566,1.12088990211487,-0.476311355829239,-0.861145734786987,-0.172812715172768,-0.0411249361932277
-0.153812453150749,-0.426399558782578,1.1119704246521,-0.486441850662231,-0.858648777008057,-0.157849445939064,-0.0343501605093479
-0.153076708316803,-0.424012839794159,1.11096477508545,-0.487541168928146,-0.858288645744324,-0.156299218535423,-0.0348554886877536
-0.152259439229965,-0.421228945255279,1.11006104946136,-0.48504176735878,-0.859621644020081,-0.157495006918907,-0.0313028059899807
-0.148402035236359,-0.409940630197525,1.11535370349884,-0.47409787774086,-0.863416373729706,-0.169263243675232,-0.0330615006387233
-0.150783464312553,-0.416372120380402,1.10825133323669,-0.483888566493988,-0.860433459281921,-0.157273560762405,-0.0277703870087862
-0.15032160282135,-0.414189755916595,1.107377409935,-0.483906298875809,-0.860821664333344,-0.155324995517731,-0.0263597294688224
-0.149687454104423,-0.411713004112244,1.10648012161255,-0.482633501291275,-0.861396014690399,-0.156269282102585,-0.02533277310431
-0.146196484565735,-0.401466429233551,1.11100387573242,-0.473031580448151,-0.86477392911911,-0.166423067450523,-0.0266585983335971
-0.148777201771736,-0.407349526882172,1.10496497154236,-0.480246126651764,-0.863122463226318,-0.154852345585823,-0.0200955681502819
-0.148442029953003,-0.405312061309814,1.10416305065155,-0.480632334947586,-0.863372921943665,-0.152270764112473,-0.0198333356529474
-0.14797867834568,-0.403243362903595,1.10338759422302,-0.478949248790741,-0.864132344722748,-0.153416514396667,-0.0186003446578979
-0.144595175981522,-0.391376137733459,1.10814702510834,-0.468293994665146,-0.867761313915253,-0.165329754352569,-0.0188897885382175
-0.147555723786354,-0.398913145065308,1.10210764408112,-0.47680327296257,-0.865579068660736,-0.152272999286652,-0.0156424492597579
-0.147426187992096,-0.396945118904114,1.10148906707764,-0.475618064403534,-0.866308808326721,-0.151958912611008,-0.014315839856863
-0.147335439920425,-0.394886434078216,1.10092151165009,-0.474705308675766,-0.866917490959167,-0.151339948177338,-0.0143220154568552
-0.144340991973877,-0.384881496429443,1.10522496700287,-0.465737551450729,-0.869981229305267,-0.161222219467163,-0.0151209626346826
-0.147238537669182,-0.391094326972961,1.09986686706543,-0.472754329442978,-0.868252873420715,-0.149981141090393,-0.0120892161503434
-0.147192552685738,-0.389249265193939,1.09944558143616,-0.471647679805756,-0.868982493877411,-0.149265304207802,-0.0117265749722719
-0.147157907485962,-0.387342154979706,1.0990846157074,-0.470573514699936,-0.869694828987122,-0.148505926132202,-0.0117178624495863
-0.144494906067848,-0.377906620502472,1.10300362110138,-0.462035775184631,-0.87271374464035,-0.157286703586578,-0.0124304071068763
-0.147200748324394,-0.383882939815521,1.0984343290329,-0.468683660030365,-0.870931804180145,-0.147327765822411,-0.0103767849504947
-0.147186741232872,-0.382132470607758,1.09816288948059,-0.467875510454178,-0.871425867080688,-0.146991416811943,-0.010141328908503
-0.14722515642643,-0.380455702543259,1.09799456596375,-0.466665297746658,-0.872092723846436,-0.146913379430771,-0.0096793677657842
-0.145120829343796,-0.373262465000153,1.10111045837402,-0.460078865289688,-0.874482154846191,-0.153284385800362,-0.0105733694508671
-0.147364288568497,-0.377262055873871,1.09783720970154,-0.466003775596619,-0.872775793075562,-0.144895672798157,-0.0104183908551931
-0.147215098142624,-0.375594943761826,1.09776210784912,-0.463316351175308,-0.874173223972321,-0.145208448171616,-0.0085637085139751
-0.147221952676773,-0.373971223831177,1.09776723384857,-0.461823731660843,-0.875018656253815,-0.144861370325089,-0.0087615763768553
-0.14501516520977,-0.365454018115997,1.1012556552887,-0.454195618629456,-0.877691924571991,-0.152570381760597,-0.0092564281076192
-0.147125780582428,-0.370915114879608,1.09796488285065,-0.459713846445084,-0.876133978366852,-0.144897758960724,-0.0075385877862572
-0.147034600377083,-0.369357585906982,1.09813809394836,-0.458663552999496,-0.876705050468445,-0.144708499312401,-0.0086903413757681
-0.146837562322616,-0.367782592773438,1.0982118844986,-0.457178711891174,-0.87769603729248,-0.143515720963478,-0.0063509587198495
-0.144713267683983,-0.359368145465851,1.10168993473053,-0.449596375226974,-0.880327105522156,-0.15112330019474,-0.0070087891072034
-0.146700486540794,-0.364876329898834,1.09885883331299,-0.455046057701111,-0.878544569015503,-0.145035594701767,-0.0075774369761347
-0.146418794989586,-0.363302946090698,1.09902012348175,-0.454003036022186,-0.87929356098175,-0.143797546625137,-0.0068260463885962
-0.146286770701408,-0.361932963132858,1.09946584701538,-0.453252524137497,-0.87943971157074,-0.145149394869804,-0.008923721499741
-0.144321367144585,-0.353666573762894,1.1027135848999,-0.445687741041183,-0.882084786891937,-0.152325123548508,-0.0092611443251371
-0.145956188440323,-0.359137088060379,1.10024785995483,-0.452356040477753,-0.880160570144653,-0.143529877066612,-0.0095001868903636
-0.145548269152641,-0.357641041278839,1.10067188739777,-0.449995458126068,-0.881147801876068,-0.144951939582825,-0.0084705827757716
-0.145548269152641,-0.357641041278839,1.10067188739777,-0.449995458126068,-0.881147801876068,-0.144951939582825,-0.0084705827757716
-0.143280580639839,-0.34763115644455,1.10471558570862,-0.440841615200043,-0.884605288505554,-0.151851937174797,-0.0085587669163942
-0.144606128334999,-0.353263407945633,1.10188388824463,-0.446659117937088,-0.882775843143463,-0.14528851211071,-0.0096874805167317
-0.144322276115417,-0.351773738861084,1.10231876373291,-0.445661604404449,-0.883235096931458,-0.145495489239693,-0.0105953309684991
-0.144172310829163,-0.350568354129791,1.10286724567413,-0.447679996490479,-0.882736027240753,-0.142122387886047,-0.0126905376091599
-0.142227128148079,-0.342239618301392,1.10616862773895,-0.439972907304764,-0.885398924350739,-0.149405792355537,-0.0130586847662925
-0.143245726823807,-0.347498178482056,1.10375392436981,-0.442850172519684,-0.884645164012909,-0.145460277795792,-0.0113098183646798
-0.14285796880722,-0.346011519432068,1.10424530506134,-0.441994726657867,-0.885095119476318,-0.145279958844185,-0.0118982577696442
-0.142443284392357,-0.34464168548584,1.10478961467743,-0.441028654575348,-0.88561874628067,-0.144945830106735,-0.012799416668713
-0.140642955899239,-0.336290299892425,1.10822343826294,-0.433125913143158,-0.888304173946381,-0.152112349867821,-0.0133995413780212
-0.141842171549797,-0.342240422964096,1.10599148273468,-0.442114323377609,-0.885670185089111,-0.140580266714096,-0.0189821068197488
-0.141465097665787,-0.341063976287842,1.10654389858246,-0.442291229963303,-0.885753691196442,-0.139088451862335,-0.0217470675706863
-0.141465097665787,-0.341063976287842,1.10654389858246,-0.442291229963303,-0.885753691196442,-0.139088451862335,-0.0217470675706863
-0.138991177082062,-0.330801159143448,1.11072838306427,-0.429005920886993,-0.890746593475342,-0.148143991827965,-0.024040812626481
-0.140045881271362,-0.337225764989853,1.10816192626953,-0.436547994613647,-0.888371050357819,-0.140212178230286,-0.0237286575138568
-0.139588549733162,-0.335876524448395,1.10863733291626,-0.435139656066894,-0.889124274253845,-0.140005722641945,-0.0225816499441862
-0.139080092310905,-0.334594488143921,1.10898852348328,-0.43403235077858,-0.889757990837097,-0.139403969049454,-0.0226490851491689
-0.137467309832573,-0.326045989990234,1.1122043132782,-0.425899833440781,-0.892527520656586,-0.146553188562393,-0.0229337494820356
-0.138175368309021,-0.332164227962494,1.11004459857941,-0.432951211929321,-0.890216410160065,-0.139632850885391,-0.0238939616829156
-0.13775759935379,-0.330884993076324,1.11054527759552,-0.431682944297791,-0.890753746032715,-0.139981269836426,-0.0247609764337539
-0.137330994009972,-0.329718887805939,1.1109961271286,-0.431454837322235,-0.890902161598206,-0.139812752604485,-0.0243484880775213
-0.134803548455238,-0.322126626968384,1.11542868614197,-0.425071507692337,-0.892497301101685,-0.148616030812263,-0.0260068289935588
-0.136405989527702,-0.327380180358887,1.11186480522156,-0.430394560098648,-0.891217708587646,-0.140949815511703,-0.0249948799610137
-0.136405989527702,-0.327380180358887,1.11186480522156,-0.430394560098648,-0.891217708587646,-0.140949815511703,-0.0249948799610137
-0.135546565055847,-0.32526433467865,1.11263883113861,-0.429445087909698,-0.891577184200287,-0.141240999102592,-0.0268014259636402
-0.133935391902924,-0.315914958715439,1.11638605594635,-0.42073518037796,-0.894334256649017,-0.149738341569901,-0.0269546974450349
-0.134783118963241,-0.32321560382843,1.113401055336,-0.427923500537872,-0.892165303230286,-0.142161339521408,-0.0267023276537656
-0.1343764513731,-0.322332799434662,1.11377191543579,-0.427734136581421,-0.892194628715515,-0.142420813441276,-0.027358578518033
-0.133997187018394,-0.321432054042816,1.11410510540009,-0.42762964963913,-0.892188727855682,-0.142738163471222,-0.0275347623974084
-0.132481262087822,-0.312293320894241,1.11780595779419,-0.418999195098877,-0.894939243793488,-0.150846853852272,-0.0277273412793874
-0.132867693901062,-0.319715827703476,1.11540019512177,-0.423739552497864,-0.894552528858185,-0.141566544771194,-0.0133912926539778
-0.13286517560482,-0.318809688091278,1.11529350280762,-0.42628276348114,-0.892778992652893,-0.142957791686058,-0.028134923428297
-0.132503390312195,-0.318053096532822,1.11565744876862,-0.426225304603577,-0.892770230770111,-0.143172442913055,-0.0281994771212339
-0.130000069737434,-0.310141980648041,1.12017893791199,-0.419505745172501,-0.894371092319489,-0.152443543076515,-0.0296005792915821
-0.131795048713684,-0.316496610641479,1.11640894412994,-0.425193101167679,-0.892803072929382,-0.145928800106049,-0.0286079868674278
-0.131603270769119,-0.315558969974518,1.1166011095047,-0.423239529132843,-0.89390629529953,-0.145055413246155,-0.0275473166257143
-0.131301626563072,-0.314826786518097,1.11679458618164,-0.42358472943306,-0.893702685832977,-0.145110368728638,-0.0285412240773439
-0.129942253232002,-0.305923968553543,1.11987864971161,-0.414813578128815,-0.896584153175354,-0.152492240071297,-0.0285060461610555
-0.130558088421822,-0.313729494810104,1.11747360229492,-0.423935651779175,-0.893159329891205,-0.14718297123909,-0.0297014918178319
-0.1300298422575,-0.312983572483063,1.11800789833069,-0.418449729681015,-0.896589398384094,-0.144275903701782,-0.0145484814420342
-0.129712879657745,-0.312454342842102,1.11820816993713,-0.418047845363617,-0.896801471710205,-0.14413695037365,-0.0144060663878917
-0.12826557457447,-0.30371081829071,1.1216493844986,-0.409554988145828,-0.899451017379761,-0.151795133948326,-0.0145134441554546
-0.12962232530117,-0.311533808708191,1.1180168390274,-0.420906722545624,-0.895063996315002,-0.144626289606094,-0.0279469024389982
-0.129392504692078,-0.311169564723969,1.11813616752625,-0.420656472444534,-0.895218312740326,-0.144383683800697,-0.0280324034392833
-0.128860965371132,-0.310885310173035,1.11871218681335,-0.417441129684448,-0.897378861904144,-0.142318844795227,-0.0141296107321977
-0.127434030175209,-0.302479863166809,1.12297570705414,-0.409127414226532,-0.899782836437225,-0.150905430316925,-0.0152727141976356
-0.128602862358093,-0.309702485799789,1.11827862262726,-0.417286396026611,-0.89660519361496,-0.145974516868591,-0.0257360469549894
-0.128467485308647,-0.309357941150665,1.11838674545288,-0.417038202285767,-0.896655082702637,-0.146259874105453,-0.0263937097042799
-0.128311336040497,-0.308990150690079,1.11828243732452,-0.41682556271553,-0.896974444389343,-0.144992128014564,-0.0258906167000532
-0.126999288797379,-0.300818622112274,1.12139213085175,-0.408829301595688,-0.89944452047348,-0.152259141206741,-0.0259835384786129
-0.128082171082497,-0.308220088481903,1.11795902252197,-0.415929049253464,-0.897890150547028,-0.141978800296783,-0.0252713616937398
-0.128033325076103,-0.307847261428833,1.11781370639801,-0.415707439184189,-0.898168861865997,-0.14071848988533,-0.0260466635227203
-0.128058806061745,-0.307407557964325,1.117635846138,-0.415196537971497,-0.898613750934601,-0.139307573437691,-0.0264326315373182
-0.126774400472641,-0.299343973398209,1.12089514732361,-0.40740230679512,-0.90098649263382,-0.146759986877441,-0.0266153030097484
-0.128184124827385,-0.306510478258133,1.11712872982025,-0.413565099239349,-0.900105476379395,-0.134891003370285,-0.0240624211728572
-0.128164201974869,-0.306192576885223,1.11709189414978,-0.413065314292908,-0.900566041469574,-0.133848920464516,-0.0210353229194879
-0.128320425748825,-0.306146919727325,1.11674857139587,-0.414238333702087,-0.900023400783539,-0.13355903327465,-0.0229404270648956
-0.127200126647949,-0.298558413982391,1.11971008777618,-0.407016485929489,-0.902233123779297,-0.140666678547859,-0.0229308512061834
-0.128366649150848,-0.306167125701904,1.1162269115448,-0.414506524801254,-0.900012493133545,-0.133060649037361,-0.021362330764532
-0.128269776701927,-0.306245535612106,1.11618554592133,-0.414805203676224,-0.899715602397919,-0.13443012535572,-0.0194248184561729
-0.127817004919052,-0.306463658809662,1.11605548858643,-0.413486570119858,-0.900700628757477,-0.132842168211937,-0.0109751680865883
-0.126781791448593,-0.299334079027176,1.11884820461273,-0.406791239976883,-0.902706682682037,-0.139725878834724,-0.0108698019757866
-0.127655982971191,-0.30664849281311,1.11533153057098,-0.414198160171509,-0.900424361228943,-0.132564559578896,-0.0101263429969549
-0.128017202019691,-0.306655645370483,1.11456453800201,-0.416221976280212,-0.899214029312134,-0.133235782384872,-0.0205334350466728
-0.128002852201462,-0.306514829397201,1.11408960819244,-0.41555181145668,-0.899856388568878,-0.131158381700516,-0.0193010438233613
-0.126838028430939,-0.299538880586624,1.11696135997772,-0.408909231424332,-0.901848316192627,-0.138154193758965,-0.0193944554775953
-0.128116771578789,-0.306103527545929,1.11379528045654,-0.415410339832306,-0.899828612804413,-0.13164122402668,-0.0203331299126148
-0.128230258822441,-0.305747300386429,1.11380851268768,-0.415358662605286,-0.899777710437775,-0.132004767656326,-0.021264323964715
-0.128316819667816,-0.305333167314529,1.113898396492,-0.415240705013275,-0.899701476097107,-0.132554724812508,-0.0232819374650716
-0.127250969409943,-0.297629177570343,1.11714196205139,-0.407715439796448,-0.902014493942261,-0.139951676130295,-0.0234953742474317
-0.128294572234154,-0.304478168487549,1.11472964286804,-0.414508074522018,-0.899410665035248,-0.136219665408134,-0.0262260474264621
-0.12773260474205,-0.303828448057175,1.11581480503082,-0.411304324865341,-0.901256680488586,-0.135430321097374,-0.0149511639028787
-0.127646058797836,-0.303240984678268,1.11640691757202,-0.410525411367416,-0.901320576667786,-0.137185826897621,-0.0164255294948816
-0.126611962914467,-0.295210957527161,1.11950743198395,-0.402411162853241,-0.90383106470108,-0.144512370228767,-0.0164438914507627
-0.127534598112106,-0.301816463470459,1.1175332069397,-0.412363022565842,-0.899211168289185,-0.142338290810585,-0.0334071367979049
-0.127203360199928,-0.301102221012115,1.11858427524567,-0.411490589380264,-0.899162471294403,-0.144640505313873,-0.0355212278664112
-0.126428261399269,-0.300591856241226,1.1201080083847,-0.408458650112152,-0.900801777839661,-0.145558536052704,-0.023033058270812
-0.125381752848625,-0.291994541883469,1.12350523471832,-0.399606764316559,-0.903481245040894,-0.153312176465988,-0.0230551157146692
-0.126088604331017,-0.2994464635849,1.12201166152954,-0.413672506809235,-0.897160291671753,-0.149363592267036,-0.0408510714769363
-0.125653430819511,-0.298871010541916,1.12344527244568,-0.413837373256683,-0.896652460098267,-0.152003929018974,-0.0405952520668506
-0.12519745528698,-0.298248708248138,1.12477958202362,-0.413966953754425,-0.896081805229187,-0.154501914978027,-0.0424030870199203
-0.124223127961159,-0.28898811340332,1.1284841299057,-0.404426246881485,-0.898970544338226,-0.162811324000358,-0.0422364771366119
-0.124329566955566,-0.297425150871277,1.12800264358521,-0.413794040679932,-0.894662618637085,-0.162646621465683,-0.043581523001194
-0.12377393245697,-0.296791732311249,1.12979638576508,-0.410344421863556,-0.894908249378204,-0.17311692237854,-0.02805807441473
-0.12352828681469,-0.296427249908447,1.13134789466858,-0.412771910429001,-0.892283499240875,-0.179145187139511,-0.0368268564343452
-0.122421681880951,-0.287683427333832,1.13519024848938,-0.403606027364731,-0.894783735275269,-0.187398836016655,-0.0366834439337253
-0.123209953308105,-0.296822965145111,1.13517558574677,-0.409410357475281,-0.892412662506104,-0.187407746911049,-0.0293414536863565
-0.123374298214912,-0.297108262777328,1.13703405857086,-0.408190667629242,-0.89197701215744,-0.19196654856205,-0.0301058553159236
-0.12335778772831,-0.297376364469528,1.13865447044373,-0.410951644182205,-0.889101624488831,-0.197427988052368,-0.0404897890985012
-0.12214507162571,-0.288562119007111,1.14274573326111,-0.401657581329346,-0.891397416591644,-0.206029996275902,-0.0404184944927692
-0.123840674757957,-0.299207031726837,1.14261019229889,-0.408632308244705,-0.888684272766113,-0.204681634902954,-0.0369521714746952
-0.124271780252457,-0.300380110740662,1.1444171667099,-0.409144341945648,-0.887456178665161,-0.208308726549149,-0.0403767190873622
-0.124279707670212,-0.301669090986252,1.14644205570221,-0.407692074775696,-0.887253165245056,-0.212028428912163,-0.0401595123112201
-0.122823476791382,-0.292817145586014,1.15092349052429,-0.398141741752625,-0.889349341392517,-0.221142634749413,-0.0404566712677478
-0.122823476791382,-0.292817145586014,1.15092349052429,-0.398141741752625,-0.889349341392517,-0.221142634749413,-0.0404566712677478
-0.125381827354431,-0.307727813720703,1.1510397195816,-0.41186049580574,-0.882030606269836,-0.223661333322525,-0.0486690588295459
-0.125948399305344,-0.310641527175903,1.15212118625641,-0.415246605873108,-0.878895282745361,-0.228813007473946,-0.0525163114070892
-0.125010251998901,-0.299796670675278,1.15643811225891,-0.403074264526367,-0.882086336612701,-0.238332822918892,-0.0515014939010143
-0.126611039042473,-0.317146122455597,1.1541588306427,-0.423023909330368,-0.873597025871277,-0.233550161123276,-0.0577378720045089
-0.126589506864548,-0.320756375789642,1.15533375740051,-0.427233159542084,-0.871334612369537,-0.233660981059074,-0.0604202970862388
-0.127116844058037,-0.324761539697647,1.15552926063538,-0.431743174791336,-0.868447005748749,-0.235465288162231,-0.0628780052065849
-0.124545738101005,-0.314868211746216,1.16099441051483,-0.420956760644913,-0.870475292205811,-0.246975436806679,-0.0638060122728347
-0.127405360341072,-0.332979440689087,1.15553057193756,-0.444110810756683,-0.860522210597992,-0.23914897441864,-0.0712375119328498
-0.127405360341072,-0.332979440689087,1.15553057193756,-0.444110810756683,-0.860522210597992,-0.23914897441864,-0.0712375119328498
-0.127869784832001,-0.342376321554184,1.15459942817688,-0.456136405467987,-0.854661226272583,-0.238002508878708,-0.069631889462471
-0.124893382191658,-0.332153290510178,1.15992069244385,-0.444982051849365,-0.857156574726105,-0.249589368700981,-0.0705614760518074
-0.12833109498024,-0.352576673030853,1.1523768901825,-0.468831986188888,-0.849253237247467,-0.233781233429909,-0.0656656548380851
-0.128233432769775,-0.35753121972084,1.15056598186493,-0.471062481403351,-0.847307026386261,-0.239109337329865,-0.0547486431896686
-0.128509283065796,-0.362970888614654,1.14842653274536,-0.478696227073669,-0.844673871994019,-0.23384764790535,-0.0518784448504447
-0.124695584177971,-0.354295700788498,1.15354776382446,-0.469116479158401,-0.846678674221039,-0.245375365018845,-0.0534410923719406
-0.129371583461761,-0.374304711818695,1.14350593090057,-0.49461567401886,-0.838526606559753,-0.224666312336922,-0.0418734736740589
-0.130022749304771,-0.380004316568375,1.14054799079895,-0.502822756767273,-0.83553421497345,-0.218763187527656,-0.0345603078603744
-0.130843445658684,-0.385794222354889,1.13747251033783,-0.512121975421906,-0.831566512584686,-0.212667658925056,-0.031636819243431
-0.126864030957222,-0.378049850463867,1.14204382896423,-0.503914713859558,-0.833757936954498,-0.223190292716026,-0.0332277342677116
-0.132711425423622,-0.397116720676422,1.12994837760925,-0.529434144496918,-0.825512647628784,-0.194947302341461,-0.0149603467434644
-0.133983179926872,-0.402733892202377,1.12587654590607,-0.537703990936279,-0.822760581970215,-0.184081092476845,-0.0073146689683198
-0.135545536875725,-0.40822172164917,1.12157368659973,-0.546832621097565,-0.81900280714035,-0.173796936869621,0.0017835665494203
-0.131957352161407,-0.402771443128586,1.1249361038208,-0.541332006454468,-0.820851981639862,-0.182103306055069,7.89667974459007e-05
-0.139274105429649,-0.418903082609177,1.11228322982788,-0.562701046466827,-0.812835097312927,-0.149115145206451,0.0207687970250844
-0.141520708799362,-0.423957318067551,1.10735869407654,-0.570074379444122,-0.809780418872833,-0.135649904608727,0.029495745897293
-0.144444525241852,-0.429068982601166,1.10229825973511,-0.578365504741669,-0.807015478610992,-0.114427365362644,0.033554870635271
-0.144444525241852,-0.429068982601166,1.10229825973511,-0.578365504741669,-0.807015478610992,-0.114427365362644,0.033554870635271
-0.150477528572082,-0.438038229942322,1.09162092208862,-0.58957052230835,-0.801510334014893,-0.0857401043176651,0.051345020532608
-0.154006913304329,-0.442155301570892,1.08590710163116,-0.595405757427216,-0.798298954963684,-0.0700956806540489,0.0574242733418941
-0.158017992973328,-0.446630477905273,1.08046793937683,-0.596840679645538,-0.795669972896576,-0.0595062673091888,0.084554798901081
-0.156450867652893,-0.444978147745132,1.08143925666809,-0.595955193042755,-0.796045303344727,-0.0638119354844093,0.0841262713074684
-0.166123136878014,-0.452663272619247,1.06840395927429,-0.605505526065826,-0.790251851081848,-0.030805317685008,0.0889742225408554
-0.170442223548889,-0.455362260341644,1.06238424777985,-0.608190834522247,-0.787461936473846,-0.0198630504310131,0.098048023879528
-0.17543038725853,-0.458368629217148,1.05618536472321,-0.610748827457428,-0.78528881072998,-0.0037904907949268,0.101456195116043
-0.176146730780602,-0.45860368013382,1.05553567409515,-0.611675322055817,-0.784412026405334,-0.0047505698166787,0.102609544992447
-0.185560718178749,-0.463011026382446,1.04444253444672,-0.614195883274078,-0.779655575752258,0.0203262753784656,0.120364896953106
-0.185560718178749,-0.463011026382446,1.04444253444672,-0.614195883274078,-0.779655575752258,0.0203262753784656,0.120364896953106
-0.196161106228828,-0.467083603143692,1.03248846530914,-0.617272973060608,-0.773961424827576,0.0455780923366546,0.133716374635696
-0.19845774769783,-0.46988782286644,1.03158164024353,-0.620886325836182,-0.770793437957764,0.0460352674126625,0.135121926665306
-0.207093864679336,-0.470277160406113,1.02084875106812,-0.618689894676208,-0.767892956733704,0.068932220339775,0.151034280657768
-0.212351098656654,-0.472066700458527,1.01508760452271,-0.621108174324036,-0.763265073299408,0.0787961483001709,0.159506216645241
-0.218185052275658,-0.474206477403641,1.01018917560577,-0.623385787010193,-0.760124206542969,0.0835667997598648,0.163149297237396
-0.222242772579193,-0.477873742580414,1.00881791114807,-0.627379775047302,-0.756069421768188,0.0859753414988517,0.165413156151771
-0.229293465614319,-0.477113246917725,0.998800873756409,-0.620712161064148,-0.752163827419281,0.103285446763039,0.195699140429497
-0.23468391597271,-0.478731572628021,0.993453919887543,-0.623050153255463,-0.746723473072052,0.112383142113686,0.203918144106865
-0.239870101213455,-0.480392277240753,0.98835152387619,-0.62452220916748,-0.742526948451996,0.12029492110014,0.21013118326664
-0.245354875922203,-0.486598968505859,0.987521529197693,-0.630795359611511,-0.736079394817352,0.123677708208561,0.212104663252831
-0.249995470046997,-0.48229056596756,0.978496253490448,-0.627643287181854,-0.73612642288208,0.136862128973007,0.213191494345665
-0.254922807216644,-0.484075993299484,0.974175751209259,-0.630901098251343,-0.72762006521225,0.139999344944954,0.230071440339088
-0.260011851787567,-0.486127376556396,0.969798266887665,-0.631518006324768,-0.725026965141296,0.145941600203514,0.23285685479641
-0.267002463340759,-0.494386851787567,0.969269514083862,-0.638857901096344,-0.716940701007843,0.151323094964027,0.234431684017181
-0.269079685211182,-0.488644540309906,0.961458444595337,-0.636520445346832,-0.71544486284256,0.153941139578819,0.243479192256927
-0.273373633623123,-0.489083796739578,0.957367658615112,-0.638164162635803,-0.715023934841156,0.161250874400139,0.235553666949272
-0.277365326881409,-0.489906489849091,0.953386306762695,-0.640888750553131,-0.710339963436127,0.161797106266022,0.241867870092392
-0.284605085849762,-0.500212371349335,0.954011499881744,-0.649107933044434,-0.701498746871948,0.16800856590271,0.241519093513489
-0.285158753395081,-0.49153459072113,0.946123957633972,-0.643812119960785,-0.703562617301941,0.165975421667099,0.250913858413696
-0.288862228393555,-0.492283672094345,0.94264680147171,-0.644859850406647,-0.700112521648407,0.166076615452766,0.257714718580246
-0.292206466197967,-0.492688655853271,0.93917328119278,-0.646261990070343,-0.697631299495697,0.166622087359428,0.260563224554062
-0.300382375717163,-0.504197299480438,0.939684331417084,-0.653862237930298,-0.688533067703247,0.175560727715492,0.259933173656464
-0.298461556434631,-0.493441134691238,0.932533025741577,-0.648557484149933,-0.692502915859222,0.165263369679451,0.269260674715042
-0.298461556434631,-0.493441134691238,0.932533025741577,-0.648557484149933,-0.692502915859222,0.165263369679451,0.269260674715042
-0.304150372743607,-0.493673324584961,0.926157116889954,-0.650885283946991,-0.68951541185379,0.164611637592316,0.271697968244553
-0.311938941478729,-0.506409347057343,0.927490770816803,-0.658958435058594,-0.680315673351288,0.173798471689224,0.269700407981873
-0.308981597423553,-0.493639886379242,0.920009672641754,-0.653344929218292,-0.685853838920593,0.164924204349518,0.274854362010956
-0.311002492904663,-0.49336364865303,0.91696834564209,-0.654254913330078,-0.684717893600464,0.164513736963272,0.275766342878342
-0.313516438007355,-0.494035720825195,0.914482533931732,-0.657837927341461,-0.683454394340515,0.16352616250515,0.270921736955643
-0.321273028850555,-0.506869733333588,0.915642499923706,-0.664636611938477,-0.67523866891861,0.174025148153305,0.268377006053925
-0.317268550395966,-0.493778347969055,0.908345460891724,-0.660563766956329,-0.682059168815613,0.163304030895233,0.267922699451446
-0.318957090377808,-0.493494808673859,0.905260801315308,-0.661418557167053,-0.681280851364136,0.1632439494133,0.267831146717071
-0.320455729961395,-0.493281871080399,0.902379274368286,-0.662811458110809,-0.680980443954468,0.161170050501823,0.266404181718826
-0.327702760696411,-0.506843745708466,0.90385913848877,-0.669209659099579,-0.673794507980347,0.171582981944084,0.262143105268478
-0.323184072971344,-0.492943853139877,0.896869897842407,-0.665683925151825,-0.681042432785034,0.158087894320488,0.260872632265091
-0.32387763261795,-0.492278337478638,0.893997192382812,-0.66831511259079,-0.68338531255722,0.158406510949135,0.247481495141983
-0.32521253824234,-0.4927539229393,0.892019927501678,-0.669923841953278,-0.681598961353302,0.152707472443581,0.251605182886124
-0.333963453769684,-0.508592545986176,0.893208146095276,-0.676522195339203,-0.672828376293182,0.167400345206261,0.248186618089676
-0.326754361391068,-0.492371827363968,0.888191223144531,-0.674821197986603,-0.682772278785706,0.142896085977554,0.240871831774712
-0.32730022072792,-0.492054998874664,0.886501550674438,-0.677088916301727,-0.684706449508667,0.135967686772346,0.232896968722343
-0.3277867436409,-0.491947501897812,0.885089993476868,-0.680572390556335,-0.684617221355438,0.130027070641518,0.226303562521935
-0.336617767810821,-0.507478356361389,0.886367857456207,-0.686503469944,-0.677093327045441,0.144565254449844,0.222167044878006
-0.328316152095795,-0.491804659366608,0.882841408252716,-0.685411810874939,-0.685725390911102,0.116542585194111,0.215427026152611
-0.328587830066681,-0.491751819849014,0.88199383020401,-0.686983108520508,-0.68627917766571,0.112153023481369,0.210943043231964
-0.328731328248978,-0.491628378629684,0.88151091337204,-0.688162744045258,-0.687094688415527,0.107874363660812,0.206631228327751
-0.33573243021965,-0.505775392055511,0.882841110229492,-0.694840431213379,-0.679823815822601,0.118789710104465,0.202301159501076
-0.328576624393463,-0.49116250872612,0.881151616573334,-0.689944326877594,-0.688678920269012,0.0981245934963226,0.200174957513809
-0.328436493873596,-0.490936785936356,0.881263673305511,-0.690248310565948,-0.689539313316345,0.0951998904347419,0.197560131549835
-0.328225493431091,-0.49079766869545,0.881500601768494,-0.690915703773499,-0.690124452114105,0.0924366638064384,0.194472879171371
-0.336878627538681,-0.507700145244598,0.88291609287262,-0.697456657886505,-0.682848930358887,0.107588388025761,0.188935831189155
-0.327888190746307,-0.49063429236412,0.882072746753693,-0.690918445587158,-0.691229462623596,0.087878942489624,0.192642033100128
-0.327888190746307,-0.49063429236412,0.882072746753693,-0.690918445587158,-0.691229462623596,0.087878942489624,0.192642033100128
-0.327165603637695,-0.490065515041351,0.882020473480225,-0.688374042510986,-0.693280041217804,0.0862042307853698,0.195123270153999
-0.335036128759384,-0.5048668384552,0.882981061935425,-0.694917500019073,-0.68623548746109,0.0989669561386108,0.19072625041008
-0.329310208559036,-0.490362972021103,0.881725013256073,-0.69202446937561,-0.699478566646576,0.0931115821003913,0.152191132307053
-0.329310208559036,-0.490362972021103,0.881725013256073,-0.69202446937561,-0.699478566646576,0.0931115821003913,0.152191132307053
-0.327489346265793,-0.491643667221069,0.882573187351227,-0.68691611289978,-0.697392463684082,0.0814152508974075,0.187515214085579
-0.335824012756348,-0.508150458335876,0.883847951889038,-0.693268001079559,-0.690576076507568,0.0965946838259697,0.182081952691078
-0.327985107898712,-0.49281120300293,0.882773399353027,-0.685235381126404,-0.699670374393463,0.0786968395113945,0.18633446097374
-0.328560948371887,-0.494213581085205,0.883514165878296,-0.687694549560547,-0.699722051620483,0.0745890140533447,0.178610801696777
-0.328839004039764,-0.495008111000061,0.883723795413971,-0.687222242355347,-0.7002232670784,0.0726837590336799,0.17924927175045
-0.328839004039764,-0.495008111000061,0.883723795413971,-0.687222242355347,-0.7002232670784,0.0726837590336799,0.17924927175045
-0.329090237617493,-0.49611234664917,0.883606016635895,-0.684537649154663,-0.701930999755859,0.0724462494254112,0.182899937033653
-0.329744637012482,-0.497686743736267,0.884495794773102,-0.687715291976929,-0.701010704040527,0.0647108405828476,0.177325218915939
-0.329744637012482,-0.497686743736267,0.884495794773102,-0.687715291976929,-0.701010704040527,0.0647108405828476,0.177325218915939
-0.338034570217133,-0.512423515319824,0.885639369487762,-0.693894147872925,-0.694908916950226,0.0751035585999488,0.173123806715012
-0.331105917692184,-0.500292420387268,0.885863780975342,-0.687489688396454,-0.701411843299866,0.0568829998373985,0.179286703467369
-0.331105917692184,-0.500292420387268,0.885863780975342,-0.687489688396454,-0.701411843299866,0.0568829998373985,0.179286703467369
-0.332040309906006,-0.501737773418427,0.887009799480438,-0.688102126121521,-0.701168894767761,0.0477924831211566,0.180537149310112
-0.340107262134552,-0.515203893184662,0.887883067131042,-0.69422048330307,-0.695041298866272,0.060912474989891,0.176819920539856
-0.333600014448166,-0.503504157066345,0.888779759407043,-0.686537802219391,-0.703560829162598,0.046554647386074,0.177484676241875
-0.334570527076721,-0.504469513893127,0.889900028705597,-0.686789631843567,-0.703745424747467,0.0467105954885482,0.175729915499687
-0.335095912218094,-0.505437970161438,0.891171336174011,-0.684687197208405,-0.702271163463593,0.0344225540757179,0.191921398043633
-0.344123482704163,-0.520286798477173,0.892286419868469,-0.691929042339325,-0.695352613925934,0.0489733181893825,0.187937766313553
-0.336133390665054,-0.504855155944824,0.892807483673096,-0.682142436504364,-0.706991672515869,0.0352509580552578,0.183308407664299
-0.337309896945953,-0.505540251731873,0.894537210464478,-0.681551694869995,-0.708066344261169,0.0373916737735271,0.180919513106346
-0.338099360466003,-0.505850791931152,0.896151542663574,-0.681505918502808,-0.708650052547455,0.0335369780659675,0.179554134607315
-0.346355527639389,-0.51903235912323,0.897196412086487,-0.688415467739105,-0.702082574367523,0.04634241014719,0.176114290952682
-0.339343070983887,-0.506920099258423,0.900133073329926,-0.685162007808685,-0.707051634788513,0.0186299700289964,0.174023762345314
-0.340444087982178,-0.507557570934296,0.90238356590271,-0.684865891933441,-0.708080351352692,0.0216794665902853,0.170617967844009
-0.341347098350525,-0.50860208272934,0.904816031455994,-0.681554138660431,-0.707197964191437,0.0132239125669002,0.18756265938282
-0.350025206804276,-0.522251725196838,0.906156599521637,-0.689028382301331,-0.700568854808807,0.026864780113101,0.183633282780647
-0.341962784528732,-0.507650017738342,0.908152759075165,-0.679674446582794,-0.711539149284363,0.0159939415752887,0.177479684352875
-0.342346757650375,-0.508604288101196,0.91107589006424,-0.683191120624542,-0.709762513637543,0.0040684440173208,0.171669229865074
-0.343210607767105,-0.509199857711792,0.913530945777893,-0.676421523094177,-0.710849106311798,0.0070370314642786,0.192608267068863
-0.351640850305557,-0.52127879858017,0.91454553604126,-0.683510601520538,-0.704596817493439,0.0194394346326589,0.189681440591812
-0.343869745731354,-0.510597467422485,0.919523060321808,-0.678804159164429,-0.70930153131485,-0.0088844010606408,0.189834743738174
-0.344280660152435,-0.510656118392944,0.922143638134003,-0.681596219539642,-0.711881399154663,-0.0019179232185706,0.169256880879402
-0.344482839107513,-0.511191785335541,0.925215601921082,-0.681504368782043,-0.711780190467834,-0.0046176146715879,0.16999851167202
-0.35260334610939,-0.523219168186188,0.926465570926666,-0.689016938209534,-0.705287158489227,0.007721088360995,0.166631519794464
-0.344967097043991,-0.512509405612946,0.931516289710998,-0.679821372032166,-0.712650895118713,-0.0161040388047695,0.172372251749039
-0.345283985137939,-0.513237476348877,0.934745252132416,-0.678760409355164,-0.713524520397186,-0.0203408431261777,0.172491610050201
-0.345569372177124,-0.514011144638062,0.938259840011597,-0.678447186946869,-0.71405017375946,-0.0201198700815439,0.17157119512558
-0.352269291877747,-0.52299690246582,0.939181447029114,-0.684854447841644,-0.708672165870667,-0.0107787018641829,0.169238537549973
-0.346050620079041,-0.515678644180298,0.945020854473114,-0.676356613636017,-0.716035783290863,-0.0301253739744424,0.170078739523888
-0.346223533153534,-0.516495048999786,0.948695361614227,-0.674625217914581,-0.717660844326019,-0.0345237180590629,0.169268310070038
-0.346417367458344,-0.517420053482056,0.952302098274231,-0.674962639808655,-0.717572450637817,-0.0382049977779388,0.167497158050537
-0.353753209114075,-0.527988910675049,0.953675270080566,-0.681995332241058,-0.712195813655853,-0.0266451984643936,0.16416209936142
-0.34646201133728,-0.518220901489258,0.959004819393158,-0.669431030750275,-0.720661461353302,-0.0413471981883049,0.175498381257057
-0.346367955207825,-0.519079267978668,0.962770819664002,-0.669197797775269,-0.720427334308624,-0.0452619455754756,0.176380202174187
-0.346710622310638,-0.520954966545105,0.967288970947266,-0.674230754375458,-0.717815399169922,-0.0550661720335483,0.164685606956482
-0.353384435176849,-0.530092120170593,0.968585789203644,-0.680426299571991,-0.713392198085785,-0.0442518070340156,0.16165691614151
-0.346368223428726,-0.522082567214966,0.974082291126251,-0.669939339160919,-0.719288527965546,-0.0604299753904342,0.173647716641426
-0.346402227878571,-0.524244248867035,0.978627920150757,-0.674865365028381,-0.715773165225983,-0.0702919289469719,0.165181323885918
-0.346279084682465,-0.525593280792236,0.982405424118042,-0.674425005912781,-0.715411782264709,-0.0762687847018241,0.16589143872261
-0.352580785751343,-0.532053768634796,0.982970058917999,-0.678843379020691,-0.712340831756592,-0.0669352859258651,0.16511170566082
-0.346103549003601,-0.528642416000366,0.989799380302429,-0.674659967422485,-0.714438915252686,-0.0864573046565055,0.164121568202972
-0.345735162496567,-0.529451489448547,0.992746114730835,-0.669894158840179,-0.716357171535492,-0.0874360054731369,0.174437955021858
-0.346039175987244,-0.532056152820587,0.997069478034973,-0.673594295978546,-0.714199244976044,-0.0979709401726722,0.163070514798164
-0.345755517482758,-0.532973110675812,0.999873399734497,-0.668533682823181,-0.716910600662231,-0.0975035801529884,0.172031328082085
-0.345762729644775,-0.535570561885834,1.00407195091248,-0.672534048557281,-0.713982939720154,-0.10828398168087,0.161865726113319
-0.345762729644775,-0.535570561885834,1.00407195091248,-0.672534048557281,-0.713982939720154,-0.10828398168087,0.161865726113319
-0.345813930034637,-0.538683891296387,1.01114273071289,-0.671494781970978,-0.71349686384201,-0.120208635926247,0.159898161888123
-0.345813930034637,-0.538683891296387,1.01114273071289,-0.671494781970978,-0.71349686384201,-0.120208635926247,0.159898161888123
-0.34576141834259,-0.541782677173615,1.01802706718445,-0.669691383838654,-0.713828146457672,-0.129823684692383,0.158457458019257
-0.345590591430664,-0.543364882469177,1.02152490615845,-0.669044137001038,-0.713837385177612,-0.133975699543953,0.157691299915314
-0.345207691192627,-0.543729543685913,1.02417230606079,-0.662254214286804,-0.717987179756165,-0.135629370808601,0.165887430310249
-0.345482975244522,-0.546149253845215,1.02810728549957,-0.665755987167358,-0.715661823749542,-0.144663110375404,0.153849333524704
-0.345334410667419,-0.547690510749817,1.03144717216492,-0.664829254150391,-0.715912342071533,-0.148945912718773,0.152600422501564
-0.344896107912064,-0.548117399215698,1.03405225276947,-0.657897531986237,-0.719770550727844,-0.151482030749321,0.161723509430885
-0.344760954380035,-0.549517214298248,1.03723227977753,-0.656090676784515,-0.720436453819275,-0.156493246555328,0.161326736211777
-0.344879031181335,-0.551805317401886,1.04112350940704,-0.659340620040894,-0.716952085494995,-0.168222874403,0.151495039463043
-0.344899415969849,-0.552540183067322,1.04402816295624,-0.653577923774719,-0.719829440116882,-0.173371434211731,0.156918480992317
-0.344899415969849,-0.552540183067322,1.04402816295624,-0.653577923774719,-0.719829440116882,-0.173371434211731,0.156918480992317
-0.344562351703644,-0.554953753948212,1.05041599273682,-0.651125133037567,-0.719188034534454,-0.186429589986801,0.155077174305916
-0.344358682632446,-0.555896759033203,1.05347800254822,-0.649114608764648,-0.718835771083832,-0.194455072283745,0.155281946063042
-0.344082951545715,-0.557321965694427,1.05708134174347,-0.652291059494019,-0.715316414833069,-0.202595308423042,0.147628530859947
-0.344010770320892,-0.557972550392151,1.06025910377502,-0.649939119815826,-0.715691566467285,-0.210913434624672,0.144499957561493
-0.343744426965714,-0.557637512683868,1.06281626224518,-0.640914022922516,-0.721149027347565,-0.213174983859062,0.154047146439552
-0.344175547361374,-0.558463990688324,1.06633901596069,-0.640079259872437,-0.721087217330933,-0.221524357795715,0.145804509520531
-0.343958079814911,-0.558470726013184,1.06942868232727,-0.637646794319153,-0.722054362297058,-0.228855147957802,0.140248790383339
-0.343958079814911,-0.558470726013184,1.06942868232727,-0.637646794319153,-0.722054362297058,-0.228855147957802,0.140248790383339
-0.343914777040482,-0.558722376823425,1.07594406604767,-0.630266606807709,-0.724994003772736,-0.241671934723854,0.136902898550034
-0.343030214309692,-0.558168292045593,1.07873380184174,-0.626360952854156,-0.727289795875549,-0.242203682661056,0.141628548502922
-0.342994332313538,-0.55789715051651,1.08247101306915,-0.624575674533844,-0.729017376899719,-0.248176753520965,0.129796996712685
-0.34339439868927,-0.558728992938995,1.086545586586,-0.623140394687653,-0.726867318153381,-0.26128363609314,0.122842960059643
-0.342898517847061,-0.557469248771667,1.08913886547089,-0.616240918636322,-0.732940077781677,-0.258421897888184,0.127529248595238
-0.342315435409546,-0.55694317817688,1.09235143661499,-0.61190265417099,-0.734340071678162,-0.265124469995499,0.126603841781616
-0.341996431350708,-0.556401073932648,1.09553205966949,-0.61077094078064,-0.735414803028107,-0.268583059310913,0.11826591193676
-0.341559141874313,-0.555926322937012,1.09877812862396,-0.606748044490814,-0.737232089042664,-0.274155110120773,0.114824131131172
-0.341011345386505,-0.555194556713104,1.10182869434357,-0.604969203472137,-0.738482594490051,-0.277676999568939,0.107478179037571
-0.340494722127914,-0.554602682590485,1.10485804080963,-0.60149621963501,-0.739800453186035,-0.282939076423645,0.104130052030087
-0.340162813663483,-0.553921461105347,1.10775852203369,-0.596739888191223,-0.741335809230804,-0.290009260177612,0.101079858839512
-0.340162813663483,-0.553921461105347,1.10775852203369,-0.596739888191223,-0.741335809230804,-0.290009260177612,0.101079858839512
-0.339413702487946,-0.552650988101959,1.11350870132446,-0.587484657764435,-0.744907200336456,-0.300210893154144,0.0992401391267776
-0.338680028915405,-0.551705420017242,1.11611545085907,-0.583233535289764,-0.745742380619049,-0.307328581809998,0.0962084233760833
-0.338680028915405,-0.551705420017242,1.11611545085907,-0.583233535289764,-0.745742380619049,-0.307328581809998,0.0962084233760833
-0.337437450885773,-0.550120234489441,1.12120044231415,-0.572987079620361,-0.749638319015503,-0.316979825496674,0.0961858928203582
-0.33671760559082,-0.548853993415833,1.12352621555328,-0.571626365184784,-0.750347495079041,-0.320627301931381,0.0861378163099289
-0.336037933826446,-0.547649919986725,1.12595736980438,-0.566437482833862,-0.752998888492584,-0.324288606643677,0.0835351794958114
-0.335175275802612,-0.546728909015656,1.12802004814148,-0.563817262649536,-0.752955198287964,-0.329534351825714,0.0810920372605323
-0.335175275802612,-0.546728909015656,1.12802004814148,-0.563817262649536,-0.752955198287964,-0.329534351825714,0.0810920372605323
-0.333264052867889,-0.544325530529022,1.13244163990021,-0.555925130844116,-0.755634665489197,-0.338075965642929,0.0752860456705093
-0.332296282052994,-0.543156683444977,1.13452255725861,-0.552938461303711,-0.756735444068909,-0.341361045837402,0.0712991207838058
-0.331266939640045,-0.5421382188797,1.13660109043121,-0.545471370220184,-0.75931715965271,-0.346185147762299,0.0778103098273277
-0.330271124839783,-0.54058039188385,1.13851249217987,-0.546124041080475,-0.759482145309448,-0.347098588943481,0.0667684599757194
-0.329146504402161,-0.53919643163681,1.14029920101166,-0.541440606117249,-0.761040389537811,-0.351281970739365,0.0652735531330108
-0.327992796897888,-0.538078606128693,1.14224815368652,-0.533679366111755,-0.764468252658844,-0.354483932256699,0.0715263038873672
-0.32697594165802,-0.536356925964355,1.14386665821075,-0.533770740032196,-0.763621687889099,-0.357861489057541,0.0624985769391059
-0.325838387012482,-0.534844636917114,1.14560687541962,-0.530390620231628,-0.765812754631042,-0.358576506376266,0.0603309422731399
-0.324702084064484,-0.533276736736298,1.14728105068207,-0.527256488800049,-0.767134964466095,-0.360836088657379,0.0574666373431682
-0.323608338832855,-0.531560301780701,1.14896202087402,-0.522668600082397,-0.769832015037537,-0.361787378787994,0.0573276542127132
-0.32237958908081,-0.530014634132385,1.15062475204468,-0.516709566116333,-0.77219420671463,-0.364589273929596,0.0616587735712528
-0.321352601051331,-0.527984976768494,1.15212619304657,-0.517060697078705,-0.772746086120605,-0.364344745874405,0.0525801219046115
-0.320254802703857,-0.526184260845184,1.15373778343201,-0.512608408927917,-0.775217115879059,-0.365266680717468,0.0533987432718277
-0.319168984889984,-0.524224758148193,1.15509986877441,-0.510706007480621,-0.776669561862946,-0.365397900342941,0.0494766272604465
-0.317932069301605,-0.522452354431152,1.15654873847961,-0.504052698612213,-0.779571533203125,-0.367629408836365,0.0552028492093086
-0.317932069301605,-0.522452354431152,1.15654873847961,-0.504052698612213,-0.779571533203125,-0.367629408836365,0.0552028492093086
-0.315813720226288,-0.518130898475647,1.15911173820496,-0.500808775424957,-0.782126069068909,-0.367416650056839,0.0497412234544754
-0.314698398113251,-0.516112864017487,1.16035950183868,-0.500061452388763,-0.783575117588043,-0.365837782621384,0.0459506511688232
-0.313662320375443,-0.514005303382874,1.16141378879547,-0.496060818433762,-0.785496711730957,-0.366908550262451,0.0479212999343872
-0.312483817338943,-0.511921644210815,1.16250395774841,-0.493856310844421,-0.787616729736328,-0.36563366651535,0.0455866232514381
-0.311384350061417,-0.509890675544739,1.16349029541016,-0.491485893726349,-0.789341330528259,-0.365103334188461,0.0456253811717033
-0.311384350061417,-0.509890675544739,1.16349029541016,-0.491485893726349,-0.789341330528259,-0.365103334188461,0.0456253811717033
-0.309248745441437,-0.505671799182892,1.16540741920471,-0.484277307987213,-0.794729828834534,-0.363013297319412,0.0458412691950798
-0.309248745441437,-0.505671799182892,1.16540741920471,-0.484277307987213,-0.794729828834534,-0.363013297319412,0.0458412691950798
-0.306648582220078,-0.501991629600525,1.1669739484787,-0.47786819934845,-0.797911942005157,-0.363729417324066,0.0517612621188163
-0.305540144443512,-0.500125229358673,1.16786086559296,-0.474935859441757,-0.798198878765106,-0.366908818483353,0.0518869347870349
-0.304054796695709,-0.497838377952576,1.16842401027679,-0.474828273057938,-0.799662351608276,-0.363805085420609,0.0521898902952671
-0.302720457315445,-0.496258735656738,1.16928017139435,-0.472362667322159,-0.799393117427826,-0.367280066013336,0.0543158277869224
-0.301191210746765,-0.493649899959564,1.16985726356506,-0.468479543924332,-0.802952766418457,-0.363813430070877,0.058598767966032
-0.299746632575989,-0.491677403450012,1.17037415504456,-0.464780896902084,-0.804774701595306,-0.363751024007797,0.0632565841078758
-0.298387289047241,-0.490046441555023,1.17077326774597,-0.466042518615723,-0.802728593349457,-0.367409914731979,0.058662936091423
-0.297205746173859,-0.488433927297592,1.17141628265381,-0.463298290967941,-0.802522122859955,-0.371580332517624,0.0569270700216293
-0.295614123344421,-0.486236929893494,1.17147493362427,-0.46139332652092,-0.803802073001862,-0.371130853891373,0.0572713017463684
-0.293468296527862,-0.483793556690216,1.17137002944946,-0.459827154874802,-0.80595201253891,-0.367781668901443,0.0611314587295055
-0.292310953140259,-0.482129603624344,1.17170131206512,-0.457519114017487,-0.806073665618896,-0.370803415775299,0.058532353490591
-0.290582925081253,-0.479803949594498,1.17170536518097,-0.456344485282898,-0.807519912719727,-0.369221597909927,0.0577677860856056
-0.288652539253235,-0.477297753095627,1.17141222953796,-0.453471034765243,-0.811133742332458,-0.363507002592087,0.0654901787638664
-0.287418395280838,-0.475351631641388,1.17153251171112,-0.453484326601028,-0.810513615608215,-0.366149604320526,0.057914700359106
-0.285291790962219,-0.472713112831116,1.17102944850922,-0.451499283313751,-0.813289403915405,-0.361277729272842,0.0647066533565521
-0.283715695142746,-0.470410794019699,1.17081439495087,-0.449623316526413,-0.815868377685547,-0.357568562030792,0.0659008994698524
-0.281860858201981,-0.467909634113312,1.1704363822937,-0.449550300836563,-0.816510617733002,-0.356661379337311,0.0633061081171035
-0.280580639839172,-0.465821623802185,1.17034804821014,-0.44687819480896,-0.817243099212646,-0.358955800533295,0.0597006380558013
-0.278562486171722,-0.463177889585495,1.1696891784668,-0.446985512971878,-0.819951713085175,-0.352032721042633,0.0628954619169235
-0.276769518852234,-0.460522472858429,1.16930961608887,-0.445196688175201,-0.821744024753571,-0.350198537111282,0.0624283850193023
-0.274734735488892,-0.457905650138855,1.16864943504333,-0.448964983224869,-0.821003198623657,-0.348902106285095,0.0514935404062271
-0.273331642150879,-0.45568311214447,1.16851341724396,-0.448268443346024,-0.821198403835297,-0.350274831056595,0.0446807630360126
-0.271501123905182,-0.45311975479126,1.16819655895233,-0.446625620126724,-0.823002696037292,-0.348018258810043,0.0455548651516437
-0.269132614135742,-0.450294971466064,1.16752314567566,-0.446347564458847,-0.825417041778564,-0.341988414525986,0.0500440038740634
-0.269132614135742,-0.450294971466064,1.16752314567566,-0.446347564458847,-0.825417041778564,-0.341988414525986,0.0500440038740634
-0.265264123678207,-0.445040851831436,1.16692399978638,-0.444029659032822,-0.828315258026123,-0.337825894355774,0.0510390177369117
-0.263750046491623,-0.442821800708771,1.16677236557007,-0.443518996238708,-0.828261613845825,-0.33942049741745,0.0454690270125865
-0.261761516332626,-0.440215528011322,1.16644108295441,-0.443262249231339,-0.829868018627167,-0.33601501584053,0.0439522191882133
-0.259813070297241,-0.437528789043427,1.16600847244263,-0.441145747900009,-0.832010626792908,-0.333252996206284,0.0457286983728408
-0.25760543346405,-0.434709668159485,1.1654657125473,-0.436791479587555,-0.833968043327332,-0.333751976490021,0.0481668636202812
-0.255229294300079,-0.431709498167038,1.16458749771118,-0.438591748476028,-0.835853397846222,-0.326940625905991,0.0457868725061416
-0.253680199384689,-0.429287016391754,1.16454768180847,-0.436146140098572,-0.837093591690063,-0.327203422784805,0.0445999391376972
-0.251703679561615,-0.426658451557159,1.16403067111969,-0.435092717409134,-0.83876097202301,-0.324282675981522,0.0448889136314392
-0.249514609575272,-0.424039840698242,1.1637282371521,-0.437453657388687,-0.838061094284058,-0.323264986276627,0.0422799736261367
-0.247409418225288,-0.421578049659729,1.16291439533234,-0.436578035354614,-0.839437067508698,-0.320755183696747,0.0431410931050777
-0.247409418225288,-0.421578049659729,1.16291439533234,-0.436578035354614,-0.839437067508698,-0.320755183696747,0.0431410931050777
-0.242953523993492,-0.416491985321045,1.16138124465942,-0.436387121677399,-0.841638743877411,-0.315036803483963,0.0442974269390106
-0.24010893702507,-0.413165092468262,1.16004025936127,-0.43560403585434,-0.845385670661926,-0.304617822170258,0.0527270883321762
-0.237739577889442,-0.410841852426529,1.15903878211975,-0.435613960027695,-0.846032798290253,-0.302646368741989,0.053613893687725
-0.235352367162704,-0.408304393291473,1.15825855731964,-0.435906887054443,-0.846816718578339,-0.299797922372818,0.0548388585448265
-0.233048677444458,-0.406110405921936,1.15720999240875,-0.43664214015007,-0.846935212612152,-0.298218727111816,0.0557679384946823
-0.230704769492149,-0.403999537229538,1.15608632564545,-0.436908692121506,-0.847025215625763,-0.297229588031769,0.057564377784729
-0.228389084339142,-0.401877641677856,1.15506219863892,-0.436779081821442,-0.847212910652161,-0.296394139528274,0.060042068362236
-0.228389084339142,-0.401877641677856,1.15506219863892,-0.436779081821442,-0.847212910652161,-0.296394139528274,0.060042068362236
-0.224088191986084,-0.397897005081177,1.15335285663605,-0.439112514257431,-0.845519840717316,-0.297319114208221,0.0622688606381416
-0.221688538789749,-0.395574748516083,1.15227127075195,-0.439280420541763,-0.846243381500244,-0.294397324323654,0.065078005194664
-0.219599321484566,-0.393593966960907,1.15134716033936,-0.440183907747269,-0.84588760137558,-0.293734043836594,0.0665777921676635
-0.213343486189842,-0.377189517021179,1.15670156478882,-0.417734265327454,-0.851991713047028,-0.308130621910095,0.0682917684316635
-0.215469226241112,-0.390026777982712,1.14937210083008,-0.444051563739777,-0.844149112701416,-0.292411953210831,0.0687454715371131
-0.213364392518997,-0.38813853263855,1.14856159687042,-0.443079024553299,-0.843887627124786,-0.294056832790375,0.0711728781461715
-0.21126563847065,-0.38638436794281,1.14771497249603,-0.443598866462708,-0.843537211418152,-0.294160306453705,0.0716574415564537
-0.205188140273094,-0.371138632297516,1.15341794490814,-0.423119604587555,-0.848859488964081,-0.308411180973053,0.0727321952581405
-0.207392290234566,-0.383384585380554,1.14589107036591,-0.445048779249191,-0.841989517211914,-0.295401990413666,0.0756539404392242
-0.205621883273125,-0.381855845451355,1.14498782157898,-0.446698218584061,-0.840754926204681,-0.296330571174622,0.0760270804166793
-0.203800350427628,-0.380424857139587,1.14407527446747,-0.448174387216568,-0.839688241481781,-0.29701691865921,0.0764471888542175
-0.20208728313446,-0.378985852003097,1.14342069625854,-0.448519557714462,-0.839078843593597,-0.297516167163849,0.0791257843375206
-0.200503125786781,-0.377529203891754,1.14269256591797,-0.449473768472672,-0.83800882101059,-0.298771977424622,0.0803127139806747
-0.194818019866943,-0.36200824379921,1.14746344089508,-0.430097848176956,-0.843122541904449,-0.311844825744629,0.083144798874855
-0.19737309217453,-0.374691784381866,1.14119184017181,-0.450562506914139,-0.836783230304718,-0.299684822559357,0.0835254415869712
-0.195972859859466,-0.3733771443367,1.14051365852356,-0.451864272356033,-0.835771143436432,-0.300090223550797,0.085155189037323
-0.194595873355865,-0.372003674507141,1.13995718955994,-0.452652454376221,-0.835259675979614,-0.301093101501465,0.082401230931282
-0.193441033363342,-0.370766192674637,1.1395058631897,-0.452006429433823,-0.835001826286316,-0.30178564786911,0.0859517678618431
-0.192335456609726,-0.369579017162323,1.13911747932434,-0.452748030424118,-0.834239780902863,-0.303242534399033,0.0843028798699379
-0.192335456609726,-0.369579017162323,1.13911747932434,-0.452748030424118,-0.834239780902863,-0.303242534399033,0.0843028798699379
-0.190012440085411,-0.366904139518738,1.13796520233154,-0.453650921583176,-0.833769857883453,-0.303347408771515,0.0837192386388778
-0.189006328582764,-0.365614831447601,1.13765919208527,-0.452305465936661,-0.833667993545532,-0.304448664188385,0.0879142433404922
-0.188019990921021,-0.364309966564178,1.1370849609375,-0.454064399003982,-0.832940280437469,-0.30460324883461,0.0851642116904258
-0.187135964632034,-0.363173693418503,1.13675665855408,-0.453475296497345,-0.83315247297287,-0.305025398731232,0.0847181379795074
-0.186138033866882,-0.362006723880768,1.13652038574219,-0.452602952718735,-0.834032893180847,-0.304516673088074,0.0825176462531089
-0.185420662164688,-0.360967397689819,1.13629543781281,-0.451494246721268,-0.834527432918549,-0.304704487323761,0.0828971937298774
-0.184517830610275,-0.359678149223328,1.1358425617218,-0.450396448373795,-0.833978772163391,-0.307110667228699,0.0854725837707519
-0.1838019490242,-0.358529806137085,1.13565838336945,-0.450201243162155,-0.834222972393036,-0.306738764047623,0.0854538902640342
-0.183027729392052,-0.357494056224823,1.13567495346069,-0.449202477931976,-0.834450960159302,-0.308075189590454,0.0836565271019935
-0.182242065668106,-0.356284856796265,1.13518011569977,-0.450577586889267,-0.834235191345215,-0.307234108448029,0.0814802795648574
-0.181485742330551,-0.355185031890869,1.1349436044693,-0.450839132070541,-0.834222674369812,-0.30675807595253,0.0819513499736785
-0.180833220481873,-0.354250580072403,1.13484394550323,-0.449163466691971,-0.834394991397858,-0.307943940162659,0.0849001854658126
-0.18014170229435,-0.353203237056732,1.13461720943451,-0.448759645223617,-0.834345519542694,-0.308491826057434,0.0855295658111572
-0.179311379790306,-0.35214176774025,1.13440501689911,-0.449148535728455,-0.834479629993439,-0.308742344379425,0.0811638757586479
-0.178781539201736,-0.351362347602844,1.13442933559418,-0.449584603309631,-0.8339604139328,-0.310093581676483,0.07890385389328
-0.177961245179176,-0.350310385227203,1.13404333591461,-0.448624789714813,-0.834635615348816,-0.309150159358978,0.0809029936790466
-0.177401706576347,-0.349537134170532,1.13385045528412,-0.448721915483475,-0.834817886352539,-0.308631837368011,0.0804621949791908
-0.176670655608177,-0.348582983016968,1.13384008407593,-0.446072220802307,-0.836072087287903,-0.308643072843552,0.0821127668023109
-0.176096901297569,-0.347724199295044,1.13371539115906,-0.44563901424408,-0.835991859436035,-0.309553503990173,0.081853449344635
-0.175471112132072,-0.346794664859772,1.13361120223999,-0.444658547639847,-0.836329221725464,-0.310019582509995,0.0819772481918335
-0.174860551953316,-0.345968455076218,1.13348531723022,-0.445008546113968,-0.83643239736557,-0.309397846460342,0.0813702866435051
-0.174295380711555,-0.345049500465393,1.13341522216797,-0.444515585899353,-0.837066173553467,-0.308306515216827,0.0816885754466056
-0.173536002635956,-0.3439661860466,1.13338136672974,-0.444238305091858,-0.837543427944183,-0.308259785175323,0.0784156024456024
-0.173029899597168,-0.343144625425339,1.13330435752869,-0.443973898887634,-0.837896049022675,-0.307745724916458,0.0781652554869651
-0.172497168183327,-0.342214286327362,1.13323748111725,-0.443382412195206,-0.837955415248871,-0.30831590294838,0.0786404535174369
-0.171965897083282,-0.34138160943985,1.1332528591156,-0.44363671541214,-0.838220477104187,-0.307611465454102,0.0771233811974525
-0.171454951167107,-0.340439438819885,1.13343775272369,-0.44084843993187,-0.839668035507202,-0.307470500469208,0.0779256597161293
-0.171051681041718,-0.339510977268219,1.13337028026581,-0.439873248338699,-0.840046167373657,-0.308108359575272,0.0768342316150665
-0.170588538050651,-0.338566929101944,1.13339054584503,-0.439469456672668,-0.840855658054352,-0.306661337614059,0.0760755762457847
-0.170198738574982,-0.337684214115143,1.1334490776062,-0.43887323141098,-0.841600060462952,-0.305731445550919,0.0750219374895095
-0.169856071472168,-0.336721062660217,1.1334525346756,-0.43718895316124,-0.842509388923645,-0.305688351392746,0.0748221799731254
-0.169856071472168,-0.336721062660217,1.1334525346756,-0.43718895316124,-0.842509388923645,-0.305688351392746,0.0748221799731254
-0.169030755758285,-0.33486533164978,1.13344955444336,-0.437432408332825,-0.843695163726807,-0.303610354661941,0.0682066455483436
-0.168689012527466,-0.333943843841553,1.13340699672699,-0.43636816740036,-0.844137072563171,-0.303864151239395,0.0684238746762275
-0.168497338891029,-0.333224028348923,1.13356637954712,-0.436165064573288,-0.843992352485657,-0.305102229118347,0.0659542381763458
-0.168109267950058,-0.332335442304611,1.13339972496033,-0.436116278171539,-0.844780027866364,-0.302989184856415,0.0659298747777938
-0.167795598506927,-0.331458806991577,1.13345849514008,-0.434341996908188,-0.84548431634903,-0.303258419036865,0.0673635527491569
-0.16765347123146,-0.330822438001633,1.13353705406189,-0.434264987707138,-0.845381796360016,-0.30416539311409,0.0650160163640976
-0.16741269826889,-0.330021798610687,1.13343846797943,-0.433003425598144,-0.845808982849121,-0.304598987102508,0.0658410191535949
-0.16741269826889,-0.330021798610687,1.13343846797943,-0.433003425598144,-0.845808982849121,-0.304598987102508,0.0658410191535949
-0.166814863681793,-0.328654289245605,1.13308525085449,-0.431080639362335,-0.847235560417175,-0.303662568330765,0.0644260570406913
-0.166659310460091,-0.327986121177673,1.13293600082397,-0.430410534143448,-0.847988367080688,-0.302883267402649,0.0626451149582862
-0.166593596339226,-0.327468812465668,1.13263988494873,-0.429432392120361,-0.84893000125885,-0.301888883113861,0.0613922365009784
-0.166593596339226,-0.327468812465668,1.13263988494873,-0.429432392120361,-0.84893000125885,-0.301888883113861,0.0613922365009784
-0.166540041565895,-0.32661908864975,1.13207006454468,-0.428313672542572,-0.850154638290405,-0.300899177789688,0.0569550059735775
-0.166477918624878,-0.326116263866425,1.13172078132629,-0.42662650346756,-0.850939095020294,-0.300963759422302,0.0575642734766006
-0.166511684656143,-0.325894951820373,1.13159036636353,-0.426037549972534,-0.851118206977844,-0.301640599966049,0.0557025857269763
-0.16635462641716,-0.325599610805511,1.13125610351562,-0.425456553697586,-0.85113400220871,-0.302447855472565,0.0555261000990867
-0.16635462641716,-0.325599610805511,1.13125610351562,-0.425456553697586,-0.85113400220871,-0.302447855472565,0.0555261000990867
-0.166015714406967,-0.325005412101746,1.13046789169312,-0.425279676914215,-0.851710200309753,-0.300821632146835,0.0568649806082248
-0.166030034422874,-0.324906587600708,1.13022089004517,-0.42745366692543,-0.851793169975281,-0.297967672348022,0.0542825683951377
-0.165977969765663,-0.324603974819183,1.12991285324097,-0.426903158426285,-0.85216760635376,-0.297823756933212,0.0535264424979686
-0.165771260857582,-0.323974728584289,1.12963914871216,-0.423636734485626,-0.852560937404633,-0.30099081993103,0.0554681979119777
-0.165686160326004,-0.32361114025116,1.12927544116974,-0.423931390047073,-0.852811694145203,-0.300326377153397,0.0529006086289882
-0.161947026848793,-0.309545874595642,1.13457942008972,-0.406957745552063,-0.856595635414124,-0.312482923269272,0.0546235553920269
-0.165581569075584,-0.323291689157486,1.12894928455353,-0.428082525730133,-0.854191362857819,-0.291733473539352,0.0446482226252555
-0.165224820375443,-0.322896659374237,1.12852871417999,-0.427819728851318,-0.855068922042847,-0.289232015609741,0.0466056987643241
-0.164839178323746,-0.32251638174057,1.1282856464386,-0.4281285405159,-0.855134427547455,-0.288600385189056,0.0464860647916793
-0.164103865623474,-0.321704387664795,1.12788450717926,-0.421703726053238,-0.855316281318665,-0.296212047338486,0.0534674562513828
-0.164103865623474,-0.321704387664795,1.12788450717926,-0.421703726053238,-0.855316281318665,-0.296212047338486,0.0534674562513828
-0.163178637623787,-0.320838898420334,1.12759399414062,-0.421765744686127,-0.855542242527008,-0.295294791460037,0.0544255748391151
-0.162710919976234,-0.320406824350357,1.12746727466583,-0.421966910362244,-0.855654716491699,-0.294589936733246,0.0549196563661098
-0.158783987164497,-0.306539326906204,1.13301372528076,-0.405213266611099,-0.859227061271667,-0.307202517986298,0.0561963953077793
-0.162101849913597,-0.319754272699356,1.12753629684448,-0.426128476858139,-0.85671204328537,-0.286744475364685,0.0472939051687717
-0.161609292030334,-0.319257020950317,1.12752103805542,-0.425886660814285,-0.85726535320282,-0.285767316818237,0.0453201159834861
-0.161083042621612,-0.318630337715149,1.12744390964508,-0.423399806022644,-0.856785774230957,-0.290063470602036,0.0501395352184772
-0.160488843917847,-0.317885160446167,1.12753403186798,-0.41999226808548,-0.857073903083801,-0.293616890907288,0.0531013272702693
-0.160045117139816,-0.317387700080872,1.12774193286896,-0.419642180204391,-0.857401072978973,-0.293254196643829,0.0525953583419323
-0.159672170877457,-0.317073345184326,1.12806689739227,-0.421811461448669,-0.857803642749786,-0.289539217948914,0.0491430908441543
-0.155856028199196,-0.303035497665405,1.13378131389618,-0.404938548803329,-0.861440002918243,-0.302337944507599,0.0503750033676624
-0.158862456679344,-0.316276669502258,1.12906455993652,-0.424322515726089,-0.858811020851135,-0.283788949251175,0.043104026466608
-0.158370569348335,-0.315732151269913,1.12967598438263,-0.423418402671814,-0.858565807342529,-0.285992294549942,0.0423088148236274
-0.158370569348335,-0.315732151269913,1.12967598438263,-0.423418402671814,-0.858565807342529,-0.285992294549942,0.0423088148236274
-0.153828710317612,-0.300992667675018,1.13623714447021,-0.404026657342911,-0.861779749393463,-0.302835822105408,0.048873983323574
-0.156726703047752,-0.313536584377289,1.13180375099182,-0.420829802751541,-0.858100354671478,-0.290033966302872,0.0494632460176944
-0.15595406293869,-0.312795460224152,1.1326687335968,-0.418170839548111,-0.858141779899597,-0.293340176343918,0.051748190075159
-0.155383467674255,-0.312206387519836,1.13390755653381,-0.417676508426666,-0.857408940792084,-0.295928835868835,0.0531241372227668
-0.155383467674255,-0.312206387519836,1.13390755653381,-0.417676508426666,-0.857408940792084,-0.295928835868835,0.0531241372227668
-0.153885215520859,-0.310892075300217,1.13637375831604,-0.417513638734818,-0.857226252555847,-0.296279579401016,0.0553515963256359
-0.153113067150116,-0.310333162546158,1.13771986961365,-0.417347967624664,-0.856901347637177,-0.296979397535324,0.0578270517289638
-0.152338325977325,-0.309785068035126,1.13933348655701,-0.416902154684067,-0.856695353984833,-0.298340022563934,0.0570925027132034
-0.148399740457535,-0.295874655246735,1.14601480960846,-0.399233967065811,-0.860627114772797,-0.310900270938873,0.0572249442338943
-0.150717049837112,-0.308379232883453,1.14237308502197,-0.415556341409683,-0.857398331165314,-0.297714918851852,0.0595594085752964
-0.150113269686699,-0.308157563209534,1.14418184757233,-0.419390082359314,-0.857890188694,-0.292361587285995,0.0515874400734901
-0.149331972002983,-0.307057321071625,1.14561879634857,-0.416787624359131,-0.857123076915741,-0.29770901799202,0.0547516085207462
-0.145686224102974,-0.29264298081398,1.15240359306335,-0.398131012916565,-0.861600756645203,-0.30999419093132,0.0551319830119609
-0.147726640105247,-0.305006742477417,1.14857470989227,-0.411898851394653,-0.858172535896301,-0.301119744777679,0.056623239070177
-0.147208139300346,-0.304438829421997,1.1502423286438,-0.412785768508911,-0.858636379241943,-0.299348473548889,0.0523644536733627
-0.14631724357605,-0.302992820739746,1.15185511112213,-0.408919632434845,-0.859697639942169,-0.301419168710709,0.0533982664346694
-0.142883151769638,-0.288404703140259,1.15874147415161,-0.3897565305233,-0.864270031452179,-0.313429087400436,0.0537528879940509
