x,y,z,q0,q1,q2,q3
0.617704927921295,-0.429734170436859,0.845503687858582,-0.583865225315094,-0.421415060758591,0.622445940971375,-0.306711673736572
0.6159388422966,-0.429406881332397,0.846203446388245,-0.584241569042206,-0.420735567808151,0.622716128826141,-0.306378990411758
0.613770246505737,-0.429387360811234,0.846752047538757,-0.583618819713593,-0.419733762741089,0.625202715396881,-0.303865492343903
0.61186945438385,-0.429160594940185,0.847501397132874,-0.583983957767487,-0.416614025831222,0.62674343585968,-0.304283142089844
0.609969615936279,-0.428977251052856,0.848280906677246,-0.583658397197723,-0.415666282176971,0.628297686576843,-0.302995800971985
0.607780992984772,-0.428993165493011,0.848876893520355,-0.584506452083588,-0.41532239317894,0.62910008430481,-0.300154387950897
0.605530619621277,-0.428872466087341,0.849539577960968,-0.582992196083069,-0.415069848299026,0.632450640201569,-0.296384036540985
0.603554129600525,-0.428536474704742,0.850260436534882,-0.582921028137207,-0.413292407989502,0.633522033691406,-0.296719342470169
0.601222157478333,-0.42854043841362,0.85087376832962,-0.583335638046265,-0.411554366350174,0.63604062795639,-0.292907536029816
0.599090576171875,-0.428317219018936,0.851566195487976,-0.582174777984619,-0.412907034158707,0.635865271091461,-0.293693453073502
0.596888601779938,-0.428242325782776,0.852334856987,-0.581369340419769,-0.410716414451599,0.63872891664505,-0.292142689228058
0.594506442546844,-0.428185969591141,0.852759838104248,-0.58295202255249,-0.407349199056625,0.640966057777405,-0.288783758878708
0.592265486717224,-0.427960574626923,0.853428363800049,-0.580889701843262,-0.407993972301483,0.643007338047028,-0.287488639354706
0.590100467205048,-0.428026050329208,0.85418289899826,-0.581299841403961,-0.405743390321732,0.644077777862549,-0.287448585033417
0.588688373565674,-0.427929639816284,0.854960501194,-0.566515505313873,-0.399926513433456,0.657659471035004,-0.294283628463745
0.585436761379242,-0.427566856145859,0.855319976806641,-0.58380264043808,-0.405115991830826,0.644891440868378,-0.281372487545013
0.582802832126617,-0.427555322647095,0.855783462524414,-0.581057906150818,-0.401949167251587,0.649500250816345,-0.280995041131973
0.582802832126617,-0.427555322647095,0.855783462524414,-0.581057906150818,-0.401949167251587,0.649500250816345,-0.280995041131973
0.579216003417969,-0.427790343761444,0.857334077358246,-0.568046271800995,-0.389366418123245,0.666259765625,-0.286033928394318
0.576747119426727,-0.427159905433655,0.857554316520691,-0.565571486949921,-0.390821129083633,0.666874647140503,-0.28751677274704
0.576747119426727,-0.427159905433655,0.857554316520691,-0.565571486949921,-0.390821129083633,0.666874647140503,-0.28751677274704
0.570857524871826,-0.425984561443329,0.857980012893677,-0.58423513174057,-0.39241823554039,0.656504988670349,-0.27143806219101
0.568016290664673,-0.425944864749908,0.85827100276947,-0.583000779151917,-0.38782212138176,0.661122739315033,-0.269482761621475
0.565475702285767,-0.425576835870743,0.858536720275879,-0.582784116268158,-0.386436522006989,0.662194490432739,-0.269310504198074
0.563030421733856,-0.425307154655456,0.859144628047943,-0.584335029125214,-0.385582387447357,0.662840962409973,-0.265557497739792
0.560687780380249,-0.424678295850754,0.859354734420776,-0.584607124328613,-0.382654696702957,0.664637804031372,-0.264700651168823
0.558236658573151,-0.424223721027374,0.860066056251526,-0.585027277469635,-0.38372614979744,0.664778232574463,-0.261853605508804
0.555782198905945,-0.423693060874939,0.860185146331787,-0.584679365158081,-0.379324585199356,0.667889058589935,-0.261126697063446
0.553471863269806,-0.423143059015274,0.86081874370575,-0.586690664291382,-0.380311012268066,0.667801976203918,-0.255339354276657
0.550930261611938,-0.422654688358307,0.861263275146484,-0.586844086647034,-0.379115521907806,0.668545365333557,-0.254818588495255
0.548724174499512,-0.421749472618103,0.861675143241882,-0.586420476436615,-0.376341313123703,0.671566367149353,-0.251946598291397
0.546453654766083,-0.421113729476929,0.862194955348969,-0.588099598884583,-0.377004683017731,0.670897722244263,-0.248802304267883
0.544290065765381,-0.419957518577576,0.862891435623169,-0.585976123809814,-0.374035686254501,0.674140751361847,-0.249526590108871
0.54176139831543,-0.419292896986008,0.863216519355774,-0.584911406040192,-0.373875558376312,0.67499828338623,-0.249946266412735
0.539641201496124,-0.418491035699844,0.863743901252747,-0.585496664047241,-0.371499508619308,0.67790675163269,-0.244180709123611
0.537427425384521,-0.417596817016602,0.864331364631653,-0.58658504486084,-0.371107995510101,0.678190767765045,-0.241358995437622
0.535603761672974,-0.416205316781998,0.864954113960266,-0.584305942058563,-0.36993682384491,0.680783271789551,-0.241386488080025
0.533485472202301,-0.415242493152618,0.86544007062912,-0.584633886814117,-0.369937598705292,0.681613743305206,-0.23822695016861
0.531513690948486,-0.41485932469368,0.866261422634125,-0.586889624595642,-0.365464746952057,0.684427976608276,-0.231418788433075
0.529578447341919,-0.412945121526718,0.866771221160889,-0.582249641418457,-0.369814932346344,0.685486137866974,-0.233090177178383
0.527460992336273,-0.412193924188614,0.867530822753906,-0.584940314292908,-0.369401216506958,0.685243010520935,-0.227661356329918
0.522433578968048,-0.420948356389999,0.878041326999664,-0.632239997386932,-0.527337908744812,0.545360922813416,-0.15738083422184
0.518568158149719,-0.424511671066284,0.879872798919678,-0.641717612743378,-0.581557810306549,0.482882678508758,-0.129666417837143
0.516144394874573,-0.425864040851593,0.880872011184692,-0.647349774837494,-0.602143883705139,0.454099625349045,-0.110246881842613
0.51425176858902,-0.425821930170059,0.881644904613495,-0.648742973804474,-0.616406202316284,0.434845507144928,-0.100426070392132
0.512395083904266,-0.425247997045517,0.88237863779068,-0.650307297706604,-0.619397759437561,0.429681867361069,-0.0939175710082054
0.510513424873352,-0.424316048622131,0.882880687713623,-0.650336980819702,-0.622882485389709,0.425222218036652,-0.0909151136875152
0.509379804134369,-0.423133581876755,0.883631944656372,-0.651973068714142,-0.624283254146576,0.422212958335876,-0.0832935273647308
0.512221097946167,-0.431503653526306,0.881174087524414,-0.213106468319893,0.650598704814911,0.724632263183594,-0.0788381397724151
0.50667667388916,-0.430782049894333,0.88316535949707,-0.208235710859299,0.650723218917847,0.725722432136536,-0.0807726085186004
0.504275679588318,-0.426409900188446,0.878504455089569,-0.208235770463943,0.650723338127136,0.725722432136536,-0.0807725489139556
0.503051519393921,-0.433569967746735,0.880800724029541,-0.206856533885002,0.655058026313782,0.721856713294983,-0.083858735859394
0.503209829330444,-0.421882599592209,0.880531072616577,-0.206856518983841,0.655058085918427,0.721856713294983,-0.0838586017489433
0.502149224281311,-0.42885884642601,0.882851243019104,-0.20516549050808,0.659552991390228,0.717927575111389,-0.086469866335392
0.501260459423065,-0.418443888425827,0.882075667381287,-0.205165028572082,0.659553468227386,0.717927515506744,-0.0864698141813278
0.500074446201324,-0.425675213336945,0.884689688682556,-0.203361377120018,0.664272785186768,0.713723421096802,-0.0893586054444313
0.50929206609726,-0.390041351318359,0.877074003219604,-0.576444864273071,-0.357101887464523,0.709653317928314,-0.191263765096664
0.509194672107697,-0.388585090637207,0.877495288848877,-0.574764609336853,-0.356308877468109,0.711960673332214,-0.189213365316391
0.50914990901947,-0.387412875890732,0.877952575683594,-0.575445234775543,-0.357286840677261,0.711690247058868,-0.186295449733734
0.509372413158417,-0.386006414890289,0.878531694412231,-0.576184213161469,-0.359520018100739,0.710878491401672,-0.182781338691711
0.509563326835632,-0.3846635222435,0.878907978534698,-0.574784278869629,-0.357809126377106,0.713245213031769,-0.18131996691227
0.50989705324173,-0.383419692516327,0.879245638847351,-0.573126316070557,-0.357285737991333,0.715198755264282,-0.179899677634239
0.510194897651672,-0.382112503051758,0.879752576351166,-0.5741166472435,-0.358808815479279,0.714022815227509,-0.178375467658043
0.510769546031952,-0.381197363138199,0.880244493484497,-0.572359383106232,-0.36009618639946,0.715462148189545,-0.175639674067497
0.511515438556671,-0.379954785108566,0.880496680736542,-0.571317434310913,-0.359671831130981,0.716429650783539,-0.175958067178726
0.512005686759949,-0.378922700881958,0.880849242210388,-0.574724435806274,-0.363946855068207,0.712162137031555,-0.173376753926277
0.512929499149323,-0.377902448177338,0.881051659584045,-0.574571430683136,-0.362538486719131,0.713165044784546,-0.172711461782455
0.514167428016663,-0.376328617334366,0.881145536899567,-0.569276332855225,-0.366096317768097,0.715259730815887,-0.174073457717896
0.515298902988434,-0.376040101051331,0.881460547447205,-0.57026481628418,-0.362304270267487,0.716994643211365,-0.17161662876606
0.516450345516205,-0.375259459018707,0.881823062896729,-0.571344017982483,-0.365763157606125,0.714531898498535,-0.170960828661919
0.517706573009491,-0.374407947063446,0.881771564483643,-0.573938488960266,-0.366661787033081,0.712415158748627,-0.169169798493385
0.519106924533844,-0.373608767986298,0.881704032421112,-0.572537422180176,-0.366701692342758,0.713223874568939,-0.17041902244091
0.520732700824738,-0.373076975345612,0.881623864173889,-0.571410894393921,-0.366575956344604,0.71420955657959,-0.170341953635216
0.522347152233124,-0.372461467981339,0.881657481193542,-0.571574032306671,-0.367798626422882,0.713415145874023,-0.170488014817238
0.523989856243134,-0.372004210948944,0.881589651107788,-0.571643173694611,-0.368320882320404,0.712202608585358,-0.174158558249473
0.523989856243134,-0.372004210948944,0.881589651107788,-0.571643173694611,-0.368320882320404,0.712202608585358,-0.174158558249473
0.527669608592987,-0.371317595243454,0.881283283233643,-0.572173118591309,-0.373175859451294,0.709596395492554,-0.172716110944748
0.530071496963501,-0.371354162693024,0.881307125091553,-0.575574457645416,-0.375138700008392,0.706432342529297,-0.170113176107407
0.532506823539734,-0.37084499001503,0.880977988243103,-0.574602961540222,-0.372120529413223,0.707666754722595,-0.174829959869385
0.534757614135742,-0.370867371559143,0.880409002304077,-0.574039220809937,-0.373193472623825,0.707760572433472,-0.174013614654541
0.537111461162567,-0.370823413133621,0.880279719829559,-0.575760245323181,-0.376073330640793,0.704186022281647,-0.176609545946121
0.539651036262512,-0.371302634477615,0.879730343818665,-0.575772345066071,-0.375440716743469,0.704616546630859,-0.176198437809944
0.542172908782959,-0.37148904800415,0.879307150840759,-0.578113734722137,-0.376108199357986,0.702219426631927,-0.176678001880646
0.544797420501709,-0.371988028287888,0.87887966632843,-0.577870428562164,-0.3775475025177,0.701079666614532,-0.178916171193123
0.547610998153687,-0.372276067733765,0.878179669380188,-0.577414274215698,-0.37523603439331,0.70204085111618,-0.181464910507202
0.550478279590607,-0.3726407289505,0.877650380134583,-0.577565550804138,-0.378414213657379,0.69964200258255,-0.18363556265831
0.553404808044434,-0.373204112052917,0.876930594444275,-0.578217208385468,-0.377516359090805,0.69874233007431,-0.186830043792725
0.556258380413055,-0.37414014339447,0.876226365566254,-0.578203797340393,-0.376595348119736,0.698159694671631,-0.190864711999893
0.559496402740479,-0.374927908182144,0.875787556171417,-0.580530941486359,-0.377892732620239,0.695858716964722,-0.189635217189789
0.562456250190735,-0.376594871282578,0.875102996826172,-0.58312314748764,-0.372726112604141,0.695920765399933,-0.19166873395443
0.56600433588028,-0.376993060112,0.874326705932617,-0.581613838672638,-0.370561718940735,0.696111917495728,-0.199593544006348
0.56914496421814,-0.377698838710785,0.873420357704163,-0.579881250858307,-0.375170588493347,0.694044232368469,-0.203193455934525
0.572960019111633,-0.378549218177795,0.872547507286072,-0.581111907958984,-0.375965654850006,0.692230224609375,-0.204392254352569
0.572047054767609,-0.389888912439346,0.881734251976013,-0.631333947181702,-0.538859605789185,0.539994060993195,-0.139479354023933
0.573962688446045,-0.395673394203186,0.882060408592224,-0.640620172023773,-0.591806471347809,0.47575718164444,-0.114132434129715
0.576365828514099,-0.399242430925369,0.881399095058441,-0.642211973667145,-0.612083256244659,0.448767840862274,-0.10735660046339
0.58009934425354,-0.401594698429108,0.880911231040955,-0.644028425216675,-0.624371469020844,0.429820388555527,-0.103161320090294
0.583528757095337,-0.403444230556488,0.880169332027435,-0.644216775894165,-0.627462089061737,0.424825549125671,-0.103921204805374
0.586922466754913,-0.404955416917801,0.87942361831665,-0.64120227098465,-0.634059011936188,0.418428897857666,-0.10838045924902
0.590491652488708,-0.406322300434112,0.878556787967682,-0.639929533004761,-0.637068331241608,0.414862483739853,-0.111908547580242
0.598549604415894,-0.416839301586151,0.874692320823669,-0.248680800199509,0.656293511390686,0.706856787204742,-0.0882629379630088
0.596292912960052,-0.419399261474609,0.876024067401886,-0.247532069683075,0.656648695468903,0.706442058086395,-0.0920879319310188
0.602126002311707,-0.418995261192322,0.868725657463074,-0.24753226339817,0.656648397445679,0.706442177295685,-0.0920880585908889
0.605934977531433,-0.420808166265488,0.867555260658264,-0.247531801462173,0.656649231910706,0.706442058086395,-0.0920879766345024
0.608585476875305,-0.431570589542389,0.869435667991638,-0.250370383262634,0.661516308784485,0.700176119804382,-0.0972870439291
0.61954402923584,-0.394574016332626,0.862665772438049,-0.589979708194733,-0.384011507034302,0.661776900291443,-0.257895946502685
0.624166786670685,-0.396125853061676,0.862301588058472,-0.570539832115173,-0.375795722007751,0.676099479198456,-0.275955438613892
0.627639770507812,-0.397372841835022,0.861595869064331,-0.571900904178619,-0.376304507255554,0.673198997974396,-0.279513031244278
0.631286978721619,-0.398266583681107,0.861106276512146,-0.574661493301392,-0.376612544059753,0.66900360584259,-0.283480942249298
0.63457453250885,-0.399697989225388,0.860501527786255,-0.577365815639496,-0.37707906961441,0.665863275527954,-0.284756422042847
0.637025594711304,-0.400259852409363,0.859669268131256,-0.591446042060852,-0.383063852787018,0.651325345039368,-0.281476616859436
0.641296088695526,-0.401744425296783,0.859501719474792,-0.579183876514435,-0.377565026283264,0.661150693893433,-0.291325449943542
0.643709301948547,-0.402161300182342,0.858699977397919,-0.593507170677185,-0.381346106529236,0.647815644741058,-0.287505209445953
0.646784365177155,-0.403177827596664,0.858277320861816,-0.594465732574463,-0.381843268871307,0.64521735906601,-0.290690571069717
0.649733662605286,-0.404183775186539,0.85777735710144,-0.594761967658997,-0.380802810192108,0.644951999187469,-0.292035073041916
0.653116762638092,-0.404922932386398,0.85759174823761,-0.597650408744812,-0.382119446992874,0.640735685825348,-0.293694406747818
0.655920922756195,-0.405849725008011,0.857186317443848,-0.59897243976593,-0.382880389690399,0.638705968856812,-0.294430732727051
0.658613801002502,-0.406359970569611,0.856902122497559,-0.595681428909302,-0.38149818778038,0.639610826969147,-0.300866901874542
0.661121010780334,-0.407302558422089,0.856534361839294,-0.597584366798401,-0.382294088602066,0.637036621570587,-0.30154338479042
0.663961470127106,-0.407825082540512,0.856476604938507,-0.599490940570831,-0.381942391395569,0.635194718837738,-0.302090048789978
0.666333854198456,-0.40843403339386,0.856322228908539,-0.597915709018707,-0.38406577706337,0.632386147975922,-0.308347284793854
0.668465673923492,-0.408930420875549,0.855966687202454,-0.597660660743713,-0.381240546703339,0.633508205413818,-0.310040026903152
0.670823037624359,-0.409627199172974,0.856041550636292,-0.601147890090942,-0.380547344684601,0.630502700805664,-0.310276180505753
0.672842741012573,-0.409734785556793,0.855897068977356,-0.59935450553894,-0.383607774972916,0.628794550895691,-0.313427627086639
0.674634695053101,-0.410142630338669,0.855653941631317,-0.599026739597321,-0.382227063179016,0.629595279693604,-0.314132630825043
0.676378011703491,-0.410369545221329,0.855575919151306,-0.59945285320282,-0.382986634969711,0.627806067466736,-0.31597027182579
0.678039729595184,-0.410695374011993,0.855672597885132,-0.599838614463806,-0.382710039615631,0.62693864107132,-0.317292869091034
0.679671347141266,-0.410678029060364,0.855738341808319,-0.598871231079102,-0.386351943016052,0.624902606010437,-0.318719625473022
0.681119084358215,-0.410857647657394,0.855785012245178,-0.600804209709167,-0.386330723762512,0.623525261878967,-0.317803561687469
0.682687819004059,-0.410943120718002,0.855980813503265,-0.600379943847656,-0.385396093130112,0.62387079000473,-0.319059669971466
0.683457791805267,-0.410997301340103,0.855832278728485,-0.60023307800293,-0.386678725481033,0.622967481613159,-0.319548696279526
0.684723258018494,-0.410934597253799,0.85600221157074,-0.600416958332062,-0.386581659317017,0.622574150562286,-0.320086598396301
0.685778737068176,-0.4122174680233,0.857624232769012,-0.605379819869995,-0.413582384586334,0.604501664638519,-0.311516940593719
0.686170637607574,-0.412070035934448,0.857601702213287,-0.60553377866745,-0.413452178239822,0.603856861591339,-0.312639147043228
0.686712205410004,-0.411709010601044,0.857463777065277,-0.605110824108124,-0.410949319601059,0.605307519435883,-0.313949465751648
0.687142372131348,-0.411618411540985,0.857516884803772,-0.605026006698608,-0.412843346595764,0.604378938674927,-0.313416987657547
0.687552213668823,-0.411663591861725,0.857665181159973,-0.605970621109009,-0.412470728158951,0.604394972324371,-0.31204879283905
0.687368273735046,-0.410153269767761,0.856160283088684,-0.600853562355042,-0.390055030584335,0.620257437229156,-0.319550812244415
0.687204420566559,-0.409605145454407,0.856020450592041,-0.599326491355896,-0.391316682100296,0.62065064907074,-0.320112228393555
0.687173962593079,-0.409060329198837,0.856149554252625,-0.599006474018097,-0.391972631216049,0.620098233222961,-0.320978045463562
0.686997056007385,-0.408558458089828,0.856166779994965,-0.598544895648956,-0.391621172428131,0.620631814002991,-0.321236819028854
0.686429917812347,-0.408172786235809,0.856115579605103,-0.598061442375183,-0.391623318195343,0.620953142642975,-0.321513533592224
0.686125457286835,-0.407735645771027,0.856265068054199,-0.598244369029999,-0.391194313764572,0.621849060058594,-0.319960117340088
0.685342371463776,-0.407248198986053,0.85613077878952,-0.596765518188477,-0.392369776964188,0.622486352920532,-0.320043087005615
0.684788644313812,-0.407546281814575,0.85643458366394,-0.600557386875153,-0.388108193874359,0.624195873737335,-0.314773857593536
0.683763086795807,-0.406179964542389,0.856307029724121,-0.596101760864258,-0.392026096582413,0.624313652515411,-0.318136483430862
0.682818055152893,-0.405637204647064,0.856419622898102,-0.596375465393066,-0.392498403787613,0.624322593212128,-0.317021667957306
0.681991934776306,-0.405213624238968,0.856530904769897,-0.59594053030014,-0.390541911125183,0.626820683479309,-0.315321654081345
0.680551290512085,-0.404646873474121,0.856525540351868,-0.596517741680145,-0.391996026039123,0.626240313053131,-0.313574224710464
0.679329395294189,-0.404020875692367,0.856531023979187,-0.595105886459351,-0.392305940389633,0.628308832645416,-0.311725795269012
0.677977859973907,-0.403407156467438,0.85672652721405,-0.595047831535339,-0.393099665641785,0.628420472145081,-0.310610175132751
0.676681816577911,-0.402676343917847,0.856804072856903,-0.594515383243561,-0.39230152964592,0.629854798316956,-0.309731781482696
0.675265192985535,-0.401909917593002,0.857126414775848,-0.594052076339722,-0.393717616796493,0.629993915557861,-0.308538764715195
0.673736810684204,-0.401152312755585,0.857118904590607,-0.593030154705048,-0.393282920122147,0.631796777248383,-0.307370603084564
0.672234892845154,-0.400411874055862,0.857326924800873,-0.59323924779892,-0.391580104827881,0.633199453353882,-0.306252866983414
0.670238792896271,-0.399918407201767,0.857403755187988,-0.592612743377686,-0.393033802509308,0.63478809595108,-0.30228927731514
0.668553411960602,-0.399218440055847,0.857537388801575,-0.592332482337952,-0.392587840557098,0.635947346687317,-0.300978362560272
0.668553411960602,-0.399218440055847,0.857537388801575,-0.592332482337952,-0.392587840557098,0.635947346687317,-0.300978362560272
0.665098786354065,-0.397481322288513,0.857950747013092,-0.590299844741821,-0.391909331083298,0.639488816261292,-0.298340797424316
0.663139820098877,-0.396826833486557,0.858192801475525,-0.59378570318222,-0.393138468265533,0.638953566551208,-0.290859073400497
0.661066830158234,-0.396185517311096,0.858256459236145,-0.589950144290924,-0.391287297010422,0.642921924591064,-0.292411774396896
0.65925669670105,-0.395386874675751,0.85862135887146,-0.593574285507202,-0.393126100301742,0.641339182853699,-0.286016911268234
0.657313346862793,-0.394483327865601,0.85893702507019,-0.592288434505463,-0.392724871635437,0.643348515033722,-0.284718155860901
0.655006289482117,-0.394044816493988,0.858956694602966,-0.590478539466858,-0.390653282403946,0.646495461463928,-0.284198790788651
0.652906000614166,-0.393133789300919,0.859295248985291,-0.589627146720886,-0.389636605978012,0.648881673812866,-0.281914591789246
0.651219964027405,-0.3923100233078,0.85961127281189,-0.590741813182831,-0.390915930271149,0.648366332054138,-0.27898046374321
0.649080038070679,-0.391715288162231,0.860010623931885,-0.591679453849792,-0.391053736209869,0.649409294128418,-0.274335622787476
0.646829009056091,-0.391067445278168,0.860176026821136,-0.592116236686707,-0.388303577899933,0.65152645111084,-0.272271931171417
0.645580768585205,-0.39084380865097,0.860838949680328,-0.574830710887909,-0.382817804813385,0.666916131973267,-0.279719650745392
0.643731236457825,-0.390124380588531,0.861136555671692,-0.573428094387054,-0.381071090698242,0.669139266014099,-0.279674410820007
0.641565918922424,-0.389340609312057,0.861549735069275,-0.570944726467133,-0.380520313978195,0.671901822090149,-0.278880596160889
0.639375150203705,-0.388910174369812,0.861828207969666,-0.571501314640045,-0.380740612745285,0.673260629177094,-0.27412211894989
0.636418402194977,-0.387623190879822,0.861907124519348,-0.589076995849609,-0.386139124631882,0.660008490085602,-0.261292457580566
0.634141445159912,-0.387112647294998,0.862204551696777,-0.590481579303741,-0.385722011327743,0.660616159439087,-0.2571702003479
0.632207930088043,-0.3865807056427,0.862638890743256,-0.58906489610672,-0.385071694850922,0.663227319717407,-0.254660218954086
0.629850924015045,-0.385869383811951,0.862867116928101,-0.586947798728943,-0.382876545190811,0.665737867355347,-0.256302565336227
0.627999365329742,-0.385089308023453,0.863339304924011,-0.584874868392944,-0.383149594068527,0.667931616306305,-0.254921823740005
0.626010119915009,-0.384675711393356,0.863882958889008,-0.586261451244354,-0.384210467338562,0.667533040046692,-0.251156032085419
0.624214112758636,-0.384149789810181,0.864206194877625,-0.58815211057663,-0.383021265268326,0.668244659900665,-0.246618971228599
0.622315883636475,-0.383746206760406,0.864668846130371,-0.58688896894455,-0.38347801566124,0.669914066791534,-0.244378834962845
0.620534718036652,-0.383060783147812,0.86516922712326,-0.587334752082825,-0.385501623153687,0.668929219245911,-0.242816656827927
0.61835515499115,-0.382703959941864,0.865345597267151,-0.583656013011932,-0.381886631250381,0.674359738826752,-0.242378190159798
0.616957902908325,-0.382225066423416,0.865833044052124,-0.58449375629425,-0.381450444459915,0.674729287624359,-0.240006104111671
0.616957902908325,-0.382225066423416,0.865833044052124,-0.58449375629425,-0.381450444459915,0.674729287624359,-0.240006104111671
0.613366365432739,-0.381177663803101,0.866587042808533,-0.582205712795258,-0.383950740098953,0.675985217094421,-0.238039046525955
0.612000107765198,-0.380895137786865,0.866928577423096,-0.58358508348465,-0.382158637046814,0.677340745925903,-0.233651235699654
0.610458254814148,-0.380522489547729,0.867381989955902,-0.583239495754242,-0.381890863180161,0.678487718105316,-0.231614574790001
0.609004020690918,-0.380164444446564,0.867816567420959,-0.583865165710449,-0.38205561041832,0.678249955177307,-0.23046025633812
0.607343256473541,-0.379832237958908,0.867990970611572,-0.578861713409424,-0.379670113325119,0.683415949344635,-0.231759175658226
0.602955281734467,-0.389534056186676,0.878035426139832,-0.625096261501312,-0.539625704288483,0.540496647357941,-0.161002948880196
0.599847078323364,-0.394016683101654,0.87952733039856,-0.635307013988495,-0.589521944522858,0.481071293354034,-0.131981566548347
0.598808407783508,-0.404698431491852,0.877159833908081,-0.220863178372383,0.685864269733429,0.686481475830078,-0.0977383404970169
0.591306388378143,-0.406565278768539,0.879624724388123,0.216033488512039,-0.686764121055603,-0.686427116394043,0.102481700479984
0.595288097858429,-0.402748554944992,0.875801682472229,0.216033652424812,-0.686763882637024,-0.686427295207977,0.102481573820114
0.594413578510284,-0.40241277217865,0.876116931438446,0.216033518314361,-0.686763525009155,-0.686426877975464,0.102481655776501
0.593439698219299,-0.402022659778595,0.876361727714539,0.216033637523651,-0.686764061450958,-0.686426997184753,0.102481558918953
0.593126952648163,-0.409949779510498,0.878269791603088,0.214895009994507,-0.691617429256439,-0.681638121604919,0.104187041521072
0.591781497001648,-0.400921195745468,0.877350568771362,0.214895263314247,-0.691616892814636,-0.681638240814209,0.104187101125717
0.590269923210144,-0.401193797588348,0.877463340759277,0.214895382523537,-0.691616714000702,-0.681637942790985,0.104187212884426
0.589785516262054,-0.401126265525818,0.877715468406677,0.214895248413086,-0.691617250442505,-0.681638419628143,0.104187205433846
0.59007328748703,-0.409181654453278,0.879512548446655,0.214585453271866,-0.696221351623535,-0.676780581474304,0.105815656483173
0.589009940624237,-0.400411814451218,0.878450632095337,0.214585572481155,-0.696221888065338,-0.676781058311462,0.105815574526787
0.588759303092957,-0.400308459997177,0.878606796264648,0.214585572481155,-0.69622141122818,-0.676780700683594,0.105815701186657
0.588759303092957,-0.400308459997177,0.878606796264648,0.214585572481155,-0.69622141122818,-0.676780700683594,0.105815701186657
0.588728368282318,-0.408820807933807,0.880636096000671,0.214835911989212,-0.700530052185059,-0.671733140945435,0.108983233571052
0.588434934616089,-0.399421691894531,0.879505157470703,0.214835792779922,-0.700529873371124,-0.671733617782593,0.108983367681503
0.58854866027832,-0.399459600448608,0.879581809043884,0.214835941791534,-0.700530230998993,-0.671733617782593,0.108983300626278
0.58871978521347,-0.399520605802536,0.879634201526642,0.214835867285728,-0.700529932975769,-0.671733617782593,0.108983285725117
0.589541912078857,-0.407475084066391,0.881177842617035,0.214933022856712,-0.704787611961365,-0.666881918907166,0.1111159324646
0.589652061462402,-0.399150460958481,0.879652202129364,0.214932918548584,-0.704788208007812,-0.666881799697876,0.111115679144859
0.590150713920593,-0.399288296699524,0.879667639732361,0.214932799339294,-0.704787909984589,-0.666881740093231,0.111115716397762
0.591681241989136,-0.39892703294754,0.879787743091583,0.214932829141617,-0.704787909984589,-0.666881859302521,0.111115738749504
0.592179417610168,-0.40702611207962,0.881671786308289,0.215482741594314,-0.708337724208832,-0.662361741065979,0.114463858306408
0.592707812786102,-0.399074137210846,0.879768848419189,0.215482726693153,-0.708337843418121,-0.662361800670624,0.114464104175568
0.593422889709473,-0.399362444877625,0.879749119281769,0.215482831001282,-0.708337664604187,-0.662361681461334,0.114464178681374
0.595117509365082,-0.399276167154312,0.879740953445435,0.215482667088509,-0.708337485790253,-0.662361800670624,0.114463992416859
0.59614509344101,-0.408002376556396,0.881454288959503,0.216767445206642,-0.712347388267517,-0.657020509243011,0.117884635925293
0.596741676330566,-0.399387389421463,0.879193067550659,0.216767564415932,-0.712347626686096,-0.657020926475525,0.117884911596775
0.597789585590363,-0.399738252162933,0.878999471664429,0.216767594218254,-0.712347209453583,-0.657020688056946,0.117885015904903
0.599069952964783,-0.400253146886826,0.878861427307129,0.216767564415932,-0.712347030639648,-0.657020807266235,0.117884948849678
0.600389778614044,-0.409520357847214,0.8807133436203,0.218507573008537,-0.716569304466248,-0.651112139225006,0.121801421046257
0.602252602577209,-0.399756193161011,0.878110766410828,0.218507751822472,-0.716569185256958,-0.65111243724823,0.121801637113094
0.604334771633148,-0.399992436170578,0.878095388412476,0.218507841229439,-0.716569304466248,-0.65111243724823,0.121801644563675
0.605979681015015,-0.400508522987366,0.877873301506042,0.218507573008537,-0.716569602489471,-0.65111255645752,0.121801555156708
0.607435762882233,-0.408995121717453,0.879409432411194,0.220160499215126,-0.720154345035553,-0.645984172821045,0.124947853386402
0.608466863632202,-0.400859594345093,0.876976311206818,0.220160260796547,-0.720154523849487,-0.645983934402466,0.124947883188725
0.61005687713623,-0.401412814855576,0.876637578010559,0.220160275697708,-0.720153868198395,-0.645983755588531,0.124947875738144
0.61297744512558,-0.401572734117508,0.875967979431152,0.220160201191902,-0.720154702663422,-0.645983874797821,0.124947756528854
0.614450395107269,-0.410753518342972,0.877749264240265,0.221727877855301,-0.724241614341736,-0.64018577337265,0.128348141908646
0.619050800800323,-0.40533572435379,0.878645062446594,0.22172786295414,-0.724241614341736,-0.640185832977295,0.128348261117935
0.620403647422791,-0.413166165351868,0.880165100097656,0.223305016756058,-0.727595090866089,-0.635191917419434,0.131421864032745
0.623001873493195,-0.40579029917717,0.877839684486389,0.223304852843285,-0.727594912052155,-0.635192036628723,0.131422162055969
0.624193966388702,-0.413785487413406,0.879493057727814,0.224637195467949,-0.731034815311432,-0.630085945129395,0.134602755308151
0.62708455324173,-0.405817985534668,0.876646161079407,0.224637120962143,-0.731034934520721,-0.630086183547974,0.134602814912796
0.628484308719635,-0.41399735212326,0.878270268440247,0.226219341158867,-0.734473586082458,-0.624813914299011,0.137772127985954
0.631037592887878,-0.405926495790482,0.875394582748413,0.226219311356544,-0.734473764896393,-0.624813914299011,0.137771874666214
0.632806360721588,-0.413637280464172,0.877035975456238,0.227447792887688,-0.738024175167084,-0.619669616222382,0.139992147684097
0.637790560722351,-0.385837912559509,0.865829348564148,-0.564218461513519,-0.379828125238419,0.681318402290344,-0.270542919635773
0.638849437236786,-0.385850012302399,0.865262866020203,-0.582835614681244,-0.385413080453873,0.665838658809662,-0.261568963527679
0.640601098537445,-0.386398583650589,0.86487889289856,-0.584280669689178,-0.385672599077225,0.664309322834015,-0.2618508040905
0.642509698867798,-0.386829853057861,0.864421606063843,-0.584035694599152,-0.385289490222931,0.66418194770813,-0.263280689716339
0.644105434417725,-0.387255191802979,0.863983511924744,-0.582717418670654,-0.385610580444336,0.663396656513214,-0.267675191164017
0.646091341972351,-0.387481182813644,0.863781690597534,-0.582312405109406,-0.385308712720871,0.66268926858902,-0.270726174116135
0.648117661476135,-0.388038605451584,0.863477230072021,-0.587604641914368,-0.387203961610794,0.657894253730774,-0.268270492553711
0.650011241436005,-0.388452976942062,0.863119125366211,-0.586808860301971,-0.384314596652985,0.659332156181335,-0.270626544952393
0.651838779449463,-0.388613432645798,0.862859845161438,-0.587538242340088,-0.387265980243683,0.65577644109726,-0.2734614610672
0.653212547302246,-0.389206647872925,0.862479567527771,-0.586442351341248,-0.385764747858047,0.656644403934479,-0.275842696428299
0.654891729354858,-0.389554768800735,0.862293601036072,-0.58569997549057,-0.385473042726517,0.65659636259079,-0.2779341340065
0.657021224498749,-0.389689952135086,0.862250328063965,-0.590729653835297,-0.387574195861816,0.650780439376831,-0.278046101331711
0.658671915531158,-0.390037149190903,0.861951589584351,-0.590122044086456,-0.38679563999176,0.651173174381256,-0.279497385025024
0.660083413124084,-0.390507221221924,0.861634731292725,-0.589625954627991,-0.387056976556778,0.651358604431152,-0.279749810695648
0.661320328712463,-0.390905678272247,0.861340880393982,-0.588104367256165,-0.386048913002014,0.650699555873871,-0.285813838243484
0.662779092788696,-0.3911352455616,0.861160576343536,-0.587601125240326,-0.385663747787476,0.650533258914948,-0.287741363048553
0.66436105966568,-0.391261070966721,0.861192941665649,-0.587366104125977,-0.386461853981018,0.648952782154083,-0.290703773498535
0.665740787982941,-0.391675263643265,0.861185193061829,-0.588977098464966,-0.389512032270432,0.645352840423584,-0.29138633608818
0.667038083076477,-0.391915529966354,0.860957384109497,-0.592356503009796,-0.389675348997116,0.644188165664673,-0.286859452724457
0.668033003807068,-0.392002403736115,0.860864639282227,-0.589519858360291,-0.38967227935791,0.645073354244232,-0.290692836046219
0.669084429740906,-0.392339766025543,0.860621333122253,-0.589198112487793,-0.38635727763176,0.64711195230484,-0.291238486766815
0.670140981674194,-0.392523914575577,0.860598504543304,-0.589045286178589,-0.388588815927505,0.643907070159912,-0.295648604631424
0.671164810657501,-0.392667919397354,0.860490918159485,-0.588615834712982,-0.388122975826263,0.644030690193176,-0.296844005584717
0.671982228755951,-0.392912030220032,0.860507607460022,-0.589014291763306,-0.38816973567009,0.64362496137619,-0.296872645616531
0.672750473022461,-0.3934426009655,0.8605637550354,-0.591086983680725,-0.387290865182877,0.643133521080017,-0.294959366321564
0.673415720462799,-0.393353372812271,0.860325217247009,-0.589541256427765,-0.38797527551651,0.643532872200012,-0.296279937028885
0.674090147018433,-0.393467217683792,0.860324084758759,-0.589688420295715,-0.387747585773468,0.64349102973938,-0.296376228332519
0.674582719802856,-0.393568277359009,0.860318779945374,-0.589972198009491,-0.387929648160934,0.643026947975159,-0.296580135822296
0.675264716148376,-0.393487334251404,0.860420942306519,-0.589548647403717,-0.387261480093002,0.642804980278015,-0.298769026994705
0.675695300102234,-0.39394024014473,0.860466957092285,-0.592109203338623,-0.384798735380173,0.642903327941895,-0.29666793346405
0.676326870918274,-0.39377897977829,0.860480844974518,-0.591368317604065,-0.387386977672577,0.641861796379089,-0.297032445669174
0.676466405391693,-0.393734484910965,0.860441267490387,-0.590712547302246,-0.388465374708176,0.641475677490234,-0.297762364149094
0.676653385162354,-0.393731623888016,0.860483527183533,-0.591945469379425,-0.389208555221558,0.640592992305756,-0.296239942312241
0.676720499992371,-0.393773168325424,0.860500931739807,-0.591738879680634,-0.389703214168549,0.640474617481232,-0.296258121728897
0.676563680171967,-0.393845468759537,0.860423922538757,-0.589061558246613,-0.388534814119339,0.641864657402039,-0.30009537935257
0.67673259973526,-0.393758356571198,0.860603809356689,-0.591042339801788,-0.38991317152977,0.640809834003448,-0.296646952629089
0.676607310771942,-0.393733382225037,0.860654711723328,-0.590612053871155,-0.39004909992218,0.641085505485535,-0.296729803085327
0.676247298717499,-0.393751263618469,0.860610485076904,-0.587158739566803,-0.388919860124588,0.643509864807129,-0.299801707267761
0.676041066646576,-0.393998473882675,0.860785365104675,-0.58856201171875,-0.385427445173263,0.644940674304962,-0.298482686281204
0.67550265789032,-0.393720924854279,0.860697865486145,-0.587088942527771,-0.388585150241852,0.644452571868896,-0.298343628644943
0.675081610679626,-0.393677353858948,0.860800802707672,-0.586954176425934,-0.39015930891037,0.643790185451508,-0.297984659671783
0.674717545509338,-0.393345415592194,0.861030578613281,-0.58601450920105,-0.391772419214249,0.644092261791229,-0.29706346988678
0.674114048480988,-0.393475383520126,0.860954761505127,-0.585279107093811,-0.391139626502991,0.644653022289276,-0.298128724098206
0.673636853694916,-0.393373310565948,0.86104941368103,-0.584937512874603,-0.391548573970795,0.644816398620605,-0.297909170389175
0.67312628030777,-0.393496811389923,0.861373484134674,-0.585570514202118,-0.391610026359558,0.644540786743164,-0.297180235385895
0.672360777854919,-0.393138289451599,0.861351013183594,-0.584252297878265,-0.394123166799545,0.644618034362793,-0.296283632516861
0.671758472919464,-0.39286133646965,0.86152458190918,-0.583304047584534,-0.393138825893402,0.645918786525726,-0.296626508235931
0.671134829521179,-0.392664432525635,0.861834406852722,-0.58280086517334,-0.396258115768433,0.644486963748932,-0.296579569578171
0.67037445306778,-0.392421424388885,0.861907362937927,-0.58188009262085,-0.395326763391495,0.646018147468567,-0.296299040317535
0.669632732868195,-0.392192840576172,0.861983895301819,-0.58180958032608,-0.395527005195618,0.646386623382568,-0.295364946126938
0.66891884803772,-0.392213881015778,0.862278819084167,-0.582789480686188,-0.394965648651123,0.646457552909851,-0.294025897979736
0.667768061161041,-0.391912966966629,0.862172484397888,-0.580498456954956,-0.395451664924622,0.648854196071625,-0.292622178792953
0.666941046714783,-0.391752332448959,0.862389326095581,-0.58005028963089,-0.395963370800018,0.64923232793808,-0.291979670524597
0.665959715843201,-0.39154925942421,0.8625727891922,-0.579369366168976,-0.397086769342422,0.649096488952637,-0.292107790708542
0.665107429027557,-0.391336768865585,0.862769961357117,-0.578690826892853,-0.397696763277054,0.64926141500473,-0.292256623506546
0.664101421833038,-0.391019970178604,0.862930059432983,-0.578566074371338,-0.398172855377197,0.649673819541931,-0.290935605764389
0.664101421833038,-0.391019970178604,0.862930059432983,-0.578566074371338,-0.398172855377197,0.649673819541931,-0.290935605764389
0.662302017211914,-0.390253275632858,0.863260388374329,-0.576181054115295,-0.398791462182999,0.65170681476593,-0.290273874998093
0.661421775817871,-0.389999091625214,0.863437652587891,-0.576880931854248,-0.398894906044006,0.651668965816498,-0.288823336362839
0.660466849803925,-0.389808088541031,0.863629102706909,-0.576503396034241,-0.399354040622711,0.652134597301483,-0.287890315055847
0.659774959087372,-0.389527350664139,0.863910317420959,-0.575643479824066,-0.400171667337418,0.653410196304321,-0.285574018955231
0.658355891704559,-0.389355689287186,0.863933324813843,-0.575485050678253,-0.400298953056335,0.654103875160217,-0.28412264585495
0.657549202442169,-0.388928294181824,0.864201486110687,-0.575320839881897,-0.400770545005798,0.653496384620667,-0.285186886787414
0.656425595283508,-0.388743877410889,0.864086389541626,-0.574445724487305,-0.399116605520248,0.655585527420044,-0.284474372863769
0.655429184436798,-0.388446360826492,0.864261865615845,-0.573716759681702,-0.399176388978958,0.656472504138947,-0.283815324306488
0.654613137245178,-0.387982845306396,0.864539384841919,-0.570878505706787,-0.400197029113769,0.658959865570068,-0.282333105802536
0.653724670410156,-0.387827306985855,0.864750504493713,-0.572601974010468,-0.401703417301178,0.656839072704315,-0.281645178794861
0.652791261672974,-0.387458980083466,0.864900052547455,-0.572575986385345,-0.401834070682526,0.656961917877197,-0.281224429607391
0.652026057243347,-0.387106537818909,0.865010321140289,-0.571832120418549,-0.401165634393692,0.658230125904083,-0.280726402997971
0.65095317363739,-0.386995732784271,0.865077793598175,-0.571977138519287,-0.400260716676712,0.659821033477783,-0.277974516153336
0.65018218755722,-0.386692106723785,0.865173578262329,-0.570961773395538,-0.399387359619141,0.661063969135284,-0.278364777565002
0.649344503879547,-0.386403173208237,0.865217089653015,-0.570144891738892,-0.399868100881576,0.661926329135895,-0.277297794818878
0.648523271083832,-0.3861163854599,0.865442454814911,-0.570808291435242,-0.400447219610214,0.661126732826233,-0.277004212141037
0.64782989025116,-0.385859787464142,0.865577459335327,-0.570778667926788,-0.399726092815399,0.661904156208038,-0.276249259710312
0.646941006183624,-0.385591715574265,0.865733325481415,-0.570865213871002,-0.40235698223114,0.660925149917603,-0.274590194225311
0.646414220333099,-0.385112047195435,0.865894198417664,-0.569235980510712,-0.401934444904327,0.66247820854187,-0.274848848581314
0.645734429359436,-0.384854346513748,0.866000533103943,-0.568625390529633,-0.400894433259964,0.663684606552124,-0.274720966815948
0.645135581493378,-0.384596765041351,0.866133451461792,-0.568603694438934,-0.400205254554748,0.664177358150482,-0.274579763412476
0.644385397434235,-0.384376764297485,0.866168022155762,-0.568428218364716,-0.401206642389297,0.663906395435333,-0.27413672208786
0.643815398216248,-0.384125888347626,0.866158008575439,-0.567993640899658,-0.401270389556885,0.664247572422028,-0.274117320775986
0.643248319625854,-0.383937448263168,0.866309404373169,-0.567914426326752,-0.401342153549194,0.664616584777832,-0.273281335830688
0.642724215984344,-0.383743852376938,0.866461515426636,-0.567757129669189,-0.401754766702652,0.664681553840637,-0.272843271493912
0.642164587974548,-0.383496165275574,0.866592824459076,-0.567577421665192,-0.402627199888229,0.665798187255859,-0.269184201955795
0.641745865345001,-0.383193671703339,0.866608619689941,-0.567258477210999,-0.401731908321381,0.666570484638214,-0.269282788038254
0.641328692436218,-0.383176773786545,0.866510152816772,-0.567509293556213,-0.400464653968811,0.667028665542603,-0.2695072889328
0.641003012657166,-0.38299685716629,0.866561114788055,-0.567066073417664,-0.399287045001984,0.66812002658844,-0.269483983516693
0.640653073787689,-0.382844120264053,0.86662769317627,-0.566809475421906,-0.3991419672966,0.668508052825928,-0.269276678562164
0.640359699726105,-0.382680743932724,0.866687893867493,-0.567280888557434,-0.398885130882263,0.668314456939697,-0.26914456486702
0.640057504177094,-0.38253128528595,0.8666832447052,-0.567865431308746,-0.398965686559677,0.668140947818756,-0.26822167634964
0.639782547950745,-0.382461786270142,0.866662263870239,-0.568035244941711,-0.399534851312637,0.667739987373352,-0.268013179302216
0.6396204829216,-0.382355779409409,0.866639614105225,-0.568088352680206,-0.399197667837143,0.667927861213684,-0.267935395240784
0.639492571353912,-0.382265031337738,0.866617739200592,-0.568164229393005,-0.399145692586899,0.667953431606293,-0.267788231372833
0.639364898204803,-0.382160067558289,0.86658388376236,-0.568280339241028,-0.398915141820908,0.668064773082733,-0.267607629299164
0.639281272888184,-0.38209393620491,0.866557896137238,-0.568448722362518,-0.398699879646301,0.668109834194183,-0.267458140850067
0.639220595359802,-0.38197186589241,0.866547346115112,-0.56854373216629,-0.398654162883758,0.667960226535797,-0.267697900533676
0.639207124710083,-0.381977766752243,0.866508007049561,-0.568833112716675,-0.3983274102211,0.668059468269348,-0.267321854829788
0.639195382595062,-0.381894022226334,0.86649078130722,-0.569004893302917,-0.39836773276329,0.667759239673615,-0.267645686864853
0.639172911643982,-0.381832301616669,0.866387963294983,-0.569073021411896,-0.398520737886429,0.667609751224518,-0.267646074295044
0.639270067214966,-0.381860345602036,0.866394639015198,-0.569392204284668,-0.397813141345978,0.667760848999023,-0.267642974853516
0.639322519302368,-0.38186115026474,0.866345763206482,-0.569774985313416,-0.397764205932617,0.667525172233582,-0.267489314079285
0.639434099197388,-0.381857722997665,0.8663010597229,-0.570251107215881,-0.397601664066315,0.667490243911743,-0.266802579164505
0.639602839946747,-0.381905049085617,0.866212248802185,-0.569894015789032,-0.396243005990982,0.668307244777679,-0.2675401866436
0.639737486839294,-0.381930530071258,0.866151630878448,-0.569998502731323,-0.395763784646988,0.668460309505463,-0.267644345760345
0.639896214008331,-0.381941288709641,0.866092085838318,-0.570408165454865,-0.395379960536957,0.668519675731659,-0.267190665006638
0.640393972396851,-0.381907343864441,0.866181671619415,-0.574650645256042,-0.396451652050018,0.666115999221802,-0.262473195791245
0.64037424325943,-0.382044047117233,0.865975618362427,-0.571386337280273,-0.394902884960175,0.668058633804321,-0.266958892345428
0.640800774097443,-0.382030516862869,0.866016268730164,-0.574639618396759,-0.395760893821716,0.666410803794861,-0.26279154419899
0.641064643859863,-0.382101148366928,0.865879595279694,-0.574917733669281,-0.395475208759308,0.66635537147522,-0.262753754854202
0.641281604766846,-0.382199674844742,0.865814089775085,-0.575246512889862,-0.395600765943527,0.665935873985291,-0.262908637523651
0.641644835472107,-0.382130682468414,0.865784764289856,-0.575097918510437,-0.396497189998627,0.66490650177002,-0.264484077692032
0.641565978527069,-0.382507055997849,0.865456998348236,-0.571907460689545,-0.393855541944504,0.667417228221893,-0.268987089395523
0.641855895519257,-0.382620185613632,0.86539089679718,-0.572678446769714,-0.393749326467514,0.666676998138428,-0.269337505102158
0.642571866512299,-0.382554769515991,0.865538477897644,-0.576823115348816,-0.395551472902298,0.663275122642517,-0.266233772039413
0.642867863178253,-0.382690012454987,0.865468502044678,-0.577273070812225,-0.395355254411697,0.662897527217865,-0.266490191221237
0.643155932426453,-0.382843732833862,0.865375638008118,-0.577482640743256,-0.395492702722549,0.662680447101593,-0.266372054815292
0.643203556537628,-0.383080244064331,0.865206480026245,-0.573943078517914,-0.394113838672638,0.664570868015289,-0.271310299634933
0.643499910831451,-0.38322988152504,0.865119457244873,-0.5738725066185,-0.394403785467148,0.664446890354156,-0.27134183049202
0.643823206424713,-0.383423537015915,0.8650803565979,-0.575133800506592,-0.395329296588898,0.663027107715607,-0.270797044038773
0.644168674945831,-0.383465498685837,0.865056872367859,-0.576284229755402,-0.39501166343689,0.662885725498199,-0.269155979156494
0.644509971141815,-0.383667588233948,0.864957451820374,-0.574953019618988,-0.39388906955719,0.663244664669037,-0.272739619016647
0.644842505455017,-0.383844763040543,0.864931285381317,-0.575305938720703,-0.393306851387024,0.663183510303497,-0.272984474897385
0.644996702671051,-0.38416463136673,0.864735722541809,-0.575622916221619,-0.392693072557449,0.663826704025269,-0.271633505821228
0.64567768573761,-0.384057581424713,0.864865839481354,-0.579672157764435,-0.394804775714874,0.659993052482605,-0.269293010234833
0.645955324172974,-0.384185820817947,0.864802837371826,-0.579431295394897,-0.394257158041,0.660273492336273,-0.269925236701965
0.646232962608337,-0.38432502746582,0.864706158638,-0.57936680316925,-0.394098669290543,0.660386323928833,-0.270019114017487
0.646520912647247,-0.384424239397049,0.864654004573822,-0.579284608364105,-0.394012033939362,0.660331964492798,-0.270454347133636
0.646623015403748,-0.384563505649567,0.86446475982666,-0.57773220539093,-0.392318576574326,0.661906898021698,-0.272380411624908
0.646851778030396,-0.384679704904556,0.864443778991699,-0.577630996704102,-0.391865760087967,0.662040293216705,-0.272921979427338
0.647120475769043,-0.384837120771408,0.864360570907593,-0.575515747070312,-0.390140026807785,0.663427948951721,-0.276470065116882
0.647351443767548,-0.384977668523788,0.864413022994995,-0.575848519802094,-0.389877796173096,0.66328638792038,-0.276487231254578
0.647504806518555,-0.385082274675369,0.864493489265442,-0.578414618968964,-0.391664028167725,0.661336600780487,-0.273257821798325
0.647566199302673,-0.385439425706863,0.864460825920105,-0.577523767948151,-0.389764904975891,0.662429869174957,-0.275202304124832
0.647787749767303,-0.385525435209274,0.864499568939209,-0.578365325927734,-0.390189558267593,0.661478102207184,-0.275122612714767
0.647955775260925,-0.385631948709488,0.86453914642334,-0.578582644462585,-0.390603452920914,0.661062240600586,-0.275078147649765
0.648138642311096,-0.385660648345947,0.864581525325775,-0.579158961772919,-0.391717463731766,0.660782098770142,-0.272945880889893
0.648333191871643,-0.385881423950195,0.864611387252808,-0.578407049179077,-0.392033517360687,0.660252273082733,-0.27535817027092
0.648473381996155,-0.385960787534714,0.864627122879028,-0.578324496746063,-0.392032295465469,0.660239696502686,-0.275563269853592
0.648658335208893,-0.38602152466774,0.864652693271637,-0.578054010868073,-0.391601949930191,0.660638630390167,-0.275786161422729
0.648773968219757,-0.386108547449112,0.864694833755493,-0.578016757965088,-0.391852557659149,0.660470068454742,-0.275911957025528
0.648873150348663,-0.386172324419022,0.864715933799744,-0.577855706214905,-0.391693413257599,0.6606485247612,-0.276048392057419
0.648964703083038,-0.386245846748352,0.864768624305725,-0.57787162065506,-0.391726821660995,0.660550117492676,-0.276202708482742
0.649051189422607,-0.386308938264847,0.864813268184662,-0.577715814113617,-0.391831755638123,0.660609006881714,-0.276239275932312
0.649135708808899,-0.386414796113968,0.864896774291992,-0.578031539916992,-0.391391336917877,0.660592675209045,-0.276241898536682
0.649188458919525,-0.386474817991257,0.864933013916016,-0.577959597110748,-0.391219913959503,0.660683035850525,-0.276419132947922
0.649205803871155,-0.386478036642075,0.865010619163513,-0.578589498996735,-0.391662687063217,0.6607785820961,-0.274237394332886
0.649228572845459,-0.386535614728928,0.865055859088898,-0.578550934791565,-0.391508847475052,0.660911977291107,-0.274217218160629
0.649258732795715,-0.386591374874115,0.865111231803894,-0.578578412532806,-0.391654044389725,0.660772979259491,-0.274286985397339
0.649262547492981,-0.386632204055786,0.865142464637756,-0.578669667243958,-0.391582667827606,0.660673379898071,-0.274436086416245
0.649407625198364,-0.386873960494995,0.865339934825897,-0.579680144786835,-0.390052258968353,0.660841703414917,-0.274077534675598
0.649407625198364,-0.386873960494995,0.865339934825897,-0.579680144786835,-0.390052258968353,0.660841703414917,-0.274077534675598
0.649304151535034,-0.386776328086853,0.865286231040955,-0.577887892723083,-0.391498208045959,0.661205947399139,-0.274920701980591
0.649278879165649,-0.386819303035736,0.865340828895569,-0.577904641628265,-0.391635656356812,0.661161482334137,-0.274796903133392
0.64924281835556,-0.386857062578201,0.865379154682159,-0.577767312526703,-0.391707062721252,0.661187946796417,-0.274920016527176
0.64922308921814,-0.386905938386917,0.865452885627747,-0.577906429767609,-0.391257047653198,0.661303222179413,-0.274991184473038
0.649185240268707,-0.386928081512451,0.865494251251221,-0.577917456626892,-0.391145884990692,0.66130805015564,-0.275114595890045
0.649161040782928,-0.386996567249298,0.865582406520844,-0.577535092830658,-0.390913158655167,0.66165953874588,-0.275402992963791
0.649225234985352,-0.386875480413437,0.865666747093201,-0.576949954032898,-0.391309946775436,0.661465644836426,-0.276529639959335
0.649104356765747,-0.386999577283859,0.865697026252747,-0.57658314704895,-0.391969561576843,0.660604119300842,-0.278413414955139
0.649089694023132,-0.38702866435051,0.865746974945068,-0.5762038230896,-0.391860723495483,0.660961925983429,-0.278502911329269
0.649028241634369,-0.387052595615387,0.865789175033569,-0.576036632061005,-0.391974747180939,0.661047458648682,-0.278485298156738
0.648956000804901,-0.387063026428223,0.865834355354309,-0.575746595859528,-0.391970276832581,0.661274313926697,-0.278552502393722
0.648886561393738,-0.387083441019058,0.865886688232422,-0.575677394866943,-0.392238706350326,0.661173701286316,-0.278556525707245
0.648809194564819,-0.38708370923996,0.865928947925568,-0.575699627399445,-0.392256826162338,0.661179184913635,-0.278472125530243
0.648737907409668,-0.387096732854843,0.865975260734558,-0.575619995594025,-0.392478376626968,0.661091566085815,-0.27853262424469
0.648614645004272,-0.387098431587219,0.866006016731262,-0.575901031494141,-0.392769783735275,0.660765409469604,-0.278314620256424
0.648532807826996,-0.387115061283112,0.866054773330688,-0.575861632823944,-0.39288067817688,0.660727024078369,-0.278331071138382
0.648448646068573,-0.387126296758652,0.866105735301971,-0.57572728395462,-0.392966449260712,0.66077196598053,-0.278380841016769
0.648327648639679,-0.387153029441833,0.866131603717804,-0.575668811798096,-0.39327210187912,0.660725057125092,-0.278181552886963
0.648279368877411,-0.387174963951111,0.86620032787323,-0.575214207172394,-0.39313155412674,0.661085724830627,-0.27846348285675
0.648336231708527,-0.387086808681488,0.866393804550171,-0.578234076499939,-0.39455047249794,0.659496545791626,-0.273933827877045
0.648343503475189,-0.38719642162323,0.866475343704224,-0.5783411860466,-0.394410192966461,0.659742772579193,-0.273315966129303
0.648244380950928,-0.387215971946716,0.866573572158813,-0.578159093856812,-0.394318580627441,0.659879922866821,-0.273502022027969
0.647910952568054,-0.387306153774261,0.866601824760437,-0.578461229801178,-0.394045472145081,0.660070717334747,-0.272795617580414
0.647549986839294,-0.387387841939926,0.866591691970825,-0.575062692165375,-0.392518907785416,0.661989092826843,-0.277492612600326
0.647430956363678,-0.387461274862289,0.866769552230835,-0.575552105903625,-0.391934722661972,0.661876022815704,-0.2775739133358
0.647314071655273,-0.387540131807327,0.866873502731323,-0.575309932231903,-0.391717821359634,0.662346005439758,-0.277260392904282
0.647174060344696,-0.387613207101822,0.866981744766235,-0.575537204742432,-0.392622232437134,0.661822199821472,-0.276760011911392
0.647077083587646,-0.387637495994568,0.867061078548431,-0.575483322143555,-0.392506331205368,0.661945044994354,-0.276742607355118
0.646973609924316,-0.387652814388275,0.867146492004395,-0.575549721717834,-0.392459839582443,0.66192901134491,-0.276708871126175
0.646880447864532,-0.387684196233749,0.86722469329834,-0.575586020946503,-0.392412722110748,0.662013292312622,-0.27649849653244
0.646754801273346,-0.387693017721176,0.867286086082458,-0.574862003326416,-0.391909509897232,0.663213670253754,-0.275840938091278
0.646668612957001,-0.387724190950394,0.867332577705383,-0.574877202510834,-0.391493409872055,0.663484990596771,-0.27574759721756
0.646493434906006,-0.387760579586029,0.867394149303436,-0.575402081012726,-0.390648871660232,0.663553237915039,-0.275686591863632
0.646378636360168,-0.387766093015671,0.867443084716797,-0.576371014118195,-0.390481054782867,0.663975536823273,-0.272868901491165
0.646269917488098,-0.387837141752243,0.867483913898468,-0.576868176460266,-0.389890342950821,0.663995444774628,-0.272614359855652
0.646150469779968,-0.387904107570648,0.867511868476868,-0.577110648155212,-0.38898640871048,0.66435843706131,-0.272508293390274
0.646030128002167,-0.388076215982437,0.867590487003326,-0.577482581138611,-0.38745304942131,0.664150774478912,-0.274404406547546
0.645904242992401,-0.388163059949875,0.867634654045105,-0.577812314033508,-0.38687327504158,0.664238512516022,-0.2743159532547
0.645751893520355,-0.388271003961563,0.867671966552734,-0.578043878078461,-0.386332184076309,0.66444331407547,-0.274094760417938
0.645723938941956,-0.388240844011307,0.867808699607849,-0.577998399734497,-0.386800736188888,0.663788914680481,-0.27511328458786
0.645563900470734,-0.388354271650314,0.867889940738678,-0.578978717327118,-0.386383771896362,0.664380013942719,-0.27219557762146
0.64535391330719,-0.388489991426468,0.867950201034546,-0.578700065612793,-0.386367738246918,0.664682865142822,-0.272071361541748
0.645332336425781,-0.388684004545212,0.868281483650208,-0.581561267375946,-0.386904239654541,0.662581622600555,-0.270327597856522
0.645137369632721,-0.388792514801025,0.868398308753967,-0.581334590911865,-0.386838138103485,0.662731885910034,-0.270541548728943
0.644788265228271,-0.389045894145966,0.868483424186707,-0.581278860569,-0.385775208473206,0.663714349269867,-0.269769579172134
0.644356548786163,-0.389217734336853,0.868500828742981,-0.577710092067719,-0.384668469429016,0.66563218832016,-0.274253785610199
0.644160091876984,-0.389329612255096,0.868641912937164,-0.57738471031189,-0.385324358940125,0.665555953979492,-0.27420312166214
0.643928170204163,-0.389462798833847,0.868804275989532,-0.576374471187592,-0.385143905878067,0.666346549987793,-0.274661779403687
0.643844425678253,-0.389398604631424,0.869118452072144,-0.575627207756042,-0.38649246096611,0.66556179523468,-0.276232689619064
0.643352091312408,-0.389685094356537,0.869191467761993,-0.575126349925995,-0.387143194675446,0.665907621383667,-0.275530427694321
0.64313530921936,-0.389799982309341,0.869423151016235,-0.574670732021332,-0.387216001749039,0.666162133216858,-0.275763630867004
0.642892718315125,-0.389868199825287,0.86966335773468,-0.572581946849823,-0.387875348329544,0.667861819267273,-0.27506947517395
0.642688035964966,-0.389957010746002,0.869874000549316,-0.571799039840698,-0.388245016336441,0.668067276477814,-0.275677174329758
0.642512917518616,-0.389990717172623,0.870048642158508,-0.571257829666138,-0.388877630233765,0.668153405189514,-0.275698632001877
0.642382264137268,-0.390025675296783,0.870251297950745,-0.570976078510284,-0.389641016721725,0.667921543121338,-0.275766044855118
0.642255485057831,-0.390045940876007,0.87046229839325,-0.570426285266876,-0.390472650527954,0.667866051197052,-0.275862336158752
0.642076373100281,-0.390088945627213,0.870694875717163,-0.569666028022766,-0.392141968011856,0.667745769023895,-0.275355875492096
0.641969621181488,-0.390118360519409,0.870878756046295,-0.568994283676147,-0.393221884965897,0.667672038078308,-0.275383800268173
0.641827583312988,-0.39015519618988,0.871051073074341,-0.56830894947052,-0.394657969474792,0.6674565076828,-0.275267064571381
0.641796827316284,-0.390171825885773,0.871199011802673,-0.567532300949097,-0.395552068948746,0.667427539825439,-0.275655955076218
0.641760051250458,-0.390118718147278,0.871304392814636,-0.566712915897369,-0.397037863731384,0.667168855667114,-0.27583184838295
0.641786515712738,-0.390088111162186,0.871414422988892,-0.56596177816391,-0.398387670516968,0.666946470737457,-0.275965571403503
0.641834616661072,-0.390069335699081,0.871540904045105,-0.565431535243988,-0.399475187063217,0.666667819023132,-0.276153802871704
0.641680240631104,-0.389016419649124,0.870702385902405,-0.55925589799881,-0.383748114109039,0.678383886814117,-0.282427966594696
0.641993999481201,-0.389981746673584,0.87170398235321,-0.563641309738159,-0.400738507509232,0.66733592748642,-0.276369154453278
0.64011549949646,-0.391265660524368,0.87317967414856,-0.571902275085449,-0.431904137134552,0.645417749881744,-0.264239400625229
0.640443563461304,-0.391008138656616,0.873313665390015,-0.570607662200928,-0.433052539825439,0.644799649715424,-0.266656637191772
0.640756070613861,-0.390915513038635,0.873334288597107,-0.569778263568878,-0.433264583349228,0.645092904567719,-0.267375499010086
0.641084611415863,-0.390786200761795,0.87322872877121,-0.568311750888824,-0.434579968452454,0.645161151885986,-0.268196016550064
0.641647219657898,-0.390582382678986,0.873240113258362,-0.567972421646118,-0.434692174196243,0.645947575569153,-0.266836822032928
0.644381403923035,-0.393403470516205,0.876339912414551,-0.578840374946594,-0.477503389120102,0.613209426403046,-0.246796861290932
0.644808828830719,-0.393251955509186,0.876304626464844,-0.578159809112549,-0.477214694023132,0.613629400730133,-0.24790370464325
0.645245373249054,-0.393077909946442,0.876186847686768,-0.577131032943726,-0.476456969976425,0.614775538444519,-0.248916789889336
0.645908117294312,-0.392774105072021,0.876121878623962,-0.575472354888916,-0.479277729988098,0.613620817661285,-0.25018760561943
0.646643042564392,-0.392576187849045,0.87597918510437,-0.576868176460266,-0.479568153619766,0.611978054046631,-0.250440210103989
0.647177934646606,-0.392353475093841,0.875753045082092,-0.576686084270477,-0.478883296251297,0.61233788728714,-0.251289308071136
0.647591590881348,-0.391933470964432,0.875106334686279,-0.572307884693146,-0.47274449467659,0.619876146316528,-0.254420965909958
0.648367881774902,-0.391878455877304,0.874986827373505,-0.572373032569885,-0.474934458732605,0.617920577526093,-0.254951953887939
0.649054408073425,-0.391761243343353,0.874798655509949,-0.572358787059784,-0.476266652345657,0.616600573062897,-0.255693525075912
0.649992823600769,-0.391426563262939,0.87459671497345,-0.570123434066772,-0.477487951517105,0.616554617881775,-0.258505284786224
0.650869250297546,-0.391272515058517,0.874327540397644,-0.572174489498138,-0.478468090295792,0.613982617855072,-0.258282959461212
0.651594400405884,-0.391228795051575,0.874010920524597,-0.571737110614777,-0.478836834430695,0.61422336101532,-0.257995277643204
0.652525544166565,-0.3911272585392,0.873783230781555,-0.570966958999634,-0.479954987764359,0.613538682460785,-0.259249866008758
0.653457641601562,-0.390834510326385,0.873677015304565,-0.569535672664642,-0.481150209903717,0.612735152244568,-0.262067526578903
0.654464304447174,-0.390596747398376,0.873160481452942,-0.567662239074707,-0.480766236782074,0.614045977592468,-0.263762712478638
0.655394673347473,-0.390252321958542,0.872746646404266,-0.567073702812195,-0.478236377239227,0.615326404571533,-0.266628503799438
0.656325221061707,-0.390224993228912,0.872242569923401,-0.565946877002716,-0.478406548500061,0.616451442241669,-0.266118407249451
0.657320499420166,-0.390030115842819,0.871942460536957,-0.566384255886078,-0.478163689374924,0.61508047580719,-0.268782794475555
0.658738493919373,-0.389777839183807,0.871814727783203,-0.56971263885498,-0.482595294713974,0.609114646911621,-0.267411231994629
0.65967583656311,-0.389531314373016,0.871264815330505,-0.56670081615448,-0.480157345533371,0.612556397914886,-0.270321637392044
0.660841643810272,-0.389602988958359,0.870902895927429,-0.570064783096313,-0.483195960521698,0.608094334602356,-0.267897486686706
0.661955952644348,-0.389274477958679,0.870506167411804,-0.571052491664886,-0.4807148873806,0.608125567436218,-0.270177215337753
0.663221955299377,-0.389015674591064,0.870287656784058,-0.570657312870026,-0.482300370931625,0.606446146965027,-0.271955519914627
0.664359390735626,-0.388846188783646,0.869792222976685,-0.571649730205536,-0.481570929288864,0.60541570186615,-0.273455739021301
0.665262639522552,-0.388868272304535,0.869354605674744,-0.570169687271118,-0.480278193950653,0.607368767261505,-0.27448633313179
0.666425883769989,-0.388954818248749,0.869175434112549,-0.572523951530457,-0.483676195144653,0.602870225906372,-0.273534685373306
0.667802631855011,-0.38864079117775,0.868924856185913,-0.57615202665329,-0.484840422868729,0.598502218723297,-0.27344822883606
0.668832063674927,-0.388410955667496,0.868368446826935,-0.576026022434235,-0.481622248888016,0.599846065044403,-0.276439368724823
0.669582068920135,-0.388353377580643,0.867846369743347,-0.576095223426819,-0.480493456125259,0.600432574748993,-0.276985853910446
0.670676171779633,-0.388442188501358,0.867655038833618,-0.577950239181519,-0.48336598277092,0.59679239988327,-0.275989145040512
0.671597540378571,-0.388374775648117,0.867259919643402,-0.57867306470871,-0.482956409454346,0.596355736255646,-0.276135116815567
0.672757565975189,-0.38798201084137,0.866803407669067,-0.581375181674957,-0.480764955282211,0.594554543495178,-0.278159946203232
0.673588037490845,-0.387988418340683,0.866521000862122,-0.583124339580536,-0.481186598539352,0.592174112796783,-0.278846591711044
0.674338042736053,-0.387984395027161,0.866261661052704,-0.582042217254639,-0.480998903512955,0.5928675532341,-0.279955625534058
0.674950182437897,-0.388177901506424,0.865980446338654,-0.584727764129639,-0.480602473020554,0.591071486473083,-0.27883517742157
0.675752222537994,-0.388176292181015,0.865727543830872,-0.588027358055115,-0.481703132390976,0.587205827236176,-0.278164267539978
0.676320433616638,-0.388330578804016,0.865556001663208,-0.586854636669159,-0.483527034521103,0.586634993553162,-0.27868065237999
0.676773428916931,-0.388263553380966,0.865167081356049,-0.587703824043274,-0.481961846351623,0.586451470851898,-0.279985338449478
0.67721027135849,-0.388288557529449,0.864989995956421,-0.588036477565765,-0.481987833976746,0.585823953151703,-0.28055527806282
0.677683472633362,-0.388376802206039,0.864917695522308,-0.588444173336029,-0.483091503381729,0.584512054920197,-0.280538409948349
0.678137362003326,-0.38835021853447,0.86477518081665,-0.591586947441101,-0.483740955591202,0.580911636352539,-0.280288219451904
0.678373694419861,-0.388410747051239,0.864683389663696,-0.591939330101013,-0.484245419502258,0.579964518547058,-0.28063440322876
0.678691506385803,-0.388232380151749,0.864715218544006,-0.591606795787811,-0.485290706157684,0.57851243019104,-0.282520443201065
0.678749084472656,-0.387969106435776,0.864342510700226,-0.590968489646912,-0.480806022882461,0.581736445426941,-0.284894168376923
0.678832948207855,-0.388068199157715,0.864384770393372,-0.591580092906952,-0.48206415772438,0.58024263381958,-0.284544944763184
0.678770542144775,-0.388093680143356,0.864361047744751,-0.591914772987366,-0.482087135314941,0.579607725143433,-0.285103648900986
0.678770542144775,-0.388093680143356,0.864361047744751,-0.591914772987366,-0.482087135314941,0.579607725143433,-0.285103648900986
0.678287982940674,-0.388174474239349,0.864160299301147,-0.593054294586182,-0.4792660176754,0.581212282180786,-0.284223556518555
0.67799836397171,-0.388105601072311,0.864170134067535,-0.593391299247742,-0.478103250265121,0.581824004650116,-0.284226655960083
0.677596569061279,-0.38800522685051,0.864131927490234,-0.59355753660202,-0.476583957672119,0.582733631134033,-0.284567534923553
0.677146196365356,-0.388011157512665,0.864270448684692,-0.594501197338104,-0.476984292268753,0.581713259220123,-0.284014403820038
0.67665034532547,-0.388304978609085,0.864702701568604,-0.596044838428497,-0.482212871313095,0.577035009860992,-0.281481951475143
0.675922095775604,-0.388336896896362,0.864923775196075,-0.594019949436188,-0.482049912214279,0.579262137413025,-0.281466990709305
0.675177156925201,-0.388317734003067,0.865023851394653,-0.594809114933014,-0.481767386198044,0.578887701034546,-0.281054317951202
0.674587368965149,-0.388579994440079,0.865436017513275,-0.597446382045746,-0.480593472719193,0.57797783613205,-0.279337257146835
0.673688530921936,-0.388108283281326,0.865391075611115,-0.594409704208374,-0.48227122426033,0.579018175601959,-0.280766427516937
0.672781229019165,-0.388112038373947,0.865426242351532,-0.596328854560852,-0.481402724981308,0.578790843486786,-0.278647989034653
0.671743452548981,-0.387884140014648,0.865505516529083,-0.595262587070465,-0.478788107633591,0.581727623939514,-0.279315799474716
0.67061173915863,-0.388010084629059,0.865942776203156,-0.594298779964447,-0.481065094470978,0.581152200698853,-0.278653413057327
0.669470429420471,-0.387878626585007,0.866192817687988,-0.593836724758148,-0.481167435646057,0.581677436828613,-0.278365403413773
0.668503820896149,-0.387339740991592,0.866207242012024,-0.59456080198288,-0.478797942399979,0.582473456859589,-0.279239773750305
0.668503820896149,-0.387339740991592,0.866207242012024,-0.59456080198288,-0.478797942399979,0.582473456859589,-0.279239773750305
0.666027724742889,-0.3875652551651,0.867031395435333,-0.5928875207901,-0.483899295330048,0.58144998550415,-0.276119321584701
0.664658784866333,-0.387429714202881,0.867230474948883,-0.594055414199829,-0.483141481876373,0.581699967384338,-0.274404048919678
0.663204908370972,-0.386949688196182,0.8672034740448,-0.592532098293304,-0.478724956512451,0.586460828781128,-0.275303214788437
0.662090539932251,-0.386636793613434,0.867581844329834,-0.592250943183899,-0.479730427265167,0.585771441459656,-0.275625675916672
0.662090539932251,-0.386636793613434,0.867581844329834,-0.592250943183899,-0.479730427265167,0.585771441459656,-0.275625675916672
0.659076273441315,-0.386440098285675,0.868360817432404,-0.588640630245209,-0.482713371515274,0.587818086147308,-0.273788183927536
0.657649755477905,-0.386349409818649,0.86859917640686,-0.591252982616425,-0.481648683547974,0.587138652801514,-0.271482437849045
0.656115591526031,-0.386024177074432,0.868897795677185,-0.590322256088257,-0.481483668088913,0.588645577430725,-0.270535379648209
0.654594361782074,-0.385618776082992,0.869333744049072,-0.586744546890259,-0.481859177350998,0.591262221336365,-0.2719407081604
0.653119325637817,-0.385048449039459,0.869494378566742,-0.58550763130188,-0.476838618516922,0.595830976963043,-0.273479759693146
0.651573657989502,-0.385147541761398,0.869954228401184,-0.586448729038239,-0.48073136806488,0.593384325504303,-0.269945114850998
0.650041222572327,-0.384866923093796,0.870370090007782,-0.585821092128754,-0.481288135051727,0.594431221485138,-0.26800525188446
0.648469388484955,-0.384491175413132,0.870798289775848,-0.585411846637726,-0.480402678251266,0.595259070396423,-0.268649995326996
0.647123873233795,-0.384082853794098,0.871259212493896,-0.583796679973602,-0.482942521572113,0.595095098018646,-0.26797354221344
0.64581298828125,-0.38358673453331,0.87157529592514,-0.585999131202698,-0.4820376932621,0.594607889652252,-0.265868872404099
0.64581298828125,-0.38358673453331,0.87157529592514,-0.585999131202698,-0.4820376932621,0.594607889652252,-0.265868872404099
0.642581939697266,-0.38255986571312,0.871989011764526,-0.581909120082855,-0.474977880716324,0.603981196880341,-0.266429513692856
0.641260743141174,-0.382504165172577,0.872698426246643,-0.581824123859406,-0.480927407741547,0.600801885128021,-0.263109713792801
0.63970285654068,-0.381842434406281,0.872808039188385,-0.580813467502594,-0.477036595344543,0.603886663913727,-0.265354096889496
0.63970285654068,-0.381842434406281,0.872808039188385,-0.580813467502594,-0.477036595344543,0.603886663913727,-0.265354096889496
0.637113749980927,-0.38088920712471,0.873742818832397,-0.579238414764404,-0.479572534561157,0.604384958744049,-0.263081669807434
0.635638773441315,-0.380500823259354,0.873911499977112,-0.580096900463104,-0.47937735915184,0.60463148355484,-0.260971039533615
0.632100462913513,-0.377215713262558,0.871160566806793,-0.568714618682861,-0.437283039093018,0.638435125350952,-0.278833419084549
0.633268773555756,-0.379749536514282,0.875042378902435,-0.581165730953217,-0.478411674499512,0.605447590351105,-0.258460581302643
0.629654884338379,-0.376259952783585,0.871822834014893,-0.569094717502594,-0.437527984380722,0.63879519701004,-0.276841223239899
0.630815029144287,-0.378369092941284,0.875272035598755,-0.578990697860718,-0.480036169290543,0.606835722923279,-0.257070958614349
0.629823923110962,-0.377677410840988,0.875461459159851,-0.580917239189148,-0.476815491914749,0.607754170894623,-0.256548315286636
0.628617227077484,-0.377270430326462,0.87605220079422,-0.579489171504974,-0.480074167251587,0.606760680675507,-0.256052255630493
0.627787292003632,-0.376548320055008,0.87636935710907,-0.579153895378113,-0.480535060167313,0.606334090232849,-0.256954997777939
0.626829981803894,-0.375789970159531,0.876452088356018,-0.580007374286652,-0.479166477918625,0.607224643230438,-0.255478531122208
0.625822603702545,-0.375195264816284,0.876545488834381,-0.580613613128662,-0.476236909627914,0.609252870082855,-0.254749745130539
0.625029146671295,-0.374650180339813,0.877124428749084,-0.578279435634613,-0.482161045074463,0.606778740882874,-0.254820287227631
0.624234855175018,-0.373993694782257,0.877399027347565,-0.57979816198349,-0.481360644102097,0.60643744468689,-0.253692179918289
0.621122896671295,-0.370619386434555,0.874453783035278,-0.570263683795929,-0.438122361898422,0.639272928237915,-0.272357225418091
0.620405733585358,-0.369854778051376,0.874598622322083,-0.568194150924683,-0.436909258365631,0.641717851161957,-0.272880882024765
0.622248470783234,-0.371928662061691,0.878087759017944,-0.57989227771759,-0.47833240032196,0.608915269374847,-0.253268986940384
0.621525526046753,-0.371125489473343,0.878173470497131,-0.579753220081329,-0.4778051674366,0.609085440635681,-0.254172325134277
0.618594884872437,-0.367867112159729,0.875427603721619,-0.570784032344818,-0.437387317419052,0.639665842056274,-0.271524518728256
0.620067179203033,-0.366016924381256,0.874255537986755,-0.563351929187775,-0.405866295099258,0.661885619163513,-0.282514989376068
0.620067179203033,-0.366016924381256,0.874255537986755,-0.563351929187775,-0.405866295099258,0.661885619163513,-0.282514989376068
0.617257356643677,-0.36589127779007,0.876083612442017,-0.57410728931427,-0.435766875743866,0.638884842395782,-0.268950372934341
0.617257356643677,-0.36589127779007,0.876083612442017,-0.57410728931427,-0.435766875743866,0.638884842395782,-0.268950372934341
0.618721961975098,-0.362980276346207,0.875189065933228,-0.566389083862305,-0.403009295463562,0.661353468894958,-0.281777679920196
0.618431508541107,-0.362428098917007,0.875430583953857,-0.564137697219849,-0.402406454086304,0.663311779499054,-0.282551437616348
0.616319119930267,-0.363062769174576,0.877027153968811,-0.574030637741089,-0.431955337524414,0.64124470949173,-0.269645184278488
0.618003964424133,-0.36093658208847,0.875885725021362,-0.56577730178833,-0.400563240051269,0.663251340389252,-0.282033294439316
0.617818713188171,-0.360141038894653,0.876129746437073,-0.56592333316803,-0.399649500846863,0.662650883197784,-0.284437656402588
0.617699146270752,-0.359481781721115,0.876446485519409,-0.567375898361206,-0.39871934056282,0.662086069583893,-0.284164667129517
0.617577731609344,-0.358984559774399,0.87661600112915,-0.568214595317841,-0.397437870502472,0.66268515586853,-0.282884806394577
0.617844641208649,-0.35826176404953,0.877012133598328,-0.568589448928833,-0.396401286125183,0.663581490516663,-0.281481176614761
0.617806017398834,-0.357597053050995,0.877218842506409,-0.569278955459595,-0.397739678621292,0.662495970726013,-0.280755788087845
0.617880046367645,-0.357029914855957,0.877433955669403,-0.569707095623016,-0.396919220685959,0.662651360034943,-0.280681759119034
0.617975115776062,-0.356391429901123,0.877657771110535,-0.570528984069824,-0.393828213214874,0.663430571556091,-0.281524270772934
0.618071556091309,-0.355719566345215,0.877784490585327,-0.570553541183472,-0.393687039613724,0.663636922836304,-0.281185656785965
0.618172407150269,-0.354897379875183,0.878092885017395,-0.570361077785492,-0.392855823040008,0.662903547286987,-0.284449398517609
0.61852639913559,-0.354446649551392,0.878222227096558,-0.571286559104919,-0.390595614910126,0.66436094045639,-0.282296508550644
0.618653297424316,-0.353861927986145,0.87835431098938,-0.571874141693115,-0.388666450977325,0.664535045623779,-0.283357739448547
0.618802905082703,-0.353174328804016,0.878516793251038,-0.571781277656555,-0.38996034860611,0.663381099700928,-0.28446900844574
0.619194567203522,-0.352541863918304,0.878928363323212,-0.572282612323761,-0.390759140253067,0.661741197109222,-0.286179602146149
0.61955851316452,-0.351954430341721,0.879123687744141,-0.573042392730713,-0.389756798744202,0.661550760269165,-0.286465853452682
0.619885981082916,-0.351523995399475,0.879359722137451,-0.57415097951889,-0.387815088033676,0.661704063415527,-0.286527276039123
0.620327055454254,-0.351049959659576,0.879619240760803,-0.575366199016571,-0.387521475553513,0.6605264544487,-0.287203311920166
0.620674550533295,-0.350517600774765,0.879898548126221,-0.576407372951508,-0.38791435956955,0.659560859203339,-0.28680408000946
0.620674550533295,-0.350517600774765,0.879898548126221,-0.576407372951508,-0.38791435956955,0.659560859203339,-0.28680408000946
0.621775686740875,-0.349090754985809,0.880278050899506,-0.575106799602509,-0.384832322597504,0.660677790641785,-0.290966153144836
0.62205696105957,-0.348636239767075,0.880446076393127,-0.576598763465881,-0.383349031209946,0.66072815656662,-0.289854913949966
0.62205696105957,-0.348636239767075,0.880446076393127,-0.576598763465881,-0.383349031209946,0.66072815656662,-0.289854913949966
0.619896113872528,-0.357240051031113,0.890696465969086,-0.614648282527924,-0.543628573417664,0.526669859886169,-0.222023233771324
0.618857026100159,-0.361789137125015,0.89238703250885,-0.62135374546051,-0.599618911743164,0.465973705053329,-0.192990079522133
0.623951315879822,-0.346353858709335,0.881533265113831,-0.580299973487854,-0.378637433052063,0.659213900566101,-0.292100757360458
0.621225476264954,-0.35556548833847,0.891568064689636,-0.617688775062561,-0.541614294052124,0.524230718612671,-0.224269211292267
0.624948501586914,-0.344978868961334,0.882116734981537,-0.581983923912048,-0.377763330936432,0.658099114894867,-0.292395710945129
0.625422358512878,-0.344403445720673,0.88246488571167,-0.582060813903809,-0.376281946897507,0.658479034900665,-0.293295919895172
0.626096427440643,-0.343620419502258,0.882903814315796,-0.582239806652069,-0.375422060489654,0.658021569252014,-0.295063972473144
0.623161613941193,-0.352746218442917,0.892959892749786,-0.618760585784912,-0.539492726325989,0.523521244525909,-0.228054106235504
0.626899242401123,-0.342593610286713,0.883556008338928,-0.584623634815216,-0.3729108273983,0.6574946641922,-0.294709473848343
0.627295613288879,-0.341991513967514,0.883918762207031,-0.585305750370026,-0.373151332139969,0.656744599342346,-0.294723451137543
0.6276815533638,-0.341204285621643,0.884197354316711,-0.584467887878418,-0.372438907623291,0.657280921936035,-0.296088337898254
0.6276815533638,-0.341204285621643,0.884197354316711,-0.584467887878418,-0.372438907623291,0.657280921936035,-0.296088337898254
0.62853878736496,-0.339952826499939,0.884979605674744,-0.584381461143494,-0.370594918727875,0.658321499824524,-0.296260744333267
0.628966510295868,-0.339318424463272,0.885440766811371,-0.58534973859787,-0.369845062494278,0.657900273799896,-0.296222448348999
0.629547536373138,-0.338636517524719,0.885912656784058,-0.586698651313782,-0.368631273508072,0.657333016395569,-0.296326249837875
0.629742026329041,-0.337691158056259,0.886176347732544,-0.58511221408844,-0.368637323379517,0.656995177268982,-0.300179451704025
0.630008399486542,-0.337169677019119,0.886596441268921,-0.58578222990036,-0.368458181619644,0.656533539295197,-0.300102651119232
0.630215764045715,-0.336573898792267,0.887061715126038,-0.587116539478302,-0.367482900619507,0.656597793102264,-0.298546195030212
0.630591869354248,-0.335918754339218,0.887523889541626,-0.587440848350525,-0.366611212491989,0.656500220298767,-0.299194008111954
0.631217062473297,-0.335168391466141,0.888110160827637,-0.587748289108276,-0.367247968912125,0.655909180641174,-0.299105435609818
0.631363153457642,-0.334419518709183,0.888515114784241,-0.587998330593109,-0.366780430078506,0.655565798282623,-0.299939334392548
0.631664097309113,-0.334324717521667,0.888731479644775,-0.588713705539703,-0.365736275911331,0.656783819198608,-0.297133415937424
0.631664097309113,-0.334324717521667,0.888731479644775,-0.588713705539703,-0.365736275911331,0.656783819198608,-0.297133415937424
0.631567358970642,-0.332576125860214,0.889627695083618,-0.590708255767822,-0.363044410943985,0.655142605304718,-0.300084412097931
0.631658434867859,-0.331736952066422,0.889901638031006,-0.590002179145813,-0.362117618322372,0.655701220035553,-0.30137050151825
0.631979942321777,-0.330843448638916,0.8905029296875,-0.589099109172821,-0.362178683280945,0.656109690666199,-0.302173644304276
0.632024526596069,-0.330324351787567,0.890918076038361,-0.5893674492836,-0.36225813627243,0.656103134155273,-0.301569074392319
0.632302463054657,-0.329695552587509,0.8916255235672,-0.591133594512939,-0.36097639799118,0.655657947063446,-0.300615757703781
0.632178783416748,-0.32909032702446,0.891792237758636,-0.591181933879852,-0.360581487417221,0.656118988990784,-0.299987971782684
0.631916463375092,-0.328516840934753,0.892147302627563,-0.591677606105804,-0.360334038734436,0.655770897865295,-0.300069391727448
0.631856739521027,-0.327746659517288,0.892572283744812,-0.592527806758881,-0.359277367591858,0.655353546142578,-0.30057018995285
0.631895363330841,-0.326916456222534,0.892877459526062,-0.591777145862579,-0.358476877212524,0.655978262424469,-0.301639914512634
0.631531119346619,-0.326320081949234,0.893251717090607,-0.591983318328857,-0.357139229774475,0.656784117221832,-0.301068097352982
0.631479203701019,-0.325627654790878,0.893630385398865,-0.592096865177155,-0.35587465763092,0.657560408115387,-0.300646990537643
0.631383180618286,-0.325050055980682,0.894080877304077,-0.593064188957214,-0.356139630079269,0.65696132183075,-0.29973503947258
0.631481945514679,-0.324131518602371,0.894580364227295,-0.592441082000732,-0.357741415500641,0.656594812870026,-0.299863427877426
0.631087243556976,-0.323476821184158,0.894773960113525,-0.592544555664062,-0.356645464897156,0.657053291797638,-0.299960047006607
0.630674719810486,-0.322970420122147,0.895154058933258,-0.594019889831543,-0.353184640407562,0.657815635204315,-0.299465447664261
0.630337655544281,-0.322159200906753,0.89535516500473,-0.592617750167847,-0.352053165435791,0.659799933433533,-0.299210250377655
0.630029141902924,-0.321456462144852,0.895674467086792,-0.592088580131531,-0.351513594388962,0.660544335842133,-0.299249768257141
0.629766523838043,-0.320833891630173,0.895966112613678,-0.592036128044128,-0.351229131221771,0.660676658153534,-0.299395680427551
0.629392921924591,-0.320176839828491,0.896340370178223,-0.592776656150818,-0.350640952587128,0.66041225194931,-0.29920306801796
0.628976702690125,-0.319529384374618,0.896706342697144,-0.5930016040802,-0.350758999586105,0.660061240196228,-0.299393653869629
0.628600597381592,-0.318792879581451,0.897027373313904,-0.592517256736755,-0.349515974521637,0.661183059215546,-0.299330741167068
0.628126859664917,-0.318219751119614,0.897476196289062,-0.593311548233032,-0.351053267717361,0.660926282405853,-0.296512275934219
0.627680718898773,-0.31752198934555,0.897824168205261,-0.592966616153717,-0.350904583930969,0.661130845546722,-0.296921849250793
0.627460479736328,-0.3167644739151,0.898293614387512,-0.592277824878693,-0.351084142923355,0.661054670810699,-0.298251092433929
0.627460479736328,-0.3167644739151,0.898293614387512,-0.592277824878693,-0.351084142923355,0.661054670810699,-0.298251092433929
0.626462578773499,-0.315418273210526,0.898732304573059,-0.592279076576233,-0.351671785116196,0.661653518676758,-0.296221315860748
0.62595397233963,-0.31473445892334,0.899035692214966,-0.592130541801453,-0.348124861717224,0.664143800735474,-0.295133113861084
0.625367701053619,-0.313940793275833,0.899267196655273,-0.591114223003387,-0.349019914865494,0.664193868637085,-0.295999497175217
0.624698758125305,-0.313577830791473,0.899480104446411,-0.59200394153595,-0.348811000585556,0.664473295211792,-0.293832510709763
0.624035775661469,-0.312892585992813,0.899767458438873,-0.592249929904938,-0.349209398031235,0.663780629634857,-0.294428586959839
0.624035775661469,-0.312892585992813,0.899767458438873,-0.592249929904938,-0.349209398031235,0.663780629634857,-0.294428586959839
0.623007476329803,-0.311529010534286,0.900292754173279,-0.591698169708252,-0.347088783979416,0.666158378124237,-0.292670160531998
0.623007476329803,-0.311529010534286,0.900292754173279,-0.591698169708252,-0.347088783979416,0.666158378124237,-0.292670160531998
0.62168949842453,-0.310345321893692,0.900837540626526,-0.591627061367035,-0.348264157772064,0.665869355201721,-0.29207444190979
0.621124088764191,-0.309584617614746,0.900876641273498,-0.590930998325348,-0.349295884370804,0.66630083322525,-0.291266649961472
0.620537400245667,-0.309059530496597,0.901111245155334,-0.591280341148376,-0.348874270915985,0.666533172130585,-0.290530353784561
0.620537400245667,-0.309059530496597,0.901111245155334,-0.591280341148376,-0.348874270915985,0.666533172130585,-0.290530353784561
0.619248151779175,-0.307760834693909,0.901578307151794,-0.590859591960907,-0.348457455635071,0.667755782604218,-0.289075493812561
0.618822693824768,-0.307061791419983,0.901697874069214,-0.59010511636734,-0.349389344453812,0.667757153511047,-0.289488315582275
0.618188977241516,-0.306677430868149,0.901820063591003,-0.591894388198853,-0.348381191492081,0.667659342288971,-0.287267595529556
0.618188977241516,-0.306677430868149,0.901820063591003,-0.591894388198853,-0.348381191492081,0.667659342288971,-0.287267595529556
0.616968214511871,-0.305408477783203,0.901843309402466,-0.5912926197052,-0.346630394458771,0.669667899608612,-0.285946667194366
0.616968214511871,-0.305408477783203,0.901843309402466,-0.5912926197052,-0.346630394458771,0.669667899608612,-0.285946667194366
0.615644216537476,-0.30428072810173,0.901781260967255,-0.590006470680237,-0.349000543355942,0.670093476772308,-0.284720748662949
0.615138947963715,-0.303807497024536,0.901817619800568,-0.589657366275787,-0.34821218252182,0.671242415904999,-0.283700734376907
0.615138947963715,-0.303807497024536,0.901817619800568,-0.589657366275787,-0.34821218252182,0.671242415904999,-0.283700734376907
0.6138716340065,-0.302764356136322,0.901771545410156,-0.59086674451828,-0.350773870944977,0.669278144836426,-0.282667458057404
0.613514721393585,-0.302034556865692,0.901712238788605,-0.58988082408905,-0.350630819797516,0.669553279876709,-0.284248143434524
0.613514721393585,-0.302034556865692,0.901712238788605,-0.58988082408905,-0.350630819797516,0.669553279876709,-0.284248143434524
0.612331390380859,-0.301150321960449,0.901395857334137,-0.590889632701874,-0.348983943462372,0.670509040355682,-0.281917065382004
0.611803531646729,-0.300550580024719,0.901169419288635,-0.589751720428467,-0.349572896957397,0.671360611915588,-0.281543344259262
0.611199975013733,-0.300110012292862,0.90108323097229,-0.590160012245178,-0.351031392812729,0.670459449291229,-0.281020313501358
0.610729694366455,-0.299624025821686,0.900933504104614,-0.589160680770874,-0.350406736135483,0.671753764152527,-0.280805587768555
0.61025732755661,-0.299072474241257,0.900660395622253,-0.587983310222626,-0.351110905408859,0.672340333461761,-0.280989527702331
0.61025732755661,-0.299072474241257,0.900660395622253,-0.587983310222626,-0.351110905408859,0.672340333461761,-0.280989527702331
0.609468758106232,-0.298146426677704,0.900307774543762,-0.588541448116302,-0.349866926670074,0.673087000846863,-0.279581636190414
0.609468758106232,-0.298146426677704,0.900307774543762,-0.588541448116302,-0.349866926670074,0.673087000846863,-0.279581636190414
0.608641445636749,-0.297050654888153,0.899824857711792,-0.588405013084412,-0.350748062133789,0.672845959663391,-0.279345095157623
0.608279883861542,-0.296654969453812,0.899704575538635,-0.589025676250458,-0.352219134569168,0.672151863574982,-0.27785313129425
0.607898950576782,-0.296128988265991,0.899393141269684,-0.58851557970047,-0.353193134069443,0.672201633453369,-0.277577191591263
0.607898950576782,-0.296128988265991,0.899393141269684,-0.58851557970047,-0.353193134069443,0.672201633453369,-0.277577191591263
0.607319116592407,-0.295177608728409,0.898952424526215,-0.588908314704895,-0.351327031850815,0.673195958137512,-0.276701271533966
0.607048094272614,-0.294707864522934,0.898717761039734,-0.58951735496521,-0.350676536560059,0.673398077487946,-0.275735676288605
0.606730997562408,-0.294154763221741,0.898377299308777,-0.588822722434998,-0.351365566253662,0.673540532588959,-0.275994807481766
0.606730997562408,-0.294154763221741,0.898377299308777,-0.588822722434998,-0.351365566253662,0.673540532588959,-0.275994807481766
0.606501936912537,-0.293796628713608,0.898175060749054,-0.589385211467743,-0.351122170686722,0.673475921154022,-0.275260776281357
0.606297731399536,-0.293498873710632,0.898017883300781,-0.590017020702362,-0.351772964000702,0.67286229133606,-0.274575978517532
0.605893492698669,-0.292696982622147,0.897497713565826,-0.590467214584351,-0.352963477373123,0.672336220741272,-0.27336660027504
0.605893492698669,-0.292696982622147,0.897497713565826,-0.590467214584351,-0.352963477373123,0.672336220741272,-0.27336660027504
0.605563044548035,-0.291927218437195,0.896861910820007,-0.591224133968353,-0.351450532674789,0.673017799854279,-0.271999150514603
0.605563044548035,-0.291927218437195,0.896861910820007,-0.591224133968353,-0.351450532674789,0.673017799854279,-0.271999150514603
0.605658411979675,-0.291516423225403,0.896716952323914,-0.594904601573944,-0.352156937122345,0.671449899673462,-0.266887813806534
0.605250418186188,-0.291108578443527,0.896200776100159,-0.59246027469635,-0.352635830640793,0.672635674476624,-0.268700629472732
0.605065524578094,-0.290588706731796,0.89556884765625,-0.592642426490784,-0.353032410144806,0.672735750675201,-0.267525136470795
0.605017900466919,-0.290422737598419,0.895280361175537,-0.593061029911041,-0.352883249521255,0.672591924667358,-0.267155677080154
0.605017900466919,-0.290422737598419,0.895280361175537,-0.593061029911041,-0.352883249521255,0.672591924667358,-0.267155677080154
0.604986906051636,-0.290058165788651,0.894648432731628,-0.59321790933609,-0.351560920476913,0.673195540904999,-0.267030477523804
0.605146765708923,-0.28970867395401,0.894313991069794,-0.594766557216644,-0.353231936693191,0.67151266336441,-0.265614062547684
0.605300486087799,-0.289430409669876,0.894051432609558,-0.594499588012695,-0.354240030050278,0.670788526535034,-0.266696631908417
0.605110049247742,-0.289307802915573,0.893590688705444,-0.594150125980377,-0.353697568178177,0.670490860939026,-0.268934279680252
0.605009019374847,-0.289433240890503,0.893174886703491,-0.593293070793152,-0.352497190237045,0.6713707447052,-0.270204246044159
0.605009019374847,-0.289433240890503,0.893174886703491,-0.593293070793152,-0.352497190237045,0.6713707447052,-0.270204246044159
0.605424642562866,-0.289021462202072,0.892597258090973,-0.596213817596436,-0.356511235237122,0.668228030204773,-0.266270637512207
0.605234026908875,-0.288935095071793,0.892213344573975,-0.595236778259277,-0.356138169765472,0.668468773365021,-0.268343538045883
0.605234026908875,-0.288935095071793,0.892213344573975,-0.595236778259277,-0.356138169765472,0.668468773365021,-0.268343538045883
0.605351507663727,-0.288721889257431,0.891412794589996,-0.595524489879608,-0.356681048870087,0.667849361896515,-0.268526703119278
0.605351507663727,-0.288721889257431,0.891412794589996,-0.595524489879608,-0.356681048870087,0.667849361896515,-0.268526703119278
0.605534851551056,-0.288583755493164,0.890562832355499,-0.595002353191376,-0.357304245233536,0.668063640594482,-0.268322438001633
0.605534851551056,-0.288583755493164,0.890562832355499,-0.595002353191376,-0.357304245233536,0.668063640594482,-0.268322438001633
0.605552554130554,-0.288357704877853,0.890026569366455,-0.594326496124268,-0.35751137137413,0.668235957622528,-0.26911398768425
0.605696797370911,-0.288399815559387,0.889604210853577,-0.595605254173279,-0.357939660549164,0.666768670082092,-0.269357293844223
0.606096506118774,-0.288337588310242,0.889210939407349,-0.596411764621735,-0.358327478170395,0.666551232337952,-0.267589092254639
0.606068551540375,-0.288426399230957,0.888683021068573,-0.59282261133194,-0.356182456016541,0.668893158435822,-0.27253857254982
0.606082856655121,-0.28845351934433,0.888187050819397,-0.593412816524506,-0.357836127281189,0.668869376182556,-0.26912522315979
0.606082856655121,-0.28845351934433,0.888187050819397,-0.593412816524506,-0.357836127281189,0.668869376182556,-0.26912522315979
0.606783211231232,-0.288421630859375,0.887274026870728,-0.589857876300812,-0.361597061157227,0.667996823787689,-0.274035543203354
0.606864094734192,-0.288583070039749,0.886940360069275,-0.590295255184174,-0.361694604158401,0.667910754680634,-0.273173272609711
0.606864094734192,-0.288583070039749,0.886940360069275,-0.590295255184174,-0.361694604158401,0.667910754680634,-0.273173272609711
0.607122838497162,-0.288608610630035,0.886662542819977,-0.590529024600983,-0.362641721963882,0.666906833648682,-0.273864597082138
0.607389152050018,-0.288617610931396,0.886385917663574,-0.589770019054413,-0.363988518714905,0.666744410991669,-0.274108737707138
0.607705593109131,-0.288554966449737,0.886065006256104,-0.589076280593872,-0.366250097751617,0.665645480155945,-0.275256544351578
0.608434736728668,-0.288429290056229,0.885725915431976,-0.586672604084015,-0.369439363479614,0.664764821529388,-0.278240323066711
0.608434736728668,-0.288429290056229,0.885725915431976,-0.586672604084015,-0.369439363479614,0.664764821529388,-0.278240323066711
0.6088707447052,-0.288618206977844,0.885459363460541,-0.586267650127411,-0.369744569063187,0.665038049221039,-0.278035372495651
0.609411358833313,-0.288589775562286,0.885198533535004,-0.584830164909363,-0.371983259916305,0.664571166038513,-0.279190421104431
0.609873592853546,-0.288640856742859,0.885059356689453,-0.584113240242004,-0.373636186122894,0.664070010185242,-0.279676169157028
0.610428869724274,-0.28863725066185,0.884907782077789,-0.583980202674866,-0.375032752752304,0.663217782974243,-0.280106872320175
0.611060917377472,-0.288684070110321,0.884793162345886,-0.583323180675507,-0.378485769033432,0.662072777748108,-0.279539197683334
0.611802279949188,-0.288586288690567,0.884557843208313,-0.582011103630066,-0.378604203462601,0.662412405014038,-0.281303942203522
0.612619459629059,-0.288435757160187,0.884547829627991,-0.581999659538269,-0.380441009998321,0.660400629043579,-0.283570617437363
0.613236010074615,-0.288496196269989,0.884226083755493,-0.582383692264557,-0.38262552022934,0.659708201885223,-0.281446158885956
0.614407360553741,-0.288278609514236,0.884161949157715,-0.581414639949799,-0.383468240499496,0.659155011177063,-0.283590584993362
0.614407360553741,-0.288278609514236,0.884161949157715,-0.581414639949799,-0.383468240499496,0.659155011177063,-0.283590584993362
0.616786897182465,-0.288312077522278,0.883254289627075,-0.579585254192352,-0.383008152246475,0.660094201564789,-0.285764664411545
0.616786897182465,-0.288312077522278,0.883254289627075,-0.579585254192352,-0.383008152246475,0.660094201564789,-0.285764664411545
0.618149697780609,-0.288269519805908,0.8833167552948,-0.580157041549683,-0.384870141744614,0.658050239086151,-0.286814630031586
0.618950963020325,-0.288342833518982,0.882840633392334,-0.579705715179443,-0.384009599685669,0.658475935459137,-0.287901878356934
0.621357858181,-0.288263291120529,0.882460355758667,-0.580672085285187,-0.386994063854217,0.656168282032013,-0.287225872278214
0.621357858181,-0.288263291120529,0.882460355758667,-0.580672085285187,-0.386994063854217,0.656168282032013,-0.287225872278214
0.6225825548172,-0.288088411092758,0.882111132144928,-0.579941093921661,-0.388655334711075,0.655061006546021,-0.288981735706329
0.623683273792267,-0.288128614425659,0.881728649139404,-0.580624043941498,-0.386303067207336,0.655401587486267,-0.289990395307541
0.62501859664917,-0.287987560033798,0.881276428699493,-0.578878700733185,-0.386716455221176,0.656047403812408,-0.291464418172836
0.62501859664917,-0.287987560033798,0.881276428699493,-0.578878700733185,-0.386716455221176,0.656047403812408,-0.291464418172836
0.627775490283966,-0.287990927696228,0.880838632583618,-0.580636858940125,-0.389259338378906,0.65181440114975,-0.294068187475204
0.629057765007019,-0.288098663091659,0.880440354347229,-0.580335438251495,-0.388261586427689,0.652197301387787,-0.295131385326385
0.630408227443695,-0.288128226995468,0.880125880241394,-0.580589830875397,-0.389190137386322,0.650998950004578,-0.296051919460297
0.631957828998566,-0.28787225484848,0.879747152328491,-0.57901656627655,-0.390001267194748,0.649833917617798,-0.300590962171555
0.633097290992737,-0.287999480962753,0.879405438899994,-0.579209506511688,-0.390425562858581,0.648809790611267,-0.301877647638321
0.634643018245697,-0.287967711687088,0.879063487052917,-0.578385770320892,-0.391967743635178,0.647773623466492,-0.303678303956985
0.636131823062897,-0.288087248802185,0.878844380378723,-0.578357636928558,-0.393302142620087,0.646328747272491,-0.305082142353058
0.637446522712708,-0.288207024335861,0.878701329231262,-0.578248858451843,-0.395772844552994,0.643820762634277,-0.307387351989746
0.639299392700195,-0.292214453220367,0.882886290550232,-0.5931356549263,-0.469592034816742,0.590244710445404,-0.281575053930283
0.640681326389313,-0.292140305042267,0.882635951042175,-0.594814836978912,-0.469806879758835,0.587605595588684,-0.283190190792084
0.64215099811554,-0.291899472475052,0.882491409778595,-0.590251386165619,-0.470618069171906,0.589322447776794,-0.287786155939102
0.6434086561203,-0.29193389415741,0.882103085517883,-0.589222311973572,-0.470611870288849,0.589587688446045,-0.289357721805573
0.645090878009796,-0.292188912630081,0.881814301013947,-0.589733958244324,-0.460207998752594,0.596550464630127,-0.290774583816528
0.64665287733078,-0.292035520076752,0.881590247154236,-0.586769282817841,-0.465590178966522,0.594632267951965,-0.292130261659622
0.647354364395142,-0.291581690311432,0.881624102592468,-0.58442747592926,-0.468934178352356,0.591350138187408,-0.298077315092087
0.648843705654144,-0.291468411684036,0.88153338432312,-0.583032250404358,-0.467668503522873,0.592324137687683,-0.300851672887802
0.65028327703476,-0.291556388139725,0.881765604019165,-0.582227885723114,-0.470296770334244,0.590688765048981,-0.301526874303818
0.65160346031189,-0.291365712881088,0.88168329000473,-0.579961359500885,-0.470981538295746,0.591166496276855,-0.303880602121353
0.65160346031189,-0.291365712881088,0.88168329000473,-0.579961359500885,-0.470981538295746,0.591166496276855,-0.303880602121353
0.654116690158844,-0.28881511092186,0.879286050796509,-0.570667445659637,-0.43087688088417,0.619160711765289,-0.324536204338074
0.655290424823761,-0.28848722577095,0.879268050193787,-0.566250741481781,-0.428252607584,0.622283101081848,-0.329732716083527
0.655741930007935,-0.288519531488419,0.878738880157471,-0.565114736557007,-0.429148942232132,0.621715903282166,-0.331580936908722
0.657261908054352,-0.288232505321503,0.879002690315247,-0.561723530292511,-0.429950743913651,0.622376203536987,-0.335047543048859
0.658577382564545,-0.288055777549744,0.879049777984619,-0.55872368812561,-0.429164230823517,0.624779880046844,-0.336595088243484
0.660203516483307,-0.287827432155609,0.879344701766968,-0.559078097343445,-0.4298275411129,0.62312525510788,-0.338223189115524
0.661722481250763,-0.287500202655792,0.879585266113281,-0.556292474269867,-0.430001467466354,0.624230444431305,-0.340549409389496
0.661722481250763,-0.287500202655792,0.879585266113281,-0.556292474269867,-0.430001467466354,0.624230444431305,-0.340549409389496
0.665347754955292,-0.28645259141922,0.880244493484497,-0.548982381820679,-0.42429181933403,0.629893183708191,-0.349040448665619
0.666860580444336,-0.286052048206329,0.880513370037079,-0.544695198535919,-0.424415826797485,0.631541311740875,-0.352609932422638
0.668628334999084,-0.285504043102264,0.880723714828491,-0.54219388961792,-0.4241062104702,0.63184130191803,-0.356281071901321
0.670156538486481,-0.285207718610763,0.880892693996429,-0.539827287197113,-0.424901694059372,0.632643401622772,-0.357501566410065
0.672044515609741,-0.284718126058578,0.881372451782227,-0.537142217159271,-0.427412271499634,0.631194233894348,-0.361096769571304
0.673971891403198,-0.284331262111664,0.881683945655823,-0.536643445491791,-0.43022683262825,0.629157185554504,-0.362049728631973
0.675664484500885,-0.283909827470779,0.882001996040344,-0.531721174716949,-0.431008994579315,0.630473017692566,-0.36607027053833
0.677735388278961,-0.283933997154236,0.882220506668091,-0.531034052371979,-0.437131583690643,0.626287698745728,-0.366991341114044
0.679714143276215,-0.283532172441482,0.882541418075562,-0.532175481319427,-0.441573798656464,0.622835874557495,-0.365892797708511
0.682434916496277,-0.281937599182129,0.882225036621094,-0.524796783924103,-0.434961199760437,0.627277433872223,-0.376722931861877
0.682434916496277,-0.281937599182129,0.882225036621094,-0.524796783924103,-0.434961199760437,0.627277433872223,-0.376722931861877
0.683862805366516,-0.28119096159935,0.882009744644165,-0.518150091171265,-0.437329411506653,0.629096329212189,-0.380133420228958
0.686716556549072,-0.280411750078201,0.882744669914246,-0.520031750202179,-0.437861293554306,0.625622451305389,-0.382676154375076
0.688315331935883,-0.279751002788544,0.882491111755371,-0.514074444770813,-0.437836229801178,0.627805709838867,-0.387152314186096
0.691139340400696,-0.278687626123428,0.883359372615814,-0.517058372497559,-0.440122842788696,0.622679710388184,-0.388860493898392
0.693214654922485,-0.278042078018188,0.883353352546692,-0.515087187290192,-0.440599173307419,0.621953666210175,-0.392085909843445
0.695356249809265,-0.277246356010437,0.883553981781006,-0.51093989610672,-0.440372228622437,0.622707188129425,-0.396545946598053
0.697925269603729,-0.276358902454376,0.883752226829529,-0.508330941200256,-0.440270781517029,0.621890127658844,-0.401265382766724
0.700397491455078,-0.275455743074417,0.883785009384155,-0.509028196334839,-0.441617757081985,0.618910372257233,-0.40350204706192
0.702497124671936,-0.274891823530197,0.883837580680847,-0.506319642066956,-0.442870497703552,0.61797821521759,-0.406950920820236
0.704670250415802,-0.27378636598587,0.884127855300903,-0.503776788711548,-0.445783853530884,0.61578643321991,-0.410235106945038
0.709256589412689,-0.275796949863434,0.887097239494324,-0.507741570472717,-0.499498516321182,0.583455622196198,-0.390229910612106
0.711625754833221,-0.275111824274063,0.88710081577301,-0.506414473056793,-0.50230199098587,0.580761909484863,-0.392368167638779
0.713765680789948,-0.274485200643539,0.887174606323242,-0.504703402519226,-0.504432082176208,0.578523933887482,-0.395136475563049
0.716382622718811,-0.27359414100647,0.887327313423157,-0.501520931720734,-0.50570821762085,0.577855587005615,-0.398520976305008
0.716382622718811,-0.27359414100647,0.887327313423157,-0.501520931720734,-0.50570821762085,0.577855587005615,-0.398520976305008
0.719922423362732,-0.271226227283478,0.885632395744324,-0.49800306558609,-0.487472355365753,0.584870576858521,-0.415078550577164
0.722311496734619,-0.27043679356575,0.885646283626556,-0.496306300163269,-0.488166034221649,0.583479702472687,-0.418240785598755
0.722311496734619,-0.27043679356575,0.885646283626556,-0.496306300163269,-0.488166034221649,0.583479702472687,-0.418240785598755
0.72644978761673,-0.269280940294266,0.885502457618713,-0.49521216750145,-0.49039226770401,0.578695297241211,-0.423547208309174
0.728805899620056,-0.268547058105469,0.885462641716003,-0.493762195110321,-0.491217941045761,0.577301979064941,-0.426176458597183
0.731049180030823,-0.268048256635666,0.885263562202454,-0.492941111326218,-0.492535442113876,0.576180577278137,-0.427122741937637
0.733077764511108,-0.267392784357071,0.885100245475769,-0.492838025093079,-0.490753918886185,0.575381815433502,-0.430357038974762
0.735010385513306,-0.266810297966003,0.884965181350708,-0.493686258792877,-0.490709573030472,0.573725640773773,-0.431644231081009
0.736953139305115,-0.266250342130661,0.884770750999451,-0.495153278112411,-0.489979863166809,0.572426438331604,-0.432516932487488
0.738810420036316,-0.265728354454041,0.884374737739563,-0.496321499347687,-0.489251494407654,0.571376621723175,-0.433389782905579
0.738810420036316,-0.265728354454041,0.884374737739563,-0.496321499347687,-0.489251494407654,0.571376621723175,-0.433389782905579
0.74269038438797,-0.26459613442421,0.883756816387177,-0.498072922229767,-0.489021360874176,0.5682772397995,-0.435709178447723
0.744059383869171,-0.263930231332779,0.882978677749634,-0.496566087007523,-0.490657776594162,0.566719114780426,-0.437614560127258
0.748309314250946,-0.262818962335586,0.882444739341736,-0.501265525817871,-0.489379078149795,0.562276840209961,-0.439415365457535
0.748309314250946,-0.262818962335586,0.882444739341736,-0.501265525817871,-0.489379078149795,0.562276840209961,-0.439415365457535
0.74989902973175,-0.262390047311783,0.881868720054626,-0.501970589160919,-0.48868465423584,0.561154007911682,-0.440816313028336
0.751724064350128,-0.261747449636459,0.881347000598907,-0.502778470516205,-0.488999634981155,0.55885648727417,-0.442462027072906
0.753147602081299,-0.261375248432159,0.880663156509399,-0.503973364830017,-0.48875704407692,0.557506144046783,-0.443073749542236
0.754579126834869,-0.260930955410004,0.880088686943054,-0.505559325218201,-0.489325791597366,0.555073440074921,-0.443693071603775
0.75600129365921,-0.260491520166397,0.879473209381104,-0.507378578186035,-0.488936424255371,0.553042113780975,-0.444581568241119
0.75600129365921,-0.260491520166397,0.879473209381104,-0.507378578186035,-0.488936424255371,0.553042113780975,-0.444581568241119
0.758890151977539,-0.259690523147583,0.878264844417572,-0.509701609611511,-0.488391101360321,0.551430940628052,-0.444525003433227
0.760419309139252,-0.260282784700394,0.878943860530853,-0.512330651283264,-0.507627487182617,0.537363111972809,-0.437118470668793
0.760419309139252,-0.260282784700394,0.878943860530853,-0.512330651283264,-0.507627487182617,0.537363111972809,-0.437118470668793
0.762511730194092,-0.261074304580688,0.879256188869476,-0.515257298946381,-0.533104956150055,0.51841139793396,-0.426097095012665
0.763719439506531,-0.260685682296753,0.878500819206238,-0.515014231204987,-0.53208065032959,0.519359290599823,-0.426516622304916
0.764171421527863,-0.260616511106491,0.877981960773468,-0.516388654708862,-0.531910717487335,0.51703143119812,-0.427892625331879
0.765066385269165,-0.260351955890656,0.877521991729736,-0.518902540206909,-0.533135831356049,0.513477146625519,-0.427606791257858
0.765297591686249,-0.260458111763,0.876875996589661,-0.517545640468597,-0.531658232212067,0.515394151210785,-0.42878320813179
0.765847861766815,-0.26033952832222,0.876502931118011,-0.517703771591187,-0.532579362392426,0.513733267784119,-0.429441869258881
0.766353070735931,-0.260412365198135,0.875988841056824,-0.517560184001923,-0.533843636512756,0.513616621494293,-0.428183048963547
0.765698194503784,-0.258403092622757,0.872943520545959,-0.517423152923584,-0.489791184663773,0.540033757686615,-0.448041707277298
0.76571649312973,-0.258554458618164,0.872636795043945,-0.517260670661926,-0.489698499441147,0.539447724819183,-0.449035435914993
0.765482008457184,-0.258763015270233,0.872520804405212,-0.517519891262054,-0.490182638168335,0.537745177745819,-0.45024910569191
0.765429854393005,-0.259045332670212,0.872114658355713,-0.51647275686264,-0.491017282009125,0.53877717256546,-0.449307411909103
0.76527726650238,-0.259488999843597,0.87189769744873,-0.516596138477325,-0.491012006998062,0.539628148078918,-0.44814857840538
0.764462471008301,-0.25975826382637,0.871862530708313,-0.516628444194794,-0.490745365619659,0.538050770759583,-0.450295060873032
0.764745354652405,-0.260846674442291,0.873042583465576,-0.515770435333252,-0.509410500526428,0.527950406074524,-0.442436516284943
0.764223635196686,-0.262732446193695,0.874383330345154,-0.514919459819794,-0.535842895507812,0.512544274330139,-0.430149853229523
0.76349014043808,-0.263282001018524,0.874489903450012,-0.515189230442047,-0.535612940788269,0.512874901294708,-0.429718822240829
0.762528419494629,-0.264145880937576,0.874529123306274,-0.515202641487122,-0.537359654903412,0.512818157672882,-0.427584409713745
0.761641144752502,-0.264781951904297,0.874521613121033,-0.515421569347382,-0.536678493022919,0.513758063316345,-0.427047282457352
0.760113537311554,-0.265614092350006,0.874488949775696,-0.512362718582153,-0.542117655277252,0.512639343738556,-0.425198495388031
0.759442448616028,-0.266361951828003,0.87482225894928,-0.514071524143219,-0.539030015468597,0.51464432477951,-0.424639225006104
0.757580399513245,-0.26494511961937,0.872287690639496,-0.514056444168091,-0.4926498234272,0.544076025485992,-0.443872928619385
0.757580399513245,-0.26494511961937,0.872287690639496,-0.514056444168091,-0.4926498234272,0.544076025485992,-0.443872928619385
0.754826128482819,-0.26678130030632,0.872320175170898,-0.514112889766693,-0.492987662553787,0.545987129211426,-0.441077411174774
0.753401875495911,-0.26791051030159,0.872360229492188,-0.514754116535187,-0.492668241262436,0.547365307807922,-0.438973277807236
0.752412259578705,-0.269807815551758,0.8735511302948,-0.515023648738861,-0.509987533092499,0.538666486740112,-0.429536640644073
0.750801682472229,-0.270905673503876,0.873507618904114,-0.514061152935028,-0.509745359420776,0.540656805038452,-0.428475350141525
0.749353587627411,-0.272049337625503,0.873681366443634,-0.514605581760406,-0.510098934173584,0.541562557220459,-0.426251441240311
0.747578263282776,-0.273111015558243,0.873583674430847,-0.51516979932785,-0.508218765258789,0.543117940425873,-0.42583629488945
0.744918823242188,-0.273732781410217,0.872240245342255,-0.513785779476166,-0.491239577531815,0.554915368556976,-0.432176828384399
0.74413001537323,-0.275900781154633,0.87364649772644,-0.514611899852753,-0.51186341047287,0.543611407279968,-0.421493947505951
0.742143869400024,-0.277073800563812,0.873347640037537,-0.51561826467514,-0.509934782981873,0.545313119888306,-0.420402079820633
0.74012416601181,-0.278504997491836,0.873272657394409,-0.514169156551361,-0.509521424770355,0.547876715660095,-0.419343620538711
0.73831832408905,-0.279775589704513,0.873206853866577,-0.514411807060242,-0.509788334369659,0.548778533935547,-0.417538434267044
0.73538863658905,-0.28029528260231,0.871709883213043,-0.513236284255981,-0.489137321710586,0.562068164348602,-0.425925731658935
0.734165608882904,-0.282434731721878,0.872787356376648,-0.514561951160431,-0.505859315395355,0.553355932235718,-0.41608852148056
0.732231676578522,-0.283811241388321,0.872688770294189,-0.513872981071472,-0.507426381111145,0.553954780101776,-0.414230793714523
0.728781759738922,-0.284315586090088,0.870845675468445,-0.510908246040344,-0.489693194627762,0.566743552684784,-0.421871036291122
0.728781759738922,-0.284315586090088,0.870845675468445,-0.510908246040344,-0.489693194627762,0.566743552684784,-0.421871036291122
0.725981712341309,-0.288490951061249,0.872588276863098,-0.518419623374939,-0.503841519355774,0.557995617389679,-0.407462269067764
0.723594903945923,-0.289352178573608,0.872175097465515,-0.514619410037994,-0.507430016994476,0.55812394618988,-0.407651126384735
0.721467256546021,-0.290764033794403,0.872137904167175,-0.515892684459686,-0.506708681583405,0.559116423130035,-0.405573755502701
0.718201398849487,-0.291254192590714,0.870541930198669,-0.515180349349976,-0.485685706138611,0.572449088096619,-0.413522154092789
0.718201398849487,-0.291254192590714,0.870541930198669,-0.515180349349976,-0.485685706138611,0.572449088096619,-0.413522154092789
0.714841723442078,-0.295028179883957,0.871821999549866,-0.516588568687439,-0.51060950756073,0.561052978038788,-0.397031247615814
0.712328851222992,-0.296224266290665,0.871701061725616,-0.51741349697113,-0.508005261421204,0.56248927116394,-0.397265493869781
0.709805548191071,-0.297385454177856,0.871312141418457,-0.51792973279953,-0.503913879394531,0.566232800483704,-0.396484524011612
0.705634653568268,-0.296001374721527,0.868101954460144,-0.514464437961578,-0.448771297931671,0.599465489387512,-0.417817860841751
0.703366696834564,-0.297218888998032,0.86806583404541,-0.51483142375946,-0.450825601816177,0.600048840045929,-0.414302378892899
0.700865864753723,-0.298440784215927,0.867899835109711,-0.515224099159241,-0.449534237384796,0.602421164512634,-0.411766588687897
0.69799393415451,-0.299713730812073,0.867413938045502,-0.514730215072632,-0.450775235891342,0.603754878044128,-0.409065306186676
0.69799393415451,-0.299713730812073,0.867413938045502,-0.514730215072632,-0.450775235891342,0.603754878044128,-0.409065306186676
0.693605959415436,-0.302365899085998,0.867635726928711,-0.518493115901947,-0.448209553956985,0.606574714183807,-0.402914673089981
0.691525757312775,-0.303485304117203,0.867630124092102,-0.518418908119202,-0.448235034942627,0.608330368995667,-0.400326758623123
0.691525757312775,-0.303485304117203,0.867630124092102,-0.518418908119202,-0.448235034942627,0.608330368995667,-0.400326758623123
0.686621248722076,-0.305980801582336,0.867544054985046,-0.521397054195404,-0.448039650917053,0.609011292457581,-0.395614445209503
0.686621248722076,-0.305980801582336,0.867544054985046,-0.521397054195404,-0.448039650917053,0.609011292457581,-0.395614445209503
0.68136066198349,-0.308384090662003,0.867081344127655,-0.523000776767731,-0.450474172830582,0.61017644405365,-0.388880699872971
0.679710447788239,-0.309587150812149,0.867477655410767,-0.522688269615173,-0.448082268238068,0.613283693790436,-0.387172251939774
0.67891800403595,-0.313302427530289,0.870503306388855,-0.529084265232086,-0.495872765779495,0.584042310714722,-0.364793956279755
0.674822986125946,-0.311983734369278,0.867393016815186,-0.525653421878815,-0.448164582252502,0.613741040229797,-0.382307589054108
0.671762824058533,-0.312609106302261,0.867257952690125,-0.522459089756012,-0.441216140985489,0.620441257953644,-0.383949726819992
0.671903133392334,-0.316698282957077,0.870384275913239,-0.529236197471619,-0.495487570762634,0.588413238525391,-0.358009815216064
0.667431592941284,-0.31484642624855,0.86714905500412,-0.524930953979492,-0.442134976387024,0.621499001979828,-0.377760499715805
0.665576875209808,-0.316483646631241,0.867362856864929,-0.523099422454834,-0.448372662067413,0.620191216468811,-0.375089019536972
0.665046215057373,-0.319863975048065,0.870248556137085,-0.529320061206818,-0.493056744337082,0.593173921108246,-0.353355675935745
0.6606684923172,-0.318102061748505,0.86716902256012,-0.521768569946289,-0.442069679498672,0.627184212207794,-0.37278938293457
0.659382820129395,-0.31987851858139,0.867772102355957,-0.522970795631409,-0.454248577356339,0.621218681335449,-0.366397559642792
0.65858381986618,-0.32310163974762,0.870014190673828,-0.529529392719269,-0.494146823883057,0.596002697944641,-0.346696317195892
0.656509399414062,-0.323930025100708,0.869644641876221,-0.531265735626221,-0.488881230354309,0.599642395973206,-0.345225960016251
0.654624462127686,-0.325184255838394,0.870104789733887,-0.530999600887299,-0.495815604925156,0.59701544046402,-0.340263098478317
0.652612864971161,-0.325900822877884,0.869798481464386,-0.530981421470642,-0.491308599710464,0.600620865821838,-0.340483903884888
0.650481343269348,-0.327375411987305,0.86977356672287,-0.531793832778931,-0.49407884478569,0.599849939346313,-0.336543709039688
0.648540377616882,-0.327913463115692,0.869344830513,-0.529812037944794,-0.488966524600983,0.604726552963257,-0.338403463363647
0.646646320819855,-0.327476024627685,0.867376089096069,-0.525771677494049,-0.459723234176636,0.624604284763336,-0.349411427974701
0.644724607467651,-0.328508466482162,0.867328107357025,-0.522566437721252,-0.45874485373497,0.628323972225189,-0.348836272954941
0.641920447349548,-0.329217612743378,0.867197334766388,-0.525707364082336,-0.459796726703644,0.626505792140961,-0.345990419387817
0.64134019613266,-0.332226783037186,0.869106531143188,-0.529630362987518,-0.489942640066147,0.608447253704071,-0.330514758825302
0.639982461929321,-0.33317631483078,0.869179904460907,-0.5308877825737,-0.495090663433075,0.605336368083954,-0.326514005661011
0.638327836990356,-0.334122002124786,0.868834674358368,-0.530823826789856,-0.489811420440674,0.609479963779449,-0.32687172293663
0.635800063610077,-0.333365976810455,0.86668062210083,-0.52345073223114,-0.46155259013176,0.631382942199707,-0.338118642568588
0.63450300693512,-0.335230529308319,0.867175400257111,-0.526745319366455,-0.471390396356583,0.624321043491364,-0.332496076822281
0.634030699729919,-0.337278008460998,0.868601858615875,-0.527642786502838,-0.492573112249374,0.612344861030579,-0.322488218545914
0.63141942024231,-0.336756527423859,0.866356074810028,-0.525334060192108,-0.461762607097626,0.63196188211441,-0.333801835775375
0.631552517414093,-0.339317739009857,0.86824494600296,-0.527221441268921,-0.490379273891449,0.615119874477386,-0.321237206459045
0.629346191883087,-0.338814556598663,0.866142332553864,-0.523559629917145,-0.463726073503494,0.633772075176239,-0.330418348312378
0.628076016902924,-0.339979231357574,0.866251766681671,-0.521497786045074,-0.463102579116821,0.635326504707336,-0.331566423177719
0.627838969230652,-0.340868592262268,0.866121768951416,-0.520867764949799,-0.460497558116913,0.6375373005867,-0.331941038370132
0.626021802425385,-0.342471569776535,0.865940093994141,-0.524856090545654,-0.467446029186249,0.632396817207336,-0.325721621513367
0.62523889541626,-0.343515604734421,0.865761876106262,-0.521330058574677,-0.466029971837997,0.635545372962952,-0.327281594276428
0.624184370040894,-0.345023900270462,0.865469813346863,-0.521234512329102,-0.467763185501099,0.635375261306763,-0.325285077095032
0.624184370040894,-0.345023900270462,0.865469813346863,-0.521234512329102,-0.467763185501099,0.635375261306763,-0.325285077095032
0.623128116130829,-0.347837686538696,0.865390300750732,-0.522110760211945,-0.4748754799366,0.631323039531708,-0.321441948413849
