x,y,z,q0,q1,q2,q3
0.593437671661377,-0.16225528717041,0.98091733455658,-0.0310912001878023,0.0860442146658897,0.727239429950714,-0.680259048938751
0.592710494995117,-0.16172556579113,0.98061066865921,-0.0311999674886465,0.0843914225697517,0.727773547172546,-0.679890096187592
0.59247875213623,-0.161631509661674,0.980570495128632,-0.0312221534550189,0.0845155268907547,0.728359818458557,-0.679245412349701
0.592389464378357,-0.161612719297409,0.980590879917145,-0.0309846177697181,0.0848781615495681,0.728589713573456,-0.678964495658875
0.592375755310059,-0.162128150463104,0.980783045291901,-0.0306645017117261,0.0860982984304428,0.7291659116745,-0.678206443786621
0.592274904251099,-0.162080705165863,0.980711936950684,-0.0305863656103611,0.0863516852259635,0.729741036891937,-0.677558720111847
0.592045187950134,-0.162089824676514,0.98068642616272,-0.0305625405162572,0.0863286554813385,0.730129301548004,-0.677144289016724
0.591689884662628,-0.162182569503784,0.980755269527435,-0.0300176851451396,0.0864591151475906,0.730589985847473,-0.676654934883118
0.591408550739288,-0.162183523178101,0.980745077133179,-0.0296290945261716,0.086494006216526,0.730841457843781,-0.676396071910858
0.591215670108795,-0.162165075540543,0.98075258731842,-0.029511846601963,0.0865591466426849,0.731160581111908,-0.67604798078537
0.590994596481323,-0.162101238965988,0.980733156204224,-0.0294367987662553,0.0865115225315094,0.731511175632477,-0.675677835941315
0.590801417827606,-0.16206431388855,0.980717360973358,-0.0293450448662042,0.0865144282579422,0.731832683086395,-0.675333321094513
0.590394079685211,-0.161430105566978,0.980453610420227,-0.029630534350872,0.0853278264403343,0.732000708580017,-0.675289630889893
0.590058624744415,-0.161401748657227,0.980472147464752,-0.0293051768094301,0.0852598398923873,0.732539057731628,-0.674728453159332
0.590276837348938,-0.161425992846489,0.980748653411865,-0.0309464875608682,0.085043579339981,0.733812570571899,-0.673297107219696
0.590094268321991,-0.161401450634003,0.980755925178528,-0.0309444107115268,0.0851403623819351,0.7341268658638,-0.672942340373993
0.58977347612381,-0.161264836788177,0.980745017528534,-0.0309427920728921,0.0848191455006599,0.734269499778748,-0.672827243804932
0.589584112167358,-0.161194890737534,0.980740547180176,-0.0309214666485786,0.084794245660305,0.734557688236237,-0.672516763210297
0.589412748813629,-0.161146447062492,0.980756759643555,-0.0308742001652717,0.084767535328865,0.734808802604675,-0.672248005867004
0.588184058666229,-0.160726383328438,0.980188250541687,-0.0298861842602491,0.0835197195410728,0.734599173069,-0.67267781496048
0.588390648365021,-0.160959661006927,0.980523765087128,-0.0287773702293634,0.0849010199308395,0.734607517719269,-0.672544121742249
0.588613152503967,-0.161016881465912,0.980863213539124,-0.0303515288978815,0.0845553129911422,0.735882461071014,-0.671123027801514
0.587819635868073,-0.160719186067581,0.980554163455963,-0.0310892257839441,0.0829487815499305,0.736646831035614,-0.670451045036316
0.58762913942337,-0.16062930226326,0.980543255805969,-0.0310742426663637,0.0829745978116989,0.736962199211121,-0.670101821422577
0.587553977966309,-0.160556837916374,0.980515837669373,-0.0310928411781787,0.0835511535406112,0.737403392791748,-0.6695436835289
0.587458729743958,-0.160460010170937,0.980484187602997,-0.028942834585905,0.0853824615478515,0.736544609069824,-0.670353710651398
0.587458729743958,-0.160460010170937,0.980484187602997,-0.028942834585905,0.0853824615478515,0.736544609069824,-0.670353710651398
0.586949288845062,-0.160316824913025,0.980520665645599,-0.028701402246952,0.0855938643217086,0.737282872200012,-0.669525146484375
0.586748480796814,-0.160247460007668,0.980525970458984,-0.0286025796085596,0.0857233703136444,0.737498760223389,-0.669274866580963
0.58605295419693,-0.159981235861778,0.980245292186737,-0.0293682180345058,0.084294393658638,0.738096594810486,-0.668763995170593
0.585896134376526,-0.159909099340439,0.980261564254761,-0.0293652135878801,0.0843885689973831,0.738294124603271,-0.668534278869629
0.58637410402298,-0.16062006354332,0.980821132659912,-0.0285161808133125,0.0869279503822326,0.738128840923309,-0.668428003787994
0.585840821266174,-0.159982681274414,0.980495929718018,-0.0290588699281215,0.0855977460741996,0.738165497779846,-0.668535947799683
0.586082816123962,-0.160023957490921,0.980783700942993,-0.0307453703135252,0.0855107605457305,0.739266037940979,-0.667254328727722
0.585780143737793,-0.16001483798027,0.980853319168091,-0.0304298512637615,0.0855623185634613,0.739623367786407,-0.6668661236763
0.58557915687561,-0.159939467906952,0.980944693088532,-0.0302153825759887,0.0856682583689689,0.739916741847992,-0.666536748409271
0.585394859313965,-0.159782946109772,0.980952262878418,-0.0304956771433353,0.0856243818998336,0.740129947662354,-0.666292726993561
0.58492124080658,-0.159422650933266,0.980759024620056,-0.0311883781105279,0.0848538652062416,0.740712225437164,-0.665712058544159
0.58492124080658,-0.159422650933266,0.980759024620056,-0.0311883781105279,0.0848538652062416,0.740712225437164,-0.665712058544159
0.584189295768738,-0.159035801887512,0.980499744415283,-0.0295544601976871,0.0852293372154235,0.740238964557648,-0.666264891624451
0.584380090236664,-0.159065783023834,0.980684399604797,-0.029212862253189,0.0861048474907875,0.740189075469971,-0.66622269153595
0.584272742271423,-0.158942580223083,0.980647325515747,-0.0291638411581516,0.0865007862448692,0.74038028717041,-0.665961086750031
0.584168374538422,-0.158864736557007,0.980665564537048,-0.0292828604578971,0.0866053625941276,0.740408360958099,-0.665911018848419
0.584060311317444,-0.158757776021957,0.980715692043304,-0.0290685351938009,0.0868170410394668,0.740408480167389,-0.665892601013184
0.583504676818848,-0.15848471224308,0.980546534061432,-0.0296158194541931,0.0857132598757743,0.74056339263916,-0.66583925485611
0.583402752876282,-0.158364117145538,0.980567455291748,-0.0296973250806331,0.0858081504702568,0.740609347820282,-0.665772438049316
0.583890199661255,-0.159132659435272,0.981152296066284,-0.028386365622282,0.0884619355201721,0.740529417991638,-0.665571093559265
0.583809733390808,-0.15903452038765,0.981173992156982,-0.0285331942141056,0.0885499492287635,0.74056476354599,-0.665513634681702
0.583680212497711,-0.158891916275024,0.981181740760803,-0.0286344047635793,0.0887518599629402,0.740589380264282,-0.665455102920532
0.582851231098175,-0.158006995916366,0.980653882026672,-0.029671860858798,0.0863599777221679,0.740742743015289,-0.665553689002991
0.582754731178284,-0.157919526100159,0.980650246143341,-0.029828006401658,0.0865274742245674,0.740673065185547,-0.665602564811707
0.582622885704041,-0.157796517014503,0.980639815330505,-0.0299442335963249,0.0867137461900711,0.740576088428497,-0.665681004524231
0.582526922225952,-0.157682254910469,0.980637490749359,-0.0299897547811269,0.0867890939116478,0.740559101104736,-0.665688037872314
0.58245861530304,-0.157582923769951,0.980629682540894,-0.0300466027110815,0.086953729391098,0.740530490875244,-0.665695786476135
0.582669496536255,-0.157652288675308,0.980875015258789,-0.0294706188142299,0.0878825411200523,0.740322113037109,-0.665831208229065
0.583011150360107,-0.157704293727875,0.981142282485962,-0.0311750434339046,0.0877142995595932,0.741178393363953,-0.664822518825531
0.582311034202576,-0.157461956143379,0.980845093727112,-0.0294764172285795,0.0879420861601829,0.740004241466522,-0.666176438331604
0.58268415927887,-0.157497584819794,0.981141090393066,-0.0312767885625362,0.08775045722723,0.74093371629715,-0.665085673332214
0.582115888595581,-0.157272905111313,0.980832457542419,-0.0295606758445501,0.0880872011184692,0.739966511726379,-0.666195452213287
0.582019090652466,-0.157156750559807,0.980822563171387,-0.0296394266188144,0.0881219133734703,0.739982187747955,-0.666170001029968
0.582322359085083,-0.157194450497627,0.9811030626297,-0.0313033685088157,0.0879745185375213,0.740788161754608,-0.665216863155365
0.582226514816284,-0.157120421528816,0.981106638908386,-0.031292401254177,0.0880851298570633,0.740791618824005,-0.665198802947998
0.58167439699173,-0.156828373670578,0.980792701244354,-0.0296886507421731,0.0882163196802139,0.739932358264923,-0.666210651397705
0.581244766712189,-0.156540274620056,0.980639278888702,-0.030021421611309,0.0874907225370407,0.740104734897614,-0.666099965572357
0.581717193126678,-0.156590923666954,0.980833888053894,-0.02949726767838,0.0889886692166328,0.739779889583588,-0.666285693645477
0.581622362136841,-0.156478732824326,0.98084032535553,-0.0295591503381729,0.0890528857707977,0.739702045917511,-0.666360855102539
0.581569194793701,-0.157078295946121,0.981179177761078,-0.0287917107343673,0.0904465839266777,0.739950656890869,-0.665930449962616
0.581342220306396,-0.156997084617615,0.981197595596314,-0.0286208149045705,0.090418554842472,0.739672303199768,-0.666250884532928
0.581278800964355,-0.156895294785499,0.981220781803131,-0.0288193523883819,0.0904809460043907,0.739615499973297,-0.666296899318695
0.581184029579163,-0.15679007768631,0.981214106082916,-0.0288394466042518,0.0905337035655975,0.739519596099854,-0.666395306587219
0.580763041973114,-0.156131386756897,0.980918169021606,-0.0293831471353769,0.0891273096203804,0.739382922649384,-0.666712701320648
0.581000685691833,-0.156608775258064,0.98122501373291,-0.0289547648280859,0.0906835570931434,0.739287793636322,-0.666626989841461
0.580826878547668,-0.156436637043953,0.981175065040588,-0.0291342996060848,0.090636022388935,0.739017248153687,-0.666925549507141
0.580710113048553,-0.156328976154327,0.981157302856445,-0.0290899276733398,0.090679831802845,0.738861203193665,-0.667094469070435
0.580618739128113,-0.15624538064003,0.981149256229401,-0.0290776267647743,0.0907350108027458,0.738714933395386,-0.667249500751495
0.580496728420258,-0.156135946512222,0.981130599975586,-0.0290493033826351,0.0907756611704826,0.738546073436737,-0.667432010173798
0.580496728420258,-0.156135946512222,0.981130599975586,-0.0290493033826351,0.0907756611704826,0.738546073436737,-0.667432010173798
0.579854488372803,-0.1553575694561,0.980856835842133,-0.0296657383441925,0.0890596881508827,0.738075077533722,-0.668156802654266
0.579854488372803,-0.1553575694561,0.980856835842133,-0.0296657383441925,0.0890596881508827,0.738075077533722,-0.668156802654266
0.579678893089294,-0.155164152383804,0.980876266956329,-0.0297114793211221,0.0891812294721603,0.737855970859528,-0.668380498886108
0.57961094379425,-0.155072569847107,0.980887770652771,-0.0297270342707633,0.0892180055379867,0.737729728221893,-0.668514311313629
0.579921901226044,-0.155537113547325,0.981214582920074,-0.0292730145156383,0.0908648669719696,0.737607598304749,-0.668447196483612
0.579822778701782,-0.155400797724724,0.981207728385925,-0.0292956866323947,0.0909840986132621,0.737360000610352,-0.668703019618988
0.579587996006012,-0.15476855635643,0.980991005897522,-0.029556430876255,0.0899937599897384,0.736981511116028,-0.66924262046814
0.579739212989807,-0.15477928519249,0.981199562549591,-0.031319972127676,0.0894137024879455,0.737814605236053,-0.668321788311005
0.579277515411377,-0.154542446136475,0.980928063392639,-0.0297603271901607,0.0896838456392288,0.736851453781128,-0.669418513774872
0.579229891300201,-0.154457226395607,0.980929374694824,-0.0297553967684507,0.0897307023406028,0.736682415008545,-0.669598400592804
0.579160571098328,-0.154361039400101,0.980923354625702,-0.0296633671969175,0.0897857844829559,0.736461162567139,-0.66983836889267
0.579124569892883,-0.154265612363815,0.980924129486084,-0.0296678002923727,0.0898119881749153,0.736315906047821,-0.669994354248047
0.579017341136932,-0.154192924499512,0.980974674224854,-0.0297318156808614,0.0895710811018943,0.736089766025543,-0.670272171497345
0.578951060771942,-0.154077023267746,0.980956256389618,-0.0297446679323911,0.0897196605801582,0.735893785953522,-0.670466899871826
0.578937888145447,-0.153987929224968,0.98095691204071,-0.0297715310007333,0.0897584483027458,0.735769689083099,-0.670596897602081
0.579096138477325,-0.153905048966408,0.98101407289505,-0.029599716886878,0.0900808274745941,0.735465705394745,-0.67089456319809
0.579077839851379,-0.153799116611481,0.981013059616089,-0.0295670330524444,0.0901668518781662,0.735317468643188,-0.67104697227478
0.579101264476776,-0.153711140155792,0.981025755405426,-0.0294745508581399,0.0904075652360916,0.735120117664337,-0.671234607696533
0.579090416431427,-0.15360863506794,0.981018006801605,-0.0294869802892208,0.0904279574751854,0.73502641916275,-0.671334147453308
0.579108536243439,-0.153497591614723,0.981036126613617,-0.0295817758888006,0.0904151871800422,0.73492830991745,-0.671438992023468
0.579051494598389,-0.153284266591072,0.981030762195587,-0.0295612998306751,0.0900557711720466,0.734928667545319,-0.671487927436829
0.579014480113983,-0.153222098946571,0.981013655662537,-0.0292528662830591,0.0901105105876922,0.734732151031494,-0.67170912027359
0.578973531723022,-0.15312947332859,0.981067776679993,-0.0288396030664443,0.0900840386748313,0.734781503677368,-0.671676516532898
0.578407406806946,-0.152848854660988,0.980778872966766,-0.0294493343681097,0.0886014699935913,0.735174477100372,-0.67141717672348
0.578426718711853,-0.152757495641708,0.980796039104462,-0.0293447319418191,0.0885872989892959,0.735157907009125,-0.671441793441772
0.578443765640259,-0.152677148580551,0.980798780918121,-0.0292042549699544,0.0886049419641494,0.735150158405304,-0.671454012393951
0.578487277030945,-0.152598604559898,0.98083370923996,-0.0290822498500347,0.0886546373367309,0.735122978687286,-0.671482563018799
0.578499555587769,-0.152519837021828,0.980841040611267,-0.0289846211671829,0.0886143743991851,0.735115349292755,-0.671500325202942
0.579077303409576,-0.152624502778053,0.981135785579681,-0.0282513350248336,0.0900068432092666,0.734711945056915,-0.671787917613983
0.57922089099884,-0.152412384748459,0.981088876724243,-0.028516249731183,0.0898926854133606,0.734601259231567,-0.671912968158722
0.579239845275879,-0.152312189340591,0.981099128723144,-0.0284076705574989,0.0898704826831817,0.734635293483734,-0.671883344650269
0.579237341880798,-0.152192428708076,0.981114745140076,-0.0282987412065267,0.0897181555628776,0.734672546386719,-0.671867668628693
0.579086184501648,-0.152086183428764,0.981057465076446,-0.0284003838896751,0.0893499031662941,0.734852492809296,-0.671715617179871
0.579115331172943,-0.151943773031235,0.981056451797485,-0.0283867232501506,0.0892620533704757,0.734891474246979,-0.67168527841568
0.579133868217468,-0.151813670992851,0.981057941913605,-0.0283526573330163,0.0891240686178207,0.734931349754333,-0.67166131734848
0.579150974750519,-0.151692882180214,0.981055796146393,-0.0282843708992004,0.0890506878495216,0.734968245029449,-0.67163348197937
0.579132795333862,-0.151515007019043,0.981029152870178,-0.0282630566507577,0.0888143256306648,0.735015332698822,-0.671614170074463
0.57915848493576,-0.151380717754364,0.98103392124176,-0.0282006300985813,0.0886960327625274,0.735057711601257,-0.671586096286774
0.579195022583008,-0.151206523180008,0.981013834476471,-0.0283587556332349,0.0886174365878105,0.735205471515656,-0.671428024768829
0.579192042350769,-0.151059299707413,0.981006801128388,-0.028244249522686,0.0885177999734878,0.735197305679321,-0.671454966068268
0.579282522201538,-0.150920137763023,0.981035709381104,-0.0278901904821395,0.088637925684452,0.735535204410553,-0.671083807945251
0.579309463500977,-0.150782063603401,0.981052279472351,-0.0278689488768577,0.0885101109743118,0.735602915287018,-0.671027302742004
0.579333543777466,-0.150646477937698,0.981060802936554,-0.0278015937656164,0.0884342640638351,0.735706210136414,-0.670926809310913
0.579386949539185,-0.150556057691574,0.981086492538452,-0.0277554001659154,0.0884101390838623,0.735715329647064,-0.670921981334686
0.579570233821869,-0.150400906801224,0.981164574623108,-0.027580888941884,0.0887544974684715,0.735616207122803,-0.670992255210876
0.579599142074585,-0.150244534015655,0.981156229972839,-0.0275908410549163,0.0885191708803176,0.735643208026886,-0.670993447303772
0.57962429523468,-0.150093898177147,0.981151401996612,-0.0275299027562141,0.0884234905242919,0.735658049583435,-0.670992195606232
0.580062329769135,-0.150113433599472,0.981430411338806,-0.0289721861481666,0.0881130844354629,0.73653370141983,-0.670011043548584
0.580092370510101,-0.14997111260891,0.981425344944,-0.0289836842566728,0.0879645496606826,0.736558735370636,-0.670002520084381
0.580192923545837,-0.149858981370926,0.981477975845337,-0.0288215186446905,0.0880051329731941,0.736539840698242,-0.670024991035461
0.580222547054291,-0.149738058447838,0.981482267379761,-0.0288246423006057,0.0879388973116874,0.736594319343567,-0.669973731040955
0.580222606658936,-0.14959554374218,0.981473445892334,-0.028824184089899,0.0879845544695854,0.736553132534027,-0.670012891292572
0.580278694629669,-0.149474531412125,0.981494903564453,-0.0288425777107477,0.0879348143935203,0.736588001251221,-0.669980347156525
0.58002096414566,-0.14912337064743,0.9811692237854,-0.0275510903447866,0.0881707295775413,0.735581874847412,-0.671108186244965
0.580183446407318,-0.149016305804253,0.981181859970093,-0.0275368187576532,0.088294580578804,0.735806047916412,-0.67084676027298
0.580437123775482,-0.149463564157486,0.981464207172394,-0.0271500144153833,0.0895148068666458,0.736043155193329,-0.670440375804901
0.580176055431366,-0.148665055632591,0.981256544589996,-0.0299157761037349,0.0864862874150276,0.737145125865936,-0.669509053230286
0.580860614776611,-0.148762673139572,0.98159670829773,-0.0292255841195583,0.0880865827202797,0.736755132675171,-0.66975998878479
0.580848753452301,-0.14867827296257,0.981671452522278,-0.0288310777395963,0.0881023928523063,0.736837089061737,-0.669684946537018
0.580490469932556,-0.148436397314072,0.981404185295105,-0.0270199477672576,0.0883737951517105,0.735947012901306,-0.670702517032623
0.580550611019135,-0.148327931761742,0.981444776058197,-0.0269933510571718,0.0885215103626251,0.735989451408386,-0.670637547969818
0.580623507499695,-0.148229569196701,0.981450021266937,-0.0269154794514179,0.088590383529663,0.736010313034058,-0.670608699321747
0.58056253194809,-0.14812958240509,0.981403827667236,-0.0270837862044572,0.088278591632843,0.736207008361816,-0.670427322387695
0.580623269081116,-0.148026406764984,0.981411993503571,-0.0270029976963996,0.0883665904402732,0.736208856105804,-0.670416831970215
0.580709636211395,-0.147901296615601,0.981461465358734,-0.0269799828529357,0.0883370041847229,0.736256718635559,-0.670369029045105
0.580917239189148,-0.147767186164856,0.981444716453552,-0.0270803496241569,0.088736355304718,0.736430406570435,-0.670121550559998
0.58101350069046,-0.147665232419968,0.981465816497803,-0.0270535890012979,0.0888262689113617,0.736459910869598,-0.670078277587891
0.58115029335022,-0.147577464580536,0.981517672538757,-0.0270647183060646,0.0887807980179786,0.736627399921417,-0.669899642467499
0.581245064735413,-0.147492259740829,0.98154616355896,-0.0270110536366701,0.0888776034116745,0.736658096313477,-0.669855237007141
0.581337869167328,-0.147408276796341,0.981582224369049,-0.0269742775708436,0.0889291912317276,0.736687183380127,-0.669817984104156
0.581571519374847,-0.147289246320724,0.981647908687592,-0.026835098862648,0.089324839413166,0.736542940139771,-0.669929504394531
0.581878304481506,-0.147147610783577,0.98165363073349,-0.0270851254463195,0.0895289778709411,0.736377060413361,-0.67007440328598
0.5819411277771,-0.147088348865509,0.981669902801514,-0.0269001498818397,0.0897615104913711,0.736208379268646,-0.670236229896545
0.582050263881683,-0.146990358829498,0.981680989265442,-0.026931932196021,0.0898095220327377,0.736251533031464,-0.670181095600128
0.582280814647675,-0.146902725100517,0.981686770915985,-0.0269741918891668,0.0900145098567009,0.736470937728882,-0.669910728931427
0.582367539405823,-0.146832317113876,0.981705784797668,-0.0269386619329452,0.0900606140494346,0.736480057239532,-0.669896006584167
0.581930756568909,-0.146576225757599,0.981462717056274,-0.0275368876755237,0.0888420939445495,0.736921906471252,-0.669548213481903
0.582043766975403,-0.146525681018829,0.98148787021637,-0.0274766907095909,0.0889642834663391,0.736923515796661,-0.669532716274261
0.582613408565521,-0.146611601114273,0.981777310371399,-0.0290698744356632,0.0888671651482582,0.73784863948822,-0.668458700180054
0.583291411399841,-0.14674785733223,0.982086837291718,-0.0284075681120157,0.0904176533222198,0.737410366535187,-0.668762803077698
0.583404719829559,-0.146653085947037,0.982098162174225,-0.0284538865089416,0.0904280319809913,0.737447142601013,-0.668718755245209
0.583465456962585,-0.146584987640381,0.982164978981018,-0.0281210914254188,0.0904701054096221,0.737519860267639,-0.668646931648254
0.583385705947876,-0.146468579769134,0.982102632522583,-0.0283004734665155,0.0901933461427688,0.737714827060699,-0.668461740016937
0.583502292633057,-0.146374508738518,0.982127726078033,-0.0283156801015138,0.090222842991352,0.737713932991028,-0.668458104133606
0.584024727344513,-0.146185010671616,0.982122302055359,-0.0285886470228433,0.090879313647747,0.73759138584137,-0.668492794036865
0.584018886089325,-0.146085858345032,0.98210859298706,-0.0289031043648719,0.0906166210770607,0.737711012363434,-0.66838276386261
0.584324240684509,-0.146007359027862,0.98221355676651,-0.0286318156868219,0.0910682901740074,0.737479269504547,-0.668588936328888
0.584455132484436,-0.145939856767654,0.98223066329956,-0.0286424197256565,0.0911425426602363,0.737486720085144,-0.668570101261139
0.584107100963593,-0.145700246095657,0.98195469379425,-0.0270042233169078,0.0913921445608139,0.736518442630768,-0.669670701026917
0.58367395401001,-0.145445287227631,0.981706857681274,-0.0275745242834091,0.0901353880763053,0.736865878105164,-0.669435620307922
0.583799004554749,-0.145372852683067,0.981707155704498,-0.0276311691850423,0.0900216922163963,0.736935436725616,-0.669372022151947
0.584705650806427,-0.146024957299232,0.982186317443848,-0.0267048310488462,0.092799462378025,0.736810684204102,-0.669167399406433
0.584808826446533,-0.14593942463398,0.982182264328003,-0.0266561284661293,0.092825099825859,0.736797273159027,-0.669180572032928
0.584920167922974,-0.145849242806435,0.982183754444122,-0.0266771893948316,0.0928404405713081,0.736803650856018,-0.669170677661896
0.585003018379211,-0.1457829028368,0.982176542282104,-0.0265270341187715,0.0928894132375717,0.736727952957153,-0.669253051280975
0.585134446620941,-0.145702347159386,0.982202887535095,-0.0265413224697113,0.0929363742470741,0.73676723241806,-0.66920280456543
0.585224211215973,-0.145641073584556,0.982201397418976,-0.0264456756412982,0.092953011393547,0.736771523952484,-0.669199466705322
0.585468471050262,-0.145486950874329,0.982145249843597,-0.0268428660929203,0.0930150598287582,0.73663204908371,-0.669328629970551
0.585570454597473,-0.145410567522049,0.982162296772003,-0.0268194321542978,0.0931006968021392,0.736607015132904,-0.669345200061798
0.585702300071716,-0.145359128713608,0.982160985469818,-0.0267925653606653,0.093128465116024,0.736562550067902,-0.669391453266144
0.585827052593231,-0.145294696092606,0.982184886932373,-0.0267171561717987,0.0932841002941131,0.736489593982697,-0.669452965259552
0.585927724838257,-0.145230412483215,0.982188820838928,-0.0266716629266738,0.0933673307299614,0.736488282680511,-0.669444501399994
0.58588308095932,-0.144622728228569,0.981971621513367,-0.0269104465842247,0.0923515632748603,0.736271381378174,-0.66981440782547
0.586209654808044,-0.145133391022682,0.982241690158844,-0.0265334974974393,0.0936390683054924,0.736437261104584,-0.669468283653259
0.586306691169739,-0.145080357789993,0.982243001461029,-0.0264803394675254,0.0936961397528648,0.736417710781097,-0.669483959674835
0.586403012275696,-0.145026922225952,0.982241332530975,-0.0264040287584066,0.093722328543663,0.736386060714722,-0.669518172740936
0.586331725120544,-0.144409939646721,0.982000470161438,-0.0266397185623645,0.0926904007792472,0.736189305782318,-0.669868648052216
0.586556971073151,-0.144340708851814,0.981970429420471,-0.0266045965254306,0.0929517522454261,0.736395537853241,-0.669607162475586
0.586218535900116,-0.144069403409958,0.981662511825562,-0.0271701198071241,0.0918049663305282,0.736933350563049,-0.669150948524475
0.586798548698425,-0.144151985645294,0.98195868730545,-0.0287207011133432,0.0915807858109474,0.7379070520401,-0.66804301738739
0.586917817592621,-0.144082486629486,0.981949985027313,-0.0287017822265625,0.0915653556585311,0.737920939922333,-0.668030560016632
0.587552607059479,-0.144159957766533,0.982076942920685,-0.0284418743103742,0.092747114598751,0.73756331205368,-0.668273329734802
0.587649047374725,-0.14410887658596,0.982075810432434,-0.0283540394157171,0.0928475484251976,0.737577617168427,-0.66824746131897
0.58734405040741,-0.14391653239727,0.981774270534515,-0.0266975723206996,0.0929908752441406,0.736683189868927,-0.669281601905823
0.587637186050415,-0.143887847661972,0.981863558292389,-0.0263166688382625,0.0935777351260185,0.736481189727783,-0.669437050819397
0.587748050689697,-0.143850088119507,0.981817781925201,-0.0262255202978849,0.0934693291783332,0.736501634120941,-0.669433295726776
0.587849020957947,-0.143815085291862,0.981827676296234,-0.0260992385447025,0.0935268402099609,0.736505448818207,-0.669425964355469
0.587945163249969,-0.143773585557938,0.981840670108795,-0.0259993858635425,0.0937110409140586,0.736500978469849,-0.669409155845642
0.588039040565491,-0.143741995096207,0.981833755970001,-0.0259263906627893,0.0936861485242843,0.736508071422577,-0.669407725334167
0.588246524333954,-0.144245862960815,0.982083439826965,-0.0252616386860609,0.094584509730339,0.73677921295166,-0.669008255004883
0.588426947593689,-0.144167691469193,0.98213005065918,-0.0249765999615192,0.0950012579560279,0.736645698547363,-0.669106841087341
0.588454008102417,-0.144145220518112,0.982042670249939,-0.0251445472240448,0.0943482965230941,0.736758530139923,-0.66906875371933
0.588985204696655,-0.144263565540314,0.982339441776276,-0.0266674440354108,0.0942370221018791,0.737648546695709,-0.668044090270996
0.589001297950745,-0.143622234463692,0.982088387012482,-0.0268146879971027,0.0932035222649574,0.73764443397522,-0.668187737464905
0.589108645915985,-0.143576666712761,0.982073962688446,-0.0267447829246521,0.0931390970945358,0.737619876861572,-0.668226599693298
0.58936333656311,-0.143427789211273,0.981999099254608,-0.0270431339740753,0.0929551124572753,0.737463057041168,-0.66841334104538
0.589346051216125,-0.143800795078278,0.982010543346405,-0.0248278938233852,0.0948140025138855,0.736549735069275,-0.669244587421417
0.589414298534393,-0.143694400787353,0.981972455978394,-0.0247551165521144,0.0945561379194259,0.73649674654007,-0.66934210062027
0.589525461196899,-0.143660232424736,0.98196530342102,-0.0245908927172422,0.094505026936531,0.736471712589264,-0.669382870197296
0.589561223983765,-0.143678069114685,0.981889605522156,-0.0245576482266187,0.0941991582512855,0.736539125442505,-0.669353187084198
0.589650988578796,-0.143661543726921,0.981908082962036,-0.0242633931338787,0.0941341370344162,0.736432015895844,-0.66949075460434
0.589650988578796,-0.143661543726921,0.981908082962036,-0.0242633931338787,0.0941341370344162,0.736432015895844,-0.66949075460434
0.590309739112854,-0.143742948770523,0.982154488563538,-0.0254654549062252,0.093933030962944,0.737212777137756,-0.668614506721497
0.589998364448547,-0.143526583909988,0.981870234012604,-0.0239084418863058,0.0940140634775161,0.736282527446747,-0.669684767723083
0.590101957321167,-0.14348366856575,0.981877446174622,-0.0237157717347145,0.0940127521753311,0.736234724521637,-0.669744312763214
0.590172171592712,-0.14340204000473,0.981839716434479,-0.0235858038067817,0.0938667356967926,0.736128628253937,-0.669886231422424
0.590463221073151,-0.143228352069855,0.981783747673035,-0.0239797942340374,0.0936493575572967,0.73596864938736,-0.670078277587891
0.590598881244659,-0.143196910619736,0.981790065765381,-0.0238652247935533,0.093763843178749,0.735870957374573,-0.670173704624176
0.591252505779266,-0.143259406089783,0.982025384902954,-0.0253167077898979,0.093675673007965,0.73691201210022,-0.668987810611725
0.591272115707397,-0.142548561096191,0.98171865940094,-0.0256544295698404,0.0925346985459327,0.736749291419983,-0.669312953948975
0.591484427452087,-0.142492651939392,0.981738448143005,-0.0256238169968128,0.0924554169178009,0.736859261989594,-0.669203996658325
0.592040538787842,-0.143333241343498,0.981797695159912,-0.0252693574875593,0.0949831008911132,0.736926555633545,-0.668789148330688
0.592176675796509,-0.143285289406776,0.981748282909393,-0.0251060258597135,0.0950010642409324,0.73685747385025,-0.668868839740753
0.591294229030609,-0.142436265945434,0.981076538562775,-0.0236039999872446,0.0941465348005294,0.734862267971039,-0.671235203742981
0.591418087482452,-0.142346382141113,0.981077134609222,-0.0234345719218254,0.0940039902925491,0.73482346534729,-0.671303689479828
0.592422425746918,-0.143158167600632,0.981034636497498,-0.0231255963444709,0.0976098775863647,0.734636008739471,-0.671004772186279
0.592475533485413,-0.142971262335777,0.981001138687134,-0.0230029877275228,0.0970891639590263,0.734452188014984,-0.671285688877106
0.592425405979156,-0.14290976524353,0.981022715568542,-0.0229645706713199,0.0963234677910804,0.734317481517792,-0.671544551849365
0.592599153518677,-0.142818868160248,0.981028199195862,-0.022885413840413,0.0962917208671569,0.734221339225769,-0.671657085418701
0.59268456697464,-0.142688810825348,0.981043100357056,-0.022765289992094,0.0958603844046592,0.734056949615479,-0.671902418136597
0.592772662639618,-0.142589405179024,0.981075286865234,-0.022613177075982,0.0954746901988983,0.733863770961761,-0.672173500061035
0.592907071113586,-0.142460346221924,0.981135427951813,-0.0224352739751338,0.0951413959264755,0.733760952949524,-0.672339022159576
0.592931628227234,-0.141381651163101,0.981613636016846,-0.024290531873703,0.0901317745447158,0.73518568277359,-0.671407639980316
0.593080043792725,-0.14141558110714,0.981028318405151,-0.0228756312280893,0.0929276943206787,0.733162820339203,-0.673285603523254
0.5922691822052,-0.14087775349617,0.981026530265808,-0.0233000442385673,0.0892954692244529,0.733168542385101,-0.673756122589111
0.593345105648041,-0.141227334737778,0.981088638305664,-0.0225361082702875,0.0925176888704299,0.732668817043304,-0.673890948295593
0.593482851982117,-0.141060099005699,0.981115937232971,-0.0224446672946214,0.0920206531882286,0.732534408569336,-0.674108266830444
0.593482851982117,-0.141060099005699,0.981115937232971,-0.0224446672946214,0.0920206531882286,0.732534408569336,-0.674108266830444
0.593841075897217,-0.140827000141144,0.981183171272278,-0.0223224442452192,0.0913211777806282,0.732458710670471,-0.674289524555206
0.594002842903137,-0.140651673078537,0.981208205223084,-0.0222164839506149,0.0907046645879745,0.732367634773254,-0.674475193023682
0.594719052314758,-0.141253858804703,0.981219172477722,-0.022178741171956,0.0930413156747818,0.732205212116241,-0.674334347248077
0.594826996326447,-0.14103290438652,0.981303095817566,-0.0222354587167501,0.0924450829625129,0.732077658176422,-0.674552977085114
0.593833565711975,-0.139775037765503,0.981078207492828,-0.0230288431048393,0.0878567919135093,0.731955647468567,-0.675271689891815
0.594666838645935,-0.140034466981888,0.981124579906464,-0.0226424168795347,0.0901409909129142,0.731736242771149,-0.67522144317627
0.594740152359009,-0.139911204576492,0.981129944324493,-0.0225734747946262,0.0900538712739944,0.7314413189888,-0.675554871559143
0.594807028770447,-0.139849722385406,0.981185376644134,-0.0223517026752233,0.0898428931832313,0.731077492237091,-0.675983965396881
0.594807028770447,-0.139849722385406,0.981185376644134,-0.0223517026752233,0.0898428931832313,0.731077492237091,-0.675983965396881
0.594991028308868,-0.139040946960449,0.981780052185059,-0.0242289192974567,0.0853767395019531,0.732492506504059,-0.674965560436249
0.595556557178497,-0.139145851135254,0.981176674365997,-0.0226875357329845,0.088928535580635,0.730263769626617,-0.676972508430481
0.596386432647705,-0.14013746380806,0.981270849704742,-0.0223312582820653,0.0930069535970687,0.730273902416229,-0.676425278186798
0.59517514705658,-0.138719350099564,0.98115885257721,-0.0231160018593072,0.0874381139874458,0.730158150196075,-0.677266180515289
0.596347808837891,-0.139006346464157,0.981233239173889,-0.0225294921547174,0.0905893966555595,0.729769706726074,-0.677290380001068
0.596505403518677,-0.138853013515472,0.981250047683716,-0.0225925873965024,0.0903764963150024,0.729628205299377,-0.677469074726105
0.596410632133484,-0.138658851385116,0.981242120265961,-0.0226267110556364,0.0896995365619659,0.729531347751617,-0.677662193775177
0.597432017326355,-0.139269381761551,0.981260538101196,-0.022547548636794,0.0927317589521408,0.729310750961304,-0.677494049072266
0.597546100616455,-0.139107972383499,0.98130738735199,-0.0224300343543291,0.0923554748296737,0.729115426540375,-0.67775958776474
0.597693920135498,-0.138961374759674,0.981312274932861,-0.0223541799932718,0.0921718925237655,0.728984475135803,-0.677927851676941
0.59781402349472,-0.138778194785118,0.981333613395691,-0.0223152227699756,0.0918991491198539,0.728869497776031,-0.678089797496796
0.597924292087555,-0.138618975877762,0.981358289718628,-0.0222192741930484,0.0915473252534866,0.728683650493622,-0.678340196609497
0.59805953502655,-0.138460874557495,0.981372892856598,-0.0219684988260269,0.0913753062486648,0.728469729423523,-0.678601443767548
0.597896456718445,-0.137559726834297,0.981245279312134,-0.0221792012453079,0.0892309471964836,0.728196620941162,-0.67917275428772
0.598854422569275,-0.138161852955818,0.981307923793793,-0.0221605598926544,0.0919761434197425,0.727979004383087,-0.679040491580963
0.598496735095978,-0.137226492166519,0.981238722801208,-0.0225957930088043,0.0888855308294296,0.727731466293335,-0.679702758789062
0.598722517490387,-0.137169003486633,0.9812091588974,-0.0225749816745519,0.0890157893300056,0.727608919143677,-0.6798175573349
0.598728716373444,-0.137105226516724,0.981170833110809,-0.022582184523344,0.0887363106012344,0.727513611316681,-0.679955840110779
0.598939061164856,-0.136968597769737,0.981198668479919,-0.0221790876239538,0.0888420864939689,0.727623641490936,-0.6798375248909
0.599600672721863,-0.137516468763351,0.981317281723022,-0.0215101484209299,0.0911225154995918,0.72755241394043,-0.679633319377899
0.599851965904236,-0.137241214513779,0.981304407119751,-0.0216843429952859,0.0905135497450828,0.727332353591919,-0.679944694042206
0.600021958351135,-0.13711154460907,0.981330454349518,-0.0215564668178558,0.09042539447546,0.727230668067932,-0.680069267749786
0.600187659263611,-0.137004286050797,0.981331825256348,-0.0213749222457408,0.0903391391038894,0.727104365825653,-0.680221319198608
0.600385725498199,-0.136838436126709,0.981303036212921,-0.0212648808956146,0.0901973396539688,0.727113544940948,-0.680233776569366
0.600538372993469,-0.13670526444912,0.981305599212646,-0.0211122594773769,0.0900711566209793,0.727047801017761,-0.680325567722321
0.60042417049408,-0.135910332202911,0.981071591377258,-0.0212672315537929,0.088564284145832,0.726745963096619,-0.680840969085693
0.600623726844788,-0.135836616158485,0.981050848960876,-0.0211704149842262,0.0886961594223976,0.726684153079987,-0.680892765522003
0.600777924060822,-0.135705024003982,0.981029272079468,-0.0209854897111654,0.0885871723294258,0.726472735404968,-0.681138336658478
0.600485444068909,-0.135257944464684,0.980732262134552,-0.0217721797525882,0.0870645344257354,0.726605951786041,-0.681167840957642
0.600663244724274,-0.135136798024177,0.980736672878265,-0.021626966074109,0.0871268212795257,0.726590096950531,-0.681181311607361
0.601311862468719,-0.1351218521595,0.981037616729736,-0.0234019923955202,0.0866467505693435,0.727493524551392,-0.680218994617462
0.601058602333069,-0.134831190109253,0.980760812759399,-0.0216426774859428,0.0868749842047691,0.72641509771347,-0.681399643421173
0.601954102516174,-0.135464072227478,0.981244146823883,-0.0206887796521186,0.0892897695302963,0.726165950298309,-0.681382656097412
0.602067112922668,-0.135298356413841,0.981241345405579,-0.020442895591259,0.0891915708780288,0.726045310497284,-0.681531488895416
0.602197527885437,-0.135144025087357,0.981235086917877,-0.0203862432390451,0.0890543758869171,0.725902915000916,-0.681702733039856
0.602437674999237,-0.134992152452469,0.981316685676575,-0.0200398843735456,0.0894737988710403,0.725648880004883,-0.68192857503891
0.602689862251282,-0.134752839803696,0.981275618076324,-0.0203406922519207,0.0893129557371139,0.725426256656647,-0.682177662849426
0.602816104888916,-0.1346076130867,0.981288552284241,-0.0202949494123458,0.0891861096024513,0.725346028804779,-0.682280778884888
0.602982997894287,-0.134478330612183,0.98124760389328,-0.0204373002052307,0.0888569727540016,0.725679397583008,-0.681964874267578
0.602933049201965,-0.13381016254425,0.981052398681641,-0.0205769874155521,0.0877650454640388,0.725387454032898,-0.682412683963776
0.603024065494537,-0.133656293153763,0.981075167655945,-0.020458273589611,0.087606281042099,0.725336372852325,-0.682490944862366
0.603156208992004,-0.133500427007675,0.981100142002106,-0.0204457491636276,0.0875560119748115,0.725284278392792,-0.682553112506866
0.603146255016327,-0.133316993713379,0.981063485145569,-0.0205063745379447,0.0869923084974289,0.725402474403381,-0.68249773979187
0.603247404098511,-0.133159026503563,0.981126487255096,-0.0202664770185947,0.0868547111749649,0.725420594215393,-0.6825031042099
0.603998243808746,-0.133461117744446,0.981358766555786,-0.020157590508461,0.0886247456073761,0.725391745567322,-0.68230938911438
0.603730618953705,-0.133313775062561,0.98124885559082,-0.0190985724329948,0.0884565711021423,0.72500467300415,-0.682772994041443
0.603970885276794,-0.132384181022644,0.981225788593292,-0.0229550246149301,0.0852012783288955,0.726624429225922,-0.681344866752625
0.604091942310333,-0.13224071264267,0.981245458126068,-0.0229469668120145,0.0851588398218154,0.726501047611237,-0.681482017040253
0.604538559913635,-0.132734090089798,0.981450498104096,-0.0203083846718072,0.0880175679922103,0.7253258228302,-0.682453572750092
0.604704737663269,-0.132581830024719,0.981464207172394,-0.0202718954533338,0.0877781063318252,0.725387275218964,-0.682420074939728
0.605219423770905,-0.132560342550278,0.981698393821716,-0.0217042099684476,0.0876442193984985,0.72613537311554,-0.681597292423248
0.60536527633667,-0.13242381811142,0.981710195541382,-0.0216394066810607,0.0876703262329101,0.726102352142334,-0.681631207466125
0.60551643371582,-0.132286936044693,0.981729686260223,-0.0216608140617609,0.0876098498702049,0.726071655750275,-0.681670963764191
0.605816543102264,-0.132118299603462,0.981726467609406,-0.0218564197421073,0.0876011550426483,0.725811719894409,-0.681942701339722
0.606121063232422,-0.132007002830505,0.981721580028534,-0.021882340312004,0.0877660661935806,0.725979387760162,-0.681742072105408
0.605956852436066,-0.131690323352814,0.981520891189575,-0.0200300328433513,0.0884062647819519,0.724869608879089,-0.682896256446838
0.606003224849701,-0.131606727838516,0.981474936008453,-0.0199973993003368,0.0880981981754303,0.72487610578537,-0.682929873466492
0.606157243251801,-0.131488874554634,0.981490910053253,-0.0198558699339628,0.088123895227909,0.724857270717621,-0.682950854301453
0.606310129165649,-0.131336241960526,0.981503665447235,-0.0198075752705335,0.0881332755088806,0.72481507062912,-0.682995855808258
0.606469511985779,-0.131162852048874,0.981511831283569,-0.019738221541047,0.0879832059144973,0.724774360656738,-0.683060348033905
0.60661244392395,-0.131008818745613,0.981520533561706,-0.0196817331016063,0.0880399271845817,0.724736750125885,-0.683094680309296
0.606948733329773,-0.130748212337494,0.981463134288788,-0.0201358776539564,0.087822750210762,0.724607527256012,-0.683246314525604
0.607143044471741,-0.130616649985313,0.98147577047348,-0.0200638230890035,0.0879385992884635,0.724547028541565,-0.683297753334045
0.607398629188538,-0.130435436964035,0.981421589851379,-0.0197944343090057,0.0881666168570518,0.724763095378876,-0.683046996593475
0.607543170452118,-0.130254745483398,0.981382489204407,-0.0197242852300405,0.0880213305354118,0.724713444709778,-0.683120429515839
0.607631802558899,-0.130044311285019,0.981374979019165,-0.0192497745156288,0.088018387556076,0.724639534950256,-0.683212757110596
0.607591688632965,-0.129276216030121,0.981111347675324,-0.0194912273436784,0.086788922548294,0.724344193935394,-0.683676421642303
0.607870161533356,-0.129106909036636,0.981085956096649,-0.0193471983075141,0.0869292616844177,0.724470317363739,-0.683529019355774
0.608020842075348,-0.128868922591209,0.980965733528137,-0.01968489959836,0.0866685882210731,0.724420964717865,-0.683604657649994
0.608020842075348,-0.128868922591209,0.980965733528137,-0.01968489959836,0.0866685882210731,0.724420964717865,-0.683604657649994
0.608830332756042,-0.129020631313324,0.981264114379883,-0.0192859154194593,0.0881049185991287,0.724226772785187,-0.683638215065002
0.609028935432434,-0.128802716732025,0.981260657310486,-0.0192670598626136,0.0880410745739936,0.724163472652435,-0.683714091777802
0.609259247779846,-0.128589630126953,0.981258511543274,-0.0192746613174676,0.0880421102046966,0.724045932292938,-0.683838129043579
0.609459698200226,-0.128393590450287,0.981236398220062,-0.0190925579518079,0.0880335941910743,0.723915576934814,-0.683982253074646
0.609852075576782,-0.127658367156982,0.981128454208374,-0.0212340988218784,0.0862108394503593,0.724529504776001,-0.683501064777374
0.610289335250854,-0.127809956669807,0.981175780296326,-0.0190866589546203,0.088485799729824,0.723554193973541,-0.684306442737579
0.610590875148773,-0.127503201365471,0.981122016906738,-0.0190655253827571,0.0885921567678451,0.7235307097435,-0.6843181848526
0.610717415809631,-0.127324759960175,0.981106281280518,-0.018950754776597,0.0885049253702163,0.723425090312958,-0.6844442486763
0.61095666885376,-0.127077057957649,0.981155633926392,-0.0188625920563936,0.088687427341938,0.723323881626129,-0.684529900550842
0.611312210559845,-0.126731783151627,0.981127262115478,-0.0192383993417024,0.0886527299880981,0.723060786724091,-0.684801816940308
0.611312210559845,-0.126731783151627,0.981127262115478,-0.0192383993417024,0.0886527299880981,0.723060786724091,-0.684801816940308
0.611811220645905,-0.126107856631279,0.981206595897675,-0.0194013938307762,0.0885658040642738,0.722845494747162,-0.685035824775696
0.611840903759003,-0.125182092189789,0.981018662452698,-0.0199134908616542,0.0871898084878921,0.722561538219452,-0.685497164726257
0.612469851970673,-0.124969586730003,0.98134857416153,-0.0216240007430315,0.0868311747908592,0.723455846309662,-0.684546828269958
0.612957835197449,-0.12526524066925,0.981742203235626,-0.0212327223271131,0.0883178040385246,0.723569989204407,-0.684248268604279
0.61292827129364,-0.124515801668167,0.981491148471832,-0.0199625827372074,0.0884143486618995,0.72275722026825,-0.685132324695587
0.613066673278809,-0.124168209731579,0.981545567512512,-0.0198666285723447,0.0887190252542495,0.722620785236359,-0.685239613056183
0.613379776477814,-0.123783387243748,0.981577575206757,-0.0199053045362234,0.0887955203652381,0.722775161266327,-0.685065925121307
0.613411843776703,-0.122823320329189,0.98142284154892,-0.0202317927032709,0.0875937417149543,0.722522437572479,-0.685477435588837
0.613591313362122,-0.122397541999817,0.981502175331116,-0.0202967878431081,0.0876004621386528,0.722463607788086,-0.685536742210388
0.613969564437866,-0.122505843639374,0.981799364089966,-0.0201735161244869,0.0886321887373924,0.722715854644775,-0.685141623020172
0.614280641078949,-0.122014760971069,0.981844246387482,-0.0203369297087192,0.0888363718986511,0.722437262535095,-0.685404181480408
0.61417156457901,-0.121002770960331,0.981718003749847,-0.0202603451907634,0.0878462940454483,0.722133159637451,-0.685854434967041
0.614941000938416,-0.121147304773331,0.982166826725006,-0.0215473920106887,0.0889418572187423,0.723205208778381,-0.684543192386627
0.615038216114044,-0.120552763342857,0.982203662395477,-0.0217007473111152,0.0886266380548477,0.72314190864563,-0.684646129608154
0.615169048309326,-0.11997540295124,0.982267141342163,-0.022021459415555,0.0886294394731521,0.722957372665405,-0.68483030796051
0.61488676071167,-0.11925732344389,0.982044100761414,-0.020462280139327,0.0889946967363357,0.721824288368225,-0.686025440692902
0.615091443061829,-0.118485167622566,0.982027590274811,-0.0209679920226335,0.0891668424010276,0.72157484292984,-0.686250150203705
0.615504920482635,-0.118019796907902,0.982274174690247,-0.0225320663303136,0.0889205932617187,0.72226357460022,-0.685507595539093
0.615020096302032,-0.117169663310051,0.981965899467468,-0.0207711532711982,0.0891521126031875,0.721133828163147,-0.686721563339233
0.61505526304245,-0.116547740995884,0.981993854045868,-0.0207543838769197,0.0894336923956871,0.72074431180954,-0.687094330787659
0.614681005477905,-0.115254797041416,0.981722593307495,-0.0231302045285701,0.0866507515311241,0.721468031406403,-0.686615288257599
0.614746749401093,-0.114653468132019,0.981754839420319,-0.021027848124504,0.0885625183582305,0.719783842563629,-0.688204765319824
0.614742994308472,-0.113837510347366,0.981657922267914,-0.0211249496787786,0.0886396914720535,0.719639420509338,-0.688342869281769
0.614898204803467,-0.113593608140945,0.981989622116089,-0.0205244719982147,0.0900451689958572,0.719436287879944,-0.688390970230103
0.61429488658905,-0.112232975661755,0.981691598892212,-0.0209982842206954,0.0885400176048278,0.718887269496918,-0.689145028591156
0.614328384399414,-0.111245766282082,0.981598198413849,-0.0215401891618967,0.0887626335024833,0.718541324138641,-0.689460456371307
0.614733338356018,-0.110883131623268,0.981853008270264,-0.0214245542883873,0.0906988978385925,0.718330562114716,-0.689431607723236
0.615064740180969,-0.110166862607002,0.982148289680481,-0.023117845878005,0.0907375514507293,0.718969941139221,-0.688704907894135
0.614340424537659,-0.108437582850456,0.981754422187805,-0.0220353957265615,0.0894954577088356,0.717635333538055,-0.690293192863464
0.613828778266907,-0.107290364801884,0.981621265411377,-0.022774863988161,0.0885210260748863,0.717722177505493,-0.690304517745972
0.614494919776917,-0.107081711292267,0.982237160205841,-0.0221751406788826,0.0910674631595611,0.717418670654297,-0.690308272838593
0.614380359649658,-0.106036454439163,0.982377827167511,-0.0218858737498521,0.0907619670033454,0.717454969882965,-0.690319955348969
0.61456823348999,-0.104934632778168,0.982587695121765,-0.0221154913306236,0.090929739177227,0.717135906219482,-0.690622091293335
0.614519953727722,-0.103923618793487,0.982760310173035,-0.0221661366522312,0.0906892940402031,0.717272102832794,-0.690510511398315
0.61429762840271,-0.102964639663696,0.982963562011719,-0.0218081399798393,0.0903201177716255,0.716646730899811,-0.691219329833984
0.614283382892609,-0.101928383111954,0.983182311058044,-0.0218180101364851,0.0902929604053497,0.716334879398346,-0.691545724868774
0.614184617996216,-0.100893579423427,0.983384132385254,-0.0215368010103702,0.0900023579597473,0.715969562530518,-0.691970646381378
0.614519596099854,-0.0998355597257614,0.983727216720581,-0.0234003029763698,0.0892783105373382,0.715943872928619,-0.692030489444733
0.61456972360611,-0.0986285060644149,0.983811378479004,-0.0233092568814754,0.08955068141222,0.715352535247803,-0.69260972738266
0.613819479942322,-0.0967802330851554,0.983413457870483,-0.0217882823199033,0.088423267006874,0.71335381269455,-0.694861829280853
0.613921463489532,-0.0961928516626358,0.983732044696808,-0.021326620131731,0.0895778462290763,0.712550818920135,-0.695551872253418
0.613379716873169,-0.0946027934551239,0.983470261096954,-0.0217885896563529,0.0880472734570503,0.711179494857788,-0.697134613990784
0.613880813121796,-0.0938758105039596,0.983683228492737,-0.021851597353816,0.0899930223822593,0.710095822811127,-0.697988331317902
0.61365532875061,-0.0925845578312873,0.983812093734741,-0.0220571961253881,0.0896429866552352,0.708831489086151,-0.699310779571533
0.613932847976685,-0.0914094373583793,0.98416793346405,-0.0239716861397027,0.0896052867174148,0.708552002906799,-0.699535846710205
0.613675653934479,-0.0900687873363494,0.984224617481232,-0.0247512646019458,0.0893233492970466,0.707438468933105,-0.700670778751373
0.613415360450745,-0.0885022282600402,0.983904421329498,-0.0238515883684158,0.0904078930616378,0.705367505550385,-0.702647924423218
0.613271653652191,-0.0870687887072563,0.983999371528626,-0.0244939383119344,0.0899766534566879,0.704427480697632,-0.703623652458191
0.613375186920166,-0.085846908390522,0.984463810920715,-0.0260007213801145,0.0896955952048301,0.704050004482269,-0.703983128070831
0.61297607421875,-0.0842869132757186,0.984303176403046,-0.0254195593297481,0.0899822041392326,0.702171623706818,-0.705841302871704
0.613330960273743,-0.0829401165246963,0.984788775444031,-0.0275655072182416,0.0898389667272567,0.701851010322571,-0.706098020076752
0.612794041633606,-0.0811141058802604,0.984750092029572,-0.0260189101099967,0.089898981153965,0.700052917003632,-0.707931697368622
0.612383008003235,-0.0797308385372161,0.984950602054596,-0.0264524687081575,0.0894783809781074,0.699185252189636,-0.708825707435608
0.612730860710144,-0.0783002451062202,0.985449731349945,-0.0282383020967245,0.0893694534897804,0.699502766132355,-0.708457291126251
0.612616837024689,-0.0766569226980209,0.985704123973846,-0.0291503965854644,0.0884277448058128,0.698490142822266,-0.709536790847778
0.612069427967072,-0.0747990235686302,0.985751509666443,-0.0278169382363557,0.0881623551249504,0.697197318077087,-0.710893511772156
0.612150073051453,-0.0731255412101745,0.985941231250763,-0.0287456195801496,0.0879080072045326,0.69682514667511,-0.711252927780151
0.61188793182373,-0.0717978179454803,0.986188769340515,-0.0284517128020524,0.088077537715435,0.695799469947815,-0.71224719285965
0.612205505371094,-0.0701401904225349,0.986628413200378,-0.0306464415043592,0.0870749577879905,0.69580739736557,-0.712271571159363
0.611679196357727,-0.0684744268655777,0.986651241779327,-0.0293782167136669,0.0873793736100196,0.694240808486938,-0.713814795017242
0.61146867275238,-0.0717677250504493,0.989295363426208,-0.018330818042159,0.0868126451969146,0.685151934623718,-0.72297614812851
0.611074686050415,-0.0701013654470443,0.989315688610077,-0.0177235286682844,0.0866791978478431,0.68291187286377,-0.725123405456543
0.611067533493042,-0.0681536272168159,0.989277303218842,-0.019126558676362,0.0863888561725616,0.682905554771423,-0.725128412246704
0.611451387405396,-0.0665032118558883,0.989579439163208,-0.0216520205140113,0.086388923227787,0.683420598506927,-0.724571883678436
0.610967636108398,-0.0646950379014015,0.989438056945801,-0.0210775379091501,0.0863131731748581,0.681592583656311,-0.726317703723907
0.611471056938171,-0.0629362165927887,0.989707708358765,-0.0235574748367071,0.0859466567635536,0.682161211967468,-0.725750923156738
0.610931932926178,-0.0611370168626308,0.989480018615723,-0.0229676589369773,0.0861724689602851,0.680136442184448,-0.727640867233276
0.611259937286377,-0.0595581233501434,0.989831209182739,-0.0251325871795415,0.0855071246623992,0.680426895618439,-0.727376163005829
0.611155986785889,-0.0574894100427627,0.989530444145203,-0.0251414235681295,0.0860043987631797,0.678885340690613,-0.728756427764893
0.610905289649963,-0.0557180866599082,0.989583373069763,-0.0259338431060314,0.0850628390908241,0.678112208843231,-0.72955846786499
0.611209869384766,-0.0504588782787323,0.988036513328552,-0.0357173420488834,0.0848216265439987,0.683704495429993,-0.723932087421417
0.611205041408539,-0.0486770048737525,0.987756252288818,-0.0380924008786678,0.0844103544950485,0.682871699333191,-0.724644839763641
0.610400557518005,-0.0471419990062713,0.987871766090393,-0.0363827161490917,0.0841097235679626,0.681774079799652,-0.725800335407257
0.610400557518005,-0.0471419990062713,0.987871766090393,-0.0363827161490917,0.0841097235679626,0.681774079799652,-0.725800335407257
0.611067414283752,-0.04377306625247,0.987986147403717,-0.0397847667336463,0.083618938922882,0.679096460342407,-0.728184819221497
0.611246943473816,-0.0422629080712795,0.988089144229889,-0.0406274832785129,0.0830943956971168,0.677285671234131,-0.729882717132568
0.611391484737396,-0.0407150872051715,0.988132178783417,-0.0427817218005657,0.0826406329870224,0.676717519760132,-0.730337977409363
0.610810101032257,-0.0388791784644126,0.988049626350403,-0.0413886606693267,0.0824752897024154,0.675181150436401,-0.731857419013977
0.611244559288025,-0.037306260317564,0.988189876079559,-0.0447629950940609,0.0813282281160354,0.674135446548462,-0.732750654220581
0.610597252845764,-0.0359157025814056,0.988246142864227,-0.0412601679563522,0.08164793998003,0.671767055988312,-0.735092103481293
0.610255062580109,-0.0345896445214748,0.988524615764618,-0.0399285741150379,0.0810693353414535,0.669720470905304,-0.737094402313232
0.610568046569824,-0.0327232480049133,0.988428592681885,-0.0437261126935482,0.0797828137874603,0.669770658016205,-0.736973583698273
0.609973311424255,-0.0309269689023494,0.988350510597229,-0.0423929318785667,0.0798825100064277,0.668550312519073,-0.738147854804993
0.610469698905945,-0.0289278626441955,0.988211452960968,-0.0463934503495693,0.0786900296807289,0.668142318725586,-0.73840469121933
0.60923033952713,-0.0275108218193054,0.988267421722412,-0.0427363254129886,0.0784002095460891,0.66651439666748,-0.740125358104706
0.609175622463226,-0.0257688257843256,0.98803436756134,-0.0440359525382518,0.0780534967780113,0.665691077709198,-0.740826547145844
0.608935117721558,-0.0242279917001724,0.987999200820923,-0.0442588776350021,0.0773885548114776,0.664195954799652,-0.742223739624023
0.608808279037476,-0.0225095432251691,0.987899541854858,-0.0449507758021354,0.0767482668161392,0.663348019123077,-0.743006348609924
0.608769714832306,-0.0208056755363941,0.98770934343338,-0.0458472333848476,0.0762157663702964,0.662447571754456,-0.743809461593628
0.608660876750946,-0.0192958228290081,0.987654328346252,-0.0464161895215511,0.0757293254137039,0.66048526763916,-0.745566785335541
0.608425855636597,-0.0178467445075511,0.987574100494385,-0.0460397787392139,0.074729710817337,0.658789992332458,-0.747189223766327
0.608232378959656,-0.0161460991948843,0.987497568130493,-0.0467333793640136,0.0738636404275894,0.657359719276428,-0.748490750789642
0.607836246490479,-0.0145913045853376,0.987352728843689,-0.0469789877533912,0.0730729401111602,0.65568733215332,-0.750018298625946
0.60754257440567,-0.0130254849791526,0.987209558486938,-0.0478194616734981,0.0719553679227829,0.653885900974274,-0.751644194126129
0.609684407711029,-0.0106743182986974,0.986308813095093,-0.0500923432409763,0.0757765993475914,0.65717625617981,-0.748243391513824
0.60939884185791,-0.0092557910829782,0.98643434047699,-0.0504900403320789,0.0745054930448532,0.655170142650604,-0.750101268291473
0.609513938426971,-0.0078123584389686,0.98656415939331,-0.0523046217858791,0.0729641988873481,0.654473662376404,-0.750736176967621
0.608741223812103,-0.0065103163942694,0.985889971256256,-0.0514848828315734,0.0751479715108871,0.650507152080536,-0.754017651081085
0.608828783035278,-0.0049544526264071,0.985923409461975,-0.053329449146986,0.073892168700695,0.650567770004272,-0.753961265087128
0.608498454093933,-0.0032629668712615,0.985603868961334,-0.0521138496696949,0.0739401280879974,0.648896396160126,-0.755480349063873
0.608331620693207,-0.001951296813786,0.985350847244263,-0.0520818531513214,0.0736828446388244,0.647724211215973,-0.756512880325317
0.608331620693207,-0.001951296813786,0.985350847244263,-0.0520818531513214,0.0736828446388244,0.647724211215973,-0.756512880325317
0.608248949050903,0.0007103672251105,0.985556721687317,-0.0523033589124679,0.0694307386875152,0.646394491195679,-0.758035659790039
0.608175158500671,0.0022914092987775,0.985434591770172,-0.0526535473763942,0.0683892741799354,0.645517766475677,-0.758852660655975
0.608254313468933,0.0039071096107363,0.98549497127533,-0.0533431209623813,0.0670496523380279,0.645217955112457,-0.759178996086121
0.608219146728516,0.0051149586215615,0.985056221485138,-0.0526878796517849,0.0672758594155311,0.64447021484375,-0.759839534759521
0.608105480670929,0.0065832436084747,0.984957933425903,-0.053294938057661,0.0662290751934051,0.643145263195038,-0.761010944843292
0.608064115047455,0.007815190590918,0.984852850437164,-0.0534873865544796,0.0657110586762428,0.64234983921051,-0.761713802814484
0.608182013034821,0.0090775592252612,0.984571695327759,-0.0532369241118431,0.0654781833291053,0.641905903816223,-0.762125492095947
0.607978343963623,0.0104950862005352,0.984652876853943,-0.0538839325308799,0.0637230426073074,0.641025602817535,-0.762969255447388
0.608284473419189,0.0120748011395335,0.98493480682373,-0.0553970746695995,0.0613156668841838,0.641690373420715,-0.762499332427979
0.607929944992065,0.0130748581141233,0.984133243560791,-0.0541698299348354,0.06331717222929,0.63913893699646,-0.764563977718353
0.608187437057495,0.0141387870535254,0.983784198760986,-0.0541123561561107,0.0637543201446533,0.638699233531952,-0.764899134635925
0.608187437057495,0.0141387870535254,0.983784198760986,-0.0541123561561107,0.0637543201446533,0.638699233531952,-0.764899134635925
0.608053982257843,0.0166241750121116,0.983546197414398,-0.054124116897583,0.0624841712415218,0.636490702629089,-0.766841471195221
0.607637822628021,0.01772684417665,0.983488500118256,-0.0542586222290992,0.0610458552837371,0.63502037525177,-0.768165707588196
0.606814622879028,0.0196500197052955,0.983400166034698,-0.0543176382780075,0.0568341575562953,0.633587181568146,-0.769666731357574
0.607692301273346,0.0202115792781114,0.983481049537659,-0.0547967553138732,0.0590522103011608,0.63329029083252,-0.769710123538971
0.607609033584595,0.0212407037615776,0.98312497138977,-0.0538814291357994,0.0591939613223075,0.632288455963135,-0.770586967468262
0.607615768909454,0.0224252063781023,0.982929825782776,-0.053921353071928,0.0591426938772201,0.631167769432068,-0.771506190299988
0.607093513011932,0.0234799683094024,0.982932329177856,-0.0539053082466125,0.0576151832938194,0.629665732383728,-0.772849142551422
0.606868743896484,0.0245907586067914,0.982938587665558,-0.0538885854184627,0.0565137974917888,0.628682136535645,-0.773731887340546
0.606920480728149,0.0255815722048282,0.982796251773834,-0.0532687976956367,0.05646787956357,0.627694308757782,-0.774579703807831
0.606976985931396,0.0267527941614389,0.982701659202576,-0.0534303747117519,0.0559574775397777,0.626352965831757,-0.775690615177155
0.606516599655151,0.0276601519435644,0.982768177986145,-0.0535942427814006,0.0549099892377853,0.624503076076508,-0.77724415063858
0.606288194656372,0.0286544021219015,0.982802927494049,-0.0533823482692241,0.0539147891104221,0.623354971408844,-0.778249442577362
0.606449604034424,0.0295365173369646,0.9825599193573,-0.0529778711497783,0.0544153563678264,0.622383654117584,-0.779019176959991
0.606270790100098,0.0306032299995422,0.982567131519318,-0.0530059970915317,0.0534311756491661,0.621081352233887,-0.780123949050903
0.606329441070557,0.0319216325879097,0.983210563659668,-0.054783672094345,0.0501811765134334,0.62063455581665,-0.780572533607483
0.605868220329285,0.0326688960194587,0.982696890830994,-0.0536979399621486,0.0509536154568195,0.618130147457123,-0.782582521438599
0.605905592441559,0.033230036497116,0.982330560684204,-0.0530209206044673,0.0521532371640205,0.61678671836853,-0.783608973026276
0.605470240116119,0.033936932682991,0.982074677944183,-0.05269755423069,0.0519371218979358,0.614730656147003,-0.785259127616882
0.604984521865845,0.0344551987946033,0.981729984283447,-0.0523308217525482,0.0528829097747802,0.611958503723145,-0.787382900714874
0.605560839176178,0.0361134968698024,0.982872724533081,-0.0548573583364486,0.046904306858778,0.613926708698273,-0.786056339740753
0.605585098266602,0.0370177775621414,0.982900619506836,-0.0551205426454544,0.0465376265347003,0.612957417964935,-0.786815881729126
0.604614973068237,0.0369677543640136,0.981645464897156,-0.0527547113597393,0.0510823167860507,0.608170926570892,-0.790402233600616
0.60465931892395,0.0376264527440071,0.98155552148819,-0.0528636984527111,0.0515120737254619,0.607021868228912,-0.791249930858612
0.604519546031952,0.0382130928337574,0.981423735618591,-0.0527505092322826,0.0517676286399364,0.60575544834137,-0.792210757732391
0.604425191879272,0.0389556586742401,0.981425285339356,-0.0527923181653022,0.0511661656200885,0.604892611503601,-0.792906045913696
0.60449755191803,0.0395342707633972,0.98128092288971,-0.0528076700866222,0.052044928073883,0.603696227073669,-0.793759167194366
0.604677379131317,0.0402607209980487,0.981215834617615,-0.0529433935880661,0.0522977001965045,0.602883577346802,-0.794350862503052
0.604732990264893,0.0408464595675468,0.98114949464798,-0.0530449412763118,0.0525992065668106,0.602067649364471,-0.794942915439606
0.604818761348724,0.0413796417415142,0.981115818023682,-0.0531916618347168,0.052808504551649,0.601420521736145,-0.79540890455246
0.60485315322876,0.0419639125466346,0.981052398681641,-0.0533528998494148,0.0533161796629428,0.600651204586029,-0.795945346355438
0.604799866676331,0.0426150634884834,0.981085956096649,-0.0533630698919296,0.0529956743121147,0.600117146968842,-0.796368777751923
0.604798436164856,0.0430776141583919,0.980988919734955,-0.0534101948142051,0.0533543974161148,0.599370837211609,-0.796903550624847
0.604917466640472,0.0436020195484161,0.980903506278992,-0.053656917065382,0.0537375062704086,0.598590552806854,-0.797447502613068
0.60503476858139,0.0441179051995277,0.980896174907684,-0.0539650656282901,0.0537575781345367,0.597883939743042,-0.797955334186554
0.604942202568054,0.0446615703403949,0.980798959732056,-0.0540230125188827,0.0536877512931823,0.597142279148102,-0.798511326313019
0.605051875114441,0.0451531931757926,0.980732083320618,-0.0543978475034236,0.0540573000907897,0.596639275550842,-0.798836827278137
0.605295717716217,0.0455621220171451,0.980783939361572,-0.0547955334186553,0.0544160269200801,0.596542835235596,-0.798857390880585
0.605431854724884,0.0459791682660579,0.980728387832642,-0.0549869090318679,0.0547937117516994,0.596219480037689,-0.799059689044952
0.604816913604736,0.0469875894486904,0.980604767799377,-0.0550514087080955,0.0520120039582252,0.595655798912048,-0.799661338329315
0.605614304542542,0.0467114225029945,0.980586647987366,-0.055309597402811,0.0552704818546772,0.595593571662903,-0.799471259117126
0.605774939060211,0.0470545478165149,0.980639278888702,-0.0554697588086128,0.0552589818835258,0.595477163791656,-0.799547731876373
0.605989217758179,0.047411598265171,0.980595290660858,-0.0554761700332164,0.0558999888598918,0.595387935638428,-0.799569129943848
0.606166899204254,0.047754943370819,0.980566382408142,-0.055664163082838,0.0562352053821086,0.595159471035004,-0.799702703952789
0.606512427330017,0.0470638647675514,0.981261730194092,-0.0523648969829082,0.0561196841299533,0.592112302780151,-0.802191734313965
0.606512427330017,0.0470638647675514,0.981261730194092,-0.0523648969829082,0.0561196841299533,0.592112302780151,-0.802191734313965
0.607009530067444,0.0477825663983821,0.981152772903442,-0.0529624000191688,0.0573763139545917,0.592569768428802,-0.801725685596466
0.60727334022522,0.0480896010994911,0.981133222579956,-0.0531548149883747,0.0578456707298755,0.592875123023987,-0.801453411579132
0.607451796531677,0.0483665242791175,0.981150984764099,-0.0533747188746929,0.0580055303871631,0.593100666999817,-0.801260352134705
0.607384979724884,0.0495940297842025,0.98060667514801,-0.056817777454853,0.0578686222434043,0.596116125583649,-0.798791944980621
0.607493042945862,0.0498101226985454,0.980646073818207,-0.0567849911749362,0.0579935163259506,0.596161901950836,-0.79875111579895
0.607973396778107,0.0488749183714389,0.981353402137756,-0.0528008453547954,0.0587308965623378,0.593123972415924,-0.801228225231171
0.607743859291077,0.0502742268145084,0.980709433555603,-0.0568883717060089,0.058282196521759,0.596833765506744,-0.798220753669739
0.608060598373413,0.0505272969603538,0.980689406394958,-0.0570589490234851,0.0588431693613529,0.597465991973877,-0.797694265842438
0.608340084552765,0.0507541894912719,0.980705440044403,-0.0571164675056934,0.059268232434988,0.598004698753357,-0.797254860401154
0.608545422554016,0.0509558171033859,0.980697572231293,-0.0571618750691413,0.0595958530902862,0.598268151283264,-0.797029554843903
0.608763158321381,0.0511825680732727,0.980729401111603,-0.0572929233312606,0.0598798692226409,0.598411202430725,-0.796891510486603
0.609014868736267,0.0513628348708152,0.980792224407196,-0.0572912581264972,0.060139987617731,0.59860497713089,-0.796726405620575
0.609231948852539,0.0515722930431366,0.980828642845154,-0.057356309145689,0.0602754391729831,0.598691284656525,-0.796646654605865
0.609557926654816,0.0517454147338867,0.980811655521393,-0.0574332699179649,0.0609135963022708,0.599038898944855,-0.796331286430359
0.609747231006622,0.051914632320404,0.980843782424927,-0.0575488954782485,0.0610254891216754,0.599274754524231,-0.796136796474457
0.60997998714447,0.0520432107150554,0.980871140956879,-0.0576838292181491,0.0611871443688869,0.599557280540466,-0.795901894569397
0.610191941261292,0.05219641700387,0.980883061885834,-0.0578765198588371,0.0614405982196331,0.599688053131104,-0.795769810676575
0.610375702381134,0.0523388534784317,0.980895221233368,-0.058039154857397,0.061619646847248,0.599809885025024,-0.795652329921722
0.610599756240845,0.0524667873978614,0.980917692184448,-0.058172482997179,0.0617808699607849,0.599966466426849,-0.795512080192566
0.610924124717712,0.0526605099439621,0.980906844139099,-0.058365598320961,0.0623475760221481,0.60029810667038,-0.795203447341919
0.61124587059021,0.0528402924537658,0.980861127376556,-0.0586013756692409,0.0630828738212585,0.600645244121552,-0.794865846633911
0.612021327018738,0.051862895488739,0.981485962867737,-0.0548988580703735,0.0646060332655906,0.597671985626221,-0.797245502471924
0.612374603748322,0.0532612390816211,0.980726718902588,-0.0591765642166137,0.0655217766761779,0.602136731147766,-0.793496370315552
0.613421976566315,0.0522873699665069,0.981329262256622,-0.0552416294813156,0.0675995051860809,0.599411308765411,-0.7956662774086
0.613596975803375,0.0523944422602653,0.981297552585602,-0.0553439185023307,0.0682785809040069,0.599385023117065,-0.795620977878571
0.61385852098465,0.0525246150791645,0.981273412704468,-0.0554813966155052,0.0692446231842041,0.599388182163239,-0.79552549123764
0.614005446434021,0.052750714123249,0.981264352798462,-0.0556870102882385,0.0695505887269973,0.599503993988037,-0.795397102832794
0.614238381385803,0.0530994832515716,0.981199204921722,-0.0561329945921897,0.070247858762741,0.599727749824524,-0.795135796070099
0.614838480949402,0.0549822375178337,0.980072140693665,-0.0608798190951347,0.0733270645141601,0.604361236095428,-0.790989577770233
0.614642977714539,0.053842544555664,0.981059908866882,-0.0571120306849479,0.0712375119328498,0.600318014621735,-0.794532418251038
0.614780426025391,0.0540541335940361,0.981054663658142,-0.0573498681187629,0.0715539455413818,0.60035115480423,-0.794461786746979
0.614891767501831,0.0542531833052635,0.981042981147766,-0.0575365610420703,0.0718428567051887,0.600323379039764,-0.794443190097809
0.615044593811035,0.054387379437685,0.981052577495575,-0.0576948262751102,0.0721355304121971,0.600245952606201,-0.794463694095612
0.615549087524414,0.0560595653951168,0.980050683021545,-0.0619474239647388,0.0748102292418479,0.604299962520599,-0.790814399719238
0.615215361118317,0.0546041913330554,0.981039702892304,-0.0576239265501499,0.0727488100528717,0.599577844142914,-0.794917404651642
0.615652441978455,0.056557260453701,0.979894518852234,-0.0622603185474872,0.0752959623932838,0.604383230209351,-0.790680170059204
0.615773439407349,0.0568076148629188,0.979904472827911,-0.0624987259507179,0.0753854811191558,0.604463934898376,-0.790591061115265
0.615851640701294,0.0570077523589134,0.979851484298706,-0.0627464652061462,0.0755552574992179,0.604620516300201,-0.790435552597046
0.615963518619537,0.0571778044104576,0.9798184633255,-0.0629826337099075,0.0757753849029541,0.604821979999542,-0.790241539478302
0.616855204105377,0.0582474321126937,0.981016933917999,-0.0656557083129882,0.0708443522453308,0.608898878097534,-0.787345349788666
0.616975069046021,0.0583561919629573,0.980855643749237,-0.0661763623356819,0.071350373327732,0.608942151069641,-0.787222564220428
0.61635422706604,0.0576623901724815,0.979479730129242,-0.0640821084380149,0.0770071670413017,0.605472564697266,-0.789535582065582
0.617026329040527,0.0584940649569034,0.980171024799347,-0.0657298117876052,0.0742124244570732,0.608080744743347,-0.787661075592041
0.617180407047272,0.0586589165031909,0.980052590370178,-0.0661072209477424,0.0745634511113166,0.60828959941864,-0.787435054779053
0.617180407047272,0.0586589165031909,0.980052590370178,-0.0661072209477424,0.0745634511113166,0.60828959941864,-0.787435054779053
0.617251098155975,0.0586246699094772,0.979716360569,-0.0661067217588424,0.0757705122232437,0.608538687229156,-0.787127375602722
0.617407441139221,0.0586948320269584,0.979635238647461,-0.0662036463618278,0.076111152768135,0.608971953392029,-0.7867511510849
0.617559850215912,0.0588049478828907,0.979614973068237,-0.0664302036166191,0.0761692374944686,0.609567701816559,-0.786264896392822
0.617678582668304,0.0588955655694007,0.97958117723465,-0.066606268286705,0.0763115808367729,0.610082566738129,-0.785836756229401
0.617966592311859,0.0592286512255668,0.979702591896057,-0.0671412944793701,0.0758761614561081,0.611183404922485,-0.784977614879608
0.618094503879547,0.0593009479343891,0.979659974575043,-0.067326471209526,0.0761271193623542,0.611917316913605,-0.784365296363831
0.618176519870758,0.0594894438982009,0.979629158973694,-0.0674308985471725,0.0763403326272964,0.612893640995026,-0.783573031425476
0.618408977985382,0.0594706423580646,0.980026006698608,-0.0681488215923309,0.075119748711586,0.615056395530701,-0.781932532787323
0.618580162525177,0.05945635586977,0.979339241981506,-0.0669205337762832,0.0783444643020629,0.614513874053955,-0.782148599624634
0.618609368801117,0.0595562346279621,0.979392647743225,-0.0667079910635948,0.0783523842692375,0.615359246730804,-0.781501114368439
0.618718564510345,0.0596445202827453,0.979383111000061,-0.066745787858963,0.0785525068640708,0.616022765636444,-0.780954897403717
0.618664026260376,0.0599136054515838,0.979641914367676,-0.0674247667193412,0.0774079337716102,0.616709530353546,-0.780468642711639
0.618848502635956,0.0599109716713428,0.980029165744782,-0.0681303367018699,0.0758567675948143,0.618570625782013,-0.779085576534271
0.619011342525482,0.060145616531372,0.980095386505127,-0.0683010146021843,0.0758150368928909,0.619183301925659,-0.778587937355042
0.61909294128418,0.0599948242306709,0.979923605918884,-0.0680342391133308,0.0767586007714271,0.619700789451599,-0.778106987476349
0.619029760360718,0.0601474791765213,0.979599177837372,-0.0674374625086784,0.0782618001103401,0.619069695472717,-0.77851140499115
0.618635058403015,0.0594807118177413,0.978788375854492,-0.0660164430737495,0.0817707031965255,0.617481231689453,-0.779533386230469
0.618695199489594,0.0595509521663188,0.978758633136749,-0.0660444125533104,0.0820365026593208,0.617985427379608,-0.779103517532349
0.619554758071899,0.0604423359036445,0.979984104633331,-0.0685982033610344,0.077197290956974,0.622073590755463,-0.776118099689484
0.619618117809296,0.0604768395423889,0.979955792427063,-0.0686567202210426,0.0774976685643196,0.622457385063171,-0.775775194168091
0.61896425485611,0.0597824305295944,0.97866290807724,-0.0662579610943794,0.0829568803310394,0.619663774967194,-0.777653455734253
0.619726657867432,0.0606532990932464,0.979908227920532,-0.0688188597559928,0.0781186744570732,0.62340384721756,-0.77493816614151
0.61912727355957,0.059758435934782,0.9786416888237,-0.0663648098707199,0.0838727131485939,0.620100200176239,-0.777198135852814
0.619154095649719,0.0597575902938842,0.978638768196106,-0.066434845328331,0.0841530039906501,0.620238602161407,-0.777051329612732
0.6191645860672,0.0597366988658905,0.978647947311401,-0.0664337128400802,0.0843831822276115,0.620243906974792,-0.777022242546082
0.618860483169556,0.0600426979362964,0.978676676750183,-0.0663868114352226,0.0834678709506988,0.620110273361206,-0.777231752872467
0.619078397750854,0.0597174316644668,0.97867739200592,-0.0664238482713699,0.0847512856125831,0.620087027549744,-0.777108252048492
0.618977069854736,0.0597068518400192,0.978694379329681,-0.066378116607666,0.0849324911832809,0.619742512702942,-0.777367115020752
0.619136810302734,0.0595219247043132,0.978706955909729,-0.0663856267929077,0.0861227139830589,0.619590520858765,-0.777356624603271
0.619136810302734,0.0595219247043132,0.978706955909729,-0.0663856267929077,0.0861227139830589,0.619590520858765,-0.777356624603271
0.619551360607147,0.0601691007614135,0.979537546634674,-0.0677377879619598,0.08333370834589,0.621305227279663,-0.776174545288086
0.619487702846527,0.0601300299167633,0.97957056760788,-0.067643828690052,0.0834531560540199,0.621075689792633,-0.776353597640991
0.619409382343292,0.0601130500435829,0.979624032974243,-0.0675364658236503,0.0835680663585662,0.620838522911072,-0.776540279388428
0.619483172893524,0.0601754300296306,0.980083584785461,-0.0682473555207252,0.0819211155176162,0.62177985906601,-0.77590024471283
0.619483172893524,0.0601754300296306,0.980083584785461,-0.0682473555207252,0.0819211155176162,0.62177985906601,-0.77590024471283
0.619276106357574,0.0599682629108428,0.980206310749054,-0.0678092762827873,0.0820990651845932,0.621180891990662,-0.776399374008179
0.618977725505829,0.0597901195287704,0.979809761047363,-0.0666913911700248,0.0841385796666145,0.619700253009796,-0.777460396289825
0.618868410587311,0.059724535793066,0.979846477508545,-0.0664580315351486,0.0842708125710487,0.61946976184845,-0.777649641036987
0.618900418281555,0.0594821013510227,0.979633748531342,-0.0656319856643676,0.0856281593441963,0.61933833360672,-0.777676224708557
0.618563771247864,0.0595524385571479,0.979960083961487,-0.0658822208642959,0.0842860788106918,0.619089424610138,-0.777999818325043
0.618424654006958,0.059503823518753,0.979998826980591,-0.0656285732984542,0.0845320150256156,0.618902742862701,-0.778143048286438
0.619535207748413,0.0600949451327323,0.979644894599915,-0.0673726946115493,0.0863047093152999,0.617219030857086,-0.779136180877686
0.617677211761475,0.0560260862112045,0.981479942798614,-0.0575667805969715,0.0820583030581474,0.609781503677368,-0.786205470561981
0.617504119873047,0.0558080151677131,0.981554388999939,-0.0571125410497188,0.0820049419999122,0.609179615974426,-0.786710560321808
0.617326855659485,0.0558056086301803,0.982207298278809,-0.0581625327467918,0.0791122168302536,0.610012352466583,-0.786284446716309
0.617192625999451,0.0554741993546485,0.981627702713013,-0.0564637668430805,0.081991821527481,0.60807478427887,-0.787613034248352
0.616979241371155,0.0553652718663215,0.981660842895508,-0.056118294596672,0.0818348228931427,0.607587933540344,-0.788029611110687
0.616780877113342,0.0553141459822654,0.981692731380463,-0.0558684319257736,0.0814430341124534,0.607159674167633,-0.788417994976044
0.616629779338837,0.0552130118012428,0.981712758541107,-0.055665910243988,0.0813902840018272,0.606784343719482,-0.788726687431335
0.616405606269836,0.0552018620073795,0.981723368167877,-0.0554850585758686,0.08100526034832,0.606446862220764,-0.7890385389328
0.61823570728302,0.0597155764698982,0.979606688022614,-0.0661407709121704,0.0861279219388961,0.61418628692627,-0.781653821468353
0.615922033786774,0.0552660413086414,0.982006549835205,-0.0558093823492527,0.0795530900359153,0.605831563472748,-0.789635896682739
0.615804851055145,0.0551809072494506,0.981991767883301,-0.0556821972131729,0.0796796306967735,0.605628609657288,-0.789787709712982
0.617845892906189,0.059501614421606,0.979581654071808,-0.0657934099435806,0.0862938836216926,0.613503634929657,-0.782200753688812
0.617700159549713,0.0594180449843406,0.979569435119629,-0.0656811743974685,0.0863370671868324,0.613279104232788,-0.782381355762482
0.617634236812592,0.0592796355485916,0.979988276958466,-0.0663939267396926,0.0844856351613998,0.614391326904297,-0.781650424003601
0.616753756999969,0.0585778541862964,0.978887021541596,-0.064125120639801,0.0889530703425407,0.610585033893585,-0.784322142601013
0.61692476272583,0.0588798858225345,0.979377806186676,-0.0648537054657936,0.0870092585682869,0.612001180648804,-0.783376097679138
0.616817951202393,0.0589961595833301,0.979551374912262,-0.0650562644004821,0.0862812772393226,0.612252593040466,-0.783243238925934
0.616598129272461,0.0588723346590995,0.979530453681946,-0.0648766085505485,0.0863342806696891,0.611988723278046,-0.783458590507507
0.616400480270386,0.0587688833475112,0.979519903659821,-0.064767837524414,0.0864301770925521,0.611767053604126,-0.783630073070526
0.614917993545532,0.0580176077783107,0.979963302612305,-0.0626837089657783,0.0845416486263275,0.613225877285004,-0.782864928245544
0.614770114421844,0.0579481162130832,0.979946970939636,-0.0627287402749061,0.0846409276127815,0.612867951393127,-0.783130884170532
0.614182114601135,0.0571909807622432,0.97913259267807,-0.061598140746355,0.0879880413413047,0.610321640968323,-0.784838438034058
0.614182114601135,0.0571909807622432,0.97913259267807,-0.061598140746355,0.0879880413413047,0.610321640968323,-0.784838438034058
0.614416062831879,0.0577096194028854,0.979864418506622,-0.0631610676646232,0.0859696194529533,0.611758708953857,-0.783818423748016
0.61422073841095,0.0576745308935642,0.979854166507721,-0.0631044134497642,0.0861498564481735,0.611490726470947,-0.784012198448181
0.614003956317902,0.0575035512447357,0.979863405227661,-0.0629478991031646,0.0866607651114463,0.611449956893921,-0.784000277519226
0.613723695278168,0.0574802756309509,0.979903101921082,-0.0629503354430198,0.0866140872240066,0.611235857009888,-0.784172236919403
0.61337274312973,0.0574285760521888,0.980024576187134,-0.0624539330601692,0.0863668769598007,0.611332714557648,-0.784163594245911
0.613184571266174,0.0573572814464569,0.980051875114441,-0.0623373053967952,0.0865804031491279,0.611240148544312,-0.784221470355988
0.612516164779663,0.0566127300262451,0.979330599308014,-0.0608013793826103,0.0897696837782859,0.609099268913269,-0.785647988319397
0.612299561500549,0.056553415954113,0.979349672794342,-0.0606944598257541,0.0899163633584976,0.609039187431335,-0.785686016082764
0.612464487552643,0.0572225823998451,0.980094134807587,-0.0619748756289482,0.0869146436452865,0.610954642295837,-0.784435749053955
0.612464487552643,0.0572225823998451,0.980094134807587,-0.0619748756289482,0.0869146436452865,0.610954642295837,-0.784435749053955
0.612017810344696,0.0571877434849739,0.980140149593353,-0.0618968270719051,0.0869393870234489,0.610787093639374,-0.784569680690765
0.611974120140076,0.057260051369667,0.980582416057587,-0.0628215447068214,0.0851506143808364,0.611930012702942,-0.783801317214966
0.611044585704803,0.0563771650195121,0.979341864585876,-0.060418140143156,0.090368703007698,0.608217835426331,-0.786291480064392
0.61084508895874,0.0563628673553466,0.979358017444611,-0.0604281052947044,0.090431697666645,0.608222126960754,-0.786280155181885
0.61084508895874,0.0563628673553466,0.979358017444611,-0.0604281052947044,0.090431697666645,0.608222126960754,-0.786280155181885
0.609988212585449,0.0547318123281002,0.980530560016632,-0.0559780113399028,0.0877757370471954,0.603565156459808,-0.790487825870514
0.610853552818298,0.0571295022964477,0.980605900287628,-0.0626783892512321,0.0854047983884811,0.611706614494324,-0.7839595079422
0.610600292682648,0.0571317002177238,0.980593800544739,-0.0626504719257354,0.0853352174162864,0.611695528030396,-0.78397798538208
0.610373020172119,0.0571625009179115,0.980609357357025,-0.0627383887767791,0.085121288895607,0.61174339056015,-0.78395688533783
0.610007166862488,0.057064589112997,0.980131328105926,-0.0618328340351581,0.0870477333664894,0.610426187515259,-0.784843504428864
0.609757483005524,0.0571303069591522,0.980094790458679,-0.0618664845824241,0.0869959741830825,0.610562682151794,-0.784740388393402
0.609597384929657,0.0571905747056007,0.980044007301331,-0.0619752407073974,0.0871104374527931,0.610674738883972,-0.784631967544556
0.609402716159821,0.057318702340126,0.980001866817474,-0.0620568618178367,0.08710977435112,0.611045300960541,-0.784336984157562
0.609164178371429,0.057441409677267,0.979957103729248,-0.0621891394257545,0.0869852751493454,0.61134546995163,-0.784106433391571
0.609091281890869,0.0574497655034065,0.980199933052063,-0.0629566833376884,0.0857104733586311,0.612746298313141,-0.783091425895691
0.608927488327026,0.0575291961431503,0.980166494846344,-0.0630813762545585,0.0856979936361312,0.613047420978546,-0.782847106456757
0.608765840530396,0.0576024428009986,0.980124354362488,-0.0631612092256546,0.0856950059533119,0.613362014293671,-0.782594442367554
0.608483910560608,0.0576090924441814,0.980121970176697,-0.0631013289093971,0.0854724869132042,0.613834738731384,-0.782252907752991
0.608319640159607,0.0576684772968292,0.980089783668518,-0.0631616711616516,0.0854484513401985,0.614122807979584,-0.782024562358856
0.608112633228302,0.0577417165040969,0.980019330978394,-0.0634041726589202,0.0854285657405853,0.614434361457825,-0.781762301921844
0.607921719551086,0.0578252077102661,0.979967057704926,-0.0634863898158073,0.0853780582547187,0.614803552627563,-0.781470894813538
0.607605278491974,0.0579575113952159,0.9798983335495,-0.0635495334863662,0.0849589332938194,0.615062177181244,-0.781307876110077
0.607403874397278,0.0580121390521526,0.979814112186432,-0.0637202411890029,0.0848625898361206,0.615459680557251,-0.780991315841675
0.607206642627716,0.0581188648939132,0.979748368263245,-0.0637958720326423,0.0847906544804573,0.615837812423706,-0.780694901943207
0.607206642627716,0.0581188648939132,0.979748368263245,-0.0637958720326423,0.0847906544804573,0.615837812423706,-0.780694901943207
0.606827259063721,0.0583198629319667,0.979607999324799,-0.0640320926904678,0.0846783518791198,0.616550266742706,-0.780125200748444
0.606455862522125,0.0585425570607185,0.979164004325867,-0.0633858069777488,0.0861681774258613,0.615736961364746,-0.78065699338913
0.605509161949158,0.0593419596552848,0.979457676410675,-0.0638865679502487,0.0810684859752655,0.61702299118042,-0.780146837234497
0.606174826622009,0.0586559548974037,0.979370057582855,-0.0642271190881729,0.0846590250730514,0.617528259754181,-0.779337346553802
0.605924844741821,0.0588257163763046,0.979308366775513,-0.064332902431488,0.0844114646315574,0.617908239364624,-0.779054224491119
0.605723798274994,0.0589583590626716,0.979253470897675,-0.0644529312849044,0.0842829495668411,0.618294537067413,-0.778751611709595
0.60554838180542,0.0590555071830749,0.97920423746109,-0.0645211115479469,0.0841958299279213,0.618525743484497,-0.778571784496307
0.605172693729401,0.0591463185846805,0.979278922080994,-0.0641518011689186,0.0834757983684539,0.618976771831512,-0.778321385383606
0.604252696037292,0.0585806369781494,0.978090524673462,-0.0619025751948356,0.0879349336028099,0.615607798099518,-0.780680894851685
0.60482394695282,0.0594707056879997,0.979294419288635,-0.0644143298268318,0.0827482044696807,0.619419455528259,-0.778025209903717
0.603867530822754,0.0586678460240364,0.977978110313416,-0.0619530566036701,0.0878380462527275,0.615854740142822,-0.780492961406708
0.604179501533508,0.0594136044383049,0.978670358657837,-0.0633851066231727,0.084762193262577,0.618171453475952,-0.778884947299957
0.603846609592438,0.0595101453363895,0.978602230548859,-0.0633781179785728,0.0845153406262397,0.618406414985657,-0.778725802898407
0.603504240512848,0.059722039848566,0.978543162345886,-0.0634219795465469,0.0837395116686821,0.618692696094513,-0.778578639030457
0.603443562984467,0.0599402636289596,0.978989243507385,-0.0645306035876274,0.0814095512032508,0.620290696620941,-0.777462422847748
0.603029608726501,0.0599886327981948,0.978479385375977,-0.0636571198701858,0.0831306651234626,0.619613945484161,-0.77789181470871
0.602808117866516,0.0600125417113304,0.978436827659607,-0.0637204721570015,0.0829984918236732,0.619864642620087,-0.777700960636139
0.602576971054077,0.0600585043430328,0.978385329246521,-0.0637695789337158,0.08284243196249,0.620123326778412,-0.777507305145264
0.602378010749817,0.0600267723202705,0.978284478187561,-0.0639872252941131,0.0828457698225975,0.620238602161407,-0.777397215366364
0.602043807506561,0.0600307509303092,0.978147745132446,-0.063908964395523,0.0828898102045059,0.620416164398193,-0.777257204055786
0.601673424243927,0.0600064098834991,0.978084146976471,-0.0639472007751464,0.0826664194464683,0.620805561542511,-0.77696692943573
0.601323843002319,0.0598062202334404,0.977813422679901,-0.063684806227684,0.0834049880504608,0.620653390884399,-0.777031064033508
0.600995004177094,0.0598569251596927,0.977717578411102,-0.0638388767838478,0.0830282494425773,0.620857894420624,-0.776895403862
0.601106703281403,0.0600192546844482,0.97817051410675,-0.0650928691029548,0.0807820782065391,0.622911632061005,-0.775382697582245
0.60040807723999,0.0580212846398353,0.979381799697876,-0.0599806942045688,0.0775385051965713,0.617441296577454,-0.780484676361084
0.600048899650574,0.0584003254771232,0.978847086429596,-0.0600870437920093,0.07913738489151,0.617035508155823,-0.78063690662384
0.600145697593689,0.0599398724734783,0.97743821144104,-0.064456820487976,0.0826521143317222,0.621853709220886,-0.776087582111359
0.599513411521912,0.0585472024977207,0.978733777999878,-0.0602651089429855,0.0787685438990593,0.617674291133881,-0.78015524148941
0.599723815917969,0.0601648911833763,0.97755366563797,-0.064842902123928,0.0815992727875709,0.62272983789444,-0.775464117527008
0.59949117898941,0.0601434931159019,0.977516412734985,-0.0648641139268875,0.0815390646457672,0.622970640659332,-0.77527517080307
0.599249005317688,0.0601252503693103,0.977483868598938,-0.0648878812789917,0.081365205347538,0.623279631137848,-0.775043129920959
0.599249005317688,0.0601252503693103,0.977483868598938,-0.0648878812789917,0.081365205347538,0.623279631137848,-0.775043129920959
0.599091708660126,0.0597542412579059,0.977138817310333,-0.0642724335193634,0.0836245194077491,0.624004423618317,-0.774270355701447
0.598758101463318,0.0598199814558029,0.977075636386871,-0.0642827823758125,0.0836778804659843,0.624406814575195,-0.773939192295074
0.598550081253052,0.059800948947668,0.977056324481964,-0.0643687769770622,0.084019050002098,0.624803185462952,-0.773575127124786
0.598282992839813,0.0599152818322181,0.9776771068573,-0.0656337216496467,0.0810091868042945,0.626428663730621,-0.772474586963654
0.598058521747589,0.0597853809595108,0.977048993110657,-0.0642660483717918,0.083865001797676,0.625458121299744,-0.773070931434631
0.597712099552155,0.0597019903361797,0.9770827293396,-0.0640223547816276,0.0836760550737381,0.625817060470581,-0.772821068763733
0.597399890422821,0.0596686191856861,0.977127492427826,-0.0638502240180969,0.083460733294487,0.626079857349396,-0.772645771503448
0.597118318080902,0.0596254542469978,0.977167069911957,-0.0636308714747428,0.0832736194133758,0.626453876495361,-0.772380828857422
0.596801280975342,0.0595422238111496,0.977232575416565,-0.0634597688913345,0.0829425975680351,0.626656174659729,-0.772266447544098
0.596331298351288,0.0597623325884342,0.977570354938507,-0.0640532299876213,0.081064835190773,0.62708705663681,-0.772067070007324
0.595873296260834,0.0596887171268463,0.977680861949921,-0.063517265021801,0.0806536301970481,0.627475440502167,-0.771838843822479
0.595534324645996,0.0596614554524421,0.977703928947449,-0.0635729283094406,0.0803248956799507,0.627703845500946,-0.771682739257812
0.594613671302795,0.0588888823986053,0.976994097232819,-0.0617749616503715,0.0829087421298027,0.625782608985901,-0.773114621639252
0.594541847705841,0.0592403784394264,0.977620899677277,-0.0626977309584617,0.0801242738962173,0.627426147460938,-0.772001028060913
0.594081163406372,0.0591550841927528,0.977697134017944,-0.0624089539051055,0.0795072838664054,0.627418875694275,-0.772094130516052
0.593577861785889,0.0590990521013736,0.977769136428833,-0.0622111856937408,0.0786901265382766,0.62745076417923,-0.772167861461639
0.593199133872986,0.0592818930745124,0.978077948093414,-0.0624347291886806,0.0770386606454849,0.627887725830078,-0.771961212158203
0.592679798603058,0.0592022463679313,0.978104948997498,-0.0622971393167972,0.0763618350028991,0.627858996391296,-0.77206289768219
0.592172265052795,0.0591223873198032,0.978134870529175,-0.0621632449328899,0.0757002159953117,0.627845108509064,-0.772150039672852
0.591776072978973,0.0590604096651077,0.978138983249664,-0.0620344243943691,0.0754095315933227,0.627950668334961,-0.772103071212769
0.591530978679657,0.0589128881692886,0.978150963783264,-0.061914924532175,0.0757175981998443,0.628207921981812,-0.77187317609787
0.591203927993774,0.0588677898049354,0.978162169456482,-0.0618088692426681,0.0755537301301956,0.62848287820816,-0.771673917770386
0.590925276279449,0.0588401965796947,0.978175044059753,-0.0616773776710033,0.0754694566130638,0.628753006458282,-0.771472692489624
0.590040683746338,0.0582333877682685,0.977544546127319,-0.0598005428910255,0.0775860846042633,0.627323389053345,-0.772573411464691
0.589689195156097,0.0561937615275383,0.978871524333954,-0.0542239807546138,0.0751718804240226,0.621720552444458,-0.777735531330109
0.590362191200256,0.0564747713506221,0.979833662509918,-0.0564734227955341,0.0721320211887359,0.625155627727509,-0.775105357170105
0.590376973152161,0.0589069128036499,0.978330612182617,-0.0620988272130489,0.0753579661250114,0.632288873195648,-0.768554389476776
0.589607238769531,0.0586772076785564,0.977934718132019,-0.0603946857154369,0.076473131775856,0.630741953849792,-0.769850015640259
0.589308440685272,0.0586963482201099,0.978083252906799,-0.0601124428212642,0.075658805668354,0.631230235099792,-0.769552230834961
0.589077055454254,0.0587140098214149,0.978160202503204,-0.0598787665367126,0.0752653107047081,0.631716012954712,-0.769210398197174
0.589985311031342,0.0596115067601203,0.977913200855255,-0.0615954548120498,0.0758000761270523,0.63068288564682,-0.769869744777679
0.588910281658173,0.0561005026102066,0.979629695415497,-0.0528529211878776,0.0735799670219421,0.624873876571655,-0.77545166015625
0.588910281658173,0.0561005026102066,0.979629695415497,-0.0528529211878776,0.0735799670219421,0.624873876571655,-0.77545166015625
0.590127885341644,0.0603048168122768,0.977650582790375,-0.0619346909224987,0.0769267231225967,0.633088648319244,-0.767753303050995
0.588983118534088,0.056465707719326,0.979474008083344,-0.0525306835770607,0.0744287744164466,0.626657783985138,-0.773951470851898
0.589170336723328,0.056801963597536,0.979236423969269,-0.0528647862374782,0.07541985809803,0.627898156642914,-0.772826731204987
0.589768886566162,0.0604726038873195,0.977605044841766,-0.0617516711354255,0.0761037468910217,0.63424813747406,-0.766892671585083
0.588916182518005,0.0566661804914474,0.979339599609375,-0.0520047582685947,0.0747742280364036,0.627984344959259,-0.772877752780914
0.589070975780487,0.0569034777581691,0.979215145111084,-0.0519334599375724,0.0752837210893631,0.628660976886749,-0.772282779216766
0.589202523231506,0.0570061281323432,0.979292988777161,-0.0521482191979885,0.0750320330262184,0.628897249698639,-0.772100389003754
0.589026570320129,0.0568726994097232,0.979191422462463,-0.051448356360197,0.0750941708683967,0.628749430179596,-0.772261679172516
0.589015364646912,0.0567734017968177,0.979198038578033,-0.0510767251253128,0.0749612972140312,0.628570675849915,-0.772444665431976
0.589004456996918,0.0566911622881889,0.979196071624756,-0.0507083982229232,0.0747792273759841,0.628368616104126,-0.772651076316833
0.58925324678421,0.0567303709685802,0.979133784770966,-0.050001785159111,0.0749322026968002,0.628685176372528,-0.772424697875977
0.589258432388306,0.0566260702908039,0.979130566120148,-0.0496059469878673,0.0747713893651962,0.628348767757416,-0.772739470005035
0.589212715625763,0.0566332787275314,0.979063510894775,-0.0493533983826637,0.0743016228079795,0.62804788351059,-0.773045539855957
0.589214265346527,0.0565219148993492,0.979055047035217,-0.0489672683179378,0.0740291103720665,0.627632200717926,-0.773433744907379
0.589280068874359,0.0562994107604026,0.979094803333282,-0.0483792088925838,0.0738409310579299,0.626770973205566,-0.774186789989471
0.589134156703949,0.0561430007219314,0.979053258895874,-0.0483076870441436,0.0730430632829666,0.625995755195618,-0.774893820285797
0.589138150215149,0.0561135560274124,0.979003965854645,-0.048355359584093,0.0727651566267013,0.625599503517151,-0.775236904621124
0.589183747768402,0.0561636388301849,0.979049205780029,-0.0492879673838615,0.0723125264048576,0.62509286403656,-0.775629103183746
0.589177012443542,0.0561127588152885,0.979027330875397,-0.0492580905556678,0.0721047297120094,0.624591290950775,-0.776054263114929
0.589164853096008,0.0561083070933818,0.978995323181152,-0.049339935183525,0.0718761160969734,0.62414538860321,-0.776428937911987
0.589150249958038,0.056077167391777,0.978986263275146,-0.0493722707033157,0.0717235207557678,0.62361615896225,-0.77686619758606
0.589260697364807,0.0558604262769222,0.9791299700737,-0.0503000691533088,0.0710348039865493,0.623843550682068,-0.776687324047089
0.589228630065918,0.0558690428733825,0.979108512401581,-0.0504217743873596,0.0707887411117553,0.623374879360199,-0.777078092098236
0.588989615440369,0.056184209883213,0.978936731815338,-0.0497853308916091,0.0708469450473785,0.622076392173767,-0.778153717517853
0.58897876739502,0.0559875592589378,0.97908365726471,-0.0505908913910388,0.0704475119709968,0.622122645378113,-0.778100967407227
0.588802635669708,0.0560053549706935,0.979119598865509,-0.0507250539958477,0.0700332522392273,0.621594607830048,-0.778551578521729
0.588791847229004,0.0560571178793907,0.979099869728088,-0.0510689578950405,0.0700111165642738,0.621326625347137,-0.778744995594025
0.588450193405151,0.0563037954270839,0.97881692647934,-0.050114344805479,0.0706922337412834,0.62031888961792,-0.779548406600952
0.588571131229401,0.056534431874752,0.978892922401428,-0.0508792102336883,0.0705246105790138,0.620425641536713,-0.779429078102112
0.588571131229401,0.056534431874752,0.978892922401428,-0.0508792102336883,0.0705246105790138,0.620425641536713,-0.779429078102112
0.588512778282166,0.056740865111351,0.978892385959625,-0.0512844622135162,0.070720687508583,0.620298981666565,-0.779485523700714
0.588475823402405,0.0567997470498085,0.978909492492676,-0.0513207986950874,0.0708140134811401,0.620255947113037,-0.779508948326111
0.588456988334656,0.0567235760390758,0.978841662406921,-0.0506044998764991,0.0712061375379562,0.620270252227783,-0.779508650302887
0.588416337966919,0.056804571300745,0.978811204433441,-0.0506880171597003,0.0715062096714973,0.620285034179688,-0.779463946819305
0.588416337966919,0.056804571300745,0.978811204433441,-0.0506880171597003,0.0715062096714973,0.620285034179688,-0.779463946819305
0.588372886180878,0.0568797439336776,0.978852272033691,-0.0507138520479202,0.0717004314064979,0.620362639427185,-0.779382765293121
0.588372886180878,0.0568797439336776,0.978852272033691,-0.0507138520479202,0.0717004314064979,0.620362639427185,-0.779382765293121
0.588353753089905,0.057089626789093,0.978970289230347,-0.0517134517431259,0.0714369863271713,0.620552837848663,-0.779189825057983
0.58834969997406,0.0571007877588272,0.978971600532532,-0.0517966710031032,0.0714904069900512,0.620615422725677,-0.779129564762115
0.588355839252472,0.0571084395051002,0.978970766067505,-0.0518616251647472,0.0715446844696998,0.620689988136292,-0.779060781002045
0.588358640670776,0.0571142695844173,0.978951930999756,-0.0519889891147613,0.071600891649723,0.620757639408112,-0.778993189334869
0.588421702384949,0.0570351146161556,0.978968381881714,-0.052104003727436,0.0719291716814041,0.620877146720886,-0.778860032558441
0.58843594789505,0.0570258162915706,0.978955030441284,-0.0522081032395362,0.0719289481639862,0.62095832824707,-0.778788387775421
0.588453590869904,0.057050485163927,0.978913724422455,-0.0524504892528057,0.0719220340251922,0.621095538139343,-0.778663337230682
0.588457942008972,0.0570374354720115,0.97886860370636,-0.052601758390665,0.0718763321638107,0.621182560920715,-0.778587937355042
0.588473081588745,0.0570762306451797,0.978799879550934,-0.0529349185526371,0.0718026012182235,0.621341109275818,-0.778445601463318
0.588492453098297,0.0570793822407722,0.978722453117371,-0.0532926991581916,0.0717459693551063,0.621444761753082,-0.778343737125397
0.588323831558228,0.0569734759628772,0.978529274463654,-0.0530128814280033,0.0719005614519119,0.621415793895721,-0.778371632099152
0.58833122253418,0.0569913871586322,0.978447675704956,-0.0533739700913429,0.0717069432139396,0.621597707271576,-0.778219521045685
0.588319182395935,0.0570516064763069,0.978350877761841,-0.0537757724523544,0.0715462863445282,0.621808528900146,-0.778038203716278
0.588311195373535,0.0570418760180473,0.978308498859406,-0.0540973171591758,0.0712992995977401,0.621927201747894,-0.777943730354309
0.588299751281738,0.0570153072476387,0.978252649307251,-0.0543511323630809,0.0711720436811447,0.621994614601135,-0.777883887290955
0.588615894317627,0.0569982044398784,0.978407919406891,-0.05618766695261,0.0704705938696861,0.623134970664978,-0.776903867721558
0.588572859764099,0.0570018216967582,0.978342235088348,-0.0564308352768421,0.0701638534665107,0.623239517211914,-0.776830196380615
0.588241100311279,0.0571557655930519,0.978055953979492,-0.0555963777005672,0.0705405920743942,0.622419118881226,-0.77751362323761
0.588114738464355,0.0572499185800552,0.977972328662872,-0.0564044937491416,0.0699934735894203,0.62239545583725,-0.777523875236511
0.588290631771088,0.0604497119784355,0.976584434509277,-0.0653902515769004,0.0689331144094467,0.627139210700989,-0.773090481758118
0.588270783424377,0.0603528693318367,0.976611912250519,-0.0654344037175178,0.068955086171627,0.627028405666351,-0.773174583911896
0.588353455066681,0.0604070797562599,0.976710438728332,-0.0659779608249664,0.0685550272464752,0.627068638801575,-0.773131430149078
0.58832836151123,0.060359451919794,0.976717114448547,-0.0661847293376922,0.068481370806694,0.626908838748932,-0.773249804973602
0.587409734725952,0.0594701096415519,0.976929605007172,-0.0645477250218391,0.0684700906276702,0.628437459468842,-0.772147595882416
0.587491035461426,0.0591365247964859,0.977085113525391,-0.0654603242874145,0.0678138434886932,0.628876984119415,-0.771770656108856
0.586739063262939,0.0590835250914096,0.97665548324585,-0.0631266757845878,0.0686588510870933,0.626973867416382,-0.773436903953552
0.586577296257019,0.0589381568133831,0.976710796356201,-0.0631282702088356,0.0683238729834556,0.626419186592102,-0.773915827274323
0.586889326572418,0.0589415840804576,0.976965188980102,-0.0642767027020454,0.0678833648562431,0.626793265342712,-0.773557126522064
0.587007641792297,0.0588564090430736,0.976989030838013,-0.0642082169651985,0.0679355338215828,0.626697838306427,-0.773635506629944
0.587464928627014,0.0571175776422023,0.97789990901947,-0.0589704401791095,0.0685436204075813,0.621519088745117,-0.778163433074951
0.587397456169128,0.0570420697331428,0.97790652513504,-0.0590912923216819,0.0684922412037849,0.621386468410492,-0.778264701366425
0.587173461914062,0.0568990781903266,0.977954089641571,-0.0590372718870639,0.0681563392281532,0.620895206928253,-0.778690278530121
0.587173461914062,0.0568990781903266,0.977954089641571,-0.0590372718870639,0.0681563392281532,0.620895206928253,-0.778690278530121
0.586890578269958,0.0565269216895103,0.97807389497757,-0.0586956329643726,0.067708633840084,0.620130777359009,-0.779364049434662
0.586890578269958,0.0565269216895103,0.97807389497757,-0.0586956329643726,0.067708633840084,0.620130777359009,-0.779364049434662
0.586916983127594,0.0561492480337619,0.978353142738342,-0.0600385479629039,0.0671923905611038,0.620336413383484,-0.779142737388611
0.586723685264587,0.0561251081526279,0.97816526889801,-0.0584400445222854,0.0677095875144004,0.619573593139648,-0.779826104640961
0.586183905601501,0.0574207939207553,0.977444291114807,-0.0626799613237381,0.0671953931450843,0.623801290988922,-0.776162326335907
0.58609014749527,0.0572843812406063,0.977493524551392,-0.0624283775687217,0.0670384392142295,0.623545110225677,-0.776402056217194
0.586567044258118,0.0557052716612815,0.978296160697937,-0.0577855892479419,0.0676540806889534,0.618917942047119,-0.780400156974792
0.586495101451874,0.0556120425462722,0.97831779718399,-0.0576474964618682,0.0676046758890152,0.618775844573975,-0.780527234077454
0.586637556552887,0.0553537979722023,0.97858989238739,-0.0590265579521656,0.0670181959867477,0.619336903095245,-0.780029654502869
0.586326479911804,0.0553074777126312,0.978424310684204,-0.0572790317237377,0.0673484057188034,0.618401646614075,-0.780873119831085
0.585811197757721,0.0564738437533378,0.977721393108368,-0.0614847615361213,0.0667224526405334,0.622596383094788,-0.77726536989212
0.586178302764893,0.0550408214330673,0.978433668613434,-0.0569543167948722,0.0673447102308273,0.618307054042816,-0.780972003936768
0.586173951625824,0.0547547861933708,0.978518903255463,-0.0564771443605423,0.0673509612679481,0.618021667003632,-0.781231999397278
0.585691571235657,0.0560852587223053,0.977739572525024,-0.0609904415905475,0.0666728317737579,0.622568428516388,-0.777330994606018
0.586076438426971,0.0558960400521755,0.978109300136566,-0.0628762394189834,0.0661675110459327,0.623450398445129,-0.776516616344452
0.586066007614136,0.0558321326971054,0.97812807559967,-0.0627549588680267,0.0660867542028427,0.623485743999481,-0.776504933834076
0.586049973964691,0.0557692386209964,0.978143215179443,-0.0626481175422668,0.0660000964999198,0.623438775539398,-0.776558637619019
0.585817456245422,0.055707287043333,0.978171646595001,-0.0624566003680229,0.0656495094299316,0.623079478740692,-0.776892006397247
0.585706412792206,0.0556600466370582,0.978190660476685,-0.0623071938753128,0.0654639527201652,0.622862279415131,-0.777093887329102
0.585433840751648,0.0555846914649009,0.978241503238678,-0.0620857961475849,0.064989648759365,0.622407197952271,-0.777515888214111
0.585391640663147,0.0555773712694644,0.978263735771179,-0.0619847662746906,0.0646391436457634,0.622422695159912,-0.777540802955627
0.585403561592102,0.0555582903325557,0.978261649608612,-0.0619463585317134,0.0645720586180687,0.62242180109024,-0.777550160884857
0.585413694381714,0.0555435642600059,0.978275656700134,-0.0618623420596122,0.0644935891032219,0.622407734394073,-0.77757465839386
0.58542412519455,0.0555451586842536,0.978265404701233,-0.0618221424520015,0.0644338354468345,0.622430503368378,-0.777564525604248
0.585188984870911,0.0553868487477302,0.977725148200989,-0.0606604069471359,0.066576637327671,0.620887219905853,-0.778708457946777
0.585202395915985,0.0553996078670024,0.97773551940918,-0.0605883561074733,0.0664205104112625,0.620840907096863,-0.778764367103577
0.585159599781036,0.055558443069458,0.977696716785431,-0.0607136785984039,0.0658304765820503,0.620736658573151,-0.778887927532196
0.585361480712891,0.0558718889951705,0.977881908416748,-0.0611977726221084,0.064955361187458,0.621104776859283,-0.778629958629608
0.585417926311493,0.0559184961020946,0.977853059768677,-0.061040211468935,0.0649685487151146,0.620958387851715,-0.778757870197296
0.58520519733429,0.05563760176301,0.977658152580261,-0.0604796558618545,0.0655829384922981,0.620631814002991,-0.779010474681854
0.585335850715637,0.0559095069766044,0.97787606716156,-0.0607969239354133,0.0645028054714202,0.621012985706329,-0.778772115707397
0.585467576980591,0.0560171417891979,0.977862477302551,-0.0608266443014144,0.0644492730498313,0.620836675167084,-0.77891480922699
0.585680484771729,0.0558780208230018,0.977538228034973,-0.0602342933416366,0.0657896995544433,0.620750665664673,-0.77891731262207
0.585577547550201,0.0561097711324691,0.977817356586456,-0.0608456209301948,0.0642221346497535,0.620724320411682,-0.779021680355072
0.585791230201721,0.0559561513364315,0.977499544620514,-0.0602044239640235,0.0655213668942451,0.62055516242981,-0.779097974300385
0.585861921310425,0.056008256971836,0.97748476266861,-0.0602196156978607,0.0653914287686348,0.620455205440521,-0.779187381267548
0.58592426776886,0.0560558699071407,0.977458834648132,-0.0602061860263347,0.0652736648917198,0.620304048061371,-0.779318571090698
0.586009621620178,0.0561125241219997,0.977409362792969,-0.0602268800139427,0.0652767494320869,0.620074272155762,-0.779499590396881
0.58559262752533,0.0542291700839996,0.978687882423401,-0.0552908629179,0.0618288703262805,0.614255726337433,-0.78473562002182
0.585667967796326,0.0542951747775077,0.978683948516846,-0.0552570782601833,0.0617282763123512,0.61397910118103,-0.78496241569519
0.585749208927155,0.0543740093708038,0.978660762310028,-0.0553102456033229,0.0616044253110885,0.613781869411469,-0.785122632980347
0.586310744285583,0.0563359409570694,0.977393448352814,-0.0601659640669822,0.0645163506269455,0.618920147418976,-0.780484259128571
0.585839033126831,0.0547877140343189,0.978836476802826,-0.056116372346878,0.060366328805685,0.613516926765442,-0.785368680953979
0.586172223091125,0.0566365830600261,0.977665066719055,-0.060463547706604,0.0625542923808097,0.617877602577209,-0.78144633769989
0.586230754852295,0.0566541515290737,0.97770345211029,-0.0603728406131267,0.0623354762792587,0.617392659187317,-0.781854033470154
0.586167097091675,0.0563853345811367,0.977507174015045,-0.0598185956478118,0.0631550624966621,0.616421043872833,-0.782597243785858
0.586245357990265,0.0563595965504646,0.977500915527344,-0.0599764250218868,0.0631024613976478,0.615902841091156,-0.782997250556946
0.586443424224854,0.0564594715833663,0.977470099925995,-0.0601509064435958,0.0632442831993103,0.615311503410339,-0.783437252044678
0.586554706096649,0.0564376935362815,0.977504193782806,-0.0601257383823394,0.0633918419480323,0.614690601825714,-0.78391444683075
0.586616635322571,0.0564643293619155,0.977548182010651,-0.0600714161992073,0.06326175481081,0.614239573478699,-0.784282565116882
0.586664378643036,0.0564842000603675,0.97754430770874,-0.0599650628864765,0.0633340924978256,0.61373507976532,-0.784679651260376
0.586708545684814,0.0565173551440238,0.977577328681946,-0.0599196292459964,0.063289538025856,0.613302230834961,-0.785025179386139
0.586778700351715,0.0565347820520401,0.977615237236023,-0.0598781257867813,0.0632844567298889,0.612864851951599,-0.785370230674744
0.586870133876801,0.0565669275820255,0.977639436721802,-0.0598882511258125,0.0633043870329856,0.612491548061371,-0.785659074783325
0.586979866027832,0.0565840229392051,0.977644979953766,-0.059896744787693,0.0634344890713691,0.612113833427429,-0.785942196846008
0.587343335151672,0.0568643733859062,0.978294014930725,-0.0611346550285816,0.0607631355524063,0.61352664232254,-0.784955739974976
0.587110042572021,0.0566931031644344,0.977727234363556,-0.0599057041108608,0.063180111348629,0.611175179481506,-0.786692142486572
0.587252199649811,0.0566966161131858,0.977742254734039,-0.0599357560276985,0.0633901059627533,0.610686242580414,-0.787052571773529
0.587279498577118,0.0567360818386077,0.977786481380463,-0.059973556548357,0.0630205497145652,0.610203802585602,-0.787453413009644
0.587466835975647,0.0570660382509231,0.978387951850891,-0.0610806830227375,0.0598624683916568,0.611243844032288,-0.786807954311371
0.587532520294189,0.0570646785199642,0.978370368480682,-0.06100719794631,0.0598312988877296,0.610651016235352,-0.787276089191437
0.587532520294189,0.0570646785199642,0.978370368480682,-0.06100719794631,0.0598312988877296,0.610651016235352,-0.787276089191437
0.587581753730774,0.0571127757430076,0.978416085243225,-0.061103768646717,0.059336420148611,0.609442174434662,-0.788242280483246
0.587406158447266,0.05723437666893,0.978172540664673,-0.0603211484849453,0.060232400894165,0.607744216918945,-0.789544403553009
0.587433040142059,0.0572510659694671,0.978181481361389,-0.0603431388735771,0.0601878874003887,0.607026815414429,-0.790097892284393
0.587437152862549,0.0571255609393119,0.978208363056183,-0.060307826846838,0.059976402670145,0.60593181848526,-0.790956676006317
0.587458610534668,0.05715112388134,0.978207647800446,-0.0604654252529144,0.0598045699298381,0.60507333278656,-0.791614592075348
0.587719917297363,0.0570146068930625,0.977904200553894,-0.0600369088351726,0.061207465827465,0.604149281978607,-0.792245447635651
0.587572038173676,0.0572047270834445,0.978222846984863,-0.0607382766902446,0.0595700852572917,0.603335618972778,-0.792936623096466
0.587531805038452,0.0572257824242115,0.978256225585938,-0.0608460530638694,0.0593189746141433,0.602543532848358,-0.793549239635468
0.587463080883026,0.057374108582735,0.9786776304245,-0.0617800019681453,0.0569417923688888,0.602794885635376,-0.793460249900818
0.587072372436523,0.0572206489741802,0.978107988834381,-0.0609283037483692,0.0591829866170883,0.599935531616211,-0.795526623725891
0.587107121944427,0.0571690872311592,0.977964460849762,-0.0613436475396156,0.059658121317625,0.59892463684082,-0.796220600605011
0.587181568145752,0.0572456642985343,0.977909505367279,-0.0617546625435352,0.0597556792199611,0.597902357578278,-0.796949446201324
0.587531685829163,0.0573678016662597,0.977916777133942,-0.0619263090193271,0.0602091997861862,0.597691893577576,-0.797059834003448
0.587536692619324,0.0577802434563636,0.978756427764893,-0.0636164546012878,0.0563819073140621,0.598408639431,-0.796668827533722
0.587485909461975,0.0577707812190055,0.978736519813538,-0.063662014901638,0.05652591958642,0.597565710544586,-0.797287464141846
0.587293088436127,0.0577616915106773,0.978711724281311,-0.0635641142725944,0.0566822551190853,0.595942258834839,-0.798498392105103
0.587423205375671,0.0576811246573925,0.978783547878265,-0.0637748688459396,0.0564946010708808,0.595897614955902,-0.798528134822845
0.586536526679993,0.0567338280379772,0.977523446083069,-0.0614071637392044,0.0617371574044227,0.591287136077881,-0.801746428012848
0.586422920227051,0.0567741505801677,0.977573215961456,-0.0614866912364959,0.0615344047546386,0.59067839384079,-0.802204430103302
0.586205124855042,0.0569025836884975,0.97766125202179,-0.0615272894501686,0.0607513189315795,0.590146601200104,-0.8026522397995
0.58611261844635,0.0569510050117969,0.977699995040894,-0.0615597255527973,0.0605877973139286,0.589758515357971,-0.802947342395782
0.585920333862305,0.057106677442789,0.977748990058899,-0.0615597888827323,0.0599765144288539,0.589405536651611,-0.803252339363098
0.58582216501236,0.0571558699011802,0.977790117263794,-0.0614277720451355,0.0598865076899528,0.589038074016571,-0.803538680076599
0.585741877555847,0.0572838671505451,0.977929174900055,-0.0616221763193607,0.0593001767992973,0.589038789272308,-0.803566753864288
0.585741996765137,0.057328276336193,0.977996349334717,-0.0616466328501701,0.0591628961265087,0.589059114456177,-0.803560078144073
0.585721373558044,0.0573705360293388,0.978051424026489,-0.0616817772388458,0.0589899756014347,0.589105725288391,-0.803535997867584
0.58571594953537,0.0573948100209236,0.97810024023056,-0.0617016218602657,0.0589221529662609,0.58922404050827,-0.803452610969543
0.585685551166534,0.0573300421237945,0.978073954582214,-0.0615488439798355,0.0591400936245918,0.58925986289978,-0.803422033786774
0.585708975791931,0.0573206208646297,0.978107810020447,-0.0615855678915977,0.0593537539243698,0.589513063430786,-0.803217709064484
0.58574104309082,0.0572802238166332,0.978172957897186,-0.0616219490766525,0.0594672635197639,0.589824199676514,-0.802978098392487
0.585793077945709,0.0572287514805793,0.978246212005615,-0.0617578141391277,0.0596925504505634,0.590228617191315,-0.802653729915619
0.585734307765961,0.0572094582021236,0.978289663791656,-0.0617865175008773,0.0595621205866336,0.590551853179932,-0.802423417568207
0.58560711145401,0.0571251958608627,0.978331208229065,-0.0616533905267715,0.0594647079706192,0.591062068939209,-0.802065193653107
0.585566163063049,0.0570804663002491,0.978328466415405,-0.0616193413734436,0.059562049806118,0.591485857963562,-0.801748096942902
0.585567474365234,0.0570794939994812,0.978331923484802,-0.0617644973099231,0.0595970973372459,0.592013359069824,-0.801344931125641
0.585513949394226,0.057073675096035,0.978294968605042,-0.0618757456541061,0.059633232653141,0.592674612998962,-0.800844609737396
0.585470736026764,0.0570470467209816,0.978288531303406,-0.061924323439598,0.0596591457724571,0.593277156352997,-0.800392627716064
0.585426211357117,0.0569934546947479,0.978295087814331,-0.0619248524308204,0.0596439652144908,0.59382301568985,-0.799988865852356
0.585428714752197,0.0569475069642066,0.978317856788635,-0.0621086284518241,0.0595773309469223,0.594525337219238,-0.799457728862762
0.585371017456055,0.0568998381495475,0.978311061859131,-0.0620625279843807,0.0597018077969551,0.595134973526001,-0.798998296260834
0.585425674915314,0.0569089725613594,0.978260517120361,-0.0622219778597354,0.060096837580204,0.595941007137299,-0.798355340957642
0.585455417633057,0.0568209327757358,0.97824227809906,-0.0622120536863803,0.0605162233114242,0.596617162227631,-0.797819256782532
0.585471093654633,0.0567555651068687,0.978255867958069,-0.0622768737375736,0.0608399324119091,0.597320675849915,-0.797262907028198
0.585484147071838,0.0567508041858673,0.978268563747406,-0.0624979138374328,0.0609240382909774,0.598151922225952,-0.796615719795227
0.585374474525452,0.0566823966801166,0.978285908699036,-0.0624757930636405,0.0608547963201999,0.598906636238098,-0.796055495738983
0.586515188217163,0.0556875467300415,0.979740977287292,-0.0612985603511333,0.0592539422214031,0.598251283168793,-0.796760261058807
0.586515188217163,0.0556875467300415,0.979740977287292,-0.0612985603511333,0.0592539422214031,0.598251283168793,-0.796760261058807
0.586422681808472,0.05577252805233,0.979508399963379,-0.0619829967617988,0.0601986832916736,0.599662721157074,-0.795574605464935
0.586346685886383,0.055746391415596,0.979503393173218,-0.0620977096259593,0.0602751336991786,0.600204050540924,-0.79515153169632
0.586440801620483,0.0557761155068874,0.979481220245361,-0.0622047558426857,0.0607259683310985,0.600934624671936,-0.794556856155396
0.585562109947205,0.0555602051317691,0.978927373886108,-0.0592652112245559,0.0622276067733764,0.599726378917694,-0.795577526092529
0.585548758506775,0.0554405748844146,0.978960752487183,-0.0592875964939594,0.0625077337026596,0.600281715393066,-0.795134961605072
0.586359798908234,0.0556606315076351,0.97956395149231,-0.0627340823411941,0.0611992478370666,0.602554798126221,-0.793250799179077
0.585872113704681,0.0555111728608608,0.979204177856445,-0.0606436319649219,0.0623835027217865,0.601851880550385,-0.793854594230652
0.585478782653809,0.056555688381195,0.978609204292297,-0.0643863454461097,0.0619416497647762,0.60539722442627,-0.790893077850342
0.585424840450287,0.0565294846892356,0.978621900081634,-0.0644998922944068,0.0620626434683799,0.605786800384521,-0.790576040744781
0.585370898246765,0.0565120391547679,0.978638052940369,-0.0645712688565254,0.0621555000543594,0.606153190135956,-0.790282011032104
0.585323691368103,0.0564920641481876,0.97864294052124,-0.0646609291434288,0.0622829049825668,0.606483817100525,-0.790010929107666
0.585278987884521,0.0564533360302448,0.978682339191437,-0.0648556947708129,0.0623212866485118,0.606847167015076,-0.789712846279144
0.585210144519806,0.0564481355249881,0.978695511817932,-0.0649176910519599,0.0623715482652187,0.607169687747955,-0.789455890655518
0.585159659385681,0.0563893243670463,0.978715658187866,-0.064982995390892,0.0624489560723304,0.607374846935272,-0.789286434650421
0.585096120834351,0.0563475154340267,0.978727519512176,-0.0650655180215835,0.0625919327139854,0.60757577419281,-0.789113759994507
0.585044085979462,0.05615746229887,0.978799700737,-0.0649967342615127,0.0630383342504501,0.607867300510406,-0.788859367370605
0.584976315498352,0.056089699268341,0.97883927822113,-0.0650004372000694,0.0632509365677833,0.608010947704315,-0.788731276988983
0.584908008575439,0.0560608059167861,0.978853046894074,-0.0651386529207229,0.0633899271488189,0.608026564121246,-0.788696646690369
0.584856986999512,0.0560176223516464,0.978869438171387,-0.0652643963694572,0.0635350570082664,0.608034789562225,-0.788668215274811
0.584820747375488,0.0559565797448158,0.978896915912628,-0.0654909163713455,0.0636542662978172,0.608004510402679,-0.78866320848465
0.584805011749268,0.0559180602431297,0.978910326957703,-0.0656820088624954,0.0638307854533195,0.607929885387421,-0.788690507411957
0.584788918495178,0.0558874160051345,0.978907465934753,-0.065938301384449,0.0639731138944625,0.607879340648651,-0.788696587085724
0.584849715232849,0.0558414533734321,0.978918075561523,-0.0662107542157173,0.0643487125635147,0.607786118984222,-0.788715004920959
0.584860563278198,0.0558236315846443,0.978909373283386,-0.066712848842144,0.0645433291792869,0.607565820217133,-0.788826644420624
0.585403442382812,0.0557261779904365,0.979124367237091,-0.0685635805130004,0.0644577294588089,0.608719408512115,-0.78778487443924
0.586592733860016,0.0527919791638851,0.977391481399536,-0.0703362673521041,0.0751251801848411,0.603715300559998,-0.790529549121857
0.586556494235992,0.0558415651321411,0.97886723279953,-0.0699466913938522,0.0671154633164405,0.610166847705841,-0.786320209503174
0.587208271026611,0.055852897465229,0.9787757396698,-0.070612609386444,0.0683114528656005,0.611028254032135,-0.785488307476044
