x,y,z,q0,q1,q2,q3
0.585821211338043,-0.148225381970405,1.31052911281586,-0.127063363790512,0.0828975215554237,0.829172015190125,-0.538011908531189
0.585660934448242,-0.145744010806084,1.31001913547516,-0.126484557986259,0.0816080868244171,0.828851342201233,-0.538838922977448
0.585883855819702,-0.143759176135063,1.31024587154388,-0.125787556171417,0.0818905457854271,0.828795850276947,-0.539044559001923
0.586287438869476,-0.141887098550797,1.31026589870453,-0.125085860490799,0.0805007815361023,0.826774477958679,-0.542509973049164
0.58612322807312,-0.140214085578918,1.31037986278534,-0.122130937874317,0.0825290009379386,0.830286204814911,-0.537492394447327
0.586294412612915,-0.137672156095505,1.31034111976624,-0.122668139636517,0.0827491730451583,0.829550266265869,-0.538471400737762
0.586586236953735,-0.135537654161453,1.31023061275482,-0.122223243117332,0.0830540582537651,0.829869091510773,-0.538034319877625
0.586906850337982,-0.133846774697304,1.31032299995422,-0.120795302093029,0.085347905755043,0.830733835697174,-0.536661565303802
0.586459577083588,-0.131385505199432,1.30973732471466,-0.118025593459606,0.0842956155538559,0.830736815929413,-0.537438988685608
0.587294280529022,-0.129383876919746,1.31005764007568,-0.117788180708885,0.0861135646700859,0.830908417701721,-0.536937296390533
0.58748197555542,-0.127092093229294,1.30999433994293,-0.120829842984676,0.0892767310142517,0.829130530357361,-0.538490772247314
0.587476789951324,-0.124178722500801,1.30987119674683,-0.11698604375124,0.0861464515328407,0.831551671028137,-0.536111056804657
0.587673604488373,-0.121747046709061,1.3098372220993,-0.116001971065998,0.0872314944863319,0.831212043762207,-0.536675810813904
0.587788462638855,-0.119317516684532,1.30991244316101,-0.114727087318897,0.0878640711307525,0.83200740814209,-0.535613238811493
0.588418066501617,-0.11708365380764,1.31008100509644,-0.114810943603516,0.0901814252138137,0.831751108169556,-0.535607993602753
0.588312268257141,-0.11417069286108,1.31002414226532,-0.112362265586853,0.0890794545412063,0.8316490650177,-0.536469280719757
0.58875697851181,-0.112058185040951,1.31017637252808,-0.112679727375507,0.0926703289151191,0.832094728946686,-0.535101771354675
0.589142084121704,-0.109490819275379,1.3102719783783,-0.111607126891613,0.0914764925837516,0.830839276313782,-0.537477552890778
0.586744248867035,-0.105110704898834,1.30815291404724,-0.105748146772385,0.0834389254450798,0.836408317089081,-0.531296908855438
0.586744248867035,-0.105110704898834,1.30815291404724,-0.105748146772385,0.0834389254450798,0.836408317089081,-0.531296908855438
0.589235246181488,-0.101112946867943,1.31046843528748,-0.107741333544254,0.0951782315969467,0.833098173141479,-0.534116506576538
0.589834570884705,-0.0988921299576759,1.31071329116821,-0.106630183756351,0.0954767987132072,0.832199573516846,-0.535684704780579
0.589834570884705,-0.0988921299576759,1.31071329116821,-0.106630183756351,0.0954767987132072,0.832199573516846,-0.535684704780579
0.590097308158875,-0.0934149622917175,1.31094527244568,-0.108000718057156,0.102962963283062,0.831324219703674,-0.535382688045502
0.589919567108154,-0.090276300907135,1.310879945755,-0.105812974274158,0.102051615715027,0.831263720989227,-0.536087572574615
0.590245008468628,-0.087888091802597,1.31122672557831,-0.103197194635868,0.106123894453049,0.833465099334717,-0.532375693321228
0.590236067771912,-0.0847811698913574,1.31111514568329,-0.0988601446151733,0.102237120270729,0.83436793088913,-0.532545208930969
0.590783774852753,-0.0823574438691139,1.31144821643829,-0.0975468978285789,0.105187825858593,0.83408135175705,-0.532661557197571
0.590662896633148,-0.0792345628142356,1.31136834621429,-0.0947719439864158,0.103779941797256,0.834032773971558,-0.533514082431793
0.590991318225861,-0.0768003016710281,1.31149411201477,-0.0926723927259445,0.106196224689484,0.834393382072449,-0.532843172550201
0.588333129882812,-0.0719264894723892,1.3092360496521,-0.0877485126256942,0.0949879437685012,0.838395118713379,-0.529500842094421
0.591202974319458,-0.0714709237217903,1.31172835826874,-0.0896753966808319,0.109211795032024,0.835437655448914,-0.531107425689697
0.588748693466187,-0.0670783370733261,1.30950486660004,-0.0828596651554107,0.0989704206585884,0.840128660202026,-0.526804506778717
0.591252684593201,-0.0658849403262138,1.311807513237,-0.0850535482168197,0.110874556005001,0.835432410240173,-0.531531095504761
0.588780105113983,-0.0615457445383071,1.30957388877869,-0.0789604485034942,0.10156986862421,0.840055346488953,-0.527025640010834
0.588780105113983,-0.0615457445383071,1.30957388877869,-0.0789604485034942,0.10156986862421,0.840055346488953,-0.527025640010834
0.59101802110672,-0.0578693896532058,1.31185781955719,-0.0772169232368469,0.114633023738861,0.836891531944275,-0.529631495475769
0.590793669223785,-0.0552297979593277,1.3117573261261,-0.0738912522792816,0.115387164056301,0.836406409740448,-0.53070729970932
0.590621948242188,-0.0526168122887611,1.31180846691132,-0.0730092152953147,0.113055698573589,0.835111320018768,-0.533364057540894
0.590123295783997,-0.0499640554189682,1.3118976354599,-0.0719475150108337,0.121468730270862,0.835553407669067,-0.530960917472839
0.589897990226746,-0.0474950447678566,1.31189262866974,-0.0633906871080398,0.117355160415172,0.836910486221313,-0.530839204788208
0.589575231075287,-0.0450914949178695,1.31197476387024,-0.0600894093513488,0.119624197483063,0.836599290370941,-0.531207144260406
0.589193761348724,-0.0426184013485908,1.31201601028442,-0.0550073906779289,0.120680153369903,0.836675822734833,-0.531398296356201
0.589193761348724,-0.0426184013485908,1.31201601028442,-0.0550073906779289,0.120680153369903,0.836675822734833,-0.531398296356201
0.588559150695801,-0.0375947095453739,1.31249594688416,-0.0450221262872219,0.123315796256065,0.836600065231323,-0.531852126121521
0.588220119476318,-0.0352819561958313,1.31268799304962,-0.0404590256512165,0.124690681695938,0.835818827152252,-0.533124983310699
0.587769865989685,-0.0329472571611404,1.31276035308838,-0.0346678607165813,0.126065775752068,0.836113512516022,-0.532747328281403
0.587380230426788,-0.030627753585577,1.31276285648346,-0.0285463146865367,0.12729187309742,0.836098670959473,-0.532842338085175
0.586864054203033,-0.0282344426959753,1.31307804584503,-0.0262994840741157,0.132578209042549,0.835960984230042,-0.531884014606476
0.586536943912506,-0.0256996657699346,1.31339764595032,-0.0219991393387317,0.13409124314785,0.835980594158173,-0.53166925907135
0.586103796958923,-0.023606851696968,1.31338727474213,-0.0159472711384296,0.135538756847382,0.836281478404999,-0.531044542789459
0.585628867149353,-0.0213161371648311,1.31323719024658,-0.0104193892329931,0.136788979172707,0.836738884449005,-0.530139923095703
0.585551917552948,-0.0183628220111131,1.3136568069458,-0.0077570406720042,0.136269882321358,0.836556434631348,-0.530606985092163
0.584990084171295,-0.0161277446895837,1.31374084949493,0.0013123240787535,0.138729378581047,0.840052783489227,-0.524465322494507
0.584681510925293,-0.0136947724968194,1.31376945972443,0.0056836674921214,0.139205813407898,0.840641498565674,-0.523365557193756
0.584452152252197,-0.0115722585469484,1.31364345550537,0.0065252394415438,0.140209048986435,0.838527262210846,-0.526470124721527
0.584275364875793,-0.0091015212237834,1.3140594959259,0.0128352046012878,0.141700342297554,0.841206133365631,-0.521659374237061
0.584122478961945,-0.0065979296341538,1.31406533718109,0.0156098892912268,0.142002612352371,0.84129011631012,-0.5213662981987
0.58392333984375,-0.004143314436078,1.31409752368927,0.0187723375856876,0.143699586391449,0.841564834117889,-0.520352423191071
0.583577573299408,-0.0015578067395836,1.31389319896698,0.0212296396493911,0.14370821416378,0.842185795307159,-0.51924991607666
0.583559691905975,0.0008795284666121,1.31415212154388,0.0231500752270221,0.145361930131912,0.842462539672852,-0.518257558345795
0.583397805690765,0.0027573993429541,1.3138941526413,0.022973159328103,0.143619820475578,0.840847671031952,-0.521364331245422
0.583400249481201,0.0057824114337563,1.31407690048218,0.0266110990196466,0.147587686777115,0.842809081077576,-0.516897022724152
0.583400249481201,0.0057824114337563,1.31407690048218,0.0266110990196466,0.147587686777115,0.842809081077576,-0.516897022724152
0.58339649438858,0.0103492103517055,1.31386017799377,0.036053791642189,0.147127375006676,0.843457460403442,-0.515396177768707
0.583274066448212,0.0134441386908292,1.31323540210724,0.0364248938858509,0.146547481417656,0.843059599399567,-0.516185641288757
0.58348149061203,0.0158127136528491,1.31341505050659,0.0327454544603824,0.142849653959274,0.840635299682617,-0.521396160125732
0.583119034767151,0.018096137791872,1.31330358982086,0.0368838422000408,0.149140492081642,0.842745363712311,-0.515923380851746
0.583368420600891,0.0201017633080482,1.31329727172852,0.0338562987744808,0.147426262497902,0.840374529361725,-0.520470976829529
0.583213984966278,0.0225928146392107,1.31343340873718,0.0361685045063495,0.152795448899269,0.842358231544495,-0.515536725521088
0.583192229270935,0.0245819687843322,1.31337285041809,0.0333639420568943,0.14955747127533,0.84021520614624,-0.520151793956757
0.582831799983978,0.0268459692597389,1.31315183639526,0.0372877717018127,0.156100898981094,0.841673731803894,-0.515584588050842
0.582912743091583,0.0286542698740959,1.31307327747345,0.0334846191108226,0.154356837272644,0.839474737644196,-0.519937455654144
0.582854747772217,0.0308157969266176,1.31314206123352,0.0362538434565067,0.160762846469879,0.840554237365723,-0.51605212688446
0.582786619663239,0.0330266691744327,1.31314694881439,0.0356322862207889,0.161543950438499,0.84022331237793,-0.516390025615692
0.582574427127838,0.0349689722061157,1.31317830085754,0.0359652489423751,0.163610503077507,0.840142786502838,-0.515847086906433
0.582747995853424,0.0366445705294609,1.31345677375793,0.0321241319179534,0.161562621593475,0.837439954280853,-0.521114110946655
0.582618892192841,0.0384635180234909,1.3134480714798,0.0354678593575954,0.167706027626991,0.839270055294037,-0.515986979007721
0.582436323165894,0.0401488915085792,1.31343460083008,0.0365028567612171,0.169023662805557,0.839065909385681,-0.515816867351532
0.582320809364319,0.0422935299575328,1.31354141235352,0.0339922979474067,0.1712217181921,0.838360249996185,-0.51641047000885
0.581890165805817,0.0438279956579208,1.31326460838318,0.0362424775958061,0.171607345342636,0.837938129901886,-0.516814351081848
0.581887781620026,0.0454327389597892,1.31337344646454,0.0356783270835876,0.173139646649361,0.83712512254715,-0.517659366130829
0.581730484962463,0.0468354001641273,1.31308019161224,0.0318371206521987,0.174903005361557,0.834163129329681,-0.522079765796661
0.581568896770477,0.0482963919639587,1.31357884407043,0.0350336804986,0.176071539521217,0.83665132522583,-0.517480492591858
0.581541657447815,0.050296202301979,1.31341314315796,0.0307172555476427,0.175015464425087,0.833004713058472,-0.523955285549164
0.581342220306396,0.0513811111450195,1.31334638595581,0.0312335174530744,0.176970556378365,0.832657814025879,-0.523819506168365
0.580964982509613,0.052836924791336,1.31347322463989,0.0337242521345615,0.178422942757607,0.83492910861969,-0.519539654254913
0.581084072589874,0.0541625209152698,1.31348991394043,0.0284615643322467,0.180312320590019,0.831051409244537,-0.5253866314888
0.580691993236542,0.0551396235823631,1.3135370016098,0.0317361615598201,0.182272225618362,0.833723664283752,-0.520263969898224
0.580691993236542,0.0551396235823631,1.3135370016098,0.0317361615598201,0.182272225618362,0.833723664283752,-0.520263969898224
0.580466210842133,0.0574291907250881,1.31342482566833,0.0283076353371143,0.182146981358528,0.829924046993256,-0.526542842388153
0.580284535884857,0.058877307921648,1.31352496147156,0.0262398552149534,0.183078244328499,0.829171597957611,-0.527511417865753
0.580063343048096,0.0594700053334236,1.31355214118958,0.0276321377605199,0.183705508708954,0.828903257846832,-0.527643859386444
0.57984584569931,0.0604965463280677,1.31367349624634,0.026077127084136,0.183452874422073,0.82848072052002,-0.528474152088165
0.579678177833557,0.0612310320138931,1.3135484457016,0.0264184698462486,0.184781759977341,0.82781594991684,-0.529035687446594
0.579378306865692,0.0620196387171745,1.31384336948395,0.0293860081583261,0.186038538813591,0.830524265766144,-0.524171411991119
0.579409778118134,0.062711089849472,1.31385445594788,0.0247325245290994,0.186638012528419,0.826572120189667,-0.530408322811127
0.579076826572418,0.0631676092743873,1.31376934051514,0.0248134955763816,0.186874240636826,0.825987875461578,-0.531231045722961
0.578273057937622,0.063607707619667,1.3137378692627,0.0189478080719709,0.194666370749473,0.82691764831543,-0.527212560176849
0.57831871509552,0.0645300596952438,1.31372821331024,0.0146584147587418,0.193066313862801,0.823174655437469,-0.533754587173462
0.578169465065002,0.0649113655090332,1.31374788284302,0.013950471766293,0.193734422326088,0.822425782680511,-0.53468519449234
0.578028500080109,0.0652429312467575,1.3137845993042,0.0133497472852468,0.193862944841385,0.821737587451935,-0.535711050033569
0.577980279922485,0.0651052743196487,1.31400048732758,0.0130503680557012,0.195471897721291,0.82140588760376,-0.535642504692078
0.577895939350128,0.0653021782636642,1.31399834156036,0.0125530902296304,0.196127071976662,0.820837914943695,-0.536285161972046
0.577817320823669,0.0654103606939315,1.31404614448547,0.0115983290597796,0.196227788925171,0.819905817508698,-0.537693917751312
0.577697396278381,0.0654371529817581,1.31404006481171,0.0110047180205583,0.196729138493538,0.819231152534485,-0.538550853729248
0.577563047409058,0.0653328225016594,1.31407082080841,0.0108439093455672,0.197397723793983,0.818477928638458,-0.539453983306885
0.577515602111816,0.0653955191373825,1.3138861656189,0.0100829508155584,0.197794690728188,0.817517280578613,-0.540778160095215
0.577497899532318,0.0650726482272148,1.31397020816803,0.0093009322881698,0.19876654446125,0.817321240901947,-0.540732264518738
0.577450513839722,0.0649187341332435,1.31377983093262,0.0087355840951204,0.198862850666046,0.816167414188385,-0.542446434497833
0.577453315258026,0.0647632777690887,1.31368255615234,0.0088948523625731,0.197264447808266,0.815607130527496,-0.543868184089661
0.577475428581238,0.0643504783511161,1.31356978416443,0.0081042656674981,0.19762122631073,0.814937472343445,-0.544754207134247
0.577587723731995,0.0636926889419555,1.31352066993713,0.0077317622490227,0.19855560362339,0.814197540283203,-0.545525729656219
0.57747757434845,0.0630876421928405,1.31327366828918,0.0063497954979538,0.199688225984573,0.813631951808929,-0.545973896980286
0.577456831932068,0.0622173845767974,1.31322753429413,0.0058537134900689,0.200743496417999,0.813238084316254,-0.546178996562958
0.577503085136414,0.061600387096405,1.31288862228394,0.0061978138983249,0.198760911822319,0.812878787517548,-0.547433793544769
0.577614307403564,0.060878537595272,1.31297421455383,0.0035680781584233,0.199651643633842,0.812454640865326,-0.547762811183929
0.577669143676758,0.0603592246770858,1.31291818618774,0.0021808261517435,0.198769584298134,0.811986684799194,-0.548783719539642
0.577580988407135,0.0593855902552604,1.31254291534424,0.003282144665718,0.196839690208435,0.811793744564056,-0.549758315086365
0.577415287494659,0.0584688782691955,1.31234419345856,0.0018955017440021,0.197670608758926,0.811782360076904,-0.54948353767395
0.577415287494659,0.0584688782691955,1.31234419345856,0.0018955017440021,0.197670608758926,0.811782360076904,-0.54948353767395
0.57739245891571,0.056355595588684,1.31217288970947,0.001737717888318,0.194600954651832,0.811749875545502,-0.550626695156097
0.577430725097656,0.0550543665885925,1.31216895580292,0.0011166546028107,0.19488288462162,0.811647236347198,-0.550679743289948
0.577430725097656,0.0550543665885925,1.31216895580292,0.0011166546028107,0.19488288462162,0.811647236347198,-0.550679743289948
0.577422916889191,0.0528978742659091,1.31233417987823,-0.0002598722348921,0.192288637161255,0.812154173851013,-0.550845324993134
0.577353239059448,0.0517827570438385,1.31216669082642,-0.0006527333171106,0.191291943192482,0.811999917030334,-0.551419258117676
0.577345252037048,0.0506096333265304,1.31220018863678,-0.0008648689254187,0.189899191260338,0.812206208705902,-0.551596522331238
0.57733815908432,0.0492529869079589,1.31245958805084,-0.001668042037636,0.189193874597549,0.81248140335083,-0.551431715488434
0.577156126499176,0.0483674146234989,1.31224286556244,-0.0023978638928383,0.187412112951279,0.81215626001358,-0.552515387535095
0.577175319194794,0.0469136498868465,1.31230497360229,-0.0024836026132106,0.18643294274807,0.812439680099487,-0.552429437637329
0.577005743980408,0.0457526519894599,1.31240725517273,-0.0043711271136999,0.185960039496422,0.812799572944641,-0.552047848701477
0.577007114887238,0.0443684644997119,1.31229531764984,-0.0035082157701253,0.184421136975288,0.812716364860535,-0.552692294120789
0.576901733875275,0.0433746390044689,1.31239354610443,-0.0045642554759979,0.182109653949737,0.812937915325165,-0.553125083446503
0.576901733875275,0.0433746390044689,1.31239354610443,-0.0045642554759979,0.182109653949737,0.812937915325165,-0.553125083446503
0.576661825180054,0.0404728725552558,1.31222760677338,-0.0061750612221658,0.181029990315437,0.812578797340393,-0.553990662097931
0.576487183570862,0.0389814749360084,1.31200659275055,-0.0058671440929174,0.180063337087631,0.813075542449951,-0.553580224514008
0.576413571834564,0.0375454723834991,1.31225085258484,-0.0056478660553693,0.178115397691727,0.813224852085114,-0.553993225097656
0.576218545436859,0.036355298012495,1.31204128265381,-0.0058626839891076,0.176483869552612,0.812929093837738,-0.55494636297226
0.576163113117218,0.0350915901362896,1.31205761432648,-0.0060155633836984,0.175826266407967,0.813413858413696,-0.554442882537842
0.575978517532349,0.0339670032262802,1.31188988685608,-0.0077170943841338,0.173330083489418,0.81298816204071,-0.555830419063568
0.575774610042572,0.0325858145952224,1.31174468994141,-0.0081763602793216,0.172261729836464,0.81296044588089,-0.556196451187134
0.575445234775543,0.0310392547398805,1.31165075302124,-0.0081353122368454,0.171259865164757,0.813108265399933,-0.556290209293365
0.575472772121429,0.029651403427124,1.31179296970367,-0.0090133370831608,0.170917719602585,0.812919497489929,-0.556657731533051
0.575026988983154,0.0286937579512596,1.31151247024536,-0.0105559853836894,0.169313311576843,0.812325775623322,-0.557985961437225
0.574887990951538,0.0270418897271156,1.31145799160004,-0.0094589553773403,0.168281391263008,0.812281727790833,-0.558381855487823
0.574703752994537,0.0260684620589017,1.31158411502838,-0.0102022299543023,0.166491255164146,0.812534272670746,-0.55853796005249
0.574531733989716,0.0244437009096145,1.31189608573914,-0.0110535975545644,0.166033700108528,0.812343716621399,-0.558935165405273
0.574282586574554,0.0232835635542869,1.31193244457245,-0.0114325853064656,0.164414867758751,0.811985373497009,-0.559925734996796
0.574234664440155,0.0220895335078239,1.31213521957397,-0.0125773902982473,0.163887783885002,0.811635196208954,-0.560563027858734
0.574165880680084,0.0209151916205883,1.3123927116394,-0.0143208876252174,0.163145795464516,0.81114000082016,-0.561453700065613
0.574135601520538,0.0195237677544355,1.31282424926758,-0.0161402616649866,0.160593032836914,0.810236394405365,-0.563441634178162
0.574135601520538,0.0195237677544355,1.31282424926758,-0.0161402616649866,0.160593032836914,0.810236394405365,-0.563441634178162
0.57363897562027,0.0174070335924625,1.31322479248047,-0.0164320115000009,0.160678967833519,0.810481548309326,-0.56305593252182
0.573597490787506,0.0161018669605255,1.31363713741302,-0.0176575370132923,0.160213783383369,0.810574650764465,-0.563017308712006
0.573330521583557,0.015173252671957,1.31366455554962,-0.0185222215950489,0.158324003219604,0.809944689273834,-0.564429104328156
0.573293626308441,0.013436947017908,1.31426763534546,-0.0203215293586254,0.155747681856155,0.809920132160187,-0.565118789672852
0.573163449764252,0.0132906939834356,1.31439232826233,-0.0218797214329242,0.155260890722275,0.809816718101501,-0.565342426300049
0.572896599769592,0.0122005138546228,1.31447553634644,-0.022508630529046,0.154022350907326,0.80982506275177,-0.56564462184906
0.572725713253021,0.0113374460488557,1.31462299823761,-0.0219815298914909,0.152658611536026,0.810320198535919,-0.565325975418091
0.572725713253021,0.0113374460488557,1.31462299823761,-0.0219815298914909,0.152658611536026,0.810320198535919,-0.565325975418091
0.572177648544312,0.0084302695468068,1.31513750553131,-0.0236318781971931,0.15191213786602,0.810587108135223,-0.565077662467957
0.572018802165985,0.0077369553036987,1.31533908843994,-0.0250937063246965,0.149653971195221,0.810493052005768,-0.565751791000366
0.571775019168854,0.0064950105734169,1.31541121006012,-0.025542002171278,0.149474412202835,0.810647308826447,-0.565558195114136
0.571633040904999,0.0054788962006568,1.31565845012665,-0.0266307946294546,0.14897808432579,0.810587525367737,-0.565724730491638
0.571533977985382,0.0050687231123447,1.31542158126831,-0.0281154736876487,0.146868482232094,0.809526920318604,-0.567719519138336
0.57128632068634,0.0038357318844646,1.31592857837677,-0.0294279847294092,0.146282434463501,0.810596823692322,-0.566275894641876
0.5711430311203,0.0028710104525089,1.31607818603516,-0.0302817206829786,0.145434349775314,0.810702919960022,-0.56629741191864
0.570942044258118,0.0018433663062751,1.31623578071594,-0.0295246373862028,0.144903302192688,0.811550736427307,-0.565258204936981
0.570797145366669,0.0010148999281227,1.3163845539093,-0.0319745801389217,0.143724083900452,0.810473382472992,-0.566969156265259
0.570648312568665,1.20606273412704e-07,1.31654417514801,-0.0327677056193351,0.143270820379257,0.810501754283905,-0.56699800491333
0.570466041564941,-0.0008419433142989,1.31665503978729,-0.0338221155107021,0.142319306731224,0.810275971889496,-0.567498207092285
0.570100724697113,-0.0020444020628929,1.31668782234192,-0.0325471684336662,0.142546564340591,0.81113213300705,-0.566291451454163
0.570091664791107,-0.0030404578428715,1.31680035591125,-0.0346919856965541,0.141797244548798,0.810053288936615,-0.567894041538239
0.569893300533295,-0.0037432834506034,1.31691706180573,-0.0357993952929973,0.140753373503685,0.80983179807663,-0.568400740623474
0.569851160049438,-0.004848915617913,1.31706404685974,-0.0368798449635505,0.141285806894302,0.809456825256348,-0.5687335729599
0.569777965545654,-0.0053009651601314,1.31712138652802,-0.0384267345070838,0.139357089996338,0.80932080745697,-0.569300413131714
0.569671630859375,-0.0064567909575998,1.31719899177551,-0.038823377341032,0.139170214533806,0.808998823165894,-0.569776594638824
0.569621682167053,-0.0072350031696259,1.317338347435,-0.0415331237018108,0.139832139015198,0.808150768280029,-0.570626258850098
0.569597244262695,-0.0079385247081518,1.31750476360321,-0.0405739471316337,0.138654917478561,0.808797776699066,-0.57006561756134
0.56975781917572,-0.0086607662960886,1.31756460666656,-0.0353149436414241,0.134935915470123,0.809550225734711,-0.570240080356598
0.569473505020142,-0.0094430837780237,1.31770765781403,-0.0432186052203178,0.137350514531136,0.807712435722351,-0.571723520755768
0.569571375846863,-0.0101203899830579,1.31793212890625,-0.0439647994935512,0.136930584907532,0.807620525360107,-0.571897149085999
0.569154918193817,-0.0105298142880201,1.3177707195282,-0.0441661179065704,0.134259149432182,0.807105243206024,-0.573240756988525
0.569154918193817,-0.0105298142880201,1.3177707195282,-0.0441661179065704,0.134259149432182,0.807105243206024,-0.573240756988525
0.569301545619965,-0.0116205913946032,1.31799280643463,-0.0473530255258083,0.127517446875572,0.804846048355103,-0.577684998512268
0.569275736808777,-0.0121534084901213,1.31811988353729,-0.0510342568159103,0.131239771842956,0.803510725498199,-0.578396320343018
0.569386839866638,-0.0129044307395815,1.31819999217987,-0.0486531853675842,0.12582503259182,0.803720653057098,-0.579512000083923
0.569193661212921,-0.013539757579565,1.31836605072021,-0.0502452030777931,0.130896866321564,0.804997801780701,-0.576472043991089
0.569369494915009,-0.01397973485291,1.31844675540924,-0.0489505790174007,0.124962493777275,0.804779350757599,-0.578202843666077
0.569376349449158,-0.0145326266065239,1.31847286224365,-0.0511940158903598,0.125017374753952,0.804140627384186,-0.578885018825531
0.569407820701599,-0.0149909239262342,1.31856989860535,-0.0512861832976341,0.123908653855324,0.803841352462769,-0.579530298709869
0.569342732429504,-0.0155135318636894,1.31870305538177,-0.0534983985126018,0.123600356280804,0.803171396255493,-0.580324590206146
0.569362282752991,-0.0159695986658334,1.31888580322266,-0.0547626838088035,0.122695676982403,0.802685618400574,-0.581070363521576
0.569327890872955,-0.0163489580154418,1.3189160823822,-0.0563429817557334,0.121935717761517,0.80209869146347,-0.581889152526855
0.569107294082642,-0.0167280863970518,1.31901025772095,-0.0593519322574138,0.125568002462387,0.801287949085236,-0.58193451166153
0.569003522396088,-0.0171025730669498,1.31912505626678,-0.061215940862894,0.125369548797607,0.800618052482605,-0.582705557346344
0.569015145301819,-0.0175535827875137,1.31923973560333,-0.0588656030595302,0.119637198746204,0.800793826580048,-0.583910167217255
0.569175124168396,-0.017881341278553,1.31925666332245,-0.0604963451623916,0.119267366826534,0.80030220746994,-0.584492921829224
0.568979203701019,-0.0185091067105531,1.31940960884094,-0.0574845559895038,0.121100507676601,0.800682961940765,-0.5838982462883
0.568705260753632,-0.01896115206182,1.31947135925293,-0.0633191019296646,0.123149745166302,0.799242258071899,-0.584839046001434
0.568742036819458,-0.0195048730820417,1.31949806213379,-0.0601649954915046,0.118233248591423,0.799764394760132,-0.585472583770752
0.568615794181824,-0.0197414979338645,1.31953203678131,-0.0617659278213977,0.117880806326866,0.799155235290527,-0.586208283901215
0.568615794181824,-0.0197414979338645,1.31953203678131,-0.0617659278213977,0.117880806326866,0.799155235290527,-0.586208283901215
0.568481981754303,-0.0205698050558567,1.31965386867523,-0.0653058215975761,0.122631847858429,0.797024667263031,-0.58774870634079
0.568292319774628,-0.0211057271808385,1.31977105140686,-0.0646777376532554,0.12273546308279,0.797907650470734,-0.586597204208374
0.568305909633636,-0.0214360747486352,1.31973338127136,-0.0629558488726615,0.117786608636379,0.797345221042633,-0.588560700416565
0.568120360374451,-0.0218420755118131,1.31972098350525,-0.0631458833813667,0.118212036788463,0.797962486743927,-0.587617635726929
0.568036556243896,-0.022188639268279,1.31969165802002,-0.0623124539852142,0.117852814495563,0.797936022281647,-0.587814748287201
0.567959606647491,-0.0225717071443796,1.31964600086212,-0.0620501339435577,0.118170835077763,0.797832012176514,-0.58791971206665
0.567954003810883,-0.022639175876975,1.31961941719055,-0.0630976930260658,0.117708779871464,0.796542525291443,-0.589646935462952
0.567710697650909,-0.023253533989191,1.31953549385071,-0.0618248283863067,0.1183006092906,0.797618269920349,-0.588207304477692
0.567549228668213,-0.0236253440380096,1.3195321559906,-0.0613542906939983,0.118654116988182,0.797785103321075,-0.587959051132202
0.567389070987701,-0.0239580459892749,1.31950128078461,-0.0638636127114296,0.123703397810459,0.796619296073914,-0.588231861591339
0.567389070987701,-0.0239580459892749,1.31950128078461,-0.0638636127114296,0.123703397810459,0.796619296073914,-0.588231861591339
0.566985905170441,-0.0245145559310913,1.31916916370392,-0.0626950338482856,0.123961918056011,0.796874642372131,-0.587957203388214
0.566857993602753,-0.0248213745653629,1.31906652450562,-0.0622139833867549,0.124353416264057,0.797002792358398,-0.587751924991608
0.566806793212891,-0.0252138990908861,1.31893312931061,-0.0592733211815357,0.120211936533451,0.797761082649231,-0.587888777256012
0.566757559776306,-0.025379441678524,1.31888914108276,-0.0592799186706543,0.120499975979328,0.79786092042923,-0.587693572044373
0.566657543182373,-0.0256567187607288,1.31879341602325,-0.0589536502957344,0.1207584887743,0.79815262556076,-0.587277114391327
0.56651759147644,-0.0259639844298362,1.31873214244843,-0.0585145428776741,0.121085815131664,0.79864364862442,-0.586585581302643
0.566316962242126,-0.0261879079043865,1.31859850883484,-0.0581402741372585,0.120926558971405,0.798990368843079,-0.586183369159698
0.566082239151001,-0.0264998544007539,1.31847035884857,-0.0574561618268489,0.12143961340189,0.799584686756134,-0.585333585739136
0.566040873527527,-0.0267204139381647,1.31843960285187,-0.057365097105503,0.12193138897419,0.799965560436249,-0.584719657897949
0.56587553024292,-0.0270027667284011,1.31835436820984,-0.0565526597201824,0.122386038303375,0.800623953342438,-0.583802163600922
0.565841197967529,-0.0270183198153972,1.31831800937653,-0.0529677085578441,0.123397320508957,0.801345646381378,-0.582934558391571
0.565841197967529,-0.0270183198153972,1.31831800937653,-0.0529677085578441,0.123397320508957,0.801345646381378,-0.582934558391571
0.565401315689087,-0.0279451217502355,1.31813967227936,-0.0545258484780788,0.123598799109459,0.803755283355713,-0.579420268535614
0.565401315689087,-0.0279451217502355,1.31813967227936,-0.0545258484780788,0.123598799109459,0.803755283355713,-0.579420268535614
0.564754009246826,-0.028301503509283,1.31776511669159,-0.0538349747657775,0.123758852481842,0.80506557226181,-0.57762885093689
0.564465522766113,-0.028742104768753,1.31758737564087,-0.0515088327229023,0.123696021735668,0.806480169296265,-0.575878322124481
0.564061641693115,-0.0293067339807748,1.31723213195801,-0.0494285598397254,0.123706087470055,0.807925164699554,-0.574030220508575
0.563824772834778,-0.0296240840107202,1.31713271141052,-0.0488775260746479,0.124210946261883,0.808987677097321,-0.572469770908356
0.563982129096985,-0.0307007767260074,1.31713438034058,-0.0486808456480503,0.127509281039238,0.809752643108368,-0.570676922798157
0.563515365123749,-0.0314118489623069,1.31686770915985,-0.048443503677845,0.128828525543213,0.811188638210297,-0.56835675239563
0.563515365123749,-0.0314118489623069,1.31686770915985,-0.048443503677845,0.128828525543213,0.811188638210297,-0.56835675239563
0.562863230705261,-0.0328479707241058,1.31630599498749,-0.0460773557424545,0.130809485912323,0.814267337322235,-0.563679456710815
0.562537670135498,-0.0334400236606597,1.31616175174713,-0.04457638412714,0.131101459264755,0.816298842430115,-0.560786604881287
0.562238574028015,-0.0340893827378749,1.31582796573639,-0.0439331606030464,0.131840750575066,0.816813707351685,-0.559913694858551
0.561970233917236,-0.0347799621522426,1.31562292575836,-0.0431839190423488,0.132789179682732,0.818333983421326,-0.557522833347321
0.561545670032501,-0.0355166606605052,1.31544137001038,-0.0423281602561473,0.133467957377434,0.819948375225067,-0.555049121379852
0.561072409152985,-0.0363248847424984,1.31522488594055,-0.0414256788790226,0.134160190820694,0.821499943733215,-0.552650809288025
0.560832560062408,-0.0369044952094554,1.31516087055206,-0.0415175892412662,0.13464267551899,0.822652757167816,-0.550808608531952
0.560545325279236,-0.0376242101192474,1.31510233879089,-0.0411816984415054,0.135546773672104,0.824057817459106,-0.54850697517395
0.560545325279236,-0.0376242101192474,1.31510233879089,-0.0411816984415054,0.135546773672104,0.824057817459106,-0.54850697517395
0.55976814031601,-0.0388717129826545,1.31480062007904,-0.0433039814233779,0.136072158813477,0.824620008468628,-0.5473672747612
0.559448301792145,-0.0395118631422519,1.31473052501678,-0.0433896705508232,0.136588349938393,0.825492858886719,-0.5459144115448
0.559148848056793,-0.040044866502285,1.31464958190918,-0.0434312000870704,0.137190744280815,0.826276123523712,-0.544573545455933
0.558968603610992,-0.0404556281864643,1.3147360086441,-0.0437536239624023,0.137749388813972,0.826738297939301,-0.543704390525818
0.558696091175079,-0.0410776771605014,1.3147349357605,-0.0442433729767799,0.13851597905159,0.827645063400269,-0.542088150978088
0.558455646038055,-0.0415751598775386,1.31477832794189,-0.0448619127273559,0.139232009649277,0.828226149082184,-0.540965259075165
0.558037221431732,-0.0422338396310806,1.31444418430328,-0.0446420907974243,0.139602348208427,0.82914924621582,-0.539471864700317
0.557934165000916,-0.0425378791987896,1.31465291976929,-0.04546769708395,0.140059411525726,0.829325020313263,-0.539014101028442
0.557754576206207,-0.0428679957985878,1.31467485427856,-0.046706173568964,0.140483438968658,0.829435765743256,-0.53862726688385
0.557540535926819,-0.0432784184813499,1.31464970111847,-0.0473182275891304,0.140650972723961,0.83004903793335,-0.53758430480957
0.557333052158356,-0.0436879768967628,1.31448459625244,-0.0477719120681285,0.140678286552429,0.830192089080811,-0.537316083908081
0.557312250137329,-0.0438378453254699,1.31484878063202,-0.0493168868124485,0.14089298248291,0.829923391342163,-0.53753536939621
0.557166576385498,-0.0440547466278076,1.31488275527954,-0.0502873174846172,0.141000002622604,0.829997360706329,-0.537303268909454
0.557069718837738,-0.0442267842590808,1.31493365764618,-0.0512362532317638,0.140654712915421,0.829935431480408,-0.537399649620056
0.557011365890503,-0.0443133637309074,1.31495141983032,-0.0525743663311004,0.140414372086525,0.829578518867493,-0.53788423538208
0.556962549686432,-0.0444231033325195,1.3149950504303,-0.0537759587168693,0.14039346575737,0.829453706741333,-0.537963271141052
0.556849181652069,-0.0445351861417293,1.3149778842926,-0.0535835996270179,0.140741601586342,0.829382181167603,-0.538001537322998
0.556760489940643,-0.0446667447686195,1.31497550010681,-0.0512116663157939,0.14157073199749,0.830873012542725,-0.535709977149963
0.556718945503235,-0.0446351170539855,1.31502258777618,-0.053981389850378,0.140666589140892,0.830845892429352,-0.535718381404877
0.556679308414459,-0.0445056930184364,1.31493163108826,-0.0550958290696144,0.140178054571152,0.830225646495819,-0.536693692207336
0.556658744812012,-0.0445911213755607,1.31502485275269,-0.0564250536262989,0.140109956264496,0.82995480298996,-0.536992192268372
0.556250512599945,-0.0441442057490348,1.31467282772064,-0.057175725698471,0.137977108359337,0.829489588737488,-0.538182556629181
0.556757390499115,-0.0443223752081394,1.31510746479034,-0.0598991699516773,0.13946245610714,0.828032910823822,-0.539744198322296
0.556757390499115,-0.0443223752081394,1.31510746479034,-0.0598991699516773,0.13946245610714,0.828032910823822,-0.539744198322296
0.556908011436462,-0.0439512617886066,1.31524038314819,-0.0629586949944496,0.138795077800751,0.827306568622589,-0.540681123733521
0.556892335414886,-0.0438527762889862,1.31518352031708,-0.0640435591340065,0.138489469885826,0.826785504817963,-0.541428565979004
0.557088673114777,-0.0434627309441566,1.31535959243774,-0.0663834661245346,0.138213083148003,0.825778186321259,-0.542753040790558
0.557071208953857,-0.0432579070329666,1.3151661157608,-0.0672199204564094,0.137756392359733,0.824938774108887,-0.544041216373444
0.557097852230072,-0.0431769490242004,1.31525933742523,-0.0679013580083847,0.137775152921677,0.824741303920746,-0.544250965118408
0.557291448116302,-0.0429745092988014,1.31533372402191,-0.0705123022198677,0.13749897480011,0.823806285858154,-0.545403838157654
0.557240724563599,-0.0426573343575,1.31524848937988,-0.0716080665588378,0.137126326560974,0.822687149047852,-0.547041654586792
0.557384848594666,-0.042581133544445,1.31542301177979,-0.0732632130384445,0.137205898761749,0.822025895118713,-0.547796189785004
0.557521462440491,-0.0423757955431938,1.315394282341,-0.0746520534157753,0.137581378221512,0.821401596069336,-0.548450410366058
0.557621657848358,-0.0421167761087417,1.31544542312622,-0.0762145221233367,0.137643113732338,0.820526480674744,-0.549528956413269
0.557830631732941,-0.0419269949197769,1.31546497344971,-0.0777308791875839,0.138121470808983,0.818998217582703,-0.551472902297974
0.557893872261047,-0.0415479578077793,1.31544280052185,-0.079089730978012,0.138124614953995,0.818297266960144,-0.552318751811981
0.558035373687744,-0.0415669716894626,1.31537938117981,-0.0804070606827735,0.138646140694618,0.818012893199921,-0.552419066429138
0.558266282081604,-0.0413539670407772,1.31538939476013,-0.08179921656847,0.139333769679069,0.817260324954987,-0.553155243396759
0.558614253997803,-0.0408362969756126,1.31550848484039,-0.0838384106755256,0.139621526002884,0.814797103404999,-0.556401550769806
0.558866560459137,-0.040632240474224,1.31553041934967,-0.0853428393602371,0.139867886900902,0.813863813877106,-0.557475805282593
0.55897843837738,-0.0405339300632476,1.31531000137329,-0.085161417722702,0.140231803059578,0.814124703407288,-0.557031035423279
0.559006571769714,-0.0399609915912151,1.31527900695801,-0.0871423482894897,0.139472395181656,0.81301748752594,-0.558530509471893
0.559444189071655,-0.0402237214148044,1.31559002399445,-0.0881310254335403,0.140955239534378,0.812614858150482,-0.558588981628418
0.559691786766052,-0.0397351011633873,1.31569612026215,-0.0894599556922912,0.140596136450767,0.811057448387146,-0.560727834701538
0.559767305850983,-0.0398053862154483,1.31558036804199,-0.0898622870445251,0.140893459320068,0.811072289943695,-0.560567140579224
0.560030281543732,-0.0393974520266056,1.31555223464966,-0.0908331871032714,0.140455260872841,0.809980273246765,-0.562097549438477
0.560291409492493,-0.0391178652644157,1.31559085845947,-0.0917194485664367,0.140329346060753,0.80918937921524,-0.563123226165771
0.560291409492493,-0.0391178652644157,1.31559085845947,-0.0917194485664367,0.140329346060753,0.80918937921524,-0.563123226165771
0.560785055160522,-0.0388358235359191,1.31582498550415,-0.0929704904556274,0.140422150492668,0.807460427284241,-0.565372407436371
0.560978055000305,-0.0385564342141151,1.31591546535492,-0.0934998616576194,0.140084579586983,0.806717336177826,-0.566428542137146
0.56118905544281,-0.0383540950715541,1.31598997116089,-0.0931291282176971,0.139735922217369,0.806187629699707,-0.567329227924347
0.561350047588348,-0.0382085666060447,1.31604409217834,-0.0948655754327774,0.139946028590202,0.805392920970917,-0.568117737770081
0.561569690704346,-0.0377980880439281,1.31597530841827,-0.0941299423575401,0.139030784368515,0.804620027542114,-0.569558322429657
0.561765611171722,-0.0375936925411224,1.31603157520294,-0.0941015258431434,0.138789609074593,0.804097592830658,-0.570359110832214
0.562017858028412,-0.0374897494912147,1.31619822978973,-0.0930875763297081,0.139132246375084,0.804120063781738,-0.570410311222076
0.562232255935669,-0.0372895449399948,1.31627798080444,-0.0931781157851219,0.139027148485184,0.803631544113159,-0.571109235286713
0.562389612197876,-0.0369937419891357,1.31618571281433,-0.0924204289913177,0.139706924557686,0.803715229034424,-0.570948600769043
0.562628865242004,-0.0367550514638423,1.31628286838531,-0.0937263518571853,0.138304233551025,0.802950501441956,-0.572151899337769
0.562786936759949,-0.0365589037537574,1.31633794307709,-0.0944476872682571,0.13841886818409,0.80243045091629,-0.572734892368317
0.563068568706512,-0.036232903599739,1.31632733345032,-0.0932419449090957,0.137553185224533,0.801953315734863,-0.573808431625366
0.563199162483215,-0.0360661596059799,1.31631755828857,-0.0925907790660858,0.137349769473076,0.801612138748169,-0.574438869953156
0.563340544700623,-0.0358645617961883,1.3163743019104,-0.0920930132269859,0.137225553393364,0.801238596439362,-0.575069308280945
0.563554406166077,-0.0355975367128849,1.31634068489075,-0.0916548296809196,0.136937826871872,0.800410807132721,-0.576359331607819
0.563589096069336,-0.0354483276605606,1.31636607646942,-0.0915961936116218,0.137097656726837,0.800567090511322,-0.57611358165741
0.56378972530365,-0.0351574309170246,1.31637632846832,-0.0890773832798004,0.136611327528953,0.800400495529175,-0.576855063438416
0.563377022743225,-0.0343699902296066,1.31612133979797,-0.088391475379467,0.13356027007103,0.799856662750244,-0.578427076339722
0.564084529876709,-0.0347452275454998,1.31634068489075,-0.0880680680274963,0.135976150631905,0.799294948577881,-0.578689992427826
0.564124703407288,-0.0345674008131027,1.31631290912628,-0.086507961153984,0.135870650410652,0.79998368024826,-0.577997863292694
0.56415730714798,-0.0344403572380542,1.31628060340881,-0.0861119329929351,0.136181026697159,0.799768388271332,-0.578282117843628
0.564144253730774,-0.0342061892151832,1.31628394126892,-0.0874236598610878,0.140292063355446,0.79855352640152,-0.578781127929688
0.564311623573303,-0.0340428724884986,1.31628894805908,-0.0809315368533134,0.137441083788872,0.800193428993225,-0.578144073486328
0.564355731010437,-0.0339130461215972,1.31623613834381,-0.0830576419830322,0.136349216103554,0.799836993217468,-0.578594326972961
0.564489126205444,-0.0334358997642993,1.31616711616516,-0.0787472799420356,0.137748792767525,0.79926061630249,-0.579660713672638
0.564171373844147,-0.032860904932022,1.31593728065491,-0.0771790817379951,0.136337801814079,0.800291955471039,-0.578781604766846
0.564239799976349,-0.0326444283127784,1.31599020957947,-0.0769101306796073,0.137156158685684,0.800194680690765,-0.578758656978607
0.564713358879089,-0.0329656861722469,1.31615316867828,-0.0749911367893219,0.139371111989021,0.800751566886902,-0.577710151672363
0.564628899097443,-0.0327564477920532,1.31612062454224,-0.079727903008461,0.142415568232536,0.79920482635498,-0.578474581241608
0.564646482467651,-0.0325485132634639,1.3160787820816,-0.0784439221024513,0.143541529774666,0.799371242523193,-0.578141927719116
0.564655303955078,-0.0323323793709278,1.31598246097565,-0.0771894231438636,0.144038364291191,0.800165772438049,-0.577087044715881
0.564849972724915,-0.032102346420288,1.31594252586365,-0.0712044537067413,0.142462566494942,0.801134526729584,-0.576903760433197
0.564663350582123,-0.0319455415010452,1.31586301326752,-0.0748970955610275,0.145948126912117,0.800403475761414,-0.576579451560974
0.564881563186646,-0.0316919162869453,1.31573736667633,-0.0683844611048698,0.14410200715065,0.800729274749756,-0.577400088310242
0.564881563186646,-0.0316919162869453,1.31573736667633,-0.0683844611048698,0.14410200715065,0.800729274749756,-0.577400088310242
0.564638316631317,-0.0313583351671695,1.31566286087036,-0.070901483297348,0.149133741855621,0.801171362400055,-0.575201511383057
0.564696907997131,-0.0310614705085754,1.315598487854,-0.0699876993894577,0.149856373667717,0.801372826099396,-0.574844777584076
0.564563095569611,-0.0309663526713848,1.31531143188477,-0.0681960433721542,0.151190459728241,0.80181485414505,-0.574093818664551
0.564525902271271,-0.0308222509920597,1.31519460678101,-0.0665206611156463,0.152104094624519,0.802481234073639,-0.573117315769196
0.564429581165314,-0.0308331046253442,1.31510424613953,-0.0659741833806037,0.153994262218475,0.80231100320816,-0.572913825511932
0.564422607421875,-0.0305912513285875,1.31495916843414,-0.0643537640571594,0.155148431658745,0.803275167942047,-0.571433842182159
0.564251065254211,-0.0305032785981893,1.31478416919708,-0.0627903267741203,0.156851708889008,0.803740441799164,-0.57048773765564
0.56429660320282,-0.0302306301891803,1.31470513343811,-0.0620283186435699,0.158305928111076,0.803951442241669,-0.569871783256531
0.56407219171524,-0.0303718727082014,1.31449472904205,-0.058833010494709,0.15920540690422,0.804740846157074,-0.568844974040985
0.564026415348053,-0.0302976556122303,1.31437075138092,-0.0571446195244789,0.1606704890728,0.805196523666382,-0.567959666252136
0.564118504524231,-0.0300296507775783,1.31423997879028,-0.0594971440732479,0.160315930843353,0.80212014913559,-0.572155773639679
0.563686013221741,-0.0301209092140197,1.3140242099762,-0.0559599697589874,0.16237860918045,0.803993821144104,-0.569294095039368
0.563410222530365,-0.0298080649226903,1.3137845993042,-0.0539239197969436,0.162677213549614,0.804579555988312,-0.568577289581299
0.563089787960052,-0.0297917407006025,1.31363570690155,-0.0507052019238472,0.16279573738575,0.805299878120422,-0.567819356918335
0.563242077827454,-0.0303669217973947,1.31373929977417,-0.0475942008197307,0.165983363986015,0.806521892547607,-0.565426170825958
0.563202261924744,-0.0304714534431695,1.3136693239212,-0.0441669337451458,0.166948765516281,0.807669818401337,-0.563779175281525
0.56307065486908,-0.0306323021650314,1.31358337402344,-0.041598193347454,0.168028116226196,0.808461606502533,-0.562517702579498
0.563064277172089,-0.0308587625622749,1.31350886821747,-0.0399016477167606,0.16700479388237,0.807974100112915,-0.563644587993622
0.562865853309631,-0.0310238637030124,1.313521027565,-0.0362317152321338,0.168472543358803,0.809170842170715,-0.561735510826111
0.562825560569763,-0.0312381945550441,1.31353664398193,-0.0335123836994171,0.16875422000885,0.810450673103333,-0.559971988201141
0.562526226043701,-0.031731404364109,1.31360185146332,-0.029223047196865,0.170256286859512,0.81198251247406,-0.557533383369446
0.562466621398926,-0.0317208394408226,1.31359100341797,-0.0269683226943016,0.169692471623421,0.81302809715271,-0.556293606758118
0.562388956546783,-0.0321087874472141,1.31364953517914,-0.0238878410309553,0.170584976673126,0.814235866069794,-0.554391741752625
0.562215209007263,-0.0323622524738311,1.31367015838623,-0.020662285387516,0.17101289331913,0.815596878528595,-0.552385210990906
0.56207400560379,-0.0325483568012714,1.31367921829224,-0.0186764281243085,0.171815752983093,0.8166823387146,-0.550600290298462
0.561753988265991,-0.0328544862568378,1.31372261047363,-0.0123918931931257,0.173775166273117,0.820225656032562,-0.544865608215332
0.561717391014099,-0.0329854600131511,1.31376028060913,-0.0129823507741093,0.171216368675232,0.81928288936615,-0.547075867652893
0.561484158039093,-0.0332280062139034,1.31372547149658,-0.0103532541543245,0.170884296298027,0.820342898368835,-0.545645415782928
0.561490952968597,-0.0333094485104084,1.31375372409821,-0.0090691344812512,0.169946864247322,0.821260094642639,-0.544580221176147
0.561354398727417,-0.0334094017744064,1.31375551223755,-0.0077252541668713,0.16960634291172,0.822171807289124,-0.543330192565918
0.561283349990845,-0.0334582105278968,1.31372535228729,-0.0069415927864611,0.169086307287216,0.822776138782501,-0.542587518692017
0.56119841337204,-0.0336298383772373,1.3137834072113,-0.006187348626554,0.16898837685585,0.823611199855804,-0.541358828544617
0.56114798784256,-0.0333747565746307,1.31371164321899,-0.0062880013138055,0.168207749724388,0.824002861976624,-0.541004598140717
0.561000525951385,-0.0336965061724185,1.31374847888947,-0.0044694798998534,0.170635268092155,0.826114654541016,-0.537027359008789
0.561077415943146,-0.0337437614798545,1.31370306015015,-0.0047855335287749,0.170134037733078,0.826456785202026,-0.5366570353508
0.561129927635193,-0.0337293595075607,1.31360614299774,-0.0054392637684941,0.169919639825821,0.826508641242981,-0.536638915538788
0.561202645301819,-0.0337139777839183,1.31355738639832,-0.0067846849560737,0.169940441846848,0.826217710971832,-0.537064731121063
0.561295747756958,-0.0336934402585029,1.31351137161255,-0.0081994039937853,0.170229628682137,0.826142728328705,-0.537068843841553
0.561449110507965,-0.033700056374073,1.31345748901367,-0.0099455332383513,0.170421838760376,0.825786113739014,-0.537526547908783
0.561695396900177,-0.0337045043706893,1.31341862678528,-0.0132796633988618,0.168688043951988,0.823931097984314,-0.540838003158569
0.561956763267517,-0.0334703177213668,1.31338059902191,-0.0160000752657651,0.168749526143074,0.823075294494629,-0.542046785354614
0.562023162841797,-0.0336065925657749,1.31331598758698,-0.0178963113576173,0.169995933771133,0.822678029537201,-0.542201042175293
0.562200665473938,-0.0337465479969978,1.31334590911865,-0.0205016378313303,0.171003118157387,0.822334289550781,-0.542313456535339
0.56252259016037,-0.0336112156510353,1.31330549716949,-0.0233723651617765,0.171599671244621,0.821330845355988,-0.543528318405151
0.562662601470947,-0.0337118133902549,1.31324315071106,-0.0259511247277259,0.172525763511658,0.820406913757324,-0.544512569904327
0.562662601470947,-0.0337118133902549,1.31324315071106,-0.0259511247277259,0.172525763511658,0.820406913757324,-0.544512569904327
0.563191890716553,-0.0337522216141223,1.31318986415863,-0.0321548022329807,0.17422217130661,0.818137347698212,-0.547050356864929
0.563348948955536,-0.0340006947517395,1.31322991847992,-0.0348764061927795,0.175867393612862,0.817426443099976,-0.547419846057892
0.56366091966629,-0.0338504910469055,1.31318855285645,-0.0383277870714664,0.176567450165749,0.815639078617096,-0.549625277519226
0.563913941383362,-0.0341178551316261,1.31315290927887,-0.0397558249533176,0.177074030041695,0.815902650356293,-0.548969268798828
0.563873291015625,-0.0339594259858131,1.31312155723572,-0.0422972477972507,0.180682688951492,0.814814329147339,-0.549219846725464
0.564093828201294,-0.0342023819684982,1.31297814846039,-0.0461822114884853,0.179534286260605,0.812218487262726,-0.553114712238312
0.564300000667572,-0.0344226658344268,1.3129186630249,-0.0511065982282161,0.178404629230499,0.808999538421631,-0.557745218276978
0.564392566680908,-0.0346464551985263,1.31288862228394,-0.053510658442974,0.178676977753639,0.807559072971344,-0.559517085552216
0.564320981502533,-0.0349876508116722,1.31285238265991,-0.0524242520332336,0.180606320500374,0.807126045227051,-0.559625446796417
0.564493060112,-0.0351254232227802,1.31281793117523,-0.0557088404893875,0.179257333278656,0.806369125843048,-0.560831785202026
0.564493060112,-0.0351254232227802,1.31281793117523,-0.0557088404893875,0.179257333278656,0.806369125843048,-0.560831785202026
0.564312875270844,-0.035595666617155,1.31281805038452,-0.058973990380764,0.179401531815529,0.802751481533051,-0.565621197223663
0.56444376707077,-0.0358685068786144,1.31286764144897,-0.0607756674289703,0.176231920719147,0.801855742931366,-0.567693650722504
0.564080119132996,-0.0358038544654846,1.31279420852661,-0.0620381608605384,0.174076363444328,0.800991833209991,-0.569439172744751
0.564347267150879,-0.0366138406097888,1.31304848194122,-0.0623581781983375,0.17411270737648,0.800475776195526,-0.570118248462677
0.564269244670868,-0.0369907431304454,1.3131902217865,-0.0635489970445633,0.172347828745842,0.799667358398438,-0.571655333042145
0.564237773418427,-0.0374437570571899,1.31333231925964,-0.063969612121582,0.170393630862236,0.798868894577026,-0.57330846786499
0.564238667488098,-0.0379244647920131,1.31352818012238,-0.0652762949466705,0.169330328702927,0.798056423664093,-0.574606120586395
0.564165055751801,-0.038520261645317,1.31361997127533,-0.0641984567046165,0.166542917490005,0.797945022583008,-0.575695931911469
0.56399130821228,-0.0390793308615684,1.31386888027191,-0.0634756311774253,0.16562831401825,0.79693877696991,-0.577431201934814
0.563998341560364,-0.0395813062787056,1.3140572309494,-0.0638127326965332,0.163341328501701,0.796404957771301,-0.57878041267395
0.564087688922882,-0.0400378890335559,1.31426584720612,-0.0650671795010566,0.159898802638054,0.79774683713913,-0.577753067016602
0.563593924045563,-0.0401905551552772,1.31425976753235,-0.0642638579010963,0.1573386490345,0.795715928077698,-0.581335425376892
0.564014852046967,-0.0411909110844135,1.31459844112396,-0.0657676830887794,0.156153827905655,0.796881556510925,-0.579888224601746
0.564039349555969,-0.0417616069316864,1.31467342376709,-0.0652173608541488,0.15331220626831,0.796693205833435,-0.580966472625732
0.564032971858978,-0.0423938073217868,1.31473064422607,-0.0653710216283798,0.151194676756859,0.796552121639252,-0.581697225570679
0.564062416553497,-0.0429222323000431,1.31482255458832,-0.0663929358124733,0.148833051323891,0.795776784420013,-0.583249688148499
0.564053356647491,-0.0435441024601459,1.31488156318665,-0.0665575414896011,0.146745160222054,0.79584813117981,-0.583662450313568
0.564067780971527,-0.0441627576947212,1.3149082660675,-0.0666321143507957,0.144584193825722,0.796442925930023,-0.58338189125061
0.56380832195282,-0.0446410924196243,1.3149516582489,-0.0646538287401199,0.146421566605568,0.796987950801849,-0.582400858402252
0.563805818557739,-0.044819600880146,1.31470918655396,-0.0674906969070434,0.139106467366219,0.794895708560944,-0.586715817451477
0.563446044921875,-0.045487567782402,1.31463396549225,-0.0654667243361473,0.141071036458015,0.79751843214035,-0.582904398441315
0.563623547554016,-0.0460101440548896,1.31468307971954,-0.0664078444242477,0.139971777796745,0.796288013458252,-0.584742248058319
0.563733696937561,-0.0466895997524261,1.31457936763763,-0.0666701048612594,0.13841912150383,0.796914875507355,-0.584227681159973
0.563835263252258,-0.047324601560831,1.31446588039398,-0.0677265301346778,0.137438178062439,0.796711206436157,-0.584615588188171
0.5639888048172,-0.047988548874855,1.314408659935,-0.068631961941719,0.136295661330223,0.796488046646118,-0.585081160068512
0.564226388931274,-0.0485678948462009,1.31439697742462,-0.0700174942612648,0.135522648692131,0.795643746852875,-0.586244285106659
0.564266920089722,-0.0492477677762508,1.31436479091644,-0.0704141482710838,0.134070500731468,0.796561896800995,-0.585282981395721
0.564426124095917,-0.0496242754161357,1.31415390968323,-0.0717557147145271,0.13321940600872,0.795185148715973,-0.587183237075806
0.564624309539795,-0.0502624064683914,1.31411170959473,-0.0725122317671775,0.132528737187386,0.794970154762268,-0.58753776550293
0.564922571182251,-0.0510671064257621,1.31416571140289,-0.0734783932566642,0.132883131504059,0.794969975948334,-0.587337970733643
0.565078914165497,-0.0516997948288917,1.31410026550293,-0.0735591575503349,0.132223457098007,0.795591056346893,-0.58663535118103
0.565323293209076,-0.0521780513226985,1.31408369541168,-0.0750547423958778,0.131851002573967,0.794669210910797,-0.587778031826019
0.565785825252533,-0.0525726526975631,1.31397843360901,-0.0707784667611122,0.127872467041016,0.795406997203827,-0.588189423084259
0.565740644931793,-0.0531953573226928,1.31388437747955,-0.0762684568762779,0.13086062669754,0.794292330741882,-0.588352203369141
0.565983951091766,-0.0538783445954322,1.31395721435547,-0.0775200873613357,0.130567625164986,0.794389605522156,-0.588122367858887
0.566241025924683,-0.0543880462646484,1.3138724565506,-0.0787063539028167,0.13000363111496,0.794284224510193,-0.588232219219208
0.566438496112823,-0.0548523627221584,1.31376719474792,-0.0788137018680572,0.12990528345108,0.794320344924927,-0.588190793991089
0.566613078117371,-0.0551230534911155,1.31354141235352,-0.0797780454158783,0.128918722271919,0.793986320495605,-0.588728487491608
0.566981136798859,-0.0556890293955802,1.31339955329895,-0.0778240486979484,0.124610558152199,0.795206725597382,-0.588270366191864
0.567434370517731,-0.0562177933752536,1.3132358789444,-0.0786130875349044,0.124518655240536,0.794218838214874,-0.589518129825592
0.567773997783661,-0.0565138645470142,1.31333136558533,-0.0796181261539459,0.124104544520378,0.793908774852753,-0.589888155460358
0.568076550960541,-0.0568474531173706,1.31321740150452,-0.0755806043744087,0.125002115964889,0.795098543167114,-0.588625907897949
0.568317830562592,-0.0572923459112644,1.31308603286743,-0.0804623812437057,0.12293878942728,0.79383397102356,-0.590118229389191
0.568590998649597,-0.0576656870543956,1.31293416023254,-0.0806843712925911,0.12244787812233,0.793810188770294,-0.590222001075745
0.568904638290405,-0.0580430999398231,1.31283104419708,-0.0805060192942619,0.121866814792156,0.794094383716583,-0.589984357357025
0.568928837776184,-0.0581314712762832,1.31270694732666,-0.082515925168991,0.124607875943184,0.793515682220459,-0.589912593364716
0.569429159164429,-0.0586849823594093,1.31268525123596,-0.0826790705323219,0.124728567898273,0.793691277503967,-0.589628159999847
0.569885492324829,-0.0591354593634605,1.31268525123596,-0.0833340063691139,0.124421425163746,0.794449865818024,-0.588578224182129
0.570359587669373,-0.0594548769295215,1.31260120868683,-0.0810930728912353,0.120238691568375,0.794524013996124,-0.589659452438354
0.570719718933105,-0.0595421157777309,1.31246995925903,-0.0810295939445495,0.119992069900036,0.794262230396271,-0.590070843696594
0.571117877960205,-0.0597498305141925,1.3124372959137,-0.0813665837049484,0.119629494845867,0.794269740581512,-0.590088248252869
0.571335434913635,-0.0599774345755577,1.31234693527222,-0.083120010793209,0.123056776821613,0.793896019458771,-0.589641630649567
0.571716487407684,-0.0602361932396888,1.31233716011047,-0.0824673622846603,0.122570641338825,0.794890522956848,-0.588493585586548
0.57218873500824,-0.0602086037397384,1.31217288970947,-0.0810180753469467,0.117351554334164,0.794053256511688,-0.590884327888489
0.572614312171936,-0.0605853348970413,1.31227350234985,-0.0828883051872253,0.122013673186302,0.794029712677002,-0.589711010456085
0.572972893714905,-0.0606112107634544,1.31216740608215,-0.0822852924466133,0.120726555585861,0.794048011302948,-0.590035617351532
0.573759377002716,-0.0609424710273742,1.31235134601593,-0.0805034935474395,0.117193996906281,0.794248104095459,-0.590723931789398
0.574195027351379,-0.061090599745512,1.31235551834106,-0.0801537707448005,0.116453282535076,0.794167995452881,-0.591025590896606
0.574712157249451,-0.0612297058105468,1.31236362457275,-0.0790442004799842,0.11580827832222,0.79451584815979,-0.590834319591522
0.574712157249451,-0.0612297058105468,1.31236362457275,-0.0790442004799842,0.11580827832222,0.79451584815979,-0.590834319591522
0.575530111789703,-0.061583511531353,1.31230235099792,-0.0781964659690857,0.114687919616699,0.794289648532867,-0.591469347476959
0.575886785984039,-0.0617054849863052,1.31229043006897,-0.0774157643318176,0.113811925053596,0.793777108192444,-0.592428684234619
0.576112806797028,-0.0616757124662399,1.31219351291656,-0.0765443742275238,0.112657994031906,0.794546008110046,-0.591731190681458
0.579495131969452,-0.0625455155968666,1.31032764911652,-0.0745807588100433,0.122638300061226,0.783161282539368,-0.60502564907074
0.579739332199097,-0.0625558272004127,1.31023979187012,-0.0747111737728118,0.122056350111961,0.782716393470764,-0.605702579021454
0.580289006233215,-0.0625143200159072,1.3102468252182,-0.0729548335075378,0.121184550225735,0.782169461250305,-0.606797277927399
0.580530941486359,-0.0628794133663177,1.31040966510773,-0.075934886932373,0.125185012817383,0.781401634216309,-0.606608748435974
0.580530941486359,-0.0628794133663177,1.31040966510773,-0.075934886932373,0.125185012817383,0.781401634216309,-0.606608748435974
0.581352055072784,-0.0628808960318565,1.31028056144714,-0.0726603791117668,0.11932223290205,0.780677258968353,-0.609118819236755
0.581956088542938,-0.0630790516734123,1.31045651435852,-0.0725376233458519,0.119129024446011,0.780173063278198,-0.609816908836365
0.58231246471405,-0.0632015243172645,1.31041657924652,-0.0721595659852027,0.118563763797283,0.779599249362946,-0.610705196857452
0.582857847213745,-0.0632418245077133,1.31040573120117,-0.0721930712461471,0.118299886584282,0.778684496879578,-0.611918032169342
0.582857847213745,-0.0632418245077133,1.31040573120117,-0.0721930712461471,0.118299886584282,0.778684496879578,-0.611918032169342
0.583383858203888,-0.0633503124117851,1.31038928031921,-0.0741360411047935,0.120598666369915,0.776939749717712,-0.613452970981598
0.583783149719238,-0.0630922466516494,1.31016230583191,-0.071247398853302,0.1150116994977,0.776361107826233,-0.615596950054169
0.584328591823578,-0.0634793564677238,1.31036007404327,-0.0720036476850509,0.1160968542099,0.775679349899292,-0.61616450548172
0.584528684616089,-0.063137263059616,1.31021237373352,-0.0727766901254654,0.114400140941143,0.774396002292633,-0.618002474308014
0.584936559200287,-0.0631760209798812,1.31018316745758,-0.0716815218329429,0.113204970955849,0.773750483989716,-0.61915796995163
0.585285067558289,-0.0632116422057151,1.31021213531494,-0.0713226720690727,0.112698443233967,0.773000836372375,-0.620227456092834
0.585320830345154,-0.0633863806724548,1.30995714664459,-0.0721476152539253,0.115779928863048,0.772480607032776,-0.620212495326996
0.585986495018005,-0.0632556676864624,1.30996584892273,-0.0698559358716011,0.110721580684185,0.771573722362518,-0.622523128986359
0.586383581161499,-0.0631533861160278,1.31011390686035,-0.0698450207710266,0.109715230762958,0.770526170730591,-0.623998165130615
0.586844503879547,-0.063106894493103,1.31006705760956,-0.0700505971908569,0.109130024909973,0.769513964653015,-0.625325441360474
0.587226808071136,-0.0633273944258689,1.31008982658386,-0.0706292241811752,0.109457187354565,0.768482327461243,-0.626470744609833
0.587286531925201,-0.0632741004228591,1.31000280380249,-0.0697253048419952,0.108036004006863,0.767095148563385,-0.628515362739563
0.587451696395874,-0.0630194842815399,1.30990552902222,-0.0696087777614593,0.106643140316009,0.765779554843903,-0.630367815494537
0.587804079055786,-0.0632913261651992,1.30969631671906,-0.0709411948919296,0.110541395843029,0.765094876289368,-0.630379021167755
0.588190495967865,-0.0631128326058387,1.30998384952545,-0.0715458989143371,0.11000582575798,0.763508200645447,-0.632325172424316
0.588327765464783,-0.0629257410764694,1.30988740921021,-0.0711743235588073,0.108837507665157,0.762540698051453,-0.633735358715057
0.588675737380981,-0.062930092215538,1.30973505973816,-0.0686916038393974,0.103776790201664,0.761777222156525,-0.635772883892059
0.58875584602356,-0.0629357770085334,1.3096718788147,-0.0700074136257171,0.106865413486957,0.760611474514008,-0.636513233184814
0.589073479175568,-0.0629953891038894,1.30960440635681,-0.0678614005446434,0.102561168372631,0.759689092636108,-0.638551950454712
0.58943635225296,-0.0629443973302841,1.30961203575134,-0.0678083971142768,0.102318711578846,0.758732914924622,-0.639732122421265
0.589470744132996,-0.062922291457653,1.30953347682953,-0.0689840465784072,0.105304598808289,0.757663905620575,-0.640388667583466
0.589697539806366,-0.062895655632019,1.30952823162079,-0.0691758766770362,0.104548826813698,0.756415128707886,-0.641966044902802
0.589975774288177,-0.0629032701253891,1.30953502655029,-0.0688816756010055,0.104137361049652,0.75573468208313,-0.642865419387817
0.590243935585022,-0.0629108622670173,1.30922424793243,-0.0686675384640693,0.103875376284122,0.754662811756134,-0.644188463687897
0.590444624423981,-0.0629099085927009,1.30920648574829,-0.0685044452548027,0.103569701313972,0.753658473491669,-0.645429611206055
0.590662837028503,-0.0628182142972946,1.30921292304993,-0.0684291496872901,0.102785803377628,0.752670884132385,-0.646714210510254
0.590715169906616,-0.0627108737826347,1.30946242809296,-0.0680547282099723,0.101964019238949,0.751509249210358,-0.648232936859131
0.590715169906616,-0.0627108737826347,1.30946242809296,-0.0680547282099723,0.101964019238949,0.751509249210358,-0.648232936859131
0.591035604476929,-0.0628134384751319,1.30922937393188,-0.0669601559638977,0.10143830627203,0.750371038913727,-0.649746179580688
0.591381788253784,-0.0626912340521812,1.30913901329041,-0.067187450826168,0.10064522922039,0.749412059783936,-0.65095180273056
0.591353416442871,-0.0628000646829605,1.30915284156799,-0.0661044791340828,0.100219078361988,0.748767256736755,-0.651869773864746
0.591531872749329,-0.0626827478408813,1.30940163135529,-0.065863162279129,0.0996119976043701,0.748407125473022,-0.652400493621826
0.591736853122711,-0.0627637505531311,1.3093227148056,-0.0659247785806655,0.0994394198060035,0.746889710426331,-0.654157280921936
0.591791927814484,-0.0628014057874679,1.30938220024109,-0.0651401728391647,0.0984897762537002,0.746422231197357,-0.654912531375885
0.592128992080688,-0.0628042742609977,1.30948209762573,-0.0651667937636375,0.0983443260192871,0.745800673961639,-0.655639588832855
0.592399120330811,-0.0627908855676651,1.30941867828369,-0.0645612701773643,0.0979651734232902,0.745266497135162,-0.656363189220428
0.592424094676971,-0.0626768544316291,1.30927658081055,-0.0634731575846672,0.0966153666377067,0.744675874710083,-0.657339155673981
0.59255313873291,-0.0626876205205917,1.3092850446701,-0.0633408203721046,0.0961815044283866,0.744166672229767,-0.657991766929626
0.592656552791595,-0.0627712979912757,1.3092885017395,-0.0626556426286697,0.0954559892416,0.743622303009033,-0.658777892589569
0.592802464962006,-0.0628206431865692,1.30926895141602,-0.061811551451683,0.0950202345848083,0.74328601360321,-0.659300029277802
0.592936038970947,-0.0628757551312446,1.30923843383789,-0.0612057782709598,0.0949032753705978,0.742682814598083,-0.660052716732025
0.593020796775818,-0.0629898160696029,1.30916047096252,-0.0605164691805839,0.0947361439466476,0.742383897304535,-0.660476446151733
0.593020796775818,-0.0629898160696029,1.30916047096252,-0.0605164691805839,0.0947361439466476,0.742383897304535,-0.660476446151733
0.593475162982941,-0.0630136951804161,1.30902683734894,-0.0600757263600826,0.0941237956285476,0.741448223590851,-0.661654233932495
0.593625664710999,-0.063079610466957,1.30894684791565,-0.0596164539456367,0.0940729826688766,0.741251289844513,-0.66192352771759
0.593789517879486,-0.0631502941250801,1.30891466140747,-0.0591510757803916,0.0939727872610092,0.741024672985077,-0.662233173847198
0.593789517879486,-0.0631502941250801,1.30891466140747,-0.0591510757803916,0.0939727872610092,0.741024672985077,-0.662233173847198
0.594197332859039,-0.0631525442004203,1.30871546268463,-0.0585924349725246,0.0937626436352729,0.740208148956299,-0.663225054740906
0.594404339790344,-0.0631941109895706,1.30864989757538,-0.0584469884634017,0.0936775133013725,0.739874064922333,-0.663622617721558
0.594590067863464,-0.0632865279912948,1.30855929851532,-0.0579838119447231,0.0936467200517654,0.739596724510193,-0.663976550102234
0.594784617424011,-0.0633863806724548,1.30847787857056,-0.0571278184652328,0.0937529355287551,0.740338981151581,-0.663208067417145
0.595113337039948,-0.0635164752602577,1.30852591991425,-0.0578068494796752,0.0940801501274108,0.739769160747528,-0.663738608360291
0.595156073570251,-0.063424602150917,1.30835139751434,-0.0573535449802875,0.0938773676753044,0.738927066326141,-0.664743900299072
0.595468819141388,-0.0635775402188301,1.30841779708862,-0.0573683530092239,0.0944442227482795,0.73878687620163,-0.664818286895752
0.595624029636383,-0.0636407062411308,1.3083416223526,-0.0567648559808731,0.0948638170957565,0.738844096660614,-0.664746642112732
0.595829665660858,-0.0636316388845443,1.30832719802856,-0.0566365122795105,0.0949944481253624,0.73875629901886,-0.664836466312408
0.595984995365143,-0.0636230632662773,1.30827641487122,-0.0564711838960647,0.0949694365262985,0.738828241825104,-0.664774298667908
0.596061706542969,-0.0636665225028991,1.30821573734283,-0.0561098419129848,0.0950473621487617,0.738734364509583,-0.664898037910461
0.596190571784973,-0.0636645704507827,1.30817246437073,-0.0555907040834426,0.0951094180345535,0.738694965839386,-0.664976477622986
0.596297860145569,-0.0636331215500831,1.3081271648407,-0.0552225336432457,0.0953001528978347,0.738718628883362,-0.664953708648682
0.596222817897797,-0.0635348558425903,1.30799567699432,-0.0542415902018547,0.0949929729104042,0.738898873329163,-0.664877951145172
0.596371173858643,-0.0635518878698349,1.3079354763031,-0.0533749870955944,0.0951014310121536,0.739110112190247,-0.664697825908661
0.596417784690857,-0.063558429479599,1.30788767337799,-0.0527319870889186,0.0959641635417938,0.739298045635223,-0.664416074752808
0.596487939357758,-0.0635528489947319,1.30785059928894,-0.0523589290678501,0.0960538610816001,0.739467322826385,-0.664244294166565
0.596527099609375,-0.0635619163513183,1.30781817436218,-0.0516964942216873,0.0965460762381553,0.739822030067444,-0.663829505443573
0.596527099609375,-0.0635619163513183,1.30781817436218,-0.0516964942216873,0.0965460762381553,0.739822030067444,-0.663829505443573
0.596573054790497,-0.0634172558784484,1.30770063400269,-0.0500918142497539,0.0976912602782249,0.740107357501984,-0.663466930389404
0.596589744091034,-0.0633381456136703,1.30766451358795,-0.0492399148643016,0.0982309728860855,0.74041348695755,-0.663109362125397
0.596596896648407,-0.0632490813732147,1.30765497684479,-0.0484794564545154,0.0988158956170082,0.74059647321701,-0.662874102592468
0.596595346927643,-0.0631428807973861,1.30762195587158,-0.0475538074970245,0.0995586290955543,0.741062521934509,-0.662308931350708
0.596556305885315,-0.0630431175231933,1.30766546726227,-0.0463249646127224,0.100090086460113,0.741521120071411,-0.661802351474762
0.59649270772934,-0.0629279389977455,1.30766761302948,-0.045311439782381,0.101136192679405,0.741873204708099,-0.661319017410278
0.596478760242462,-0.0627878531813621,1.30767667293549,-0.0443776324391365,0.101963810622692,0.742364227771759,-0.660703718662262
0.596813797950745,-0.0628017708659172,1.30781781673431,-0.0442107059061527,0.104219473898411,0.742840468883514,-0.65982711315155
0.596745073795319,-0.0626737251877784,1.30773055553436,-0.0449425615370273,0.104566365480423,0.741634905338287,-0.661077797412872
0.596401274204254,-0.0622068904340267,1.30753564834595,-0.0435807555913925,0.104119032621384,0.742023348808289,-0.660803496837616
0.596335709095001,-0.0620727986097335,1.3074836730957,-0.0425958782434463,0.105506405234337,0.742803275585175,-0.659770607948303
0.596255600452423,-0.0619050003588199,1.30746102333069,-0.0414987616240978,0.106477282941341,0.7434321641922,-0.658975839614868
0.596154034137726,-0.0617086663842201,1.30750453472137,-0.0405366383492946,0.107726007699966,0.744369745254517,-0.657773196697235
0.596127152442932,-0.0613675937056541,1.30745077133179,-0.0395760051906108,0.108263425529003,0.745190620422363,-0.656813383102417
0.596051454544067,-0.0610510744154453,1.30744755268097,-0.0387731418013572,0.109278157353401,0.746077001094818,-0.65568608045578
0.596010446548462,-0.0608437210321426,1.30741405487061,-0.0348776243627071,0.110760241746902,0.748665332794189,-0.652699112892151
0.595924854278564,-0.0604031272232532,1.30754542350769,-0.0364827662706375,0.111198857426643,0.748067677021027,-0.653221726417542
0.595849394798279,-0.0600597113370895,1.30753660202026,-0.0355357155203819,0.111884899437428,0.748934388160706,-0.652162849903107
0.595722913742065,-0.0597562864422798,1.30758798122406,-0.0348335169255733,0.113425731658936,0.749732494354248,-0.651016592979431
0.59565794467926,-0.0594089329242706,1.30761587619781,-0.0313209667801857,0.114892937242985,0.75262975692749,-0.647585690021515
0.595517218112946,-0.0588577687740325,1.30763685703278,-0.0330327115952968,0.115216955542564,0.752073287963867,-0.648089230060577
0.595446467399597,-0.0583571940660476,1.30774259567261,-0.03255220875144,0.115609683096409,0.752768397331238,-0.647236108779907
0.59524929523468,-0.0582876726984977,1.30728232860565,-0.0300728529691696,0.117854341864586,0.754909157752991,-0.644451797008514
0.59522545337677,-0.057577334344387,1.30756139755249,-0.0303315427154302,0.118579648435116,0.755466103553772,-0.643653512001038
0.595249116420746,-0.0572338141500949,1.30725181102753,-0.0295298583805561,0.12031202018261,0.756294846534729,-0.64239490032196
0.595409274101257,-0.0568023547530174,1.30706119537354,-0.0262201130390167,0.122350700199604,0.759072124958038,-0.638867914676666
0.593176007270813,-0.0554822497069835,1.30899953842163,-0.0329410433769226,0.113370850682259,0.77118581533432,-0.625567257404327
0.593080520629883,-0.054986722767353,1.30900835990906,-0.0319847539067268,0.114582382142544,0.77204430103302,-0.624336004257202
0.592974126338959,-0.0544358417391777,1.30901956558228,-0.0318301282823085,0.116202466189861,0.772954404354095,-0.6229168176651
0.59296178817749,-0.0538172088563442,1.30909490585327,-0.0321922376751899,0.117793649435043,0.773508071899414,-0.62191116809845
0.592820525169373,-0.0533853024244308,1.30914032459259,-0.0309405811131,0.11939600110054,0.774576961994171,-0.620336830615997
0.592668950557709,-0.0527935996651649,1.30917978286743,-0.0310266185551881,0.121062442660332,0.775258183479309,-0.619157612323761
0.59252142906189,-0.0523216426372528,1.30895531177521,-0.0302612520754337,0.122845217585564,0.776249706745148,-0.617599844932556
0.592452466487885,-0.051668457686901,1.30893194675446,-0.0318069607019424,0.124567545950413,0.776760876178741,-0.616533815860748
0.592320203781128,-0.0512122623622417,1.30919921398163,-0.0321457460522651,0.126750007271767,0.777723133563995,-0.614855885505676
0.592200100421906,-0.050618078559637,1.30929863452911,-0.031506560742855,0.12797300517559,0.778520524501801,-0.613625466823578
0.592200100421906,-0.050618078559637,1.30929863452911,-0.031506560742855,0.12797300517559,0.778520524501801,-0.613625466823578
0.591880738735199,-0.0496464595198631,1.30904471874237,-0.0316493436694145,0.132879734039307,0.779419302940369,-0.611430168151855
0.591184020042419,-0.0484251715242862,1.30966174602509,-0.0330325439572334,0.13241770863533,0.779795110225677,-0.61097776889801
0.591184020042419,-0.0484251715242862,1.30966174602509,-0.0330325439572334,0.13241770863533,0.779795110225677,-0.61097776889801
0.591143369674683,-0.0467912554740905,1.30978298187256,-0.0353293120861053,0.135872155427933,0.780898988246918,-0.608676671981812
0.590960264205933,-0.0462412238121032,1.30979740619659,-0.0344201289117336,0.137140274047852,0.781799018383026,-0.607287526130676
0.590662121772766,-0.0456099659204483,1.30985355377197,-0.0350008755922317,0.138726070523262,0.782164633274078,-0.606422603130341
0.590588092803955,-0.0452305004000663,1.31001162528992,-0.035460777580738,0.141445353627205,0.782811343669891,-0.604931533336639
0.590311229228973,-0.0447144173085689,1.31004130840302,-0.0357093214988708,0.142645463347435,0.783504366874695,-0.603736877441406
0.590053617954254,-0.044044904410839,1.30990123748779,-0.0357846207916736,0.143996700644493,0.783811330795288,-0.603012681007385
0.589857518672943,-0.0434033349156379,1.3099639415741,-0.0364497900009155,0.145186543464661,0.784424424171448,-0.601889193058014
0.589616358280182,-0.0428237691521644,1.30999064445496,-0.0369576252996921,0.145687237381935,0.784840643405914,-0.601194322109222
0.589616358280182,-0.0428237691521644,1.30999064445496,-0.0369576252996921,0.145687237381935,0.784840643405914,-0.601194322109222
0.589199423789978,-0.0415482297539711,1.31008958816528,-0.0385542176663875,0.14824016392231,0.785674571990967,-0.599377930164337
0.588926553726196,-0.0410379953682422,1.31018197536469,-0.0384997352957725,0.149031594395638,0.786606073379517,-0.597961664199829
0.588684737682343,-0.0404852218925952,1.31023097038269,-0.0380095392465591,0.151042759418487,0.787323832511902,-0.596542119979858
0.588490664958954,-0.0398622415959835,1.31016945838928,-0.0382689125835895,0.15173713862896,0.787799119949341,-0.595721364021301
0.588127493858337,-0.0393618382513523,1.31012380123138,-0.0382797420024871,0.152810260653496,0.788604080677032,-0.594379782676697
0.587629556655884,-0.0387535504996776,1.30991470813751,-0.0376490838825702,0.153638646006584,0.789565086364746,-0.592929065227509
0.587498128414154,-0.0381552949547767,1.30991089344025,-0.0384681075811386,0.154194355010986,0.789933621883392,-0.592240989208221
0.587498128414154,-0.0381552949547767,1.30991089344025,-0.0384681075811386,0.154194355010986,0.789933621883392,-0.592240989208221
0.587331056594849,-0.0375966802239418,1.31068861484528,-0.0393945798277854,0.158181101083755,0.791832387447357,-0.588581621646881
0.587037563323975,-0.0368409343063831,1.31066906452179,-0.0381169356405735,0.159171804785728,0.793391823768616,-0.586294233798981
0.586751878261566,-0.0359952189028263,1.31057560443878,-0.0396017655730247,0.1587143689394,0.792949497699738,-0.58691793680191
0.586986899375916,-0.0358147695660591,1.31078338623047,-0.0414566434919834,0.158961474895477,0.791445434093475,-0.588750243186951
0.589038550853729,-0.0357263833284378,1.30841886997223,-0.0364180877804756,0.170164793729782,0.784077048301697,-0.595769286155701
0.588887393474579,-0.0353189148008823,1.30835366249084,-0.0378315784037113,0.169588029384613,0.783246040344238,-0.596937417984009
0.588476777076721,-0.0344690345227718,1.30837464332581,-0.0374154411256313,0.171961605548859,0.785347938537598,-0.593513071537018
0.588372111320496,-0.0340315625071525,1.30834174156189,-0.0359970405697822,0.173333987593651,0.787319123744965,-0.590582847595215
0.588372111320496,-0.0340315625071525,1.30834174156189,-0.0359970405697822,0.173333987593651,0.787319123744965,-0.590582847595215
0.587987422943115,-0.0325365290045738,1.30806279182434,-0.0379354916512966,0.171778738498688,0.787322998046875,-0.590910792350769
0.587851524353027,-0.0318959318101406,1.30804026126862,-0.0389456935226917,0.171916723251343,0.787460267543793,-0.590621948242188
0.587809443473816,-0.0312629602849483,1.30801963806152,-0.0404305532574653,0.171638324856758,0.787797212600708,-0.590153753757477
0.587622761726379,-0.0306046213954687,1.30801963806152,-0.0405963435769081,0.172760084271431,0.789076805114746,-0.588101804256439
0.587376654148102,-0.0300088953226804,1.30795204639435,-0.0410048365592956,0.173731163144112,0.789979636669159,-0.586573421955109
0.587331175804138,-0.0287891998887062,1.30761098861694,-0.0404052920639514,0.173660054802895,0.790592610836029,-0.585809588432312
0.58476322889328,-0.0278798155486583,1.31035423278809,-0.0457191057503223,0.166078269481659,0.801676154136658,-0.572401106357574
0.584486544132233,-0.0269216783344745,1.30970299243927,-0.0456517301499843,0.166079550981522,0.801599025726318,-0.572514176368713
0.584401965141296,-0.0262533705681562,1.30972218513489,-0.0459338873624801,0.166757211089134,0.802435517311096,-0.571121156215668
0.584274470806122,-0.0259917620569467,1.31031441688538,-0.0466021560132503,0.168924897909164,0.804102182388306,-0.568077802658081
0.584005832672119,-0.0249399803578853,1.30962538719177,-0.0469797141849994,0.169155105948448,0.804118037223816,-0.567955732345581
0.583866596221924,-0.0241301171481609,1.30993545055389,-0.0471923686563968,0.169874355196953,0.804699063301086,-0.566899418830872
0.584162771701813,-0.0239623915404081,1.31015431880951,-0.0478320717811584,0.172470778226852,0.805399477481842,-0.565064251422882
0.583990573883057,-0.0233345460146665,1.31012630462646,-0.0486585535109043,0.173972219228745,0.805967688560486,-0.563721776008606
0.583859026432037,-0.022863196209073,1.31023228168488,-0.0476199015974998,0.175485625863075,0.807239651679993,-0.561516940593719
0.583760499954224,-0.022278418764472,1.31024730205536,-0.0477103926241397,0.176563560962677,0.807882964611053,-0.560244798660278
0.583549439907074,-0.021495321765542,1.31005156040192,-0.0476680770516395,0.177322298288345,0.808351397514343,-0.559332251548767
0.583427429199219,-0.0204352475702762,1.31007647514343,-0.0488330833613872,0.17790350317955,0.808692097663879,-0.558554172515869
0.583289325237274,-0.0197010617703199,1.31006407737732,-0.0494343042373657,0.178503960371017,0.809247851371765,-0.557503879070282
0.583191871643066,-0.0189131367951631,1.31002521514893,-0.0501890629529953,0.179878413677215,0.809444189071655,-0.556708991527557
0.582965016365051,-0.0182075928896665,1.30999743938446,-0.0500499866902828,0.180259898304939,0.810070216655731,-0.55568653345108
0.582118988037109,-0.0170097928494215,1.30980551242828,-0.0497414097189903,0.179156556725502,0.810654878616333,-0.555218517780304
0.582416534423828,-0.0176186263561248,1.31026828289032,-0.049350555986166,0.183752045035362,0.811983823776245,-0.551798939704895
0.58221709728241,-0.0166220813989639,1.31030869483948,-0.0498069189488887,0.183958917856216,0.812584340572357,-0.550804018974304
0.581907331943512,-0.0161075163632631,1.31025683879852,-0.049649242311716,0.185176387429237,0.812866806983948,-0.549993097782135
0.581709980964661,-0.0149769997224211,1.3102502822876,-0.0503691770136356,0.184812620282173,0.81292462348938,-0.549964308738708
0.58136659860611,-0.0142754297703504,1.31015431880951,-0.0497445724904537,0.185460448265076,0.813514888286591,-0.548929393291473
0.581077933311462,-0.0137031050398945,1.31011497974396,-0.0477668158710002,0.186823487281799,0.81451553106308,-0.547156155109406
0.580870032310486,-0.0127784637734293,1.31034481525421,-0.0482586771249771,0.187376245856285,0.814396679401398,-0.547100901603699
0.580808579921722,-0.011285800486803,1.31025242805481,-0.0499514304101467,0.185958921909332,0.813471078872681,-0.548806846141815
0.58035284280777,-0.0101970043033361,1.30988168716431,-0.0495609007775783,0.18554000556469,0.813594460487366,-0.548801243305206
0.580181479454041,-0.0096531994640827,1.31049656867981,-0.0502819903194904,0.186732470989227,0.814055323600769,-0.547646462917328
0.579751908779144,-0.008554233238101,1.31004464626312,-0.0493378303945064,0.186840325593948,0.813352346420288,-0.548739075660706
0.579597771167755,-0.0072683575563132,1.31024587154388,-0.0506182499229908,0.186162039637566,0.812736630439758,-0.549764335155487
0.579038679599762,-0.0068520535714924,1.30992770195007,-0.0488267615437507,0.187221631407738,0.813389778137207,-0.548599362373352
0.57891446352005,-0.0057430355809628,1.31013858318329,-0.0494161620736122,0.187377199530602,0.812756180763245,-0.549431800842285
0.578537583351135,-0.0053174253553152,1.31049478054047,-0.0490521900355815,0.188869550824165,0.813655972480774,-0.547618567943573
0.578397512435913,-0.0037325697485357,1.31028974056244,-0.0500901155173778,0.188552424311638,0.812041163444519,-0.550025761127472
0.578086972236633,-0.0029396708123385,1.31023383140564,-0.0498782284557819,0.18888147175312,0.812489092350006,-0.54927009344101
0.577756404876709,-0.0017491325270384,1.31022143363953,-0.0501915588974952,0.189406603574753,0.811504662036896,-0.550514459609985
0.57742977142334,-0.0005096856039017,1.31026256084442,-0.0505461134016513,0.189337998628616,0.811055302619934,-0.5511674284935
0.577127575874329,0.0003748657181859,1.31030225753784,-0.0505458228290081,0.190660536289215,0.810532569885254,-0.551480293273926
0.577127575874329,0.0003748657181859,1.31030225753784,-0.0505458228290081,0.190660536289215,0.810532569885254,-0.551480293273926
0.57664692401886,0.0023487664293497,1.31051123142242,-0.0511749237775802,0.192711234092712,0.809731841087341,-0.551885724067688
0.57621967792511,0.0039548519998788,1.31032252311707,-0.0512883029878139,0.192391812801361,0.808859586715698,-0.553264141082764
0.575905919075012,0.004657223355025,1.31041026115417,-0.0511379614472389,0.194453567266464,0.808632433414459,-0.552889168262482
0.575640738010406,0.005594553425908,1.3104088306427,-0.0514209792017936,0.196016907691956,0.808212578296661,-0.552924752235413
0.575026094913483,0.0066469740122556,1.3104841709137,-0.0489138737320899,0.19957759976387,0.809763491153717,-0.549599230289459
0.574718534946442,0.0078660454601049,1.31007373332977,-0.05127889290452,0.197690576314926,0.807222962379456,-0.553787052631378
0.574422001838684,0.0091521237045526,1.31029367446899,-0.0510440394282341,0.198135048151016,0.80655425786972,-0.554623484611511
0.574015140533447,0.0103170108050107,1.31026673316956,-0.0522943250834941,0.198447808623314,0.806436717510223,-0.554566264152527
0.573783159255981,0.0120167322456836,1.31032717227936,-0.0529277734458446,0.1992177516222,0.805113077163696,-0.55615097284317
0.57322371006012,0.0129347518086433,1.31033897399902,-0.0528618991374969,0.201478600502014,0.804681777954102,-0.555966973304749
0.572833180427551,0.0141557939350605,1.31006669998169,-0.0528412647545337,0.202446177601814,0.80436098575592,-0.556081712245941
0.572504878044128,0.0154094956815242,1.31033384799957,-0.0537096671760082,0.203719064593315,0.803882598876953,-0.55622524023056
0.572058081626892,0.0167429037392139,1.31050372123718,-0.0537027306854724,0.204948917031288,0.804226934909821,-0.555275738239288
0.571490287780762,0.0181146953254938,1.31017863750458,-0.0542480386793613,0.205677315592766,0.801900744438171,-0.558309495449066
0.571061670780182,0.0195285007357597,1.31022083759308,-0.0547145158052444,0.207142472267151,0.801043152809143,-0.558952748775482
0.571061670780182,0.0195285007357597,1.31022083759308,-0.0547145158052444,0.207142472267151,0.801043152809143,-0.558952748775482
0.569880366325378,0.0220115948468446,1.31030237674713,-0.054915253072977,0.209698155522346,0.79999703168869,-0.559478223323822
0.569880366325378,0.0220115948468446,1.31030237674713,-0.054915253072977,0.209698155522346,0.79999703168869,-0.559478223323822
0.569083213806152,0.0248243696987628,1.31082916259766,-0.0563616976141929,0.212480828166008,0.798663556575775,-0.560188949108124
0.568469226360321,0.0261996835470199,1.31060326099396,-0.0550417676568031,0.212874963879585,0.798022389411926,-0.561083674430847
0.568076372146606,0.0278985910117626,1.31087410449982,-0.0560820214450359,0.214434534311295,0.796650171279907,-0.562335431575775
0.567044198513031,0.0296253841370344,1.3104202747345,-0.0553367137908935,0.213539823889732,0.796615898609161,-0.562798202037811
0.566637635231018,0.0311396960169076,1.31059575080872,-0.0528162121772766,0.215266585350037,0.796862959861755,-0.562032222747803
0.56625497341156,0.0326828062534332,1.31088447570801,-0.0532527863979339,0.216723591089249,0.795370280742645,-0.563543498516083
0.56625497341156,0.0326828062534332,1.31088447570801,-0.0532527863979339,0.216723591089249,0.795370280742645,-0.563543498516083
0.565159678459167,0.0356597676873207,1.31098020076752,-0.0542334131896495,0.218808814883232,0.792282164096832,-0.566983640193939
0.564575016498566,0.0370294041931629,1.31110811233521,-0.0534111335873603,0.221411615610123,0.791829168796539,-0.566684007644653
0.563863337039948,0.0385722704231739,1.31104302406311,-0.0515017285943031,0.223523914813995,0.790275156497955,-0.568198680877686
0.563327193260193,0.0399114415049552,1.31123530864716,-0.0513867698609828,0.225045129656792,0.789400994777679,-0.568823575973511
0.562896251678467,0.0416169539093971,1.31123805046082,-0.0543740801513195,0.225285962224007,0.788200497627258,-0.570113897323608
0.562149524688721,0.0432287752628326,1.31100618839264,-0.0538550242781639,0.225351199507713,0.787775456905365,-0.570724368095398
0.561658322811127,0.0447112545371055,1.31126582622528,-0.0521419160068035,0.2271868288517,0.785962224006653,-0.572652459144592
0.560978829860687,0.0462140664458274,1.31117022037506,-0.0528162084519863,0.22927263379097,0.785465955734253,-0.572440385818481
0.56042069196701,0.0478442050516605,1.31115770339966,-0.0526981353759765,0.230099394917488,0.784376740455627,-0.573611795902252
0.559457182884216,0.0494337230920791,1.31091523170471,-0.0501357950270175,0.232686400413513,0.782521605491638,-0.575329005718231
0.559065580368042,0.0509859770536422,1.31109273433685,-0.0517292097210884,0.232802391052246,0.781673192977905,-0.576293408870697
0.558370590209961,0.0525496564805507,1.31107723712921,-0.0498043075203895,0.234073117375374,0.780548453330994,-0.577471733093262
0.557706415653229,0.0542782545089721,1.31103467941284,-0.0508368276059627,0.240265682339668,0.778455197811127,-0.577664017677307
0.55687403678894,0.0560159757733345,1.31078791618347,-0.0498047582805156,0.23686933517456,0.777630865573883,-0.580260872840881
0.556236922740936,0.0572917908430099,1.31079876422882,-0.0490838102996349,0.239348620176315,0.776412308216095,-0.580936372280121
0.555418848991394,0.0589759945869445,1.31081676483154,-0.0486271493136882,0.245483934879303,0.774424970149994,-0.581067204475403
0.55460512638092,0.060613565146923,1.3106495141983,-0.0471511296927928,0.241016149520874,0.774461388587952,-0.583007335662842
0.553888142108917,0.0625201538205146,1.3108274936676,-0.047307476401329,0.242612898349762,0.772886276245117,-0.58442085981369
0.553069114685059,0.0641402006149292,1.31095206737518,-0.0459224507212638,0.244218900799751,0.771828353404999,-0.585260033607483
0.553069114685059,0.0641402006149292,1.31095206737518,-0.0459224507212638,0.244218900799751,0.771828353404999,-0.585260033607483
0.551646947860718,0.0670755803585052,1.31121850013733,-0.0457090362906456,0.248949199914932,0.769327044487,-0.586575508117676
0.550700485706329,0.0682837665081024,1.31119430065155,-0.0453717149794101,0.251406371593475,0.768551290035248,-0.586570680141449
0.54973977804184,0.0700085759162902,1.31114459037781,-0.0464850030839443,0.258336067199707,0.766509890556335,-0.586143672466278
0.548897266387939,0.0715327262878418,1.3111891746521,-0.04500013589859,0.255110651254654,0.765681624412537,-0.588748931884766
0.548897266387939,0.0715327262878418,1.3111891746521,-0.04500013589859,0.255110651254654,0.765681624412537,-0.588748931884766
0.546999037265778,0.0747233629226684,1.31087446212769,-0.0434879399836063,0.258556932210922,0.763669371604919,-0.589971423149109
0.546153247356415,0.076259396970272,1.31082892417908,-0.0435586348176002,0.26036524772644,0.762269735336304,-0.590980231761932
0.54518461227417,0.0777972489595413,1.31074118614197,-0.0440016165375709,0.263163417577743,0.760502338409424,-0.591984152793884
0.5441614985466,0.0793626308441162,1.31054997444153,-0.043858379125595,0.264893382787704,0.75967812538147,-0.592281341552734
0.543153703212738,0.0813670754432678,1.31037747859955,-0.0446091443300247,0.265245646238327,0.758297622203827,-0.593834638595581
0.542230606079102,0.0825292021036148,1.31022202968597,-0.0446954555809497,0.273803234100342,0.755955398082733,-0.592929661273956
0.541167795658112,0.0839367061853408,1.30997562408447,-0.0440663620829582,0.275494068861008,0.754906713962555,-0.593529284000397
0.540211319923401,0.085531085729599,1.3098109960556,-0.0437581352889537,0.272242903709412,0.754845976829529,-0.595127463340759
0.539253234863281,0.0870180428028106,1.30986738204956,-0.0440932996571064,0.274063497781753,0.753752589225769,-0.59565258026123
0.538120806217194,0.0882088914513588,1.30959320068359,-0.0429921299219131,0.276885956525803,0.752274453639984,-0.596295952796936
0.537110507488251,0.0899324417114257,1.30938184261322,-0.0449064448475837,0.282596409320831,0.750349938869476,-0.59590071439743
0.536103487014771,0.0914514884352684,1.30924165248871,-0.0453137680888175,0.284650444984436,0.749173760414124,-0.596372008323669
0.534788727760315,0.0928169637918472,1.30850338935852,-0.0443438775837421,0.284872382879257,0.749355316162109,-0.596110582351685
0.533761858940125,0.0939620584249496,1.30865001678467,-0.042640708386898,0.28278261423111,0.748271882534027,-0.598586022853851
0.532928645610809,0.0954717621207237,1.3085789680481,-0.0440229810774326,0.285390704870224,0.746677577495575,-0.599238634109497
0.532115817070007,0.0966566354036331,1.30759692192078,-0.0442257672548294,0.286990374326706,0.746267855167389,-0.59896993637085
0.530995965003967,0.0978150814771652,1.30732870101929,-0.0442702360451221,0.289350718259811,0.745515525341034,-0.598767876625061
0.530995965003967,0.0978150814771652,1.30732870101929,-0.0442702360451221,0.289350718259811,0.745515525341034,-0.598767876625061
0.52883118391037,0.100592620670795,1.30678939819336,-0.0458634980022907,0.29333022236824,0.742330729961395,-0.60066545009613
0.527744650840759,0.102160647511482,1.30653595924377,-0.0475646741688251,0.295415103435516,0.740805327892303,-0.601394295692444
0.526540398597717,0.103437095880508,1.30568742752075,-0.0472653433680534,0.301059275865555,0.738447189331055,-0.601519107818604
0.525428950786591,0.104806780815124,1.30531013011932,-0.0490150712430477,0.303505003452301,0.736643731594086,-0.602360606193542
0.524344980716705,0.106143176555634,1.30509161949158,-0.0495081767439842,0.305701345205307,0.735049188137054,-0.603156983852386
0.523333966732025,0.107489034533501,1.30470860004425,-0.0496614165604114,0.306868106126785,0.733482599258423,-0.60445761680603
0.522171318531036,0.108342960476875,1.304279088974,-0.0497155860066413,0.304752916097641,0.733231902122498,-0.605825841426849
0.522171318531036,0.108342960476875,1.304279088974,-0.0497155860066413,0.304752916097641,0.733231902122498,-0.605825841426849
0.519704520702362,0.111077398061752,1.30400907993317,-0.0518504567444324,0.307680636644363,0.729800462722778,-0.608305394649506
0.518740355968475,0.112365216016769,1.30368626117706,-0.0534343793988227,0.314444988965988,0.726526141166687,-0.608628690242767
0.517638206481934,0.113374158740044,1.30334770679474,-0.0537766441702842,0.316306233406067,0.725248336791992,-0.609157860279083
0.516674220561981,0.114560678601265,1.30289530754089,-0.0542183145880699,0.318560034036636,0.723303318023682,-0.61025595664978
0.515591621398926,0.11547939479351,1.3025689125061,-0.0540132150053978,0.315141499042511,0.72283148765564,-0.612603604793549
0.514757692813873,0.116755396127701,1.30237889289856,-0.0558063648641109,0.322275757789612,0.719540774822235,-0.612605273723602
0.513677537441254,0.117658630013466,1.30209374427795,-0.0545619502663612,0.318647265434265,0.718432486057281,-0.615907311439514
0.51282662153244,0.118728652596474,1.30206143856049,-0.0545087978243827,0.321604251861572,0.716859936714172,-0.616207182407379
0.511841714382172,0.11983609944582,1.30164551734924,-0.0538987219333648,0.326896071434021,0.714236497879028,-0.616522669792175
0.510481536388397,0.120317846536636,1.30131924152374,-0.0506160892546176,0.328941106796265,0.717868983745575,-0.611473560333252
0.509566068649292,0.121472746133804,1.30103814601898,-0.0524073988199234,0.324458599090576,0.712098002433777,-0.620400190353394
0.509566068649292,0.121472746133804,1.30103814601898,-0.0524073988199234,0.324458599090576,0.712098002433777,-0.620400190353394
0.507727086544037,0.122930020093918,1.30056202411652,-0.0511690229177475,0.327597618103027,0.7085280418396,-0.622936308383942
0.506811738014221,0.123958557844162,1.30030083656311,-0.0510104969143867,0.328395456075668,0.706351697444916,-0.624997317790985
0.505975961685181,0.124708615243435,1.30012655258179,-0.0511638224124908,0.330620288848877,0.703300476074219,-0.627248764038086
0.504967331886292,0.12540639936924,1.29975461959839,-0.0507695637643337,0.331724375486374,0.702084362506866,-0.6280597448349
0.504205048084259,0.126353666186333,1.29963171482086,-0.052443791180849,0.332264214754105,0.701159358024597,-0.628669917583466
0.503361880779266,0.126810610294342,1.2994122505188,-0.0514902584254741,0.333774507045746,0.699604988098145,-0.629679441452026
0.502468645572662,0.127359062433243,1.29912865161896,-0.0509165488183498,0.334935516119003,0.698487758636475,-0.630349576473236
0.501850008964539,0.128047332167625,1.29889369010925,-0.0501077026128768,0.33673831820488,0.697021245956421,-0.63107693195343
0.50104022026062,0.128667756915092,1.29895198345184,-0.0483885630965232,0.343724936246872,0.699050426483154,-0.625172138214111
0.500177502632141,0.129006624221802,1.29878628253937,-0.0477197133004665,0.344205945730209,0.698493957519531,-0.625580668449402
0.50039941072464,0.130611851811409,1.2982861995697,-0.0527567751705646,0.343705773353577,0.695529103279114,-0.628746688365936
0.499897718429565,0.131391525268555,1.29815828800201,-0.0541385971009731,0.339902430772781,0.689483523368835,-0.63729727268219
0.499405920505524,0.131633654236793,1.29797232151031,-0.05497907102108,0.341004014015198,0.688368856906891,-0.637841522693634
0.498608201742172,0.131908267736435,1.29781520366669,-0.054252553731203,0.346838563680649,0.692708253860474,-0.630011916160583
0.49806147813797,0.132566019892693,1.2977249622345,-0.0540552623569965,0.347719341516495,0.691656947135925,-0.630697965621948
0.497500002384186,0.132887065410614,1.29766488075256,-0.054875198751688,0.347917914390564,0.690329670906067,-0.631970643997192
0.496807038784027,0.132831275463104,1.297767162323,-0.0537274330854415,0.349182784557342,0.689773559570312,-0.631978809833527
0.496855288743973,0.133997619152069,1.29741978645325,-0.056991409510374,0.34269779920578,0.680853664875031,-0.644785523414612
0.496361672878265,0.134564325213432,1.29738450050354,-0.0577786602079868,0.342648565769196,0.680040001869202,-0.645600020885468
0.496361672878265,0.134564325213432,1.29738450050354,-0.0577786602079868,0.342648565769196,0.680040001869202,-0.645600020885468
0.495507895946503,0.135458305478096,1.29726433753967,-0.0600224547088146,0.34213399887085,0.677468657493591,-0.648365616798401
0.494674026966095,0.13530270755291,1.29716360569,-0.0570669770240783,0.345926910638809,0.680467545986176,-0.643460690975189
0.494219869375229,0.135534197092056,1.2970860004425,-0.0573424063622951,0.346206456422806,0.680405914783478,-0.643351197242737
0.493632555007935,0.135719507932663,1.29707670211792,-0.0566310510039329,0.351469933986664,0.684463441371918,-0.636216580867767
0.49321112036705,0.136186331510544,1.29708969593048,-0.0573475658893585,0.351277589797974,0.683735609054565,-0.637040793895721
0.492710620164871,0.136231437325478,1.29706501960754,-0.0582345351576805,0.350535362958908,0.683434724807739,-0.637691736221313
0.492269188165665,0.136497959494591,1.29700899124146,-0.0573081746697425,0.351049304008484,0.683146119117737,-0.637802064418793
0.492269188165665,0.136497959494591,1.29700899124146,-0.0573081746697425,0.351049304008484,0.683146119117737,-0.637802064418793
0.491723120212555,0.136631578207016,1.29682970046997,-0.0588975027203559,0.351771861314774,0.681629419326782,-0.638881087303162
0.491284191608429,0.137178406119347,1.29699337482452,-0.0595654807984828,0.345778495073318,0.676350057125092,-0.647641718387604
0.491064697504044,0.136938482522964,1.29676532745361,-0.0587598830461502,0.352109223604202,0.680995225906372,-0.639384090900421
0.490543007850647,0.137018114328384,1.29694807529449,-0.0587503314018249,0.351991355419159,0.680753469467163,-0.639707207679749
0.490323960781097,0.137269720435142,1.29690337181091,-0.0598072931170463,0.346182405948639,0.674918532371521,-0.648895978927612
0.490060091018677,0.137335032224655,1.29688811302185,-0.0596520826220512,0.346302628517151,0.674673020839691,-0.649101257324219
0.489697873592377,0.137289330363274,1.29691338539124,-0.0595829375088214,0.351241499185562,0.679412722587585,-0.641465246677399
0.489460736513138,0.137316718697548,1.29691314697266,-0.0591725632548332,0.351453512907028,0.679262042045593,-0.641546487808228
0.48932871222496,0.137372180819511,1.29693937301636,-0.0604429133236408,0.351556807756424,0.678389549255371,-0.642294347286224
0.489095568656921,0.137444615364075,1.29695868492126,-0.0614653825759887,0.345559328794479,0.673397839069366,-0.650650382041931
0.488906770944595,0.137458920478821,1.29699492454529,-0.0618622191250324,0.345135986804962,0.673156917095184,-0.651086807250977
0.488702684640884,0.137330234050751,1.29697370529175,-0.0609391219913959,0.35065883398056,0.677693009376526,-0.643472671508789
0.488538086414337,0.137287855148315,1.29700481891632,-0.0611379742622375,0.34991455078125,0.677662491798401,-0.643890917301178
0.488398849964142,0.137236446142197,1.29705667495728,-0.0614753812551498,0.349544376134872,0.677517473697662,-0.644212365150452
0.488285899162292,0.13720315694809,1.29708564281464,-0.0610624104738235,0.349618315696716,0.677235186100006,-0.644508242607117
0.488285899162292,0.13720315694809,1.29708564281464,-0.0610624104738235,0.349618315696716,0.677235186100006,-0.644508242607117
0.488127917051315,0.136869058012962,1.29719686508179,-0.0617862269282341,0.348435968160629,0.677255749702454,-0.645057857036591
0.48821023106575,0.136884421110153,1.29722309112549,-0.0631633847951889,0.342340975999832,0.672458589076996,-0.653155863285065
0.488200426101685,0.136778518557548,1.29727268218994,-0.06349678337574,0.342133164405823,0.672313928604126,-0.653381109237671
0.488201647996902,0.136505231261253,1.29737138748169,-0.0633413419127464,0.341253876686096,0.672426402568817,-0.653740286827087
0.48821347951889,0.136451154947281,1.29748511314392,-0.062470693141222,0.340125471353531,0.672675013542175,-0.65415632724762
0.48799392580986,0.135946124792099,1.29765892028809,-0.0605467073619365,0.344975918531418,0.677719295024872,-0.646546542644501
0.488198697566986,0.135737195611,1.29771113395691,-0.0616706274449825,0.338899672031403,0.673015475273132,-0.654518187046051
0.488194853067398,0.13501250743866,1.29782211780548,-0.0607131235301494,0.343686938285828,0.678434491157532,-0.646467268466949
0.488303333520889,0.134669587016106,1.29797756671906,-0.0610227026045322,0.342770516872406,0.678495347499847,-0.646860539913177
0.488479673862457,0.134276732802391,1.2980774641037,-0.0612768046557903,0.342565298080444,0.678147375583649,-0.647309839725494
0.488791346549988,0.134088277816772,1.29824078083038,-0.0622233934700489,0.335142493247986,0.674265086650848,-0.655114054679871
0.489187508821487,0.133819729089737,1.29840731620789,-0.062754712998867,0.338845074176788,0.676164150238037,-0.651189625263214
0.48955225944519,0.133248254656792,1.2985622882843,-0.0628637075424194,0.332981139421463,0.67155909538269,-0.658923447132111
0.489428609609604,0.132250592112541,1.29882097244263,-0.0602710805833339,0.338573306798935,0.679878950119019,-0.647688388824463
0.489897489547729,0.131984680891037,1.29910922050476,-0.0619794018566608,0.331974804401398,0.674899280071259,-0.656096160411835
0.490137070417404,0.131175816059112,1.29937827587128,-0.0608372874557971,0.337236762046814,0.68076479434967,-0.647402107715607
0.49052882194519,0.130158856511116,1.29952347278595,-0.0597576163709163,0.337106108665466,0.681406319141388,-0.646895587444305
0.490951597690582,0.129455476999283,1.29971957206726,-0.0591923482716083,0.336332648992538,0.681912779808044,-0.646816551685333
0.491466224193573,0.128960192203522,1.29999232292175,-0.0605852678418159,0.334417581558227,0.681803286075592,-0.647795140743256
0.491864234209061,0.127970114350319,1.30019879341125,-0.0598410218954086,0.333166211843491,0.682674467563629,-0.647591650485992
0.492520570755005,0.12728825211525,1.30047285556793,-0.0613570176064968,0.326361209154129,0.678783535957336,-0.65496301651001
0.492836833000183,0.126444846391678,1.30068802833557,-0.0608512908220291,0.330359488725662,0.683601081371307,-0.647957742214203
0.493399530649185,0.125681921839714,1.30090415477753,-0.0610647685825824,0.328470975160599,0.684413909912109,-0.648039579391479
0.493399530649185,0.125681921839714,1.30090415477753,-0.0610647685825824,0.328470975160599,0.684413909912109,-0.648039579391479
0.494686365127563,0.123809821903706,1.30142652988434,-0.0613285973668098,0.325616151094437,0.685905873775482,-0.647878170013428
0.495532304048538,0.122963279485703,1.30173099040985,-0.0630731210112571,0.318368434906006,0.681519508361816,-0.655892193317413
0.496052503585815,0.122228935360908,1.3020031452179,-0.0617836490273475,0.321643888950348,0.687010526657104,-0.648648262023926
0.496671706438065,0.121070496737957,1.30222916603088,-0.0615881718695163,0.319983959197998,0.688203752040863,-0.648222744464874
0.497582942247391,0.120001584291458,1.3024001121521,-0.0625818967819213,0.312922060489654,0.684455037117004,-0.655503332614899
0.498302519321442,0.119073197245598,1.30276525020599,-0.0617793798446655,0.316489309072495,0.688535451889038,-0.64956659078598
0.499185740947723,0.117657095193863,1.30297112464905,-0.0630502700805664,0.309525549411774,0.686503112316132,-0.654929161071777
0.499766021966934,0.116610862314701,1.30327951908112,-0.0608998164534568,0.313732534646988,0.69083446264267,-0.648545205593109
0.499777972698212,0.115795388817787,1.30336558818817,-0.0629812553524971,0.30219355225563,0.68780642747879,-0.65698915719986
0.501621842384338,0.114323660731316,1.30394244194031,-0.0650260299444198,0.304024577140808,0.688606202602386,-0.655104756355286
0.502425670623779,0.112751170992851,1.3041615486145,-0.0645802766084671,0.301845967769623,0.68981260061264,-0.654886960983276
0.502532124519348,0.111424840986729,1.3044958114624,-0.0635260194540023,0.298312157392502,0.691146433353424,-0.655202984809875
0.503460466861725,0.110139563679695,1.30481576919556,-0.0642557963728904,0.296756744384766,0.692192375659943,-0.654733777046204
0.504220902919769,0.10892117023468,1.30487871170044,-0.0638433694839477,0.294434517621994,0.692421913146973,-0.655579209327698
0.505234003067017,0.107309237122536,1.30545282363892,-0.0647831559181213,0.293450355529785,0.694566130638123,-0.653657376766205
0.505895495414734,0.105628192424774,1.30586040019989,-0.0639900788664817,0.296443611383438,0.699994564056396,-0.646555483341217
0.507037103176117,0.104362279176712,1.30619597434998,-0.0649961680173873,0.289812982082367,0.696801960468292,-0.652878999710083
0.508250057697296,0.102985680103302,1.30660653114319,-0.0659680217504501,0.288126200437546,0.697811722755432,-0.652449429035187
0.50889390707016,0.101151958107948,1.30686545372009,-0.065270721912384,0.290341854095459,0.703299522399902,-0.645609080791473
0.510070204734802,0.099282294511795,1.30716788768768,-0.0666930228471756,0.284214973449707,0.700741112232208,-0.650949954986572
0.511167347431183,0.0977659523487091,1.30808389186859,-0.0679357573390007,0.282352149486542,0.700618505477905,-0.651763498783112
0.511989057064056,0.0959850847721099,1.30814349651337,-0.0677308067679405,0.280228853225708,0.702256381511688,-0.650938212871552
0.512592911720276,0.0945713371038436,1.30805253982544,-0.0669834166765213,0.281729072332382,0.70816570520401,-0.643928050994873
0.513780415058136,0.092962697148323,1.3083690404892,-0.0683879032731056,0.27496212720871,0.705641686916351,-0.649452567100525
0.514337837696075,0.0908581614494323,1.30855250358582,-0.0671622902154922,0.277526289224625,0.711345016956329,-0.64222776889801
0.515440583229065,0.0893097817897796,1.30881595611572,-0.06964061409235,0.269493520259857,0.70880115032196,-0.648169934749603
0.516300082206726,0.0874623209238052,1.30901300907135,-0.0697772800922393,0.267136007547378,0.709901690483093,-0.64792662858963
0.516300082206726,0.0874623209238052,1.30901300907135,-0.0697772800922393,0.267136007547378,0.709901690483093,-0.64792662858963
0.517995119094849,0.0839643329381942,1.3094117641449,-0.0701366290450096,0.261255204677582,0.713351249694824,-0.646495580673218
0.518849432468414,0.0821177214384079,1.30960643291473,-0.0700990185141563,0.258094638586044,0.714809477329254,-0.646158337593079
0.51980048418045,0.0802203863859176,1.30969893932343,-0.0702678635716438,0.255711406469345,0.716244041919708,-0.645498633384705
0.51980048418045,0.0802203863859176,1.30969893932343,-0.0702678635716438,0.255711406469345,0.716244041919708,-0.645498633384705
0.521186769008636,0.0762165561318397,1.31033945083618,-0.0694087520241737,0.250902742147446,0.720337688922882,-0.642918288707733
0.521982252597809,0.0741510316729545,1.31045484542847,-0.0699455216526985,0.24813137948513,0.722457468509674,-0.641555786132812
0.522687017917633,0.0724853575229644,1.31057572364807,-0.0700023397803306,0.244669586420059,0.723868191242218,-0.641288816928864
0.523567616939545,0.0706374123692512,1.31063365936279,-0.069973848760128,0.24187895655632,0.725892126560211,-0.640061736106873
0.524507939815521,0.0682787969708442,1.31053447723389,-0.0691863372921943,0.240052133798599,0.728204250335693,-0.638205885887146
0.525137066841125,0.0664413198828697,1.31037139892578,-0.0686904937028884,0.236761122941971,0.730319499969482,-0.637070834636688
0.526054084300995,0.0645535886287689,1.31046760082245,-0.0691459029912948,0.234037980437279,0.732605040073395,-0.635401546955109
0.526725947856903,0.0629878789186477,1.31121563911438,-0.0700745806097984,0.231181100010872,0.732432126998901,-0.636543929576874
0.527780055999756,0.0607299730181694,1.31107401847839,-0.0695531368255615,0.230231612920761,0.734026074409485,-0.635107636451721
0.528656780719757,0.0593462288379669,1.31140947341919,-0.0723238885402679,0.231979995965958,0.734678506851196,-0.633405089378357
0.529638230800629,0.057169385254383,1.31147539615631,-0.0702597126364708,0.225123912096024,0.736838400363922,-0.633602380752563
0.529638230800629,0.057169385254383,1.31147539615631,-0.0702597126364708,0.225123912096024,0.736838400363922,-0.633602380752563
0.531369030475616,0.053565114736557,1.3116238117218,-0.0706918612122535,0.21978548169136,0.74057012796402,-0.631072759628296
0.532248020172119,0.0520922131836414,1.31186699867249,-0.072321131825447,0.217419162392616,0.741240918636322,-0.630920469760895
0.533295035362244,0.0499801710247993,1.31199681758881,-0.0726939514279365,0.216378405690193,0.742686033248901,-0.629534244537354
0.534128248691559,0.0481759309768676,1.3119865655899,-0.0733945667743682,0.214250668883324,0.744738817214966,-0.627753138542175
0.535019218921661,0.0463352985680103,1.31212937831879,-0.0735683143138885,0.212901651859283,0.7460036277771,-0.62668913602829
0.53557938337326,0.0446825698018074,1.31203758716583,-0.0729842856526374,0.20935346186161,0.747600913047791,-0.626048982143402
0.536603510379791,0.0431320965290069,1.31211066246033,-0.0734845176339149,0.207221105694771,0.748377978801727,-0.625771403312683
0.537310779094696,0.0415611676871776,1.31197202205658,-0.0732137337327003,0.204727709293365,0.749465644359589,-0.625321984291077
0.538433730602264,0.0394423380494117,1.31181645393372,-0.072762057185173,0.204374179244041,0.75143027305603,-0.623128890991211
0.539113640785217,0.0380463972687721,1.31193876266479,-0.0738213658332824,0.202367976307869,0.751698136329651,-0.623335719108582
0.540029168128967,0.0362216085195541,1.31182253360748,-0.0720894262194633,0.200271591544151,0.752931416034698,-0.622726857662201
0.540945291519165,0.0344063267111778,1.31201875209808,-0.0731053352355957,0.198631852865219,0.754549503326416,-0.621173143386841
0.541698753833771,0.0333234928548336,1.31203579902649,-0.0740073546767234,0.196118175983429,0.754347920417786,-0.622109353542328
0.542591094970703,0.0310703180730342,1.31193709373474,-0.0726089850068092,0.19588765501976,0.756239295005798,-0.620047032833099
0.543396472930908,0.0295181572437286,1.31197261810303,-0.0730790644884109,0.194638282060623,0.75685852766037,-0.619629502296448
0.544309020042419,0.0278082340955734,1.31207644939423,-0.0731199905276298,0.193092688918114,0.757516086101532,-0.619304418563843
0.545131683349609,0.0262120645493268,1.31230056285858,-0.0738195478916168,0.191786542534828,0.759527981281281,-0.61715966463089
0.545845746994019,0.0249490588903427,1.31228172779083,-0.0731949210166931,0.189075112342834,0.760563910007477,-0.616794764995575
0.546538710594177,0.0230318810790777,1.31188273429871,-0.0730805248022079,0.189193457365036,0.761250436306,-0.61592435836792
0.547461450099945,0.021502498537302,1.31236362457275,-0.0733969211578369,0.187661543488503,0.762118816375732,-0.615281343460083
0.548083186149597,0.0199551302939653,1.31197834014893,-0.0710302367806434,0.185550004243851,0.7629514336586,-0.615167558193207
0.548083186149597,0.0199551302939653,1.31197834014893,-0.0710302367806434,0.185550004243851,0.7629514336586,-0.615167558193207
0.549648821353912,0.0169673562049865,1.31201326847076,-0.0707936659455299,0.183004915714264,0.764744520187378,-0.613729178905487
0.550343871116638,0.0154635785147547,1.31209671497345,-0.0701583847403526,0.181404635310173,0.765479683876038,-0.613360524177551
0.551214993000031,0.0142392450943589,1.31234586238861,-0.0719999000430107,0.180801123380661,0.765173971652985,-0.613706588745117
0.55175518989563,0.0125495847314596,1.31217527389526,-0.0701700001955032,0.179284527897835,0.766420900821686,-0.612806856632233
0.552702248096466,0.0111662782728672,1.31259119510651,-0.0710179209709167,0.178470745682716,0.767111957073212,-0.61208164691925
0.553239643573761,0.0097575448453426,1.31220638751984,-0.0702138468623161,0.176923453807831,0.76764178276062,-0.611959397792816
0.554021418094635,0.0084698125720024,1.31228840351105,-0.0703970342874527,0.175790384411812,0.768078863620758,-0.611716389656067
0.554835796356201,0.0073850974440574,1.31262671947479,-0.0710615143179893,0.173695623874664,0.768278062343597,-0.61198765039444
0.554835796356201,0.0073850974440574,1.31262671947479,-0.0710615143179893,0.173695623874664,0.768278062343597,-0.61198765039444
0.555849134922028,0.0043331673368811,1.31233108043671,-0.0698346123099327,0.171603083610535,0.769431352615356,-0.611270070075989
0.555849134922028,0.0043331673368811,1.31233108043671,-0.0698346123099327,0.171603083610535,0.769431352615356,-0.611270070075989
0.557364523410797,0.0017721087206155,1.31272876262665,-0.0699509903788566,0.169253826141357,0.769538223743439,-0.611776649951935
0.557906746864319,0.0007631659973412,1.31258237361908,-0.0699604824185371,0.167570099234581,0.769408106803894,-0.612402617931366
0.558511734008789,-0.0003583799116313,1.31270933151245,-0.0704020634293556,0.165618360042572,0.77042680978775,-0.611601889133453
0.559130668640137,-0.001995148602873,1.31262731552124,-0.0705081969499588,0.165878862142563,0.771276414394379,-0.610446929931641
0.559646904468536,-0.0029968591406941,1.31241261959076,-0.0696248114109039,0.163999751210213,0.770017743110657,-0.612641036510468
0.560116767883301,-0.0040746959857642,1.31236112117767,-0.0693255290389061,0.162626177072525,0.770380556583405,-0.612585246562958
0.560713112354279,-0.0047115022316575,1.3124828338623,-0.070162609219551,0.160323277115822,0.769797086715698,-0.613829076290131
0.560958564281464,-0.0060241241008043,1.31254327297211,-0.0683169960975647,0.160283461213112,0.770121097564697,-0.613641321659088
0.561790883541107,-0.007144812028855,1.31253683567047,-0.0696313008666038,0.158617913722992,0.769804298877716,-0.614323377609253
0.562194645404816,-0.0083238268271088,1.31232643127441,-0.0692769289016723,0.157714679837227,0.769710123538971,-0.614713907241821
0.562751412391663,-0.0090908408164978,1.31250464916229,-0.070105455815792,0.156426638364792,0.76939994096756,-0.615337252616882
0.563211798667908,-0.0101421009749174,1.31264507770538,-0.069818802177906,0.155410379171371,0.769204676151276,-0.615871012210846
0.563211798667908,-0.0101421009749174,1.31264507770538,-0.069818802177906,0.155410379171371,0.769204676151276,-0.615871012210846
0.564285278320312,-0.0120356166735291,1.31289112567902,-0.0707940533757209,0.153626665472984,0.769109070301056,-0.616326510906219
0.564435184001923,-0.0127850715070962,1.3127167224884,-0.06948122382164,0.153237327933311,0.767937004566193,-0.618031919002533
0.564997136592865,-0.013610903173685,1.31286597251892,-0.0715001821517944,0.151483163237572,0.768623828887939,-0.617380082607269
0.565264999866486,-0.0139953400939702,1.31262600421906,-0.0720194727182388,0.149302318692207,0.767531931400299,-0.619206666946411
0.56550544500351,-0.0148049080744385,1.3126505613327,-0.0716395154595375,0.148047342896461,0.767300307750702,-0.619838714599609
0.565688729286194,-0.015633251518011,1.31265354156494,-0.0705516412854194,0.148651972413063,0.766535222530365,-0.620764851570129
0.566187739372253,-0.016319490969181,1.31260776519775,-0.0720356181263923,0.146914675831795,0.76657772064209,-0.620955586433411
0.566424190998077,-0.0169929079711437,1.31261920928955,-0.0715233981609344,0.147028788924217,0.765890717506409,-0.621834814548492
0.566551983356476,-0.0179278124123811,1.31229031085968,-0.0706752762198448,0.146238192915916,0.765938222408295,-0.622059643268585
0.56664103269577,-0.0186168998479843,1.31208693981171,-0.0704860612750053,0.145361587405205,0.765548169612885,-0.622766315937042
0.566814959049225,-0.0193178839981555,1.31210207939148,-0.0702598765492439,0.144469752907753,0.765079140663147,-0.623575091362
0.567224860191345,-0.0198300518095493,1.31207585334778,-0.0729966908693313,0.142597228288651,0.76488846540451,-0.623925805091858
0.567394614219666,-0.0205311141908168,1.31208610534668,-0.0713477581739425,0.143314227461815,0.764135301113129,-0.624874234199524
0.567557871341705,-0.0211834516376256,1.31208777427673,-0.0714365094900131,0.14255741238594,0.764501750469208,-0.624588847160339
0.568201720714569,-0.0216045845299959,1.31206405162811,-0.0734958052635192,0.141135036945343,0.764048635959625,-0.625227034091949
0.568368911743164,-0.0222623534500598,1.31203413009644,-0.0741013288497924,0.140396818518639,0.763606548309326,-0.625861585140228
0.568776786327362,-0.0227073114365339,1.3119797706604,-0.0747248828411102,0.140194550156593,0.76213002204895,-0.627630233764648
0.568938791751862,-0.0233193412423133,1.31202292442322,-0.0746607184410095,0.139763608574867,0.761584997177124,-0.628395199775696
0.569177031517029,-0.0238476600497961,1.31203043460846,-0.0752609893679618,0.139751598238945,0.76094526052475,-0.629100620746613
0.56951779127121,-0.0243186689913272,1.31219005584717,-0.0757168605923652,0.139868006110191,0.761442422866821,-0.628418207168579
0.569945812225342,-0.0248501393944025,1.31228518486023,-0.0767592340707779,0.139539778232574,0.761324286460876,-0.628507912158966
0.570000946521759,-0.0253212414681911,1.31213939189911,-0.0767028033733367,0.139496073126793,0.75963681936264,-0.630562782287598
0.570033371448517,-0.0259255208075046,1.31211936473846,-0.0762238055467605,0.139571726322174,0.760016024112701,-0.630147039890289
