x,y,z,q0,q1,q2,q3
0.602136611938477,0.0519112460315227,1.44230222702026,0.0300646275281906,0.0337474606931209,0.53667813539505,-0.84257572889328
0.602299213409424,0.0515608638525009,1.44232785701752,0.0301329847425222,0.033545184880495,0.53862863779068,-0.841335833072662
0.602094888687134,0.0511059015989303,1.44238448143005,0.0296569764614105,0.0333881378173828,0.539869487285614,-0.840563297271729
0.600710272789001,0.0514719784259796,1.44043684005737,0.0316241681575775,0.037426583468914,0.538663744926453,-0.84109491109848
0.599625468254089,0.0501309148967266,1.43702113628387,0.017889754846692,0.0595545396208763,0.531093657016754,-0.845028221607208
0.600034475326538,0.049809779971838,1.44057321548462,0.0312402732670307,0.0373487509787082,0.540200054645538,-0.840126872062683
0.59964644908905,0.0495778657495975,1.44043433666229,0.0313597731292247,0.0374848805367946,0.541691064834595,-0.839155554771423
0.599243462085724,0.0490948185324668,1.44042372703552,0.0311311837285757,0.0377247780561447,0.542719900608063,-0.838488399982452
0.598806023597717,0.048611395061016,1.44047141075134,0.0305692292749881,0.0379158332943916,0.543926298618317,-0.837718427181244
0.598336637020111,0.0481513887643814,1.44053626060486,0.030168280005455,0.0382469892501831,0.545073568820953,-0.836971879005432
0.597894728183746,0.0475921891629695,1.44055795669556,0.0301572997123003,0.0384686104953289,0.546259880065918,-0.83618837594986
0.597453117370605,0.0472549498081207,1.44043660163879,0.0297705922275781,0.0391952097415924,0.548141360282898,-0.834936141967773
0.596906244754791,0.0467333272099494,1.44066524505615,0.0291876308619976,0.0393698625266552,0.549064874649048,-0.834341585636139
0.596421539783478,0.0463258102536201,1.44078767299652,0.0292654167860746,0.0398943498730659,0.549562096595764,-0.833986520767212
0.595816612243652,0.0457799434661865,1.4407924413681,0.0281071029603481,0.0400218814611434,0.552168071269989,-0.832297205924988
0.595325410366058,0.0453590378165245,1.44093453884125,0.0280858539044857,0.0407626293599605,0.552892088890076,-0.831781208515167
0.595325410366058,0.0453590378165245,1.44093453884125,0.0280858539044857,0.0407626293599605,0.552892088890076,-0.831781208515167
0.594038426876068,0.0444904342293739,1.44113004207611,0.0264643803238868,0.0409699007868766,0.556948006153107,-0.829114019870758
0.593601107597351,0.0438696667551994,1.44144892692566,0.0244917329400777,0.0417697355151176,0.55867862701416,-0.827969610691071
0.592900037765503,0.0435100048780441,1.4415135383606,0.0240284390747547,0.0420892983675003,0.560462713241577,-0.826760470867157
0.592232286930084,0.0429854691028595,1.44162058830261,0.0239806957542896,0.0425045304000377,0.561896145343781,-0.825766980648041
0.591570615768433,0.0425845570862293,1.44166672229767,0.0235445257276296,0.0428483486175537,0.564435958862305,-0.824027717113495
0.590933978557587,0.0422021225094795,1.44172525405884,0.0234092511236667,0.0431576445698738,0.565971374511719,-0.822961568832397
0.590933978557587,0.0422021225094795,1.44172525405884,0.0234092511236667,0.0431576445698738,0.565971374511719,-0.822961568832397
0.588792562484741,0.0407161116600036,1.44191479682922,0.0226001795381307,0.0441599301993846,0.567556858062744,-0.82183849811554
0.588200807571411,0.0403228066861629,1.44227766990662,0.0215016156435012,0.0440430380403995,0.569451034069061,-0.820562899112701
0.587551057338715,0.0399532243609428,1.44236242771149,0.0210437551140785,0.0440830029547214,0.571869432926178,-0.818889021873474
0.583693385124207,0.0392994470894336,1.43861448764801,0.0097595788538455,0.0659484639763832,0.560051083564758,-0.825771450996399
0.582909762859344,0.0390038192272186,1.43856537342072,0.0088350316509604,0.0659786760807037,0.563290059566498,-0.823573410511017
0.582310616970062,0.0387224741280078,1.43878126144409,0.0090928943827748,0.0660594180226326,0.56410413980484,-0.823006629943848
0.584910213947296,0.0387222841382026,1.44256603717804,0.0199127122759819,0.0444739758968353,0.579719126224518,-0.813358068466187
0.584258377552032,0.0383488684892654,1.44258606433868,0.019731456413865,0.0447236634790897,0.581752955913544,-0.811895310878754
0.583486914634705,0.0382941104471683,1.44214129447937,0.0211894996464252,0.0449203178286552,0.583542048931122,-0.810562670230865
0.579628944396973,0.0374882631003856,1.4387811422348,0.0075121344998478,0.0670366883277893,0.572776019573212,-0.81693160533905
0.582977950572968,0.0378521084785461,1.44274020195007,0.0199040751904249,0.0438897162675857,0.589678227901459,-0.806199133396149
0.582428216934204,0.0378384217619895,1.44272649288177,0.0195325780659914,0.0441717654466629,0.592023551464081,-0.804472208023071
0.581755995750427,0.0377140790224075,1.44279408454895,0.0190566889941692,0.0443148612976074,0.594025194644928,-0.802998840808868
0.581125676631927,0.0371604636311531,1.44285988807678,0.0187818855047225,0.0442467480897903,0.595663011074066,-0.80179488658905
0.579857349395752,0.0364192090928554,1.44296145439148,0.0167447850108146,0.0457727909088134,0.595903396606445,-0.801575660705566
0.579197585582733,0.03597167506814,1.44305682182312,0.0168527960777282,0.0456121601164341,0.597238659858704,-0.800588250160217
0.578692078590393,0.0360013060271739,1.44312572479248,0.0162095166742801,0.0457153506577014,0.600079834461212,-0.798468172550201
0.578207969665527,0.0358719378709793,1.44320797920227,0.0164882633835077,0.0460994727909565,0.601131021976471,-0.797649383544922
0.577637016773224,0.0355717502534389,1.44322633743286,0.016081428155303,0.0463921576738357,0.603166878223419,-0.796102285385132
0.577143669128418,0.0354701094329357,1.4432464838028,0.0151325548067688,0.0461502559483051,0.606532275676727,-0.793574035167694
0.577143669128418,0.0354701094329357,1.4432464838028,0.0151325548067688,0.0461502559483051,0.606532275676727,-0.793574035167694
0.575984179973602,0.0347374230623245,1.44329977035522,0.0148683181032538,0.0465365014970302,0.610223472118378,-0.790721595287323
0.575553953647614,0.0346510782837867,1.4433331489563,0.0146127650514245,0.0464936308562755,0.612618088722229,-0.788875102996826
0.575051844120026,0.0345569364726543,1.44338726997375,0.0143893426284194,0.0465138182044029,0.614292919635773,-0.787574529647827
0.574620485305786,0.0343343056738376,1.44345891475677,0.0140183130279183,0.0468808002769947,0.616328239440918,-0.785967648029327
0.574230492115021,0.0341928452253341,1.44340658187866,0.0136803435161709,0.04691943526268,0.61773943901062,-0.784862697124481
0.57344126701355,0.0340021140873432,1.4438259601593,0.0152597967535257,0.0446976013481617,0.619484543800354,-0.783586740493774
0.573094010353088,0.0339557453989982,1.44385015964508,0.0148977125063538,0.0451467633247375,0.621516942977905,-0.781956911087036
0.572731494903564,0.0339132696390152,1.44384145736694,0.0145365856587886,0.0457069464027881,0.623414397239685,-0.780419230461121
0.572315216064453,0.0341625362634658,1.44338345527649,0.0173095669597387,0.0462118946015834,0.62415999174118,-0.779736638069153
0.572245597839355,0.0337939448654651,1.4439195394516,0.014658230356872,0.0464321486651897,0.626648128032684,-0.777779757976532
0.572074770927429,0.0339971035718917,1.4439697265625,0.0150422612205147,0.0469195134937763,0.627587497234344,-0.77698540687561
0.571452796459198,0.0337987020611763,1.44385027885437,0.0145311243832111,0.0472205020487308,0.629585683345795,-0.775358617305756
0.571264445781708,0.0339283905923366,1.44391202926636,0.0144547121599316,0.0474905744194984,0.631301939487457,-0.773946821689606
0.571141064167023,0.0340605601668357,1.44392740726471,0.0145445326343178,0.0478816889226436,0.632861375808716,-0.772646307945251
0.570900499820709,0.0338921248912811,1.44395971298218,0.0154957175254821,0.0485433042049407,0.633180379867554,-0.772325217723846
0.57059234380722,0.0339321941137313,1.44388628005981,0.0154394758865237,0.0487029030919075,0.635333240032196,-0.770546138286591
0.570540547370911,0.0342981740832328,1.44368386268616,0.0151244504377245,0.0500025004148483,0.637030601501465,-0.769066393375397
0.570324659347534,0.0347664840519428,1.44407844543457,0.0146009139716625,0.0492670685052871,0.638895452022552,-0.76757550239563
0.570219755172729,0.0351041629910469,1.44412779808044,0.0149912266060709,0.0492488406598567,0.640509903430939,-0.766222417354584
0.570079326629639,0.0349339693784713,1.44424796104431,0.0155518082901835,0.0490968972444534,0.641829371452332,-0.765116095542908
0.569848656654358,0.0350398421287536,1.44428336620331,0.0158651284873485,0.0493486672639846,0.642801105976105,-0.764277398586273
0.569566667079926,0.035027876496315,1.44446992874146,0.0169494971632957,0.0493986159563064,0.642851233482361,-0.764208614826202
0.569194614887238,0.0350493118166923,1.44444024562836,0.0169592350721359,0.0502375327050685,0.643335521221161,-0.763746082782745
0.569079041481018,0.0354723110795021,1.44449293613434,0.0167005825787782,0.0505863428115844,0.644639253616333,-0.762628495693207
0.568640351295471,0.0352470427751541,1.44430828094482,0.0169203225523233,0.0508111044764518,0.646059930324554,-0.761405766010284
0.568459033966064,0.0353472344577312,1.44435012340546,0.0170781537890434,0.0510003566741943,0.647182881832123,-0.760435283184052
0.568237006664276,0.0354154519736766,1.44441032409668,0.0175174493342638,0.0512109510600566,0.64827561378479,-0.759479641914368
0.568065166473389,0.0355045497417449,1.44451570510864,0.0176091641187667,0.0512291193008422,0.649096727371216,-0.758774638175964
0.567947447299957,0.0357540473341941,1.44458436965942,0.0179322194308042,0.0509700030088424,0.650129973888397,-0.757899403572083
0.567852795124054,0.0358932241797447,1.44475519657135,0.017885847017169,0.0507499687373638,0.651098549365997,-0.757083356380463
0.567716896533966,0.0360908359289169,1.44472813606262,0.0188824515789747,0.0512634143233299,0.651223182678223,-0.756917536258698
0.567480862140656,0.0361194536089897,1.44473826885223,0.0191081557422876,0.051499143242836,0.651878654956818,-0.756331264972687
0.567279279232025,0.0362090803682804,1.44471192359924,0.0188299156725406,0.0512749552726745,0.653527617454529,-0.754929184913635
0.567197918891907,0.0363330021500587,1.44482791423798,0.019499834626913,0.0514865331351757,0.653558433055878,-0.754871070384979
0.567074716091156,0.0364939495921134,1.44485723972321,0.0196776092052459,0.0514502599835395,0.654331922531128,-0.754198551177979
0.567046880722046,0.0366159677505493,1.44490766525269,0.0195925384759902,0.0507312640547752,0.656301617622375,-0.752536237239838
0.566829681396484,0.0367784574627876,1.44489467144012,0.0196514148265123,0.0511286407709121,0.656606376171112,-0.752241849899292
0.566718995571136,0.0369591563940048,1.44492554664612,0.0198192112147808,0.0511103421449661,0.657223284244537,-0.751699805259705
0.566689729690552,0.0371058359742164,1.44503045082092,0.0202998500317335,0.0505483858287334,0.658078730106354,-0.750976145267487
0.566597580909729,0.0372436344623565,1.44506537914276,0.020509049296379,0.0506890267133712,0.658703982830048,-0.75041264295578
0.566483199596405,0.0373743139207363,1.44509661197662,0.0207512751221656,0.050720989704132,0.659100472927094,-0.750055491924286
0.566409170627594,0.0375117808580398,1.44514012336731,0.0208908319473266,0.0507268235087394,0.659574806690216,-0.749634206295013
0.56633472442627,0.0376045703887939,1.44516718387604,0.0210066251456737,0.0507839433848857,0.660007536411285,-0.749246120452881
0.566030144691467,0.0377966798841953,1.44476544857025,0.0232859048992395,0.0503519214689731,0.660257995128632,-0.748987317085266
0.565886855125427,0.0379661619663238,1.44475996494293,0.0231364443898201,0.0507833212614059,0.660439431667328,-0.748802840709686
0.566048741340637,0.0379697270691394,1.44482970237732,0.0238244086503982,0.0501837991178035,0.661439836025238,-0.74793803691864
0.565998792648315,0.0380087792873382,1.444904088974,0.024457300081849,0.0506121814250946,0.660886824131012,-0.748377561569214
0.56594979763031,0.0380915515124797,1.44493567943573,0.0245398003607988,0.050631646066904,0.661264657974243,-0.748039722442627
0.566087484359741,0.0379805415868759,1.44550883769989,0.0222805347293615,0.0510445907711982,0.66173529624939,-0.747666120529175
0.565757155418396,0.0382082462310791,1.44542646408081,0.0212977118790149,0.0513857752084732,0.662313044071198,-0.747159600257874
0.565711736679077,0.0382608063519001,1.44545698165894,0.0213951673358678,0.0514712333679199,0.662680327892303,-0.746825158596039
0.56563276052475,0.0382812395691871,1.44544422626495,0.0217077285051345,0.0514349229633808,0.663117945194244,-0.746430039405823
0.56559020280838,0.0383453927934169,1.4454482793808,0.0219154637306928,0.0513983592391014,0.663523197174072,-0.746066331863403
0.565634667873383,0.0385232791304588,1.44546782970428,0.0220498517155647,0.0512505806982517,0.664158225059509,-0.74550724029541
0.56561815738678,0.0385976620018482,1.44546103477478,0.0221954267472028,0.0513008870184421,0.664498925209045,-0.745195806026459
0.56556510925293,0.0386611782014369,1.4453638792038,0.0224510952830314,0.0516398437321186,0.664724290370941,-0.744963765144348
0.56556648015976,0.0386299341917037,1.44544005393982,0.0227350238710641,0.0511916242539882,0.665172874927521,-0.744585573673248
0.565660417079926,0.0387546755373477,1.44545602798462,0.022882642224431,0.050985001027584,0.665717899799347,-0.744107961654663
0.565677285194397,0.0388130843639373,1.44544625282288,0.0229727420955896,0.0509358830749988,0.66604483127594,-0.743816077709198
0.565714359283447,0.0388714894652366,1.44544589519501,0.0230315327644348,0.0508591271936893,0.666381597518921,-0.743517756462097
0.565733551979065,0.0389352291822433,1.44544661045074,0.0230521000921726,0.0507814735174179,0.666632294654846,-0.743297696113586
0.565790176391602,0.0389529317617416,1.4455623626709,0.0228519160300493,0.0504425428807735,0.666979312896729,-0.743015587329865
0.565746068954468,0.0388965830206871,1.44552636146545,0.0229181125760078,0.0504949167370796,0.66698956489563,-0.743000686168671
0.565785467624664,0.0389228984713554,1.44552683830261,0.0229323226958513,0.0504361689090728,0.667129516601562,-0.742878556251526
0.565815150737762,0.0389703586697578,1.44551503658295,0.0229155123233795,0.0503434464335441,0.667244493961334,-0.742782115936279
0.565842270851135,0.0390536598861217,1.44551646709442,0.0229038149118423,0.0502213165163993,0.667316257953644,-0.74272632598877
0.565842270851135,0.0390536598861217,1.44551646709442,0.0229038149118423,0.0502213165163993,0.667316257953644,-0.74272632598877
0.566049933433533,0.0395336225628852,1.44554352760315,0.0225793551653623,0.0499545410275459,0.667843759059906,-0.742280006408691
0.56609046459198,0.0394432321190834,1.44561195373535,0.0224996749311685,0.0499211400747299,0.667880177497864,-0.742251813411713
0.566149711608887,0.0392809063196182,1.44559907913208,0.0227389521896839,0.0499521270394325,0.667893588542938,-0.742230296134949
0.566213667392731,0.0394176095724105,1.44559991359711,0.0227346532046794,0.049885619431734,0.667904496192932,-0.742225170135498
0.566283643245697,0.0394254028797149,1.44560992717743,0.0228649023920297,0.0497416108846664,0.667938411235809,-0.742200255393982
0.566340684890747,0.0394708216190338,1.44561719894409,0.0228974614292383,0.0496141053736209,0.667854428291321,-0.742283463478088
0.5663902759552,0.0394538566470146,1.44560432434082,0.0230160448700189,0.049624253064394,0.667744934558868,-0.742377579212189
0.566442370414734,0.0395282059907913,1.44560539722443,0.0230854805558919,0.0495695993304252,0.66756796836853,-0.742538273334503
0.566506862640381,0.0395807884633541,1.44560122489929,0.023128293454647,0.0494955889880657,0.667459189891815,-0.742639660835266
0.566583693027496,0.0396080911159515,1.44560563564301,0.0231796279549598,0.0494620278477668,0.667294323444366,-0.742788434028625
0.566700041294098,0.0396553054451942,1.44561886787415,0.0231443122029304,0.0493283532559871,0.667213499546051,-0.742871046066284
0.566893696784973,0.0395159013569355,1.44559562206268,0.023573437705636,0.0491663292050361,0.667271256446838,-0.742816388607025
0.56690526008606,0.0397923365235328,1.44559276103973,0.0231705568730831,0.0492597371339798,0.666863918304443,-0.743188500404358
0.567005753517151,0.0398478209972381,1.44557785987854,0.0231866165995597,0.0491818450391292,0.666646480560303,-0.743388235569
0.567115485668182,0.0398555174469947,1.44556045532227,0.0232210345566272,0.0490847378969192,0.666451156139374,-0.743568778038025
0.567155122756958,0.0395352058112621,1.44552993774414,0.0237017180770635,0.0489991530776023,0.666038274765015,-0.743928968906403
0.567313253879547,0.0395024120807647,1.44551563262939,0.0236383527517318,0.0489579699933528,0.665809333324432,-0.744138717651367
0.567449867725372,0.0394999235868454,1.44551658630371,0.0236313547939062,0.0488245077431201,0.665505230426788,-0.744419634342194
0.567641973495483,0.0394744277000427,1.44548392295837,0.0237141847610473,0.0486653745174407,0.665355682373047,-0.744561016559601
0.567793726921082,0.039480336010456,1.44549572467804,0.0236717257648706,0.0485254563391208,0.665108382701874,-0.744792461395264
0.567932188510895,0.039526954293251,1.44548308849335,0.0237423498183488,0.0483064800500869,0.664518773555756,-0.745330572128296
0.56812310218811,0.0395807325839996,1.4454710483551,0.0238333940505981,0.0480785407125949,0.664170861244202,-0.745652496814728
0.568366467952728,0.0399157628417015,1.44535410404205,0.0236541461199522,0.0481604561209678,0.663727939128876,-0.74604719877243
0.568639099597931,0.0400038249790668,1.44527673721313,0.0247538015246391,0.0481076538562774,0.662776052951813,-0.74686074256897
0.568639099597931,0.0400038249790668,1.44527673721313,0.0247538015246391,0.0481076538562774,0.662776052951813,-0.74686074256897
0.569074332714081,0.039968803524971,1.44525492191315,0.0247889216989278,0.047653429210186,0.662039697170258,-0.74754136800766
0.569342851638794,0.0399140641093254,1.44523501396179,0.0249346774071455,0.0475967600941658,0.661856412887573,-0.747702479362488
0.569581925868988,0.0398927479982376,1.44521689414978,0.0249742735177278,0.0474388934671878,0.661522626876831,-0.748006522655487
0.569587290287018,0.0395752638578414,1.44511151313782,0.025013018399477,0.0469181723892688,0.661629557609558,-0.747943520545959
0.569773316383362,0.0395846702158451,1.44504988193512,0.02497392706573,0.0466321669518947,0.661066651344299,-0.748460114002228
0.569987297058105,0.0396057516336441,1.44499170780182,0.02513606287539,0.0463906191289424,0.660721778869629,-0.748774349689484
0.570165514945984,0.0395897552371025,1.44491064548492,0.0250039659440517,0.0464760363101959,0.660155177116394,-0.749273121356964
0.570430815219879,0.0395565181970596,1.44492340087891,0.0249189436435699,0.046239785850048,0.659704864025116,-0.74968695640564
0.570760905742645,0.0395422168076038,1.44496393203735,0.0252563189715147,0.0455268509685993,0.659576714038849,-0.749832034111023
0.571114003658295,0.0393449217081069,1.44493770599365,0.0258371010422706,0.0451794937252998,0.659437716007233,-0.749955475330353
0.571225881576538,0.0393567979335784,1.44483137130737,0.025763900950551,0.0453276447951793,0.658779442310333,-0.750527441501617
0.571431934833527,0.0394810885190963,1.44445359706879,0.0270944815129041,0.0449572913348674,0.658456146717072,-0.750786423683167
0.571635067462921,0.0394960418343544,1.4447181224823,0.0257888082414865,0.0447972118854522,0.657769501209259,-0.751443684101105
0.571621239185333,0.0396704152226448,1.44411599636078,0.0283193811774253,0.0441276617348194,0.657291889190674,-0.751809895038605
0.571788549423218,0.0396784171462059,1.44403696060181,0.0285531003028154,0.0438688099384307,0.656926274299622,-0.752135813236237
0.572259664535522,0.0394283570349216,1.44456350803375,0.0262381304055452,0.0439743474125862,0.657006978988647,-0.752143383026123
0.572486460208893,0.0393977425992488,1.44454169273376,0.0262305773794651,0.0438259206712245,0.656747400760651,-0.752379059791565
0.572674810886383,0.0393372625112533,1.44449853897095,0.026352034881711,0.0435999706387519,0.656454920768738,-0.752643048763275
0.572917699813843,0.0392882972955703,1.44456231594086,0.026227107271552,0.0431245490908622,0.656300187110901,-0.752809762954712
0.573185503482819,0.0392737723886966,1.44459557533264,0.0268156565725803,0.0431086383759975,0.655130445957184,-0.7538081407547
0.573185503482819,0.0392737723886966,1.44459557533264,0.0268156565725803,0.0431086383759975,0.655130445957184,-0.7538081407547
0.573495984077454,0.0391674451529979,1.44447159767151,0.0262082666158676,0.0424387343227863,0.655215382575989,-0.753793716430664
0.573693454265594,0.0391092076897621,1.44442868232727,0.0263163279742002,0.0422429665923118,0.654825329780579,-0.75413990020752
0.573843657970428,0.0390725433826446,1.44441175460815,0.0262439604848623,0.0420673303306102,0.65443742275238,-0.75448876619339
0.574104487895966,0.0390958338975906,1.44443225860596,0.0267645884305238,0.04204086586833,0.653320968151093,-0.755438983440399
0.574264109134674,0.0390642806887626,1.44439888000488,0.0266577750444412,0.0417711958289146,0.652953505516052,-0.755775213241577
0.574442863464355,0.0390478372573852,1.44434154033661,0.026677168905735,0.0416317097842693,0.652657806873322,-0.756037712097168
0.574550330638885,0.0389761552214622,1.4442617893219,0.0261563770473003,0.0412294156849384,0.652912378311157,-0.75585812330246
0.574788153171539,0.0388931930065155,1.44424140453339,0.0258968621492385,0.0406681932508945,0.652202427387238,-0.756510198116302
0.574939489364624,0.0388425588607788,1.4442173242569,0.0258660707622766,0.0404610447585582,0.651862800121307,-0.756814897060394
0.575075328350067,0.0388230457901954,1.44417107105255,0.0257954243570566,0.0402886047959327,0.651537537574768,-0.757106602191925
0.575165331363678,0.0388439260423183,1.44415903091431,0.0258143078535795,0.0404473766684532,0.651701152324677,-0.756956577301025
0.575285613536835,0.0388350710272789,1.44413721561432,0.0256475899368524,0.0402508042752742,0.651457905769348,-0.757182002067566
0.575438618659973,0.0387976206839084,1.4441202878952,0.0255293697118759,0.0401067808270454,0.651245653629303,-0.757376194000244
0.57569420337677,0.0389637798070907,1.44408690929413,0.0252053923904895,0.0400296486914157,0.651344537734985,-0.757306277751923
0.575885832309723,0.0390918478369712,1.44413161277771,0.0255671106278896,0.0400748960673809,0.650243401527405,-0.758237361907959
0.576016366481781,0.0390553586184978,1.44412386417389,0.0253653395920991,0.0400303490459919,0.650064826011658,-0.758399605751038
0.576020419597626,0.0387788191437721,1.44407272338867,0.0255998838692903,0.0398609265685081,0.64960253238678,-0.758796691894531
0.576207876205444,0.0390343479812145,1.44408142566681,0.0251108687371015,0.0398348346352577,0.649589121341705,-0.758825898170471
0.576223134994507,0.0389584526419639,1.443967461586,0.0243604108691215,0.0393906906247139,0.650098383426666,-0.758437156677246
0.576223134994507,0.0389584526419639,1.443967461586,0.0243604108691215,0.0393906906247139,0.650098383426666,-0.758437156677246
0.576310753822327,0.0386217758059501,1.44389986991882,0.0245469938963651,0.0392400585114955,0.649443745613098,-0.758999645709991
0.576390147209167,0.038601167500019,1.44387173652649,0.0243510380387306,0.0391802042722702,0.649174869060516,-0.759239137172699
0.576477229595184,0.0385961309075355,1.44385838508606,0.0242311637848615,0.0391552522778511,0.648901104927063,-0.759478211402893
0.576543629169464,0.0385989844799041,1.44382417201996,0.0240547582507133,0.0391850583255291,0.648759305477142,-0.759603381156921
0.576596796512604,0.0385997295379638,1.44381320476532,0.0238406937569379,0.0391220897436142,0.648598790168762,-0.759750545024872
0.576678693294525,0.0385996177792549,1.44378292560577,0.0237342547625303,0.0390991829335689,0.648482859134674,-0.759853899478912
0.576664507389069,0.038609355688095,1.44364619255066,0.0237070806324481,0.0393843352794647,0.648148715496063,-0.760124981403351
0.576707780361176,0.0386172197759151,1.44362592697144,0.023557486012578,0.0394129566848278,0.648021936416626,-0.760236322879791
0.576838791370392,0.038593403995037,1.44371795654297,0.0233241487294435,0.0391486138105392,0.64810436964035,-0.760186910629272
0.576873421669006,0.0386042222380638,1.44369351863861,0.0231348518282175,0.0392172560095787,0.647995710372925,-0.760281801223755
0.57693076133728,0.0385894514620304,1.44367146492004,0.0229181591421365,0.0394386425614357,0.647876501083374,-0.760378420352936
0.57697594165802,0.0385928675532341,1.44365620613098,0.0227321907877922,0.0395362079143524,0.647770524024963,-0.760469377040863
0.576970517635345,0.0385903641581535,1.44362008571625,0.0226466618478298,0.0396488644182682,0.647584557533264,-0.760624408721924
0.576972484588623,0.0386452227830886,1.44360280036926,0.0225169155746698,0.0397430248558521,0.647459983825684,-0.760729432106018
0.576981365680695,0.0386463813483715,1.44362998008728,0.0222528483718633,0.0398725531995296,0.647324681282043,-0.760845541954041
0.576978206634521,0.038667120039463,1.4436309337616,0.0220802426338195,0.0399869121611118,0.6471808552742,-0.760966837406158
0.576977014541626,0.0386942140758037,1.44362854957581,0.0218849163502454,0.0401098728179931,0.647037923336029,-0.761087536811829
0.576944291591644,0.0387881658971309,1.44362843036652,0.0216484796255826,0.0402343720197677,0.646846890449524,-0.761250138282776
0.576936364173889,0.0387637875974178,1.44362115859985,0.0215356964617967,0.0404000468552112,0.646678388118744,-0.761387646198273
0.576894819736481,0.0387947596609592,1.44362413883209,0.021321203559637,0.0405859798192977,0.646484196186066,-0.761548757553101
0.576885938644409,0.0388636440038681,1.44360411167145,0.0211827978491783,0.040809329599142,0.64635819196701,-0.761647462844849
0.576678156852722,0.0390935949981212,1.44309079647064,0.0232926588505506,0.0407873727381229,0.646053612232208,-0.761845648288727
0.576684474945068,0.0391412451863288,1.44311225414276,0.0231470875442028,0.0410157963633537,0.645949363708496,-0.761926054954529
0.576638281345367,0.0392211005091667,1.44313645362854,0.0229578092694282,0.0413219109177589,0.645736694335938,-0.762095510959625
0.576760947704315,0.0391197130084037,1.44370102882385,0.0205414686352014,0.0420413762331008,0.645576417446136,-0.762260913848877
0.576692163944244,0.0392091944813728,1.44369292259216,0.0203998200595378,0.0424057319760322,0.645344734191895,-0.762440741062164
0.576619446277618,0.0392942130565643,1.4437130689621,0.0202648509293794,0.0428066104650497,0.645140588283539,-0.762594759464264
0.576547861099243,0.0393786653876304,1.44375467300415,0.0200624112039804,0.0431694574654102,0.644882678985596,-0.762797653675079
0.57645720243454,0.0394693836569786,1.44379830360413,0.0198382101953029,0.0436643026769161,0.644624292850494,-0.762993812561035
0.576361894607544,0.0395838618278503,1.44383645057678,0.019663281738758,0.0441671982407569,0.644291043281555,-0.763250708580017
0.576283097267151,0.0397185608744621,1.44383978843689,0.0195207446813583,0.0447515957057476,0.644094705581665,-0.763386011123657
0.576239824295044,0.039841204881668,1.44395685195923,0.0195217132568359,0.0448571555316448,0.644066333770752,-0.7634037733078
0.576239824295044,0.039841204881668,1.44395685195923,0.0195217132568359,0.0448571555316448,0.644066333770752,-0.7634037733078
0.575986921787262,0.0401591956615448,1.44408881664276,0.0191695392131805,0.0460807383060455,0.643664181232452,-0.763679027557373
0.575744867324829,0.040348220616579,1.44404494762421,0.0188101381063461,0.0471019260585308,0.643142223358154,-0.764065384864807
0.575640380382538,0.0405451208353042,1.44415545463562,0.0189478173851966,0.0473130643367767,0.643263101577759,-0.763947069644928
0.575589537620544,0.041110873222351,1.44420969486237,0.0185199938714504,0.0480048581957817,0.643452167510986,-0.763755083084106
0.575500249862671,0.0413051545619964,1.4442081451416,0.0184738729149103,0.0483982861042022,0.642999649047852,-0.764112412929535
0.575154781341553,0.0413406118750572,1.44426655769348,0.019033158197999,0.0494642220437526,0.643164873123169,-0.763891458511353
0.575101852416992,0.0419174768030643,1.44434416294098,0.0186108667403459,0.0502126477658748,0.64346307516098,-0.763601779937744
0.574882447719574,0.0422016121447086,1.44431054592133,0.0183217506855726,0.05143553763628,0.643119633197784,-0.763816714286804
0.574799001216888,0.0424901619553566,1.44446086883545,0.0185621250420808,0.0517329052090644,0.643485844135284,-0.763482272624969
0.574492931365967,0.0425382182002067,1.44446504116058,0.0189938098192214,0.0526386871933937,0.643182277679443,-0.763665497303009
0.574314475059509,0.0429675541818141,1.44452822208405,0.0189494173973798,0.0534368753433227,0.643162250518799,-0.76362806558609
0.574145615100861,0.0432539470493793,1.44456887245178,0.0190492942929267,0.0543025881052017,0.64299339056015,-0.763706684112549
0.574119210243225,0.0438886880874633,1.44461822509766,0.0184331368654966,0.0548995733261108,0.642863512039185,-0.76378858089447
0.573817610740662,0.0444796048104763,1.44447481632233,0.0182815678417682,0.056882444769144,0.64324277639389,-0.763327598571777
0.573598742485046,0.0448817312717437,1.44449067115784,0.0184015147387981,0.0578328035771846,0.643481314182281,-0.76305216550827
0.573457956314087,0.0452079400420188,1.44442665576935,0.0189572647213935,0.0587812922894954,0.643740355968475,-0.762747526168823
0.573061227798462,0.0455644652247428,1.44441533088684,0.0196437127888202,0.0602310746908187,0.642281174659729,-0.763846397399902
0.572904109954834,0.0462674610316753,1.44446611404419,0.0187986698001623,0.060833416879177,0.643333077430725,-0.76293420791626
0.572651445865631,0.0464572459459304,1.44459211826324,0.0194524563848972,0.0617424212396144,0.643292725086212,-0.762878775596619
0.572517037391663,0.047321081161499,1.4444831609726,0.0193340294063091,0.0631540864706039,0.643542349338531,-0.762555539608002
0.572306632995605,0.0477302893996238,1.44456267356873,0.0195704512298107,0.0640874132514,0.643558442592621,-0.762458145618439
0.57213294506073,0.0480370372533798,1.44455063343048,0.0202500335872173,0.0654191970825195,0.643637478351593,-0.762260556221008
0.571737885475159,0.0484663918614387,1.44455051422119,0.020760728046298,0.0667980164289474,0.642939209938049,-0.76271641254425
0.57172167301178,0.0493925660848617,1.44469463825226,0.0209288615733385,0.0677295178174972,0.643165528774261,-0.762438774108887
0.571386396884918,0.0500890985131263,1.44442915916443,0.0224190298467874,0.0702504366636276,0.641630291938782,-0.763461172580719
0.571053206920624,0.050714936107397,1.44440639019012,0.0221976339817047,0.0714976117014885,0.64208573102951,-0.762968778610229
0.570906460285187,0.0517175123095512,1.44442808628082,0.0221072267740964,0.0729910358786583,0.642288208007812,-0.762659549713135
0.570370197296143,0.0519247651100158,1.44462418556213,0.0235779173672199,0.0734663680195808,0.641534328460693,-0.763204216957092
0.570192039012909,0.0529119484126567,1.44457709789276,0.0231654103845357,0.0753015726804733,0.640815734863281,-0.763641536235809
0.569905936717987,0.0539319552481174,1.44464683532715,0.0242593754082918,0.0775442793965339,0.639785528182983,-0.764246642589569
0.569708526134491,0.0546145588159561,1.44465672969818,0.0244854986667633,0.0781147554516792,0.639832437038422,-0.764142096042633
0.569313883781433,0.0553446374833583,1.44471120834351,0.026181848719716,0.0801969841122627,0.638919651508331,-0.76463383436203
0.569070160388947,0.0563212372362613,1.44470047950745,0.025543438270688,0.0811858102679252,0.638875484466553,-0.764587879180908
0.568663537502289,0.0574628934264183,1.4445264339447,0.0261348597705364,0.0837275013327598,0.638581335544586,-0.764539361000061
0.568141222000122,0.0580427795648574,1.44462192058563,0.0262534171342849,0.0852498412132263,0.636736154556274,-0.765904903411865
0.56767338514328,0.0594777017831802,1.44410812854767,0.029328940436244,0.0867056176066398,0.636379361152649,-0.765926480293274
0.567236065864563,0.0598583184182643,1.44467091560364,0.0277131684124469,0.0891056209802627,0.635140895843506,-0.766738831996918
0.566743910312653,0.0608845725655555,1.44467520713806,0.0284702740609645,0.0906395763158798,0.634054481983185,-0.767430126667023
0.566295027732849,0.0618664026260376,1.4447615146637,0.0295062195509672,0.0927412956953048,0.631893217563629,-0.768920958042145
0.565765142440796,0.0627490207552909,1.44476997852325,0.0295011084526777,0.0943084880709648,0.631082653999329,-0.769396126270294
0.565237820148468,0.0637831762433052,1.4447033405304,0.0303545519709587,0.0962432101368904,0.62998104095459,-0.770025849342346
0.565199792385101,0.0653110295534133,1.4443531036377,0.0287675634026527,0.100708059966564,0.628971457481384,-0.770341098308563
0.56473708152771,0.0662655010819435,1.44433665275574,0.0291808787733316,0.102144494652748,0.626932263374329,-0.771797180175781
0.564188182353973,0.0673537477850914,1.44440281391144,0.029884124174714,0.104358941316605,0.625760674476624,-0.772424697875977
0.563554644584656,0.0683535113930702,1.44443321228027,0.0301671624183654,0.106341384351253,0.624092757701874,-0.77349191904068
0.563014149665833,0.0694203451275825,1.44449138641357,0.0304497070610523,0.10813769698143,0.622353971004486,-0.774631857872009
0.56252110004425,0.0705737993121147,1.44453620910645,0.0316706448793411,0.110162250697613,0.619613885879517,-0.776492118835449
0.561841070652008,0.0714167058467865,1.44448566436768,0.0315380692481994,0.11204582452774,0.618589103221893,-0.777044892311096
0.561712443828583,0.0729067027568817,1.44446277618408,0.0325760059058666,0.113255567848682,0.618224024772644,-0.777117192745209
0.561218738555908,0.0739636197686195,1.44442307949066,0.0332608595490455,0.115049630403519,0.616254091262817,-0.778388261795044
0.56070864200592,0.0750212669372558,1.44439566135406,0.0335265658795833,0.117098405957222,0.614581882953644,-0.779392778873444
0.560100615024567,0.0760225802659988,1.44444239139557,0.0337402932345867,0.119023650884628,0.612911105155945,-0.780407011508942
0.559508144855499,0.0770713910460472,1.44447112083435,0.0341246388852596,0.120165914297104,0.609932124614716,-0.782546281814575
0.558888137340546,0.0781484097242355,1.44455885887146,0.0351380556821823,0.122671611607075,0.607522547245026,-0.783985674381256
0.558256149291992,0.079073466360569,1.44447839260101,0.0348234847187995,0.124411411583424,0.606532752513885,-0.784491658210754
0.557503461837769,0.0801828280091285,1.44429516792297,0.0363606363534927,0.125579729676247,0.60465669631958,-0.785683155059814
0.55686616897583,0.0811178460717201,1.44431054592133,0.0366582833230495,0.127335906028748,0.602413415908813,-0.787108600139618
0.556235313415527,0.081940159201622,1.44433987140656,0.0368817895650863,0.129106089472771,0.600397527217865,-0.788349032402039
0.555914461612701,0.0829511508345604,1.44459879398346,0.0351010374724864,0.131683677434921,0.598906815052032,-0.789137482643127
0.555196523666382,0.0834575518965721,1.44460082054138,0.036506850272417,0.132949337363243,0.596694469451904,-0.790536284446716
0.554606556892395,0.0843070223927497,1.44454383850098,0.0368448719382286,0.134726449847221,0.594829618930817,-0.791624367237091
0.554045140743256,0.085108496248722,1.44450306892395,0.0371701903641223,0.136218219995499,0.59312379360199,-0.792633056640625
0.553682744503021,0.0862950533628463,1.4444762468338,0.0361378826200962,0.13768558204174,0.591285288333893,-0.793800055980682
0.553030252456665,0.0870242565870285,1.44445788860321,0.0364620126783847,0.139254286885262,0.589199125766754,-0.795061767101288
0.552462458610535,0.0878828540444374,1.44443440437317,0.0367352925240993,0.141180366277695,0.58774071931839,-0.795788645744324
0.551970422267914,0.0886327847838401,1.44439458847046,0.0365490019321441,0.142097562551498,0.585799992084503,-0.797063946723938
0.551597416400909,0.0892760157585144,1.44455301761627,0.0379466861486434,0.14409576356411,0.583217322826385,-0.798532426357269
0.550788879394531,0.0897157937288284,1.44429540634155,0.0379755310714244,0.14438784122467,0.582011938095093,-0.799357295036316
0.550464153289795,0.0907123535871505,1.44423055648804,0.0373219773173332,0.145946756005287,0.580889165401459,-0.79992151260376
0.549696028232574,0.0911875069141388,1.44392013549805,0.0398609414696693,0.146002277731895,0.579276561737061,-0.80095762014389
0.549388408660889,0.0917410850524902,1.44403219223022,0.0413803867995739,0.147865250706673,0.577015042304993,-0.802170395851135
0.549388408660889,0.0917410850524902,1.44403219223022,0.0413803867995739,0.147865250706673,0.577015042304993,-0.802170395851135
0.548336327075958,0.0929719731211662,1.44374883174896,0.0408766120672225,0.149650305509567,0.575350761413574,-0.803059995174408
0.548042058944702,0.093847170472145,1.44371867179871,0.0399208702147007,0.151081204414368,0.574189424514771,-0.80367112159729
0.547541320323944,0.0940531864762306,1.44366872310638,0.041156880557537,0.151636600494385,0.572680413722992,-0.804580509662628
0.547336518764496,0.0948541611433029,1.44362318515778,0.0400825515389442,0.152777016162872,0.571813821792603,-0.805035054683685
0.546984016895294,0.0952831208705902,1.4434278011322,0.0399237796664238,0.153039261698723,0.570211231708527,-0.806129217147827
0.546736776828766,0.0955061465501785,1.4434061050415,0.0401038154959678,0.153725445270538,0.569112002849579,-0.806766211986542
0.54638671875,0.0960689261555671,1.44332599639893,0.0400198474526405,0.154191747307777,0.56797182559967,-0.807484567165375
0.546010136604309,0.095146432518959,1.4395911693573,0.0262080021202564,0.178949654102325,0.555624604225159,-0.811524212360382
0.545717000961304,0.0963598191738128,1.44320952892303,0.0412620678544044,0.15467880666256,0.565530478954315,-0.809040904045105
0.545538604259491,0.0969353094696998,1.44322466850281,0.040253710001707,0.155818328261375,0.565321445465088,-0.809019148349762
0.544124603271484,0.0971271991729736,1.44216513633728,0.0458426140248775,0.153050079941749,0.56306791305542,-0.810819804668427
0.543477833271027,0.097519613802433,1.44206714630127,0.0482054054737091,0.151629388332367,0.562863409519196,-0.811091601848602
0.542930781841278,0.0976959466934204,1.44194531440735,0.0499084964394569,0.149240136146545,0.562051296234131,-0.811994433403015
0.544890522956848,0.0966455787420272,1.43925964832306,0.0233688484877347,0.181052699685097,0.551636159420013,-0.813862085342407
0.543530941009521,0.098539724946022,1.44068944454193,0.044202622026205,0.156518310308456,0.560974895954132,-0.811699032783508
0.543083012104034,0.0983434095978736,1.44035542011261,0.0457768402993679,0.156043395400047,0.560250043869019,-0.812203705310822
0.544476807117462,0.0965573787689209,1.43919026851654,0.0228833723813295,0.181488201022148,0.551024913787842,-0.814192831516266
0.544342756271362,0.0964781194925308,1.43918037414551,0.0225246679037809,0.181419655680656,0.550783157348633,-0.81438159942627
0.544251620769501,0.0963774845004081,1.43918073177338,0.0222578085958957,0.181190595030785,0.550716936588287,-0.814484715461731
0.544169664382935,0.0962119698524475,1.43919205665588,0.021908700466156,0.180977821350098,0.550692915916443,-0.814557790756226
0.544061183929443,0.0960192307829856,1.43922388553619,0.021639471873641,0.180590525269508,0.550617396831512,-0.814701974391937
0.543983936309814,0.0957541912794113,1.43925321102142,0.0215916633605957,0.180075719952583,0.55070161819458,-0.814760208129883
0.543926954269409,0.0954989343881607,1.43926680088043,0.0212009809911251,0.179488435387611,0.550952851772308,-0.814730226993561
0.543907105922699,0.0952094718813896,1.43927764892578,0.0208552628755569,0.178776830434799,0.551482915878296,-0.814537048339844
0.543755769729614,0.0944423004984855,1.43925666809082,0.0218462087213993,0.177027776837349,0.551339328289032,-0.814990103244781
0.543828248977661,0.0941108912229538,1.43947398662567,0.0222396310418844,0.176678597927094,0.550741016864777,-0.815459668636322
0.5439293384552,0.0940116196870803,1.43929982185364,0.019862987101078,0.176383271813393,0.552341043949127,-0.81450217962265
0.543991029262543,0.0934114903211593,1.43934559822083,0.0195272322744131,0.175775825977325,0.552719295024872,-0.814385116100311
0.544062674045563,0.0929128900170326,1.43933510780334,0.0190195012837648,0.174974709749222,0.553188145160675,-0.814251244068146
0.543812394142151,0.0923124402761459,1.43933129310608,0.0199168995022773,0.173811107873917,0.553801596164703,-0.814061880111694
0.544072508811951,0.0920779109001159,1.43934941291809,0.0181804541498422,0.173625349998474,0.55488258600235,-0.813405871391296
0.544139266014099,0.0915505960583686,1.43940687179565,0.0174369718879461,0.172509640455246,0.555984556674957,-0.812906920909882
0.54406750202179,0.0905956849455833,1.43940496444702,0.0181754808872938,0.170793384313583,0.556329429149628,-0.813017189502716
0.54449462890625,0.0902378782629966,1.43935656547546,0.0158114209771156,0.170181348919868,0.557094991207123,-0.812670528888702
0.544583857059479,0.089464321732521,1.43944609165192,0.0153669556602835,0.169719189405441,0.558152914047241,-0.812049686908722
0.544463276863098,0.0891865789890289,1.44321966171265,0.0308322329074144,0.142870903015137,0.569354355335236,-0.808995068073273
0.544754505157471,0.0889033153653144,1.44329512119293,0.0288170296698808,0.141967117786407,0.570644021034241,-0.808319389820099
0.544909238815308,0.0881708860397338,1.44330632686615,0.0283181574195623,0.14091245830059,0.57117223739624,-0.808148443698883
0.545158803462982,0.0873089060187339,1.44329917430878,0.0273436494171619,0.139086365699768,0.57166713476181,-0.808148324489594
0.545136749744415,0.086229994893074,1.44337666034698,0.0275682564824819,0.137946292757988,0.572694540023804,-0.807608604431152
0.54570347070694,0.085499607026577,1.44373750686646,0.024452731013298,0.137547984719276,0.573984861373901,-0.806860506534576
0.546042561531067,0.0845682173967361,1.44375061988831,0.0235324148088693,0.135648220777512,0.574752867221832,-0.806662857532501
0.546145677566528,0.0831234529614448,1.44378697872162,0.0241411384195089,0.13404306769371,0.57531350851059,-0.806513488292694
0.546498954296112,0.0826596617698669,1.44378507137299,0.0222245659679174,0.133075192570686,0.576970338821411,-0.805544674396515
0.546754062175751,0.0817369818687439,1.443892121315,0.0218195859342813,0.131903126835823,0.578288793563843,-0.804802656173706
0.546950697898865,0.0804791525006294,1.44391691684723,0.0220028180629014,0.130068391561508,0.579260587692261,-0.804397404193878
0.547367811203003,0.0797988250851631,1.44389891624451,0.0204200912266969,0.129047185182571,0.580801546573639,-0.80349189043045
0.547654628753662,0.0786502212285995,1.44390845298767,0.0197370946407318,0.127537354826927,0.582041144371033,-0.802852928638458
0.547982931137085,0.077499620616436,1.44398081302643,0.020660400390625,0.125840321183205,0.582060575485229,-0.80308324098587
0.548245191574097,0.0764945521950721,1.44390571117401,0.0194793194532394,0.124049246311188,0.584160804748535,-0.801865577697754
0.548570513725281,0.075379878282547,1.44393467903137,0.0186966005712747,0.122590310871601,0.585639238357544,-0.801029741764069
0.548945724964142,0.0743119195103645,1.44393789768219,0.0179722644388675,0.120939023792744,0.586700618267059,-0.800520539283752
0.549273371696472,0.0732860267162323,1.44398188591003,0.0174641087651252,0.119088068604469,0.5877845287323,-0.800013899803162
0.54965341091156,0.0722601562738418,1.44401669502258,0.016697259619832,0.117581404745579,0.589244663715363,-0.799178719520569
0.55004358291626,0.0711292251944542,1.44400084018707,0.0160089712589979,0.115995422005653,0.590310275554657,-0.798638045787811
0.550458788871765,0.0701818466186523,1.44403731822968,0.0159502308815717,0.114584557712078,0.590311825275421,-0.798841655254364
0.550900638103485,0.0690240710973739,1.44397759437561,0.0149726197123527,0.112923167645931,0.592588245868683,-0.797410368919373
0.551288664340973,0.0678786188364029,1.44403028488159,0.0141170835122466,0.111472278833389,0.594050049781799,-0.796542048454285
0.551787972450256,0.0668330788612365,1.44394552707672,0.0136447250843048,0.109410881996155,0.594426393508911,-0.79655534029007
0.552205264568329,0.0658975094556808,1.44393360614777,0.0132638029754161,0.107848264276981,0.595299959182739,-0.796122372150421
0.552651524543762,0.0648257359862327,1.44398415088654,0.0128689343109726,0.106618702411652,0.596796572208405,-0.795173346996307
0.553064584732056,0.0636849626898765,1.4440199136734,0.0121819134801626,0.105097264051437,0.598275542259216,-0.794274866580963
0.55359423160553,0.0626176074147224,1.44394183158875,0.0117465360090136,0.103004649281502,0.598561406135559,-0.794340193271637
0.55359423160553,0.0626176074147224,1.44394183158875,0.0117465360090136,0.103004649281502,0.598561406135559,-0.794340193271637
0.554687917232513,0.0606411099433898,1.4441009759903,0.0118122277781367,0.10042580217123,0.600001215934753,-0.793582856655121
0.555105686187744,0.0594716742634773,1.44395530223846,0.0108134532347321,0.0981751978397369,0.6018186211586,-0.792501866817474
0.555702030658722,0.0585960410535335,1.44405376911163,0.011656766757369,0.0971150994300842,0.601212203502655,-0.793080508708954
0.556435465812683,0.0574539601802825,1.44408345222473,0.0117123294621706,0.0955055877566337,0.602511525154114,-0.792288780212402
0.556856393814087,0.0564686879515647,1.44401478767395,0.0111801987513899,0.0931350737810134,0.60303008556366,-0.792184174060822
0.557335734367371,0.0554270148277282,1.44388294219971,0.0103848176077008,0.0911161229014396,0.604515910148621,-0.791296780109406
0.557834327220917,0.054279264062643,1.44397878646851,0.0118903387337923,0.0904997736215591,0.604677081108093,-0.791223168373108
0.558369219303131,0.0534605830907821,1.44387412071228,0.0101343775168061,0.0885926634073257,0.606967747211456,-0.789708018302917
0.558930516242981,0.0525913164019584,1.44383895397186,0.0101083200424909,0.0868973955512046,0.607575654983521,-0.789429187774658
0.559431970119476,0.0516044721007347,1.44388234615326,0.0100831286981701,0.0858041197061538,0.608477056026459,-0.788854598999023
0.555797934532166,0.0498453639447689,1.43998682498932,-0.0014649118529632,0.107830531895161,0.591001927852631,-0.799429297447205
0.560551285743713,0.0499639809131622,1.44380056858063,0.010404267348349,0.0827234908938407,0.609586417675018,-0.788322985172272
0.561226665973663,0.0489974915981292,1.44374918937683,0.0101609798148274,0.0806919410824775,0.609780788421631,-0.788386285305023
0.56169980764389,0.0481819473206996,1.44381618499756,0.0101658115163445,0.0795086994767189,0.610627472400665,-0.787850975990295
0.562325954437256,0.0473008193075656,1.44375538825989,0.0105130430310964,0.0780937299132347,0.611118733882904,-0.78760701417923
0.558554768562317,0.0454402938485145,1.43991947174072,-0.0017092346679419,0.0999552980065345,0.59426337480545,-0.79803329706192
0.558554768562317,0.0454402938485145,1.43991947174072,-0.0017092346679419,0.0999552980065345,0.59426337480545,-0.79803329706192
0.55980122089386,0.0438233539462089,1.44005632400513,-0.0015456044347956,0.0965708568692207,0.594726324081421,-0.798105478286743
0.560232758522034,0.0432963222265243,1.43942844867706,0.0012659840285778,0.094681404531002,0.594960391521454,-0.798157930374146
0.560909569263458,0.042400412261486,1.43947577476501,0.0012100406456738,0.093170940876007,0.594975471496582,-0.798324406147003
0.561764657497406,0.0411688089370727,1.43996858596802,-0.0009390126215294,0.092126689851284,0.594403862953186,-0.798871636390686
0.562289357185364,0.0405474379658699,1.43996226787567,-0.0007534205797128,0.0910610258579254,0.594622254371643,-0.798831462860107
0.562888324260712,0.0393992662429809,1.43987214565277,-0.0001587035949341,0.0897053256630897,0.594294250011444,-0.799229145050049
0.562888324260712,0.0393992662429809,1.43987214565277,-0.0001587035949341,0.0897053256630897,0.594294250011444,-0.799229145050049
0.564202010631561,0.038421019911766,1.43985831737518,-3.94944254367147e-05,0.0866980329155922,0.594130456447601,-0.79968273639679
0.568594574928284,0.0377306342124938,1.44379591941833,0.0116917649284005,0.0630248263478279,0.608428657054901,-0.791015625
0.569185197353363,0.0369839631021022,1.44377112388611,0.0117971943691372,0.0616184286773204,0.607703983783722,-0.791681706905365
0.57058048248291,0.0370591208338737,1.44336438179016,0.0131904883310198,0.0596635863184928,0.609149396419525,-0.790698051452637
0.571111440658569,0.0364330187439918,1.44332528114319,0.0137734618037939,0.0588099882006645,0.609154641628265,-0.790747940540314
0.567269861698151,0.0348264649510383,1.43979632854462,0.0010491763241589,0.0802875235676765,0.59198534488678,-0.801939010620117
0.567922353744507,0.0341197550296783,1.43982183933258,0.0015448800986632,0.0790716558694839,0.591267049312592,-0.802588701248169
0.568293154239655,0.0336849614977836,1.43920576572418,0.0043213302269577,0.0774739161133766,0.590357065200806,-0.803403794765472
0.568852186203003,0.0331349149346351,1.43919277191162,0.0046330490149557,0.0763635411858558,0.589657545089722,-0.804021775722504
0.573249042034149,0.0328330174088478,1.44302225112915,0.0163471288979053,0.0529334507882595,0.60322642326355,-0.79564368724823
0.573249042034149,0.0328330174088478,1.44302225112915,0.0163471288979053,0.0529334507882595,0.60322642326355,-0.79564368724823
0.574592053890228,0.0314759090542793,1.44348120689392,0.0152916004881262,0.0508675649762153,0.601247191429138,-0.797295689582825
0.575177848339081,0.0308945272117853,1.44344305992126,0.0156792886555194,0.0497979782521724,0.60025155544281,-0.798105537891388
0.576453447341919,0.0310921426862478,1.443035364151,0.0173670686781406,0.0483826249837875,0.601627290248871,-0.797121167182922
0.577037155628204,0.0305980369448661,1.44300329685211,0.0178980585187673,0.0474970936775207,0.600593090057373,-0.797942161560059
0.577733278274536,0.0301429107785224,1.44302403926849,0.0186427161097526,0.0468806028366088,0.598898768424988,-0.799233973026276
0.577733278274536,0.0301429107785224,1.44302403926849,0.0186427161097526,0.0468806028366088,0.598898768424988,-0.799233973026276
0.577858924865723,0.0282512549310922,1.44330394268036,0.0174950454384088,0.0450585223734378,0.59539121389389,-0.80198073387146
0.574640512466431,0.0273726135492324,1.43965494632721,0.005526004359126,0.0654860958456993,0.579614639282227,-0.812236309051514
0.579767942428589,0.0281414687633514,1.44296813011169,0.0203632935881614,0.0429744869470596,0.594562411308289,-0.802641987800598
0.579411864280701,0.0268519017845392,1.44327211380005,0.0187298525124788,0.0420221127569675,0.591684103012085,-0.80485612154007
0.579411864280701,0.0268519017845392,1.44327211380005,0.0187298525124788,0.0420221127569675,0.591684103012085,-0.80485612154007
0.579411864280701,0.0268519017845392,1.44327211380005,0.0187298525124788,0.0420221127569675,0.591684103012085,-0.80485612154007
0.581547200679779,0.0263608321547508,1.44229638576508,0.0236835423856973,0.039057932794094,0.590447425842285,-0.805782437324524
0.582101821899414,0.0258093755692243,1.4428231716156,0.0218254160135984,0.0382475107908248,0.589137256145477,-0.806832194328308
0.582504332065582,0.0254240948706865,1.44279086589813,0.0221063680946826,0.0374156013131141,0.587705731391907,-0.807906746864319
0.582942187786102,0.0249640103429555,1.44282305240631,0.022389093413949,0.0366569757461547,0.586272418498993,-0.80897444486618
0.583358108997345,0.0244942959398031,1.44283533096313,0.0227253679186105,0.0359791219234466,0.584464609622955,-0.810302495956421
0.58362478017807,0.0242746211588382,1.44257831573486,0.024719014763832,0.0345715917646884,0.582689642906189,-0.811582803726196
0.583924829959869,0.0238751135766506,1.4425665140152,0.0250147674232721,0.033941626548767,0.581293106079102,-0.812601089477539
0.583924829959869,0.0238751135766506,1.4425665140152,0.0250147674232721,0.033941626548767,0.581293106079102,-0.812601089477539
0.584642112255096,0.0229574870318174,1.44253611564636,0.0257263928651809,0.0325244441628456,0.578023850917816,-0.814965486526489
0.580342471599579,0.021117690950632,1.43971300125122,0.0108816232532262,0.052488062530756,0.559318602085114,-0.827217817306519
0.585079610347748,0.0224277507513761,1.44194805622101,0.0282296258956193,0.0313451252877712,0.574487030506134,-0.817426025867462
0.585397183895111,0.0220126546919345,1.44194555282593,0.0284350831061601,0.0308188330382108,0.572809815406799,-0.818615078926086
0.58588171005249,0.0213621370494365,1.44246768951416,0.0267388839274644,0.0302768219262361,0.571148037910461,-0.819852590560913
0.58588171005249,0.0213621370494365,1.44246768951416,0.0267388839274644,0.0302768219262361,0.571148037910461,-0.819852590560913
0.585828483104706,0.0207823868840932,1.44242250919342,0.0263935346156358,0.0295298751443624,0.567024171352386,-0.822748422622681
0.585828483104706,0.0207823868840932,1.44242250919342,0.0263935346156358,0.0295298751443624,0.567024171352386,-0.822748422622681
0.586292862892151,0.020063642412424,1.4423907995224,0.026937311515212,0.0285490807145833,0.563710391521454,-0.825039446353912
0.586292862892151,0.020063642412424,1.4423907995224,0.026937311515212,0.0285490807145833,0.563710391521454,-0.825039446353912
0.585503339767456,0.0189635716378688,1.43939507007599,0.0134662436321377,0.0486026853322982,0.552990913391113,-0.831659495830536
0.585503339767456,0.0189635716378688,1.43939507007599,0.0134662436321377,0.0486026853322982,0.552990913391113,-0.831659495830536
0.58691269159317,0.0188669022172689,1.44239604473114,0.0279103722423315,0.0274727120995521,0.557669579982758,-0.829138696193695
0.587077975273132,0.0185338780283927,1.4424204826355,0.0281112715601921,0.0271335672587156,0.556347072124481,-0.830031096935272
0.587217628955841,0.0180741529911756,1.44252026081085,0.0279087387025356,0.0271686576306819,0.554861903190613,-0.831030249595642
0.587217628955841,0.0180741529911756,1.44252026081085,0.0279087387025356,0.0271686576306819,0.554861903190613,-0.831030249595642
0.587716102600098,0.0177392065525054,1.44214010238647,0.0305974427610635,0.0265887137502431,0.553112685680389,-0.832119703292847
0.587278544902802,0.016342420130968,1.44259595870972,0.0314235314726829,0.0253282357007265,0.549659192562103,-0.834413468837738
0.587109684944153,0.0160081163048744,1.44317781925201,0.0292973760515451,0.025015864521265,0.547102451324463,-0.836178660392761
0.587582468986511,0.0155897177755832,1.44313287734985,0.0300155859440565,0.0247968770563602,0.546683311462402,-0.836433887481689
0.587177038192749,0.0155445653945207,1.4431563615799,0.0296477079391479,0.0246895998716354,0.54444819688797,-0.837906658649445
0.587177038192749,0.0155445653945207,1.4431563615799,0.0296477079391479,0.0246895998716354,0.54444819688797,-0.837906658649445
0.58759593963623,0.0149787552654743,1.44301390647888,0.0309117902070283,0.0241583958268165,0.542670369148254,-0.83902907371521
0.587629437446594,0.0146957281976938,1.44301390647888,0.0310569256544113,0.0239326134324073,0.541403770446777,-0.839847981929779
0.587664127349854,0.014457993209362,1.44301664829254,0.0312179159373044,0.0235715713351964,0.539949178695679,-0.840788125991821
0.587735116481781,0.0142169781029224,1.44301843643188,0.0312455687671899,0.0233536418527364,0.538757026195526,-0.841557562351227
0.587813377380371,0.01403484120965,1.4430627822876,0.0318120308220386,0.0235719010233879,0.536705672740936,-0.842840075492859
0.587813377380371,0.01403484120965,1.4430627822876,0.0318120308220386,0.0235719010233879,0.536705672740936,-0.842840075492859
0.58731997013092,0.0138742178678512,1.44307017326355,0.0312265772372484,0.0233223848044872,0.533407866954803,-0.844959735870361
0.58731997013092,0.0138742178678512,1.44307017326355,0.0312265772372484,0.0233223848044872,0.533407866954803,-0.844959735870361
0.587140321731567,0.013274947181344,1.4432293176651,0.0300318133085966,0.0234946068376302,0.530435383319855,-0.846867442131042
0.587140321731567,0.013274947181344,1.4432293176651,0.0300318133085966,0.0234946068376302,0.530435383319855,-0.846867442131042
0.587126076221466,0.0132280252873897,1.44242560863495,0.0330781675875186,0.0237277522683143,0.529576599597931,-0.847284734249115
0.587126076221466,0.0132280252873897,1.44242560863495,0.0330781675875186,0.0237277522683143,0.529576599597931,-0.847284734249115
0.588211297988892,0.0118721965700387,1.44431924819946,0.0305799338966608,0.0191731117665767,0.530730128288269,-0.846772015094757
0.588211297988892,0.0118721965700387,1.44431924819946,0.0305799338966608,0.0191731117665767,0.530730128288269,-0.846772015094757
0.587873697280884,0.0114207156002521,1.44440412521362,0.0300156883895397,0.0193681884557008,0.528877437114716,-0.847946107387543
0.58782035112381,0.0112224128097295,1.4442777633667,0.0300604999065399,0.019622940570116,0.527938723564148,-0.848523437976837
0.587654232978821,0.0109724923968315,1.44414377212524,0.0300962198525667,0.0199514962732791,0.526879489421844,-0.849172592163086
0.587654232978821,0.0109724923968315,1.44414377212524,0.0300962198525667,0.0199514962732791,0.526879489421844,-0.849172592163086
0.587502062320709,0.0098759308457374,1.44406950473785,0.0296529661864042,0.0207260567694902,0.523936688899994,-0.850988507270813
0.588179588317871,0.0096724033355712,1.4436674118042,0.0317338928580284,0.020832423120737,0.525238394737244,-0.850108027458191
0.587607562541962,0.0094717554748058,1.44379568099976,0.0308587197214365,0.020776180550456,0.523325324058533,-0.851320624351501
0.587607562541962,0.0094717554748058,1.44379568099976,0.0308587197214365,0.020776180550456,0.523325324058533,-0.851320624351501
0.587442398071289,0.0087410788983106,1.44372832775116,0.0309132430702447,0.0210318807512521,0.52155065536499,-0.852400720119476
0.587442398071289,0.0087410788983106,1.44372832775116,0.0309132430702447,0.0210318807512521,0.52155065536499,-0.852400720119476
0.58726567029953,0.0086266435682773,1.44377255439758,0.0306350886821746,0.0208738520741462,0.520860373973846,-0.852836608886719
0.58726567029953,0.0086266435682773,1.44377255439758,0.0306350886821746,0.0208738520741462,0.520860373973846,-0.852836608886719
0.587028980255127,0.0078959632664918,1.44380748271942,0.0302870944142341,0.020979044958949,0.51887035369873,-0.854058682918549
0.586976528167725,0.0077036507427692,1.44377994537354,0.0310165081173181,0.0213388260453939,0.51733124256134,-0.854956746101379
0.587163388729095,0.0077571310102939,1.44364154338837,0.0316383130848407,0.0212066154927015,0.517789721488953,-0.854659616947174
0.587163388729095,0.0077571310102939,1.44364154338837,0.0316383130848407,0.0212066154927015,0.517789721488953,-0.854659616947174
0.586582481861115,0.0074398946017026,1.44369900226593,0.0309409238398075,0.0211678855121135,0.515755176544189,-0.855915486812592
0.586582481861115,0.0074398946017026,1.44369900226593,0.0309409238398075,0.0211678855121135,0.515755176544189,-0.855915486812592
0.586188971996307,0.0067569036036729,1.44391024112701,0.0302877370268106,0.0209294725209474,0.513886153697968,-0.857068181037903
0.586188971996307,0.0067569036036729,1.44391024112701,0.0302877370268106,0.0209294725209474,0.513886153697968,-0.857068181037903
0.586590886116028,0.0060194041579961,1.44377529621124,0.0305517315864563,0.0208582337945699,0.51499742269516,-0.856393158435822
0.586457014083862,0.0060467161238193,1.44377171993256,0.0304575879126787,0.0205859076231718,0.514694273471832,-0.856585383415222
0.586289703845978,0.0056577436625957,1.44371318817139,0.0305817313492298,0.0204028841108083,0.513968586921692,-0.857020974159241
0.586289703845978,0.0056577436625957,1.44371318817139,0.0305817313492298,0.0204028841108083,0.513968586921692,-0.857020974159241
0.585834681987762,0.0054222289472818,1.4438773393631,0.0294844917953014,0.0203938893973827,0.512530744075775,-0.857920289039612
0.585786163806915,0.0052092224359512,1.44390070438385,0.0293466858565807,0.0202998239547014,0.512333273887634,-0.858045041561127
0.584929525852203,0.0055699218064546,1.44252276420593,0.0308748912066221,0.0229983478784561,0.510729491710663,-0.858879029750824
0.584929525852203,0.0055699218064546,1.44252276420593,0.0308748912066221,0.0229983478784561,0.510729491710663,-0.858879029750824
0.584843814373016,0.0054014902561903,1.44254565238953,0.0309995654970407,0.0227739177644252,0.510431885719299,-0.859057486057281
0.584843814373016,0.0054014902561903,1.44254565238953,0.0309995654970407,0.0227739177644252,0.510431885719299,-0.859057486057281
0.584796190261841,0.005013545975089,1.44250845909119,0.031316976994276,0.0226584505289793,0.51007878780365,-0.859258770942688
0.585835099220276,0.0041035022586584,1.44365847110748,0.0316481851041317,0.0201240200549364,0.510945618152618,-0.858794510364532
0.586146414279938,0.0041412506252527,1.4435099363327,0.0323631390929222,0.0201151985675096,0.511925637722015,-0.858184337615967
0.586146414279938,0.0041412506252527,1.4435099363327,0.0323631390929222,0.0201151985675096,0.511925637722015,-0.858184337615967
0.58609002828598,0.0040369220077991,1.44351994991302,0.032300766557455,0.0199248995631933,0.511868357658386,-0.858225226402283
0.58493185043335,0.0045540258288383,1.44240522384644,0.0325078852474689,0.0226295478641986,0.509783327579498,-0.859390616416931
0.58493185043335,0.0045540258288383,1.44240522384644,0.0325078852474689,0.0226295478641986,0.509783327579498,-0.859390616416931
0.585728347301483,0.003283817321062,1.44377779960632,0.0315774008631706,0.0196215938776731,0.511164903640747,-0.85867828130722
0.585704863071442,0.0031213052570819,1.44380795955658,0.0315713360905647,0.0195541437715291,0.511194825172424,-0.858662247657776
0.585704863071442,0.0031213052570819,1.44380795955658,0.0315713360905647,0.0195541437715291,0.511194825172424,-0.858662247657776
0.58448851108551,0.0035008862614631,1.44256889820099,0.0321011506021022,0.0224523991346359,0.509388864040375,-0.859644412994385
0.584438800811768,0.0032321661710739,1.44248449802399,0.0318127758800983,0.0221667401492595,0.510434567928314,-0.859042048454285
0.584392964839935,0.0030709765851497,1.4424786567688,0.031737420707941,0.0221764799207448,0.510867536067963,-0.85878711938858
0.584392964839935,0.0030709765851497,1.4424786567688,0.031737420707941,0.0221764799207448,0.510867536067963,-0.85878711938858
0.584336280822754,0.0027773920446634,1.44248962402344,0.0317453742027282,0.0221472214907407,0.511502921581268,-0.858409285545349
0.584284842014313,0.0026725623756647,1.44250190258026,0.0317894145846366,0.0221776235848665,0.511786043643951,-0.858238101005554
0.584278583526611,0.0025312379002571,1.44253492355347,0.0317623615264892,0.0221634041517972,0.51203727722168,-0.858089625835419
0.584717214107513,0.0021897312253713,1.44251084327698,0.0324537456035614,0.0222279168665409,0.513248145580292,-0.85733836889267
0.584372699260712,0.0021446254104375,1.44260323047638,0.0325312241911888,0.0226018503308296,0.512000918388367,-0.858071088790894
0.585081338882446,0.0014414843171834,1.44388449192047,0.0316203273832798,0.0196671616286039,0.513640522956848,-0.857197046279907
0.585466325283051,0.0010343622416257,1.44381785392761,0.0317641198635101,0.0193923059850931,0.515961408615112,-0.85580313205719
0.585448026657104,0.0008915625512599,1.44385516643524,0.031782042235136,0.0193940326571464,0.516695559024811,-0.855359196662903
0.585408866405487,0.0007392894476652,1.44389247894287,0.0317401327192783,0.019506687298417,0.51736307144165,-0.854954659938812
0.585329711437225,0.0006841719150543,1.44399046897888,0.03156728297472,0.0195008870214223,0.518058717250824,-0.85453987121582
0.585365533828735,0.0004040021449327,1.4440131187439,0.0315735414624214,0.0197259373962879,0.518876791000366,-0.854038000106812
0.585322678089142,0.0002747680991888,1.44405734539032,0.0315001718699932,0.0197863690555095,0.519595265388489,-0.853602349758148
0.585322678089142,0.0002747680991888,1.44405734539032,0.0315001718699932,0.0197863690555095,0.519595265388489,-0.853602349758148
0.585267186164856,1.80620700120926e-05,1.44416880607605,0.031455423682928,0.0200996007770299,0.520752847194672,-0.852890908718109
0.585279285907745,-6.69583678245544e-05,1.44429230690002,0.0318513512611389,0.020504580810666,0.520540118217468,-0.852996528148651
0.585173726081848,-0.0002951733767986,1.44433605670929,0.0311007313430309,0.0202828217297792,0.52195680141449,-0.85216349363327
0.585053145885468,-0.0003761518746614,1.44440424442291,0.0308711417019367,0.0203140191733837,0.522547721862793,-0.851808786392212
0.585015416145325,-0.0005136914551258,1.44446063041687,0.0309128444641828,0.0205825790762901,0.523269295692444,-0.851357758045197
0.584892809391022,-0.0007502622902393,1.44458818435669,0.0306068304926157,0.0207214318215847,0.524438083171844,-0.850646018981934
0.584892809391022,-0.0007502622902393,1.44458818435669,0.0306068304926157,0.0207214318215847,0.524438083171844,-0.850646018981934
0.585116982460022,-0.0006029829382896,1.44452595710754,0.0311540775001049,0.0208110399544239,0.526065528392792,-0.849618434906006
0.585070312023163,-0.0007153805345296,1.44458210468292,0.0311276856809854,0.0209096055477857,0.526666879653931,-0.849244356155396
0.584985017776489,-0.0008491463959217,1.44467484951019,0.0309069715440273,0.0210388395935297,0.527234852313995,-0.848896741867065
0.584626615047455,-0.0011784732341766,1.44493293762207,0.0301649942994117,0.0210189912468194,0.526718139648438,-0.84924453496933
0.584544837474823,-0.0012883264571428,1.44502258300781,0.0302853286266326,0.0212049800902605,0.527198970317841,-0.848937213420868
0.584544837474823,-0.0012883264571428,1.44502258300781,0.0302853286266326,0.0212049800902605,0.527198970317841,-0.848937213420868
0.584369778633118,-0.0015980824828147,1.44515216350555,0.0300126373767852,0.021358422935009,0.528415620326996,-0.848186373710632
0.584369778633118,-0.0015980824828147,1.44515216350555,0.0300126373767852,0.021358422935009,0.528415620326996,-0.848186373710632
0.584292829036713,-0.0022982470691204,1.44577884674072,0.0279311742633581,0.021325446665287,0.529581129550934,-0.847531020641327
0.584431052207947,-0.0022136103361845,1.44562757015228,0.0287128128111362,0.0214391406625509,0.53095668554306,-0.846641004085541
0.584324300289154,-0.0023739486932754,1.4456992149353,0.0285833813250064,0.0215171594172716,0.531348347663879,-0.846397638320923
0.582953572273254,-0.0014530476182699,1.44339728355408,0.0314738452434539,0.0262809600681066,0.530194878578186,-0.846883773803711
0.581806778907776,-0.002327661961317,1.44046008586884,0.016287125647068,0.0469189696013927,0.523323535919189,-0.850685477256775
0.582685470581055,-0.001995014026761,1.44355022907257,0.0308705102652311,0.0266143698245286,0.531460762023926,-0.846101760864258
0.582685470581055,-0.001995014026761,1.44355022907257,0.0308705102652311,0.0266143698245286,0.531460762023926,-0.846101760864258
0.58217054605484,-0.0025789588689804,1.44429755210876,0.0279607959091663,0.0272864997386932,0.531168937683105,-0.846364676952362
0.582423627376556,-0.0030533727258443,1.44426274299622,0.0277236979454755,0.027046762406826,0.533649444580078,-0.844818413257599
0.58193176984787,-0.0035712234675884,1.44444251060486,0.0270940661430358,0.0271788351237773,0.533431112766266,-0.844972491264343
0.581684350967407,-0.0038383994251489,1.44449687004089,0.0266831927001476,0.0273783784359693,0.534283399581909,-0.844440519809723
0.581584692001343,-0.0037895012646913,1.4437655210495,0.0294855460524559,0.0276921838521957,0.536005914211273,-0.843244671821594
0.581470191478729,-0.0042810719460248,1.4444055557251,0.0269768740981817,0.0274188444018363,0.536746561527252,-0.84286630153656
0.581055760383606,-0.0050292499363422,1.44453024864197,0.0260467752814292,0.0274292714893817,0.53632253408432,-0.843165040016174
0.580773055553436,-0.0054809525609016,1.44473421573639,0.0250765439122915,0.0280135013163089,0.537146329879761,-0.842650711536407
0.580844700336456,-0.005781602114439,1.44467067718506,0.025196585804224,0.0282439086586236,0.539072334766388,-0.841408669948578
0.580544173717499,-0.0059693697839975,1.4445663690567,0.0255358647555112,0.0282471906393766,0.54043060541153,-0.840526580810547
0.580094635486603,-0.00666637532413,1.44506847858429,0.0239280499517917,0.0279002208262681,0.540514945983887,-0.840531170368195
0.579807162284851,-0.0066487342119216,1.44504499435425,0.0244834888726472,0.0279909390956163,0.541007101535797,-0.840195417404175
0.579367339611053,-0.007247045636177,1.44464647769928,0.0250821504741907,0.0281700901687145,0.542834341526031,-0.838992357254028
0.579034209251404,-0.0074849482625722,1.4445298910141,0.0254345573484897,0.0282786916941404,0.544436514377594,-0.837939262390137
0.579005837440491,-0.0081505998969078,1.44511795043945,0.0238673277199268,0.0287169814109802,0.544618308544159,-0.837852358818054
0.578483581542969,-0.0083556715399026,1.44451773166656,0.0249939020723104,0.028628122061491,0.546819090843201,-0.836387932300568
0.578383505344391,-0.0091042015701532,1.44504809379578,0.0224360935389995,0.0286251902580261,0.54843932390213,-0.835398972034454
0.57815808057785,-0.0095672309398651,1.44502532482147,0.0222491603344678,0.0289483182132244,0.549583613872528,-0.834640562534332
0.577939867973328,-0.0100387511774897,1.44506204128265,0.0223615169525146,0.0294690635055303,0.550022661685944,-0.834330022335052
0.577548205852509,-0.0103262020274996,1.44469118118286,0.0222542267292737,0.02963163331151,0.55280339717865,-0.832487285137177
0.577401041984558,-0.0112269800156354,1.44506180286407,0.0207206141203641,0.029889678582549,0.553796231746674,-0.831857562065125
0.576818585395813,-0.0111112110316753,1.44437444210052,0.0230569317936897,0.0303201097995042,0.555229306221008,-0.830824553966522
0.576671838760376,-0.0118433535099029,1.44491171836853,0.0205220039933919,0.0304860565811395,0.557047963142395,-0.82966673374176
0.576213836669922,-0.0120288915932178,1.44429588317871,0.0224208664149045,0.0309546999633312,0.558299660682678,-0.828758478164673
0.576087951660156,-0.0127201173454523,1.44486749172211,0.0196468122303485,0.0311601143330335,0.559764385223389,-0.827832579612732
0.577094197273254,-0.0152094578370451,1.445228099823,0.0212543904781341,0.0308045819401741,0.565973937511444,-0.823573231697083
0.577094197273254,-0.0152094578370451,1.445228099823,0.0212543904781341,0.0308045819401741,0.565973937511444,-0.823573231697083
0.576720535755157,-0.0162859447300434,1.4454163312912,0.019876280799508,0.0318950451910495,0.569654703140259,-0.821024537086487
0.576720535755157,-0.0162859447300434,1.4454163312912,0.019876280799508,0.0318950451910495,0.569654703140259,-0.821024537086487
0.586656093597412,-0.0192901119589805,1.44721293449402,-0.0290571358054876,0.0702013149857521,0.582156300544739,-0.809519350528717
0.584111094474792,-0.0186626929789781,1.44690930843353,-0.0336329638957977,0.0732374042272567,0.578058958053589,-0.812005579471588
0.583672761917114,-0.0188274458050727,1.44650948047638,-0.0327267870306968,0.0744167417287826,0.580418825149536,-0.810250043869019
0.583268046379089,-0.0195302702486515,1.44687783718109,-0.0337546169757843,0.0745825693011283,0.581223785877228,-0.80961537361145
0.582054853439331,-0.0203958954662084,1.44683945178986,-0.0326970294117927,0.0740030407905578,0.581207394599915,-0.809723675251007
0.58174067735672,-0.021158643066883,1.44736194610596,-0.0349257513880729,0.074826069176197,0.582870543003082,-0.808358371257782
0.581336438655853,-0.0213110335171222,1.4468560218811,-0.0331295393407344,0.0754856541752815,0.584685266017914,-0.807060956954956
0.581081569194794,-0.0219427049160003,1.44737339019775,-0.0355105362832546,0.076142817735672,0.586266398429871,-0.805750012397766
0.58062356710434,-0.0223172158002853,1.44744288921356,-0.0357587859034538,0.0767507851123809,0.587950050830841,-0.804453551769257
0.580153524875641,-0.0226138811558485,1.44752407073975,-0.0359804071485996,0.077171579003334,0.589204370975494,-0.803485155105591
0.579582989215851,-0.0230366066098213,1.44692754745483,-0.0335050746798515,0.0777787268161773,0.590626895427704,-0.802488505840302
0.581446647644043,-0.0259889867156744,1.43921720981598,-0.0458013415336608,0.122644171118736,0.583306074142456,-0.801632523536682
0.581446647644043,-0.0259889867156744,1.43921720981598,-0.0458013415336608,0.122644171118736,0.583306074142456,-0.801632523536682
0.580379784107208,-0.0265636462718248,1.43865919113159,-0.043435625731945,0.123696155846119,0.585903704166412,-0.799705862998962
0.580006539821625,-0.0267874635756015,1.43921446800232,-0.0466485880315303,0.124247647821903,0.588485658168793,-0.797540724277496
0.578252971172333,-0.0236453190445899,1.4473215341568,-0.0366646684706211,0.0818485170602798,0.599685907363892,-0.795193910598755
0.577873170375824,-0.0239058416336774,1.44741630554199,-0.0367260947823524,0.082569345831871,0.601076722145081,-0.794065713882446
0.577432632446289,-0.0241145528852939,1.44742727279663,-0.0366838797926902,0.0830824896693229,0.60253518819809,-0.792908012866974
0.576984822750092,-0.0242800470441579,1.44740915298462,-0.0363308638334274,0.0834662318229675,0.603973090648651,-0.79178923368454
0.57655256986618,-0.0244979076087474,1.44764757156372,-0.035860501229763,0.0834453105926513,0.605465173721313,-0.790672481060028
0.575974106788635,-0.024379726499319,1.4469268321991,-0.0336452461779117,0.0844849348068237,0.606654167175293,-0.789747416973114
0.575641334056854,-0.02455391921103,1.44727277755737,-0.035200797021389,0.0844796895980835,0.607654511928558,-0.788910746574402
0.574508726596832,-0.0251519996672868,1.44752311706543,-0.0340873003005981,0.0844973176717758,0.607945322990417,-0.788733601570129
0.564633846282959,-0.0224007088690996,1.44638109207153,0.0122359665110707,0.0438140854239463,0.600715100765228,-0.798167943954468
0.564230442047119,-0.0224815737456083,1.44646048545837,0.0123978089541196,0.0441424511373043,0.602232158184052,-0.797003328800201
0.563736438751221,-0.0223478898406028,1.44597327709198,0.0147438505664467,0.0442022085189819,0.603980720043182,-0.795635640621185
0.563575327396393,-0.0225747898221015,1.44656157493591,0.0126217976212501,0.0446154773235321,0.605583846569061,-0.79442971944809
0.563575327396393,-0.0225747898221015,1.44656157493591,0.0126217976212501,0.0446154773235321,0.605583846569061,-0.79442971944809
0.562944531440735,-0.022611616179347,1.44664204120636,0.013223972171545,0.0452818982303142,0.608380138874054,-0.792242586612701
0.562638640403748,-0.0226875599473714,1.44664883613586,0.0131297307088971,0.0451960563659668,0.609837114810944,-0.791128039360046
0.562337279319763,-0.022727457806468,1.44675803184509,0.0132356528192758,0.0459249280393123,0.612218618392944,-0.789242804050446
0.56202358007431,-0.0226360410451889,1.44677031040192,0.0135181853547692,0.0460697226226329,0.613949775695801,-0.787883698940277
0.561709702014923,-0.0225550476461648,1.44676232337952,0.0138624981045722,0.0460980124771595,0.615673124790192,-0.786530017852783
0.5615314245224,-0.0225672535598278,1.44683027267456,0.014647327363491,0.0467508472502231,0.616735219955444,-0.785644590854645
0.561093330383301,-0.0229626279324293,1.44679594039917,0.0145414574071764,0.0466083027422428,0.619201958179474,-0.783712446689606
0.561038017272949,-0.022523995488882,1.44699418544769,0.0146711599081754,0.0469276905059814,0.620437800884247,-0.782712996006012
0.560720384120941,-0.0224726516753435,1.44693493843079,0.0143648637458682,0.0467743501067161,0.623044490814209,-0.780654549598694
0.560720384120941,-0.0224726516753435,1.44693493843079,0.0143648637458682,0.0467743501067161,0.623044490814209,-0.780654549598694
0.55978661775589,-0.0227560456842184,1.44719016551971,0.0160497017204761,0.0446400046348571,0.626330614089966,-0.778112888336182
0.559637010097504,-0.0224966630339622,1.44690811634064,0.0168798435479402,0.0450241044163703,0.628435075283051,-0.776374578475952
0.559367299079895,-0.0228259898722171,1.44687724113464,0.017174307256937,0.0453859195113182,0.629992187023163,-0.775084018707275
0.55922269821167,-0.0224819108843803,1.44666385650635,0.0177683848887681,0.0454660914838314,0.632200837135315,-0.773265361785889
0.559194505214691,-0.0229061059653759,1.44715642929077,0.0156115172430872,0.0459774322807788,0.634026050567627,-0.771785855293274
0.558884739875793,-0.0226173810660839,1.44653868675232,0.0180896427482366,0.0459058880805969,0.636038839817047,-0.770078003406525
0.558992624282837,-0.0227339603006839,1.44708228111267,0.0156258661299943,0.0465927347540855,0.63802045583725,-0.768449604511261
0.559157431125641,-0.0219934023916721,1.4471253156662,0.0159019790589809,0.0466326102614402,0.639506816864014,-0.767204999923706
0.558925628662109,-0.0219687614589929,1.44701385498047,0.015086899511516,0.0466166883707046,0.642111301422119,-0.765044093132019
0.558707356452942,-0.0219338089227676,1.44696259498596,0.0149869471788406,0.0468207038938999,0.643734574317932,-0.763668119907379
0.558643937110901,-0.0219647660851478,1.44711792469025,0.0149593660607934,0.0461878105998039,0.645837306976318,-0.76192981004715
0.558689832687378,-0.0215504877269268,1.44683861732483,0.0146938599646091,0.0472300462424755,0.647443771362305,-0.760506391525269
0.558653652667999,-0.0215615164488554,1.44716596603394,0.0145604060962796,0.046581782400608,0.649082124233246,-0.759151220321655
0.558598220348358,-0.0213702674955129,1.44727385044098,0.015037003904581,0.0469623878598213,0.64955747127533,-0.758711814880371
0.558368384838104,-0.0213035400956869,1.44717788696289,0.0144155966117978,0.0468773767352104,0.651698768138885,-0.756890654563904
0.558301687240601,-0.0211680755019187,1.44718611240387,0.0143782896921038,0.047002837061882,0.652969539165497,-0.755787551403046
0.558215975761414,-0.0210153516381979,1.44721746444702,0.0141698010265827,0.0471700057387352,0.654140055179596,-0.754768252372742
0.558010041713715,-0.0211461372673511,1.44723200798035,0.0144651178270578,0.0473129861056804,0.655052721500397,-0.753961682319641
0.55794894695282,-0.0209182780236005,1.44728064537048,0.0145094310864806,0.0473602637648582,0.656201660633087,-0.752958178520203
0.55785995721817,-0.0207017641514539,1.44730830192566,0.0145568931475281,0.0475898906588554,0.657239556312561,-0.752036929130554
0.557705938816071,-0.0205195508897304,1.44730377197266,0.0145462490618228,0.0478140451014041,0.65803050994873,-0.751330971717834
0.557633280754089,-0.0202018283307552,1.44726979732513,0.0144138373434543,0.0481822229921817,0.658929347991943,-0.750521719455719
0.557535290718079,-0.0200272537767887,1.44731760025024,0.0144623247906565,0.0483138263225555,0.659662127494812,-0.749868273735046
0.557672560214996,-0.0196983627974987,1.44749891757965,0.015183113515377,0.0479742251336574,0.659928381443024,-0.749641597270966
0.557441890239716,-0.0195145271718502,1.44693601131439,0.0174110922962427,0.047308012843132,0.661543905735016,-0.748210251331329
0.55738490819931,-0.0190952681005001,1.44696176052094,0.0171263292431831,0.047036025673151,0.661725401878357,-0.74807345867157
0.557494878768921,-0.0189701560884714,1.44741475582123,0.0147066907957196,0.0479785799980163,0.662497103214264,-0.747381746768951
0.557359993457794,-0.0185606759041547,1.44746267795563,0.0146591793745756,0.0482907630503177,0.663529276847839,-0.746446132659912
0.557413697242737,-0.0183114949613809,1.44745242595673,0.0148403123021125,0.0482392534613609,0.664494752883911,-0.745586752891541
0.557413697242737,-0.0183114949613809,1.44745242595673,0.0148403123021125,0.0482392534613609,0.664494752883911,-0.745586752891541
0.557623147964478,-0.0173593088984489,1.447474360466,0.0147537663578987,0.0480251908302307,0.666568219661713,-0.74374908208847
0.557729482650757,-0.0170414224267005,1.44755566120148,0.0152015946805477,0.0473422668874263,0.667507827281952,-0.742940783500671
0.557792484760284,-0.0166519097983837,1.44753730297089,0.0158485621213912,0.0479424707591533,0.6671262383461,-0.743231594562531
0.557827353477478,-0.0162590518593788,1.44755303859711,0.015945304185152,0.0479143224656581,0.667641401290894,-0.742768526077271
0.557762801647186,-0.0162956342101097,1.44742238521576,0.0159606058150529,0.0473217479884624,0.668351292610168,-0.742167353630066
0.557804584503174,-0.0159047879278659,1.44731462001801,0.0164276584982872,0.0476027093827724,0.668649613857269,-0.741870582103729
0.557939946651459,-0.0154935894533991,1.44742226600647,0.0169388763606548,0.0475291684269905,0.670038044452667,-0.740610003471375
0.558095037937164,-0.0149555839598178,1.44743895530701,0.0171269979327917,0.0473167523741722,0.670634269714355,-0.740079402923584
0.558473229408264,-0.0144179603084921,1.44744336605072,0.0171399358659982,0.0467631518840789,0.671316623687744,-0.739495456218719
0.558393597602844,-0.0142186675220727,1.44744324684143,0.0177245382219553,0.0470327921211719,0.671792924404144,-0.739031851291656
0.558476328849792,-0.0135199762880802,1.447585105896,0.0176098626106977,0.0464718043804168,0.671871900558472,-0.738998174667358
0.558648884296417,-0.0132288392633199,1.447669506073,0.0181395541876554,0.0472483783960342,0.670995056629181,-0.739732563495636
0.558882355690002,-0.0129251647740602,1.4475930929184,0.0186812933534383,0.0472612529993057,0.671423375606537,-0.73932945728302
0.558895409107208,-0.0122405895963311,1.44748568534851,0.018841540440917,0.0476471409201622,0.671078681945801,-0.73961353302002
0.559164762496948,-0.01147854141891,1.44747149944305,0.0186998080462217,0.047692522406578,0.67148619890213,-0.739244222640991
0.55910187959671,-0.0110504645854234,1.44682884216309,0.0210561007261276,0.0469282418489456,0.672544419765472,-0.738267183303833
0.559230864048004,-0.0108302384614944,1.44700932502747,0.0201724879443645,0.0472145788371562,0.672649681568146,-0.73817777633667
0.559470117092133,-0.0103469584137201,1.44709885120392,0.0200171340256929,0.0463942363858222,0.672458171844482,-0.738408446311951
0.559796512126923,-0.0098461918532848,1.44750797748566,0.0197813715785741,0.0468883775174617,0.672226428985596,-0.738594651222229
0.559796512126923,-0.0098461918532848,1.44750797748566,0.0197813715785741,0.0468883775174617,0.672226428985596,-0.738594651222229
0.559883892536163,-0.0084459157660603,1.44742751121521,0.0185391418635845,0.0470758900046348,0.672789514064789,-0.738102078437805
0.560052096843719,-0.0079306056722998,1.44734287261963,0.0194820910692214,0.0477277897298336,0.671738266944885,-0.738992631435394
0.560030102729797,-0.0076357405632734,1.44729161262512,0.019171280786395,0.0473025254905223,0.672554731369019,-0.738285303115845
0.560243546962738,-0.0069260224699974,1.4472668170929,0.0189918801188468,0.0474417246878147,0.672758042812347,-0.738095700740814
0.560403227806091,-0.0065366923809051,1.4472188949585,0.0193533953279256,0.0469269417226314,0.672122657299042,-0.738697826862335
0.560453116893768,-0.006072636693716,1.44726872444153,0.0195150431245565,0.0469297915697097,0.671686947345734,-0.739089667797089
0.560517072677612,-0.0053598117083311,1.44680345058441,0.0232057888060808,0.0468460880219936,0.671222567558289,-0.739410042762756
0.5609290599823,-0.0046507250517606,1.44727218151093,0.0201878510415554,0.0471323877573013,0.67220151424408,-0.73859053850174
0.560847282409668,-0.0042011756449937,1.44721853733063,0.0200806483626365,0.0470177829265594,0.671017587184906,-0.739676475524902
0.560626327991486,-0.0033525433391332,1.4466381072998,0.0224517229944467,0.047502513974905,0.670853018760681,-0.739726841449738
0.560970425605774,-0.0023766793310642,1.44664478302002,0.0222527086734771,0.0474390871822834,0.671195387840271,-0.73942631483078
0.561264216899872,-0.0017473585903644,1.44685709476471,0.0211843606084585,0.0478493943810462,0.670914649963379,-0.739685893058777
0.5612872838974,-0.0015858355909585,1.4471732378006,0.0205023009330034,0.048020489513874,0.670212686061859,-0.740330159664154
0.561347782611847,-0.0009631644934415,1.44703221321106,0.0208577290177345,0.0483121760189533,0.669697165489197,-0.740767538547516
0.561690807342529,-0.0002267453819513,1.44703125953674,0.0209587402641773,0.0483532920479774,0.669836282730103,-0.74063628911972
0.561504662036896,0.0003144890069961,1.44703125953674,0.0211589410901069,0.04851845651865,0.668505132198334,-0.741821467876434
0.561654210090637,0.0009910017251968,1.44699275493622,0.0213871747255325,0.0485737808048725,0.667914986610413,-0.742342829704285
0.562009930610657,0.0020240135490894,1.44704008102417,0.021639609709382,0.048776663839817,0.666901230812073,-0.74323308467865
0.56218808889389,0.0025901459157466,1.44710230827332,0.0219072978943586,0.0488400720059871,0.665948867797852,-0.744074523448944
0.562127292156219,0.0029591005295515,1.44690799713135,0.0213152803480625,0.0481864884495735,0.666104316711426,-0.743995130062103
0.562467098236084,0.003842357546091,1.44700956344604,0.021823450922966,0.0480354093015193,0.666470587253571,-0.743662118911743
0.562406957149506,0.0046174563467502,1.44692623615265,0.0214025564491748,0.0486750118434429,0.665530323982239,-0.744474411010742
0.562387824058533,0.0050905998796224,1.4468594789505,0.0217740777879953,0.0488413721323013,0.664771735668182,-0.745130300521851
0.562618374824524,0.0062264986336231,1.44681918621063,0.021407313644886,0.0488500073552131,0.664567053318024,-0.74532276391983
0.562907874584198,0.0069714970886707,1.44697165489197,0.0222852528095245,0.0484824776649475,0.663241446018219,-0.746500909328461
0.562915325164795,0.0074033606797456,1.44696760177612,0.0222235117107629,0.0477463975548744,0.663471400737762,-0.746345996856689
0.563144683837891,0.0082102417945861,1.44694089889526,0.022413395345211,0.0476626306772232,0.663171589374542,-0.746612071990967
0.563336312770844,0.0087063275277614,1.44690585136414,0.0227074474096298,0.0475784912705421,0.662803888320923,-0.74693489074707
0.56351637840271,0.0100766904652118,1.4469358921051,0.0226330980658531,0.0480332858860492,0.661116063594818,-0.748402535915375
0.56351637840271,0.0100766904652118,1.4469358921051,0.0226330980658531,0.0480332858860492,0.661116063594818,-0.748402535915375
0.563493490219116,0.0119188241660594,1.44625151157379,0.0242838952690362,0.047360610216856,0.660612523555756,-0.748837947845459
0.563703656196594,0.0121812969446182,1.44672334194183,0.0224676951766014,0.0477999337017536,0.660058498382568,-0.749355137348175
0.563742280006409,0.0130793992429971,1.4461487531662,0.0252977348864078,0.0473610870540142,0.659493744373322,-0.749789953231812
0.564000248908997,0.0142822228372097,1.44673311710358,0.0222149603068828,0.0475609526038169,0.658875405788422,-0.750418365001678
0.56410151720047,0.015233788639307,1.44663512706757,0.0222884193062782,0.0472710393369197,0.658474981784821,-0.750785827636719
0.56410026550293,0.015854587778449,1.44656932353973,0.0227892640978097,0.0472611635923385,0.657664120197296,-0.751481890678406
0.564182698726654,0.0167613755911588,1.44651222229004,0.0229154992848634,0.047212179750204,0.656887948513031,-0.752159714698792
0.564361453056335,0.0177298225462436,1.44646644592285,0.0229837484657764,0.0471275374293327,0.656503319740295,-0.752498626708984
0.564424335956573,0.0190194118767976,1.44640219211578,0.0222497154027223,0.0476493723690509,0.655986845493317,-0.752938091754913
0.564424335956573,0.0190194118767976,1.44640219211578,0.0222497154027223,0.0476493723690509,0.655986845493317,-0.752938091754913
0.564681470394135,0.0207363069057464,1.44637775421143,0.0236945785582065,0.0475529804825782,0.653762936592102,-0.754832088947296
0.564816951751709,0.0216580759733915,1.44632148742676,0.0236811526119709,0.0467404387891292,0.654311060905457,-0.754408180713654
0.564998209476471,0.0229727532714605,1.44622921943665,0.0233277101069688,0.0473362430930137,0.653772711753845,-0.754848718643188
0.565041065216064,0.0236655380576849,1.44615197181702,0.0238755960017442,0.0473390594124794,0.652670979499817,-0.755784094333649
0.565041065216064,0.0236655380576849,1.44615197181702,0.0238755960017442,0.0473390594124794,0.652670979499817,-0.755784094333649
0.565272092819214,0.0255947038531303,1.44586789608002,0.0246624778956174,0.047867551445961,0.651333272457123,-0.756878793239594
0.565421760082245,0.0266509875655174,1.44573676586151,0.0251293834298849,0.0478176474571228,0.65048211812973,-0.757598161697388
0.565583288669586,0.0277703646570444,1.44552886486053,0.0262035969644784,0.0474404282867908,0.650050640106201,-0.757955849170685
0.566002666950226,0.0288775209337472,1.44539594650269,0.0282946173101663,0.0469066090881824,0.64931845664978,-0.758541226387024
0.566245198249817,0.0294038970023393,1.44572567939758,0.0261884666979312,0.0470431372523307,0.64934629201889,-0.758584499359131
0.566393196582794,0.0303297191858291,1.44558334350586,0.0260196235030889,0.047556173056364,0.648603200912476,-0.75919383764267
0.566653668880463,0.0311672482639551,1.44546139240265,0.0264012329280376,0.0476840585470199,0.648265898227692,-0.759460687637329
0.566360712051392,0.0327218025922775,1.44544470310211,0.0252849925309419,0.0478160940110683,0.646693885326385,-0.760829448699951
0.565779745578766,0.0335264205932617,1.44516777992249,0.0257368609309196,0.0482896901667118,0.643994331359863,-0.76307088136673
0.566677868366241,0.0345189273357391,1.44516372680664,0.0264565646648406,0.0482845120131969,0.644155144691467,-0.762910842895508
0.56682288646698,0.0353123620152473,1.4450695514679,0.0263450443744659,0.0474347658455371,0.64459639787674,-0.762595176696777
0.566317200660706,0.0360352396965026,1.44500553607941,0.0261784251779317,0.0474721938371658,0.64220929145813,-0.76460999250412
0.566615879535675,0.0368408560752868,1.44505476951599,0.0260792430490255,0.0470680817961692,0.641849756240845,-0.764940202236176
0.566739439964294,0.0380597300827503,1.44485950469971,0.0254007540643215,0.0475815795361995,0.641312837600708,-0.765381455421448
0.566891431808472,0.0388207212090492,1.44476425647736,0.0254256762564182,0.0474390052258968,0.640890121459961,-0.765743315219879
0.56716001033783,0.0395933091640472,1.44470942020416,0.0258793588727712,0.0468378514051437,0.640334725379944,-0.766229808330536
0.567912995815277,0.040152296423912,1.44459199905396,0.0267902985215187,0.0471626855432987,0.639909446239471,-0.766533672809601
0.568791270256042,0.0404933840036392,1.44404566287994,0.028092423453927,0.0465369932353496,0.642419874668121,-0.764422595500946
0.568916797637939,0.0408095046877861,1.44414401054382,0.0276576802134513,0.0463377125561237,0.641795217990875,-0.764975070953369
0.568729162216187,0.0420013405382633,1.44418776035309,0.0266908146440982,0.0459416955709457,0.64030921459198,-0.766277432441711
0.568926751613617,0.0427338704466819,1.44402968883514,0.0269792787730693,0.0458781458437442,0.639767527580261,-0.766723453998566
0.568111479282379,0.0440882593393325,1.44399678707123,0.0254803318530321,0.0456262193620204,0.637418329715729,-0.768743813037872
0.567216575145721,0.0453657954931259,1.44387149810791,0.0242483727633953,0.0455874688923358,0.634941339492798,-0.770832896232605
0.56940770149231,0.0449156127870082,1.44365334510803,0.0266333986073732,0.0448270849883556,0.639058947563171,-0.767388463020325
0.570050537586212,0.0450943037867546,1.44348013401031,0.027446074411273,0.0440037138760089,0.639149367809296,-0.767332136631012
0.570187211036682,0.045844554901123,1.44338035583496,0.0274281110614538,0.0441708527505397,0.639224946498871,-0.767260134220123
0.569242060184479,0.0471958369016647,1.44321084022522,0.0260602645576,0.0441893823444843,0.63652378320694,-0.769549012184143
0.569890201091766,0.0474204234778881,1.44306290149689,0.0265937484800815,0.0439740568399429,0.63727879524231,-0.768918037414551
0.570736646652222,0.0480078905820846,1.44278728961945,0.0265776012092828,0.0444581545889377,0.638399004936218,-0.767960786819458
0.570721089839935,0.0490522533655166,1.4426531791687,0.0261684842407703,0.0442400686442852,0.637632548809052,-0.768624007701874
0.569975614547729,0.0502492003142833,1.44160735607147,0.027817890048027,0.0450962260365486,0.635627865791321,-0.770175278186798
0.569748818874359,0.051064234226942,1.44199287891388,0.0247117523103952,0.0453265868127346,0.634296715259552,-0.771364092826843
0.570567488670349,0.0512024238705635,1.44124054908752,0.0285165552049875,0.0445311740040779,0.636067748069763,-0.769819319248199
0.56996363401413,0.0518036447465419,1.44132840633392,0.0282319840043783,0.0436123386025428,0.63433176279068,-0.771313309669495
0.569226920604706,0.053360678255558,1.44175112247467,0.024170633405447,0.0439518727362155,0.631576597690582,-0.773689210414886
0.569324016571045,0.0539925992488861,1.44166922569275,0.0237950757145881,0.0437447130680084,0.631104290485382,-0.774097859859467
0.569379508495331,0.0543899834156036,1.44156837463379,0.0245434194803237,0.0438699051737785,0.629551947116852,-0.775330603122711
0.569256603717804,0.055024616420269,1.44144415855408,0.0231526922434568,0.0436705164611339,0.629721283912659,-0.775247037410736
0.56822007894516,0.0562873929738998,1.4413093328476,0.021429419517517,0.0435238033533096,0.626439988613129,-0.777958631515503
0.568080365657806,0.0567177645862102,1.44124448299408,0.0217061415314674,0.0436972863972187,0.625847458839417,-0.778417885303497
0.56953239440918,0.0565127022564411,1.44101965427399,0.0233892630785703,0.043164674192667,0.628019690513611,-0.776647329330444
0.569374799728394,0.0574429221451282,1.44127130508423,0.0247188936918973,0.0444333590567112,0.625333070755005,-0.778699636459351
0.569674670696259,0.0580854974687099,1.44059669971466,0.0271619502454996,0.0438910871744155,0.625989735126495,-0.778121173381805
0.569874584674835,0.0589065998792648,1.44089901447296,0.023950770497322,0.0438682287931442,0.626365125179291,-0.777926027774811
0.568330407142639,0.0603442676365375,1.44082307815552,0.0218490865081548,0.0441774241626262,0.622208654880524,-0.781298458576202
0.569791734218597,0.0601987540721893,1.44071161746979,0.0234611853957176,0.043758999556303,0.624962329864502,-0.779074311256409
0.570397675037384,0.0603968203067779,1.4405825138092,0.0242787878960371,0.0437672920525074,0.62587559223175,-0.778315305709839
0.570707201957703,0.0609903559088707,1.4402197599411,0.0229694098234176,0.042289026081562,0.627303779125214,-0.777286291122437
0.56947249174118,0.0621293410658836,1.44023311138153,0.0216093938797712,0.0430260524153709,0.624503374099731,-0.779536545276642
0.569249451160431,0.0629949048161506,1.44016599655151,0.0211544707417488,0.0430259928107261,0.623816668987274,-0.780098736286163
0.569181740283966,0.0636574476957321,1.4400874376297,0.0213267151266336,0.0431667082011699,0.62309992313385,-0.780659019947052
0.569101333618164,0.0643142834305763,1.44024932384491,0.0223658625036478,0.0444759875535965,0.621221244335175,-0.782052397727966
0.568888545036316,0.0647254660725593,1.44012248516083,0.023084694519639,0.0448324903845787,0.620408475399017,-0.782656073570251
0.569336116313934,0.0657254680991172,1.43981635570526,0.0207919795066118,0.0476808696985244,0.620894312858582,-0.782166600227356
0.568240463733673,0.0673720240592956,1.43976581096649,0.0187016781419515,0.0485824719071388,0.618447065353394,-0.784100234508514
0.569133758544922,0.0672484934329986,1.43975126743317,0.0196518953889608,0.0489923246204853,0.620143413543701,-0.782710492610931
0.568515062332153,0.0677937865257263,1.43976306915283,0.020423674955964,0.0498067885637283,0.617747724056244,-0.784531712532043
0.568756699562073,0.0684345588088035,1.43979859352112,0.0204010661691427,0.0501101166009902,0.618248224258423,-0.78411865234375
0.567596614360809,0.0703578442335128,1.43981838226318,0.0179414674639701,0.0503850020468235,0.615642488002777,-0.786208510398865
0.566767811775208,0.0708198323845863,1.43967294692993,0.017144339159131,0.0507513619959354,0.614080786705017,-0.787423133850098
0.566700160503387,0.0717466473579406,1.43967568874359,0.0164357647299766,0.0513740070164203,0.613970994949341,-0.787483513355255
0.566521823406219,0.0724794492125511,1.43971514701843,0.0163472741842269,0.0519121624529361,0.613349854946136,-0.787934005260468
0.566138565540314,0.0730275362730026,1.43922531604767,0.0195082407444715,0.0524517744779586,0.611787617206573,-0.789040088653564
0.56654167175293,0.0735815316438674,1.43913686275482,0.0194835383445024,0.0523862801492214,0.613122344017029,-0.788008332252502
0.56639289855957,0.0742563381791114,1.43908679485321,0.019521914422512,0.0528533905744552,0.612651526927948,-0.788342297077179
0.566559553146362,0.0749540701508522,1.43970835208893,0.0166183654218912,0.0537921413779258,0.612358689308167,-0.78857284784317
0.56625634431839,0.0757549479603767,1.43921828269958,0.0185594353824853,0.0540984943509101,0.611813843250275,-0.788931488990784
0.567420482635498,0.0749666988849639,1.4397999048233,0.0184236131608486,0.0554023347795009,0.612869739532471,-0.788024067878723
0.566874921321869,0.0759119987487793,1.43904221057892,0.0183101966977119,0.0544857382774353,0.613637566566467,-0.78749281167984
0.566786587238312,0.0763737484812736,1.43958067893982,0.0161057524383068,0.0552584305405616,0.612825274467468,-0.788119494915009
0.566786587238312,0.0763737484812736,1.43958067893982,0.0161057524383068,0.0552584305405616,0.612825274467468,-0.788119494915009
0.566329896450043,0.0772550404071807,1.43963146209717,0.016650952398777,0.0563886277377605,0.611352682113647,-0.789171099662781
0.566173672676086,0.0782779902219772,1.43979692459106,0.0161686278879642,0.057264856994152,0.611403405666351,-0.789078712463379
0.566035270690918,0.0789739564061164,1.43982529640198,0.0162803679704666,0.0582024492323398,0.610485672950745,-0.789718151092529
0.566076815128326,0.0800749287009239,1.43978106975555,0.0165580436587333,0.0597804337739944,0.609419584274292,-0.790417611598969
0.565622508525848,0.0805086120963096,1.43980491161346,0.0171414334326982,0.0604498870670795,0.608267188072205,-0.791241466999054
0.565622508525848,0.0805086120963096,1.43980491161346,0.0171414334326982,0.0604498870670795,0.608267188072205,-0.791241466999054
0.56513512134552,0.0819882303476333,1.43961989879608,0.0167902167886495,0.0624179057776927,0.607071936130524,-0.792013764381409
0.564933478832245,0.0827345177531242,1.43967080116272,0.0168776698410511,0.0632931515574455,0.606263339519501,-0.792561650276184
0.564639985561371,0.0836350098252296,1.43962216377258,0.017439117655158,0.0645716190338134,0.605232894420624,-0.793233692646027
0.564639985561371,0.0836350098252296,1.43962216377258,0.017439117655158,0.0645716190338134,0.605232894420624,-0.793233692646027
0.564103066921234,0.0852597206830978,1.43973696231842,0.0176977813243865,0.0672530904412269,0.604036390781403,-0.793916821479797
0.563922524452209,0.0860593914985656,1.43973886966705,0.0179509483277797,0.068147636950016,0.602709472179413,-0.794842779636383
0.564252972602844,0.0874945074319839,1.43951559066772,0.0195976383984088,0.0687532424926757,0.603290140628815,-0.794310986995697
0.563955903053284,0.0883939638733863,1.43956887722015,0.0201333798468112,0.070176213979721,0.602843642234802,-0.794512152671814
0.563699781894684,0.0892093777656555,1.43959760665894,0.0205286312848329,0.071553535759449,0.601883590221405,-0.795106828212738
0.56360250711441,0.090445302426815,1.43958854675293,0.0199920758605003,0.0730564817786216,0.600759387016296,-0.795833706855774
0.563269436359406,0.0906418338418006,1.43970024585724,0.0228690262883901,0.074085883796215,0.597665309906006,-0.797987818717957
0.563002467155457,0.0918679982423782,1.43970143795013,0.0219009462743997,0.0750494003295898,0.597954094409943,-0.797708511352539
0.562832295894623,0.0927115902304649,1.43968415260315,0.0219783559441566,0.0761324688792228,0.596314489841461,-0.798830270767212
0.562832295894623,0.0927115902304649,1.43968415260315,0.0219783559441566,0.0761324688792228,0.596314489841461,-0.798830270767212
0.558455467224121,0.093316413462162,1.43613052368164,0.0105400197207927,0.101711139082909,0.577504575252533,-0.809958279132843
0.562209069728851,0.0958462953567504,1.43952631950378,0.0236912239342927,0.0809049978852272,0.592785477638245,-0.800935983657837
0.562036454677582,0.0966675877571106,1.4399790763855,0.024023525416851,0.0824089050292968,0.589610815048218,-0.803113222122192
0.561579704284668,0.0971643701195716,1.44017255306244,0.0254472494125366,0.0836237221956253,0.587197065353394,-0.804710686206818
0.561197876930237,0.0980646908283233,1.44005250930786,0.0249549560248851,0.0844231024384498,0.586607873439789,-0.805072128772736
0.561038017272949,0.0993840470910072,1.44009697437286,0.024138843640685,0.0862918123602867,0.585572600364685,-0.805652439594269
0.560792624950409,0.100301124155521,1.44025671482086,0.0250298473984003,0.0879452377557754,0.582958102226257,-0.807340681552887
0.560589849948883,0.100903287529945,1.44036269187927,0.0262440033257007,0.0901324152946472,0.580623686313629,-0.808741927146912
0.560198843479156,0.101796709001064,1.44046187400818,0.0262602288275957,0.0914404019713401,0.578380703926086,-0.810200572013855
0.559729695320129,0.102764755487442,1.44035243988037,0.025286054238677,0.0918532311916351,0.577451050281525,-0.810847640037537
0.559201002120972,0.103293210268021,1.44048976898193,0.0262746550142765,0.0933887511491775,0.575592637062073,-0.81196141242981
0.558919429779053,0.104506269097328,1.44059777259827,0.0255315788090229,0.095201164484024,0.573557019233704,-0.813214182853699
0.558484733104706,0.105539806187153,1.44044780731201,0.0279515758156776,0.0965980663895607,0.570890069007874,-0.814844906330109
0.558044195175171,0.10636030882597,1.44014668464661,0.0281170550733804,0.0975058376789093,0.569710195064545,-0.815556526184082
0.557500064373016,0.107186980545521,1.44057714939117,0.0272628813982009,0.0992736369371414,0.567318797111511,-0.81703794002533
0.557015120983124,0.107964746654034,1.44061851501465,0.0275677144527435,0.100683122873306,0.564941048622131,-0.818501472473145
0.556516051292419,0.108811445534229,1.44068026542664,0.0277133341878652,0.102194607257843,0.562921941280365,-0.81969940662384
0.556095540523529,0.109544709324837,1.44079327583313,0.0277713686227798,0.103710070252419,0.561034262180328,-0.820800542831421
0.555650770664215,0.110263682901859,1.44099640846252,0.0286722015589475,0.105797290802002,0.557071685791016,-0.823198735713959
0.555020391941071,0.110648319125175,1.44100189208984,0.0295533016324043,0.107042908668518,0.554552972316742,-0.824705600738525
0.554628014564514,0.111772611737251,1.44108664989471,0.0283865109086036,0.109033986926079,0.552801012992859,-0.825661420822144
0.553944826126099,0.112568885087967,1.44103717803955,0.0285973288118839,0.110587857663631,0.550385117530823,-0.827060401439667
0.553178608417511,0.11296820640564,1.44107365608215,0.0294462163001298,0.111944183707237,0.54766845703125,-0.828649938106537
0.552177011966705,0.114315129816532,1.44107377529144,0.0275972504168748,0.11398096382618,0.544713139533997,-0.830382108688354
0.551998019218445,0.114850454032421,1.44090044498444,0.0272631272673606,0.115259312093258,0.54508113861084,-0.829975068569183
0.551352202892303,0.115528330206871,1.44090402126312,0.0270763915032148,0.117021925747395,0.542503714561462,-0.831421971321106
0.550786852836609,0.116288378834724,1.44089531898499,0.0271022226661443,0.118780188262463,0.540569663047791,-0.832431018352509
0.549998581409454,0.116677179932594,1.44085907936096,0.0280670672655105,0.120172373950481,0.53801041841507,-0.833855926990509
0.546803414821625,0.117993876338005,1.44160461425781,0.0245714429765939,0.119370803236961,0.530677974224091,-0.838765621185303
0.546201229095459,0.118690893054008,1.44155406951904,0.0243465341627597,0.121343426406384,0.528274416923523,-0.840005457401276
0.545693159103394,0.11896837502718,1.44151663780212,0.0256384890526533,0.122778974473476,0.526614546775818,-0.840800344944
0.549204766750336,0.117856226861477,1.44128727912903,0.0290241409093141,0.127407133579254,0.532788455486298,-0.836098968982697
0.548630833625793,0.11893305927515,1.44132447242737,0.0275745559483766,0.129647225141525,0.530993759632111,-0.836944997310638
0.548630833625793,0.11893305927515,1.44132447242737,0.0275745559483766,0.129647225141525,0.530993759632111,-0.836944997310638
0.546740889549255,0.120158538222313,1.44132435321808,0.0289594195783138,0.133287474513054,0.524245321750641,-0.840572893619537
0.546156227588654,0.120829798281193,1.44126427173615,0.0285560432821512,0.135344386100769,0.522422730922699,-0.841392338275909
0.545394062995911,0.121871076524258,1.44109427928925,0.0261713415384292,0.136929854750633,0.521989464759827,-0.841482281684875
0.544300615787506,0.122656621038914,1.44117558002472,0.0261717680841684,0.138966485857964,0.517869830131531,-0.843690872192383
0.544062972068787,0.123120486736298,1.44110059738159,0.0255262181162834,0.140593245625496,0.51873379945755,-0.84290999174118
0.543605804443359,0.123690456151962,1.44115793704987,0.0263213813304901,0.142407432198524,0.515927731990814,-0.84430205821991
0.542959868907928,0.12428617477417,1.44112920761108,0.026441128924489,0.144093036651611,0.514049112796783,-0.845157742500305
0.542440116405487,0.124713614583015,1.44103801250458,0.0260198563337326,0.146182179450989,0.512819170951843,-0.845559179782867
0.541741847991943,0.125360488891602,1.44095039367676,0.0257164593786001,0.147782519459724,0.511189579963684,-0.846276700496674
0.542002141475677,0.125279232859612,1.4410707950592,0.0267225559800863,0.14972397685051,0.510760009288788,-0.846163630485535
0.541479587554932,0.125749751925468,1.44098436832428,0.026252944022417,0.15105639398098,0.509753048419952,-0.846548676490784
0.540992140769958,0.126117959618568,1.44098591804504,0.0258761700242757,0.152376040816307,0.508377611637115,-0.847150564193726
0.540550947189331,0.126533567905426,1.44093203544617,0.0259973518550395,0.15363584458828,0.507030487060547,-0.847726583480835
0.540140151977539,0.127100378274918,1.44085121154785,0.0262154769152402,0.154708728194237,0.505842983722687,-0.848233938217163
0.538533627986908,0.128143221139908,1.44056296348572,0.0243666302412748,0.154660642147064,0.503991425037384,-0.849399209022522
0.53821462392807,0.128434717655182,1.44070088863373,0.0248059127479791,0.156113237142563,0.501500427722931,-0.850594341754913
0.537819087505341,0.128744542598724,1.44074332714081,0.0246696677058935,0.157063841819763,0.500485479831696,-0.851020932197571
0.537408530712128,0.128948375582695,1.44077014923096,0.0247630216181278,0.157549992203712,0.499585807323456,-0.851456880569458
0.536923766136169,0.128995627164841,1.44020736217499,0.0280241016298532,0.158137917518616,0.498550593852997,-0.851853430271149
0.536720991134644,0.129151076078415,1.4402357339859,0.0281011220067739,0.158666625618935,0.498044520616531,-0.852048695087433
0.536715507507324,0.129395514726639,1.44088780879974,0.0251725073903799,0.159331038594246,0.497644454240799,-0.852249979972839
0.536157429218292,0.129377231001854,1.4402973651886,0.0283252205699682,0.159543350338936,0.496828228235245,-0.852587461471558
0.535968124866486,0.129384905099869,1.44037532806396,0.0281887426972389,0.159823149442673,0.496527820825577,-0.852714538574219
0.535820484161377,0.129378527402878,1.44042336940765,0.0280945990234613,0.159963473677635,0.49634051322937,-0.85280042886734
0.535172581672668,0.129809603095055,1.44038057327271,0.027452353388071,0.159584507346153,0.495476990938187,-0.853394269943237
0.535661697387695,0.129236474633217,1.44051468372345,0.0279260948300361,0.159921258687973,0.496314734220505,-0.852828860282898
0.535618841648102,0.129134982824326,1.44054234027863,0.0278870183974504,0.159771636128426,0.496388465166092,-0.852815270423889
0.535597145557404,0.128993451595306,1.44057631492615,0.027820348739624,0.159507781267166,0.496487617492676,-0.852809071540833
0.535612404346466,0.128789752721786,1.44061887264252,0.0274748634546995,0.159062460064888,0.496758788824081,-0.852745592594147
0.535604298114777,0.128649532794952,1.44054198265076,0.0277195889502763,0.159100532531738,0.497790813446045,-0.852128505706787
0.53581029176712,0.128241866827011,1.44063913822174,0.0277716070413589,0.158370986580849,0.49764096736908,-0.852350294589996
0.535351097583771,0.128781363368034,1.44094586372375,0.02298154681921,0.1572405397892,0.499053180217743,-0.851876318454742
0.535349547863007,0.128552749752998,1.44105303287506,0.0226943381130695,0.15739095211029,0.500072777271271,-0.851257979869843
0.535561144351959,0.128221049904823,1.44102454185486,0.0223832633346319,0.155954107642174,0.499531179666519,-0.851848542690277
0.535691320896149,0.127740904688835,1.44106030464172,0.0223703924566507,0.155554339289665,0.499753296375275,-0.851791679859161
0.536652565002441,0.127502456307411,1.44088625907898,0.0226062275469303,0.15598738193512,0.50192403793335,-0.850428819656372
0.536609530448914,0.126894503831863,1.44129133224487,0.021919896826148,0.154803201556206,0.501702129840851,-0.850794017314911
0.53680419921875,0.126492753624916,1.44133734703064,0.0217456184327602,0.154159784317017,0.502239108085632,-0.850598454475403
0.536486983299255,0.126645475625992,1.44128489494324,0.0211001187562942,0.152877375483513,0.50187075138092,-0.85106348991394
0.535906195640564,0.126795947551727,1.44106698036194,0.021173657849431,0.151460707187653,0.501320898532867,-0.851638913154602
0.536252379417419,0.126457616686821,1.4411633014679,0.0218321681022644,0.151240453124046,0.501300573348999,-0.851673305034637
0.540897905826569,0.122970312833786,1.44188368320465,0.0270215477794408,0.151942878961563,0.509713530540466,-0.846389591693878
0.54113095998764,0.122514516115189,1.44199919700623,0.0271324943751096,0.151504829525947,0.510533690452576,-0.845970213413239
0.541361749172211,0.122021026909351,1.44195437431335,0.0261869225651025,0.149907067418098,0.512479722499847,-0.84510749578476
0.541770994663239,0.121512204408646,1.44212067127228,0.0270131975412368,0.1493801176548,0.512726366519928,-0.845025181770325
0.537675321102142,0.123831227421761,1.44158327579498,0.0216126143932342,0.14614000916481,0.505373060703278,-0.850161194801331
0.538196563720703,0.123370356857777,1.4419093132019,0.0223153084516525,0.143665745854378,0.507351219654083,-0.849386155605316
0.538470149040222,0.122740931808949,1.44185292720795,0.0213386788964271,0.141956433653831,0.509627878665924,-0.848335146903992
0.538728654384613,0.122160270810127,1.44190120697021,0.0213811174035072,0.140696913003922,0.51060950756073,-0.84795355796814
0.540479123592377,0.120243325829506,1.44216990470886,0.0229820180684328,0.142082348465919,0.511728703975677,-0.847005426883698
0.540582478046417,0.119818411767483,1.44192183017731,0.0217000003904104,0.139811858534813,0.514718532562256,-0.845604360103607
0.541021525859833,0.119000397622585,1.44216442108154,0.0221687871962785,0.138839617371559,0.51485013961792,-0.845672190189362
0.541232645511627,0.118412770330906,1.44203317165375,0.0211501289159059,0.136975780129433,0.517475068569183,-0.844399094581604
0.541620135307312,0.117677323520183,1.44208753108978,0.0211427900940179,0.135210916399956,0.519054889678955,-0.843713819980621
0.541970729827881,0.116893514990806,1.44210422039032,0.0206016581505537,0.133782088756561,0.521031975746155,-0.842735826969147
0.542290985584259,0.116091020405292,1.44218528270721,0.0203213691711425,0.132220208644867,0.522636473178864,-0.841995298862457
0.54290783405304,0.115273095667362,1.44237780570984,0.0211133752018213,0.130824252963066,0.523209154605865,-0.841838181018829
0.542289078235626,0.114924296736717,1.44226884841919,0.0201326292008161,0.129055514931679,0.522988975048065,-0.84227192401886
0.54255211353302,0.113715201616287,1.44231986999512,0.0208807121962308,0.126947656273842,0.524563729763031,-0.841594457626343
0.54255211353302,0.113715201616287,1.44231986999512,0.0208807121962308,0.126947656273842,0.524563729763031,-0.841594457626343
0.545566916465759,0.111418820917606,1.44259142875671,0.0210708733648061,0.124803423881531,0.53252112865448,-0.836899936199188
0.545970618724823,0.110519587993622,1.44264709949493,0.0204650424420833,0.123189873993397,0.534282863140106,-0.836030721664429
0.546316206455231,0.109275341033936,1.4426521062851,0.021355053409934,0.121139019727707,0.536188721656799,-0.835087478160858
0.546870946884155,0.108767285943031,1.44259738922119,0.0190404392778873,0.118987254798412,0.539949119091034,-0.833027303218842
0.546870946884155,0.108767285943031,1.44259738922119,0.0190404392778873,0.118987254798412,0.539949119091034,-0.833027303218842
0.547664821147919,0.106253534555435,1.4426943063736,0.0190214812755584,0.114795565605164,0.543108344078064,-0.831560850143433
0.546409726142883,0.107716605067253,1.44240093231201,0.0165343601256608,0.112845256924629,0.542909264564514,-0.832010805606842
0.546828091144562,0.106770165264606,1.44247674942017,0.0160251297056674,0.11092808842659,0.544660985469818,-0.831133365631104
0.547280788421631,0.105833277106285,1.44251203536987,0.0153513513505458,0.109034210443497,0.546835660934448,-0.82996791601181
0.547716617584229,0.104573212563992,1.44236445426941,0.0161172598600387,0.106358453631401,0.548166275024414,-0.82942259311676
0.547473847866058,0.104158885776997,1.44242644309998,0.0150747820734977,0.104494124650955,0.548914790153503,-0.829184174537659
0.54806524515152,0.103227987885475,1.44242882728577,0.0147136682644486,0.102677583694458,0.551281571388245,-0.82784628868103
0.54876834154129,0.102289199829101,1.44224786758423,0.0143759604543447,0.100779436528683,0.553051710128784,-0.826904237270355
0.549261629581451,0.101213172078133,1.44238841533661,0.0142784817144274,0.0990635901689529,0.554914832115173,-0.825864434242249
0.549994826316833,0.100012995302677,1.44262075424194,0.0125224674120545,0.09750796854496,0.5569708943367,-0.824693202972412
0.550020933151245,0.099431999027729,1.44245886802673,0.0121920676901936,0.0957351177930831,0.557875752449036,-0.824294090270996
0.55129063129425,0.0980734452605247,1.44259667396545,0.013739007525146,0.0944330841302871,0.559172749519348,-0.823540866374969
0.551956951618195,0.0975779667496681,1.44240069389343,0.0113931903615593,0.0925412625074386,0.562758803367615,-0.821345746517181
0.551956951618195,0.0975779667496681,1.44240069389343,0.0113931903615593,0.0925412625074386,0.562758803367615,-0.821345746517181
0.553199350833893,0.0956473127007484,1.4422310590744,0.0115779433399438,0.0890862718224525,0.566389977931976,-0.819226503372192
0.553778231143951,0.0943301767110824,1.4421923160553,0.0120130516588687,0.0862139835953712,0.567104160785675,-0.819033443927765
0.554786264896393,0.0930609852075576,1.44232881069183,0.0139984330162405,0.0857490673661232,0.568355023860931,-0.818183302879333
0.555432558059692,0.0924860462546348,1.44213104248047,0.0118273673579096,0.0837496817111969,0.571782410144806,-0.816033720970154
0.555462002754211,0.0918677672743797,1.44183707237244,0.0117038749158382,0.0832324624061584,0.570467412471771,-0.817008137702942
0.556070983409882,0.090807095170021,1.44174194335938,0.0111762834712862,0.0813172236084938,0.572639882564545,-0.815687537193298
0.557383835315704,0.0896986275911331,1.4417417049408,0.0125382980331778,0.0800539031624794,0.574537694454193,-0.81445723772049
0.558021724224091,0.0886135473847389,1.44161713123322,0.0124395126476883,0.0785280615091323,0.5767622590065,-0.813033819198608
0.558729767799377,0.0876886919140815,1.44158220291138,0.0124458353966474,0.0770738646388053,0.578186631202698,-0.812160730361938
0.558729767799377,0.0876886919140815,1.44158220291138,0.0124458353966474,0.0770738646388053,0.578186631202698,-0.812160730361938
0.56000542640686,0.0855423212051391,1.44152355194092,0.0143090831115841,0.0740319341421127,0.580272555351257,-0.810924410820007
0.560878813266754,0.0849228128790855,1.44144892692566,0.0140026453882455,0.0731271877884864,0.581892430782318,-0.809850335121155
0.561343610286713,0.0838919281959533,1.44143092632294,0.0150124439969658,0.0713110938668251,0.582231879234314,-0.809750318527222
0.562134504318237,0.0832811817526817,1.44144725799561,0.0145430471748113,0.0704612731933593,0.583894371986389,-0.808635354042053
0.562134504318237,0.0832811817526817,1.44144725799561,0.0145430471748113,0.0704612731933593,0.583894371986389,-0.808635354042053
0.563437342643738,0.0811541900038719,1.44138789176941,0.0169855989515781,0.0675264671444892,0.585626065731049,-0.807585179805756
0.563437342643738,0.0811541900038719,1.44138789176941,0.0169855989515781,0.0675264671444892,0.585626065731049,-0.807585179805756
0.565094590187073,0.0796367973089218,1.44124603271484,0.0176077131181955,0.0653527155518531,0.587742030620575,-0.806212365627289
