x,y,z,q0,q1,q2,q3
0.691844820976257,-0.0628298968076706,1.3841050863266,-0.0094426376745104,0.118964977562428,0.677402257919312,-0.725868105888367
0.691905736923218,-0.0627587735652923,1.38415718078613,-0.0094476547092199,0.119007110595703,0.678015887737274,-0.725287854671478
0.69199800491333,-0.0627228170633316,1.38421356678009,-0.0095196012407541,0.119137048721313,0.678667902946472,-0.724655628204346
0.692149698734283,-0.0626016333699226,1.38430619239807,-0.0096803326159715,0.119235269725323,0.679251849651337,-0.724089920520782
0.692228198051453,-0.0626095235347747,1.38442921638489,-0.009620095603168,0.119242377579212,0.679850935935974,-0.723527014255524
0.692439675331116,-0.062523178756237,1.38441896438599,-0.0100463330745697,0.119476094841957,0.680427968502045,-0.72294008731842
0.692501783370972,-0.0625327453017234,1.38454711437225,-0.0099474098533391,0.11960481107235,0.681190431118011,-0.722201704978943
0.692662358283997,-0.0624028146266937,1.38462781906128,-0.0107342498376965,0.119797192513943,0.6817986369133,-0.721584498882294
0.692856729030609,-0.0623886585235595,1.38470590114594,-0.0105331847444176,0.119827128946781,0.682397127151489,-0.721016585826874
0.693066418170929,-0.0623504668474197,1.38477730751038,-0.0107910986989736,0.119978256523609,0.682949721813202,-0.720464050769806
0.69327712059021,-0.0622902326285839,1.38484621047974,-0.0114932404831051,0.120139993727207,0.683420717716217,-0.719979524612427
0.693436563014984,-0.0622722133994102,1.38489246368408,-0.0112351235002279,0.120028890669346,0.68397444486618,-0.719476103782654
0.693650722503662,-0.062110461294651,1.38509678840637,-0.0116053316742181,0.119794718921184,0.684092879295349,-0.719396710395813
0.693769872188568,-0.0620408952236175,1.38498306274414,-0.0132571458816528,0.122502818703651,0.684496164321899,-0.718527972698212
0.693912625312805,-0.0619509778916835,1.38494288921356,-0.0134521787986159,0.122268982231617,0.68491268157959,-0.718167245388031
0.694330275058746,-0.0619315803050994,1.38512897491455,-0.0137117272242903,0.122659333050251,0.68516218662262,-0.717857539653778
0.694448828697205,-0.061834055930376,1.38509607315063,-0.0138236219063401,0.122295334935188,0.685362040996552,-0.717726826667786
0.694760382175446,-0.0618472620844841,1.38529491424561,-0.0140175987035036,0.122607387602329,0.685654580593109,-0.717390358448029
0.695088028907776,-0.0618892982602119,1.38547313213348,-0.012786348350346,0.120198383927345,0.685868859291077,-0.717615962028503
0.695411622524261,-0.0617607459425926,1.38554930686951,-0.013508933596313,0.120083570480347,0.685293555259705,-0.7181715965271
0.695740878582001,-0.0617183856666088,1.38551199436188,-0.0137606626376509,0.120359681546688,0.685418963432312,-0.718000829219818
0.695905089378357,-0.0620315745472908,1.38562715053558,-0.0127663873136043,0.120885543525219,0.685489118099213,-0.717863798141479
0.696190237998962,-0.0620878040790557,1.38552331924438,-0.0127935418859124,0.121172927320003,0.685739636421204,-0.71757560968399
0.696629285812378,-0.0616178326308727,1.38549435138702,-0.0139417937025427,0.120876759290695,0.686348438262939,-0.717021882534027
0.69678145647049,-0.0615750737488269,1.38540470600128,-0.0136225139722228,0.120732493698597,0.686013340950012,-0.717372715473175
0.697121977806091,-0.061539314687252,1.38546144962311,-0.0136772422119975,0.120627544820309,0.685935199260712,-0.71746426820755
0.697557866573334,-0.0615437403321266,1.38564682006836,-0.0140314940363168,0.120922476053238,0.686356127262115,-0.717005133628845
0.697862207889557,-0.0614198818802833,1.38588130474091,-0.0141561822965741,0.120698735117912,0.685873687267303,-0.717501759529114
0.69806170463562,-0.0614440813660621,1.38587689399719,-0.0142071964219212,0.120130464434624,0.685976028442383,-0.717498242855072
0.698227286338806,-0.0614133179187774,1.38578987121582,-0.0137858046218752,0.120108760893345,0.685546100139618,-0.71792083978653
0.698634207248688,-0.061443954706192,1.38615810871124,-0.0136533975601196,0.120582170784473,0.685667157173157,-0.717728495597839
0.698954105377197,-0.0615076199173927,1.38609647750854,-0.013364428654313,0.120667569339275,0.685927629470825,-0.717470586299896
0.69919228553772,-0.061612457036972,1.38612461090088,-0.0130762243643403,0.120611384510994,0.685921669006348,-0.717491269111633
0.699554681777954,-0.0615572668612003,1.38628613948822,-0.013125698082149,0.120666906237602,0.685509324073792,-0.717874765396118
0.699919998645782,-0.0615716464817523,1.38612103462219,-0.013064288534224,0.120834730565548,0.68571674823761,-0.717649459838867
0.700204968452454,-0.0615467503666877,1.38615870475769,-0.0130264470353722,0.1206905990839,0.685524582862854,-0.717858195304871
0.700547099113464,-0.0615697056055069,1.38621056079865,-0.0128374826163053,0.120628714561462,0.685317039489746,-0.718070089817047
0.700785458087921,-0.0613791942596435,1.38610804080963,-0.012867271900177,0.119664236903191,0.684620916843414,-0.718894302845001
0.701169848442078,-0.061609398573637,1.38628077507019,-0.0126057378947734,0.12033972889185,0.68491142988205,-0.718509495258331
0.701587855815887,-0.0615751333534717,1.38625180721283,-0.012746256776154,0.120272919535637,0.684494495391846,-0.718915402889252
0.701740980148315,-0.0614969804883003,1.38620722293854,-0.0125219766050577,0.119774393737316,0.684164106845856,-0.719317078590393
0.701980531215668,-0.0613844543695449,1.38640081882477,-0.0123638408258557,0.119371227920055,0.683163344860077,-0.720337092876434
0.702414631843567,-0.0613634139299392,1.38643658161163,-0.0120558179914951,0.119310855865479,0.683376312255859,-0.720150351524353
0.70292466878891,-0.0614596121013164,1.38657963275909,-0.0135903498157858,0.115745216608047,0.682845294475555,-0.721207797527313
0.703305661678314,-0.061492383480072,1.38659191131592,-0.0136495204642415,0.115509517490864,0.68246454000473,-0.721604764461517
0.70332282781601,-0.0613441839814186,1.38651239871979,-0.0125684263184666,0.119147390127182,0.681633174419403,-0.721818685531616
0.703849792480469,-0.0612635277211666,1.38663589954376,-0.0130350617691874,0.119195237755775,0.681638836860657,-0.721797227859497
0.70404589176178,-0.0613395348191261,1.38655686378479,-0.0138377537950873,0.117954671382904,0.680996060371399,-0.722592353820801
0.704337298870087,-0.0612532198429107,1.38676393032074,-0.0129833230748772,0.118599377572536,0.680682599544525,-0.722797930240631
0.704461872577667,-0.061370238661766,1.38650751113892,-0.0134973023086786,0.117421060800552,0.679553866386414,-0.724041998386383
0.704947888851166,-0.0612507313489913,1.38659524917603,-0.0131707601249217,0.118383586406708,0.67987197637558,-0.723592340946198
0.705240309238434,-0.0612750500440597,1.38661253452301,-0.0130885541439056,0.118233673274517,0.679534614086151,-0.723935127258301
0.705449223518372,-0.0612166747450828,1.38670921325684,-0.0131543241441249,0.118014700710773,0.678747475147247,-0.724707722663879
0.705530524253845,-0.0612606257200241,1.38654768466949,-0.0126383425667881,0.117747224867344,0.677705645561218,-0.725734829902649
0.705902099609375,-0.0614172145724296,1.38657093048096,-0.0128785260021686,0.118152484297752,0.67786580324173,-0.725515007972717
0.706139504909515,-0.0614290758967399,1.38654351234436,-0.0129795977845788,0.117959253489971,0.677350103855133,-0.726026177406311
0.706271469593048,-0.0612297803163528,1.38655388355255,-0.013238894753158,0.117241345345974,0.675982296466827,-0.727411270141602
0.706445217132568,-0.0610817745327949,1.38661062717438,-0.0134728886187076,0.116243354976177,0.675250947475433,-0.728245913982391
0.706807971000671,-0.0611661002039909,1.38654375076294,-0.0139882918447256,0.116490863263607,0.675152957439423,-0.728287577629089
0.706807971000671,-0.0611661002039909,1.38654375076294,-0.0139882918447256,0.116490863263607,0.675152957439423,-0.728287577629089
0.707197844982147,-0.0612842291593551,1.38654434680939,-0.0138273956254124,0.116497024893761,0.673987150192261,-0.729368686676025
0.707480132579803,-0.0612308233976364,1.38649010658264,-0.0141221741214394,0.11671606451273,0.673243999481201,-0.730014145374298
0.707426428794861,-0.061180368065834,1.38640117645264,-0.0137570910155773,0.116034016013145,0.672166466712952,-0.731121718883514
0.707871317863464,-0.0610859543085098,1.38665735721588,-0.0147210350260138,0.116394616663456,0.671485364437103,-0.731671512126923
0.707420706748962,-0.0613904893398284,1.38674163818359,-0.0128167876973748,0.115581125020981,0.670640766620636,-0.732610166072845
0.708089590072632,-0.0611365735530853,1.38651061058044,-0.0146923447027802,0.11596043407917,0.67034512758255,-0.732785582542419
0.708147525787354,-0.0611304715275764,1.38669466972351,-0.0145475640892982,0.115779109299183,0.669268906116486,-0.733800232410431
0.708342254161835,-0.0610654726624488,1.38663625717163,-0.0147666940465569,0.115618057549,0.668503940105438,-0.734518229961395
0.708487868309021,-0.0610037744045257,1.38662362098694,-0.0149799669161438,0.115511231124401,0.667790532112122,-0.735179483890533
0.708487868309021,-0.0610037744045257,1.38662362098694,-0.0149799669161438,0.115511231124401,0.667790532112122,-0.735179483890533
0.708789348602295,-0.0609691031277179,1.38647615909576,-0.0153515776619315,0.115318141877651,0.666260600090027,-0.736588716506958
0.708899855613708,-0.0608673393726348,1.38663196563721,-0.0155068170279264,0.115074478089809,0.665404379367828,-0.737397074699402
0.709177434444427,-0.0607680007815361,1.38657128810883,-0.0159654151648283,0.115198329091072,0.664708614349365,-0.737995207309723
0.709177434444427,-0.0607680007815361,1.38657128810883,-0.0159654151648283,0.115198329091072,0.664708614349365,-0.737995207309723
0.709396719932556,-0.0607034265995025,1.38651466369629,-0.0162302460521459,0.115094915032387,0.663240194320679,-0.739325523376465
0.709434270858765,-0.0607027634978294,1.38653564453125,-0.0162074528634548,0.114828340709209,0.662629425525665,-0.739915013313293
0.70957612991333,-0.0606312081217765,1.38655877113342,-0.0167430583387613,0.114850677549839,0.661809921264648,-0.740632593631744
0.709676027297974,-0.0605809092521667,1.38652622699738,-0.0170185342431068,0.114775337278843,0.661271095275879,-0.741119086742401
0.709834396839142,-0.0604769587516784,1.38645434379578,-0.0175112653523683,0.114799156785011,0.66065114736557,-0.741656601428986
0.709847629070282,-0.0604186840355396,1.38649141788483,-0.0176755469292402,0.11455862224102,0.660022079944611,-0.742249846458435
0.709948241710663,-0.0603585243225097,1.38647651672363,-0.0179115701466798,0.114632226526737,0.659570693969727,-0.742633938789368
0.710024237632751,-0.0603002309799194,1.38644397258759,-0.0182579848915338,0.114485375583172,0.65902578830719,-0.743131756782532
0.710082709789276,-0.060246005654335,1.38643276691437,-0.0185563750565052,0.114503599703312,0.658537626266479,-0.743554294109344
0.710055887699127,-0.0602798610925674,1.38635098934174,-0.0186458248645067,0.114505283534527,0.658129215240479,-0.743913233280182
0.710063993930817,-0.0602131709456443,1.38642466068268,-0.018941493704915,0.114356867969036,0.657626450061798,-0.744373023509979
0.710106313228607,-0.0601981058716774,1.38639521598816,-0.0191963259130716,0.114581309258938,0.657237648963928,-0.744675278663635
0.710146367549896,-0.0601104609668254,1.38635754585266,-0.0198127496987581,0.114358879625797,0.656116962432861,-0.745680868625641
0.71014392375946,-0.0601195693016052,1.38631737232208,-0.0197400096803903,0.114645801484585,0.656423151493073,-0.745369255542755
0.710147321224213,-0.0600786879658699,1.38628351688385,-0.0200110487639904,0.114678725600243,0.656141757965088,-0.745604693889618
0.710176050662994,-0.0600238293409347,1.38625860214233,-0.020600477233529,0.114623166620731,0.655310153961182,-0.746328175067902
0.710174441337585,-0.0600610673427581,1.38623785972595,-0.0204484593123197,0.114990994334221,0.655794084072113,-0.745850682258606
0.71019721031189,-0.0599949359893798,1.38621854782104,-0.0210179910063743,0.114932760596275,0.655009627342224,-0.746532678604126
0.710209548473358,-0.0599945336580276,1.38619828224182,-0.0212130323052406,0.115126825869083,0.654914498329163,-0.74658077955246
0.710213243961334,-0.0599831193685531,1.38618230819702,-0.0214759763330221,0.115248508751392,0.654677987098694,-0.746761977672577
0.710215330123901,-0.0600267797708511,1.38616001605988,-0.0213637761771678,0.115653343498707,0.655342042446136,-0.746119916439056
0.710227012634277,-0.0600238814949989,1.38614916801453,-0.0216001737862825,0.115755259990692,0.655241549015045,-0.746185600757599
0.710176467895508,-0.0599741600453853,1.38612413406372,-0.0231480076909065,0.118441551923752,0.655139446258545,-0.745807111263275
0.710202157497406,-0.0599972568452358,1.3861049413681,-0.0233141984790563,0.118737444281578,0.655174970626831,-0.74572366476059
0.710202157497406,-0.0599972568452358,1.3861049413681,-0.0233141984790563,0.118737444281578,0.655174970626831,-0.74572366476059
0.71026074886322,-0.0600380152463912,1.38605511188507,-0.0224975235760211,0.116684727370739,0.655415892601013,-0.745861053466797
0.710269689559937,-0.0600511953234672,1.38603067398071,-0.0226292256265878,0.116952128708362,0.655585527420044,-0.745665967464447
0.710277497768402,-0.0600530952215194,1.38601207733154,-0.0227753650397062,0.117144964635372,0.655759811401367,-0.74547803401947
0.710411131381989,-0.0600087903439998,1.38594424724579,-0.0232040416449308,0.117513567209244,0.656094193458557,-0.745112359523773
0.710448622703552,-0.0600170716643333,1.38593053817749,-0.0233617760241031,0.117695115506649,0.656327128410339,-0.744873702526093
0.710457146167755,-0.0600311085581779,1.38592958450317,-0.0234042145311832,0.117855302989483,0.656520307064056,-0.744676828384399
0.710355281829834,-0.0601137951016426,1.3859486579895,-0.0231134109199047,0.117949843406677,0.65668910741806,-0.744522094726562
0.710499286651611,-0.0600529015064239,1.38588619232178,-0.0236725695431232,0.118230447173118,0.656915664672852,-0.744260132312775
0.710332453250885,-0.0600655451416969,1.38592994213104,-0.0248120352625846,0.120990052819252,0.656984150409698,-0.743718862533569
0.710416734218597,-0.0601368173956871,1.38590693473816,-0.0233734566718339,0.118584305047989,0.657345831394196,-0.743833363056183
0.710417747497559,-0.0601420924067497,1.38590109348297,-0.0234739258885383,0.118772216141224,0.657509803771973,-0.743655264377594
0.710432171821594,-0.0601481273770332,1.38589286804199,-0.0235253684222698,0.118854217231274,0.657683312892914,-0.743487060070038
0.7104532122612,-0.0601532235741615,1.38589549064636,-0.0235706157982349,0.118899255990982,0.657911837100983,-0.743276238441467
0.710449516773224,-0.0601633638143539,1.38589000701904,-0.0234815794974565,0.118934884667397,0.658161818981171,-0.743052005767822
0.710654318332672,-0.060150109231472,1.38588809967041,-0.023583685979247,0.117288142442703,0.658682405948639,-0.742849171161652
0.710805773735046,-0.060080200433731,1.38583755493164,-0.0239969063550233,0.117521688342094,0.658942699432373,-0.742568135261536
0.710854768753052,-0.0599974058568477,1.38584434986115,-0.0239439345896244,0.117433823645115,0.659144282341003,-0.742404878139496
0.710837602615356,-0.0601087287068367,1.38585793972015,-0.0239990334957838,0.117590069770813,0.659484088420868,-0.742076396942139
0.710842788219452,-0.0601140335202217,1.38585686683655,-0.0239301603287458,0.117530927062035,0.659715712070465,-0.74188220500946
0.710769653320312,-0.0600614547729492,1.38585209846497,-0.0253552049398422,0.120343238115311,0.659806430339813,-0.741303026676178
0.710788011550903,-0.0600901432335376,1.3858802318573,-0.0252975709736347,0.120346963405609,0.660088062286377,-0.741053640842438
0.710661768913269,-0.0601730644702911,1.38589727878571,-0.0236813109368085,0.119167163968086,0.659996032714844,-0.741379618644714
0.710480391979218,-0.0601738542318344,1.38596451282501,-0.0247297100722789,0.121830001473427,0.660114347934723,-0.740806996822357
0.710680186748505,-0.060162104666233,1.38590860366821,-0.0236043017357587,0.119353726506233,0.660493850708008,-0.740908622741699
0.710558235645294,-0.0602544173598289,1.38595545291901,-0.0230808239430189,0.119321197271347,0.660686135292053,-0.740758836269379
0.710682034492493,-0.060177706182003,1.38590681552887,-0.0234562549740076,0.119446575641632,0.660864472389221,-0.740567743778229
0.710609793663025,-0.0601242259144783,1.38591420650482,-0.0248553268611431,0.122252307832241,0.660907328128815,-0.740025818347931
0.710681140422821,-0.0602805763483047,1.38574481010437,-0.0231713540852069,0.119729779660702,0.661442041397095,-0.740014970302582
0.71068799495697,-0.0602044388651847,1.38589012622833,-0.0232837442308664,0.119690395891666,0.661365985870361,-0.740085899829865
0.710590124130249,-0.0601448789238929,1.38590407371521,-0.0247023105621337,0.122442223131657,0.661411881446838,-0.739548563957214
0.710591316223145,-0.0601734668016433,1.38590121269226,-0.0245907064527273,0.122555963695049,0.661577105522156,-0.739385664463043
0.710586726665497,-0.0602706409990787,1.38575267791748,-0.0243405010551214,0.122771382331848,0.661975860595703,-0.739001274108887
0.710466027259827,-0.0603555887937545,1.38579773902893,-0.0238726735115051,0.122745141386986,0.662060976028442,-0.738944411277771
0.710654437541962,-0.0603611543774604,1.38573968410492,-0.0228057280182838,0.120171129703522,0.662422597408295,-0.739077210426331
0.710538506507874,-0.0604656562209129,1.38577246665955,-0.0223782882094383,0.120315663516521,0.66253536939621,-0.738965690135956
0.710542738437653,-0.060481559485197,1.38578236103058,-0.0223126579076051,0.120385557413101,0.662706851959229,-0.738802552223206
0.710520088672638,-0.060520950704813,1.38578653335571,-0.0222410801798105,0.120517283678055,0.662855923175812,-0.738649487495422
0.710511982440948,-0.0605375915765762,1.38578104972839,-0.02217448502779,0.120610855519772,0.663019418716431,-0.7384894490242
0.710432052612305,-0.0605314448475837,1.38567543029785,-0.0219695959240198,0.120538160204887,0.663203060626984,-0.738342523574829
0.710493803024292,-0.0604765191674232,1.38594424724579,-0.022177642211318,0.120683744549751,0.663116931915283,-0.738389849662781
0.710443794727325,-0.0603445321321487,1.38584184646606,-0.0220659133046865,0.120376028120518,0.663248002529144,-0.738325715065002
0.710317492485046,-0.0604350864887237,1.3857741355896,-0.0216242056339979,0.120597332715988,0.662975072860718,-0.738547801971436
0.710278153419495,-0.0604220256209373,1.38576197624207,-0.0215537976473569,0.120589956641197,0.663155913352966,-0.73838871717453
0.710247814655304,-0.060426265001297,1.38575398921967,-0.0214967317879199,0.120636887848377,0.663324952125549,-0.738230884075165
0.710211277008057,-0.0604431703686714,1.38572704792023,-0.0213376637548208,0.120634026825428,0.663440942764282,-0.738131642341614
0.710332870483398,-0.0604552924633026,1.38571202754974,-0.0213980451226234,0.12090178579092,0.664160668849945,-0.737438440322876
0.710302829742432,-0.0604470744729042,1.38571536540985,-0.0213535148650407,0.120839700102806,0.664324879646301,-0.737302005290985
0.71018373966217,-0.060451939702034,1.38557434082031,-0.0210305731743574,0.120706960558891,0.664433419704437,-0.737235188484192
0.710095047950745,-0.0605747699737548,1.38556122779846,-0.0208249799907207,0.12087631970644,0.664729118347168,-0.736946880817413
0.710068225860596,-0.0605753622949123,1.38554692268372,-0.02068473957479,0.120884694159031,0.664819717407227,-0.736867547035217
0.710042178630829,-0.060451403260231,1.38554811477661,-0.0212322194129228,0.120691262185573,0.663366138935089,-0.738192498683929
0.709954440593719,-0.0605691112577915,1.38552188873291,-0.0202469304203987,0.120847001671791,0.665090262889862,-0.736641645431519
0.709908902645111,-0.0604543201625347,1.38552165031433,-0.020840398967266,0.120618492364883,0.663575828075409,-0.738027036190033
0.709856927394867,-0.0604920983314514,1.38549864292145,-0.0204105116426944,0.120615385472775,0.664086818695068,-0.737579882144928
0.709808230400085,-0.0604547448456287,1.38550078868866,-0.0205250270664691,0.120620012283325,0.663783311843872,-0.737849175930023
0.709808230400085,-0.0604547448456287,1.38550078868866,-0.0205250270664691,0.120620012283325,0.663783311843872,-0.737849175930023
0.709813833236694,-0.0604518055915832,1.38563442230225,-0.020996319130063,0.117214232683182,0.663874328136444,-0.738302707672119
0.709836304187775,-0.0604350194334983,1.38556671142578,-0.0205818470567464,0.11724716424942,0.665502071380615,-0.736842274665833
0.709673523902893,-0.060341689735651,1.38556396961212,-0.0197286438196897,0.120728000998497,0.665580809116364,-0.736232161521912
0.709689557552338,-0.0603550896048545,1.38567340373993,-0.0197185296565294,0.120903067290783,0.66558450460434,-0.736200392246246
0.709648609161377,-0.0602423027157783,1.38565111160278,-0.0202964432537555,0.120829731225967,0.664094209671021,-0.737541258335114
0.709585845470428,-0.0602405443787574,1.38563716411591,-0.0201208908110857,0.120857030153274,0.664151787757874,-0.737489879131317
0.709534704685211,-0.0602554976940155,1.3856372833252,-0.0198204908519983,0.12090640515089,0.664619147777557,-0.737068593502045
0.709472894668579,-0.0602489821612834,1.38562393188477,-0.0197089426219463,0.121063143014908,0.664660573005676,-0.737008571624756
0.709214508533478,-0.0601886287331581,1.38547003269196,-0.0195607580244541,0.120976485311985,0.663674592971802,-0.737914681434631
0.709134519100189,-0.0602667815983295,1.38529849052429,-0.0192571338266134,0.121094822883606,0.6639564037323,-0.737649738788605
0.709065079689026,-0.0602633915841579,1.38528716564178,-0.0192209724336862,0.12112470716238,0.663931727409363,-0.737668037414551
0.709213972091675,-0.0602808408439159,1.38536763191223,-0.0197060517966747,0.121679961681366,0.664407730102539,-0.737134993076324
0.709025621414185,-0.0602953173220157,1.38541889190674,-0.0194348860532045,0.121387757360935,0.66445654630661,-0.737146377563477
0.709025621414185,-0.0602953173220157,1.38541889190674,-0.0194348860532045,0.121387757360935,0.66445654630661,-0.737146377563477
0.708833694458008,-0.0603794194757938,1.38538074493408,-0.0183104332536458,0.121589489281178,0.66626101732254,-0.735511362552643
0.708556950092316,-0.0605004131793975,1.38543355464935,-0.0175447780638933,0.121492065489292,0.666292488574982,-0.735517680644989
0.708561182022095,-0.0604183077812194,1.38538706302643,-0.0178133454173803,0.121609352529049,0.666401267051697,-0.735393345355988
0.708352148532867,-0.0604850500822067,1.3854159116745,-0.0173615887761116,0.121533088386059,0.666394531726837,-0.735422790050507
0.70826530456543,-0.0605067536234855,1.3854033946991,-0.0172074288129806,0.121681347489357,0.666478276252747,-0.735326051712036
0.708161473274231,-0.0605233050882816,1.38538455963135,-0.0169865749776363,0.121786527335644,0.666558027267456,-0.735241413116455
0.708096265792847,-0.060486190021038,1.38536810874939,-0.0172256063669919,0.121833950281143,0.665972948074341,-0.735758006572723
0.708139181137085,-0.0603497475385665,1.38546872138977,-0.0175851192325353,0.121967062354088,0.665907680988312,-0.735786497592926
0.707908570766449,-0.0604206882417202,1.38552045822144,-0.0170892588794231,0.12200752645731,0.66595071554184,-0.735752582550049
0.707908570766449,-0.0604206882417202,1.38552045822144,-0.0170892588794231,0.12200752645731,0.66595071554184,-0.735752582550049
0.707696914672852,-0.0605212524533271,1.3854740858078,-0.016487656161189,0.122631080448627,0.666677951812744,-0.735003650188446
0.707592964172363,-0.0606228299438953,1.38529706001282,-0.0162913370877504,0.122917838394642,0.666943728923798,-0.734718978404999
0.707476675510406,-0.0606235638260841,1.38527703285217,-0.0162593927234411,0.122920364141464,0.667014062404633,-0.734655380249023
0.707370638847351,-0.060652807354927,1.385258436203,-0.0162326823920011,0.123016014695167,0.666971027851105,-0.73467892408371
0.707255244255066,-0.0606865882873535,1.38524425029755,-0.0161847956478595,0.123299710452557,0.667064130306244,-0.734547913074493
0.707130491733551,-0.0607135370373725,1.38523626327515,-0.0160969737917184,0.123527824878693,0.667228519916534,-0.734362244606018
0.706988453865051,-0.0607406683266162,1.38521540164948,-0.0159430280327796,0.123768679797649,0.667472004890442,-0.734103798866272
0.706706047058105,-0.0607494488358497,1.38510203361511,-0.0156651996076107,0.123610571026802,0.667693316936493,-0.733935177326202
0.706690907478333,-0.060819886624813,1.38518297672272,-0.0152347516268491,0.123988471925259,0.667771458625793,-0.733809292316437
0.706509470939636,-0.0607704408466815,1.38501811027527,-0.0154202245175838,0.124101161956787,0.668160796165466,-0.733432054519653
0.706350684165955,-0.0607276149094104,1.3851557970047,-0.0160874389111995,0.124258063733578,0.66827529668808,-0.733286738395691
0.706188917160034,-0.0607916936278343,1.3851478099823,-0.0159232094883918,0.124565713107586,0.668826818466187,-0.73273503780365
0.706137120723724,-0.0608495958149433,1.38523864746094,-0.0162667352706193,0.125076547265053,0.6694575548172,-0.732064068317413
0.705990850925446,-0.0608350224792957,1.38522005081177,-0.0165086463093757,0.125291392207146,0.670315980911255,-0.731236100196838
0.705829262733459,-0.0608400180935859,1.38520169258118,-0.016966899856925,0.125586196780205,0.6713547706604,-0.730221390724182
0.705655932426453,-0.0609232150018215,1.38518595695496,-0.0172291006892919,0.125736817717552,0.672726988792419,-0.728925108909607
0.70547479391098,-0.060940183699131,1.38511788845062,-0.0192319564521312,0.124459698796272,0.673919677734375,-0.727991998195648
0.705153822898865,-0.0611428320407867,1.38513576984406,-0.0191096570342779,0.125062346458435,0.675738930702209,-0.726203262805939
0.704954087734222,-0.0612412802875041,1.38510227203369,-0.0199215114116668,0.124801278114319,0.678072035312653,-0.724048376083374
0.70462441444397,-0.0614520087838172,1.38510191440582,-0.0221218261867761,0.126435533165932,0.680377006530762,-0.721534371376038
0.704346716403961,-0.0615921914577484,1.38506460189819,-0.0224886182695627,0.127085864543915,0.683066964149475,-0.718862414360046
0.704068601131439,-0.0616778284311294,1.38475203514099,-0.022781865671277,0.126958295702934,0.685860574245453,-0.716210842132568
0.703726947307587,-0.0619984194636344,1.3847815990448,-0.0198771022260189,0.130099073052406,0.690472960472107,-0.711284995079041
0.703788638114929,-0.0620539262890815,1.38482356071472,-0.021196836605668,0.13082617521286,0.694371223449707,-0.707307398319244
0.703498065471649,-0.0620748214423656,1.3850085735321,-0.0217519998550415,0.131041035056114,0.697478234767914,-0.704186916351318
0.703191936016083,-0.0622145757079124,1.38502550125122,-0.0214156229048967,0.131598681211472,0.701423645019531,-0.700162887573242
0.702749013900757,-0.062450036406517,1.38508546352386,-0.0218939557671546,0.131844118237495,0.705125510692596,-0.696373283863068
0.702248871326447,-0.0626601874828338,1.38477790355682,-0.021877197548747,0.132263287901878,0.709424436092377,-0.691913962364197
0.701273500919342,-0.0631375461816787,1.38480830192566,-0.0203299596905708,0.132793977856636,0.713103294372559,-0.688066959381104
0.701319754123688,-0.0629384517669677,1.38479113578796,-0.0220535565167665,0.134558320045471,0.717507481575012,-0.683074593544006
0.700904428958893,-0.0629110932350158,1.38476979732513,-0.0260548088699579,0.132106155157089,0.719036757946014,-0.681802988052368
0.700260102748871,-0.0632517635822296,1.38459396362305,-0.021872816607356,0.135306999087334,0.724444985389709,-0.675568640232086
0.699870586395264,-0.0633883848786354,1.38469648361206,-0.0255432408303022,0.134592607617378,0.726866364479065,-0.672976672649384
0.699499428272247,-0.0634628534317016,1.38480412960052,-0.0214923042804002,0.133200898766518,0.730541586875916,-0.669406354427338
0.699029088020325,-0.0632596462965011,1.3849800825119,-0.0235511921346187,0.136941984295845,0.733613669872284,-0.665209352970123
0.698688507080078,-0.0630183815956115,1.38497972488403,-0.0264122281223535,0.135311111807823,0.737207174301147,-0.661452054977417
0.69805896282196,-0.0630548968911171,1.38495910167694,-0.0256895180791616,0.134919211268425,0.740643918514252,-0.657710790634155
0.697131931781769,-0.0629774034023284,1.38480663299561,-0.0283544398844242,0.136223822832107,0.742625117301941,-0.655093252658844
0.696316361427307,-0.0630438327789306,1.38501477241516,-0.027995454147458,0.139081209897995,0.745931506156921,-0.650737166404724
0.695517778396606,-0.0629574730992317,1.38499021530151,-0.0306882672011852,0.13812705874443,0.745327770709991,-0.651510417461395
0.694844484329224,-0.0629404336214065,1.38481259346008,-0.0326576754450798,0.143049120903015,0.750251114368439,-0.644665658473969
0.69406670331955,-0.0628019496798515,1.38477540016174,-0.0316490642726421,0.145793542265892,0.752906858921051,-0.640994489192963
0.693420767784119,-0.0625905096530914,1.3847713470459,-0.0326543115079402,0.145476832985878,0.755048453807831,-0.638491988182068
0.693420767784119,-0.0625905096530914,1.3847713470459,-0.0326543115079402,0.145476832985878,0.755048453807831,-0.638491988182068
0.691715776920319,-0.0621153265237808,1.38490164279938,-0.0340134911239147,0.142723172903061,0.75838702917099,-0.635076701641083
0.691715776920319,-0.0621153265237808,1.38490164279938,-0.0340134911239147,0.142723172903061,0.75838702917099,-0.635076701641083
0.689826965332031,-0.0617707706987857,1.38508117198944,-0.0348999835550785,0.144803076982498,0.7613884806633,-0.630953013896942
0.688935041427612,-0.0614084973931312,1.3850964307785,-0.0349886529147625,0.146031513810158,0.762805938720703,-0.628949701786041
0.688037991523743,-0.0611785873770713,1.38509654998779,-0.0373795516788959,0.150885179638863,0.763967573642731,-0.626250803470612
0.687118113040924,-0.0605154670774936,1.38489425182343,-0.0388123467564582,0.151026368141174,0.763978183269501,-0.626116693019867
0.686092138290405,-0.0604329369962215,1.3848922252655,-0.0378043204545974,0.15092097222805,0.765189528465271,-0.624723017215729
0.68513697385788,-0.059907928109169,1.3848659992218,-0.0398636646568775,0.152929842472076,0.766899824142456,-0.622003376483917
0.684147000312805,-0.0592137314379215,1.38482916355133,-0.0413651056587696,0.153295636177063,0.767073214054108,-0.621601223945618
0.683135807514191,-0.0588640831410884,1.38486659526825,-0.0420765355229377,0.154336512088776,0.767923355102539,-0.620244681835175
0.682081699371338,-0.0583970062434673,1.38467514514923,-0.0408348739147186,0.151474267244339,0.768845081329346,-0.619891464710236
0.681055963039398,-0.0579145550727844,1.38474833965302,-0.0418480522930622,0.152316570281982,0.769507765769958,-0.618794202804565
0.679953932762146,-0.0573349893093109,1.38486528396606,-0.042870856821537,0.153569340705871,0.769511759281158,-0.618409514427185
0.678780496120453,-0.0569635815918445,1.38465142250061,-0.0430972315371036,0.154838696122169,0.769534766674042,-0.618048489093781
0.677615821361542,-0.0564768575131893,1.38461673259735,-0.0455738306045532,0.159740775823593,0.770210325717926,-0.615777611732483
0.676305115222931,-0.0556087717413902,1.38458561897278,-0.0443644225597381,0.16041187942028,0.770772933959961,-0.614987015724182
0.675233960151672,-0.0550208948552608,1.38457989692688,-0.0455275885760784,0.157834842801094,0.769894957542419,-0.616666257381439
0.674105525016785,-0.0543571710586547,1.38435029983521,-0.0464281924068927,0.158884972333908,0.771214008331299,-0.614678025245667
0.672625660896301,-0.0540038272738456,1.3842408657074,-0.045479379594326,0.164747387170792,0.771624982357025,-0.612686574459076
0.67138683795929,-0.0529673509299755,1.38430881500244,-0.046645525842905,0.162109270691872,0.770228207111359,-0.615055561065674
0.670128881931305,-0.0521086454391479,1.38425588607788,-0.047439444810152,0.163486257195473,0.770436108112335,-0.614369571208954
0.668968617916107,-0.051610130816698,1.38409769535065,-0.0482005104422569,0.164965316653252,0.771867513656616,-0.612114131450653
0.667373061180115,-0.0507825091481208,1.38382315635681,-0.0497666597366333,0.169917315244675,0.770907878875732,-0.611843585968018
0.666047275066376,-0.0494994446635246,1.38385260105133,-0.0493119321763515,0.166656270623207,0.77193158864975,-0.611486434936523
0.664781928062439,-0.0488563403487205,1.38387632369995,-0.0484412238001823,0.170331209897995,0.771874725818634,-0.610614478588104
0.663189888000488,-0.0480259731411933,1.3837468624115,-0.0490188412368297,0.171244040131569,0.770219922065735,-0.612400114536285
0.661954760551453,-0.0468204841017723,1.38367795944214,-0.0469051674008369,0.173810586333275,0.772409319877625,-0.609076082706451
0.660170257091522,-0.0454873517155647,1.38356935977936,-0.0499339811503887,0.174402743577957,0.77261871099472,-0.608400046825409
0.658762276172638,-0.0442510321736335,1.3834536075592,-0.0493933781981468,0.176511868834495,0.772388577461243,-0.608128190040588
0.657109797000885,-0.0431897416710853,1.38334155082703,-0.0504072532057762,0.176476150751114,0.772408366203308,-0.608030140399933
0.655419647693634,-0.0419441312551498,1.38318014144897,-0.0534721054136753,0.181894287467003,0.772025465965271,-0.606656312942505
0.653679490089417,-0.0409465953707695,1.38289558887482,-0.0509261414408683,0.184413209557533,0.772700071334839,-0.605254530906677
0.65195244550705,-0.0392727330327034,1.38287341594696,-0.0512552224099636,0.184598132967949,0.770865917205811,-0.607505023479462
0.650313079357147,-0.0378400385379791,1.38304591178894,-0.0524595715105533,0.183819353580475,0.772148489952087,-0.606007516384125
0.648234844207764,-0.0362445525825023,1.38267803192139,-0.052006360143423,0.184499442577362,0.772081196308136,-0.605925738811493
0.646397888660431,-0.0349147133529186,1.38259506225586,-0.0476865954697132,0.189791113138199,0.772110283374786,-0.604608297348022
0.644515216350555,-0.0334176868200302,1.38249349594116,-0.0478633902966976,0.192274495959282,0.771896660327911,-0.604082107543945
0.642642021179199,-0.0314187109470367,1.38220024108887,-0.0519136078655719,0.190672323107719,0.77077442407608,-0.605686247348785
0.640496492385864,-0.0300580263137817,1.38203775882721,-0.0508395098149776,0.193428888916969,0.768973469734192,-0.607190608978271
0.638145685195923,-0.0282102338969707,1.38168835639954,-0.0471860729157924,0.197177976369858,0.76802533864975,-0.607479572296143
0.636109709739685,-0.0262717343866825,1.38152635097504,-0.0472778007388114,0.199584558606148,0.771078884601593,-0.602800369262695
0.633922159671783,-0.0244147516787052,1.38157188892365,-0.0501261875033378,0.200501829385757,0.76961761713028,-0.604131758213043
0.631260991096497,-0.0229778178036212,1.38084137439728,-0.0480389297008514,0.202747121453285,0.770062267780304,-0.602984249591827
0.631260991096497,-0.0229778178036212,1.38084137439728,-0.0480389297008514,0.202747121453285,0.770062267780304,-0.602984249591827
0.626707315444946,-0.0187622662633657,1.38021111488342,-0.047821395099163,0.207926258444786,0.767648696899414,-0.604313969612122
0.626707315444946,-0.0187622662633657,1.38021111488342,-0.047821395099163,0.207926258444786,0.767648696899414,-0.604313969612122
0.621775567531586,-0.0144756827503442,1.3794047832489,-0.0479943640530109,0.212318018078804,0.76597672700882,-0.6048943400383
0.619081437587738,-0.0127943018451333,1.37897300720215,-0.047257725149393,0.215398415923119,0.765951693058014,-0.603894352912903
0.616518616676331,-0.0100014628842473,1.37839066982269,-0.0464299954473972,0.218434855341911,0.764326155185699,-0.604926407337189
0.613637328147888,-0.0085177430883049,1.37780213356018,-0.04456352815032,0.221738442778587,0.764552533626556,-0.603577256202698
0.610838234424591,-0.0055811828933656,1.37670540809631,-0.0449706353247165,0.22257237136364,0.76279878616333,-0.605456233024597
0.610838234424591,-0.0055811828933656,1.37670540809631,-0.0449706353247165,0.22257237136364,0.76279878616333,-0.605456233024597
0.605183780193329,-0.0008694463176652,1.37493991851807,-0.0448382757604122,0.227392420172691,0.761978030204773,-0.604707956314087
0.602020919322968,0.0007720297435298,1.37459290027618,-0.0438726283609867,0.231177747249603,0.761724531650543,-0.603662073612213
0.599196374416351,0.0030578204896301,1.37352919578552,-0.0431512929499149,0.23423632979393,0.759493768215179,-0.605343401432037
0.599196374416351,0.0030578204896301,1.37352919578552,-0.0431512929499149,0.23423632979393,0.759493768215179,-0.605343401432037
0.593643844127655,0.0076928832568228,1.37112295627594,-0.0452298112213611,0.23743262887001,0.756720840930939,-0.607415378093719
0.590568542480469,0.0094222649931907,1.37072110176086,-0.0442749708890914,0.242942005395889,0.755532145500183,-0.606786727905273
0.587544918060303,0.0117436423897743,1.3692113161087,-0.0434737913310527,0.245182856917381,0.754426598548889,-0.607318699359894
0.584505975246429,0.0132168401032686,1.3681937456131,-0.0417384393513202,0.249693393707275,0.753170251846313,-0.607162058353424
0.584505975246429,0.0132168401032686,1.3681937456131,-0.0417384393513202,0.249693393707275,0.753170251846313,-0.607162058353424
0.578958451747894,0.0176740381866693,1.36633324623108,-0.0432861894369125,0.255784094333649,0.750308156013489,-0.60806131362915
0.576112031936646,0.0192826520651578,1.36512553691864,-0.0415938273072242,0.26042377948761,0.749593436717987,-0.607090651988983
0.573516011238098,0.0214223898947238,1.36411082744598,-0.0435244739055633,0.263038784265518,0.7473424077034,-0.608601331710815
0.570741176605225,0.0234956517815589,1.36369633674622,-0.0448085740208625,0.267251580953598,0.746615171432495,-0.607564568519592
0.568020105361938,0.0250305011868476,1.3618038892746,-0.0431515909731388,0.270327538251877,0.745020925998688,-0.60828024148941
0.565480649471283,0.0271208323538303,1.36087191104889,-0.0464136488735675,0.271853715181351,0.7434321641922,-0.609302937984467
0.562888741493225,0.0289573166519403,1.35953772068024,-0.0468180961906909,0.27482658624649,0.741905093193054,-0.609799563884735
0.560351490974426,0.0304660387337207,1.35907506942749,-0.0465175993740558,0.280581682920456,0.739382863044739,-0.610264658927917
0.557850360870361,0.0326673239469528,1.35805106163025,-0.0483574829995632,0.283170402050018,0.738322556018829,-0.610209882259369
0.55547696352005,0.0344255417585372,1.35618472099304,-0.0504275746643543,0.28506150841713,0.735845923423767,-0.612150192260742
0.553042054176331,0.0359309874475002,1.35566055774689,-0.0514319874346256,0.287148207426071,0.734366893768311,-0.612866997718811
0.550656914710999,0.0376529693603515,1.35426998138428,-0.0528097786009311,0.289824575185776,0.730898380279541,-0.615629971027374
0.548551678657532,0.0396988168358802,1.35262024402618,-0.054269965738058,0.291315317153931,0.729117274284363,-0.616910219192505
0.54633903503418,0.0411102660000324,1.35126423835754,-0.0548236593604087,0.294099748134613,0.727096855640411,-0.6179239153862
0.544279515743256,0.042892400175333,1.34994506835938,-0.0581577271223068,0.298502147197723,0.725072920322418,-0.617886304855347
0.542494535446167,0.0446889400482177,1.34896242618561,-0.0605325773358345,0.299367278814316,0.72277569770813,-0.619927763938904
0.540106236934662,0.045442197471857,1.34844362735748,-0.0596563480794429,0.305219024419784,0.72098296880722,-0.619246304035187
0.538067936897278,0.0462146364152431,1.34738183021545,-0.0594400539994239,0.308728128671646,0.719768285751343,-0.618940651416779
0.536470115184784,0.0479510687291622,1.34651947021484,-0.0633186846971511,0.309744089841843,0.717342257499695,-0.620861887931824
0.534684717655182,0.0491929277777671,1.34538149833679,-0.0643475875258445,0.312224954366684,0.715554118156433,-0.621576368808746
0.532853424549103,0.0501941069960594,1.34376728534698,-0.0644437745213508,0.313643008470535,0.714612007141113,-0.621936440467834
0.531205892562866,0.0512268543243408,1.34284019470215,-0.0655434653162956,0.31675460934639,0.712878584861755,-0.622233688831329
0.529600501060486,0.0517783798277378,1.34193968772888,-0.0649954453110694,0.320265382528305,0.711256623268127,-0.62235015630722
0.527803003787994,0.0529244095087051,1.34160423278809,-0.0661573261022567,0.323630094528198,0.708790719509125,-0.623299717903137
0.526642441749573,0.0539032146334648,1.34085261821747,-0.0681241005659103,0.325893729925156,0.706939041614532,-0.624010920524597
0.524974703788757,0.054357424378395,1.33988296985626,-0.0673931837081909,0.327968150377274,0.705702543258667,-0.624402821063995
0.523767411708832,0.0556927062571048,1.33928716182709,-0.0697105452418327,0.329616695642471,0.703663170337677,-0.625580966472626
0.522520661354065,0.0561347417533397,1.33858549594879,-0.0698958560824394,0.332755267620087,0.702616691589355,-0.625074684619904
0.521625101566315,0.0569545626640319,1.33786690235138,-0.0708832368254661,0.334969192743301,0.700710475444794,-0.625920295715332
0.520453274250031,0.0576893165707588,1.3372278213501,-0.0713753476738929,0.335764557123184,0.699350118637085,-0.626958787441254
0.519518911838531,0.058138407766819,1.33687233924866,-0.0724826082587242,0.338167876005173,0.698476433753967,-0.626513719558716
0.518594920635223,0.0589433796703815,1.33559727668762,-0.072580836713314,0.337776243686676,0.698041975498199,-0.627197444438934
0.517700970172882,0.0595993287861347,1.33577489852905,-0.0734570175409317,0.340100556612015,0.69626796245575,-0.627811014652252
0.516854763031006,0.0598671287298202,1.33537375926971,-0.0736187025904655,0.34171000123024,0.695487856864929,-0.627782821655273
0.516225695610046,0.0605113878846168,1.33489429950714,-0.0744029283523559,0.342248469591141,0.694266021251678,-0.628748834133148
0.515575170516968,0.0610114373266696,1.33458197116852,-0.0747274607419967,0.342629939317703,0.693575978279114,-0.629263818264008
0.515010118484497,0.0614517889916896,1.3340128660202,-0.0756218954920768,0.343950808048248,0.692987561225891,-0.629084467887878
0.514487385749817,0.0615089833736419,1.33417952060699,-0.0754635334014892,0.345643252134323,0.692548274993896,-0.628659546375275
0.514051616191864,0.0620938539505004,1.33404219150543,-0.0752903893589973,0.344749242067337,0.692014694213867,-0.629757881164551
0.513546705245972,0.0626435577869415,1.33390700817108,-0.0756569728255271,0.344088792800903,0.691651105880737,-0.630474269390106
0.513546705245972,0.0626435577869415,1.33390700817108,-0.0756569728255271,0.344088792800903,0.691651105880737,-0.630474269390106
0.512742877006531,0.0629816204309463,1.33362448215485,-0.0745226740837097,0.34320068359375,0.691401243209839,-0.631366908550262
0.512538194656372,0.0630366280674934,1.33380877971649,-0.0744708701968193,0.343329071998596,0.6916264295578,-0.631056427955627
0.512352347373962,0.0631833970546722,1.3337836265564,-0.0739883482456207,0.342714190483093,0.691484928131104,-0.631602346897125
0.512167930603027,0.0631745085120201,1.33396935462952,-0.0723060965538024,0.342745453119278,0.693082571029663,-0.630027055740356
0.512172937393188,0.0633455663919448,1.33398199081421,-0.0731887966394424,0.34150618314743,0.691430747509003,-0.632408559322357
0.512234330177307,0.0636751502752304,1.33418524265289,-0.0734472051262855,0.340987831354141,0.690922796726227,-0.633212983608246
0.512371480464935,0.0634585171937942,1.33448338508606,-0.0734781697392463,0.341537415981293,0.691157758235931,-0.632656395435333
0.512446522712708,0.0632470548152923,1.33472323417664,-0.0701737031340599,0.340667694807053,0.693869233131409,-0.630528926849365
0.512752294540405,0.0634335279464721,1.3350088596344,-0.0719912946224212,0.339217841625214,0.691351473331451,-0.633862555027008
0.512752294540405,0.0634335279464721,1.3350088596344,-0.0719912946224212,0.339217841625214,0.691351473331451,-0.633862555027008
0.513298034667969,0.0633715167641639,1.33562028408051,-0.071768470108509,0.336270898580551,0.691267132759094,-0.635547816753387
0.513703286647797,0.0635742843151092,1.33609557151794,-0.0721000730991363,0.335515379905701,0.690920054912567,-0.636286675930023
0.514383912086487,0.063396580517292,1.33654975891113,-0.07269287109375,0.335923671722412,0.690826058387756,-0.636105597019196
0.514804661273956,0.0632233470678329,1.33686459064484,-0.0713163986802101,0.33404204249382,0.691146969795227,-0.63690322637558
0.515348434448242,0.0624753311276435,1.33743500709534,-0.0688269063830375,0.334371984004974,0.69428151845932,-0.633586168289185
0.515921235084534,0.0625252872705459,1.33782017230988,-0.070308618247509,0.331755667924881,0.692253351211548,-0.637008786201477
0.516788482666016,0.0625420212745666,1.33857905864716,-0.0714548304677009,0.330979555845261,0.691943526268005,-0.637621343135834
0.516788482666016,0.0625420212745666,1.33857905864716,-0.0714548304677009,0.330979555845261,0.691943526268005,-0.637621343135834
0.518275201320648,0.0618324428796768,1.3397753238678,-0.0715881958603859,0.327836334705353,0.693415939807892,-0.637630820274353
0.519032776355743,0.0618576779961586,1.34019649028778,-0.072451077401638,0.326976448297501,0.693309366703033,-0.638090491294861
0.519032776355743,0.0618576779961586,1.34019649028778,-0.072451077401638,0.326976448297501,0.693309366703033,-0.638090491294861
0.520735919475555,0.0607792139053344,1.34124398231506,-0.0708796456456184,0.322515934705734,0.69539350271225,-0.638269245624542
0.521710991859436,0.0608364194631576,1.34204304218292,-0.0720897614955902,0.320376843214035,0.69558447599411,-0.639002501964569
0.522727608680725,0.0603500604629516,1.34251058101654,-0.0712466686964035,0.31902739405632,0.696346759796143,-0.638942003250122
0.52392041683197,0.0598219782114028,1.3433575630188,-0.0722094699740409,0.318467080593109,0.696970045566559,-0.638433575630188
0.524850368499756,0.0592119060456752,1.34393012523651,-0.0693903118371963,0.315736949443817,0.700560748577118,-0.636168122291565
0.525893688201904,0.0588103048503398,1.34467053413391,-0.0707391500473022,0.312546133995056,0.699398517608643,-0.638868153095245
0.527173161506653,0.058587659150362,1.34533596038818,-0.0718840733170509,0.311557084321976,0.699451327323914,-0.639165759086609
0.52830970287323,0.0576619058847427,1.34603250026703,-0.0699594989418983,0.308798342943191,0.701089441776276,-0.638923287391663
0.529624044895172,0.0573748648166656,1.3469398021698,-0.070477046072483,0.306471645832062,0.701701998710632,-0.639314115047455
0.530705332756042,0.0563077963888645,1.3475524187088,-0.0670634731650352,0.30488458275795,0.70554530620575,-0.636202573776245
0.532100558280945,0.0563147775828838,1.34854567050934,-0.0700048208236694,0.301101505756378,0.703661799430847,-0.639763474464417
0.533483028411865,0.055032517760992,1.34932613372803,-0.0667940527200698,0.300666272640228,0.706805825233459,-0.636839091777802
0.534721851348877,0.0544981136918067,1.34994173049927,-0.0657216981053352,0.299850463867188,0.706831395626068,-0.63730663061142
0.535964488983154,0.053677599877119,1.3508448600769,-0.0637413710355758,0.300366014242172,0.710789442062378,-0.632847428321838
0.537591934204102,0.0533530041575431,1.35174357891083,-0.0633452460169792,0.295641839504242,0.710054814815521,-0.635928869247437
0.539125263690948,0.0522259101271629,1.3525116443634,-0.06185207888484,0.293838351964951,0.711470007896423,-0.635329782962799
0.540606319904327,0.0514322593808174,1.35342288017273,-0.061584748327732,0.290769755840302,0.711119055747986,-0.637157738208771
0.542356252670288,0.051356304436922,1.35411071777344,-0.0644783452153205,0.285553336143494,0.710928082466125,-0.639439821243286
0.543580591678619,0.0493206344544887,1.35490870475769,-0.0583958476781845,0.285897016525268,0.716345131397247,-0.633800089359283
0.545398652553558,0.0488386303186416,1.35602593421936,-0.0620192475616931,0.281670808792114,0.713892221450806,-0.638101100921631
0.546954214572906,0.0476425476372242,1.35675656795502,-0.0599266923964023,0.280476987361908,0.715915739536285,-0.636558175086975
0.548635363578796,0.0464361794292926,1.3576455116272,-0.0575291067361831,0.278708219528198,0.718078136444092,-0.635119020938873
0.548635363578796,0.0464361794292926,1.3576455116272,-0.0575291067361831,0.278708219528198,0.718078136444092,-0.635119020938873
0.552189111709595,0.0447436161339283,1.35938560962677,-0.0590044185519218,0.273074865341187,0.717669785022736,-0.637886166572571
0.553942978382111,0.0436941906809806,1.36025321483612,-0.0570736154913902,0.272194355726242,0.718574285507202,-0.637419700622559
0.555665671825409,0.0424633584916591,1.36107790470123,-0.0579390041530132,0.27095028758049,0.719172656536102,-0.637196838855743
0.557525098323822,0.0416063629090786,1.36187124252319,-0.0561171323060989,0.267492949962616,0.719845175743103,-0.638060629367828
0.55934202671051,0.0401688851416111,1.36257791519165,-0.0544253997504711,0.265455573797226,0.721162259578705,-0.63757061958313
0.561128556728363,0.0390403345227241,1.36347353458405,-0.0541486404836177,0.263146430253982,0.722044050693512,-0.637553513050079
0.562953889369965,0.0380199514329433,1.36438119411469,-0.0558285899460315,0.258560925722122,0.722407341003418,-0.638871729373932
0.564955711364746,0.0369373261928558,1.3650803565979,-0.055932305753231,0.255781471729279,0.723273158073425,-0.639002025127411
0.566973149776459,0.035762321203947,1.36561560630798,-0.0552273727953434,0.253867596387863,0.724674165248871,-0.638238549232483
0.568645000457764,0.0344706028699874,1.36673057079315,-0.054611288011074,0.250694006681442,0.725549936294556,-0.63855105638504
0.570680737495422,0.033201266080141,1.36742651462555,-0.053994957357645,0.24833182990551,0.726289510726929,-0.638685762882233
0.570680737495422,0.033201266080141,1.36742651462555,-0.053994957357645,0.24833182990551,0.726289510726929,-0.638685762882233
0.57452529668808,0.0304844211786985,1.3688337802887,-0.0535097569227218,0.244446188211441,0.7263503074646,-0.640154838562012
0.576565802097321,0.0293308440595865,1.36958038806915,-0.0529953576624393,0.242213860154152,0.727944731712341,-0.639234304428101
0.578504085540771,0.0280920155346393,1.370081782341,-0.054457701742649,0.240003541111946,0.727487683296204,-0.640464246273041
0.578504085540771,0.0280920155346393,1.370081782341,-0.054457701742649,0.240003541111946,0.727487683296204,-0.640464246273041
0.58263373374939,0.0249861739575862,1.37162518501282,-0.0514148101210594,0.233307331800461,0.728805541992188,-0.641690611839294
0.584553301334381,0.0237509701400995,1.3721776008606,-0.0526141002774238,0.231856644153595,0.728857517242432,-0.642060041427612
0.586670577526093,0.022689264267683,1.37290239334106,-0.0515184439718723,0.226423710584641,0.729754269123077,-0.643068313598633
0.588757693767548,0.0209446549415588,1.37343466281891,-0.0497439019382,0.224192321300507,0.730262041091919,-0.643413424491882
0.590874910354614,0.0199094414710998,1.37408852577209,-0.0506788492202758,0.220460787415504,0.730572938919067,-0.644276261329651
0.593130528926849,0.0185222178697586,1.37414753437042,-0.0512977540493011,0.219780042767525,0.730169415473938,-0.644917070865631
0.595000922679901,0.0169039666652679,1.37513852119446,-0.0493903160095214,0.215054780244827,0.730609178543091,-0.646159648895264
0.597345650196075,0.0156861767172813,1.37550032138824,-0.0481737963855266,0.212500140070915,0.729559779167175,-0.648279011249542
0.599450886249542,0.0144439144060015,1.37626802921295,-0.0483255945146083,0.210106134414673,0.731345415115356,-0.647034764289856
0.601312041282654,0.0123261790722608,1.37662053108215,-0.0474510304629802,0.209377840161323,0.730283439159393,-0.648533463478088
0.603681087493896,0.0112561099231243,1.37704086303711,-0.0475083477795124,0.203917130827904,0.730471730232239,-0.650055289268494
0.605764210224152,0.0100047774612903,1.37760198116302,-0.0469643995165824,0.200946494936943,0.730207026004791,-0.651316165924072
0.607926249504089,0.0088559752330183,1.37816262245178,-0.0480451844632625,0.200256124138832,0.730293750762939,-0.651352643966675
0.609437346458435,0.0074803549796342,1.37826025485992,-0.0441322438418865,0.193973630666733,0.728285491466522,-0.655764400959015
0.611535549163818,0.0054907798767089,1.37891662120819,-0.0428605265915393,0.192485988140106,0.729457080364227,-0.654984474182129
0.613856971263885,0.0049394471570849,1.379310131073,-0.046338103711605,0.190026447176933,0.726665019989014,-0.658559560775757
0.616067469120026,0.0032568303868174,1.37978625297546,-0.0431522391736507,0.187069997191429,0.727961778640747,-0.658190250396729
0.618177473545074,0.001036406494677,1.38024246692657,-0.0410813242197036,0.18605674803257,0.728624522686005,-0.657876670360565
0.620375394821167,0.0003157583996653,1.38083374500275,-0.0417991913855075,0.185169085860252,0.72796642780304,-0.658809721469879
0.622836709022522,-0.0009394288063049,1.38117480278015,-0.0405704118311405,0.180758312344551,0.727940618991852,-0.660138607025146
0.622836709022522,-0.0009394288063049,1.38117480278015,-0.0405704118311405,0.180758312344551,0.727940618991852,-0.660138607025146
0.627594470977783,-0.003591326996684,1.38185477256775,-0.0401073060929775,0.172608613967896,0.726004123687744,-0.664466559886932
0.628861129283905,-0.0056848041713237,1.38231492042542,-0.0354594774544239,0.175693809986115,0.727592945098877,-0.662180483341217
0.631136536598206,-0.0067424923181533,1.3825249671936,-0.0375373810529708,0.174677327275276,0.724449157714844,-0.665771961212158
0.633307576179504,-0.0079240500926971,1.38275420665741,-0.0345326289534568,0.171257227659225,0.72534042596817,-0.665852606296539
0.635983645915985,-0.0088363988324999,1.38315606117249,-0.0357319116592407,0.165591150522232,0.724503397941589,-0.668130099773407
0.637640953063965,-0.0106745921075344,1.38348865509033,-0.0330368168652057,0.163564339280128,0.723609685897827,-0.669734477996826
0.639367282390594,-0.0123004736378788,1.38373708724976,-0.0310452319681644,0.161638021469116,0.723501265048981,-0.670414209365845
0.641635596752167,-0.0133012551814317,1.38377439975739,-0.030365003272891,0.160039111971855,0.721660196781158,-0.672808945178986
0.644019842147827,-0.013995237648487,1.38431441783905,-0.0322280749678611,0.157404258847237,0.721704721450806,-0.67329615354538
0.646227240562439,-0.0150640215724706,1.38435173034668,-0.0316955670714378,0.155831873416901,0.720058500766754,-0.675446152687073
0.647606134414673,-0.0174142867326736,1.38450765609741,-0.0273050107061862,0.154898643493652,0.719837963581085,-0.676087558269501
0.650027871131897,-0.0182617753744125,1.38475787639618,-0.0278941132128238,0.153302773833275,0.718964219093323,-0.677355527877808
0.652300715446472,-0.0184128899127244,1.38489580154419,-0.0296214204281568,0.149935603141785,0.71730637550354,-0.679789245128632
0.654270648956299,-0.0195039827376604,1.38505446910858,-0.0285989176481962,0.148259505629539,0.716039717197418,-0.681533813476562
0.656209886074066,-0.0217704270035028,1.38551497459412,-0.0252911616116762,0.148916006088257,0.715749442577362,-0.68182635307312
0.658347845077515,-0.0221923049539327,1.38563060760498,-0.0263233538717031,0.146266102790832,0.713972866535187,-0.684219419956207
0.658347845077515,-0.0221923049539327,1.38563060760498,-0.0263233538717031,0.146266102790832,0.713972866535187,-0.684219419956207
0.662280082702637,-0.0242514386773109,1.38579332828522,-0.0242291614413261,0.142904192209244,0.71122020483017,-0.687864243984222
0.664144933223724,-0.0252037700265645,1.38581955432892,-0.0238529257476329,0.141552820801735,0.710237324237823,-0.689171195030212
0.666016161441803,-0.0262494701892137,1.38608491420746,-0.0229298323392868,0.140192583203316,0.709301710128784,-0.690442860126495
0.667804777622223,-0.0271839704364538,1.3860080242157,-0.0215787086635828,0.137588739395142,0.707867205142975,-0.692479431629181
0.669596493244171,-0.0281908847391605,1.38621294498444,-0.0211411900818347,0.137280613183975,0.706951916217804,-0.693488419055939
0.671202659606934,-0.0290504600852727,1.38603591918945,-0.0197640284895896,0.134493455290794,0.705493092536926,-0.695557653903961
0.673089385032654,-0.0299957208335399,1.38619911670685,-0.0190053693950176,0.133622288703918,0.704519152641296,-0.696733057498932
0.674683034420013,-0.0309562608599662,1.38625824451447,-0.0199896953999996,0.133474290370941,0.703179657459259,-0.698085606098175
0.676424026489258,-0.031835101544857,1.38616490364075,-0.0182626619935035,0.131752476096153,0.701860904693604,-0.699784994125366
0.677860915660858,-0.0327042862772941,1.38610100746155,-0.0164671801030635,0.129754781723022,0.70067173242569,-0.701392710208893
0.679308652877808,-0.0340065546333789,1.38637089729309,-0.0169835723936557,0.130414709448814,0.69976419210434,-0.702163636684418
0.680599391460419,-0.0348226241767406,1.38592922687531,-0.0157565623521804,0.128682911396027,0.698289155960083,-0.703977882862091
0.682502865791321,-0.0352605879306793,1.3861358165741,-0.0168825276196002,0.126964539289474,0.696602165699005,-0.705932319164276
0.683903753757477,-0.0361838899552822,1.38613092899323,-0.0163974147289991,0.126562684774399,0.695834875106812,-0.706772148609161
0.68523371219635,-0.0370718017220497,1.38600075244904,-0.0154436687007546,0.125896126031876,0.694330930709839,-0.708389818668365
0.686564683914185,-0.0384678691625595,1.38601350784302,-0.0138305034488439,0.125513598322868,0.694288730621338,-0.708532512187958
0.688104689121246,-0.0387011393904686,1.38555037975311,-0.0144521091133356,0.124477572739124,0.692017376422882,-0.710920870304108
0.689139306545258,-0.0393225848674774,1.38568639755249,-0.0140730049461126,0.122097633779049,0.690568864345551,-0.71274733543396
0.6905198097229,-0.0400700531899929,1.38571536540985,-0.0141370734199881,0.121445365250111,0.689138770103455,-0.71424013376236
0.691873013973236,-0.0409386232495307,1.38565909862518,-0.0184600204229354,0.121798396110535,0.688658535480499,-0.714544594287872
0.691873013973236,-0.0409386232495307,1.38565909862518,-0.0184600204229354,0.121798396110535,0.688658535480499,-0.714544594287872
0.693532288074493,-0.0430273115634918,1.38548076152802,-0.015272008255124,0.121117144823074,0.686403214931488,-0.716901659965515
0.694739043712616,-0.0437657460570335,1.38555181026459,-0.0151155162602663,0.121726162731647,0.683747589588165,-0.719335496425629
0.695807456970215,-0.0444549433887004,1.38542747497559,-0.0151634076610207,0.120892025530338,0.682412505149841,-0.720741629600525
0.696777045726776,-0.0452471375465393,1.38527154922485,-0.0143297547474503,0.119532160460949,0.682954490184784,-0.720472037792206
0.696777045726776,-0.0452471375465393,1.38527154922485,-0.0143297547474503,0.119532160460949,0.682954490184784,-0.720472037792206
0.698589324951172,-0.046827994287014,1.38479733467102,-0.0129978312179446,0.119100995361805,0.679756999015808,-0.723585844039917
0.699440062046051,-0.0475355945527553,1.38467812538147,-0.0128485355526208,0.118571110069752,0.678213953971863,-0.725121796131134
0.700451135635376,-0.0475043356418609,1.38445806503296,-0.0141462953761219,0.116652555763721,0.67590469121933,-0.727560937404633
0.701326847076416,-0.0481896325945854,1.38445782661438,-0.0138575658202171,0.115685120224953,0.674950122833252,-0.728606343269348
0.701983153820038,-0.0489385798573493,1.38437008857727,-0.0132221719250082,0.116233378648758,0.673138797283173,-0.730204880237579
0.702688097953796,-0.0494677163660526,1.38431406021118,-0.0134951816871762,0.114998333156109,0.671641647815704,-0.731772422790527
0.702688097953796,-0.0494677163660526,1.38431406021118,-0.0134951816871762,0.114998333156109,0.671641647815704,-0.731772422790527
0.704017639160156,-0.0507104992866516,1.38419425487518,-0.0131645277142524,0.113810539245605,0.668445825576782,-0.734883666038513
0.704638659954071,-0.0514082200825214,1.38410460948944,-0.0126080000773072,0.113403059542179,0.667334079742432,-0.735966086387634
0.704790234565735,-0.0522268116474151,1.38410258293152,-0.0110951755195856,0.112117230892181,0.665808320045471,-0.737567603588104
0.705086171627045,-0.0523003116250038,1.38386428356171,-0.0119491051882505,0.110082343220711,0.66439425945282,-0.739134252071381
0.705860316753387,-0.0533625409007072,1.38401353359222,-0.0111562237143516,0.110940881073475,0.662470936775208,-0.740742862224579
0.706380188465118,-0.0544273778796196,1.3840719461441,-0.0101456055417656,0.110377207398415,0.662205934524536,-0.741078555583954
0.706380188465118,-0.0544273778796196,1.3840719461441,-0.0101456055417656,0.110377207398415,0.662205934524536,-0.741078555583954
0.707581222057343,-0.055040493607521,1.3839510679245,-0.011453372426331,0.109125554561615,0.658356726169586,-0.744665682315826
0.707280218601227,-0.0562258660793304,1.38400793075562,-0.0088946064934134,0.108635596930981,0.656701803207397,-0.746231913566589
0.707836866378784,-0.0555167272686958,1.38360595703125,-0.0120515273883938,0.105782456696033,0.656010091304779,-0.747205197811127
0.708144009113312,-0.0560740008950233,1.38361656665802,-0.0118699977174401,0.105334676802158,0.654169261455536,-0.748883306980133
0.708032131195068,-0.0570819228887558,1.38346493244171,-0.0093469507992267,0.104267343878746,0.65203583240509,-0.750926375389099
0.707883536815643,-0.0578894168138504,1.38335168361664,-0.0078120999969542,0.103833124041557,0.65056711435318,-0.752276539802551
0.708617210388184,-0.0578856691718101,1.38342070579529,-0.0099945664405822,0.103271037340164,0.649274230003357,-0.753444254398346
0.708899080753326,-0.0583897903561592,1.38342106342316,-0.009788361378014,0.102506764233112,0.648546814918518,-0.754177510738373
0.708961069583893,-0.0589371249079704,1.38340926170349,-0.0126978205516934,0.0994764938950538,0.645151138305664,-0.757445156574249
0.708848536014557,-0.0600372739136219,1.38328838348389,-0.0068486304953694,0.101148344576359,0.645352482795715,-0.757127642631531
0.709212958812714,-0.0600903593003749,1.3833509683609,-0.0117912078276276,0.0980890244245529,0.642686724662781,-0.75973242521286
0.71006977558136,-0.0604139603674411,1.3833349943161,-0.0096874041482806,0.0987426415085792,0.64429497718811,-0.758313894271851
0.709106087684631,-0.0616903230547905,1.38326668739319,-0.0089159412309527,0.0971158891916275,0.639915406703949,-0.762231767177582
0.70945155620575,-0.0622600317001342,1.38326275348663,-0.0051801004447042,0.0995227023959159,0.640551686286926,-0.761420965194702
0.709693312644958,-0.0627113953232765,1.38316404819489,-0.0053186551667749,0.09910399466753,0.64093405008316,-0.761152923107147
0.709717810153961,-0.0633233413100242,1.38318777084351,-0.0048622558824718,0.0989270210266113,0.638988316059113,-0.762813091278076
0.709522783756256,-0.0638682320713996,1.3832221031189,-0.0034956743475049,0.0980079695582389,0.636401295661926,-0.765098452568054
0.709588348865509,-0.0643070191144943,1.38322758674622,-0.0032017864286899,0.0974666103720665,0.636247396469116,-0.765296876430511
0.709961771965027,-0.0646974295377731,1.38321375846863,-0.0039516268298029,0.0977859050035476,0.635586857795715,-0.76580137014389
0.709530472755432,-0.0652247816324234,1.38314414024353,-0.0029515696223825,0.0958300158381462,0.634306013584137,-0.767113983631134
0.709644258022308,-0.0654627978801727,1.3832141160965,-0.0029622507281601,0.0954916775226593,0.633235156536102,-0.768040239810944
0.709519326686859,-0.0659199208021164,1.3832198381424,-0.0042066355235874,0.0950237810611724,0.631797611713409,-0.769275307655334
0.709440231323242,-0.0664228051900863,1.38316810131073,-0.0036504073068499,0.0941809341311454,0.630822479724884,-0.770181655883789
0.70929628610611,-0.0668603405356407,1.38313567638397,-0.0034881788305938,0.094493955373764,0.629622399806976,-0.771125435829163
0.709130764007568,-0.0673026293516159,1.38317108154297,-0.0030536514241248,0.0935574546456337,0.628538966178894,-0.772124707698822
0.708997845649719,-0.0677098333835601,1.3831387758255,-0.0031352571677416,0.093099907040596,0.627614259719849,-0.772931396961212
0.70867395401001,-0.0681784749031066,1.38318347930908,-0.0023236542474478,0.0928957462310791,0.628077983856201,-0.772582054138184
0.708509922027588,-0.0687473341822624,1.3830623626709,-0.0018029250204563,0.0936421975493431,0.626996040344238,-0.773371815681458
0.708806574344635,-0.0690574347972869,1.38312292098999,-0.0033206967636942,0.0939234718680381,0.625525176525116,-0.774522840976715
0.708326637744904,-0.0693514347076416,1.38323676586151,-0.0032151918858289,0.0932595133781433,0.623018562793732,-0.776621043682098
0.708077073097229,-0.0699416846036911,1.38320291042328,-0.0028037601150572,0.0937846302986145,0.6220822930336,-0.777309656143188
0.707709491252899,-0.0704915076494216,1.3831752538681,-0.0021548375952988,0.0934550240635871,0.623353838920593,-0.776332080364227
0.707456290721893,-0.0710009634494781,1.38323986530304,-0.0013733137166127,0.0935495719313621,0.621985733509064,-0.777419030666351
0.70718640089035,-0.0713366493582725,1.38338184356689,-0.0016389366937801,0.09338990598917,0.62139219045639,-0.777912259101868
0.706755459308624,-0.0718423426151275,1.38339614868164,-0.0019112782320007,0.0935458093881607,0.621580481529236,-0.777742385864258
0.706755459308624,-0.0718423426151275,1.38339614868164,-0.0019112782320007,0.0935458093881607,0.621580481529236,-0.777742385864258
0.706011652946472,-0.0730984136462211,1.38352942466736,-0.0008638295112177,0.0936194956302642,0.619775056838989,-0.77917492389679
0.706114172935486,-0.0731440931558609,1.38370168209076,-0.0026485729031264,0.0940466374158859,0.618101835250854,-0.780447602272034
0.705776154994965,-0.0735656023025512,1.38383114337921,-0.0028099305927753,0.0950155183672905,0.61754983663559,-0.780766546726227
0.705402731895447,-0.0739594027400016,1.38394999504089,-0.0029268956277519,0.0953373312950134,0.617471814155579,-0.780788600444794
0.704777181148529,-0.0745209604501724,1.38404035568237,-0.0023451515007764,0.0936992838978767,0.616812169551849,-0.781509876251221
0.704489350318909,-0.0751142874360084,1.38405907154083,-0.0022455777507275,0.0953118577599525,0.616290807723999,-0.781726479530334
0.704108774662018,-0.0755323246121406,1.38416743278503,-0.002204141113907,0.0954408049583435,0.616708755493164,-0.781381130218506
0.704108774662018,-0.0755323246121406,1.38416743278503,-0.002204141113907,0.0954408049583435,0.616708755493164,-0.781381130218506
0.703343689441681,-0.0764162838459014,1.38438868522644,-0.0023561192210763,0.0957095772027969,0.61457622051239,-0.783026337623596
0.703090906143188,-0.0765589475631713,1.38468337059021,-0.0023509033489972,0.0956532806158065,0.614879846572876,-0.782794773578644
0.702747941017151,-0.0770155861973762,1.38480591773987,-0.0020230798982083,0.0956070721149444,0.613934099674225,-0.783543288707733
0.702279388904572,-0.0776148363947868,1.38473057746887,-0.0020490058232098,0.0963041484355926,0.613623142242432,-0.783701419830322
0.701933920383453,-0.0778796225786209,1.38483786582947,-0.0025090985000133,0.0967599749565124,0.61260461807251,-0.784440457820892
0.701652407646179,-0.07814322412014,1.38493323326111,-0.0025661452673375,0.0967798605561256,0.612150907516479,-0.784791946411133
0.701401770114899,-0.0784458369016647,1.38510072231293,-0.0026074757333844,0.0970147028565406,0.611534237861633,-0.785243511199951
0.701119959354401,-0.0789262428879737,1.38522529602051,-0.0019667064771056,0.096921257674694,0.611878454685211,-0.784988641738892
0.700779497623444,-0.0791133195161819,1.38539099693298,-0.0022969502024352,0.0967012196779251,0.611636519432068,-0.785203456878662
0.700392127037048,-0.0794799327850341,1.38539099693298,-0.001805544598028,0.096882939338684,0.611512064933777,-0.785279214382172
0.700138032436371,-0.0798846930265426,1.385409116745,-0.0011397927301004,0.0975654870271682,0.611867189407349,-0.784919261932373
0.699923694133759,-0.0801273584365844,1.38546764850616,-0.0010469348635524,0.0977334752678871,0.611714363098145,-0.785017669200897
0.699575245380402,-0.0804620161652565,1.38557815551758,-0.0008661902393214,0.0979750454425811,0.611467838287354,-0.785179793834686
0.699365258216858,-0.0808803737163543,1.38563823699951,-0.0004894859157502,0.0982670709490776,0.610305547714233,-0.786047458648682
0.699155151844025,-0.0811522454023361,1.38567411899567,-0.0005192686221562,0.0985075682401657,0.610158085823059,-0.786131799221039
0.699131488800049,-0.0812578052282333,1.38581466674805,-0.0003702341637108,0.098827838897705,0.61000794172287,-0.786208212375641
0.698942601680756,-0.0814219862222671,1.3858814239502,-0.0011089444160461,0.0992016717791557,0.611154496669769,-0.785269379615784
0.698554456233978,-0.0818010494112968,1.38588380813599,-0.0001960658410098,0.0991798192262649,0.611037790775299,-0.785363793373108
0.698359608650208,-0.0820621252059936,1.38594806194305,-2.50022076215828e-05,0.0994868278503418,0.610882997512817,-0.785445332527161
0.698197841644287,-0.082275703549385,1.38602018356323,-1.51898339026957e-05,0.0996032655239105,0.610909819602966,-0.785409688949585
0.698044955730438,-0.0825212299823761,1.38607287406921,0.0004665640590246,0.0992846190929412,0.609656155109406,-0.786423325538635
0.69797682762146,-0.0827250331640243,1.38622713088989,-6.64448889438063e-05,0.0991827473044395,0.608606576919556,-0.787248849868774
0.697813510894775,-0.0829990655183792,1.38626384735107,0.0004280288412701,0.0992485135793685,0.610397458076477,-0.7858527302742
0.697543084621429,-0.0832813456654548,1.38627076148987,-5.37726264155935e-05,0.0995120704174041,0.610700190067291,-0.785584270954132
0.697408199310303,-0.0835033953189849,1.38631403446198,-0.0006421990692615,0.100800447165966,0.611011266708374,-0.785177707672119
0.697236597537994,-0.0837519839406013,1.38640689849854,-0.0006221598014235,0.10109132528305,0.61134272813797,-0.784882307052612
0.697067975997925,-0.0839289650321006,1.38647210597992,-0.0005106226890347,0.101385690271854,0.612595975399017,-0.783866584300995
0.697027027606964,-0.0841464772820472,1.3865647315979,-0.0009474245598539,0.101954415440559,0.612066924571991,-0.784205615520477
0.696840763092041,-0.0843599438667297,1.38655495643616,-0.0018886440666392,0.102252654731274,0.611250519752502,-0.784801661968231
0.696602463722229,-0.0846259742975235,1.38661706447601,-0.0019489938858896,0.102309450507164,0.611683011054993,-0.78445702791214
0.696512162685394,-0.0848342776298523,1.38668870925903,-0.0016001224284991,0.102336794137955,0.611922919750214,-0.784267246723175
0.69617086648941,-0.0851774141192436,1.38663625717163,-0.0015895696124061,0.101785399019718,0.614691138267517,-0.782171249389648
0.695983469486237,-0.0853764861822128,1.38660740852356,-0.0020915421191602,0.101898342370987,0.61528468132019,-0.781688690185547
0.695887565612793,-0.0855393409729003,1.38667380809784,-0.0027163105551153,0.102171495556831,0.615841031074524,-0.781212866306305
0.695611655712128,-0.0858238637447357,1.38658571243286,-0.0032090349122881,0.102328509092331,0.615509569644928,-0.781451523303986
0.6954066157341,-0.0860950648784637,1.38651478290558,-0.0028893568087369,0.102052189409733,0.617901682853699,-0.779598951339722
0.69533234834671,-0.0861878991127014,1.38655722141266,-0.0042785205878317,0.102235808968544,0.617164492607117,-0.780152261257172
0.695063352584839,-0.0864472612738609,1.38640332221985,-0.0044742757454514,0.102076157927513,0.618055999279022,-0.779466032981873
0.694969534873962,-0.0865248888731002,1.38639748096466,-0.0051765348762273,0.102147631347179,0.619352519512177,-0.7784224152565
0.694846153259277,-0.0867990180850029,1.38617897033691,-0.0049035595729947,0.101831831037998,0.622149527072906,-0.776232123374939
0.694827735424042,-0.0868660882115364,1.38616502285004,-0.0060819922946393,0.102058961987495,0.622851550579071,-0.77563065290451
0.694112420082092,-0.087570421397686,1.38608002662659,-0.00463254051283,0.101364329457283,0.623325049877167,-0.775351405143738
0.694765686988831,-0.0871387794613838,1.38599300384521,-0.0079593434929847,0.101971007883549,0.624549806118011,-0.774258553981781
0.694507479667664,-0.0874294191598892,1.38578677177429,-0.0078364387154579,0.101769134402275,0.626069307327271,-0.773058116436005
0.693862736225128,-0.0876254141330719,1.38555681705475,-0.0073909284546971,0.101337380707264,0.626234650611877,-0.772985279560089
0.693858981132507,-0.0877012833952903,1.38547968864441,-0.0077088288962841,0.100318998098373,0.628354251384735,-0.771393358707428
0.69357818365097,-0.0881001949310302,1.38540494441986,-0.0074154692701995,0.100835807621479,0.629139721393585,-0.77068817615509
0.693939507007599,-0.08802992105484,1.38529741764069,-0.0092691071331501,0.101185962557793,0.629668533802032,-0.770190179347992
0.693941652774811,-0.0878942906856536,1.38512647151947,-0.0098247127607464,0.100742906332016,0.631020069122314,-0.769134521484375
0.693586528301239,-0.0879652351140976,1.38496255874634,-0.0104269282892346,0.100485764443874,0.631410956382751,-0.768839478492737
0.693173468112946,-0.0884657576680183,1.38485252857208,-0.0094498386606574,0.100436612963676,0.63282185792923,-0.767697691917419
0.693173468112946,-0.0884657576680183,1.38485252857208,-0.0094498386606574,0.100436612963676,0.63282185792923,-0.767697691917419
0.692643702030182,-0.0885536670684814,1.38463759422302,-0.0094787376001477,0.0997507274150848,0.635775327682495,-0.765342950820923
0.692565143108368,-0.0885238796472549,1.38449954986572,-0.0099901678040623,0.0996394604444503,0.636813342571259,-0.764487385749817
0.693508446216583,-0.0881112217903137,1.38467824459076,-0.0138625968247652,0.101443186402321,0.637529253959656,-0.763592481613159
0.693295538425446,-0.0882267281413078,1.38465249538422,-0.013750784099102,0.101314105093479,0.638373732566833,-0.762905836105347
0.693295538425446,-0.0882267281413078,1.38465249538422,-0.013750784099102,0.101314105093479,0.638373732566833,-0.762905836105347
0.692244291305542,-0.0881047844886779,1.3843492269516,-0.0121939638629555,0.099441222846508,0.638489186763763,-0.763082146644592
0.691772282123566,-0.0881869792938232,1.38429605960846,-0.011438013985753,0.0987136214971542,0.639439880847931,-0.762391924858093
0.691946804523468,-0.088194727897644,1.38438367843628,-0.0120532568544149,0.0991735160350799,0.640997052192688,-0.761013925075531
0.69171154499054,-0.0881401449441909,1.38440811634064,-0.0114693120121955,0.0984403640031814,0.642934501171112,-0.759482204914093
0.691864669322968,-0.0874023661017417,1.38451278209686,-0.0137745039537549,0.0979125499725341,0.643707692623138,-0.758856952190399
0.69120329618454,-0.0883672758936882,1.38454461097717,-0.0104712275788187,0.0987111255526542,0.644621789455414,-0.758029937744141
0.691127836704254,-0.0879580453038215,1.38464403152466,-0.011185179464519,0.098278172314167,0.644926011562347,-0.757817089557648
0.69094580411911,-0.0873690918087959,1.384561419487,-0.0118282055482268,0.0973937883973121,0.64356917142868,-0.759073913097382
0.690715789794922,-0.0870219022035598,1.38463830947876,-0.0113917058333754,0.0971384197473526,0.64439058303833,-0.758416175842285
0.690414547920227,-0.0867954343557357,1.38467729091644,-0.0118943387642502,0.0967059358954429,0.644446134567261,-0.758416652679443
0.690557777881622,-0.0862822011113166,1.38454902172089,-0.0130022969096899,0.0967878699302673,0.644968092441559,-0.757944166660309
0.689859569072723,-0.086358293890953,1.38466680049896,-0.0113278981298208,0.0966353118419647,0.644203424453735,-0.75864040851593
0.689546406269073,-0.0860264152288436,1.38470554351807,-0.0113110011443495,0.0957904085516929,0.644210457801819,-0.758741855621338
0.689293622970581,-0.0857257395982742,1.38469123840332,-0.0102876015007495,0.0955767259001731,0.644868016242981,-0.758224606513977
0.689393818378448,-0.0852986425161361,1.38472890853882,-0.0119889248162508,0.0958743095397949,0.644449412822723,-0.758517861366272
0.689010322093964,-0.0848059952259063,1.38478255271912,-0.0122472578659653,0.0950134471058845,0.644622683525085,-0.758474946022034
0.688336730003357,-0.0847865045070648,1.38461327552795,-0.010083201341331,0.0942027568817138,0.644226312637329,-0.758944511413574
0.688015401363373,-0.084401249885559,1.38457798957825,-0.0105587104335427,0.0941812470555305,0.642722070217133,-0.760215044021606
0.6877401471138,-0.0839327499270439,1.38448297977448,-0.0107626160606741,0.0938745290040969,0.642894804477692,-0.76010400056839
0.687362194061279,-0.0835426896810531,1.38435041904449,-0.0105948019772768,0.0932187661528587,0.642505526542664,-0.760516166687012
0.687168538570404,-0.0830685049295425,1.38419449329376,-0.0109689431264996,0.0929117202758789,0.642625212669373,-0.760447144508362
0.68680328130722,-0.0827415511012077,1.38401353359222,-0.0100671164691448,0.0920087471604347,0.644071698188782,-0.75934499502182
0.686586558818817,-0.0822201818227768,1.38386642932892,-0.010481933131814,0.0922440737485885,0.644155621528625,-0.759239554405212
0.686167657375336,-0.0823983624577522,1.38386607170105,-0.0093018002808094,0.092565543949604,0.645305752754211,-0.758238613605499
0.685913324356079,-0.0817623659968376,1.38375520706177,-0.0100771347060799,0.0920751169323921,0.645669221878052,-0.757978856563568
0.685874402523041,-0.0811009854078292,1.38363564014435,-0.0110322386026382,0.0913477316498756,0.645893394947052,-0.757862687110901
0.685760676860809,-0.0805479288101196,1.38348972797394,-0.0116620305925607,0.0917278751730918,0.645948231220245,-0.757760405540466
0.686035215854645,-0.0791647657752037,1.38315761089325,-0.0142355943098664,0.0909741967916488,0.644874751567841,-0.758721113204956
0.685680866241455,-0.0790047347545623,1.38292825222015,-0.0132651645690202,0.0904328599572181,0.645966470241547,-0.757874250411987
0.6856729388237,-0.0784082412719726,1.38278687000275,-0.0139338811859488,0.0908754095435142,0.646548867225647,-0.757312476634979
0.685629844665527,-0.0778160542249679,1.38272500038147,-0.0145942913368344,0.0908433124423027,0.646877765655518,-0.75702291727066
0.685621321201324,-0.0772453397512435,1.38276183605194,-0.0151694174855947,0.0911202877759933,0.647351443767548,-0.756573259830475
0.685467779636383,-0.0771719813346862,1.38291800022125,-0.0152468103915452,0.0917966365814209,0.647188782691956,-0.756629109382629
0.685669779777527,-0.076413094997406,1.38286375999451,-0.0157351940870285,0.0927689298987388,0.646977066993713,-0.756681561470032
0.68575382232666,-0.0755024850368499,1.38305628299713,-0.0168350264430046,0.0925279855728149,0.648218393325806,-0.755624294281006
0.68578839302063,-0.0754701420664787,1.38354241847992,-0.0161133054643869,0.0935866087675094,0.649189233779907,-0.754675626754761
0.686088025569916,-0.0743921995162963,1.38362014293671,-0.0176477394998073,0.0935314521193504,0.64830082654953,-0.755411505699158
0.686174094676971,-0.0737877339124679,1.38356781005859,-0.0179375540465116,0.0935580730438232,0.648740708827972,-0.755023598670959
0.686168670654297,-0.0732847601175308,1.38383448123932,-0.017849039286375,0.0938926264643669,0.648989021778107,-0.754770815372467
0.686271011829376,-0.0726746544241905,1.38449013233185,-0.0180357564240694,0.0941406562924385,0.649056673049927,-0.754677176475525
0.68644642829895,-0.0721241384744644,1.38468539714813,-0.0181187633424997,0.0949228405952453,0.64934915304184,-0.75432562828064
0.686560571193695,-0.0719629526138305,1.38489890098572,-0.0170403942465782,0.0959520414471626,0.649384200572968,-0.754190325737
0.686603188514709,-0.0714295357465744,1.38507807254791,-0.0175247229635715,0.0962390601634979,0.648911535739899,-0.754549443721771
0.686746418476105,-0.0710350275039672,1.38541960716248,-0.0160316061228513,0.0959890112280845,0.650514781475067,-0.753232836723328
0.686984598636627,-0.0704146400094032,1.38549840450287,-0.0176936294883489,0.0971869006752967,0.649444580078125,-0.753965079784393
0.686993837356567,-0.069876953959465,1.38572430610657,-0.0173135977238416,0.0972072556614875,0.651249527931213,-0.752412915229797
0.687085032463074,-0.0694147124886512,1.38587296009064,-0.0176529474556446,0.0976774469017982,0.650501072406769,-0.752991318702698
0.687225461006165,-0.0690614208579063,1.38603413105011,-0.0172183476388454,0.0982179716229438,0.652046024799347,-0.751593470573425
0.687462091445923,-0.0690420046448707,1.38634026050568,-0.0163055453449487,0.0999628156423568,0.652375340461731,-0.751097977161407
0.687462091445923,-0.0690420046448707,1.38634026050568,-0.0163055453449487,0.0999628156423568,0.652375340461731,-0.751097977161407
0.687830090522766,-0.0683054327964782,1.38656735420227,-0.0154877630993723,0.100751236081123,0.653757035732269,-0.749807417392731
0.688000917434692,-0.0679411515593528,1.38665294647217,-0.0155451716855168,0.101349852979183,0.654092729091644,-0.749432682991028
0.688044965267181,-0.0674780756235122,1.38666081428528,-0.015509158372879,0.100984297692776,0.654820561408997,-0.74884694814682
0.688409388065338,-0.0670001730322837,1.38691341876984,-0.0165369287133216,0.101515680551529,0.654332876205444,-0.749179244041443
0.688409388065338,-0.0670001730322837,1.38691341876984,-0.0165369287133216,0.101515680551529,0.654332876205444,-0.749179244041443
0.68869948387146,-0.066207930445671,1.38724970817566,-0.0178891010582447,0.104560390114784,0.655822038650513,-0.747425436973572
0.68901789188385,-0.0658784136176109,1.38733160495758,-0.0163016635924577,0.102258518338203,0.657291233539581,-0.746488928794861
0.689410626888275,-0.0653691738843917,1.38748121261597,-0.0172757003456354,0.102638363838196,0.656521260738373,-0.747092187404633
0.689546644687653,-0.0650545582175254,1.38759088516235,-0.0164978634566068,0.102463841438293,0.658750176429749,-0.745169281959534
0.689871788024902,-0.064650572836399,1.38758265972137,-0.0169410221278667,0.102806106209755,0.659327745437622,-0.744601190090179
0.690190553665161,-0.0642061233520507,1.38766598701477,-0.017372628673911,0.102957412600517,0.659997224807739,-0.743976950645447
0.690449059009552,-0.0638529434800148,1.38768708705902,-0.0173058733344078,0.10306603461504,0.660703539848328,-0.743336260318756
0.690764367580414,-0.0631824880838394,1.38766133785248,-0.0198543705046176,0.105712063610554,0.660397231578827,-0.743173122406006
0.691008388996124,-0.062907837331295,1.38778150081635,-0.018094690516591,0.102766431868076,0.660985767841339,-0.743107974529266
0.691811144351959,-0.0622229352593421,1.38779306411743,-0.019433669745922,0.103134080767632,0.662906587123871,-0.741310060024261
0.691229820251465,-0.062106043100357,1.38763916492462,-0.0150190135464072,0.100406795740127,0.663378834724426,-0.741364598274231
0.692148983478546,-0.0614281818270683,1.38792288303375,-0.0170095898211002,0.101122714579105,0.664098620414734,-0.740579426288605
0.691973805427551,-0.0611886829137802,1.38779449462891,-0.0157652255147695,0.100358806550503,0.664651989936829,-0.740214347839355
0.692341327667236,-0.0609070733189582,1.38793849945068,-0.0176437571644783,0.101927883923054,0.664910614490509,-0.739725172519684
0.692341327667236,-0.0609070733189582,1.38793849945068,-0.0176437571644783,0.101927883923054,0.664910614490509,-0.739725172519684
0.693276405334473,-0.0598545633256435,1.38798916339874,-0.0175248123705387,0.101851627230644,0.666171431541443,-0.738603293895721
0.693129479885101,-0.0597776137292385,1.38804578781128,-0.0164430812001228,0.101392932236195,0.666495442390442,-0.738399028778076
0.693405032157898,-0.0593274757266044,1.38808059692383,-0.0166766885668039,0.101213157176971,0.665928542613983,-0.738929569721222
0.694060325622559,-0.0587314367294311,1.38816225528717,-0.0176397375762462,0.101807750761509,0.667521417140961,-0.7373868227005
0.6942378282547,-0.0585917010903358,1.38786566257477,-0.017221912741661,0.101221270859241,0.668312549591064,-0.73676061630249
0.694501876831055,-0.0581474713981151,1.38788747787476,-0.0177174899727106,0.101111054420471,0.666986882686615,-0.737964272499084
0.694637179374695,-0.0576380491256713,1.38824737071991,-0.0174391139298677,0.100532531738281,0.667060256004333,-0.737983644008636
0.695054054260254,-0.0573705844581127,1.38797187805176,-0.0149866212159395,0.0986051708459854,0.668938219547272,-0.736596286296844
0.695334315299988,-0.0569214522838592,1.38783872127533,-0.0142206829041242,0.0982367470860481,0.669182956218719,-0.736438393592834
0.695641040802002,-0.0564115904271602,1.38798189163208,-0.013924011029303,0.0991665869951248,0.669150590896606,-0.736348867416382
0.695104002952576,-0.0564106442034244,1.38792753219604,-0.0121015394106507,0.0969051867723465,0.669214606285095,-0.736624002456665
0.695320785045624,-0.0561592727899551,1.38778901100159,-0.0102255707606673,0.0980420783162117,0.669577836990356,-0.736171722412109
0.695987343788147,-0.0557343065738678,1.38792753219604,-0.0099988132715225,0.0986824706196785,0.669868469238281,-0.735824704170227
0.69606876373291,-0.0553634874522686,1.38782095909119,-0.0139044858515262,0.0992362722754478,0.669279873371124,-0.736222386360168
0.69606876373291,-0.0553634874522686,1.38782095909119,-0.0139044858515262,0.0992362722754478,0.669279873371124,-0.736222386360168
0.696704924106598,-0.0547855570912361,1.38807249069214,-0.0137194199487566,0.0991825982928276,0.669068574905396,-0.736425161361694
0.696916103363037,-0.0543791726231575,1.38809752464294,-0.014284842647612,0.0989634618163108,0.668000817298889,-0.737412452697754
0.697142064571381,-0.0539816468954086,1.38810384273529,-0.0107143688946962,0.0976548567414283,0.669508218765259,-0.736279606819153
0.697258830070496,-0.0537300482392311,1.38829040527344,-0.009285407140851,0.0976965427398681,0.6693115234375,-0.736472249031067
0.697492480278015,-0.0532975271344184,1.38834536075592,-0.0106209004297852,0.0972987338900566,0.668983936309814,-0.736804366111755
0.697641551494598,-0.0530237704515457,1.38835632801056,-0.0098176850005984,0.0969908162951469,0.668940007686615,-0.736895978450775
0.697720050811768,-0.0526859872043132,1.3884836435318,-0.0103360060602426,0.0965583622455596,0.667344331741333,-0.738390982151031
0.697379291057587,-0.0528890267014503,1.38830268383026,-0.0088530592620372,0.0980040207505226,0.668840706348419,-0.736864268779755
0.698007583618164,-0.0522110238671302,1.38834571838379,-0.0110477311536669,0.0984032526612281,0.667428016662598,-0.738061487674713
0.698177397251129,-0.0519851967692375,1.3882828950882,-0.0109273698180913,0.0954006314277648,0.668545484542847,-0.737445771694183
0.698314845561981,-0.051711581647396,1.3882999420166,-0.0109179383143782,0.0952437743544578,0.668214857578278,-0.737765848636627
0.698439717292786,-0.051450029015541,1.38830387592316,-0.0109629444777965,0.0950928330421447,0.667911767959595,-0.738059043884277
0.69844251871109,-0.0511666946113109,1.3883193731308,-0.0117222685366868,0.100744388997555,0.667558789253235,-0.737616777420044
0.69870513677597,-0.0509345158934593,1.3882417678833,-0.0098755368962883,0.097841553390026,0.667337357997894,-0.73823469877243
0.698675215244293,-0.0507692880928516,1.38828802108765,-0.0098982043564319,0.0974725931882858,0.666861295700073,-0.738713204860687
0.698799014091492,-0.0504704937338829,1.38829052448273,-0.0091933598741889,0.0961827039718627,0.66636997461319,-0.739334583282471
0.698754847049713,-0.0502526499330997,1.38815450668335,-0.0080785136669874,0.0954132825136184,0.665991544723511,-0.739788055419922
0.698789238929749,-0.0501385852694511,1.38812327384949,-0.0078703854233026,0.095446303486824,0.665564060211182,-0.740170657634735
0.698897957801819,-0.0498070642352104,1.38825964927673,-0.008079252205789,0.0952319279313087,0.664703249931335,-0.740969061851501
0.699032485485077,-0.0496937483549118,1.38818514347076,-0.0079990401864051,0.0954501330852508,0.664326846599579,-0.741279423236847
0.699223816394806,-0.0493022203445434,1.38802576065063,-0.0090709906071424,0.0952410548925399,0.662652015686035,-0.742791473865509
0.699170589447021,-0.0490628220140934,1.38861787319183,-0.0088915275409817,0.0948123335838317,0.661674678325653,-0.743719279766083
0.699232697486877,-0.0488699451088905,1.38857817649841,-0.0089902551844716,0.0948806628584861,0.660764932632446,-0.744517683982849
0.699317991733551,-0.0486963763833045,1.38854968547821,-0.0089082829654216,0.0949118211865425,0.66011655330658,-0.745089650154114
0.699527144432068,-0.0486286245286464,1.38851857185364,-0.0089394729584455,0.0907381102442741,0.660928785800934,-0.744889199733734
0.699657738208771,-0.048573762178421,1.3880307674408,-0.0087726917117834,0.0911878645420074,0.660593152046204,-0.745133876800537
0.69942444562912,-0.048031035810709,1.38823556900024,-0.0082742981612682,0.0945724919438362,0.658520221710205,-0.746551156044006
0.69976270198822,-0.0478960871696472,1.38799953460693,-0.0088026002049446,0.0952848121523857,0.658354341983795,-0.746600866317749
0.699691712856293,-0.0477476827800273,1.38780236244202,-0.0082063321024179,0.0952776297926902,0.65828275680542,-0.746671676635742
0.6998011469841,-0.0475022196769714,1.38773024082184,-0.0086109200492501,0.0952969491481781,0.656979441642761,-0.747811734676361
0.699828267097473,-0.0473447740077972,1.38767850399017,-0.0083489399403333,0.0955777317285537,0.656909167766571,-0.747840583324432
0.699860036373138,-0.0471292249858379,1.38802981376648,-0.0084598660469055,0.095312476158142,0.656090974807739,-0.748591125011444
0.699919998645782,-0.0469209514558315,1.38797426223755,-0.0083852997049689,0.0954732298851013,0.655433177947998,-0.749147534370422
0.699791431427002,-0.0467499271035194,1.38780283927917,-0.0079821264371275,0.0952344462275505,0.654791355133057,-0.749743402004242
0.699957609176636,-0.0466029718518257,1.38783645629883,-0.0080108568072319,0.0955118015408515,0.654120147228241,-0.750293374061584
0.699973404407501,-0.0464735329151153,1.38776040077209,-0.0077194441109895,0.0957190468907356,0.653466463088989,-0.750839531421661
0.700009226799011,-0.0462894365191459,1.38771140575409,-0.0074742115102708,0.0958599001169204,0.652803659439087,-0.751400291919708
0.700030148029327,-0.0460260063409805,1.387659907341,-0.0080689210444688,0.095718428492546,0.650666832923889,-0.753263294696808
0.700114607810974,-0.0457925200462341,1.38752710819244,-0.0080607393756508,0.0956848561763763,0.650081217288971,-0.753773152828217
0.70000433921814,-0.045684490352869,1.38749992847443,-0.0075615225359797,0.0955775678157806,0.64943927526474,-0.754345059394836
0.700027048587799,-0.0454928278923034,1.38743042945862,-0.0074988566339015,0.0955806374549865,0.648808360099792,-0.754887998104095
0.700140237808228,-0.0452467910945415,1.38732671737671,-0.007767891511321,0.0958206579089164,0.648373961448669,-0.755228042602539
0.699889004230499,-0.0451977923512458,1.38733994960785,-0.0076621412299573,0.0985500663518905,0.649480700492859,-0.753925681114197
0.699906527996063,-0.0451149456202983,1.387291431427,-0.0059440797194838,0.0960408002138137,0.64911550283432,-0.754579305648804
0.699328064918518,-0.0451301261782646,1.38724541664124,-0.005831622518599,0.0983134880661964,0.648266792297363,-0.755017042160034
0.699946403503418,-0.0447235703468322,1.38716065883636,-0.0061736167408525,0.0963994711637497,0.648121893405914,-0.755385398864746
0.699951171875,-0.0445117652416229,1.38712799549103,-0.0063389190472662,0.0965004041790962,0.647053599357605,-0.75628650188446
0.69977867603302,-0.0444063395261764,1.38713133335114,-0.006197057198733,0.0965074077248573,0.645568430423737,-0.757554888725281
0.699740052223206,-0.0442644879221916,1.38707840442657,-0.0060155326500535,0.0966566056013107,0.645274937152863,-0.757787346839905
0.699686586856842,-0.0441266484558582,1.38703393936157,-0.0057066916488111,0.0967046841979026,0.645003616809845,-0.758014440536499
0.699599981307983,-0.0441257804632186,1.38700819015503,-0.0046033952385187,0.0972427427768707,0.646437406539917,-0.756730616092682
0.699564576148987,-0.0440282598137855,1.38692235946655,-0.0043092682026326,0.0974924489855766,0.646336317062378,-0.756786823272705
0.699540674686432,-0.043807353824377,1.38689148426056,-0.0051238508895039,0.0973913148045539,0.644311010837555,-0.758519649505615
0.699458956718445,-0.0438199155032634,1.38685405254364,-0.0040041920728981,0.0978291928768158,0.64591258764267,-0.757106602191925
0.699410796165466,-0.0437401011586189,1.38682270050049,-0.0039052432402968,0.0981026887893676,0.645845234394073,-0.757129311561584
0.69934743642807,-0.0436570160090923,1.38679623603821,-0.0037981341592967,0.0982240736484527,0.645672082901001,-0.757261633872986
0.699292957782745,-0.0435821190476417,1.38677036762238,-0.0036991809029132,0.098463624715805,0.645618855953217,-0.75727653503418
0.699224650859833,-0.0435211509466171,1.38674294948578,-0.0035201231949031,0.0985975190997123,0.64573860168457,-0.757157802581787
0.699142873287201,-0.0434674322605133,1.386754155159,-0.0032445811666548,0.0989230126142501,0.645809590816498,-0.757056057453156
0.699093818664551,-0.0434323512017726,1.38672721385956,-0.0029932362958788,0.0993359014391899,0.646034777164459,-0.75681084394455
0.699027419090271,-0.0432829000055789,1.38670468330383,-0.0037922549527138,0.09934052079916,0.644505381584167,-0.758109509944916
0.698972404003143,-0.0432346388697624,1.38668596744537,-0.0036922488361597,0.0995293259620666,0.644584774971008,-0.758017778396606
0.698887765407562,-0.0432156324386596,1.38672292232513,-0.0034001492895185,0.0997737050056457,0.644882023334503,-0.757734060287476
0.698842883110046,-0.0431926473975181,1.38669431209564,-0.0032452936284244,0.100098140537739,0.645130455493927,-0.757480442523956
0.698790729045868,-0.0432700105011463,1.386683344841,-0.0022883948404341,0.100692600011826,0.647017002105713,-0.755794167518616
0.698795855045319,-0.0432201027870178,1.3865954875946,-0.0023649279028177,0.100913524627686,0.647365212440491,-0.755466222763062
0.698824644088745,-0.0433014184236526,1.38616645336151,-0.0023635097313672,0.101461313664913,0.647267520427704,-0.755476593971252
0.698841214179993,-0.0431887283921241,1.38633942604065,-0.0026739996392279,0.10159445554018,0.6473548412323,-0.755382835865021
0.698835372924805,-0.0431377179920673,1.38632357120514,-0.0028577267657965,0.101826176047325,0.647686541080475,-0.755066514015198
0.698852360248566,-0.043064922094345,1.38633811473846,-0.0031264927238225,0.101942077279091,0.648024260997772,-0.754760026931763
0.698844730854034,-0.043066568672657,1.38635420799255,-0.0031534247100353,0.102098010480404,0.648373007774353,-0.754439234733582
0.698853969573975,-0.0430690832436084,1.38633370399475,-0.0032719371374696,0.102277994155884,0.648727893829346,-0.754109144210815
0.69884204864502,-0.0431715585291385,1.38616800308228,-0.0032141138799488,0.10258973389864,0.649268627166748,-0.753601610660553
0.698868036270142,-0.0430841073393821,1.38631069660187,-0.0035151524934917,0.102708607912064,0.649431645870209,-0.753443598747253
0.698881983757019,-0.0430767275393009,1.38631844520569,-0.0037472518160939,0.102960243821144,0.649757385253906,-0.753127157688141
0.698913335800171,-0.0430814623832702,1.38634037971497,-0.0039325603283941,0.103167019784451,0.65017694234848,-0.75273585319519
0.69895601272583,-0.0431244075298309,1.3863377571106,-0.0039499322883784,0.103536896407604,0.650663793087006,-0.752264082431793
0.699009239673615,-0.0431538522243499,1.3863331079483,-0.0041916281916201,0.103715322911739,0.651227056980133,-0.751750648021698
0.699104011058807,-0.0431551784276962,1.38623309135437,-0.0043583675287663,0.103997513651848,0.652048707008362,-0.750998079776764
0.699158370494843,-0.0431811697781086,1.38624000549316,-0.0045793992467224,0.104190297424793,0.652415990829468,-0.750650942325592
0.699106216430664,-0.0432795397937297,1.38626050949097,-0.004355582408607,0.104285232722759,0.652790486812592,-0.750313401222229
0.699153006076813,-0.0433149337768554,1.38625156879425,-0.0045229643583297,0.104406803846359,0.65315169095993,-0.749981045722961
0.699178755283356,-0.0434295050799846,1.38623487949371,-0.0041996613144874,0.104414097964764,0.65355396270752,-0.749631404876709
0.699279963970184,-0.0433833003044128,1.38607573509216,-0.0055035823024809,0.104644894599914,0.652357876300812,-0.750631868839264
0.699312746524811,-0.043313842266798,1.38623714447021,-0.0056936834007501,0.104400314390659,0.652468323707581,-0.750568628311157
0.699500918388367,-0.0432831645011901,1.38618147373199,-0.0062950053252279,0.104665264487266,0.652794480323792,-0.750243246555328
0.699601769447327,-0.0434137843549251,1.38602292537689,-0.0063860989175736,0.10508019477129,0.653277993202209,-0.749763429164886
0.699696660041809,-0.0433607250452041,1.3861802816391,-0.0067070969380438,0.105133950710297,0.653512895107269,-0.749548435211182
0.699664890766144,-0.0434938631951808,1.38624739646912,-0.0064589697867631,0.105160765349865,0.653732240200043,-0.749355494976044
0.69978392124176,-0.0435248650610446,1.3862612247467,-0.0067865271121263,0.105305381119251,0.653962433338165,-0.749131441116333
0.699873447418213,-0.0435671210289001,1.38625800609589,-0.0069275284186005,0.105475269258022,0.654210329055786,-0.748889684677124
0.699963092803955,-0.0436155125498771,1.38627886772156,-0.0071004019118845,0.105558387935161,0.654377520084381,-0.748730480670929
0.700063645839691,-0.0436547473073005,1.38627886772156,-0.007275640964508,0.105647124350071,0.654558837413788,-0.74855762720108
0.700151026248932,-0.0436985045671463,1.38628160953522,-0.0074195242486894,0.10574284940958,0.654694318771362,-0.748424172401428
0.700274646282196,-0.0437776297330856,1.38628840446472,-0.0075924186967313,0.105929881334305,0.654752552509308,-0.748345077037811
0.70038765668869,-0.0438323393464088,1.38630211353302,-0.0077210194431245,0.106062971055508,0.654866516590118,-0.748225152492523
0.700500309467316,-0.0438926182687282,1.38629245758057,-0.0078985886648297,0.106197185814381,0.654999852180481,-0.748087525367737
0.700500309467316,-0.0438926182687282,1.38629245758057,-0.0078985886648297,0.106197185814381,0.654999852180481,-0.748087525367737
0.700810074806213,-0.0440579801797866,1.38623976707458,-0.0081489635631442,0.106762707233429,0.655383825302124,-0.747668027877808
0.700957596302032,-0.0441888868808746,1.38607883453369,-0.008213740773499,0.106991797685623,0.655672371387482,-0.747381448745728
0.701079428195953,-0.04424424842,1.38607370853424,-0.0083340359851717,0.107097305357456,0.655725955963135,-0.747318029403687
0.701203346252441,-0.0442867130041122,1.38606595993042,-0.0084785679355263,0.107127740979195,0.655760169029236,-0.747281908988953
0.701683342456818,-0.0441246703267097,1.38618731498718,-0.0093414029106497,0.105496495962143,0.656036078929901,-0.747261583805084
0.701807141304016,-0.0441690310835838,1.38619256019592,-0.009422555565834,0.105430081486702,0.656014263629913,-0.747289061546326
0.701895117759705,-0.0443287976086139,1.38620567321777,-0.0087204249575734,0.105540692806244,0.657717049121857,-0.745783865451813
0.701895117759705,-0.0443287976086139,1.38620567321777,-0.0087204249575734,0.105540692806244,0.657717049121857,-0.745783865451813
0.702077746391296,-0.0445223301649093,1.38626337051392,-0.0085127186030149,0.105519592761993,0.657655715942383,-0.745843231678009
0.70215916633606,-0.0446143075823783,1.38632118701935,-0.0083635235205292,0.105453938245773,0.657688617706299,-0.745825231075287
0.70228523015976,-0.0446983352303504,1.38631975650787,-0.0083206817507743,0.105502620339394,0.657715797424316,-0.745794832706451
0.70253711938858,-0.0447207055985927,1.38627922534943,-0.0085657266899943,0.105722822248936,0.657605946063995,-0.745857715606689
0.70244026184082,-0.0447874218225479,1.38628005981445,-0.008628468029201,0.107497990131378,0.656969726085663,-0.746163904666901
0.702566385269165,-0.0448361486196517,1.3862681388855,-0.0085936747491359,0.10743635892868,0.656899988651276,-0.746234595775604
0.702686667442322,-0.0448928475379943,1.38626182079315,-0.0085036978125572,0.107314459979534,0.656836032867432,-0.746309399604797
0.702707886695862,-0.0449114739894866,1.38614082336426,-0.0085120983421802,0.106889061629772,0.656328141689301,-0.746817111968994
0.702833294868469,-0.04489266872406,1.3861346244812,-0.0090377088636159,0.106776639819145,0.655136466026306,-0.747872591018677
0.702954530715942,-0.0449516698718071,1.38613522052765,-0.0090078031644225,0.106762759387493,0.655066549777985,-0.747936189174652
0.703169107437134,-0.0450467839837074,1.38607239723206,-0.0087239537388086,0.106880225241184,0.656584680080414,-0.746590316295624
0.703221678733826,-0.0451987609267234,1.38579273223877,-0.008401078172028,0.106914773583412,0.656662046909332,-0.746521055698395
0.703221678733826,-0.0451987609267234,1.38579273223877,-0.008401078172028,0.106914773583412,0.656662046909332,-0.746521055698395
0.703606069087982,-0.0453935340046882,1.38587069511414,-0.0084998505190014,0.107469633221626,0.656466007232666,-0.746612548828125
0.703726768493652,-0.0454787760972976,1.38585066795349,-0.0083815762773156,0.107507981359959,0.656312584877014,-0.746743381023407
0.703830778598785,-0.0455370470881462,1.38582789897919,-0.0083727268502116,0.107517279684544,0.656193733215332,-0.746846556663513
0.703949451446533,-0.045593574643135,1.38579988479614,-0.0083858221769332,0.107486128807068,0.656067848205566,-0.74696147441864
0.703996956348419,-0.0454952493309974,1.3859601020813,-0.009892881847918,0.109627664089203,0.655581295490265,-0.747058987617493
0.704105377197266,-0.0456457696855068,1.38576912879944,-0.009760845452547,0.109762713313103,0.655718863010406,-0.746920168399811
0.704199612140656,-0.0456030815839767,1.38575208187103,-0.0105946268886327,0.109426841139793,0.65394127368927,-0.748514711856842
0.704289853572845,-0.0456618219614028,1.38571929931641,-0.0105993533506989,0.109502382576466,0.653849124908447,-0.748584032058716
0.704370975494385,-0.045811504125595,1.38569939136505,-0.0098148668184876,0.109705060720444,0.65540599822998,-0.747202396392822
0.704443037509918,-0.0458674654364585,1.38567042350769,-0.0098200552165508,0.109640061855316,0.655274033546448,-0.747327744960785
0.704513311386108,-0.0459319055080413,1.38565135002136,-0.0097950147464871,0.109666593372822,0.655154824256897,-0.74742865562439
0.70447301864624,-0.0460605546832084,1.38557279109955,-0.0081118624657392,0.106613174080849,0.655201494693756,-0.747849524021149
0.704626441001892,-0.0460688285529613,1.38549590110779,-0.0083907144144177,0.106680527329445,0.655004262924194,-0.748009622097015
0.704631388187408,-0.0461601354181766,1.38553071022034,-0.0083141503855586,0.106456600129604,0.654907286167145,-0.748127281665802
0.704849898815155,-0.046233907341957,1.38562142848969,-0.0086395964026451,0.106823101639748,0.654687762260437,-0.748263359069824
0.704910457134247,-0.0462890155613422,1.38560307025909,-0.0086870174854993,0.106806635856628,0.654553592205048,-0.74838262796402
0.704987943172455,-0.0463366732001304,1.38559579849243,-0.0087447771802544,0.106801554560661,0.654345810413361,-0.74856436252594
0.704972207546234,-0.0464280918240547,1.38563644886017,-0.0084916502237319,0.106646202504635,0.654126763343811,-0.748780846595764
0.705137670040131,-0.0464048869907856,1.38559365272522,-0.0089308777824044,0.106746800243854,0.653993964195251,-0.7488774061203
0.705195009708405,-0.0464412942528724,1.38559794425964,-0.0090130753815174,0.106778152287006,0.653867185115814,-0.748982548713684
0.705241978168488,-0.0464568175375461,1.38559865951538,-0.0091114910319447,0.106663793325424,0.653615593910217,-0.74921727180481
0.705287754535675,-0.0464871898293495,1.38558709621429,-0.0091562224552035,0.106681875884533,0.65344512462616,-0.749362826347351
0.705244660377502,-0.0463757812976837,1.3857547044754,-0.010656108148396,0.109043195843697,0.652913510799408,-0.74946653842926
0.705258786678314,-0.0464201718568801,1.38576209545135,-0.0107483426108956,0.109007380902767,0.652670860290527,-0.749681711196899
0.705289781093597,-0.0464134216308593,1.38574743270874,-0.0108296414837241,0.108848683536053,0.652381956577301,-0.749954998493195
0.705300867557526,-0.046435035765171,1.38574886322021,-0.0108138397336006,0.108827114105225,0.652057409286499,-0.750240623950958
0.705307960510254,-0.0464735552668571,1.38574457168579,-0.0108914542943239,0.108744569122791,0.651881277561188,-0.750404477119446
0.705333232879639,-0.0464978031814098,1.38573348522186,-0.010961141437292,0.108757711946964,0.651644289493561,-0.750607252120972
0.705200791358948,-0.0465122051537036,1.38562035560608,-0.0108001474291086,0.108483098447323,0.651458203792572,-0.750810921192169
0.705446422100067,-0.0465822704136371,1.38571381568909,-0.0098746279254555,0.106493674218655,0.6512850522995,-0.751258611679077
0.705434024333954,-0.0466314852237701,1.38569366931915,-0.0098286438733339,0.106593124568462,0.651005268096924,-0.751487553119659
0.705507457256317,-0.0466849952936172,1.38578903675079,-0.0100185452029109,0.106920599937439,0.65073561668396,-0.751671969890594
0.705506324768066,-0.0466981008648872,1.38577270507812,-0.0101351179182529,0.10700449347496,0.650471091270447,-0.751887500286102
0.705504298210144,-0.0467217490077018,1.38576459884644,-0.0102506224066019,0.107133723795414,0.650175034999847,-0.752123534679413
0.705502510070801,-0.0467303991317749,1.3857558965683,-0.0104215340688824,0.107195749878883,0.649847507476807,-0.752395391464233
0.705506443977356,-0.0467349477112293,1.38577079772949,-0.0106302239000797,0.107327282428741,0.64954549074173,-0.752634346485138
0.705391764640808,-0.046813353896141,1.38580858707428,-0.0104808043688535,0.107273913919926,0.649033725261688,-0.753085494041443
0.705398082733154,-0.0468167886137962,1.3858048915863,-0.0106917927041649,0.107430376112461,0.6487056016922,-0.753342866897583
0.70546019077301,-0.0467817932367324,1.38574326038361,-0.0110119534656405,0.107559680938721,0.648310422897339,-0.753660023212433
0.705416262149811,-0.0468402355909347,1.38579654693604,-0.0109467767179012,0.107720524072647,0.648091673851013,-0.753825962543488
0.705353379249573,-0.0468350648880004,1.38567888736725,-0.0110457669943571,0.107669375836849,0.647733986377716,-0.754139304161072
0.705443382263184,-0.0466967746615409,1.38562273979187,-0.0122841605916619,0.107588335871696,0.645632445812225,-0.755931675434113
0.705416798591614,-0.0468536242842674,1.38577306270599,-0.0115943634882569,0.107930317521095,0.646913230419159,-0.754797995090485
0.705465197563171,-0.0466334745287895,1.38577568531036,-0.0126231350004673,0.107770420610905,0.644850492477417,-0.756567299365997
0.705094158649445,-0.0468741357326507,1.38570761680603,-0.0115107782185077,0.107592508196831,0.64435338973999,-0.75703376531601
0.705535709857941,-0.0466337986290454,1.38571488857269,-0.013209025375545,0.108296811580658,0.644288897514343,-0.756960570812225
0.705511868000031,-0.0466339811682701,1.38570463657379,-0.0134176239371299,0.108349554240703,0.643906593322754,-0.757274627685547
0.70547217130661,-0.0467689856886863,1.38571000099182,-0.0135091971606016,0.108677387237549,0.643709480762482,-0.757393538951874
0.705458164215088,-0.0467975065112113,1.38568019866943,-0.013611995615065,0.10882393270731,0.643478393554688,-0.75756698846817
0.705437004566193,-0.0467792078852653,1.38566780090332,-0.0138496607542037,0.108876243233681,0.643222749233246,-0.757772207260132
0.705424964427948,-0.0468095242977142,1.38566672801971,-0.0139543674886226,0.109067529439926,0.643032073974609,-0.757904648780823
0.705416440963745,-0.0468256287276744,1.38566064834595,-0.0141151566058397,0.109221421182156,0.642799615859985,-0.758076667785645
0.705398499965668,-0.0468174815177917,1.38567101955414,-0.0144046088680624,0.109323844313621,0.64247065782547,-0.758335292339325
0.705370783805847,-0.0468291454017162,1.38568115234375,-0.0145166218280792,0.109388336539268,0.642278134822845,-0.758486926555634
0.705374002456665,-0.0469091273844242,1.38569211959839,-0.0141092184931039,0.109749063849449,0.643238186836243,-0.757628321647644
0.705354571342468,-0.0468922778964042,1.38568937778473,-0.0143716121092438,0.109784238040447,0.642891108989716,-0.757912755012512
0.70534473657608,-0.0469106584787368,1.38569951057434,-0.0144926467910408,0.110010363161564,0.64271605014801,-0.758026242256165
0.705303132534027,-0.0469059199094772,1.3857010602951,-0.014781130477786,0.110006377100945,0.64232337474823,-0.758354008197784
0.705289721488953,-0.046921394765377,1.38567888736725,-0.014892004430294,0.110167108476162,0.642182528972626,-0.758447825908661
0.705263376235962,-0.0468662641942501,1.38567984104156,-0.0155154131352901,0.110027216374874,0.640827894210815,-0.759600579738617
0.705251038074493,-0.0468641147017478,1.38566398620605,-0.0157581865787506,0.110140919685364,0.640572905540466,-0.759794116020203
0.705153226852417,-0.046816699206829,1.3856782913208,-0.0171857848763465,0.112547911703586,0.640229880809784,-0.759699523448944
0.705134510993958,-0.046904407441616,1.38550198078156,-0.0172248631715774,0.11270097643137,0.640224277973175,-0.75968074798584
0.705119550228119,-0.0469080731272697,1.3854992389679,-0.0173118393868207,0.112821914255619,0.640043497085571,-0.759813070297241
0.705080926418304,-0.0469115078449249,1.38550102710724,-0.0175725799053907,0.112910747528076,0.639824032783508,-0.759978711605072
0.705044686794281,-0.047026053071022,1.38549935817719,-0.0168931633234024,0.113294407725334,0.641360700130463,-0.758640646934509
0.70502382516861,-0.0470330864191055,1.3854968547821,-0.0171074606478214,0.113414831459522,0.641172349452972,-0.758777022361755
0.705001294612885,-0.0470634587109088,1.38548398017883,-0.0171227101236581,0.113539688289165,0.640975296497345,-0.758924424648285
0.704993844032288,-0.0469834245741367,1.38565933704376,-0.0173820182681083,0.113532520830631,0.640578985214233,-0.759254097938538
0.704979777336121,-0.0469782315194606,1.38566625118256,-0.0176195483654737,0.113558135926723,0.640333294868469,-0.759452044963837
0.704963862895966,-0.0469834432005882,1.38567137718201,-0.0177043341100215,0.113673947751522,0.640173673629761,-0.759567379951477
0.704965829849243,-0.0469729676842689,1.38568115234375,-0.0178467836230993,0.113758660852909,0.63992315530777,-0.759762406349182
0.704939723014832,-0.0469764769077301,1.38567554950714,-0.0179556384682655,0.113835945725441,0.639599978923798,-0.76002025604248
0.704937338829041,-0.0469911582767963,1.38566780090332,-0.0180063527077436,0.113995015621185,0.63935798406601,-0.760198891162872
0.704960107803345,-0.0470143556594848,1.38565587997437,-0.0176726505160331,0.113073743879795,0.639118552207947,-0.760545492172241
0.704960107803345,-0.0470143556594848,1.38565587997437,-0.0176726505160331,0.113073743879795,0.639118552207947,-0.760545492172241
0.704953849315643,-0.0470276474952697,1.38563227653503,-0.0178292095661163,0.113329388201237,0.638634502887726,-0.760910391807556
0.70496141910553,-0.0470278263092041,1.3856338262558,-0.0179081801325082,0.113303266465664,0.638364732265472,-0.761138737201691
0.704954147338867,-0.0470679774880409,1.38568866252899,-0.0179082676768302,0.113373294472694,0.638104856014252,-0.761346161365509
0.704982578754425,-0.0469666048884391,1.38567543029785,-0.018803633749485,0.113097965717316,0.63613760471344,-0.763009965419769
0.704988837242126,-0.0469718873500824,1.38566708564758,-0.0188670102506876,0.113154344260693,0.635947346687317,-0.763158679008484
0.704988837242126,-0.0469718873500824,1.38566708564758,-0.0188670102506876,0.113154344260693,0.635947346687317,-0.763158679008484
0.705019652843475,-0.0470535159111022,1.38551247119904,-0.0189280733466148,0.113377623260021,0.635604202747345,-0.763409912586212
0.705128490924835,-0.0469387471675872,1.38559556007385,-0.0193807575851678,0.11341318488121,0.635303735733032,-0.763643324375153
0.705133616924286,-0.0469380430877208,1.38561904430389,-0.0194637067615985,0.113376945257187,0.635058760643005,-0.763850331306458
0.705123424530029,-0.047015942633152,1.38546824455261,-0.019335014745593,0.113459900021553,0.635031521320343,-0.763863861560822
0.70511132478714,-0.0470804572105407,1.38558745384216,-0.0184959135949611,0.113780401647091,0.636542737483978,-0.762578129768372
0.705130696296692,-0.046967539936304,1.38558435440063,-0.0194600652903318,0.11333891004324,0.634524464607239,-0.764299929141998
0.70511269569397,-0.0470960587263107,1.38557028770447,-0.0185505896806716,0.113754361867905,0.636211931705475,-0.762856662273407
0.70505964756012,-0.0470724068582057,1.3857786655426,-0.0185276828706264,0.113562032580376,0.635965883731842,-0.763090968132019
0.70505565404892,-0.0470773577690124,1.38577127456665,-0.0185386557132005,0.113498464226723,0.635810732841492,-0.763229489326477
0.705047965049744,-0.0471084266901016,1.38575232028961,-0.0184766389429569,0.113501451909542,0.635714650154114,-0.763310551643372
0.705103814601898,-0.0472438223659992,1.38535416126251,-0.0183659847825765,0.113756164908409,0.635783076286316,-0.763218224048615
0.705046236515045,-0.0471332296729087,1.38574385643005,-0.0184798091650009,0.11337948590517,0.635360300540924,-0.763623535633087
0.705053985118866,-0.0470493510365486,1.38573968410492,-0.0193142555654048,0.112958915531635,0.633441805839539,-0.765257298946381
0.705028593540192,-0.0470582880079746,1.38573920726776,-0.0196349676698446,0.113917499780655,0.633328497409821,-0.765200972557068
0.705014646053314,-0.0470909252762794,1.38572406768799,-0.0195916835218668,0.113889619708061,0.633232235908508,-0.765285849571228
0.705011487007141,-0.0471242144703865,1.38572013378143,-0.0195622127503156,0.113894820213318,0.633136034011841,-0.765365362167358
0.704997956752777,-0.0472645126283168,1.38572239875793,-0.0187213234603405,0.114288710057735,0.634806394577026,-0.763942718505859
0.704854071140289,-0.0473876446485519,1.38577306270599,-0.0181739423424005,0.114103332161903,0.634673297405243,-0.764094233512878
0.704854071140289,-0.0473876446485519,1.38577306270599,-0.0181739423424005,0.114103332161903,0.634673297405243,-0.764094233512878
0.704875230789185,-0.047455184161663,1.3857843875885,-0.0181273706257343,0.114200040698051,0.63451886177063,-0.764209151268005
0.704911708831787,-0.0473652109503746,1.38573217391968,-0.0189896970987319,0.113870210945606,0.632734894752502,-0.765715003013611
0.704882144927979,-0.0474992841482162,1.38579201698303,-0.0181145891547203,0.114156939089298,0.634404540061951,-0.764310777187347
0.704889535903931,-0.0474171079695224,1.38578593730927,-0.0189304538071155,0.113725379109383,0.632664680480957,-0.765796065330505
0.704893589019775,-0.0474491640925407,1.38578200340271,-0.0189029928296804,0.113771416246891,0.632617712020874,-0.765828728675842
0.704912006855011,-0.0474706515669822,1.38578140735626,-0.0189419984817504,0.113777361810207,0.632584571838379,-0.765854299068451
0.704919219017029,-0.0474904924631118,1.38577246665955,-0.0189574193209409,0.113750763237476,0.632545411586761,-0.765890181064606
0.704873740673065,-0.0475571490824222,1.38582909107208,-0.0187715180218219,0.113676577806473,0.63261479139328,-0.765848577022552
0.704947531223297,-0.0475212410092353,1.38575792312622,-0.0189556013792753,0.113681197166443,0.632500648498535,-0.765937447547913
0.704963147640228,-0.0475341454148292,1.38574695587158,-0.0190046615898609,0.113638430833817,0.632449269294739,-0.765985071659088
0.704980552196503,-0.0475553423166275,1.38573861122131,-0.0190210081636905,0.113647103309631,0.632405757904053,-0.7660191655159
0.705077171325684,-0.0476773120462894,1.3857284784317,-0.0172478947788476,0.111350066959858,0.633641421794891,-0.765377223491669
0.705041825771332,-0.0477600693702697,1.38577485084534,-0.017064169049263,0.111290007829666,0.633706748485565,-0.765335977077484
0.705133378505707,-0.0477340966463089,1.38570559024811,-0.0172089785337448,0.11138729006052,0.633608996868134,-0.765399515628815
0.705238521099091,-0.0477441251277923,1.38570618629456,-0.0173853076994419,0.111466869711876,0.633718848228455,-0.765292942523956
0.705278337001801,-0.0477636381983757,1.38571310043335,-0.0174145065248012,0.111485034227371,0.633667647838593,-0.765332043170929
0.705195248126984,-0.0478679165244102,1.38574492931366,-0.0169965885579586,0.111433431506157,0.633655965328217,-0.765358686447144
0.70522928237915,-0.0478897653520107,1.38575768470764,-0.0169858317822217,0.111411444842815,0.633617699146271,-0.765393853187561
0.705271542072296,-0.0479199215769767,1.38574922084808,-0.0168975610285997,0.111525699496269,0.633784830570221,-0.765240669250488
0.705271542072296,-0.0479199215769767,1.38574922084808,-0.0168975610285997,0.111525699496269,0.633784830570221,-0.765240669250488
0.705332815647125,-0.0479705445468425,1.38571298122406,-0.0168077386915683,0.11153706908226,0.63386732339859,-0.765172719955444
0.705473363399506,-0.0479119718074798,1.38565266132355,-0.0171360801905393,0.111565932631493,0.633934378623962,-0.765105724334717
0.705622613430023,-0.0479179918766021,1.38535451889038,-0.0172631926834583,0.11183113604784,0.633981823921204,-0.765024781227112
0.705624759197235,-0.0479977540671825,1.3853462934494,-0.0169879756867885,0.111984990537167,0.634624719619751,-0.764475047588348
0.705653488636017,-0.0479648560285568,1.38534152507782,-0.0171913616359233,0.11169745773077,0.634112536907196,-0.76493763923645
0.705668747425079,-0.0480507165193557,1.38532471656799,-0.0168802812695503,0.112032033503056,0.634807646274567,-0.764318704605103
0.705698192119598,-0.0480697825551033,1.3853223323822,-0.0168364569544792,0.111962802708149,0.634886682033539,-0.764264285564423
0.705707788467407,-0.0481002777814865,1.38531601428986,-0.0167315155267715,0.111905783414841,0.634998857975006,-0.764181673526764
0.705596327781677,-0.048122763633728,1.38537192344666,-0.0176841579377651,0.114213816821575,0.635086417198181,-0.763745963573456
0.705651462078094,-0.0480418168008327,1.38536846637726,-0.0175756700336933,0.114205956459045,0.63525778055191,-0.76360696554184
0.705717802047729,-0.048157375305891,1.38533306121826,-0.0161074623465538,0.11181204020977,0.63530158996582,-0.763957262039185
0.705741405487061,-0.0481875017285347,1.3853245973587,-0.0159895122051239,0.111790828406811,0.635422825813293,-0.763861954212189
