x,y,z,q0,q1,q2,q3
0.582181811332703,-0.0292574204504489,1.41839361190796,-0.211764931678772,0.19996502995491,0.772943615913391,-0.563673436641693
0.582105755805969,-0.0291397795081138,1.41835081577301,-0.212936013936996,0.198350623250008,0.771759629249573,-0.565422415733337
0.582416713237762,-0.0296226851642131,1.41829597949982,-0.211472794413567,0.199888169765472,0.773302018642426,-0.563318729400635
0.582525610923767,-0.0298497565090656,1.41840612888336,-0.211610943078995,0.200123235583305,0.773279249668121,-0.563214719295502
0.582648634910583,-0.0300930868834257,1.41844844818115,-0.211470916867256,0.200243338942528,0.773356378078461,-0.563118636608124
0.582825899124146,-0.0304263271391391,1.41855466365814,-0.211491331458092,0.200606435537338,0.773093163967133,-0.563343226909637
0.582992672920227,-0.0306598953902721,1.41843342781067,-0.211264535784721,0.200396984815598,0.773101687431335,-0.563491106033325
0.583097696304321,-0.0309139620512723,1.41848242282867,-0.211325973272324,0.200350180268288,0.772902250289917,-0.563758194446564
0.58316832780838,-0.0312378071248531,1.41844213008881,-0.210873067378998,0.200205028057098,0.77287346124649,-0.564018666744232
0.58318704366684,-0.0312258210033178,1.41850030422211,-0.212219908833504,0.198620796203613,0.771367847919464,-0.566130876541138
0.583476185798645,-0.0319477841258049,1.41865861415863,-0.210863620042801,0.20046466588974,0.772435188293457,-0.564530253410339
0.58360493183136,-0.0322476588189601,1.41867256164551,-0.210905596613884,0.200227051973343,0.772311627864838,-0.564767837524414
0.583689451217651,-0.0326192639768123,1.41867387294769,-0.210480183362961,0.200186043977737,0.772399187088013,-0.564821362495422
0.583730936050415,-0.0329916328191757,1.41858398914337,-0.210035651922226,0.199840024113655,0.772616386413574,-0.564812421798706
0.583767652511597,-0.0333322063088417,1.41857028007507,-0.209836855530739,0.199507966637611,0.772540926933289,-0.565106749534607
0.583942770957947,-0.0337036028504371,1.41860139369965,-0.210018113255501,0.199355617165565,0.772302329540253,-0.565419256687164
0.583855807781219,-0.0337604694068431,1.41856157779694,-0.2113376557827,0.197407588362694,0.77055811882019,-0.567984938621521
0.584098517894745,-0.0344478376209735,1.41860151290894,-0.209815621376038,0.198916986584663,0.77184122800827,-0.566277861595154
0.584211468696594,-0.0348674282431602,1.41856288909912,-0.209704771637917,0.198667943477631,0.771740674972534,-0.566543281078339
0.584419012069702,-0.0352771990001201,1.41873037815094,-0.210167840123176,0.198829919099808,0.771371483802795,-0.566817462444305
0.584552049636841,-0.0355964042246341,1.4187273979187,-0.210761085152626,0.198541522026062,0.770811021327972,-0.567460536956787
0.584607362747192,-0.0359343700110912,1.41873586177826,-0.210905835032463,0.198221981525421,0.770766854286194,-0.567578494548798
0.584662973880768,-0.0362906008958816,1.41866409778595,-0.210854634642601,0.19794550538063,0.770716190338135,-0.567762732505798
0.58473140001297,-0.0367311388254165,1.41868901252747,-0.210827484726906,0.197957694530487,0.770642459392548,-0.567868709564209
0.584748029708862,-0.0367848463356494,1.41856634616852,-0.212576761841774,0.195958912372589,0.768943250179291,-0.570208489894867
0.585009753704071,-0.0374427512288093,1.41856646537781,-0.211335524916649,0.197450429201126,0.770404696464539,-0.568178951740265
0.585074186325073,-0.0377854108810424,1.41853594779968,-0.211583763360977,0.197120204567909,0.770331621170044,-0.568300187587738
0.585133790969849,-0.038128986954689,1.41850018501282,-0.212064191699028,0.196541339159012,0.770127534866333,-0.568598210811615
0.585392892360687,-0.0385025329887867,1.41854298114777,-0.212801486253738,0.196703538298607,0.769903719425201,-0.568569779396057
0.58552610874176,-0.0388081967830657,1.41851711273193,-0.213380470871925,0.196627572178841,0.769607365131378,-0.568780243396759
0.585609793663025,-0.0391280017793178,1.41841566562653,-0.213607743382454,0.19647678732872,0.769434094429016,-0.568981409072876
0.585782766342163,-0.0394734814763069,1.41843974590302,-0.213884308934212,0.196679636836052,0.769350469112396,-0.568920612335205
0.585791051387787,-0.0395807325839996,1.41841542720795,-0.215623423457146,0.195096954703331,0.767861247062683,-0.570817649364471
0.585791051387787,-0.0395807325839996,1.41841542720795,-0.215623423457146,0.195096954703331,0.767861247062683,-0.570817649364471
0.586064994335175,-0.0401781685650348,1.41841506958008,-0.216356500983238,0.195105612277985,0.768254935741425,-0.570007145404816
0.586404800415039,-0.0407346040010452,1.41840147972107,-0.21545983850956,0.196566179394722,0.769840836524963,-0.567700564861298
0.586452722549438,-0.0408075600862503,1.41857063770294,-0.217576593160629,0.195007592439651,0.768467485904694,-0.569289267063141
0.58662611246109,-0.0411440916359424,1.418461561203,-0.217796862125397,0.19487065076828,0.768730044364929,-0.568897247314453
0.58662611246109,-0.0411440916359424,1.418461561203,-0.217796862125397,0.19487065076828,0.768730044364929,-0.568897247314453
0.587200224399567,-0.042014293372631,1.41856956481934,-0.217246383428574,0.196649864315987,0.770209789276123,-0.566488981246948
0.587314128875732,-0.0420068204402923,1.41848886013031,-0.218632906675339,0.195032432675362,0.768976449966431,-0.568187654018402
0.587505519390106,-0.0423671379685401,1.41859519481659,-0.218764930963516,0.19525334239006,0.769066631793976,-0.56793886423111
0.587666928768158,-0.0426062531769275,1.41863620281219,-0.218971356749535,0.195105865597725,0.768936216831207,-0.568086683750153
0.587818562984467,-0.0428644716739654,1.41854667663574,-0.218613415956497,0.194734796881676,0.769286513328552,-0.567877471446991
0.58823823928833,-0.0434650145471096,1.41856670379639,-0.217025399208069,0.196225881576538,0.77126282453537,-0.565286695957184
0.588505685329437,-0.0437385141849517,1.41860818862915,-0.217123001813888,0.196015149354935,0.771524250507355,-0.564965665340424
0.588674426078796,-0.0440365821123123,1.41872596740723,-0.216898813843727,0.195948049426079,0.771837174892426,-0.564647376537323
0.588727951049805,-0.0438894741237163,1.41862905025482,-0.218275040388107,0.193808063864708,0.7706019282341,-0.566539525985718
0.589148581027985,-0.0444671213626861,1.41869831085205,-0.216914430260658,0.195591241121292,0.772079229354858,-0.564434170722961
0.589423775672913,-0.0447904169559478,1.41876626014709,-0.216768383979797,0.195777878165245,0.772336602210999,-0.564073324203491
0.589596211910248,-0.0450112149119377,1.41876435279846,-0.21654449403286,0.195550575852394,0.77251935005188,-0.563987851142883
0.589639842510223,-0.0449537523090839,1.41876029968262,-0.217731446027756,0.193812280893326,0.771297872066498,-0.565799951553345
0.589795887470245,-0.0452023074030876,1.41882121562958,-0.217434078454971,0.193778499960899,0.771695017814636,-0.565384089946747
0.589887678623199,-0.0455116555094718,1.41888308525085,-0.216893523931503,0.193715006113052,0.772229433059692,-0.564883589744568
0.590321660041809,-0.046043511480093,1.41888129711151,-0.215603694319725,0.195165872573853,0.773905277252197,-0.562579810619354
0.590375065803528,-0.0459487326443195,1.41884231567383,-0.216565907001495,0.193435505032539,0.773174285888672,-0.563811600208282
0.590544998645782,-0.0461565367877483,1.41886115074158,-0.216423243284225,0.193400710821152,0.773572504520416,-0.56333190202713
0.590632200241089,-0.0464040786027908,1.41883265972137,-0.21592989563942,0.193295940756798,0.774017095565796,-0.562946319580078
0.590743899345398,-0.0466728769242763,1.41879177093506,-0.215561866760254,0.19335164129734,0.774409115314484,-0.56252908706665
0.591085255146027,-0.0472594685852527,1.41884255409241,-0.214183926582336,0.195170164108276,0.775968134403229,-0.560274243354797
0.591227173805237,-0.0474945344030857,1.41890227794647,-0.214063987135887,0.195074766874313,0.77669358253479,-0.559347331523895
0.591160476207733,-0.0473056100308895,1.4188539981842,-0.215452253818512,0.193373516201973,0.775688648223877,-0.560797810554504
0.591304242610931,-0.047579538077116,1.4188529253006,-0.21527473628521,0.193487167358398,0.776131689548492,-0.560213506221771
0.591354310512543,-0.0477378331124782,1.41872727870941,-0.215197890996933,0.193377912044525,0.776534914970398,-0.559721708297729
0.591439485549927,-0.0479538477957248,1.41869282722473,-0.215231716632843,0.193597167730331,0.776931703090668,-0.559081971645355
0.591584742069244,-0.0481461584568023,1.41873741149902,-0.21564607322216,0.193876102566719,0.777117609977722,-0.558566808700562
0.591620445251465,-0.0483463332056999,1.41869294643402,-0.21568039059639,0.19415694475174,0.777364313602448,-0.558112680912018
0.591676831245422,-0.0485269054770469,1.41866290569305,-0.215856105089188,0.19451878964901,0.777653932571411,-0.557515025138855
0.591810584068298,-0.0490626022219657,1.4186133146286,-0.214260637760162,0.196622163057327,0.779391169548035,-0.554961025714874
0.591780483722687,-0.0492756217718124,1.41853380203247,-0.214031457901001,0.1971265822649,0.779635071754456,-0.554527640342712
0.59174370765686,-0.049435906112194,1.41848695278168,-0.214219138026237,0.197474971413612,0.779946029186249,-0.553893506526947
0.591740965843201,-0.0496668890118598,1.41846227645874,-0.21427483856678,0.198000892996788,0.780310273170471,-0.553170740604401
0.591593325138092,-0.0497642457485199,1.4182938337326,-0.214168980717659,0.198090374469757,0.780742347240448,-0.55256974697113
0.591515839099884,-0.0498681887984275,1.41819787025452,-0.214465633034706,0.19848021864891,0.780895113945007,-0.55209869146347
0.591232120990753,-0.0496615096926689,1.41810500621796,-0.216140031814575,0.197051927447319,0.779454529285431,-0.553989827632904
0.591304063796997,-0.0501779206097126,1.41807746887207,-0.214596822857857,0.199545189738274,0.781400799751282,-0.550947070121765
0.591222286224365,-0.0502515882253646,1.4180566072464,-0.215271607041359,0.200109884142876,0.781367421150208,-0.550526320934296
0.591097593307495,-0.0503614246845245,1.41795921325684,-0.215544119477272,0.200643584132194,0.781548678874969,-0.54996782541275
0.590902864933014,-0.0504934750497341,1.41785907745361,-0.215483769774437,0.201189547777176,0.781918466091156,-0.549265921115875
0.590719878673553,-0.0505775436758995,1.41781842708588,-0.216066673398018,0.201802343130112,0.782102525234222,-0.548549592494965
0.590331196784973,-0.0503567531704902,1.41779172420502,-0.217676922678947,0.200899675488472,0.781014263629913,-0.549793422222137
0.590162038803101,-0.0503771565854549,1.41771292686462,-0.218350067734718,0.201563775539398,0.780993521213531,-0.549312770366669
0.589975714683533,-0.050393171608448,1.41773891448975,-0.219087556004524,0.202458322048187,0.780467927455902,-0.54943710565567
0.589780867099762,-0.0503487735986709,1.41758859157562,-0.219777300953865,0.202730178833008,0.780708074569702,-0.548719823360443
0.58951073884964,-0.0503822565078735,1.41750609874725,-0.220080479979515,0.203413426876068,0.780725061893463,-0.548321008682251
0.589216113090515,-0.0504234954714775,1.41745138168335,-0.220174908638,0.204276949167252,0.780986368656158,-0.547589600086212
0.588954210281372,-0.0504668802022933,1.41737723350525,-0.220642238855362,0.20506626367569,0.781172096729279,-0.546841084957123
0.5886390209198,-0.0505564212799072,1.41729593276978,-0.220884039998055,0.205936789512634,0.78133100271225,-0.546188771724701
0.58842658996582,-0.0504588782787323,1.41724181175232,-0.221841707825661,0.206645920872688,0.781810164451599,-0.544845461845398
0.588168740272522,-0.0504566431045532,1.41721034049988,-0.222288325428963,0.207552701234818,0.782168507575989,-0.543803453445435
0.587996184825897,-0.0508425943553447,1.41718029975891,-0.220868498086929,0.210462242364883,0.784018099308014,-0.540590822696686
0.587996184825897,-0.0508425943553447,1.41718029975891,-0.220868498086929,0.210462242364883,0.784018099308014,-0.540590822696686
0.587278306484222,-0.0503929406404495,1.4170093536377,-0.223253354430199,0.21049676835537,0.78313148021698,-0.540882706642151
0.587077856063843,-0.0506526343524456,1.41696858406067,-0.222157523036003,0.213397055864334,0.784530401229858,-0.538163363933563
0.587077856063843,-0.0506526343524456,1.41696858406067,-0.222157523036003,0.213397055864334,0.784530401229858,-0.538163363933563
0.586276054382324,-0.0501794628798961,1.41679155826569,-0.224665865302086,0.213504284620285,0.78332656621933,-0.53883284330368
0.586132109165192,-0.0504558160901069,1.41673624515533,-0.223766103386879,0.216490149497986,0.784915804862976,-0.535694003105164
0.585736572742462,-0.0501232109963893,1.41668725013733,-0.225768387317657,0.215941593050957,0.784325480461121,-0.535939753055573
0.585410237312317,-0.0500598400831222,1.41673922538757,-0.226248130202293,0.217518150806427,0.784777164459229,-0.534436583518982
0.585100173950195,-0.0499962642788887,1.41669511795044,-0.226833626627922,0.219138637185097,0.784950077533722,-0.533271253108978
0.584804356098175,-0.0498958304524421,1.41665101051331,-0.227524399757385,0.220513090491295,0.785243988037109,-0.531976044178009
0.584487318992615,-0.0500432103872299,1.41651844978333,-0.22639562189579,0.223461285233498,0.786992728710175,-0.528632581233978
0.58422315120697,-0.0499501302838325,1.41648948192596,-0.227307066321373,0.225199148058891,0.786905825138092,-0.527632653713226
0.583821296691895,-0.0494461432099342,1.41610407829285,-0.229571536183357,0.223977461457253,0.785892844200134,-0.528680860996246
0.583419501781464,-0.0491719841957092,1.41600835323334,-0.230421468615532,0.225031957030296,0.786065101623535,-0.527606010437012
0.583046793937683,-0.0490474328398704,1.4158821105957,-0.230777993798256,0.226318001747131,0.786836087703705,-0.525747776031494
0.582542538642883,-0.0490001291036605,1.41570353507996,-0.230817124247551,0.227538704872131,0.787459135055542,-0.524268686771393
0.582389175891876,-0.0486460365355014,1.41598522663116,-0.232034921646118,0.22895935177803,0.787570595741272,-0.522943675518036
0.582155585289001,-0.0489016473293304,1.41605985164642,-0.230300843715668,0.232483819127083,0.789608776569366,-0.519067287445068
0.581815004348755,-0.0484355986118316,1.4160236120224,-0.232733637094498,0.231586322188377,0.788622379302979,-0.519882261753082
0.581565678119659,-0.0481970831751823,1.41590368747711,-0.233463734388351,0.232461363077164,0.788445889949799,-0.519431948661804
0.581226348876953,-0.0480158850550651,1.41594064235687,-0.233871400356293,0.233703508973122,0.788468718528748,-0.518655955791473
0.580918490886688,-0.0477248318493366,1.41590893268585,-0.234780475497246,0.234677851200104,0.788089036941528,-0.51838231086731
0.580616652965546,-0.047411810606718,1.41585278511047,-0.234961733222008,0.235362112522125,0.788766086101532,-0.516958117485046
0.580284059047699,-0.047166883945465,1.41580927371979,-0.235221743583679,0.235849604010582,0.789085626602173,-0.516129493713379
0.580175340175629,-0.0474603101611137,1.41584253311157,-0.233361288905144,0.238971084356308,0.790656745433807,-0.51312518119812
0.579967796802521,-0.0472864955663681,1.41578006744385,-0.232999801635742,0.239746078848839,0.790979087352753,-0.512430369853973
0.579494297504425,-0.04661450907588,1.41565442085266,-0.234789147973061,0.237641334533691,0.78987717628479,-0.514290511608124
0.579318821430206,-0.0465120822191238,1.41562104225159,-0.233409360051155,0.240084588527679,0.791100144386292,-0.511898458003998
0.578960359096527,-0.0462981387972831,1.41557049751282,-0.232976689934731,0.240314483642578,0.791677117347717,-0.51109516620636
0.578755855560303,-0.045947179198265,1.41562485694885,-0.233250647783279,0.240737542510033,0.791749835014343,-0.510658204555511
0.578383147716522,-0.0452135503292083,1.41557049751282,-0.235417515039444,0.23889234662056,0.790310740470886,-0.512755274772644
0.578111290931702,-0.0453014746308326,1.4154634475708,-0.232970774173736,0.241312250494957,0.791858553886414,-0.510346055030823
0.577899694442749,-0.0451406687498092,1.41571390628815,-0.232995882630348,0.242542609572411,0.791650593280792,-0.510073840618134
0.577506124973297,-0.0443357676267623,1.41562974452972,-0.235152393579483,0.240513429045677,0.790303707122803,-0.512129604816437
0.577320337295532,-0.0437812767922878,1.41554176807404,-0.235893741250038,0.240364328026771,0.790063440799713,-0.512229382991791
0.577025949954987,-0.0438472852110862,1.41560161113739,-0.233593985438347,0.243140920996666,0.791513741016388,-0.509727776050568
0.576792001724243,-0.0436016991734504,1.41558933258057,-0.233327984809875,0.243681624531746,0.79151839017868,-0.509584188461304
0.576445579528809,-0.0427289977669715,1.41519618034363,-0.235384374856949,0.241206452250481,0.790115773677826,-0.511987090110779
0.57614541053772,-0.0423928834497928,1.41528797149658,-0.235575675964355,0.241993278264999,0.789892017841339,-0.511872947216034
0.575911641120911,-0.0419809892773628,1.41527378559113,-0.235866025090218,0.242543712258339,0.789749979972839,-0.511698007583618
0.575621426105499,-0.0414418168365955,1.41520166397095,-0.23646192252636,0.242912352085113,0.789329886436462,-0.511896193027496
0.575448632240295,-0.041437491774559,1.41525590419769,-0.234982997179031,0.245593175292015,0.790297746658325,-0.509800553321838
0.57517397403717,-0.0411236733198165,1.4155513048172,-0.235095903277397,0.246914327144623,0.790135502815247,-0.509361445903778
0.574609398841858,-0.0401439368724823,1.41533875465393,-0.23712332546711,0.245181769132614,0.788176596164703,-0.512285113334656
0.574505090713501,-0.0400834903120994,1.41529440879822,-0.235334724187851,0.248049959540367,0.789560377597809,-0.509591221809387
0.57431972026825,-0.0397084355354309,1.41528809070587,-0.235405787825584,0.248752430081367,0.789707779884338,-0.508987188339233
0.573859810829163,-0.0388042740523815,1.41521728038788,-0.237410083413124,0.246993437409401,0.788143694400787,-0.511331796646118
0.573764622211456,-0.0386940240859985,1.41502630710602,-0.235644444823265,0.24954716861248,0.789489030838013,-0.508827209472656
0.573368906974792,-0.0378010086715221,1.41502273082733,-0.237643986940384,0.248073354363441,0.788102507591248,-0.510763645172119
0.573047161102295,-0.0372851863503456,1.41489624977112,-0.237431883811951,0.248289465904236,0.788359880447388,-0.510359764099121
0.572837352752686,-0.0369340106844902,1.41494846343994,-0.237166807055473,0.249235436320305,0.788408279418945,-0.509947061538696
0.572707891464233,-0.0368181318044662,1.41474974155426,-0.235183343291283,0.251348674297333,0.78959447145462,-0.507989346981049
0.572390735149384,-0.0362394601106643,1.41469371318817,-0.235489845275879,0.251671850681305,0.789379358291626,-0.508021771907806
0.57195371389389,-0.0354776866734027,1.41469395160675,-0.23664017021656,0.250147402286529,0.788321077823639,-0.509880065917969
0.571597456932068,-0.0349064581096172,1.4146431684494,-0.236236318945885,0.250342696905136,0.788561642169952,-0.509599387645721
0.571280300617218,-0.0345080904662609,1.41467189788818,-0.235640034079552,0.250990003347397,0.788925290107727,-0.508993744850159
0.570969462394714,-0.0340236499905586,1.41460788249969,-0.236343026161194,0.251220792531967,0.789760172367096,-0.507256388664246
0.57061243057251,-0.0335223414003849,1.41449558734894,-0.235694110393524,0.251343250274658,0.789971947669983,-0.507167875766754
0.57061243057251,-0.0335223414003849,1.41449558734894,-0.235694110393524,0.251343250274658,0.789971947669983,-0.507167875766754
0.570418834686279,-0.0331287272274494,1.41473758220673,-0.233610540628433,0.255441188812256,0.791084468364716,-0.504342377185822
0.570128798484802,-0.0324723199009895,1.4146454334259,-0.233927592635155,0.255398452281952,0.79082590341568,-0.504622578620911
0.569770038127899,-0.0314151458442211,1.41446840763092,-0.235538214445114,0.253119081258774,0.789714753627777,-0.506757497787476
0.569602727890015,-0.0308557618409395,1.41439485549927,-0.234623655676842,0.253461390733719,0.788476049900055,-0.508934736251831
0.569560706615448,-0.031078627333045,1.41461873054504,-0.231962963938713,0.257124751806259,0.789898097515106,-0.506103813648224
0.569263339042664,-0.0299323722720146,1.41459274291992,-0.234951689839363,0.254840403795242,0.787989616394043,-0.508848249912262
0.569104433059692,-0.0294339153915643,1.41442978382111,-0.234514832496643,0.254951685667038,0.787837624549866,-0.509229302406311
0.568972051143646,-0.0293854195624589,1.41447472572327,-0.232223972678185,0.257916986942291,0.788997292518616,-0.506985306739807
0.568714022636414,-0.0286895632743835,1.41440343856812,-0.23292626440525,0.257819771766663,0.78809779882431,-0.508110463619232
0.568346560001373,-0.0277173016220331,1.41420161724091,-0.234733998775482,0.256028145551682,0.786047637462616,-0.511349856853485
0.568153262138367,-0.0276858806610107,1.41413629055023,-0.232307061553001,0.258438050746918,0.787420034408569,-0.509129464626312
0.567868173122406,-0.0267298799008131,1.41408967971802,-0.234406724572182,0.256838530302048,0.785805940628052,-0.511465132236481
0.567776024341583,-0.026624945923686,1.41413354873657,-0.232746988534927,0.259431451559067,0.786682307720184,-0.509563624858856
0.567460179328918,-0.0261580534279346,1.41377973556519,-0.23215925693512,0.259210109710693,0.786668360233307,-0.509965717792511
0.567329466342926,-0.0258930847048759,1.41382050514221,-0.231517091393471,0.260655522346497,0.786315441131592,-0.510065197944641
0.567198038101196,-0.0253045912832021,1.41391670703888,-0.232215970754623,0.261374533176422,0.785668551921844,-0.510376453399658
0.567092835903168,-0.0249244626611471,1.41383826732635,-0.231914609670639,0.262063890695572,0.785500347614288,-0.510419011116028
0.566935181617737,-0.0245355945080518,1.4140282869339,-0.232014924287796,0.263076305389404,0.785205185413361,-0.510306715965271
0.566774427890778,-0.0239079520106315,1.41395103931427,-0.232360705733299,0.263489991426468,0.784688651561737,-0.510730266571045
0.56662905216217,-0.0234154518693685,1.41390371322632,-0.232350930571556,0.263766914606094,0.784488439559937,-0.510899186134338
0.566369771957397,-0.0227000303566455,1.41380441188812,-0.233530163764954,0.262247651815414,0.78344464302063,-0.512741982936859
0.566296756267548,-0.0226355157792568,1.41377115249634,-0.231656223535538,0.264693468809128,0.784526348114014,-0.51067727804184
0.566178798675537,-0.0220825895667076,1.41362643241882,-0.231706827878952,0.264887899160385,0.784584045410156,-0.510464668273926
0.56599360704422,-0.0212735850363969,1.41353499889374,-0.23371547460556,0.263074100017548,0.783174633979797,-0.512646734714508
0.565753519535065,-0.0208062883466482,1.41341614723206,-0.233510494232178,0.262864798307419,0.783427536487579,-0.512460827827454
0.565753519535065,-0.0208062883466482,1.41341614723206,-0.233510494232178,0.262864798307419,0.783427536487579,-0.512460827827454
0.565510272979736,-0.0201238151639699,1.4133665561676,-0.233131065964699,0.263572037220001,0.783668041229248,-0.511902451515198
0.565538108348846,-0.0202090702950954,1.41341495513916,-0.231087863445282,0.266450941562653,0.784690856933594,-0.509767353534698
0.56527316570282,-0.0193100068718194,1.41324782371521,-0.233144521713257,0.264051914215088,0.783221006393433,-0.5123330950737
0.565240621566772,-0.0194608513265848,1.41329979896545,-0.230594575405121,0.26672837138176,0.784684419631958,-0.509855389595032
0.5651815533638,-0.0192712265998125,1.41336214542389,-0.23025332391262,0.267195075750351,0.784697651863098,-0.509744882583618
0.564712405204773,-0.0186244994401931,1.41320192813873,-0.23200199007988,0.26467177271843,0.784777820110321,-0.510144829750061
0.564624190330505,-0.0181354116648435,1.41310548782349,-0.232431158423424,0.264489829540253,0.78444230556488,-0.510559618473053
0.564849674701691,-0.0176194757223129,1.41314196586609,-0.232349157333374,0.264711648225784,0.782998859882355,-0.512693524360657
0.564743995666504,-0.017373252660036,1.41319704055786,-0.232921570539474,0.264908254146576,0.784025490283966,-0.510759472846985
0.564823627471924,-0.0171498600393533,1.41322445869446,-0.231763184070587,0.265308916568756,0.783067941665649,-0.512544274330139
0.564758241176605,-0.0168224535882473,1.41319417953491,-0.231641545891762,0.265265464782715,0.783056020736694,-0.512639880180359
0.564663410186768,-0.0165317729115486,1.41314840316772,-0.231171309947968,0.265144348144531,0.783085584640503,-0.512869775295258
0.564561724662781,-0.0161332655698061,1.41305184364319,-0.231224596500397,0.264881879091263,0.782885253429413,-0.513287007808685
0.564532995223999,-0.0158507451415061,1.41304552555084,-0.231210023164749,0.264871716499329,0.782953143119812,-0.513195157051086
0.56451553106308,-0.0156391859054565,1.41303038597107,-0.230820447206497,0.264996945858002,0.783056557178497,-0.513148069381714
0.564555048942566,-0.01540944352746,1.41304528713226,-0.230927810072899,0.265121579170227,0.782843470573425,-0.513360500335693
0.56462299823761,-0.0155663415789604,1.41304707527161,-0.228555053472519,0.267366528511047,0.78414112329483,-0.511273443698883
0.564521610736847,-0.0154029373079538,1.41296660900116,-0.228912472724914,0.267247587442398,0.78522139787674,-0.509514808654785
0.564563274383545,-0.0152107719331979,1.41294836997986,-0.22887410223484,0.267297744750977,0.785294473171234,-0.509393036365509
0.56475168466568,-0.0149616468697786,1.41293692588806,-0.228094026446342,0.267566978931427,0.784208059310913,-0.511271834373474
0.564641118049622,-0.0149003025144338,1.41293096542358,-0.228579446673393,0.267612308263779,0.785426199436188,-0.509156942367554
0.563797652721405,-0.0156391896307468,1.41276907920837,-0.225534126162529,0.267744094133377,0.787599086761475,-0.507084906101227
0.563912451267242,-0.0155515279620885,1.4129022359848,-0.225689902901649,0.268039613962173,0.787686824798584,-0.50672310590744
0.563972473144531,-0.0153218153864145,1.41273999214172,-0.225487351417542,0.267765611410141,0.787914097309113,-0.506604850292206
0.565100133419037,-0.0142368879169225,1.41292643547058,-0.228586718440056,0.267872959375381,0.785790920257568,-0.508453369140625
0.565172672271729,-0.0141078513115644,1.41289949417114,-0.228402361273766,0.267772525548935,0.786034882068634,-0.508212089538574
0.565368831157684,-0.0139950551092624,1.41287338733673,-0.22748389840126,0.267867356538773,0.785197496414185,-0.509865820407867
0.565454185009003,-0.0138971023261547,1.412846326828,-0.227341711521149,0.267714649438858,0.785606205463409,-0.509379506111145
0.565556764602661,-0.0137897375971078,1.41280782222748,-0.22715063393116,0.267528682947159,0.785904884338379,-0.509101748466492
0.565661013126373,-0.0137542113661766,1.4127744436264,-0.226986959576607,0.267392635345459,0.786096692085266,-0.508949995040894
0.565783441066742,-0.0137344934046268,1.41276490688324,-0.226813390851021,0.267227083444595,0.786360323429108,-0.508707106113434
0.56592583656311,-0.0137128420174121,1.41276049613953,-0.226639494299889,0.267051160335541,0.786537408828735,-0.508603096008301
0.566103398799896,-0.0136787481606006,1.41262233257294,-0.226513624191284,0.266532152891159,0.786611914634705,-0.508816301822662
0.566224873065948,-0.013680875301361,1.41257917881012,-0.22619903087616,0.266097068786621,0.786798536777496,-0.508895397186279
0.566397368907928,-0.0136886518448591,1.41259264945984,-0.226201578974724,0.265770614147186,0.786923885345459,-0.508871018886566
0.566537141799927,-0.0137309618294239,1.41258156299591,-0.225939974188805,0.26534578204155,0.787162125110626,-0.508840441703796
0.566754996776581,-0.0138365756720304,1.41273200511932,-0.226100116968155,0.265184313058853,0.787090122699738,-0.508964836597443
0.566974639892578,-0.0139342118054628,1.41279911994934,-0.22613462805748,0.264974296092987,0.787034869194031,-0.509144246578217
0.567132472991943,-0.0136975683271884,1.41277122497559,-0.227815985679626,0.262482821941376,0.786044120788574,-0.511211812496185
0.567432940006256,-0.0142097193747758,1.41286027431488,-0.225714296102524,0.264138698577881,0.787526607513428,-0.509004831314087
0.567613899707794,-0.0143613684922456,1.4128589630127,-0.225175052881241,0.263629525899887,0.787751793861389,-0.509158909320831
0.567828416824341,-0.0145545601844787,1.41290736198425,-0.224708393216133,0.263321489095688,0.788076102733612,-0.509022533893585
0.568003177642822,-0.0145898405462503,1.41277325153351,-0.224302873015404,0.262277990579605,0.788698971271515,-0.508775472640991
0.56806868314743,-0.0142979994416236,1.41271090507507,-0.226136326789856,0.259014576673508,0.787599861621857,-0.511331856250763
0.568416357040405,-0.0150656271725893,1.41285789012909,-0.223709806799889,0.26115021109581,0.788980901241302,-0.509179532527924
0.568521857261658,-0.0152833554893732,1.41284000873566,-0.223161995410919,0.260157436132431,0.789346396923065,-0.509361445903778
0.568729043006897,-0.0154713559895753,1.41256046295166,-0.22298601269722,0.25868958234787,0.789446711540222,-0.510030210018158
0.568901538848877,-0.0156266707926988,1.41254210472107,-0.222927406430244,0.257597506046295,0.78938364982605,-0.510705828666687
0.568901538848877,-0.0156266707926988,1.41254210472107,-0.222927406430244,0.257597506046295,0.78938364982605,-0.510705828666687
0.569309055805206,-0.0160362105816602,1.41256499290466,-0.222909688949585,0.255613029003143,0.789212584495544,-0.51197338104248
0.569430470466614,-0.0163082368671894,1.41258335113525,-0.22226183116436,0.254862189292908,0.789258360862732,-0.512558400630951
0.569605052471161,-0.0166435185819864,1.4127117395401,-0.221781209111214,0.254349440336227,0.789510190486908,-0.512633562088013
0.569722712039948,-0.0170100461691617,1.41313409805298,-0.221509590744972,0.254370898008347,0.789574265480042,-0.512641668319702
0.569875955581665,-0.0171637944877147,1.41296887397766,-0.220859751105309,0.253036946058273,0.79034298658371,-0.512397706508636
0.56988924741745,-0.0173102766275405,1.41296148300171,-0.22062948346138,0.251805812120438,0.79070258140564,-0.512548565864563
0.570048093795776,-0.0177277699112892,1.4129399061203,-0.220239251852035,0.25073629617691,0.790997564792633,-0.512785494327545
0.569995045661926,-0.0175138544291257,1.41292452812195,-0.222443521022797,0.247484415769577,0.789512038230896,-0.515694856643677
0.570124864578247,-0.0178668163716793,1.41300737857819,-0.222294971346855,0.246756300330162,0.78968334197998,-0.515845477581024
0.57014399766922,-0.0182164683938026,1.41297101974487,-0.2219368070364,0.245967522263527,0.789680480957031,-0.516380488872528
0.57014399766922,-0.0182164683938026,1.41297101974487,-0.2219368070364,0.245967522263527,0.789680480957031,-0.516380488872528
0.570255756378174,-0.0187809914350509,1.41300368309021,-0.22186541557312,0.244294822216034,0.789932608604431,-0.516819417476654
0.570378839969635,-0.0194493047893047,1.413125872612,-0.220320910215378,0.245752289891243,0.791388213634491,-0.514557301998138
0.570317685604095,-0.0196964535862207,1.41298055648804,-0.220230877399444,0.24462878704071,0.791506588459015,-0.514948844909668
0.570310771465302,-0.0201467592269182,1.41309595108032,-0.219923466444016,0.244282707571983,0.7916459441185,-0.515030384063721
0.570270717144012,-0.0204742867499589,1.41308796405792,-0.220307037234306,0.243256613612175,0.791673004627228,-0.515310645103455
0.570247232913971,-0.0206450261175632,1.41304242610931,-0.220687255263328,0.24231781065464,0.791513025760651,-0.515835523605347
0.570194840431213,-0.0209044609218835,1.41307151317596,-0.220835670828819,0.241441190242767,0.791426837444305,-0.516315162181854
0.569994628429413,-0.0207927133888006,1.41289794445038,-0.222380608320236,0.238380298018456,0.7904252409935,-0.518603622913361
0.570147335529327,-0.0214153639972209,1.41295182704926,-0.221086159348488,0.239654198288918,0.791708886623383,-0.516607999801636
0.570149481296539,-0.0216478575021028,1.41299545764923,-0.221563786268234,0.239079743623733,0.79161012172699,-0.516820907592773
0.570139586925507,-0.0218700226396322,1.41293609142303,-0.221733048558235,0.238383650779724,0.791783213615417,-0.516804754734039
0.570114195346832,-0.0221288781613111,1.41291499137878,-0.221783086657524,0.237891182303429,0.791925609111786,-0.516791999340057
0.570111632347107,-0.0225568208843469,1.41300988197327,-0.221684768795967,0.23778872191906,0.792196333408356,-0.516466438770294
0.570097744464874,-0.0228092186152935,1.41306567192078,-0.222122266888618,0.23747906088829,0.792146563529968,-0.516497015953064
0.570070862770081,-0.0230037849396467,1.41304695606232,-0.222223058342934,0.23663242161274,0.792842149734497,-0.515774548053741
0.570308208465576,-0.0231068320572376,1.41318321228027,-0.223203703761101,0.236356556415558,0.79262375831604,-0.515813291072845
0.569967448711395,-0.0234567653387784,1.41301572322845,-0.222636714577675,0.235419705510139,0.793160676956177,-0.515661239624023
0.57001930475235,-0.0238234084099531,1.41309225559235,-0.222660809755325,0.235361889004707,0.793225228786469,-0.515578091144562
0.569884121417999,-0.0236091557890176,1.41302108764648,-0.224781095981598,0.232522666454315,0.79207569360733,-0.517709136009216
0.569894015789032,-0.0237864013761281,1.41303062438965,-0.22503288090229,0.232154533267021,0.792088866233826,-0.517744839191437
0.5698122382164,-0.0239068306982517,1.41287279129028,-0.22518190741539,0.231347501277924,0.792057752609253,-0.51808887720108
0.569813668727875,-0.024086095392704,1.41286981105804,-0.225180327892303,0.230878487229347,0.792243599891663,-0.518014550209045
0.569864153862,-0.0242497809231281,1.41290831565857,-0.22542405128479,0.230379208922386,0.792309820652008,-0.518029570579529
0.569937467575073,-0.0245169661939144,1.4128702878952,-0.224981442093849,0.230117708444595,0.792643129825592,-0.517828226089478
0.569997012615204,-0.0246800817549228,1.41285824775696,-0.225184619426727,0.229533970355987,0.79277890920639,-0.517791152000427
0.569941341876984,-0.0247500464320182,1.41277492046356,-0.225212574005127,0.228797867894173,0.793026864528656,-0.517724990844727
0.570145428180695,-0.0249726772308349,1.41285467147827,-0.225340873003006,0.228787764906883,0.793212652206421,-0.517388999462128
0.570233523845673,-0.0251512322574853,1.41289055347443,-0.225535243749619,0.228606849908829,0.793145954608917,-0.51748663187027
0.570197701454163,-0.0252724401652812,1.4128098487854,-0.225324153900146,0.227907255291939,0.793386399745941,-0.517518639564514
0.5703164935112,-0.0255982726812362,1.4129353761673,-0.225405544042587,0.228104814887047,0.793325126171112,-0.517489969730377
0.570690631866455,-0.0264148227870464,1.41318440437317,-0.223654508590698,0.230773344635963,0.794801533222198,-0.514794051647186
0.570509612560272,-0.0263289995491504,1.41303157806396,-0.223353683948517,0.229679360985756,0.794984996318817,-0.515130579471588
0.57062166929245,-0.0263939369469881,1.41295683383942,-0.223293468356133,0.229306191205978,0.795103251934052,-0.515140414237976
0.570660293102264,-0.0266620703041553,1.4131338596344,-0.223070368170738,0.229526028037071,0.79517263174057,-0.515032112598419
0.570691645145416,-0.0267897564917802,1.41303014755249,-0.222442612051964,0.229144349694252,0.795389771461487,-0.515137910842896
0.570702433586121,-0.0269133523106575,1.41307735443115,-0.222191721200943,0.228873461484909,0.795343935489655,-0.515437483787537
0.570972084999084,-0.0271684676408767,1.41286540031433,-0.221918284893036,0.228525757789612,0.795434296131134,-0.515570223331451
0.571159482002258,-0.0272840894758701,1.41311705112457,-0.222110882401466,0.228669568896294,0.795377850532532,-0.515510618686676
0.571331799030304,-0.0275002941489219,1.4132696390152,-0.221983149647713,0.228720337152481,0.795385777950287,-0.515530645847321
0.571504294872284,-0.0276377778500318,1.41329646110535,-0.221804067492485,0.22846807539463,0.79546707868576,-0.515594303607941
0.571634232997894,-0.0277064815163612,1.41322064399719,-0.221456751227379,0.227942541241646,0.79546707868576,-0.515975892543793
0.571846663951874,-0.0278815813362598,1.41325640678406,-0.221127450466156,0.227784052491188,0.79561311006546,-0.515962064266205
0.572018146514893,-0.0280547887086868,1.41328322887421,-0.220761477947235,0.22762069106102,0.795672416687012,-0.516099333763123
0.572208344936371,-0.02827013656497,1.41332471370697,-0.220224738121033,0.22764165699482,0.795779526233673,-0.51615446805954
0.57247394323349,-0.0285044368356466,1.41342341899872,-0.219849586486816,0.227544218301773,0.796291947364807,-0.51556670665741
0.572615385055542,-0.0284366551786661,1.41347670555115,-0.221344321966171,0.225455611944199,0.795087933540344,-0.517698526382446
0.572818398475647,-0.028598129749298,1.4135650396347,-0.220731005072594,0.225291222333908,0.795501291751862,-0.517396748065948
0.573232173919678,-0.0291239917278289,1.41351115703583,-0.218318283557892,0.226960018277168,0.79719752073288,-0.515075147151947
0.573523998260498,-0.0293459817767143,1.4137077331543,-0.217986941337585,0.226901859045029,0.797829627990723,-0.514261782169342
0.575107872486115,-0.028789410367608,1.41429162025452,-0.223818123340607,0.225962728261948,0.794879615306854,-0.516732692718506
0.575232446193695,-0.0289206337183713,1.41426193714142,-0.222984343767166,0.22556671500206,0.795408070087433,-0.51645302772522
0.575539469718933,-0.0290627293288707,1.4141753911972,-0.222396552562714,0.225139677524567,0.795769333839417,-0.516336262226105
0.575539469718933,-0.0290627293288707,1.4141753911972,-0.222396552562714,0.225139677524567,0.795769333839417,-0.516336262226105
0.575049638748169,-0.0301497653126716,1.41371655464172,-0.217109397053719,0.223588451743126,0.798753440380096,-0.514649987220764
0.575658440589905,-0.0307932756841182,1.41408550739288,-0.216929659247398,0.224518567323685,0.799009323120117,-0.513923287391663
0.575972616672516,-0.031250387430191,1.41394889354706,-0.214470759034157,0.225679129362106,0.800741136074066,-0.511746942996979
0.57623952627182,-0.0311528034508228,1.41395795345306,-0.215708389878273,0.22341451048851,0.79994934797287,-0.513455808162689
0.576335608959198,-0.0309790782630443,1.41380298137665,-0.215166598558426,0.222031101584435,0.800401151180267,-0.513579070568085
0.577842056751251,-0.031015545129776,1.41438841819763,-0.218288823962212,0.223384946584702,0.799358248710632,-0.513298809528351
0.578240275382996,-0.0312892124056816,1.41440117359161,-0.217688709497452,0.223178163170814,0.799843370914459,-0.51288765668869
0.578635931015015,-0.0315307080745697,1.41448378562927,-0.216962397098541,0.222665697336197,0.801341712474823,-0.511076092720032
0.577957928180695,-0.0321331471204757,1.41401982307434,-0.212868943810463,0.220988526940346,0.803602278232574,-0.509974896907806
0.578271806240082,-0.0322787165641784,1.41392755508423,-0.212469667196274,0.220346674323082,0.803950786590576,-0.509869873523712
0.580129444599152,-0.0322618670761585,1.41463208198547,-0.216582342982292,0.221955060958862,0.802385330200195,-0.509907841682434
0.580654740333557,-0.0324362590909004,1.41474771499634,-0.216590538620949,0.221847683191299,0.802603900432587,-0.509606897830963
0.581047475337982,-0.0327346250414848,1.41483736038208,-0.216174498200417,0.221772134304047,0.803139269351959,-0.508972644805908
0.580076396465302,-0.0335280373692512,1.41402447223663,-0.211319953203201,0.219783082604408,0.805623531341553,-0.507946968078613
0.580431282520294,-0.033782385289669,1.41394639015198,-0.210989385843277,0.219275325536728,0.80575692653656,-0.508092164993286
0.580849349498749,-0.0339900031685829,1.41419649124146,-0.210929870605469,0.219457238912582,0.805662751197815,-0.508187711238861
0.581391155719757,-0.0344200022518634,1.41433334350586,-0.210674777626991,0.219744488596916,0.805720388889313,-0.508078038692474
0.581733763217926,-0.0346155352890491,1.41432976722717,-0.210617199540138,0.219281852245331,0.805758535861969,-0.508241176605225
0.582079172134399,-0.0348840318620204,1.41439604759216,-0.210537016391754,0.218868628144264,0.80564159154892,-0.508637726306915
0.583768606185913,-0.0348524488508701,1.41493260860443,-0.214187130331993,0.219970032572746,0.803863644599915,-0.50945109128952
0.584184408187866,-0.0352289751172065,1.41492605209351,-0.21389277279377,0.219826623797417,0.803651034832001,-0.509971797466278
0.584550857543945,-0.0355104245245456,1.41486048698425,-0.213671416044235,0.219325318932533,0.803288817405701,-0.510850191116333
0.58489203453064,-0.0357711464166641,1.41491210460663,-0.213433116674423,0.21869745850563,0.803344666957855,-0.511131167411804
0.583817660808563,-0.0364696681499481,1.41444742679596,-0.208906605839729,0.216694071888924,0.805544912815094,-0.510391175746918
0.584341585636139,-0.0368976257741451,1.41450941562653,-0.208579882979393,0.216560557484627,0.805428624153137,-0.510764956474304
0.584674894809723,-0.0371684804558754,1.41462242603302,-0.208407074213028,0.215969085693359,0.805179715156555,-0.511477828025818
0.584674894809723,-0.0371684804558754,1.41462242603302,-0.208407074213028,0.215969085693359,0.805179715156555,-0.511477828025818
0.585289120674133,-0.0378237590193748,1.41472017765045,-0.207997441291809,0.214744105935097,0.804773926734924,-0.512797176837921
0.585585951805115,-0.0381495803594589,1.41475069522858,-0.20784817636013,0.213716730475426,0.80471134185791,-0.513384819030762
0.585779309272766,-0.0383822545409202,1.41484403610229,-0.20801106095314,0.212764799594879,0.804351210594177,-0.514277815818787
0.585452437400818,-0.0397655889391899,1.41441118717194,-0.200512185692787,0.211773887276649,0.800896883010864,-0.522982656955719
0.586315929889679,-0.0390178225934505,1.41461551189423,-0.207786425948143,0.210465058684349,0.803548574447632,-0.516564607620239
0.586667120456696,-0.0394263565540313,1.41464054584503,-0.207663625478745,0.209698528051376,0.803095757961273,-0.517628967761993
0.586578249931335,-0.0397876128554344,1.41469252109528,-0.207774952054024,0.20834244787693,0.803854584693909,-0.516953468322754
0.588395774364471,-0.0395693033933639,1.41525590419769,-0.212199360132217,0.208768233656883,0.800578713417053,-0.520058631896973
0.588145196437836,-0.0409291163086891,1.41502201557159,-0.205692946910858,0.208397537469864,0.796947181224823,-0.528333187103271
0.588788688182831,-0.0405305996537208,1.41517293453217,-0.212255269289017,0.207095548510551,0.800169289112091,-0.521333038806915
0.588937699794769,-0.0407388173043727,1.41498756408691,-0.212464764714241,0.205836951732635,0.799677670001984,-0.522499203681946
0.587982892990112,-0.0415038987994194,1.4143967628479,-0.207729533314705,0.203455254435539,0.799665629863739,-0.52534681558609
0.589683294296265,-0.0417492501437664,1.41502320766449,-0.211597353219986,0.205876752734184,0.800081670284271,-0.522217273712158
0.589989185333252,-0.0416694432497024,1.41506922245026,-0.213827073574066,0.20320338010788,0.796867549419403,-0.527246296405792
0.590164840221405,-0.041943609714508,1.41504883766174,-0.214154273271561,0.202258408069611,0.79600328207016,-0.528779923915863
0.590298891067505,-0.0420644283294677,1.41492938995361,-0.214189067482948,0.200774222612381,0.79591691493988,-0.529461145401001
0.58905816078186,-0.0426813513040542,1.41432917118073,-0.210223063826561,0.197968944907188,0.797059178352356,-0.530387759208679
0.589254379272461,-0.042981743812561,1.41435742378235,-0.210628688335419,0.197092339396477,0.79642254114151,-0.531508445739746
0.5893674492836,-0.043253269046545,1.41435623168945,-0.210726335644722,0.196125030517578,0.795984923839569,-0.532482326030731
0.590662777423859,-0.043295495212078,1.41491389274597,-0.214593023061752,0.196738049387932,0.793539464473724,-0.534358501434326
0.59076589345932,-0.0435039028525352,1.41495168209076,-0.214928403496742,0.195753306150436,0.793083012104034,-0.5352623462677
0.589630007743835,-0.0440031290054321,1.41439509391785,-0.21182256937027,0.193623825907707,0.79369592666626,-0.536365389823914
0.589565098285675,-0.0443332567811012,1.41433322429657,-0.211056426167488,0.192132532596588,0.793704271316528,-0.537190675735474
0.589737951755524,-0.0446422398090362,1.41442596912384,-0.211504563689232,0.191735580563545,0.792770743370056,-0.53853303194046
0.589831292629242,-0.0446528866887092,1.41439962387085,-0.212439030408859,0.190697103738785,0.792304933071136,-0.539219081401825
0.590020716190338,-0.0450502075254917,1.41453802585602,-0.212979704141617,0.19040821492672,0.791681468486786,-0.540022969245911
0.591111123561859,-0.0448700040578842,1.41494679450989,-0.216540470719337,0.19078516960144,0.789308547973633,-0.541943967342377
0.590014755725861,-0.0454085618257522,1.41445910930634,-0.213282585144043,0.18866066634655,0.790739357471466,-0.54189395904541
0.590007185935974,-0.0456725843250751,1.41453588008881,-0.213581904768944,0.188322767615318,0.78984409570694,-0.543197572231293
0.589982271194458,-0.0458416789770126,1.41454076766968,-0.213831603527069,0.187638714909554,0.789179027080536,-0.544301569461823
0.590220868587494,-0.0463687516748905,1.41458463668823,-0.212458714842796,0.189077213406563,0.790227830410004,-0.542817771434784
0.591314315795898,-0.0457527302205562,1.41508567333221,-0.218786045908928,0.188018500804901,0.786213159561157,-0.546489417552948
0.591181576251984,-0.0460473448038101,1.41498422622681,-0.21858124434948,0.187233909964561,0.785456120967865,-0.54792732000351
0.591190159320831,-0.0461800023913383,1.4150949716568,-0.219301581382751,0.186951786279678,0.78496789932251,-0.548435211181641
0.591223239898682,-0.0462640635669231,1.41501414775848,-0.219761937856674,0.18617656826973,0.784492373466492,-0.549194574356079
0.591209232807159,-0.046444721519947,1.41500544548035,-0.219853401184082,0.185767605900764,0.783879399299622,-0.550170958042145
0.591145396232605,-0.0466402098536491,1.41498303413391,-0.219882100820541,0.185296714305878,0.783156752586365,-0.551346182823181
0.591183662414551,-0.0467674434185028,1.41506743431091,-0.2205890417099,0.184899717569351,0.78248119354248,-0.552155494689941
0.591183662414551,-0.0467674434185028,1.41506743431091,-0.2205890417099,0.184899717569351,0.78248119354248,-0.552155494689941
0.58981865644455,-0.0474069155752658,1.41443586349487,-0.216787338256836,0.182669788599014,0.783429801464081,-0.553057610988617
0.589864194393158,-0.0478953868150711,1.41444826126099,-0.215465247631073,0.1839629560709,0.784063160419464,-0.552247583866119
0.591175138950348,-0.0476305559277534,1.41504657268524,-0.219879031181335,0.185326039791107,0.781850755214691,-0.553187966346741
0.590808808803558,-0.0476865991950035,1.41573619842529,-0.220382392406464,0.185591116547585,0.781422257423401,-0.553504168987274
0.590821921825409,-0.0477995127439498,1.41582989692688,-0.22081270813942,0.18557496368885,0.780910968780518,-0.554059326648712
0.589407503604889,-0.0483555272221565,1.41518831253052,-0.216597855091095,0.18376912176609,0.782204151153564,-0.554500579833984
0.589359521865845,-0.0485204048454761,1.41521716117859,-0.216937437653542,0.183736488223076,0.781664907932281,-0.55513870716095
0.589284896850586,-0.048644982278347,1.41518771648407,-0.216924458742142,0.183528408408165,0.781372964382172,-0.555623531341553
0.589286506175995,-0.0485643222928047,1.41509890556335,-0.217639580368996,0.182995975017548,0.780711114406586,-0.556449234485626
0.589238524436951,-0.0486339554190635,1.41509389877319,-0.217963382601738,0.182752504944801,0.780201554298401,-0.557116746902466
0.589175522327423,-0.0487188585102558,1.41508102416992,-0.218252375721931,0.182501435279846,0.779673874378204,-0.557824075222015
0.589086413383484,-0.048854149878025,1.41512489318848,-0.218464776873589,0.182390928268433,0.779176831245422,-0.558471262454987
0.589062631130219,-0.0489047840237617,1.41501212120056,-0.218670293688774,0.18199996650219,0.778907716274261,-0.558893740177155
0.589019000530243,-0.0489799194037914,1.41502678394318,-0.218947365880013,0.181832060217857,0.778617918491364,-0.559243559837341
0.590407609939575,-0.0487024933099746,1.41575002670288,-0.223870173096657,0.183435291051865,0.776293814182281,-0.560001492500305
0.590328931808472,-0.0488249585032463,1.41572749614716,-0.223941221833229,0.183358922600746,0.776090025901794,-0.560280442237854
0.590279459953308,-0.0488695278763771,1.41572737693787,-0.224398881196976,0.183033406734466,0.775754272937775,-0.560668528079987
0.590235114097595,-0.0489318221807479,1.41573572158813,-0.224817246198654,0.182707220315933,0.775337517261505,-0.561183750629425
0.590181350708008,-0.0489987730979919,1.41572642326355,-0.224975824356079,0.182494401931763,0.775091528892517,-0.561528921127319
0.590136229991913,-0.0490725487470626,1.41572284698486,-0.225177615880966,0.1823770403862,0.774788677692413,-0.56190413236618
0.590106189250946,-0.0491126738488674,1.41570341587067,-0.225447401404381,0.182157427072525,0.77448970079422,-0.562279224395752
0.590061902999878,-0.0492210388183593,1.41570711135864,-0.225630313158035,0.182078391313553,0.774078667163849,-0.562797129154205
0.589842200279236,-0.0489782765507698,1.41565847396851,-0.227267920970917,0.180049389600754,0.772170782089233,-0.565405905246735
0.589808464050293,-0.049083761870861,1.41566050052643,-0.227368429303169,0.180044621229172,0.771871089935303,-0.565776109695435
0.588339745998383,-0.049601525068283,1.4150116443634,-0.222890332341194,0.178255185484886,0.773512125015259,-0.56588339805603
0.588344156742096,-0.0497138574719429,1.41503608226776,-0.223137155175209,0.178274899721146,0.773187279701233,-0.566223859786987
0.588418900966644,-0.0500535704195499,1.41503036022186,-0.22198249399662,0.179707929491997,0.774301469326019,-0.564700067043304
0.588207900524139,-0.0498279333114624,1.41499781608582,-0.223465219140053,0.177966192364693,0.772668302059174,-0.566899418830872
0.58816921710968,-0.0499412715435028,1.4150242805481,-0.223650619387627,0.177884355187416,0.772419810295105,-0.567190706729889
0.588325381278992,-0.05029933527112,1.41510486602783,-0.222766429185867,0.179457455873489,0.773349165916443,-0.565774977207184
0.58826071023941,-0.050351358950138,1.4150915145874,-0.223069056868553,0.179200440645218,0.772966027259827,-0.566260516643524
0.588223874568939,-0.0504170395433902,1.4150869846344,-0.223261594772339,0.17908450961113,0.772754490375519,-0.56650984287262
0.588165104389191,-0.050473716109991,1.41507422924042,-0.223492980003357,0.178821012377739,0.772374987602234,-0.567019164562225
0.589483082294464,-0.0500671230256557,1.41570377349854,-0.228087395429611,0.180256381630897,0.770188570022583,-0.567708909511566
0.589243352413177,-0.0497471168637275,1.41558563709259,-0.2296242415905,0.178145691752434,0.768426656723022,-0.570138156414032
0.589215815067291,-0.0499048382043838,1.41567742824554,-0.22979174554348,0.178288206458092,0.76798677444458,-0.570618450641632
0.589335083961487,-0.050183467566967,1.41562235355377,-0.228466510772705,0.179684340953827,0.76936274766922,-0.568856418132782
0.587768137454987,-0.0504145845770835,1.41499292850494,-0.225763574242592,0.176448151469231,0.769105434417725,-0.571291208267212
0.587894201278687,-0.0507943406701087,1.41502022743225,-0.224364712834358,0.178147494792938,0.770428895950317,-0.569529116153717
0.58784008026123,-0.0508481934666633,1.41500353813171,-0.224548310041428,0.177987083792686,0.770028829574585,-0.570047616958618
0.587746143341064,-0.050929918885231,1.41495227813721,-0.224463105201721,0.177734240889549,0.769832015037537,-0.570425808429718
0.587705075740814,-0.0509874746203422,1.41494584083557,-0.224567607045174,0.177656695246696,0.769524037837982,-0.570824325084686
0.587587654590607,-0.0510983616113662,1.41491293907166,-0.224297970533371,0.177456095814705,0.769463241100311,-0.571074545383453
0.587584972381592,-0.0512465238571167,1.41501092910767,-0.224575057625771,0.177508533000946,0.76916092634201,-0.571356534957886
0.587529480457306,-0.0513157621026039,1.41498494148254,-0.224719986319542,0.177314594388008,0.768850088119507,-0.571777939796448
0.587467670440674,-0.0513554997742176,1.4149876832962,-0.224984064698219,0.177074775099754,0.768684267997742,-0.571971535682678
0.587410867214203,-0.0514052025973796,1.41498494148254,-0.225467577576637,0.176774725317955,0.768468976020813,-0.572163164615631
0.587272763252258,-0.0513654649257659,1.41481041908264,-0.225535839796066,0.176048114895821,0.768282890319824,-0.572609901428223
0.588531494140625,-0.0509460791945457,1.4154109954834,-0.230214983224869,0.177112653851509,0.76620489358902,-0.573203682899475
0.587036967277527,-0.0510613918304443,1.41474831104279,-0.228308439254761,0.173219740390778,0.765903651714325,-0.575553417205811
0.586951076984406,-0.0511166267096996,1.41471385955811,-0.228393673896789,0.172680586576462,0.765806198120117,-0.575811445713043
0.588101089000702,-0.0507097989320755,1.41524279117584,-0.232629030942917,0.173329666256905,0.763715088367462,-0.576697468757629
0.588205933570862,-0.0510818287730217,1.41523241996765,-0.231392532587051,0.174446001648903,0.765178561210632,-0.574915587902069
0.587869346141815,-0.0509184971451759,1.41522336006165,-0.232886105775833,0.172223255038261,0.763562977313995,-0.577126324176788
0.587807655334473,-0.0509901270270347,1.41514003276825,-0.233016669750214,0.171581134200096,0.763318121433258,-0.577588558197021
0.586453199386597,-0.0515136867761611,1.41453146934509,-0.228994831442833,0.16954705119133,0.764772832393646,-0.577873587608337
0.586310088634491,-0.0515599213540554,1.41447353363037,-0.229252368211746,0.168526530265808,0.764649987220764,-0.57823234796524
0.587569117546082,-0.0512092188000679,1.41516089439392,-0.233671903610229,0.169267222285271,0.762677907943726,-0.578851103782654
0.587625443935394,-0.0516435950994491,1.41512310504913,-0.231836602091789,0.170058727264404,0.764511227607727,-0.576935291290283
0.586023449897766,-0.0518680475652217,1.41439318656921,-0.228786259889603,0.165512412786484,0.764573156833649,-0.579387962818146
0.586124956607819,-0.0521672405302524,1.41438174247742,-0.228009581565857,0.165700182318687,0.765736997127533,-0.578102111816406
0.587210953235626,-0.0514831319451332,1.41496443748474,-0.233980074524879,0.164090201258659,0.762076199054718,-0.581005811691284
0.587091982364655,-0.0516288839280605,1.4149227142334,-0.233789190649986,0.162950694561005,0.761920273303986,-0.581607401371002
0.585905373096466,-0.0524905882775783,1.41430866718292,-0.228148311376572,0.16196945309639,0.765125870704651,-0.57991099357605
0.585822224617004,-0.0525890961289405,1.41425061225891,-0.228132724761963,0.160658955574036,0.764956533908844,-0.580504775047302
0.585590660572052,-0.0523724481463432,1.41418588161469,-0.229658856987953,0.157778486609459,0.763152062892914,-0.583062529563904
0.585525751113892,-0.0525140464305877,1.41415798664093,-0.229695573449135,0.156846836209297,0.763031601905823,-0.583456754684448
0.585595011711121,-0.052995067089796,1.41411936283112,-0.228030428290367,0.157477900385857,0.764683604240417,-0.581774771213531
0.585558474063873,-0.0531021244823932,1.41403651237488,-0.228223130106926,0.156226396560669,0.764446377754211,-0.582348108291626
0.585502922534943,-0.0532738119363784,1.41411483287811,-0.228297024965286,0.155403554439545,0.764392375946045,-0.582610070705414
0.585514605045319,-0.0533613823354244,1.41415536403656,-0.229024231433868,0.154105007648468,0.764038801193237,-0.583133280277252
0.586700677871704,-0.0531507059931755,1.41473543643951,-0.233051627874374,0.154630348086357,0.762614965438843,-0.583262264728546
0.585522770881653,-0.0536233112215995,1.41413950920105,-0.229554384946823,0.152213677763939,0.7639040350914,-0.583597898483276
0.585478484630585,-0.0539675280451774,1.41418015956879,-0.229042544960976,0.151686787605286,0.763986170291901,-0.583828508853912
0.585079789161682,-0.0537260621786117,1.41409969329834,-0.230458423495293,0.148877024650574,0.762190759181976,-0.586335957050323
0.585117042064667,-0.0538871213793754,1.41406238079071,-0.230647429823875,0.148104146122932,0.762185275554657,-0.586464405059814
0.585199356079102,-0.0540295429527759,1.41411125659943,-0.230744913220405,0.147314727306366,0.762999176979065,-0.585565984249115
0.585393488407135,-0.0544162802398204,1.41417932510376,-0.229855194687843,0.147969752550125,0.764651417732239,-0.583592116832733
0.585390388965607,-0.0545859783887863,1.41419219970703,-0.229777067899704,0.147397577762604,0.764764249324799,-0.583619952201843
0.585346341133118,-0.0547848418354988,1.4141960144043,-0.229761570692062,0.146739438176155,0.764815449714661,-0.583724796772003
0.586599469184875,-0.0545767396688461,1.4148211479187,-0.233773663640022,0.147702008485794,0.76332038640976,-0.583845734596252
0.586570680141449,-0.0545797124505043,1.41469216346741,-0.233874514698982,0.146684408187866,0.763145625591278,-0.584290325641632
0.586606025695801,-0.0547239072620868,1.41483199596405,-0.234362453222275,0.146099716424942,0.762885272502899,-0.584581196308136
0.586604952812195,-0.0548723749816417,1.41489017009735,-0.234286054968834,0.145697891712189,0.762670695781708,-0.584992110729218
0.586632609367371,-0.0549941286444664,1.41496384143829,-0.234466850757599,0.145356252789497,0.762254118919373,-0.585547268390656
0.585177421569824,-0.0552201941609382,1.41446077823639,-0.231896176934242,0.141907215118408,0.761579871177673,-0.588287889957428
0.585376024246216,-0.0556173771619796,1.41443943977356,-0.230470538139343,0.143044918775558,0.763071119785309,-0.586637735366821
0.585391283035278,-0.0557543635368347,1.41464829444885,-0.230757728219032,0.14273676276207,0.762841522693634,-0.586898565292358
0.585391581058502,-0.0558323934674263,1.41464781761169,-0.230762228369713,0.142274603247642,0.76262640953064,-0.587288558483124
0.585395455360413,-0.0559414997696876,1.41475903987885,-0.230807811021805,0.141930386424065,0.762411713600159,-0.587632417678833
0.58539354801178,-0.0560564585030078,1.41481053829193,-0.230740994215012,0.141575112938881,0.762021601200104,-0.58825021982193
0.586534798145294,-0.0554685741662979,1.41543078422546,-0.236191287636757,0.141300201416016,0.758780002593994,-0.590339660644531
0.586546540260315,-0.0556348524987697,1.41566252708435,-0.236193120479584,0.141481801867485,0.758547723293304,-0.590593874454498
0.586714744567871,-0.0558924823999404,1.41561675071716,-0.234922632575035,0.142439171671867,0.759823203086853,-0.589229345321655
0.586712658405304,-0.05595463514328,1.41568171977997,-0.235023558139801,0.14213427901268,0.759297728538513,-0.589939594268799
0.58672046661377,-0.0560424849390983,1.41576564311981,-0.234964609146118,0.142024576663971,0.758835256099701,-0.590584278106689
0.586790561676025,-0.0562130101025104,1.41590166091919,-0.235183551907539,0.142103880643845,0.758397281169891,-0.5910404920578
0.586804270744324,-0.056317139416933,1.41598081588745,-0.235097497701645,0.142057150602341,0.758020997047424,-0.591568410396576
0.586776912212372,-0.0562263987958431,1.41599726676941,-0.235443040728569,0.141557320952415,0.757419466972351,-0.592320740222931
0.586776912212372,-0.0562263987958431,1.41599726676941,-0.235443040728569,0.141557320952415,0.757419466972351,-0.592320740222931
0.586873531341553,-0.0563353598117828,1.41612911224365,-0.235793396830559,0.141201928257942,0.75664085149765,-0.593260586261749
0.586839139461517,-0.0564074404537677,1.41623866558075,-0.2358338534832,0.141044080257416,0.756109416484833,-0.593959152698517
0.586823165416718,-0.0565269812941551,1.41631329059601,-0.235723838210106,0.140904620289802,0.755624949932098,-0.594652116298676
0.586834073066711,-0.0565667562186718,1.41635715961456,-0.235888078808784,0.14046248793602,0.75505667924881,-0.595412969589233
0.586801886558533,-0.0566292740404605,1.41648459434509,-0.235968634486198,0.140275329351425,0.754658937454224,-0.595929086208344
0.585559546947479,-0.0573111101984977,1.41614162921906,-0.231925159692764,0.138903930783272,0.755926728248596,-0.596230924129486
0.585562169551849,-0.0573959238827228,1.41620445251465,-0.231979727745056,0.138539433479309,0.755474627017975,-0.596867263317108
0.585574209690094,-0.057472214102745,1.41598641872406,-0.231877371668816,0.137677580118179,0.755113661289215,-0.597562730312347
0.585546851158142,-0.0573275759816169,1.41587316989899,-0.2320486754179,0.136676147580147,0.754664301872253,-0.598293304443359
0.585391998291016,-0.0574774779379367,1.41601514816284,-0.231934830546379,0.136203080415726,0.754240274429321,-0.598979711532593
0.585364162921906,-0.0575905591249465,1.41609227657318,-0.232041716575623,0.135732859373093,0.753869891166687,-0.599511086940765
0.585364520549774,-0.057810690253973,1.41629028320312,-0.232121244072914,0.13555796444416,0.753464221954346,-0.600029528141022
0.585343182086945,-0.0578993931412696,1.41631209850311,-0.231891214847565,0.135284259915352,0.753172755241394,-0.600545883178711
0.585338771343231,-0.0581151023507118,1.41656899452209,-0.231956794857979,0.135467410087585,0.752874672412872,-0.600852966308594
0.58532041311264,-0.0582548715174198,1.41663527488708,-0.23187167942524,0.135080501437187,0.752664029598236,-0.601236879825592
0.585292279720306,-0.0583792589604854,1.4166978597641,-0.231896698474884,0.134520187973976,0.752372622489929,-0.601717233657837
0.585270047187805,-0.0584995299577713,1.41676294803619,-0.231914073228836,0.133865788578987,0.7522132396698,-0.602055788040161
0.585222363471985,-0.0585995353758335,1.41685080528259,-0.232033282518387,0.133194237947464,0.751904785633087,-0.602543771266937
0.585167109966278,-0.0587622709572315,1.41698217391968,-0.23206327855587,0.132699757814407,0.75164783000946,-0.602961897850037
0.585103034973145,-0.0589610897004604,1.41715919971466,-0.232349544763565,0.132097244262695,0.751271307468414,-0.603452980518341
0.586553692817688,-0.0586311072111129,1.41789937019348,-0.23748704791069,0.133171990513801,0.749082624912262,-0.603937327861786
0.586659967899323,-0.0586273707449436,1.4177473783493,-0.23812885582447,0.131816416978836,0.748406410217285,-0.60481983423233
0.586677730083466,-0.0586932897567749,1.41780257225037,-0.238360062241554,0.130927503108978,0.748262822628021,-0.605099439620972
0.586648225784302,-0.0588087178766727,1.41789758205414,-0.238663986325264,0.13036322593689,0.747795283794403,-0.605679094791412
0.585170388221741,-0.0594376176595687,1.41724681854248,-0.234141156077385,0.127970084547996,0.749111294746399,-0.606328189373016
0.585078001022339,-0.0596788264811039,1.41729652881622,-0.233857214450836,0.127612739801407,0.748840391635895,-0.606847524642944
0.585078001022339,-0.0596788264811039,1.41729652881622,-0.233857214450836,0.127612739801407,0.748840391635895,-0.606847524642944
0.586545050144196,-0.0594904012978076,1.4181832075119,-0.239177733659744,0.128484189510345,0.746180653572083,-0.607865393161774
0.586448788642883,-0.0597013086080551,1.41821837425232,-0.239079922437668,0.128099396824837,0.745833694934845,-0.608410656452179
0.586483061313629,-0.0597864612936973,1.4182231426239,-0.239324614405632,0.127559751272202,0.745352387428284,-0.609017252922058
0.58639132976532,-0.0599865056574344,1.41836774349213,-0.239412188529968,0.127370670437813,0.744855761528015,-0.60962975025177
0.584876656532288,-0.0606660582125186,1.41774940490723,-0.234686821699142,0.125351056456566,0.745849430561066,-0.61067008972168
0.584763765335083,-0.0608135014772415,1.41779446601868,-0.234582588076591,0.124951273202896,0.745271801948547,-0.61149662733078
0.584619224071503,-0.0608636029064655,1.41776645183563,-0.234930664300918,0.12397301197052,0.744192361831665,-0.612875282764435
0.584493100643158,-0.0610134378075599,1.41775250434875,-0.23478028178215,0.12354202568531,0.743562877178192,-0.613783359527588
0.584402024745941,-0.0611365474760532,1.41777348518372,-0.234713643789291,0.123051404953003,0.743550419807434,-0.613922357559204
0.584295630455017,-0.0612867921590805,1.41777467727661,-0.234588131308556,0.122842371463776,0.742749810218811,-0.614980459213257
0.584193348884583,-0.0614209212362766,1.41783344745636,-0.234619811177254,0.122685432434082,0.742269337177277,-0.615579426288605
0.584091186523438,-0.061505913734436,1.41785514354706,-0.234823808073997,0.122478030622005,0.741653323173523,-0.616285145282745
0.583977341651917,-0.0616099126636981,1.41787123680115,-0.234987735748291,0.1224205493927,0.741019248962402,-0.61699640750885
0.583937764167786,-0.0616163723170757,1.41791689395905,-0.235514730215073,0.122394263744354,0.740562677383423,-0.617348790168762
0.583842873573303,-0.0617110393941402,1.41793596744537,-0.235742658376694,0.122519336640835,0.739935636520386,-0.617988407611847
0.583776235580444,-0.0617656894028186,1.4179619550705,-0.236071586608887,0.122704215347767,0.73962265253067,-0.618200838565826
0.583710312843323,-0.0617740452289581,1.41797161102295,-0.236528873443603,0.122826747596264,0.739137768745422,-0.618581652641296
0.583631873130798,-0.061792567372322,1.41799628734589,-0.236859425902367,0.123106852173805,0.738972842693329,-0.618596434593201
0.583554029464722,-0.0617787279188632,1.41802144050598,-0.237190514802933,0.123460359871387,0.738757133483887,-0.618656694889069
0.583511173725128,-0.061791568994522,1.41803121566772,-0.237468764185905,0.123918108642101,0.738507330417633,-0.618756711483002
0.583455562591553,-0.0617982633411884,1.41803669929504,-0.237842217087746,0.124461203813553,0.738289713859558,-0.618763983249664
0.583416342735291,-0.0618135444819927,1.41803789138794,-0.238043755292892,0.125182136893272,0.738317310810089,-0.618508100509644
0.583553791046143,-0.0619119703769683,1.41810524463654,-0.238209247589111,0.126811310648918,0.738564968109131,-0.61781644821167
0.583527445793152,-0.0619306154549121,1.41812694072723,-0.238562315702438,0.127799928188324,0.738469541072845,-0.617590367794037
0.583527445793152,-0.0619306154549121,1.41812694072723,-0.238562315702438,0.127799928188324,0.738469541072845,-0.617590367794037
0.583454191684723,-0.062067437916994,1.41813206672668,-0.238614320755005,0.129913106560707,0.738774657249451,-0.616763949394226
0.583409786224365,-0.0620536357164382,1.41814982891083,-0.239537045359612,0.130911022424698,0.738068103790283,-0.617041230201721
0.583400726318359,-0.062106791883707,1.41816163063049,-0.239941284060478,0.132061451673508,0.738180100917816,-0.616504788398743
0.583375215530396,-0.0621487833559513,1.41817700862885,-0.240281328558922,0.13321940600872,0.738413691520691,-0.615843117237091
0.583330750465393,-0.0622458048164844,1.41815435886383,-0.240299478173256,0.134422242641449,0.738725900650024,-0.615199863910675
0.583323895931244,-0.0622684843838214,1.4181524515152,-0.240565776824951,0.135462895035744,0.739129424095154,-0.614382326602936
0.583325624465942,-0.062283806502819,1.41804885864258,-0.240784823894501,0.136216655373573,0.739468514919281,-0.613721489906311
0.583310604095459,-0.0623573511838912,1.41803359985352,-0.240970760583878,0.137196764349937,0.73994916677475,-0.612850189208984
0.583192884922028,-0.0624261908233165,1.41797089576721,-0.240966215729713,0.13786381483078,0.740517139434814,-0.612015783786774
0.583192884922028,-0.0624261908233165,1.41797089576721,-0.240966215729713,0.13786381483078,0.740517139434814,-0.612015783786774
0.583200693130493,-0.0626387894153595,1.41795492172241,-0.241162359714508,0.14047209918499,0.741615056991577,-0.610012650489807
0.58319216966629,-0.0627138540148735,1.4178946018219,-0.241558462381363,0.14151793718338,0.741909325122833,-0.609255969524384
0.583148717880249,-0.0627684444189071,1.41785573959351,-0.242068022489548,0.142506390810013,0.741958677768707,-0.608762979507446
0.583077907562256,-0.0628173351287841,1.41787052154541,-0.242412954568863,0.143755123019218,0.742332220077515,-0.607876241207123
0.583122253417969,-0.0629038885235786,1.41792249679565,-0.243850171566009,0.145418792963028,0.741475760936737,-0.607950925827026
0.583227157592773,-0.0629063546657562,1.41782891750336,-0.24477256834507,0.146550312638283,0.741547703742981,-0.60722017288208
0.583242058753967,-0.0629840269684791,1.41786682605743,-0.245631277561188,0.147901192307472,0.741821944713593,-0.606210172176361
0.583208799362183,-0.0630839988589286,1.41791045665741,-0.246520549058914,0.149242609739304,0.741864025592804,-0.605468511581421
0.583226799964905,-0.0632243528962135,1.41785228252411,-0.246895909309387,0.150768980383873,0.742392241954803,-0.604288697242737
0.583309769630432,-0.0632925257086753,1.41774117946625,-0.247446179389954,0.151995629072189,0.742950916290283,-0.603068470954895
0.583273828029633,-0.0633521378040313,1.41773343086243,-0.247959122061729,0.153266534209251,0.743436396121979,-0.601936876773834
0.583318114280701,-0.0633587539196014,1.41754853725433,-0.248684018850327,0.154132783412933,0.743423223495483,-0.601432621479034
0.584725975990295,-0.0629202425479888,1.41822028160095,-0.254069566726685,0.157133966684341,0.74148291349411,-0.600800037384033
0.583330035209656,-0.0635633021593093,1.41769480705261,-0.250793993473053,0.157614484429359,0.743296205997467,-0.599809050559998
0.583397388458252,-0.0636984035372734,1.41761958599091,-0.251532405614853,0.159526854753494,0.743158340454102,-0.599164724349976
0.583519995212555,-0.0637601464986801,1.41754925251007,-0.252304941415787,0.161168023943901,0.743841648101807,-0.597550630569458
0.583579182624817,-0.063870295882225,1.41744613647461,-0.252590119838715,0.162971407175064,0.744330585002899,-0.596330881118774
0.583735346794128,-0.063830129802227,1.41722047328949,-0.253461480140686,0.164461761713028,0.744334518909454,-0.595546782016754
0.583751738071442,-0.0639632642269134,1.41714191436768,-0.253598660230637,0.166298657655716,0.744717061519623,-0.594498932361603
0.583756983280182,-0.0640706345438957,1.41700351238251,-0.254248648881912,0.168075278401375,0.744483113288879,-0.594014465808868
0.58386355638504,-0.064434640109539,1.41709876060486,-0.25475612282753,0.171291336417198,0.744049727916718,-0.593421161174774
0.583948135375977,-0.0645764172077179,1.41708517074585,-0.255610138177872,0.173602849245071,0.743825733661652,-0.592662572860718
0.583979785442352,-0.0646393299102783,1.41694355010986,-0.256237030029297,0.175350069999695,0.743972659111023,-0.591692090034485
0.583927392959595,-0.0647039711475372,1.4167537689209,-0.256349414587021,0.177285268902779,0.744230806827545,-0.590741455554962
0.583907008171082,-0.064746655523777,1.41652917861938,-0.256447404623032,0.179196909070015,0.744384348392487,-0.589928150177002
0.584022164344788,-0.0648627504706382,1.41644787788391,-0.257427752017975,0.181877389550209,0.74327552318573,-0.590078711509705
0.583939492702484,-0.0647486224770546,1.41617488861084,-0.257785618305206,0.183591976761818,0.742864787578583,-0.589908957481384
0.584011673927307,-0.0647658631205558,1.41602742671967,-0.258719265460968,0.185630470514297,0.742622315883636,-0.58916711807251
0.584172487258911,-0.0650783106684684,1.41625940799713,-0.258955538272858,0.189004808664322,0.742901802062988,-0.587636113166809
0.58417534828186,-0.064991757273674,1.4160168170929,-0.259980231523514,0.191030859947205,0.742207705974579,-0.587405502796173
0.584219098091125,-0.0649627894163131,1.41596293449402,-0.261032223701477,0.193207696080208,0.74121618270874,-0.587478935718536
0.584256529808044,-0.0648131445050239,1.41572344303131,-0.26166182756424,0.194872722029686,0.740896224975586,-0.587052464485168
0.584315419197083,-0.0648126751184463,1.41553604602814,-0.26199397444725,0.196826830506325,0.740996181964874,-0.586125433444977
0.584270298480988,-0.0649284198880195,1.41537344455719,-0.261496186256409,0.199449479579926,0.741075098514557,-0.585360884666443
0.584335803985596,-0.0649566501379013,1.41541635990143,-0.261932343244553,0.201715528964996,0.740938425064087,-0.584561765193939
0.584393680095673,-0.0649228021502494,1.41533052921295,-0.262768924236298,0.203719794750214,0.739719331264496,-0.585035085678101
0.584320843219757,-0.0648031458258628,1.41519391536713,-0.263097703456879,0.205585777759552,0.739288926124573,-0.584778547286987
0.584323048591614,-0.0648309364914894,1.41511392593384,-0.263013452291489,0.207477331161499,0.739284992218018,-0.584153056144714
0.584323048591614,-0.0648309364914894,1.41511392593384,-0.263013452291489,0.207477331161499,0.739284992218018,-0.584153056144714
0.584352791309357,-0.064778096973896,1.41480755805969,-0.262887686491013,0.210779145359993,0.739899575710297,-0.582246482372284
0.584336817264557,-0.0645259469747543,1.41476428508759,-0.263586938381195,0.212107256054878,0.73954576253891,-0.58189731836319
0.584344804286957,-0.0644625276327133,1.41463506221771,-0.263755708932877,0.213730648159981,0.738985538482666,-0.581938624382019
0.584303438663483,-0.0642745420336723,1.41443729400635,-0.263787627220154,0.214992761611938,0.738716423511505,-0.581800997257233
0.58435720205307,-0.0643444061279296,1.4145040512085,-0.263595014810562,0.217024981975555,0.73865932226181,-0.58120584487915
0.584441006183624,-0.0641435980796814,1.41436457633972,-0.26400625705719,0.217995792627335,0.738353848457336,-0.58104395866394
0.584403693675995,-0.0639290660619735,1.41414070129395,-0.263785362243652,0.218765094876289,0.738408505916595,-0.580785751342773
0.584412336349487,-0.0636775866150856,1.41407454013824,-0.263862580060959,0.219568252563477,0.738636016845703,-0.580157935619354
0.584420323371887,-0.0635108202695846,1.41409993171692,-0.264015197753906,0.220420017838478,0.738725543022156,-0.579651355743408
0.584420323371887,-0.0635108202695846,1.41409993171692,-0.264015197753906,0.220420017838478,0.738725543022156,-0.579651355743408
0.584494531154633,-0.0634446963667869,1.41405785083771,-0.262937068939209,0.222960561513901,0.739476680755615,-0.578210175037384
0.584506988525391,-0.0632098689675331,1.41402530670166,-0.263034969568253,0.223977282643318,0.739495873451233,-0.577748000621796
0.584462642669678,-0.0629541426897049,1.41390180587769,-0.262686133384705,0.22449417412281,0.739688813686371,-0.577459096908569
0.584486842155457,-0.0628768131136894,1.41400301456451,-0.262550622224808,0.225493788719177,0.73974472284317,-0.577059388160706
0.584505796432495,-0.0626869574189186,1.41400909423828,-0.262336492538452,0.226111814379692,0.740025818347931,-0.576554298400879
0.584505796432495,-0.0626869574189186,1.41400909423828,-0.262336492538452,0.226111814379692,0.740025818347931,-0.576554298400879
0.584515929222107,-0.0623112581670284,1.4138879776001,-0.261269003152847,0.226958200335503,0.740653216838837,-0.575900495052338
0.58434522151947,-0.0619395449757576,1.4137499332428,-0.260900884866714,0.227038726210594,0.740717589855194,-0.575953006744385
0.584397494792938,-0.0616267956793308,1.4138171672821,-0.261421293020248,0.227434381842613,0.740464448928833,-0.575886249542236
0.584398984909058,-0.0613677203655242,1.41383481025696,-0.261443883180618,0.227754667401314,0.740487039089203,-0.575720310211182
0.584431648254395,-0.0611064992845058,1.41380226612091,-0.261369526386261,0.228109672665596,0.74063366651535,-0.575424909591675
0.584407389163971,-0.060850340873003,1.41373372077942,-0.260842680931091,0.228568434715271,0.740850508213043,-0.575202763080597
0.58442747592926,-0.060610219836235,1.41394579410553,-0.260703444480896,0.229675486683845,0.741034746170044,-0.574587285518646
0.584520995616913,-0.0601971670985221,1.41390955448151,-0.261027455329895,0.229995161294937,0.740780353546143,-0.574640214443207
0.584535479545593,-0.0598842650651931,1.41393136978149,-0.26092329621315,0.230504706501961,0.740818083286285,-0.574434757232666
0.584379434585571,-0.0594819970428943,1.41382539272308,-0.260498464107513,0.230442270636559,0.741164207458496,-0.574206054210663
0.58426821231842,-0.0591859780251979,1.41376256942749,-0.259912401437759,0.231016024947166,0.741484761238098,-0.573827147483826
0.58433723449707,-0.0587326437234878,1.41376757621765,-0.260295361280441,0.231459572911263,0.741218090057373,-0.57381933927536
0.584313273429871,-0.0584508851170539,1.41376948356628,-0.259985774755478,0.232382878661156,0.741294860839844,-0.573487460613251
0.584161520004272,-0.0580148324370384,1.41362655162811,-0.259482711553574,0.232531920075417,0.741584479808807,-0.573280215263367
0.584163844585419,-0.0577579736709594,1.41363251209259,-0.259272694587708,0.233332931995392,0.741633772850037,-0.572985649108887
0.584078431129456,-0.0572837367653846,1.41364514827728,-0.259466826915741,0.233985275030136,0.741555452346802,-0.572733283042908
0.58391398191452,-0.0568513497710228,1.41353440284729,-0.258992850780487,0.234362795948982,0.741726577281952,-0.572571814060211
0.583826243877411,-0.0563403256237506,1.4133425951004,-0.259079724550247,0.234584480524063,0.741145968437195,-0.57319301366806
0.583823800086975,-0.055820032954216,1.4133152961731,-0.259582281112671,0.235031887888908,0.740843236446381,-0.573173880577087
0.583741188049316,-0.0554289892315864,1.41326880455017,-0.259395986795425,0.23579478263855,0.740832507610321,-0.572958707809448
0.583712518215179,-0.0549954399466514,1.41308522224426,-0.258993804454803,0.236555486917496,0.740883827209473,-0.572760760784149
0.583624124526978,-0.0546380952000618,1.41304695606232,-0.259064525365829,0.237462252378464,0.740509927272797,-0.572837114334106
0.583594620227814,-0.0541281476616859,1.41290652751923,-0.258944481611252,0.238056421279907,0.741123616695404,-0.571850299835205
0.583459794521332,-0.0535790026187896,1.4128235578537,-0.25905379652977,0.238695397973061,0.741378843784332,-0.571203112602234
0.583197295665741,-0.0533798411488533,1.41259622573853,-0.25830340385437,0.239666104316711,0.742018818855286,-0.570304870605469
0.583010256290436,-0.0528136268258094,1.41277551651001,-0.258944392204285,0.240627884864807,0.741804718971252,-0.569887518882751
0.582851588726044,-0.0522590577602386,1.41241586208344,-0.258456707000732,0.240611702203751,0.742372572422028,-0.569376051425934
0.582851588726044,-0.0522590577602386,1.41241586208344,-0.258456707000732,0.240611702203751,0.742372572422028,-0.569376051425934
0.582640111446381,-0.0511923059821128,1.4122850894928,-0.258736342191696,0.241752490401268,0.743443548679352,-0.567365050315857
0.582572937011719,-0.0507380701601505,1.41235899925232,-0.25904780626297,0.242545574903488,0.74361115694046,-0.566664278507233
0.582473576068878,-0.050353318452835,1.41215515136719,-0.258057504892349,0.243448793888092,0.744284749031067,-0.565843760967255
0.582430422306061,-0.049721822142601,1.41221845149994,-0.258669525384903,0.244238302111626,0.744685888290405,-0.564695119857788
0.582430422306061,-0.049721822142601,1.41221845149994,-0.258669525384903,0.244238302111626,0.744685888290405,-0.564695119857788
0.582186698913574,-0.0487034507095813,1.41195154190063,-0.258077263832092,0.245138630270958,0.746389627456665,-0.562321722507477
0.582159459590912,-0.0480536520481109,1.41201460361481,-0.258039206266403,0.245918571949005,0.746563017368317,-0.561768233776093
0.582011282444,-0.0474463179707527,1.41167390346527,-0.258111387491226,0.245966747403145,0.746473908424377,-0.561832368373871
0.581881463527679,-0.0469354279339313,1.41166770458221,-0.258326858282089,0.246785998344421,0.746789157390594,-0.560954451560974
0.581783056259155,-0.0464094281196594,1.41163063049316,-0.258272230625153,0.247465535998344,0.747424900531769,-0.559832394123077
0.581498086452484,-0.0459238924086093,1.41152000427246,-0.257920265197754,0.247963070869446,0.748027801513672,-0.558968663215637
0.581488490104675,-0.0454559810459613,1.41149652004242,-0.257848978042602,0.24929766356945,0.74833869934082,-0.557990968227386
0.581305623054504,-0.0449251122772693,1.4113792181015,-0.257318019866943,0.250406295061111,0.748802840709686,-0.557116329669952
0.581165432929993,-0.0444175004959106,1.41133666038513,-0.257230222225189,0.251209437847137,0.748868882656097,-0.556706309318542
0.581120669841766,-0.0438075065612793,1.41131067276001,-0.257639318704605,0.252028524875641,0.748664438724518,-0.556421756744385
0.58099240064621,-0.0432481504976749,1.41143655776978,-0.257906287908554,0.253131240606308,0.748352229595184,-0.55621749162674
0.58080267906189,-0.0428736507892608,1.41131782531738,-0.257393687963486,0.253874331712723,0.748111665248871,-0.556439757347107
0.580594539642334,-0.0422040522098541,1.41125822067261,-0.257885009050369,0.254908710718155,0.746999204158783,-0.557233452796936
0.580411732196808,-0.041733518242836,1.41131722927094,-0.257611900568008,0.255924999713898,0.747386753559113,-0.556373417377472
0.580212950706482,-0.041257482022047,1.41094088554382,-0.256778627634048,0.256164044141769,0.747652590274811,-0.556291699409485
0.580020427703857,-0.0408092364668846,1.4109274148941,-0.256402343511581,0.257030636072159,0.747451364994049,-0.556335926055908
0.579912960529327,-0.0402206033468246,1.41090881824493,-0.256491214036941,0.257661670446396,0.747338950634003,-0.556153833866119
0.57977020740509,-0.039741538465023,1.41097319126129,-0.256400883197784,0.258437931537628,0.747132360935211,-0.556113064289093
0.57977020740509,-0.039741538465023,1.41097319126129,-0.256400883197784,0.258437931537628,0.747132360935211,-0.556113064289093
0.579407513141632,-0.0385101959109306,1.4105110168457,-0.255978137254715,0.258592486381531,0.746507883071899,-0.557073771953583
0.579168736934662,-0.0380281321704387,1.41047513484955,-0.255552440881729,0.259046345949173,0.746191620826721,-0.55748188495636
0.578942477703094,-0.0374659039080143,1.41038835048676,-0.255567610263824,0.259158760309219,0.74573689699173,-0.558030843734741
0.578841686248779,-0.0369403176009655,1.41040670871735,-0.255787998437881,0.259775727987289,0.745121359825134,-0.55846494436264
0.578634738922119,-0.0365372747182846,1.41036570072174,-0.255071133375168,0.260403275489807,0.745285928249359,-0.558281123638153
0.578372240066528,-0.0359976813197135,1.41036629676819,-0.25500163435936,0.260805249214172,0.74496328830719,-0.558555662631989
0.577793657779694,-0.0355244576930999,1.4101756811142,-0.25531005859375,0.260719776153564,0.746088624000549,-0.556950449943542
0.577633917331696,-0.0351257845759391,1.41003227233887,-0.253580927848816,0.261432647705078,0.745044410228729,-0.55880081653595
0.577343463897705,-0.0346349403262138,1.41000878810883,-0.254330962896347,0.261734843254089,0.745959997177124,-0.557094514369965
0.577343463897705,-0.0346349403262138,1.41000878810883,-0.254330962896347,0.261734843254089,0.745959997177124,-0.557094514369965
0.576415777206421,-0.0334348008036613,1.41062498092651,-0.253953874111175,0.263121515512466,0.743863582611084,-0.559411764144897
0.576232612133026,-0.0330479703843593,1.41110420227051,-0.254406154155731,0.264576613903046,0.743446469306946,-0.559074461460114
0.576154828071594,-0.0321206003427505,1.41101801395416,-0.25492662191391,0.264703720808029,0.743110656738281,-0.559223532676697
0.575583934783936,-0.0320035330951213,1.41092205047607,-0.254163682460785,0.265354126691818,0.742608308792114,-0.559929490089417
0.575274109840393,-0.0312923565506935,1.41038465499878,-0.254288643598557,0.264580607414246,0.742036044597626,-0.560996413230896
0.575214862823486,-0.0305089447647333,1.41086268424988,-0.255331933498383,0.266002148389816,0.741186678409576,-0.560973107814789
0.574516594409943,-0.0303425621241331,1.41074573993683,-0.254479318857193,0.266521036624908,0.74137943983078,-0.560859560966492
0.574606657028198,-0.0296715684235095,1.41089415550232,-0.255218952894211,0.267344415187836,0.740564048290253,-0.561208724975586
0.573984205722809,-0.0292638186365365,1.4106308221817,-0.254578232765198,0.267715185880661,0.740624964237213,-0.561242580413818
0.574023246765137,-0.0286232698708772,1.41064381599426,-0.254873752593994,0.268741071224213,0.740234792232513,-0.561132848262787
0.573737859725952,-0.0280486065894365,1.41053926944733,-0.254986852407455,0.26917290687561,0.739884972572327,-0.561335682868958
0.573400497436523,-0.0276136063039302,1.41052782535553,-0.254512578248978,0.270252645015716,0.740329802036285,-0.560445070266724
0.573069274425507,-0.0270193647593259,1.41047990322113,-0.254716902971268,0.271145135164261,0.7400062084198,-0.560348749160767
0.572718918323517,-0.0266612451523542,1.40995216369629,-0.253633677959442,0.271100908517838,0.740467607975006,-0.560251832008362
0.572351098060608,-0.0261428710073232,1.40993905067444,-0.253802895545959,0.271817892789841,0.740125119686127,-0.560280323028564
0.57192462682724,-0.0254965852946043,1.4102041721344,-0.254344969987869,0.272869467735291,0.739549815654755,-0.560283005237579
0.571573197841644,-0.0250085350126028,1.40983545780182,-0.254341006278992,0.272739499807358,0.738193154335022,-0.56213390827179
0.571192800998688,-0.024573354050517,1.40984535217285,-0.254065245389938,0.273590356111526,0.737753808498383,-0.562422156333923
0.570852994918823,-0.0241807717829942,1.40963280200958,-0.253763228654861,0.274136364459991,0.737426817417145,-0.562721192836761
0.570493638515472,-0.0237145964056253,1.40946197509766,-0.25348773598671,0.274398356676102,0.737234592437744,-0.562969565391541
0.570118010044098,-0.0230442378669977,1.40947365760803,-0.254317551851273,0.27458468079567,0.736509203910828,-0.563453674316406
0.569814741611481,-0.0226985998451709,1.40966784954071,-0.254119247198105,0.275519609451294,0.736197233200073,-0.563494443893433
0.569431066513062,-0.0223175287246704,1.40954661369324,-0.25369980931282,0.276041686534882,0.735920369625092,-0.563789486885071
0.569138526916504,-0.0218433104455471,1.40953612327576,-0.253723442554474,0.276258707046509,0.73590099811554,-0.563697934150696
0.568836987018585,-0.0214759670197963,1.40934681892395,-0.253493785858154,0.276367753744125,0.735803663730621,-0.563874781131744
0.568560004234314,-0.0209357291460037,1.40889286994934,-0.253197640180588,0.275734901428223,0.73577219247818,-0.564358472824097
0.568325817584991,-0.020555255934596,1.40876758098602,-0.253236711025238,0.27607673406601,0.735410690307617,-0.564644873142242
0.567941665649414,-0.0202206652611494,1.40869069099426,-0.253892779350281,0.276293158531189,0.73629504442215,-0.563089847564697
0.567765116691589,-0.0198037102818489,1.4086287021637,-0.253110527992248,0.276674807071686,0.734830439090729,-0.56516420841217
0.567370057106018,-0.0193227045238018,1.40856969356537,-0.253352493047714,0.276748716831207,0.734209895133972,-0.565825521945953
0.567210853099823,-0.0189187843352556,1.40857911109924,-0.253764122724533,0.277269333600998,0.733652532100677,-0.566109001636505
0.567021369934082,-0.0185336787253618,1.40852677822113,-0.253956645727158,0.277603656053543,0.732852101325989,-0.566895067691803
0.566792905330658,-0.0181258544325828,1.4084700345993,-0.253978192806244,0.277881324291229,0.732381522655487,-0.567357420921326
0.566608905792236,-0.0179138202220201,1.40847659111023,-0.253558218479156,0.27860015630722,0.731865525245667,-0.567858338356018
0.566433846950531,-0.0174774341285228,1.40840184688568,-0.25359696149826,0.278720408678055,0.731828272342682,-0.567829966545105
0.566279470920563,-0.0170716047286987,1.40843939781189,-0.253628134727478,0.279161691665649,0.731728434562683,-0.567728042602539
0.566108524799347,-0.0167079288512468,1.40838813781738,-0.253175795078278,0.279546350240707,0.731739819049835,-0.567725956439972
0.56597375869751,-0.0164320543408393,1.4085134267807,-0.252910912036896,0.2802814245224,0.731662631034851,-0.567581057548523
0.56587952375412,-0.0162607338279485,1.40845441818237,-0.252046287059784,0.280689626932144,0.732318103313446,-0.566918253898621
0.565739095211029,-0.0160211734473705,1.40849792957306,-0.251807123422623,0.281084954738617,0.732555866241455,-0.566521346569061
0.565660953521729,-0.0157683193683624,1.40842509269714,-0.251415252685547,0.281334668397903,0.732914865016937,-0.566106915473938
0.565579652786255,-0.0154134798794984,1.40841019153595,-0.251399368047714,0.2816122174263,0.732940912246704,-0.565942168235779
0.565548360347748,-0.0154485814273357,1.40846884250641,-0.250049978494644,0.282831996679306,0.733804523944855,-0.564811646938324
0.565508663654327,-0.0152885559946298,1.40848922729492,-0.249507620930672,0.283585667610168,0.733934044837952,-0.564505040645599
0.565626263618469,-0.0148680619895458,1.40858340263367,-0.24946354329586,0.283753216266632,0.734270513057709,-0.564002633094788
0.565592348575592,-0.0148029550909996,1.40858423709869,-0.248898133635521,0.284170269966125,0.734853804111481,-0.563282191753387
0.565371632575989,-0.0146994292736053,1.40862369537354,-0.248411521315575,0.28466984629631,0.735542416572571,-0.562345206737518
0.565578877925873,-0.0144875794649124,1.40861237049103,-0.247928977012634,0.284747719764709,0.73615837097168,-0.561712443828583
0.56555962562561,-0.0142707470804452,1.4085853099823,-0.247582972049713,0.284716784954071,0.736587584018707,-0.561317920684814
0.56553065776825,-0.013976065441966,1.40850186347961,-0.247373625636101,0.284413903951645,0.73712295293808,-0.560860872268677
0.565515875816345,-0.0138977468013763,1.40850603580475,-0.246577143669128,0.28466871380806,0.737471580505371,-0.56062388420105
0.565410971641541,-0.0139820221811532,1.40848767757416,-0.245800763368607,0.284960985183716,0.738124012947083,-0.559957325458527
0.565464496612549,-0.0138890631496906,1.40855121612549,-0.245417043566704,0.285158663988113,0.738751590251923,-0.559196829795837
0.565459609031677,-0.0138411149382591,1.40854835510254,-0.244684413075447,0.285262137651443,0.739136934280396,-0.558955907821655
0.565499842166901,-0.0137984231114387,1.40856719017029,-0.244144156575203,0.285316407680511,0.739556610584259,-0.558609127998352
0.565538644790649,-0.0138097610324621,1.40860950946808,-0.243607863783836,0.28542947769165,0.739904940128326,-0.558324217796326
0.565609633922577,-0.0137494653463363,1.40863931179047,-0.243202909827232,0.28541088104248,0.740188777446747,-0.558134078979492
0.565609633922577,-0.0137494653463363,1.40863931179047,-0.243202909827232,0.28541088104248,0.740188777446747,-0.558134078979492
0.565798223018646,-0.0137613229453563,1.40874850749969,-0.2425447255373,0.285424590110779,0.740519940853119,-0.55797404050827
0.565910875797272,-0.0137506145983934,1.4088226556778,-0.242306903004646,0.285375863313675,0.740714550018311,-0.55784410238266
0.566155850887299,-0.0136843733489513,1.40895521640778,-0.242375507950783,0.285363376140594,0.740746021270752,-0.557778894901276
0.566280484199524,-0.0136423669755458,1.40898656845093,-0.242157697677612,0.285075753927231,0.740777730941772,-0.557978391647339
0.566280484199524,-0.0136423669755458,1.40898656845093,-0.242157697677612,0.285075753927231,0.740777730941772,-0.557978391647339
0.566580653190613,-0.0137812383472919,1.4091614484787,-0.241601884365082,0.284964680671692,0.741232872009277,-0.557671546936035
0.566726863384247,-0.0137780774384737,1.40918874740601,-0.241135641932487,0.284728318452835,0.741400361061096,-0.557771384716034
0.566861867904663,-0.0138886515051126,1.40926456451416,-0.240817710757255,0.284591168165207,0.741693377494812,-0.557588994503021
0.566998839378357,-0.0139615312218666,1.40934276580811,-0.240516468882561,0.284454166889191,0.741738259792328,-0.557729482650757
0.567157804965973,-0.0139986183494329,1.40938293933868,-0.240219682455063,0.284071505069733,0.741972982883453,-0.557740092277527
0.567319869995117,-0.0140763968229293,1.40945971012115,-0.239917680621147,0.283750414848328,0.742326855659485,-0.55756276845932
0.567502677440643,-0.0141087658703327,1.40948712825775,-0.239558443427086,0.282904624938965,0.74357545375824,-0.556482076644897
0.567670524120331,-0.0141853522509336,1.40953838825226,-0.239221110939979,0.282454371452331,0.743929207324982,-0.55638313293457
0.567528486251831,-0.0145540554076433,1.40943098068237,-0.23799142241478,0.281838864088058,0.744652986526489,-0.556254386901855
0.567676186561584,-0.0146892964839935,1.40955650806427,-0.237642824649811,0.281631380319595,0.744822084903717,-0.556282103061676
0.568243622779846,-0.014541856944561,1.40981340408325,-0.238459765911102,0.281344592571258,0.744420945644379,-0.556614518165588
0.568412363529205,-0.0146229304373264,1.40984177589417,-0.238163128495216,0.280932188034058,0.744540452957153,-0.556789815425873
0.568618893623352,-0.0147826839238405,1.40984725952148,-0.23773892223835,0.280538886785507,0.74469792842865,-0.556958973407745
0.568450331687927,-0.0151601992547512,1.40970981121063,-0.236380472779274,0.279811561107635,0.745409905910492,-0.556950628757477
0.569073557853699,-0.0151248816400766,1.409987449646,-0.237269654870033,0.279633522033691,0.745366394519806,-0.556720018386841
0.569073557853699,-0.0151248816400766,1.409987449646,-0.237269654870033,0.279633522033691,0.745366394519806,-0.556720018386841
0.569169342517853,-0.0156223867088556,1.41013932228088,-0.236175328493118,0.278689503669739,0.746483981609344,-0.556161165237427
0.56968092918396,-0.0155967250466346,1.41020882129669,-0.236478894948959,0.278321981430054,0.746314883232117,-0.55644291639328
0.569824516773224,-0.0158545095473527,1.41042590141296,-0.23588190972805,0.278412491083145,0.74678111076355,-0.556025266647339
0.570172548294067,-0.0160618759691715,1.41044068336487,-0.235547974705696,0.277581691741943,0.748204231262207,-0.554667472839355
0.570342063903809,-0.0162821225821971,1.41057014465332,-0.236089736223221,0.277043730020523,0.749617636203766,-0.552794635295868
0.570573687553406,-0.0164226163178682,1.41056513786316,-0.234933331608772,0.276519566774368,0.749058365821838,-0.554305791854858
0.570667624473572,-0.0168497432023286,1.41072654724121,-0.234857723116875,0.276269912719727,0.750658333301544,-0.552294135093689
0.570832133293152,-0.0170294698327779,1.41073977947235,-0.234714820981026,0.275602728128433,0.750727951526642,-0.552593529224396
0.570973336696625,-0.0174221824854612,1.4108943939209,-0.234414130449295,0.275191962718964,0.75110399723053,-0.552415013313293
0.571308791637421,-0.0175916366279125,1.41096127033234,-0.233721196651459,0.274520635604858,0.750091135501862,-0.554415225982666
0.571377754211426,-0.0177811868488788,1.41094291210175,-0.233574375510216,0.273375540971756,0.75050163269043,-0.554487347602844
0.571429908275604,-0.0181100647896528,1.41149425506592,-0.234417483210564,0.273777216672897,0.751666843891144,-0.552350878715515
0.571696400642395,-0.0183390248566865,1.41106700897217,-0.233776316046715,0.272135943174362,0.752718389034271,-0.552001655101776
0.572015166282654,-0.018396632745862,1.41130197048187,-0.233287036418915,0.271574139595032,0.752015590667725,-0.553441345691681
0.572092592716217,-0.0187539756298065,1.41109943389893,-0.23318038880825,0.270290374755859,0.754236280918121,-0.55108779668808
0.572585999965668,-0.0190133992582559,1.41121232509613,-0.232786491513252,0.270006090402603,0.753435909748077,-0.552486658096313
0.572871565818787,-0.0191314462572336,1.41126263141632,-0.232808083295822,0.269269227981567,0.753690123558044,-0.552490472793579
0.572988510131836,-0.0194710120558738,1.41136312484741,-0.232732966542244,0.268890827894211,0.753763318061829,-0.552606523036957
0.573199152946472,-0.0198197308927774,1.41151177883148,-0.232815772294998,0.268478274345398,0.753977477550507,-0.552480161190033
0.57325291633606,-0.0201979614794254,1.41182768344879,-0.232610136270523,0.268550783395767,0.754339873790741,-0.552036583423615
0.573290288448334,-0.0207285545766353,1.41119015216827,-0.23140960931778,0.266787439584732,0.754939436912537,-0.552576303482056
0.573424994945526,-0.0210452582687139,1.41132605075836,-0.231761619448662,0.266175866127014,0.754993498325348,-0.552649796009064
0.57353937625885,-0.0212179906666278,1.41136074066162,-0.232212796807289,0.26501139998436,0.754888474941254,-0.553163409233093
0.573611855506897,-0.0214658863842487,1.41120553016663,-0.231888681650162,0.263925850391388,0.755106508731842,-0.553520619869232
0.573665618896484,-0.0218000058084726,1.41132473945618,-0.231775000691414,0.263420730829239,0.755324184894562,-0.553511798381805
0.573790013790131,-0.022251920774579,1.41140031814575,-0.231471583247185,0.263007819652557,0.755832016468048,-0.553141713142395
0.573877334594727,-0.0226628370583057,1.41143536567688,-0.231497660279274,0.262324750423431,0.756245672702789,-0.552889823913574
0.573924005031586,-0.022975081577897,1.41182100772858,-0.231610000133514,0.262343198060989,0.756050169467926,-0.553101241588593
0.574118852615356,-0.0235765613615512,1.41203832626343,-0.231231406331062,0.262242674827576,0.757534086704254,-0.551274120807648
0.574223399162292,-0.024059334769845,1.41208934783936,-0.231282025575638,0.26150369644165,0.757823050022125,-0.551206529140472
0.574310660362244,-0.0243593454360961,1.41211926937103,-0.231775358319283,0.260526388883591,0.758086502552032,-0.551099956035614
0.574382126331329,-0.0247207470238208,1.41179513931274,-0.231908306479454,0.259154260158539,0.758382380008698,-0.551283836364746
0.57444840669632,-0.0251149758696556,1.41169428825378,-0.231772854924202,0.258090615272522,0.758905112743378,-0.551120519638062
0.57444840669632,-0.0251149758696556,1.41169428825378,-0.231772854924202,0.258090615272522,0.758905112743378,-0.551120519638062
0.574704945087433,-0.0257785692811012,1.41180753707886,-0.233238741755486,0.256541520357132,0.758608162403107,-0.551633775234222
0.57479202747345,-0.0261590648442506,1.41184449195862,-0.233476966619491,0.255644351243973,0.759118437767029,-0.551247358322144
0.574776709079742,-0.0267553124576807,1.41183006763458,-0.232700645923615,0.255165457725525,0.759951829910278,-0.550648927688599
0.57498574256897,-0.0271728467196226,1.41193604469299,-0.233643740415573,0.254552006721497,0.759977579116821,-0.550498008728027
0.57498574256897,-0.0271728467196226,1.41193604469299,-0.233643740415573,0.254552006721497,0.759977579116821,-0.550498008728027
0.575114905834198,-0.0281339436769485,1.41215193271637,-0.233911424875259,0.253530532121658,0.760186553001404,-0.550567150115967
0.575213730335236,-0.0285226069390773,1.41215038299561,-0.234395891427994,0.252663135528564,0.759969234466553,-0.551059722900391
0.575324058532715,-0.0288622975349426,1.41216850280762,-0.235095515847206,0.25148594379425,0.760190844535828,-0.550994515419006
0.575324058532715,-0.0288622975349426,1.41216850280762,-0.235095515847206,0.25148594379425,0.760190844535828,-0.550994515419006
0.575407326221466,-0.0297330636531114,1.41218376159668,-0.235374972224236,0.24981951713562,0.759949028491974,-0.551965832710266
0.575574159622192,-0.0300558488816022,1.41219282150269,-0.235863342881203,0.248799860477448,0.760364174842834,-0.551646292209625
0.575774431228638,-0.0305251348763704,1.41221129894257,-0.236305043101311,0.248001500964165,0.760315299034119,-0.55188399553299
0.575854361057281,-0.0311047658324241,1.41229569911957,-0.236025437712669,0.247569799423218,0.760543406009674,-0.551883220672607
0.575893640518188,-0.0315025709569454,1.41223835945129,-0.235869094729423,0.246492952108383,0.761099636554718,-0.551665067672729
0.575954854488373,-0.0319330133497715,1.41215920448303,-0.235903456807137,0.245432808995247,0.760980427265167,-0.55228728055954
0.576062738895416,-0.032143548130989,1.41202569007874,-0.236481204628944,0.243684098124504,0.760472357273102,-0.553512930870056
0.576017320156097,-0.0322236940264701,1.41208457946777,-0.238223150372505,0.241135358810425,0.75922018289566,-0.555597305297852
0.576371490955353,-0.0330896377563476,1.41218400001526,-0.237113311886787,0.242499053478241,0.760214686393738,-0.554116547107697
0.576569557189941,-0.0334699749946594,1.41223645210266,-0.237868160009384,0.241622135043144,0.759899079799652,-0.554608821868896
0.576634168624878,-0.033950138837099,1.41215825080872,-0.237592771649361,0.240751966834068,0.760184228420258,-0.554714500904083
0.576897799968719,-0.0344522893428802,1.412278175354,-0.237959519028664,0.240616619586944,0.759882211685181,-0.555029690265656
0.577092051506042,-0.0348278172314167,1.41229391098022,-0.238504856824875,0.239845484495163,0.759753227233887,-0.555305957794189
0.577272176742554,-0.0352381691336631,1.41230893135071,-0.2387535572052,0.239074051380157,0.759779512882233,-0.555495738983154
0.577404141426086,-0.0356768257915973,1.4126170873642,-0.238881543278694,0.238866329193115,0.759790778160095,-0.555514752864838
0.577628672122955,-0.0360164679586887,1.41263294219971,-0.239472761750221,0.237915769219398,0.759674608707428,-0.555826783180237
0.57783317565918,-0.0362556278705596,1.4126284122467,-0.240452453494072,0.236579373478889,0.758874595165253,-0.557065784931183
0.57808518409729,-0.0366708599030971,1.41262364387512,-0.240761309862137,0.235902771353722,0.758437275886536,-0.557814300060272
0.578183054924011,-0.0370591208338737,1.41259169578552,-0.240766853094101,0.235114902257919,0.758466780185699,-0.558104395866394
0.57831484079361,-0.0374481491744518,1.41253912448883,-0.2405536621809,0.234270021319389,0.758452773094177,-0.558570444583893
0.578674674034119,-0.0379061177372932,1.4126341342926,-0.240927264094353,0.23384091258049,0.758375942707062,-0.558693587779999
0.578940093517303,-0.0382928028702735,1.41235899925232,-0.241056472063064,0.232754409313202,0.758032441139221,-0.55955708026886
0.579151451587677,-0.0386360362172126,1.41239559650421,-0.2409837692976,0.232094272971153,0.758429050445557,-0.559325039386749
0.579462170600891,-0.0390304401516914,1.41239476203918,-0.240881815552711,0.231709182262421,0.758474290370941,-0.559467315673828
0.579462170600891,-0.0390304401516914,1.41239476203918,-0.240881815552711,0.231709182262421,0.758474290370941,-0.559467315673828
0.579913794994354,-0.039712768048048,1.41259372234344,-0.240986764431,0.230921000242233,0.758692622184753,-0.559451878070831
0.580239057540894,-0.0399928651750087,1.41253960132599,-0.241147324442863,0.230293810367584,0.758689522743225,-0.559645414352417
0.580639660358429,-0.040336363017559,1.41262233257294,-0.241503477096558,0.229908406734466,0.758839666843414,-0.559446692466736
0.580757737159729,-0.0402565374970436,1.4126832485199,-0.242991387844086,0.227267503738403,0.757785141468048,-0.561307728290558
0.581155300140381,-0.0409407913684845,1.41281354427338,-0.241790324449539,0.228661149740219,0.759072959423065,-0.559517383575439
0.581460177898407,-0.0413646101951599,1.41286754608154,-0.241612911224365,0.228152200579643,0.759212493896484,-0.559612691402435
0.581818759441376,-0.0417161583900451,1.41282308101654,-0.241406515240669,0.227865040302277,0.759328961372375,-0.55966055393219
0.582000255584717,-0.0416889041662216,1.41284644603729,-0.242814272642136,0.225718915462494,0.758155345916748,-0.561509311199188
0.582000255584717,-0.0416889041662216,1.41284644603729,-0.242814272642136,0.225718915462494,0.758155345916748,-0.561509311199188
0.582769453525543,-0.0425081774592399,1.41268742084503,-0.241767108440399,0.225953191518784,0.759443163871765,-0.560124933719635
0.583008706569672,-0.0428226143121719,1.41269516944885,-0.241286471486092,0.225594401359558,0.759897768497467,-0.559860289096832
0.583273649215698,-0.043065533041954,1.41264951229095,-0.241131693124771,0.225003853440285,0.759896099567413,-0.560166716575623
0.583540439605713,-0.0433920212090015,1.41270852088928,-0.240977600216866,0.224813669919968,0.759938597679138,-0.560251772403717
0.58390998840332,-0.0437452420592308,1.41275084018707,-0.240936741232872,0.224640503525734,0.759788691997528,-0.560542106628418
0.584290862083435,-0.0441164150834083,1.41278684139252,-0.240565955638885,0.224327638745308,0.760032534599304,-0.560495972633362
0.584458470344543,-0.0443227216601371,1.41274106502533,-0.240510761737823,0.223552763462067,0.760069787502289,-0.560778737068176
0.584795713424683,-0.044679120182991,1.41287326812744,-0.24047788977623,0.223516315221786,0.760267674922943,-0.560539066791534
0.585168838500977,-0.0450609475374221,1.41296291351318,-0.240404292941093,0.223504275083542,0.760495185852051,-0.560266613960266
0.585449814796448,-0.0452966466546058,1.41287636756897,-0.240381985902786,0.222853928804397,0.760262787342072,-0.560850381851196
0.585723638534546,-0.045561634004116,1.41292798519135,-0.240325480699539,0.222598895430565,0.760097563266754,-0.56119978427887
0.586106717586517,-0.0459249876439571,1.41301941871643,-0.240100309252739,0.222333639860153,0.761013150215149,-0.56015944480896
0.586322009563446,-0.0461145900189876,1.4128999710083,-0.239742040634155,0.221470564603805,0.761549413204193,-0.559925973415375
0.586545825004578,-0.0463880933821201,1.41293513774872,-0.239498734474182,0.22091343998909,0.762080430984497,-0.559527575969696
0.586790025234222,-0.0466780439019203,1.41288864612579,-0.239325538277626,0.220316126942634,0.762331426143646,-0.559495210647583
0.587035775184631,-0.0470199100673198,1.41294527053833,-0.239217400550842,0.219917327165604,0.762317836284637,-0.559716999530792
0.587324321269989,-0.047285072505474,1.41299962997437,-0.239236503839493,0.21951350569725,0.762178301811218,-0.560057163238525
0.58754700422287,-0.0476183667778968,1.41310942173004,-0.239090800285339,0.219167187809944,0.762319505214691,-0.560062766075134
0.587838292121887,-0.0479141734540462,1.41324043273926,-0.239620745182037,0.218513324856758,0.761789977550507,-0.560811817646027
0.588053524494171,-0.0481737591326236,1.4132331609726,-0.239770755171776,0.217486873269081,0.761576414108276,-0.561436533927917
0.588122606277466,-0.0481318831443786,1.41305029392242,-0.240695580840111,0.214899525046348,0.760273337364197,-0.563798129558563
0.588122606277466,-0.0481318831443786,1.41305029392242,-0.240695580840111,0.214899525046348,0.760273337364197,-0.563798129558563
0.588789939880371,-0.049075573682785,1.41326200962067,-0.239730358123779,0.215839251875877,0.760637700557709,-0.563358724117279
0.588818550109863,-0.0489790067076683,1.41322731971741,-0.241126880049706,0.213090091943741,0.759143114089966,-0.565820097923279
0.588818550109863,-0.0489790067076683,1.41322731971741,-0.241126880049706,0.213090091943741,0.759143114089966,-0.565820097923279
0.589318811893463,-0.0499956458806991,1.41338467597961,-0.2394028455019,0.213765650987625,0.760332703590393,-0.564698874950409
0.589688777923584,-0.0502792075276374,1.41350018978119,-0.240003526210785,0.213548824191093,0.759832561016083,-0.56519877910614
0.589817047119141,-0.050537534058094,1.41353464126587,-0.240056604146957,0.212876066565514,0.759475946426392,-0.565908968448639
0.589918673038483,-0.0506932139396667,1.41347062587738,-0.240103408694267,0.212086334824562,0.759153127670288,-0.566618382930756
0.590099334716797,-0.0508651994168758,1.41339552402496,-0.240242436528206,0.211225211620331,0.758711278438568,-0.567472100257874
0.590235412120819,-0.0511193983256816,1.41339445114136,-0.240220606327057,0.210547134280205,0.75859671831131,-0.567886412143707
0.590370178222656,-0.05144664645195,1.413409948349,-0.240248396992683,0.209994360804558,0.758191227912903,-0.568620502948761
0.590505838394165,-0.0516117140650749,1.4133780002594,-0.240518465638161,0.209255561232567,0.757521092891693,-0.569670855998993
0.590625703334808,-0.0517292842268943,1.41337668895721,-0.241046965122223,0.208300650119781,0.756912529468536,-0.570605576038361
0.590757071971893,-0.0519069358706474,1.41339063644409,-0.241362616419792,0.207901269197464,0.756246089935303,-0.571500778198242
0.590863227844238,-0.0520828515291214,1.4133917093277,-0.241565972566605,0.207478001713753,0.755714118480682,-0.572271883487701
0.59097158908844,-0.0522269494831562,1.41337788105011,-0.24199090898037,0.206965565681457,0.755300223827362,-0.572824060916901
0.59101790189743,-0.0524025522172451,1.41339874267578,-0.242049276828766,0.206572875380516,0.754693746566772,-0.57373970746994
0.591105759143829,-0.0525553934276104,1.41340947151184,-0.24231681227684,0.206084236502647,0.754276216030121,-0.574351251125336
0.591198623180389,-0.0527960062026977,1.41352128982544,-0.242582097649574,0.205951392650604,0.753775715827942,-0.574943661689758
0.591307461261749,-0.0530553832650184,1.41360878944397,-0.242754429578781,0.205869808793068,0.753380537033081,-0.575417876243591
0.591320335865021,-0.0533819273114204,1.41363728046417,-0.242232292890549,0.205744415521622,0.753412902355194,-0.575640380382538
0.591240108013153,-0.0534323491156101,1.41355991363525,-0.242333561182022,0.205195680260658,0.753019452095032,-0.576308071613312
0.591328978538513,-0.0535109154880046,1.41347646713257,-0.242608785629272,0.204683810472488,0.752783060073853,-0.576683044433594
0.591337084770203,-0.0536632761359214,1.4134418964386,-0.242505043745041,0.20455801486969,0.752599358558655,-0.577010929584503
0.591351449489594,-0.0538069270551204,1.41342806816101,-0.242635518312454,0.204336553812027,0.752365529537201,-0.577339291572571
0.591372311115265,-0.0539501868188381,1.41341054439545,-0.242650419473648,0.204209357500076,0.752131044864655,-0.577683508396149
0.591390490531921,-0.0540744811296463,1.41339576244354,-0.242814779281616,0.204023733735085,0.751786649227142,-0.578128159046173
0.591401696205139,-0.0542178601026535,1.4133608341217,-0.242904812097549,0.203743994235992,0.75171172618866,-0.578286290168762
0.591423451900482,-0.0543697662651538,1.4133563041687,-0.242964297533035,0.203722849488258,0.751555025577545,-0.578472435474396
0.591483175754547,-0.0545171350240707,1.41336119174957,-0.24334953725338,0.203732669353485,0.751384317874908,-0.578528821468353
0.591436207294464,-0.054579310119152,1.41319704055786,-0.243235662579536,0.203302562236786,0.751437783241272,-0.578658580780029
0.591455459594727,-0.0548488087952137,1.41313743591309,-0.24277900159359,0.20342805981636,0.751706480979919,-0.578457236289978
0.591354727745056,-0.054835632443428,1.41312098503113,-0.243076160550117,0.203187316656113,0.751630306243896,-0.578516066074371
0.591354727745056,-0.054835632443428,1.41312098503113,-0.243076160550117,0.203187316656113,0.751630306243896,-0.578516066074371
0.591320097446442,-0.0550638362765312,1.41306042671204,-0.243254601955414,0.20328913629055,0.751583158969879,-0.578466594219208
0.591329574584961,-0.0552753135561943,1.41315448284149,-0.243356302380562,0.203675255179405,0.751702606678009,-0.578132569789886
0.591261625289917,-0.0552877746522426,1.41296780109406,-0.243301510810852,0.203421220183372,0.751792252063751,-0.578128576278687
0.591263949871063,-0.055383376777172,1.4130163192749,-0.243481650948524,0.203648462891579,0.751869082450867,-0.577872812747955
0.591263949871063,-0.055383376777172,1.4130163192749,-0.243481650948524,0.203648462891579,0.751869082450867,-0.577872812747955
0.591212749481201,-0.0555974245071411,1.41296565532684,-0.243600904941559,0.204005628824234,0.752099215984344,-0.577396869659424
0.591212749481201,-0.0555974245071411,1.41296565532684,-0.243600904941559,0.204005628824234,0.752099215984344,-0.577396869659424
0.591193675994873,-0.0558989681303501,1.41304349899292,-0.243833005428314,0.204636082053185,0.7524054646492,-0.576676249504089
0.59117317199707,-0.0559750311076641,1.41299510002136,-0.2439284324646,0.204753041267395,0.752609848976135,-0.576327621936798
0.5910924077034,-0.0561667568981647,1.41294944286346,-0.243634879589081,0.204977929592133,0.752998948097229,-0.575863480567932
0.591032803058624,-0.056203968822956,1.41275811195374,-0.243537500500679,0.204908668994904,0.753286480903625,-0.575553178787231
0.590988755226135,-0.0563208758831024,1.41274309158325,-0.243808746337891,0.205142572522163,0.753573000431061,-0.574979662895203
0.590946555137634,-0.0564533993601799,1.41272306442261,-0.243836179375648,0.205432832241058,0.753904640674591,-0.574429333209991
0.590887367725372,-0.0565750822424888,1.41268932819366,-0.243864193558693,0.205734521150589,0.754150569438934,-0.5739865899086
0.590838551521301,-0.0567125044763088,1.41265738010406,-0.243887111544609,0.206030860543251,0.754677414894104,-0.573177456855774
0.590776741504669,-0.0568320825695991,1.41262423992157,-0.243952840566635,0.206330195069313,0.755071997642517,-0.572521865367889
0.59067976474762,-0.0569459609687328,1.41269528865814,-0.244215324521065,0.206777051091194,0.755598664283752,-0.571553170681
0.590616822242737,-0.0570487156510353,1.41266787052155,-0.244408503174782,0.207049384713173,0.755827963352203,-0.571068465709686
0.590616822242737,-0.0570487156510353,1.41266787052155,-0.244408503174782,0.207049384713173,0.755827963352203,-0.571068465709686
0.590458393096924,-0.0573773756623268,1.41267311573029,-0.24448336660862,0.20793579518795,0.757039070129395,-0.569106817245483
0.590425372123718,-0.0574446655809879,1.41262698173523,-0.244855433702469,0.208194136619568,0.757261335849762,-0.568556368350983
0.590408623218536,-0.0575699247419834,1.41263592243195,-0.245274201035499,0.208749502897262,0.757692098617554,-0.567597448825836
0.590265452861786,-0.0576864667236804,1.41259825229645,-0.245440661907196,0.209165036678314,0.7580246925354,-0.566928088665009
0.590142369270325,-0.0576856359839439,1.41237044334412,-0.2457205504179,0.209196999669075,0.758411228656769,-0.566277801990509
0.589933276176453,-0.057818129658699,1.41239976882935,-0.245853245258331,0.209666550159454,0.758875906467438,-0.565423369407654
0.589782655239105,-0.057974025607109,1.41238927841187,-0.246410757303238,0.210640385746956,0.758216261863708,-0.565703630447388
0.589559078216553,-0.0580788664519786,1.41231000423431,-0.246462166309357,0.210991129279137,0.759020745754242,-0.564470231533051
0.589454710483551,-0.0582107715308666,1.41229104995728,-0.246464595198631,0.211937084794044,0.759627103805542,-0.563298165798187
0.589247822761536,-0.0583159923553466,1.41225707530975,-0.246711939573288,0.212658733129501,0.760284841060638,-0.562029004096985
0.589129686355591,-0.0585063509643077,1.41239738464355,-0.247309222817421,0.213977247476578,0.760716080665588,-0.560680866241455
0.58887392282486,-0.0584860555827617,1.4122029542923,-0.247687965631485,0.214557394385338,0.761082172393799,-0.559794247150421
0.588640987873077,-0.0585928410291671,1.41213178634644,-0.248106643557548,0.215478211641312,0.761467397212982,-0.55873042345047
0.588446617126465,-0.0587501972913742,1.412189245224,-0.248763933777809,0.216562613844871,0.76189911365509,-0.557428896427155
0.588292837142944,-0.0587761029601097,1.41209614276886,-0.249449536204338,0.217220783233642,0.762457489967346,-0.556101262569427
0.588064253330231,-0.058852232992649,1.41198801994324,-0.24988742172718,0.21824061870575,0.762850224971771,-0.554965734481812
0.587799191474915,-0.0587559454143047,1.41176342964172,-0.250352442264557,0.218763172626495,0.763540983200073,-0.553598582744598
0.587493658065796,-0.0588158443570137,1.41183519363403,-0.251032620668411,0.220006033778191,0.764139890670776,-0.551969289779663
0.587243378162384,-0.0588911697268486,1.41173136234283,-0.251938253641128,0.221300974488258,0.763529241085052,-0.551884353160858
0.587069451808929,-0.0589902736246585,1.41167855262756,-0.252578943967819,0.222833707928658,0.764418959617615,-0.549738943576813
0.586936295032501,-0.058974951505661,1.41159582138062,-0.253425419330597,0.224090069532394,0.764980614185333,-0.548054873943329
0.586603224277496,-0.0588772743940353,1.41148912906647,-0.254102170467377,0.225174069404602,0.7653728723526,-0.546747744083405
0.586440980434418,-0.0588922463357448,1.41145741939545,-0.25492662191391,0.22628752887249,0.765826404094696,-0.545267224311829
0.585929155349731,-0.058865800499916,1.41131734848022,-0.254841059446335,0.227133467793465,0.766593933105469,-0.543875217437744
0.585682451725006,-0.0588073059916496,1.41118359565735,-0.255407303571701,0.227873265743256,0.767502009868622,-0.542016267776489
0.585375607013702,-0.0588187202811241,1.41108763217926,-0.25592702627182,0.228809297084808,0.76814192533493,-0.540468156337738
0.585084915161133,-0.0588565692305564,1.41136085987091,-0.256622582674026,0.23051580786705,0.768504798412323,-0.538895010948181
0.584617555141449,-0.0585381314158439,1.41114497184753,-0.259036928415298,0.229658454656601,0.769157767295837,-0.537171483039856
0.584503948688507,-0.0585155040025711,1.41091477870941,-0.258672744035721,0.230885878205299,0.76847368478775,-0.537799417972565
0.584408044815063,-0.059063397347927,1.4108874797821,-0.256946831941605,0.234187409281731,0.770455360412598,-0.534353077411652
0.584120213985443,-0.05910100415349,1.41093993186951,-0.257445961236954,0.235247001051903,0.771016359329224,-0.532835960388184
0.583759903907776,-0.0590376295149326,1.41081058979034,-0.257504373788834,0.236099720001221,0.771555244922638,-0.53164929151535
0.58350658416748,-0.0590320788323879,1.41080260276794,-0.257997632026672,0.236960247159004,0.772153556346893,-0.530156552791595
0.583083689212799,-0.0584756135940551,1.41055715084076,-0.260536134243011,0.235141739249229,0.771195232868195,-0.531119048595428
0.582853317260742,-0.0587659366428852,1.41067802906036,-0.259139031171799,0.238236889243126,0.773118793964386,-0.527614831924438
0.582352221012115,-0.0583275742828846,1.41067898273468,-0.261871367692947,0.236899897456169,0.773612439632416,-0.526142299175262
0.582040131092072,-0.0582902282476425,1.41056764125824,-0.262029200792313,0.237594574689865,0.774102866649628,-0.525027990341187
