x,y,z,q0,q1,q2,q3
-0.605894446372986,-0.114983916282654,1.34620201587677,-0.381863117218018,0.234766602516174,0.647516429424286,0.616269111633301
-0.605760633945465,-0.115299001336098,1.34626615047455,-0.38188973069191,0.234467461705208,0.647847533226013,0.61601847410202
-0.605603814125061,-0.11558111011982,1.34629952907562,-0.381982862949371,0.234136685729027,0.648325085639954,0.615583956241608
-0.605468511581421,-0.115876376628876,1.34635257720947,-0.382050037384033,0.234136939048767,0.648870229721069,0.614967584609985
-0.605330765247345,-0.116068735718727,1.34643185138702,-0.382058501243591,0.233994796872139,0.649363934993744,0.614495038986206
-0.605388402938843,-0.116486586630344,1.34641981124878,-0.382100999355316,0.233261004090309,0.649682402610779,0.614410996437073
-0.605236530303955,-0.116779781877994,1.34645771980286,-0.382024496793747,0.233126476407051,0.650170862674713,0.613992691040039
-0.605032444000244,-0.117117770016193,1.34648633003235,-0.382023394107819,0.232839465141296,0.650649011135101,0.613595604896545
-0.604848861694336,-0.117387369275093,1.34650826454163,-0.382064372301102,0.232691541314125,0.651066541671753,0.613183319568634
-0.60462087392807,-0.117645233869553,1.34661900997162,-0.382068753242493,0.232722565531731,0.651478707790375,0.612730920314789
-0.604137599468231,-0.117706604301929,1.3467333316803,-0.381837546825409,0.233251005411148,0.652055501937866,0.612060248851776
-0.603947103023529,-0.117874942719936,1.34677147865295,-0.381946116685867,0.233098953962326,0.652575790882111,0.611495554447174
-0.603787302970886,-0.118112944066525,1.3467925786972,-0.381794333457947,0.232974871993065,0.653246819972992,0.610920965671539
-0.603607654571533,-0.118375301361084,1.34680068492889,-0.382003039121628,0.23310574889183,0.653851509094238,0.610092997550964
-0.60346907377243,-0.11850269138813,1.34681975841522,-0.381989508867264,0.232924580574036,0.654341340065002,0.609645485877991
-0.603250503540039,-0.118700742721558,1.34687089920044,-0.382049411535263,0.233101740479469,0.654856264591217,0.608986794948578
-0.603150427341461,-0.118750296533108,1.34689128398895,-0.382258176803589,0.233175531029701,0.65532660484314,0.60832142829895
-0.603022396564484,-0.118935227394104,1.34682869911194,-0.382391035556793,0.233145102858543,0.655561566352844,0.607996463775635
-0.602958381175995,-0.11903416365385,1.34677159786224,-0.382515162229538,0.233033254742622,0.656204998493195,0.607266366481781
-0.602948844432831,-0.119130693376064,1.3466808795929,-0.382666558027267,0.232874542474747,0.656837701797485,0.606547653675079
-0.602987766265869,-0.119144260883331,1.3465940952301,-0.382799744606018,0.232533648610115,0.658023238182068,0.605308055877686
-0.60307377576828,-0.119188651442528,1.34647572040558,-0.383221298456192,0.232458338141441,0.658495008945465,0.604556620121002
-0.603243410587311,-0.119201965630054,1.34630596637726,-0.383138477802277,0.231650471687317,0.659127414226532,0.604230046272278
-0.603355348110199,-0.119213096797466,1.34618759155273,-0.383397787809372,0.231392353773117,0.659606158733368,0.603641748428345
-0.603355348110199,-0.119213096797466,1.34618759155273,-0.383397787809372,0.231392353773117,0.659606158733368,0.603641748428345
-0.60364556312561,-0.11899483948946,1.34590995311737,-0.38413268327713,0.231073275208473,0.660649955272675,0.602153778076172
-0.603882431983948,-0.118972554802894,1.34583389759064,-0.384320139884949,0.230605140328407,0.661033749580383,0.60179203748703
-0.604070067405701,-0.118869088590145,1.34567451477051,-0.384162336587906,0.230044350028038,0.661560595035553,0.601528644561768
-0.604289472103119,-0.118816092610359,1.34558367729187,-0.384241372346878,0.229475453495979,0.662108898162842,0.601091682910919
-0.604527711868286,-0.118772849440575,1.34549415111542,-0.384160757064819,0.228924840688705,0.662470042705536,0.600955307483673
-0.60474568605423,-0.118741534650326,1.34540688991547,-0.383979648351669,0.228454515337944,0.662725448608398,0.600968420505524
-0.60497909784317,-0.118656598031521,1.34531712532043,-0.383658945560455,0.227812051773071,0.663171350955963,0.600925266742706
-0.605251729488373,-0.11860016733408,1.34526860713959,-0.383375525474548,0.227125614881516,0.663511693477631,0.600990176200867
-0.605451107025146,-0.118531495332718,1.34522449970245,-0.384663581848144,0.227898418903351,0.66263073682785,0.600846767425537
-0.605672836303711,-0.118211165070534,1.34523665904999,-0.382648259401321,0.226186141371727,0.664192259311676,0.601056158542633
-0.605926334857941,-0.118148863315582,1.34517800807953,-0.382323622703552,0.225498765707016,0.664475679397583,0.601207911968231
-0.606158256530762,-0.118321888148785,1.34504199028015,-0.38152340054512,0.224668800830841,0.664923250675201,0.601532280445099
-0.606158256530762,-0.118321888148785,1.34504199028015,-0.38152340054512,0.224668800830841,0.664923250675201,0.601532280445099
-0.606482565402985,-0.118099212646484,1.34497535228729,-0.380470067262649,0.223539724946022,0.665528178215027,0.601950943470001
-0.606631457805634,-0.118086002767086,1.34491765499115,-0.379632353782654,0.222859144210815,0.66591876745224,0.602300107479095
-0.606801867485046,-0.117940813302994,1.34488236904144,-0.379072397947311,0.222286015748978,0.666294574737549,0.602448999881744
-0.606801867485046,-0.117940813302994,1.34488236904144,-0.379072397947311,0.222286015748978,0.666294574737549,0.602448999881744
-0.607213735580444,-0.117784939706326,1.34479010105133,-0.379847228527069,0.222309783101082,0.665645480155945,0.602669656276703
-0.607389569282532,-0.117756858468056,1.34471356868744,-0.379330039024353,0.222017258405685,0.665718674659729,0.60302209854126
-0.607648253440857,-0.117475070059299,1.34468293190002,-0.37917086482048,0.221636965870857,0.665651440620422,0.603336334228516
-0.607648253440857,-0.117475070059299,1.34468293190002,-0.37917086482048,0.221636965870857,0.665651440620422,0.603336334228516
-0.608011841773987,-0.117271542549133,1.34445798397064,-0.378078877925873,0.220891937613487,0.665921807289124,0.603995800018311
-0.608153879642487,-0.117190949618816,1.34435892105103,-0.377588808536529,0.220679983496666,0.666006326675415,0.604286789894104
-0.608325302600861,-0.117047391831875,1.34426319599152,-0.376876085996628,0.220350205898285,0.666197597980499,0.604641139507294
-0.608472049236298,-0.116898261010647,1.3441880941391,-0.376658499240875,0.220280453562737,0.666259586811066,0.604733943939209
-0.608659863471985,-0.116766318678856,1.34408712387085,-0.376515179872513,0.220098748803139,0.6663419008255,0.604798495769501
-0.608808875083923,-0.116647586226463,1.3440123796463,-0.376393467187881,0.220231369137764,0.66643351316452,0.604725241661072
-0.608925580978394,-0.116455942392349,1.34394311904907,-0.376293867826462,0.220254629850387,0.66650378704071,0.604701042175293
-0.608925580978394,-0.116455942392349,1.34394311904907,-0.376293867826462,0.220254629850387,0.66650378704071,0.604701042175293
-0.609300792217255,-0.116142556071281,1.34379637241364,-0.376607418060303,0.220238775014877,0.666316986083984,0.604717910289764
-0.609451830387115,-0.115966752171516,1.34375584125519,-0.376887202262878,0.220524057745934,0.666155517101288,0.604617178440094
-0.609595417976379,-0.115792371332645,1.34371829032898,-0.376310735940933,0.220188409090042,0.666464626789093,0.604758262634277
-0.609789311885834,-0.115645155310631,1.34363090991974,-0.376651883125305,0.220331862568855,0.666275441646576,0.60470175743103
-0.609914183616638,-0.115350320935249,1.34361362457275,-0.376561135053635,0.220412403345108,0.666500568389893,0.604480803012848
-0.610088765621185,-0.115218907594681,1.34358739852905,-0.376747906208038,0.220724508166313,0.666233360767365,0.60454523563385
-0.610088765621185,-0.115218907594681,1.34358739852905,-0.376747906208038,0.220724508166313,0.666233360767365,0.60454523563385
-0.610443413257599,-0.114808559417725,1.34358286857605,-0.37748184800148,0.221226409077644,0.665886461734772,0.604285955429077
-0.610608756542206,-0.114656142890453,1.34357416629791,-0.377979874610901,0.221530973911285,0.665557980537415,0.604225099086761
-0.610903561115265,-0.114476330578327,1.3435800075531,-0.378489583730698,0.221758082509041,0.665129601955414,0.604294180870056
-0.61111044883728,-0.114233426749706,1.34359419345856,-0.378954738378525,0.22197787463665,0.664833247661591,0.604248285293579
-0.611308574676514,-0.114031046628952,1.34360122680664,-0.379503786563873,0.222130417823792,0.664414048194885,0.604308605194092
-0.611540079116821,-0.1136309877038,1.34366047382355,-0.380202412605286,0.222457990050316,0.66419392824173,0.603990912437439
-0.611732840538025,-0.113425873219967,1.34366738796234,-0.380552381277084,0.222679123282433,0.663942098617554,0.603965878486633
-0.611975431442261,-0.113190151751041,1.34366476535797,-0.380916267633438,0.222950890660286,0.663615226745605,0.603995442390442
-0.612161457538605,-0.113103322684765,1.34366273880005,-0.381281167268753,0.223233461380005,0.663388073444366,0.603910386562347
-0.612376868724823,-0.112865142524242,1.34371411800385,-0.381717592477798,0.223532304167747,0.663105249404907,0.603834986686707
-0.612376868724823,-0.112865142524242,1.34371411800385,-0.381717592477798,0.223532304167747,0.663105249404907,0.603834986686707
-0.61286848783493,-0.112584173679352,1.34371101856232,-0.38335508108139,0.224456816911697,0.661873936653137,0.603805243968964
-0.613146126270294,-0.112146601080894,1.34381890296936,-0.383965671062469,0.224678307771683,0.661538362503052,0.60370284318924
-0.61336076259613,-0.111846052110195,1.34379947185516,-0.384361743927002,0.224863514304161,0.661271095275879,0.603674352169037
-0.613514721393585,-0.111747786402702,1.34379589557648,-0.3843734562397,0.224930614233017,0.661103487014771,0.603825688362122
-0.613745510578156,-0.111437559127808,1.34384787082672,-0.384810745716095,0.225383773446083,0.660500586032867,0.604037880897522
-0.613950610160828,-0.111220791935921,1.34386515617371,-0.385034710168839,0.22552353143692,0.660216569900513,0.604153573513031
-0.614198267459869,-0.11088964343071,1.34390187263489,-0.385373443365097,0.225621566176414,0.65991622209549,0.604229331016541
-0.614422798156738,-0.110665656626225,1.34391510486603,-0.385486662387848,0.225817576050758,0.659574866294861,0.604456305503845
-0.614699900150299,-0.110363952815533,1.34393930435181,-0.384871482849121,0.225290775299072,0.659661948680878,0.604949712753296
-0.614920079708099,-0.11002591997385,1.34397792816162,-0.385152071714401,0.225292012095451,0.65938526391983,0.605072259902954
-0.61513352394104,-0.109689205884933,1.3440260887146,-0.385302186012268,0.225457653403282,0.659025490283966,0.60530698299408
-0.615343987941742,-0.109309032559395,1.34407150745392,-0.385043263435364,0.225379452109337,0.659098625183105,0.605421125888824
-0.615570902824402,-0.108944520354271,1.34412050247192,-0.385136812925339,0.225520879030228,0.658752977848053,0.605685114860535
-0.615848958492279,-0.108519129455089,1.34419095516205,-0.385371625423431,0.225680768489838,0.658355951309204,0.605907738208771
-0.615848958492279,-0.108519129455089,1.34419095516205,-0.385371625423431,0.225680768489838,0.658355951309204,0.605907738208771
-0.616324484348297,-0.107832863926887,1.34426701068878,-0.385504513978958,0.225920513272285,0.657635450363159,0.606515944004059
-0.61655056476593,-0.107401788234711,1.34431982040405,-0.385648608207703,0.226082518696785,0.657339453697205,0.606684803962708
-0.616782307624817,-0.106956996023655,1.34433043003082,-0.385665893554688,0.226175889372826,0.657069087028503,0.606932103633881
-0.617087125778198,-0.106699280440807,1.34435153007507,-0.385636895895004,0.226121202111244,0.656752049922943,0.607313811779022
-0.617334127426147,-0.106197595596313,1.34439969062805,-0.385848343372345,0.226288437843323,0.656397879123688,0.607500195503235
-0.61759227514267,-0.10587702691555,1.34440791606903,-0.38577988743782,0.226321384310722,0.656167507171631,0.607780277729034
-0.617814302444458,-0.105493456125259,1.34443616867065,-0.385884165763855,0.226344048976898,0.656109392642975,0.607768416404724
-0.6181560754776,-0.105201132595539,1.34452414512634,-0.385946661233902,0.226325199007988,0.655815839767456,0.608052372932434
-0.618211627006531,-0.104520410299301,1.34446001052856,-0.385950118303299,0.226830437779426,0.655681073665619,0.608007073402405
-0.618428230285645,-0.104053989052772,1.34448087215424,-0.385687947273254,0.226752772927284,0.655722618103027,0.608157694339752
-0.618641436100006,-0.103601142764091,1.34451055526733,-0.385676175355911,0.226952031254768,0.655498445034027,0.608332574367523
-0.618641436100006,-0.103601142764091,1.34451055526733,-0.385676175355911,0.226952031254768,0.655498445034027,0.608332574367523
-0.619240403175354,-0.102652214467525,1.34461259841919,-0.3858542740345,0.226916685700417,0.654932379722595,0.608842313289642
-0.619333267211914,-0.102126203477383,1.34463727474213,-0.385718762874603,0.227241173386574,0.654827654361725,0.608919739723206
-0.61951345205307,-0.101674675941467,1.34466409683228,-0.385630935430527,0.227424696087837,0.654680192470551,0.609065175056458
-0.619818687438965,-0.101337745785713,1.34469628334045,-0.385337620973587,0.227314621210098,0.654447853565216,0.609541714191437
-0.619985520839691,-0.100775010883808,1.34474539756775,-0.385295569896698,0.227778151631355,0.654182851314545,0.609679877758026
-0.620022833347321,-0.10006408393383,1.34441459178925,-0.384911328554153,0.228109404444694,0.654149234294891,0.609834671020508
-0.620191395282745,-0.0996614247560501,1.34480118751526,-0.385055840015411,0.228440329432487,0.653797388076782,0.609996795654297
-0.620663106441498,-0.0993413925170898,1.3446798324585,-0.3861363530159,0.228530138731003,0.652945220470428,0.610192775726318
-0.620843172073364,-0.0988844111561775,1.34470498561859,-0.384948402643204,0.228042632341385,0.653290331363678,0.610756158828735
-0.620802521705627,-0.0981678590178489,1.3445188999176,-0.384339302778244,0.228499308228493,0.653435826301575,0.61081337928772
-0.620948374271393,-0.0976636260747909,1.34450459480286,-0.384352922439575,0.22884102165699,0.653211891651154,0.610916316509247
-0.621107995510101,-0.0971949845552444,1.34454250335693,-0.384058058261871,0.229017540812492,0.653095602989197,0.611159920692444
-0.621297776699066,-0.0967334657907486,1.34456920623779,-0.384122639894485,0.229253932833671,0.652726113796234,0.611425340175629
-0.621494770050049,-0.0961906090378761,1.34457695484161,-0.384156495332718,0.229551389813423,0.652588725090027,0.611439108848572
-0.621664464473724,-0.0956997573375701,1.34457755088806,-0.383906722068787,0.229545429348946,0.65257453918457,0.611613571643829
-0.62191504240036,-0.0950923338532447,1.34461665153503,-0.384550929069519,0.229893162846565,0.652040839195251,0.611647665500641
-0.622040987014771,-0.0945100635290145,1.34449124336243,-0.385056495666504,0.230782181024551,0.651475250720978,0.611597299575806
-0.622325420379639,-0.0940221697092056,1.34466600418091,-0.385634154081345,0.231088012456894,0.65113890171051,0.611476063728333
-0.622716546058655,-0.0935286283493042,1.34453547000885,-0.384731233119965,0.229947581887245,0.65188056230545,0.611684322357178
-0.622930228710175,-0.092908039689064,1.34460043907166,-0.385118633508682,0.230529725551605,0.651716291904449,0.611396372318268
-0.622930884361267,-0.092350423336029,1.34488642215729,-0.385025203227997,0.230967029929161,0.651835501194,0.611162960529327
-0.623392522335052,-0.0918227732181549,1.34482002258301,-0.386328786611557,0.231444180011749,0.651115536689758,0.61092734336853
-0.623513758182526,-0.0911614522337913,1.34510862827301,-0.385888516902924,0.231657981872559,0.651232004165649,0.611000418663025
-0.623756349086761,-0.0906070172786712,1.34514355659485,-0.386775016784668,0.232625484466553,0.650433242321014,0.610923051834106
-0.62417870759964,-0.0902276188135147,1.34480237960815,-0.38578325510025,0.231527790427208,0.651057660579681,0.611301958560944
-0.624152541160583,-0.0893791690468788,1.34456217288971,-0.385780364274979,0.232182055711746,0.651222109794617,0.610880434513092
-0.624474465847015,-0.0888895988464355,1.34518623352051,-0.386499166488647,0.232521697878838,0.650825381278992,0.610719621181488
-0.624702274799347,-0.0881828144192695,1.34520053863525,-0.386759370565414,0.232914581894874,0.650676012039185,0.610564410686493
-0.625025868415833,-0.0876584202051162,1.34520733356476,-0.387092262506485,0.233212366700172,0.650489747524261,0.610438048839569
-0.625206708908081,-0.0870736315846443,1.34522044658661,-0.387269407510757,0.233653277158737,0.650282263755798,0.610378384590149
-0.625425934791565,-0.0864938348531723,1.34526038169861,-0.387564301490784,0.233827203512192,0.650039076805115,0.610383629798889
-0.625635087490082,-0.0857246592640876,1.34532535076141,-0.387805104255676,0.234089523553848,0.649915397167206,0.610261738300323
-0.625810027122498,-0.0852350071072578,1.34529399871826,-0.387907266616821,0.234262183308601,0.649895250797272,0.610152006149292
-0.626017212867737,-0.0846751108765602,1.34532761573792,-0.388165652751923,0.234637677669525,0.649526000022888,0.610236585140228
-0.62623393535614,-0.0840717852115631,1.34534621238708,-0.388349235057831,0.234989583492279,0.649273216724396,0.61025333404541
-0.626483082771301,-0.0834041014313697,1.34540367126465,-0.388736218214035,0.235239043831825,0.648976445198059,0.610226452350616
-0.62672621011734,-0.0826667994260788,1.34543228149414,-0.389364838600159,0.235426992177963,0.648859798908234,0.609877228736877
-0.626902639865875,-0.0821298062801361,1.34541296958923,-0.389427125453949,0.235952347517013,0.648544251918793,0.609970033168793
-0.627254724502563,-0.0814955234527587,1.34513306617737,-0.390838742256164,0.236224874854088,0.647821307182312,0.609729886054993
-0.627259731292725,-0.080856092274189,1.34484136104584,-0.389550715684891,0.2362110465765,0.648339331150055,0.610008835792542
-0.627636849880219,-0.0801494717597961,1.34551644325256,-0.390648186206818,0.236577898263931,0.647762179374695,0.609777808189392
-0.627912521362305,-0.0796447992324829,1.34548223018646,-0.390894114971161,0.236741974949837,0.64753121137619,0.609801769256592
-0.628113746643066,-0.078953132033348,1.34542846679688,-0.391519963741302,0.236974641680717,0.647337675094604,0.609515309333801
-0.62831312417984,-0.0785665288567543,1.34536850452423,-0.39143580198288,0.237431973218918,0.647015154361725,0.609733819961548
-0.628515064716339,-0.0779305696487426,1.34530162811279,-0.392629504203796,0.238269463181496,0.646138489246368,0.609569370746613
-0.628901481628418,-0.0772429481148719,1.34469425678253,-0.391900807619095,0.237502947449684,0.646546721458435,0.609904527664185
-0.629163563251495,-0.0764053091406822,1.34477853775024,-0.392788171768188,0.237804725766182,0.646336257457733,0.609439253807068
-0.629246056079865,-0.076004721224308,1.34527003765106,-0.39297741651535,0.238565132021904,0.645943999290466,0.609435796737671
-0.629612922668457,-0.0752230882644653,1.3446671962738,-0.393400758504867,0.238246664404869,0.645751595497131,0.609491109848022
-0.629640638828278,-0.0745773091912269,1.34463179111481,-0.393399506807327,0.238943979144096,0.645408451557159,0.609582304954529
-0.629840135574341,-0.0740066245198249,1.34459984302521,-0.393731772899628,0.239203438162804,0.645092129707336,0.609600901603699
-0.630147695541382,-0.0734167248010635,1.34492969512939,-0.394443094730377,0.239622995257378,0.644542872905731,0.609557092189789
-0.630426228046417,-0.0727566108107566,1.3447687625885,-0.394878387451172,0.239663988351822,0.644211828708649,0.609609007835388
-0.630674719810486,-0.0721984356641769,1.34511947631836,-0.395634859800339,0.239873275160789,0.643827080726624,0.609442830085754
-0.630833864212036,-0.0715497434139251,1.34506356716156,-0.395972639322281,0.240070909261703,0.643577694892883,0.609408974647522
-0.631021857261658,-0.0707500949501991,1.34510862827301,-0.39763531088829,0.240920543670654,0.642734885215759,0.608880400657654
-0.63115793466568,-0.0701652020215988,1.34508442878723,-0.397317349910736,0.240978598594665,0.642486989498138,0.609326303005219
-0.631301283836365,-0.0694201439619064,1.34511482715607,-0.397520869970322,0.241144925355911,0.642254590988159,0.609372854232788
-0.631495654582977,-0.0690279006958007,1.34499394893646,-0.398234784603119,0.241980656981468,0.64132422208786,0.609555244445801
-0.631604135036469,-0.0684017091989517,1.34501528739929,-0.398470669984818,0.24250191450119,0.640876531600952,0.609664857387543
-0.631689608097076,-0.0678206011652946,1.34502744674683,-0.397858738899231,0.242288544774055,0.640866279602051,0.610159814357758
-0.631861209869385,-0.0672754794359207,1.34512174129486,-0.397869795560837,0.242399841547012,0.640471398830414,0.610523045063019
-0.631784498691559,-0.06648800522089,1.34514951705933,-0.397830575704575,0.243028685450554,0.640386819839478,0.610387206077576
-0.631809592247009,-0.0657741725444793,1.34512138366699,-0.3983194231987,0.243146479129791,0.640084803104401,0.610338270664215
-0.631814658641815,-0.0652955546975135,1.34512031078339,-0.398247271776199,0.243405997753143,0.639601230621338,0.610788643360138
-0.631832718849182,-0.0646406412124633,1.34517061710358,-0.398402243852615,0.243970021605492,0.639100790023804,0.610986471176147
-0.631864786148071,-0.0641438513994216,1.34520637989044,-0.398410260677338,0.244336470961571,0.63849949836731,0.611463308334351
-0.631814062595367,-0.0634894743561744,1.34522747993469,-0.398358792066574,0.244573071599007,0.638014912605286,0.611907839775085
-0.631873309612274,-0.0630887150764465,1.34525227546692,-0.398103892803192,0.245452225208282,0.637286007404327,0.612481117248535
-0.631859838962555,-0.0623788610100746,1.34528660774231,-0.398362845182419,0.245790779590607,0.636403501033783,0.61309427022934
-0.632002413272858,-0.0618470162153244,1.34474194049835,-0.3979272544384,0.245846107602119,0.635869264602661,0.613908648490906
-0.631838023662567,-0.0613967031240463,1.34473073482513,-0.397341758012772,0.246627509593964,0.635392665863037,0.614467740058899
-0.631998777389526,-0.0609431490302085,1.34526002407074,-0.397840887308121,0.247019439935684,0.63449102640152,0.614918887615204
-0.632192969322205,-0.0604394823312759,1.34498047828674,-0.397737234830856,0.247015312314034,0.634238421916962,0.615248024463654
-0.631965100765228,-0.0596277341246604,1.34463393688202,-0.39777198433876,0.247655391693115,0.633790671825409,0.615429639816284
-0.632035911083221,-0.0590742230415344,1.3446010351181,-0.397662967443466,0.247963845729828,0.633250653743744,0.615931749343872
-0.632334053516388,-0.0585547164082527,1.34448444843292,-0.398244947195053,0.248207494616508,0.632350564002991,0.616382002830505
-0.632302403450012,-0.0580527856945991,1.34493970870972,-0.39847806096077,0.248793035745621,0.63147896528244,0.616888523101807
-0.63242107629776,-0.0575385093688964,1.34470343589783,-0.398340255022049,0.249168366193771,0.630959510803223,0.617357552051544
-0.632545411586761,-0.0569162145256996,1.34457588195801,-0.398489832878113,0.24958099424839,0.630400478839874,0.617665350437164
-0.632686614990234,-0.056321732699871,1.34443747997284,-0.398734658956528,0.250085026025772,0.629547953605652,0.618172883987427
-0.632750988006592,-0.0557121187448501,1.34415590763092,-0.398796856403351,0.250466018915176,0.629058122634888,0.61847710609436
-0.632864594459534,-0.0551354512572288,1.34397983551025,-0.399040669202805,0.250965863466263,0.628295719623566,0.618892073631287
-0.633013904094696,-0.0545825287699699,1.34379327297211,-0.398977249860763,0.25169426202774,0.627509951591492,0.61943393945694
-0.633171796798706,-0.0538792535662651,1.34353303909302,-0.39930585026741,0.251960068941116,0.626969456672668,0.619661450386047
-0.633302092552185,-0.0531859546899795,1.34329116344452,-0.399581968784332,0.252765446901321,0.626276910305023,0.619855880737305
-0.633378386497498,-0.0524897426366806,1.3429924249649,-0.399772584438324,0.253212630748749,0.625733435153961,0.620099306106567
-0.6334547996521,-0.0515762791037559,1.34278750419617,-0.400278151035309,0.253880679607391,0.625123560428619,0.620115041732788
-0.633523106575012,-0.0507918447256088,1.34251284599304,-0.40063288807869,0.254568785429001,0.624184668064117,0.620549380779266
-0.633706569671631,-0.0500572547316551,1.342160820961,-0.400975674390793,0.255087345838547,0.623444080352783,0.620859205722809
-0.633771300315857,-0.049239233136177,1.34191036224365,-0.401237398386002,0.255824863910675,0.622815608978271,0.621017873287201
-0.633845150470734,-0.0483700633049011,1.34159851074219,-0.401543587446213,0.256549000740051,0.622142374515533,0.621195912361145
-0.633895754814148,-0.0475677251815795,1.34131491184235,-0.401819169521332,0.257189363241196,0.621591687202454,0.621304214000702
-0.633962094783783,-0.0467328578233718,1.34103894233704,0.40225949883461,-0.258083373308182,-0.620945274829865,-0.621294915676117
-0.634088814258575,-0.0459953472018241,1.34079384803772,0.402473032474518,-0.25919184088707,-0.619849443435669,-0.621789157390594
-0.634137094020844,-0.0451043918728828,1.34044301509857,0.402957886457443,-0.259973466396332,-0.619167983531952,-0.621827781200409
-0.634200036525726,-0.0442176684737205,1.34020698070526,0.403339773416519,-0.260876178741455,-0.618577301502228,-0.621790051460266
-0.634276568889618,-0.043349340558052,1.33994245529175,0.403972864151001,-0.261496186256409,-0.617963969707489,-0.621728539466858
-0.63424426317215,-0.042164497077465,1.33938765525818,0.404152810573578,-0.262507110834122,-0.617134630680084,-0.62200915813446
-0.634366273880005,-0.0413796380162239,1.33908927440643,0.404848128557205,-0.263375520706177,-0.616200566291809,-0.622115910053253
-0.634467840194702,-0.0404401794075965,1.33918106555939,0.405463457107544,-0.264168292284012,-0.615601599216461,-0.62197208404541
-0.634467840194702,-0.0404401794075965,1.33918106555939,0.405463457107544,-0.264168292284012,-0.615601599216461,-0.62197208404541
-0.634590625762939,-0.0388208776712417,1.33857977390289,0.406174540519714,-0.265625119209289,-0.614197075366974,-0.622276067733765
-0.634718477725983,-0.0381642132997512,1.33825325965881,0.406289994716644,-0.266585201025009,-0.613340437412262,-0.622635066509247
-0.6346834897995,-0.0371778458356857,1.33803856372833,0.40711697936058,-0.267290234565735,-0.612812638282776,-0.622312247753143
-0.634745717048645,-0.0363409519195556,1.33779525756836,0.40744936466217,-0.268230080604553,-0.612038731575012,-0.622451841831207
-0.63482403755188,-0.0356415882706642,1.33747315406799,0.407795995473862,-0.26891753077507,-0.611395120620728,-0.622560799121857
-0.634795844554901,-0.0349404439330101,1.33722758293152,0.408095061779022,-0.269761264324188,-0.610666036605835,-0.622715413570404
-0.634801089763641,-0.0341623798012733,1.33701550960541,0.408555775880814,-0.270535081624985,-0.610065639019012,-0.62266606092453
-0.634767353534698,-0.0333274155855178,1.3368718624115,0.40916234254837,-0.271410971879959,-0.609115302562714,-0.622817039489746
-0.634744703769684,-0.0327629894018173,1.33671319484711,0.409188508987427,-0.272300243377685,-0.608305871486664,-0.623202502727509
-0.634470641613007,-0.0318611562252044,1.33591508865356,0.408796221017838,-0.273330748081207,-0.607872486114502,-0.623431861400604
-0.634579300880432,-0.0313382372260093,1.33636915683746,0.409468293190002,-0.274125218391418,-0.606895208358765,-0.623593866825104
-0.63455331325531,-0.0307985618710517,1.33626651763916,0.409617274999618,-0.274893492460251,-0.606052339076996,-0.623977363109589
-0.634524643421173,-0.0301074609160423,1.33618068695068,0.409853786230087,-0.275751054286957,-0.605088770389557,-0.624378681182861
-0.634491324424744,-0.0295019075274467,1.33602547645569,0.410021662712097,-0.276272505521774,-0.604334533214569,-0.624768614768982
-0.634468734264374,-0.0290081948041915,1.33592176437378,0.4100401699543,-0.276945382356644,-0.603465855121613,-0.625297784805298
-0.634463608264923,-0.028441347181797,1.33583211898804,0.41023313999176,-0.277464598417282,-0.60283088684082,-0.625553548336029
-0.634495973587036,-0.0280522778630256,1.33573150634766,0.410173118114471,-0.277908682823181,-0.602002620697021,-0.626193046569824
-0.634441316127777,-0.0273898094892501,1.33559548854828,0.410195410251617,-0.278714448213577,-0.601150453090668,-0.62663871049881
-0.634484708309174,-0.0269612669944763,1.335489153862,0.410351574420929,-0.279197871685028,-0.600274562835693,-0.627160906791687
-0.634548127651215,-0.0264162346720695,1.33540415763855,0.410682678222656,-0.279902309179306,-0.599178671836853,-0.627677738666534
-0.634659171104431,-0.0259546488523483,1.33526170253754,0.410730808973312,-0.280302584171295,-0.598311245441437,-0.628294885158539
-0.634659171104431,-0.0259546488523483,1.33526170253754,0.410730808973312,-0.280302584171295,-0.598311245441437,-0.628294885158539
-0.634852111339569,-0.0249504595994949,1.33497095108032,0.410985052585602,-0.281046986579895,-0.596780359745026,-0.62925112247467
-0.634975612163544,-0.0244710519909858,1.33487617969513,0.411104708909988,-0.28143909573555,-0.595904886722565,-0.629827320575714
-0.635098338127136,-0.0240213871002197,1.33476150035858,0.411136120557785,-0.281597822904587,-0.59530782699585,-0.630300164222717
-0.63532954454422,-0.0235283598303794,1.33463799953461,0.411218911409378,-0.281967282295227,-0.594415485858917,-0.630922973155975
-0.635458111763,-0.0230330601334571,1.33450102806091,0.411340922117233,-0.282293856143951,-0.593698441982269,-0.631372451782227
-0.635620534420013,-0.0225617662072181,1.33436965942383,0.411540120840073,-0.282548904418945,-0.592975318431854,-0.631808042526245
-0.635922729969025,-0.0220160260796546,1.33428609371185,0.411837130784988,-0.282774895429611,-0.591984033584595,-0.632442533969879
-0.636174917221069,-0.0215955078601837,1.33412873744965,0.411808907985687,-0.282837092876434,-0.591331303119659,-0.63304328918457
-0.63636714220047,-0.0210606902837753,1.33394467830658,0.411873161792755,-0.283127337694168,-0.590716481208801,-0.633445739746094
-0.636605083942413,-0.0205608010292053,1.33386099338531,0.412028789520264,-0.283190011978149,-0.589961349964142,-0.634020090103149
-0.636839985847473,-0.0200420543551445,1.33373880386353,0.412093222141266,-0.283359825611115,-0.589345097541809,-0.634475231170654
-0.637082576751709,-0.0195111110806465,1.33361530303955,0.412229508161545,-0.283576339483261,-0.58867359161377,-0.634913206100464
-0.637320101261139,-0.0189785212278366,1.33345329761505,0.412339806556702,-0.283762156963348,-0.588068246841431,-0.635319232940674
-0.637537777423859,-0.0183779001235961,1.33335208892822,0.412511169910431,-0.283687889575958,-0.587697327136993,-0.635584652423859
-0.637858867645264,-0.0178605392575263,1.33318984508514,0.412547558546066,-0.283845007419586,-0.586944043636322,-0.63618665933609
-0.638090968132019,-0.0174510031938552,1.33312201499939,0.412491947412491,-0.284110486507416,-0.586379110813141,-0.636624872684479
-0.638379275798798,-0.0169704034924507,1.33305728435516,0.412456631660461,-0.28414323925972,-0.585917353630066,-0.637058138847351
-0.638635814189911,-0.0163989290595054,1.33307933807373,0.412640154361725,-0.284200042486191,-0.585470795631409,-0.637324571609497
-0.638852953910828,-0.0159565582871437,1.33305537700653,0.412683248519897,-0.284335792064667,-0.585023820400238,-0.637646317481995
-0.63909387588501,-0.0156106203794479,1.33304715156555,0.412578910589218,-0.284415274858475,-0.58453094959259,-0.638130247592926
-0.639327347278595,-0.015266478061676,1.33304786682129,0.412360399961472,-0.284634202718735,-0.583968341350555,-0.638688862323761
-0.639511227607727,-0.0147774294018745,1.33308780193329,0.41236138343811,-0.284711390733719,-0.583724200725555,-0.638876855373383
-0.639511227607727,-0.0147774294018745,1.33308780193329,0.41236138343811,-0.284711390733719,-0.583724200725555,-0.638876855373383
-0.639952778816223,-0.0141124352812767,1.33310854434967,0.412018686532974,-0.284728527069092,-0.583229839801788,-0.639541506767273
-0.640225350856781,-0.0137678980827331,1.33317399024963,0.41203385591507,-0.284594118595123,-0.582942724227905,-0.639853060245514
-0.640381455421448,-0.0133081451058387,1.33325302600861,0.41199392080307,-0.284759283065796,-0.582713007926941,-0.640014588832855
-0.640684485435486,-0.0130329579114913,1.33332812786102,0.411995530128479,-0.284589380025864,-0.582511067390442,-0.640273034572601
-0.640901446342468,-0.0127249136567115,1.33341789245605,0.411814123392105,-0.284670770168304,-0.582242131233215,-0.640598118305206
-0.64112251996994,-0.012438379228115,1.33353197574615,0.411723762750626,-0.284642994403839,-0.582092583179474,-0.64080423116684
-0.641342997550964,-0.0121607556939125,1.33365964889526,0.411664992570877,-0.284639775753021,-0.581981122493744,-0.640944838523865
-0.641546368598938,-0.0119064450263977,1.33379626274109,0.411561459302902,-0.284636080265045,-0.581904470920563,-0.641082644462585
-0.641749382019043,-0.0116291865706443,1.33392536640167,0.411490708589554,-0.284655183553696,-0.581787586212158,-0.641225576400757
-0.641962587833405,-0.0113397389650344,1.33405864238739,0.411367803812027,-0.284570217132568,-0.581879138946533,-0.641258955001831
-0.642192184925079,-0.0110579878091812,1.33420264720917,0.411308437585831,-0.284562140703201,-0.581829309463501,-0.641345918178558
-0.642426550388336,-0.0106900706887245,1.33438301086426,0.411376953125,-0.284523218870163,-0.581754207611084,-0.641387283802032
-0.642766237258911,-0.0104939043521881,1.33454656600952,0.411412745714188,-0.284258216619492,-0.581689298152924,-0.64154064655304
-0.64302533864975,-0.0102474391460418,1.3346985578537,0.411335200071335,-0.284078299999237,-0.581808149814606,-0.641562461853027
-0.643371939659119,-0.0098603889346122,1.33485233783722,0.41022726893425,-0.28547990322113,-0.580865919589996,-0.642502725124359
-0.643462240695953,-0.0094912126660346,1.33500003814697,0.411405324935913,-0.284051150083542,-0.582001447677612,-0.641353964805603
-0.643673121929169,-0.0090343877673149,1.33478021621704,0.411182224750519,-0.283837080001831,-0.582197308540344,-0.641414046287537
-0.644000768661499,-0.0088552609086036,1.3352609872818,0.411355316638946,-0.283767580986023,-0.582148551940918,-0.641378223896027
-0.644249737262726,-0.0083967968821525,1.33543598651886,0.411601454019547,-0.283925294876099,-0.582057476043701,-0.641232967376709
-0.644632399082184,-0.0080150067806243,1.33553397655487,0.411739587783813,-0.283831089735031,-0.581930458545685,-0.641301512718201
-0.644915759563446,-0.0076100379228591,1.33563613891602,0.411922127008438,-0.283706665039062,-0.58202713727951,-0.641151487827301
-0.645232617855072,-0.0072986409068107,1.33572471141815,0.411894768476486,-0.283553451299667,-0.582089960575104,-0.641179800033569
-0.645551204681396,-0.0067044794559478,1.3357560634613,0.412366658449173,-0.283447623252869,-0.582213640213013,-0.64081084728241
-0.645891308784485,-0.00607381016016,1.33586084842682,0.412636607885361,-0.283478975296021,-0.582483530044556,-0.640377759933472
-0.646324515342712,-0.0057915449142456,1.3358336687088,0.412673354148865,-0.283139675855637,-0.582614839076996,-0.640384674072266
-0.646745681762695,-0.0051692128181457,1.33591246604919,0.413328558206558,-0.282912611961365,-0.582734405994415,-0.639953553676605
-0.647121787071228,-0.0045808032155036,1.33594739437103,0.413669466972351,-0.282865822315216,-0.582987129688263,-0.639523684978485
-0.64746630191803,-0.0039187297224998,1.33589768409729,0.414045870304108,-0.282668143510818,-0.583246529102325,-0.639130830764771
-0.647774875164032,-0.0032752975821495,1.33589470386505,0.414489239454269,-0.282422393560409,-0.583745658397675,-0.638496100902557
-0.648180067539215,-0.0025770291686058,1.33551502227783,0.414774239063263,-0.282074123620987,-0.584032654762268,-0.638202548027039
-0.648180067539215,-0.0025770291686058,1.33551502227783,0.414774239063263,-0.282074123620987,-0.584032654762268,-0.638202548027039
-0.648854672908783,-0.0010702610015869,1.33526170253754,0.415483325719833,-0.28208664059639,-0.584437012672424,-0.637365162372589
-0.648854672908783,-0.0010702610015869,1.33526170253754,0.415483325719833,-0.28208664059639,-0.584437012672424,-0.637365162372589
-0.6495401263237,0.0003086030483245,1.33586072921753,0.41644412279129,-0.282294750213623,-0.584802031517029,-0.63631010055542
-0.649976432323456,0.0008520260453224,1.33583283424377,0.416658103466034,-0.282224774360657,-0.584837734699249,-0.63616818189621
-0.650251567363739,0.0017088949680328,1.33578109741211,0.417230397462845,-0.282213538885117,-0.584844052791595,-0.635792195796967
-0.650464236736298,0.0025455355644226,1.33575701713562,0.417452275753021,-0.282293200492859,-0.585113525390625,-0.635363280773163
-0.650729298591614,0.0032554566860198,1.33576023578644,0.417626768350601,-0.282201290130615,-0.585323333740234,-0.635095953941345
-0.65094530582428,0.0040753185749053,1.33570563793182,0.418029308319092,-0.282380193471909,-0.585423469543457,-0.634659230709076
-0.651146411895752,0.0050000324845314,1.33567345142365,0.418318122625351,-0.282481282949448,-0.585490107536316,-0.634362459182739
-0.651294827461243,0.0058072209358215,1.33569884300232,0.418502569198608,-0.2826968729496,-0.585652649402618,-0.63399463891983
-0.651509344577789,0.0065444856882095,1.33569037914276,0.418662637472153,-0.282559514045715,-0.585767507553101,-0.633844077587128
-0.651595294475555,0.0075842663645744,1.33566164970398,0.418758690357208,-0.283104181289673,-0.585559666156769,-0.633729577064514
-0.651730298995972,0.008546695113182,1.33577859401703,0.419243901968002,-0.283489376306534,-0.585516214370728,-0.633276700973511
-0.651832759380341,0.0092865526676177,1.33574628829956,0.419262737035751,-0.283715397119522,-0.585355818271637,-0.633311212062836
-0.651921689510345,0.0102054253220558,1.33569097518921,0.419269144535065,-0.28387051820755,-0.585353016853333,-0.63323986530304
-0.652010440826416,0.0111881047487258,1.3356716632843,0.419240564107895,-0.284492492675781,-0.585028171539307,-0.633279979228973
-0.652056217193604,0.0122978463768959,1.33566510677338,0.419489294290543,-0.284957587718964,-0.584886848926544,-0.633036673069
-0.652163803577423,0.0133362114429473,1.33567404747009,0.419940680265427,-0.285092502832413,-0.584848642349243,-0.632711946964264
-0.65223753452301,0.0143935903906822,1.33570039272308,0.420032262802124,-0.285313546657562,-0.584703683853149,-0.632685303688049
-0.652254104614258,0.0154777914285659,1.33567547798157,0.420183748006821,-0.28584623336792,-0.58439975976944,-0.632625222206116
-0.652260184288025,0.016731210052967,1.33508002758026,0.419947952032089,-0.286204725503922,-0.584146022796631,-0.632853984832764
-0.652492225170135,0.0177080854773521,1.33564341068268,0.420679867267609,-0.286366939544678,-0.583854258060455,-0.632563531398773
-0.652593433856964,0.0187991932034492,1.33556830883026,0.420679152011871,-0.286595672369003,-0.583515346050262,-0.632773280143738
-0.652702033519745,0.0199034139513969,1.33556056022644,0.420912683010101,-0.287078499794006,-0.583185255527496,-0.632703423500061
-0.652780771255493,0.0210559368133544,1.33553886413574,0.421195805072784,-0.286923050880432,-0.583183288574219,-0.632587194442749
-0.652933537960052,0.0222807005047798,1.335453748703,0.421475261449814,-0.287434786558151,-0.582685768604279,-0.632627308368683
-0.653029263019562,0.0234645456075668,1.33542370796204,0.421597748994827,-0.287569254636765,-0.582430064678192,-0.632719993591309
-0.653205394744873,0.0246187001466751,1.33528923988342,0.422040849924088,-0.287403732538223,-0.582188963890076,-0.632721722126007
-0.653290152549744,0.0258145779371261,1.33524966239929,0.422232806682587,-0.287824600934982,-0.581833958625793,-0.63272899389267
-0.653415203094482,0.0270402505993843,1.33522152900696,0.42255625128746,-0.287994652986526,-0.581564784049988,-0.632683098316193
-0.653545260429382,0.028207242488861,1.33518075942993,0.422627866268158,-0.288397401571274,-0.581156194210052,-0.63282710313797
-0.653470635414124,0.0295007601380348,1.33454823493958,0.422450035810471,-0.288499474525452,-0.581069350242615,-0.632979035377502
-0.653695404529572,0.030792087316513,1.33512461185455,0.423246115446091,-0.288972437381744,-0.580449461936951,-0.632800459861755
-0.653803884983063,0.0318900719285011,1.33515334129333,0.42347326874733,-0.288927882909775,-0.580072999000549,-0.633013963699341
-0.653797209262848,0.0331940054893493,1.33505618572235,0.423741936683655,-0.288954764604568,-0.579906940460205,-0.632973968982697
-0.65399956703186,0.034032367169857,1.33501887321472,0.423665404319763,-0.289090245962143,-0.5793776512146,-0.633447706699371
-0.653901636600494,0.0355413183569908,1.33503127098083,0.424086183309555,-0.289608091115951,-0.578829109668732,-0.633431136608124
-0.653898179531097,0.0366135612130165,1.33506071567535,0.423845499753952,-0.290043592453003,-0.578426599502563,-0.633760571479797
-0.653902411460876,0.0378531068563461,1.33502554893494,0.42381751537323,-0.290458410978317,-0.577934741973877,-0.634037971496582
-0.653899729251862,0.0390622988343238,1.33506774902344,0.423991411924362,-0.290831446647644,-0.577317774295807,-0.634312808513641
-0.653899729251862,0.0390622988343238,1.33506774902344,0.423991411924362,-0.290831446647644,-0.577317774295807,-0.634312808513641
-0.653868198394775,0.0413364320993423,1.33504498004913,0.42370480298996,-0.291673570871353,-0.576197445392609,-0.635135769844055
-0.65381783246994,0.0424899458885192,1.3350578546524,0.423783242702484,-0.292225152254105,-0.575580835342407,-0.635388851165771
-0.653663039207458,0.0436780527234077,1.33449995517731,0.423161774873734,-0.292369902133942,-0.57536768913269,-0.635929226875305
-0.653624594211578,0.0446643382310867,1.33450424671173,0.422943353652954,-0.292796850204468,-0.574695348739624,-0.636485993862152
-0.653574168682098,0.0458298400044441,1.3351104259491,0.423122555017471,-0.293653070926666,-0.573900699615479,-0.636689186096191
-0.653289794921875,0.0469814389944076,1.33449387550354,0.422224760055542,-0.293966889381409,-0.573866426944733,-0.6371710896492
-0.653360545635223,0.0479248762130737,1.33506500720978,0.42251780629158,-0.294455826282501,-0.573051989078522,-0.63748425245285
-0.653222680091858,0.0491015762090683,1.33515024185181,0.422240912914276,-0.295119524002075,-0.572291553020477,-0.638043522834778
-0.652973055839539,0.0501680299639701,1.33516752719879,0.421795219182968,-0.295884847640991,-0.571502506732941,-0.638690769672394
-0.652721166610718,0.0512152314186096,1.33526194095612,0.421608835458755,-0.296821117401123,-0.570787906646729,-0.639018416404724
-0.652546584606171,0.0521710366010665,1.33526909351349,0.421123713254929,-0.297432839870453,-0.570180535316467,-0.639595866203308
-0.652346074581146,0.0531663373112678,1.33524751663208,0.420653253793716,-0.297999709844589,-0.569464147090912,-0.640279412269592
-0.652075290679932,0.0540940165519714,1.33524739742279,0.42004856467247,-0.298743933439255,-0.568581402301788,-0.641113460063934
-0.651836574077606,0.0550555512309074,1.33529043197632,0.41983750462532,-0.299566805362701,-0.567574620246887,-0.64175945520401
-0.651465654373169,0.0560802854597568,1.33470010757446,0.419030129909515,-0.300223618745804,-0.566870748996735,-0.642601847648621
-0.651229202747345,0.0569157525897026,1.33471071720123,0.418561190366745,-0.300845116376877,-0.566247880458832,-0.643165826797485
-0.650946259498596,0.057934820652008,1.33472120761871,0.41834968328476,-0.301498562097549,-0.565621078014374,-0.643548846244812
-0.650784432888031,0.0588151700794696,1.33466732501984,0.418041497468948,-0.302187293767929,-0.564411163330078,-0.644487619400024
-0.650840938091278,0.0596504658460617,1.3345822095871,0.417732983827591,-0.302480220794678,-0.563481628894806,-0.645362854003906
-0.650498569011688,0.0605792962014675,1.33470118045807,0.417505025863647,-0.303590685129166,-0.562646806240082,-0.645717263221741
-0.650462806224823,0.0614190548658371,1.33525836467743,0.417894244194031,-0.304156810045242,-0.561685621738434,-0.646035671234131
-0.650389611721039,0.0622588545083999,1.33520376682281,0.4178207218647,-0.304765552282333,-0.56092232465744,-0.646459639072418
-0.650257050991058,0.0630736052989959,1.33461570739746,0.41720449924469,-0.30493226647377,-0.560449719429016,-0.647188365459442
-0.650332629680634,0.0639627203345298,1.33519530296326,0.417752414941788,-0.305695950984955,-0.559362351894379,-0.647415578365326
-0.650371074676514,0.0646615475416183,1.33503139019012,0.417541921138763,-0.306148409843445,-0.55852210521698,-0.648062586784363
-0.650400698184967,0.065406858921051,1.33508574962616,0.417429357767105,-0.306456536054611,-0.558059215545654,-0.648388087749481
-0.650438070297241,0.0661952644586563,1.33499813079834,0.417616754770279,-0.307014882564545,-0.557388484477997,-0.648580193519592
-0.65040385723114,0.0670448839664459,1.33491432666779,0.417589664459229,-0.307518154382706,-0.556872248649597,-0.648802518844604
-0.650438368320465,0.0678065866231918,1.3348445892334,0.417761653661728,-0.307761162519455,-0.556453347206116,-0.648936152458191
-0.650483131408691,0.0685107111930847,1.33476626873016,0.417907238006592,-0.308247298002243,-0.555872738361359,-0.649109303951263
-0.650354385375977,0.069349966943264,1.3340677022934,0.417572021484375,-0.308520346879959,-0.555468797683716,-0.649540841579437
-0.650426805019379,0.0700608342885971,1.33401346206665,0.41775381565094,-0.308790653944016,-0.554983139038086,-0.649710655212402
-0.650748908519745,0.0707322210073471,1.33455181121826,0.418578743934631,-0.308969289064407,-0.554331243038177,-0.649651348590851
-0.650773882865906,0.0714825317263603,1.33462226390839,0.419012010097504,-0.3092400431633,-0.553953409194946,-0.649565458297729
-0.650811374187469,0.0723186880350112,1.3345137834549,0.419110536575317,-0.309566378593445,-0.553558588027954,-0.649683058261871
-0.650844156742096,0.0730041563510894,1.33446085453033,0.419349640607834,-0.309991776943207,-0.55309647321701,-0.649719417095184
-0.650886416435242,0.0736404061317443,1.33439707756042,0.41961270570755,-0.310241430997849,-0.55269855260849,-0.649769067764282
-0.650979101657867,0.0742786228656768,1.33426547050476,0.419692307710648,-0.310339272022247,-0.55224072933197,-0.65006011724472
-0.651091516017914,0.0748544484376907,1.33427345752716,0.419854760169983,-0.310450434684753,-0.55174845457077,-0.650320112705231
-0.651091933250427,0.075536236166954,1.33427369594574,0.41998890042305,-0.310934633016586,-0.551114141941071,-0.650539934635162
-0.651139140129089,0.0762290209531784,1.33416867256165,0.420160621404648,-0.31107372045517,-0.550744891166687,-0.650675237178802
-0.651195287704468,0.0768043100833892,1.33413326740265,0.420298665761948,-0.311311662197113,-0.550365209579468,-0.650793671607971
-0.651205897331238,0.077466994524002,1.33415055274963,0.420546859502792,-0.311725437641144,-0.549910604953766,-0.650819480419159
-0.650701940059662,0.0779228508472442,1.33311319351196,0.419166266918182,-0.31238853931427,-0.549909174442291,-0.651393115520477
-0.65073162317276,0.0784875452518463,1.33309519290924,0.419145554304123,-0.312596023082733,-0.549491226673126,-0.651659548282623
-0.650988936424255,0.0789419189095497,1.33321022987366,0.419542342424393,-0.312515735626221,-0.549012362957001,-0.651846408843994
-0.650740683078766,0.0795745477080345,1.33293509483337,0.419373840093613,-0.313264310359955,-0.548788130283356,-0.651784360408783
-0.650700867176056,0.0801317989826202,1.33291959762573,0.419514417648315,-0.313678801059723,-0.548320055007935,-0.651888430118561
-0.650708079338074,0.0806213170289993,1.33289074897766,0.419646769762039,-0.313894838094711,-0.547904431819916,-0.652048647403717
-0.650633990764618,0.0811124816536903,1.33286464214325,0.419588327407837,-0.314154595136642,-0.547708213329315,-0.652125954627991
-0.650623500347137,0.0815684422850608,1.33283865451813,0.419584363698959,-0.314467579126358,-0.547373056411743,-0.652259111404419
-0.650354266166687,0.0821045413613319,1.33256042003632,0.419193536043167,-0.3150355219841,-0.547261118888855,-0.652330279350281
-0.650315165519714,0.0825786739587783,1.33251261711121,0.419180423021316,-0.315317541360855,-0.546983897686005,-0.652435004711151
-0.650509178638458,0.0829672887921333,1.33269703388214,0.419408291578293,-0.315159946680069,-0.546690762042999,-0.652610421180725
-0.650450825691223,0.0833569467067718,1.33269798755646,0.419302970170975,-0.315263658761978,-0.54655933380127,-0.6527379155159
-0.649895966053009,0.0839133784174919,1.3321487903595,0.418410420417786,-0.316076576709747,-0.546619355678558,-0.652867436408997
-0.650620639324188,0.0842057913541793,1.33344721794128,0.4199438393116,-0.315715968608856,-0.54559737443924,-0.652912139892578
-0.650598287582397,0.0845997929573059,1.33343243598938,0.419683545827866,-0.315851867198944,-0.545186460018158,-0.653356671333313
-0.650024712085724,0.0850891917943954,1.33245551586151,0.418369591236115,-0.316218644380569,-0.545374393463135,-0.653865158557892
-0.649950206279755,0.0855112895369529,1.33243894577026,0.418300211429596,-0.316332101821899,-0.54520583152771,-0.653994977474213
-0.649911820888519,0.0858824253082275,1.33251440525055,0.41814249753952,-0.31659671664238,-0.544935762882233,-0.654192805290222
-0.650211274623871,0.0861860215663909,1.3334972858429,0.418868660926819,-0.316720545291901,-0.544289231300354,-0.654206812381744
-0.650178968906403,0.086572878062725,1.33353841304779,0.418467581272125,-0.316729635000229,-0.544047653675079,-0.654659807682037
-0.650144219398499,0.0869340896606445,1.33358681201935,0.418258458375931,-0.31686320900917,-0.543746590614319,-0.654979109764099
-0.650088429450989,0.0873113125562667,1.33368599414825,0.418425410985947,-0.317085951566696,-0.543589234352112,-0.654894948005676
-0.65008819103241,0.0877038538455963,1.33372116088867,0.418247908353805,-0.317217230796814,-0.543148875236511,-0.655309915542603
-0.650124311447144,0.0880606472492218,1.33375358581543,0.418096512556076,-0.317156553268433,-0.54299384355545,-0.655564546585083
-0.650145769119263,0.0883526653051376,1.33381009101868,0.417878270149231,-0.317228317260742,-0.542767643928528,-0.655856370925903
-0.65020889043808,0.088680163025856,1.33382487297058,0.417608171701431,-0.316995114088058,-0.542588710784912,-0.656288981437683
-0.650206565856934,0.0889564007520675,1.33291530609131,0.416842341423035,-0.316576093435287,-0.542603611946106,-0.656965374946594
-0.650085806846619,0.0892310142517089,1.33309805393219,0.41646271944046,-0.316981732845306,-0.542483687400818,-0.657109498977661
-0.650111317634583,0.0896090865135192,1.33312892913818,0.416417390108109,-0.31695756316185,-0.542370438575745,-0.657243490219116
-0.650208175182343,0.0899136960506439,1.33316218852997,0.416324853897095,-0.316886991262436,-0.542199015617371,-0.657477498054504
-0.650369346141815,0.0901933684945106,1.33345890045166,0.416447192430496,-0.316785633563995,-0.542040169239044,-0.657579839229584
-0.650630950927734,0.0905418619513511,1.33402466773987,0.416868567466736,-0.316538989543915,-0.541719317436218,-0.657695829868317
-0.650585949420929,0.0908496379852294,1.33325743675232,0.415965676307678,-0.31641361117363,-0.541934609413147,-0.658150434494019
-0.650743663311005,0.0911256223917007,1.33332967758179,0.41605731844902,-0.316210627555847,-0.541940152645111,-0.658185541629791
-0.651057064533234,0.0913702994585037,1.33413255214691,0.416514277458191,-0.316049605607986,-0.541511058807373,-0.658327102661133
-0.651336371898651,0.0916207134723663,1.33412837982178,0.416619032621384,-0.316068142652512,-0.541422128677368,-0.658324837684631
-0.651480615139008,0.0918964445590972,1.33341431617737,0.416048347949982,-0.31555038690567,-0.541438341140747,-0.658920705318451
-0.651695013046265,0.0921762138605117,1.33349132537842,0.415980130434036,-0.315239459276199,-0.541495263576508,-0.659065723419189
-0.651959538459778,0.0924541130661964,1.3335325717926,0.416228502988815,-0.314763814210892,-0.541623711585999,-0.659030675888062
-0.652200996875763,0.0926707535982132,1.33355915546417,0.416329592466354,-0.314345210790634,-0.541791796684265,-0.659028291702271
-0.652284443378448,0.0930342078208923,1.33342516422272,0.416144877672195,-0.314299374818802,-0.541954278945923,-0.659033417701721
-0.652669787406921,0.0933321416378021,1.33342909812927,0.416432946920395,-0.313840806484222,-0.541954636573792,-0.659069716930389
-0.653022646903992,0.0935897231101989,1.33348894119263,0.416847854852676,-0.313542574644089,-0.541964411735535,-0.658941328525543
-0.653561651706696,0.0937923938035965,1.33374905586243,0.41727402806282,-0.31270769238472,-0.54207056760788,-0.658980846405029
-0.653899371623993,0.0940006375312805,1.3337584733963,0.417160034179688,-0.312418878078461,-0.542470216751099,-0.65886116027832
-0.654336094856262,0.0943216383457183,1.33384692668915,0.417673081159592,-0.311900556087494,-0.54258120059967,-0.658690333366394
-0.654710412025452,0.0945481806993484,1.33386540412903,0.417896687984466,-0.311414092779159,-0.542765378952026,-0.658627033233643
-0.65513414144516,0.0947990342974662,1.33389806747437,0.41831386089325,-0.310811907052994,-0.543107807636261,-0.658364295959473
-0.655685067176819,0.0950895845890045,1.33393573760986,0.418893873691559,-0.310034811496735,-0.543575882911682,-0.657975435256958
-0.656146466732025,0.0953822880983352,1.33394300937653,0.419392198324203,-0.309699922800064,-0.544021666049957,-0.657447159290314
-0.656651020050049,0.09563510119915,1.33390033245087,0.419601410627365,-0.309318631887436,-0.544193089008331,-0.657351315021515
-0.657470107078552,0.0958622246980667,1.33375096321106,0.420369207859039,-0.307976394891739,-0.544754564762115,-0.657025873661041
-0.657685875892639,0.0962767526507377,1.33390593528748,0.420870751142502,-0.307844400405884,-0.545401632785797,-0.656229317188263
-0.658928334712982,0.0966109633445739,1.33460354804993,0.422730833292007,-0.306540042161941,-0.545385539531708,-0.655657351016998
-0.659469723701477,0.0969095975160598,1.33457946777344,0.423114776611328,-0.30582720041275,-0.546223998069763,-0.655044317245483
-0.66001284122467,0.0972298011183738,1.33454442024231,0.42360731959343,-0.305448114871979,-0.546710669994354,-0.654496550559998
-0.660499930381775,0.0974239856004715,1.33455395698547,0.424093037843704,-0.304779350757599,-0.547613263130188,-0.653738677501678
-0.661228537559509,0.0976623371243476,1.33446252346039,0.42474165558815,-0.303955614566803,-0.548367023468018,-0.653069257736206
-0.66175103187561,0.0979854464530944,1.33440446853638,0.425233900547028,-0.303359180688858,-0.549313366413116,-0.652230143547058
-0.662220656871796,0.0984333455562591,1.33366453647614,0.425385475158691,-0.302710741758347,-0.550052881240845,-0.651809096336365
-0.6628577709198,0.0987260863184928,1.33362019062042,0.42598694562912,-0.301895916461945,-0.551194667816162,-0.650829195976257
-0.663856029510498,0.0989581272006034,1.33423292636871,0.427316665649414,-0.300929605960846,-0.551943957805634,-0.649768948554993
-0.664398729801178,0.0992036908864975,1.33390998840332,0.427609235048294,-0.300308227539062,-0.553135573863983,-0.64885002374649
-0.665233612060547,0.0994917824864387,1.33403825759888,0.428667455911636,-0.299350261688232,-0.554125189781189,-0.647749364376068
-0.665869414806366,0.099758930504322,1.333371758461,0.429032355546951,-0.298239946365356,-0.555469512939453,-0.64686781167984
-0.666593790054321,0.100075431168079,1.33326470851898,0.429781138896942,-0.297504603862762,-0.5566565990448,-0.645687818527222
-0.66740894317627,0.100282691419125,1.33364689350128,0.430797666311264,-0.296736657619476,-0.557947754859924,-0.644247531890869
-0.668166697025299,0.100538142025471,1.333580493927,0.431659758090973,-0.295841336250305,-0.559219479560852,-0.642978608608246
-0.66908460855484,0.100796811282635,1.33375978469849,0.432835906744003,-0.294678270816803,-0.560590445995331,-0.641526401042938
-0.670029819011688,0.100948587059975,1.33370327949524,0.433570921421051,-0.293798506259918,-0.561486721038818,-0.640649199485779
-0.670639634132385,0.101247504353523,1.33297789096832,0.433862864971161,-0.292724728584289,-0.563230752944946,-0.639410972595215
-0.671750903129578,0.10152792930603,1.33375358581543,0.435773134231567,-0.291624814271927,-0.564300894737244,-0.637668669223785
-0.672589123249054,0.101851433515549,1.33373355865479,0.43675971031189,-0.290524512529373,-0.565812528133392,-0.636154770851135
-0.672589123249054,0.101851433515549,1.33373355865479,0.43675971031189,-0.290524512529373,-0.565812528133392,-0.636154770851135
-0.67427009344101,0.102136731147766,1.33368456363678,0.438173472881317,-0.288749545812607,-0.568663060665131,-0.633443117141724
-0.675001561641693,0.102413415908813,1.33311414718628,0.439020246267319,-0.287192046642303,-0.570450663566589,-0.631955921649933
-0.675795197486877,0.102583549916744,1.33307790756226,0.439750969409943,-0.286190509796143,-0.5721076130867,-0.630402326583862
-0.676720261573792,0.102769762277603,1.33364415168762,0.440863907337189,-0.285278022289276,-0.57343590259552,-0.628829717636108
-0.677712559700012,0.102908805012703,1.33365201950073,0.442092567682266,-0.28389173746109,-0.574932336807251,-0.627226054668427
-0.678566873073578,0.103110454976559,1.33365952968597,0.442869812250137,-0.282714158296585,-0.576648771762848,-0.625631928443909
-0.679308950901031,0.103292167186737,1.333655834198,0.44352388381958,-0.281813889741898,-0.578210055828094,-0.62413215637207
-0.680207967758179,0.103463888168335,1.3336740732193,0.44455361366272,-0.280737072229385,-0.579921126365662,-0.622294425964355
-0.68083518743515,0.10355107486248,1.33297646045685,0.44454562664032,-0.279618620872498,-0.581741690635681,-0.621103346347809
-0.68182384967804,0.103653937578201,1.33363902568817,0.445765733718872,-0.278323918581009,-0.58330911397934,-0.619337856769562
-0.682632744312286,0.103786632418632,1.33354651927948,0.446621716022491,-0.277626901865005,-0.584859311580658,-0.617569386959076
-0.68352872133255,0.103802278637886,1.33363926410675,0.447551071643829,-0.276274710893631,-0.586689591407776,-0.615764379501343
-0.684243321418762,0.103904902935028,1.33364939689636,0.447982788085938,-0.274981051683426,-0.588817179203033,-0.613996267318726
-0.685210585594177,0.103957496583462,1.33378410339355,0.448941349983215,-0.273778080940247,-0.58999091386795,-0.612705588340759
-0.686115980148315,0.103979423642158,1.33381700515747,0.449681341648102,-0.272606819868088,-0.591748595237732,-0.610987722873688
-0.686882376670837,0.104127123951912,1.33382594585419,0.450241595506668,-0.271441370248795,-0.593503892421722,-0.609389066696167
-0.68770694732666,0.104194767773151,1.33381342887878,0.451111346483231,-0.27034330368042,-0.595269203186035,-0.60750949382782
-0.688514292240143,0.104297742247581,1.33384621143341,0.451830148696899,-0.269016414880753,-0.597106158733368,-0.605759263038635
-0.68929135799408,0.104318767786026,1.3339250087738,0.452546387910843,-0.267905294895172,-0.59891265630722,-0.603930830955505
-0.689942121505737,0.104331210255623,1.33395934104919,0.453509330749512,-0.266398936510086,-0.601066470146179,-0.60173088312149
-0.690873682498932,0.104281470179558,1.33405125141144,-0.454212725162506,0.264665365219116,0.602871417999268,0.600157618522644
-0.69152569770813,0.104488648474216,1.33405530452728,-0.454590678215027,0.26390016078949,0.60468590259552,0.598380446434021
-0.692332684993744,0.104360908269882,1.3341064453125,-0.455236226320267,0.262220770120621,0.606468677520752,0.596821665763855
-0.693053960800171,0.104189909994602,1.33417785167694,-0.455361545085907,0.261138200759888,0.608175158500671,0.595462739467621
-0.693785190582275,0.104252889752388,1.33424186706543,-0.455916076898575,0.259918659925461,0.610105156898499,0.593594610691071
-0.694503486156464,0.104229778051376,1.33426833152771,-0.456138044595718,0.258940875530243,0.611869335174561,0.592033624649048
-0.695237398147583,0.104181110858917,1.33441257476807,-0.456582903862,0.25768780708313,0.613568067550659,0.590477228164673
-0.695848107337952,0.104154892265797,1.33443522453308,-0.456841647624969,0.256651490926742,0.615389466285706,0.588830888271332
-0.696567714214325,0.104262799024582,1.33455455303192,-0.458326160907745,0.255473792552948,0.616592586040497,0.586927592754364
-0.696978747844696,0.104380160570145,1.33396983146667,-0.458336263895035,0.254152476787567,0.618800640106201,0.585166692733765
-0.697595477104187,0.104352965950966,1.33404099941254,-0.45818817615509,0.252717614173889,0.62121194601059,0.583346545696259
-0.698473334312439,0.104148298501968,1.33475852012634,-0.459879487752914,0.252182304859161,0.621430635452271,0.582012951374054
-0.69901704788208,0.104144163429737,1.33476877212524,-0.460596978664398,0.251064002513885,0.622779428958893,0.580485224723816
-0.699665546417236,0.104026511311531,1.33484840393066,-0.460992306470871,0.249759420752525,0.624957919120789,0.578389048576355
-0.700260043144226,0.104106344282627,1.33488547801971,-0.461131066083908,0.249037444591522,0.626415371894836,0.577011823654175
-0.700447559356689,0.104266375303268,1.33427882194519,-0.460624307394028,0.248327255249023,0.628435254096985,0.575524270534515
-0.701428592205048,0.104003675282001,1.33502852916718,-0.461676985025406,0.24687434732914,0.629452466964722,0.574192523956299
-0.701950013637543,0.103902757167816,1.33478474617004,-0.462014645338058,0.245396792888641,0.631246328353882,0.572582840919495
-0.702615737915039,0.103745006024837,1.33515024185181,-0.462454378604889,0.244281515479088,0.632522702217102,0.571294903755188
-0.703274846076965,0.103761360049248,1.33522248268127,-0.462840169668198,0.243079364299774,0.634042739868164,0.5698082447052
-0.703804075717926,0.103774905204773,1.33528578281403,-0.46305239200592,0.242074176669121,0.635563969612122,0.568367302417755
-0.70432460308075,0.103696152567863,1.33544278144836,-0.463621914386749,0.240636125206947,0.637100338935852,0.566791176795959
-0.704987823963165,0.103636160492897,1.33548724651337,-0.464033484458923,0.239280164241791,0.638510167598724,0.565440475940704
-0.705352902412415,0.103563725948334,1.33537077903748,-0.463807165622711,0.238276124000549,0.640194237232208,0.564144253730774
-0.705946624279022,0.10349614918232,1.3356761932373,-0.464643388986588,0.237457364797592,0.641232848167419,0.562619984149933
-0.706413567066193,0.103534892201424,1.3355176448822,-0.464894741773605,0.236346751451492,0.642720282077789,0.561180651187897
-0.707033038139343,0.103502720594406,1.33582627773285,-0.46540242433548,0.235109239816666,0.643780827522278,0.560062825679779
-0.707642018795013,0.103258594870567,1.33588147163391,-0.46489891409874,0.234778717160225,0.644759178161621,0.559494256973267
-0.708123564720154,0.10312706977129,1.3358895778656,-0.465126603841782,0.233472630381584,0.646215736865997,0.558169484138489
-0.708645522594452,0.103088743984699,1.33598148822784,-0.465508073568344,0.2321457862854,0.647444367408752,0.556979715824127
-0.708901941776276,0.103422552347183,1.33571398258209,-0.466216117143631,0.23037625849247,0.649535596370697,0.554682552814484
-0.709596991539001,0.103181876242161,1.33583199977875,-0.465680986642838,0.230354964733124,0.650024771690369,0.55456817150116
-0.709953486919403,0.103399313986301,1.33587372303009,-0.466804146766663,0.228575587272644,0.651610016822815,0.552495718002319
-0.71040415763855,0.103441931307316,1.33564651012421,-0.467199176549911,0.227888315916061,0.65255880355835,0.551324784755707
-0.711075365543365,0.103364318609238,1.33617055416107,-0.467981457710266,0.226792648434639,0.653312504291534,0.550219058990479
-0.71150267124176,0.103413268923759,1.33625113964081,-0.468160629272461,0.225870668888092,0.654515624046326,0.549015164375305
-0.711956202983856,0.103343620896339,1.33624744415283,-0.468533635139465,0.224756687879562,0.655953764915466,0.547435522079468
-0.712580740451813,0.103440225124359,1.3362523317337,-0.467824459075928,0.225751265883446,0.655816256999969,0.547797024250031
-0.712777256965637,0.103432781994343,1.33629310131073,-0.468918144702911,0.223032966256142,0.657769322395325,0.545629739761353
-0.712883412837982,0.103715874254703,1.33576786518097,-0.468531191349029,0.222457319498062,0.659019887447357,0.544687271118164
-0.713330626487732,0.103685289621353,1.33547675609589,-0.46904531121254,0.22159118950367,0.659862458705902,0.543576240539551
-0.713735461235046,0.103795766830444,1.33553600311279,-0.469347149133682,0.220882266759872,0.660585463047028,0.542725503444672
-0.714085042476654,0.103829734027386,1.33553338050842,-0.469592809677124,0.220171883702278,0.661581456661224,0.54158741235733
-0.714571833610535,0.103782005608082,1.33562541007996,-0.469008207321167,0.221268147230148,0.661227703094482,0.542078971862793
-0.714733839035034,0.103977754712105,1.33558642864227,-0.47016853094101,0.218625903129578,0.663069725036621,0.539891242980957
-0.715045511722565,0.103994980454445,1.33565080165863,-0.470178961753845,0.217555895447731,0.664165258407593,0.538967251777649
-0.715347766876221,0.104128904640674,1.33566856384277,-0.470864504575729,0.21728640794754,0.664852261543274,0.537628650665283
-0.716287553310394,0.103691458702087,1.33676517009735,-0.472270309925079,0.215772792696953,0.665054976940155,0.53675377368927
-0.716575622558594,0.10389219224453,1.33666777610779,-0.472568303346634,0.215215176343918,0.665667533874512,0.535955667495728
-0.716780006885529,0.104025326669216,1.33674168586731,-0.472849488258362,0.214623495936394,0.666338324546814,0.535110473632812
-0.717004358768463,0.104189395904541,1.33676898479462,-0.472939044237137,0.214261323213577,0.667086660861969,0.534243583679199
-0.717165291309357,0.104350417852402,1.3368593454361,-0.47303831577301,0.214162826538086,0.667572379112244,0.533588111400604
-0.717472076416016,0.104490488767624,1.33677709102631,-0.473499298095703,0.213478833436966,0.668041050434113,0.532866179943085
-0.717724800109863,0.104631431400776,1.33680284023285,-0.473742455244064,0.212876856327057,0.668766856193542,0.531979978084564
-0.717922806739807,0.104829579591751,1.3368239402771,-0.473927855491638,0.21245501935482,0.669091582298279,0.531574666500092
-0.718032896518707,0.104966796934605,1.33687651157379,-0.474002599716187,0.212236538529396,0.669590651988983,0.530966758728027
-0.718183755874634,0.105241976678371,1.33687651157379,-0.474084168672562,0.211969152092934,0.670537710189819,0.529804170131683
-0.718383073806763,0.105301342904568,1.33604454994202,-0.473066478967667,0.211998790502548,0.670928120613098,0.530207633972168
-0.718607246875763,0.105586022138595,1.33601689338684,-0.473594844341278,0.211003735661507,0.671342134475708,0.529608309268951
-0.718766808509827,0.105781249701977,1.33603370189667,-0.473950207233429,0.210254460573196,0.672179818153381,0.528525173664093
-0.719146370887756,0.105863466858864,1.33618402481079,-0.474504113197327,0.209479689598083,0.672511637210846,0.527913153171539
-0.719206988811493,0.105994462966919,1.3363311290741,-0.474429100751877,0.209431558847427,0.672907292842865,0.527495265007019
-0.719433426856995,0.106285981833935,1.33633077144623,-0.474718749523163,0.209186866879463,0.673190355300903,0.526970386505127
-0.719591081142426,0.106465697288513,1.33637583255768,-0.474968075752258,0.20865161716938,0.673872709274292,0.526085078716278
-0.719729006290436,0.106608599424362,1.33640027046204,-0.474940925836563,0.20841184258461,0.674280405044556,0.525682091712952
-0.719785094261169,0.106746323406696,1.33597230911255,-0.474612504243851,0.207980424165726,0.674981653690338,0.525249421596527
-0.719960927963257,0.107068128883839,1.33604192733765,-0.475052028894424,0.207478746771812,0.675483644008636,0.524404406547546
-0.720334708690643,0.107210427522659,1.33650422096252,-0.475624471902847,0.207028090953827,0.675796270370483,0.52366030216217
-0.720463275909424,0.107410706579685,1.33655512332916,-0.475627601146698,0.206999763846397,0.676111221313477,0.523261904716492
-0.720709264278412,0.107383951544762,1.33698987960815,-0.476039260625839,0.206507101655006,0.67636638879776,0.522752344608307
-0.720958530902863,0.107526049017906,1.33721852302551,-0.475596636533737,0.207267612218857,0.676184713840485,0.523089170455933
-0.72099381685257,0.107733532786369,1.33727657794952,-0.475790083408356,0.206746995449066,0.677210569381714,0.521790385246277
-0.72115159034729,0.107923090457916,1.33722531795502,-0.475941658020019,0.206227466464043,0.677747070789337,0.521161019802094
-0.721201241016388,0.108124509453773,1.33726048469543,-0.476337671279907,0.20510396361351,0.678653478622437,0.52006196975708
-0.721392750740051,0.108301818370819,1.33724284172058,-0.476483434438705,0.204480573534965,0.679182231426239,0.519483208656311
-0.72136664390564,0.108730159699917,1.3368923664093,-0.476162999868393,0.204374611377716,0.680023431777954,0.518717586994171
-0.721441149711609,0.108917273581028,1.33694815635681,-0.476132810115814,0.204054623842239,0.680576324462891,0.51814591884613
-0.721403062343597,0.109243147075176,1.33664858341217,-0.475602924823761,0.203760653734207,0.681405067443848,0.517658770084381
-0.721539080142975,0.109457612037659,1.33661961555481,-0.475630462169647,0.203762710094452,0.681416451931,0.517617642879486
-0.721923053264618,0.109788700938225,1.33675694465637,-0.474888980388641,0.20571357011795,0.680871248245239,0.518244087696075
-0.721837997436523,0.110090702772141,1.33668780326843,-0.476036131381989,0.203268378973007,0.682406008243561,0.516133606433868
-0.721917808055878,0.11028977483511,1.33674907684326,-0.475976049900055,0.203053519129753,0.68286257982254,0.515669524669647
-0.721933305263519,0.110408537089825,1.33679556846619,-0.475567758083344,0.203154414892197,0.683247148990631,0.515496909618378
-0.722274541854858,0.110515750944614,1.33700215816498,-0.475980460643768,0.202352330088615,0.683753073215485,0.514760255813599
-0.722181558609009,0.110907703638077,1.33685958385468,-0.4759641289711,0.201933339238167,0.684586405754089,0.513831317424774
-0.722208797931671,0.111172258853912,1.33682870864868,-0.475908845663071,0.201777473092079,0.685089349746704,0.513273298740387
-0.722125947475433,0.111093007028103,1.33685028553009,-0.475613743066788,0.201460033655167,0.68578839302063,0.512737572193146
-0.722491919994354,0.111651137471199,1.33679711818695,-0.47597861289978,0.201542809605598,0.686042189598083,0.512026309967041
-0.722458481788635,0.111842066049576,1.3367817401886,-0.476143479347229,0.200869008898735,0.68684583902359,0.511059582233429
-0.722411096096039,0.112025953829288,1.33670938014984,-0.475969582796097,0.200697347521782,0.687482476234436,0.510432541370392
-0.7225701212883,0.112179860472679,1.33668291568756,-0.476082623004913,0.200214594602585,0.68798691034317,0.509836614131927
-0.722704589366913,0.112077794969082,1.33675265312195,-0.475989371538162,0.199691891670227,0.688704490661621,0.509159624576569
-0.72322952747345,0.112703666090965,1.33702874183655,-0.477002561092377,0.199554786086082,0.688720762729645,0.508242428302765
-0.723260939121246,0.112681269645691,1.33700120449066,-0.476994752883911,0.198963165283203,0.689403295516968,0.507555723190308
-0.723327219486237,0.112721897661686,1.33699297904968,-0.476846545934677,0.198715627193451,0.690111637115479,0.506828606128693
-0.723595798015594,0.113118171691895,1.33696269989014,-0.477279335260391,0.198484465479851,0.690577745437622,0.505876183509827
-0.723735153675079,0.113086499273777,1.33696579933167,-0.476799666881561,0.19881971180439,0.69085282087326,0.505821406841278
-0.723800897598267,0.113280072808266,1.33693540096283,-0.477296948432922,0.197541877627373,0.691990613937378,0.504295349121094
-0.723800897598267,0.113280072808266,1.33693540096283,-0.477296948432922,0.197541877627373,0.691990613937378,0.504295349121094
-0.724715054035187,0.113364100456238,1.33749318122864,-0.478828936815262,0.195890188217163,0.692651569843292,0.50257682800293
-0.724817216396332,0.11341767758131,1.33741533756256,-0.47906219959259,0.195377752184868,0.693879783153534,0.500857353210449
-0.725051879882812,0.113037027418613,1.3374297618866,-0.477492064237595,0.196850955486298,0.693376243114471,0.50247448682785
-0.725018799304962,0.113495871424675,1.33654236793518,-0.477130949497223,0.196562677621841,0.694406628608704,0.501506328582764
-0.725186228752136,0.113657124340534,1.3363870382309,-0.477927416563034,0.194903045892715,0.695805311203003,0.499452948570251
-0.725374460220337,0.113618262112141,1.33625054359436,-0.477544069290161,0.195161640644073,0.696134865283966,0.499259322881699
-0.726096510887146,0.114010401070118,1.33620202541351,-0.477733910083771,0.195920303463936,0.696004986763,0.498961538076401
-0.726302087306976,0.114064887166023,1.33615159988403,-0.477950245141983,0.195436298847198,0.696750819683075,0.497902035713196
-0.726506948471069,0.114386603236198,1.33608913421631,-0.479398399591446,0.19378949701786,0.698124647140503,0.495222061872482
-0.726312041282654,0.114193886518478,1.33591079711914,-0.479715913534164,0.191731527447701,0.700038373470306,0.493009239435196
-0.72662478685379,0.114152058959007,1.33614408969879,-0.480374366044998,0.190910160541534,0.700703263282776,0.491740345954895
-0.727128565311432,0.114254683256149,1.33592545986176,-0.480114370584488,0.191497385501861,0.700754821300507,0.491692692041397
-0.727360486984253,0.114218652248382,1.33606135845184,-0.480459332466125,0.190897613763809,0.701468348503113,0.490570545196533
-0.728400886058807,0.113804325461388,1.33672940731049,-0.480024695396423,0.192978858947754,0.700649201869965,0.491351425647736
-0.728511452674866,0.113717183470726,1.33683741092682,-0.480321198701859,0.192102581262589,0.701429545879364,0.490290582180023
-0.728890180587769,0.113758243620396,1.33659017086029,-0.481267750263214,0.190060779452324,0.702810883522034,0.488175272941589
-0.728861272335052,0.113915950059891,1.33565163612366,-0.48068505525589,0.189908936619759,0.703968405723572,0.48713955283165
-0.729058384895325,0.114067919552326,1.3355815410614,-0.48148500919342,0.188587352633476,0.705314517021179,0.484910756349564
-0.729239284992218,0.114051386713982,1.33558225631714,-0.482191920280456,0.187278240919113,0.706484019756317,0.483009785413742
-0.729563176631927,0.114039786159992,1.33551514148712,-0.482486486434937,0.186725735664368,0.707456707954407,0.481503307819366
-0.729813456535339,0.114224925637245,1.33542907238007,-0.483664929866791,0.18507482111454,0.70875358581543,0.479044735431671
-0.730133831501007,0.114001870155334,1.33544600009918,-0.483652502298355,0.184667855501175,0.709542453289032,0.47804582118988
-0.730509340763092,0.114020995795727,1.33541417121887,-0.483676791191101,0.184862360358238,0.710058152675629,0.477179288864136
-0.730788052082062,0.11396212875843,1.33533048629761,-0.484022825956345,0.184043198823929,0.711163640022278,0.475495904684067
-0.731067955493927,0.113891571760178,1.3353636264801,-0.484528034925461,0.183251723647118,0.712022662162781,0.473999410867691
-0.731392621994019,0.113957598805427,1.33553552627563,-0.484998017549515,0.18293222784996,0.712958872318268,0.472231268882751
-0.731627225875854,0.114079147577286,1.3354457616806,-0.486009240150452,0.181307166814804,0.714284121990204,0.469809353351593
-0.731900095939636,0.113757900893688,1.33547627925873,-0.485898286104202,0.180890843272209,0.715233623981476,0.468638807535172
-0.732250154018402,0.113865882158279,1.33537626266479,-0.48699352145195,0.178888812661171,0.716566681861877,0.466227829456329
-0.732559859752655,0.113675102591515,1.33549046516418,-0.486675500869751,0.179377734661102,0.717156410217285,0.46546459197998
-0.732731699943542,0.113731041550636,1.33541011810303,-0.487501084804535,0.177638322114944,0.718604147434235,0.4630286693573
-0.733150541782379,0.113513268530369,1.33539175987244,-0.48719111084938,0.177772402763367,0.719362378120422,0.462125182151794
-0.73346871137619,0.113484889268875,1.33517348766327,-0.488147616386414,0.175650581717491,0.720965921878815,0.459420412778854
-0.73377937078476,0.113427139818668,1.3351833820343,-0.488281041383743,0.175457283854485,0.721697330474854,0.458202242851257
-0.734092235565186,0.113096617162228,1.3352302312851,-0.48814269900322,0.175225660204887,0.722605049610138,0.45700603723526
-0.734363198280334,0.113031812012196,1.33518636226654,-0.488361120223999,0.174654796719551,0.723512649536133,0.455553203821182
-0.734589159488678,0.113072484731674,1.3351047039032,-0.48921200633049,0.17295053601265,0.725008189678192,0.452904999256134
-0.734950363636017,0.112870365381241,1.33517575263977,-0.488956421613693,0.173040598630905,0.725665628910065,0.452092885971069
-0.735174238681793,0.11292852461338,1.33509087562561,-0.489726811647415,0.171340554952621,0.727094292640686,0.449604481458664
-0.735430657863617,0.112870380282402,1.33504199981689,-0.489666998386383,0.171775102615356,0.728105843067169,0.447863042354584
-0.735721290111542,0.112967081367969,1.33497762680054,-0.490106105804443,0.170370399951935,0.729102194309235,0.446295976638794
-0.736096680164337,0.112847700715065,1.33542060852051,-0.490869581699371,0.169807076454163,0.730104506015778,0.444027304649353
-0.736096680164337,0.112847700715065,1.33542060852051,-0.490869581699371,0.169807076454163,0.730104506015778,0.444027304649353
-0.736501336097717,0.112766161561012,1.3353306055069,-0.490643382072449,0.169013977050781,0.731885313987732,0.44164165854454
-0.736698150634766,0.112830296158791,1.33534979820251,-0.490924179553986,0.168563008308411,0.732745230197906,0.440073221921921
-0.737094819545746,0.112663254141808,1.33513343334198,-0.491293787956238,0.167430564761162,0.734049439430237,0.43791463971138
-0.737386465072632,0.112728416919708,1.33483350276947,-0.492070406675339,0.165759697556496,0.735271871089935,0.435621082782745
-0.737679362297058,0.112710729241371,1.33487069606781,-0.491777032613754,0.166284799575806,0.735882043838501,0.434720993041992
-0.737975358963013,0.112619958817959,1.33487594127655,-0.491885244846344,0.165724828839302,0.736581265926361,0.433627098798752
-0.738237619400024,0.11284913867712,1.33474969863892,-0.492387473583221,0.164533600211143,0.737781763076782,0.431464374065399
-0.738523840904236,0.112820528447628,1.33477389812469,-0.492039918899536,0.165318727493286,0.738039433956146,0.431119590997696
-0.738704442977905,0.112918555736542,1.33471214771271,-0.492375731468201,0.163979515433311,0.739309251308441,0.429067373275757
-0.738802194595337,0.113149262964725,1.33456695079803,-0.493001967668533,0.16250005364418,0.74046516418457,0.426912546157837
-0.739030063152313,0.113287732005119,1.33476328849792,-0.49321049451828,0.162411615252495,0.741156399250031,0.42550328373909
-0.739196300506592,0.113279215991497,1.33444690704346,-0.493612557649612,0.161177933216095,0.742024123668671,0.423991203308105
-0.739419400691986,0.113487750291824,1.33442175388336,-0.493799746036529,0.161102741956711,0.742630183696747,0.422738939523697
-0.739579737186432,0.113662034273147,1.33435964584351,-0.493896275758743,0.160940706729889,0.743263483047485,0.421573430299759
-0.739806890487671,0.113836146891117,1.33433103561401,-0.493689239025116,0.16186036169529,0.743314325809479,0.42137399315834
-0.739933967590332,0.114057242870331,1.33426141738892,-0.493833661079407,0.161734938621521,0.743761420249939,0.420462995767593
-0.740022361278534,0.114430718123913,1.33437216281891,-0.494038045406341,0.161763146519661,0.744377374649048,0.419120013713837
-0.740265369415283,0.114670693874359,1.33409154415131,-0.494071692228317,0.161852285265922,0.744455695152283,0.418906599283218
-0.740344882011414,0.115116968750954,1.33394289016724,-0.49477556347847,0.16068984568119,0.745164513587952,0.417259961366653
-0.740442335605621,0.115451276302338,1.33383762836456,-0.494954764842987,0.160650342702866,0.745435059070587,0.416579067707062
-0.740496158599854,0.115825928747654,1.33375716209412,-0.494964241981506,0.160784602165222,0.745728552341461,0.415990114212036
-0.740525364875793,0.116163104772568,1.33396303653717,-0.494402319192886,0.161893516778946,0.745867013931274,0.415979981422424
-0.740510761737823,0.116538442671299,1.33381128311157,-0.494533449411392,0.161748632788658,0.746190071105957,0.41530054807663
-0.740526914596558,0.116870179772377,1.33373272418976,-0.494641035795212,0.16196283698082,0.746276140213013,0.414933979511261
-0.740551590919495,0.117273405194283,1.33365750312805,-0.494840681552887,0.162049531936646,0.746317327022552,0.414588093757629
-0.740588486194611,0.117753148078918,1.3335520029068,-0.494806706905365,0.16251640021801,0.746016263961792,0.414987415075302
-0.740503072738647,0.118297144770622,1.33343434333801,-0.494870960712433,0.163147702813148,0.74593847990036,0.41480278968811
-0.740493416786194,0.118865348398685,1.33336412906647,-0.495283037424088,0.163207396864891,0.745936214923859,0.41429129242897
-0.740525722503662,0.119537211954594,1.33327150344849,-0.49544170498848,0.164245128631592,0.745565354824066,0.41435906291008
-0.740430355072021,0.120205961167812,1.33314335346222,-0.495845645666122,0.163959830999374,0.745773255825043,0.413613945245743
-0.740374684333801,0.120783492922783,1.33301115036011,-0.495491623878479,0.16565865278244,0.74517023563385,0.414447277784347
-0.740316152572632,0.121370799839497,1.33292031288147,-0.495989292860031,0.166449502110481,0.744724631309509,0.414336144924164
-0.740312814712524,0.121797166764736,1.33285391330719,-0.495759725570679,0.16784256696701,0.74404513835907,0.415268898010254
-0.740190446376801,0.122536063194275,1.33265173435211,-0.496286422014236,0.167302548885345,0.744149208068848,0.414670586585998
-0.740219056606293,0.123246431350708,1.33256840705872,-0.496374100446701,0.168255567550659,0.743618667125702,0.415131777524948
-0.740107774734497,0.123962916433811,1.33245313167572,-0.496908634901047,0.167979896068573,0.743397355079651,0.415000051259995
-0.740090370178223,0.124567873775959,1.33213567733765,-0.497122228145599,0.168418571352959,0.742780983448029,0.415669500827789
-0.740028262138367,0.125190913677215,1.33208191394806,-0.497056752443314,0.170355901122093,0.741715967655182,0.416858464479446
-0.739690482616425,0.126014351844788,1.33211970329285,-0.497007817029953,0.170912399888039,0.741434276103973,0.417189925909042
-0.739548563957214,0.12683293223381,1.33190941810608,-0.496788591146469,0.171721264719963,0.740811705589294,0.418223768472672
-0.739471077919006,0.127565383911133,1.33182239532471,-0.497053623199463,0.172647967934608,0.73975020647049,0.419404476881027
-0.739471077919006,0.127565383911133,1.33182239532471,-0.497053623199463,0.172647967934608,0.73975020647049,0.419404476881027
-0.739202857017517,0.128987669944763,1.33162093162537,-0.497148334980011,0.175654232501984,0.737797439098358,0.421478599309921
-0.7390216588974,0.129996314644814,1.3311710357666,-0.497856110334396,0.174308180809021,0.737613379955292,0.421524047851562
-0.7390216588974,0.129996314644814,1.3311710357666,-0.497856110334396,0.174308180809021,0.737613379955292,0.421524047851562
-0.738603711128235,0.131857514381409,1.33123278617859,-0.498486220836639,0.176936209201813,0.735445439815521,0.423468172550201
-0.73849481344223,0.132578015327454,1.33111989498138,-0.498945742845535,0.177964881062508,0.734446406364441,0.424229025840759
-0.738380670547485,0.133178442716599,1.33102488517761,-0.498787611722946,0.179607301950455,0.732861578464508,0.426457434892654
-0.738394856452942,0.133955210447311,1.33057475090027,-0.499411374330521,0.178858652710915,0.732106685638428,0.427337914705276
-0.73805695772171,0.134939804673195,1.33061218261719,-0.499489039182663,0.180599942803383,0.730807960033417,0.428735375404358
-0.737913608551025,0.135740518569946,1.33052551746368,-0.499300479888916,0.182512432336807,0.729191899299622,0.430891662836075
-0.737445533275604,0.136825457215309,1.33018708229065,-0.498785853385925,0.183894202113151,0.728093802928925,0.432752907276154
-0.737210810184479,0.137637689709663,1.33005726337433,-0.498831212520599,0.184735864400864,0.726810216903687,0.43449655175209
-0.737053513526917,0.138609036803245,1.32986450195312,-0.498914480209351,0.186376675963402,0.725058794021606,0.436621069908142
-0.736694931983948,0.139425575733185,1.3297678232193,-0.4981889128685,0.189145028591156,0.723309218883514,0.439153611660004
-0.736477017402649,0.140471085906029,1.32961547374725,-0.499032884836197,0.18913571536541,0.722241282463074,0.439956337213516
-0.736477017402649,0.140471085906029,1.32961547374725,-0.499032884836197,0.18913571536541,0.722241282463074,0.439956337213516
-0.735838294029236,0.142522215843201,1.32935583591461,-0.499698340892792,0.190659448504448,0.719733655452728,0.442644387483597
-0.735428214073181,0.143382638692856,1.32925260066986,-0.499437868595123,0.191512435674667,0.718464851379395,0.444626957178116
-0.735030055046082,0.144318401813507,1.32921135425568,-0.49929678440094,0.192851766943931,0.717010378837585,0.446550101041794
-0.734682202339172,0.145314693450928,1.32886326313019,-0.498931795358658,0.193877711892128,0.715648233890533,0.448693871498108
-0.734718501567841,0.145918056368828,1.32905280590057,-0.499164491891861,0.194337010383606,0.71415787935257,0.450606822967529
-0.733870625495911,0.147314190864563,1.32922005653381,-0.4986791908741,0.196826219558716,0.712716639041901,0.45234227180481
-0.733284771442413,0.148582845926285,1.32897555828094,-0.497767448425293,0.199488073587418,0.71103972196579,0.454812914133072
-0.732835650444031,0.149627983570099,1.32867634296417,-0.497174203395844,0.200605541467667,0.709704577922821,0.457050085067749
-0.732269763946533,0.150656670331955,1.32876574993134,-0.496460020542145,0.202451303601265,0.708482444286346,0.458905041217804
-0.732061803340912,0.151969164609909,1.32919669151306,-0.496732354164123,0.203763857483864,0.706976652145386,0.460349351167679
-0.731384694576263,0.153016775846481,1.32878279685974,-0.495092004537582,0.20625413954258,0.705322265625,0.463533967733383
-0.730926513671875,0.154119074344635,1.32924282550812,-0.49501097202301,0.206851810216904,0.703903079032898,0.465507477521896
-0.730074644088745,0.155386105179787,1.32911860942841,-0.494052797555923,0.208717778325081,0.703034579753876,0.467002183198929
-0.729952454566956,0.156207993626594,1.3297119140625,-0.494139164686203,0.209576934576034,0.701170146465302,0.469323605298996
-0.72877049446106,0.157370179891586,1.32911360263824,-0.492237657308578,0.210987344384193,0.700201094150543,0.472128063440323
-0.72877049446106,0.157370179891586,1.32911360263824,-0.492237657308578,0.210987344384193,0.700201094150543,0.472128063440323
-0.727770566940308,0.159567981958389,1.32891345024109,-0.490572303533554,0.213661924004555,0.697255313396454,0.476993262767792
-0.72705602645874,0.160811319947243,1.32923936843872,-0.489661186933517,0.215592712163925,0.695682883262634,0.479350686073303
-0.726864635944366,0.16184376180172,1.32962369918823,-0.489552497863769,0.216561764478683,0.693755924701691,0.481811225414276
-0.726134955883026,0.162931069731712,1.32907104492188,-0.488704264163971,0.21685203909874,0.692857563495636,0.483830451965332
-0.725424230098724,0.164227947592735,1.32940220832825,-0.488189160823822,0.218346863985062,0.691460728645325,0.485672920942307
-0.724973857402802,0.165287509560585,1.3293890953064,-0.487504363059998,0.219164237380028,0.689889907836914,0.488219857215881
-0.724973857402802,0.165287509560585,1.3293890953064,-0.487504363059998,0.219164237380028,0.689889907836914,0.488219857215881
-0.723692059516907,0.167719319462776,1.3288996219635,-0.485349208116531,0.222237229347229,0.68686044216156,0.49322372674942
-0.723518073558807,0.16872064769268,1.32987916469574,-0.485504597425461,0.223421692848206,0.684621810913086,0.495642274618149
-0.722921848297119,0.169880464673042,1.3298921585083,-0.484666585922241,0.224845468997955,0.682980895042419,0.498076349496841
-0.722921848297119,0.169880464673042,1.3298921585083,-0.484666585922241,0.224845468997955,0.682980895042419,0.498076349496841
-0.721324503421783,0.172014355659485,1.32893776893616,-0.481778472661972,0.227374777197838,0.680504262447357,0.503094851970673
-0.721182465553284,0.17304565012455,1.32982039451599,-0.4821917116642,0.227966994047165,0.67845606803894,0.505192637443542
-0.720416188240051,0.174401327967644,1.32928788661957,-0.480871796607971,0.230252742767334,0.676780462265015,0.507655620574951
-0.720190286636353,0.175189882516861,1.32948076725006,-0.479811102151871,0.231865867972374,0.674508333206177,0.510938346385956
-0.719734668731689,0.176553040742874,1.32957899570465,-0.479746341705322,0.232342928647995,0.673240840435028,0.512452244758606
-0.718830347061157,0.177778720855713,1.32866168022156,-0.47673687338829,0.235796943306923,0.671465456485748,0.515999972820282
-0.718710422515869,0.178864970803261,1.32922053337097,-0.476817101240158,0.236604362726211,0.669532179832458,0.518064379692078
-0.718107998371124,0.18003249168396,1.32891285419464,-0.475685387849808,0.238070026040077,0.667941987514496,0.520480275154114
-0.717611134052277,0.181180208921432,1.32878172397614,-0.475003629922867,0.23919665813446,0.666577517986298,0.52233225107193
-0.716847658157349,0.182258069515228,1.32820975780487,-0.473420649766922,0.240673452615738,0.66539478302002,0.524594247341156
-0.716470241546631,0.183284789323807,1.32805299758911,-0.472026258707047,0.242569580674171,0.663600027561188,0.527244031429291
-0.71634840965271,0.184471681714058,1.32885384559631,-0.472794681787491,0.242820590734482,0.66191029548645,0.528562366962433
-0.715772807598114,0.185564666986465,1.32867360115051,-0.47203528881073,0.243713602423668,0.660693883895874,0.530349135398865
-0.715357422828674,0.186685919761658,1.32856154441833,-0.471181839704513,0.245214357972145,0.659266591072083,0.53218936920166
-0.714507222175598,0.188042417168617,1.32785093784332,-0.469392955303192,0.247574493288994,0.657827377319336,0.534453451633453
-0.714368522167206,0.189156144857407,1.32836425304413,-0.469596296548843,0.248159989714622,0.656347990036011,0.535820245742798
-0.713335752487183,0.190562516450882,1.32727193832397,-0.468387514352798,0.249079674482345,0.655959784984589,0.536925911903381
-0.713050723075867,0.191533640027046,1.32719790935516,-0.467068821191788,0.251340985298157,0.653864443302155,0.539569973945618
-0.712634384632111,0.192633152008057,1.32798862457275,-0.467280387878418,0.252202719449997,0.652585983276367,0.540531814098358
-0.712157487869263,0.193839594721794,1.32795190811157,-0.466688990592956,0.253529906272888,0.65111631155014,0.542191803455353
-0.711614727973938,0.195175170898438,1.32769429683685,-0.466664791107178,0.25406488776207,0.650339305400848,0.542894005775452
-0.710640132427216,0.196405380964279,1.32679092884064,-0.464292198419571,0.256364017724991,0.649381697177887,0.54498964548111
-0.710132122039795,0.197644203901291,1.32666540145874,-0.463529288768768,0.258240073919296,0.64776599407196,0.546673655509949
-0.709730684757233,0.198727667331696,1.32743906974792,-0.463643670082092,0.25959786772728,0.646416068077087,0.547530770301819
-0.709057033061981,0.200012102723122,1.32738626003265,-0.463394433259964,0.260720640420914,0.64536589384079,0.548446178436279
-0.708550631999969,0.201229602098465,1.32719278335571,-0.462962955236435,0.261728942394257,0.644248366355896,0.549643158912659
-0.707949578762054,0.202350914478302,1.32708394527435,-0.462069302797318,0.263200163841248,0.643073320388794,0.55106657743454
-0.707339584827423,0.203778952360153,1.32708072662354,-0.461251467466354,0.265533059835434,0.641490459442139,0.55247563123703
-0.706748187541962,0.204891443252563,1.3269282579422,-0.461102336645126,0.266024231910706,0.640770196914673,0.553199291229248
-0.705825507640839,0.206172063946724,1.32676529884338,-0.460149943828583,0.26809698343277,0.639696359634399,0.554233551025391
-0.705175340175629,0.207607939839363,1.32668423652649,-0.459951281547546,0.269083708524704,0.638382732868195,0.555433571338654
-0.704620003700256,0.208762288093567,1.32653033733368,-0.45930877327919,0.270206153392792,0.636724770069122,0.557320177555084
-0.703815698623657,0.209841221570969,1.32644057273865,-0.458761662244797,0.271805912256241,0.635707557201385,0.558153450489044
-0.702788770198822,0.211185351014137,1.32534742355347,-0.457322895526886,0.273400664329529,0.634986937046051,0.559374332427979
-0.702195584774017,0.212171494960785,1.32513010501862,-0.456668943166733,0.274914860725403,0.633557856082916,0.560785055160522
-0.701565444469452,0.213221281766891,1.32587289810181,-0.458418428897858,0.274003148078918,0.633411943912506,0.559968113899231
-0.700902938842773,0.214316755533218,1.32578492164612,-0.458144336938858,0.275199770927429,0.632355213165283,0.560799181461334
-0.700300753116608,0.215449959039688,1.32560098171234,-0.457538902759552,0.276879578828812,0.630920588970184,0.562081336975098
-0.699614405632019,0.216904550790787,1.32545101642609,-0.457507401704788,0.278587430715561,0.62955778837204,0.562790393829346
-0.698564052581787,0.217940792441368,1.32428002357483,-0.456105351448059,0.280098915100098,0.628834426403046,0.563985645771027
-0.697879374027252,0.219369933009148,1.32415521144867,-0.45490089058876,0.28153333067894,0.62879353761673,0.564289629459381
-0.697226583957672,0.220431908965111,1.32401072978973,-0.455548048019409,0.283443361520767,0.62602823972702,0.565883636474609
-0.696583151817322,0.221333801746368,1.32381916046143,-0.454956710338592,0.284576088190079,0.624898374080658,0.567039012908936
-0.696095585823059,0.222381249070168,1.32401752471924,-0.454103767871857,0.285787373781204,0.624622106552124,0.567417502403259
-0.695235311985016,0.223539799451828,1.32356917858124,-0.453408092260361,0.287445306777954,0.623392522335052,0.568487703800201
-0.694635033607483,0.224428936839104,1.32350015640259,-0.452274799346924,0.289965629577637,0.621383130550385,0.570307433605194
-0.693862736225128,0.225189626216888,1.32337057590485,-0.452257037162781,0.29130482673645,0.619028329849243,0.572196841239929
-0.693153917789459,0.226330250501633,1.32317423820496,-0.45113405585289,0.292415529489517,0.618981540203094,0.572567224502563
-0.692670702934265,0.227172881364822,1.32414090633392,-0.451952695846558,0.293838202953339,0.616795063018799,0.573552012443542
-0.691896557807922,0.228320464491844,1.32408738136292,-0.451399564743042,0.295114815235138,0.615965485572815,0.574223279953003
-0.690578460693359,0.229390949010849,1.32278513908386,-0.45006138086319,0.296902745962143,0.614845633506775,0.575550675392151
-0.690168619155884,0.230368837714195,1.32359898090363,-0.449963063001633,0.298087179660797,0.613564431667328,0.576381623744965
-0.688698649406433,0.231458991765976,1.3225405216217,-0.448220074176788,0.300494939088821,0.612100124359131,0.578044295310974
-0.687921464443207,0.232370406389236,1.32239878177643,-0.44780233502388,0.301641464233398,0.610927641391754,0.579010307788849
-0.686945199966431,0.233376920223236,1.3223774433136,-0.44706717133522,0.303357422351837,0.60942679643631,0.580262303352356
-0.685986161231995,0.234213843941689,1.32222366333008,-0.446165502071381,0.304961800575256,0.608081936836243,0.581524848937988
-0.685129940509796,0.235024869441986,1.32199418544769,-0.444848895072937,0.30682435631752,0.606180489063263,0.583535254001617
-0.684101223945618,0.236219897866249,1.32190501689911,-0.444166868925095,0.308658599853516,0.604783356189728,0.584536552429199
-0.6828852891922,0.237349838018417,1.32183003425598,-0.443510740995407,0.310400038957596,0.603607594966888,0.58532726764679
-0.68218469619751,0.237957507371902,1.32147181034088,-0.442562788724899,0.311260730028152,0.601863205432892,0.587380528450012
-0.680689871311188,0.239067807793617,1.32165563106537,-0.441303849220276,0.314049661159515,0.60017454624176,0.588569700717926
-0.680318653583527,0.239896208047867,1.32252442836761,-0.441601634025574,0.315187454223633,0.59758323431015,0.590372264385223
-0.680318653583527,0.239896208047867,1.32252442836761,-0.441601634025574,0.315187454223633,0.59758323431015,0.590372264385223
-0.677989900112152,0.241719484329224,1.32238554954529,-0.439570069313049,0.31877213716507,0.593986690044403,0.593584358692169
-0.676706671714783,0.242633774876594,1.32249867916107,0.438393145799637,-0.320969671010971,-0.591974198818207,-0.59527862071991
-0.675063192844391,0.243284791707992,1.32136678695679,0.435692936182022,-0.32324481010437,-0.590554654598236,-0.5974360704422
-0.673961460590363,0.244126081466675,1.32200646400452,0.435088336467743,-0.325307697057724,-0.588079214096069,-0.599195897579193
-0.672196209430695,0.24515575170517,1.32093739509583,0.433060884475708,-0.327414870262146,-0.586295604705811,-0.601261615753174
-0.670974731445312,0.245519608259201,1.32082748413086,0.430630475282669,-0.329438924789429,-0.584007263183594,-0.604121625423431
-0.669595122337341,0.24633714556694,1.32074558734894,0.429867655038834,-0.331150770187378,-0.581868052482605,-0.605790913105011
-0.668339133262634,0.246883511543274,1.32074081897736,0.427866756916046,-0.333216279745102,-0.579330027103424,-0.608501374721527
-0.66726016998291,0.247993260622025,1.32178735733032,0.428544849157333,-0.334409147500992,-0.576977014541626,-0.60960441827774
-0.66726016998291,0.247993260622025,1.32178735733032,0.428544849157333,-0.334409147500992,-0.576977014541626,-0.60960441827774
-0.664353311061859,0.248945266008377,1.32132983207703,0.424726873636246,-0.338444918394089,-0.572254598140717,-0.614481091499329
-0.662877142429352,0.249600529670715,1.32055926322937,0.422392547130585,-0.340090602636337,-0.569903969764709,-0.617359459400177
-0.661616742610931,0.250238299369812,1.32064282894135,0.4210264980793,-0.342319309711456,-0.566981971263885,-0.619746446609497
-0.660006880760193,0.250982642173767,1.32060647010803,0.419685989618301,-0.343939661979675,-0.564665853977203,-0.621869683265686
-0.658715009689331,0.251591175794601,1.32057046890259,0.418520212173462,-0.345563530921936,-0.562184989452362,-0.623999178409576
-0.657233238220215,0.252008616924286,1.32029700279236,0.416754543781281,-0.347072213888168,-0.559729039669037,-0.626545965671539
-0.656004130840302,0.252704381942749,1.32054316997528,0.416070073843002,-0.348530262708664,-0.557263374328613,-0.628386914730072
-0.655225098133087,0.253008872270584,1.32158589363098,0.415484607219696,-0.349543184041977,-0.554227709770203,-0.630891263484955
-0.653834342956543,0.253252744674683,1.32075023651123,0.412994891405106,-0.351080924272537,-0.552022874355316,-0.633599519729614
-0.652468085289001,0.253830671310425,1.32074511051178,0.411764174699783,-0.352374285459518,-0.549520909786224,-0.635853350162506
-0.651188790798187,0.253955841064453,1.32059276103973,0.409672170877457,-0.35401377081871,-0.546903312206268,-0.638545155525208
-0.650023281574249,0.254262626171112,1.32047581672668,0.407962530851364,-0.355440258979797,-0.543994665145874,-0.641325831413269
-0.648781538009644,0.254830062389374,1.3205349445343,0.407005131244659,-0.356556802988052,-0.541812539100647,-0.643158972263336
-0.647944509983063,0.254868119955063,1.32073545455933,0.405959337949753,-0.357281535863876,-0.538956582546234,-0.64581173658371
-0.64650297164917,0.255263030529022,1.32054996490479,0.404263556003571,-0.358604729175568,-0.537127315998077,-0.647663414478302
-0.645730197429657,0.255433022975922,1.32069051265717,0.403090506792068,-0.359499841928482,-0.534254848957062,-0.650268971920013
-0.64447808265686,0.255757123231888,1.32059407234192,0.401467800140381,-0.360692054033279,-0.531959712505341,-0.652490437030792
-0.643536865711212,0.255952894687653,1.32060241699219,0.400235086679459,-0.361510723829269,-0.529519021511078,-0.654775857925415
-0.642714560031891,0.256036847829819,1.32080268859863,0.399286180734634,-0.362000316381454,-0.526908218860626,-0.657186388969421
-0.641678154468536,0.256176561117172,1.32080590724945,0.398047357797623,-0.362797379493713,-0.525089144706726,-0.658952116966248
-0.640771448612213,0.256300270557404,1.32087349891663,0.396839648485184,-0.363681942224503,-0.522836804389954,-0.660980701446533
-0.639828979969025,0.256388634443283,1.32093918323517,0.395585566759109,-0.364529609680176,-0.520629942417145,-0.663004338741302
-0.638659954071045,0.256500393152237,1.32074117660522,0.393885612487793,-0.365540236234665,-0.518434226512909,-0.665177166461945
-0.637817561626434,0.256523460149765,1.32080960273743,0.392657190561295,-0.366174131631851,-0.516806125640869,-0.666819632053375
-0.63721764087677,0.256538808345795,1.32109403610229,0.391873419284821,-0.366621851921081,-0.514666259288788,-0.668687045574188
-0.636382758617401,0.256559640169144,1.32111966609955,0.390889227390289,-0.367082983255386,-0.512895464897156,-0.670368552207947
-0.635244309902191,0.256491035223007,1.32095050811768,0.389262616634369,-0.368061512708664,-0.511379480361938,-0.67193478345871
-0.634698927402496,0.2564577460289,1.32122206687927,0.388504415750503,-0.368363887071609,-0.509469330310822,-0.673656821250916
-0.633774936199188,0.256425619125366,1.32113897800446,0.387193083763123,-0.368982702493668,-0.50810980796814,-0.675098419189453
-0.633022487163544,0.256328493356705,1.32122921943665,0.386325150728226,-0.369298189878464,-0.506784617900848,-0.676417887210846
-0.632306277751923,0.255995661020279,1.3211407661438,0.384906768798828,-0.370092749595642,-0.505154013633728,-0.678010106086731
-0.63159567117691,0.255890727043152,1.3211807012558,0.383978992700577,-0.370322823524475,-0.503778517246246,-0.679432511329651
-0.63093101978302,0.255976736545563,1.32137537002563,0.383672267198563,-0.370804905891418,-0.502530992031097,-0.680266261100769
-0.630300641059875,0.255632162094116,1.32139492034912,0.382424086332321,-0.371302962303162,-0.501291811466217,-0.68161016702652
-0.630349457263947,0.255492866039276,1.32251036167145,0.383115440607071,-0.370751172304153,-0.499119937419891,-0.68311470746994
-0.630349457263947,0.255492866039276,1.32251036167145,0.383115440607071,-0.370751172304153,-0.499119937419891,-0.68311470746994
-0.6291344165802,0.255229890346527,1.32271265983582,0.382067441940308,-0.372127890586853,-0.496974498033524,-0.684515655040741
-0.628541648387909,0.255074203014374,1.32278227806091,0.381628781557083,-0.372599273920059,-0.49592649936676,-0.685263752937317
-0.627949118614197,0.255107283592224,1.32292199134827,0.381520599126816,-0.373147338628769,-0.495073735713959,-0.685642123222351
-0.627591133117676,0.254696667194366,1.32295083999634,0.380592256784439,-0.373205870389938,-0.493384271860123,-0.6873419880867
-0.627043485641479,0.254528641700745,1.32302558422089,0.380382418632507,-0.373623132705688,-0.492658287286758,-0.6877521276474
-0.626706898212433,0.254269033670425,1.32304775714874,0.380218893289566,-0.373936176300049,-0.491527587175369,-0.688480913639069
-0.626389145851135,0.253970414400101,1.32308566570282,0.379990547895432,-0.374190390110016,-0.490477859973907,-0.689217209815979
-0.625963509082794,0.253651976585388,1.32310497760773,0.3796027302742,-0.374596983194351,-0.489614546298981,-0.689823627471924
-0.625594317913055,0.253318071365356,1.32322382926941,0.379408180713654,-0.375120490789413,-0.489028543233871,-0.690061926841736
-0.625427961349487,0.25291782617569,1.32319033145905,0.379228264093399,-0.375358462333679,-0.488177537918091,-0.690633535385132
-0.62518721818924,0.252560883760452,1.32319664955139,0.379338264465332,-0.375570476055145,-0.487296521663666,-0.6910799741745
-0.624914944171906,0.252150684595108,1.32319891452789,0.37915363907814,-0.375741928815842,-0.486717641353607,-0.691495835781097
-0.624615848064423,0.25186875462532,1.3232227563858,0.37949874997139,-0.375963419675827,-0.486541092395782,-0.691310346126556
-0.624045610427856,0.251414597034454,1.32256770133972,0.378739088773727,-0.376465946435928,-0.486171841621399,-0.691713213920593
-0.624224424362183,0.251155078411102,1.32324695587158,0.379737228155136,-0.376640886068344,-0.485158503055573,-0.691782116889954
-0.624138474464417,0.250744193792343,1.32345926761627,0.380402266979217,-0.376618534326553,-0.485008060932159,-0.691534399986267
-0.623959481716156,0.250179588794708,1.32323670387268,0.380341470241547,-0.376664638519287,-0.48500007390976,-0.691548407077789
-0.6239173412323,0.249609544873238,1.32320606708527,0.380220293998718,-0.376903623342514,-0.484490752220154,-0.691841661930084
-0.623743534088135,0.249202221632004,1.32321262359619,0.380752146244049,-0.376894623041153,-0.48449033498764,-0.691554427146912
-0.623681426048279,0.248593926429749,1.32320380210876,0.38101726770401,-0.377099424600601,-0.484279990196228,-0.691444039344788
-0.623681426048279,0.248593926429749,1.32320380210876,0.38101726770401,-0.377099424600601,-0.484279990196228,-0.691444039344788
-0.623386740684509,0.247719705104828,1.32326400279999,0.381552487611771,-0.377507776021957,-0.484239906072617,-0.690954029560089
-0.623369812965393,0.2469632178545,1.32321786880493,0.381994903087616,-0.377306133508682,-0.484257698059082,-0.690807163715363
-0.623277246952057,0.246406763792038,1.32320261001587,0.382247000932693,-0.377394586801529,-0.484272807836533,-0.69060879945755
-0.623282670974731,0.245650887489319,1.32343351840973,0.382576704025268,-0.377435564994812,-0.484223127365112,-0.690438687801361
-0.623151302337646,0.244907915592194,1.32321453094482,0.382476598024368,-0.37733006477356,-0.484402000904083,-0.690426290035248
-0.623135924339294,0.244388610124588,1.32344186306,0.383216917514801,-0.377581596374512,-0.484474986791611,-0.689826846122742
-0.622999429702759,0.243850201368332,1.32358825206757,0.383656859397888,-0.377808034420013,-0.48440232872963,-0.689509212970734
-0.62286502122879,0.243016541004181,1.3233687877655,0.383553475141525,-0.377754211425781,-0.484803199768066,-0.689314424991608
-0.62286502122879,0.243016541004181,1.3233687877655,0.383553475141525,-0.377754211425781,-0.484803199768066,-0.689314424991608
-0.62224805355072,0.241458967328072,1.32277119159698,0.383223384618759,-0.378028810024261,-0.485663831233978,-0.688741505146027
-0.622699022293091,0.240729033946991,1.32356834411621,0.384544342756271,-0.377709537744522,-0.485469460487366,-0.688317239284515
-0.622698545455933,0.240042924880981,1.32386457920074,0.385093659162521,-0.377704501152039,-0.485580503940582,-0.687934458255768
-0.622611105442047,0.239094913005829,1.32377767562866,0.385031461715698,-0.377762585878372,-0.485877305269241,-0.687727749347687
-0.622642576694489,0.238357871770859,1.32409584522247,0.385533034801483,-0.37760254740715,-0.486094564199448,-0.687381148338318
-0.622434914112091,0.237540706992149,1.32402992248535,0.385423600673675,-0.377868592739105,-0.486268579959869,-0.687173068523407
-0.622405409812927,0.236734092235565,1.32440590858459,0.385791331529617,-0.377904891967773,-0.486497521400452,-0.686784744262695
-0.622328817844391,0.235758781433105,1.32436287403107,0.385613054037094,-0.377901941537857,-0.486745357513428,-0.686710774898529
-0.622282743453979,0.234629213809967,1.324538230896,0.385565578937531,-0.377652406692505,-0.487655013799667,-0.686229228973389
-0.622130870819092,0.233922004699707,1.32492744922638,0.385718673467636,-0.378112256526947,-0.487622588872909,-0.685912907123566
-0.622019588947296,0.23289267718792,1.32499980926514,0.385522365570068,-0.377990543842316,-0.488386362791061,-0.685546815395355
-0.621927738189697,0.232006907463074,1.32532405853271,0.385889500379562,-0.377775758504867,-0.488782346248627,-0.685176432132721
-0.621949195861816,0.230611100792885,1.32530951499939,0.385129183530807,-0.37747997045517,-0.489362835884094,-0.685352802276611
-0.621755063533783,0.229950994253159,1.32571494579315,0.385405033826828,-0.377712696790695,-0.489634126424789,-0.68487548828125
-0.621791243553162,0.228686809539795,1.32602369785309,0.384954780340195,-0.377533167600632,-0.49039089679718,-0.684686362743378
-0.62163782119751,0.227720201015472,1.32622730731964,0.385109812021255,-0.377325177192688,-0.490843117237091,-0.684389650821686
-0.621518433094025,0.226436138153076,1.32648861408234,0.384391218423843,-0.377234071493149,-0.491259455680847,-0.68454521894455
-0.621343195438385,0.225461646914482,1.32675933837891,0.384459733963013,-0.377052992582321,-0.491662710905075,-0.68431693315506
-0.62123042345047,0.224009022116661,1.32671976089478,0.383456170558929,-0.376802682876587,-0.492403477430344,-0.684485256671906
-0.62101536989212,0.223053187131882,1.32707583904266,0.383414000272751,-0.376805037260055,-0.492724567651749,-0.684276461601257
-0.620922029018402,0.221683412790298,1.32726335525513,0.382647424936295,-0.376639306545258,-0.493345022201538,-0.684349596500397
-0.620762050151825,0.220525443553925,1.32769858837128,0.38246163725853,-0.376632690429688,-0.493578404188156,-0.68428897857666
-0.620515763759613,0.219312638044357,1.32787644863129,0.382203966379166,-0.376287311315536,-0.494420200586319,-0.684015214443207
-0.620511531829834,0.218030303716659,1.32817840576172,0.381588488817215,-0.376298576593399,-0.494369149208069,-0.684389352798462
-0.620256364345551,0.216819137334824,1.32833456993103,0.381187617778778,-0.376159280538559,-0.494765222072601,-0.68440306186676
-0.620111346244812,0.21548518538475,1.3285835981369,0.380602121353149,-0.375973850488663,-0.495208024978638,-0.684510588645935
-0.619909763336182,0.214281678199768,1.32878279685974,0.380385041236877,-0.375881761312485,-0.495435088872909,-0.684517621994019
-0.619915008544922,0.212664395570755,1.32899653911591,0.379648447036743,-0.375483095645904,-0.495836794376373,-0.684854388237
-0.619731724262238,0.211684241890907,1.32950508594513,0.380056947469711,-0.375840723514557,-0.496140033006668,-0.684211671352386
-0.619640648365021,0.210096046328545,1.32937383651733,0.379088997840881,-0.375001698732376,-0.49602997303009,-0.68528801202774
-0.619493544101715,0.208672881126404,1.32953810691833,0.378757148981094,-0.374535769224167,-0.496511042118073,-0.685377776622772
-0.619399666786194,0.207221582531929,1.32963418960571,0.378415822982788,-0.374160587787628,-0.49669024348259,-0.685641407966614
-0.619304120540619,0.205736547708511,1.32973504066467,0.377993166446686,-0.373887419700623,-0.496978312730789,-0.68581485748291
-0.6192906498909,0.204222321510315,1.32982397079468,0.377732813358307,-0.373346835374832,-0.496815383434296,-0.686370491981506
-0.619174242019653,0.202800244092941,1.3298807144165,0.377498865127563,-0.373212426900864,-0.496994942426682,-0.686442315578461
-0.618975698947906,0.201278477907181,1.33001697063446,0.37721711397171,-0.3728968501091,-0.49744114279747,-0.686445593833923
-0.619070529937744,0.199518918991089,1.33003520965576,0.376848727464676,-0.372126936912537,-0.496903866529465,-0.687454164028168
-0.619014799594879,0.197805568575859,1.32999122142792,0.376589864492416,-0.371540039777756,-0.497081875801086,-0.687784612178802
-0.61886465549469,0.196284234523773,1.33011054992676,0.376481264829636,-0.37131467461586,-0.497218877077103,-0.687866747379303
-0.618888795375824,0.194759860634804,1.33033788204193,0.376666188240051,-0.370914787054062,-0.496975660324097,-0.688156962394714
-0.618867695331573,0.192791387438774,1.33015871047974,0.376025378704071,-0.370412230491638,-0.49685400724411,-0.688865542411804
-0.61874395608902,0.191171497106552,1.33031463623047,0.376156210899353,-0.369939565658569,-0.496679782867432,-0.689173758029938
-0.618714809417725,0.189514696598053,1.33046972751617,0.376208811998367,-0.36973050236702,-0.496373772621155,-0.689477622509003
-0.618683755397797,0.187669187784195,1.33061349391937,0.376197129487991,-0.369283735752106,-0.496196359395981,-0.689851105213165
-0.618792295455933,0.18576480448246,1.33077025413513,0.375958144664764,-0.368810921907425,-0.49597442150116,-0.690393626689911
-0.618659675121307,0.184110283851624,1.33111679553986,0.376109719276428,-0.368788629770279,-0.494999051094055,-0.69102281332016
-0.61829549074173,0.182286188006401,1.33069205284119,0.375534027814865,-0.36841082572937,-0.495288848876953,-0.691329658031464
-0.618263185024261,0.180583536624908,1.33113813400269,0.375652611255646,-0.368365794420242,-0.494900166988373,-0.691567540168762
-0.618157505989075,0.178743630647659,1.33149826526642,0.375398427248001,-0.36838561296463,-0.494300127029419,-0.692123830318451
-0.618195533752441,0.176960036158562,1.33180952072144,0.375996649265289,-0.36766716837883,-0.494267642498016,-0.692204415798187
-0.618109166622162,0.175167888402939,1.33216452598572,0.375890970230102,-0.36765244603157,-0.493954926729202,-0.692492783069611
-0.617898225784302,0.173398420214653,1.33245694637299,0.375773698091507,-0.36766043305397,-0.493739575147629,-0.692705810070038
-0.617884457111359,0.171643108129501,1.33276224136353,0.375913977622986,-0.367351025342941,-0.493332713842392,-0.693083584308624
-0.6178377866745,0.169857680797577,1.33312296867371,0.375880092382431,-0.367112576961517,-0.493123978376388,-0.693376779556274
-0.6178377866745,0.169857680797577,1.33312296867371,0.375880092382431,-0.367112576961517,-0.493123978376388,-0.693376779556274
-0.617704033851624,0.166249766945839,1.33355820178986,0.375847995281219,-0.366539716720581,-0.492648273706436,-0.694035112857819
-0.617432355880737,0.164550095796585,1.33354842662811,0.375300765037537,-0.366630107164383,-0.492191195487976,-0.694607436656952
-0.617220640182495,0.162782162427902,1.33377492427826,0.375105053186417,-0.366582751274109,-0.491902053356171,-0.694942891597748
-0.617348611354828,0.160944029688835,1.33418190479279,0.375208795070648,-0.366252034902573,-0.491564035415649,-0.695300400257111
-0.617292463779449,0.159033477306366,1.33434998989105,0.375049471855164,-0.365926384925842,-0.491469919681549,-0.69562429189682
-0.617141723632812,0.15724790096283,1.3344384431839,0.374726176261902,-0.36572328209877,-0.491531610488892,-0.69586169719696
-0.617153823375702,0.155409902334213,1.33459758758545,0.374613761901855,-0.365308880805969,-0.491174697875977,-0.696391761302948
-0.617047905921936,0.153628155589104,1.33467185497284,0.374360412359238,-0.365282267332077,-0.490871846675873,-0.696755409240723
-0.616975426673889,0.151742339134216,1.33487141132355,0.374046683311462,-0.36523848772049,-0.490471869707107,-0.697228372097015
-0.617013454437256,0.149878084659576,1.33504414558411,0.374121129512787,-0.364877462387085,-0.49032124876976,-0.69748330116272
-0.616964757442474,0.148033171892166,1.33517718315125,0.374015033245087,-0.364835172891617,-0.490046054124832,-0.697755813598633
-0.616905331611633,0.146336451172829,1.33549070358276,0.373890727758408,-0.365179598331451,-0.489485889673233,-0.69803524017334
-0.617074549198151,0.144260570406914,1.33553540706635,0.373844802379608,-0.364345848560333,-0.489284843206406,-0.698636293411255
-0.61678820848465,0.142536640167236,1.33549952507019,0.373483657836914,-0.364819556474686,-0.489024192094803,-0.698764741420746
-0.616883337497711,0.140734538435936,1.33563160896301,0.373751759529114,-0.364557921886444,-0.488900601863861,-0.698844373226166
-0.617209732532501,0.138895615935326,1.33599734306335,0.374438136816025,-0.364004194736481,-0.488729238510132,-0.698885381221771
-0.617298364639282,0.136939570307732,1.33613204956055,0.37446665763855,-0.363965451717377,-0.488496959209442,-0.699052631855011
-0.617411077022552,0.134950920939445,1.33616435527802,0.374352961778641,-0.363706558942795,-0.488397181034088,-0.699317932128906
-0.617410778999329,0.13319830596447,1.33632385730743,0.374667346477508,-0.363457828760147,-0.488570779561996,-0.69915783405304
-0.617541551589966,0.1313556432724,1.33644914627075,0.374995410442352,-0.363536924123764,-0.488742411136627,-0.69882071018219
-0.617890298366547,0.129511892795563,1.33722233772278,0.3759985268116,-0.363128513097763,-0.488809704780579,-0.698446869850159
-0.617668330669403,0.127576529979706,1.33655989170074,0.375140726566315,-0.362964689731598,-0.489242047071457,-0.698690533638
-0.617851197719574,0.125647619366646,1.33666098117828,0.375414222478867,-0.362710624933243,-0.489260941743851,-0.698662221431732
-0.617876589298248,0.12385281175375,1.33679509162903,0.375552833080292,-0.362642735242844,-0.489759057760239,-0.698273897171021
-0.618042349815369,0.121836632490158,1.33685624599457,0.375662803649902,-0.362234443426132,-0.49008184671402,-0.698200225830078
-0.618209183216095,0.119916133582592,1.33697926998138,0.37596070766449,-0.361778527498245,-0.490472674369812,-0.698001742362976
