x,y,z,q0,q1,q2,q3
-0.635829389095306,-0.0578123480081558,1.23421323299408,-0.257807523012161,0.426598995923996,-0.564654529094696,-0.657809972763062
-0.636173725128174,-0.0582618489861488,1.23419260978699,-0.257568031549454,0.426777869462967,-0.563339352607727,-0.658914506435394
-0.636612236499786,-0.0586286038160324,1.23400127887726,-0.257344394922256,0.426666766405106,-0.562528192996979,-0.65976619720459
-0.63684093952179,-0.0593239702284336,1.23341417312622,-0.256852030754089,0.426599979400635,-0.560778379440308,-0.661488711833954
-0.637389957904816,-0.0599170140922069,1.23330640792847,-0.256374448537826,0.427151918411255,-0.559452056884766,-0.662440061569214
-0.637892186641693,-0.0603812038898468,1.23318648338318,-0.256063550710678,0.427042663097382,-0.558226227760315,-0.663663744926453
-0.638683557510376,-0.0608263947069644,1.2337212562561,-0.255216836929321,0.428155720233917,-0.55704665184021,-0.664263486862183
-0.639251410961151,-0.0615405738353729,1.23373556137085,-0.255273133516312,0.428786158561706,-0.555837213993073,-0.664848446846008
-0.63971346616745,-0.061823733150959,1.23361730575562,-0.254286527633667,0.429106563329697,-0.554658710956573,-0.666002810001373
-0.640403687953949,-0.0623958520591259,1.2334805727005,-0.253584831953049,0.429798901081085,-0.553360819816589,-0.666902959346771
-0.640895664691925,-0.063007079064846,1.23344945907593,-0.252659052610397,0.430824160575867,-0.551636219024658,-0.668020665645599
-0.641419529914856,-0.0634252652525901,1.23319935798645,-0.251824021339417,0.431181579828262,-0.550084114074707,-0.669383823871613
-0.642061412334442,-0.0639114677906036,1.23322677612305,-0.251553535461426,0.431696325540543,-0.548997640609741,-0.670045435428619
-0.642557680606842,-0.0643937513232231,1.23322641849518,-0.250347107648849,0.432240277528763,-0.547064423561096,-0.671725571155548
-0.643146514892578,-0.0647274926304817,1.23315215110779,-0.249929770827293,0.432496756315231,-0.54620623588562,-0.672414004802704
-0.643640458583832,-0.0651247799396514,1.23309826850891,-0.248823121190071,0.433226048946381,-0.544290482997894,-0.673906624317169
-0.643640458583832,-0.0651247799396514,1.23309826850891,-0.248823121190071,0.433226048946381,-0.544290482997894,-0.673906624317169
-0.644748866558075,-0.066170684993267,1.23308873176575,-0.248284697532654,0.434813916683197,-0.541304171085358,-0.675486087799072
-0.645266175270081,-0.0663985908031463,1.23298287391663,-0.248385697603226,0.437301754951477,-0.538840472698212,-0.675812661647797
-0.6455979347229,-0.0673673972487449,1.23288249969482,-0.245541930198669,0.439532816410065,-0.534946024417877,-0.678493022918701
-0.646002411842346,-0.067752406001091,1.23279011249542,-0.244221240282059,0.437708348035812,-0.534844815731049,-0.680226683616638
-0.646482825279236,-0.0681031644344329,1.23267662525177,-0.243332609534264,0.438040792942047,-0.533227503299713,-0.681599676609039
-0.646921515464783,-0.06851227581501,1.23262429237366,-0.242685034871101,0.438424795866013,-0.532013893127441,-0.682531356811523
-0.647251784801483,-0.0688405185937881,1.23257613182068,-0.242318615317345,0.438721477985382,-0.530309498310089,-0.683796226978302
-0.647559523582458,-0.0692243799567222,1.23252868652344,-0.241941586136818,0.439202457666397,-0.528865396976471,-0.684738636016846
-0.648608446121216,-0.069174587726593,1.23207461833954,-0.243159934878349,0.441084891557693,-0.527856111526489,-0.683875203132629
-0.649188339710236,-0.0695806518197059,1.23196852207184,-0.24226425588131,0.441931277513504,-0.526618838310242,-0.684600234031677
-0.649536550045013,-0.0699520260095596,1.23183882236481,-0.241886734962463,0.442184418439865,-0.525269269943237,-0.685606420040131
-0.649879515171051,-0.0703545361757278,1.23172891139984,-0.241549432277679,0.442442387342453,-0.524092316627502,-0.686458945274353
-0.65001904964447,-0.0706719309091568,1.23157227039337,-0.241419345140457,0.442452251911163,-0.523025572299957,-0.68731153011322
-0.650277972221375,-0.07078717648983,1.2316746711731,-0.241601422429085,0.442325383424759,-0.522133409976959,-0.688007175922394
-0.650606215000153,-0.0712129771709442,1.23129260540009,-0.241137236356735,0.44231840968132,-0.521198451519012,-0.6888827085495
-0.650854229927063,-0.0715191066265106,1.2311840057373,-0.24090650677681,0.442291140556335,-0.520237684249878,-0.689706802368164
-0.651054263114929,-0.0719730705022811,1.23119401931763,-0.240586370229721,0.44280406832695,-0.518756628036499,-0.690604329109192
-0.651289105415344,-0.0720727741718292,1.23095083236694,-0.240425005555153,0.442644745111465,-0.518325567245483,-0.691086232662201
-0.651647746562958,-0.0730974525213241,1.23079693317413,-0.237601816654205,0.44523149728775,-0.514950394630432,-0.692921698093414
-0.651996433734894,-0.0731204003095626,1.23080205917358,-0.239583820104599,0.444184571504593,-0.515971899032593,-0.692150831222534
-0.652140498161316,-0.0735468938946724,1.23077535629272,-0.239202961325645,0.444729864597321,-0.514683306217194,-0.692891418933868
-0.652357637882233,-0.0739084184169769,1.23065054416656,-0.239120543003082,0.445116192102432,-0.513936698436737,-0.693225920200348
-0.652547240257263,-0.0742711499333381,1.23054015636444,-0.239238023757934,0.445145606994629,-0.513434410095215,-0.693538546562195
-0.652667880058289,-0.0745842978358268,1.23044919967651,-0.23903925716877,0.445434153079987,-0.512610673904419,-0.694030940532684
-0.652809023857117,-0.074878990650177,1.23031103610992,-0.239212989807129,0.445451229810715,-0.512017250061035,-0.694398105144501
-0.652478218078613,-0.0751014724373817,1.22971141338348,-0.23996989428997,0.444233179092407,-0.511709451675415,-0.695143759250641
-0.652582943439484,-0.075439378619194,1.22965228557587,-0.240022510290146,0.444414258003235,-0.5112424492836,-0.695353448390961
-0.652678191661835,-0.0757628828287124,1.22959136962891,-0.240060985088348,0.444530844688416,-0.510905206203461,-0.695513427257538
-0.652944684028625,-0.0760355219244957,1.23010015487671,-0.239794313907623,0.445184230804443,-0.510575652122498,-0.695429563522339
-0.652752339839935,-0.0763860493898391,1.2295138835907,-0.240373358130455,0.444243192672729,-0.510586082935333,-0.695823669433594
-0.653252184391022,-0.0767038166522979,1.22991549968719,-0.239735662937164,0.445335566997528,-0.510368645191193,-0.695504784584045
-0.653160750865936,-0.0772786512970924,1.2296416759491,-0.238418206572533,0.446185767650604,-0.508891105651855,-0.69649475812912
-0.653242707252502,-0.0770177543163299,1.22971475124359,-0.240498676896095,0.444706410169601,-0.511103212833405,-0.695104360580444
-0.653202950954437,-0.0775272250175476,1.22978889942169,-0.241401463747025,0.446101099252701,-0.510590314865112,-0.694274365901947
-0.653120219707489,-0.0778443813323974,1.2297385931015,-0.241862282156944,0.446079045534134,-0.510645687580109,-0.694087207317352
-0.652980804443359,-0.0779269784688949,1.22959363460541,-0.241739466786384,0.444363206624985,-0.511400818824768,-0.694674611091614
-0.652868688106537,-0.0784040316939354,1.22961962223053,-0.242394164204597,0.44435840845108,-0.511506497859955,-0.694371461868286
-0.652757406234741,-0.0785580053925514,1.22948563098907,-0.242620468139648,0.44379198551178,-0.512126803398132,-0.694197535514832
-0.651933252811432,-0.0788055136799812,1.22991871833801,-0.2444908618927,0.442706733942032,-0.512414515018463,-0.694021821022034
-0.651713609695435,-0.0790818035602569,1.22989630699158,-0.245090022683144,0.442456513643265,-0.513086974620819,-0.693473160266876
-0.652124583721161,-0.0796088576316833,1.22938108444214,-0.244155675172806,0.443164676427841,-0.513747215270996,-0.692861437797546
-0.651459336280823,-0.0799025446176529,1.22940707206726,-0.245199382305145,0.442329734563828,-0.514086961746216,-0.692774415016174
-0.651017010211945,-0.080141469836235,1.22937762737274,-0.246136888861656,0.441585302352905,-0.514758110046387,-0.692418336868286
-0.650624632835388,-0.0803214907646179,1.2295970916748,-0.246981337666512,0.441132217645645,-0.515451014041901,-0.691890835762024
-0.650256931781769,-0.0804425403475761,1.22950279712677,-0.247060224413872,0.440605640411377,-0.516312599182129,-0.691555559635162
-0.649920284748077,-0.0807084068655967,1.22950828075409,-0.247774511575699,0.439873367547989,-0.517527639865875,-0.690857768058777
-0.64967268705368,-0.0809581503272056,1.22914624214172,-0.248174488544464,0.439223259687424,-0.518873810768127,-0.69011777639389
-0.649252891540527,-0.0812417715787887,1.22910022735596,-0.249145522713661,0.438747346401215,-0.519906520843506,-0.689292788505554
-0.648911952972412,-0.0814100429415702,1.22930574417114,-0.249873742461205,0.438436836004257,-0.521219313144684,-0.688234567642212
-0.648555099964142,-0.0816918164491653,1.22933650016785,-0.250916719436646,0.438065886497498,-0.522295475006104,-0.687274813652039
-0.64814680814743,-0.0819166749715805,1.22933781147003,-0.251788258552551,0.437445014715195,-0.524041414260864,-0.686021268367767
-0.647827923297882,-0.0820806697010994,1.229376912117,-0.251228183507919,0.434793174266815,-0.526838362216949,-0.685770153999329
-0.647542655467987,-0.0822759345173835,1.22935628890991,-0.251860022544861,0.434551954269409,-0.528447031974792,-0.684452295303345
-0.647303462028503,-0.0828971788287162,1.22891294956207,-0.251455068588257,0.437281996011734,-0.527112782001495,-0.68389105796814
-0.647106051445007,-0.082814484834671,1.2291077375412,-0.254024505615234,0.435774296522141,-0.530564546585083,-0.681229591369629
-0.647106051445007,-0.082814484834671,1.2291077375412,-0.254024505615234,0.435774296522141,-0.530564546585083,-0.681229591369629
-0.646296143531799,-0.0832217261195182,1.22887480258942,-0.255694508552551,0.434716105461121,-0.533412992954254,-0.679052889347076
-0.645911574363708,-0.0832297652959823,1.22935342788696,-0.256499409675598,0.43443363904953,-0.535048186779022,-0.677642285823822
-0.645816922187805,-0.0834846273064613,1.22904813289642,-0.256808459758758,0.434256881475449,-0.536843180656433,-0.676217377185822
-0.645563781261444,-0.0836182609200477,1.22906446456909,-0.257421374320984,0.433938473463058,-0.538328945636749,-0.675006449222565
-0.645257532596588,-0.0837246850132942,1.22901618480682,-0.258029341697693,0.433461576700211,-0.539832413196564,-0.673879027366638
-0.644998669624329,-0.0839030146598815,1.22903740406036,-0.258573353290558,0.433193862438202,-0.541544198989868,-0.672467827796936
-0.644535303115845,-0.0841327086091041,1.22892737388611,-0.259490489959717,0.432546317577362,-0.542940199375153,-0.671404778957367
-0.6443932056427,-0.0841202586889267,1.22903096675873,-0.259619414806366,0.432248175144196,-0.544578373432159,-0.670219242572784
-0.644196927547455,-0.084209606051445,1.22897934913635,-0.260411709547043,0.431835263967514,-0.546144843101501,-0.668901920318604
-0.643955290317535,-0.0842639878392219,1.22895634174347,-0.261083990335464,0.431518495082855,-0.548093497753143,-0.667248487472534
-0.643552660942078,-0.084502175450325,1.22896099090576,-0.262146323919296,0.430957615375519,-0.549454629421234,-0.666074097156525
-0.643273949623108,-0.0845794230699539,1.22891807556152,-0.262628555297852,0.430576503276825,-0.55099892616272,-0.664853751659393
-0.643020272254944,-0.0846055299043655,1.22886383533478,-0.263395667076111,0.430051386356354,-0.552365839481354,-0.663754940032959
-0.642720580101013,-0.0847100019454956,1.22882831096649,-0.263915032148361,0.429727107286453,-0.553664803504944,-0.662675440311432
-0.642191648483276,-0.0847846120595932,1.22913098335266,-0.264981269836426,0.429091304540634,-0.554970860481262,-0.661568582057953
-0.641913414001465,-0.0848771780729293,1.22904586791992,-0.264880359172821,0.427261233329773,-0.556910157203674,-0.661163568496704
-0.641606867313385,-0.0848907381296157,1.22899079322815,-0.265283733606339,0.426771819591522,-0.558293402194977,-0.660150647163391
-0.641113936901093,-0.0849709659814834,1.22904407978058,-0.266499131917953,0.425905048847198,-0.559627532958984,-0.659090459346771
-0.640592753887177,-0.0855554938316345,1.22872638702393,-0.266713887453079,0.429530501365662,-0.558565735816956,-0.657549679279327
-0.640504360198975,-0.0850070789456367,1.2291145324707,-0.267679393291473,0.425217688083649,-0.562603950500488,-0.656517028808594
-0.640232145786285,-0.0850663185119628,1.22893059253693,-0.268984735012054,0.426048904657364,-0.56330394744873,-0.65484219789505
-0.639835774898529,-0.0849818736314773,1.22900760173798,-0.269722282886505,0.425408124923706,-0.564793825149536,-0.653671145439148
-0.639511942863464,-0.0849387571215629,1.22903501987457,-0.270510405302048,0.424886137247086,-0.566054940223694,-0.652593076229095
-0.639033913612366,-0.084920510649681,1.22914457321167,-0.27133721113205,0.4243044257164,-0.567577064037323,-0.651305079460144
-0.639294505119324,-0.0847495049238205,1.22927284240723,-0.270774334669113,0.424746125936508,-0.569190919399261,-0.64984130859375
-0.638985872268677,-0.0846209526062011,1.22932386398315,-0.27151957154274,0.424370944499969,-0.570932269096375,-0.648245871067047
-0.637284338474274,-0.0845261290669441,1.22955667972565,-0.274868786334991,0.421779900789261,-0.571865200996399,-0.647702932357788
-0.636678099632263,-0.0844467133283615,1.22955524921417,-0.276099056005478,0.420857399702072,-0.573522508144379,-0.646312892436981
-0.636124551296234,-0.08413065969944,1.23000025749207,-0.276294350624084,0.419084578752518,-0.575530409812927,-0.645596385002136
-0.635532200336456,-0.0837957188487052,1.23008692264557,-0.278000473976135,0.419366121292114,-0.576891839504242,-0.643462300300598
-0.635119497776031,-0.0836995095014572,1.23018085956573,-0.278934001922607,0.41890749335289,-0.578325390815735,-0.642068803310394
-0.634980916976929,-0.0836111903190612,1.23001432418823,-0.278916269540787,0.418936371803284,-0.579846441745758,-0.640684187412262
-0.634068429470062,-0.0831944346427917,1.230384349823,-0.281537652015686,0.418596774339676,-0.581602334976196,-0.638163030147552
-0.633979499340057,-0.083060473203659,1.23029911518097,-0.28104829788208,0.41753813624382,-0.583320617675781,-0.637503683567047
-0.633529722690582,-0.0827672556042671,1.23034238815308,-0.281124234199524,0.415994167327881,-0.585543572902679,-0.636440634727478
-0.632580637931824,-0.0823616236448288,1.23049294948578,-0.283634185791016,0.41582840681076,-0.586332261562347,-0.634707152843475
-0.632175862789154,-0.0820583999156951,1.23049116134644,-0.28454914689064,0.415206491947174,-0.58815598487854,-0.633014976978302
-0.631748557090759,-0.0819000676274299,1.2305588722229,-0.284513294696808,0.413574665784836,-0.589641153812408,-0.632717549800873
-0.631202459335327,-0.0811484009027481,1.23061728477478,-0.285582005977631,0.411967396736145,-0.59204238653183,-0.631040096282959
-0.630972325801849,-0.0811361819505691,1.23023521900177,-0.286464959383011,0.411242485046387,-0.593609511852264,-0.629639089107513
-0.630370795726776,-0.0803816094994545,1.23073387145996,-0.287027299404144,0.410874366760254,-0.595157742500305,-0.628159821033478
-0.629899501800537,-0.0800830498337745,1.23075890541077,-0.28865173459053,0.410039395093918,-0.5965935587883,-0.626596987247467
-0.629836857318878,-0.0796905681490898,1.23064434528351,-0.288691401481628,0.409840255975723,-0.598299324512482,-0.62508100271225
-0.629148483276367,-0.0791461467742919,1.2308509349823,-0.290016233921051,0.408767014741898,-0.599504470825195,-0.624014914035797
-0.628808617591858,-0.0787788927555084,1.23088765144348,-0.290619552135467,0.408386826515198,-0.60069328546524,-0.622838854789734
-0.628274142742157,-0.0783506780862808,1.23102998733521,-0.291614890098572,0.40753498673439,-0.601945340633392,-0.621721804141998
-0.627954602241516,-0.0779818966984748,1.23107326030731,-0.292342156171799,0.406858652830124,-0.603153049945831,-0.620651721954346
-0.627695560455322,-0.0775296241044998,1.23109924793243,-0.292751252651215,0.406061559915543,-0.604957580566406,-0.619223117828369
-0.627449572086334,-0.0771554410457611,1.23116731643677,-0.293381214141846,0.405525922775268,-0.606041967868805,-0.618214905261993
-0.62742954492569,-0.0767509564757347,1.23111045360565,-0.29325008392334,0.405298322439194,-0.607108175754547,-0.617379546165466
-0.626704692840576,-0.0762273073196411,1.23148703575134,-0.294752866029739,0.404179155826569,-0.608079493045807,-0.616440892219543
-0.626460075378418,-0.0757742524147033,1.23158717155457,-0.295157998800278,0.40372771024704,-0.609017193317413,-0.615616619586945
-0.625979959964752,-0.0752897411584854,1.23075771331787,-0.295918345451355,0.402238041162491,-0.610089302062988,-0.615165114402771
-0.626139283180237,-0.0748210698366165,1.23169267177582,-0.296095639467239,0.402959108352661,-0.610990166664124,-0.613711953163147
-0.62603360414505,-0.0740535929799079,1.23168218135834,-0.296115189790726,0.401764243841171,-0.612417757511139,-0.613062858581543
-0.62603360414505,-0.0740535929799079,1.23168218135834,-0.296115189790726,0.401764243841171,-0.612417757511139,-0.613062858581543
-0.625446379184723,-0.0731568932533264,1.23214638233185,0.296877712011337,-0.400721937417984,0.613531768321991,0.612261652946472
-0.625345408916473,-0.0726225972175598,1.23220491409302,0.297141075134277,-0.400068074464798,0.614400386810303,0.611690282821655
-0.625568985939026,-0.072445660829544,1.23235189914703,0.296654015779495,-0.40049085021019,0.615159869194031,0.610886216163635
-0.625085175037384,-0.0718853622674942,1.23263072967529,0.297622084617615,-0.399410039186478,0.615769803524017,0.610508263111115
-0.624967873096466,-0.0713845714926719,1.23280203342438,0.297871440649033,-0.398985892534256,0.616374313831329,0.610053837299347
-0.624869704246521,-0.0708351880311966,1.23293519020081,0.29780638217926,-0.398532837629318,0.616997003555298,0.609752297401428
-0.624832034111023,-0.0703921169042587,1.23303973674774,0.298060268163681,-0.398014426231384,0.617662072181702,0.609293282032013
-0.624832034111023,-0.0703921169042587,1.23303973674774,0.298060268163681,-0.398014426231384,0.617662072181702,0.609293282032013
-0.625287771224976,-0.0693739280104637,1.23305404186249,0.29928857088089,-0.396403759717941,0.62028557062149,0.607071936130524
-0.624869048595428,-0.0687234997749328,1.23354089260101,0.300204664468765,-0.395439773797989,0.620966136455536,0.606552362442017
-0.624846935272217,-0.0684158131480217,1.23356080055237,0.297478318214417,-0.397059977054596,0.619912683963776,0.607913315296173
-0.624846935272217,-0.0684158131480217,1.23356080055237,0.297478318214417,-0.397059977054596,0.619912683963776,0.607913315296173
-0.624795079231262,-0.0672705173492431,1.23383522033691,0.297342926263809,-0.396208345890045,0.620924532413483,0.607502281665802
-0.624369978904724,-0.0664976835250854,1.23410141468048,0.297867447137833,-0.395367950201034,0.621316850185394,0.607391655445099
-0.624397277832031,-0.0659139305353164,1.23421764373779,0.29789274930954,-0.395161956548691,0.621836364269257,0.606981456279755
-0.624448478221893,-0.0653702169656753,1.23434209823608,0.297914803028107,-0.394849509000778,0.62239933013916,0.606596827507019
-0.624441146850586,-0.0646834969520568,1.23451364040375,0.297945201396942,-0.39454984664917,0.62283730506897,0.606327533721924
-0.624428391456604,-0.0640553683042526,1.23468267917633,0.298804938793182,-0.395482897758484,0.622758507728577,0.605376541614532
-0.624835133552551,-0.063519075512886,1.2347058057785,0.297799915075302,-0.395997285842896,0.623127281665802,0.605156064033508
-0.6248819231987,-0.062853455543518,1.23485255241394,0.297624737024307,-0.395787566900253,0.623400568962097,0.605098068714142
-0.624576508998871,-0.0621153376996517,1.23509633541107,0.29740571975708,-0.393575549125671,0.624097585678101,0.605929553508759
-0.624611675739288,-0.0614765509963035,1.2352694272995,0.29727977514267,-0.393390566110611,0.624287962913513,0.605915129184723
-0.62469357252121,-0.060797668993473,1.23537838459015,0.296984195709229,-0.393095731735229,0.624650955200195,0.605877339839935
-0.624781668186188,-0.0601295419037342,1.23547780513763,0.29665532708168,-0.392970204353333,0.62485533952713,0.605909109115601
-0.625037550926208,-0.0595409870147705,1.23559141159058,0.296273976564407,-0.3929263651371,0.6251300573349,0.605840742588043
-0.625071287155151,-0.058792944997549,1.23578143119812,0.296111464500427,-0.392748326063156,0.625171363353729,0.605993270874023
-0.625220954418182,-0.0581171922385692,1.23587429523468,0.295945256948471,-0.392697900533676,0.625268399715424,0.606006979942322
-0.625669062137604,-0.0575246065855026,1.23588144779205,0.29527536034584,-0.393065840005875,0.625385582447052,0.605974316596985
-0.625725448131561,-0.056809052824974,1.23585903644562,0.296369284391403,-0.395030289888382,0.625199258327484,0.604352712631226
-0.62586522102356,-0.0562155656516552,1.23632657527924,0.295520037412643,-0.394387811422348,0.624851047992706,0.605547249317169
-0.625771939754486,-0.0558647587895393,1.23613917827606,0.293662071228027,-0.395658224821091,0.623203814029694,0.607317388057709
-0.626172244548798,-0.0548122227191925,1.23641407489777,0.293940246105194,-0.393022745847702,0.624984383583069,0.607064127922058
-0.626172244548798,-0.0548122227191925,1.23641407489777,0.293940246105194,-0.393022745847702,0.624984383583069,0.607064127922058
-0.626324653625488,-0.0533583015203475,1.23712086677551,0.294877350330353,-0.393828898668289,0.624292016029358,0.606799721717834
-0.626439273357391,-0.0524663999676704,1.23726797103882,0.294133991003036,-0.393685072660446,0.624134302139282,0.607415556907654
-0.626591801643372,-0.051998034119606,1.2374449968338,0.293902575969696,-0.39399117231369,0.623827517032623,0.607644379138947
-0.627021551132202,-0.0514454431831836,1.23752856254578,0.29222846031189,-0.39346170425415,0.623857378959656,0.608762979507446
-0.62688410282135,-0.0505176484584808,1.23769569396973,0.292467772960663,-0.392712384462357,0.623531997203827,0.609464883804321
-0.627479493618011,-0.0499714538455009,1.23750686645508,0.292046397924423,-0.394619047641754,0.622943878173828,0.60903662443161
-0.627572655677795,-0.0491775795817375,1.23770725727081,0.291350334882736,-0.394839435815811,0.622290194034576,0.60989511013031
-0.627763450145721,-0.0485951378941535,1.23788630962372,0.291216105222702,-0.39503288269043,0.62196284532547,0.610167622566223
-0.627997279167175,-0.0478996038436889,1.23796153068542,0.290941685438156,-0.394927054643631,0.621693253517151,0.610641658306122
-0.627997279167175,-0.0478996038436889,1.23796153068542,0.290941685438156,-0.394927054643631,0.621693253517151,0.610641658306122
-0.628350377082825,-0.0464167892932891,1.23821640014648,0.289896011352539,-0.395178467035294,0.620522975921631,0.612164795398712
-0.628634452819824,-0.0458332076668739,1.23832631111145,0.289641231298447,-0.395251899957657,0.620288014411926,0.612476050853729
-0.628441333770752,-0.0448952689766883,1.23880088329315,0.289875358343124,-0.394773453474045,0.619571685791016,0.613397896289825
-0.628901243209839,-0.0442540720105171,1.23885262012482,0.287520855665207,-0.394496768712997,0.619252979755402,0.615004062652588
-0.628901243209839,-0.0442540720105171,1.23885262012482,0.287520855665207,-0.394496768712997,0.619252979755402,0.615004062652588
-0.628882765769958,-0.0427356585860252,1.23924005031586,0.288514226675034,-0.395186483860016,0.617792844772339,0.615564048290253
-0.629063725471497,-0.0419305562973022,1.23929727077484,0.287103652954102,-0.394042432308197,0.617558419704437,0.61719024181366
-0.629429280757904,-0.0412180572748184,1.23940598964691,-0.286298602819443,0.394312292337418,-0.617194533348083,-0.617755591869354
-0.629566013813019,-0.0404297262430191,1.23968374729156,-0.286678284406662,0.395542025566101,-0.616266250610352,-0.617720246315002
-0.629763424396515,-0.0396893247961998,1.23982763290405,-0.286215305328369,0.395733863115311,-0.61566036939621,-0.618415594100952
-0.630032300949097,-0.0390084162354469,1.23993051052094,-0.28601148724556,0.395684659481049,-0.615211069583893,-0.618988335132599
-0.630166351795197,-0.0381257608532905,1.24023365974426,-0.285458862781525,0.395764380693436,-0.614721834659576,-0.619678258895874
-0.630516171455383,-0.0373931378126144,1.24033176898956,-0.284579783678055,0.396138310432434,-0.614184200763702,-0.62037605047226
-0.631029725074768,-0.0367734208703041,1.24009490013123,-0.283410608768463,0.39652007818222,-0.613688468933105,-0.621157646179199
-0.63089245557785,-0.0357882976531982,1.24063527584076,-0.282657861709595,0.395064115524292,-0.613233685493469,-0.622875273227692
-0.630834460258484,-0.0350534096360206,1.23994278907776,-0.282877713441849,0.395094960927963,-0.612640857696533,-0.623338937759399
-0.631129324436188,-0.0343148857355117,1.2400074005127,-0.281976610422134,0.39527302980423,-0.612161219120026,-0.624105155467987
-0.631321549415588,-0.0334773808717727,1.24010670185089,-0.281794250011444,0.39641922712326,-0.611118853092194,-0.624481916427612
-0.631449282169342,-0.0325766429305076,1.24031591415405,-0.279788583517075,0.393840909004211,-0.61106288433075,-0.627064526081085
-0.632256746292114,-0.0318503379821777,1.24118852615356,-0.278227001428604,0.395515948534012,-0.610418200492859,-0.627332866191864
-0.632437944412231,-0.0310876742005348,1.24104416370392,-0.277526319026947,0.395412921905518,-0.609861850738525,-0.628248512744904
-0.632674634456635,-0.0302696377038955,1.24118757247925,-0.277578711509705,0.396753340959549,-0.608625650405884,-0.628579020500183
-0.632851243019104,-0.0295460224151611,1.24141335487366,-0.277083605527878,0.39684996008873,-0.608047008514404,-0.629296243190765
-0.633034110069275,-0.0287021920084953,1.2414413690567,-0.276194512844086,0.396834135055542,-0.607518970966339,-0.630206406116486
-0.632808327674866,-0.0277258902788162,1.24198639392853,-0.275707721710205,0.395185232162476,-0.607046604156494,-0.631908595561981
-0.632984936237335,-0.0269193723797798,1.24203872680664,-0.275910288095474,0.396554797887802,-0.605905830860138,-0.632056951522827
-0.633664131164551,-0.0262341722846031,1.24168050289154,-0.27431258559227,0.397022515535355,-0.605640351772308,-0.632712841033936
-0.633729815483093,-0.0253877565264701,1.24178993701935,-0.273675322532654,0.39691287279129,-0.604801297187805,-0.633859157562256
-0.633836984634399,-0.0245522111654281,1.24191832542419,-0.272985279560089,0.39703819155693,-0.604055285453796,-0.634789049625397
-0.633695363998413,-0.0235664322972297,1.24232196807861,-0.272977471351623,0.39681538939476,-0.603235363960266,-0.635710716247559
-0.63356751203537,-0.0227380618453025,1.24157929420471,-0.272650331258774,0.395571798086166,-0.602886199951172,-0.63695615530014
-0.633566975593567,-0.0221729278564453,1.24153566360474,-0.270498186349869,0.396689772605896,-0.600959300994873,-0.638996005058289
-0.634036779403687,-0.0211195945739746,1.24172079563141,-0.271296352148056,0.395644277334213,-0.601775586605072,-0.638537645339966
-0.634192824363708,-0.0202072486281394,1.24181818962097,-0.270588040351868,0.395847022533417,-0.601022064685822,-0.639421463012695
-0.636217474937439,-0.0194030180573463,1.24232172966003,-0.266080677509308,0.399774163961411,-0.600214540958405,-0.639628350734711
-0.636216521263123,-0.0185873135924339,1.24235796928406,-0.265003651380539,0.398282259702682,-0.600117146968842,-0.641095697879791
-0.636210739612579,-0.0176996737718582,1.24237191677094,-0.265237510204315,0.399278908967972,-0.59908252954483,-0.641346752643585
-0.635675609111786,-0.0168975964188575,1.24255633354187,-0.266425490379333,0.398483365774155,-0.598064422607422,-0.642298698425293
-0.635873138904572,-0.015961118042469,1.24263763427734,-0.265719890594482,0.398600727319717,-0.597227096557617,-0.643296360969543
-0.636040031909943,-0.0150940492749214,1.24269223213196,-0.265195578336716,0.398680001497269,-0.596733689308167,-0.643921375274658
-0.635968506336212,-0.0139660835266113,1.24305939674377,-0.26465231180191,0.398670554161072,-0.595881998538971,-0.64493852853775
-0.636288404464722,-0.013481818139553,1.24282336235046,-0.264310359954834,0.399046182632446,-0.594827711582184,-0.645819246768951
-0.636367797851562,-0.0126488730311393,1.24283361434937,-0.263747185468674,0.399068892002106,-0.59400862455368,-0.646788418292999
-0.63645738363266,-0.0116342604160308,1.24288594722748,-0.26220640540123,0.397725135087967,-0.593850910663605,-0.648385524749756
-0.636634647846222,-0.0107282325625419,1.2429279088974,-0.262744516134262,0.398961782455444,-0.592470824718475,-0.648670315742493
-0.636416018009186,-0.009874053299427,1.24258506298065,-0.262566357851028,0.398219972848892,-0.591585695743561,-0.650004684925079
-0.636655569076538,-0.0089832171797752,1.24280691146851,-0.261813670396805,0.398737341165543,-0.590819895267487,-0.650687396526337
-0.63133978843689,-8.29920172691345e-05,1.23846971988678,-0.218192413449287,0.405040413141251,-0.571913480758667,-0.679153501987457
-0.631379127502441,0.0006999969482421,1.23792469501495,-0.217750072479248,0.404567956924438,-0.571137428283691,-0.680229187011719
-0.631593644618988,0.0019045621156692,1.23840963840485,-0.217076241970062,0.40491709113121,-0.570645332336426,-0.680649697780609
-0.631647944450378,0.0025820136070251,1.23851644992828,-0.216615855693817,0.405403792858124,-0.569419860839844,-0.681532382965088
-0.631765246391296,0.0033458173274993,1.23793911933899,-0.216013520956039,0.405030757188797,-0.568377614021301,-0.682814121246338
-0.632020175457001,0.0045394375920295,1.23839437961578,-0.216318637132645,0.40632438659668,-0.568018078804016,-0.682247996330261
-0.632114470005035,0.0052546113729476,1.23852062225342,-0.214526832103729,0.404257386922836,-0.567800402641296,-0.684219896793365
-0.632200002670288,0.0059855133295059,1.23804426193237,-0.21387380361557,0.403954386711121,-0.566743791103363,-0.685478329658508
-0.63235729932785,0.0071654766798019,1.23842000961304,-0.213715612888336,0.406045377254486,-0.565141081809998,-0.685615360736847
-0.632510304450989,0.0078931152820587,1.23846924304962,-0.213277891278267,0.406514763832092,-0.564349114894867,-0.686125755310059
-0.632608592510223,0.0087528824806213,1.23846483230591,-0.212814927101135,0.406590342521667,-0.563414573669434,-0.686992108821869
-0.632710516452789,0.0099432319402694,1.23837244510651,-0.212140306830406,0.406472593545914,-0.562805712223053,-0.687768995761871
-0.632804453372955,0.0105974748730659,1.23847329616547,-0.211717084050179,0.40701887011528,-0.561817944049835,-0.688383877277374
-0.63288950920105,0.0115897506475448,1.2383725643158,-0.211072266101837,0.407012760639191,-0.561372220516205,-0.688948750495911
-0.632994413375854,0.0125955864787101,1.23842883110046,-0.210625231266022,0.407054632902145,-0.560607254505157,-0.689683258533478
-0.633131742477417,0.0132110714912414,1.23840796947479,-0.209979251027107,0.407719135284424,-0.559397339820862,-0.690469801425934
-0.633207619190216,0.0142703428864479,1.23834204673767,-0.209490329027176,0.407640397548675,-0.558991432189941,-0.690993368625641
-0.633286654949188,0.0151218995451927,1.23841571807861,-0.209008574485779,0.407963812351227,-0.558286070823669,-0.691518366336823
-0.63335520029068,0.0160057172179222,1.23844420909882,-0.208736926317215,0.407974153757095,-0.557868421077728,-0.691931307315826
-0.633517682552338,0.0170707702636718,1.23827886581421,-0.208040297031403,0.407938808202743,-0.557203710079193,-0.692697107791901
-0.633550465106964,0.0178204327821731,1.23833966255188,-0.207500174641609,0.408197581768036,-0.556441366672516,-0.693319201469421
-0.633550465106964,0.0178204327821731,1.23833966255188,-0.207500174641609,0.408197581768036,-0.556441366672516,-0.693319201469421
-0.633717000484467,0.019365906715393,1.23843169212341,-0.206165984272957,0.408805638551712,-0.554919123649597,-0.694577872753143
-0.633768975734711,0.0204463377594947,1.23837101459503,-0.206317692995071,0.409592300653458,-0.554242014884949,-0.694609999656677
-0.633860945701599,0.0210754200816154,1.23851299285889,-0.205120697617531,0.409019291400909,-0.553497135639191,-0.695894956588745
-0.633932650089264,0.0219287574291229,1.23854529857635,-0.204642742872238,0.409322023391724,-0.553030073642731,-0.696228921413422
-0.634016335010529,0.0228416919708251,1.23856854438782,-0.204091683030128,0.409331977367401,-0.552645802497864,-0.69668972492218
-0.634101569652557,0.0237633660435676,1.2385036945343,-0.203464657068253,0.409288197755814,-0.552124977111816,-0.697311520576477
-0.634194612503052,0.0244484543800354,1.23854577541351,-0.202802911400795,0.409485727548599,-0.551429808139801,-0.697938084602356
-0.634222686290741,0.0253148004412651,1.23867356777191,-0.202151611447334,0.409535765647888,-0.550730466842651,-0.698649644851685
-0.634287714958191,0.0261469557881355,1.23868691921234,-0.201496243476868,0.409665465354919,-0.55019074678421,-0.699187934398651
-0.634287714958191,0.0261469557881355,1.23868691921234,-0.201496243476868,0.409665465354919,-0.55019074678421,-0.699187934398651
-0.634312629699707,0.0277943760156631,1.2387638092041,-0.200736418366432,0.410840690135956,-0.548571825027466,-0.699988484382629
-0.634381175041199,0.0285425782203674,1.23878729343414,-0.199701353907585,0.409930616617203,-0.54811304807663,-0.701176524162292
-0.6343914270401,0.0293580293655395,1.23879182338715,-0.199320793151855,0.409883558750153,-0.547464311122894,-0.701818883419037
-0.634520947933197,0.0302195996046066,1.23876118659973,-0.198848590254784,0.409664362668991,-0.547270894050598,-0.702231407165527
-0.634511828422546,0.03095593303442,1.23888540267944,-0.198346301913261,0.409833133220673,-0.546342313289642,-0.702997505664825
-0.634570419788361,0.0317978262901306,1.23881554603577,-0.197912767529488,0.409584671258926,-0.546007215976715,-0.703524827957153
-0.634607136249542,0.0326495915651321,1.23889076709747,-0.197827205061913,0.40922224521637,-0.545706987380981,-0.703992545604706
-0.634649693965912,0.0334101244807243,1.23896181583405,-0.197422876954079,0.409001529216766,-0.545116186141968,-0.704691708087921
-0.635389804840088,0.0341821536421775,1.23869848251343,-0.195326507091522,0.409856766462326,-0.544723331928253,-0.705082654953003
-0.634609699249268,0.035002201795578,1.23904240131378,-0.196014314889908,0.409066796302795,-0.543609619140625,-0.706209182739258
-0.63513308763504,0.0358706414699554,1.23892784118652,-0.194249197840691,0.409665375947952,-0.543254673480988,-0.706622958183289
-0.636872231960297,0.0370179489254951,1.23822104930878,-0.18988923728466,0.411420077085495,-0.543792307376862,-0.706375002861023
-0.635342478752136,0.0376075953245162,1.23879277706146,-0.193074926733971,0.409362643957138,-0.542612433433533,-0.707612872123718
-0.635699272155762,0.0381290689110755,1.23891794681549,-0.192937463521957,0.409921824932098,-0.542115151882172,-0.707707941532135
-0.635453939437866,0.0390819087624549,1.23897588253021,-0.192980423569679,0.409230470657349,-0.541848599910736,-0.708300232887268
-0.635798215866089,0.0396856516599655,1.23892915248871,-0.192006140947342,0.409648001194,-0.541493475437164,-0.708595097064972
-0.635580360889435,0.0406616330146789,1.23899877071381,-0.191921561956406,0.408895254135132,-0.541469693183899,-0.709070861339569
-0.635600447654724,0.0414480790495872,1.23904573917389,-0.191171333193779,0.408938437700272,-0.540795803070068,-0.709762513637543
-0.637576520442963,0.0424917936325073,1.2383691072464,-0.186559453606606,0.411108046770096,-0.541024625301361,-0.709562063217163
-0.63582319021225,0.0427624955773353,1.23923885822296,-0.190997928380966,0.408946186304092,-0.539773523807526,-0.710582494735718
-0.63582319021225,0.0427624955773353,1.23923885822296,-0.190997928380966,0.408946186304092,-0.539773523807526,-0.710582494735718
-0.636149704456329,0.0443097352981567,1.23906087875366,-0.187725469470024,0.409766286611557,-0.538252651691437,-0.712134122848511
-0.637570738792419,0.0452384874224662,1.23864209651947,-0.184344038367271,0.411581516265869,-0.538340151309967,-0.711904346942902
-0.638458430767059,0.0462022200226783,1.23822140693665,-0.182238265872002,0.412154734134674,-0.538309633731842,-0.712138056755066
-0.638576626777649,0.047025591135025,1.23831379413605,-0.181066766381264,0.412426173686981,-0.537561595439911,-0.712844371795654
-0.636195242404938,0.0471920520067215,1.23947370052338,-0.186471536755562,0.409803330898285,-0.53588342666626,-0.714225888252258
-0.636296927928925,0.0479182973504066,1.23957514762878,-0.186399027705193,0.41021066904068,-0.535209476947784,-0.714516341686249
-0.638926327228546,0.0490811318159103,1.23846364021301,-0.180059134960175,0.412825077772141,-0.53603196144104,-0.714019596576691
-0.638374745845795,0.0496211498975753,1.23885083198547,-0.181367844343185,0.411776304244995,-0.535186409950256,-0.714927732944489
-0.638537228107452,0.0503093376755714,1.23886322975159,-0.180866658687591,0.411723911762237,-0.534719526767731,-0.715434074401855
-0.636844158172607,0.0507257804274559,1.23970031738281,-0.183727994561195,0.407946348190308,-0.534433543682098,-0.717080771923065
-0.636939942836761,0.0514963045716285,1.23970711231232,-0.183120012283325,0.40773618221283,-0.53410530090332,-0.717600107192993
-0.63736218214035,0.0521124973893165,1.23948299884796,-0.183487981557846,0.410477131605148,-0.532638430595398,-0.717033445835114
-0.637286424636841,0.0525533184409141,1.23971772193909,-0.18263241648674,0.409437358379364,-0.531563222408295,-0.718642592430115
-0.637458562850952,0.053407646715641,1.23974692821503,-0.181958764791489,0.409462511539459,-0.531183242797852,-0.719079911708832
-0.637655436992645,0.0538279861211776,1.23982548713684,-0.181814938783646,0.409704059362411,-0.530708730220795,-0.719328999519348
-0.637812554836273,0.0544863417744636,1.23986053466797,-0.181588023900986,0.409516602754593,-0.530449092388153,-0.719684422016144
-0.637992024421692,0.0552324876189231,1.2397608757019,-0.181379035115242,0.409179121255875,-0.530008256435394,-0.720253705978394
-0.638190150260925,0.0555955842137336,1.23999691009521,-0.180773079395294,0.409900486469269,-0.528867661952972,-0.720834136009216
-0.640304088592529,0.0564126148819923,1.23940563201904,-0.175798431038857,0.412450611591339,-0.528966784477234,-0.720537066459656
-0.640280187129974,0.0570797100663185,1.23938298225403,-0.175723254680633,0.411988317966461,-0.528684735298157,-0.721026659011841
-0.639079570770264,0.0574513599276542,1.239830493927,-0.178383708000183,0.410149157047272,-0.527740478515625,-0.722112894058228
-0.63901162147522,0.0580412596464157,1.24003398418427,-0.178347811102867,0.409899324178696,-0.526792645454407,-0.722954988479614
-0.639174044132233,0.0588166713714599,1.23998785018921,-0.177087962627411,0.408035546541214,-0.526825189590454,-0.724294304847717
-0.639404654502869,0.0592411905527114,1.24005520343781,-0.176988750696182,0.409760385751724,-0.52553653717041,-0.724280893802643
-0.639761626720428,0.0598228797316551,1.24005675315857,-0.176262021064758,0.409975409507751,-0.524950325489044,-0.724761426448822
-0.640058040618896,0.0603153929114341,1.24017119407654,-0.175951540470123,0.40837562084198,-0.525677919387817,-0.725212454795837
-0.64021635055542,0.06094741076231,1.24012494087219,-0.176471367478371,0.410803377628326,-0.523984014987946,-0.724940836429596
-0.640456259250641,0.0614183023571968,1.24015724658966,-0.175820931792259,0.41105791926384,-0.523040950298309,-0.725635409355164
-0.640705645084381,0.0618265122175216,1.24020659923553,-0.174512580037117,0.410139143466949,-0.522354364395142,-0.72696441411972
-0.641049742698669,0.062270201742649,1.24021899700165,-0.173819005489349,0.410515159368515,-0.521701097488403,-0.727387368679047
-0.643046438694,0.0630262941122055,1.23945999145508,-0.169421777129173,0.412596374750137,-0.521891415119171,-0.727110624313354
-0.643327593803406,0.0634733512997627,1.23949074745178,-0.167773619294167,0.41140028834343,-0.521478056907654,-0.728465855121613
-0.644266128540039,0.0641387104988098,1.23913991451263,-0.165440768003464,0.412198603153229,-0.520902872085571,-0.728959441184998
-0.644513726234436,0.0643684267997741,1.23922967910767,-0.165390715003014,0.412288427352905,-0.520366191864014,-0.729303240776062
-0.642352640628815,0.0644897073507309,1.2401967048645,-0.170669883489609,0.409312307834625,-0.519199252128601,-0.730593919754028
-0.642774283885956,0.0646611079573631,1.24021661281586,-0.169707715511322,0.410106003284454,-0.517723381519318,-0.731419920921326
-0.642974495887756,0.0652027353644371,1.24015974998474,-0.16959036886692,0.409746438264847,-0.517410099506378,-0.731870174407959
-0.642946779727936,0.0654691532254219,1.24037802219391,-0.169918283820152,0.40965861082077,-0.516458213329315,-0.732515275478363
-0.644799172878265,0.0662104561924934,1.23970210552216,-0.165258675813675,0.411615371704102,-0.516468584537506,-0.732476949691772
-0.643341541290283,0.066251665353775,1.24039232730865,-0.168745741248131,0.409647434949875,-0.515158832073212,-0.733706653118134
-0.643976867198944,0.0666109323501586,1.24020528793335,-0.16788187623024,0.409953832626343,-0.514997959136963,-0.733846485614777
-0.644172787666321,0.066861443221569,1.2402309179306,-0.167760297656059,0.409986108541489,-0.514354646205902,-0.734307289123535
-0.644172787666321,0.066861443221569,1.2402309179306,-0.167760297656059,0.409986108541489,-0.514354646205902,-0.734307289123535
-0.644227683544159,0.0675320997834205,1.240354180336,-0.167764723300934,0.409436404705048,-0.512964427471161,-0.735584378242493
-0.644227683544159,0.0675320997834205,1.240354180336,-0.167764723300934,0.409436404705048,-0.512964427471161,-0.735584378242493
-0.646441638469696,0.0683430880308151,1.23971855640411,-0.162871733307838,0.411570012569427,-0.512911140918732,-0.735530436038971
-0.646605789661407,0.0684930086135864,1.23975646495819,-0.16201813519001,0.41191753745079,-0.511951386928558,-0.73619282245636
-0.645041823387146,0.0683814361691474,1.2404488325119,-0.165949553251266,0.409784555435181,-0.510758399963379,-0.737335324287415
-0.647050380706787,0.0686753839254379,1.2398521900177,-0.161553114652634,0.41236487030983,-0.510524928569794,-0.737034738063812
-0.647050380706787,0.0686753839254379,1.2398521900177,-0.161553114652634,0.41236487030983,-0.510524928569794,-0.737034738063812
-0.647327959537506,0.0691446289420127,1.23983943462372,-0.16156579554081,0.411987692117691,-0.510080397129059,-0.737550497055054
-0.645575046539307,0.0687783658504486,1.24011147022247,-0.165913105010986,0.409346550703049,-0.509079217910767,-0.738746643066406
-0.645480453968048,0.0690807774662971,1.2400586605072,-0.165995895862579,0.4086694419384,-0.508734107017517,-0.739340424537659
-0.645718395709991,0.0693208202719688,1.24058616161346,-0.165637210011482,0.409324765205383,-0.508422255516052,-0.739272832870483
-0.645805299282074,0.0694825500249862,1.24058640003204,-0.165589228272438,0.409184694290161,-0.508268237113953,-0.739467084407806
-0.645934104919434,0.0695744231343269,1.24056708812714,-0.165418535470962,0.409157365560532,-0.508097469806671,-0.739637732505798
-0.645929455757141,0.0698480606079101,1.24048340320587,-0.165126368403435,0.408787727355957,-0.508073389530182,-0.73992395401001
-0.646008849143982,0.0698762312531471,1.24049353599548,-0.165125653147697,0.4087073802948,-0.507927775382996,-0.740068376064301
-0.646079540252686,0.0699095949530601,1.24049770832062,-0.165178567171097,0.408650189638138,-0.50786292552948,-0.740132749080658
-0.646123707294464,0.0699133947491645,1.24050068855286,-0.166119083762169,0.41025972366333,-0.506888270378113,-0.73969966173172
-0.646157264709473,0.0699755996465683,1.24044370651245,-0.166152656078339,0.41001433134079,-0.506986439228058,-0.739760935306549
-0.646157264709473,0.0699755996465683,1.24044370651245,-0.166152656078339,0.41001433134079,-0.506986439228058,-0.739760935306549
-0.646190583705902,0.06992869079113,1.24046123027802,-0.166390866041183,0.409718126058578,-0.507210373878479,-0.739718079566956
-0.646195948123932,0.0698697119951248,1.24046385288239,-0.166543662548065,0.409604907035828,-0.507368206977844,-0.739638209342957
-0.646202147006989,0.0697930827736854,1.24047350883484,-0.16576811671257,0.407687157392502,-0.508485794067383,-0.740104258060455
-0.64623486995697,0.0696753114461898,1.24048709869385,-0.16604433953762,0.407621055841446,-0.508757710456848,-0.739891886711121
-0.646022200584412,0.0693294033408165,1.23999667167664,-0.166553974151611,0.40689343214035,-0.508895218372345,-0.74008321762085
-0.648084461688995,0.0696338936686515,1.23963117599487,-0.161600708961487,0.409771800041199,-0.509582042694092,-0.739120066165924
-0.648066222667694,0.0695109441876411,1.23967003822327,-0.161598816514015,0.409756600856781,-0.509799420833588,-0.738978922367096
-0.648078322410583,0.0693767145276069,1.23964142799377,-0.161758035421371,0.409736037254333,-0.510279476642609,-0.738624095916748
-0.64806067943573,0.0692403465509414,1.23956251144409,-0.162031576037407,0.409537941217422,-0.510692775249481,-0.738388359546661
-0.647962212562561,0.0691822692751884,1.23952829837799,-0.16254149377346,0.409137725830078,-0.511282801628113,-0.738089740276337
-0.647909343242645,0.0687784329056739,1.23962914943695,-0.163069039583206,0.409374505281448,-0.511390209197998,-0.73776775598526
-0.646101355552673,0.0684097483754158,1.24010908603668,-0.16721585392952,0.406947940587997,-0.511268019676208,-0.73826652765274
-0.646051645278931,0.0680380687117576,1.24016106128693,-0.167623937129974,0.407169342041016,-0.511619806289673,-0.737807989120483
-0.645983934402466,0.0678833201527595,1.2399982213974,-0.167797699570656,0.406875342130661,-0.512242496013641,-0.73749852180481
-0.647974848747253,0.0678071081638336,1.23935556411743,-0.163697645068169,0.409507781267166,-0.513383269309998,-0.736168563365936
-0.647757232189178,0.0674119591712951,1.23919284343719,-0.164178982377052,0.409258157014847,-0.513708889484406,-0.735972821712494
-0.647544860839844,0.066761590540409,1.23922789096832,-0.16501259803772,0.409391850233078,-0.51373428106308,-0.735694408416748
-0.647260904312134,0.06678506731987,1.23900365829468,-0.166057348251343,0.408272206783295,-0.51507568359375,-0.7351433634758
-0.647168517112732,0.0665738806128501,1.23882710933685,-0.166441604495048,0.408014446496964,-0.515756785869598,-0.734722018241882
-0.647006869316101,0.0660517886281013,1.23878037929535,-0.167049184441566,0.408330529928207,-0.516184210777283,-0.734108150005341
-0.647483229637146,0.0659563690423965,1.23814296722412,-0.165750548243523,0.409042328596115,-0.51712030172348,-0.733346879482269
-0.646577417850494,0.0653117224574089,1.23843657970428,-0.168097779154777,0.408503174781799,-0.517221748828888,-0.73304158449173
-0.644577324390411,0.0647227391600608,1.23888206481934,-0.172700569033623,0.40627446770668,-0.517255783081055,-0.733186304569244
-0.64598286151886,0.0645889788866043,1.23810601234436,-0.168955743312836,0.408533602952957,-0.518331527709961,-0.732042849063873
-0.64598286151886,0.0645889788866043,1.23810601234436,-0.168955743312836,0.408533602952957,-0.518331527709961,-0.732042849063873
-0.645360052585602,0.0636607035994529,1.23787379264832,-0.170284703373909,0.40869203209877,-0.51947009563446,-0.730838477611542
-0.643339872360229,0.063045710325241,1.23837280273438,-0.174902617931366,0.406779557466507,-0.519634664058685,-0.730697870254517
-0.64310610294342,0.0626908168196678,1.23816645145416,-0.175367176532745,0.406824201345444,-0.520316004753113,-0.730076551437378
-0.644485771656036,0.06238654255867,1.23747527599335,-0.171884849667549,0.409237027168274,-0.521176218986511,-0.728941857814789
-0.642339944839478,0.0617922320961952,1.23795127868652,-0.176602125167847,0.407048672437668,-0.521520972251892,-0.728792786598206
-0.642339944839478,0.0617922320961952,1.23795127868652,-0.176602125167847,0.407048672437668,-0.521520972251892,-0.728792786598206
-0.641748130321503,0.0609189420938491,1.23779237270355,-0.177996546030045,0.40759551525116,-0.522977709770203,-0.727102220058441
-0.643136620521545,0.0607446208596229,1.23701870441437,-0.174792021512985,0.40979728102684,-0.524475157260895,-0.725561797618866
-0.641006827354431,0.0600199401378631,1.23758232593536,-0.179547667503357,0.407786190509796,-0.524456143379211,-0.725547432899475
-0.641006827354431,0.0600199401378631,1.23758232593536,-0.179547667503357,0.407786190509796,-0.524456143379211,-0.725547432899475
-0.640404164791107,0.0591327250003814,1.23737943172455,-0.180779606103897,0.40811949968338,-0.526260018348694,-0.723745584487915
-0.641741216182709,0.058747574687004,1.23674392700195,-0.17749434709549,0.410419344902039,-0.527318716049194,-0.722486555576324
-0.641416966915131,0.058265633881092,1.23669564723969,-0.177694737911224,0.41091388463974,-0.527769327163696,-0.721826910972595
-0.641818523406982,0.058034636080265,1.23624765872955,-0.17642317712307,0.411579251289368,-0.529228508472443,-0.720690369606018
-0.639034628868103,0.0570690482854843,1.23737215995789,-0.183267444372177,0.408788859844208,-0.529111683368683,-0.720656454563141
-0.638648808002472,0.0566177368164062,1.23724699020386,-0.184131026268005,0.408655822277069,-0.530178248882294,-0.719727158546448
-0.638322412967682,0.0559825524687767,1.23729193210602,-0.185007482767105,0.408835977315903,-0.53101259469986,-0.718784391880035
-0.638043463230133,0.0553774684667587,1.23724043369293,-0.185656264424324,0.409074753522873,-0.532170534133911,-0.717624008655548
-0.637855887413025,0.0548788011074066,1.2371791601181,-0.18684034049511,0.408939987421036,-0.533534586429596,-0.716379582881927
-0.637154459953308,0.0540879294276237,1.23723173141479,-0.18880420923233,0.408434271812439,-0.534221827983856,-0.715640664100647
-0.636953413486481,0.0535293444991111,1.23707664012909,-0.189370185136795,0.408316045999527,-0.535793364048004,-0.714382588863373
-0.636716902256012,0.0530323758721351,1.23695087432861,-0.190169662237167,0.408028811216354,-0.537119626998901,-0.713337600231171
-0.636716902256012,0.0530323758721351,1.23695087432861,-0.190169662237167,0.408028811216354,-0.537119626998901,-0.713337600231171
-0.636156141757965,0.0515075623989105,1.23688137531281,-0.190649956464767,0.408761531114578,-0.538629055023193,-0.711649775505066
-0.635884821414948,0.0511143133044242,1.23672580718994,-0.19098773598671,0.408438503742218,-0.540298700332642,-0.710478067398071
-0.635595142841339,0.0504556149244308,1.23657763004303,-0.191644981503487,0.40823557972908,-0.541363537311554,-0.70960658788681
-0.635488152503967,0.0498699471354484,1.23647844791412,-0.192954525351524,0.407572418451309,-0.543501675128937,-0.707996666431427
-0.635151147842407,0.0492796003818511,1.23629355430603,-0.193656951189041,0.40706729888916,-0.545108914375305,-0.706858932971954
-0.634829878807068,0.0487616211175918,1.23613786697388,-0.194316744804382,0.406450420618057,-0.546551644802094,-0.70591813325882
-0.634429633617401,0.0480101555585861,1.23557388782501,-0.195102632045746,0.405614614486694,-0.548304796218872,-0.704821825027466
-0.633942127227783,0.0474147498607635,1.23540306091309,-0.195193916559219,0.405376881361008,-0.54922342300415,-0.704217731952667
-0.633666753768921,0.0468020290136337,1.23514759540558,-0.195882454514503,0.404870986938477,-0.55087798833847,-0.70302414894104
-0.633362710475922,0.046122059226036,1.23512709140778,-0.196461975574493,0.404680043458939,-0.552246570587158,-0.701897799968719
-0.633123517036438,0.0455066338181495,1.23500645160675,-0.196891516447067,0.404602944850922,-0.55363404750824,-0.700727939605713
-0.632789254188538,0.0448139309883117,1.23501968383789,-0.197709009051323,0.404672294855118,-0.554793417453766,-0.699539721012115
-0.632553100585938,0.0443174242973327,1.23494243621826,-0.197988227009773,0.404601961374283,-0.556369066238403,-0.698248863220215
-0.632523119449615,0.0435916557908058,1.23549771308899,-0.198206022381783,0.405824929475784,-0.556994259357452,-0.69697767496109
-0.632300555706024,0.0428884997963905,1.23553013801575,-0.198604047298431,0.406009405851364,-0.55804854631424,-0.695912778377533
-0.631828129291534,0.0422893464565277,1.2355660200119,-0.19937914609909,0.405674129724503,-0.559073328971863,-0.695063710212708
-0.63160902261734,0.0418174937367439,1.23475122451782,-0.199508354067802,0.404866904020309,-0.560630321502686,-0.694242715835571
-0.631370782852173,0.0411572754383087,1.23471927642822,-0.199995145201683,0.405017822980881,-0.561323940753937,-0.69345360994339
-0.63125067949295,0.0403204187750816,1.23469150066376,-0.200490653514862,0.405380040407181,-0.561986923217773,-0.692561447620392
-0.631046891212463,0.0397431850433349,1.23469197750092,-0.200787574052811,0.405530720949173,-0.563049793243408,-0.69152307510376
-0.630895733833313,0.0390863940119743,1.2346602678299,-0.200756400823593,0.405943542718887,-0.563496530056,-0.690925717353821
-0.630937457084656,0.0384241342544555,1.23524069786072,-0.201141849160194,0.40680330991745,-0.563990473747253,-0.68990433216095
-0.630308389663696,0.0376546755433082,1.23555445671082,-0.202425301074982,0.40668797492981,-0.564350485801697,-0.689302146434784
-0.630180537700653,0.036958709359169,1.23551988601685,-0.202628001570702,0.406923949718475,-0.564978897571564,-0.688588261604309
-0.630356848239899,0.0361179113388061,1.23521077632904,-0.202319398522377,0.407352060079575,-0.565547943115234,-0.687958359718323
-0.630675852298737,0.0356527417898178,1.23327350616455,-0.200439736247063,0.406119048595428,-0.567216753959656,-0.687863647937775
-0.630612790584564,0.0350004881620407,1.23322510719299,-0.200499445199966,0.406306624412537,-0.567673206329346,-0.687358796596527
-0.630594611167908,0.0342899933457374,1.23322355747223,-0.200630784034729,0.40670120716095,-0.568085432052612,-0.68674635887146
-0.630515694618225,0.033230535686016,1.2333037853241,-0.20101010799408,0.40734052658081,-0.568115830421448,-0.686231076717377
-0.631169676780701,0.0328149124979972,1.23414468765259,-0.199741378426552,0.409436553716659,-0.56844037771225,-0.685084462165833
-0.631120622158051,0.0322519838809967,1.23392593860626,-0.199781656265259,0.409418672323227,-0.56906646490097,-0.684563338756561
-0.631120622158051,0.0322519838809967,1.23392593860626,-0.199781656265259,0.409418672323227,-0.56906646490097,-0.684563338756561
-0.630655348300934,0.0303110033273696,1.23304224014282,-0.20190654695034,0.408318787813187,-0.569865584373474,-0.683931827545166
-0.630625009536743,0.0297563001513481,1.23299932479858,-0.201130956411362,0.40873858332634,-0.569831669330597,-0.683937788009644
-0.63062185049057,0.0290112569928169,1.23292338848114,-0.201097518205643,0.409023553133011,-0.569882988929749,-0.683734536170959
-0.629559457302094,0.0282833874225616,1.23422849178314,-0.203955084085464,0.408801376819611,-0.569096505641937,-0.683675944805145
-0.629884123802185,0.0271166041493415,1.23511111736298,-0.203922212123871,0.410924822092056,-0.568223893642426,-0.683138489723206
-0.629990935325623,0.0265340134501457,1.23494982719421,-0.203570187091827,0.410913974046707,-0.5684694647789,-0.68304568529129
-0.630402266979218,0.0256882905960083,1.23468995094299,-0.20266155898571,0.411837428808212,-0.568402767181396,-0.682815253734589
-0.630609214305878,0.0247686058282852,1.23462271690369,-0.202488586306572,0.41251266002655,-0.568258702754974,-0.682578802108765
-0.631311774253845,0.0241908356547355,1.23254239559174,-0.200239971280098,0.41178023815155,-0.569232761859894,-0.682872712612152
-0.630405724048615,0.0233626365661621,1.23394966125488,-0.202865749597549,0.41180619597435,-0.568270623683929,-0.682883381843567
-0.630405724048615,0.0233626365661621,1.23394966125488,-0.202865749597549,0.41180619597435,-0.568270623683929,-0.682883381843567
-0.631065368652344,0.0221375599503517,1.23454332351685,-0.202018141746521,0.41371363401413,-0.567728042602539,-0.682432949542999
-0.631565093994141,0.0211564153432846,1.23430132865906,-0.20125538110733,0.414677739143372,-0.567228555679321,-0.68248838186264
-0.631558895111084,0.0204098969697952,1.23467707633972,-0.201557472348213,0.415109813213348,-0.56661731004715,-0.682644426822662
-0.631994187831879,0.0195412710309028,1.23404490947723,-0.200658366084099,0.41554793715477,-0.566457688808441,-0.6827751994133
-0.632058024406433,0.0189866945147514,1.23457026481628,-0.200224697589874,0.416521638631821,-0.565585255622864,-0.68303245306015
-0.63273024559021,0.0182261765003204,1.23405432701111,-0.199292778968811,0.417175412178039,-0.565581202507019,-0.682909309864044
-0.632831633090973,0.0173299312591552,1.23389863967896,-0.199119701981544,0.417746275663376,-0.56476765871048,-0.683284044265747
-0.633326351642609,0.0165126547217369,1.23406791687012,-0.198297843337059,0.419117987155914,-0.563953995704651,-0.683354914188385
-0.633202314376831,0.0162325277924537,1.23334431648254,-0.198065847158432,0.417851984500885,-0.564216673374176,-0.683980584144592
-0.634110808372498,0.0154488980770111,1.23284482955933,-0.196162089705467,0.419029951095581,-0.563892543315887,-0.684075713157654
-0.634327828884125,0.0148046314716339,1.23303771018982,-0.196351796388626,0.419195473194122,-0.563387930393219,-0.684335708618164
-0.634553909301758,0.0141426399350166,1.23307478427887,-0.195175230503082,0.4200539290905,-0.562292695045471,-0.685046255588531
-0.634904384613037,0.0132080391049385,1.2332626581192,-0.194744482636452,0.421389728784561,-0.561221957206726,-0.685226380825043
-0.635357618331909,0.0125264301896095,1.23318922519684,-0.194027066230774,0.422206073999405,-0.560635685920715,-0.685407400131226
-0.635791778564453,0.0120505839586257,1.23305761814117,-0.193319320678711,0.422599047422409,-0.56034243106842,-0.685604989528656
-0.636187672615051,0.0113053768873214,1.23311769962311,-0.192422121763229,0.42369344830513,-0.559291005134583,-0.686040341854095
-0.636599957942963,0.010432943701744,1.23319864273071,-0.191645845770836,0.424560636281967,-0.55801123380661,-0.686763167381287
-0.637010097503662,0.0099725276231765,1.23326659202576,-0.189659759402275,0.425594478845596,-0.556612432003021,-0.687808811664581
-0.637586116790771,0.0093473643064498,1.23323929309845,-0.189879477024078,0.425558418035507,-0.556506752967834,-0.687856197357178
-0.637678503990173,0.0087149068713188,1.23312890529633,-0.188108399510384,0.426540493965149,-0.554243445396423,-0.689559817314148
-0.638252019882202,0.008218839764595,1.23327493667603,-0.187521994113922,0.427287846803665,-0.553498089313507,-0.689855396747589
-0.638744294643402,0.0075521320104599,1.23331260681152,-0.18671640753746,0.428249180316925,-0.552235066890717,-0.690489828586578
-0.639365553855896,0.0070308670401573,1.23371374607086,-0.186297118663788,0.429281681776047,-0.550917744636536,-0.691013932228088
-0.639838397502899,0.0061764493584632,1.23322856426239,-0.18527390062809,0.429807037115097,-0.549417078495026,-0.692156314849854
-0.640217542648315,0.0053325518965721,1.23302447795868,-0.184792339801788,0.430222541093826,-0.547824025154114,-0.693288743495941
-0.640624046325684,0.0044689700007438,1.23307263851166,-0.183850452303886,0.431264400482178,-0.545917570590973,-0.694394707679749
-0.641182363033295,0.0040579736232757,1.23293018341064,-0.183421120047569,0.431486457586288,-0.545252680778503,-0.694892585277557
-0.641623735427856,0.0034227073192596,1.23299360275269,-0.182743445038795,0.432479292154312,-0.543470740318298,-0.695849239826202
-0.642231285572052,0.0027051493525505,1.23296427726746,-0.182006269693375,0.433707267045975,-0.541967153549194,-0.696450531482697
-0.642719447612762,0.0022756829857826,1.23269605636597,-0.181678548455238,0.433850705623627,-0.540709972381592,-0.69742339849472
-0.642996251583099,0.0019659548997879,1.23250830173492,-0.180829703807831,0.434122234582901,-0.539360284805298,-0.698519289493561
-0.643500208854675,0.0012553185224533,1.23306262493134,-0.180242642760277,0.435617864131927,-0.537025272846222,-0.699538052082062
-0.64399778842926,0.0009483098983764,1.23283720016479,-0.179662615060806,0.435645401477814,-0.536081552505493,-0.700393497943878
-0.644381642341614,0.0004127621650695,1.23272371292114,-0.178737699985504,0.436462521553039,-0.534136950969696,-0.701606094837189
-0.644843518733978,-0.0004454031586647,1.23223960399628,-0.178062349557877,0.437256067991257,-0.53245735168457,-0.70255970954895
-0.645176708698273,-0.0008485689759254,1.23217797279358,-0.177769526839256,0.437734544277191,-0.531103372573853,-0.703360319137573
-0.645638108253479,-0.0011749044060707,1.23247480392456,-0.176577284932137,0.439014345407486,-0.529083430767059,-0.704384565353394
-0.645859897136688,-0.0019525438547134,1.232053399086,-0.176034107804298,0.439599514007568,-0.526994645595551,-0.705720245838165
-0.646329402923584,-0.0024209469556808,1.23251116275787,-0.176289200782776,0.442718833684921,-0.523732006549835,-0.706135272979736
-0.646603226661682,-0.0029418766498565,1.23195207118988,-0.175907701253891,0.442661434412003,-0.52244108915329,-0.707221806049347
-0.646933078765869,-0.0032810866832733,1.23184359073639,-0.175793319940567,0.442707985639572,-0.521214842796326,-0.708125412464142
-0.647306978702545,-0.0038834810256958,1.23183608055115,-0.173387169837952,0.441805481910706,-0.520376801490784,-0.709896385669708
-0.647707521915436,-0.0046270564198493,1.23186218738556,-0.1730737388134,0.442546278238297,-0.518466830253601,-0.71090829372406
-0.647948324680328,-0.004697173833847,1.23204040527344,-0.172854900360107,0.442674934864044,-0.517345786094666,-0.711697578430176
-0.647951126098633,-0.0052681118249893,1.23181927204132,-0.172144740819931,0.443185031414032,-0.515205383300781,-0.713103532791138
-0.648227512836456,-0.005759559571743,1.23176503181458,-0.173536464571953,0.445510506629944,-0.512419044971466,-0.713324904441833
-0.648465991020203,-0.006203569471836,1.23216903209686,-0.172986805438995,0.446552008390427,-0.510625720024109,-0.714092671871185
-0.648598670959473,-0.0066963210701942,1.23214638233185,-0.172884330153465,0.446913421154022,-0.509157776832581,-0.714939057826996
-0.648771822452545,-0.007482461631298,1.23225438594818,-0.172667443752289,0.447721511125565,-0.507070958614349,-0.715968251228333
-0.64914858341217,-0.0076159462332725,1.23144400119781,-0.171682387590408,0.447294414043427,-0.506585299968719,-0.716815412044525
-0.649178028106689,-0.0079784244298934,1.23142540454865,-0.171470478177071,0.447399437427521,-0.50534987449646,-0.717672049999237
-0.649219870567322,-0.0083919540047645,1.23138236999512,-0.171305015683174,0.447420507669449,-0.504078209400177,-0.718592166900635
-0.649197101593018,-0.0089123845100402,1.23148953914642,-0.170379087328911,0.448094695806503,-0.502213418483734,-0.719697177410126
-0.649580359458923,-0.0095556899905204,1.23167872428894,-0.170859813690185,0.448714464902878,-0.501516759395599,-0.719682812690735
-0.649453341960907,-0.0098796039819717,1.23173081874847,-0.169985994696617,0.448969036340714,-0.500093817710876,-0.72072035074234
-0.649142980575562,-0.010265864431858,1.23148965835571,-0.170676603913307,0.448305368423462,-0.499427109956741,-0.721432268619537
-0.649276554584503,-0.0105379745364189,1.23169422149658,-0.169981971383095,0.44878426194191,-0.498224705457687,-0.72212952375412
-0.649115264415741,-0.0110585391521453,1.23147296905518,-0.17038169503212,0.448532670736313,-0.497450292110443,-0.72272527217865
-0.648965835571289,-0.0113967508077621,1.23128795623779,-0.170244947075844,0.448464065790176,-0.496649235486984,-0.723350644111633
-0.648920297622681,-0.0117425322532653,1.23122692108154,-0.170364528894424,0.448405355215073,-0.496275067329407,-0.723615705966949
-0.648857474327087,-0.0121523514389991,1.23114609718323,-0.170602113008499,0.448360562324524,-0.495896846055984,-0.723846673965454
-0.64896696805954,-0.0128673389554023,1.23153173923492,-0.170844376087189,0.449370473623276,-0.494953453540802,-0.723809123039246
-0.64905446767807,-0.0129681825637817,1.23152613639832,-0.170771449804306,0.449258625507355,-0.495144963264465,-0.723764777183533
-0.648806273937225,-0.0138675868511199,1.23163366317749,-0.171203374862671,0.449579477310181,-0.494173794984818,-0.724127113819122
-0.648743689060211,-0.0140126273036003,1.23170566558838,-0.171114265918732,0.449521213769913,-0.49420490860939,-0.724163055419922
-0.648711919784546,-0.0144811049103736,1.2315878868103,-0.171778678894043,0.449538141489029,-0.494285821914673,-0.723940074443817
-0.648568451404572,-0.0148262307047843,1.23160529136658,-0.172008290886879,0.449478805065155,-0.494236379861832,-0.723956227302551
-0.648568451404572,-0.0148262307047843,1.23160529136658,-0.172008290886879,0.449478805065155,-0.494236379861832,-0.723956227302551
-0.647954225540161,-0.0154077485203742,1.23132491111755,-0.172711580991745,0.4486223757267,-0.494312465190887,-0.724267840385437
-0.647703528404236,-0.0158581882715225,1.23136496543884,-0.172608718276024,0.448946326971054,-0.493897497653961,-0.724374651908875
-0.647310137748718,-0.0161205828189849,1.23100936412811,-0.173091739416122,0.448125183582306,-0.494242966175079,-0.724532246589661
-0.64705902338028,-0.0163979232311248,1.23097956180573,-0.173481747508049,0.447971969842911,-0.49474772810936,-0.724189162254333
-0.646951496601105,-0.0169046446681022,1.23103427886963,-0.174104228615761,0.447881430387497,-0.495180517435074,-0.72379994392395
-0.646714866161346,-0.0171548500657081,1.23098623752594,-0.174443364143371,0.447555303573608,-0.495708644390106,-0.723558366298676
-0.646612346172333,-0.0178901776671409,1.23101484775543,-0.175171226263046,0.447752416133881,-0.495736002922058,-0.723241865634918
-0.646315634250641,-0.017912782728672,1.23087024688721,-0.175431713461876,0.447135418653488,-0.496562361717224,-0.72299337387085
-0.646113932132721,-0.0180856436491012,1.23069095611572,-0.175819903612137,0.446729868650436,-0.497280538082123,-0.722656071186066
-0.645845174789429,-0.0185865759849548,1.23073089122772,-0.175269052386284,0.44452765583992,-0.499399185180664,-0.722687005996704
-0.645608603954315,-0.0189266875386238,1.23065078258514,-0.177640363574028,0.447809666395187,-0.497782409191132,-0.721195578575134
-0.645363748073578,-0.0192432105541229,1.23052859306335,-0.17767970263958,0.446572065353393,-0.498614132404327,-0.721378684043884
-0.645563721656799,-0.0196961760520935,1.23086166381836,-0.177766546607017,0.447295665740967,-0.499264866113663,-0.720458388328552
-0.645447313785553,-0.0200982391834259,1.23075342178345,-0.178941622376442,0.447044909000397,-0.500374674797058,-0.71955269575119
-0.644924938678741,-0.0203632041811943,1.23056185245514,-0.179042905569077,0.446760654449463,-0.500751256942749,-0.719442129135132
-0.644154906272888,-0.0207559168338775,1.23034977912903,-0.181636616587639,0.445132195949554,-0.502042531967163,-0.718901097774506
-0.644012212753296,-0.0214522033929824,1.23090958595276,-0.181977510452271,0.446338713169098,-0.501697719097137,-0.718307375907898
-0.643525660037994,-0.0214153230190277,1.23055350780487,-0.181558206677437,0.445594280958176,-0.502498388290405,-0.718315958976746
-0.643371224403381,-0.0217881798744201,1.23052084445953,-0.183070629835129,0.4452203810215,-0.504327058792114,-0.716880917549133
-0.643093824386597,-0.0221375897526741,1.2303386926651,-0.183959871530533,0.444932341575623,-0.505274057388306,-0.716164946556091
-0.642746686935425,-0.0225072279572486,1.23022568225861,-0.184599742293358,0.44472673535347,-0.50618839263916,-0.71548193693161
-0.642746686935425,-0.0225072279572486,1.23022568225861,-0.184599742293358,0.44472673535347,-0.50618839263916,-0.71548193693161
-0.642308175563812,-0.0237731635570526,1.22976195812225,-0.184755891561508,0.443274259567261,-0.509218156337738,-0.714191973209381
-0.64165210723877,-0.023943044245243,1.22986304759979,-0.187541931867599,0.44465246796608,-0.509326756000519,-0.712529718875885
-0.641255915164948,-0.0242021456360816,1.22919368743896,-0.188158184289932,0.443773180246353,-0.510808944702148,-0.711853981018066
-0.640834152698517,-0.0246012359857559,1.22914969921112,-0.18809911608696,0.441675633192062,-0.513387799263,-0.711318850517273
-0.640238463878632,-0.0247821733355522,1.22951674461365,-0.188266575336456,0.442072212696075,-0.514171183109283,-0.710461676120758
-0.640215456485748,-0.0249770805239677,1.22893273830414,-0.19010379910469,0.441041231155396,-0.5170077085495,-0.708552300930023
-0.639655530452728,-0.0253690257668495,1.22870576381683,-0.192566826939583,0.442355960607529,-0.517490386962891,-0.706712782382965
-0.639177560806274,-0.025665633380413,1.22863388061523,-0.192580848932266,0.440117448568344,-0.5203537940979,-0.706003785133362
-0.638817548751831,-0.025907889008522,1.22872352600098,-0.192832574248314,0.440569162368774,-0.521384000778198,-0.70489239692688
-0.638019144535065,-0.0260909423232078,1.22852766513824,-0.19364270567894,0.440192252397537,-0.522713959217072,-0.703920006752014
-0.637431859970093,-0.0261686518788337,1.22887444496155,-0.194759830832481,0.439917683601379,-0.524579048156738,-0.702394485473633
-0.636996626853943,-0.0266994908452034,1.22878015041351,-0.195823803544044,0.440165311098099,-0.525834381580353,-0.701003432273865
-0.636498510837555,-0.0269941538572311,1.22885870933533,-0.196928024291992,0.440107047557831,-0.527072370052338,-0.699799835681915
-0.636098504066467,-0.0271157994866371,1.22868752479553,-0.198956936597824,0.439263343811035,-0.529625356197357,-0.697825908660889
-0.635514438152313,-0.027294136583805,1.22864305973053,-0.20025634765625,0.43873119354248,-0.531592845916748,-0.696291148662567
-0.634950280189514,-0.0277941823005676,1.22864675521851,-0.20073539018631,0.439362585544586,-0.532019078731537,-0.695428967475891
-0.634250044822693,-0.0280281379818916,1.2280387878418,-0.201821848750114,0.438282549381256,-0.534161984920502,-0.694152235984802
-0.633646905422211,-0.0279055908322334,1.22836101055145,-0.203112050890922,0.437851220369339,-0.535865664482117,-0.692733645439148
-0.633646905422211,-0.0279055908322334,1.22836101055145,-0.203112050890922,0.437851220369339,-0.535865664482117,-0.692733645439148
-0.632495403289795,-0.0283513590693473,1.22834134101868,-0.205598890781403,0.437350213527679,-0.539069473743439,-0.689824640750885
-0.63199371099472,-0.0282937511801719,1.22830390930176,-0.207412481307983,0.436160862445831,-0.541539311408997,-0.688098132610321
-0.631349742412567,-0.0284017547965049,1.22821640968323,-0.208765462040901,0.435363084077835,-0.543545842170715,-0.686610460281372
-0.63063645362854,-0.0284762978553771,1.22823369503021,-0.209487751126289,0.434871405363083,-0.544860422611237,-0.685659408569336
-0.630062520503998,-0.0287373512983322,1.22792029380798,-0.210743844509125,0.434223800897598,-0.546730041503906,-0.684195220470428
-0.62948477268219,-0.0287188738584518,1.22772312164307,-0.210969284176826,0.433778405189514,-0.548488557338715,-0.682999730110168
-0.629456520080566,-0.0284867286682128,1.22802865505219,-0.210941031575203,0.434096187353134,-0.550198912620544,-0.681429266929626
-0.627216756343842,-0.0285936072468757,1.22816717624664,-0.216003626585007,0.430380195379257,-0.552463352680206,-0.680367290973663
-0.626331388950348,-0.0285396501421928,1.22823691368103,-0.217319265007973,0.429404973983765,-0.554414510726929,-0.678975999355316
-0.62555056810379,-0.0285361483693122,1.22829878330231,-0.218439728021622,0.428647011518478,-0.555875599384308,-0.677899897098541
-0.624776184558868,-0.0285493731498718,1.22832727432251,-0.220490112900734,0.427533119916916,-0.558169782161713,-0.676051914691925
-0.623880386352539,-0.0284218564629554,1.22834098339081,-0.2218217253685,0.426725417375565,-0.560251355171204,-0.674402832984924
-0.623113632202148,-0.0284123048186302,1.22819638252258,-0.223134636878967,0.42586225271225,-0.562166452407837,-0.672919929027557
-0.622208297252655,-0.0283595249056816,1.22854661941528,-0.22466653585434,0.425209820270538,-0.563710272312164,-0.671529948711395
-0.621720731258392,-0.0283203572034835,1.2282954454422,-0.225364327430725,0.424388945102692,-0.566280663013458,-0.669650137424469
-0.620890200138092,-0.0283316299319267,1.22845387458801,-0.226829677820206,0.423730731010437,-0.568216800689697,-0.667929887771606
-0.620082259178162,-0.0283210054039955,1.22850823402405,-0.228447377681732,0.422979861497879,-0.570187985897064,-0.666172385215759
-0.619349002838135,-0.028060957789421,1.22864377498627,-0.22963835299015,0.422195911407471,-0.572318196296692,-0.664431214332581
-0.619349002838135,-0.028060957789421,1.22864377498627,-0.22963835299015,0.422195911407471,-0.572318196296692,-0.664431214332581
-0.617650330066681,-0.0275436118245124,1.22906291484833,-0.233616381883621,0.419848889112472,-0.577149748802185,-0.660339713096619
-0.616705238819122,-0.0273959413170814,1.22912991046906,-0.234690129756927,0.418964087963104,-0.579016387462616,-0.658885180950165
-0.615905344486237,-0.0272202640771865,1.2291738986969,-0.235536068677902,0.418416410684586,-0.580674231052399,-0.65747082233429
-0.615494132041931,-0.0270008146762847,1.22898972034454,-0.236594587564468,0.417551726102829,-0.583189010620117,-0.655411422252655
-0.614940404891968,-0.0270121097564697,1.22899448871613,-0.237924739718437,0.416961044073105,-0.58523827791214,-0.653476536273956
-0.613623738288879,-0.02670369297266,1.22857451438904,-0.240217536687851,0.414567410945892,-0.587640583515167,-0.652002990245819
-0.613214731216431,-0.0265633314847946,1.22941017150879,-0.241394236683845,0.414927005767822,-0.589118719100952,-0.650002717971802
-0.612449049949646,-0.0262315422296524,1.22947001457214,-0.242456153035164,0.413930058479309,-0.591007053852081,-0.648527324199677
-0.611848950386047,-0.0260053053498268,1.22951722145081,-0.243606865406036,0.412959009408951,-0.593113660812378,-0.64678966999054
-0.611127734184265,-0.0258930921554565,1.22964000701904,-0.244870334863663,0.412072479724884,-0.594903886318207,-0.645231962203979
-0.610811233520508,-0.025731474161148,1.22951340675354,-0.244992464780807,0.411746382713318,-0.596706807613373,-0.64372730255127
-0.609745681285858,-0.0254403352737426,1.22971963882446,-0.246669381856918,0.410246282815933,-0.598089337348938,-0.642760694026947
-0.609186887741089,-0.0251101031899452,1.22974812984467,-0.247850224375725,0.409054100513458,-0.600132942199707,-0.641159534454346
-0.608496725559235,-0.0249258428812026,1.22987031936646,-0.249033182859421,0.408145695924759,-0.601770579814911,-0.639743626117706
-0.608282208442688,-0.0247823596000671,1.22963583469391,-0.24908010661602,0.407513111829758,-0.603729963302612,-0.638280868530273
-0.607700228691101,-0.0243590846657753,1.22966182231903,-0.250154674053192,0.406295657157898,-0.605550944805145,-0.636910259723663
-0.606657683849335,-0.0241955742239952,1.23008239269257,-0.250910431146622,0.40579229593277,-0.6058229804039,-0.636675179004669
-0.606278955936432,-0.023552305996418,1.23016357421875,-0.252654790878296,0.404099345207214,-0.608512997627258,-0.634492933750153
-0.605673968791962,-0.0232841670513153,1.2303512096405,-0.253808528184891,0.40318301320076,-0.609874665737152,-0.633306980133057
-0.605221509933472,-0.0229042991995811,1.23045003414154,-0.254416316747665,0.402297288179398,-0.611720383167267,-0.631844460964203
-0.604619443416595,-0.0226831585168838,1.23061180114746,-0.255255877971649,0.401337474584579,-0.612910509109497,-0.630962371826172
-0.604480624198914,-0.0226173475384712,1.23039615154266,-0.255269795656204,0.401151925325394,-0.614372670650482,-0.629651367664337
-0.604045152664185,-0.0221674889326095,1.23053681850433,-0.25561797618866,0.400084018707275,-0.615798830986023,-0.628795862197876
-0.603341639041901,-0.0215884372591972,1.23100221157074,-0.256824791431427,0.398605823516846,-0.617683470249176,-0.627392888069153
-0.602883577346802,-0.0212437883019447,1.23120820522308,-0.257834613323212,0.397770315408707,-0.619079649448395,-0.626131415367126
-0.602851331233978,-0.0209662020206451,1.23118019104004,-0.257667511701584,0.397543013095856,-0.620783805847168,-0.624655485153198
-0.602263033390045,-0.0204367861151695,1.23141288757324,-0.258824706077576,0.396238327026367,-0.622268497943878,-0.623527824878693
-0.60180938243866,-0.0199661329388618,1.23153388500214,0.259521573781967,-0.395257890224457,0.623796105384827,0.62233293056488
-0.601477682590485,-0.0195886343717575,1.23166811466217,0.259844124317169,-0.39466992020607,0.62503981590271,0.621322751045227
-0.601171493530273,-0.0191290751099586,1.23184108734131,0.26037934422493,-0.394018769264221,0.626542091369629,0.619997501373291
-0.601182460784912,-0.0187975317239761,1.23184537887573,0.260267972946167,-0.393796354532242,0.6278395652771,0.618872225284576
-0.600817859172821,-0.0182815939188003,1.23192870616913,0.261111855506897,-0.392581075429916,0.629559397697449,0.61754035949707
-0.600252449512482,-0.0176923498511314,1.23213469982147,0.262356340885162,-0.390937626361847,0.631076812744141,0.616505324840546
-0.599881708621979,-0.0172498896718025,1.23213887214661,0.262542277574539,-0.39023944735527,0.632299184799194,0.615615546703339
-0.599339187145233,-0.0168074518442153,1.23148119449615,0.263650596141815,-0.388096302747726,0.634135782718658,0.614606916904449
-0.599295437335968,-0.0162456482648849,1.23236072063446,0.263670861721039,-0.388857901096344,0.634709119796753,0.61352401971817
-0.598965525627136,-0.0156598985195159,1.2316427230835,0.266921013593674,-0.384617120027542,0.638285875320435,0.611076295375824
-0.599321961402893,-0.0153979733586311,1.23250997066498,0.266744911670685,-0.385916888713837,0.639150261878967,0.609427869319916
-0.59906804561615,-0.0148945748805999,1.23258066177368,0.267227858304977,-0.384971767663956,0.640377402305603,0.608525216579437
-0.59846305847168,-0.0142274722456932,1.23275077342987,0.268273174762726,-0.383312821388245,0.641811847686768,0.607600629329681
-0.598052144050598,-0.0136704668402671,1.23294496536255,0.269982278347015,-0.383530348539352,0.643252074718475,0.605178534984589
-0.597843527793884,-0.0132474824786186,1.23304224014282,0.269744962453842,-0.381459623575211,0.644333481788635,0.605442702770233
-0.597243785858154,-0.0126020312309265,1.23328983783722,0.268755078315735,-0.384136706590652,0.644576191902161,0.603929877281189
-0.597336113452911,-0.0123396292328834,1.23325049877167,0.267393410205841,-0.382615923881531,0.644765675067902,0.605296015739441
-0.597080528736115,-0.0119770616292953,1.23343479633331,0.268051147460938,-0.382059961557388,0.645717442035675,0.604340851306915
-0.596743881702423,-0.0112666860222816,1.23357951641083,0.269557148218155,-0.380229264497757,0.64760160446167,0.602807462215424
-0.596748769283295,-0.0107006132602691,1.23369908332825,0.271434009075165,-0.378349632024765,0.649861633777618,0.60071212053299
-0.596642255783081,-0.0103134736418724,1.23384094238281,0.271836519241333,-0.377959012985229,0.650719940662384,0.599846243858337
-0.596509516239166,-0.0097865909337997,1.23405170440674,0.273521572351456,-0.378967702388763,0.652502238750458,0.596498548984528
-0.596473813056946,-0.0092940777540206,1.23415589332581,0.273954659700394,-0.378445029258728,0.653664290904999,0.59535825252533
-0.596478581428528,-0.0088211074471473,1.23434960842133,0.274036377668381,-0.378294348716736,0.654453277587891,0.594549000263214
-0.596462905406952,-0.0083713307976722,1.23447287082672,0.274027079343796,-0.378146588802338,0.655101537704468,0.593933045864105
-0.596766293048859,-0.0079630985856056,1.23439466953278,0.272194981575012,-0.376644015312195,0.655198037624359,0.595621287822723
-0.596023440361023,-0.0074407681822776,1.23485636711121,0.271022528409958,-0.377734661102295,0.653797626495361,0.597002506256104
-0.59639835357666,-0.0071296468377113,1.23488545417786,0.270618587732315,-0.37803840637207,0.654495000839233,0.596228837966919
-0.596494138240814,-0.0065757930278778,1.23491454124451,0.271949678659439,-0.37925523519516,0.656055510044098,0.593127310276031
-0.596430718898773,-0.0062146261334419,1.23467552661896,0.272019982337952,-0.378574669361115,0.656553149223328,0.592979431152344
-0.595965802669525,-0.0054797828197479,1.23451769351959,0.272306591272354,-0.376894295215607,0.657058477401733,0.593358337879181
-0.596016049385071,-0.005090445280075,1.23470425605774,0.271112561225891,-0.375075727701187,0.656538903713226,0.595628261566162
-0.596330463886261,-0.0046088322997093,1.23563694953918,0.270802557468414,-0.376144647598267,0.656346023082733,0.595307588577271
-0.596646249294281,-0.0040525943040847,1.23566019535065,0.270620852708816,-0.375850290060043,0.656891942024231,0.594973862171173
-0.59676206111908,-0.0036208033561706,1.23585760593414,0.270810008049011,-0.375889301300049,0.656919121742249,0.594833314418793
-0.596922278404236,-0.0030703768134117,1.23588955402374,0.270397037267685,-0.375302463769913,0.657195627689362,0.595086216926575
-0.597359478473663,-0.0027237236499786,1.23596513271332,0.269448071718216,-0.375789195299149,0.657242476940155,0.595157563686371
-0.597554683685303,-0.0022910609841346,1.23614931106567,0.269186675548553,-0.375655502080917,0.657310664653778,0.59528511762619
-0.597720801830292,-0.0018704235553741,1.23626112937927,0.269891083240509,-0.376943796873093,0.658204734325409,0.593160033226013
-0.597919464111328,-0.0014355778694152,1.23645889759064,0.269593119621277,-0.376887083053589,0.65814620256424,0.593396425247192
-0.597919464111328,-0.0014355778694152,1.23645889759064,0.269593119621277,-0.376887083053589,0.65814620256424,0.593396425247192
-0.59842437505722,-0.0005673319101333,1.23663294315338,0.26880955696106,-0.376572757959366,0.658124983310699,0.593974649906158
-0.59833174943924,3.0025839805603e-06,1.2368528842926,0.269334495067596,-0.375921368598938,0.657896161079407,0.594402968883514
-0.598596692085266,0.0004193484783172,1.23693764209747,0.267873227596283,-0.374194204807281,0.657034516334534,0.597100019454956
-0.598823666572571,0.0008507892489433,1.23709690570831,0.26746267080307,-0.37422388792038,0.656903505325317,0.597409665584564
-0.599120855331421,0.0013423934578895,1.23719930648804,0.267787545919418,-0.375559270381927,0.65769374370575,0.595553576946259
-0.599529027938843,0.0017443522810935,1.23723208904266,0.267035752534866,-0.375712782144547,0.657690584659576,0.595797777175903
-0.599836349487305,0.0021033883094787,1.23737633228302,0.266572922468185,-0.376109212636948,0.657386124134064,0.596090912818909
-0.600124061107635,0.0025242939591407,1.23746943473816,0.266087710857391,-0.376168191432953,0.657127678394318,0.596555113792419
-0.600423634052277,0.0029632747173309,1.23765397071838,0.264396816492081,-0.374652594327927,0.656038403511047,0.599452674388885
-0.600993871688843,0.0033101364970207,1.23761987686157,0.263843029737472,-0.374872028827667,0.656141221523285,0.599446892738342
-0.601347506046295,0.0037154257297515,1.23775517940521,0.264333933591843,-0.376577705144882,0.656821072101593,0.59741348028183
-0.601752638816833,0.0039815232157707,1.23780846595764,0.263818174600601,-0.376812875270844,0.656628370285034,0.597705066204071
-0.602164804935455,0.0043326020240783,1.23788297176361,0.262534707784653,-0.376087725162506,0.655396163463593,0.600074768066406
-0.602717757225037,0.0047420561313629,1.23790717124939,0.261156767606735,-0.375893443822861,0.655249238014221,0.600957334041595
-0.603169560432434,0.0051481872797012,1.23800241947174,0.260590076446533,-0.375946998596191,0.655015051364899,0.601425111293793
-0.603657066822052,0.0055179446935653,1.23813104629517,0.259844958782196,-0.376385897397995,0.654296338558197,0.602254509925842
-0.604193449020386,0.005875676870346,1.23811733722687,0.260103076696396,-0.378375828266144,0.65455424785614,0.600613832473755
-0.604717075824738,0.0061963498592376,1.23819434642792,0.259646892547607,-0.378610998392105,0.654149770736694,0.601103484630585
-0.605302155017853,0.006408579647541,1.23822677135468,0.258778691291809,-0.379215687513351,0.653273701667786,0.602048635482788
-0.605782866477966,0.0068042576313018,1.23820400238037,0.257907658815384,-0.379377633333206,0.652734696865082,0.602904498577118
-0.606007695198059,0.0071842595934867,1.23736202716827,0.256189107894897,-0.37680196762085,0.65131801366806,0.606772184371948
-0.606845855712891,0.0075074881315231,1.2382185459137,0.255072504281998,-0.37854129076004,0.650146961212158,0.607415556907654
-0.607394993305206,0.0078332051634788,1.23827946186066,0.255526840686798,-0.380335450172424,0.650097846984863,0.606154799461365
-0.607970654964447,0.0081783905625343,1.23825013637543,0.254334449768066,-0.380803525447845,0.649189889431,0.607334554195404
-0.608477652072906,0.0085430666804313,1.23835670948029,0.253643214702606,-0.381130456924438,0.648010551929474,0.608676612377167
-0.608962416648865,0.0089585781097412,1.23835265636444,0.252658188343048,-0.381314128637314,0.647020995616913,0.61002242565155
-0.609532237052917,0.0093128383159637,1.23835122585297,0.250420540571213,-0.380390107631683,0.645122468471527,0.613522589206696
-0.610001921653748,0.0096855014562606,1.23838007450104,0.249835655093193,-0.380434721708298,0.644344210624695,0.614550232887268
-0.610452830791473,0.0100268721580505,1.23842108249664,0.249225690960884,-0.380690336227417,0.64301609992981,0.616029143333435
-0.610915899276733,0.0104438066482543,1.23840022087097,0.248165249824524,-0.380977243185043,0.641999840736389,0.617338359355927
-0.611369132995605,0.0108242854475975,1.23843801021576,0.247596010565758,-0.381142258644104,0.641007959842682,0.618494689464569
-0.611992180347443,0.0109150037169456,1.23799216747284,0.246890917420387,-0.382111042737961,0.640065968036652,0.619154095649719
-0.612603902816772,0.0113440230488777,1.238112449646,0.245442360639572,-0.382028788328171,0.639086127281189,0.620790600776672
-0.612888097763062,0.0117128789424896,1.237961769104,0.244861662387848,-0.381787747144699,0.638274788856506,0.622002005577087
-0.613382995128632,0.012177437543869,1.23812067508698,0.244077250361443,-0.382169634103775,0.637209296226501,0.623167037963867
-0.613878071308136,0.0125741735100746,1.23823714256287,0.243349924683571,-0.38257685303688,0.636425018310547,0.62400233745575
-0.613829433917999,0.0130207613110542,1.23865211009979,0.243339285254478,-0.382612228393555,0.634859919548035,0.62557715177536
-0.614146590232849,0.0133442804217338,1.23870778083801,0.242694795131683,-0.382870852947235,0.633786082267761,0.626757264137268
-0.61446613073349,0.0137260779738426,1.2387238740921,0.242187902331352,-0.382859230041504,0.632942795753479,0.627811431884766
-0.614903151988983,0.0140921175479888,1.2387216091156,0.241389960050583,-0.383028119802475,0.632204115390778,0.628759384155273
-0.615183532238007,0.0143475234508514,1.23880207538605,0.241013437509537,-0.383340448141098,0.63115394115448,0.629767775535583
-0.615832269191742,0.0144984722137451,1.23857653141022,-0.240046709775925,0.383985638618469,-0.630171179771423,-0.630727350711823
-0.615996479988098,0.0148420184850692,1.23848140239716,-0.239692464470863,0.383804827928543,-0.629438281059265,-0.63170313835144
-0.616510450839996,0.0152787417173385,1.23864352703094,-0.239026144146919,0.384333372116089,-0.628595590591431,-0.632473111152649
-0.61671108007431,0.0156233459711074,1.23852789402008,-0.239164441823959,0.383845686912537,-0.628126621246338,-0.633182466030121
-0.616688191890717,0.0160912573337554,1.23914647102356,-0.238764971494675,0.384262293577194,-0.626667737960815,-0.634524524211884
-0.616742789745331,0.0164064392447471,1.23842036724091,-0.23848083615303,0.383253782987595,-0.625966787338257,-0.635931849479675
-0.617394208908081,0.0168361663818359,1.23921847343445,-0.237410038709641,0.384808361530304,-0.624899864196777,-0.636442601680756
-0.61765843629837,0.0171795338392257,1.23926508426666,-0.236794412136078,0.38487046957016,-0.623882591724396,-0.637631416320801
-0.617952346801758,0.0175156444311141,1.23938000202179,-0.236564412713051,0.384991943836212,-0.623090863227844,-0.63841712474823
-0.618427872657776,0.0176252648234367,1.23885416984558,-0.23564787209034,0.385239124298096,-0.622322499752045,-0.639355659484863
-0.618692755699158,0.0179671496152877,1.23885643482208,-0.235129594802856,0.385322690010071,-0.621405899524689,-0.640386939048767
-0.619273245334625,0.0179345458745956,1.23942947387695,-0.235623344779015,0.386110365390778,-0.62080317735672,-0.640315473079681
-0.619191467761993,0.0183571651577949,1.23967003822327,-0.235808029770851,0.385787755250931,-0.619831144809723,-0.641382694244385
-0.619431793689728,0.0186979249119758,1.23970317840576,-0.235277995467186,0.385885894298553,-0.618786931037903,-0.642525613307953
-0.619487702846527,0.019575797021389,1.23949635028839,-0.233414426445961,0.385686546564102,-0.617798388004303,-0.64427375793457
-0.619714915752411,0.0199432000517845,1.23950397968292,-0.232967227697372,0.385757386684418,-0.616885125637054,-0.6452676653862
-0.620350539684296,0.0202034935355186,1.23941087722778,-0.231537356972694,0.386260539293289,-0.616242229938507,-0.646095037460327
-0.6205073595047,0.0205713137984275,1.23943674564362,-0.230995282530785,0.386183142662048,-0.61553567647934,-0.64700835943222
-0.6205073595047,0.0205713137984275,1.23943674564362,-0.230995282530785,0.386183142662048,-0.61553567647934,-0.64700835943222
-0.620889782905579,0.0211781561374664,1.23948311805725,-0.230223014950752,0.386345684528351,-0.613879919052124,-0.648757100105286
-0.621062219142914,0.021427683532238,1.2393079996109,-0.229852825403214,0.386230796575546,-0.613464772701263,-0.649349331855774
-0.62095320224762,0.0219093933701515,1.23967695236206,-0.230176761746406,0.38594377040863,-0.61275976896286,-0.650070488452911
-0.621207475662231,0.0223041102290153,1.23964333534241,-0.229636669158935,0.385942161083221,-0.61224502325058,-0.650747060775757
-0.621342599391937,0.0225657075643539,1.23968327045441,-0.229501411318779,0.38603138923645,-0.611776351928711,-0.651182532310486
-0.62148904800415,0.0228197276592254,1.23971784114838,-0.229018941521645,0.385898411273956,-0.611456394195557,-0.651731610298157
-0.621602237224579,0.0230678021907806,1.23979914188385,-0.228746324777603,0.385898619890213,-0.610939204692841,-0.65231192111969
-0.621793746948242,0.0233519598841667,1.23977839946747,-0.228719800710678,0.38593065738678,-0.61049211025238,-0.652720868587494
-0.621969938278198,0.0236165672540664,1.23977518081665,-0.228670209646225,0.386063873767853,-0.610169947147369,-0.652960419654846
-0.622122764587402,0.0238189324736595,1.23978495597839,-0.228448778390884,0.385891765356064,-0.610079884529114,-0.653223693370819
-0.622265815734863,0.0241105481982231,1.23974072933197,-0.228136911988258,0.385921269655228,-0.609896302223206,-0.653486728668213
-0.622561812400818,0.0243154242634773,1.23962390422821,-0.227591216564178,0.386242896318436,-0.609690725803375,-0.653678596019745
-0.622679591178894,0.024442471563816,1.23968708515167,-0.227753803133965,0.386405616998672,-0.609508693218231,-0.65369576215744
-0.622823357582092,0.0246761292219162,1.23965239524841,-0.227529764175415,0.386503547430038,-0.609343230724335,-0.653870165348053
-0.623235583305359,0.0246731713414192,1.23942422866821,-0.226522520184517,0.387366324663162,-0.608820080757141,-0.654196381568909
-0.623050391674042,0.0250269398093223,1.23975908756256,-0.227024212479591,0.38724735379219,-0.608443140983582,-0.654443621635437
-0.623181164264679,0.0252028703689575,1.23974561691284,-0.22690349817276,0.387526094913483,-0.608178734779358,-0.65456634759903
-0.623650908470154,0.0252752304077148,1.23937773704529,-0.226049080491066,0.388285279273987,-0.607980251312256,-0.654596447944641
-0.623429596424103,0.0256348028779029,1.23968148231506,-0.226606637239456,0.388087034225464,-0.607627689838409,-0.654848456382751
-0.623547971248627,0.025834709405899,1.23965501785278,-0.226590484380722,0.388229370117188,-0.607504069805145,-0.654884338378906
-0.623795092105865,0.0259998068213462,1.23957455158234,-0.226380467414856,0.388481438159943,-0.607490003108978,-0.654820740222931
-0.623873293399811,0.0261005982756614,1.23959112167358,-0.226458385586739,0.388662934303284,-0.607254862785339,-0.654904186725616
-0.623955488204956,0.0263090655207633,1.23954200744629,-0.226367592811584,0.388697445392609,-0.607134997844696,-0.655026137828827
-0.624326527118683,0.0262353643774986,1.23922967910767,-0.225783661007881,0.389228284358978,-0.607034921646118,-0.655005156993866
-0.624379336833954,0.0264605656266212,1.23917889595032,-0.225649371743202,0.389167755842209,-0.606988370418549,-0.655130565166473
-0.624420642852783,0.0265259221196174,1.23917925357819,-0.225709795951843,0.389282822608948,-0.606663465499878,-0.655342161655426
-0.62445604801178,0.0266434624791145,1.23914861679077,-0.225597023963928,0.389267563819885,-0.606606364250183,-0.655443131923676
-0.624463021755219,0.0268624499440193,1.23908984661102,-0.225376412272453,0.38927635550499,-0.606527984142303,-0.655586302280426
-0.624484539031982,0.0269910842180252,1.23905074596405,-0.225421458482742,0.38934513926506,-0.606446027755737,-0.655605733394623
-0.624500453472137,0.0271002575755119,1.23902297019958,-0.225497648119926,0.389498502016068,-0.606425344944,-0.655507624149323
-0.624490976333618,0.0272389128804206,1.23899936676025,-0.225489720702171,0.389709740877151,-0.606362700462341,-0.655442714691162
-0.624516487121582,0.0273301005363464,1.23895609378815,-0.225499361753464,0.389881074428558,-0.60636430978775,-0.655336022377014
-0.624545514583588,0.027509793639183,1.2388379573822,-0.225687831640244,0.389729380607605,-0.606697857379913,-0.655052483081818
-0.624554932117462,0.0275917574763298,1.23879110813141,-0.225794434547424,0.389859735965729,-0.606828987598419,-0.654816687107086
-0.624532639980316,0.0276773422956466,1.23872625827789,-0.225773617625237,0.39005920290947,-0.607011795043945,-0.654535531997681
-0.624526262283325,0.0277545452117919,1.23867762088776,-0.225788131356239,0.390182077884674,-0.607156336307526,-0.654323279857635
-0.624552130699158,0.0278206542134284,1.23862278461456,-0.226048365235329,0.39030709862709,-0.607371985912323,-0.6539586186409
-0.624545276165009,0.0278961956501007,1.23855459690094,-0.226302728056908,0.390648782253265,-0.607430040836334,-0.653612613677979
-0.624521553516388,0.0279040187597274,1.2385413646698,-0.226418077945709,0.391053169965744,-0.607376158237457,-0.653380990028381
-0.624518156051636,0.0279847308993339,1.23848080635071,-0.226538971066475,0.391184896230698,-0.607523083686829,-0.653123438358307
-0.624518811702728,0.0281177461147308,1.23830592632294,-0.226632282137871,0.391065627336502,-0.607870876789093,-0.652838885784149
-0.624160289764404,0.0283123403787612,1.23859894275665,-0.227300226688385,0.39096873998642,-0.607725620269775,-0.652799963951111
-0.624163210391998,0.0283753648400306,1.23854732513428,-0.227395191788673,0.391111314296722,-0.607867538928986,-0.65254932641983
-0.624160170555115,0.0284005105495452,1.23851895332336,-0.227770507335663,0.391408205032349,-0.607904851436615,-0.652205407619476
-0.624148607254028,0.0284690409898757,1.23846769332886,-0.227666422724724,0.391454935073852,-0.608028888702393,-0.652098119258881
-0.624117434024811,0.0285004451870918,1.23845422267914,-0.227590918540955,0.391775012016296,-0.607891321182251,-0.652060568332672
-0.624068915843964,0.0285759791731834,1.23837780952454,-0.227680251002312,0.391839027404785,-0.607930183410645,-0.651954829692841
-0.624087452888489,0.0286671370267868,1.23829674720764,-0.228002980351448,0.391771465539932,-0.608172595500946,-0.651656210422516
-0.624054789543152,0.0287968963384628,1.23823118209839,-0.228006854653358,0.391823917627335,-0.608197391033173,-0.651600241661072
-0.62400883436203,0.0288227200508117,1.2381831407547,-0.228044673800468,0.392045259475708,-0.608099639415741,-0.651545107364655
-0.624005138874054,0.0288593545556068,1.2381511926651,-0.228083044290543,0.392132580280304,-0.608133137226105,-0.651447892189026
-0.623921990394592,0.0288226827979087,1.23814618587494,-0.227856338024139,0.392503678798675,-0.607801854610443,-0.651612758636475
-0.623900353908539,0.0287381187081336,1.23808765411377,-0.228282377123833,0.392718225717545,-0.607792615890503,-0.651343047618866
-0.62385368347168,0.0287451595067977,1.23804903030396,-0.228377372026443,0.392725914716721,-0.607809007167816,-0.651289820671082
-0.623811960220337,0.0287438035011291,1.23799097537994,-0.228597223758698,0.392967909574509,-0.60775899887085,-0.651113331317902
-0.623739957809448,0.0287276729941368,1.23791670799255,-0.228763192892075,0.393056154251099,-0.607705414295197,-0.651051938533783
-0.623683094978333,0.0287076085805892,1.23784863948822,-0.228946581482887,0.393185645341873,-0.607616722583771,-0.650991857051849
-0.623650074005127,0.0287914723157882,1.23772060871124,-0.229210749268532,0.393078148365021,-0.607825994491577,-0.650768458843231
-0.623604714870453,0.0287494510412216,1.23760581016541,-0.229323700070381,0.393197864294052,-0.607783496379852,-0.650696039199829
-0.623604714870453,0.0287494510412216,1.23760581016541,-0.229323700070381,0.393197864294052,-0.607783496379852,-0.650696039199829
-0.623437106609344,0.0288019925355911,1.23746871948242,-0.229507640004158,0.393346816301346,-0.607832193374634,-0.650495767593384
-0.623355805873871,0.0288231521844863,1.23733425140381,-0.229619666934013,0.39337745308876,-0.607837855815887,-0.650432288646698
-0.623268365859985,0.0287953838706016,1.23726570606232,-0.229864314198494,0.393458276987076,-0.607800006866455,-0.650332450866699
-0.623175144195557,0.0287692993879318,1.23719573020935,-0.230104178190231,0.393517345190048,-0.607822477817535,-0.650190949440002
-0.62308257818222,0.0287833660840988,1.23711574077606,-0.230324730277061,0.393544197082519,-0.607880711555481,-0.650041878223419
-0.623210251331329,0.0286526829004287,1.23668456077576,-0.229735121130943,0.393998861312866,-0.607890844345093,-0.649965643882751
-0.623117089271545,0.0286324173212051,1.23658990859985,-0.229948431253433,0.394056022167206,-0.607973873615265,-0.649777948856354
-0.623040199279785,0.0285496562719345,1.23654198646545,-0.230219408869743,0.394197285175323,-0.608030080795288,-0.649543702602386
-0.622595429420471,0.0286634042859077,1.23686075210571,-0.23119443655014,0.393942922353745,-0.607944846153259,-0.649431467056274
-0.62280136346817,0.0284874364733696,1.23636317253113,-0.230754807591438,0.394276320934296,-0.608126103878021,-0.649215757846832
-0.622733056545258,0.0284547805786132,1.23629450798035,-0.23089799284935,0.394434571266174,-0.6081582903862,-0.64903849363327
-0.622717797756195,0.0283154547214508,1.23622274398804,-0.231318816542625,0.394661247730255,-0.608233869075775,-0.648680031299591
-0.622132897377014,0.0283999890089035,1.23574137687683,-0.232368946075439,0.393542408943176,-0.608321368694305,-0.648902356624603
-0.622058808803558,0.0283583924174308,1.23564827442169,-0.23246031999588,0.393888175487518,-0.60811448097229,-0.648853719234467
-0.622030436992645,0.0282840430736541,1.23558342456818,-0.232592523097992,0.394160330295563,-0.608024954795837,-0.648724913597107
-0.622217893600464,0.0282507091760635,1.2363144159317,-0.23251935839653,0.395589768886566,-0.607565581798553,-0.648311376571655
-0.622195065021515,0.0282825604081153,1.23617649078369,-0.232228010892868,0.395810663700104,-0.6074258685112,-0.648411870002747
-0.622184097766876,0.0281028598546981,1.23609375953674,-0.232434064149857,0.395942836999893,-0.607437968254089,-0.648246049880981
-0.622162759304047,0.0280159413814544,1.2360075712204,-0.232499450445175,0.396194517612457,-0.607245624065399,-0.648248970508575
-0.622138977050781,0.027921050786972,1.23593807220459,-0.232545554637909,0.396458953619003,-0.607020616531372,-0.648281693458557
-0.622131884098053,0.0278003439307212,1.23585474491119,-0.232582986354828,0.396719187498093,-0.606807231903076,-0.64830869436264
-0.622116386890411,0.0276841521263122,1.23577189445496,-0.232554033398628,0.396986603736877,-0.606556355953217,-0.648389995098114
-0.622108280658722,0.0275748074054718,1.23569977283478,-0.232586517930031,0.397250413894653,-0.606324970722198,-0.648433208465576
-0.622105479240417,0.0274528414011001,1.23561644554138,-0.232615560293198,0.397520780563354,-0.606081068515778,-0.648485362529755
-0.62209939956665,0.0273474678397178,1.2355523109436,-0.232609376311302,0.397768706083298,-0.605867087841034,-0.648535370826721
-0.622066676616669,0.027165874838829,1.23553824424744,-0.232505798339844,0.39821919798851,-0.605479538440704,-0.648658096790314
-0.622042298316956,0.0270977914333343,1.23547339439392,-0.232342749834061,0.398491054773331,-0.605247318744659,-0.648765981197357
-0.622081637382507,0.0269476845860481,1.23529541492462,-0.232266917824745,0.398771017789841,-0.605107545852661,-0.648751795291901
-0.622068226337433,0.0268417373299598,1.23522305488586,-0.232307434082031,0.398947805166245,-0.604992032051086,-0.648736357688904
-0.6220423579216,0.0267376005649566,1.23511779308319,-0.232341095805168,0.399132192134857,-0.604883849620819,-0.648711621761322
-0.622025907039642,0.0266284123063087,1.23505866527557,-0.232413813471794,0.399404257535934,-0.604766845703125,-0.64862734079361
-0.62201976776123,0.0265088826417922,1.23499548435211,-0.232560470700264,0.399797320365906,-0.604571461677551,-0.64851450920105
-0.621985197067261,0.0264164879918098,1.23485052585602,-0.232582122087479,0.400086581707001,-0.604543924331665,-0.648354172706604
-0.621981382369995,0.0262965187430381,1.23477721214294,-0.232652515172958,0.40037003159523,-0.604524850845337,-0.648171663284302
-0.62197208404541,0.0262172445654869,1.23467516899109,-0.232744514942169,0.400607407093048,-0.604552209377289,-0.64796656370163
-0.621962070465088,0.0260893404483795,1.23461544513702,-0.232569813728332,0.400706857442856,-0.604839622974396,-0.647699296474457
-0.621958255767822,0.0259600058197975,1.23454797267914,-0.232646405696869,0.401015371084213,-0.604887127876282,-0.647436499595642
-0.621964693069458,0.0258575230836868,1.23447453975677,-0.232670292258263,0.401297688484192,-0.604977309703827,-0.647168695926666
-0.621953666210175,0.0257117748260498,1.23440885543823,-0.232675179839134,0.401681005954742,-0.604945361614227,-0.646958887577057
-0.621953666210175,0.0257117748260498,1.23440885543823,-0.232675179839134,0.401681005954742,-0.604945361614227,-0.646958887577057
-0.62200665473938,0.0254623144865036,1.23417031764984,-0.232621654868126,0.402203321456909,-0.605211496353149,-0.646404504776001
-0.622016727924347,0.0253509506583213,1.23408257961273,-0.232623428106308,0.402521252632141,-0.605280101299286,-0.646141648292542
-0.622343599796295,0.0251072794198989,1.23379552364349,-0.232017785310745,0.403317630290985,-0.605427145957947,-0.645724833011627
-0.622373402118683,0.0250147879123687,1.23369824886322,-0.232032835483551,0.403653532266617,-0.605534076690674,-0.645409345626831
-0.622209906578064,0.0249724388122558,1.23374235630035,-0.232364475727081,0.403730839490891,-0.605496823787689,-0.645276546478271
-0.622311770915985,0.0246111005544662,1.23315000534058,-0.232007592916489,0.404145002365112,-0.605505287647247,-0.64513772726059
-0.62223207950592,0.0246339961886405,1.23358714580536,-0.232192188501358,0.404611855745315,-0.605354189872742,-0.644920468330383
-0.62234491109848,0.0243959501385688,1.23296928405762,-0.231881856918335,0.404773384332657,-0.605588376522064,-0.644710779190063
-0.622237741947174,0.024423711001873,1.23343253135681,-0.232164368033409,0.405137866735458,-0.605384469032288,-0.644571840763092
-0.622259676456451,0.0242832377552986,1.23332357406616,-0.232131779193878,0.40559583902359,-0.605477690696716,-0.644207894802094
-0.622304141521454,0.0241892337799072,1.23321425914764,-0.232043117284775,0.405884891748428,-0.605460703372955,-0.644073665142059
-0.62233304977417,0.0240781083703041,1.23311328887939,-0.231998860836029,0.406253844499588,-0.605387508869171,-0.643925726413727
-0.622357904911041,0.0240215137600898,1.23299217224121,-0.231639951467514,0.406433641910553,-0.605271816253662,-0.644050300121307
-0.622391998767853,0.0239666327834129,1.23285698890686,-0.231631010770798,0.406814426183701,-0.605270504951477,-0.643814444541931
-0.622467577457428,0.0238105207681655,1.23276543617249,-0.231579542160034,0.407217472791672,-0.605181992053986,-0.643661260604858
-0.622276306152344,0.0236220881342887,1.2318514585495,-0.231610327959061,0.406287163496017,-0.605350136756897,-0.644079625606537
-0.622597873210907,0.0235125571489334,1.23255932331085,-0.231310799717903,0.407883405685425,-0.604901671409607,-0.643599629402161
-0.623085498809814,0.023279346525669,1.23208355903625,-0.230588361620903,0.408816784620285,-0.605059027671814,-0.643118619918823
-0.622848510742188,0.0232788324356079,1.23228228092194,-0.231075555086136,0.408755272626877,-0.604769110679626,-0.643255531787872
-0.622945606708527,0.0231403931975364,1.2322154045105,-0.230901584029198,0.409215986728668,-0.604713916778564,-0.64307701587677
-0.623037278652191,0.0228981599211692,1.23216712474823,-0.230631321668625,0.410058081150055,-0.604170978069305,-0.643147826194763
-0.62294727563858,0.0227662995457649,1.23122298717499,-0.230410173535347,0.4092777967453,-0.60443913936615,-0.643472015857697
-0.623130559921265,0.0226301625370979,1.23111796379089,-0.23001965880394,0.409888416528702,-0.604201555252075,-0.643446326255798
-0.623247861862183,0.0226370245218276,1.23097920417786,-0.229735851287842,0.41013839840889,-0.604106962680817,-0.643477141857147
-0.623247861862183,0.0226370245218276,1.23097920417786,-0.229735851287842,0.41013839840889,-0.604106962680817,-0.643477141857147
-0.623457849025726,0.0223802924156188,1.23085701465607,-0.229267373681068,0.411078363656998,-0.603407263755798,-0.643700778484344
-0.623571753501892,0.0222590416669845,1.23079538345337,-0.229006022214889,0.411522924900055,-0.60309886932373,-0.643798887729645
-0.623912036418915,0.0221530124545097,1.23154997825623,-0.228683695197105,0.413095623254776,-0.602430164813995,-0.643532454967499
-0.624019265174866,0.0220036879181861,1.2314954996109,-0.228422999382019,0.413561046123505,-0.602060735225677,-0.643671631813049
-0.623908638954163,0.0218191742897033,1.23061490058899,-0.228271260857582,0.412887275218964,-0.602030396461487,-0.64418625831604
-0.624229729175568,0.0217246413230896,1.23136579990387,-0.22792412340641,0.414346307516098,-0.601422011852264,-0.643940627574921
-0.624106466770172,0.0215693861246109,1.23044228553772,-0.227774634957314,0.413556605577469,-0.601451992988586,-0.644472777843475
-0.624165236949921,0.0214666798710823,1.23038184642792,-0.227598682045937,0.413804709911346,-0.601199448108673,-0.644611358642578
-0.624303340911865,0.0213755071163177,1.23027813434601,-0.227164208889008,0.414159029722214,-0.600984632968903,-0.644737184047699
-0.624590456485748,0.0213368088006973,1.23093843460083,-0.226676046848297,0.415490806102753,-0.600403606891632,-0.64459365606308
-0.624622523784637,0.0212262272834777,1.23086583614349,-0.226485833525658,0.41566875576973,-0.600171566009521,-0.644761919975281
-0.62461394071579,0.0212047845125198,1.23077321052551,-0.226127713918686,0.415842980146408,-0.599898755550385,-0.645029127597809
-0.62460470199585,0.0211351364850997,1.23070299625397,-0.225974977016449,0.415959984064102,-0.599704325199127,-0.64518803358078
-0.624568998813629,0.0210572406649589,1.23062109947205,-0.225849851965904,0.416049510240555,-0.59953784942627,-0.64532870054245
-0.624845921993256,0.020883984863758,1.23026144504547,-0.225126564502716,0.416472375392914,-0.599510431289673,-0.645334124565125
-0.624839663505554,0.0208363085985183,1.23019599914551,-0.225005686283111,0.416589349508286,-0.599425256252289,-0.645379841327667
-0.624505400657654,0.0209142416715621,1.23044276237488,-0.225552633404732,0.416242212057114,-0.599292457103729,-0.645536422729492
-0.624483048915863,0.0208654180169105,1.23039591312408,-0.225438892841339,0.416307240724564,-0.599262177944183,-0.645562171936035
-0.624431669712067,0.0207201465964317,1.23040866851807,-0.225157767534256,0.416702657938003,-0.598934650421143,-0.645709037780762
-0.62444657087326,0.0207234472036361,1.23032188415527,-0.225113287568092,0.416642934083939,-0.599079012870789,-0.645629167556763
-0.624396204948425,0.0206464901566505,1.23032224178314,-0.224893227219582,0.416916161775589,-0.598875164985657,-0.645718634128571
-0.624427378177643,0.0206764936447143,1.23017656803131,-0.224759578704834,0.416835516691208,-0.599050879478455,-0.645654082298279
-0.624395728111267,0.0205638632178306,1.23018407821655,-0.224551126360893,0.417148172855377,-0.598834335803986,-0.645725667476654
-0.624400615692139,0.0206056088209152,1.23010993003845,-0.224566116929054,0.41705647110939,-0.599014937877655,-0.645612239837646
-0.624377965927124,0.0205630362033844,1.2300820350647,-0.224391356110573,0.417121738195419,-0.598955988883972,-0.64568555355072
-0.62436306476593,0.0205525159835815,1.23006916046143,-0.224168285727501,0.417243272066116,-0.598863363265991,-0.645770370960236
-0.624329328536987,0.0205402076244354,1.23004043102264,-0.223897039890289,0.417395025491714,-0.598673760890961,-0.645942270755768
-0.624319016933441,0.0205396190285682,1.23003244400024,-0.223744168877602,0.417455583810806,-0.59859311580658,-0.646030783653259
-0.624302744865417,0.0205375701189041,1.23001480102539,-0.223526686429977,0.417536407709122,-0.598463833332062,-0.646173715591431
-0.624294936656952,0.0205244570970535,1.23000514507294,-0.223377540707588,0.417623043060303,-0.598353266716003,-0.646271526813507
-0.624275922775269,0.0205335989594459,1.22998261451721,-0.223093673586845,0.417703360319138,-0.598197340965271,-0.646462082862854
-0.624260604381561,0.0205249115824699,1.22997331619263,-0.222900196909904,0.417739659547806,-0.598086893558502,-0.646607458591461
-0.624243140220642,0.0205271914601326,1.22996068000793,-0.222682654857635,0.417780488729477,-0.597948253154755,-0.64678418636322
-0.624220490455627,0.0205179080367088,1.22994601726532,-0.222483366727829,0.417764782905579,-0.597830772399902,-0.646971523761749
-0.624175608158112,0.0205424129962921,1.22992050647736,-0.22211392223835,0.417791873216629,-0.597671270370483,-0.647228300571442
-0.624146223068237,0.0205467492341995,1.22989737987518,-0.221879005432129,0.417793095111847,-0.597550392150879,-0.647419810295105
-0.624125063419342,0.0205573290586471,1.22987031936646,-0.221686020493507,0.417748779058456,-0.597493529319763,-0.647566795349121
-0.624067068099976,0.0205222517251968,1.22985196113586,-0.22137413918972,0.417783379554748,-0.597275853157043,-0.647851943969727
-0.624039769172668,0.020547330379486,1.22982394695282,-0.221237048506737,0.417687952518463,-0.597260355949402,-0.64797455072403
-0.623982131481171,0.0205706506967544,1.22980058193207,-0.221012517809868,0.417592078447342,-0.597178399562836,-0.648188591003418
-0.62392395734787,0.0206401720643043,1.22976803779602,-0.220700144767761,0.417473435401917,-0.597101330757141,-0.648442327976227
-0.623836636543274,0.0206036567687988,1.22975707054138,-0.220436885952949,0.417480587959289,-0.596874833106995,-0.648735702037811
-0.623781442642212,0.0205792486667633,1.22975492477417,-0.220187097787857,0.417508363723755,-0.596691846847534,-0.648971080780029
-0.623715698719025,0.0206322818994522,1.22975754737854,-0.219900891184807,0.417376309633255,-0.596620678901672,-0.649218320846558
-0.623956024646759,0.0205081552267074,1.22945666313171,-0.218970283865929,0.417746186256409,-0.596539735794067,-0.649369299411774
-0.623956024646759,0.0205081552267074,1.22945666313171,-0.218970283865929,0.417746186256409,-0.596539735794067,-0.649369299411774
-0.623458802700043,0.0206942036747932,1.22986435890198,-0.219207003712654,0.417162120342255,-0.596139490604401,-0.650032162666321
-0.623392522335052,0.0207139328122138,1.22989571094513,-0.219026669859886,0.417063802480698,-0.596039712429047,-0.650247633457184
-0.623318433761597,0.0206758752465248,1.22997426986694,-0.218750044703483,0.417113721370697,-0.595764398574829,-0.650560736656189
-0.623487412929535,0.0205446034669876,1.2297455072403,-0.21840700507164,0.417977184057236,-0.59553450345993,-0.650332510471344
-0.623431980609894,0.0205260142683982,1.22983109951019,-0.218152150511742,0.418028682470322,-0.595324754714966,-0.650576829910278
-0.623066425323486,0.0206518024206161,1.23023343086243,-0.218140751123428,0.417089074850082,-0.595152914524078,-0.651340425014496
-0.622776925563812,0.0206384807825088,1.22951436042786,-0.217659071087837,0.416119426488876,-0.595135569572449,-0.652137279510498
-0.623120129108429,0.0207196697592735,1.23035252094269,-0.21685791015625,0.417442053556442,-0.59468549489975,-0.6519695520401
-0.622843623161316,0.020743079483509,1.22967076301575,-0.216631904244423,0.416353791952133,-0.594821572303772,-0.652615785598755
-0.622843623161316,0.020743079483509,1.22967076301575,-0.216631904244423,0.416353791952133,-0.594821572303772,-0.652615785598755
-0.622895896434784,0.020815372467041,1.22985339164734,-0.215738773345947,0.416512221097946,-0.594444990158081,-0.653153717517853
-0.622910022735596,0.0208359360694885,1.22994554042816,-0.215285733342171,0.416655391454697,-0.594185531139374,-0.653447866439819
-0.622953534126282,0.0208337232470512,1.23007786273956,-0.214946448802948,0.416825741529465,-0.593866050243378,-0.653741240501404
-0.622957646846771,0.0209229588508605,1.23016941547394,-0.214580774307251,0.416758149862289,-0.593680739402771,-0.654072701931
-0.622964203357697,0.0209385380148887,1.23028671741486,-0.214249670505524,0.416897296905518,-0.593269824981689,-0.654465198516846
-0.622958779335022,0.0210233628749847,1.23036050796509,-0.213723167777061,0.41700690984726,-0.592806398868561,-0.654987394809723
-0.623189389705658,0.0211645364761352,1.23124492168427,-0.213210090994835,0.418066591024399,-0.591939568519592,-0.655262768268585
-0.623198986053467,0.0212472677230834,1.23130643367767,-0.21285243332386,0.417969763278961,-0.591608464717865,-0.655739724636078
-0.623197793960571,0.0213625133037567,1.23133504390717,-0.212451726198196,0.4178706407547,-0.591284036636353,-0.656225323677063
-0.62318080663681,0.0215935930609703,1.23134446144104,-0.211919248104095,0.417623281478882,-0.59099543094635,-0.656814813613892
-0.623210787773132,0.0218194723129272,1.23134350776672,-0.211610749363899,0.417310744524002,-0.590907573699951,-0.657191753387451
-0.623153328895569,0.0217594429850578,1.23141026496887,-0.211177602410316,0.417468130588531,-0.59024703502655,-0.657824397087097
-0.623116493225098,0.0218590721487998,1.23149633407593,-0.210856854915619,0.417347073554993,-0.589909374713898,-0.658306777477264
-0.623121440410614,0.0218764618039131,1.2315434217453,-0.210556998848915,0.417282521724701,-0.58957713842392,-0.658741354942322
-0.623111248016357,0.0219400823116302,1.23161041736603,-0.210253074765205,0.417171448469162,-0.589276373386383,-0.659177660942078
-0.623093843460083,0.0220919176936149,1.23160576820374,-0.209856912493706,0.416930586099625,-0.589110016822815,-0.659604787826538
-0.623064517974854,0.0222075805068016,1.23164653778076,-0.209507897496223,0.416705667972565,-0.588702857494354,-0.660221099853516
-0.623033940792084,0.0223084986209869,1.2316746711731,-0.209084048867226,0.416605472564697,-0.588398694992065,-0.660689651966095
-0.622971296310425,0.0224567055702209,1.23172104358673,-0.208713203668594,0.416387319564819,-0.588090002536774,-0.661219000816345
-0.623097479343414,0.0223025754094123,1.23129773139954,-0.208006590604782,0.416421830654144,-0.587737917900085,-0.661732733249664
-0.623148143291473,0.0225565657019615,1.23172390460968,-0.207385048270225,0.416823834180832,-0.587251782417297,-0.662106394767761
-0.622727990150452,0.0227534025907516,1.23194932937622,-0.207845062017441,0.416171014308929,-0.586838603019714,-0.662738800048828
-0.622636795043945,0.0229019373655319,1.2319769859314,-0.207605868577957,0.41601887345314,-0.586450397968292,-0.663252770900726
-0.622485995292664,0.0229647234082222,1.23200917243958,-0.206994608044624,0.41602686047554,-0.585714995861053,-0.664088129997253
-0.622332155704498,0.0229951292276382,1.23205852508545,-0.206694886088371,0.416106551885605,-0.58501785993576,-0.664745628833771
-0.622503757476807,0.0230252593755722,1.23170363903046,-0.205797493457794,0.416243463754654,-0.584641516208649,-0.665269255638123
-0.62197607755661,0.0232712179422378,1.23204636573792,-0.206365540623665,0.415660798549652,-0.583816170692444,-0.666181802749634
-0.622123539447784,0.0232226997613906,1.23172307014465,-0.205589830875397,0.415891885757446,-0.583331644535065,-0.66670161485672
-0.621619701385498,0.0234015882015228,1.23207426071167,-0.206316024065018,0.415375202894211,-0.582726776599884,-0.667328059673309
-0.621425449848175,0.0234490782022476,1.23211908340454,-0.206370562314987,0.415285110473633,-0.582160294055939,-0.667861461639404
-0.620884418487549,0.0234676003456115,1.23142182826996,-0.206698969006538,0.413957417011261,-0.581856310367584,-0.66884833574295
-0.620677173137665,0.0235317125916481,1.2314213514328,-0.206699669361115,0.413776695728302,-0.581363320350647,-0.669388353824615
-0.62047290802002,0.0235364586114883,1.23143362998962,-0.206840649247169,0.413650184869766,-0.580915510654449,-0.66981166601181
-0.620450854301453,0.0236044079065322,1.23226547241211,-0.206941783428192,0.414481699466705,-0.580249488353729,-0.669843673706055
-0.620193362236023,0.0235837176442146,1.23231208324432,-0.206991508603096,0.414401262998581,-0.579684495925903,-0.670367121696472
-0.6201251745224,0.0234090834856033,1.23181009292603,-0.206854894757271,0.414095878601074,-0.579437971115112,-0.670810997486115
-0.619927048683167,0.0234412252902984,1.23178780078888,-0.207079827785492,0.413715600967407,-0.579233527183533,-0.671152770519257
-0.619744896888733,0.023433543741703,1.23180198669434,-0.207734137773514,0.413208574056625,-0.579194486141205,-0.671296536922455
-0.61945766210556,0.0234535261988639,1.23181474208832,-0.208171471953392,0.412742495536804,-0.578967690467834,-0.671643257141113
