x,y,z,q0,q1,q2,q3
0.483107268810272,0.335721522569656,1.18924164772034,0.516499280929565,0.501217901706696,0.0694110244512558,-0.690790414810181
0.488452851772308,0.337855517864227,1.18981552124023,0.513770937919617,0.504601061344147,0.0734577476978302,-0.689942896366119
0.492875903844833,0.339339196681976,1.19036746025085,0.510343611240387,0.507152199745178,0.0793745145201683,-0.689960718154907
0.497597277164459,0.341481685638428,1.19141018390656,0.511836588382721,0.51279205083847,0.0865284577012062,-0.683798551559448
0.502177536487579,0.343934714794159,1.19204521179199,0.512923061847687,0.515482842922211,0.0946208462119102,-0.679878234863281
0.506045997142792,0.344730377197266,1.19351899623871,0.508985280990601,0.520100593566895,0.102724887430668,-0.678142488002777
0.509761035442352,0.34553998708725,1.19433844089508,0.503189623355865,0.52568107843399,0.107188753783703,-0.677473366260529
0.513594210147858,0.346643805503845,1.195556640625,0.50125652551651,0.529073476791382,0.116126902401447,-0.674787104129791
0.516724824905396,0.347302109003067,1.19590723514557,0.494908273220062,0.535092055797577,0.119804039597511,-0.674084186553955
0.519870519638062,0.347474217414856,1.19661283493042,0.487795382738113,0.540814340114594,0.12803553044796,-0.673188269138336
0.522937178611755,0.348203957080841,1.19721186161041,0.484003961086273,0.546032726764679,0.134261772036552,-0.670493960380554
0.525546729564667,0.348374426364899,1.19768953323364,0.472774535417557,0.549722075462341,0.134422227740288,-0.675441086292267
0.528031885623932,0.348518252372742,1.19813072681427,0.467476665973663,0.555052995681763,0.140602469444275,-0.673507809638977
0.53058397769928,0.348862260580063,1.19867432117462,0.470400899648666,0.56094229221344,0.153957352042198,-0.663599252700806
0.532489240169525,0.348500430583954,1.19872450828552,0.458575814962387,0.565065145492554,0.153950154781341,-0.668362855911255
0.534363389015198,0.348320484161377,1.19869923591614,0.454046934843063,0.570323824882507,0.161416351795197,-0.665219485759735
0.53579568862915,0.347760438919067,1.19859910011292,0.449635833501816,0.575657546520233,0.169768050312996,-0.66153222322464
0.537229180335999,0.347061038017273,1.19854235649109,0.446763545274734,0.580253422260284,0.179330661892891,-0.656923711299896
0.538444936275482,0.346298038959503,1.19812059402466,0.448371112346649,0.585905969142914,0.194736570119858,-0.646339952945709
0.53948837518692,0.345318019390106,1.19760024547577,0.445163786411285,0.589973986148834,0.202376797795296,-0.642497897148132
0.539728701114655,0.343888342380524,1.19664442539215,0.438931256532669,0.595904231071472,0.210352912545204,-0.638740420341492
0.541073858737946,0.342428803443909,1.19553875923157,0.435368776321411,0.598748683929443,0.219774559140205,-0.635337173938751
0.541559934616089,0.340576559305191,1.19422447681427,0.428074479103088,0.603286683559418,0.229784399271011,-0.632452785968781
0.541739344596863,0.338460206985474,1.19287574291229,0.422218650579453,0.607218027114868,0.239308074116707,-0.629086256027222
0.541982769966125,0.336582660675049,1.19135212898254,0.418263047933578,0.610468745231628,0.249632358551025,-0.624553978443146
0.542414903640747,0.33457362651825,1.18990182876587,0.4136982858181,0.612923383712769,0.258988827466965,-0.621372282505035
0.542384088039398,0.332551419734955,1.18806481361389,0.409953027963638,0.6156125664711,0.269296616315842,-0.616797387599945
0.541786015033722,0.330132484436035,1.18643796443939,-0.404729306697845,-0.618761301040649,-0.279135495424271,0.612708747386932
0.542315304279327,0.327793270349503,1.18470859527588,-0.400831401348114,-0.620110750198364,-0.288929611444473,0.609357476234436
0.542109429836273,0.325092107057571,1.18310570716858,-0.396606743335724,-0.621880352497101,-0.299218744039536,0.605339646339417
0.541925549507141,0.323048323392868,1.18130564689636,-0.39635357260704,-0.621370613574982,-0.312639862298965,0.599215149879456
0.54187935590744,0.320617735385895,1.17936074733734,-0.390611946582794,-0.62368243932724,-0.322720646858215,0.595225930213928
0.541610538959503,0.318081438541412,1.1776739358902,-0.390188038349152,-0.623570621013641,-0.33182966709137,0.59059476852417
0.540787994861603,0.315830290317535,1.17617678642273,-0.376391232013702,-0.634574174880981,-0.333770662546158,0.586721956729889
0.540280282497406,0.313026607036591,1.17425227165222,-0.385425239801407,-0.625512659549713,-0.351715683937073,0.580066740512848
0.539484262466431,0.311065077781677,1.17293703556061,-0.372640669345856,-0.636993706226349,-0.351908594369888,0.575793623924255
0.53893518447876,0.308236837387085,1.17103719711304,-0.382119655609131,-0.62801057100296,-0.367928057909012,0.569399952888489
0.538518905639648,0.306032419204712,1.16966414451599,-0.380898207426071,-0.629419028759003,-0.374439477920532,0.564396560192108
0.53803825378418,0.303979277610779,1.16842198371887,-0.379925847053528,-0.631180226802826,-0.379787713289261,0.559490203857422
0.537482917308807,0.302090853452682,1.16725337505341,-0.378948450088501,-0.633068203926086,-0.384159505367279,0.555017292499542
0.536894738674164,0.300372898578644,1.16615152359009,-0.377745598554611,-0.635469377040863,-0.386801898479462,0.551245272159576
0.537197113037109,0.298595786094666,1.16517949104309,-0.379070073366165,-0.63639223575592,-0.389259457588196,0.547528982162476
0.535845637321472,0.297113925218582,1.16426587104797,-0.377554506063461,-0.639158189296722,-0.390957772731781,0.544133603572845
0.535618185997009,0.295863509178162,1.16366469860077,-0.375491887331009,-0.64203268289566,-0.389293670654297,0.54336941242218
0.536979734897614,0.294937789440155,1.1630791425705,-0.374528169631958,-0.646574854850769,-0.380939245223999,0.544568538665771
0.536581039428711,0.293787539005279,1.16254031658173,-0.373257160186768,-0.650385141372681,-0.376943647861481,0.543683588504791
0.536220073699951,0.293038070201874,1.16198682785034,-0.374981135129929,-0.65257853269577,-0.37482875585556,0.54132604598999
0.535874724388123,0.292299270629883,1.1618617773056,-0.363056480884552,-0.664562225341797,-0.363678425550461,0.54248046875
0.534956634044647,0.291260927915573,1.16148018836975,-0.364414870738983,-0.66596257686615,-0.362279742956161,0.540785610675812
0.540090143680573,0.294069111347198,1.16254568099976,0.642126441001892,0.060977891087532,0.763886690139771,0.0207980908453464
0.537429690361023,0.287242889404297,1.15971195697784,0.609468877315521,0.307112634181976,0.708619892597198,-0.179129287600517
0.533525407314301,0.294489622116089,1.16347289085388,0.611149847507477,0.297620624303818,0.708239436149597,-0.190564274787903
0.536352515220642,0.290390133857727,1.16138458251953,0.570042431354523,0.328151911497116,0.733520209789276,-0.171219825744629
0.536743640899658,0.28960371017456,1.16148674488068,0.5697420835495,0.332910716533661,0.732229769229889,-0.168535158038139
0.536961495876312,0.288848757743835,1.16079008579254,0.570788562297821,0.336591362953186,0.730026304721832,-0.167238026857376
0.537315309047699,0.288153529167175,1.16035938262939,0.5733922123909,0.33791384100914,0.727583110332489,-0.166309013962746
0.537527620792389,0.287173569202423,1.16018164157867,0.572974503040314,0.343043029308319,0.725949168205261,-0.164375975728035
0.53781270980835,0.286170333623886,1.15974736213684,0.575837075710297,0.343619972467422,0.723429501056671,-0.164276212453842
0.537986874580383,0.285303235054016,1.15932583808899,0.577353119850159,0.34592878818512,0.721333622932434,-0.163323402404785
0.538103401660919,0.284448623657227,1.15891408920288,0.579083859920502,0.347796946763992,0.719200074672699,-0.162636339664459
0.538162231445312,0.283627331256866,1.15849149227142,0.580660462379456,0.349268168210983,0.717324435710907,-0.162144720554352
0.538132786750793,0.282953858375549,1.15813839435577,0.580409646034241,0.352767378091812,0.716168880462646,-0.160568073391914
0.536925375461578,0.281967908143997,1.15758430957794,0.597759902477264,0.228836312890053,0.766480505466461,-0.0531504340469837
0.536631882190704,0.28081950545311,1.15697383880615,0.571401178836823,0.386466234922409,0.700584173202515,-0.182555511593819
0.536612033843994,0.280453592538834,1.15671038627625,0.573771119117737,0.385940074920654,0.698755264282227,-0.183243155479431
0.536291122436523,0.279886484146118,1.15655374526978,0.574885606765747,0.384430348873138,0.698463916778564,-0.184032559394836
0.535973012447357,0.279603332281113,1.15654075145721,0.575827360153198,0.383314907550812,0.697967827320099,-0.185292825102806
0.535640299320221,0.27959880232811,1.15650153160095,0.576796412467957,0.381913900375366,0.697699189186096,-0.186181649565697
0.535198390483856,0.279750227928162,1.15645956993103,0.577382564544678,0.380768090486526,0.697629272937775,-0.186971738934517
0.536218523979187,0.280226409435272,1.15653848648071,0.58007287979126,0.378369897603989,0.696550965309143,-0.187532424926758
0.535678565502167,0.280641317367554,1.15667653083801,0.580593824386597,0.377494543790817,0.696345031261444,-0.188446998596191
0.533739387989044,0.281057208776474,1.15685665607452,0.578920543193817,0.377750128507614,0.697336554527283,-0.1894141882658
0.532982051372528,0.281514346599579,1.1570520401001,0.578779399394989,0.377200722694397,0.697496891021729,-0.190347403287887
0.533800363540649,0.282315373420715,1.15737521648407,0.580925643444061,0.375444114208221,0.696577787399292,-0.190647840499878
0.532990634441376,0.282882928848267,1.15770101547241,0.579671323299408,0.374982208013534,0.697717070579529,-0.191207692027092
0.533233821392059,0.283801436424255,1.15788948535919,0.601976871490479,0.266300827264786,0.74682492017746,-0.0946593061089515
0.532458603382111,0.283540815114975,1.15789580345154,0.569584131240845,0.405433505773544,0.681601703166962,-0.215908974409103
0.525008738040924,0.272655785083771,1.15406799316406,0.58137458562851,0.448662728071213,0.623778283596039,-0.267593145370483
0.527769386768341,0.289651274681091,1.16125392913818,0.567454278469086,0.431729286909103,0.640607595443726,-0.285004377365112
0.52748841047287,0.290477871894836,1.16157591342926,0.567595899105072,0.430602461099625,0.641028344631195,-0.285480588674545
0.526917815208435,0.290784180164337,1.16196203231812,0.566624402999878,0.430855602025986,0.640895247459412,-0.287321269512177
0.526513040065765,0.291164577007294,1.16228461265564,0.566212296485901,0.430676102638245,0.640937268733978,-0.28830760717392
0.52603942155838,0.291377007961273,1.16260159015656,0.565861403942108,0.430664330720901,0.640860617160797,-0.289183169603348
0.525835931301117,0.291937649250031,1.16280543804169,0.566264688968658,0.429789423942566,0.64112663269043,-0.289105385541916
0.525031864643097,0.292329877614975,1.16320753097534,0.566148161888123,0.429488986730576,0.640787422657013,-0.29052871465683
0.525269269943237,0.29265221953392,1.16339600086212,0.565999150276184,0.428996413946152,0.641371309757233,-0.290258318185806
0.525269269943237,0.29265221953392,1.16339600086212,0.565999150276184,0.428996413946152,0.641371309757233,-0.290258318185806
0.524681389331818,0.292972177267075,1.16356348991394,0.565407633781433,0.429057091474533,0.641011834144592,-0.292109817266464
0.524358749389648,0.29303103685379,1.16383063793182,0.564830899238586,0.429822504520416,0.641060650348663,-0.291993409395218
0.524024724960327,0.293151199817657,1.16367840766907,0.565014660358429,0.429749816656113,0.640635848045349,-0.292675822973251
0.522892236709595,0.293104201555252,1.1639050245285,0.565735518932343,0.429407835006714,0.640101373195648,-0.292954683303833
0.523185968399048,0.292973279953003,1.1641571521759,0.564061045646667,0.43047884106636,0.640600979328156,-0.293519020080566
0.52274215221405,0.293029963970184,1.1640727519989,0.563836693763733,0.43113985657692,0.640270292758942,-0.293701440095901
0.522230744361877,0.292943716049194,1.16405594348907,0.563675940036774,0.431605964899063,0.639856994152069,-0.294225931167602
0.521572589874268,0.29285991191864,1.16403388977051,0.563374102115631,0.432241201400757,0.639336228370667,-0.295002192258835
0.520866632461548,0.292677760124206,1.16397142410278,0.56281316280365,0.433101415634155,0.638928294181824,-0.295694261789322
0.519320249557495,0.292186141014099,1.16396141052246,0.562667012214661,0.434082508087158,0.637418568134308,-0.297784835100174
0.51929247379303,0.292440354824066,1.16375041007996,0.563725829124451,0.433061957359314,0.637811243534088,-0.296424448490143
0.518548250198364,0.292031198740005,1.16376960277557,0.562164664268494,0.435005873441696,0.636988699436188,-0.298305422067642
0.517871022224426,0.291873633861542,1.16366481781006,0.561905801296234,0.435665220022201,0.636443793773651,-0.298993170261383
0.517211139202118,0.291722893714905,1.16350078582764,0.561742842197418,0.436694443225861,0.63571298122406,-0.299352616071701
0.515993237495422,0.291629791259766,1.16346263885498,0.562161564826965,0.436798304319382,0.634733915328979,-0.300490409135818
0.515266954898834,0.291319221258163,1.16341066360474,0.561405956745148,0.43799102306366,0.634033739566803,-0.301642954349518
0.515042901039124,0.291172116994858,1.1631110906601,0.561273217201233,0.438989967107773,0.633712470531464,-0.301112711429596
0.514422357082367,0.290997385978699,1.16298305988312,0.560679256916046,0.440035313367844,0.633175313472748,-0.301822274923325
0.513781726360321,0.29078084230423,1.16286063194275,0.560280501842499,0.441012322902679,0.632588982582092,-0.302365839481354
0.513201415538788,0.290501058101654,1.16315102577209,0.560763776302338,0.441237926483154,0.631751358509064,-0.30289164185524
0.513201415538788,0.290501058101654,1.16315102577209,0.560763776302338,0.441237926483154,0.631751358509064,-0.30289164185524
0.51191121339798,0.29020231962204,1.1626513004303,0.559472978115082,0.442820072174072,0.631231069564819,-0.304051846265793
0.511279463768005,0.290122628211975,1.16244721412659,0.558907330036163,0.443942725658417,0.630782961845398,-0.304385006427765
0.510726511478424,0.290049910545349,1.16237127780914,0.558720707893372,0.444511950016022,0.630380630493164,-0.304730534553528
0.510156095027924,0.289905935525894,1.16239249706268,0.558296144008636,0.444937914609909,0.630067765712738,-0.305533289909363
0.509641110897064,0.290007531642914,1.16222393512726,0.55759197473526,0.446126520633698,0.629622519016266,-0.306003093719482
0.509045243263245,0.289956003427505,1.16229653358459,0.557087063789368,0.446411699056625,0.629422426223755,-0.306916803121567
0.508476734161377,0.29011669754982,1.16232633590698,0.556685626506805,0.447010904550552,0.629158556461334,-0.307314038276672
0.507744193077087,0.290110141038895,1.16238236427307,0.556348860263824,0.44716015458107,0.628795087337494,-0.30844846367836
0.507220149040222,0.290255546569824,1.1623432636261,0.555638670921326,0.447906225919724,0.628489911556244,-0.309266865253448
0.508635103702545,0.284896999597549,1.15965175628662,-0.377132296562195,-0.663611054420471,-0.30285170674324,0.570677220821381
0.508140802383423,0.285365343093872,1.1596794128418,-0.376651912927628,-0.663658142089844,-0.303754150867462,0.570460021495819
0.507672190666199,0.285800397396088,1.15987157821655,-0.377347499132156,-0.663698434829712,-0.302403807640076,0.57067084312439
0.507156312465668,0.285703897476196,1.16024303436279,-0.374894499778748,-0.664350748062134,-0.302242159843445,0.571613490581512
0.506711661815643,0.286049127578735,1.16024219989777,-0.375359654426575,-0.664523720741272,-0.301056385040283,0.571732878684998
0.506460607051849,0.286438226699829,1.16031837463379,-0.374778807163239,-0.664666354656219,-0.301443874835968,0.571743845939636
0.506085515022278,0.286611378192902,1.16051840782166,-0.374085873365402,-0.66473650932312,-0.301024496555328,0.572336792945862
0.505715429782867,0.286843597888946,1.16071128845215,-0.374103218317032,-0.664730370044708,-0.301029235124588,0.572330057621002
0.505377411842346,0.287087291479111,1.16078841686249,-0.374648481607437,-0.664721727371216,-0.299942225217819,0.572554051876068
0.505112409591675,0.287416696548462,1.16082680225372,-0.373884946107864,-0.6648850440979,-0.300275146961212,0.572689116001129
0.507369339466095,0.291867911815643,1.16245222091675,-0.397137939929962,0.52673077583313,-0.51559978723526,-0.546802461147308
0.502662420272827,0.293514311313629,1.16386365890503,-0.403653234243393,0.523793518543243,-0.511256158351898,-0.548927485942841
0.502359807491302,0.293752729892731,1.16390836238861,-0.403973817825317,0.523872852325439,-0.51128762960434,-0.54858672618866
0.502084791660309,0.293990969657898,1.16387486457825,-0.404112845659256,0.523922741413116,-0.511392712593079,-0.54833847284317
0.502084791660309,0.293990969657898,1.16387486457825,-0.404112845659256,0.523922741413116,-0.511392712593079,-0.54833847284317
0.501549959182739,0.294424414634705,1.16373002529144,-0.404205322265625,0.523845136165619,-0.511876285076141,-0.547893345355988
0.503317356109619,0.289112150669098,1.16089117527008,-0.374098628759384,-0.66493433713913,-0.296868294477463,0.574266374111176
0.503317356109619,0.289112150669098,1.16089117527008,-0.374098628759384,-0.66493433713913,-0.296868294477463,0.574266374111176
0.503047108650208,0.289701759815216,1.16093015670776,-0.374398767948151,-0.664663970470428,-0.295529931783676,0.575073540210724
0.502917766571045,0.290253937244415,1.16085767745972,-0.37403929233551,-0.664625108242035,-0.295067936182022,0.575589239597321
0.50274384021759,0.290521681308746,1.16090905666351,-0.374204874038696,-0.664799332618713,-0.292742878198624,0.576467096805573
0.50263923406601,0.29081267118454,1.1612628698349,-0.373674154281616,-0.664544403553009,-0.292317628860474,0.577320456504822
0.502385854721069,0.291475206613541,1.16093504428864,-0.373671591281891,-0.664621412754059,-0.290495723485947,0.578152596950531
0.50460147857666,0.296511232852936,1.16268718242645,-0.393373429775238,0.526203870773315,-0.507823824882507,-0.557209372520447
0.500500857830048,0.298542261123657,1.16382396221161,-0.399247199296951,0.524029791355133,-0.503904521465302,-0.558636486530304
0.500292479991913,0.299259901046753,1.16394424438477,-0.399969696998596,0.524521112442017,-0.503430485725403,-0.558085918426514
0.500269055366516,0.300221443176269,1.16412889957428,-0.400437384843826,0.525556087493896,-0.502533972263336,-0.557584702968597
0.500175833702087,0.300991296768188,1.16433656215668,-0.401142418384552,0.526296198368073,-0.501853168010712,-0.556992530822754
0.500114381313324,0.301781237125397,1.1645450592041,-0.4017593562603,0.527068436145782,-0.501258850097656,-0.556352853775024
0.50004655122757,0.302816450595856,1.16487348079681,-0.402502328157425,0.527970016002655,-0.50033164024353,-0.555794835090637
0.501404285430908,0.29804790019989,1.16215908527374,-0.36901468038559,-0.667603969573975,-0.265724956989288,0.589511156082153
0.501171112060547,0.298971831798553,1.16250121593475,-0.367610692977905,-0.668365478515625,-0.262376248836517,0.591023325920105
0.501232862472534,0.300154626369476,1.16294884681702,-0.367068409919739,-0.668444752693176,-0.259104311466217,0.592711806297302
0.501137137413025,0.301112592220306,1.16335356235504,-0.365711182355881,-0.667551040649414,-0.257141351699829,0.595406830310822
0.501137137413025,0.301112592220306,1.16335356235504,-0.365711182355881,-0.667551040649414,-0.257141351699829,0.595406830310822
0.500955760478973,0.303499579429626,1.16446495056152,-0.367804676294327,-0.665845334529877,-0.254897475242615,0.596990048885345
0.503077268600464,0.309514045715332,1.16717803478241,0.690319955348969,0.0237217489629983,0.716440796852112,0.0980216488242149
0.499668002128601,0.311943531036377,1.16890573501587,0.694938123226166,0.0216053370386362,0.712509274482727,0.0944718345999717
0.50067538022995,0.306893348693848,1.16615653038025,-0.370948255062103,-0.663141965866089,-0.250019818544388,0.600108683109283
0.500519752502441,0.307989716529846,1.16668999195099,-0.371104061603546,-0.662428200244904,-0.248871386051178,0.601276814937592
0.500224649906158,0.308980792760849,1.16728413105011,-0.370366603136063,-0.661176443099976,-0.24855163693428,0.60323828458786
0.500114619731903,0.310114294290543,1.16783702373505,-0.373193919658661,-0.659359514713287,-0.249216854572296,0.603209972381592
0.500106871128082,0.311036020517349,1.16842997074127,-0.373208969831467,-0.657650768756866,-0.249821558594704,0.604813814163208
0.499951183795929,0.31215238571167,1.16893577575684,-0.373625844717026,-0.656109213829041,-0.248960986733437,0.606582880020142
0.499710112810135,0.313024580478668,1.16937530040741,-0.380899459123611,-0.650646328926086,-0.252248138189316,0.606585562229156
0.499505788087845,0.314308673143387,1.16995978355408,-0.382170587778091,-0.649115681648254,-0.251888632774353,0.607574462890625
0.499410301446915,0.315488368272781,1.17057502269745,-0.379199028015137,-0.65085232257843,-0.250357776880264,0.608210921287537
0.499163895845413,0.316129386425018,1.1709611415863,-0.381561160087585,-0.646282613277435,-0.251690924167633,0.611049592494965
0.498994290828705,0.317276388406753,1.1716068983078,-0.378838717937469,-0.647789239883423,-0.250000417232513,0.61184149980545
0.498698145151138,0.318113267421722,1.17202603816986,-0.384475141763687,-0.642866790294647,-0.252912849187851,0.612320482730865
0.498698145151138,0.318113267421722,1.17202603816986,-0.384475141763687,-0.642866790294647,-0.252912849187851,0.612320482730865
0.498017430305481,0.320248782634735,1.1730329990387,-0.382369697093964,-0.642600178718567,-0.249734744429588,0.615216434001923
0.497918307781219,0.321091949939728,1.1733078956604,-0.386746376752853,-0.637925207614899,-0.250752449035644,0.616929411888123
0.497780233621597,0.322221577167511,1.17375040054321,-0.387327551841736,-0.6362624168396,-0.249537572264671,0.618771731853485
0.497616350650787,0.323378682136536,1.17418527603149,-0.388372957706451,-0.634161412715912,-0.247872844338417,0.620938658714294
0.497616350650787,0.323378682136536,1.17418527603149,-0.388372957706451,-0.634161412715912,-0.247872844338417,0.620938658714294
0.497686624526977,0.326055467128754,1.17486321926117,-0.389937847852707,-0.630079090595245,-0.241831555962563,0.626471340656281
0.497873365879059,0.32753124833107,1.17529654502869,0.385401964187622,0.630620658397675,0.235590592026711,-0.631094217300415
0.498112261295319,0.328833937644958,1.17562711238861,0.385158866643906,0.62872040271759,0.229664623737335,-0.635309040546417
0.498418003320694,0.330507040023804,1.17617058753967,0.385715872049332,0.626213908195496,0.223483026027679,-0.639636516571045
0.498985320329666,0.33320352435112,1.17652428150177,0.389031857252121,0.622951328754425,0.217028394341469,-0.643027722835541
0.499427676200867,0.335127204656601,1.1781017780304,0.378109723329544,0.628455340862274,0.204536437988281,-0.648260533809662
0.499659389257431,0.336370766162872,1.17852032184601,0.383909732103348,0.61581963300705,0.196168199181557,-0.659467756748199
0.499988049268722,0.338739514350891,1.17952585220337,0.372348845005035,0.621481597423553,0.181043386459351,-0.665086805820465
0.499812513589859,0.340291321277618,1.18012452125549,0.384671628475189,0.609118700027466,0.181041538715362,-0.669497072696686
0.500101149082184,0.342289835214615,1.18139338493347,0.389043599367142,0.603872001171112,0.175737202167511,-0.673127114772797
0.500229358673096,0.344221353530884,1.18237280845642,0.388978511095047,0.599939525127411,0.169746741652489,-0.678199350833893
0.500956535339355,0.347576647996902,1.18341851234436,0.384602516889572,0.602748870849609,0.158954188227654,-0.680814504623413
0.501232385635376,0.349313497543335,1.18465912342072,0.387333422899246,0.599428832530975,0.155255123972893,-0.683047413825989
0.501467883586884,0.351091057062149,1.18582332134247,0.390292346477508,0.594701051712036,0.151608794927597,-0.686306953430176
0.501535296440125,0.352856516838074,1.18701612949371,0.394452512264252,0.589176952838898,0.14953850209713,-0.689141511917114
0.500832855701447,0.353426456451416,1.18833339214325,0.405028522014618,0.572781801223755,0.151921629905701,-0.696270704269409
0.502287864685059,0.359001934528351,1.19224607944489,0.398395717144012,0.571446657180786,0.16022016108036,-0.69932758808136
0.500257134437561,0.356440424919128,1.19009029865265,0.411163002252579,0.560458362102509,0.146908670663834,-0.703739583492279
0.499876856803894,0.357685983181,1.19095504283905,0.411740720272064,0.55384773015976,0.143275558948517,-0.709362030029297
0.498809784650803,0.358766198158264,1.1919606924057,0.413302958011627,0.54799747467041,0.141616061329842,-0.71331912279129
0.498621046543121,0.35975444316864,1.19242644309998,0.415269106626511,0.540974199771881,0.140062630176544,-0.717830717563629
0.498621046543121,0.35975444316864,1.19242644309998,0.415269106626511,0.540974199771881,0.140062630176544,-0.717830717563629
0.496330052614212,0.361221790313721,1.19349575042725,0.417198926210403,0.527902364730835,0.137984067201614,-0.726790606975555
0.49514701962471,0.362246692180633,1.19333338737488,0.41792157292366,0.521669268608093,0.135924488306046,-0.731250464916229
0.49351567029953,0.362838506698608,1.19351136684418,0.416973739862442,0.516306161880493,0.13355827331543,-0.736018419265747
0.491643399000168,0.361858189105987,1.19487845897675,0.412316650152206,0.511481404304504,0.132501021027565,-0.742176115512848
0.490072637796402,0.362216711044312,1.19495141506195,0.41177374124527,0.505004346370697,0.131856843829155,-0.74701189994812
0.48822745680809,0.362270176410675,1.19492959976196,0.409769415855408,0.499259918928146,0.130922481417656,-0.752122282981873
0.486380159854889,0.362276077270508,1.19496119022369,0.408049911260605,0.492939531803131,0.130464643239975,-0.757287919521332
0.484351187944412,0.362105369567871,1.19482517242432,0.404220938682556,0.488196104764938,0.129618868231773,-0.762541174888611
0.482083916664123,0.361633896827698,1.19454646110535,0.405844420194626,0.484022855758667,0.132572308182716,-0.763830363750458
0.479782253503799,0.361530810594559,1.19414138793945,0.402445077896118,0.478769212961197,0.131690591573715,-0.769074559211731
0.477392166852951,0.36229133605957,1.19227921962738,0.401535242795944,0.473277181386948,0.129777446389198,-0.773263216018677
0.474232852458954,0.361725181341171,1.19199442863464,0.39730629324913,0.469178825616836,0.13031855225563,-0.777840673923492
0.47196090221405,0.360874563455582,1.19135141372681,0.393843621015549,0.463294625282288,0.13100928068161,-0.782995522022247
0.468856155872345,0.360421895980835,1.19076418876648,0.389297842979431,0.459367364645004,0.13064631819725,-0.7876296043396
0.46671462059021,0.359673410654068,1.19011795520782,0.385292023420334,0.453795701265335,0.131233900785446,-0.792715072631836
0.463272154331207,0.358827888965607,1.18965590000153,0.381123632192612,0.450113296508789,0.131985321640968,-0.796694874763489
0.461162358522415,0.358033537864685,1.18895602226257,0.377878159284592,0.444760710000992,0.132532700896263,-0.801143646240234
0.458291828632355,0.357260942459106,1.18831348419189,0.372763335704803,0.440169870853424,0.13313427567482,-0.805961072444916
0.454788684844971,0.356361269950867,1.18786513805389,0.370951771736145,0.43689039349556,0.134596437215805,-0.808335065841675
0.452406227588654,0.355558812618256,1.18714416027069,0.369199842214584,0.432217240333557,0.136245042085647,-0.811367511749268
0.447803676128387,0.354564070701599,1.18710255622864,0.366222590208054,0.430601686239242,0.138291656970978,-0.813227355480194
0.444408297538757,0.353498756885529,1.18649518489838,0.364196836948395,0.427360564470291,0.140546679496765,-0.815457046031952
0.441563695669174,0.352793633937836,1.18603944778442,0.361436128616333,0.424467504024506,0.141426652669907,-0.818040311336517
0.438242703676224,0.351611375808716,1.18570613861084,0.358613729476929,0.422055572271347,0.142961248755455,-0.820260584354401
0.434997618198395,0.350762784481049,1.18522393703461,0.355842262506485,0.419811338186264,0.144118815660477,-0.822413861751556
0.431794166564941,0.350133806467056,1.18488895893097,0.350957900285721,0.417970478534698,0.144091337919235,-0.825449645519257
0.428163588047028,0.348459005355835,1.18468463420868,0.349279671907425,0.417270570993423,0.146290555596352,-0.826128363609314
0.42425748705864,0.347266495227814,1.18439674377441,0.347170114517212,0.417302250862122,0.148848444223404,-0.826544523239136
0.420556157827377,0.345933198928833,1.18416285514832,0.343013912439346,0.417097687721252,0.14998584985733,-0.828175961971283
0.416616171598434,0.344652146100998,1.18390154838562,0.339089184999466,0.417471706867218,0.150915682315826,-0.829433798789978
0.412720322608948,0.343250691890716,1.18374574184418,0.336153775453568,0.417747169733047,0.153033271431923,-0.830101668834686
0.408769816160202,0.341792464256287,1.18369245529175,0.333549410104752,0.418030232191086,0.154954791069031,-0.830653190612793
0.404580473899841,0.340423971414566,1.18338632583618,0.331835061311722,0.418001115322113,0.157899841666222,-0.830799698829651
0.400662064552307,0.338869869709015,1.18329155445099,0.329881757497787,0.417860329151154,0.16047266125679,-0.831155478954315
0.396693855524063,0.336948275566101,1.18327486515045,0.327142715454102,0.417498022317886,0.163763657212257,-0.831777930259705
0.393420457839966,0.33555793762207,1.18264853954315,0.32578456401825,0.415769189596176,0.166661992669106,-0.832600951194763
0.388791739940643,0.332623720169067,1.1811420917511,0.309847831726074,0.416174948215485,0.164934739470482,-0.83880227804184
0.385215848684311,0.332408517599106,1.18266355991364,0.317390918731689,0.415056884288788,0.169503629207611,-0.835619151592255
0.381206899881363,0.330718666315079,1.18234276771545,0.314839035272598,0.415486395359039,0.172180771827698,-0.835823714733124
0.377616167068481,0.329264551401138,1.18218088150024,0.310716867446899,0.415946513414383,0.173974752426147,-0.836765468120575
0.373879432678223,0.327486485242844,1.18188560009003,0.308195829391479,0.416561901569366,0.176756247878075,-0.836808681488037
0.37040513753891,0.326148986816406,1.18169713020325,0.305798768997192,0.417630732059479,0.17870369553566,-0.83674168586731
0.366972088813782,0.324584424495697,1.18151617050171,0.303518056869507,0.418919444084167,0.18084280192852,-0.83646833896637
0.363698482513428,0.323028326034546,1.18129181861877,0.301836907863617,0.419964611530304,0.183640375733375,-0.83594286441803
0.360232621431351,0.321598827838898,1.18085610866547,0.298873871564865,0.421313226222992,0.185773178935051,-0.835857629776001
0.356961965560913,0.319888085126877,1.18045520782471,0.296477168798447,0.42260667681694,0.188422188162804,-0.8354651927948
0.353975355625153,0.318412125110626,1.1800764799118,0.295687019824982,0.423778742551804,0.191391780972481,-0.834475874900818
0.351071417331696,0.316874444484711,1.17963135242462,0.294249504804611,0.424659907817841,0.194074094295502,-0.833916425704956
0.348086833953857,0.315145015716553,1.17898952960968,0.292047917842865,0.425716787576675,0.197020247578621,-0.833460509777069
0.345488756895065,0.313524723052979,1.17840075492859,0.29237425327301,0.42626765370369,0.200811609625816,-0.832158625125885
0.343060582876205,0.311981022357941,1.17790484428406,0.29243990778923,0.426685810089111,0.204470485448837,-0.831029534339905
0.340630710124969,0.310487926006317,1.17736172676086,0.293348759412766,0.427387297153473,0.208188354969025,-0.82942408323288
0.338260114192963,0.309132158756256,1.1765068769455,0.293405383825302,0.428030371665955,0.211291268467903,-0.828287065029144
0.336282730102539,0.307710528373718,1.17594802379608,0.295714825391769,0.428284406661987,0.215334683656693,-0.826290667057037
0.335301727056503,0.307167768478393,1.17497563362122,0.297065407037735,0.428098499774933,0.216933667659759,-0.825483858585358
0.333206504583359,0.306418508291245,1.17404818534851,0.30009463429451,0.428638398647308,0.220240592956543,-0.823229253292084
0.331890344619751,0.305174171924591,1.17341434955597,0.299906998872757,0.428999394178391,0.222496002912521,-0.822502851486206
0.330497354269028,0.304181218147278,1.17264997959137,0.302140653133392,0.429318964481354,0.22498844563961,-0.820838987827301
0.329337894916534,0.303333699703216,1.1720724105835,0.302184134721756,0.429608374834061,0.22673211991787,-0.820191383361816
0.328342109918594,0.302548855543137,1.17139625549316,0.30313628911972,0.429964154958725,0.228511586785316,-0.819159209728241
0.327506393194199,0.301996827125549,1.17094111442566,0.302992790937424,0.430455803871155,0.229161128401756,-0.818772435188293
0.326820462942123,0.301617443561554,1.17050504684448,0.303663194179535,0.430531859397888,0.230205520987511,-0.818190932273865
0.326172560453415,0.30132469534874,1.17005324363708,0.304932713508606,0.430649608373642,0.231480613350868,-0.817296624183655
0.325706779956818,0.301130503416061,1.16967058181763,0.305085420608521,0.43062436580658,0.232390075922012,-0.816994726657867
0.325116872787476,0.300934612751007,1.16927909851074,0.303999274969101,0.430925458669662,0.232948318123817,-0.817081928253174
0.324669659137726,0.300924211740494,1.16898775100708,0.302699625492096,0.43134617805481,0.233093217015266,-0.817300975322723
0.324280560016632,0.30105659365654,1.16875791549683,0.301252216100693,0.431948006153107,0.233137890696525,-0.817505180835724
0.323871970176697,0.301327466964722,1.16869735717773,0.298554450273514,0.432830989360809,0.232806831598282,-0.818122029304504
0.3235804438591,0.301643431186676,1.16871559619904,0.297244906425476,0.433677107095718,0.232845053076744,-0.818139970302582
0.323390364646912,0.302227675914764,1.16876399517059,0.29603385925293,0.43464532494545,0.232175931334495,-0.818255364894867
0.323216706514359,0.302701503038406,1.1688586473465,0.29373037815094,0.435632675886154,0.23100271821022,-0.818892240524292
0.323292911052704,0.303413391113281,1.16887533664703,0.292423099279404,0.436632513999939,0.229189440608025,-0.819336950778961
0.323386669158935,0.304224044084549,1.16904842853546,0.291606038808823,0.437709778547287,0.22722627222538,-0.819600105285645
0.323386669158935,0.304224044084549,1.16904842853546,0.291606038808823,0.437709778547287,0.22722627222538,-0.819600105285645
0.323702931404114,0.305749356746674,1.16925644874573,0.290609449148178,0.439427614212036,0.223650172352791,-0.820018410682678
0.323836624622345,0.306274771690369,1.16938447952271,0.290253132581711,0.439993679523468,0.222243025898933,-0.820223569869995
0.322939991950989,0.306121706962585,1.16989886760712,0.288022607564926,0.442103445529938,0.221272900700569,-0.820137619972229
0.323185861110687,0.306435227394104,1.16993927955627,0.286804169416428,0.442709535360336,0.219000846147537,-0.820847392082214
0.32344663143158,0.306695252656937,1.17001163959503,0.285104155540466,0.443853616714477,0.216326519846916,-0.82153058052063
0.323636591434479,0.306828439235687,1.16999876499176,0.284421443939209,0.444554477930069,0.214347720146179,-0.821906864643097
0.323884665966034,0.306937098503113,1.16998171806335,0.282428354024887,0.445131897926331,0.211877822875977,-0.822921514511108
0.324242293834686,0.307075679302216,1.1698911190033,0.282093971967697,0.445369869470596,0.209810182452202,-0.823436975479126
0.324491947889328,0.307034879922867,1.16992974281311,0.281529754400253,0.445824414491653,0.20800107717514,-0.823842942714691
0.324711263179779,0.30700147151947,1.1699230670929,0.281952083110809,0.44613042473793,0.206498101353645,-0.82391095161438
0.324877977371216,0.306763529777527,1.16979241371155,0.280187636613846,0.446225345134735,0.205544590950012,-0.824699461460114
0.325044304132461,0.306608766317367,1.16975092887878,0.280112951993942,0.446775138378143,0.203621029853821,-0.824904322624207
0.325090110301971,0.306488931179047,1.16968905925751,0.281510174274445,0.447214752435684,0.201770529150963,-0.824645221233368
0.325295984745026,0.306241899728775,1.16960310935974,0.280303210020065,0.447862952947617,0.199445128440857,-0.825269997119904
0.325337111949921,0.305890142917633,1.16961646080017,0.279555380344391,0.448952198028564,0.197357788681984,-0.825433611869812
0.325163453817367,0.305393099784851,1.16965079307556,0.277117490768433,0.450578153133392,0.194995701313019,-0.825930953025818
0.324982732534409,0.304827511310577,1.16965806484222,0.274675160646439,0.452593207359314,0.19227685034275,-0.826282382011414
0.324584364891052,0.304032385349274,1.16961586475372,0.269667088985443,0.454554587602615,0.190124809741974,-0.827352643013
0.324334442615509,0.303282469511032,1.16975295543671,0.26716884970665,0.456503212451935,0.188053786754608,-0.827563524246216
0.324021458625793,0.302618324756622,1.16984128952026,0.26422792673111,0.458572179079056,0.185567274689674,-0.827925086021423
0.323415338993073,0.301945984363556,1.1698716878891,0.261403262615204,0.46079695224762,0.183319509029388,-0.828087270259857
0.323115020990372,0.301249742507935,1.16981089115143,0.259732872247696,0.46247810125351,0.182038635015488,-0.827958166599274
0.323115020990372,0.301249742507935,1.16981089115143,0.259732872247696,0.46247810125351,0.182038635015488,-0.827958166599274
0.322513103485107,0.299815237522125,1.16971290111542,0.252342224121094,0.465918272733688,0.176786199212074,-0.829451739788055
0.322329521179199,0.299125790596008,1.16960334777832,0.249229982495308,0.467137545347214,0.174806743860245,-0.830126225948334
0.322047412395477,0.298571705818176,1.16953730583191,0.246155798435211,0.468521654605865,0.172402203083038,-0.830766141414642
0.321952641010284,0.298104673624039,1.16951489448547,0.240297123789787,0.470031231641769,0.170781970024109,-0.831962406635284
0.321795642375946,0.29774484038353,1.16952383518219,0.237025961279869,0.470887988805771,0.168955951929092,-0.83278876543045
0.321747541427612,0.29742819070816,1.16962850093842,0.232016637921333,0.472006142139435,0.16620559990406,-0.834118783473969
0.321840584278107,0.297395020723343,1.16976535320282,0.229326173663139,0.472481548786163,0.164807260036469,-0.834870755672455
0.323785901069641,0.298554867506027,1.16936600208282,0.229059100151062,0.470662415027618,0.162055760622025,-0.836508750915527
0.324160277843475,0.298798620700836,1.16976869106293,0.225921139121056,0.470661282539368,0.160220682621002,-0.837715327739716
0.324784845113754,0.299158334732056,1.17039966583252,0.223354831337929,0.470545649528503,0.159971311688423,-0.83851569890976
0.323395013809204,0.298849612474441,1.17157208919525,0.220088347792625,0.47245192527771,0.160569250583649,-0.83819317817688
0.323873549699783,0.299587666988373,1.17202985286713,0.218372374773026,0.472317487001419,0.160344108939171,-0.838760614395142
0.325053870677948,0.300704449415207,1.17220032215118,0.21671000123024,0.470941007137299,0.159526333212852,-0.840120613574982
0.324972599744797,0.30136114358902,1.17308843135834,0.213477581739426,0.471535354852676,0.158821076154709,-0.840748310089111
0.325890719890594,0.302493035793304,1.17366600036621,0.214714899659157,0.470787644386292,0.161985337734222,-0.840248346328735
0.326717853546143,0.303785264492035,1.17426609992981,0.213448226451874,0.469896703958511,0.16164681315422,-0.841134488582611
0.327747046947479,0.305247128009796,1.17490005493164,0.213457435369491,0.468148171901703,0.16306734085083,-0.841832756996155
0.328942954540253,0.306875348091125,1.17559409141541,0.212725758552551,0.466858923435211,0.163276270031929,-0.842693030834198
0.330267935991287,0.30854919552803,1.17644643783569,0.213274151086807,0.464662343263626,0.165383547544479,-0.843357145786285
0.331774860620499,0.310513406991959,1.17711079120636,0.214020445942879,0.462232381105423,0.166474729776382,-0.844288229942322
0.333512365818024,0.312717288732529,1.17770528793335,0.212589770555496,0.459316045045853,0.165054067969322,-0.846517324447632
0.335434526205063,0.314699947834015,1.17857241630554,0.21671025454998,0.456283390522003,0.168896898627281,-0.846354484558105
0.337409973144531,0.317002952098846,1.17930221557617,0.218656241893768,0.451137095689774,0.167313694953918,-0.848923325538635
0.339454770088196,0.319503456354141,1.17999184131622,0.218315973877907,0.448740035295486,0.167812198400497,-0.850182116031647
0.341650038957596,0.321977078914642,1.18070757389069,0.222074419260025,0.444992810487747,0.169689685106277,-0.850805342197418
0.344165027141571,0.324507921934128,1.18162882328033,0.222517088055611,0.440728694200516,0.168708547949791,-0.853101253509521
0.346321940422058,0.327192962169647,1.18251180648804,0.227467492222786,0.436383217573166,0.16834868490696,-0.854100108146667
0.348819613456726,0.330048739910126,1.18341541290283,0.230307102203369,0.432967871427536,0.167967811226845,-0.85515159368515
0.351253062486649,0.3327556848526,1.18445205688477,0.230478122830391,0.429229825735092,0.166438847780228,-0.857286274433136
0.354122400283813,0.335087537765503,1.18565678596497,0.23492656648159,0.425945222377777,0.168037533760071,-0.857405126094818
0.356705069541931,0.337784051895142,1.18679225444794,0.237368941307068,0.421822547912598,0.166867837309837,-0.858997583389282
0.359480649232864,0.340568602085114,1.18817293643951,0.240386456251144,0.417436152696609,0.166351988911629,-0.860400199890137
0.362122178077698,0.343076169490814,1.18959927558899,0.244060829281807,0.413596242666245,0.167421564459801,-0.861012518405914
0.364815294742584,0.345601946115494,1.19079673290253,0.249339014291763,0.409242212772369,0.168247193098068,-0.86141961812973
0.367689102888107,0.348023056983948,1.19219136238098,0.253689140081406,0.404509365558624,0.167620480060577,-0.862506449222565
0.370844334363937,0.350538432598114,1.19341993331909,0.258094847202301,0.399398505687714,0.167573004961014,-0.863589763641357
0.373887091875076,0.352877497673035,1.19468808174133,0.262441903352737,0.394662529230118,0.167167022824287,-0.864535212516785
0.377019256353378,0.355206578969955,1.19597768783569,0.266541808843613,0.389584928750992,0.166556745767593,-0.865700781345367
0.380561888217926,0.356482088565826,1.19545578956604,0.260891616344452,0.383736103773117,0.162430331110954,-0.870803415775299
0.383702665567398,0.35979950428009,1.19842159748077,0.275092750787735,0.379234135150909,0.164019674062729,-0.86810314655304
0.386930376291275,0.360653758049011,1.19794869422913,0.267608523368835,0.37372300028801,0.159809783101082,-0.873600363731384
0.390565752983093,0.363871574401855,1.20089983940125,0.281037956476211,0.368185669183731,0.160172715783119,-0.871666073799133
0.393755406141281,0.364545464515686,1.2003298997879,0.273394078016281,0.362358003854752,0.15640977025032,-0.877204895019531
0.39709609746933,0.367413341999054,1.2030256986618,0.287312209606171,0.356069147586823,0.157372653484344,-0.875157296657562
0.402396142482758,0.36959308385849,1.20376348495483,0.292012512683868,0.34673136472702,0.156215533614159,-0.877555072307587
0.403820395469666,0.370328605175018,1.20512568950653,0.292471379041672,0.341666132211685,0.156335368752479,-0.879365682601929
0.407807409763336,0.371958017349243,1.2057980298996,0.296499997377396,0.33399686217308,0.154598280787468,-0.881267964839935
0.411036342382431,0.373053789138794,1.20653474330902,0.306254327297211,0.326182574033737,0.157921567559242,-0.880269289016724
0.414205402135849,0.373937785625458,1.20718061923981,0.308582782745361,0.316986799240112,0.155327171087265,-0.883272051811218
0.417087912559509,0.374121069908142,1.20713949203491,0.316351562738419,0.308182865381241,0.159734964370728,-0.882853150367737
0.418990641832352,0.374245464801788,1.20774006843567,0.324202567338943,0.300447970628738,0.161461055278778,-0.882357060909271
0.420989274978638,0.3743616938591,1.20803654193878,0.329789251089096,0.292072325944901,0.16442409157753,-0.882551789283752
0.423766374588013,0.374574184417725,1.20834815502167,0.335815161466599,0.282486796379089,0.166126281023026,-0.883080720901489
0.426053613424301,0.374497920274734,1.20849752426147,0.334369629621506,0.272882699966431,0.165735557675362,-0.886715173721313
0.429035305976868,0.375006496906281,1.2088565826416,0.340646475553513,0.262089759111404,0.163032203912735,-0.888081848621368
0.431011468172073,0.375063538551331,1.20906841754913,0.348777383565903,0.252207398414612,0.165070876479149,-0.887410402297974
0.433306694030762,0.374696969985962,1.2091361284256,0.355671793222427,0.243791237473488,0.167028158903122,-0.886659443378448
0.435162037611008,0.37477234005928,1.20886087417603,0.363464176654816,0.23399868607521,0.168709084391594,-0.885819256305695
0.4371657371521,0.37430602312088,1.20901083946228,0.369973808526993,0.225882098078728,0.169427767395973,-0.885093808174133
0.438883751630783,0.373752862215042,1.20882034301758,0.377586543560028,0.216659098863602,0.171263039112091,-0.883830487728119
0.442664980888367,0.374925196170807,1.20950055122375,0.386042952537537,0.209292024374008,0.167623430490494,-0.882649481296539
0.439894020557404,0.371549963951111,1.20792806148529,0.390792578458786,0.200128987431526,0.176089078187943,-0.881034672260284
0.441684305667877,0.371052443981171,1.20809614658356,0.400549441576004,0.191732034087181,0.178417384624481,-0.878046870231628
0.443609893321991,0.37059611082077,1.20781970024109,0.406773060560226,0.183610200881958,0.176091015338898,-0.87739098072052
0.444572240114212,0.369690716266632,1.20698308944702,0.416611313819885,0.175721779465675,0.178787231445312,-0.873837530612946
0.44507759809494,0.368252336978912,1.20628881454468,0.423586457967758,0.167852893471718,0.181223034858704,-0.871526300907135
0.444526672363281,0.365573197603226,1.20358979701996,0.41966038942337,0.158105239272118,0.182182997465134,-0.875041365623474
0.445813745260239,0.364339381456375,1.20304620265961,0.42900687456131,0.151230752468109,0.185784101486206,-0.870957314968109
0.446120470762253,0.362850666046143,1.20206809043884,0.434931725263596,0.144643068313599,0.185672804713249,-0.869159579277039
0.446210294961929,0.361091315746307,1.20134329795837,0.440820753574371,0.138368934392929,0.187407076358795,-0.866838932037354
0.446257650852203,0.359618186950684,1.20066964626312,0.446734994649887,0.132360205054283,0.188044309616089,-0.864608585834503
0.445781677961349,0.357704430818558,1.20022618770599,0.447550386190414,0.127526894211769,0.188839256763458,-0.864740014076233
0.44447934627533,0.35598212480545,1.19977200031281,0.451608419418335,0.125681385397911,0.191402643918991,-0.862333536148071
0.44508159160614,0.3552286028862,1.19954013824463,0.452386081218719,0.123141802847385,0.189044401049614,-0.862812459468842
0.443625897169113,0.353624761104584,1.19936990737915,0.451824992895126,0.122521348297596,0.189160093665123,-0.863169252872467
0.442859649658203,0.35298964381218,1.19934797286987,0.452436417341232,0.123988941311836,0.186695381999016,-0.863176107406616
0.441966474056244,0.351913720369339,1.19977366924286,0.45073789358139,0.127164199948311,0.185558989644051,-0.863847494125366
0.442045152187347,0.352095425128937,1.20038640499115,0.446821868419647,0.132997587323189,0.178041532635689,-0.866581320762634
0.43966943025589,0.351092219352722,1.20078706741333,0.44319087266922,0.139015957713127,0.175566390156746,-0.868005156517029
0.438155263662338,0.350686430931091,1.2014981508255,0.445533931255341,0.147364124655723,0.173093318939209,-0.865922749042511
0.437378257513046,0.350850164890289,1.202388048172,0.445803821086883,0.154797211289406,0.168128341436386,-0.865465044975281
0.437839686870575,0.352126687765121,1.20369923114777,0.448446840047836,0.164214089512825,0.161032900214195,-0.863711535930634
0.435780465602875,0.351461619138718,1.20434093475342,0.448540508747101,0.171152561903,0.156748682260513,-0.863103866577148
0.433969616889954,0.350616574287414,1.20475828647614,0.452527940273285,0.179708108305931,0.156084910035133,-0.859395682811737
0.432038396596909,0.349493563175201,1.20498871803284,0.454836815595627,0.185223385691643,0.151759684085846,-0.857779026031494
0.430452108383179,0.348338186740875,1.20518338680267,0.454284459352493,0.192275911569595,0.145556017756462,-0.857594907283783
0.428861677646637,0.347534537315369,1.20511448383331,0.455855846405029,0.199430584907532,0.141801506280899,-0.855754137039185
0.426583290100098,0.345782160758972,1.20479035377502,0.465839564800262,0.210150614380836,0.139389395713806,-0.848175048828125
0.4248988032341,0.344251394271851,1.20431590080261,0.468542128801346,0.214491918683052,0.131696254014969,-0.846828043460846
0.423159599304199,0.342384159564972,1.20367968082428,0.472462773323059,0.219050899147987,0.126258879899979,-0.844307065010071
0.421482503414154,0.340692281723022,1.20294427871704,0.477003186941147,0.222801923751831,0.120490029454231,-0.841611206531525
0.419768542051315,0.338566601276398,1.20210087299347,0.481936097145081,0.226338595151901,0.11507398635149,-0.838609874248505
0.414518713951111,0.333482623100281,1.20053172111511,0.484203159809112,0.228530243039131,0.114364437758922,-0.836804687976837
0.41607078909874,0.333271473646164,1.19990634918213,0.492582559585571,0.229639992117882,0.107241258025169,-0.832542657852173
0.414207398891449,0.330550253391266,1.19880175590515,0.494398474693298,0.231231436133385,0.100091025233269,-0.83191591501236
0.412301331758499,0.327382624149323,1.197789311409,0.494858473539352,0.232230544090271,0.094057984650135,-0.832068026065826
0.41042098402977,0.325765132904053,1.19848430156708,0.504063546657562,0.236420571804047,0.0900689512491226,-0.825780153274536
0.408229500055313,0.322938412427902,1.19760346412659,0.499754190444946,0.236309632658958,0.0811954289674758,-0.829343616962433
0.406103372573852,0.320036143064499,1.19652128219604,0.498383790254593,0.237547561526298,0.0749565586447715,-0.830401241779327
0.403802007436752,0.317456543445587,1.19562244415283,0.496287524700165,0.237566575407982,0.0688980594277381,-0.832174241542816
0.401504278182983,0.314467370510101,1.19519293308258,0.491063416004181,0.238477930426598,0.0602381117641925,-0.835677206516266
0.399094760417938,0.311466366052628,1.19495451450348,0.485255599021912,0.239163666963577,0.0524581000208854,-0.839390277862549
0.396479368209839,0.308552145957947,1.19489550590515,0.48124498128891,0.240239575505257,0.0458952561020851,-0.841773092746735
0.393875062465668,0.305972665548325,1.19482326507568,0.474773585796356,0.240622952580452,0.0373936779797077,-0.845749616622925
0.391026616096497,0.303763031959534,1.19487226009369,0.471181273460388,0.243072956800461,0.0296719130128622,-0.847362637519836
0.388194620609283,0.301325678825378,1.19476819038391,0.466622054576874,0.244630262255669,0.0212376546114683,-0.849687516689301
0.386272758245468,0.299983143806458,1.19518780708313,0.461820125579834,0.246356666088104,0.0114523256197571,-0.851997315883636
0.383567571640015,0.29649093747139,1.19379591941833,0.448694050312042,0.244305968284607,0.0008813484455458,-0.859643876552582
0.38031604886055,0.2952641248703,1.19639527797699,0.449911952018738,0.249420315027237,-0.0070137614384293,-0.857507765293121
0.375929951667786,0.290696233510971,1.1952577829361,0.437081158161163,0.249156355857849,-0.014865786768496,-0.864095091819763
0.372183829545975,0.28931114077568,1.19846785068512,0.439920157194138,0.254242539405823,-0.0206287540495395,-0.861049056053162
0.369158446788788,0.286927044391632,1.19935691356659,0.434735625982284,0.255485594272614,-0.028317017480731,-0.863093376159668
0.365988731384277,0.284578502178192,1.20038390159607,0.428483635187149,0.257324427366257,-0.0358362756669521,-0.865391135215759
0.362829625606537,0.281997829675674,1.20173144340515,0.422035336494446,0.258586376905441,-0.0428739637136459,-0.867860078811646
0.359731376171112,0.279723852872849,1.20291411876678,0.414459705352783,0.258463770151138,-0.0505534186959266,-0.871128022670746
0.356886506080627,0.277564525604248,1.20405173301697,0.403419196605682,0.256766021251678,-0.0623539127409458,-0.876034319400787
0.353532910346985,0.275807768106461,1.20512628555298,0.397165209054947,0.257119238376617,-0.0708803385496139,-0.878137469291687
0.353532910346985,0.275807768106461,1.20512628555298,0.397165209054947,0.257119238376617,-0.0708803385496139,-0.878137469291687
0.347576588392258,0.270994544029236,1.20814669132233,0.380539625883102,0.258149296045303,-0.0847954973578453,-0.883944630622864
0.344686031341553,0.268769145011902,1.2095046043396,0.37437441945076,0.259510666131973,-0.0901162326335907,-0.88565069437027
0.34132981300354,0.266530811786652,1.21112453937531,0.369591802358627,0.260577738285065,-0.0951930359005928,-0.88681423664093
0.338790684938431,0.264673203229904,1.21239364147186,0.361114740371704,0.259000867605209,-0.103668615221977,-0.889813244342804
0.335674464702606,0.262995481491089,1.21336090564728,0.353643000125885,0.25678625702858,-0.112270951271057,-0.892408430576324
0.332958221435547,0.260338336229324,1.21510660648346,0.350796848535538,0.259783267974854,-0.113672368228436,-0.892486929893494
0.330811023712158,0.258208841085434,1.21650886535645,0.342401921749115,0.257140904664993,-0.121076643466949,-0.895533382892609
0.327991724014282,0.256270259618759,1.21778321266174,0.338115364313126,0.256552129983902,-0.125711753964424,-0.896691501140594
0.327364236116409,0.255130261182785,1.21831512451172,0.333304315805435,0.25342646241188,-0.132322981953621,-0.898428618907928
0.323378592729568,0.251974165439606,1.22056245803833,0.327566981315613,0.25404891371727,-0.134642064571381,-0.900016963481903
0.320895850658417,0.249723017215729,1.22192144393921,0.322241991758347,0.252626121044159,-0.139170497655869,-0.901649475097656
0.318651556968689,0.24771985411644,1.22320294380188,0.317378491163254,0.249644950032234,-0.143824204802513,-0.903472721576691
0.317927896976471,0.246893048286438,1.22335588932037,0.316653400659561,0.247751429677009,-0.147724449634552,-0.903619050979614
0.316165387630463,0.244915306568146,1.22462832927704,0.314369320869446,0.246182903647423,-0.149941548705101,-0.904479682445526
0.314357697963715,0.242828816175461,1.22628796100616,0.310828864574432,0.245425090193748,-0.152548775076866,-0.905472755432129
0.312153249979019,0.240861147642136,1.22697365283966,0.306537210941315,0.243213683366776,-0.155875504016876,-0.906964659690857
0.310613870620727,0.239124655723572,1.22851777076721,0.302859425544739,0.240581810474396,-0.158855319023132,-0.908384084701538
0.308522522449493,0.237515240907669,1.22893667221069,0.302054286003113,0.240358173847198,-0.16054505109787,-0.908414244651794
0.306953012943268,0.235918045043945,1.23053193092346,0.301869302988052,0.240602552890778,-0.161070868372917,-0.908317983150482
0.305279314517975,0.233275577425957,1.22910857200623,0.287588268518448,0.233073905110359,-0.166664764285088,-0.91388863325119
0.304064333438873,0.231270462274551,1.23030686378479,0.283955842256546,0.231511861085892,-0.16767343878746,-0.915235996246338
0.302534639835358,0.231206387281418,1.233118891716,0.289997100830078,0.233842939138412,-0.169110834598541,-0.912480533123016
0.301208287477493,0.229853928089142,1.23408782482147,0.290948361158371,0.234675973653793,-0.168620884418487,-0.912054419517517
0.299368739128113,0.228007525205612,1.23514199256897,0.291875064373016,0.236282631754875,-0.167355105280876,-0.911576569080353
0.298460602760315,0.227485537528992,1.23576974868774,0.285208582878113,0.231204330921173,-0.173455789685249,-0.913845717906952
0.297058433294296,0.225809633731842,1.23675310611725,0.283607095479965,0.232469707727432,-0.173819705843925,-0.91395378112793
0.295993536710739,0.224676296114921,1.23764610290527,0.282466560602188,0.231499031186104,-0.174303516745567,-0.914461135864258
0.294843524694443,0.223578214645386,1.23847424983978,0.280500411987305,0.231379702687263,-0.175627142190933,-0.914843261241913
0.294040888547897,0.222309738397598,1.2395042181015,0.276719093322754,0.230010509490967,-0.176937207579613,-0.916086792945862
0.291626930236816,0.219761878252029,1.241534948349,0.276314675807953,0.233492732048035,-0.173847615718841,-0.915919363498688
0.292200088500977,0.220086544752121,1.241055727005,0.271609604358673,0.228847578167915,-0.179059565067291,-0.91749370098114
0.291369080543518,0.219229936599731,1.24168407917023,0.269620984792709,0.228064224123955,-0.1807821393013,-0.917937397956848
0.290535509586334,0.21831339597702,1.24239945411682,0.267392963171005,0.227357119321823,-0.181592211127281,-0.918604373931885
0.289652645587921,0.217407315969467,1.24303996562958,0.265504032373428,0.227056220173836,-0.183049827814102,-0.918937385082245
0.289118349552154,0.216896578669548,1.24439644813538,0.267011255025864,0.22840590775013,-0.183138430118561,-0.918148219585419
0.28814023733139,0.216280162334442,1.24494683742523,0.266369462013245,0.228391245007515,-0.184301495552063,-0.91810554265976
0.287371307611465,0.215322822332382,1.24559211730957,0.267985790967941,0.230393871665001,-0.18281877040863,-0.917431056499481
0.286737740039825,0.214673548936844,1.24603402614594,0.263431251049042,0.228064447641373,-0.185859069228172,-0.918720304965973
0.286124050617218,0.214008182287216,1.24648559093475,0.262265503406525,0.2271978110075,-0.187596589326858,-0.918915450572968
0.285406440496445,0.213096186518669,1.24702763557434,0.258412569761276,0.225191414356232,-0.189034342765808,-0.920205295085907
0.284844219684601,0.212450832128525,1.24744725227356,0.263209789991379,0.228882446885109,-0.186318874359131,-0.918487250804901
0.284481197595596,0.212008967995644,1.24768280982971,0.259527683258057,0.226018190383911,-0.189581856131554,-0.919575870037079
0.284072399139404,0.21145461499691,1.24800896644592,0.259217381477356,0.225684121251106,-0.190565183758736,-0.919542253017426
0.283672511577606,0.210954964160919,1.24824690818787,0.259169429540634,0.225339725613594,-0.190884172916412,-0.919574022293091
0.283126652240753,0.210115730762482,1.24862539768219,0.258539408445358,0.224914759397507,-0.191009491682053,-0.919829368591309
0.282856285572052,0.209716901183128,1.24873924255371,0.259066134691238,0.224754348397255,-0.19133634865284,-0.91965252161026
0.282508730888367,0.209189549088478,1.24888062477112,0.259056866168976,0.224016636610031,-0.192106992006302,-0.919674456119537
0.28227025270462,0.208833813667297,1.24895024299622,0.259404093027115,0.223502680659294,-0.192633390426636,-0.919591426849365
0.282306998968124,0.208419471979141,1.24915611743927,0.260170757770538,0.222489684820175,-0.192729383707047,-0.919600427150726
0.281933665275574,0.208259850740433,1.24907898902893,0.261183619499206,0.222112625837326,-0.193272918462753,-0.919290363788605
0.281821489334106,0.207936838269234,1.24908339977264,0.259459853172302,0.221421420574188,-0.193761914968491,-0.91984212398529
0.281518161296844,0.207763239741325,1.24891066551208,0.259842038154602,0.220871552824974,-0.194533616304397,-0.919703543186188
0.27990335226059,0.205575525760651,1.25069546699524,0.257500171661377,0.223089545965195,-0.192644611001015,-0.920224368572235
0.283360004425049,0.203224837779999,1.25373530387878,0.254160761833191,0.223836213350296,-0.186583638191223,-0.922218143939972
0.284485042095184,0.20378452539444,1.25237560272217,0.256102830171585,0.221010625362396,-0.187957152724266,-0.922083377838135
0.280469119548798,0.205536261200905,1.24884223937988,0.258132219314575,0.219125658273697,-0.19484481215477,-0.920536398887634
0.280155330896378,0.205406785011292,1.24872016906738,0.260336726903915,0.220454424619675,-0.194533616304397,-0.919663727283478
0.28001481294632,0.205227077007294,1.24870443344116,0.25864240527153,0.218919426202774,-0.196104407310486,-0.920174717903137
0.280045986175537,0.205133244395256,1.24923706054688,0.259700506925583,0.21944434940815,-0.196287125349045,-0.919712662696838
0.28013288974762,0.204843059182167,1.24945902824402,0.258855789899826,0.219284802675247,-0.196481451392174,-0.919947266578674
0.278828978538513,0.205640152096748,1.2510005235672,0.25705099105835,0.222516611218452,-0.19857257604599,-0.91922801733017
0.27852076292038,0.20560160279274,1.25090062618256,0.257116973400116,0.222574844956398,-0.199274867773056,-0.9190434217453
0.279428482055664,0.20460107922554,1.24942219257355,0.258803725242615,0.219790935516357,-0.198315426707268,-0.919447481632233
0.279253304004669,0.204434245824814,1.24949872493744,0.258807837963104,0.220007836818695,-0.198594093322754,-0.919334232807159
0.279087901115417,0.204333379864693,1.24950921535492,0.259102314710617,0.220287129282951,-0.198749676346779,-0.919150769710541
0.279087901115417,0.204333379864693,1.24950921535492,0.259102314710617,0.220287129282951,-0.198749676346779,-0.919150769710541
0.278883546590805,0.204112112522125,1.24960207939148,0.258853018283844,0.220686122775078,-0.19864884018898,-0.91914713382721
0.278956085443497,0.20392045378685,1.24972259998322,0.258397459983826,0.220657259225845,-0.198378697037697,-0.919340491294861
0.278871059417725,0.203850120306015,1.24969124794006,0.258215665817261,0.220404148101807,-0.198196887969971,-0.919491589069366
0.278671771287918,0.20383720099926,1.24956154823303,0.257975608110428,0.220226526260376,-0.198335498571396,-0.9195716381073
0.278601348400116,0.203732669353485,1.24954354763031,0.257435113191605,0.22000490128994,-0.19827863574028,-0.919788420200348
0.2785404920578,0.203680261969566,1.24952042102814,0.256064355373383,0.219423472881317,-0.198802933096886,-0.920196712017059
0.278463006019592,0.203641980886459,1.24949955940247,0.256067007780075,0.220022901892662,-0.198221892118454,-0.920178115367889
0.278385877609253,0.203595861792564,1.24957609176636,0.255494654178619,0.21983727812767,-0.198402971029282,-0.920342564582825
0.278299808502197,0.203574329614639,1.24964380264282,0.254683762788773,0.220085442066193,-0.198601856827736,-0.920465111732483
0.278148949146271,0.203589037060738,1.24968123435974,0.253468871116638,0.22032231092453,-0.199031308293343,-0.920650959014893
0.278020530939102,0.20359842479229,1.24976897239685,0.252153366804123,0.220530807971954,-0.199338242411613,-0.92089581489563
0.27775701880455,0.203573241829872,1.24973618984222,0.251166105270386,0.220734551548958,-0.199706196784973,-0.921037137508392
0.27595591545105,0.200855672359466,1.2510701417923,0.248231366276741,0.222873836755753,-0.196797445416451,-0.921943187713623
0.275782138109207,0.200792729854584,1.25114583969116,0.247664868831634,0.223121494054794,-0.196912720799446,-0.922011017799377
0.277453899383545,0.203958809375763,1.24973380565643,0.248723030090332,0.220619902014732,-0.200818359851837,-0.921485602855682
0.277154624462128,0.203756600618362,1.24973797798157,0.248351916670799,0.220762327313423,-0.200493112206459,-0.921622395515442
0.276590466499329,0.20294177532196,1.24994790554047,0.247573643922806,0.221018940210342,-0.199428617954254,-0.922001242637634
0.276427626609802,0.202818274497986,1.24986612796783,0.247217506170273,0.220629662275314,-0.199330896139145,-0.922211110591888
0.276326835155487,0.202782541513443,1.2498197555542,0.247003972530365,0.220546916127205,-0.198980644345284,-0.922363758087158
0.27622789144516,0.202801316976547,1.24972188472748,0.246646597981453,0.220153093338013,-0.199132025241852,-0.922520756721497
0.276147693395615,0.202812820672989,1.24963963031769,0.246610045433044,0.219924688339233,-0.199224025011063,-0.922565162181854
0.276124060153961,0.202900484204292,1.24953997135162,0.246914908289909,0.219812706112862,-0.199433252215385,-0.922465145587921
0.274686574935913,0.200260326266289,1.25069665908813,0.24502344429493,0.221706762909889,-0.19621941447258,-0.923205137252808
0.27472335100174,0.200423389673233,1.25054562091827,0.248604252934456,0.223446279764175,-0.19451642036438,-0.92218816280365
0.274950981140137,0.201037213206291,1.25024652481079,0.246482864022255,0.221626281738281,-0.197522103786469,-0.922557830810547
0.27499920129776,0.202244937419891,1.25033485889435,0.244262412190437,0.220429003238678,-0.20009009540081,-0.922881841659546
0.276883482933044,0.204268395900726,1.24849569797516,0.250384658575058,0.219876825809479,-0.201178580522537,-0.9211345911026
0.277101635932922,0.204602241516113,1.2481826543808,0.250601321458816,0.21966926753521,-0.202092692255974,-0.920925080776215
0.277408719062805,0.205007642507553,1.2477639913559,0.248944610357284,0.218075141310692,-0.203989088535309,-0.92133504152298
0.276476323604584,0.203843399882317,1.24881613254547,0.248874232172966,0.222322508692741,-0.201685458421707,-0.920845985412598
0.277014493942261,0.204648897051811,1.24820065498352,0.250959157943726,0.223394528031349,-0.202151507139206,-0.919918060302734
0.277818739414215,0.206890270113945,1.24807381629944,0.253853410482407,0.226148441433906,-0.202899649739265,-0.918284833431244
0.278549492359161,0.206408455967903,1.24688649177551,0.251396715641022,0.223782867193222,-0.204091534018517,-0.9192755818367
0.279108434915543,0.208222970366478,1.24661552906036,0.256109625101089,0.227785781025887,-0.203079134225845,-0.917213380336762
0.279908657073975,0.209577620029449,1.2455757856369,0.257695853710175,0.229025661945343,-0.204288586974144,-0.916191220283508
0.280760794878006,0.209139466285706,1.24466252326965,0.257952123880386,0.229787990450859,-0.203385218977928,-0.916129171848297
0.281845450401306,0.212303847074509,1.24394059181213,0.258942663669586,0.231468185782433,-0.207790687680244,-0.914436638355255
0.283101171255112,0.213546440005302,1.24280297756195,0.259466767311096,0.232340231537819,-0.208815321326256,-0.913833200931549
0.284231066703796,0.215147659182548,1.24098718166351,0.259422957897186,0.233004868030548,-0.210738971829414,-0.913234651088715
0.286094129085541,0.212248221039772,1.2375545501709,0.247753471136093,0.226646944880486,-0.210116699337959,-0.918204963207245
0.287010163068771,0.217059537768364,1.23812103271484,0.261745065450668,0.235545545816422,-0.211846947669983,-0.911662638187408
0.288709402084351,0.218788772821426,1.23686289787292,0.264022439718246,0.237685278058052,-0.212670937180519,-0.910257577896118
0.290680348873138,0.221278876066208,1.2352888584137,0.265617400407791,0.238183289766312,-0.215780392289162,-0.908930599689484
0.292862355709076,0.222755491733551,1.234734416008,0.270248353481293,0.24407996237278,-0.213404089212418,-0.906559228897095
0.294644206762314,0.224122822284698,1.2329386472702,0.273368835449219,0.246942743659019,-0.213949710130692,-0.904717743396759
0.297067999839783,0.226616963744164,1.23113083839417,0.270720481872559,0.247289076447487,-0.218224003911018,-0.904398620128632
0.298928260803223,0.228798121213913,1.23047113418579,0.277422279119492,0.255387306213379,-0.216019988059998,-0.900638461112976
0.301895201206207,0.2343670129776,1.22980284690857,0.278062760829925,0.258943229913711,-0.223171100020409,-0.897677183151245
0.303739190101623,0.235255941748619,1.22751760482788,0.276187151670456,0.26133269071579,-0.223986655473709,-0.897360503673553
0.306563138961792,0.237596660852432,1.22719871997833,0.279624789953232,0.269220530986786,-0.222349122166634,-0.894366383552551
0.309262067079544,0.240448534488678,1.22602820396423,0.284172415733337,0.274171262979507,-0.222261652350426,-0.891445934772491
0.311988294124603,0.243223860859871,1.22461605072021,0.285897463560104,0.280393451452255,-0.223038583993912,-0.888760924339294
0.314968347549438,0.245987296104431,1.22352302074432,0.288082301616669,0.286525398492813,-0.222606226801872,-0.886204421520233
0.319464534521103,0.249834597110748,1.22110950946808,0.295668751001358,0.290802419185638,-0.221260145306587,-0.88264262676239
0.322511494159698,0.252462327480316,1.2198680639267,0.297158509492874,0.298523396253586,-0.220061793923378,-0.879859924316406
0.32599937915802,0.255255490541458,1.21870470046997,0.295911282300949,0.302605986595154,-0.219627305865288,-0.878993809223175
0.329681575298309,0.258303791284561,1.21748495101929,0.304680705070496,0.311645299196243,-0.215734526515007,-0.873787999153137
0.333285331726074,0.261350870132446,1.2162561416626,0.310504257678986,0.320041805505753,-0.212751612067223,-0.869423449039459
0.336648523807526,0.264965534210205,1.21380090713501,0.315149813890457,0.326929718255997,-0.211751982569694,-0.865423977375031
0.340424984693527,0.268048375844955,1.21258890628815,0.322112649679184,0.335649311542511,-0.207112863659859,-0.860631942749023
0.34374862909317,0.271059453487396,1.21178936958313,0.329955011606216,0.345555752515793,-0.201333656907082,-0.855094015598297
0.347430944442749,0.274482846260071,1.21074831485748,0.336210757493973,0.353155672550201,-0.198138296604156,-0.850285112857819
0.351989030838013,0.275971353054047,1.20797538757324,0.3341945707798,0.357541739940643,-0.194500625133514,-0.850086688995361
0.356296002864838,0.28048974275589,1.20843517780304,0.358335137367248,0.374284029006958,-0.182508826255798,-0.835582375526428
0.35937637090683,0.282930105924606,1.2083455324173,0.363598644733429,0.384327918291092,-0.174549415707588,-0.830433964729309
0.364929974079132,0.286132723093033,1.20666575431824,0.372526526451111,0.392871975898743,-0.166136145591736,-0.824181079864502
0.37231433391571,0.290935635566711,1.20505464076996,0.376566022634506,0.396256506443024,-0.159492880105972,-0.822034657001495
0.375506401062012,0.292257905006409,1.20433819293976,0.381110161542892,0.406425088644028,-0.15020777285099,-0.816707730293274
0.382213443517685,0.295816868543625,1.2014878988266,0.38082492351532,0.409897297620773,-0.146277979016304,-0.815818309783936
0.386575609445572,0.298759460449219,1.20078873634338,0.398323178291321,0.423775762319565,-0.134389296174049,-0.802304267883301
0.391928613185883,0.301826030015945,1.20028007030487,0.393569827079773,0.427418380975723,-0.126236781477928,-0.804040133953094
0.396841585636139,0.304590582847595,1.19974327087402,0.40004950761795,0.436953216791153,-0.118159651756287,-0.796913087368011
0.402132511138916,0.307583838701248,1.19925081729889,0.405002653598785,0.44465646147728,-0.108419045805931,-0.791516840457916
0.406928092241287,0.310131788253784,1.1988627910614,0.405169308185577,0.45229297876358,-0.0988269671797752,-0.788353979587555
0.411816745996475,0.312484800815582,1.19847726821899,0.408217310905456,0.460422039031982,-0.0887604281306266,-0.783257186412811
0.416585385799408,0.314436972141266,1.19820654392242,0.408462882041931,0.468455523252487,-0.077130988240242,-0.779588520526886
0.421751141548157,0.317046791315079,1.19791066646576,0.423053950071335,0.478512793779373,-0.0622594878077507,-0.766925513744354
0.426850140094757,0.320867478847504,1.19969081878662,0.429520726203918,0.486723482608795,-0.0485213734209537,-0.759116530418396
0.431895017623901,0.32301789522171,1.19929766654968,0.422199815511703,0.485333442687988,-0.0482443086802959,-0.764114618301392
0.437290549278259,0.326137840747833,1.19992578029633,0.400942802429199,0.481710404157638,-0.0570767559111118,-0.777137219905853
0.441656172275543,0.327152848243713,1.19915056228638,0.424994587898254,0.49832957983017,-0.0291304290294647,-0.75511509180069
0.446309953927994,0.327380061149597,1.2006870508194,0.421609282493591,0.505193471908569,-0.0189064666628837,-0.752773404121399
0.451084911823273,0.329497814178467,1.20024943351746,0.424328029155731,0.509171783924103,-0.0114342216402292,-0.748704969882965
0.455782264471054,0.331032812595367,1.20021045207977,0.423958122730255,0.513953030109406,-0.0030328736174851,-0.745722889900208
0.460368722677231,0.332386195659637,1.20014142990112,0.427890568971634,0.523715198040009,0.0164216998964548,-0.736452698707581
0.46478596329689,0.333727389574051,1.19976902008057,0.426423132419586,0.528097987174988,0.0238984785974025,-0.73396509885788
0.469525665044784,0.334915995597839,1.2002375125885,0.420635610818863,0.527217268943787,0.0198414362967014,-0.738047480583191
0.473155349493027,0.335984855890274,1.20058500766754,0.418350130319595,0.532859981060028,0.0269713941961526,-0.735061883926392
0.477483421564102,0.337292283773422,1.20099079608917,0.425873279571533,0.543331325054169,0.0541832074522972,-0.721447944641113
0.481763780117035,0.337731301784515,1.20094215869904,0.424293905496597,0.547536671161652,0.0628924593329429,-0.718486487865448
0.485412240028381,0.338442206382751,1.20085251331329,0.423821955919266,0.552532970905304,0.0722491294145584,-0.714046478271484
0.488232135772705,0.337875157594681,1.20089828968048,0.420930981636047,0.558122158050537,0.0815267041325569,-0.71040153503418
0.491489082574844,0.338640123605728,1.20120167732239,0.411520421504974,0.56403911113739,0.0894363597035408,-0.710290253162384
0.494095295667648,0.337915420532227,1.20034313201904,0.412813931703568,0.567506074905396,0.0977728813886642,-0.705664277076721
0.496868520975113,0.337953686714172,1.20024979114532,0.412172555923462,0.572858929634094,0.110012374818325,-0.699888408184052
0.499167293310165,0.337819665670395,1.19979512691498,0.408410996198654,0.581482410430908,0.122196927666664,-0.692926168441772
0.500972807407379,0.336513310670853,1.19895756244659,0.410736560821533,0.583555400371552,0.135128512978554,-0.687385559082031
0.503291368484497,0.336506009101868,1.19854998588562,0.401798278093338,0.592420399188995,0.141895100474358,-0.683712005615234
0.504881083965302,0.335670232772827,1.19769036769867,0.399254709482193,0.598754346370697,0.153421387076378,-0.677163779735565
0.506335258483887,0.334666311740875,1.19667816162109,0.396782785654068,0.604223430156708,0.16466997563839,-0.671089708805084
0.507819712162018,0.333587020635605,1.19547700881958,0.393329411745071,0.609536945819855,0.17427060008049,-0.665872752666473
0.508776545524597,0.332289338111877,1.19420051574707,0.389263838529587,0.615081071853638,0.183694526553154,-0.660609900951385
0.50920158624649,0.331175625324249,1.19282960891724,0.38562935590744,0.62085497379303,0.193417966365814,-0.6545370221138
0.510313451290131,0.329461872577667,1.19122004508972,0.378883898258209,0.626709401607513,0.20081977546215,-0.650656342506409
0.510750949382782,0.32736724615097,1.18945920467377,0.393717765808105,0.622773289680481,0.225912153720856,-0.637262523174286
0.511111617088318,0.325585782527924,1.18804860115051,0.379129409790039,0.633875846862793,0.228693798184395,-0.63416200876236
0.511290490627289,0.32337298989296,1.18628907203674,-0.386813968420029,-0.63043612241745,-0.245351016521454,0.626680314540863
0.511560916900635,0.321806609630585,1.18506503105164,-0.364933758974075,-0.644643664360046,-0.244136244058609,0.625823676586151
0.511609792709351,0.319311201572418,1.18303394317627,-0.365645498037338,-0.646339774131775,-0.255321025848389,0.619160294532776
0.511648952960968,0.316785037517548,1.18110287189484,-0.367946594953537,-0.643611252307892,-0.268753886222839,0.614939987659454
0.511984467506409,0.315402656793594,1.1796669960022,-0.352954894304276,-0.654758632183075,-0.269215375185013,0.611749172210693
0.512017548084259,0.313491642475128,1.17772114276886,-0.349255859851837,-0.658189177513123,-0.277656108140945,0.606394648551941
0.511650264263153,0.311416268348694,1.17606222629547,-0.347840517759323,-0.660682320594788,-0.285350024700165,0.60090047121048
0.512425303459167,0.30897244811058,1.17398357391357,-0.358631432056427,-0.651228785514832,-0.300598233938217,0.597432315349579
0.512638568878174,0.307178795337677,1.1724191904068,-0.357024043798447,-0.652380764484406,-0.307517856359482,0.593604266643524
0.512951076030731,0.305437445640564,1.17099785804749,-0.355788290500641,-0.653131425380707,-0.31419974565506,0.590010762214661
0.512866020202637,0.303818196058273,1.16960215568542,-0.360090494155884,-0.649827778339386,-0.323615044355392,0.585945546627045
0.514215588569641,0.302554249763489,1.16850161552429,-0.360399156808853,-0.649719655513763,-0.328164607286453,0.58333945274353
0.51466691493988,0.301388382911682,1.16727840900421,-0.359973639249802,-0.650789380073547,-0.331327199935913,0.580615758895874
0.516743361949921,0.304881989955902,1.16867935657501,0.368434011936188,-0.591331362724304,0.444679975509643,0.562888503074646
0.514315903186798,0.304661005735397,1.16835355758667,0.370306789875031,-0.588051676750183,0.443875640630722,0.565723121166229
0.514898359775543,0.304055482149124,1.16781878471375,0.104248337447643,-0.753129541873932,0.135183975100517,0.635337233543396
0.515512228012085,0.303690493106842,1.16727018356323,0.102628879249096,-0.753688037395477,0.137206211686134,0.634504735469818
0.51593416929245,0.303401589393616,1.1666522026062,0.100876860320568,-0.754260122776031,0.139838829636574,0.633530378341675
0.51593416929245,0.303401589393616,1.1666522026062,0.100876860320568,-0.754260122776031,0.139838829636574,0.633530378341675
0.516403019428253,0.302695035934448,1.16578042507172,0.0971850603818893,-0.754397332668304,0.145640701055527,0.632636427879333
0.516724109649658,0.302521169185638,1.16551625728607,0.0951372683048248,-0.753686547279358,0.148916393518448,0.633031964302063
0.517117559909821,0.302039802074432,1.16506588459015,0.0942901447415351,-0.7526615858078,0.150333851575851,0.634042382240295
0.516602873802185,0.3022580742836,1.1650025844574,0.0948000252246856,-0.75188148021698,0.151020333170891,0.634728372097015
0.517097353935242,0.301636159420013,1.16451168060303,0.0907722786068916,-0.751027703285217,0.158021956682205,0.634623348712921
0.518113195896149,0.301665067672729,1.1641685962677,0.088446207344532,-0.748703479766846,0.161839216947555,0.636732816696167
0.518284738063812,0.301405668258667,1.16365718841553,0.086896501481533,-0.747536420822144,0.165625259280205,0.637343347072601
0.518238842487335,0.301855027675629,1.16365146636963,0.086196057498455,-0.746905565261841,0.164764195680618,0.638400316238403
0.51870059967041,0.300781905651092,1.16294133663177,0.0832339972257614,-0.744308173656464,0.171768307685852,0.639979064464569
0.518910348415375,0.300700604915619,1.16279292106628,0.079978123307228,-0.743283867835999,0.176372468471527,0.640332102775574
0.518316030502319,0.300227582454681,1.16241645812988,0.0788833796977996,-0.742697715759277,0.179023548960686,0.640412509441376
0.518948554992676,0.300435304641724,1.16241252422333,0.0776354819536209,-0.742837011814117,0.178497210144997,0.640550374984741
0.519230484962463,0.299443900585175,1.16170084476471,0.0766016170382499,-0.737284600734711,0.180935487151146,0.646379113197327
0.519263088703156,0.299338519573212,1.16117978096008,0.0753377676010131,-0.734991252422333,0.182052701711655,0.648821234703064
0.518779039382935,0.299070715904236,1.160768866539,0.0753021612763404,-0.732890784740448,0.182736560702324,0.651005506515503
0.518466770648956,0.299079298973083,1.16077697277069,0.0759746432304382,-0.732351005077362,0.183554217219353,0.651304662227631
0.518255054950714,0.298320889472961,1.16023695468903,0.0767696499824523,-0.728638410568237,0.182989254593849,0.655520915985107
0.518743336200714,0.298272371292114,1.16015267372131,0.0767002627253532,-0.725971579551697,0.181857734918594,0.658794403076172
0.517599940299988,0.298102498054504,1.15987622737885,0.0776539593935012,-0.725129067897797,0.181659504771233,0.659664690494537
0.516931533813477,0.298376739025116,1.1598596572876,0.0779391080141067,-0.724338173866272,0.182529911398888,0.660259485244751
0.51643693447113,0.298381090164185,1.15974426269531,0.355593115091324,-0.577251136302948,0.47123658657074,0.564154982566833
0.515752255916595,0.298755705356598,1.15975427627563,0.0793354362249374,-0.723618388175964,0.176927447319031,0.66240406036377
0.515767097473145,0.299410283565521,1.15967130661011,0.0796891450881958,-0.722053647041321,0.176140442490578,0.66427606344223
0.514758884906769,0.299717605113983,1.159712433815,0.081174723803997,-0.721266686916351,0.176854595541954,0.664761126041412
0.513837516307831,0.300273865461349,1.15958631038666,0.0817191526293754,-0.721058070659637,0.177039533853531,0.664871633052826
0.513334810733795,0.300737410783768,1.15956938266754,0.0830059796571731,-0.720600545406342,0.175526291131973,0.665609121322632
0.512505948543549,0.301380753517151,1.15971624851227,0.0837553218007087,-0.720295548439026,0.175341784954071,0.665893912315369
0.511734902858734,0.302680522203445,1.15966510772705,0.0850545689463615,-0.719454526901245,0.174056008458138,0.666974782943726
0.511112093925476,0.303326666355133,1.16005849838257,0.0835910886526107,-0.72075355052948,0.177843540906906,0.664754450321198
0.51043039560318,0.304040372371674,1.16007304191589,0.0840421468019485,-0.720837533473969,0.178439274430275,0.664446949958801
0.509921789169312,0.304889976978302,1.16022181510925,0.0841760858893394,-0.720799565315247,0.17851160466671,0.664451658725739
0.509564757347107,0.30549430847168,1.16053569316864,0.0859884098172187,-0.721300542354584,0.178767442703247,0.663606703281403
0.509342789649963,0.306083083152771,1.16040515899658,0.0856026709079742,-0.720442652702332,0.179560735821724,0.664373815059662
0.50872141122818,0.306622684001923,1.16056823730469,0.360279709100723,-0.578875184059143,0.465193241834641,0.564532935619354
0.508801639080048,0.307501196861267,1.16057634353638,0.084850363433361,-0.722387909889221,0.175261348485947,0.663505554199219
0.508480906486511,0.308440268039703,1.16099560260773,0.0867110043764114,-0.722717702388763,0.17482054233551,0.663021981716156
0.509312927722931,0.303384125232696,1.15833139419556,-0.380222231149673,-0.662586152553558,-0.276718467473984,0.582955837249756
0.509124755859375,0.303950428962708,1.15841126441956,-0.380577176809311,-0.662212610244751,-0.276620507240295,0.583195328712463
0.508903026580811,0.304498136043549,1.15845739841461,-0.381045579910278,-0.661684036254883,-0.277108281850815,0.583257734775543
0.50872939825058,0.304912179708481,1.15849196910858,-0.381647139787674,-0.660954773426056,-0.277634561061859,0.583440959453583
0.508479654788971,0.305146276950836,1.15832614898682,-0.386776357889175,-0.656366407871246,-0.28089913725853,0.583680689334869
0.508369624614716,0.30580398440361,1.15837216377258,-0.384924173355102,-0.656413435935974,-0.283471792936325,0.583608329296112
0.508196890354156,0.306201606988907,1.15850782394409,-0.388633549213409,-0.654824614524841,-0.281405925750732,0.583934426307678
0.508009433746338,0.306606113910675,1.15853559970856,-0.389093577861786,-0.654384851455688,-0.2812460064888,0.584198117256165
0.507696270942688,0.306813299655914,1.15860795974731,-0.388750821352005,-0.654164135456085,-0.280143409967422,0.58520233631134
0.507371008396149,0.307208508253097,1.15853881835938,-0.388938218355179,-0.654057741165161,-0.279389053583145,0.585557162761688
0.506984829902649,0.30751895904541,1.1586275100708,-0.383892178535461,-0.657987356185913,-0.275040477514267,0.58654260635376
0.506559371948242,0.307599127292633,1.1585510969162,-0.388439178466797,-0.654236316680908,-0.276980966329575,0.58683168888092
0.506132781505585,0.307887524366379,1.15847730636597,-0.385596722364426,-0.654761791229248,-0.278181135654449,0.587552189826965
0.505723237991333,0.30817711353302,1.15829741954803,-0.38229775428772,-0.659224092960358,-0.269907504320145,0.588576257228851
0.505639910697937,0.308014988899231,1.15805542469025,-0.35232749581337,-0.676537394523621,-0.253549963235855,0.59487384557724
0.505117774009705,0.308043956756592,1.15816783905029,-0.35092505812645,-0.676808595657349,-0.252429187297821,0.59587025642395
0.504556894302368,0.30830991268158,1.15817368030548,-0.351654440164566,-0.677214562892914,-0.250764518976211,0.595681846141815
0.503931879997253,0.308738827705383,1.15769386291504,-0.353072166442871,-0.676953554153442,-0.249993354082107,0.595463991165161
0.503458321094513,0.308850824832916,1.15792095661163,-0.353494107723236,-0.676788985729218,-0.249590247869491,0.595569670200348
0.502991557121277,0.30896270275116,1.15788733959198,-0.352799594402313,-0.677126705646515,-0.248120903968811,0.596211493015289
0.502533912658691,0.309214293956757,1.15782058238983,-0.35325077176094,-0.677035570144653,-0.247217953205109,0.596422672271729
0.502006828784943,0.309411585330963,1.15772914886475,-0.35335847735405,-0.677030384540558,-0.246539413928986,0.596645772457123
0.501194059848785,0.309797465801239,1.15787708759308,-0.377690225839615,-0.662665665149689,-0.258849263191223,0.592639267444611
0.500716745853424,0.310006499290466,1.1577684879303,-0.377153009176254,-0.662914514541626,-0.25807136297226,0.593042254447937
0.500256597995758,0.310612976551056,1.15694880485535,-0.377272605895996,-0.6634202003479,-0.257085621356964,0.592828810214996
0.500195562839508,0.310207605361938,1.15737807750702,-0.354216575622559,-0.675664305686951,-0.245781764388084,0.597996532917023
0.499759137630463,0.31081235408783,1.15668332576752,-0.35640412569046,-0.675321757793427,-0.245826408267021,0.597064554691315
0.499376595020294,0.311199933290482,1.15669977664948,-0.35652756690979,-0.676021337509155,-0.24543559551239,0.596359491348267
0.498901337385178,0.311903595924377,1.15740048885345,-0.364736288785934,-0.673271775245667,-0.251005470752716,0.592173039913177
0.498533368110657,0.312032580375671,1.15743660926819,-0.363432168960571,-0.673760533332825,-0.250026971101761,0.592832505702972
0.498244434595108,0.312204301357269,1.15776813030243,-0.363240748643875,-0.67374187707901,-0.250223875045776,0.592887997627258
0.497836261987686,0.312054991722107,1.15739226341248,-0.37485745549202,-0.663773715496063,-0.257036983966827,0.593985199928284
0.497836261987686,0.312054991722107,1.15739226341248,-0.37485745549202,-0.663773715496063,-0.257036983966827,0.593985199928284
0.497558891773224,0.312032520771027,1.15667033195496,-0.350730001926422,-0.68000328540802,-0.236952170729637,0.598696827888489
0.497233062982559,0.313099145889282,1.1569230556488,-0.358373284339905,-0.675818026065826,-0.246364772319794,0.595099091529846
0.496960669755936,0.313921004533768,1.15697252750397,-0.357107907533646,-0.677398383617401,-0.245442301034927,0.59444385766983
0.496729403734207,0.314171522855759,1.15706717967987,-0.356860220432281,-0.677840292453766,-0.245438665151596,0.594090342521667
0.496565699577331,0.314242660999298,1.15745389461517,-0.356575220823288,-0.677976727485657,-0.245540156960487,0.594063758850098
0.496445834636688,0.314614087343216,1.1574079990387,-0.356453835964203,-0.678306937217712,-0.244979932904243,0.593990981578827
0.496328324079513,0.314910113811493,1.15738916397095,-0.356374442577362,-0.678530216217041,-0.24464114010334,0.593923270702362
0.496214687824249,0.314998179674149,1.15748536586761,-0.355633020401001,-0.678795516490936,-0.243913590908051,0.594363451004028
0.496092081069946,0.3152776658535,1.15721344947815,-0.355024188756943,-0.679131865501404,-0.243446171283722,0.594534873962402
0.496040642261505,0.315706580877304,1.15708458423615,-0.355583667755127,-0.679160296916962,-0.24337874352932,0.594195663928986
0.495976060628891,0.315889149904251,1.15712690353394,-0.355564743280411,-0.679300367832184,-0.243240371346474,0.594103395938873
0.495948642492294,0.315919458866119,1.1569277048111,-0.359353691339493,-0.676637887954712,-0.246580675244331,0.59348475933075
0.495948642492294,0.315919458866119,1.1569277048111,-0.359353691339493,-0.676637887954712,-0.246580675244331,0.59348475933075
0.495692849159241,0.315912067890167,1.15680360794067,-0.369705647230148,-0.669129490852356,-0.251212120056152,0.59369695186615
0.495763957500458,0.316937804222107,1.15703761577606,-0.356530457735062,-0.678073465824127,-0.243411242961883,0.594855964183807
0.495624989271164,0.317123889923096,1.15707850456238,-0.357785761356354,-0.678791522979736,-0.244568318128586,0.592805027961731
0.495577663183212,0.317150890827179,1.15704298019409,-0.356633961200714,-0.67925500869751,-0.244441509246826,0.593020498752594
0.495546787977219,0.317204892635345,1.15731418132782,-0.356857359409332,-0.679143965244293,-0.245010852813721,0.592778384685516
0.495415568351746,0.317031592130661,1.15737843513489,-0.355890393257141,-0.679465115070343,-0.244735017418861,0.593105435371399
0.495221227407455,0.317315638065338,1.15709674358368,-0.357444733381271,-0.67954421043396,-0.245019286870956,0.59196150302887
0.495153933763504,0.317412793636322,1.15708565711975,-0.357591092586517,-0.679608464241028,-0.245234489440918,0.591710329055786
0.49502244591713,0.317363411188126,1.15712487697601,-0.357646346092224,-0.679630637168884,-0.245757028460503,0.591434717178345
0.494861900806427,0.317431569099426,1.15703916549683,-0.357562959194183,-0.679869890213013,-0.245936289429665,0.591135382652283
0.494732767343521,0.31734237074852,1.15696859359741,-0.356400281190872,-0.680127263069153,-0.245862677693367,0.591571867465973
0.49454453587532,0.317057609558105,1.15682363510132,-0.360867977142334,-0.677503407001495,-0.24913564324379,0.590504050254822
0.494357496500015,0.317200511693954,1.15678131580353,-0.3613500893116,-0.677717864513397,-0.24979530274868,0.589683890342712
0.494171500205994,0.316956341266632,1.15677285194397,-0.360322266817093,-0.678316295146942,-0.249530345201492,0.589736878871918
0.493956446647644,0.316829025745392,1.15668487548828,-0.359653204679489,-0.678644359111786,-0.249918431043625,0.5896036028862
0.493595033884048,0.316720455884933,1.15665757656097,-0.359411597251892,-0.679411292076111,-0.249938160181046,0.588858783245087
0.496208131313324,0.320172160863876,1.1579966545105,0.67931205034256,0.147948533296585,0.718748509883881,-0.0068588759750127
0.493921488523483,0.314537107944489,1.15562260150909,-0.649941742420197,-0.345390290021896,-0.645147919654846,0.205098897218704
0.493921488523483,0.314537107944489,1.15562260150909,-0.649941742420197,-0.345390290021896,-0.645147919654846,0.205098897218704
0.493628203868866,0.314455896615982,1.15563988685608,-0.649307429790497,-0.345534235239029,-0.645674645900726,0.205207958817482
0.493478387594223,0.314408361911774,1.15563857555389,-0.648970305919647,-0.345613151788711,-0.645933091640472,0.205327570438385
0.493338376283646,0.314439326524734,1.15559089183807,-0.64870148897171,-0.34576228260994,-0.646110951900482,0.20536682009697
0.493258565664291,0.314349591732025,1.15589714050293,-0.648413181304932,-0.345274984836578,-0.646635234355927,0.205447152256966
0.493145525455475,0.314535677433014,1.15580928325653,-0.648358345031738,-0.34521147608757,-0.646839678287506,0.205083221197128
0.493055820465088,0.314595758914948,1.15580642223358,-0.648259937763214,-0.345256477594376,-0.646891057491302,0.20515613257885
0.492895007133484,0.314774990081787,1.15545523166656,-0.648076951503754,-0.345736622810364,-0.646781265735626,0.205272153019905
0.492895007133484,0.314774990081787,1.15545523166656,-0.648076951503754,-0.345736622810364,-0.646781265735626,0.205272153019905
0.492755383253097,0.314996123313904,1.1555027961731,-0.64807540178299,-0.346105426549911,-0.646424293518066,0.205779492855072
0.492663025856018,0.315200865268707,1.15552818775177,-0.648393988609314,-0.346228957176208,-0.646043598651886,0.205763161182404
0.492611974477768,0.315399885177612,1.15565836429596,-0.648609161376953,-0.34615758061409,-0.645881175994873,0.205714955925941
0.491386979818344,0.321236550807953,1.15832602977753,0.603434801101685,0.351214677095413,0.68592369556427,-0.204996481537819
0.491323918104172,0.321624457836151,1.15847957134247,0.603849768638611,0.351298451423645,0.685542285442352,-0.204906612634659
0.491259276866913,0.32197630405426,1.15864443778992,0.604371607303619,0.351290851831436,0.685087025165558,-0.204903841018677
0.491303473711014,0.322162538766861,1.15864181518555,0.605337977409363,0.348965257406235,0.685070872306824,-0.206075876951218
0.491063475608826,0.322695881128311,1.15900182723999,0.60542905330658,0.35085740685463,0.684290289878845,-0.205187261104584
0.491091281175613,0.323141574859619,1.15924549102783,0.606164574623108,0.350604504346847,0.683851182460785,-0.204911455512047
0.49111795425415,0.32329136133194,1.15962409973145,0.606918632984161,0.350232928991318,0.683214128017426,-0.205439284443855
0.491090089082718,0.323606371879578,1.15986311435699,0.607310712337494,0.350142419338226,0.682929396629333,-0.205381527543068
0.491020828485489,0.323911994695663,1.16014003753662,0.607601821422577,0.350077360868454,0.682685554027557,-0.205441817641258
0.490973770618439,0.324218213558197,1.16049599647522,0.60804295539856,0.350036442279816,0.682313740253448,-0.205442145466805
0.491036385297775,0.324389338493347,1.16066467761993,0.609258472919464,0.347894936800003,0.682022988796234,-0.206440702080727
0.491171836853027,0.324812889099121,1.16095447540283,0.60982358455658,0.347498148679733,0.68170565366745,-0.206489399075508
0.491171836853027,0.324812889099121,1.16095447540283,0.60982358455658,0.347498148679733,0.68170565366745,-0.206489399075508
0.491290897130966,0.325194209814072,1.16142916679382,0.603322088718414,0.363085120916367,0.675433874130249,-0.218999370932579
0.49125000834465,0.325525879859924,1.16167116165161,0.603664457798004,0.363035082817078,0.675159513950348,-0.218985185027122
0.49125000834465,0.325525879859924,1.16167116165161,0.603664457798004,0.363035082817078,0.675159513950348,-0.218985185027122
0.491043597459793,0.326407730579376,1.16223907470703,0.60547012090683,0.36345237493515,0.673438727855682,-0.218605831265449
0.49100849032402,0.326975554227829,1.16242671012878,0.607391953468323,0.362812161445618,0.671986162662506,-0.218808233737946
0.491107851266861,0.327797263860703,1.1627938747406,0.609507977962494,0.36334490776062,0.669932544231415,-0.218336760997772
0.490949720144272,0.32839173078537,1.16307604312897,0.610913276672363,0.363831043243408,0.668469727039337,-0.218083158135414
0.491043955087662,0.329455614089966,1.16358149051666,0.613379955291748,0.364212334156036,0.666165709495544,-0.21757248044014
0.491273611783981,0.330308318138123,1.16396915912628,0.616666734218597,0.363118886947632,0.663643002510071,-0.217818543314934
0.49150288105011,0.331494629383087,1.1646317243576,0.619799673557281,0.363197535276413,0.660868704319,-0.21722899377346
0.491937041282654,0.333036541938782,1.16528868675232,0.624146223068237,0.36292028427124,0.657034635543823,-0.216877833008766
0.491937041282654,0.333036541938782,1.16528868675232,0.624146223068237,0.36292028427124,0.657034635543823,-0.216877833008766
0.493137270212173,0.33618837594986,1.16681480407715,0.665470480918884,0.213668659329414,0.711047947406769,-0.076849415898323
0.493560403585434,0.33821764588356,1.16772079467773,0.633534073829651,0.372804313898086,0.639300286769867,-0.225713759660721
0.494102299213409,0.339639902114868,1.16859245300293,-0.647017300128937,-0.36884218454361,-0.627661406993866,0.226639196276665
0.494831949472427,0.34169065952301,1.16968762874603,-0.652127802371979,-0.369729667901993,-0.622256875038147,0.225445494055748
0.495521187782288,0.34408837556839,1.17108166217804,-0.66054630279541,-0.366876929998398,-0.61479526758194,0.226068213582039
0.496331959962845,0.346601009368896,1.17256510257721,-0.667889714241028,-0.365852177143097,-0.607576072216034,0.225670054554939
0.497240751981735,0.348578065633774,1.17378902435303,-0.674755036830902,-0.363906979560852,-0.601117432117462,0.225688591599464
0.498085916042328,0.351076126098633,1.17542147636414,-0.681795358657837,-0.362245172262192,-0.594181656837463,0.225569888949394
0.499001026153564,0.353366613388062,1.17695653438568,-0.68893164396286,-0.360099166631699,-0.587143003940582,0.225754052400589
0.499995738267899,0.355632990598679,1.17853033542633,-0.696268439292908,-0.357588320970535,-0.57985258102417,0.226079389452934
0.501155316829681,0.357834160327911,1.18002283573151,-0.702181339263916,-0.356411933898926,-0.573542535305023,0.225745067000389
0.502523422241211,0.360061526298523,1.18142533302307,-0.70914226770401,-0.353382527828216,-0.566590547561646,0.226303771138191
0.503774166107178,0.362219154834747,1.18294370174408,-0.715939939022064,-0.350014090538025,-0.559999346733093,0.22654128074646
0.505088448524475,0.363421618938446,1.18398880958557,-0.7566277384758,-0.190732255578041,-0.62356823682785,0.0479416474699974
0.506311178207397,0.365875989198685,1.18581593036652,-0.728930294513702,-0.338555514812469,-0.548973143100739,0.229497641324997
0.507401466369629,0.367561399936676,1.18699645996094,-0.736767113208771,-0.332705199718475,-0.541145801544189,0.231608599424362
0.508464872837067,0.36914986371994,1.18809735774994,-0.743100166320801,-0.328340798616409,-0.534501433372498,0.233029410243034
0.508076190948486,0.367111921310425,1.18647313117981,-0.744337797164917,-0.330930203199387,-0.532582819461823,0.229786902666092
0.510301053524017,0.372484922409058,1.19008934497833,-0.750009775161743,-0.323710054159164,-0.527641952037811,0.233004793524742
0.509145140647888,0.373314559459686,1.19048595428467,-0.753655970096588,-0.321035951375961,-0.523039877414703,0.235303789377212
0.509200990200043,0.374044299125671,1.19069135189056,-0.758683860301971,-0.316906124353409,-0.517304182052612,0.237414613366127
0.509101569652557,0.374576568603516,1.19078397750854,-0.763715147972107,-0.312313616275787,-0.511559128761292,0.239805728197098
0.511622309684753,0.37582716345787,1.19129014015198,-0.771735966205597,-0.305429875850677,-0.502859890460968,0.241387709975243
0.511125206947327,0.375609427690506,1.19066572189331,-0.776570320129395,-0.299338072538376,-0.497409343719482,0.244784280657768
0.510179162025452,0.375393331050873,1.18985688686371,-0.780622899532318,-0.29410520195961,-0.492463916540146,0.248212158679962
0.508806467056274,0.37470805644989,1.18916702270508,-0.783781766891479,-0.288504809141159,-0.489091724157333,0.251476407051086
0.508806467056274,0.37470805644989,1.18916702270508,-0.783781766891479,-0.288504809141159,-0.489091724157333,0.251476407051086
0.505660593509674,0.37331348657608,1.18687963485718,-0.790313303470612,-0.269557416439056,-0.487357646226883,0.255394369363785
0.503631412982941,0.372444123029709,1.18573606014252,-0.791912794113159,-0.264725387096405,-0.485621422529221,0.258778899908066
0.503631412982941,0.372444123029709,1.18573606014252,-0.791912794113159,-0.264725387096405,-0.485621422529221,0.258778899908066
0.494777679443359,0.365378051996231,1.17966449260712,-0.796567618846893,-0.271595627069473,-0.474505186080933,0.257993638515472
0.483700841665268,0.364029914140701,1.17887902259827,-0.821145415306091,0.0231817476451396,-0.52118456363678,-0.231408134102821
0.491841465234756,0.366356790065765,1.17904627323151,-0.835173428058624,-0.257020831108093,-0.407876521348953,0.264693319797516
0.488695830106735,0.36522650718689,1.17765891551971,-0.835036516189575,-0.259486854076385,-0.403843998908997,0.268869131803513
0.485255092382431,0.363548308610916,1.17611932754517,-0.832123756408691,-0.25936496257782,-0.407346606254578,0.272706270217896
0.485255092382431,0.363548308610916,1.17611932754517,-0.832123756408691,-0.25936496257782,-0.407346606254578,0.272706270217896
0.47381117939949,0.359719574451446,1.17109966278076,-0.823224008083344,-0.26133781671524,-0.418704152107239,0.28052031993866
0.469701558351517,0.357584834098816,1.16932606697083,-0.819730222225189,-0.261252492666245,-0.42251780629158,0.285075783729553
0.465313524007797,0.355414748191833,1.16735994815826,-0.81438672542572,-0.261657506227493,-0.428453087806702,0.291097432374954
0.460862845182419,0.352633893489838,1.16535615921021,-0.809164881706238,-0.261244356632233,-0.434841692447662,0.296506583690643
0.45689383149147,0.350481867790222,1.16333997249603,-0.804447293281555,-0.260559201240539,-0.44126370549202,0.300433039665222
0.45689383149147,0.350481867790222,1.16333997249603,-0.804447293281555,-0.260559201240539,-0.44126370549202,0.300433039665222
0.447570949792862,0.345168977975845,1.15956044197083,-0.793514728546143,-0.260913640260696,-0.454852640628815,0.308816313743591
0.447570949792862,0.345168977975845,1.15956044197083,-0.793514728546143,-0.260913640260696,-0.454852640628815,0.308816313743591
0.438995867967606,0.34032791852951,1.15605008602142,-0.783179104328156,-0.261711329221725,-0.467927008867264,0.314931839704513
0.434302657842636,0.337413936853409,1.15436017513275,-0.777569532394409,-0.261099964380264,-0.476596236228943,0.316336065530777
0.430566221475601,0.335021018981934,1.15261399745941,-0.77206015586853,-0.261219650506973,-0.483671367168427,0.318981915712357
0.426472306251526,0.332327544689178,1.15104377269745,-0.766561925411224,-0.260896325111389,-0.491694092750549,0.320238649845123
0.422794222831726,0.330029249191284,1.14967143535614,-0.761496901512146,-0.262250363826752,-0.497852176427841,0.321699589490891
0.419366449117661,0.327765762805939,1.14815878868103,-0.756885766983032,-0.262968838214874,-0.502632558345795,0.324548751115799
0.416221678256989,0.325012445449829,1.14661955833435,-0.751859664916992,-0.262776881456375,-0.508116245269775,0.327831000089645
0.413384407758713,0.322509944438934,1.14498376846313,-0.747429668903351,-0.262227207422256,-0.513535261154175,0.329950541257858
0.406255513429642,0.315964013338089,1.14316380023956,0.442077308893204,0.502792656421661,0.271019577980042,-0.691603600978851
0.408672213554382,0.318858444690704,1.14244484901428,0.437120705842972,0.505459308624268,0.276029378175735,-0.690828621387482
0.406588613986969,0.31420636177063,1.13986682891846,0.316646963357925,0.553440451622009,0.246121168136597,-0.729974508285522
0.404669553041458,0.31235209107399,1.13870453834534,0.314851135015488,0.556034445762634,0.250047415494919,-0.727441251277924
0.403176724910736,0.310981631278992,1.13764095306396,0.314046710729599,0.55826061964035,0.252974897623062,-0.725067973136902
0.401664942502975,0.309433668851852,1.1364860534668,0.314268261194229,0.560357332229614,0.256487876176834,-0.722114443778992
0.401664942502975,0.309433668851852,1.1364860534668,0.314268261194229,0.560357332229614,0.256487876176834,-0.722114443778992
0.400454699993133,0.30814266204834,1.13540077209473,0.313681185245514,0.56264340877533,0.258552670478821,-0.719852089881897
0.398728102445602,0.305930316448212,1.13364195823669,0.315847754478455,0.566059052944183,0.262842774391174,-0.714654505252838
0.398234575986862,0.305128574371338,1.13284528255463,0.319121122360229,0.567055463790894,0.265823811292648,-0.711299955844879
0.397767394781113,0.30433601140976,1.13197994232178,0.317153006792068,0.570033371448517,0.263561397790909,-0.710641503334045
0.397845804691315,0.303604155778885,1.13106918334961,0.317789226770401,0.571197688579559,0.262917101383209,-0.709660351276398
0.397834241390228,0.302925378084183,1.13033139705658,0.320213288068771,0.571308672428131,0.265334457159042,-0.707578659057617
0.397764891386032,0.302170932292938,1.12966585159302,0.32314732670784,0.572122991085052,0.266115576028824,-0.705289721488953
0.398365437984466,0.301743566989899,1.12900424003601,0.323362082242966,0.573128819465637,0.263148248195648,-0.70548814535141
0.398365437984466,0.301743566989899,1.12900424003601,0.323362082242966,0.573128819465637,0.263148248195648,-0.70548814535141
0.398533791303635,0.300481796264648,1.12791657447815,0.328462690114975,0.572936058044434,0.265180975198746,-0.702521026134491
0.398533791303635,0.300481796264648,1.12791657447815,0.328462690114975,0.572936058044434,0.265180975198746,-0.702521026134491
0.39955472946167,0.299998551607132,1.12704086303711,0.332069545984268,0.572908699512482,0.263351887464523,-0.701534986495972
0.39955472946167,0.299998551607132,1.12704086303711,0.332069545984268,0.572908699512482,0.263351887464523,-0.701534986495972
0.400082439184189,0.299272954463959,1.1263861656189,0.335296779870987,0.572759091854095,0.263510227203369,-0.700061082839966
0.40035879611969,0.299091219902039,1.12616991996765,0.339140594005585,0.57233989238739,0.26503786444664,-0.697972536087036
0.40035879611969,0.299091219902039,1.12616991996765,0.339140594005585,0.57233989238739,0.26503786444664,-0.697972536087036
0.401455819606781,0.298949152231216,1.12580382823944,0.34522619843483,0.569798707962036,0.265337258577347,-0.696953773498535
0.401872515678406,0.298911869525909,1.12576055526733,0.348768502473831,0.568498134613037,0.266451954841614,-0.69582599401474
0.402390629053116,0.298942804336548,1.12571156024933,0.351216107606888,0.567160427570343,0.26717421412468,-0.695409417152405
0.402880847454071,0.298961937427521,1.125692486763,0.353794604539871,0.565627038478851,0.268101722002029,-0.694994270801544
0.403492838144302,0.299099326133728,1.12568426132202,0.357221394777298,0.56365692615509,0.26947894692421,-0.694308996200562
0.404116451740265,0.299260765314102,1.1257883310318,0.359973043203354,0.56186705827713,0.270903021097183,-0.693784117698669
0.405208498239517,0.299712002277374,1.12579798698425,0.363099843263626,0.559693992137909,0.271675914525986,-0.693608999252319
0.405208498239517,0.299712002277374,1.12579798698425,0.363099843263626,0.559693992137909,0.271675914525986,-0.693608999252319
0.405853271484375,0.299984812736511,1.12592041492462,0.365925073623657,0.557724237442017,0.272751957178116,-0.693288505077362
0.406603574752808,0.300397545099258,1.12614870071411,0.368138015270233,0.556380152702332,0.272356420755386,-0.693352401256561
0.40828150510788,0.301438421010971,1.1266804933548,0.379164844751358,0.550330877304077,0.279697358608246,-0.689303517341614
0.40828150510788,0.301438421010971,1.1266804933548,0.379164844751358,0.550330877304077,0.279697358608246,-0.689303517341614
0.410871207714081,0.302951157093048,1.12735450267792,0.389837056398392,0.544051587581635,0.284770280122757,-0.686251282691956
0.412379443645477,0.3037970662117,1.12781226634979,0.395403444766998,0.540171802043915,0.285977214574814,-0.685629427433014
0.413814604282379,0.304517686367035,1.12830972671509,0.400810182094574,0.536288857460022,0.288752317428589,-0.684373915195465
0.417558312416077,0.305817037820816,1.12842059135437,0.408731997013092,0.529984831809998,0.289657294750214,-0.684217035770416
0.417558312416077,0.305817037820816,1.12842059135437,0.408731997013092,0.529984831809998,0.289657294750214,-0.684217035770416
0.421137422323227,0.307062566280365,1.12915372848511,0.419573307037354,0.521286725997925,0.293768137693405,-0.682582437992096
0.421137422323227,0.307062566280365,1.12915372848511,0.419573307037354,0.521286725997925,0.293768137693405,-0.682582437992096
0.425461173057556,0.308633893728256,1.13002622127533,0.432338535785675,0.511479258537292,0.297226399183273,-0.680535733699799
0.425461173057556,0.308633893728256,1.13002622127533,0.432338535785675,0.511479258537292,0.297226399183273,-0.680535733699799
0.427513986825943,0.309366524219513,1.13065433502197,0.437885314226151,0.506654500961304,0.298353731632233,-0.680104851722717
0.431984841823578,0.31074059009552,1.13179361820221,0.44778960943222,0.497043043375015,0.299242824316025,-0.680357575416565
0.434187024831772,0.311425805091858,1.13242018222809,0.451707124710083,0.49225652217865,0.299108505249023,-0.6813063621521
0.436583071947098,0.312417536973953,1.13310694694519,0.455040454864502,0.487745493650436,0.297393649816513,-0.683081090450287
0.439803928136826,0.313127636909485,1.13374269008636,0.459521681070328,0.481210887432098,0.29876583814621,-0.684116244316101
0.439803928136826,0.313127636909485,1.13374269008636,0.459521681070328,0.481210887432098,0.29876583814621,-0.684116244316101
0.441851228475571,0.313425362110138,1.13438713550568,0.462438225746155,0.477076083421707,0.295772105455399,-0.686344087123871
0.443720370531082,0.31377911567688,1.13507306575775,0.464944183826446,0.472966074943542,0.295806914567947,-0.687479794025421
0.447561025619507,0.314985871315002,1.13671815395355,0.471777319908142,0.463292360305786,0.29407399892807,-0.690149903297424
0.447561025619507,0.314985871315002,1.13671815395355,0.471777319908142,0.463292360305786,0.29407399892807,-0.690149903297424
0.451340615749359,0.315942108631134,1.13874745368958,0.482034355401993,0.452603161334991,0.294550150632858,-0.68995189666748
0.451340615749359,0.315942108631134,1.13874745368958,0.482034355401993,0.452603161334991,0.294550150632858,-0.68995189666748
0.451340615749359,0.315942108631134,1.13874745368958,0.482034355401993,0.452603161334991,0.294550150632858,-0.68995189666748
0.454672157764435,0.317168176174164,1.14051020145416,0.493381679058075,0.442180275917053,0.295243263244629,-0.688391387462616
0.456406474113464,0.317662864923477,1.14156711101532,0.500677287578583,0.435716032981873,0.298678815364838,-0.685758531093597
0.456406474113464,0.317662864923477,1.14156711101532,0.500677287578583,0.435716032981873,0.298678815364838,-0.685758531093597
0.459940969944,0.318388998508453,1.14325344562531,0.511721909046173,0.424560606479645,0.30034589767456,-0.68387234210968
0.461456894874573,0.31874942779541,1.14417779445648,0.525005102157593,0.41559511423111,0.301036804914474,-0.678989827632904
0.464715570211411,0.319396913051605,1.14615070819855,0.539628028869629,0.403443396091461,0.300287544727325,-0.675175845623016
0.464715570211411,0.319396913051605,1.14615070819855,0.539628028869629,0.403443396091461,0.300287544727325,-0.675175845623016
0.467273682355881,0.319712787866592,1.14788579940796,0.551825165748596,0.391682595014572,0.297873020172119,-0.673309206962585
0.467273682355881,0.319712787866592,1.14788579940796,0.551825165748596,0.391682595014572,0.297873020172119,-0.673309206962585
0.470385760068893,0.31991708278656,1.149489402771,0.562304437160492,0.381334602832794,0.293710052967071,-0.672407686710358
0.470385760068893,0.31991708278656,1.149489402771,0.562304437160492,0.381334602832794,0.293710052967071,-0.672407686710358
0.471465289592743,0.319305062294006,1.14998209476471,0.568063795566559,0.375070065259933,0.291820585727692,-0.671912610530853
0.472395479679108,0.319286525249481,1.1509211063385,0.576317369937897,0.367733597755432,0.28679570555687,-0.671102464199066
0.473151087760925,0.3195880651474,1.15169239044189,0.583001494407654,0.362611919641495,0.283658266067505,-0.669447362422943
0.473733633756638,0.319442927837372,1.15344023704529,0.588947057723999,0.352743536233902,0.272821009159088,-0.674004554748535
0.473641127347946,0.319189727306366,1.15430164337158,0.593557715415955,0.348495572805405,0.268721342086792,-0.673816859722137
0.473641127347946,0.319189727306366,1.15430164337158,0.593557715415955,0.348495572805405,0.268721342086792,-0.673816859722137
0.471907734870911,0.319973707199097,1.15594184398651,0.59607058763504,0.347062826156616,0.2630295753479,-0.674583375453949
0.471907734870911,0.319973707199097,1.15594184398651,0.59607058763504,0.347062826156616,0.2630295753479,-0.674583375453949
0.470922589302063,0.318579465150833,1.15928077697754,0.598622500896454,0.340030670166016,0.250377178192139,-0.680691838264465
0.470096617937088,0.319235920906067,1.15874481201172,0.603325545787811,0.33557665348053,0.242643222212791,-0.68155038356781
0.469507694244385,0.319306254386902,1.15953576564789,0.603564381599426,0.330957233905792,0.2348323315382,-0.686316967010498
0.467518299818039,0.318317532539368,1.16062498092651,0.605182945728302,0.328472346067429,0.22918663918972,-0.687991857528687
0.465122908353805,0.317729353904724,1.16271352767944,0.604285359382629,0.322346717119217,0.211605355143547,-0.697248101234436
0.463675677776337,0.317166477441788,1.16348934173584,0.606339037418365,0.318656355142593,0.203633382916451,-0.699531555175781
0.463675677776337,0.317166477441788,1.16348934173584,0.606339037418365,0.318656355142593,0.203633382916451,-0.699531555175781
0.461703389883041,0.316377192735672,1.16432213783264,0.606709837913513,0.315527498722076,0.195600181818008,-0.702912569046021
0.459496527910232,0.315804362297058,1.16522431373596,0.605756342411041,0.314314305782318,0.186227455735207,-0.706813335418701
0.457412004470825,0.315060615539551,1.1661651134491,0.610295593738556,0.310395628213882,0.182250365614891,-0.705675959587097
0.454920709133148,0.314435690641403,1.16721737384796,0.611584186553955,0.308215796947479,0.174689039587974,-0.707426071166992
0.454920709133148,0.314435690641403,1.16721737384796,0.611584186553955,0.308215796947479,0.174689039587974,-0.707426071166992
0.448731005191803,0.312643826007843,1.1695464849472,0.610842943191528,0.306059777736664,0.158210247755051,-0.712858915328979
0.44588503241539,0.311529219150543,1.1705858707428,0.611956119537354,0.303922384977341,0.153733819723129,-0.713797569274902
0.442901372909546,0.31015956401825,1.17146098613739,0.61244261264801,0.30213662981987,0.146744608879089,-0.715607106685638
0.439884960651398,0.308991372585297,1.17228877544403,0.611984491348267,0.298943698406219,0.139089494943619,-0.718861520290375
0.436938852071762,0.307445406913757,1.17339754104614,0.611407279968262,0.297157555818558,0.131952315568924,-0.721434056758881
0.433730185031891,0.306243777275085,1.17456531524658,0.611709475517273,0.297270268201828,0.123051822185516,-0.722703516483307
0.43057969212532,0.304745376110077,1.17567491531372,0.610959649085999,0.294860631227493,0.118529707193375,-0.725076675415039
0.427359312772751,0.30282324552536,1.17670929431915,0.608277797698975,0.293947011232376,0.108879953622818,-0.729204058647156
0.423751264810562,0.300834625959396,1.17780494689941,0.612002789974213,0.294880956411362,0.107690520584583,-0.725879013538361
0.420908808708191,0.299771517515182,1.17908930778503,0.6085604429245,0.291748434305191,0.097541719675064,-0.731452465057373
0.417237281799316,0.297350138425827,1.18011379241943,0.608260989189148,0.292779147624969,0.0922294855117797,-0.731978714466095
0.414102256298065,0.295912742614746,1.18106782436371,0.611216962337494,0.292539119720459,0.0881655216217041,-0.730110645294189
0.41082888841629,0.293949037790298,1.18210124969482,0.610221922397614,0.291539371013641,0.0825389251112937,-0.731998145580292
0.407775044441223,0.292063236236572,1.18320226669312,0.60920512676239,0.291825830936432,0.076506532728672,-0.73338508605957
0.404477834701538,0.289517194032669,1.18418276309967,0.608291387557983,0.29080268740654,0.0724095776677131,-0.734964072704315
0.401359260082245,0.28682604432106,1.18498003482819,0.608123600482941,0.289618283510208,0.0685773566365242,-0.735937595367432
0.398411571979523,0.285342037677765,1.18629813194275,0.608455419540405,0.288765996694565,0.0651948451995849,-0.73630553483963
0.395376026630402,0.282963067293167,1.18713963031769,0.605477094650269,0.287792861461639,0.0589114613831043,-0.739663541316986
0.392471104860306,0.280584096908569,1.18810153007507,0.606022477149963,0.287257701158524,0.0574213862419128,-0.739542067050934
0.389669239521027,0.278393268585205,1.18919479846954,0.604622006416321,0.287140905857086,0.0524377450346946,-0.741102457046509
0.386580735445023,0.275964885950089,1.19020068645477,0.603232622146606,0.286692470312118,0.0489766374230384,-0.742643415927887
0.384224474430084,0.274070173501968,1.19104743003845,0.611195623874664,0.285991221666336,0.0430422164499759,-0.736747264862061
0.381529688835144,0.271754205226898,1.19179892539978,0.611158609390259,0.285387635231018,0.0414924845099449,-0.737100720405579
