x,y,z,q0,q1,q2,q3
0.533937573432922,0.0678289830684661,1.57567632198334,-0.241592362523079,0.320126891136169,0.795014381408691,-0.455086886882782
0.533387303352356,0.0684834569692611,1.5755500793457,-0.241733148694038,0.320847183465958,0.794981181621552,-0.454562604427338
0.531284987926483,0.0684527233242988,1.57496345043182,-0.240300267934799,0.320996254682541,0.795831024646759,-0.453729301691055
0.530835568904877,0.0691461712121963,1.57482707500458,-0.24057774245739,0.32169097661972,0.795815408229828,-0.453117102384567
0.530262231826782,0.0696422830224037,1.57462787628174,-0.240618452429771,0.322721779346466,0.796307921409607,-0.451494425535202
0.529842376708984,0.0704085230827331,1.5743795633316,-0.240977197885513,0.323219984769821,0.796457469463348,-0.450682044029236
0.52940571308136,0.0711462497711181,1.57429802417755,-0.24188107252121,0.324135959148407,0.796311676502228,-0.449797004461288
0.52940571308136,0.0711462497711181,1.57429802417755,-0.24188107252121,0.324135959148407,0.796311676502228,-0.449797004461288
0.528428137302399,0.0723058879375457,1.5736688375473,-0.241575792431831,0.326507061719894,0.796281754970551,-0.448296546936035
0.529421150684357,0.0733500495553016,1.57388997077942,-0.243225425481796,0.328324824571609,0.795798182487488,-0.446933478116989
0.528966903686523,0.0741776973009109,1.57368159294128,-0.243696659803391,0.329055190086365,0.795769512653351,-0.44619008898735
0.528966903686523,0.0741776973009109,1.57368159294128,-0.243696659803391,0.329055190086365,0.795769512653351,-0.44619008898735
0.527854681015015,0.0756434500217437,1.57347333431244,-0.244516864418983,0.332146763801575,0.796898066997528,-0.44141098856926
0.527567505836487,0.0763252303004264,1.57335901260376,-0.245192855596542,0.332797557115555,0.79462468624115,-0.444632411003113
0.527567505836487,0.0763252303004264,1.57335901260376,-0.245192855596542,0.332797557115555,0.79462468624115,-0.444632411003113
0.526656210422516,0.0778783038258552,1.57293093204498,-0.245792657136917,0.334715962409973,0.794370353221893,-0.44331356883049
0.526110649108887,0.0786016136407852,1.57261252403259,-0.245729357004166,0.335896462202072,0.794105112552643,-0.442930817604065
0.525541424751282,0.0794503316283226,1.57235658168793,-0.245660483837128,0.33744689822197,0.79574590921402,-0.438826739788055
0.525127291679382,0.0801715105772018,1.57217764854431,-0.245817214250564,0.339085072278976,0.79518449306488,-0.438493877649307
0.524712800979614,0.0809339582920074,1.57197690010071,-0.245645508170128,0.340979486703873,0.795197188854218,-0.437095880508423
0.524251580238342,0.0818168297410011,1.57159662246704,-0.245549499988556,0.341344773769379,0.795348405838013,-0.436589330434799
0.52383941411972,0.0826549232006073,1.57145714759827,-0.245827212929726,0.342614203691482,0.794813990592957,-0.436411768198013
0.523443639278412,0.0835901573300361,1.57127141952515,-0.246055826544762,0.342993497848511,0.794518709182739,-0.436522722244263
0.523011445999146,0.084434375166893,1.57092523574829,-0.24577559530735,0.343697279691696,0.794524073600769,-0.436116933822632
0.522883415222168,0.085151121020317,1.57097733020782,-0.246364071965218,0.344245493412018,0.791411519050598,-0.440984845161438
0.52164751291275,0.0859985649585723,1.56999719142914,-0.245352789759636,0.343596130609512,0.791760742664337,-0.441427975893021
0.522136449813843,0.0869261175394058,1.57056248188019,-0.246087998151779,0.345710277557373,0.791048943996429,-0.440643280744553
0.521742880344391,0.0877834409475326,1.57039868831635,-0.246058940887451,0.346691161394119,0.790656983852386,-0.440592467784882
0.521502315998077,0.0887271910905838,1.57024872303009,-0.246341302990913,0.347283393144607,0.790180683135986,-0.440822720527649
0.521084308624268,0.0893852934241294,1.57006740570068,-0.245475053787231,0.349017858505249,0.78995007276535,-0.440349131822586
0.520764410495758,0.0901685878634452,1.56994163990021,-0.245399162173271,0.350056350231171,0.789421439170837,-0.440515130758286
0.52040433883667,0.0909640192985534,1.56979179382324,-0.244947090744972,0.35125333070755,0.789220094680786,-0.440174549818039
0.520122885704041,0.09180448949337,1.5696394443512,-0.244970619678497,0.351757764816284,0.788800954818726,-0.440509825944901
0.519734025001526,0.0927113816142082,1.5694568157196,-0.244499891996384,0.352297186851501,0.788763165473938,-0.440408080816269
0.519460678100586,0.093483380973339,1.56937193870544,-0.244533941149712,0.353208690881729,0.788278102874756,-0.440527439117432
0.519062280654907,0.0942657738924026,1.56920850276947,-0.243968784809112,0.354075700044632,0.788044333457947,-0.44056299328804
0.517949461936951,0.0947740450501442,1.56836104393005,-0.242730885744095,0.354411602020264,0.787903249263763,-0.441228628158569
0.517716526985168,0.0956691056489944,1.56828379631042,-0.242960289120674,0.355070114135742,0.787322998046875,-0.441608399152756
0.518204987049103,0.096310369670391,1.56860756874084,-0.242304861545563,0.35702383518219,0.787032067775726,-0.440911471843719
0.518006026744843,0.097236543893814,1.56878089904785,-0.243192628026009,0.357785016298294,0.786135911941528,-0.441404193639755
0.517674684524536,0.0978328138589859,1.56858849525452,-0.242517232894897,0.358626067638397,0.786080062389374,-0.441192448139191
0.517440557479858,0.0986554697155952,1.56846940517426,-0.242565706372261,0.358977615833282,0.785743892192841,-0.441478788852692
0.517211258411407,0.099330797791481,1.56838726997375,-0.242778897285461,0.359497755765915,0.785238742828369,-0.441837102174759
0.516072571277618,0.0997814536094665,1.56721782684326,-0.240555867552757,0.359034419059753,0.785856902599335,-0.442330241203308
0.515910148620605,0.100431434810161,1.56714367866516,-0.240597784519196,0.359811395406723,0.78522253036499,-0.442802429199219
0.516433835029602,0.101108096539974,1.56805193424225,-0.241969645023346,0.361860156059265,0.784031391143799,-0.442496031522751
0.516283631324768,0.101890198886395,1.56797528266907,-0.242178872227669,0.362277805805206,0.783598661422729,-0.442806124687195
0.516009867191315,0.102409586310387,1.56787705421448,-0.241868436336517,0.362689137458801,0.783261179924011,-0.443236202001572
0.516009867191315,0.102409586310387,1.56787705421448,-0.241868436336517,0.362689137458801,0.783261179924011,-0.443236202001572
0.514634490013123,0.103620752692223,1.56646966934204,-0.2399872392416,0.361464262008667,0.783732235431671,-0.444424897432327
0.514399230480194,0.104059003293514,1.56640839576721,-0.239500373601913,0.362124115228653,0.78324156999588,-0.445015251636505
0.514289855957031,0.104268528521061,1.56645488739014,-0.239481672644615,0.363376528024673,0.782696664333344,-0.444962859153748
0.514919459819794,0.104991443455219,1.56717109680176,-0.240560710430145,0.364868223667145,0.781296014785767,-0.445621192455292
0.514744877815247,0.105563364923,1.56708216667175,-0.240598380565643,0.36522912979126,0.780667304992676,-0.446406483650208
0.514481127262115,0.105966091156006,1.56688892841339,-0.240119129419327,0.365941971540451,0.780113756656647,-0.447047859430313
0.51423305273056,0.10647489875555,1.56673789024353,-0.240045070648193,0.366376727819443,0.77923995256424,-0.448253929615021
0.513936638832092,0.10694682598114,1.56664252281189,-0.240009367465973,0.366725444793701,0.778551280498505,-0.449183642864227
0.513632953166962,0.107407703995705,1.56646001338959,-0.240032657980919,0.366711497306824,0.777990818023682,-0.450152456760406
0.513467371463776,0.107929065823555,1.56637156009674,-0.240395858883858,0.367117911577225,0.776899516582489,-0.451510310173035
0.513156294822693,0.108338221907616,1.56621158123016,-0.240478128194809,0.367274314165115,0.776170670986176,-0.452591449022293
0.512765526771545,0.109252288937569,1.56587338447571,-0.240963488817215,0.366082102060318,0.775707364082336,-0.454090982675552
0.512415885925293,0.109699532389641,1.56571900844574,-0.241215363144874,0.366070449352264,0.775067329406738,-0.455058544874191
0.512026011943817,0.110084787011147,1.56556737422943,-0.241402462124824,0.366090685129166,0.774235963821411,-0.45635661482811
0.510744392871857,0.110493682324886,1.56454563140869,-0.240829303860664,0.364321291446686,0.774460256099701,-0.45769265294075
0.510387659072876,0.110830895602703,1.56431663036346,-0.241031646728516,0.364334225654602,0.773652791976929,-0.458939701318741
0.510037302970886,0.111270137131214,1.56427156925201,-0.241696506738663,0.364285945892334,0.772725760936737,-0.460188448429108
0.509638965129852,0.111626170575619,1.5640664100647,-0.242202058434486,0.364071786403656,0.772003173828125,-0.461303651332855
0.509292840957642,0.112059436738491,1.56392765045166,-0.242925837635994,0.363868713378906,0.771168410778046,-0.462478041648865
0.509730815887451,0.112425081431866,1.56458449363708,-0.244072988629341,0.3652223944664,0.769719958305359,-0.463219612836838
0.50929206609726,0.112834580242634,1.56436383724213,-0.244530603289604,0.364458113908768,0.769758582115173,-0.463515877723694
0.508949637413025,0.11308877915144,1.56421887874603,-0.244885295629501,0.36457034945488,0.768877923488617,-0.46470034122467
0.508949637413025,0.11308877915144,1.56421887874603,-0.244885295629501,0.36457034945488,0.768877923488617,-0.46470034122467
0.508050680160522,0.113935731351375,1.56380259990692,-0.245886549353599,0.364274263381958,0.767295658588409,-0.467013388872147
0.507700622081757,0.114125728607178,1.56363499164581,-0.246231257915497,0.364061713218689,0.7668217420578,-0.467775225639343
0.507358849048615,0.114478021860123,1.56359195709229,-0.246753171086311,0.364298313856125,0.765543818473816,-0.469406276941299
0.506126523017883,0.114588409662247,1.56259799003601,-0.245834454894066,0.362728118896484,0.765646994113922,-0.470933496952057
0.505357384681702,0.114951401948929,1.56217861175537,-0.245483785867691,0.362343907356262,0.76547783613205,-0.471686780452728
0.505835175514221,0.115300886332989,1.56288266181946,-0.246820256114006,0.36337411403656,0.764506876468658,-0.471771448850632
0.505401015281677,0.115590468049049,1.56279110908508,-0.246982425451279,0.363310188055038,0.763786256313324,-0.472901523113251
0.505071520805359,0.115922681987286,1.56272029876709,-0.247335985302925,0.363262593746185,0.763041853904724,-0.473954051733017
0.504676282405853,0.116205513477325,1.5625718832016,-0.247394755482674,0.363001257181168,0.762598097324371,-0.47483703494072
0.504558622837067,0.116453625261784,1.56270945072174,-0.248060032725334,0.363051205873489,0.76169753074646,-0.475895822048187
0.503360688686371,0.116562597453594,1.56173551082611,-0.246736884117126,0.361416637897491,0.762040495872498,-0.477276831865311
0.503360688686371,0.116562597453594,1.56173551082611,-0.246736884117126,0.361416637897491,0.762040495872498,-0.477276831865311
0.502984523773193,0.11738146841526,1.56203925609589,-0.247735291719437,0.362060129642487,0.760548233985901,-0.478650331497192
0.501754820346832,0.117520846426487,1.56114768981934,-0.246484696865082,0.360794395208359,0.760565280914307,-0.48022198677063
0.501423180103302,0.117774181067944,1.56100904941559,-0.246470332145691,0.360414117574692,0.760342121124268,-0.480867922306061
0.501047313213348,0.11802963167429,1.56085526943207,-0.246445491909981,0.360194891691208,0.759936451911926,-0.481685400009155
0.500596702098846,0.11845026910305,1.56078326702118,-0.246646091341972,0.35965296626091,0.759503066539764,-0.482670217752457
0.500511944293976,0.118655428290367,1.56098699569702,-0.247180372476578,0.359903216362,0.758791446685791,-0.483329206705093
0.500090897083282,0.118831977248192,1.56085908412933,-0.246921792626381,0.360016345977783,0.758180797100067,-0.484334349632263
0.499346554279327,0.119032688438892,1.5604453086853,-0.246292561292648,0.359810173511505,0.758398711681366,-0.484466701745987
0.498983800411224,0.119297884404659,1.56038296222687,-0.246409639716148,0.3597052693367,0.757968127727509,-0.48515859246254
0.498617321252823,0.119463920593262,1.56032645702362,-0.24625451862812,0.35987913608551,0.757473886013031,-0.485879689455032
0.498298794031143,0.119653232395649,1.560342669487,-0.246390298008919,0.359896749258041,0.757140040397644,-0.486317962408066
0.498298794031143,0.119653232395649,1.560342669487,-0.246390298008919,0.359896749258041,0.757140040397644,-0.486317962408066
0.497667729854584,0.120025217533112,1.56041777133942,-0.246605277061462,0.359920740127563,0.756447911262512,-0.487267285585403
0.497401565313339,0.120136626064777,1.56041443347931,-0.246583998203278,0.359954178333282,0.756253361701965,-0.487555384635925
0.497085332870483,0.120213255286217,1.56042230129242,-0.246358439326286,0.360058963298798,0.756358683109283,-0.487428545951843
0.496803462505341,0.120300352573395,1.56041324138641,-0.246299758553505,0.360316127538681,0.755862951278687,-0.488036930561066
0.496582239866257,0.120354250073433,1.56049084663391,-0.246332600712776,0.360435396432877,0.755695998668671,-0.488190889358521
0.496004372835159,0.120444566011429,1.56120240688324,-0.247377201914787,0.360990732908249,0.755000293254852,-0.488328635692596
0.495614528656006,0.120491161942482,1.56165671348572,-0.248029619455337,0.361188471317291,0.75460559129715,-0.488461554050446
0.495614528656006,0.120491161942482,1.56165671348572,-0.248029619455337,0.361188471317291,0.75460559129715,-0.488461554050446
0.494799494743347,0.12062905728817,1.56274437904358,-0.249579384922981,0.361535370349884,0.753666520118713,-0.488865226507187
0.494445770978928,0.120596647262573,1.56321322917938,-0.25007438659668,0.362078905105591,0.753114998340607,-0.489059835672378
0.49462828040123,0.12023152410984,1.56421065330505,-0.251110196113586,0.362957209348679,0.752526700496674,-0.4887835085392
0.494326710700989,0.120177946984768,1.56478369235992,-0.251862674951553,0.363440752029419,0.752100169658661,-0.488693535327911
0.494064539670944,0.120106473565102,1.56528341770172,-0.252458274364471,0.363729506731033,0.751735031604767,-0.488733351230621
0.493818014860153,0.120008520781994,1.56586790084839,-0.253234416246414,0.364083617925644,0.751355528831482,-0.488651603460312
0.493525981903076,0.119834631681442,1.5663640499115,-0.25355139374733,0.364371359348297,0.75140768289566,-0.488192349672318
0.493374228477478,0.11970180273056,1.56664419174194,-0.25381338596344,0.364340424537659,0.751323223114014,-0.488209187984466
0.49311289191246,0.119474843144417,1.56735157966614,-0.254606395959854,0.365040987730026,0.750577926635742,-0.488419324159622
0.492931813001633,0.119325265288353,1.56791508197784,-0.255383402109146,0.365182012319565,0.750207424163818,-0.488477617502213
0.492781102657318,0.119196340441704,1.56836104393005,-0.256201028823852,0.364840596914291,0.749968230724335,-0.488671630620956
0.492661446332932,0.119065210223198,1.56885623931885,-0.257060378789902,0.364261150360107,0.750217199325562,-0.488270401954651
0.492572665214539,0.118783533573151,1.56939840316772,-0.257800549268722,0.364306032657623,0.749980032444,-0.48821097612381
0.492453098297119,0.1185707077384,1.56991982460022,-0.258655607700348,0.364357203245163,0.749688029289246,-0.488168954849243
0.49604320526123,0.117041930556297,1.55956983566284,-0.240608185529709,0.354792296886444,0.76036661863327,-0.48792690038681
0.49578332901001,0.117717310786247,1.56155002117157,-0.244855046272278,0.355848371982574,0.758285343647003,-0.488283962011337
0.49599677324295,0.117287874221802,1.56170749664307,-0.245179772377014,0.355430662631989,0.758308708667755,-0.488389015197754
0.496196061372757,0.116970673203468,1.56180250644684,-0.245536804199219,0.354772210121155,0.758725225925446,-0.488041490316391
0.496393650770187,0.116428524255752,1.56192660331726,-0.245559513568878,0.354688435792923,0.758897602558136,-0.487822741270065
0.496692657470703,0.11591511964798,1.56213736534119,-0.245805695652962,0.354298323392868,0.759112119674683,-0.487648665904999
0.496919393539429,0.115531653165817,1.56220674514771,-0.246099755167961,0.353395372629166,0.759442269802094,-0.487641423940659
0.497277498245239,0.115080706775188,1.56221771240234,-0.246350437402725,0.352229565382004,0.759933352470398,-0.487593144178391
0.497561991214752,0.114628575742245,1.56229400634766,-0.246432244777679,0.351523578166962,0.760303318500519,-0.487484633922577
0.497561991214752,0.114628575742245,1.56229400634766,-0.246432244777679,0.351523578166962,0.760303318500519,-0.487484633922577
0.498128622770309,0.113605342805386,1.56256890296936,-0.246644347906113,0.350445747375488,0.760821223258972,-0.487345397472382
0.498494625091553,0.113189503550529,1.56270158290863,-0.247153997421265,0.349502563476562,0.761097252368927,-0.487333387136459
0.498840868473053,0.11253609508276,1.56282413005829,-0.246899500489235,0.348972946405411,0.761588156223297,-0.487074881792068
0.499884277582169,0.112075582146644,1.5636819601059,-0.247902438044548,0.349509537220001,0.761620700359344,-0.486128926277161
0.500266313552856,0.111528262495994,1.56384468078613,-0.247909471392632,0.348773092031479,0.762053906917572,-0.485975444316864
0.500644683837891,0.111217394471169,1.56394898891449,-0.24822387099266,0.346817910671234,0.762637972831726,-0.486297965049744
0.50100177526474,0.110585376620293,1.56407642364502,-0.247961103916168,0.346403926610947,0.76314777135849,-0.485927015542984
0.501663267612457,0.110097266733646,1.56451094150543,-0.248380795121193,0.34571161866188,0.763437569141388,-0.485750615596771
0.501922309398651,0.109551541507244,1.56459617614746,-0.248021319508552,0.344965934753418,0.76383513212204,-0.485839337110519
0.502305328845978,0.108798585832119,1.56476306915283,-0.2477166056633,0.344343245029449,0.764479398727417,-0.485422939062118
0.502456605434418,0.108311787247658,1.56470334529877,-0.247461095452309,0.343358248472214,0.764772236347198,-0.485789716243744
0.503158152103424,0.107704125344753,1.56506621837616,-0.247713148593903,0.342920899391174,0.765126585960388,-0.485412031412125
0.503548860549927,0.107389755547047,1.5650532245636,-0.247567355632782,0.341295331716537,0.766172409057617,-0.484982281923294
0.503234326839447,0.106815181672573,1.56444489955902,-0.246411815285683,0.339125573635101,0.767488479614258,-0.485011756420135
0.50438404083252,0.106326803565025,1.56530678272247,-0.247401565313339,0.339745312929153,0.767165839672089,-0.48458456993103
0.50438404083252,0.106326803565025,1.56530678272247,-0.247401565313339,0.339745312929153,0.767165839672089,-0.48458456993103
0.505005598068237,0.105257630348205,1.56528651714325,-0.246750324964523,0.338026911020279,0.768146693706512,-0.484564661979675
0.504599213600159,0.104503236711025,1.5646311044693,-0.245085507631302,0.336413860321045,0.769305109977722,-0.484694242477417
0.50499552488327,0.104163527488708,1.56477034091949,-0.245210438966751,0.335724979639053,0.769819319248199,-0.484292060136795
0.50499552488327,0.104163527488708,1.56477034091949,-0.245210438966751,0.335724979639053,0.769819319248199,-0.484292060136795
0.506103277206421,0.103152021765709,1.56528782844543,-0.24549525976181,0.334772706031799,0.770578026771545,-0.483599990606308
0.50707346200943,0.102891854941845,1.56594240665436,-0.246465027332306,0.335074990987778,0.77028501033783,-0.483363956212997
0.506580531597137,0.102502346038818,1.56528055667877,-0.245020136237144,0.332718223333359,0.771363317966461,-0.484006613492966
0.506580531597137,0.102502346038818,1.56528055667877,-0.245020136237144,0.332718223333359,0.771363317966461,-0.484006613492966
0.50820255279541,0.101997241377831,1.56633043289185,-0.246198460459709,0.333024501800537,0.771619319915771,-0.482788443565369
0.508557081222534,0.10171714425087,1.56647729873657,-0.246034294366836,0.33265694975853,0.772016584873199,-0.482490241527557
0.508557081222534,0.10171714425087,1.56647729873657,-0.246034294366836,0.33265694975853,0.772016584873199,-0.482490241527557
0.509539723396301,0.10116970539093,1.56691765785217,-0.246043384075165,0.331882774829865,0.772667646408081,-0.481976240873337
0.509893298149109,0.10101892054081,1.56701588630676,-0.245949476957321,0.33161872625351,0.772936880588531,-0.481774359941482
0.510251581668854,0.100889831781387,1.56710040569305,-0.245835661888123,0.331200182437897,0.773185253143311,-0.481721699237823
0.51027375459671,0.100625917315483,1.56694388389587,-0.244907259941101,0.331367015838623,0.773446559906006,-0.481660455465317
0.510821104049683,0.100425779819488,1.56724679470062,-0.244846493005753,0.331604391336441,0.773532569408417,-0.481389909982681
0.511111974716187,0.100366584956646,1.5673121213913,-0.244714841246605,0.331465393304825,0.773846209049225,-0.481048315763474
0.510567486286163,0.10025679320097,1.56659233570099,-0.243154808878899,0.329966008663177,0.774824142456055,-0.481295943260193
0.510477066040039,0.100200295448303,1.56637990474701,-0.242077708244324,0.330016165971756,0.775666415691376,-0.480447083711624
0.510477066040039,0.100200295448303,1.56637990474701,-0.242077708244324,0.330016165971756,0.775666415691376,-0.480447083711624
0.511818766593933,0.100277572870255,1.567263007164,-0.242956161499023,0.331905096769333,0.775128245353699,-0.479570180177689
0.512012243270874,0.100295506417751,1.567302942276,-0.242558002471924,0.332130610942841,0.775169610977173,-0.479548782110214
0.512201309204102,0.100337810814381,1.56738245487213,-0.242301166057587,0.332374066114426,0.775256752967834,-0.479369044303894
0.512440979480743,0.100468330085278,1.56743633747101,-0.242070734500885,0.332736164331436,0.775240778923035,-0.479260057210922
0.512850105762482,0.100499868392944,1.5677136182785,-0.242011606693268,0.333493262529373,0.775408625602722,-0.478491485118866
0.512698829174042,0.100653417408466,1.56747364997864,-0.241067811846733,0.333490461111069,0.775828301906586,-0.478289604187012
0.513156235218048,0.10075818747282,1.567751288414,-0.241262435913086,0.333947569131851,0.775732517242432,-0.478027790784836
0.513007581233978,0.100900940597057,1.56753730773926,-0.240421757102013,0.334036201238632,0.776005566120148,-0.477946221828461
0.513441920280457,0.100987397134304,1.56781542301178,-0.240288883447647,0.334902673959732,0.775608122348785,-0.478051841259003
0.513543844223022,0.101129807531834,1.56785714626312,-0.239790350198746,0.335351467132568,0.77552992105484,-0.478114485740662
0.51361358165741,0.101258926093578,1.56787240505219,-0.239353910088539,0.335690051317215,0.775605022907257,-0.477973699569702
0.513403177261353,0.101396180689335,1.56765723228455,-0.238449364900589,0.335847556591034,0.775893867015839,-0.477846324443817
0.513423979282379,0.101675257086754,1.56756401062012,-0.237899780273438,0.335554420948029,0.776196718215942,-0.477834463119507
0.513823926448822,0.101765938103199,1.56783723831177,-0.238090097904205,0.336742103099823,0.775413691997528,-0.478175193071365
0.513823926448822,0.101765938103199,1.56783723831177,-0.238090097904205,0.336742103099823,0.775413691997528,-0.478175193071365
0.514021277427673,0.10219756513834,1.56783652305603,-0.237690702080727,0.338123083114624,0.774728715419769,-0.478509575128555
0.514012932777405,0.102363832294941,1.56771445274353,-0.237254425883293,0.338375598192215,0.774738967418671,-0.47853097319603
0.514006614685059,0.102538414299488,1.5676109790802,-0.236912921071052,0.33857735991478,0.774653196334839,-0.478696376085281
0.514143824577332,0.102820850908756,1.56761455535889,-0.237124308943748,0.33891174197197,0.774188756942749,-0.479106098413467
0.514180898666382,0.103164687752724,1.56751120090485,-0.237213015556335,0.33893746137619,0.773939430713654,-0.479446679353714
0.514339566230774,0.102916941046715,1.56730318069458,-0.236457496881485,0.339794546365738,0.773925423622131,-0.479235738515854
0.514340400695801,0.103051334619522,1.56750869750977,-0.236772820353508,0.340574830770492,0.773342072963715,-0.479467779397964
0.514386653900146,0.103104189038277,1.56746101379395,-0.236644491553306,0.341642290353775,0.772756338119507,-0.479716300964355
0.513568818569183,0.103216789662838,1.56664860248566,-0.235138699412346,0.341329634189606,0.772963881492615,-0.480344414710998
0.513652324676514,0.103430144488811,1.5665864944458,-0.235229030251503,0.341931879520416,0.772253572940826,-0.481013923883438
0.513659715652466,0.103625006973743,1.56644093990326,-0.235199972987175,0.342163264751434,0.77203756570816,-0.481210201978683
0.513727605342865,0.103774927556515,1.56635892391205,-0.235223203897476,0.342576801776886,0.771669030189514,-0.481495797634125
0.51381927728653,0.104130744934082,1.56625962257385,-0.235605299472809,0.342362254858017,0.771493017673492,-0.481743544340134
0.513933598995209,0.10434365272522,1.56624007225037,-0.236113548278809,0.343069493770599,0.770665466785431,-0.482315927743912
0.513960719108582,0.104378551244736,1.56618523597717,-0.2360520362854,0.344263225793839,0.769741415977478,-0.482970505952835
0.514036059379578,0.104790821671486,1.56621754169464,-0.236579835414886,0.344424158334732,0.769038796424866,-0.48371621966362
0.514158546924591,0.104844376444817,1.56614315509796,-0.236570551991463,0.344994217157364,0.768545508384705,-0.48409840464592
0.514200448989868,0.104794926941395,1.56613385677338,-0.236511841416359,0.34569787979126,0.768212378025055,-0.484153747558594
0.514313220977783,0.104963466525078,1.56618595123291,-0.236782371997833,0.346213638782501,0.767623007297516,-0.484587550163269
0.514426708221436,0.105132162570953,1.56618058681488,-0.236938998103142,0.346419960260391,0.767135202884674,-0.485135853290558
0.515395820140839,0.105263717472553,1.56691837310791,-0.238130167126655,0.348076552152634,0.765974342823029,-0.485201120376587
0.515483319759369,0.10535291582346,1.56694173812866,-0.238035321235657,0.348370552062988,0.765644013881683,-0.485557913780212
0.515618801116943,0.105413734912872,1.5669938325882,-0.237969905138016,0.348542898893356,0.764978170394897,-0.486514896154404
0.515733957290649,0.105480559170246,1.56700944900513,-0.237852111458778,0.34846755862236,0.764799773693085,-0.486906677484512
0.515904009342194,0.105556800961494,1.56683433055878,-0.237350359559059,0.348301529884338,0.764659762382507,-0.487489938735962
0.515999317169189,0.105494581162929,1.56707084178925,-0.237433776259422,0.348591476678848,0.76412969827652,-0.48807281255722
0.516130030155182,0.105495847761631,1.56713557243347,-0.237295180559158,0.34852209687233,0.763887584209442,-0.48856845498085
0.516271650791168,0.105478197336197,1.56726026535034,-0.237217843532562,0.348451644182205,0.763559579849243,-0.489168673753738
0.516386866569519,0.10544016957283,1.56733286380768,-0.237053975462914,0.34832701086998,0.763275384902954,-0.48977991938591
0.516499638557434,0.105233497917652,1.56741666793823,-0.236668646335602,0.348710775375366,0.762674331665039,-0.490628808736801
0.515379190444946,0.105436429381371,1.56627154350281,-0.234772965312004,0.346400111913681,0.763415932655334,-0.492021083831787
0.515490531921387,0.105344630777836,1.56632220745087,-0.234562426805496,0.346257895231247,0.763077139854431,-0.49274668097496
0.515490531921387,0.105344630777836,1.56632220745087,-0.234562426805496,0.346257895231247,0.763077139854431,-0.49274668097496
0.515680074691772,0.105231776833534,1.56650841236115,-0.234284996986389,0.345817983150482,0.761975407600403,-0.494887679815292
0.516319930553436,0.104804433882236,1.56706762313843,-0.23497761785984,0.346084386110306,0.761152029037476,-0.495639622211456
0.516410291194916,0.104613184928894,1.56709611415863,-0.234786689281464,0.345815300941467,0.760888755321503,-0.496321737766266
0.516410291194916,0.104613184928894,1.56709611415863,-0.234786689281464,0.345815300941467,0.760888755321503,-0.496321737766266
0.51661080121994,0.104246839880943,1.56743609905243,-0.23453626036644,0.346257150173187,0.759887993335724,-0.497663587331772
0.516049265861511,0.104346916079521,1.56690120697021,-0.233892813324928,0.344982475042343,0.759949207305908,-0.498756945133209
0.516462802886963,0.10408278554678,1.56710863113403,-0.234287068247795,0.344823628664017,0.759524464607239,-0.499328404664993
0.516479790210724,0.103950560092926,1.56724917888641,-0.234594777226448,0.344484806060791,0.759105145931244,-0.500054955482483
0.516479790210724,0.103950560092926,1.56724917888641,-0.234594777226448,0.344484806060791,0.759105145931244,-0.500054955482483
0.516516864299774,0.103283561766148,1.56739103794098,-0.234620869159698,0.3441222012043,0.758545517921448,-0.501140475273132
0.516509890556335,0.103156678378582,1.56741237640381,-0.234921231865883,0.343523740768433,0.758520424365997,-0.501448035240173
0.516511917114258,0.102935001254082,1.56740605831146,-0.235078006982803,0.343132078647614,0.75832462310791,-0.501938700675964
0.516511917114258,0.102935001254082,1.56740605831146,-0.235078006982803,0.343132078647614,0.75832462310791,-0.501938700675964
0.516646564006805,0.102497018873692,1.56757807731628,-0.236280828714371,0.34267470240593,0.757166504859924,-0.503432631492615
0.515780329704285,0.102689832448959,1.56934928894043,-0.240227103233337,0.343118786811829,0.755163609981537,-0.504270195960999
0.515804529190063,0.102485880255699,1.56933319568634,-0.240752726793289,0.3428073823452,0.755076587200165,-0.504361629486084
0.515875101089478,0.102283209562302,1.56936395168304,-0.241451352834702,0.342317134141922,0.754692792892456,-0.50493460893631
0.515950262546539,0.10207188129425,1.56942319869995,-0.242031916975975,0.341820061206818,0.754166901111603,-0.505778431892395
0.516001343727112,0.101687081158161,1.569455742836,-0.242189794778824,0.34209993481636,0.753658056259155,-0.506272077560425
0.516001343727112,0.101687081158161,1.569455742836,-0.242189794778824,0.34209993481636,0.753658056259155,-0.506272077560425
0.516118288040161,0.101334042847156,1.56951975822449,-0.243329778313637,0.340993136167526,0.753434121608734,-0.506805121898651
0.516200661659241,0.101095236837864,1.56954026222229,-0.24381822347641,0.340547531843185,0.753018081188202,-0.507487833499908
0.517442107200623,0.100091442465782,1.56781101226807,-0.240511134266853,0.340017855167389,0.754675388336182,-0.506958901882172
0.517489969730377,0.0998412445187568,1.56783902645111,-0.240822821855545,0.339775830507278,0.754447877407074,-0.507311820983887
0.517517268657684,0.0997348129749298,1.56782782077789,-0.241279631853104,0.338912427425385,0.754545331001282,-0.50752717256546
0.517657876014709,0.0995343327522277,1.56792223453522,-0.241943359375,0.338202506303787,0.754255831241608,-0.508114874362946
0.517700910568237,0.0993274077773094,1.56795716285706,-0.24245660007,0.337608307600021,0.754177689552307,-0.508381247520447
0.517759323120117,0.0988923236727714,1.5680330991745,-0.242480993270874,0.337909311056137,0.75367146730423,-0.508919954299927
0.517774701118469,0.0986495241522789,1.56805765628815,-0.242674574255943,0.337505012750626,0.753604352474213,-0.509195387363434
0.517896473407745,0.0984546169638633,1.56813812255859,-0.243166893720627,0.336827725172043,0.753499269485474,-0.509564459323883
0.517974615097046,0.098261646926403,1.56818771362305,-0.243544310331345,0.335989236831665,0.75351881980896,-0.509908556938171
0.518034994602203,0.0978282541036605,1.56823205947876,-0.243486151099205,0.336141526699066,0.753147304058075,-0.510384559631348
0.518146574497223,0.0975159630179405,1.56830286979675,-0.2436753064394,0.336012780666351,0.753011703491211,-0.510579347610474
0.516999423503876,0.0974553376436233,1.56764829158783,-0.246848821640015,0.337525337934494,0.765994966030121,-0.488256126642227
0.516999423503876,0.0974553376436233,1.56764829158783,-0.246848821640015,0.337525337934494,0.765994966030121,-0.488256126642227
0.518473088741302,0.0967699512839317,1.56824016571045,-0.244070112705231,0.334006935358047,0.753015220165253,-0.511700332164764
0.518557906150818,0.0965064465999603,1.56827974319458,-0.244194909930229,0.333426982164383,0.753005683422089,-0.512033045291901
0.518644094467163,0.0962813198566436,1.56832611560822,-0.244421020150185,0.332959294319153,0.752985715866089,-0.51225882768631
0.518644094467163,0.0962813198566436,1.56832611560822,-0.244421020150185,0.332959294319153,0.752985715866089,-0.51225882768631
0.518837332725525,0.0957482606172561,1.56845128536224,-0.245057284832001,0.332155168056488,0.75237250328064,-0.513376533985138
0.518935322761536,0.0954551547765731,1.56854176521301,-0.245290338993073,0.332093268632889,0.752118945121765,-0.513676702976227
0.51906019449234,0.0951739102602005,1.56863164901733,-0.245563343167305,0.331895142793655,0.751906633377075,-0.513985157012939
0.519146323204041,0.0949643701314926,1.56872403621674,-0.245999678969383,0.33147919178009,0.751808047294617,-0.514189124107361
0.518962025642395,0.0950352549552917,1.56885933876038,-0.246750041842461,0.330319136381149,0.751538991928101,-0.514968872070312
0.519090235233307,0.0947001427412033,1.56896126270294,-0.247117951512337,0.330198109149933,0.75119549036026,-0.515371024608612
0.519168794155121,0.0944186970591545,1.56904685497284,-0.247310742735863,0.329946517944336,0.750953078269958,-0.515792727470398
0.519206643104553,0.0941502153873443,1.56909823417664,-0.247537344694137,0.329782634973526,0.751448094844818,-0.515067398548126
0.518166780471802,0.0941280722618103,1.56878876686096,-0.251267999410629,0.33127772808075,0.763111054897308,-0.494753539562225
0.519478023052216,0.0937637537717819,1.56925535202026,-0.248418271541595,0.328134149312973,0.750679194927216,-0.516814410686493
0.519859850406647,0.0934520289301872,1.56958305835724,-0.249121859669685,0.328235566616058,0.750225186347961,-0.517070412635803
0.51994776725769,0.0932839587330818,1.56964159011841,-0.249452367424965,0.327556759119034,0.750364780426025,-0.51713901758194
0.520036339759827,0.0931186601519584,1.56964719295502,-0.249609977006912,0.327015280723572,0.75038206577301,-0.517380595207214
0.519805192947388,0.0929544270038604,1.5694340467453,-0.249328941106796,0.326283603906631,0.750651001930237,-0.517587900161743
0.519925177097321,0.0926343724131584,1.56949198246002,-0.249506503343582,0.326055884361267,0.750352501869202,-0.5180783867836
0.52007520198822,0.0923996567726135,1.56954884529114,-0.249787539243698,0.325740396976471,0.750083148479462,-0.518531203269958
0.520135760307312,0.0922443494200706,1.56984782218933,-0.250640630722046,0.325675547122955,0.749845623970032,-0.518503904342651
0.520312130451202,0.092109628021717,1.56993496417999,-0.251022040843964,0.325289368629456,0.749987900257111,-0.518356025218964
0.520418047904968,0.0919708237051963,1.56998467445374,-0.251188457012177,0.324848204851151,0.749942779541016,-0.518617212772369
0.520562529563904,0.0918235033750534,1.57004725933075,-0.251330584287643,0.324320286512375,0.750125646591187,-0.518614530563354
0.520712792873383,0.0915744453668594,1.57013249397278,-0.251411586999893,0.324275434017181,0.749972105026245,-0.518825113773346
0.520880877971649,0.0913948714733123,1.57019746303558,-0.251479595899582,0.32407745718956,0.749829590320587,-0.519121766090393
0.521059155464172,0.0912475511431694,1.57026278972626,-0.251599490642548,0.3237344622612,0.749318540096283,-0.520014822483063
0.521249890327454,0.0911354050040245,1.57032704353333,-0.251829028129578,0.323355942964554,0.749112665653229,-0.520435631275177
0.521372199058533,0.0910276770591735,1.57035887241364,-0.251820713281631,0.322861224412918,0.749245762825012,-0.520555257797241
0.521568179130554,0.0909016504883766,1.57042694091797,-0.251911461353302,0.32262447476387,0.749333381652832,-0.520532011985779
0.52174574136734,0.0908213406801223,1.57048916816711,-0.251973807811737,0.3220474421978,0.749675929546356,-0.520366013050079
0.521929860115051,0.0907034277915954,1.57056987285614,-0.251973748207092,0.321913123130798,0.749699532985687,-0.520415067672729
0.522200345993042,0.0906047597527504,1.5703889131546,-0.251503944396973,0.321470856666565,0.750030696392059,-0.520438671112061
0.522348999977112,0.0904531702399253,1.57073402404785,-0.251878052949905,0.321842968463898,0.749748289585114,-0.520434558391571
0.522522628307343,0.0903241112828254,1.5707722902298,-0.25174668431282,0.321843087673187,0.749780595302582,-0.520451605319977
0.522695064544678,0.0902663692831993,1.57081139087677,-0.251599907875061,0.321511298418045,0.749973058700562,-0.520450055599213
0.523202478885651,0.0898471772670745,1.57074928283691,-0.251090496778488,0.321956813335419,0.750324308872223,-0.519914209842682
0.52342277765274,0.0897586047649383,1.57076680660248,-0.250845909118652,0.321500509977341,0.7503662109375,-0.520254135131836
0.523613631725311,0.0896366387605667,1.57084214687347,-0.25054195523262,0.321294635534286,0.75051486492157,-0.520313322544098
0.523774266242981,0.0895331650972366,1.57088232040405,-0.250362306833267,0.321049988269806,0.750739455223083,-0.520226895809174
0.523968458175659,0.0894521996378898,1.57091951370239,-0.250246524810791,0.320681393146515,0.751040637493134,-0.520075142383575
0.524198234081268,0.0892610400915145,1.57098603248596,-0.250030279159546,0.320578634738922,0.751238226890564,-0.519957065582275
0.524409770965576,0.0891859158873558,1.57101285457611,-0.249922409653664,0.32016584277153,0.75169849395752,-0.519597947597504
0.524625301361084,0.0890887752175331,1.57101655006409,-0.249735131859779,0.319902837276459,0.751956105232239,-0.519477128982544
0.524851143360138,0.089040458202362,1.57105374336243,-0.249660223722458,0.319685816764831,0.751995921134949,-0.519589126110077
0.525045931339264,0.0887690261006355,1.57110631465912,-0.24930801987648,0.320011675357819,0.751927614212036,-0.519656538963318
0.525277853012085,0.0885950848460197,1.57119655609131,-0.24916373193264,0.319995224475861,0.751916468143463,-0.519751965999603
0.525558829307556,0.0884551852941513,1.5713152885437,-0.249158531427383,0.319809466600418,0.751769661903381,-0.520081102848053
0.525760293006897,0.0883253738284111,1.57139885425568,-0.249017149209976,0.319549173116684,0.751699268817902,-0.520410478115082
0.525947690010071,0.0881992354989051,1.5714545249939,-0.248787671327591,0.319182574748993,0.751611351966858,-0.520871937274933
0.526086807250977,0.0881035849452018,1.57152092456818,-0.248812049627304,0.319131135940552,0.751907110214233,-0.520464897155762
0.526372611522675,0.0880002081394195,1.57164967060089,-0.248699799180031,0.318800270557404,0.750633358955383,-0.522555649280548
0.526576995849609,0.0877510905265808,1.57178235054016,-0.248452439904213,0.319111078977585,0.749575436115265,-0.524000346660614
0.526809573173523,0.0875386595726013,1.57184362411499,-0.248129472136497,0.318984717130661,0.748491227626801,-0.525776982307434
0.527421355247498,0.0874671787023544,1.57228994369507,-0.248739987611771,0.318817913532257,0.746531903743744,-0.528368890285492
0.527356386184692,0.0873479545116424,1.57216846942902,-0.248063519597054,0.318358421325684,0.745222985744476,-0.530806064605713
0.527509868144989,0.0870606750249862,1.57226574420929,-0.247580543160439,0.318346589803696,0.743161499500275,-0.533919632434845
0.527724385261536,0.0869431644678115,1.57240569591522,-0.247319042682648,0.31825464963913,0.74073201417923,-0.537460088729858
0.52759712934494,0.0867802575230598,1.57225334644318,-0.246242374181747,0.316784530878067,0.73921263217926,-0.540903806686401
0.527784466743469,0.0864472463726997,1.57233691215515,-0.245634496212006,0.316901385784149,0.7361940741539,-0.545211434364319
0.527947902679443,0.0863095000386238,1.57238948345184,-0.245306000113487,0.316307634115219,0.732794642448425,-0.550260424613953
0.52815318107605,0.0859074741601944,1.57252061367035,-0.244506418704986,0.316614836454391,0.729144215583801,-0.555266141891479
0.528908610343933,0.0851896926760673,1.57311546802521,-0.244488760828972,0.317422866821289,0.725807964801788,-0.559169769287109
0.529046714305878,0.0848686844110488,1.57317411899567,-0.243576601147652,0.317424774169922,0.721748948097229,-0.564792275428772
0.529177129268646,0.0846562758088111,1.57290315628052,-0.242330327630043,0.316297471523285,0.718927502632141,-0.569539427757263
0.529345870018005,0.0844232812523841,1.57299101352692,-0.241718202829361,0.315672129392624,0.715461075305939,-0.574490189552307
0.529490113258362,0.0841955170035362,1.57302737236023,-0.241297215223312,0.314755707979202,0.711908876895905,-0.579560518264771
0.529661357402802,0.0837257951498031,1.57338905334473,-0.240929320454597,0.314844965934753,0.707661151885986,-0.584843158721924
0.529792070388794,0.0833939164876937,1.57345795631409,-0.240421786904335,0.314094960689545,0.704985439777374,-0.588674008846283
0.529804468154907,0.0833023935556411,1.57336413860321,-0.239911630749702,0.311967372894287,0.702018558979034,-0.593539237976074
0.530303955078125,0.0829394236207008,1.57369267940521,-0.239989653229713,0.311218470335007,0.698797345161438,-0.597687423229218
0.530583739280701,0.0826038271188736,1.57386767864227,-0.239931046962738,0.310542553663254,0.695900499820709,-0.601430654525757
0.531192541122437,0.0822915434837341,1.57408285140991,-0.24101722240448,0.309095561504364,0.689089059829712,-0.609529912471771
0.531422019004822,0.0820494070649147,1.57423520088196,-0.240727320313454,0.30998620390892,0.690045356750488,-0.608108878135681
0.531097173690796,0.0818430930376052,1.57420861721039,-0.243729457259178,0.312370806932449,0.701136291027069,-0.592813849449158
0.531499922275543,0.0816021561622619,1.57438147068024,-0.243900194764137,0.310761868953705,0.700063943862915,-0.594853162765503
0.532586216926575,0.0817660316824913,1.57457888126373,-0.242020487785339,0.301119416952133,0.684588313102722,-0.618135869503021
0.532953560352325,0.0816017612814903,1.57472956180573,-0.241899654269218,0.301274180412292,0.686925947666168,-0.615508913993835
0.533370554447174,0.0812680721282959,1.57494640350342,-0.241756677627563,0.299940526485443,0.686147451400757,-0.61708265542984
0.533229231834412,0.0810124948620796,1.57502508163452,-0.244897052645683,0.302689164876938,0.697690725326538,-0.601358771324158
0.5338054895401,0.0787055566906929,1.57541084289551,-0.239246010780334,0.302330493927002,0.672132134437561,-0.632136225700378
0.534773588180542,0.0806708112359047,1.57538664340973,-0.242372527718544,0.291584521532059,0.682305216789246,-0.625055015087128
0.53460955619812,0.0802409127354621,1.57522642612457,-0.244629353284836,0.297790080308914,0.697419047355652,-0.604221940040588
0.535703539848328,0.0798830986022949,1.5754109621048,-0.240931808948517,0.291698068380356,0.684650778770447,-0.622990787029266
0.535182118415833,0.0799941793084144,1.57570028305054,-0.244718596339226,0.294423133134842,0.695930182933807,-0.607543349266052
0.535672128200531,0.0797271803021431,1.57607793807983,-0.245057284832001,0.293039709329605,0.696075558662415,-0.607909142971039
0.536117672920227,0.0793634802103042,1.57620620727539,-0.244607627391815,0.291876554489136,0.696220219135284,-0.608483850955963
0.536541938781738,0.0790164545178413,1.5763920545578,-0.244419798254967,0.290726244449615,0.69628369808197,-0.609037220478058
0.536541938781738,0.0790164545178413,1.5763920545578,-0.244419798254967,0.290726244449615,0.69628369808197,-0.609037220478058
0.538041234016418,0.0783417448401451,1.57663154602051,-0.2400793582201,0.280273228883743,0.681636810302734,-0.631807029247284
0.538915932178497,0.0780113413929939,1.5773252248764,-0.241260081529617,0.282285243272781,0.684062540531158,-0.62782746553421
0.539379239082336,0.0776475369930267,1.57745623588562,-0.240812763571739,0.280922085046768,0.683787941932678,-0.628908574581146
0.539912462234497,0.0772183537483215,1.57729041576385,-0.239707604050636,0.279841601848602,0.684475362300873,-0.629064738750458
0.539952158927917,0.0768208652734756,1.5776515007019,-0.243703186511993,0.283569484949112,0.696994304656982,-0.611879110336304
0.540387213230133,0.0762929171323776,1.57774257659912,-0.243134498596191,0.282800763845444,0.697205424308777,-0.612220644950867
0.54113107919693,0.0757701396942138,1.57764148712158,-0.238602995872498,0.272983253002167,0.68193393945694,-0.635228276252747
0.541571021080017,0.0752642080187797,1.57772397994995,-0.238116011023521,0.271666258573532,0.682022154331207,-0.635880649089813
0.54164981842041,0.0749856680631637,1.57794094085693,-0.242234483361244,0.277955681085586,0.698542952537537,-0.61327064037323
0.542378008365631,0.0745510682463646,1.57817482948303,-0.242257341742516,0.27670693397522,0.698276102542877,-0.614129662513733
0.542894661426544,0.0740086212754249,1.57833755016327,-0.242089912295341,0.275751292705536,0.698177099227905,-0.614737808704376
0.543349266052246,0.0735817551612854,1.57835829257965,-0.241914957761764,0.273830652236938,0.699218690395355,-0.614481270313263
0.543704152107239,0.0730273723602294,1.57832670211792,-0.241751372814178,0.272195756435394,0.699190258979797,-0.615303695201874
0.54341459274292,0.0694242864847183,1.57850468158722,-0.237669110298157,0.284323841333389,0.684449315071106,-0.627855539321899
0.544932126998901,0.0720592588186264,1.57870328426361,-0.241994649171829,0.269800066947937,0.699724912643433,-0.615655541419983
0.544524788856506,0.0683724582195282,1.57947731018066,-0.239183574914932,0.282047808170319,0.683021664619446,-0.629858434200287
0.544143438339233,0.0673360377550125,1.57837104797363,-0.233155354857445,0.270382642745972,0.668152213096619,-0.652766823768616
0.544689178466797,0.0666703879833221,1.57858347892761,-0.232922241091728,0.272458434104919,0.669734477996826,-0.650360941886902
0.545565068721771,0.0657108426094055,1.57547068595886,-0.23075295984745,0.276261568069458,0.685380220413208,-0.632997989654541
0.546474754810333,0.0651610419154167,1.57423186302185,-0.228875502943993,0.274130016565323,0.686045110225677,-0.633885562419891
0.5434450507164,0.0660872831940651,1.57814276218414,-0.235156744718552,0.276086896657944,0.667034387588501,-0.650801360607147
0.551103472709656,0.0599834583699703,1.58164465427399,-0.239768758416176,0.305987775325775,0.614365935325623,-0.686612725257874
0.551163375377655,0.0602429844439029,1.58143615722656,-0.239088967442513,0.302163898944855,0.623461127281189,-0.680315852165222
0.551452994346619,0.0612929090857505,1.58164620399475,-0.244631484150887,0.305137902498245,0.637104690074921,-0.664186596870422
0.551452994346619,0.0612929090857505,1.58164620399475,-0.244631484150887,0.305137902498245,0.637104690074921,-0.664186596870422
0.547906041145325,0.0625161528587341,1.57911550998688,-0.238096579909325,0.266503781080246,0.678646326065063,-0.641657888889313
0.550281405448914,0.0623397268354892,1.57974481582642,-0.236102625727654,0.258024781942367,0.661109685897827,-0.663786768913269
0.548951208591461,0.0612143240869045,1.57918429374695,-0.233748078346252,0.258943349123001,0.664726197719574,-0.660643041133881
0.550341606140137,0.0613926723599433,1.57964837551117,-0.239432871341705,0.263934224843979,0.677535593509674,-0.643394351005554
0.549400389194489,0.0604379549622535,1.57936728000641,-0.238217070698738,0.26141744852066,0.678189933300018,-0.644183039665222
0.549400389194489,0.0604379549622535,1.57936728000641,-0.238217070698738,0.26141744852066,0.678189933300018,-0.644183039665222
0.550470650196075,0.0593446865677833,1.57977187633514,-0.234846472740173,0.250116556882858,0.659522294998169,-0.668819189071655
0.551029860973358,0.0587993673980236,1.57957744598389,-0.234154924750328,0.252478361129761,0.662855505943298,-0.664867579936981
0.552485108375549,0.0591829754412174,1.58051931858063,-0.240404918789864,0.257429838180542,0.675183355808258,-0.648122608661652
0.55285120010376,0.0587190352380275,1.58153438568115,-0.242250174283981,0.257646888494492,0.674045503139496,-0.648533582687378
0.55285120010376,0.0587190352380275,1.58153438568115,-0.242250174283981,0.257646888494492,0.674045503139496,-0.648533582687378
0.553559958934784,0.0579420700669288,1.58144009113312,-0.241800248622894,0.255495369434357,0.674235463142395,-0.649354636669159
0.553877174854279,0.0575473010540008,1.5815703868866,-0.241562590003014,0.254638463258743,0.674453139305115,-0.649553537368774
0.554196000099182,0.0571069568395614,1.581427693367,-0.240676015615463,0.253626495599747,0.674428582191467,-0.650303661823273
0.554552435874939,0.0567982867360115,1.5815726518631,-0.240493416786194,0.252692669630051,0.674263834953308,-0.650905251502991
0.554813325405121,0.056361760944128,1.58167994022369,-0.239843741059303,0.251698195934296,0.674002945423126,-0.651799857616425
0.555092036724091,0.055967379361391,1.58175420761108,-0.239155858755112,0.250652432441711,0.672967314720154,-0.65352338552475
0.555622637271881,0.0554614216089248,1.58175086975098,-0.234999388456345,0.241389155387878,0.657662093639374,-0.673785746097565
0.555991351604462,0.0548196248710155,1.58192193508148,-0.234236434102058,0.244350343942642,0.659744679927826,-0.670941948890686
0.5562584400177,0.0544992387294769,1.58200073242188,-0.233951389789581,0.243853032588959,0.659898519515991,-0.671071171760559
0.556607604026794,0.0541213452816009,1.58213901519775,-0.233746573328972,0.243632644414902,0.659856617450714,-0.671263694763184
0.556863844394684,0.0537179447710514,1.58259332180023,-0.234038457274437,0.243037581443787,0.659693002700806,-0.671538472175598
0.55701869726181,0.0533180385828018,1.58264195919037,-0.233647167682648,0.242500305175781,0.659939825534821,-0.671626448631287
0.557114839553833,0.0529185682535171,1.58265316486359,-0.233242511749267,0.237695604562759,0.656944870948792,-0.676403939723969
0.55745542049408,0.0524664372205734,1.58278775215149,-0.233211666345596,0.237743377685547,0.656806766986847,-0.676531791687012
0.55756938457489,0.0520086660981178,1.58250439167023,-0.232153847813606,0.240678489208221,0.659910261631012,-0.6728276014328
0.558096826076508,0.051805704832077,1.58341908454895,-0.233957052230835,0.240741387009621,0.659948885440826,-0.672142267227173
0.558400750160217,0.0514729097485542,1.58350491523743,-0.233840897679329,0.240403518080711,0.660183012485504,-0.672073721885681
0.558660745620728,0.051147423684597,1.58357882499695,-0.23377400636673,0.239720866084099,0.660760641098022,-0.671773076057434
0.557771325111389,0.0502804927527904,1.58255565166473,-0.230896964669228,0.237978667020798,0.661584615707397,-0.672576069831848
0.559412062168121,0.0503174439072608,1.58306407928467,-0.232363939285278,0.235353052616119,0.657764911651611,-0.676728308200836
0.559730768203735,0.0500460416078567,1.58293473720551,-0.232186511158943,0.235288366675377,0.658873915672302,-0.67573219537735
0.560200095176697,0.0497370436787605,1.58314609527588,-0.232372730970383,0.238069012761116,0.661956548690796,-0.67166930437088
0.558895826339722,0.048882283270359,1.58266150951385,-0.230302184820175,0.236252382397652,0.66273421049118,-0.672256827354431
0.56082558631897,0.0491535887122154,1.58345139026642,-0.232421144843102,0.237365037202835,0.662723183631897,-0.671145439147949
0.561110854148865,0.0489343665540218,1.58354377746582,-0.232162788510322,0.236849844455719,0.66314035654068,-0.671004772186279
0.561413109302521,0.0486110188066959,1.58358991146088,-0.231772467494011,0.236509159207344,0.663310110569,-0.67109215259552
0.56181013584137,0.0483896657824516,1.58373332023621,-0.23167397081852,0.236358180642128,0.663913249969482,-0.670582830905914
0.561561107635498,0.0480949394404888,1.58346569538116,-0.229633256793022,0.234731376171112,0.665177643299103,-0.670603156089783
0.561950027942657,0.04779052734375,1.5835770368576,-0.229155391454697,0.234447330236435,0.665855050086975,-0.670193552970886
0.561512231826782,0.0479028075933456,1.58427846431732,-0.234326660633087,0.23898658156395,0.680152297019958,-0.652203559875488
0.561921834945679,0.0478087551891803,1.58438694477081,-0.234006211161613,0.238586828112602,0.680482625961304,-0.652120351791382
0.56225723028183,0.0474778339266777,1.58441007137299,-0.233304768800735,0.238489210605621,0.680904448032379,-0.65196692943573
0.562373399734497,0.0472594425082206,1.58426713943481,-0.232352718710899,0.238242834806442,0.681131184101105,-0.652160227298737
0.562995374202728,0.0471016950905323,1.58439135551453,-0.232216343283653,0.23858942091465,0.681584596633911,-0.651608109474182
0.563158333301544,0.0469492599368095,1.58426856994629,-0.231353998184204,0.238074377179146,0.682230651378632,-0.651427209377289
0.563843190670013,0.0468535684049129,1.5844429731369,-0.231401428580284,0.238442480564117,0.682682871818542,-0.650801658630371
0.564461886882782,0.0466923788189888,1.58450210094452,-0.231366872787476,0.238718926906586,0.683296859264374,-0.650067806243896
0.565392315387726,0.0462625063955783,1.58348655700684,-0.22425676882267,0.230490773916245,0.668454349040985,-0.670635282993317
0.565458118915558,0.0460746623575687,1.58430135250092,-0.224972948431969,0.230337187647819,0.667963922023773,-0.67093688249588
0.564303398132324,0.0461450852453708,1.58316051959991,-0.226455867290497,0.237015813589096,0.686960399150848,-0.648557364940643
0.566081583499908,0.0466761738061904,1.58437204360962,-0.229081347584724,0.238536894321442,0.686939418315887,-0.647098302841187
0.565115332603455,0.0461126193404197,1.58305191993713,-0.22538235783577,0.237202450633049,0.688454687595367,-0.647277414798737
0.566902875900269,0.0465946570038795,1.58419585227966,-0.227779597043991,0.238820821046829,0.68840229511261,-0.645897328853607
0.566196143627167,0.0455211661756038,1.58271312713623,-0.218884333968163,0.230252608656883,0.673555552959442,-0.667380273342133
0.568032085895538,0.045997891575098,1.5839604139328,-0.221163973212242,0.232738509774208,0.672808885574341,-0.666518926620483
0.568114638328552,0.0464933700859546,1.58395528793335,-0.225544646382332,0.240374490618706,0.690632343292236,-0.643721103668213
0.568584084510803,0.0466639436781406,1.58392751216888,-0.22522808611393,0.240447208285332,0.691451787948608,-0.642924606800079
0.569027423858643,0.0467607229948043,1.58384478092194,-0.224705770611763,0.240934610366821,0.691887855529785,-0.642455577850342
0.569653272628784,0.0464395321905612,1.58361494541168,-0.218839645385742,0.233161956071854,0.676033139228821,-0.663870513439178
0.57001256942749,0.0465261973440647,1.58352994918823,-0.217935800552368,0.236585736274719,0.679707884788513,-0.659187734127045
0.570214211940765,0.0469622574746608,1.58366394042969,-0.222361803054809,0.242389678955078,0.694213449954987,-0.64021110534668
0.570712208747864,0.0471920929849147,1.58324193954468,-0.221206650137901,0.242337495088577,0.695046424865723,-0.639726936817169
0.571446120738983,0.0468237698078155,1.58313834667206,-0.215497478842735,0.235662370920181,0.678997397422791,-0.661049544811249
0.571949303150177,0.0469940640032291,1.58322966098785,-0.215008184313774,0.238873854279518,0.682584583759308,-0.656345367431641
0.571969032287598,0.0476014986634254,1.58339941501617,-0.219698265194893,0.244030311703682,0.697066307067871,-0.637401461601257
0.572703540325165,0.0474342554807662,1.58359444141388,-0.214577108621597,0.236436128616333,0.680802881717682,-0.659213304519653
0.5734543800354,0.0476179756224155,1.58333349227905,-0.213559418916702,0.24029766023159,0.684158563613892,-0.654657542705536
0.573377430438995,0.0481677055358886,1.58338952064514,-0.217617228627205,0.245234832167625,0.698743283748627,-0.635814905166626
0.574132800102234,0.0480186231434345,1.58337593078613,-0.212487533688545,0.237586155533791,0.683059215545654,-0.657139360904694
0.574564754962921,0.0480135567486286,1.58352506160736,-0.211669072508812,0.238638371229172,0.683358490467072,-0.656710803508759
0.574649930000305,0.0487440079450607,1.58368861675262,-0.216320708394051,0.246470853686333,0.700358033180237,-0.634000062942505
0.574841141700745,0.0490298271179199,1.58398723602295,-0.216320514678955,0.246191680431366,0.700685977935791,-0.633746266365051
0.575507998466492,0.0485836267471313,1.58391761779785,-0.21014778316021,0.239350318908691,0.685021340847015,-0.655206322669983
0.575937807559967,0.0486278869211673,1.58403825759888,-0.209735438227654,0.23964723944664,0.685401678085327,-0.654832065105438
0.575726330280304,0.0492129325866699,1.58387577533722,-0.213388428092003,0.246552869677544,0.702090799808502,-0.633044719696045
0.576219260692596,0.0493492297828197,1.58400821685791,-0.212892234325409,0.246354356408119,0.701579809188843,-0.633855164051056
0.577026784420013,0.0489979349076747,1.58395338058472,-0.207550689578056,0.239635095000267,0.68720817565918,-0.653638064861298
0.577622294425964,0.0617776550352573,1.58434426784515,-0.251112014055252,0.189859598875046,0.665500342845917,-0.676760971546173
0.577749907970428,0.0492220446467399,1.58461570739746,-0.20725667476654,0.239894658327103,0.687855422496796,-0.652954995632172
0.577879786491394,0.049804002046585,1.5848433971405,-0.21259143948555,0.24724805355072,0.703841984272003,-0.631094038486481
0.578245937824249,0.0497947931289672,1.58496868610382,-0.21235828101635,0.247376337647438,0.704261541366577,-0.630654156208038
0.578543961048126,0.0498128905892372,1.58506262302399,-0.211990177631378,0.247107326984405,0.704581737518311,-0.630525767803192
0.578850984573364,0.0497522950172424,1.58509111404419,-0.211519047617912,0.247162878513336,0.705079138278961,-0.630106091499329
0.579065203666687,0.0496135726571083,1.58475422859192,-0.20991162955761,0.247104033827782,0.70651388168335,-0.62905877828598
0.579347372055054,0.0496236383914947,1.58525621891022,-0.210363164544106,0.247107699513435,0.70644211769104,-0.628987073898315
0.57956451177597,0.0495243072509765,1.58569145202637,-0.210591956973076,0.247089445590973,0.706561326980591,-0.628783643245697
0.580067098140717,0.0495324358344078,1.58520686626434,-0.209401443600655,0.246435835957527,0.707168459892273,-0.628755271434784
0.580088317394257,0.0493577383458614,1.58590316772461,-0.210055962204933,0.246680364012718,0.706422626972198,-0.629279375076294
0.580345094203949,0.0493562668561935,1.58607232570648,-0.210020393133163,0.246271386742592,0.706683099269867,-0.629158914089203
0.580750226974487,0.0493345111608505,1.58508563041687,-0.207855388522148,0.245464667677879,0.707340180873871,-0.629454672336578
0.580887019634247,0.0491954572498798,1.58517384529114,-0.207550227642059,0.245002806186676,0.707763135433197,-0.629259765148163
0.581083416938782,0.0490266494452953,1.58524870872498,-0.207239612936973,0.244910418987274,0.707699060440063,-0.62947028875351
0.581210851669312,0.0489159077405929,1.58537626266479,-0.206973880529404,0.244584247469902,0.708056926727295,-0.629281938076019
0.581768333911896,0.0485335364937782,1.58641171455383,-0.203805729746818,0.237528637051582,0.691812574863434,-0.650721848011017
0.581882119178772,0.048487339168787,1.58645403385162,-0.203615307807922,0.236683741211891,0.692454993724823,-0.650405883789062
0.581633329391479,0.0487175397574901,1.58669483661652,-0.208782359957695,0.244000867009163,0.708199501037598,-0.628750443458557
0.581675827503204,0.0484670996665954,1.58670818805695,-0.208397075533867,0.243830919265747,0.708363950252533,-0.628758788108826
0.581585824489594,0.0482459664344787,1.5869472026825,-0.208508044481277,0.243501171469688,0.708716630935669,-0.628452360630035
0.581717848777771,0.0480640456080436,1.5866641998291,-0.207848146557808,0.242969498038292,0.708956599235535,-0.628606021404266
0.581729054450989,0.0480605885386467,1.58665728569031,-0.207836151123047,0.242032080888748,0.709535837173462,-0.628318011760712
0.581850349903107,0.0478398017585277,1.58669173717499,-0.207914680242538,0.242246672511101,0.709166944026947,-0.628625869750977
0.581773996353149,0.04772425070405,1.58694195747375,-0.208444327116012,0.241858765482902,0.709209203720093,-0.628551840782166
0.582091152667999,0.0472055040299892,1.58684551715851,-0.203384265303612,0.233398288488388,0.693255066871643,-0.650812923908234
0.582067787647247,0.0470961518585681,1.58680188655853,-0.203406929969788,0.233122900128365,0.693417251110077,-0.650731861591339
0.581778347492218,0.0473178438842296,1.58684527873993,-0.208740264177322,0.240784108638763,0.709735214710236,-0.628272593021393
0.581655144691467,0.0472855567932128,1.58608746528625,-0.207667306065559,0.239894807338715,0.710284233093262,-0.628347873687744
0.581657886505127,0.0472639836370945,1.58607149124146,-0.208230435848236,0.239521831274033,0.709974706172943,-0.628653645515442
0.581616044044495,0.0472137369215488,1.58605420589447,-0.208492338657379,0.239553943276405,0.7100750207901,-0.628441154956818
0.581562876701355,0.0471322908997535,1.58597075939178,-0.208631560206413,0.239714801311493,0.710265934467316,-0.628117799758911
0.581497848033905,0.0471034236252307,1.58588719367981,-0.208777979016304,0.239738717675209,0.710355222225189,-0.627959191799164
0.581408977508545,0.0470907390117645,1.5858359336853,-0.209007605910301,0.239791065454483,0.710568070411682,-0.62762176990509
0.581322610378265,0.0468338578939437,1.5857572555542,-0.208982944488525,0.240459397435188,0.710335731506348,-0.627637326717377
0.58116602897644,0.0469041913747787,1.58567845821381,-0.209318205714226,0.240749359130859,0.710452139377594,-0.627282619476318
0.581046938896179,0.0468934886157512,1.5856077671051,-0.209594637155533,0.241155847907066,0.710686266422272,-0.62676876783371
0.5809046626091,0.046893797814846,1.58550953865051,-0.210063546895981,0.241716340184212,0.711419343948364,-0.625562965869904
0.580783069133759,0.0469375252723693,1.5854480266571,-0.210435569286346,0.242186099290848,0.711785793304443,-0.624839007854462
0.581094443798065,0.0464546754956245,1.58534848690033,-0.205351993441582,0.238392189145088,0.698294579982758,-0.642949938774109
0.5804842710495,0.0469912067055702,1.58532619476318,-0.211217015981674,0.243422418832779,0.712838053703308,-0.622892379760742
0.580335795879364,0.0470435433089733,1.58526885509491,-0.211613804101944,0.244024559855461,0.713565766811371,-0.621687531471252
0.58021205663681,0.0470056198537349,1.5851674079895,-0.211682036519051,0.244409218430519,0.714373886585236,-0.62058424949646
0.580015063285828,0.0469790063798427,1.58509862422943,-0.211849302053452,0.245504781603813,0.714596927165985,-0.619837522506714
0.579831063747406,0.0470564886927604,1.58501327037811,-0.212055861949921,0.246030300855637,0.715261876583099,-0.618790686130524
0.579581439495087,0.047198262065649,1.58490562438965,-0.21222610771656,0.24661922454834,0.715957939624786,-0.617691874504089
0.579432487487793,0.0472269281744957,1.58485782146454,-0.212491273880005,0.247762620449066,0.716529548168182,-0.6164790391922
0.579237639904022,0.047258123755455,1.58474588394165,-0.212586879730225,0.248648926615715,0.717547297477722,-0.614903509616852
0.579237639904022,0.047258123755455,1.58474588394165,-0.212586879730225,0.248648926615715,0.717547297477722,-0.614903509616852
0.578886449337006,0.0473860129714012,1.58464407920837,-0.213161766529083,0.250648140907288,0.71992826461792,-0.611098110675812
0.587672293186188,0.0225039459764957,1.58651006221771,-0.157232344150543,0.298285931348801,0.748781144618988,-0.57064026594162
0.587278246879578,0.0228197760879993,1.58646380901337,-0.157630637288094,0.298697680234909,0.749982535839081,-0.568734109401703
0.587648987770081,0.0221870951354503,1.58629846572876,-0.150907322764397,0.296292990446091,0.738389790058136,-0.586701035499573
0.587208390235901,0.0223098546266555,1.58619868755341,-0.150911286473274,0.297120213508606,0.739826261997223,-0.584467709064484
0.586730718612671,0.0225133821368217,1.58605337142944,-0.151210010051727,0.297823876142502,0.741455435752869,-0.581962466239929
0.58599865436554,0.0226911436766386,1.58584439754486,-0.151131227612495,0.298341780900955,0.742989540100098,-0.579757034778595
0.584957599639893,0.0237131174653768,1.58589589595795,-0.158725962042809,0.302997201681137,0.757516801357269,-0.556028008460999
0.584458410739899,0.0239604618400335,1.58575904369354,-0.159017100930214,0.303662061691284,0.758953928947449,-0.553617000579834
0.583909034729004,0.0239379741251468,1.58557367324829,-0.159181252121925,0.304937094449997,0.760295212268829,-0.551022708415985
0.575902581214905,0.0493990704417228,1.58315515518188,-0.211702108383179,0.253776341676712,0.726321935653687,-0.602690875530243
0.575472235679626,0.0496219955384731,1.58366525173187,-0.213908895850181,0.256495475769043,0.728080570697784,-0.5986248254776
0.574930310249329,0.0496509373188018,1.58341777324677,-0.214373290538788,0.258372128009796,0.729982972145081,-0.595325887203217
0.574430704116821,0.0497488677501678,1.58318185806274,-0.215135991573334,0.260649770498276,0.73151695728302,-0.592166483402252
0.573887884616852,0.0499916970729827,1.58290386199951,-0.216278001666069,0.262590050697327,0.733844220638275,-0.587999165058136
0.573318839073181,0.049965925514698,1.58260631561279,-0.216959848999977,0.265667885541916,0.735523760318756,-0.584254860877991
0.572647571563721,0.0501364842057228,1.58223450183868,-0.218024104833603,0.268054336309433,0.737694382667542,-0.580016672611237
0.571957945823669,0.05017851293087,1.58183813095093,-0.218911394476891,0.270651310682297,0.739622950553894,-0.576006591320038
0.571270167827606,0.0502536296844482,1.58143615722656,-0.220433533191681,0.273510456085205,0.741512835025787,-0.571629106998444
0.570578992366791,0.050416499376297,1.58106541633606,-0.221935272216797,0.275828868150711,0.743339836597443,-0.567546546459198
0.56901341676712,0.0512338727712631,1.58014142513275,-0.223057627677917,0.276525467634201,0.745134353637695,-0.564405739307404
0.568152904510498,0.0513854548335075,1.57968437671661,-0.224934697151184,0.279408067464828,0.747063755989075,-0.559670805931091
0.567373871803284,0.051520399749279,1.57927179336548,-0.226952105760574,0.282065063714981,0.748639464378357,-0.555401623249054
0.566781044006348,0.0517952814698219,1.57903337478638,-0.229345843195915,0.284709334373474,0.750551998615265,-0.550466120243073
0.565821766853333,0.0519098304212093,1.5785619020462,-0.231685414910316,0.28789821267128,0.751513779163361,-0.546501219272614
0.565047085285187,0.0522279664874076,1.57787179946899,-0.233585953712463,0.289682000875473,0.753071486949921,-0.542591273784637
0.564089834690094,0.0521888993680477,1.5774894952774,-0.235476687550545,0.292631864547729,0.754572570323944,-0.538087010383606
0.563528001308441,0.0523831062018871,1.57730066776276,-0.238059103488922,0.29507976770401,0.755659580230713,-0.5340735912323
0.562199175357819,0.0524816326797008,1.57665598392487,-0.239297941327095,0.296886295080185,0.757650792598724,-0.529679477214813
0.561296343803406,0.0526322312653064,1.57626783847809,-0.24118435382843,0.299049258232117,0.758651196956635,-0.526163578033447
0.560426235198975,0.0526990890502929,1.57477176189423,-0.241256803274155,0.299311876296997,0.761377573013306,-0.522026717662811
0.559025049209595,0.0524834692478179,1.57239878177643,-0.238745748996735,0.299274504184723,0.764360904693604,-0.518832862377167
0.558499217033386,0.0528235621750354,1.57391285896301,-0.243802353739738,0.303513318300247,0.763763666152954,-0.514883697032928
0.557654201984406,0.0531277172267437,1.57381677627563,-0.246204167604446,0.304895669221878,0.76483690738678,-0.511318624019623
0.554770350456238,0.0529082864522933,1.57308745384216,-0.246348291635513,0.304805219173431,0.766587913036346,-0.508674144744873
0.553881943225861,0.0531031489372253,1.57279050350189,-0.247853174805641,0.306171447038651,0.76788204908371,-0.505158483982086
0.554767906665802,0.0534130670130252,1.5725736618042,-0.249511554837227,0.309421539306641,0.768188834190369,-0.501884639263153
0.553646564483643,0.0538605414330959,1.57206070423126,-0.250587165355682,0.310002356767654,0.768551766872406,-0.500432789325714
0.552444994449615,0.0542560704052448,1.57186830043793,-0.251846730709076,0.310660809278488,0.769297897815704,-0.498240798711777
0.551093697547913,0.0545346997678279,1.57240688800812,-0.254208445549011,0.312026292085648,0.769372284412384,-0.496068596839905
0.550556123256683,0.0547624938189983,1.57284772396088,-0.256441295146942,0.313803255558014,0.769125640392303,-0.494177162647247
0.549702763557434,0.0551156289875507,1.57263970375061,-0.257191836833954,0.314523339271545,0.769978642463684,-0.49199640750885
0.548839390277863,0.0553653612732887,1.57244169712067,-0.25768569111824,0.315812051296234,0.770063519477844,-0.490777969360352
0.548481225967407,0.055882129818201,1.57231390476227,-0.258053153753281,0.317041516304016,0.770864963531494,-0.488528996706009
0.547978699207306,0.0561040006577968,1.57215738296509,-0.258749186992645,0.318453878164291,0.770760953426361,-0.48740491271019
0.547091364860535,0.0565720573067665,1.57250332832336,-0.260417491197586,0.319876134395599,0.770678460597992,-0.485712707042694
0.546367526054382,0.0568553507328033,1.57264447212219,-0.261367797851562,0.321635156869888,0.770209491252899,-0.484783560037613
0.544314026832581,0.0569949820637702,1.57143068313599,-0.259581089019775,0.320851624011993,0.771863520145416,-0.483630895614624
0.542775213718414,0.0573863387107849,1.57061696052551,-0.259033501148224,0.320944994688034,0.772549092769623,-0.482766836881638
0.541941940784454,0.0579887293279171,1.57054960727692,-0.259629994630814,0.321891605854034,0.772632658481598,-0.481681287288666
0.541132271289825,0.0585898272693157,1.57043397426605,-0.260167270898819,0.323125302791595,0.77292001247406,-0.48010179400444
0.541252315044403,0.0590071082115173,1.57089185714722,-0.260934948921204,0.325677931308746,0.772548675537109,-0.478555470705032
0.540266454219818,0.0599248111248016,1.5706090927124,-0.26137563586235,0.326598882675171,0.772961735725403,-0.477018058300018
0.539647221565247,0.0602626651525497,1.57064497470856,-0.261657416820526,0.328764617443085,0.772897601127625,-0.47547721862793
0.538956701755524,0.0608975291252136,1.57071185112,-0.262368023395538,0.330823004245758,0.772451937198639,-0.474380850791931
0.538189768791199,0.0617688819766044,1.57062864303589,-0.263063073158264,0.331999450922012,0.772890448570251,-0.472455829381943
0.539067506790161,0.0628477856516838,1.57079112529755,-0.264174312353134,0.33454230427742,0.772649526596069,-0.47043177485466
0.5384880900383,0.063773863017559,1.57037937641144,-0.264409273862839,0.335412412881851,0.772985875606537,-0.469126015901565
0.537772119045258,0.0643760487437248,1.5704779624939,-0.264790028333664,0.338386237621307,0.772763907909393,-0.4671371281147
0.537130296230316,0.0651725456118583,1.56991922855377,-0.264354169368744,0.33912867307663,0.773649096488953,-0.465377122163773
0.536159753799438,0.0660982355475425,1.57069706916809,-0.266426980495453,0.341431140899658,0.772719144821167,-0.464054673910141
0.535582184791565,0.0658814013004303,1.57065892219543,-0.265240073204041,0.348703384399414,0.770162284374237,-0.463577210903168
0.534932732582092,0.066749706864357,1.57042920589447,-0.265180349349976,0.350321233272552,0.770239889621735,-0.462260633707047
0.53433883190155,0.0676918104290962,1.56984293460846,-0.26447269320488,0.351185262203216,0.771034717559814,-0.460682809352875
0.533006966114044,0.0685254633426666,1.56889748573303,-0.263691335916519,0.351512998342514,0.771643221378326,-0.459861159324646
0.533238887786865,0.0696242973208427,1.5696462392807,-0.265005230903625,0.354364573955536,0.770812034606934,-0.458308547735214
0.531794667243958,0.0704662650823593,1.56835329532623,-0.26315650343895,0.354941606521606,0.7715864777565,-0.457623690366745
0.532026588916779,0.0726121366024017,1.56904745101929,-0.265829980373383,0.352550834417343,0.774137139320374,-0.453601151704788
0.530642211437225,0.0736457780003547,1.56794989109039,-0.264760226011276,0.352475851774216,0.774803102016449,-0.453147947788239
0.530878663063049,0.0746713653206825,1.56858325004578,-0.26553276181221,0.355731934309006,0.773906707763672,-0.45168074965477
0.530878663063049,0.0746713653206825,1.56858325004578,-0.26553276181221,0.355731934309006,0.773906707763672,-0.45168074965477
0.529710292816162,0.0769185125827789,1.5679703950882,-0.265068620443344,0.358471065759659,0.774086475372314,-0.449474304914474
0.527069807052612,0.0775776654481887,1.56625914573669,-0.262594699859619,0.358120948076248,0.775050699710846,-0.449544042348862
0.528712153434753,0.0791096463799476,1.56749641895294,-0.264707148075104,0.362265735864639,0.773680686950684,-0.447338670492172
0.527690768241882,0.0802325531840324,1.56593334674835,-0.263068675994873,0.361874133348465,0.77476304769516,-0.446748584508896
0.527690768241882,0.0802325531840324,1.56593334674835,-0.263068675994873,0.361874133348465,0.77476304769516,-0.446748584508896
0.527466177940369,0.0827129036188125,1.56606793403625,-0.263664722442627,0.366174817085266,0.773512959480286,-0.445055603981018
0.5267413854599,0.0838658362627029,1.56608664989471,-0.264118313789368,0.368101537227631,0.772929549217224,-0.444210261106491
0.526303648948669,0.0850907564163208,1.56587541103363,-0.264214247465134,0.370143622159958,0.772210597991943,-0.443706572055817
0.524989426136017,0.0860006287693977,1.56473243236542,-0.26276233792305,0.370894372463226,0.772504448890686,-0.443430006504059
0.524475038051605,0.0873989835381507,1.56439471244812,-0.262867599725723,0.37196084856987,0.772248208522797,-0.442920506000519
0.524857103824615,0.0887105241417884,1.5648285150528,-0.263664484024048,0.375138580799103,0.771073937416077,-0.441811203956604
0.524350762367249,0.0899758487939834,1.56455230712891,-0.263661116361618,0.376438766717911,0.770879566669464,-0.441045850515366
0.524000823497772,0.091175377368927,1.56421089172363,-0.263639509677887,0.378028482198715,0.770305812358856,-0.440701484680176
0.523536860942841,0.0925107523798942,1.56399500370026,-0.264049798250198,0.379605382680893,0.769546449184418,-0.440426796674728
0.523029863834381,0.0937876105308532,1.56364393234253,-0.263656586408615,0.381047397851944,0.769483089447021,-0.439526855945587
0.521857559680939,0.0948245301842689,1.56256759166718,-0.262852013111115,0.381954789161682,0.769091308116913,-0.439906716346741
0.521857559680939,0.0948245301842689,1.56256759166718,-0.262852013111115,0.381954789161682,0.769091308116913,-0.439906716346741
0.521782457828522,0.0972142443060875,1.56219816207886,-0.261584788560867,0.386558353900909,0.770627558231354,-0.433911621570587
0.521553516387939,0.0984986722469329,1.56210887432098,-0.26235893368721,0.387404352426529,0.767465174198151,-0.438272595405579
0.521254539489746,0.0997732505202293,1.56192827224731,-0.262584030628204,0.388608157634735,0.766971170902252,-0.437936782836914
0.521254539489746,0.0997732505202293,1.56192827224731,-0.262584030628204,0.388608157634735,0.766971170902252,-0.437936782836914
0.519778430461884,0.101973056793213,1.56069946289062,-0.261696100234985,0.390525430440903,0.766351997852325,-0.437846630811691
0.519786596298218,0.103011079132557,1.56112563610077,-0.260830968618393,0.394621551036835,0.767595887184143,-0.432478427886963
0.519422590732574,0.104147210717201,1.5609278678894,-0.260736554861069,0.395890980958939,0.767163574695587,-0.432142049074173
0.51909601688385,0.105183407664299,1.56081569194794,-0.260653346776962,0.397843450307846,0.766237735748291,-0.432041972875595
0.517876386642456,0.106293186545372,1.55958163738251,-0.25907576084137,0.397987633943558,0.767027080059052,-0.431456953287125
0.517556309700012,0.10715240240097,1.55933749675751,-0.258420586585998,0.399265080690384,0.766652405261993,-0.431335538625717
0.518426537513733,0.108280092477798,1.56041598320007,-0.260690361261368,0.400394529104233,0.762405216693878,-0.436420828104019
0.51806366443634,0.109097570180893,1.56024706363678,-0.259880542755127,0.402304381132126,0.761579990386963,-0.436588108539581
0.517052412033081,0.109956070780754,1.55935704708099,-0.259138286113739,0.401857733726501,0.761881828308105,-0.436913937330246
0.517052412033081,0.109956070780754,1.55935704708099,-0.259138286113739,0.401857733726501,0.761881828308105,-0.436913937330246
0.517272353172302,0.111675016582012,1.55990362167358,-0.259140998125076,0.404917627573013,0.760791957378387,-0.435985416173935
0.517043054103851,0.112421341240406,1.55984485149384,-0.258989036083221,0.406084775924683,0.760182023048401,-0.436054110527039
0.51681387424469,0.113005220890045,1.559779047966,-0.258322507143021,0.407259047031403,0.759749531745911,-0.43610817193985
0.515868306159973,0.11358942091465,1.55893015861511,-0.257542639970779,0.406705975532532,0.759982526302338,-0.43667921423912
0.515631973743439,0.114188961684704,1.55876910686493,-0.256836593151092,0.4067622423172,0.760390400886536,-0.43633222579956
0.515471339225769,0.11430498957634,1.55885672569275,-0.256115853786469,0.4084612429142,0.759994983673096,-0.43585741519928
0.516065359115601,0.115087166428566,1.55951774120331,-0.25680860877037,0.409411311149597,0.759407818317413,-0.435581833124161
0.515895962715149,0.11579954624176,1.55933022499084,-0.256739944219589,0.408933341503143,0.759355902671814,-0.436161488294601
0.515725612640381,0.116089776158333,1.5592383146286,-0.255979210138321,0.409434288740158,0.759391069412231,-0.436077475547791
0.515677213668823,0.116168804466724,1.55936813354492,-0.255833625793457,0.410539239645004,0.759104907512665,-0.435622066259384
0.515552639961243,0.116422556340694,1.55959343910217,-0.25603386759758,0.41101199388504,0.758620023727417,-0.435903131961823
0.515033721923828,0.116611622273922,1.55934309959412,-0.254233539104462,0.412181228399277,0.761856913566589,-0.430169612169266
0.515258371829987,0.11729059368372,1.55910015106201,-0.254990190267563,0.409532010555267,0.75913679599762,-0.437006711959839
0.515139877796173,0.117416560649872,1.5590912103653,-0.254775553941727,0.409621775150299,0.758893370628357,-0.437470287084579
0.515070497989655,0.117537878453731,1.55908572673798,-0.254752308130264,0.40952455997467,0.758738338947296,-0.437843650579453
0.515056252479553,0.117634683847427,1.55912840366364,-0.25487157702446,0.409364521503448,0.758600294589996,-0.438162952661514
0.515002131462097,0.11761499941349,1.55939865112305,-0.255152702331543,0.409672737121582,0.758316874504089,-0.438201904296875
0.514937400817871,0.117677010595798,1.55918097496033,-0.254925072193146,0.409076869487762,0.758534669876099,-0.438514173030853
0.514937400817871,0.117677010595798,1.55918097496033,-0.254925072193146,0.409076869487762,0.758534669876099,-0.438514173030853
0.514192700386047,0.117646567523479,1.55858290195465,-0.254984378814697,0.4072425365448,0.758904039859772,-0.43954673409462
0.513839840888977,0.11739319562912,1.55839550495148,-0.253837823867798,0.407999217510223,0.761854410171509,-0.434374272823334
0.514904260635376,0.117519855499267,1.55936634540558,-0.256120830774307,0.407264888286591,0.758708357810974,-0.439202904701233
0.514893472194672,0.117424592375755,1.55941534042358,-0.256473928689957,0.4066082239151,0.758999228477478,-0.439102649688721
0.514991998672485,0.11728148907423,1.55944168567657,-0.256845593452454,0.40606153011322,0.758970737457275,-0.439440369606018
0.515022158622742,0.117081455886364,1.55953848361969,-0.257159471511841,0.405458062887192,0.75913542509079,-0.439529627561569
0.514302790164948,0.116802304983139,1.55878305435181,-0.256654500961304,0.40349930524826,0.760035395622253,-0.4400714635849
0.515136361122131,0.116632685065269,1.55965530872345,-0.257585376501083,0.404234170913696,0.759538590908051,-0.439710885286331
0.515196681022644,0.116314619779587,1.55974900722504,-0.257609337568283,0.403991430997849,0.759480535984039,-0.440020233392715
0.515295624732971,0.116121396422386,1.55981421470642,-0.257934898138046,0.402856320142746,0.760047078132629,-0.43989172577858
0.515398681163788,0.115838684141636,1.55991816520691,-0.258146613836288,0.401916116476059,0.760421574115753,-0.439980506896973
0.514749050140381,0.115457192063332,1.55924212932587,-0.257566660642624,0.400053381919861,0.761144518852234,-0.440767288208008
0.514930129051208,0.115207523107529,1.55938851833344,-0.25801882147789,0.399179875850677,0.761057317256927,-0.441444784402847
0.514944672584534,0.114675641059875,1.55951046943665,-0.25724858045578,0.399247199296951,0.761510729789734,-0.441051572561264
0.515064537525177,0.114262521266937,1.55970764160156,-0.257161110639572,0.398608863353729,0.761981606483459,-0.440866470336914
0.515064537525177,0.114262521266937,1.55970764160156,-0.257161110639572,0.398608863353729,0.761981606483459,-0.440866470336914
0.516030609607697,0.113751091063023,1.56071782112122,-0.258076578378677,0.397380203008652,0.762653529644012,-0.44027841091156
0.516030609607697,0.113751091063023,1.56071782112122,-0.258076578378677,0.397380203008652,0.762653529644012,-0.44027841091156
0.516190350055695,0.112792432308197,1.56098234653473,-0.257691949605942,0.396330922842026,0.763623833656311,-0.439767390489578
0.516252040863037,0.112337410449982,1.5611344575882,-0.257752656936646,0.395523220300674,0.764018297195435,-0.439773738384247
0.516372442245483,0.111855268478393,1.56130588054657,-0.257867693901062,0.394729673862457,0.764445126056671,-0.439677447080612
0.516372442245483,0.111855268478393,1.56130588054657,-0.257867693901062,0.394729673862457,0.764445126056671,-0.439677447080612
0.51651406288147,0.111072145402431,1.56156897544861,-0.258608341217041,0.392042607069016,0.765634834766388,-0.439576685428619
0.51654464006424,0.11041721701622,1.56173360347748,-0.258391737937927,0.392038404941559,0.765852034091949,-0.439329296350479
0.515893936157227,0.109821334481239,1.56109035015106,-0.258019357919693,0.389853835105896,0.766775190830231,-0.439881652593613
0.516786873340607,0.10945425927639,1.56196129322052,-0.259165227413177,0.389975637197495,0.766571342945099,-0.439455151557922
0.516824007034302,0.108868777751923,1.56207263469696,-0.259215921163559,0.388952761888504,0.767377376556396,-0.438924640417099
0.516963601112366,0.108419887721539,1.56219923496246,-0.259618610143661,0.388066589832306,0.767703473567963,-0.438900947570801
0.517049252986908,0.107828140258789,1.56238317489624,-0.259876906871796,0.387416362762451,0.768133044242859,-0.4385706782341
0.516827762126923,0.10710272192955,1.56243288516998,-0.259134918451309,0.38850411772728,0.771117627620697,-0.432771772146225
0.517314255237579,0.106687143445015,1.56277406215668,-0.26094987988472,0.3861263692379,0.768403887748718,-0.438596844673157
0.516901612281799,0.106237694621086,1.56318485736847,-0.261464655399323,0.385984122753143,0.771004915237427,-0.433824986219406
0.517359435558319,0.10557459294796,1.56297779083252,-0.261132091283798,0.385270357131958,0.77140611410141,-0.433946192264557
0.516761183738708,0.105013094842434,1.56284272670746,-0.262358367443085,0.382170766592026,0.770017266273499,-0.438391536474228
0.516660928726196,0.104376338422298,1.56288456916809,-0.262005865573883,0.382639467716217,0.772560715675354,-0.433693438768387
0.516660928726196,0.104376338422298,1.56288456916809,-0.262005865573883,0.382639467716217,0.772560715675354,-0.433693438768387
0.517830312252045,0.103390105068684,1.56410479545593,-0.263630330562591,0.381706982851028,0.773268103599548,-0.432267785072327
0.517990589141846,0.102794423699379,1.56437802314758,-0.263899296522141,0.381316810846329,0.773898959159851,-0.431317776441574
0.518294215202332,0.102213822305202,1.56435871124268,-0.263796120882034,0.380359470844269,0.774553835391998,-0.431050628423691
0.518477201461792,0.101689852774143,1.56479251384735,-0.264473259449005,0.379718959331512,0.774855732917786,-0.430657684803009
0.519129991531372,0.101303786039352,1.56513559818268,-0.266152888536453,0.376837104558945,0.772276282310486,-0.436744570732117
0.519052147865295,0.100677110254765,1.5651923418045,-0.265218526124954,0.377219319343567,0.776056289672852,-0.430234253406525
0.519052147865295,0.100677110254765,1.5651923418045,-0.265218526124954,0.377219319343567,0.776056289672852,-0.430234253406525
0.519973456859589,0.0996400490403175,1.56573092937469,-0.266834646463394,0.373996824026108,0.773329198360443,-0.436906933784485
0.519973456859589,0.0996400490403175,1.56573092937469,-0.266834646463394,0.373996824026108,0.773329198360443,-0.436906933784485
0.520575106143951,0.0986396297812461,1.56603908538818,-0.26708447933197,0.371329069137573,0.774254441261292,-0.437390893697739
0.520921230316162,0.0981492325663566,1.56624221801758,-0.267152190208435,0.370455145835876,0.774568855762482,-0.437533766031265
0.521257638931274,0.0975047796964645,1.5664314031601,-0.267389923334122,0.369744300842285,0.774408936500549,-0.438272386789322
0.521519422531128,0.0969524458050727,1.56651699542999,-0.267123728990555,0.368882149457932,0.774920463562012,-0.43825688958168
0.521768391132355,0.0964493975043296,1.5666298866272,-0.266937106847763,0.36794051527977,0.775405585765839,-0.43830418586731
0.521162092685699,0.0957073718309402,1.56592261791229,-0.265616804361343,0.36609959602356,0.776373267173767,-0.438934326171875
0.521420955657959,0.0952878594398498,1.56597948074341,-0.265716046094894,0.364383101463318,0.777036130428314,-0.439129650592804
0.519942760467529,0.0944367870688438,1.5658004283905,-0.264305800199509,0.364650577306747,0.77980625629425,-0.434827148914337
0.522781133651733,0.0942985489964485,1.56697678565979,-0.266431182622909,0.364341676235199,0.776879549026489,-0.439007729291916
0.520874679088593,0.0935527384281158,1.56593430042267,-0.264850646257401,0.36142897605896,0.777867019176483,-0.440620213747024
0.523437738418579,0.0932892709970474,1.56725430488586,-0.266742646694183,0.36337199807167,0.776662647724152,-0.440004974603653
0.522175908088684,0.0926497504115104,1.56678295135498,-0.265482753515243,0.36125722527504,0.777751505374908,-0.440584599971771
0.523916184902191,0.0922774821519851,1.56738197803497,-0.266591072082519,0.362031668424606,0.776895642280579,-0.440789669752121
0.524154603481293,0.0918156653642654,1.56745076179504,-0.266701310873032,0.360876858234406,0.776976466178894,-0.441526621580124
0.524412631988525,0.0915822088718414,1.5674262046814,-0.267147988080978,0.35937237739563,0.777425229549408,-0.441693991422653
0.524692058563232,0.0910166651010513,1.56752681732178,-0.267088383436203,0.359167069196701,0.777280032634735,-0.442152231931686
0.524966061115265,0.0905358493328094,1.56758069992065,-0.267100989818573,0.358254432678223,0.777629613876343,-0.442270398139954
0.525216639041901,0.0902107059955596,1.56764626502991,-0.267315059900284,0.357564777135849,0.777543723583221,-0.44284987449646
0.525395035743713,0.0897489935159683,1.56768500804901,-0.267234206199646,0.357274025678635,0.777350962162018,-0.443471163511276
0.525595784187317,0.0893138498067855,1.56769418716431,-0.267207324504852,0.356510698795319,0.777473032474518,-0.443887531757355
0.525896847248077,0.0888875424861908,1.56774032115936,-0.267272710800171,0.355865180492401,0.777713537216187,-0.443944722414017
0.52607524394989,0.0884040296077728,1.56811225414276,-0.267806589603424,0.355995863676071,0.777429401874542,-0.444015949964523
0.526239156723022,0.0879944562911987,1.56809771060944,-0.26776248216629,0.355367869138718,0.777563631534576,-0.444310575723648
0.526429355144501,0.0877035856246948,1.56813895702362,-0.267916351556778,0.354427397251129,0.77781730890274,-0.444525003433227
0.526688158512115,0.0874045193195343,1.56823194026947,-0.268166184425354,0.353568106889725,0.778079390525818,-0.444599896669388
0.526036560535431,0.0867938920855522,1.56753444671631,-0.267094910144806,0.352245569229126,0.778846085071564,-0.444951832294464
0.526185393333435,0.0865149423480033,1.56752586364746,-0.267095357179642,0.35143768787384,0.779166877269745,-0.445028752088547
0.526374340057373,0.0862693041563034,1.56756162643433,-0.267283111810684,0.350708454847336,0.779193818569183,-0.445443987846375
0.526423037052155,0.0858437046408653,1.56795144081116,-0.267665684223175,0.350868910551071,0.778996050357819,-0.445433765649795
0.526532769203186,0.0854346603155136,1.56800746917725,-0.267480671405792,0.350514590740204,0.779042065143585,-0.445743322372437
0.526724815368652,0.085240863263607,1.56801581382751,-0.267488926649094,0.349579453468323,0.779452800750732,-0.445754736661911
0.527821958065033,0.085079625248909,1.56884706020355,-0.268265515565872,0.350146412849426,0.778869032859802,-0.445863425731659
0.527923285961151,0.0848182588815689,1.56887459754944,-0.268087923526764,0.34931954741478,0.779254376888275,-0.445945560932159
0.527923285961151,0.0848182588815689,1.56887459754944,-0.268087923526764,0.34931954741478,0.779254376888275,-0.445945560932159
0.528418064117432,0.084529310464859,1.56899094581604,-0.268260210752487,0.347528427839279,0.779730916023254,-0.446408271789551
0.528637588024139,0.0842546969652175,1.56892490386963,-0.267797201871872,0.346992373466492,0.780080497264862,-0.446492403745651
0.52878874540329,0.0841205865144729,1.56897568702698,-0.267704218626022,0.346447646617889,0.780179977416992,-0.44679719209671
0.52824592590332,0.0836874768137931,1.56813275814056,-0.266285926103592,0.344909578561783,0.781115710735321,-0.447199523448944
0.528469800949097,0.0835778266191482,1.56812810897827,-0.266055911779404,0.344369530677795,0.781274080276489,-0.447475999593735
0.528675854206085,0.083441212773323,1.56817781925201,-0.26576554775238,0.344300180673599,0.781195402145386,-0.447839081287384
0.528900384902954,0.0832738876342773,1.5681244134903,-0.265190243721008,0.344114750623703,0.781396269798279,-0.447971999645233
0.529104292392731,0.0832376554608345,1.56823039054871,-0.264983713626862,0.344033062458038,0.781358599662781,-0.448222815990448
0.530157446861267,0.0832933485507965,1.56896150112152,-0.265443563461304,0.3450488448143,0.78073126077652,-0.448262989521027
0.530371069908142,0.0832668989896774,1.56893301010132,-0.264909654855728,0.344842344522476,0.781017899513245,-0.448238462209701
0.530538976192474,0.0833141058683395,1.56897699832916,-0.264491438865662,0.344799935817719,0.781033754348755,-0.448490232229233
0.530741155147552,0.0833117589354515,1.568718791008,-0.263386785984039,0.344411045312881,0.781575679779053,-0.448495179414749
0.530868947505951,0.0832799673080444,1.5686936378479,-0.262801468372345,0.34441351890564,0.781854689121246,-0.448350220918655
0.53098064661026,0.0831887423992157,1.56870687007904,-0.262204557657242,0.344590783119202,0.782004475593567,-0.448302268981934
0.530963242053986,0.0831445753574371,1.56901097297668,-0.262071788311005,0.344951450824737,0.781781256198883,-0.448491871356964
0.530171453952789,0.0831295773386955,1.56842124462128,-0.261035084724426,0.344038456678391,0.782184183597565,-0.449094861745834
0.530201137065887,0.0831256955862045,1.56847643852234,-0.26055109500885,0.344316452741623,0.78208327293396,-0.449338465929031
0.530229687690735,0.0831386595964431,1.56854176521301,-0.260147750377655,0.344526708126068,0.782181322574615,-0.449240297079086
0.530215620994568,0.0831493288278579,1.56857824325562,-0.259801834821701,0.344853609800339,0.782124698162079,-0.44928839802742
0.530176997184753,0.0831421688199043,1.56861090660095,-0.259469956159592,0.345214456319809,0.782053351402283,-0.449327141046524
0.530247330665588,0.0831793993711471,1.56837689876556,-0.258824646472931,0.345177948474884,0.782233476638794,-0.449413865804672
0.530152678489685,0.0831163674592971,1.56841492652893,-0.258586972951889,0.345606952905655,0.782227575778961,-0.449231266975403
0.529957413673401,0.0830867290496826,1.56865513324738,-0.258912593126297,0.34615096449852,0.781916737556458,-0.449166059494018
0.529967963695526,0.0829880610108375,1.56838893890381,-0.258394777774811,0.346383959054947,0.781963348388672,-0.449203282594681
0.52987539768219,0.0828028097748756,1.56830823421478,-0.25830414891243,0.346790939569473,0.781829059123993,-0.449175179004669
0.530544996261597,0.0828276574611663,1.56896197795868,-0.259318888187408,0.348004072904587,0.781312227249146,-0.448551177978516
0.530410587787628,0.0828238949179649,1.56891167163849,-0.259755402803421,0.348161071538925,0.781137526035309,-0.448480993509293
0.530207693576813,0.0827673971652984,1.56908679008484,-0.260606855154037,0.348486989736557,0.780811131000519,-0.448302358388901
0.530113577842712,0.0827236622571945,1.56901907920837,-0.261208772659302,0.348537296056747,0.780704140663147,-0.448099195957184
0.530027389526367,0.0826234742999076,1.56869113445282,-0.261105418205261,0.348524004220963,0.781020700931549,-0.447617799043655
0.529855012893677,0.0826194062829017,1.56868278980255,-0.261974930763245,0.348600685596466,0.780829906463623,-0.447382867336273
0.529667913913727,0.0825715214014053,1.56859827041626,-0.262384295463562,0.348600775003433,0.780661463737488,-0.44743686914444
0.528672814369202,0.0823719352483749,1.56782591342926,-0.261935442686081,0.34764352440834,0.780969083309174,-0.447907418012619
0.528672814369202,0.0823719352483749,1.56782591342926,-0.261935442686081,0.34764352440834,0.780969083309174,-0.447907418012619
0.528486251831055,0.0822814851999282,1.56777834892273,-0.26234045624733,0.347830027341843,0.780798494815826,-0.447822988033295
0.528877437114716,0.0822758302092552,1.5685008764267,-0.263863950967789,0.349339872598648,0.779872596263885,-0.447365909814835
0.528636574745178,0.0822856724262237,1.56821775436401,-0.263587653636932,0.349133461713791,0.7798992395401,-0.447643399238586
0.528301596641541,0.0823474079370498,1.56859719753265,-0.264550596475601,0.349986970424652,0.779226899147034,-0.447579711675644
0.527998864650726,0.0823835134506225,1.56848227977753,-0.264564275741577,0.349796444177628,0.779233336448669,-0.447709411382675
0.527710556983948,0.0824272632598877,1.56853270530701,-0.264803469181061,0.350220680236816,0.778739273548126,-0.448095738887787
0.527571797370911,0.0825365483760833,1.56829583644867,-0.264606595039368,0.350249588489532,0.778446555137634,-0.448697686195373
0.527237832546234,0.082703873515129,1.56854057312012,-0.265407115221024,0.350482195615768,0.777871787548065,-0.449039876461029
0.526935040950775,0.0827677845954895,1.56856036186218,-0.265587419271469,0.350945264101028,0.777367651462555,-0.449444442987442
0.526511192321777,0.0826868340373039,1.56854128837585,-0.26543053984642,0.352266073226929,0.776692271232605,-0.449671596288681
0.525318324565887,0.0827211514115333,1.56777310371399,-0.264773607254028,0.351639181375503,0.7767294049263,-0.450484365224838
0.524920403957367,0.0828612148761749,1.56770634651184,-0.264992982149124,0.352120161056518,0.776193261146545,-0.450903624296188
0.524525761604309,0.0829620510339737,1.56736993789673,-0.264729201793671,0.352656573057175,0.775739014148712,-0.451420783996582
0.52415406703949,0.0830823928117752,1.5673280954361,-0.265137225389481,0.353196889162064,0.775288164615631,-0.451533526182175
0.524475157260895,0.0833470523357391,1.56798124313354,-0.266151875257492,0.354999870061874,0.774403989315033,-0.451039731502533
0.524063289165497,0.0835816711187362,1.56786024570465,-0.266571849584579,0.355245023965836,0.774053514003754,-0.451200246810913
0.523595452308655,0.0837334617972374,1.56778299808502,-0.267118245363235,0.355869352817535,0.773520588874817,-0.45129919052124
0.523171782493591,0.0838760361075401,1.56772899627686,-0.26760658621788,0.356507360935211,0.772985100746155,-0.451423734426498
0.522644639015198,0.0840787142515182,1.56788289546967,-0.268864959478378,0.357343167066574,0.772577047348022,-0.450713157653809
0.522235989570618,0.0842377245426178,1.56783652305603,-0.269394904375076,0.358221381902695,0.772004902362823,-0.450679928064346
0.521735310554504,0.0844019874930381,1.56774592399597,-0.269874840974808,0.358887165784836,0.771496713161469,-0.450733244419098
0.51982319355011,0.0845249742269516,1.56673192977905,-0.268603712320328,0.35735148191452,0.772508680820465,-0.450979322195053
0.520029127597809,0.0849088430404663,1.56655168533325,-0.270138025283813,0.358207702636719,0.771467208862305,-0.451166242361069
0.518075287342072,0.0849770456552505,1.56585764884949,-0.26926639676094,0.357614248991013,0.772031247615814,-0.451193451881409
0.519842147827148,0.0854262113571167,1.56709694862366,-0.271499842405319,0.360748261213303,0.770368576049805,-0.450200945138931
0.519842147827148,0.0854262113571167,1.56709694862366,-0.271499842405319,0.360748261213303,0.770368576049805,-0.450200945138931
0.518952012062073,0.0862585753202438,1.56695652008057,-0.272785156965256,0.361375838518143,0.769511938095093,-0.45038565993309
0.517039060592651,0.0862839668989181,1.56616902351379,-0.271644294261932,0.360655337572098,0.770157337188721,-0.450549364089966
0.517999112606049,0.0867949575185775,1.56671249866486,-0.27338570356369,0.362651586532593,0.768876254558563,-0.450081616640091
0.516160428524017,0.0869926661252975,1.56586062908173,-0.27235358953476,0.361443012952805,0.769492328166962,-0.450626343488693
0.517133057117462,0.0876117125153541,1.56646502017975,-0.274176269769669,0.36344650387764,0.767967641353607,-0.450510740280151
0.516664803028107,0.0877907425165176,1.5663286447525,-0.274155646562576,0.364846915006638,0.76706737279892,-0.450924932956696
0.516251266002655,0.0882776752114296,1.56643521785736,-0.275194346904755,0.365475505590439,0.76657235622406,-0.450624644756317
0.51574045419693,0.0886901170015335,1.56619417667389,-0.275208592414856,0.366076499223709,0.766087472438812,-0.450952678918839
0.515352964401245,0.0892453715205192,1.56579077243805,-0.275125533342361,0.366356790065765,0.765792846679688,-0.451276063919067
0.514864563941956,0.0895875692367553,1.56548702716827,-0.274833679199219,0.367172062397003,0.765358626842499,-0.451527893543243
0.514419734477997,0.0902687236666679,1.56539285182953,-0.27537527680397,0.367552042007446,0.764897108078003,-0.451670706272125
0.513195157051086,0.0906380861997604,1.56442332267761,-0.27463173866272,0.367246687412262,0.764630377292633,-0.452821999788284
0.513429701328278,0.0912862420082092,1.56492030620575,-0.275535017251968,0.369233399629593,0.76366662979126,-0.452283710241318
0.51294356584549,0.091859757900238,1.56462645530701,-0.275557368993759,0.370085030794144,0.763080477714539,-0.452563166618347
0.511721968650818,0.0922490954399108,1.5637948513031,-0.275100409984589,0.370373606681824,0.762556135654449,-0.453487783670425
0.511930704116821,0.0929910242557525,1.56423890590668,-0.275821894407272,0.371907621622086,0.761638045310974,-0.453337013721466
0.51069849729538,0.0935985893011093,1.56325352191925,-0.275300979614258,0.37183067202568,0.761368572711945,-0.454168736934662
0.510886251926422,0.0943088978528976,1.56366169452667,-0.275985538959503,0.37357223033905,0.760447561740875,-0.453867256641388
0.510359287261963,0.0950646698474884,1.56339049339294,-0.276363581418991,0.374624341726303,0.759943783283234,-0.453613668680191
0.509060859680176,0.0957584306597709,1.56245005130768,-0.276072919368744,0.375191301107407,0.759050905704498,-0.454815447330475
0.508857131004333,0.0963984727859497,1.56176364421844,-0.275479525327682,0.375830054283142,0.758879780769348,-0.454933136701584
0.508957803249359,0.097398355603218,1.56216204166412,-0.276332467794418,0.377668857574463,0.757652044296265,-0.454939812421799
0.507650017738342,0.0980947166681289,1.56113290786743,-0.275933027267456,0.378097921609878,0.756891250610352,-0.45609050989151
0.507097244262695,0.098892718553543,1.56088054180145,-0.276259422302246,0.379867345094681,0.755730748176575,-0.456347167491913
0.506422758102417,0.099644623696804,1.56057298183441,-0.276290118694305,0.381402432918549,0.754864394664764,-0.45648193359375
0.506432592868805,0.100731991231441,1.56097853183746,-0.277168214321136,0.383408069610596,0.753504812717438,-0.456515580415726
0.506432592868805,0.100731991231441,1.56097853183746,-0.277168214321136,0.383408069610596,0.753504812717438,-0.456515580415726
0.504359841346741,0.102508574724197,1.55943167209625,-0.276770174503326,0.385452151298523,0.751274466514587,-0.458706498146057
0.504449069499969,0.103553541004658,1.56010627746582,-0.278169721364975,0.388039588928223,0.749547004699707,-0.458504319190979
0.502954125404358,0.104306995868683,1.55902326107025,-0.277705132961273,0.388528734445572,0.749096512794495,-0.459107577800751
0.502938628196716,0.105235800147056,1.5594607591629,-0.278460383415222,0.391457468271255,0.747269332408905,-0.459139794111252
0.502119243144989,0.106134966015816,1.55905878543854,-0.278494298458099,0.392997682094574,0.745906174182892,-0.46001935005188
0.501354396343231,0.107159674167633,1.55895638465881,-0.279282689094543,0.394593060016632,0.744399428367615,-0.460616022348404
0.500528991222382,0.108075886964798,1.55846154689789,-0.279216200113297,0.39607772231102,0.743253946304321,-0.46123132109642
0.499720156192779,0.109033055603504,1.55813074111938,-0.279559969902039,0.3978171646595,0.741719782352448,-0.461995124816894
0.49890261888504,0.110100410878658,1.55801784992218,-0.280537784099579,0.398877561092377,0.740566968917847,-0.462337255477905
0.497401684522629,0.111070975661278,1.55666327476501,-0.279761999845505,0.398924469947815,0.739913761615753,-0.463810563087463
0.496511250734329,0.111857563257217,1.55642151832581,-0.27983945608139,0.401285648345947,0.73832768201828,-0.464254379272461
0.495646208524704,0.112890116870403,1.55633354187012,-0.281010299921036,0.402737706899643,0.736858010292053,-0.464624434709549
0.495646208524704,0.112890116870403,1.55633354187012,-0.281010299921036,0.402737706899643,0.736858010292053,-0.464624434709549
0.494273960590362,0.114820398390293,1.55594980716705,-0.28164529800415,0.405850410461426,0.734628736972809,-0.465061217546463
0.493418991565704,0.115495920181274,1.55575478076935,-0.28215628862381,0.408098012208939,0.732974052429199,-0.465395361185074
0.492475718259811,0.116335637867451,1.55540561676025,-0.282435953617096,0.409243196249008,0.731803596019745,-0.46606171131134
0.491392403841019,0.1170274913311,1.55506706237793,-0.282253682613373,0.410967916250229,0.730638384819031,-0.466482490301132
0.490464448928833,0.117919616401195,1.55472803115845,-0.282727628946304,0.411828488111496,0.729566514492035,-0.467113703489304
0.489555835723877,0.118425391614437,1.55441117286682,-0.282661855220795,0.413855493068695,0.727851152420044,-0.468036860227585
0.488556236028671,0.1191536039114,1.55397343635559,-0.282987505197525,0.414741039276123,0.727172553539276,-0.468111246824265
0.487628668546677,0.119782015681267,1.55361092090607,-0.283347636461258,0.415827989578247,0.72597998380661,-0.468779563903809
0.487628668546677,0.119782015681267,1.55361092090607,-0.283347636461258,0.415827989578247,0.72597998380661,-0.468779563903809
0.485516011714935,0.12109425663948,1.55263984203339,-0.284480005502701,0.417362809181213,0.724264681339264,-0.469382733106613
0.484602451324463,0.121596097946167,1.55222547054291,-0.284989416599274,0.417924791574478,0.723180592060089,-0.470244407653809
0.483630120754242,0.122102349996567,1.55175495147705,-0.285422176122665,0.419024139642715,0.722168147563934,-0.470559418201446
0.483630120754242,0.122102349996567,1.55175495147705,-0.285422176122665,0.419024139642715,0.722168147563934,-0.470559418201446
0.481848478317261,0.122925028204918,1.55091655254364,-0.287073880434036,0.420043557882309,0.720765173435211,-0.47079673409462
0.48091858625412,0.123595342040062,1.55060529708862,-0.288698047399521,0.419709444046021,0.720311224460602,-0.470796197652817
0.48008531332016,0.124023392796516,1.55007064342499,-0.289834260940552,0.41947403550148,0.720079660415649,-0.470662206411362
0.479264736175537,0.124314241111279,1.54969084262848,-0.290884613990784,0.419680625200272,0.719863891601562,-0.470159828662872
0.478157877922058,0.124786645174026,1.54875302314758,-0.291522592306137,0.419009000062943,0.72005832195282,-0.470066070556641
0.477470010519028,0.125226601958275,1.54845833778381,-0.293216735124588,0.418430507183075,0.720000326633453,-0.469616264104843
0.476670980453491,0.125827789306641,1.54802465438843,-0.294971615076065,0.417350381612778,0.719614565372467,-0.470069497823715
0.475849956274033,0.126193583011627,1.54753625392914,-0.296409517526627,0.416815519332886,0.719610750675201,-0.469645261764526
0.475131869316101,0.126531690359116,1.54717087745667,-0.298158317804336,0.415816098451614,0.719579815864563,-0.469471484422684
0.474251508712768,0.127066761255264,1.54648494720459,-0.299205541610718,0.415302097797394,0.719749510288239,-0.468999832868576
0.473682045936584,0.127806708216667,1.5460923910141,-0.300955384969711,0.414131790399551,0.719718873500824,-0.468962162733078
0.472831547260284,0.128016844391823,1.54542577266693,-0.302120596170425,0.413245916366577,0.719520151615143,-0.469299137592316
0.472104877233505,0.128260895609856,1.54497075080872,-0.302782416343689,0.413296580314636,0.718979239463806,-0.469656944274902
0.471410810947418,0.128739595413208,1.54458343982697,-0.304159164428711,0.413038522005081,0.718615710735321,-0.469550669193268
0.470827639102936,0.129141807556152,1.54408431053162,-0.305062353610992,0.412380039691925,0.718468010425568,-0.469769507646561
0.47026115655899,0.12968485057354,1.54365646839142,-0.305724948644638,0.411857962608337,0.717862010002136,-0.470722407102585
0.469782382249832,0.129901722073555,1.54335236549377,-0.306084215641022,0.41234540939331,0.717055022716522,-0.471291750669479
0.469192653894424,0.130205452442169,1.54301512241364,-0.30617818236351,0.412674784660339,0.716368436813354,-0.47198611497879
0.468750417232513,0.130537033081055,1.54274427890778,-0.306419402360916,0.412815153598785,0.715649485588074,-0.47279679775238
0.468328654766083,0.130761951208115,1.54252195358276,-0.306444555521011,0.413157343864441,0.714803040027618,-0.473760962486267
0.468018233776092,0.131011754274368,1.54236078262329,-0.306836158037186,0.413158863782883,0.713998436927795,-0.474718242883682
0.4677814245224,0.131189048290253,1.54226887226105,-0.306995749473572,0.413294553756714,0.713487446308136,-0.475265234708786
0.46755650639534,0.131379157304764,1.54221415519714,-0.307081341743469,0.413886040449142,0.712360739707947,-0.476383924484253
0.467517554759979,0.131345272064209,1.54214179515839,-0.306864649057388,0.41429802775383,0.711835443973541,-0.476950317621231
0.46746164560318,0.131474807858467,1.54224467277527,-0.306993186473846,0.414611905813217,0.71112585067749,-0.477652788162231
0.467257231473923,0.13138484954834,1.5420902967453,-0.306484013795853,0.41505765914917,0.710843980312347,-0.478012084960938
0.467274963855743,0.131314441561699,1.54222464561462,-0.306250095367432,0.415186762809753,0.710507690906525,-0.478549510240555
0.467448234558105,0.1311164945364,1.54243886470795,-0.305864423513412,0.415562033653259,0.710032522678375,-0.479175359010696
0.467583358287811,0.130983710289001,1.54264962673187,-0.305663347244263,0.415611535310745,0.709627985954285,-0.479859530925751
0.467807590961456,0.130767092108727,1.54287958145142,-0.3051578104496,0.415599256753922,0.709568321704865,-0.480279952287674
0.468246638774872,0.130646795034409,1.54331827163696,-0.305054515600204,0.41447588801384,0.709874629974365,-0.480863392353058
0.468457937240601,0.130281180143356,1.54365968704224,-0.304356426000595,0.414074927568436,0.71010160446167,-0.481315672397614
0.468514382839203,0.129670441150665,1.5436806678772,-0.30305403470993,0.414198040962219,0.710621118545532,-0.481264770030975
0.468764185905456,0.129222482442856,1.54405069351196,-0.30237478017807,0.413879543542862,0.711012125015259,-0.481388568878174
0.469073981046677,0.128781318664551,1.54444694519043,-0.301399946212768,0.413130968809128,0.711927652359009,-0.481289803981781
0.469446152448654,0.128385692834854,1.54487919807434,-0.301516473293304,0.411878913640976,0.712998032569885,-0.480705082416534
0.469742715358734,0.127622649073601,1.54533171653748,-0.30041429400444,0.411844998598099,0.713285684585571,-0.480997323989868
0.470225960016251,0.126899868249893,1.54564809799194,-0.299462825059891,0.410890609025955,0.714025616645813,-0.481308937072754
0.470568925142288,0.126242876052856,1.54614281654358,-0.299062430858612,0.409544676542282,0.714399993419647,-0.482148826122284
0.470974206924438,0.125453367829323,1.54654109477997,-0.298195838928223,0.40859454870224,0.715038478374481,-0.482545047998428
0.471451282501221,0.124486476182938,1.54706251621246,-0.297586023807526,0.408080518245697,0.715840458869934,-0.482167482376099
0.472121357917786,0.123795382678509,1.547647356987,-0.297379523515701,0.406127214431763,0.716387569904327,-0.4831303358078
0.472445845603943,0.122676327824592,1.54791820049286,-0.29657706618309,0.40551832318306,0.716731190681458,-0.483625262975693
0.472870290279388,0.121663898229599,1.54828417301178,-0.295709818601608,0.40433144569397,0.717320203781128,-0.484276205301285
0.473494023084641,0.120876275002956,1.54876267910004,-0.295876115560532,0.401972860097885,0.717779576778412,-0.485456109046936
0.473972976207733,0.119704023003578,1.54927110671997,-0.295011967420578,0.401255965232849,0.7174933552742,-0.486995846033096
0.474538117647171,0.118599236011505,1.54977607727051,-0.294304072856903,0.399491339921951,0.71749609708786,-0.488867312669754
0.47524681687355,0.117382824420929,1.5501914024353,-0.293166100978851,0.398129671812057,0.717500686645508,-0.490651935338974
0.475897312164307,0.11649127304554,1.55060040950775,-0.292708367109299,0.395359247922897,0.717834651470184,-0.492672622203827
0.476620674133301,0.115292266011238,1.55112862586975,-0.291910231113434,0.393895089626312,0.717265605926514,-0.495141565799713
0.477445542812347,0.11413811147213,1.55162847042084,-0.290872573852539,0.391784906387329,0.716149687767029,-0.499026536941528
0.478126764297485,0.112792909145355,1.55231058597565,-0.289115607738495,0.390871077775955,0.714889109134674,-0.502559125423431
0.478838801383972,0.111610405147076,1.55283117294312,-0.288038283586502,0.38827845454216,0.714410424232483,-0.505857229232788
0.479906499385834,0.110261559486389,1.55365443229675,-0.286728918552399,0.387044191360474,0.712702333927155,-0.509939849376678
0.480498492717743,0.108909033238888,1.55410945415497,-0.285117655992508,0.385081380605698,0.711326718330383,-0.514232099056244
0.481280744075775,0.107444539666176,1.55472433567047,-0.282693177461624,0.383512735366821,0.709999740123749,-0.51855856180191
0.481845021247864,0.106467671692371,1.5550365447998,-0.28128445148468,0.380582511425018,0.708514332771301,-0.523491680622101
0.483312785625458,0.104908369481563,1.55640733242035,-0.280700594186783,0.378759801387787,0.707576870918274,-0.52638703584671
0.484291404485703,0.103367693722248,1.55717825889587,-0.278423547744751,0.377311795949936,0.705468952655792,-0.53144109249115
0.485285818576813,0.101964831352234,1.55781531333923,-0.276715278625488,0.374667376279831,0.704766273498535,-0.535123944282532
0.486317873001099,0.100608304142952,1.55848836898804,-0.274996936321258,0.372045129537582,0.703928112983704,-0.538928925991058
0.487419545650482,0.0992099344730377,1.55922174453735,-0.273438811302185,0.369780451059341,0.702462732791901,-0.543175876140594
0.488581329584122,0.0978715866804122,1.55991661548615,-0.271662265062332,0.366650909185409,0.701974749565125,-0.54680734872818
0.489757925271988,0.0964202284812927,1.56066823005676,-0.270464897155762,0.363982886075974,0.700915932655334,-0.550528883934021
0.49143397808075,0.0947086289525032,1.56188023090363,-0.269477367401123,0.361687690019607,0.699581623077393,-0.554210782051086
0.492618501186371,0.0933422297239303,1.56247651576996,-0.267859309911728,0.35908168554306,0.699552953243256,-0.55672013759613
0.494046896696091,0.0919752642512321,1.56321358680725,-0.267096221446991,0.356329172849655,0.698030471801758,-0.560751736164093
0.494848787784576,0.0909394919872284,1.56327629089355,-0.264997392892838,0.352986693382263,0.697800397872925,-0.564137816429138
0.49658203125,0.0893030911684036,1.56438887119293,-0.264324933290482,0.35076305270195,0.697731733322144,-0.565922319889069
0.498047769069672,0.0880208685994148,1.56506502628326,-0.263551205396652,0.348366349935532,0.696770846843719,-0.568939447402954
0.499398350715637,0.086762711405754,1.5655425786972,-0.262153536081314,0.344728052616119,0.696612358093262,-0.571987211704254
0.500819385051727,0.0854058489203453,1.56620037555695,-0.261193305253982,0.342818289995193,0.696102738380432,-0.574190616607666
0.502143383026123,0.0841221660375595,1.56671214103699,-0.260118573904037,0.339845806360245,0.696533679962158,-0.575920224189758
0.503617405891418,0.0829004272818565,1.5672470331192,-0.259141772985458,0.337425768375397,0.696147859096527,-0.578245282173157
0.503617405891418,0.0829004272818565,1.5672470331192,-0.259141772985458,0.337425768375397,0.696147859096527,-0.578245282173157
0.505737900733948,0.080421857535839,1.56796455383301,-0.259366869926453,0.33559063076973,0.70888364315033,-0.563552737236023
0.50817608833313,0.0793773755431175,1.5687552690506,-0.256278902292252,0.329577803611755,0.696658253669739,-0.583409786224365
0.509267032146454,0.0785273760557174,1.56879186630249,-0.25485947728157,0.326587229967117,0.697348594665527,-0.584886610507965
0.509267032146454,0.0785273760557174,1.56879186630249,-0.25485947728157,0.326587229967117,0.697348594665527,-0.584886610507965
0.512854874134064,0.0760131701827049,1.57006168365479,-0.253255814313888,0.322535097599029,0.697362720966339,-0.587807953357697
0.514442980289459,0.0750243738293647,1.57049310207367,-0.252235740423203,0.320056080818176,0.697690486907959,-0.589210629463196
0.516091227531433,0.0739571005105972,1.57090365886688,-0.251222968101501,0.317876994609833,0.698051929473877,-0.590393602848053
0.517689347267151,0.0729014724493026,1.57138395309448,-0.250388741493225,0.316204994916916,0.698217630386353,-0.59144926071167
0.519265413284302,0.0718183144927024,1.57173585891724,-0.248944446444511,0.314192146062851,0.6988405585289,-0.592395126819611
0.520893514156342,0.0708672553300857,1.57177996635437,-0.247426673769951,0.311299324035644,0.699821889400482,-0.593398928642273
0.522542297840118,0.0699981972575187,1.57241714000702,-0.246977299451828,0.309439867734909,0.700040519237518,-0.594300031661987
0.524233281612396,0.0690861493349075,1.57280588150024,-0.246060699224472,0.307965248823166,0.700517952442169,-0.594883441925049
0.525857269763947,0.0681404322385788,1.57317018508911,-0.245072141289711,0.30631497502327,0.700764238834381,-0.595852494239807
0.527515232563019,0.0671455413103103,1.57354891300201,-0.243725448846817,0.304771840572357,0.700819969177246,-0.597129285335541
0.528303980827332,0.0663615316152572,1.57372140884399,-0.245983138680458,0.306010752916336,0.714000046253204,-0.579701364040375
0.528287589550018,0.0649719834327697,1.57338488101959,-0.243212565779686,0.303334444761276,0.715268552303314,-0.580712378025055
0.532036781311035,0.0644590631127357,1.57503998279572,-0.241321712732315,0.299218535423279,0.701654970645905,-0.599927067756653
0.533646047115326,0.0636689588427543,1.57539772987366,-0.240137979388237,0.297183126211166,0.701933860778809,-0.601086437702179
0.535289943218231,0.0627440065145492,1.5757645368576,-0.239130571484566,0.295799106359482,0.702383518218994,-0.601645112037659
0.53674304485321,0.0620853938162326,1.57560634613037,-0.237415611743927,0.293212473392487,0.703234136104584,-0.60259622335434
0.538515686988831,0.0612752810120582,1.57656168937683,-0.237440571188927,0.291954457759857,0.703177690505981,-0.603262543678284
0.54007613658905,0.0605708882212638,1.57691085338593,-0.236519441008568,0.289634317159653,0.703657269477844,-0.604182839393616
0.541388034820557,0.0599753335118293,1.57709872722626,-0.235449939966202,0.286837786436081,0.704281032085419,-0.605207145214081
0.542576372623444,0.0594067499041557,1.57751905918121,-0.238652288913727,0.289175629615784,0.71652364730835,-0.588231801986694
0.544747173786163,0.0585200488567352,1.57808971405029,-0.234330505132675,0.283504575490951,0.704434216022491,-0.607031226158142
