x,y,z,q0,q1,q2,q3
-0.555035471916199,0.009830106049776,0.943762481212616,-0.0105642201378941,0.0966046825051307,0.705095946788788,0.702421367168427
-0.554796040058136,0.0099967448040843,0.943843126296997,-0.01090853754431,0.0962916612625122,0.705212414264679,0.70234203338623
-0.554709315299988,0.0101388217881321,0.943809688091278,-0.0109723471105098,0.0963353663682937,0.705234706401825,0.702312707901001
-0.554558098316193,0.0102688781917095,0.943800270557404,-0.012315054424107,0.0956809446215629,0.706074178218842,0.701536059379578
-0.554461479187012,0.0103845307603478,0.943791270256042,-0.0112091721966862,0.0962608456611633,0.705326974391937,0.702226519584656
-0.554427862167358,0.010519653558731,0.943747401237488,-0.0109559297561645,0.0964516922831535,0.705393135547638,0.702137887477875
-0.554276168346405,0.0106525877490639,0.943714141845703,-0.0112457880750298,0.0962936282157898,0.705466687679291,0.702081143856049
-0.554189622402191,0.0107471439987421,0.943699419498444,-0.0113453529775142,0.0963027104735374,0.705493330955505,0.702051520347595
-0.554082989692688,0.0108717922121286,0.943642318248749,-0.0115136923268437,0.0962227806448936,0.705557525157928,0.701995015144348
-0.554001688957214,0.010945257730782,0.943627715110779,-0.011742427945137,0.0962087884545326,0.705543994903564,0.702006876468658
-0.553883671760559,0.0110266422852873,0.94360476732254,-0.0120025249198079,0.0961731672286987,0.705561995506287,0.70198929309845
-0.553802490234375,0.0110992221161723,0.94359815120697,-0.0121776517480611,0.0961942374706268,0.705590724945068,0.70195460319519
-0.553723692893982,0.0110323028638958,0.94376802444458,-0.0124190906062722,0.0965738296508789,0.705479741096497,0.702009737491608
-0.553642928600311,0.0111124739050865,0.94375604391098,-0.0125141460448503,0.096522144973278,0.705479383468628,0.702015459537506
-0.55356752872467,0.0111896665766835,0.943751513957977,-0.0126703139394521,0.0965009629726409,0.705481946468353,0.70201301574707
-0.553493797779083,0.0112579800188541,0.943750619888306,-0.0127703826874494,0.096472643315792,0.705459594726562,0.702037513256073
-0.55340975522995,0.0113055249676108,0.94375205039978,-0.0129155116155743,0.0964184999465942,0.705428242683411,0.702073752880096
-0.553341388702393,0.0113745331764221,0.943756222724915,-0.0129999043419957,0.0963619425892829,0.705377161502838,0.702131330966949
-0.55321729183197,0.0114945955574512,0.943717837333679,-0.0130667015910148,0.0960811525583267,0.705333530902863,0.702212393283844
-0.553162515163422,0.0115617262199521,0.943709850311279,-0.014312663115561,0.0954424738883972,0.706063091754913,0.701541721820831
-0.553094267845154,0.0116513650864362,0.943676352500916,-0.0131572987884283,0.0958668813109397,0.705191314220428,0.702382862567902
-0.55304080247879,0.0117092886939644,0.943667113780975,-0.0143950833007693,0.0952420979738235,0.705908834934235,0.701722502708435
-0.553002893924713,0.0117535954341292,0.943658471107483,-0.0132820000872015,0.0957603156566619,0.705061674118042,0.70252525806427
-0.552985548973083,0.0118187433108687,0.943663895130158,-0.013238619081676,0.0957358106970787,0.704957067966461,0.702634274959564
-0.552949249744415,0.0118585797026753,0.943652749061584,-0.0133186876773834,0.0957272723317146,0.704835057258606,0.702756345272064
-0.552910685539246,0.0119297727942466,0.94366180896759,-0.0133085120469331,0.0956214815378189,0.704747676849365,0.702858626842499
-0.552893579006195,0.0119657004252076,0.943650782108307,-0.0132958767935633,0.0957286581397056,0.704587876796722,0.70300430059433
-0.552886247634888,0.0120116602629423,0.943631291389465,-0.0132558951154351,0.0957113280892372,0.704452991485596,0.703142821788788
-0.552873969078064,0.0120417959988117,0.943625390529633,-0.0132167246192693,0.0957444831728935,0.704277455806732,0.70331484079361
-0.552880644798279,0.0120826875790953,0.943612277507782,-0.0131311416625976,0.095735065639019,0.704132854938507,0.703462421894073
-0.552880644798279,0.0120826875790953,0.943612277507782,-0.0131311416625976,0.095735065639019,0.704132854938507,0.703462421894073
-0.552883803844452,0.0121506303548812,0.943607151508331,0.0130277480930089,-0.0957226827740669,-0.703777372837067,-0.703821837902069
-0.552894413471222,0.0121764801442623,0.943597316741943,0.0127788940444588,-0.0957556366920471,-0.703795254230499,-0.703803777694702
-0.552909314632416,0.012223744764924,0.943607091903686,0.0127478558570146,-0.0957590341567993,-0.703576266765594,-0.704022943973541
-0.552946269512177,0.0122544365003705,0.943594634532928,0.0126147158443927,-0.0957462191581726,-0.703389763832092,-0.704213261604309
-0.552979230880737,0.0122708529233932,0.943585515022278,0.0125711439177393,-0.0958028584718704,-0.703172266483307,-0.704423546791077
-0.553016364574432,0.0123291537165641,0.943547129631042,0.0124156456440687,-0.095716968178749,-0.702962696552277,-0.704647243022919
-0.553060173988342,0.012361129745841,0.943537414073944,0.0125305596739053,-0.0956144481897354,-0.702428162097931,-0.705191969871521
-0.553106963634491,0.0123795242980122,0.943530201911926,0.012489078566432,-0.0955511033535003,-0.702184021472931,-0.705444395542145
-0.553199112415314,0.0123934559524059,0.943516850471497,0.012284692376852,-0.0956227332353591,-0.701910436153412,-0.705710470676422
-0.553273439407349,0.0124103799462318,0.943496823310852,0.0121368514373898,-0.0956134125590324,-0.701634228229523,-0.705988883972168
-0.553336262702942,0.0124147851020097,0.943482637405396,0.0120135024189949,-0.0956131070852279,-0.701372802257538,-0.706250667572021
-0.55342835187912,0.0124518722295761,0.943483352661133,0.0118303121998906,-0.0956514403223991,-0.701110422611237,-0.706509113311768
-0.553521990776062,0.0124736092984676,0.943457067012787,0.0188288502395153,-0.0916327759623527,-0.701727569103241,-0.706277132034302
-0.553651809692383,0.0124698923900723,0.943444609642029,0.0187797416001558,-0.091777816414833,-0.701389789581299,-0.706595063209534
-0.553744554519653,0.0124745648354291,0.943434774875641,0.0187299642711877,-0.0917818844318389,-0.701134085655212,-0.706849694252014
-0.553939461708069,0.0125223929062485,0.943367779254913,0.0183891002088785,-0.0918734893202781,-0.700789034366608,-0.707188785076141
-0.554033994674683,0.0125253293663263,0.943364679813385,0.0182798840105533,-0.0919708088040351,-0.70049911737442,-0.707466125488281
-0.554174900054932,0.0125112850219011,0.943367779254913,0.0180732291191816,-0.0921324640512466,-0.700162768363953,-0.707783162593842
-0.554276406764984,0.0125110791996121,0.943358540534973,0.0176878049969673,-0.0922472700476646,-0.699992001056671,-0.70794677734375
-0.554389715194702,0.0126467887312173,0.943099856376648,0.017281150445342,-0.0920912027359008,-0.699957728385925,-0.708011269569397
-0.554496049880981,0.0127030648291111,0.943031787872314,0.0170861054211854,-0.0920529440045356,-0.699616253376007,-0.708358347415924
-0.554622232913971,0.0127006880939006,0.9430131316185,0.0169748254120349,-0.0921331420540809,-0.699232220649719,-0.708729684352875
-0.554740071296692,0.0126636615023016,0.943040609359741,0.0100999511778354,-0.0959111154079437,-0.697836220264435,-0.709735035896301
-0.55488920211792,0.012670743279159,0.943009257316589,0.0098851500079035,-0.096007727086544,-0.697561025619507,-0.709995448589325
-0.555038094520569,0.0126716447994112,0.942999541759491,0.0096885086968541,-0.0963183119893074,-0.697746276855469,-0.709774017333984
-0.555182993412018,0.0126185379922389,0.942980885505676,0.0097208153456449,-0.0960213392972946,-0.696967124938965,-0.710578799247742
-0.555293560028076,0.0126133551821112,0.942983150482178,0.0107149872928857,-0.0955089554190635,-0.697519063949585,-0.710091769695282
-0.555415689945221,0.0126072205603122,0.942968845367432,0.009490898810327,-0.0960751548409462,-0.696516752243042,-0.711016178131104
-0.555532932281494,0.0125896921381354,0.942950129508972,0.0094064706936478,-0.0961480140686035,-0.696307301521301,-0.711212456226349
-0.55567866563797,0.0125942192971706,0.942907512187958,0.0091480752453207,-0.0962410718202591,-0.696011066436768,-0.711493253707886
-0.555854380130768,0.0125708756968379,0.942873358726502,0.0088744349777698,-0.0962674468755722,-0.695845246315002,-0.711655259132385
-0.555953025817871,0.012554501183331,0.942866027355194,0.0088634192943573,-0.096301756799221,-0.695638000965118,-0.711853384971619
-0.556055784225464,0.0125696351751685,0.942848086357117,0.0087338201701641,-0.0962536931037902,-0.695414006710052,-0.712080359458923
-0.556171119213104,0.012552622705698,0.942830860614777,0.0086344173178076,-0.0963048338890075,-0.695217311382294,-0.712266623973846
-0.556266307830811,0.0125361252576112,0.942836046218872,0.0087126493453979,-0.0964221134781837,-0.694970011711121,-0.71249121427536
-0.556379318237305,0.0125163914635777,0.942819833755493,0.0086169857531785,-0.0964855477213859,-0.694796562194824,-0.712652862071991
-0.556604444980621,0.0124665899202227,0.942791044712067,0.0095132393762469,-0.096239149570465,-0.695361614227295,-0.712123394012451
-0.556702256202698,0.012449906207621,0.942784428596497,0.0083176670596003,-0.0967467874288559,-0.694405674934387,-0.713001787662506
-0.556809782981873,0.0124405371025204,0.942773401737213,0.0078946594148874,-0.0968544408679008,-0.694134831428528,-0.713255882263184
-0.556908667087555,0.0124291535466909,0.942769646644592,0.0081248730421066,-0.0967830121517181,-0.694101452827454,-0.713295340538025
-0.557045340538025,0.0122971376404166,0.94292813539505,0.0084541672840714,-0.0969665944576263,-0.693864166736603,-0.713497519493103
-0.557137012481689,0.0122790178284049,0.94292676448822,0.0084537621587514,-0.0969872176647186,-0.693738698959351,-0.713616728782654
-0.557226479053497,0.012254980392754,0.942932307720184,0.0082940785214304,-0.096984289586544,-0.693620324134827,-0.713733971118927
-0.557294249534607,0.0122626284137368,0.942909240722656,0.0082686878740787,-0.0969188809394836,-0.693544209003448,-0.713817179203033
-0.557450354099274,0.0122134834527969,0.942909777164459,0.0082315374165773,-0.0971734300255775,-0.693449139595032,-0.713875353336334
-0.557528555393219,0.0121924681589007,0.942907392978668,0.0081246523186564,-0.0971761494874954,-0.693369150161743,-0.713953852653503
-0.557611525058746,0.0121726365759968,0.942901849746704,0.0081123346462845,-0.0972152724862098,-0.693292915821075,-0.714022636413574
-0.557701647281647,0.012153941206634,0.94287896156311,0.0081110559403896,-0.0972334444522857,-0.693240702152252,-0.714070916175842
-0.557799577713013,0.012115990743041,0.942883312702179,0.008106586523354,-0.0973667055368423,-0.693186700344086,-0.714105188846588
-0.557879686355591,0.0120914448052644,0.942869424819946,0.0079677449539303,-0.0973309427499771,-0.693300664424896,-0.714001059532166
-0.557956755161285,0.0120436158031225,0.942894756793976,0.0087959775701165,-0.0972772911190986,-0.693539917469025,-0.71376633644104
-0.557956755161285,0.0120436158031225,0.942894756793976,0.0087959775701165,-0.0972772911190986,-0.693539917469025,-0.71376633644104
-0.558108031749725,0.0119693139567971,0.942896664142609,0.0091055808588862,-0.0970417559146881,-0.694070279598236,-0.713278651237488
-0.558166921138763,0.0119102383032441,0.94291627407074,0.0091146286576986,-0.0972925052046775,-0.69427901506424,-0.713041245937347
-0.558324337005615,0.0119592705741524,0.942832708358765,0.0078028561547398,-0.0977717116475105,-0.693213582038879,-0.714027166366577
-0.558368921279907,0.011919455602765,0.942864060401916,0.0088480077683925,-0.0973667278885841,-0.694249510765076,-0.71306324005127
-0.558403193950653,0.0118996193632483,0.94286322593689,0.0074723870493471,-0.0980309322476387,-0.693322837352753,-0.713889062404633
-0.558434128761292,0.0118705481290817,0.942857563495636,0.0076267360709607,-0.0978363826870918,-0.693118155002594,-0.714112877845764
-0.558468639850616,0.0118218772113323,0.942808985710144,0.0091375922784209,-0.0971615016460418,-0.694145739078522,-0.713188707828522
-0.558485507965088,0.0117915775626897,0.942813217639923,0.0092080850154161,-0.0971370860934257,-0.694189488887787,-0.713148415088654
-0.558506846427917,0.0117808952927589,0.942812144756317,0.0081557771191,-0.0977289825677871,-0.693391084671021,-0.713856816291809
-0.558523118495941,0.0117541020736098,0.94281017780304,0.0082717603072524,-0.0977487489581108,-0.693450629711151,-0.713794767856598
-0.558523714542389,0.0117608085274696,0.942847430706024,0.008367053233087,-0.0977064445614814,-0.693487107753754,-0.713764071464539
-0.558522701263428,0.0117252497002482,0.94281530380249,0.0085210120305418,-0.0976683720946312,-0.693558990955353,-0.713697671890259
-0.558514595031738,0.0117293018847703,0.942853093147278,0.0086141629144549,-0.0975859686732292,-0.693626582622528,-0.713642060756683
-0.558509349822998,0.011706574819982,0.942859470844269,0.0088890027254819,-0.0976950526237487,-0.693691849708557,-0.713560342788696
-0.558516085147858,0.0116995489224791,0.942853093147278,0.0157852061092853,-0.0934918597340583,-0.694718658924103,-0.713004887104034
-0.558497607707977,0.0116635477170348,0.942817091941834,0.0161890275776386,-0.0935447365045547,-0.694766283035278,-0.712942600250244
-0.558491826057434,0.0116524323821067,0.942816436290741,0.0160224772989749,-0.0934198126196861,-0.694881975650787,-0.712849915027618
-0.558479130268097,0.0116601660847663,0.942855060100555,0.01604307256639,-0.0933730453252792,-0.694956421852112,-0.712783098220825
-0.55846506357193,0.0116191999986767,0.942824244499206,0.0164236761629581,-0.0932720825076103,-0.695048213005066,-0.712698101997375
-0.558340072631836,0.0116027072072029,0.942914485931396,0.0165914464741945,-0.0931542292237281,-0.695156335830688,-0.712604224681854
-0.558340072631836,0.0116027072072029,0.942914485931396,0.0165914464741945,-0.0931542292237281,-0.695156335830688,-0.712604224681854
-0.558320641517639,0.011589934118092,0.942904353141785,0.016804227605462,-0.093171514570713,-0.695209503173828,-0.712545096874237
-0.558293223381042,0.0115752043202519,0.94291228055954,0.0168715603649616,-0.0931434258818626,-0.695252358913422,-0.712505400180817
-0.558286070823669,0.0115711614489555,0.942902684211731,0.0170938856899738,-0.0931059941649437,-0.695350289344788,-0.712409377098083
-0.558269381523132,0.0115675749257206,0.942907571792602,0.0170286204665899,-0.0931498408317565,-0.695418059825897,-0.712339103221893
-0.558248460292816,0.0115515645593404,0.942903637886047,0.0174176413565874,-0.0929754227399826,-0.695532143115997,-0.712241053581238
-0.558231890201569,0.0115387449041008,0.942907810211182,0.0173986330628395,-0.0930555611848831,-0.695600152015686,-0.712164580821991
-0.558231890201569,0.0115387449041008,0.942907810211182,0.0173986330628395,-0.0930555611848831,-0.695600152015686,-0.712164580821991
-0.558185338973999,0.0115827228873968,0.942897796630859,0.0176302567124366,-0.0928203463554382,-0.695791125297546,-0.712003231048584
-0.558143019676208,0.0115862982347607,0.942896842956543,0.0177817046642303,-0.0927504003047943,-0.695870578289032,-0.711930811405182
-0.558127641677856,0.0115701695904135,0.942883968353272,0.0180324781686067,-0.0926833897829055,-0.69594931602478,-0.711856186389923
-0.558096528053284,0.011568084359169,0.942879319190979,0.0178980715572834,-0.093111515045166,-0.696480810642242,-0.711283683776855
-0.558073997497559,0.0115975411608815,0.942849695682526,0.0179921332746744,-0.09260855615139,-0.696079432964325,-0.711739659309387
-0.558051466941833,0.0115915844216942,0.942861795425415,0.0186275448650121,-0.0924268290400505,-0.696196496486664,-0.711632490158081
-0.55803656578064,0.0115893734619021,0.942856788635254,0.0186025090515613,-0.092825211584568,-0.696706771850586,-0.711081624031067
-0.558028161525726,0.0115942545235157,0.942854464054108,0.0187523923814296,-0.0927813649177551,-0.696747004985809,-0.711043953895569
-0.557990312576294,0.0115979192778468,0.94286298751831,0.012693116441369,-0.0959114134311676,-0.696210086345673,-0.711288690567017
-0.557973682880402,0.0115980980917811,0.94286048412323,0.0119247287511825,-0.0964675694704055,-0.695432245731354,-0.711987316608429
-0.557957112789154,0.0115988897159695,0.942871987819672,0.0130846621468663,-0.0958811864256858,-0.696264564990997,-0.711232244968414
-0.557950377464294,0.0116010745987296,0.942863345146179,0.0131200347095727,-0.09591556340456,-0.696293234825134,-0.71119886636734
-0.557932913303375,0.01160788256675,0.942860662937164,0.0132322320714592,-0.0959162414073944,-0.696335017681122,-0.711155772209167
-0.557915151119232,0.0116177424788475,0.94286036491394,0.0132816657423973,-0.0960845798254013,-0.696548640727997,-0.71092301607132
-0.557915449142456,0.0116008874028921,0.942897796630859,0.0133706144988536,-0.0961635485291481,-0.696565687656403,-0.710893988609314
-0.557902693748474,0.0116254864260554,0.942857563495636,0.0133914481848478,-0.0961213186383247,-0.69659835100174,-0.71086722612381
-0.557886064052582,0.0116383042186498,0.942860424518585,0.0134607134386897,-0.0961278527975082,-0.696604132652283,-0.710859417915344
-0.557893812656403,0.0116307232528924,0.942898809909821,0.013558279722929,-0.0962409451603889,-0.696579575538635,-0.710866212844849
-0.557884991168976,0.0116654075682163,0.942853212356567,0.0135659398511052,-0.0962011888623237,-0.696589291095734,-0.710861921310425
-0.557884991168976,0.0116654075682163,0.942853212356567,0.0135659398511052,-0.0962011888623237,-0.696589291095734,-0.710861921310425
-0.557884037494659,0.0116601660847663,0.942897081375122,0.0137150706723332,-0.0963874459266662,-0.696507334709167,-0.710914194583893
-0.557880520820618,0.0116897886618971,0.94289618730545,0.01380081102252,-0.0962024927139282,-0.696325719356537,-0.71111536026001
-0.557868540287018,0.0116726756095886,0.942925155162811,0.0146059431135654,-0.0961804166436195,-0.6964390873909,-0.710991203784943
-0.557882845401764,0.0117001384496688,0.942907989025116,0.014609488658607,-0.096223697066307,-0.696406483650208,-0.711017310619354
-0.55787193775177,0.0117229968309402,0.942911982536316,0.013595494441688,-0.0968375578522682,-0.695520579814911,-0.711820900440216
-0.557880699634552,0.0117432055994868,0.942905485630035,0.0136182187125086,-0.0969002321362495,-0.695469260215759,-0.711861908435822
-0.557872772216797,0.0117515763267874,0.942921459674835,0.0136831412091851,-0.0969593152403831,-0.695430517196655,-0.711890518665314
-0.557880043983459,0.0117717441171407,0.942910552024841,0.0136910770088434,-0.0970283076167106,-0.695372760295868,-0.711937427520752
-0.557883381843567,0.0117815677076578,0.942914366722107,0.0148554984480142,-0.096487857401371,-0.696162819862366,-0.711215078830719
-0.557891428470612,0.0117864245548844,0.942909479141235,0.0149241015315055,-0.0966034829616546,-0.696101009845734,-0.711258292198181
-0.557895004749298,0.0118069294840097,0.942908227443695,0.0138786723837256,-0.0972529724240303,-0.695183932781219,-0.712087571620941
-0.557893991470337,0.0118304090574383,0.942898750305176,0.0139250941574573,-0.0973962843418121,-0.695079028606415,-0.712169408798218
-0.557885646820068,0.0118428254500031,0.942897617816925,0.0139554562047123,-0.0974389016628265,-0.695020914077759,-0.712219774723053
-0.557888865470886,0.0118524814024567,0.942891657352448,0.0140174906700849,-0.0974890142679214,-0.694991171360016,-0.712240636348724
-0.557888865470886,0.0118524814024567,0.942891657352448,0.0140174906700849,-0.0974890142679214,-0.694991171360016,-0.712240636348724
-0.557914912700653,0.0119088413193821,0.942872285842896,0.0141252791509032,-0.0975691974163055,-0.694859862327576,-0.712355554103851
-0.557912290096283,0.0119192684069275,0.942869186401367,0.0142274172976613,-0.0976490899920463,-0.694803774356842,-0.712397515773773
-0.55791562795639,0.0119402781128883,0.94286847114563,0.0142911449074745,-0.0976949706673622,-0.694766938686371,-0.712425827980042
-0.55791848897934,0.0119555573910474,0.942866384983063,0.0143959680572152,-0.0977523401379585,-0.694728195667267,-0.712453544139862
-0.55791038274765,0.0119696091860532,0.942869305610657,0.0144866509363055,-0.0978247225284576,-0.694650650024414,-0.712517440319061
-0.55792647600174,0.0119847068563103,0.942864954471588,0.0145606081932783,-0.0978998467326164,-0.694617390632629,-0.712537944316864
-0.557931125164032,0.0119995512068271,0.94285923242569,0.0146686369553208,-0.0979601368308067,-0.694593727588654,-0.712550580501556
-0.557940661907196,0.0120302410796284,0.942866325378418,0.0147467534989118,-0.0980571433901786,-0.694565176963806,-0.712563514709473
-0.557925343513489,0.0120465401560068,0.942879259586334,0.0160067379474639,-0.0974935218691825,-0.695300579071045,-0.711896121501923
-0.557921350002289,0.0120687745511531,0.942890465259552,0.0149002922698855,-0.098139688372612,-0.694458901882172,-0.712652385234833
-0.557927668094635,0.0120980571955442,0.942896068096161,0.0149030163884162,-0.0980976000428199,-0.694438934326172,-0.712677538394928
-0.557918965816498,0.0120997615158557,0.942888259887695,0.015001855790615,-0.0981742441654205,-0.694410085678101,-0.712693095207214
-0.557920098304749,0.0121181262657046,0.942898690700531,0.0150177292525768,-0.0981932953000068,-0.694380044937134,-0.712719440460205
-0.557923674583435,0.0121296197175979,0.942898273468018,0.0151181016117334,-0.0982371196150779,-0.694380640983582,-0.712710678577423
-0.557923555374146,0.012157903984189,0.942898571491242,0.0151933142915368,-0.0982963591814041,-0.694334983825684,-0.712745368480682
-0.557905375957489,0.012166085653007,0.942904472351074,0.015338996425271,-0.0983129292726516,-0.69428277015686,-0.712790846824646
-0.557878375053406,0.012213903479278,0.94289368391037,0.015445745550096,-0.0982997119426727,-0.694212317466736,-0.71285879611969
-0.557885110378265,0.0122360046952962,0.942887663841248,0.0156021928414702,-0.0983422696590423,-0.694206535816193,-0.712855398654938
-0.55787068605423,0.0122467689216136,0.942892134189606,0.0156941227614879,-0.0983796119689941,-0.694337427616119,-0.712720572948456
-0.557852327823639,0.0122691513970494,0.942891001701355,0.0157929975539445,-0.0983742401003837,-0.694338142871857,-0.712718605995178
-0.557859838008881,0.0123109864071011,0.94290417432785,0.0158114526420831,-0.0983767285943031,-0.694296300411224,-0.712758421897888
-0.5578573346138,0.0123252710327506,0.942886769771576,0.0153959970921278,-0.0985609740018844,-0.694142282009125,-0.712892234325409
-0.557844221591949,0.0123435808345675,0.94289219379425,0.0160837173461914,-0.0982954651117324,-0.694283664226532,-0.712775886058807
-0.557840585708618,0.0123744858428835,0.942892014980316,0.015454969368875,-0.0983737111091613,-0.694143354892731,-0.71291583776474
-0.557840585708618,0.0123744858428835,0.942892014980316,0.015454969368875,-0.0983737111091613,-0.694143354892731,-0.71291583776474
-0.557849943637848,0.012409477494657,0.942891180515289,0.0156121626496315,-0.0985287502408027,-0.694072246551514,-0.712960004806519
-0.557836949825287,0.0124366665259003,0.942890048027039,0.0158569756895303,-0.0987484753131866,-0.693979382514954,-0.713014781475067
-0.557822406291962,0.0124637009575963,0.942893326282501,0.0159309022128582,-0.098763108253479,-0.694063365459442,-0.712929308414459
-0.557822406291962,0.0124637009575963,0.942893326282501,0.0159309022128582,-0.098763108253479,-0.694063365459442,-0.712929308414459
-0.557862877845764,0.0124968122690916,0.942895293235779,0.0170579440891742,-0.0987000912427902,-0.693893849849701,-0.713076829910278
-0.557880997657776,0.0125197535380721,0.942882895469666,0.0172085203230381,-0.0987746343016624,-0.693819880485535,-0.713135004043579
-0.557888329029083,0.0125585496425628,0.9428750872612,0.0173021852970123,-0.098791629076004,-0.693816959857941,-0.713133156299591
-0.557890713214874,0.0125795435160398,0.942869901657104,0.0174454189836978,-0.0988452211022377,-0.693796157836914,-0.713142514228821
-0.557988584041595,0.0126973604783415,0.942753314971924,0.0171746015548706,-0.0988336578011512,-0.693697094917297,-0.713247060775757
-0.557963252067566,0.0127199012786149,0.942777872085571,0.0173323489725589,-0.0989899486303329,-0.693624138832092,-0.71329253911972
-0.557988464832306,0.0127492025494575,0.942759394645691,0.0173760894685983,-0.0990695282816886,-0.693608820438385,-0.71329528093338
-0.557983160018921,0.0127691803500056,0.942757606506348,0.0176326856017112,-0.0990551933646202,-0.693535447120667,-0.713362336158752
-0.558017909526825,0.0127937719225883,0.942746162414551,0.0176106952130794,-0.0991462543606758,-0.693513512611389,-0.713371455669403
-0.558030366897583,0.0128262862563133,0.942739963531494,0.0177329536527395,-0.0991631299257278,-0.69346684217453,-0.713411509990692
-0.558046936988831,0.0128530021756887,0.942730844020844,0.0177567526698112,-0.0993882790207862,-0.693646669387817,-0.713204741477966
-0.558057904243469,0.0128870261833071,0.942726492881775,0.0177854802459478,-0.0993997007608413,-0.693622708320618,-0.713225841522217
-0.558101773262024,0.0129162846133112,0.942720293998718,0.0180028863251209,-0.0994882136583328,-0.693642437458038,-0.713188707828522
-0.5581094622612,0.0129468543455004,0.942718505859375,0.0180842764675617,-0.0995518714189529,-0.693554759025574,-0.713263034820557
-0.558147609233856,0.0129984524101018,0.942692577838898,0.0181264262646436,-0.0993928462266922,-0.693340837955475,-0.713492095470428
-0.558166921138763,0.0130323814228177,0.942689001560211,0.0181095730513334,-0.0993865430355072,-0.69329822063446,-0.713534951210022
-0.558210432529449,0.0130609152838587,0.942677795886993,0.0181352756917476,-0.0994734615087509,-0.69327175617218,-0.713547825813293
-0.558239579200745,0.013086344115436,0.942658483982086,0.0181117914617061,-0.0994894504547119,-0.693257093429565,-0.713560342788696
-0.558258533477783,0.0131187746301293,0.942652344703674,0.0181477274745702,-0.0995024815201759,-0.693211674690247,-0.713601887226105
-0.55830192565918,0.0131425131112337,0.942634761333466,0.0181746799498796,-0.0995326712727546,-0.693204402923584,-0.713604152202606
-0.558328986167908,0.0131740290671586,0.942622065544128,0.0182057656347751,-0.0995505899190902,-0.693164587020874,-0.713639438152313
-0.55838930606842,0.0132143972441554,0.94263231754303,0.0181078594177961,-0.0996929407119751,-0.693084836006165,-0.713699400424957
-0.558437526226044,0.0132447639480233,0.94262957572937,0.0203597266227006,-0.0974392667412757,-0.693333268165588,-0.713708698749542
-0.55854868888855,0.0133035136386752,0.942588746547699,0.0201719887554645,-0.0975270271301269,-0.693365097045898,-0.713671207427979
-0.558591246604919,0.0133324600756168,0.942585647106171,0.0202425885945558,-0.0975994691252708,-0.693277299404144,-0.713744461536407
-0.558629810810089,0.0133655313402414,0.94257915019989,0.020262025296688,-0.0976223349571228,-0.693246185779572,-0.713770985603333
-0.558665037155151,0.0134127978235483,0.942602574825287,0.0202793944627046,-0.0976153239607811,-0.693223595619202,-0.713793516159058
-0.558712244033813,0.0134360706433653,0.942592978477478,0.0202568024396896,-0.0976164191961288,-0.693176746368408,-0.713839650154114
-0.55877149105072,0.013465522788465,0.942577242851257,0.0201990939676761,-0.0977471768856048,-0.693148136138916,-0.713851094245911
-0.558824062347412,0.0134913958609104,0.942579030990601,0.020224206149578,-0.0977301895618438,-0.693103849887848,-0.713895559310913
-0.558883428573608,0.0135211441665887,0.94257402420044,0.0201994609087705,-0.0977969765663147,-0.693085849285126,-0.713904738426208
-0.55893349647522,0.0135420421138405,0.942570269107819,0.0202187858521938,-0.0978354290127754,-0.693059206008911,-0.713924646377563
-0.559006094932556,0.0135636944323778,0.942546367645264,0.0201793648302555,-0.0978967174887657,-0.693038702011108,-0.713937282562256
-0.559062659740448,0.0135896196588873,0.942540347576141,0.0177965518087148,-0.100328527390957,-0.692726612091064,-0.713965892791748
-0.559152126312256,0.0136306835338473,0.942506909370422,0.0200234223157167,-0.0980332493782043,-0.692987143993378,-0.713972985744476
-0.559210956096649,0.0136533305048942,0.942502498626709,0.0200497899204492,-0.0981050655245781,-0.692972481250763,-0.713976562023163
-0.559272110462189,0.013673922047019,0.942498743534088,0.0199745837599039,-0.098185621201992,-0.692965507507324,-0.713974297046661
-0.559341609477997,0.0136983636766672,0.942494332790375,0.0176066402345895,-0.100600764155388,-0.692681849002838,-0.713975846767426
-0.559497177600861,0.0137350279837846,0.942456424236298,0.0173747669905424,-0.100772187113762,-0.692622065544128,-0.714015364646912
-0.559563755989075,0.0137535855174064,0.942456245422363,0.0196935404092073,-0.0984561145305633,-0.692897200584412,-0.714011311531067
-0.559651970863342,0.0137465167790651,0.942479491233826,0.0174602977931499,-0.100842460989952,-0.692643225193024,-0.713982760906219
-0.559722185134888,0.0137555496767163,0.942481279373169,0.0174762364476919,-0.100909262895584,-0.692656099796295,-0.713960349559784
-0.559781670570374,0.0137673905119299,0.942489624023438,0.0174326878041028,-0.100979879498482,-0.69264417886734,-0.713963091373444
-0.559846639633179,0.0137912835925817,0.942497432231903,0.0173766184598207,-0.101061716675758,-0.692633748054504,-0.713962852954865
-0.559937238693237,0.0137980412691831,0.942498981952667,0.0173039268702268,-0.101204954087734,-0.692628502845764,-0.713949620723724
-0.55999493598938,0.013810102827847,0.942508935928345,0.0172434691339731,-0.101254090666771,-0.692623615264893,-0.713948845863342
-0.560087621212006,0.0138260591775178,0.942510902881622,0.0171804577112197,-0.101406790316105,-0.692633330821991,-0.713919222354889
-0.560156464576721,0.0138289034366607,0.942515075206757,0.0171784628182649,-0.101500332355499,-0.692624866962433,-0.713914275169373
-0.560266613960266,0.0138166500255465,0.942533016204834,0.0170874781906604,-0.101675689220428,-0.692622482776642,-0.71389365196228
-0.560386776924133,0.0138459745794534,0.942531645298004,0.016984611749649,-0.101839162409306,-0.692595720291138,-0.713898897171021
-0.560466587543488,0.0138537660241127,0.942528069019318,0.0169395543634891,-0.101874195039272,-0.692599177360535,-0.713891565799713
-0.560557723045349,0.0138778919354081,0.942544937133789,0.0170092098414897,-0.101815767586231,-0.692609846591949,-0.713887929916382
-0.560612976551056,0.013894853182137,0.942570388317108,0.0169403832405805,-0.101824171841145,-0.692589581012726,-0.713908016681671
-0.56070601940155,0.0139309512451291,0.942565679550171,0.0168635640293359,-0.101813517510891,-0.69252473115921,-0.713974297046661
-0.5607750415802,0.0139531707391142,0.942570984363556,0.016748409718275,-0.101843275129795,-0.692455112934113,-0.714040279388428
-0.560853719711304,0.013982854783535,0.942572236061096,0.0166201200336217,-0.101857289671898,-0.69239354133606,-0.714101076126099
-0.560921549797058,0.014016487635672,0.94257527589798,0.0164972320199012,-0.10185270011425,-0.692338585853577,-0.714157700538635
-0.560984492301941,0.0140457535162568,0.942581832408905,0.016389176249504,-0.101830661296844,-0.692293524742126,-0.714207053184509
-0.561043679714203,0.0140825370326638,0.942595422267914,0.0163024980574846,-0.101866163313389,-0.692173719406128,-0.714320063591003
-0.561196744441986,0.0141583420336246,0.942557275295258,0.0159558840095996,-0.1019167304039,-0.692040205001831,-0.714450001716614
-0.561240196228027,0.0141965188086032,0.94257116317749,0.0159652512520551,-0.101896278560161,-0.691923141479492,-0.714566051959991
-0.561303555965424,0.0142259811982512,0.942571580410004,0.0158396940678358,-0.101858302950859,-0.691820561885834,-0.714673638343811
-0.561364471912384,0.0142729934304952,0.942595779895782,0.015772933140397,-0.101825565099716,-0.691655099391937,-0.714839816093445
-0.561419785022736,0.0143394116312265,0.942606091499329,0.0155995804816484,-0.101752400398254,-0.691522181034088,-0.714982569217682
-0.561493039131165,0.0143899256363511,0.942605555057526,0.0155519591644406,-0.101701594889164,-0.691344439983368,-0.715162754058838
-0.561565279960632,0.0144518977031111,0.942606210708618,0.0153933102265,-0.101669825613499,-0.691172540187836,-0.715336918830872
-0.561588525772095,0.0145655637606978,0.94256180524826,0.0151983499526977,-0.101434551179409,-0.690971672534943,-0.715568423271179
-0.561662673950195,0.0146270478144288,0.942574977874756,0.01499964017421,-0.10144816339016,-0.690708637237549,-0.715824782848358
-0.561788558959961,0.0147033864632248,0.942582726478577,0.0168197099119424,-0.0996170863509178,-0.691122889518738,-0.715641617774963
-0.561911702156067,0.0148008931428194,0.942603230476379,0.0164698231965303,-0.0996020212769508,-0.690851867198944,-0.715913355350494
-0.562006413936615,0.0148679446429014,0.942622184753418,0.0162039622664451,-0.0995275825262069,-0.69053453207016,-0.716235995292664
-0.562239348888397,0.0149599770084023,0.94257128238678,0.015898160636425,-0.0992424413561821,-0.689759790897369,-0.717028319835663
-0.562355160713196,0.0150197120383381,0.942607462406158,0.0157166365534067,-0.09927599132061,-0.689399302005768,-0.717374384403229
-0.562504231929779,0.0150577127933502,0.942619025707245,0.0155153200030326,-0.0994334295392036,-0.688994407653809,-0.717745721340179
-0.562647879123688,0.0150952097028493,0.942650079727173,0.0128666320815682,-0.102157332003117,-0.68818861246109,-0.71818870306015
-0.562802016735077,0.015115700662136,0.942684292793274,0.0127569483593106,-0.102467104792595,-0.687689661979675,-0.718624174594879
-0.562966287136078,0.015121049247682,0.942718923091888,0.0126245860010385,-0.102618053555489,-0.687160134315491,-0.719111442565918
-0.563153326511383,0.0151085071265697,0.942757487297058,0.0125297354534268,-0.10311534255743,-0.686569571495056,-0.71960574388504
-0.563413381576538,0.0151152973994612,0.942733943462372,0.0147602120414376,-0.101159371435642,-0.686129689216614,-0.720260441303253
-0.563519418239594,0.0150767732411623,0.942844271659851,0.0158777479082345,-0.100872598588467,-0.686281442642212,-0.720132231712341
-0.563720703125,0.0151383224874734,0.942707657814026,0.0125477733090519,-0.104702070355415,-0.684608519077301,-0.721242964267731
-0.563921332359314,0.0150563763454556,0.94273853302002,0.0123055065050721,-0.105176903307438,-0.683858513832092,-0.721889138221741
-0.564260125160217,0.0146101238206028,0.943110227584839,0.0124422358348965,-0.106368318200111,-0.682576358318329,-0.722924947738647
-0.564573407173157,0.0145426783710718,0.943114280700684,0.0121126919984817,-0.107119977474213,-0.681698203086853,-0.723647952079773
-0.564623355865479,0.0145514830946922,0.943116188049316,0.0101914769038558,-0.107692144811153,-0.680728137493134,-0.724505245685577
-0.564745545387268,0.0143594332039356,0.943205654621124,0.0100141251459717,-0.108340822160244,-0.679959535598755,-0.725132405757904
-0.564953982830048,0.014207687228918,0.943235456943512,0.0102909738197922,-0.108809158205986,-0.679088294506073,-0.725874483585358
-0.565107047557831,0.0139260841533541,0.943287193775177,0.0105596575886011,-0.109957620501518,-0.67847615480423,-0.726269900798798
-0.565444231033325,0.0137004721909761,0.943326056003571,0.0105869472026824,-0.110961697995663,-0.67735081911087,-0.727166771888733
-0.565662086009979,0.0134836547076702,0.943385064601898,0.0107255522161722,-0.111541986465454,-0.676371037960052,-0.727987349033356
-0.565914750099182,0.0131359975785017,0.943506479263306,0.0109433326870203,-0.112081781029701,-0.674936175346375,-0.729231953620911
-0.56610369682312,0.0129551785066723,0.943398475646973,0.0107683325186371,-0.112541079521179,-0.67407238483429,-0.729962408542633
-0.56610369682312,0.0129551785066723,0.943398475646973,0.0107683325186371,-0.112541079521179,-0.67407238483429,-0.729962408542633
-0.566651463508606,0.0122068971395492,0.943723440170288,0.0109409326687455,-0.114399544894695,-0.671725213527679,-0.731832146644592
-0.566871047019958,0.0118970870971679,0.943807601928711,0.0109724840149283,-0.115075521171093,-0.670685470104218,-0.732678830623627
-0.567052245140076,0.0115271331742405,0.943884253501892,0.0111626423895359,-0.11571741849184,-0.669651091098785,-0.733520567417145
-0.567215323448181,0.0110661210492253,0.943990528583527,0.0125539479777216,-0.115850575268269,-0.66936993598938,-0.733733594417572
-0.567493140697479,0.0106930593028664,0.944056689739227,0.0121123502030968,-0.116989068686962,-0.668882787227631,-0.734004557132721
-0.5678631067276,0.0102509735152125,0.944181084632874,0.0124399587512016,-0.117486082017422,-0.668133974075317,-0.734601497650146
-0.568118631839752,0.0098338024690747,0.944331645965576,0.0122215151786804,-0.11835915595293,-0.667063653469086,-0.735437214374542
-0.56823343038559,0.0093133151531219,0.944494903087616,0.0124512705951929,-0.119191534817219,-0.66514128446579,-0.737038254737854
-0.567597448825836,0.0090568326413631,0.944682121276856,0.0136488368734717,-0.117800481617451,-0.663818418979645,-0.738432109355927
-0.567821383476257,0.0085798194631934,0.944753170013428,0.0135842887684702,-0.118427127599716,-0.662850558757782,-0.739202082157135
-0.568905293941498,0.0079862894490361,0.944554269313812,0.0117924408987164,-0.121397018432617,-0.662762820720673,-0.738829612731934
-0.568905293941498,0.0079862894490361,0.944554269313812,0.0117924408987164,-0.121397018432617,-0.662762820720673,-0.738829612731934
-0.569448113441467,0.0068288883194327,0.944927096366882,0.0109574105590581,-0.123368285596371,-0.659319877624512,-0.741591274738312
-0.569448113441467,0.0068288883194327,0.944927096366882,0.0109574105590581,-0.123368285596371,-0.659319877624512,-0.741591274738312
-0.569783389568329,0.0056980960071086,0.945150852203369,0.0110678225755691,-0.124407768249512,-0.657536804676056,-0.742997586727142
-0.570019066333771,0.0051824622787535,0.945198595523834,0.0119920717552304,-0.12488104403019,-0.658048212528229,-0.742451012134552
-0.570239722728729,0.0045858151279389,0.945284962654114,0.010860588401556,-0.126285061240196,-0.656277537345886,-0.743796944618225
-0.570587813854218,0.0039971130900084,0.945410311222076,0.0105975503101944,-0.126824349164963,-0.655167877674103,-0.744686782360077
-0.57069981098175,0.0035054506734013,0.945318043231964,0.0105407936498522,-0.126850485801697,-0.654276669025421,-0.745466291904449
-0.570899188518524,0.0028765893075615,0.945338845252991,0.0100604062899947,-0.127525761723518,-0.653992056846619,-0.745607435703278
-0.571066617965698,0.0023138411343097,0.945388197898865,0.0101787485182285,-0.127421885728836,-0.652722895145416,-0.746734797954559
-0.571251511573792,0.0016905108932405,0.945484817028046,0.0097843939438462,-0.128116622567177,-0.652644276618958,-0.746689975261688
-0.571473956108093,0.000914046773687,0.945756435394287,0.0092617077752947,-0.128747507929802,-0.651786267757416,-0.747337222099304
-0.571557343006134,0.0002781203947961,0.945810616016388,0.0107252653688192,-0.127987220883369,-0.652375221252441,-0.746934354305267
-0.571790397167206,-0.0004654715303331,0.945886254310608,0.0101756397634744,-0.129265055060387,-0.651394605636597,-0.747577548027039
-0.571790456771851,-0.0007621076656505,0.94567608833313,0.0097340615466237,-0.128257572650909,-0.650700449943542,-0.748361051082611
-0.571982383728027,-0.0015865541063249,0.946042001247406,0.0102021731436252,-0.129549697041512,-0.64939683675766,-0.749263942241669
-0.571982383728027,-0.0015865541063249,0.946042001247406,0.0102021731436252,-0.129549697041512,-0.64939683675766,-0.749263942241669
-0.571292221546173,-0.0028049452230334,0.946211576461792,0.0124091058969497,-0.127111032605171,-0.648992478847504,-0.749998509883881
-0.57225775718689,-0.00345049938187,0.946160793304443,0.0105071058496832,-0.128862753510475,-0.649247169494629,-0.749507963657379
-0.572479665279388,-0.0043497318401932,0.946309208869934,0.0105105489492416,-0.130067244172096,-0.649234771728516,-0.749310612678528
-0.572512149810791,-0.0050032311119139,0.946374416351318,0.0107139451429247,-0.129863724112511,-0.648437798023224,-0.750032663345337
-0.57239556312561,-0.0054830950684845,0.946383893489838,0.0094823762774467,-0.129654973745346,-0.647556364536285,-0.750846445560455
-0.571597635746002,-0.0060282032936811,0.946669042110443,0.0114441839978098,-0.128756538033485,-0.647520124912262,-0.751004993915558
-0.57164603471756,-0.0067090447992086,0.946762979030609,0.0103800697252154,-0.128401935100555,-0.64703893661499,-0.751495778560638
-0.572403073310852,-0.0073349690064787,0.946388781070709,0.0085590323433279,-0.128915876150131,-0.646939694881439,-0.751516103744507
-0.571554362773895,-0.0078724417835474,0.946743369102478,0.0097161578014492,-0.127020850777626,-0.646331012248993,-0.752348065376282
-0.57227748632431,-0.0085874292999506,0.946482241153717,0.0084709953516721,-0.128189563751221,-0.646682679653168,-0.751862525939941
-0.571533739566803,-0.0093469675630331,0.946999251842499,0.0098053384572267,-0.127157852053642,-0.646023571491241,-0.752587854862213
-0.572153210639954,-0.01007457729429,0.946555554866791,0.0086532905697822,-0.128271028399467,-0.646423280239105,-0.752069652080536
-0.571316719055176,-0.0106077417731285,0.946870684623718,0.0108694583177566,-0.126259863376617,-0.647376775741577,-0.751560807228088
-0.5720494389534,-0.011487940326333,0.946791172027588,0.0088833635672926,-0.127285003662109,-0.646243989467621,-0.752388477325439
-0.571866989135742,-0.0122345304116606,0.946896731853485,0.0099873570725321,-0.12655533850193,-0.647123217582703,-0.751741707324982
-0.571720004081726,-0.0129505218937993,0.946905314922333,0.0101829534396529,-0.126275911927223,-0.647086441516876,-0.751817762851715
-0.570732712745667,-0.0135336183011531,0.947154700756073,0.0116002205759286,-0.124270312488079,-0.646668314933777,-0.752490818500519
-0.571381211280823,-0.0143438698723912,0.946854472160339,0.010500431060791,-0.12598879635334,-0.646419644355774,-0.752434849739075
-0.570449650287628,-0.0150349354371428,0.947158932685852,0.0120750656351447,-0.123327843844891,-0.646679103374481,-0.752629220485687
-0.570280253887177,-0.0157519578933715,0.947222292423248,0.0112117221578955,-0.123347446322441,-0.645659506320953,-0.753514111042023
-0.570129096508026,-0.0164102930575609,0.947175860404968,0.0115492828190326,-0.122673064470291,-0.646956503391266,-0.752506017684937
-0.569874107837677,-0.0171995647251606,0.947187423706055,0.0121224299073219,-0.122042544186115,-0.646646916866302,-0.752865493297577
-0.569782972335815,-0.0181657616049051,0.94736510515213,0.012257925234735,-0.122614726424217,-0.646454095840454,-0.752936005592346
-0.570310354232788,-0.0190005823969841,0.947044312953949,0.011255657300353,-0.123503603041172,-0.647139966487885,-0.752216815948486
-0.570001065731049,-0.019610958173871,0.946955502033234,0.0114971091970801,-0.122487850487232,-0.646612524986267,-0.752832651138306
-0.569807410240173,-0.0202957782894372,0.946955740451813,0.0119624286890029,-0.121678717434406,-0.64719295501709,-0.752457678318024
-0.569525301456451,-0.0211124662309885,0.947041273117065,0.0127877239137887,-0.121041193604469,-0.647890329360962,-0.751946568489075
-0.569360673427582,-0.0218217559158802,0.947023153305054,0.0113042593002319,-0.121369585394859,-0.646507918834686,-0.753106296062469
-0.569360673427582,-0.0218217559158802,0.947023153305054,0.0113042593002319,-0.121369585394859,-0.646507918834686,-0.753106296062469
-0.568750858306885,-0.0232005808502435,0.946852028369904,0.0125259589403867,-0.119253009557724,-0.647915244102478,-0.752215147018433
-0.568417429924011,-0.0240625701844692,0.947117567062378,0.0108978291973471,-0.120062090456486,-0.646719574928284,-0.753140211105347
-0.568319499492645,-0.0249168239533901,0.947094678878784,0.0119944280013442,-0.119435675442219,-0.647336959838867,-0.752692699432373
-0.567906856536865,-0.0253973994404077,0.946814119815826,0.0125747863203287,-0.118616156280041,-0.647507548332214,-0.752665996551514
-0.567681908607483,-0.0260993391275405,0.94679319858551,0.0117315854877233,-0.118448123335838,-0.647650301456451,-0.752583146095276
-0.567288458347321,-0.0268051587045192,0.946844458580017,0.0121050486341118,-0.116991005837917,-0.647934019565582,-0.752561032772064
-0.567094445228577,-0.0274860616773366,0.946783304214478,0.0126258013769984,-0.116155602037907,-0.648712933063507,-0.752010643482208
-0.566773414611816,-0.0281681288033723,0.946692407131195,0.0122173503041267,-0.115538045763969,-0.648437857627869,-0.75234979391098
-0.566513419151306,-0.0287966001778841,0.946672737598419,0.0123508274555206,-0.114937327802181,-0.648832738399506,-0.752098977565765
-0.566180229187012,-0.0294600129127502,0.946718573570252,0.0116703491657972,-0.1138856112957,-0.649382591247559,-0.75179535150528
-0.565873682498932,-0.0303471311926841,0.946506440639496,0.0128134666010737,-0.113249361515045,-0.650375425815582,-0.751014232635498
-0.565652906894684,-0.0307877380400896,0.946640133857727,0.0126942871138453,-0.112533301115036,-0.65131676197052,-0.750307679176331
-0.565304696559906,-0.0314050316810607,0.946626424789429,0.0129328416660428,-0.111907705664635,-0.650536417961121,-0.751073837280273
-0.564912796020508,-0.0319792330265045,0.946599364280701,0.0122950319200754,-0.111048683524132,-0.650890946388245,-0.75090479850769
-0.564625561237335,-0.0325503535568714,0.94659686088562,0.0123933004215359,-0.109965160489082,-0.651470005512238,-0.750560462474823
-0.564341187477112,-0.0330725945532321,0.946588337421417,0.0128250801935791,-0.109927959740162,-0.652146637439728,-0.749970734119415
-0.563958525657654,-0.0336453542113304,0.946575164794922,0.0128461467102169,-0.108502864837646,-0.652801871299744,-0.749607801437378
-0.563705384731293,-0.0340810716152191,0.946638107299805,0.0125919878482818,-0.107334397733212,-0.653203427791595,-0.749430537223816
-0.563424944877625,-0.0346703566610813,0.946675777435303,0.0139021864160895,-0.10637690871954,-0.654913604259491,-0.748050034046173
-0.563020348548889,-0.0352313257753849,0.946763098239899,0.0149114243686199,-0.10607422888279,-0.655580461025238,-0.747489273548126
-0.562693536281586,-0.0357797928154468,0.946710824966431,0.0149268200621008,-0.105727866292,-0.655662298202515,-0.747466325759888
-0.56162017583847,-0.0361953377723693,0.94697630405426,0.0164390821009874,-0.102480359375477,-0.65655243396759,-0.747105479240417
-0.562104761600494,-0.0366590991616249,0.946645021438599,0.0150932585820555,-0.103077530860901,-0.657740294933319,-0.746006011962891
-0.561749577522278,-0.0371212735772132,0.946667075157166,0.0151600372046232,-0.102414287626743,-0.658584654331207,-0.74535071849823
-0.561397731304169,-0.037558190524578,0.946571171283722,0.0142979323863983,-0.102059490978718,-0.658566474914551,-0.745432615280151
-0.561046540737152,-0.0380327478051185,0.946584820747376,0.0157624334096908,-0.101621113717556,-0.660116612911224,-0.744090616703033
-0.559889495372772,-0.0383611731231212,0.946856081485748,0.017674334347248,-0.0992582514882087,-0.66077709197998,-0.743780255317688
-0.560346186161041,-0.0387753620743751,0.9464972615242,0.0155338551849126,-0.100332461297512,-0.661413669586182,-0.743117809295654
-0.560073852539062,-0.0391741283237934,0.946505665779114,0.0164787843823432,-0.0981488600373268,-0.663177251815796,-0.741816163063049
-0.559649467468262,-0.0395405143499374,0.946491837501526,0.0167909674346447,-0.0972434133291244,-0.663997411727905,-0.741194427013397
-0.559314966201782,-0.0398875661194324,0.946439027786255,0.0169648770242929,-0.0963922813534736,-0.665092766284943,-0.740319132804871
-0.559046566486359,-0.0402791500091552,0.946356534957886,0.0155325066298246,-0.0963648557662963,-0.665213704109192,-0.740245401859283
-0.558616399765015,-0.0405898950994014,0.946384429931641,0.0162020791321992,-0.095541775226593,-0.666254878044128,-0.739400923252106
-0.558368325233459,-0.0409532152116298,0.946361780166626,0.0165564641356468,-0.0951274707913398,-0.667568683624268,-0.738260567188263
-0.558164954185486,-0.0413838922977447,0.946365594863892,0.0176469534635543,-0.0944482237100601,-0.669085204601288,-0.736948490142822
-0.557723641395569,-0.0416885502636432,0.946374773979187,0.0173973105847835,-0.0944882035255432,-0.669658720493317,-0.736428141593933
-0.557409942150116,-0.0419747158885002,0.946306109428406,0.0172071531414985,-0.092865340411663,-0.670770347118378,-0.735626995563507
-0.557150602340698,-0.0422579199075698,0.946302056312561,0.0186734963208436,-0.0922059789299964,-0.67232483625412,-0.734253823757172
-0.556895136833191,-0.0426207818090915,0.946246087551117,0.0191807188093662,-0.0918342396616935,-0.673329830169678,-0.733365952968597
-0.555692374706268,-0.0427997894585132,0.946480751037598,0.0208816900849342,-0.0895798653364181,-0.673870742321014,-0.733101487159729
-0.555478572845459,-0.0431283824145793,0.946467638015747,0.0208326317369937,-0.0892063379287719,-0.674895882606506,-0.732204735279083
-0.555245399475098,-0.0433888994157314,0.946437895298004,0.021118314936757,-0.088570162653923,-0.675628662109375,-0.731597900390625
-0.555620014667511,-0.0437968447804451,0.946149051189423,0.0201010759919881,-0.0896477326750755,-0.676864206790924,-0.730352163314819
-0.555620014667511,-0.0437968447804451,0.946149051189423,0.0201010759919881,-0.0896477326750755,-0.676864206790924,-0.730352163314819
-0.555075466632843,-0.0443165153264999,0.946073055267334,0.0204134304076433,-0.0877089351415634,-0.679217994213104,-0.728391051292419
-0.555000305175781,-0.0446601510047912,0.946033298969269,0.0202723685652017,-0.0882288962602615,-0.679714381694794,-0.727868914604187
-0.554547905921936,-0.0448568537831306,0.946077108383179,0.0205959789454936,-0.0874649137258529,-0.680853664875031,-0.726886570453644
-0.554271876811981,-0.04517637565732,0.946010708808899,0.0203283242881298,-0.0869921222329139,-0.681812524795532,-0.726051509380341
-0.554124295711517,-0.0453476719558239,0.945935726165772,0.0200538523495197,-0.0866663604974746,-0.682982981204987,-0.724997341632843
-0.553802847862244,-0.0455678701400756,0.945992052555084,0.0203487928956747,-0.0861369147896766,-0.683986723423004,-0.724105298519135
-0.553525805473328,-0.0457694306969642,0.945954144001007,0.0212699752300977,-0.0854261592030525,-0.685084521770477,-0.723124623298645
-0.55327707529068,-0.0460604056715965,0.945941209793091,0.021688062697649,-0.0851112902164459,-0.685937523841858,-0.72234034538269
-0.553067922592163,-0.0463603474199771,0.945937275886536,0.0219219829887151,-0.0848479494452476,-0.686981678009033,-0.721371233463287
-0.553067922592163,-0.0463603474199771,0.945937275886536,0.0219219829887151,-0.0848479494452476,-0.686981678009033,-0.721371233463287
-0.552510797977448,-0.0467171147465705,0.945960164070129,0.022256514057517,-0.0841209515929222,-0.688853681087494,-0.71965891122818
-0.55230188369751,-0.0468991510570049,0.945947289466858,0.0222614537924528,-0.0836006253957748,-0.68982982635498,-0.718783974647522
-0.552117884159088,-0.0470282100141048,0.945916056632996,0.0224853400141,-0.0834186747670173,-0.690739333629608,-0.717924058437347
-0.551759839057922,-0.0471888966858387,0.945867002010346,0.0229069888591766,-0.0832206159830093,-0.691519260406494,-0.717182457447052
-0.551568984985352,-0.0474137626588344,0.945884764194488,0.0232103504240512,-0.083032801747322,-0.692431926727295,-0.716313481330872
-0.551357328891754,-0.0475576184689998,0.945872068405151,0.0241501815617084,-0.0824512839317321,-0.69344025850296,-0.715373516082764
-0.551169157028198,-0.0476865172386169,0.94585108757019,0.023027641698718,-0.0814160332083702,-0.694179534912109,-0.714812040328979
-0.550882041454315,-0.0478453300893306,0.945886254310608,0.0234582051634788,-0.080964870750904,-0.695091962814331,-0.713961958885193
-0.550646424293518,-0.0479572303593158,0.945826470851898,0.0243741180747747,-0.0805711075663566,-0.6959348320961,-0.713154196739197
-0.550416588783264,-0.0480738170444965,0.94580340385437,0.0246174316853284,-0.0801925659179687,-0.69683164358139,-0.712312459945679
-0.550416588783264,-0.0480738170444965,0.94580340385437,0.0246174316853284,-0.0801925659179687,-0.69683164358139,-0.712312459945679
-0.549124538898468,-0.0483757406473159,0.945830941200256,0.0324721708893775,-0.0750344917178154,-0.698363482952118,-0.711058378219604
-0.548827290534973,-0.0484500713646411,0.945864081382752,0.0328476093709468,-0.0747226178646087,-0.699341416358948,-0.71011221408844
-0.548580765724182,-0.0485299751162529,0.945896208286285,0.0335545539855957,-0.0741756930947303,-0.700152993202209,-0.709336400032043
-0.548416912555695,-0.0485852248966693,0.945890188217163,0.0332232490181922,-0.0729392543435096,-0.700581669807434,-0.709056735038757
-0.548260271549225,-0.0486098974943161,0.945877254009247,0.0330146998167037,-0.0725811570882797,-0.701394259929657,-0.708299458026886
-0.548168361186981,-0.0486359745264053,0.94587254524231,0.0298623833805322,-0.075481005012989,-0.702097296714783,-0.707439422607422
-0.547883331775665,-0.0486420392990112,0.945909261703491,0.0328942090272903,-0.0715326517820358,-0.70294451713562,-0.70687347650528
-0.547883331775665,-0.0486420392990112,0.945909261703491,0.0328942090272903,-0.0715326517820358,-0.70294451713562,-0.70687347650528
-0.547591984272003,-0.0485757328569889,0.945777297019958,0.0327207148075103,-0.0710396170616149,-0.704569697380066,-0.70531165599823
-0.548318684101105,-0.0485470108687877,0.94576632976532,-0.0310108978301286,0.0721601396799087,0.706014633178711,0.703828573226929
-0.548351407051086,-0.048433344811201,0.945663332939148,-0.0305241663008928,0.0720113217830658,0.706823706626892,0.703052461147308
-0.548228442668915,-0.0483583621680736,0.945670127868652,-0.0305067803710699,0.0714235231280326,0.707561790943146,0.702370524406433
-0.548101365566254,-0.0482957661151886,0.945656418800354,-0.0305021610110998,0.0707412287592887,0.708292543888092,0.701703011989594
-0.547985374927521,-0.0482436567544937,0.945672631263733,-0.0313414372503757,0.0701897144317627,0.708938956260681,0.701068341732025
-0.547985374927521,-0.0482436567544937,0.945672631263733,-0.0313414372503757,0.0701897144317627,0.708938956260681,0.701068341732025
-0.547109365463257,-0.0478970631957054,0.945920586585998,-0.0323296934366226,0.0671251118183136,0.709591865539551,0.700662851333618
-0.54708594083786,-0.0477621331810951,0.945877373218536,-0.0320941917598247,0.0664262473583221,0.710266411304474,0.700056552886963
-0.54788064956665,-0.0476969070732593,0.94558173418045,-0.0304740909487009,0.0672933012247085,0.711472392082214,0.698820531368256
-0.547118782997131,-0.0474858954548835,0.945895075798035,-0.0281364433467388,0.0683515891432762,0.711206555366516,0.699086487293243
-0.547171890735626,-0.047316126525402,0.945894539356232,-0.031130988150835,0.0649116262793541,0.712016403675079,0.69846248626709
-0.547974109649658,-0.0472200959920883,0.945622980594635,-0.029261065647006,0.0660315230488777,0.71325010061264,0.697178602218628
-0.548028171062469,-0.0470330342650413,0.945638477802277,-0.0285980533808469,0.0658500716090202,0.713818252086639,0.696641564369202
-0.547308087348938,-0.0466658547520637,0.946013987064362,-0.0293981973081827,0.0637649223208427,0.713833451271057,0.696786761283875
-0.547326028347015,-0.0466317683458328,0.945746600627899,-0.0291982386261224,0.0639103949069976,0.714345932006836,0.696256279945374
-0.547530770301819,-0.0464162938296794,0.945706188678742,-0.0283853132277727,0.0641643404960632,0.714582443237305,0.696023941040039
-0.547530770301819,-0.0464162938296794,0.945706188678742,-0.0283853132277727,0.0641643404960632,0.714582443237305,0.696023941040039
-0.547701060771942,-0.0457163453102111,0.945923209190369,-0.0235176589339971,0.0665962025523185,0.715227365493774,0.695313990116119
-0.547815978527069,-0.0454676672816276,0.945929527282715,-0.0224149301648139,0.066691905260086,0.715580224990845,0.694978177547455
-0.548763692378998,-0.0452604964375495,0.945642530918121,-0.0203615631908178,0.0682776942849159,0.716280043125153,0.69416618347168
-0.548164129257202,-0.0449324734508991,0.945937633514404,-0.0211549270898103,0.0672057196497917,0.716076076030731,0.694457292556763
-0.548217594623566,-0.0447913631796836,0.945706248283386,-0.0243601109832525,0.0647926181554794,0.716588139533997,0.69405335187912
-0.549867212772369,-0.0444912537932395,0.945375800132752,-0.0183628294616937,0.0707227438688278,0.717141449451447,0.693086862564087
-0.550130367279053,-0.0442022196948528,0.945363998413086,-0.0177212264388799,0.0712623298168182,0.7174112200737,0.6927689909935
-0.550305068492889,-0.043955985456705,0.945370376110077,-0.0172800850123167,0.0719328448176384,0.717770218849182,0.692338824272156
-0.54977148771286,-0.0437500476837158,0.945384919643402,-0.0183085352182388,0.0711198225617408,0.717256367206573,0.692928671836853
-0.549832463264465,-0.0433499366044998,0.945872008800507,-0.0203764755278825,0.0684355199337005,0.718106269836426,0.692260682582855
-0.550309121608734,-0.0430122055113315,0.945703148841858,-0.0198972765356302,0.070117175579071,0.7193563580513,0.690806984901428
-0.549767732620239,-0.0426154173910617,0.94609808921814,-0.0213420018553733,0.0687560066580772,0.719160556793213,0.691104471683502
-0.549887537956238,-0.0424154736101627,0.945891499519348,-0.0212794337421655,0.0692934170365333,0.719600021839142,0.690594971179962
-0.549233078956604,-0.0419317595660686,0.946499884128571,-0.0222706999629735,0.0682788118720054,0.720639526844025,0.689580202102661
-0.550381004810333,-0.041800383478403,0.945701360702515,-0.0197338126599788,0.0705793425440788,0.720628678798676,0.689436972141266
-0.550608098506927,-0.0414143577218055,0.945731520652771,-0.0202995557337999,0.0709715411067009,0.721384108066559,0.688589930534363
-0.551624000072479,-0.0406134165823459,0.945641458034515,-0.0174450483173131,0.0724377855658531,0.723145246505737,0.6866654753685
-0.551831960678101,-0.0403279587626457,0.945781171321869,-0.0173763744533061,0.072991207242012,0.723935127258301,0.685775756835938
-0.552009224891663,-0.0401034317910671,0.945982396602631,-0.017237639054656,0.0737251341342926,0.724759995937347,0.684828877449036
-0.551495254039764,-0.0399253964424133,0.946577906608582,-0.0195937417447567,0.0744154155254364,0.725377321243286,0.684036791324615
-0.551495254039764,-0.0399253964424133,0.946577906608582,-0.0195937417447567,0.0744154155254364,0.725377321243286,0.684036791324615
-0.552322268486023,-0.0394669808447361,0.946315109729767,-0.0175418332219123,0.0753612220287323,0.727154076099396,0.68209969997406
-0.553269147872925,-0.038845244795084,0.945738792419434,-0.0154420575127005,0.0762505009770393,0.729177057743073,0.679888427257538
-0.553269147872925,-0.038845244795084,0.945738792419434,-0.0154420575127005,0.0762505009770393,0.729177057743073,0.679888427257538
-0.552911579608917,-0.0382913276553154,0.946424961090088,-0.0166146866977214,0.0763531997799873,0.731043636798859,0.677841663360596
-0.553027629852295,-0.037879467010498,0.946523725986481,-0.0134515482932329,0.0795737653970718,0.732109725475311,0.676389217376709
-0.553221940994263,-0.037517100572586,0.946533441543579,-0.0132702384144067,0.0802121385931968,0.733547568321228,0.674757778644562
-0.553221940994263,-0.037517100572586,0.946533441543579,-0.0132702384144067,0.0802121385931968,0.733547568321228,0.674757778644562
-0.553418040275574,-0.0368682257831096,0.946865081787109,-0.0144650312140584,0.0803764313459396,0.736147463321686,0.671876192092896
-0.55340963602066,-0.036444891244173,0.946987509727478,-0.0174514520913362,0.0778892785310745,0.738332450389862,0.669696986675262
-0.553404450416565,-0.0360260084271431,0.947074472904205,-0.0166996270418167,0.0780599638819694,0.739699065685272,0.668186485767365
-0.553444743156433,-0.0356008112430572,0.947155117988586,-0.0135303847491741,0.0803648680448532,0.740660309791565,0.666918992996216
-0.553447127342224,-0.0351778455078601,0.947288990020752,-0.0144356321543455,0.0805175304412841,0.742286622524261,0.665070712566376
-0.553466558456421,-0.0347863249480724,0.94734114408493,-0.0170211885124444,0.0781006291508674,0.744033455848694,0.663343608379364
-0.553523600101471,-0.0344880707561969,0.947583198547363,-0.0172865334898233,0.0780993476510047,0.745456159114838,0.661737680435181
-0.553525984287262,-0.0340660996735096,0.947568118572235,-0.0169614292681217,0.0784143358469009,0.747008621692657,0.65995591878891
-0.553610622882843,-0.0336982868611812,0.947537839412689,-0.0143346786499023,0.0814027413725853,0.748074531555176,0.658447206020355
-0.553493797779083,-0.0330972075462341,0.947854995727539,-0.0142437405884265,0.0812208354473114,0.749591052532196,0.656744718551636
-0.553581237792969,-0.0329433679580688,0.947791039943695,-0.0169586855918169,0.0791651234030723,0.751361548900604,0.654905557632446
-0.553619921207428,-0.0326302759349346,0.947824954986572,-0.0181449316442012,0.0793232172727584,0.752692043781281,0.653324902057648
-0.553742110729218,-0.0328357592225074,0.946885824203491,-0.015580796636641,0.0831129252910614,0.753290235996246,0.65222954750061
-0.553661465644836,-0.032043669372797,0.948091566562653,-0.0152052473276853,0.0820299610495567,0.755039155483246,0.650350511074066
-0.553720712661743,-0.0317350067198276,0.948068737983704,-0.0155941201373934,0.0824769809842109,0.756746709346771,0.64829695224762
-0.553732693195343,-0.0314436852931976,0.948109328746796,-0.0155140748247504,0.0828686207532882,0.757914423942566,0.646883249282837
-0.553756654262543,-0.0311098303645849,0.948135793209076,-0.0190658643841743,0.0801138058304786,0.759557962417603,0.645205557346344
-0.553833782672882,-0.0308115743100643,0.948174238204956,-0.019243337213993,0.0801757276058197,0.760920584201813,0.643584907054901
-0.553864002227783,-0.0305488966405391,0.948207080364227,-0.0157258044928312,0.083399698138237,0.761464059352875,0.642627358436584
-0.553860425949097,-0.0303487237542867,0.948415517807007,-0.0193342417478561,0.0812177956104278,0.762978792190552,0.641009509563446
-0.553703188896179,-0.0297793373465538,0.948158323764801,-0.0191087033599615,0.0804236084222793,0.76436173915863,0.639467000961304
-0.553703188896179,-0.0297793373465538,0.948158323764801,-0.0191087033599615,0.0804236084222793,0.76436173915863,0.639467000961304
-0.553943872451782,-0.0302857272326946,0.948718190193176,-0.0205959491431713,0.0835171118378639,0.765699148178101,0.637421011924744
-0.553937196731567,-0.0300766266882419,0.948716402053833,-0.0172192454338073,0.0867856815457344,0.766065537929535,0.636643946170807
-0.553913950920105,-0.0298801530152559,0.948759019374847,-0.0175880249589681,0.0868748500943183,0.766955554485321,0.635549068450928
-0.553910434246063,-0.0296964459121227,0.948844492435455,-0.017443461343646,0.0876903608441352,0.767346918582916,0.634968519210815
-0.553841710090637,-0.029835507273674,0.94831782579422,-0.0181490443646907,0.0884655863046646,0.767713665962219,0.634397566318512
-0.553829431533813,-0.0297028608620166,0.948476493358612,-0.0182640124112367,0.0882635936141014,0.768436670303345,0.633546471595764
-0.553709745407104,-0.0294367372989654,0.948452234268188,-0.0216469317674636,0.0860435664653778,0.76933753490448,0.632651329040527
-0.553641319274902,-0.0292253382503986,0.948510825634003,-0.0185344535857439,0.0892240405082702,0.769348919391632,0.632295668125153
-0.553026676177979,-0.0281692184507846,0.947924852371216,-0.0216119028627872,0.0838256105780601,0.771064460277557,0.630845367908478
-0.553026676177979,-0.0281692184507846,0.947924852371216,-0.0216119028627872,0.0838256105780601,0.771064460277557,0.630845367908478
-0.553386270999908,-0.0282229743897914,0.948914408683777,-0.0185758080333471,0.0896531119942665,0.770367205142975,0.630992531776428
-0.553287267684937,-0.0283467210829257,0.948357701301575,-0.0195768233388662,0.0900524482131004,0.770395398139954,0.630870997905731
-0.553264081478119,-0.0278903301805257,0.948941767215729,-0.0192157737910747,0.0899389311671257,0.770709633827209,0.630514562129974
-0.553746581077576,-0.0271534621715545,0.948410332202911,-0.0171789620071649,0.0900700613856315,0.770368158817291,0.630971729755402
-0.553625762462616,-0.0267685689032077,0.948337972164154,-0.0160152744501829,0.0898894593119621,0.770343124866486,0.631058633327484
-0.553560733795166,-0.0266225486993789,0.948340654373169,-0.0163247492164373,0.0899282321333885,0.770031750202179,0.631425082683563
-0.553311407566071,-0.0262107010930776,0.948319435119629,-0.0163189023733139,0.0895221009850502,0.769916594028473,0.631623327732086
-0.553245604038239,-0.0261038318276405,0.948299646377564,-0.0164894871413707,0.0900918394327163,0.769587814807892,0.631938457489014
-0.553319871425629,-0.02625566534698,0.948230743408203,-0.0170249845832586,0.0919096544384956,0.768813133239746,0.632605016231537
-0.552637696266174,-0.0266488455235958,0.94886702299118,-0.0192188639193773,0.0925974175333976,0.76882928609848,0.632422208786011
-0.552713334560394,-0.0266044232994318,0.948911905288696,-0.0193631332367658,0.0931417718529701,0.768290936946869,0.632991969585419
-0.552562296390533,-0.026361983269453,0.948842406272888,-0.0195149183273315,0.0926729142665863,0.767628073692322,0.633859634399414
-0.552644908428192,-0.0263035763055086,0.948870241641998,-0.0195861626416444,0.0933906733989715,0.767139434814453,0.634343564510345
-0.55272501707077,-0.0262120887637138,0.948814392089844,-0.0207283534109592,0.0937901511788368,0.766333281993866,0.635222196578979
-0.552728354930878,-0.0261556394398212,0.948760807514191,-0.0209641903638839,0.0943934470415115,0.765783071517944,0.635788261890411
-0.552532196044922,-0.0257112476974725,0.948386430740356,-0.0208452623337507,0.0933840200304985,0.765407741069794,0.636392831802368
-0.552528262138367,-0.0257492773234844,0.948279619216919,-0.0211218446493148,0.093638427555561,0.764717638492584,0.637175559997559
-0.552564144134521,-0.02569923363626,0.94824093580246,-0.021128611639142,0.0937444418668747,0.763980031013489,0.638044059276581
-0.552555680274963,-0.0256381444633007,0.948218643665314,-0.0201467368751764,0.094011090695858,0.763107001781464,0.639080405235291
-0.552554965019226,-0.0252662319689989,0.948050737380981,-0.0207268353551626,0.0931766107678413,0.762299358844757,0.640147089958191
-0.552633881568909,-0.0252642966806888,0.948030173778534,-0.0207266304641962,0.0936743691563606,0.761433720588684,0.641104102134705
-0.552549540996552,-0.0250305235385894,0.947984516620636,-0.0207655318081378,0.0919923484325409,0.761776268482208,0.640939235687256
-0.552568435668945,-0.0248669665306806,0.948018372058868,-0.0206078644841909,0.0920040383934974,0.760910093784332,0.641970694065094
-0.552568197250366,-0.0248560104519128,0.948049485683441,-0.0192838851362466,0.0924026519060134,0.759594202041626,0.643511116504669
-0.553053855895996,-0.0257241409271955,0.948540449142456,-0.0210581067949533,0.0951142758131027,0.758171081542969,0.644737660884857
-0.552983343601227,-0.0259882826358079,0.947925627231598,-0.0216459110379219,0.0952342748641967,0.757130742073059,0.645921766757965
-0.55272501707077,-0.0249017924070358,0.948064863681793,-0.0240269713103771,0.090344913303852,0.757125675678253,0.646545708179474
-0.552797138690948,-0.0250811986625194,0.948137164115906,-0.0237592663615942,0.0908865332603454,0.756031394004822,0.647759139537811
-0.552777111530304,-0.0251144114881753,0.948124468326569,-0.0201948471367359,0.0937252268195152,0.754432082176208,0.649338126182556
-0.552897453308105,-0.0254358910024166,0.948023200035095,-0.0203025471419096,0.0945698544383049,0.753621578216553,0.650153040885925
-0.552990734577179,-0.0255444347858428,0.948047757148743,-0.020129058510065,0.0949495062232017,0.752292096614838,0.651641249656677
-0.553057849407196,-0.0256570242345333,0.948031604290008,-0.0200695767998695,0.095234602689743,0.751593828201294,0.652406632900238
-0.553160130977631,-0.0256636813282966,0.948078095912933,-0.0231379698961973,0.0924504920840263,0.751245677471161,0.653106153011322
-0.553198099136353,-0.0257431268692016,0.948038756847382,-0.0230314247310161,0.0924282595515251,0.750194549560547,0.654320001602173
-0.553163945674896,-0.0263795088976621,0.94743537902832,-0.023893428966403,0.0930321142077446,0.748990118503571,0.655582070350647
-0.553220510482788,-0.0262445155531168,0.947971522808075,-0.0199460443109273,0.0957297086715698,0.747874915599823,0.656598150730133
-0.55331164598465,-0.0264616608619689,0.947915315628052,-0.0195719134062528,0.0960042402148246,0.746523320674896,0.658105731010437
-0.553371012210846,-0.0265299268066883,0.947980165481567,-0.0182716269046068,0.0960454419255256,0.745541572570801,0.659249067306519
-0.553400218486786,-0.026966530829668,0.947979629039764,-0.0219514444470405,0.0936669632792472,0.74483197927475,0.660280287265778
-0.553457736968994,-0.0272099412977695,0.94798868894577,-0.0219855662435293,0.0938660949468612,0.743785560131073,0.661429345607758
-0.553452789783478,-0.0278630405664443,0.947434604167938,-0.0226854365319013,0.0946611538529396,0.742817163467407,0.662380158901215
-0.553486168384552,-0.0280203018337488,0.9475257396698,-0.0225437954068183,0.0945556163787841,0.741896569728851,0.663430869579315
-0.553559184074402,-0.0279548875987529,0.94814532995224,-0.0219994783401489,0.0945460125803947,0.741042137145996,0.6644047498703
-0.55403208732605,-0.029200479388237,0.94853138923645,-0.0222221165895462,0.0972214192152023,0.73895400762558,0.66633415222168
-0.554037034511566,-0.0296007338911294,0.948602497577667,-0.0191803164780139,0.100832864642143,0.737542867660522,0.667454540729523
-0.554037034511566,-0.0296007338911294,0.948602497577667,-0.0191803164780139,0.100832864642143,0.737542867660522,0.667454540729523
-0.553647339344025,-0.029885645955801,0.947577893733978,-0.0230109766125679,0.0958211123943328,0.736542582511902,0.669174194335938
-0.553655207157135,-0.0299813915044069,0.948161005973816,-0.0241219773888587,0.0953265875577926,0.736182808876038,0.669601380825043
-0.553655207157135,-0.0299813915044069,0.948161005973816,-0.0241219773888587,0.0953265875577926,0.736182808876038,0.669601380825043
-0.553955376148224,-0.0317926928400993,0.948674976825714,-0.0240185260772705,0.0984352603554725,0.73271781206131,0.672947466373444
-0.553891241550446,-0.0325805060565471,0.948153018951416,-0.0213869754225015,0.101901032030582,0.730977714061737,0.674411177635193
-0.553861856460571,-0.0330970399081707,0.948162496089935,-0.0232818201184272,0.102105878293514,0.730857372283936,0.67444783449173
-0.55386221408844,-0.0334059223532676,0.948779940605164,-0.0248934905976057,0.0998304113745689,0.729708194732666,0.675973415374756
-0.553828239440918,-0.0340288951992988,0.948800921440124,-0.025346677750349,0.100169941782951,0.728304445743561,0.677418768405914
-0.553777694702148,-0.0346066504716873,0.948846995830536,-0.02580545283854,0.100563004612923,0.727106690406799,0.678628921508789
-0.553646802902222,-0.0354744270443916,0.948291420936584,-0.0273575559258461,0.100625768303871,0.725955486297607,0.679790377616882
-0.553735196590424,-0.0359019339084625,0.948789358139038,-0.0269941352307796,0.101185739040375,0.724947869777679,0.680796265602112
-0.554149925708771,-0.0366596840322017,0.947917520999908,-0.0230862218886613,0.105121225118637,0.723114669322968,0.682291507720947
-0.55460000038147,-0.0372057817876338,0.947457790374756,-0.0258660018444061,0.102960512042046,0.722261846065521,0.683423757553101
-0.554137408733368,-0.037934236228466,0.948105752468109,-0.0269750151783227,0.102853357791901,0.721656084060669,0.684036672115326
-0.554182589054108,-0.038709171116352,0.948023855686188,-0.0237699840217828,0.106351152062416,0.719891309738159,0.685478746891022
-0.554182589054108,-0.038709171116352,0.948023855686188,-0.0237699840217828,0.106351152062416,0.719891309738159,0.685478746891022
-0.553766369819641,-0.0407102219760417,0.947669565677643,-0.0288566872477531,0.10443913936615,0.718520402908325,0.687014162540436
-0.552967488765717,-0.0414973124861717,0.948139071464539,-0.0308815091848373,0.103594973683357,0.716979682445526,0.688661456108093
-0.55297315120697,-0.0423581600189209,0.9481360912323,-0.0275871101766824,0.107134036719799,0.715313911437988,0.689990878105164
-0.552921891212463,-0.0432487055659294,0.948226392269134,-0.0288601964712142,0.106629088521004,0.7148517370224,0.690495729446411
-0.552909374237061,-0.0441770330071449,0.948362052440643,-0.0317244343459606,0.10462424904108,0.713201940059662,0.69238018989563
-0.552950918674469,-0.0450921170413494,0.948356032371521,-0.0324390344321727,0.105346880853176,0.712160587310791,0.69330883026123
-0.552950918674469,-0.0450921170413494,0.948356032371521,-0.0324390344321727,0.105346880853176,0.712160587310791,0.69330883026123
-0.55300909280777,-0.0472232550382614,0.94842916727066,-0.0327649377286434,0.106155522167683,0.709647357463837,0.695742905139923
-0.552983999252319,-0.0483575910329818,0.94842004776001,-0.0328420251607894,0.106825195252895,0.708913683891296,0.696384489536285
-0.553074061870575,-0.049204021692276,0.948325395584106,-0.0326639413833618,0.107681192457676,0.707465708255768,0.697732090950012
-0.553074061870575,-0.049204021692276,0.948325395584106,-0.0326639413833618,0.107681192457676,0.707465708255768,0.697732090950012
-0.553675949573517,-0.0518603846430778,0.948362469673157,-0.0320944897830486,0.109157562255859,0.704107701778412,0.700918674468994
-0.554430425167084,-0.053082525730133,0.948516011238098,-0.0309560298919677,0.110940650105476,0.70252799987793,0.702273905277252
-0.55482405424118,-0.0546464696526527,0.948472201824188,0.0306039787828922,-0.112509094178677,-0.701058328151703,-0.703507125377655
-0.554666340351105,-0.055073969066143,0.948435842990875,0.02929756231606,-0.110996708273888,-0.700203657150269,-0.704653322696686
-0.555634617805481,-0.0559550039470195,0.948795199394226,0.0262490045279264,-0.112581416964531,-0.69987154006958,-0.704852044582367
-0.555634617805481,-0.0559550039470195,0.948795199394226,0.0262490045279264,-0.112581416964531,-0.69987154006958,-0.704852044582367
-0.555708765983582,-0.0584539771080017,0.948799133300781,0.0263193938881158,-0.112167321145535,-0.697110414505005,-0.707646012306213
-0.555767416954041,-0.0597715005278587,0.948691487312317,0.024624640122056,-0.112583369016647,-0.696125507354736,-0.708609819412231
-0.555835485458374,-0.061015248298645,0.948417544364929,0.0242398902773857,-0.112044364213943,-0.694904983043671,-0.709905385971069
-0.555792212486267,-0.0623556450009346,0.948344349861145,0.0238455440849065,-0.112179778516293,-0.694022417068481,-0.710760056972504
-0.555820167064667,-0.0635606795549392,0.948245823383331,0.0230928864330053,-0.111654840409756,-0.692842960357666,-0.712017357349396
-0.555840671062469,-0.0649950355291366,0.94821286201477,0.0232140459120273,-0.112022504210472,-0.691969335079193,-0.712804853916168
-0.555913090705872,-0.0662202164530754,0.948194861412048,0.0224171672016382,-0.111273743212223,-0.690908849239349,-0.713975310325623
-0.555075347423553,-0.0680323839187622,0.948241889476776,0.0246983282268047,-0.110917367041111,-0.689374089241028,-0.715437412261963
-0.555897295475006,-0.0690639317035675,0.947937786579132,0.0214254986494779,-0.110707432031631,-0.689320623874664,-0.715626835823059
-0.555897295475006,-0.0690639317035675,0.947937786579132,0.0214254986494779,-0.110707432031631,-0.689320623874664,-0.715626835823059
-0.554956614971161,-0.0720495954155922,0.948356688022614,0.0214737579226493,-0.108878165483475,-0.687622964382172,-0.717536926269531
-0.554864108562469,-0.0734890177845954,0.948133289813995,0.0213708709925413,-0.108030721545219,-0.687212288379669,-0.718061208724976
-0.554749846458435,-0.0748853310942649,0.94798356294632,0.0208382029086351,-0.107950374484062,-0.686659157276154,-0.718617975711823
-0.555544078350067,-0.0762704163789749,0.94715827703476,0.0185371413826942,-0.109059780836105,-0.687049269676208,-0.718140482902527
-0.555363714694977,-0.0776739567518234,0.947044432163238,0.0134923979640007,-0.110891088843346,-0.685919761657715,-0.719051778316498
-0.555224180221558,-0.0794030800461769,0.946811079978943,0.013735850341618,-0.110071167349815,-0.685919046401978,-0.719173550605774
-0.554293572902679,-0.0809308439493179,0.947295665740967,0.0178270395845174,-0.105139814317226,-0.685641348361969,-0.720085918903351
-0.554193317890167,-0.0825032219290733,0.947194814682007,0.0169837195426225,-0.104621276259422,-0.685625433921814,-0.720197021961212
-0.554130434989929,-0.0842380672693252,0.946409165859222,0.0163880754262208,-0.10429185628891,-0.685108304023743,-0.720750629901886
-0.554103076457977,-0.0856102332472801,0.94673228263855,0.0150384781882166,-0.103589221835136,-0.685276567935944,-0.720721304416656
-0.554965198040009,-0.0871789306402206,0.94598513841629,0.0112510072067379,-0.104584045708179,-0.68586140871048,-0.720090091228485
-0.554973721504211,-0.0888985097408294,0.945827186107636,0.0105749741196632,-0.104135014116764,-0.686054468154907,-0.719981491565704
-0.555032074451447,-0.090542584657669,0.945780515670776,0.0058064293116331,-0.107045650482178,-0.685478270053864,-0.720157742500305
-0.554759204387665,-0.0921907499432563,0.945715665817261,0.0078944023698568,-0.103048004209995,-0.686320543289185,-0.719918847084045
-0.554841935634613,-0.0938103049993515,0.945588111877441,0.0068358117714524,-0.102219223976135,-0.686737716197968,-0.719649851322174
-0.553825855255127,-0.0955820754170417,0.945559859275818,0.0029980698600411,-0.103334605693817,-0.685955405235291,-0.720262765884399
-0.553825855255127,-0.0955820754170417,0.945559859275818,0.0029980698600411,-0.103334605693817,-0.685955405235291,-0.720262765884399
-0.554482758045197,-0.0986045822501182,0.945392489433289,-0.0013733552768826,-0.102562941610813,-0.688036143779755,-0.718390882015228
-0.55354630947113,-0.100355714559555,0.945736587047577,-0.0014767413958907,-0.100978374481201,-0.688073098659515,-0.718579709529877
-0.554236888885498,-0.101771742105484,0.945146441459656,-0.0041965628042817,-0.100038960576057,-0.689787566661835,-0.717055082321167
-0.554236888885498,-0.101771742105484,0.945146441459656,-0.0041965628042817,-0.100038960576057,-0.689787566661835,-0.717055082321167
-0.553604662418365,-0.105203121900558,0.945572793483734,-0.0021707760170102,-0.0942960157990455,-0.69111180305481,-0.716566860675812
-0.553381741046906,-0.106831282377243,0.945546686649322,-0.0031854051630944,-0.0924977734684944,-0.692367553710938,-0.715584635734558
-0.553685367107391,-0.109581708908081,0.944345355033874,-0.0040070214308798,-0.0933805778622627,-0.694317162036896,-0.71357387304306
-0.552999436855316,-0.110922239720821,0.944477915763855,-0.0049279434606432,-0.0909436419606208,-0.694948196411133,-0.713268578052521
-0.553311467170715,-0.11243300139904,0.944442808628082,-0.0072269686497747,-0.0898189768195152,-0.695889353752136,-0.712473511695862
-0.553484499454498,-0.113101996481419,0.945194244384766,-0.0114583577960729,-0.0877442210912704,-0.697305977344513,-0.71129035949707
-0.554356098175049,-0.115028254687786,0.944952666759491,-0.0142441429197788,-0.0882725417613983,-0.69907820224762,-0.709432721138
-0.553596436977386,-0.116372607648373,0.945091485977173,-0.0149538144469261,-0.0855602174997329,-0.700404405593872,-0.708441615104675
-0.553857326507568,-0.118000164628029,0.945009052753448,-0.0174919366836547,-0.0842843130230903,-0.701558649539948,-0.70739358663559
-0.553902626037598,-0.120613180100918,0.943901419639587,-0.020327553153038,-0.0876328945159912,-0.70288747549057,-0.705589592456818
-0.554239749908447,-0.122187249362469,0.943918168544769,0.0196387339383363,0.0834032148122787,0.704532980918884,0.70447963476181
-0.554239749908447,-0.122187249362469,0.943918168544769,0.0196387339383363,0.0834032148122787,0.704532980918884,0.70447963476181
-0.554641723632812,-0.125278830528259,0.943776667118072,0.0239185597747564,0.0808063447475433,0.707839071750641,0.701328814029694
-0.555758059024811,-0.127139404416084,0.943336069583893,0.0275437962263822,0.0819805264472961,0.709941506385803,0.698930323123932
-0.555536448955536,-0.128500089049339,0.943647027015686,0.0290448442101478,0.0793749913573265,0.711265683174133,0.697823107242584
-0.556868731975555,-0.13030032813549,0.943402647972107,0.0327620729804039,0.0808704048395156,0.713220238685608,0.695488095283508
-0.556466996669769,-0.131708920001984,0.943653404712677,0.034401711076498,0.07895427942276,0.714447975158691,0.6943678855896
-0.557624280452728,-0.133338272571564,0.943368196487427,0.0384027399122715,0.0795087441802024,0.716874778270721,0.691588044166565
-0.557948529720306,-0.134939908981323,0.943107068538666,0.0437856242060661,0.0811330899596214,0.718332588672638,0.689564049243927
-0.557720720767975,-0.136419042944908,0.943380296230316,0.045183926820755,0.0797767415642738,0.719777882099152,0.688123464584351
-0.559112668037415,-0.138169780373573,0.943141162395477,0.0493681393563747,0.080611765384674,0.722058653831482,0.685343682765961
-0.559479832649231,-0.139954328536987,0.942991852760315,0.0500980988144874,0.079213947057724,0.724147200584412,0.683246910572052
-0.560281932353973,-0.140428811311722,0.944108784198761,0.0534189231693744,0.075721189379692,0.726285874843597,0.68111789226532
-0.56040370464325,-0.142922073602676,0.942880988121033,0.0535485483705997,0.0764193162322044,0.728541612625122,0.678616225719452
-0.560157537460327,-0.144293025135994,0.943236291408539,0.0546956956386566,0.0734673738479614,0.730334103107452,0.676921844482422
-0.561585783958435,-0.144929483532905,0.944008827209473,0.0606455840170383,0.0732639878988266,0.732639789581299,0.673938930034637
-0.562176465988159,-0.146531939506531,0.944092571735382,0.0629238486289978,0.0730940625071525,0.734761953353882,0.671433389186859
-0.562546014785767,-0.147967472672462,0.944127321243286,0.0654240548610687,0.0721063539385795,0.737015604972839,0.668826222419739
-0.562546014785767,-0.147967472672462,0.944127321243286,0.0654240548610687,0.0721063539385795,0.737015604972839,0.668826222419739
-0.563617885112762,-0.151019737124443,0.944091260433197,0.0694061815738678,0.0709052458405494,0.741351544857025,0.663741946220398
-0.563617885112762,-0.151019737124443,0.944091260433197,0.0694061815738678,0.0709052458405494,0.741351544857025,0.663741946220398
-0.5639688372612,-0.153816223144531,0.94445675611496,0.0756539478898048,0.0720237642526626,0.744613289833069,0.659272372722626
-0.5639688372612,-0.153816223144531,0.94445675611496,0.0756539478898048,0.0720237642526626,0.744613289833069,0.659272372722626
-0.56560754776001,-0.156896904110909,0.944430828094482,0.080375351011753,0.0723593458533287,0.749380707740784,0.653247594833374
-0.566161036491394,-0.158367469906807,0.944486618041992,0.0791017934679985,0.068291425704956,0.752130687236786,0.650675594806671
-0.565853595733643,-0.159505262970924,0.944695472717285,0.0829646438360214,0.0691855698823928,0.753393352031708,0.648636102676392
-0.567175626754761,-0.161093935370445,0.944573163986206,0.0855877101421356,0.0701901093125343,0.755882740020752,0.645282626152039
-0.567659974098206,-0.162350162863731,0.944624602794647,0.0873778015375137,0.069148875772953,0.7579185962677,0.642762005329132
-0.568421721458435,-0.163757979869843,0.944460213184357,0.0896475166082382,0.0697551295161247,0.759757518768311,0.640207827091217
-0.568051815032959,-0.164873644709587,0.944735407829285,0.0898832604289054,0.0672921985387802,0.76142954826355,0.638449549674988
-0.568459212779999,-0.166389733552933,0.944879531860352,0.0911720395088195,0.0673493668437004,0.763263881206512,0.63606595993042
-0.569410443305969,-0.167637184262276,0.944599866867065,0.0937169194221496,0.0675767734646797,0.765837371349335,0.632569134235382
-0.569673240184784,-0.168762400746345,0.944651961326599,0.0919185578823089,0.0628261193633079,0.767928779125214,0.630784630775452
-0.570058524608612,-0.170125246047974,0.944645047187805,0.0957167744636535,0.065623864531517,0.770200848579407,0.627154469490051
-0.57051157951355,-0.171292304992676,0.944692611694336,0.0973333716392517,0.0618583485484123,0.772196710109711,0.624829709529877
-0.570984899997711,-0.172526434063911,0.944598317146301,0.0984655767679214,0.0609737858176231,0.774171054363251,0.622290968894958
-0.571435153484344,-0.173732697963715,0.944521427154541,0.0998131856322288,0.0608452744781971,0.775705873966217,0.620173871517181
-0.571911811828613,-0.175082385540008,0.944623529911041,0.0971367210149765,0.0568064637482166,0.777900159358978,0.618230640888214
-0.572292327880859,-0.176311507821083,0.944671273231506,0.101937174797058,0.0618483535945415,0.77914947271347,0.615394055843353
-0.572064757347107,-0.177322015166283,0.94481348991394,0.102674663066864,0.0602916441857814,0.780127882957458,0.614185094833374
-0.57310426235199,-0.178473696112633,0.9444180727005,0.105002887547016,0.0608154535293579,0.782156050205231,0.61115288734436
-0.573494434356689,-0.179561868309975,0.944330453872681,0.105177201330662,0.06031084805727,0.783880293369293,0.608959794044495
-0.573192417621613,-0.180550411343574,0.944432079792023,0.105195336043835,0.0591617412865161,0.784871876239777,0.607791066169739
-0.574236154556274,-0.181623741984367,0.94415295124054,0.107800781726837,0.0600511692464351,0.786607146263123,0.60499769449234
-0.574560761451721,-0.182750895619392,0.944166481494904,0.108578123152256,0.0597692765295505,0.788078129291534,0.602968811988831
-0.574060916900635,-0.18345420062542,0.944227576255798,0.108503475785255,0.0581941343843936,0.788820803165436,0.602164626121521
-0.574430823326111,-0.184505313634872,0.944139540195465,0.107066936790943,0.0525644794106483,0.790165483951569,0.601175844669342
-0.575644195079803,-0.185694590210915,0.943797171115875,0.10925780236721,0.0547296218574047,0.791838109493256,0.598381102085114
-0.57585996389389,-0.186421051621437,0.943678975105286,0.110166817903519,0.0543983094394207,0.79290235042572,0.596833348274231
-0.576111614704132,-0.187291771173477,0.943607926368713,0.111058712005615,0.0542425699532032,0.794252514839172,0.594883739948273
-0.575689613819122,-0.188080355525017,0.943825960159302,0.110397092998028,0.0530791580677032,0.794717967510223,0.594490110874176
-0.576700747013092,-0.189103737473488,0.943548619747162,0.109108217060566,0.0510051622986793,0.796634435653687,0.592340767383575
-0.576799213886261,-0.189770206809044,0.943328857421875,0.112516805529594,0.0537613928318023,0.797296047210693,0.590566456317902
-0.576494932174683,-0.190575808286667,0.943505823612213,0.112127922475338,0.053212285041809,0.797920763492584,0.589846074581146
-0.577442944049835,-0.19145005941391,0.943145990371704,0.113717705011368,0.0542919859290123,0.799109160900116,0.587831020355225
-0.577711582183838,-0.192238569259643,0.943125247955322,0.113854318857193,0.0543088801205158,0.799651205539703,0.587065517902374
-0.577944278717041,-0.19284076988697,0.942989468574524,0.115039803087711,0.0537246502935886,0.800873935222626,0.585218369960785
-0.578057825565338,-0.193524837493896,0.942908525466919,0.114947907626629,0.0534010976552963,0.801564693450928,0.584319710731506
-0.577462136745453,-0.194045573472977,0.943078935146332,0.114349521696567,0.0524078719317913,0.80157345533371,0.584514975547791
-0.57832270860672,-0.194806724786758,0.94280469417572,0.112078107893467,0.0496113449335098,0.803036868572235,0.583188831806183
-0.57832270860672,-0.194806724786758,0.94280469417572,0.112078107893467,0.0496113449335098,0.803036868572235,0.583188831806183
-0.578775584697723,-0.19616325199604,0.942634582519531,0.111860319972038,0.0493949316442012,0.804375827312469,0.581400871276855
-0.578932166099548,-0.196661993861198,0.942628860473633,0.115622326731682,0.0528150536119937,0.804448068141937,0.580263078212738
-0.5789954662323,-0.197014674544334,0.942542612552643,0.11573787778616,0.0523284375667572,0.804821133613586,0.579766809940338
-0.579053699970245,-0.197567865252495,0.942614138126373,0.112310476601124,0.0481475442647933,0.80603289604187,0.579119324684143
-0.578465819358826,-0.198028460144997,0.942937016487122,0.113537825644016,0.0511703193187713,0.805747270584106,0.579018235206604
-0.579262912273407,-0.198563829064369,0.942710101604462,0.114720053970814,0.0517609678208828,0.806591689586639,0.577555298805237
-0.579262912273407,-0.198563829064369,0.942710101604462,0.114720053970814,0.0517609678208828,0.806591689586639,0.577555298805237
-0.579519033432007,-0.199384048581123,0.942829072475433,0.11498798429966,0.0506585240364074,0.807041585445404,0.576970756053925
-0.579624831676483,-0.199738070368767,0.942850589752197,0.114626429975033,0.0509115345776081,0.807207703590393,0.576788246631622
-0.57977283000946,-0.200060024857521,0.942883908748627,0.110752329230309,0.0468020290136337,0.807882845401764,0.576947808265686
-0.579271137714386,-0.200336202979088,0.943212449550629,0.109558530151844,0.0456822142004966,0.807815611362457,0.577359437942505
-0.579350590705872,-0.200565114617348,0.943177938461304,0.112697713077068,0.0495062842965126,0.808099627494812,0.576041221618652
-0.579623401165009,-0.200818583369255,0.943167269229889,0.113296374678612,0.0491616167128086,0.80804431438446,0.576030790805817
-0.580506086349487,-0.201172322034836,0.942922830581665,0.114528387784958,0.0501411631703376,0.808741092681885,0.574723362922668
-0.580506086349487,-0.201172322034836,0.942922830581665,0.114528387784958,0.0501411631703376,0.808741092681885,0.574723362922668
-0.580901265144348,-0.201662972569466,0.943090379238129,0.111019119620323,0.0462925061583519,0.809426724910736,0.574769854545593
-0.581127047538757,-0.201833263039589,0.943135678768158,0.111115165054798,0.0463066920638084,0.80956643819809,0.57455313205719
-0.581268429756165,-0.201958760619164,0.943189978599548,0.110855408012867,0.0457412675023078,0.809651076793671,0.574529409408569
-0.581419467926025,-0.202084422111511,0.943236708641052,0.110852271318436,0.0457104034721851,0.809708595275879,0.574451267719269
-0.581419467926025,-0.202084422111511,0.943236708641052,0.110852271318436,0.0457104034721851,0.809708595275879,0.574451267719269
-0.581770062446594,-0.202293306589127,0.943462252616882,0.110640361905098,0.0455415025353431,0.809807598590851,0.57436615228653
-0.581951081752777,-0.202291682362556,0.943519294261932,0.110738478600979,0.0453067235648632,0.809830546379089,0.574333488941193
-0.582143187522888,-0.202304780483246,0.943619012832642,0.110882878303528,0.045212548226118,0.809859454631805,0.574272274971008
-0.581612527370453,-0.202257558703422,0.944076001644134,0.113490678369999,0.0474416576325893,0.808921575546265,0.574904501438141
-0.581779658794403,-0.202226549386978,0.944155514240265,0.113377124071121,0.0473398454487323,0.808894395828247,0.574973344802856
-0.581779658794403,-0.202226549386978,0.944155514240265,0.113377124071121,0.0473398454487323,0.808894395828247,0.574973344802856
-0.582923769950867,-0.20223942399025,0.944090366363525,0.114969432353973,0.0486611500382423,0.809274017810822,0.574012041091919
-0.583258092403412,-0.202134758234024,0.944165825843811,0.115370146930218,0.0488353036344051,0.809185206890106,0.574041962623596
-0.583395183086395,-0.202039420604706,0.944320499897003,0.115342229604721,0.0487499795854091,0.809086322784424,0.574194312095642
-0.583630681037903,-0.201946750283241,0.944485068321228,0.114790089428425,0.0488116033375263,0.8091721534729,0.574178695678711
-0.583801746368408,-0.201738595962524,0.944600343704224,0.1115328297019,0.0451696030795574,0.809409499168396,0.57478392124176
-0.584031581878662,-0.201518312096596,0.944696068763733,0.111839227378368,0.045077197253704,0.809318065643311,0.574860215187073
-0.584031581878662,-0.201518312096596,0.944696068763733,0.111839227378368,0.045077197253704,0.809318065643311,0.574860215187073
-0.583732545375824,-0.200949251651764,0.945156514644623,0.110859461128712,0.0438331216573715,0.808559894561768,0.57621157169342
-0.583888828754425,-0.200648456811905,0.945386409759522,0.111018687486649,0.0436767302453517,0.808399856090546,0.57641738653183
-0.584805428981781,-0.200469583272934,0.945289731025696,0.112390905618668,0.0446295663714408,0.808626890182495,0.575759708881378
-0.584805428981781,-0.200469583272934,0.945289731025696,0.112390905618668,0.0446295663714408,0.808626890182495,0.575759708881378
-0.585345029830933,-0.199752420186996,0.945457696914673,0.113318935036659,0.0442361757159233,0.808182299137115,0.576232075691223
-0.585559725761414,-0.199324563145638,0.945508897304535,0.116861097514629,0.0473385713994503,0.807607352733612,0.576084196567535
-0.585757255554199,-0.198942169547081,0.945610404014587,0.117180339992046,0.0473522208631038,0.807288110256195,0.576465427875519
-0.585757255554199,-0.198942169547081,0.945610404014587,0.117180339992046,0.0473522208631038,0.807288110256195,0.576465427875519
-0.586044788360596,-0.198147267103195,0.945866227149963,0.117469377815723,0.0475447438657283,0.806481420993805,0.577518880367279
-0.586213111877441,-0.197699218988418,0.946014046669006,0.11778312176466,0.0478579141199588,0.806023597717285,0.578068196773529
-0.586213111877441,-0.197699218988418,0.946014046669006,0.11778312176466,0.0478579141199588,0.806023597717285,0.578068196773529
-0.586391270160675,-0.196438938379288,0.946141362190247,0.118593618273735,0.0471876412630081,0.805055618286133,0.579305052757263
-0.586509108543396,-0.195920407772064,0.9462531208992,0.118817985057831,0.0471727438271045,0.80456405878067,0.579942762851715
-0.586635828018188,-0.195470437407494,0.946409940719604,0.1156015843153,0.0436881072819232,0.804371953010559,0.581131160259247
-0.586787641048431,-0.194993495941162,0.946601867675781,0.119201332330704,0.0472334250807762,0.803524792194366,0.581298530101776
-0.586809396743774,-0.194338068366051,0.946811735630035,0.115921385586262,0.0432307049632072,0.803391456604004,0.582456469535828
-0.586870908737183,-0.19367378950119,0.946946978569031,0.116312853991985,0.0427753292024135,0.802802383899689,0.5832239985466
-0.586264550685883,-0.192830175161362,0.947284936904907,0.114296987652779,0.0416340231895446,0.801870346069336,0.584984362125397
-0.587055265903473,-0.192308440804482,0.947147965431213,0.116229839622974,0.0419767051935195,0.801496386528015,0.585091531276703
-0.586350500583649,-0.191577777266502,0.947608172893524,0.114517785608768,0.0411971025168895,0.800564706325531,0.586757898330688
-0.587069272994995,-0.191118970513344,0.947583317756653,0.115676313638687,0.0427283458411693,0.800306737422943,0.586772978305817
-0.587067306041718,-0.190321028232574,0.947665333747864,0.115570895373821,0.0425457954406738,0.799674212932587,0.587668657302856
-0.587111234664917,-0.189528554677963,0.947736442089081,0.115969866514206,0.0414378345012664,0.798758864402771,0.588912725448608
-0.587140142917633,-0.18889619410038,0.94785875082016,0.114990785717964,0.0418605245649814,0.798319697380066,0.58966988325119
-0.586389303207397,-0.188034757971764,0.948289096355438,0.114541172981262,0.0401271469891071,0.796788454055786,0.591944575309753
-0.58703088760376,-0.18733237683773,0.948122322559357,0.11829049885273,0.0451997779309749,0.79640519618988,0.591356992721558
-0.58716082572937,-0.186578094959259,0.948123335838318,0.118184097111225,0.0449144095182418,0.795304954051971,0.592878997325897
-0.58716082572937,-0.186578094959259,0.948123335838318,0.118184097111225,0.0449144095182418,0.795304954051971,0.592878997325897
-0.586325109004974,-0.18478935956955,0.9485182762146,0.112562127411365,0.0395412929356098,0.793569266796112,0.596669137477875
-0.586966037750244,-0.184039682149887,0.948252558708191,0.11298505961895,0.0407432876527309,0.793115377426147,0.597111701965332
-0.5869300365448,-0.18320220708847,0.948264718055725,0.112376913428306,0.0400683730840683,0.792367041110992,0.598264634609222
-0.586718142032623,-0.182332649827003,0.948454082012176,0.111681073904037,0.0404913015663623,0.791447520256042,0.599582254886627
-0.585984349250793,-0.181422933936119,0.94881021976471,0.109229698777199,0.0387806817889213,0.790170252323151,0.601827085018158
-0.586585521697998,-0.180433824658394,0.948524415493012,0.115258201956749,0.0487313158810138,0.789630591869354,0.600686609745026
-0.58650928735733,-0.179538413882255,0.94856607913971,0.115038633346558,0.0488812923431396,0.788639783859253,0.602016806602478
-0.585620880126953,-0.178467780351639,0.949024081230164,0.108592361211777,0.0439309366047382,0.787889838218689,0.604571998119354
-0.585733890533447,-0.177410647273064,0.949013829231262,0.108488768339157,0.0450396165251731,0.786732256412506,0.606014907360077
-0.586220681667328,-0.176449671387672,0.948792040348053,0.111921057105064,0.0496588125824928,0.785980343818665,0.606005549430847
-0.585138380527496,-0.176616281270981,0.947941064834595,0.107140190899372,0.0505368523299694,0.784844636917114,0.608264803886414
-0.585694849491119,-0.175663307309151,0.94770473241806,0.10671941190958,0.05143503844738,0.784516394138336,0.608686804771423
-0.584738731384277,-0.17449277639389,0.947951853275299,0.104909360408783,0.0510847270488739,0.783017992973328,0.610955893993378
-0.584949195384979,-0.172402292490005,0.949234247207642,0.106406860053539,0.0501813031733036,0.781855165958405,0.612259805202484
-0.585620582103729,-0.171424061059952,0.949025213718414,0.106593787670135,0.0520742647349834,0.781296491622925,0.612782061100006
-0.58531266450882,-0.170146867632866,0.949026584625244,0.104920320212841,0.0522810481488704,0.780219316482544,0.614423632621765
-0.585365653038025,-0.169106394052505,0.949133217334747,0.103739097714424,0.0532303377985954,0.779345273971558,0.615650713443756
-0.585332810878754,-0.168108746409416,0.949121475219727,0.0995785370469093,0.0512629114091396,0.778630614280701,0.617406487464905
-0.585292518138885,-0.166801273822784,0.949004709720612,0.101686492562294,0.0562161356210708,0.777362585067749,0.61822897195816
-0.585565328598022,-0.165623247623444,0.948900640010834,0.100525222718716,0.0540139898657798,0.775770246982574,0.620610773563385
-0.585750877857208,-0.16439525783062,0.948745489120483,0.100598193705082,0.0555893778800964,0.774336159229279,0.622248768806458
-0.585172712802887,-0.163155883550644,0.948974132537842,0.0988375395536422,0.0559395439922809,0.773531138896942,0.62349945306778
-0.584809303283691,-0.1617571413517,0.948947072029114,0.09730776399374,0.0575195103883743,0.772445201873779,0.624940931797028
-0.584809303283691,-0.1617571413517,0.948947072029114,0.09730776399374,0.0575195103883743,0.772445201873779,0.624940931797028
-0.584406614303589,-0.159073755145073,0.948905229568481,0.0949753820896148,0.0599113553762435,0.770263493061066,0.627761483192444
-0.58422440290451,-0.157811045646667,0.94889634847641,0.0933688506484031,0.0607923194766044,0.768931984901428,0.629547595977783
-0.583856880664825,-0.156342312693596,0.948853135108948,0.092234581708908,0.0619521625339984,0.767747759819031,0.631045341491699
-0.582878053188324,-0.154682725667953,0.949001967906952,0.09015853703022,0.063470646739006,0.764984130859375,0.634541034698486
-0.583311557769775,-0.153197661042213,0.948612451553345,0.0897886976599693,0.0651014000177383,0.764096260070801,0.635497212409973
-0.583090603351593,-0.152103185653686,0.94879412651062,0.0876083299517631,0.0660545527935028,0.762673258781433,0.637409687042236
-0.582788407802582,-0.150334760546684,0.94858980178833,0.0865408480167388,0.0668056905269622,0.761275231838226,0.639146149158478
-0.581753194332123,-0.148676604032516,0.948788046836853,0.0801102891564369,0.0623245537281036,0.759584367275238,0.642440438270569
-0.582023322582245,-0.147135347127914,0.948432445526123,0.0792797282338142,0.0640650615096092,0.758636593818665,0.643491148948669
-0.581763744354248,-0.145669057965279,0.94842517375946,0.0808146968483924,0.0678745955228805,0.75680947303772,0.645059466362
-0.581498622894287,-0.144100442528725,0.9483243227005,0.0791410505771637,0.0688451826572418,0.755116581916809,0.647144556045532
-0.580520987510681,-0.142321705818176,0.948486626148224,0.0759893506765365,0.0675408616662025,0.752970993518829,0.650152802467346
-0.580613911151886,-0.140701591968536,0.948187351226807,0.0718376040458679,0.0652105212211608,0.752156794071198,0.651803016662598
-0.58032637834549,-0.138985261321068,0.948191404342651,0.0733951181173324,0.0689926072955131,0.750034511089325,0.653683006763458
-0.58032637834549,-0.138985261321068,0.948191404342651,0.0733951181173324,0.0689926072955131,0.750034511089325,0.653683006763458
-0.579934895038605,-0.135738924145698,0.948140621185303,0.0705185458064079,0.0702051520347595,0.746199131011963,0.65824431180954
-0.578823626041412,-0.134005576372147,0.948409736156464,0.0665330290794372,0.0690375193953514,0.743883550167084,0.661395847797394
-0.579284608364105,-0.132344767451286,0.948211908340454,0.0667988210916519,0.0711704716086387,0.742292702198029,0.662928700447083
-0.579037129878998,-0.130692854523659,0.948260068893433,0.0654111951589584,0.0721713230013847,0.740067183971405,0.665442109107971
-0.578698933124542,-0.128923967480659,0.94841206073761,0.0606036856770515,0.0690075904130935,0.738159239292145,0.668345928192139
-0.578286647796631,-0.127080947160721,0.948451399803162,0.0585304051637649,0.0692067965865135,0.736417770385742,0.670427978038788
-0.577374577522278,-0.125339433550835,0.948846161365509,0.0550126880407333,0.0678605213761329,0.734626591205597,0.672824382781982
-0.576981723308563,-0.12360343337059,0.949093163013458,0.0525082200765609,0.067909836769104,0.732778608798981,0.675030827522278
-0.576981723308563,-0.12360343337059,0.949093163013458,0.0525082200765609,0.067909836769104,0.732778608798981,0.675030827522278
-0.576483309268951,-0.12006326764822,0.949412405490875,0.0550203584134578,0.07256680727005,0.728248834609985,0.679235398769379
-0.576353073120117,-0.118327796459198,0.949562668800354,0.0536979176104068,0.073613166809082,0.726012825965881,0.681618094444275
-0.576160371303558,-0.116462767124176,0.949654936790466,0.0528862699866294,0.0737994611263275,0.724145948886871,0.683644235134125
-0.575927078723907,-0.114640966057777,0.94987690448761,0.0516247451305389,0.0738141536712646,0.722324550151825,0.685663044452667
-0.576958656311035,-0.112742058932781,0.949504375457764,0.0524469353258609,0.0760543346405029,0.719994187355042,0.687803268432617
-0.575227499008179,-0.110745519399643,0.949667870998383,0.0492885820567607,0.0734035819768905,0.718777537345886,0.689595103263855
-0.57676762342453,-0.108870185911655,0.949535489082336,0.0511954426765441,0.0763363465666771,0.716141879558563,0.691876173019409
-0.576968193054199,-0.107097327709198,0.94953465461731,0.0507655143737793,0.0775470212101936,0.7147576212883,0.693203389644623
-0.576896071434021,-0.105117782950401,0.949511408805847,0.0498459041118621,0.0781089290976524,0.712919056415558,0.695097863674164
-0.576896071434021,-0.105117782950401,0.949511408805847,0.0498459041118621,0.0781089290976524,0.712919056415558,0.695097863674164
-0.574006021022797,-0.101849287748337,0.950710952281952,0.0430484488606452,0.074822336435318,0.709895431995392,0.698997259140015
-0.573927581310272,-0.0999544337391853,0.950522899627686,0.0420607514679431,0.0745782852172851,0.708479523658752,0.700518250465393
-0.573871076107025,-0.0982056558132171,0.950733542442322,0.041093360632658,0.0750605687499046,0.707065641880035,0.701951324939728
-0.573742985725403,-0.0964484438300132,0.950795471668243,0.0402324832975864,0.0753657519817352,0.705727458000183,0.703313827514648
-0.574390232563019,-0.0947424918413162,0.950624942779541,0.0401674285531044,0.0767646059393882,0.705009341239929,0.703886210918427
-0.574211061000824,-0.0930024087429046,0.950619876384735,-0.0392863787710666,-0.0769292488694191,-0.703950166702271,-0.70497727394104
-0.574186086654663,-0.0912177786231041,0.950694024562836,-0.0381547585129737,-0.0772137120366096,-0.70287561416626,-0.706079602241516
-0.574114143848419,-0.0896300673484802,0.950673341751099,-0.0371243804693222,-0.0775250494480133,-0.701944649219513,-0.707025766372681
-0.573280453681946,-0.087826520204544,0.950976371765137,-0.0351566821336746,-0.076692909002304,-0.70059609413147,-0.708552956581116
-0.573280453681946,-0.087826520204544,0.950976371765137,-0.0351566821336746,-0.076692909002304,-0.70059609413147,-0.708552956581116
-0.573887646198273,-0.0846893712878227,0.950801253318787,-0.0340589769184589,-0.079133927822113,-0.699712336063385,-0.70921117067337
-0.573850154876709,-0.0831489115953445,0.950770914554596,-0.0328293778002262,-0.0794813781976699,-0.699356138706207,-0.709581613540649
-0.573655486106873,-0.0816791802644729,0.9508016705513,-0.0316226109862327,-0.0796872526407241,-0.699181199073792,-0.709785640239716
-0.573584258556366,-0.0800707042217254,0.950769901275635,-0.0302647482603788,-0.0802422240376472,-0.698641717433929,-0.710313379764557
-0.572749495506287,-0.0785625353455543,0.951055824756622,-0.0278954803943634,-0.079382948577404,-0.697916924953461,-0.71121883392334
-0.573441565036774,-0.0772161483764648,0.950758099555969,-0.0281014684587717,-0.0814044848084449,-0.698248505592346,-0.710656523704529
-0.573491096496582,-0.0757514536380767,0.950782179832458,-0.0271219406276941,-0.0821088701486587,-0.698115885257721,-0.71074390411377
-0.573409736156464,-0.074393905699253,0.950742781162262,-0.0261309351772069,-0.0827676206827163,-0.697957515716553,-0.710860133171082
-0.573324918746948,-0.0729761570692062,0.950825452804565,-0.0255899410694837,-0.0831198766827583,-0.698093473911285,-0.71070522069931
-0.573324918746948,-0.0729761570692062,0.950825452804565,-0.0255899410694837,-0.0831198766827583,-0.698093473911285,-0.71070522069931
-0.573283016681671,-0.0704030245542526,0.95080840587616,-0.0241137947887182,-0.0846916288137435,-0.698087275028229,-0.710577428340912
-0.572489738464355,-0.0690718069672584,0.95103120803833,-0.02092906832695,-0.0834332481026649,-0.698057174682617,-0.710856556892395
-0.573218703269958,-0.0678733214735984,0.950821697711945,-0.0213323216885328,-0.0855997502803802,-0.698223531246185,-0.710423648357391
-0.572488129138947,-0.0667629763484001,0.950793266296387,-0.0189473666250705,-0.0851325392723083,-0.697637438774109,-0.711122512817383
-0.5733243227005,-0.0656074061989784,0.950778484344482,-0.0195074416697025,-0.0874854400753974,-0.698509097099304,-0.709965407848358
-0.573282241821289,-0.0644076243042945,0.950820684432983,-0.0188419912010431,-0.0879695117473602,-0.698701858520508,-0.709733963012695
-0.573283493518829,-0.0633285790681839,0.950832009315491,-0.0189190432429313,-0.0888577997684478,-0.698677480220795,-0.70964503288269
-0.573226094245911,-0.0622107498347759,0.950862228870392,-0.0187906231731176,-0.0892683193087577,-0.698882639408112,-0.709395051002502
-0.572562456130981,-0.0611000657081604,0.95110148191452,-0.0157096907496452,-0.0887562707066536,-0.698893249034882,-0.709523737430573
-0.573323011398315,-0.0600965693593025,0.950636863708496,-0.0167130194604396,-0.0902460590004921,-0.699725985527039,-0.708491444587708
-0.573269426822662,-0.0591797865927219,0.95079493522644,-0.0155945057049393,-0.0909495204687118,-0.699956059455872,-0.708199679851532
-0.573228597640991,-0.0580451227724552,0.950630068778992,-0.0150003088638186,-0.0909397602081298,-0.700169563293457,-0.708002507686615
-0.573271453380585,-0.0570768006145954,0.9505934715271,-0.0094168744981288,-0.0879412218928337,-0.701208412647247,-0.70744925737381
-0.57318514585495,-0.0562607757747173,0.950767159461975,-0.0095737753435969,-0.0888655856251716,-0.701443016529083,-0.707098960876465
-0.572404801845551,-0.0553074404597282,0.95099264383316,-0.0068569793365895,-0.0874940976500511,-0.701476156711578,-0.707268893718719
-0.573065638542175,-0.0545420944690704,0.950803399085998,-0.009436598047614,-0.0899902209639549,-0.702201902866364,-0.706204891204834
-0.572240114212036,-0.0534841641783714,0.951014041900635,-0.0085056321695446,-0.0887623503804206,-0.70227575302124,-0.70629870891571
-0.57284027338028,-0.0528220310807228,0.950817048549652,-0.0124877709895372,-0.0930375754833221,-0.702689409255981,-0.70527708530426
-0.57277524471283,-0.0520103424787521,0.950872540473938,-0.0083874026313424,-0.0904678776860237,-0.703442215919495,-0.70492148399353
-0.572637856006622,-0.0511701554059982,0.950868427753448,-0.0108293620869517,-0.0929088667035102,-0.703594863414764,-0.704418241977692
-0.574402391910553,-0.0498089492321014,0.9499391913414,-0.011783055961132,-0.0915527269244194,-0.703643679618835,-0.704531788825989
-0.574138998985291,-0.0491597615182399,0.950054824352264,-0.0109504032880067,-0.0913494229316711,-0.70408308506012,-0.704132497310638
-0.573937654495239,-0.0485172532498836,0.950171768665314,0.0102381557226181,0.0917635262012481,0.70434296131134,0.703829348087311
-0.573705971240997,-0.0478625446557998,0.950279176235199,0.0097188996151089,0.0915037095546722,0.704743921756744,0.703468918800354
-0.573512375354767,-0.0472666248679161,0.950391292572022,0.0090937139466404,0.0914311110973358,0.70490038394928,0.703330099582672
-0.5732661485672,-0.0466316193342208,0.950416326522827,0.0083409370854496,0.0906005948781967,0.705162227153778,0.703184366226196
-0.573138177394867,-0.0460691936314106,0.950421273708344,0.0080626448616385,0.0905809104442596,0.705361902713776,0.702989876270294
-0.57290917634964,-0.0455501824617385,0.950469672679901,0.0075332685373723,0.0902502462267875,0.70556229352951,0.70283704996109
-0.571652948856354,-0.0450797006487846,0.950885832309723,0.0053945183753967,0.089028812944889,0.706293165683746,0.702278256416321
-0.571507751941681,-0.0445077382028102,0.950847327709198,0.0051664575003087,0.0885456874966621,0.706207752227783,0.702426910400391
-0.57135397195816,-0.0439741425216198,0.950941443443298,0.0081675732508301,0.0908196717500686,0.70603209733963,0.702284812927246
-0.571229100227356,-0.0434320084750652,0.950899720191956,0.0054660215973854,0.0877706557512283,0.706291019916534,0.702438354492188
-0.571110725402832,-0.0429945290088653,0.950911819934845,0.004679930396378,0.0876962766051292,0.706303238868713,0.702441036701202
-0.570907711982727,-0.0425313338637352,0.950897932052612,0.0042948005720973,0.0870515629649162,0.706246376037598,0.702580690383911
-0.570742964744568,-0.0420552790164947,0.950831592082977,0.0043861488811671,0.0868547335267067,0.706275284290314,0.702575385570526
-0.570666909217834,-0.0416064448654651,0.950796365737915,0.0054282755590975,0.087044171988964,0.706422090530396,0.702397227287292
-0.569735825061798,-0.0412666350603103,0.95080155134201,0.0028001037426292,0.0853641852736473,0.70551723241806,0.703527271747589
-0.570439219474792,-0.0408359132707119,0.950807750225067,0.0041321236640214,0.0862607434391975,0.706195414066315,0.702730596065521
-0.570264399051666,-0.0404597371816635,0.950774490833282,0.0042561842128634,0.0860969945788383,0.706156134605408,0.70278936624527
-0.570130050182343,-0.0401070974767208,0.950794398784638,0.0040646470151841,0.0859074890613555,0.70621919631958,0.702750325202942
-0.569966912269592,-0.0397478975355625,0.950732469558716,0.003947832621634,0.0854079350829124,0.706182420253754,0.702848672866821
-0.569862127304077,-0.0394009873270988,0.950699150562286,0.0046598315238952,0.0852186903357505,0.706079959869385,0.702970147132874
-0.569754838943481,-0.0391458310186862,0.95068359375,0.0040248776786029,0.0857637301087379,0.706260561943054,0.702726483345032
-0.569616258144379,-0.0388769172132015,0.950684428215027,0.0044294381514191,0.0852004289627075,0.706416845321655,0.702635526657104
-0.56944727897644,-0.0386045202612876,0.950611054897308,0.0042086699977517,0.0848828330636024,0.706373572349548,0.702718794345856
-0.569274187088013,-0.0383857749402523,0.950594782829285,0.003898131661117,0.0847400650382042,0.706136584281921,0.702975869178772
-0.569105803966522,-0.0380839221179485,0.950559198856354,0.0036192419938743,0.0843195468187332,0.706162452697754,0.703002095222473
-0.568973422050476,-0.0378871150314807,0.950556993484497,0.0028142894152551,0.0843300521373748,0.706209480762482,0.702957093715668
-0.56880259513855,-0.0376922711730003,0.950551390647888,0.0026946906000375,0.0842646732926368,0.706452131271362,0.70272171497345
-0.568589270114899,-0.0374598614871501,0.950554132461548,0.0025412689428776,0.0838869586586952,0.706196904182434,0.703023791313171
-0.568408727645874,-0.0373064465820789,0.950569033622742,0.0022015902213752,0.0836833044886589,0.70617288351059,0.703073382377625
-0.568273723125458,-0.0371854975819587,0.950550854206085,0.0020087915472686,0.0839420035481453,0.706176161766052,0.703039705753326
-0.567984163761139,-0.0370513536036014,0.950666785240173,0.0046090418472886,0.0865431800484657,0.705966830253601,0.702922403812408
-0.567984163761139,-0.0370513536036014,0.950666785240173,0.0046090418472886,0.0865431800484657,0.705966830253601,0.702922403812408
-0.567580103874207,-0.036745298653841,0.950609683990478,0.0037561112549155,0.0861081928014755,0.705994009971619,0.702953577041626
-0.567441701889038,-0.0366510711610317,0.950615048408508,0.0043646483682096,0.0863183662295341,0.706173956394196,0.702743470668793
-0.567261219024658,-0.0365732237696647,0.950616896152496,0.0003918067959602,0.084091380238533,0.70656156539917,0.702637255191803
-0.567094445228577,-0.0364712551236152,0.950583279132843,0.0003760921244975,0.0833336934447288,0.706591725349426,0.702697515487671
-0.566960692405701,-0.0364150255918502,0.950595319271088,8.26199611765333e-05,0.0834133401513099,0.706687271595001,0.702591836452484
-0.566815316677094,-0.036360777914524,0.950595915317535,-0.0003579760959837,0.0836257636547088,0.706728518009186,0.702525079250336
-0.56666225194931,-0.0363135263323783,0.950594067573547,-0.0005404052208177,0.083853892982006,0.706819415092468,0.702406466007233
-0.566528379917145,-0.0362657569348812,0.950589895248413,-0.0012077803257852,0.0846577733755111,0.707073330879211,0.702053487300873
-0.566391348838806,-0.0362254902720451,0.950593709945679,-0.0018212338909506,0.084215834736824,0.707106709480286,0.702071607112885
-0.566253662109375,-0.0361941866576671,0.950594782829285,-0.0022095821332186,0.0843055471777916,0.707293272018433,0.701871633529663
-0.566253662109375,-0.0361941866576671,0.950594782829285,-0.0022095821332186,0.0843055471777916,0.707293272018433,0.701871633529663
-0.565852761268616,-0.0361385196447372,0.95062381029129,-0.0032295843120664,0.0841313973069191,0.707768261432648,0.701409757137299
-0.565753281116486,-0.0360989831387996,0.950595378875732,-0.0034373723901808,0.084194041788578,0.707966387271881,0.701201260089874
-0.56561291217804,-0.036081738770008,0.95060783624649,-0.0037312326021492,0.08437529951334,0.708305656909943,0.700835168361664
-0.565423190593719,-0.0360357873141765,0.950609922409058,-0.0039011407643556,0.0845757126808166,0.708527803421021,0.700585603713989
-0.56520140171051,-0.0360001139342784,0.95062518119812,-0.0044436580501496,0.0846872329711914,0.70876669883728,0.700327098369598
-0.565039157867432,-0.0359676703810691,0.950639367103577,-0.0048583089374005,0.08465226739645,0.709079027175903,0.700012385845184
-0.564837157726288,-0.0359264463186264,0.950657904148102,-0.0051848036237061,0.0847067162394523,0.709312081336975,0.699767231941223
-0.564691424369812,-0.0358914211392402,0.95066511631012,-0.0046126553788781,0.0847644358873367,0.709572613239288,0.69950008392334
-0.564533233642578,-0.0358690619468688,0.950673580169678,-0.0057694669812917,0.08494683355093,0.709846377372742,0.699191629886627
-0.564245522022247,-0.0358272641897201,0.950740158557892,-0.0063085975125432,0.0847580656409263,0.71024364233017,0.698806345462799
-0.564094543457031,-0.0358165428042411,0.950737714767456,-0.0066443821415305,0.0849460810422897,0.710781395435333,0.698233425617218
-0.563959658145905,-0.0357955507934093,0.95073539018631,-0.0069760829210281,0.0848907753825187,0.710934579372406,0.698080897331238
-0.563836097717285,-0.0357658565044403,0.950702250003815,-0.0043380018323659,0.0875398144125938,0.710998177528381,0.697710275650024
-0.563836097717285,-0.0357658565044403,0.950702250003815,-0.0043380018323659,0.0875398144125938,0.710998177528381,0.697710275650024
-0.563521862030029,-0.0357115976512432,0.950663089752197,-0.0051215337589383,0.0878266543149948,0.711814165115356,0.696836352348328
-0.563521862030029,-0.0357115976512432,0.950663089752197,-0.0051215337589383,0.0878266543149948,0.711814165115356,0.696836352348328
-0.563188076019287,-0.0356319770216941,0.950559437274933,-0.0084913410246372,0.084904059767723,0.713017880916595,0.695934534072876
-0.562997162342072,-0.0355749540030956,0.950512588024139,-0.0089584346860647,0.0849546864628791,0.713589906692505,0.695335865020752
-0.562710702419281,-0.0355264768004417,0.950516521930695,-0.0095796743407845,0.0844463557004928,0.714057624340057,0.694909334182739
-0.562570869922638,-0.0354771353304386,0.950463891029358,-0.0100537585094571,0.0843891054391861,0.714246153831482,0.694715678691864
-0.562570869922638,-0.0354771353304386,0.950463891029358,-0.0100537585094571,0.0843891054391861,0.714246153831482,0.694715678691864
-0.56223863363266,-0.0353680253028869,0.950419843196869,-0.0074263424612581,0.0869988054037094,0.714680969715118,0.693979263305664
-0.562037289142609,-0.0353188477456569,0.950385749340057,-0.0079820016399025,0.0869009345769882,0.71518886089325,0.693462014198303
-0.561839282512665,-0.0352739728987216,0.950358927249908,-0.009227436967194,0.0865756496787071,0.715603411197662,0.693059384822845
-0.561662137508392,-0.0352328047156333,0.950321674346924,-0.0095567433163523,0.0866062939167022,0.715944647789001,0.69269871711731
-0.561470866203308,-0.0351647622883319,0.950298845767975,-0.009878534823656,0.0861677080392837,0.716291010379791,0.69239068031311
-0.561271071434021,-0.035030648112297,0.950228691101074,-0.0100366147235035,0.0859422832727432,0.716592669487,0.69210410118103
-0.561117231845856,-0.0349695533514022,0.95020055770874,-0.0102000497281551,0.0857571139931678,0.71702378988266,0.691678166389465
-0.560872852802277,-0.0348959788680076,0.950182795524597,-0.0104353576898574,0.0856284797191619,0.717485904693604,0.69121116399765
-0.560710847377777,-0.0348077230155468,0.950168192386627,-0.0101083759218454,0.0851218327879905,0.717869102954865,0.690880656242371
-0.560520052909851,-0.0347387269139289,0.950138628482819,-0.0135594783350825,0.0824909284710884,0.718629539012909,0.690349996089935
-0.560323357582092,-0.0346206948161125,0.950107216835022,-0.0138209406286478,0.0820827633142471,0.719090700149536,0.689913094043732
-0.560173332691193,-0.034526452422142,0.950088977813721,-0.0139179434627294,0.0819401815533638,0.719527006149292,0.689472913742065
-0.560029447078705,-0.0344328917562961,0.950076699256897,-0.0147855952382087,0.0815730765461921,0.720019340515137,0.688984513282776
-0.559915006160736,-0.0343170538544654,0.950065493583679,-0.014818794094026,0.0812229290604591,0.720535159111023,0.688485682010651
-0.559915006160736,-0.0343170538544654,0.950065493583679,-0.014818794094026,0.0812229290604591,0.720535159111023,0.688485682010651
-0.559755265712738,-0.0340034775435924,0.949983477592468,-0.0141919935122132,0.0801500752568245,0.721912980079651,0.687179923057556
-0.559558749198914,-0.0339448265731334,0.950116395950317,-0.0145624903962016,0.0798733681440353,0.722538113594055,0.686547219753265
-0.559458374977112,-0.0337669625878334,0.950096130371094,-0.0144758271053433,0.0792215839028358,0.723253428936005,0.685870945453644
-0.559244692325592,-0.033568900078535,0.950142979621887,-0.0144348219037055,0.078907772898674,0.723906695842743,0.685218513011932
