x,y,z,q0,q1,q2,q3
0.575699090957642,-0.0558144524693489,1.24788212776184,-0.0212440770119428,0.0080613670870661,0.688987791538239,-0.724416673183441
0.575551927089691,-0.0554594881832599,1.24793136119843,-0.0215822625905275,0.0081892488524317,0.689773857593536,-0.723656892776489
0.57562917470932,-0.05495036393404,1.24778163433075,-0.0217769835144281,0.0084197996184229,0.691599130630493,-0.721904218196869
0.575405955314636,-0.054727554321289,1.24796175956726,-0.0227230377495288,0.0085783964022994,0.691492736339569,-0.721975088119507
0.575381219387054,-0.0546539835631847,1.24801671504974,-0.0229579266160726,0.009228266775608,0.692574441432953,-0.72092193365097
0.575384736061096,-0.0543646402657032,1.24805521965027,-0.0234634093940258,0.0096688633784651,0.693356812000275,-0.720147490501404
0.575366079807281,-0.0540599636733531,1.24814510345459,-0.024066474288702,0.0099331988021731,0.694079399108887,-0.719427466392517
0.57536107301712,-0.0536664128303527,1.24821579456329,-0.0245142485946416,0.010398244485259,0.695074379444122,-0.718444585800171
0.573263764381409,-0.054537396878004,1.24834251403809,-0.0210127048194408,0.0098114926367998,0.695099294185638,-0.718539655208588
0.573264598846436,-0.054189745336771,1.24839782714844,-0.0214594230055809,0.0104782218113541,0.695917010307312,-0.717725098133087
0.573265790939331,-0.0538393445312976,1.24844610691071,-0.0217977799475193,0.0111777428537607,0.696591675281525,-0.717049539089203
0.57329660654068,-0.0535150133073329,1.24848890304565,-0.0222220718860626,0.0117674069479107,0.697434365749359,-0.716207504272461
0.572950780391693,-0.0524328090250492,1.24816167354584,-0.0221271179616451,0.0110767008736729,0.698762476444244,-0.714925706386566
0.572338879108429,-0.0519085004925727,1.24817645549774,-0.0227281488478183,0.0107737965881824,0.699055790901184,-0.714624524116516
0.572433173656464,-0.0513970367610454,1.24799084663391,-0.0225218925625085,0.0116219297051429,0.701001107692719,-0.712709605693817
0.572279453277588,-0.0509785339236259,1.24806714057922,-0.0232159364968538,0.0129008144140243,0.701746463775635,-0.711931467056274
0.573094427585602,-0.0514909066259861,1.24868977069855,-0.0243126321583986,0.0162071138620376,0.702062368392944,-0.711515784263611
0.573144793510437,-0.0511568263173103,1.24879217147827,-0.0245254747569561,0.0171485990285873,0.702988266944885,-0.710571527481079
0.573186457157135,-0.0506272502243518,1.24868357181549,-0.0244908612221479,0.0179169606417417,0.705144107341766,-0.708414494991302
0.57321172952652,-0.0503630638122558,1.24877667427063,-0.0245812106877565,0.0188979282975196,0.705773591995239,-0.707758605480194
0.573039054870605,-0.0500426143407821,1.24892568588257,-0.0254027396440505,0.0195307992398738,0.705556929111481,-0.707928597927094
0.573143124580383,-0.0496099069714546,1.24889743328094,-0.0252770651131868,0.0205229483544826,0.70722895860672,-0.706234574317932
0.573119282722473,-0.0491423085331916,1.24890291690826,-0.0256684999912977,0.0212116595357656,0.708267211914062,-0.705158770084381
0.573128819465637,-0.0487655662000179,1.24907088279724,-0.0256919041275978,0.0222398620098829,0.708914160728455,-0.704475879669189
0.572585642337799,-0.0476772487163543,1.24880290031433,-0.0263325776904821,0.0214110892266035,0.709287524223328,-0.704101800918579
0.57297557592392,-0.0478942766785621,1.24914038181305,-0.0265307147055864,0.0237303432077169,0.710292458534241,-0.703006207942963
0.572508156299591,-0.0469201169908046,1.24889123439789,-0.0272962395101785,0.0228004902601242,0.710501134395599,-0.702796816825867
0.571921765804291,-0.0462439209222793,1.24874258041382,-0.0273573100566864,0.0227454248815774,0.711289882659912,-0.701997935771942
0.57280045747757,-0.0466982498764991,1.2493644952774,-0.027460990473628,0.0263150800019502,0.711905598640442,-0.701244413852692
0.572735130786896,-0.0460808202624321,1.24935591220856,-0.0274490974843502,0.0275792796164751,0.712595343589783,-0.700495541095734
0.572235941886902,-0.0450609028339386,1.24916136264801,-0.0276115480810403,0.0271045695990324,0.712673664093018,-0.700428009033203
0.572086572647095,-0.0446644127368927,1.24922907352448,-0.0282253492623567,0.0275725033134222,0.712844371795654,-0.700211465358734
0.57244884967804,-0.0448989011347293,1.24950158596039,-0.0280019715428352,0.0301840864121913,0.71390837430954,-0.699027836322784
0.572396099567413,-0.0443586558103561,1.24963486194611,-0.0274799074977636,0.0318706333637237,0.714392244815826,-0.698478996753693
0.572140157222748,-0.0438371300697326,1.24964904785156,-0.0276262369006872,0.0328396633267402,0.714884459972382,-0.697924554347992
0.572140157222748,-0.0438371300697326,1.24964904785156,-0.0276262369006872,0.0328396633267402,0.714884459972382,-0.697924554347992
0.571890950202942,-0.0429433062672615,1.24977660179138,-0.0275176092982292,0.0352661199867725,0.715826988220215,-0.69684362411499
0.57177072763443,-0.0424554757773876,1.2498687505722,-0.027442954480648,0.0362862721085548,0.716036379337311,-0.696578919887543
0.570719957351685,-0.0409254059195518,1.24945223331451,-0.0273739118129014,0.0346610732376575,0.716178774833679,-0.696518063545227
0.571542620658875,-0.0413431040942668,1.25001931190491,-0.0273936409503221,0.0384639240801334,0.71696549654007,-0.695507526397705
0.57040011882782,-0.0399902164936065,1.24956750869751,-0.0269900951534509,0.0371345840394496,0.716923594474792,-0.695638716220856
0.57108062505722,-0.040209736675024,1.25022745132446,-0.0270518790930509,0.0406244397163391,0.717314481735229,-0.69503790140152
0.571067571640015,-0.0397115871310234,1.25031423568726,-0.0268454700708389,0.0418916456401348,0.717418074607849,-0.69486391544342
0.570717930793762,-0.0391388311982154,1.25045168399811,-0.0274627152830362,0.042717769742012,0.717067837715149,-0.695150911808014
0.570337414741516,-0.0379925519227981,1.25024461746216,-0.0269408226013183,0.0428322441875934,0.717690944671631,-0.694520890712738
0.571172416210175,-0.0371773317456245,1.25049889087677,-0.0289467200636863,0.0444707684218883,0.719108521938324,-0.692868947982788
0.57032173871994,-0.0373545140027999,1.25071585178375,-0.0267172195017337,0.0465809777379035,0.718289434909821,-0.693669080734253
0.570134818553925,-0.0368486568331718,1.2507803440094,-0.0266895070672035,0.0470135286450386,0.718992352485657,-0.692912459373474
0.570700407028198,-0.0354625359177589,1.25076544284821,-0.0281886104494333,0.0478762127459049,0.719767332077026,-0.69198876619339
0.56938761472702,-0.0356145128607749,1.25105106830597,-0.0253605898469686,0.0485808663070201,0.719459593296051,-0.692368924617767
0.569242417812347,-0.0351013615727424,1.25112819671631,-0.0251481775194406,0.0498260967433452,0.719472467899323,-0.692274808883667
0.57008421421051,-0.0337197445333004,1.25092196464539,-0.0274627897888422,0.0517310723662376,0.720550715923309,-0.690924286842346
0.569011509418488,-0.0338833220303058,1.251131772995,-0.0253764726221561,0.0524983592331409,0.719947993755341,-0.691574156284332
0.568459630012512,-0.0326665081083774,1.25087487697601,-0.0252767335623502,0.0521780997514724,0.719686925411224,-0.691873669624329
0.568554043769836,-0.0327704325318336,1.25128304958344,-0.024295387789607,0.054644301533699,0.720272898674011,-0.691108524799347
0.568328440189362,-0.0321767181158065,1.25132083892822,-0.0240087751299142,0.0558678209781646,0.720473766326904,-0.690811157226562
0.568157970905304,-0.0316317528486251,1.25144052505493,-0.0236929301172494,0.0569812282919883,0.720215082168579,-0.691000759601593
0.567954421043396,-0.0304038412868976,1.25145077705383,-0.0240972656756639,0.0578822270035743,0.720123946666718,-0.691007018089294
0.56778872013092,-0.029801731929183,1.25150847434998,-0.0238595381379127,0.0590602904558181,0.72009551525116,-0.690945148468018
0.567474663257599,-0.0296342391520738,1.25149691104889,-0.0232377965003252,0.0602290369570255,0.72034627199173,-0.690603852272034
0.56743311882019,-0.0289628449827432,1.25149130821228,-0.023299716413021,0.0618677623569965,0.720292687416077,-0.690512895584106
0.567006587982178,-0.0283426120877265,1.25158631801605,-0.0227920319885015,0.0622160881757736,0.720190346240997,-0.690605282783508
0.566761195659637,-0.0278217811137437,1.25164139270782,-0.0226603876799345,0.0631098970770835,0.720124185085297,-0.690597653388977
0.566636145114899,-0.0271141547709703,1.25172626972198,-0.0223376862704753,0.064777098596096,0.720355272293091,-0.690212488174438
0.566614508628845,-0.0263161063194274,1.25165116786957,-0.0225456319749355,0.0659180879592895,0.720087647438049,-0.690376877784729
0.56584221124649,-0.0255973618477582,1.25093364715576,-0.0216922387480735,0.0666194260120391,0.719993233680725,-0.690435409545898
0.566309809684753,-0.0246892906725406,1.25131988525391,-0.0221088528633117,0.0688379630446434,0.719398319721222,-0.690824747085571
0.566499650478363,-0.0245984699577093,1.25164473056793,-0.021874938160181,0.0711986348032951,0.719740033149719,-0.690236687660217
0.566117107868195,-0.0240078214555978,1.25180470943451,-0.0210398472845554,0.0722356960177421,0.719860732555389,-0.690028965473175
0.566073298454285,-0.0238188877701759,1.25182938575745,-0.0208054035902023,0.0739423930644989,0.720153570175171,-0.689549446105957
0.566028654575348,-0.022719033062458,1.25193166732788,-0.0213374476879835,0.0748728439211845,0.719812870025635,-0.689788579940796
0.565792918205261,-0.0221477635204792,1.25192654132843,-0.0211097449064254,0.0758765265345573,0.719597339630127,-0.689910650253296
0.56451815366745,-0.0211927685886621,1.2514396905899,-0.019994243979454,0.0746012330055236,0.719857394695282,-0.689811885356903
0.564449489116669,-0.0201054029166698,1.25148320198059,-0.0201570987701416,0.0753823593258857,0.719311952590942,-0.690290927886963
0.564860761165619,-0.0197305660694837,1.25181710720062,-0.0203610975295305,0.0779692158102989,0.719069302082062,-0.690250396728516
0.564573347568512,-0.0195648930966854,1.25186240673065,-0.0196889843791723,0.0793134868144989,0.719468653202057,-0.689700305461884
0.564920723438263,-0.0191778503358364,1.25223886966705,-0.0197418164461851,0.081486739218235,0.719178855419159,-0.68974781036377
0.564421355724335,-0.0179561749100685,1.25196588039398,-0.0197390541434288,0.081337995827198,0.718690991401672,-0.690273761749268
0.563928663730621,-0.0171767082065343,1.25180602073669,-0.0193579494953155,0.0816121622920036,0.718872964382172,-0.690062522888184
0.564603865146637,-0.0172859989106655,1.25237166881561,-0.0194070395082235,0.085010290145874,0.718799293041229,-0.689727663993835
0.564378142356873,-0.0168795604258775,1.25236940383911,-0.0196295287460088,0.0857154130935669,0.718439757823944,-0.690008699893951
0.564300715923309,-0.0161584168672561,1.2524231672287,-0.0189517345279455,0.0877488106489181,0.718105614185333,-0.690119802951813
0.564240038394928,-0.0155906137079,1.25248694419861,-0.0187602788209915,0.0891623198986053,0.717799961566925,-0.690261840820312
0.563751757144928,-0.0143700558692216,1.25218319892883,-0.0184611845761537,0.089165024459362,0.717041969299316,-0.691056847572327
0.563520073890686,-0.0137225128710269,1.252192735672,-0.0181460715830326,0.0901178643107414,0.716871857643127,-0.691118061542511
0.563707232475281,-0.0137433558702468,1.2525120973587,-0.0181373264640569,0.0923297554254531,0.716892838478088,-0.690804541110992
0.563616096973419,-0.0131431575864553,1.25265991687775,-0.0173603054136037,0.0941204279661178,0.716277956962585,-0.691220641136169
0.563136875629425,-0.0118032973259687,1.25229144096375,-0.0176076516509056,0.093761034309864,0.715515375137329,-0.69205242395401
0.563560664653778,-0.0119826728478074,1.25262665748596,-0.0179956629872322,0.0968350917100906,0.7154141664505,-0.691723644733429
0.563212752342224,-0.0117032062262296,1.2525383234024,-0.0172425676137208,0.0979580655694007,0.715227425098419,-0.691777884960175
0.56315815448761,-0.0106129348278045,1.25267899036407,-0.0175743494182825,0.0992105081677436,0.714475095272064,-0.69236820936203
0.563009023666382,-0.0098841208964586,1.25274181365967,-0.0167988538742065,0.10085878521204,0.713917374610901,-0.692724585533142
0.561987161636353,-0.0085539799183607,1.25214910507202,-0.0168306604027748,0.0993885025382042,0.713171303272247,-0.693704128265381
0.562430560588837,-0.0081419311463832,1.2523900270462,-0.0168324243277311,0.101856827735901,0.712646543979645,-0.693885445594788
0.562448799610138,-0.0080849677324295,1.2527562379837,-0.0162177495658397,0.104124560952187,0.712290346622467,-0.693929135799408
0.562403082847595,-0.007478667423129,1.25278353691101,-0.0167776104062795,0.105563871562481,0.71111387014389,-0.694904267787933
0.564198017120361,-0.0053532915189862,1.25274181365967,-0.0202173124998807,0.107667945325375,0.71127325296402,-0.694326460361481
0.564057290554047,-0.0046752672642469,1.25277626514435,-0.0204173382371664,0.108511753380299,0.710492849349976,-0.694988012313843
0.563813030719757,-0.0039634751155972,1.25271558761597,-0.0200068186968565,0.109499022364616,0.709957242012024,-0.695392310619354
0.563653826713562,-0.0033754389733076,1.25275540351868,-0.0196918118745088,0.110777176916599,0.709265947341919,-0.695904076099396
0.563536047935486,-0.0027582175098359,1.25277149677277,-0.0194939114153385,0.111979506909847,0.708639681339264,-0.696355044841766
0.563261806964874,-0.0020341710187494,1.25269937515259,-0.0192817617207765,0.112647548317909,0.70771712064743,-0.697190999984741
0.562869727611542,-0.0006446440238505,1.2524391412735,-0.018749363720417,0.113262556493282,0.706437349319458,-0.698402881622314
0.563072741031647,-0.0005921453703194,1.25279450416565,-0.0181968938559293,0.115667372941971,0.706196308135986,-0.698267102241516
0.562624931335449,-0.000629247399047,1.25271475315094,-0.0184787102043628,0.115454159677029,0.705822288990021,-0.698672771453857
0.562612473964691,0.0006602017674595,1.25274562835693,-0.0181245971471071,0.11724890768528,0.704655587673187,-0.699560344219208
0.561606407165527,0.0015963071491569,1.252201795578,-0.0172396209090948,0.116370536386967,0.703748285770416,-0.700641870498657
0.561546146869659,0.0027304824907332,1.25223410129547,-0.0176844950765371,0.117332674562931,0.702412009239197,-0.701810359954834
0.5621497631073,0.0025443618651479,1.25285029411316,-0.0183319970965385,0.119697295129299,0.70171195268631,-0.702094614505768
0.561975717544556,0.0031546808313578,1.25288772583008,-0.0178804919123649,0.120780803263187,0.700672507286072,-0.702958345413208
0.561751484870911,0.0039504263550043,1.2528088092804,-0.0169658437371253,0.121907494962215,0.699676096439362,-0.703778505325317
0.561543941497803,0.0045828656293451,1.25286054611206,-0.0165567249059677,0.123091489076614,0.698803961277008,-0.704448401927948
0.561374962329865,0.0051561896689236,1.25287127494812,-0.0162981431931257,0.124095097184181,0.697699785232544,-0.705372214317322
0.560939252376556,0.0053944904357194,1.25281131267548,-0.0152448937296867,0.124815545976162,0.696657121181488,-0.706298470497131
0.560811519622803,0.006637789774686,1.25278151035309,-0.0156715158373117,0.125344172120094,0.695292949676514,-0.707538723945618
0.56060379743576,0.0073568751104176,1.25279128551483,-0.0139555800706148,0.125999838113785,0.695026755332947,-0.707719683647156
0.560198545455933,0.0075940382666885,1.25269162654877,-0.0129929902032017,0.126692295074463,0.694068789482117,-0.708554029464722
0.560198545455933,0.0075940382666885,1.25269162654877,-0.0129929902032017,0.126692295074463,0.694068789482117,-0.708554029464722
0.56007194519043,0.0092893606051802,1.25288844108582,-0.0130577702075243,0.128542542457581,0.691150665283203,-0.711067676544189
0.559831559658051,0.0100206648930907,1.2527551651001,-0.0130918491631746,0.128941148519516,0.690185964107513,-0.711931347846985
0.55961811542511,0.0107609033584594,1.25276780128479,-0.0122771617025136,0.13019996881485,0.688834369182587,-0.713024914264679
0.559540092945099,0.0113684106618165,1.25274777412415,-0.0121508333832025,0.130765184760094,0.687759757041931,-0.713960409164429
0.559344708919525,0.0120795732364058,1.25276625156403,-0.0119281252846121,0.131576105952263,0.68668133020401,-0.714852511882782
0.559159159660339,0.0124964900314807,1.25271046161652,-0.0122155928984284,0.131881609559059,0.685414493083954,-0.716006278991699
0.558769583702087,0.0123687628656625,1.25266337394714,-0.0120619088411331,0.131851717829704,0.684531450271606,-0.716858804225922
0.558730661869049,0.0136532485485076,1.25267696380615,-0.0121705522760748,0.13263775408268,0.683015286922455,-0.71815687417984
0.558553338050842,0.0141883185133337,1.2526923418045,-0.011907547712326,0.133349850773811,0.682063221931458,-0.718933880329132
0.557431936264038,0.0154428128153085,1.2520467042923,-0.0115005113184452,0.131871551275253,0.680620968341827,-0.720578074455261
0.558030247688293,0.0155994286760687,1.25248861312866,-0.0110612092539668,0.134803399443626,0.680016338825226,-0.720613360404968
0.557852327823639,0.0159460287541151,1.25258052349091,-0.0116349663585424,0.134740978479385,0.679056107997894,-0.721520900726318
0.557659327983856,0.0164705105125904,1.25253570079803,-0.0113805560395121,0.135095328092575,0.677898108959198,-0.722546935081482
0.557533919811249,0.0169229935854673,1.25262784957886,-0.0111995348706841,0.136193335056305,0.676880478858948,-0.72329717874527
0.55729603767395,0.017679501324892,1.25254058837891,-0.0112801054492592,0.136532098054886,0.675977945327759,-0.724075734615326
0.557052195072174,0.0182908065617084,1.25253081321716,-0.0105838971212506,0.137410417199135,0.675028026103973,-0.72480583190918
0.556854665279388,0.0187734588980674,1.25251948833466,-0.0105908401310443,0.137506127357483,0.674134850502014,-0.725618481636047
0.556740820407867,0.0192761551588773,1.25253915786743,-0.0106927938759326,0.137823075056076,0.673217177391052,-0.726408362388611
0.556537985801697,0.0198792833834886,1.25248765945435,-0.0108672901988029,0.137958198785782,0.672222077846527,-0.727301120758057
0.556496381759644,0.0202414896339178,1.25256991386414,-0.0116185462102293,0.138082176446915,0.671439647674561,-0.727988481521606
0.556303441524506,0.0206982512027025,1.25257849693298,-0.0116784125566482,0.138393014669418,0.670617341995239,-0.728686094284058
0.556146025657654,0.0211343131959438,1.2525223493576,-0.0118362922221422,0.13832300901413,0.669911921024323,-0.729345440864563
0.555990934371948,0.0215832609683275,1.25258469581604,-0.011388131417334,0.138992756605148,0.669382870197296,-0.729710817337036
0.555734395980835,0.0219037383794784,1.25253772735596,-0.0118609061464667,0.138673469424248,0.668682992458344,-0.730405449867249
0.555550932884216,0.022297216579318,1.2525041103363,-0.0118914144113659,0.138451367616653,0.668092429637909,-0.730987310409546
0.555409133434296,0.0226161964237689,1.25248718261719,-0.0119346566498279,0.138497233390808,0.667560279369354,-0.73146390914917
0.555268943309784,0.0229255221784114,1.25246787071228,-0.0119500020518898,0.138462543487549,0.667179703712463,-0.731817424297333
0.555201470851898,0.0231929942965507,1.25242829322815,-0.0118687683716416,0.137565582990646,0.666870594024658,-0.732269406318665
0.555449187755585,0.0230384580790996,1.25233685970306,-0.0115140210837125,0.137273177504539,0.666067540645599,-0.733060300350189
0.55531257390976,0.0233514383435249,1.25231564044952,-0.0115981763228774,0.137097373604774,0.665658891201019,-0.733463108539581
0.554857015609741,0.0243861116468906,1.25232791900635,-0.0118803335353732,0.137229293584824,0.665499269962311,-0.733578741550446
0.554800868034363,0.0247522927820682,1.25231003761292,-0.012165056541562,0.136944949626923,0.665244162082672,-0.733858525753021
0.554719865322113,0.0249364096671342,1.25229942798615,-0.0127270631492137,0.136454224586487,0.665001034736633,-0.734160721302032
0.554588556289673,0.025213785469532,1.25226259231567,-0.0128080956637859,0.136117324233055,0.66459447145462,-0.734589874744415
0.554495871067047,0.0256149731576442,1.25224590301514,-0.0126536292955279,0.136079981923103,0.66435706615448,-0.734814286231995
0.554438591003418,0.0258515011519193,1.25218379497528,-0.0128938285633921,0.135615602135658,0.664110720157623,-0.735118389129639
0.554384410381317,0.0260192491114139,1.25222206115723,-0.0130146779119968,0.135522469878197,0.663917183876038,-0.735308349132538
0.55435436964035,0.0261978823691606,1.2522040605545,-0.0131619172170758,0.135223463177681,0.663720488548279,-0.735538363456726
0.554399967193604,0.0263493955135345,1.25223827362061,-0.0131559390574693,0.135052546858788,0.663412094116211,-0.735847890377045
0.554405927658081,0.0264939274638891,1.25222909450531,-0.0133159980177879,0.134844601154327,0.663304269313812,-0.73598051071167
0.554420471191406,0.0265221465378999,1.25220942497253,-0.0139027247205376,0.134287983179092,0.663237452507019,-0.736131429672241
0.554401099681854,0.0266399923712015,1.2521870136261,-0.014088936150074,0.13396605849266,0.663131952285767,-0.736281633377075
0.554387032985687,0.0267546828836202,1.25211417675018,-0.0143986707553267,0.133636459708214,0.663287580013275,-0.736195385456085
0.554441452026367,0.026849877089262,1.25210011005402,-0.0146434353664517,0.133297264575958,0.663319170475006,-0.736223518848419
0.554817497730255,0.026402860879898,1.25203680992126,-0.0144071131944656,0.132790043950081,0.662963271141052,-0.736640334129333
0.55484664440155,0.0264860652387142,1.25199735164642,-0.0146214393898844,0.132345229387283,0.662996768951416,-0.736685931682587
0.554953336715698,0.0265976842492818,1.25199496746063,-0.0149328932166099,0.131906196475029,0.663158237934113,-0.736613154411316
0.555095732212067,0.026710145175457,1.25191509723663,-0.0151687255129218,0.131284326314926,0.663248896598816,-0.736637711524963
0.554820001125336,0.0272490493953228,1.25196862220764,-0.0157908257097005,0.131133437156677,0.663721740245819,-0.736225664615631
0.554931282997131,0.0272602811455726,1.25196802616119,-0.016036057844758,0.130723014473915,0.663781523704529,-0.736239373683929
0.555015027523041,0.0272401869297027,1.25192737579346,-0.0162105001509189,0.130183652043343,0.663881301879883,-0.736241281032562
0.555131793022156,0.0272481814026832,1.25191402435303,-0.016475835815072,0.129756182432175,0.664004564285278,-0.736199676990509
0.555295705795288,0.0272098071873188,1.25187015533447,-0.0167980790138244,0.129205077886581,0.664285480976105,-0.736035943031311
0.555452883243561,0.0270754024386405,1.2518926858902,-0.0170354079455137,0.128828510642052,0.664569854736328,-0.73583972454071
0.555586576461792,0.0269902050495147,1.25186860561371,-0.0172280389815568,0.128298744559288,0.664781928062439,-0.73573625087738
0.555716812610626,0.0268774311989545,1.25190126895905,-0.0171875208616256,0.127927139401436,0.665081381797791,-0.735531270503998
0.555873990058899,0.0267560314387083,1.25187623500824,-0.0173717085272073,0.127321094274521,0.665463507175446,-0.735286235809326
0.55605149269104,0.026616308838129,1.25185060501099,-0.0174097623676061,0.126733139157295,0.665818691253662,-0.735065460205078
0.556248426437378,0.0264337658882141,1.25185322761536,-0.0175427887588739,0.126246973872185,0.666332006454468,-0.734680593013763
0.55646026134491,0.0263136029243469,1.25184214115143,-0.0177087541669607,0.125589922070503,0.666866540908813,-0.734304249286652
0.555983662605286,0.0269183479249477,1.25127506256104,-0.0177686028182506,0.122858375310898,0.666917145252228,-0.73471873998642
0.556987941265106,0.0260090306401252,1.25178575515747,-0.0178831610828638,0.12415137887001,0.667832434177399,-0.733666479587555
0.557237863540649,0.0257440507411956,1.25179827213287,-0.0180250257253646,0.123644016683102,0.668348133563995,-0.733278930187225
0.557416498661041,0.0255955681204795,1.25181078910828,-0.0180987771600484,0.122937433421612,0.668901026248932,-0.73289167881012
0.557660818099976,0.025417648255825,1.25177097320557,-0.0181449837982654,0.122132614254951,0.669434368610382,-0.732538104057312
0.557891607284546,0.0251872465014457,1.2516793012619,-0.0181667543947696,0.121192507445812,0.66996693611145,-0.732206702232361
0.558107376098633,0.0249232724308967,1.25171387195587,-0.0181878209114074,0.120469473302364,0.670672357082367,-0.731679558753967
0.558107376098633,0.0249232724308967,1.25171387195587,-0.0181878209114074,0.120469473302364,0.670672357082367,-0.731679558753967
0.55865889787674,0.0246129874140024,1.25159060955048,-0.0176485516130924,0.11896051466465,0.672049343585968,-0.730675518512726
0.558842658996582,0.0240701027214527,1.25156593322754,-0.0186959579586982,0.117186367511749,0.672683775424957,-0.730352222919464
0.559135675430298,0.0237720217555761,1.25149476528168,-0.0186397545039653,0.116182245314121,0.673406064510345,-0.729848325252533
0.55908614397049,0.0241055507212877,1.25120675563812,-0.0183328911662101,0.114886678755283,0.673748075962067,-0.729745447635651
0.559281647205353,0.0239112935960292,1.25115311145782,-0.018132759258151,0.113233081996441,0.674299716949463,-0.729499518871307
0.559898495674133,0.0230886489152908,1.25137567520142,-0.0181993432343006,0.113244697451591,0.675535202026367,-0.728352069854736
0.560131192207336,0.0229300744831562,1.25136291980743,-0.0177596341818571,0.113091126084328,0.676308572292328,-0.727668642997742
0.560431659221649,0.0226043928414583,1.25127518177032,-0.0183617528527975,0.11103916913271,0.676933407783508,-0.727388739585876
0.560718715190887,0.022186703979969,1.25125813484192,-0.0189408492296934,0.109669402241707,0.677627742290497,-0.726934969425201
0.560835123062134,0.0218593198806047,1.25122880935669,-0.01875926181674,0.10829171538353,0.678356289863586,-0.726466655731201
0.56129789352417,0.0216096937656402,1.25113344192505,-0.0187538433820009,0.107155501842499,0.679064512252808,-0.725973546504974
0.561241328716278,0.020718028768897,1.25102043151855,-0.0179569944739341,0.106045171618462,0.679836809635162,-0.725433647632599
0.56158459186554,0.020862566307187,1.25102388858795,-0.0184565372765064,0.104657925665379,0.680102109909058,-0.725373864173889
0.56200110912323,0.0205322168767452,1.25105476379395,-0.0185821000486612,0.103828325867653,0.680767714977264,-0.724865317344666
0.562193632125854,0.020212210714817,1.25090348720551,-0.0188095103949308,0.102557078003883,0.681589066982269,-0.72426837682724
0.561789870262146,0.0196478012949228,1.25052106380463,-0.0162606611847877,0.101513281464577,0.680791914463043,-0.72522634267807
0.562033653259277,0.0192043222486972,1.25049805641174,-0.0162635706365108,0.100359998643398,0.681522846221924,-0.724699914455414
0.563091039657593,0.0191239211708307,1.25085866451263,-0.0184692367911338,0.0994546115398407,0.683642685413361,-0.722772598266602
0.563446879386902,0.0185622591525316,1.2508157491684,-0.0190864987671375,0.0979323834180831,0.684412121772766,-0.722236216068268
0.56383216381073,0.0182826835662126,1.25082468986511,-0.0188533086329698,0.0975577607750892,0.68550580739975,-0.72125506401062
0.564120650291443,0.0179666019976139,1.25076711177826,-0.018893364816904,0.0961461067199707,0.686389267444611,-0.720603108406067
0.56451016664505,0.0176261719316244,1.25078749656677,-0.0187014117836952,0.0952045321464538,0.687452673912048,-0.719718873500824
0.564767837524414,0.017064694315195,1.25076711177826,-0.0190251991152763,0.0937309637665748,0.688298523426056,-0.719095051288605
0.564932882785797,0.0164905283600091,1.25101661682129,-0.0203630570322275,0.0931145399808883,0.687962889671326,-0.719459593296051
0.565206050872803,0.0160103514790534,1.25101900100708,-0.0200151335448026,0.0922305360436439,0.688892781734467,-0.71869295835495
0.565379559993744,0.0151552688330411,1.25097680091858,-0.0199914239346981,0.0905636101961135,0.690524935722351,-0.717338085174561
0.565964162349701,0.0151357557624578,1.25103056430817,-0.0205122027546167,0.0892407372593879,0.691234648227692,-0.716805458068848
0.566556811332703,0.0148584013804793,1.25072491168976,-0.0195911396294832,0.0874376893043518,0.693646371364594,-0.714720606803894
0.566708981990814,0.0142251998186111,1.25098478794098,-0.0208224654197692,0.0865964367985725,0.693260312080383,-0.715162813663483
0.566844165325165,0.0144365057349205,1.25074791908264,-0.0210870020091533,0.0839512720704078,0.693877756595612,-0.71487158536911
0.567384243011475,0.0128986798226833,1.25092685222626,-0.0213518589735031,0.0831724405288696,0.695934474468231,-0.71295291185379
0.567984163761139,0.0129171591252088,1.25096583366394,-0.0221134461462497,0.0819379165768623,0.696964502334595,-0.712065815925598
0.568396925926208,0.0124165806919336,1.25096678733826,-0.0222579203546047,0.0806204006075859,0.698128879070282,-0.711070358753204
0.568728506565094,0.0119825527071952,1.25100088119507,-0.0226445645093917,0.0797883570194244,0.699453115463257,-0.70984947681427
0.569229006767273,0.0115241445600986,1.25090956687927,-0.0226308964192867,0.0776268392801284,0.700596868991852,-0.708961188793182
0.569766044616699,0.0110798692330718,1.25094413757324,-0.0223629549145698,0.0768963024020195,0.701787054538727,-0.707871437072754
0.57015585899353,0.0106997676193714,1.25083196163177,-0.0226873289793729,0.0753514319658279,0.703091144561768,-0.706732273101807
0.570041000843048,0.0103011615574359,1.25050640106201,-0.0228671468794345,0.0720359310507774,0.704385459423065,-0.705782532691956
0.571016430854797,0.0096066500991582,1.25085520744324,-0.0233730636537075,0.0720212310552597,0.705510318279266,-0.70464301109314
0.571474492549896,0.0087661379948258,1.25077092647552,-0.0230269376188516,0.071035511791706,0.707009851932526,-0.703250229358673
0.572085440158844,0.0086882393807172,1.25085401535034,-0.0241238344460725,0.069037914276123,0.707713544368744,-0.70270448923111
0.572074413299561,0.0084451520815491,1.25049316883087,-0.0241607893258333,0.0662994459271431,0.709141254425049,-0.701526403427124
0.572671234607697,0.0083809737116098,1.25051665306091,-0.0248776823282241,0.0647066831588745,0.709939956665039,-0.700841963291168
0.573141157627106,0.0079574538394808,1.25050926208496,-0.0252041313797235,0.0631718710064888,0.710951626300812,-0.699944376945496
0.573198974132538,0.0077546974644064,1.25023436546326,-0.0254508890211582,0.0604177787899971,0.712238073348999,-0.698869705200195
0.574245393276215,0.0070746266283094,1.25104570388794,-0.0263348966836929,0.0597756691277027,0.713304817676544,-0.697803556919098
0.573731124401093,0.0072873923927545,1.25049221515656,-0.0259699001908302,0.0558542646467685,0.714178204536438,-0.69724839925766
0.573302924633026,0.0042318757623434,1.25106465816498,-0.0222363583743572,0.0565392300486564,0.715290606021881,-0.696181237697601
0.57392430305481,0.0037899315357208,1.25108051300049,-0.0225402358919382,0.0550565496087074,0.716107547283173,-0.695450007915497
0.574506282806396,0.0033833924680948,1.25112807750702,-0.0232021659612655,0.0534338690340518,0.717293202877045,-0.6943319439888
0.575128674507141,0.0035295800771564,1.25116968154907,-0.0238212682306766,0.0533975139260292,0.717906057834625,-0.693680167198181
0.57581639289856,0.0025446699000895,1.25099635124207,-0.0240133088082075,0.0529619306325912,0.719181597232819,-0.692384600639343
0.576474368572235,0.0021742843091487,1.25093936920166,-0.0245734602212905,0.0513889268040657,0.719783842563629,-0.69185733795166
0.577259540557861,0.0020703931804746,1.25099003314972,-0.0250589754432439,0.0501932725310325,0.720240890979767,-0.691452026367188
0.57784515619278,0.0012118163285776,1.25090944766998,-0.0253594256937503,0.0491542816162109,0.721609652042389,-0.690087258815765
0.578653752803802,0.001259485958144,1.25080704689026,-0.0248764511197805,0.0482438690960407,0.722699880599976,-0.689027309417725
0.57927680015564,0.0003928298829123,1.25078082084656,-0.0251621827483177,0.0472183972597122,0.724010467529297,-0.687711000442505
0.58005678653717,0.0003434738609939,1.25081419944763,-0.025875799357891,0.0459055937826633,0.724229335784912,-0.687542855739594
0.580600738525391,-0.0002638249425217,1.25082421302795,-0.0262990277260541,0.0441021732985973,0.724495530128479,-0.687364220619202
0.580600738525391,-0.0002638249425217,1.25082421302795,-0.0262990277260541,0.0441021732985973,0.724495530128479,-0.687364220619202
0.582031428813934,-0.0011745480587705,1.2507621049881,-0.0266871992498636,0.0424882471561431,0.72581285238266,-0.686060070991516
0.583470284938812,-0.000942769285757,1.25059509277344,-0.0286696702241897,0.0413269437849521,0.727066457271576,-0.684722125530243
0.583708882331848,-0.0012630526907742,1.25027632713318,-0.0286734588444232,0.0391169004142284,0.727881193161011,-0.683985948562622
0.584460616111755,-0.0028327493928372,1.2505898475647,-0.0281367599964141,0.0393167622387409,0.728699505329132,-0.683124899864197
0.585293114185333,-0.003440169384703,1.25055682659149,-0.0281470064073801,0.0384831055998802,0.729226291179657,-0.682609677314758
0.585527658462524,-0.0033311261795461,1.25017309188843,-0.0285040065646171,0.0361780971288681,0.729679346084595,-0.682236611843109
0.5862917304039,-0.0036339089274406,1.25029027462006,-0.02825628221035,0.0350649394094944,0.729677855968475,-0.68230664730072
0.587459206581116,-0.0050323121249675,1.25021982192993,-0.0284820813685655,0.035912349820137,0.731360077857971,-0.680449604988098
0.58822774887085,-0.0052584088407456,1.25028228759766,-0.0285454504191875,0.0351574905216693,0.731471300125122,-0.680366694927216
0.588912963867188,-0.0060858074575662,1.25016176700592,-0.0281009189784526,0.0347097478806972,0.732697248458862,-0.679087936878204
0.589497864246368,-0.0067692366428673,1.25018179416656,-0.0274517461657524,0.033876396715641,0.733373582363129,-0.678425967693329
0.590361654758453,-0.0068615637719631,1.25000381469727,-0.0278640668839216,0.0324497111141681,0.7337646484375,-0.678056120872498
0.590874671936035,-0.007402510382235,1.24993407726288,-0.0269907023757696,0.0319332405924797,0.734165847301483,-0.677681744098663
0.591767907142639,-0.0081101339310407,1.24978494644165,-0.0263649821281433,0.0307405851781368,0.734864413738251,-0.677004039287567
0.592525780200958,-0.0086949178948998,1.24963939189911,-0.0258223488926887,0.0303305555135011,0.735252678394318,-0.676621556282043
0.593360960483551,-0.0096347834914922,1.24936962127686,-0.0258114598691463,0.0303774233907461,0.736721992492676,-0.675019860267639
0.593678414821625,-0.0095460815355181,1.24894964694977,-0.0255655813962221,0.0285811088979244,0.736944019794464,-0.674865305423737
0.594511866569519,-0.0100264893844723,1.2486891746521,-0.0251599811017513,0.0282306428998708,0.737470090389252,-0.6743203997612
0.595775067806244,-0.0109199453145265,1.24900138378143,-0.0241979900747537,0.0293705705553293,0.737397789955139,-0.674385905265808
0.596465587615967,-0.0118962693959474,1.24884355068207,-0.0232898276299238,0.0293283574283123,0.738308131694794,-0.673423111438751
0.597293138504028,-0.0120867062360048,1.2487428188324,-0.0228418726474046,0.02909617125988,0.738450348377228,-0.673292517662048
0.597882628440857,-0.0128432055935263,1.24857044219971,-0.0219505652785301,0.028445865958929,0.739354848861694,-0.672356605529785
0.59893786907196,-0.0130558870732784,1.24852883815765,-0.0214241649955511,0.028770538046956,0.738935470581055,-0.672820746898651
0.599437057971954,-0.0134907588362693,1.24844813346863,-0.0202994495630264,0.0281617511063814,0.739415466785431,-0.672353863716125
0.600286424160004,-0.0140202455222606,1.24852550029755,-0.0192323066294193,0.0281763989478349,0.739706695079803,-0.672064125537872
0.60098922252655,-0.0145445391535758,1.24854981899261,-0.0181056912988424,0.0282197631895542,0.739942252635956,-0.671834349632263
0.600800693035126,-0.0144600281491875,1.24804139137268,-0.0165807623416185,0.025613410398364,0.740246534347534,-0.671642899513245
0.602134585380554,-0.0146784307435154,1.2482613325119,-0.0164957866072654,0.0264725182205438,0.740129888057709,-0.671740174293518
0.602404713630676,-0.014939684420824,1.24805319309235,-0.0154174724593758,0.0252345371991395,0.740539133548737,-0.671362340450287
0.603190302848816,-0.0152900461107492,1.24801278114319,-0.0144156385213136,0.0251486469060182,0.740816712379456,-0.671081483364105
0.60465407371521,-0.0158962607383728,1.24823319911957,-0.0143589656800031,0.0265264771878719,0.741188108921051,-0.670619428157806
0.605249881744385,-0.0165038835257291,1.24817502498627,-0.0132263805717229,0.0263229478150606,0.742134392261505,-0.669603526592255
0.606422662734985,-0.0174552258104085,1.24835360050201,-0.0124330893158912,0.0278292000293731,0.743010580539703,-0.668585300445557
0.607174217700958,-0.0177338793873786,1.24836611747742,-0.0117342863231897,0.0275191236287355,0.743408620357513,-0.668168187141418
0.607831835746765,-0.0180527921766042,1.24833786487579,-0.0108441449701786,0.0276654288172721,0.743644058704376,-0.667915105819702
0.608514308929443,-0.0185159593820571,1.24840605258942,-0.0096976282075047,0.0276283640414476,0.744028210639954,-0.667506277561188
0.60908979177475,-0.0188171844929456,1.24845778942108,-0.0082844328135252,0.0269534885883331,0.744467258453369,-0.667063355445862
0.609799325466156,-0.019112167879939,1.24840843677521,-0.0073929191567003,0.0273989662528038,0.74477481842041,-0.66671222448349
0.610457956790924,-0.0194401498883962,1.24840652942657,-0.0067535783164203,0.0273518823087215,0.745227873325348,-0.66621458530426
0.611099302768707,-0.0196576695889234,1.24839806556702,-0.00599044887349,0.0271294917911291,0.745613753795624,-0.665799081325531
0.611269891262054,-0.0189105551689863,1.24802136421204,-0.0058717220090329,0.025061072781682,0.745407998561859,-0.666111469268799
0.612300395965576,-0.0202839542180299,1.24822425842285,-0.0049012503586709,0.0261589456349611,0.746742784976959,-0.664580345153809
0.612300395965576,-0.0202839542180299,1.24822425842285,-0.0049012503586709,0.0261589456349611,0.746742784976959,-0.664580345153809
0.612815916538239,-0.0201735347509384,1.24791884422302,-0.0049770190380513,0.0249656420201063,0.747248709201813,-0.664056897163391
0.61322695016861,-0.0201459061354398,1.24756443500519,-0.003353476524353,0.023248828947544,0.748161315917969,-0.663101017475128
0.61464387178421,-0.0211151335388422,1.24815225601196,-0.0041338284499943,0.0263423677533864,0.747847974300385,-0.663334310054779
0.615076899528503,-0.0217641107738018,1.24807369709015,-0.0034725072328001,0.0259549170732498,0.748898983001709,-0.662166595458984
0.615754723548889,-0.0216164551675319,1.24809515476227,-0.0033389893360435,0.0252671185880899,0.74859231710434,-0.662540674209595
0.616324603557587,-0.0219470970332622,1.24809110164642,-0.0031211450695991,0.0245443899184465,0.749002933502197,-0.662104725837708
0.616760671138763,-0.0224536247551441,1.24799132347107,-0.0023237876594066,0.0246273409575223,0.749094426631927,-0.662001192569733
0.617802083492279,-0.0224418081343173,1.24800956249237,-0.0014660131419077,0.0234262384474277,0.749550700187683,-0.661530792713165
0.618265688419342,-0.0227570571005344,1.24797654151917,-0.0012300047092139,0.022530548274517,0.749859869480133,-0.661211729049683
0.618558287620544,-0.0234153401106596,1.24801003932953,-0.001860242919065,0.023046962916851,0.750409066677094,-0.660569250583649
0.619165539741516,-0.0237185694277286,1.24800527095795,-0.0015531164826825,0.0231612734496593,0.750398695468903,-0.660577774047852
0.619683504104614,-0.0239203125238418,1.24791252613068,-0.0016918699257075,0.0225375667214393,0.750708699226379,-0.660246789455414
0.620079219341278,-0.0242290142923593,1.24792993068695,-0.0011371565051376,0.0215668398886919,0.75055992603302,-0.660449504852295
0.62067312002182,-0.0245284885168075,1.24793970584869,-0.0011535128578543,0.0211973246186971,0.750667929649353,-0.660338699817657
0.621107995510101,-0.024755984544754,1.24789392948151,-0.0008875876665115,0.0207650307565927,0.75070196390152,-0.660314202308655
0.621708512306213,-0.0251213088631629,1.24794626235962,-0.0005937759997323,0.0205123964697122,0.750466525554657,-0.660589933395386
0.622236013412476,-0.0253479294478893,1.24779367446899,-0.0009747727890498,0.0202756188809871,0.75071108341217,-0.660318851470947
0.622796297073364,-0.0252483487129211,1.24780082702637,-0.0010094236349686,0.0194514635950326,0.750098407268524,-0.661039292812347
0.623269975185394,-0.0258922409266233,1.24777448177338,-0.0009781041881069,0.0188481509685516,0.750668942928314,-0.660408973693848
0.623939990997314,-0.0256517641246318,1.24775350093842,-0.0009824021253734,0.0187624450773,0.749674618244171,-0.661539793014526
0.624244511127472,-0.0258563086390495,1.24771559238434,-0.0012246634578332,0.0174072720110416,0.749862134456635,-0.661363959312439
0.623779773712158,-0.0252220332622528,1.24718141555786,-0.000814692582935,0.0149679025635123,0.749338507652283,-0.662017643451691
0.625212609767914,-0.0267485901713371,1.24767196178436,-0.0009208304109051,0.017133479937911,0.749714136123657,-0.661539435386658
0.625790476799011,-0.0266361162066459,1.2478369474411,-0.000909014546778,0.0165931601077318,0.748712480068207,-0.66268652677536
0.625825703144073,-0.0261889118701219,1.24760639667511,-0.0008754629525355,0.0146123813465237,0.747859716415405,-0.663695394992828
0.626022279262543,-0.0265854485332965,1.2475004196167,-0.0007929312996566,0.0136486105620861,0.748190522193909,-0.663343131542206
0.627028703689575,-0.0275971498340368,1.2479784488678,-0.0004063867381773,0.0150322141125798,0.747913777828217,-0.663625538349152
0.627087712287903,-0.0270920991897583,1.24765169620514,-0.0008042770205065,0.0131843527778983,0.747262060642242,-0.664398193359375
0.627443790435791,-0.0272308997809886,1.24759352207184,-0.0008507473394274,0.0125764040276408,0.746820151805878,-0.664906620979309
0.627797603607178,-0.027443079277873,1.2477400302887,-0.000427037855843,0.011838954873383,0.74601811170578,-0.665820360183716
0.628673791885376,-0.0278967581689357,1.24805796146393,-0.0003854537790175,0.0125901764258742,0.745318949222565,-0.666589200496674
0.62896066904068,-0.027976457029581,1.24801135063171,-0.000533454644028,0.0119310226291418,0.744952917098999,-0.667010188102722
0.629350423812866,-0.0286391507834196,1.24802017211914,-0.0004127440333832,0.0116980709135532,0.745023131370544,-0.666935980319977
0.629720985889435,-0.0288228150457143,1.24803328514099,-0.0003377368557266,0.0113080479204654,0.744345963001251,-0.667698442935944
0.630088448524475,-0.0289681330323219,1.24801385402679,-0.0002630557573866,0.0108755407854914,0.743758320808411,-0.66836017370224
0.630577743053436,-0.0290945935994386,1.24805700778961,-0.000276371021755,0.0102457348257303,0.742821931838989,-0.669410705566406
0.630959153175354,-0.0292255152016878,1.24807035923004,-0.0003891156811732,0.0098910797387361,0.742233693599701,-0.670068085193634
0.630934357643127,-0.0282792970538139,1.24782741069794,-0.0007226492161862,0.0078522711992263,0.740727305412292,-0.67175954580307
0.631365478038788,-0.0284195039421319,1.24771332740784,-0.0011523667490109,0.0077149141579866,0.740303993225098,-0.672227203845978
0.632152199745178,-0.0292345602065324,1.24796295166016,-0.0010618092492222,0.0086007611826062,0.739960372447968,-0.672594606876373
0.63250994682312,-0.0294031612575054,1.24801564216614,-0.0009930657688528,0.0078559992834925,0.739277482032776,-0.673354506492615
0.632869839668274,-0.0294825956225395,1.24798309803009,-0.0009016565745696,0.0078488029539585,0.738675236701965,-0.67401522397995
0.632062315940857,-0.0286830738186836,1.24750924110413,-0.0004060805367771,0.0043465155176818,0.737617135047913,-0.675205171108246
0.6324063539505,-0.0291525162756443,1.24737119674683,-0.0007582844118587,0.0045442022383213,0.737991273403168,-0.674794673919678
0.632838726043701,-0.0294042844325304,1.24741768836975,-0.0005724258953705,0.0044490797445178,0.737152636051178,-0.675711512565613
0.634090006351471,-0.0304270070046186,1.24781358242035,-0.0009683283860795,0.0067092375829815,0.736738920211792,-0.676143527030945
0.634379923343658,-0.0305513069033622,1.2477753162384,-0.0009634523885324,0.006152010988444,0.735999047756195,-0.676953911781311
0.634730935096741,-0.0305752679705619,1.24770104885101,-0.0010735605610534,0.0059189675375819,0.735300004482269,-0.677715182304382
0.635004699230194,-0.0306441076099872,1.2476589679718,-0.0010322543093934,0.0054471767507493,0.734682679176331,-0.678388357162476
0.635235190391541,-0.0308173596858978,1.24774670600891,-0.0008359780185855,0.0050151301547884,0.733916103839874,-0.679221153259277
0.635480403900146,-0.0309629142284393,1.24775314331055,-0.0007744737667962,0.0047611608169972,0.73323667049408,-0.679956495761871
0.634759247303009,-0.0301621351391077,1.24722194671631,-0.0006902443710714,0.0017043866682797,0.732572674751282,-0.680686473846436
0.634977340698242,-0.0301087349653244,1.24708688259125,-0.0009497986175119,0.0013448483077809,0.732105731964111,-0.681189119815826
0.635199427604675,-0.0301863495260477,1.24706411361694,-0.0009364570141769,0.0009294134215451,0.731404066085815,-0.68194305896759
0.635491132736206,-0.0303771570324897,1.24703931808472,-0.0009008517372421,0.0006975452415645,0.730637073516846,-0.682765066623688
0.635682046413422,-0.0304590053856372,1.24699771404266,-0.0008009120356291,0.0003281709214206,0.730051219463348,-0.683391988277435
0.635819315910339,-0.0305392500013113,1.24703896045685,-0.0005284077487885,0.0001911191357066,0.729385614395142,-0.684102714061737
0.63603001832962,-0.0303074456751346,1.24706542491913,-0.0005504925502464,-0.0001674740924499,0.728238701820374,-0.685323476791382
0.636090755462646,-0.0306882206350564,1.24693369865417,-0.0006637091282755,-0.0004401132464408,0.728274285793304,-0.685285329818726
0.636265993118286,-0.0307860225439071,1.24692106246948,-0.0006513043772429,-0.0006823426811024,0.72769683599472,-0.68589836359024
0.63643604516983,-0.0308527424931526,1.24690365791321,-0.0006597457104362,-0.0010411378461867,0.727134227752686,-0.68649435043335
0.636635899543762,-0.0306109432131052,1.24689555168152,-0.0007308059721253,-0.0012924908660352,0.726042091846466,-0.687648773193359
0.636783301830292,-0.0306952558457851,1.24689936637878,-0.0008285209769383,-0.0014574019005522,0.725411415100098,-0.688313663005829
0.63695615530014,-0.0308992303907871,1.24687302112579,-0.0006408173940144,-0.0014812920708209,0.724828660488129,-0.688927352428436
0.637000024318695,-0.0313712581992149,1.24684798717499,-0.0005039967945776,-0.0020179527346044,0.724889516830444,-0.688861966133118
0.637183248996735,-0.0314802601933479,1.2467896938324,-0.0004373366828076,-0.0016776986885815,0.724329650402069,-0.689451634883881
0.638267576694489,-0.0325127094984054,1.24726378917694,-0.0007055496098473,0.0006284430855885,0.724052965641022,-0.689743876457214
0.638379633426666,-0.0325922407209873,1.24725985527039,-0.0007100012153387,0.000695884344168,0.723701477050781,-0.69011253118515
0.638542771339417,-0.0327324718236923,1.24728441238403,-0.0005139134591445,0.0007766517810523,0.723177969455719,-0.690661191940308
0.638609647750854,-0.0328015424311161,1.24728274345398,-0.0005825283005833,0.0001087434284272,0.722846329212189,-0.691008687019348
0.638734519481659,-0.0329157374799251,1.24726438522339,-0.0004999313387088,0.0006998062017373,0.72246253490448,-0.691409647464752
0.638818919658661,-0.0329698473215103,1.24726533889771,-0.0005317326867952,0.0005613088724203,0.722151458263397,-0.691734552383423
0.638891518115997,-0.033026810735464,1.24724555015564,-0.0006526379729621,0.0004716384864877,0.721863210201263,-0.692035257816315
0.638926267623901,-0.0330488793551921,1.24720895290375,-0.0007067768019624,0.0004584365233313,0.721611261367798,-0.692298114299774
0.639013171195984,-0.0331713855266571,1.24723029136658,-0.000805523362942,0.0004647834575735,0.721374750137329,-0.692544460296631
0.639259040355682,-0.0332415774464607,1.24720764160156,-0.0002311566640855,-0.0002931298804469,0.721215307712555,-0.692710936069489
0.639260590076447,-0.0332070179283618,1.24718904495239,-0.0001106536146835,-0.0001143299232353,0.721051514148712,-0.692881464958191
0.639141857624054,-0.0333672016859054,1.24723505973816,-0.0009614888112992,0.0003264771657995,0.720887303352356,-0.693051695823669
0.639144062995911,-0.0334359891712665,1.24717783927917,-0.0011306368978694,0.000225096970098,0.720852732658386,-0.69308739900589
0.639125168323517,-0.0335073135793209,1.2471752166748,-0.0011127045145258,0.0002089891204377,0.720751941204071,-0.69319224357605
0.63914954662323,-0.0335386134684085,1.24716973304749,-0.0011839105281978,0.0001441080530639,0.720703482627869,-0.693242430686951
0.639191329479218,-0.0335533395409584,1.24714767932892,-0.0012790866894647,-1.16164055725676e-05,0.72059029340744,-0.693359911441803
0.639195740222931,-0.0335710942745208,1.24714815616608,-0.0013427491066977,-9.32461480260827e-05,0.720584452152252,-0.69336599111557
0.639187514781952,-0.0336061492562294,1.24716448783875,-0.0013830262469127,-0.0001787752553354,0.720605432987213,-0.693344175815582
0.639188289642334,-0.0336039438843727,1.24715769290924,-0.0014634266262874,-0.0002955487289,0.720609188079834,-0.693339943885803
0.6391960978508,-0.0336207151412963,1.24712514877319,-0.0014411292504519,-0.0004872496647294,0.720530927181244,-0.693421185016632
0.639199614524841,-0.0336278676986694,1.24713015556335,-0.0015273330500349,-0.0005731956334784,0.720599889755249,-0.693349361419678
0.639197945594788,-0.0336144305765628,1.24710702896118,-0.0015189251862466,-0.0006702784448862,0.720572590827942,-0.693377554416656
0.639179646968842,-0.0336092635989189,1.24711215496063,-0.0015450136270374,-0.0006285106646828,0.720666170120239,-0.693280339241028
0.639175057411194,-0.0336209274828434,1.24709010124207,-0.0015270835720002,-0.0007219072431325,0.720680952072144,-0.693264842033386
0.63918274641037,-0.0336219519376754,1.24707520008087,-0.0015349927125498,-0.0007940763025544,0.720720827579498,-0.693223297595978
0.639191925525665,-0.0336237400770187,1.24705636501312,-0.0015238425694406,-0.0008515142835676,0.720746099948883,-0.693196952342987
0.639201462268829,-0.0336301550269126,1.24702882766724,-0.0015123562188819,-0.000923681189306,0.720758438110352,-0.693184316158295
0.639208316802979,-0.0336379818618297,1.24700975418091,-0.0014794757589697,-0.0009471867233514,0.720749258995056,-0.693193852901459
0.639204382896423,-0.0336302854120731,1.24697935581207,-0.0014467007713392,-0.0010268562473356,0.720731437206268,-0.693212151527405
0.639222860336304,-0.0336393937468528,1.24695253372192,-0.0013795277336612,-0.0010441108606755,0.720705449581146,-0.693239271640778
0.639224290847778,-0.03363798558712,1.2469242811203,-0.0013216079678386,-0.0010005484800785,0.720655500888824,-0.693291485309601
0.639223158359528,-0.0336378216743469,1.24689519405365,-0.0012267160927876,-0.0010014936560764,0.720625102519989,-0.693323135375977
0.638191342353821,-0.0327296778559684,1.24638521671295,-0.0008752720314078,-0.0037236977368593,0.720322489738464,-0.69362884759903
0.638421058654785,-0.0327340103685855,1.24632632732391,-3.04304103337927e-05,-0.0044437940232455,0.720269441604614,-0.693680286407471
0.636555075645447,-0.0304674785584211,1.24656546115875,0.0015040097059682,0.0095849307253956,0.720441162586212,-0.693448185920715
0.636396765708923,-0.0301587972790002,1.24655485153198,0.0022138473577797,0.0114159556105732,0.720551371574402,-0.693304121494293
0.636294186115265,-0.0296670626848936,1.24656021595001,0.0020479965023696,0.0121107576414942,0.719856262207031,-0.694014549255371
0.636302888393402,-0.0296221747994422,1.2465353012085,0.0021955224219709,0.012172807008028,0.719743430614471,-0.694130063056946
0.636322200298309,-0.0295850429683923,1.24652004241943,0.0023565767332911,0.0121682249009609,0.719601392745972,-0.694276809692383
0.637294352054596,-0.0307803936302661,1.24697649478912,0.0023912922479212,0.014839144423604,0.720152676105499,-0.693652749061584
0.637294352054596,-0.0307803936302661,1.24697649478912,0.0023912922479212,0.014839144423604,0.720152676105499,-0.693652749061584
0.6373131275177,-0.0305743478238582,1.24694609642029,0.0026127528399229,0.0147409634664654,0.719661951065063,-0.694163262844086
0.637167930603027,-0.030243694782257,1.2469402551651,0.0031672411132603,0.0141057139262557,0.718909502029419,-0.694953382015228
0.636301338672638,-0.0292846243828535,1.24650323390961,0.0037793111987411,0.0123919388279318,0.718078196048737,-0.69584184885025
0.636256515979767,-0.0291041880846023,1.24646985530853,0.0037959909532219,0.0122045278549194,0.717833042144775,-0.69609797000885
0.636377513408661,-0.0287777706980705,1.24654698371887,0.0037860721349716,0.01231574639678,0.717351078987122,-0.69659286737442
0.636384904384613,-0.0286079309880733,1.24658262729645,0.0039763459935784,0.0122242635115981,0.71687376499176,-0.697084486484528
0.638978242874146,-0.0295921303331851,1.24630582332611,0.0108493864536285,0.0003575557202566,0.71616917848587,-0.697842299938202
0.639054536819458,-0.0295508746057748,1.24651312828064,0.0114132892340421,0.0005385155091062,0.715388238430023,-0.698634028434753
0.636510968208313,-0.0283146724104881,1.24677991867065,0.0044094710610806,0.0125089492648839,0.715681672096252,-0.698300838470459
0.639132797718048,-0.0289559047669172,1.24651169776917,0.0111859207972884,0.0005033237976022,0.71428769826889,-0.699762761592865
0.640148997306824,-0.0296029988676309,1.24709498882294,0.0113485278561711,0.003183745779097,0.713561356067657,-0.700493514537811
0.636541903018951,-0.0272236578166484,1.24694466590881,0.0048345508985221,0.0122941639274358,0.712837219238281,-0.701205193996429
0.636547088623047,-0.0274076629430055,1.24699127674103,0.0050782840698957,0.0125770214945077,0.712602198123932,-0.70143723487854
0.639186859130859,-0.0279770474880933,1.24672198295593,0.0118520325049757,0.00016854731075,0.711048901081085,-0.70304274559021
0.639229118824005,-0.0281757544726133,1.24679899215698,0.012398743070662,0.0004404307110235,0.710569202899933,-0.703517913818359
0.636642336845398,-0.0267987251281738,1.24728083610535,0.0060497736558318,0.0127547560259699,0.709758341312408,-0.704303920269012
0.636663913726807,-0.0261530596762895,1.24734234809875,0.006119810976088,0.0125688798725605,0.708233237266541,-0.705840170383453
0.636531949043274,-0.0259117186069488,1.24733543395996,0.0065614599734544,0.0125350272282958,0.707287967205048,-0.706784069538116
0.637621283531189,-0.0270266775041818,1.24776196479797,0.0068312510848045,0.013940910808742,0.706991612911224,-0.707051575183868
0.637705862522125,-0.0263326056301593,1.24787414073944,0.0073906951583921,0.0143644828349351,0.705375194549561,-0.708650171756744
0.637680172920227,-0.02619144693017,1.24784088134766,0.0076798377558588,0.0138979433104395,0.704319655895233,-0.709705412387848
0.637373447418213,-0.0256713703274726,1.24775505065918,0.0078746434301137,0.0147741781547665,0.703479409217834,-0.710518479347229
0.637289643287659,-0.025450874119997,1.24772322177887,0.0083047952502965,0.0146814361214637,0.702423989772797,-0.711558997631073
0.637200653553009,-0.0252229142934083,1.24765479564667,0.0089669749140739,0.0148701490834355,0.701151609420776,-0.712800741195679
0.636085987091064,-0.0240814145654439,1.2471467256546,0.0096066612750291,0.0120356902480125,0.699614405632019,-0.714354693889618
0.636131763458252,-0.0232937671244144,1.24691641330719,0.0090573988854885,0.0115813175216317,0.698712050914764,-0.715251982212067
0.63713127374649,-0.0238079316914081,1.24724555015564,0.0089591834694147,0.0143283288925886,0.698009788990021,-0.715888917446136
0.636111319065094,-0.022848917171359,1.24672567844391,0.0097453249618411,0.0106532974168658,0.696267604827881,-0.717637181282043
0.635998547077179,-0.0224786456674337,1.24668216705322,0.0103766340762376,0.0110119935125112,0.69515460729599,-0.718701124191284
0.636826038360596,-0.0230070799589157,1.24720621109009,0.0104810036718845,0.0142668690532445,0.693937480449677,-0.719817638397217
0.635610163211823,-0.0219613295048475,1.24667525291443,0.0112967491149902,0.0097289560362696,0.692184090614319,-0.721567094326019
0.635450184345245,-0.021576864644885,1.24669575691223,0.0118728429079055,0.0100860111415386,0.690759181976318,-0.722917199134827
0.635673642158508,-0.021064706146717,1.24658513069153,0.0114784529432654,0.0120186731219291,0.689980328083038,-0.723637342453003
0.635504722595215,-0.0206887926906347,1.24648523330688,0.0116498572751879,0.0118093490600585,0.688627362251282,-0.724925696849823
0.635267913341522,-0.0207972321659326,1.24643492698669,0.0121653992682695,0.01200976036489,0.687511146068573,-0.725972771644592
0.635102450847626,-0.0204487293958663,1.24640095233917,0.0124476803466677,0.0116988401859998,0.685918748378754,-0.727477550506592
0.634684205055237,-0.0215667393058538,1.24712347984314,0.0151056097820401,0.0133780287578701,0.683412253856659,-0.729753851890564
0.63459700345993,-0.0214902963489294,1.24718832969666,0.0156913418322801,0.012215937487781,0.681682765483856,-0.73137766122818
0.634184241294861,-0.021049715578556,1.24715828895569,0.0162305980920791,0.0121956039220094,0.680182039737701,-0.732762098312378
0.633762538433075,-0.0205945260822772,1.24718844890594,0.0162885002791881,0.0126865617930889,0.678531765937805,-0.734281003475189
0.633562326431274,-0.0204645581543445,1.24718773365021,0.0166502110660076,0.0112495552748441,0.676841855049133,-0.735854208469391
0.644400417804718,-0.0163182560354471,1.24368739128113,-0.0084868790581822,0.0282771475613117,0.67814439535141,-0.734335482120514
0.635053515434265,-0.0182160660624504,1.24691879749298,0.0132311834022402,0.0123234055936336,0.674355924129486,-0.738185107707977
0.634630858898163,-0.0176396891474723,1.24691534042358,0.0130110867321491,0.0127633502706885,0.67253702878952,-0.739839017391205
0.634431421756744,-0.0172556489706039,1.24695801734924,0.0129894912242889,0.0125977536663413,0.670869410037994,-0.741354703903198
0.634192109107971,-0.0168950017541646,1.24697840213776,0.0129695795476436,0.0124699166044592,0.669271469116211,-0.742800295352936
0.63291609287262,-0.0158539749681949,1.24646878242493,0.0135554214939475,0.0082433857023715,0.66693377494812,-0.744948089122772
0.632643580436707,-0.0155008826404809,1.24647116661072,0.0137366503477096,0.0080419750884175,0.665260016918182,-0.746442079544067
0.632402420043945,-0.0149740912020206,1.24648892879486,0.0135969603434205,0.0078170429915189,0.663434505462646,-0.748070001602173
0.631847739219666,-0.0144580043852329,1.24647510051727,0.0138167655095458,0.008630690164864,0.661664307117462,-0.74962317943573
0.631438076496124,-0.0140216425061225,1.24648725986481,0.0139662353321909,0.0082767698913812,0.659542560577393,-0.751491963863373
0.638591170310974,-0.0120504405349493,1.24309372901917,-0.0038073104806244,0.0228293370455503,0.657736897468567,-0.752892136573792
0.638286054134369,-0.0115876672789454,1.24316430091858,-0.003884051926434,0.0224582776427268,0.655862033367157,-0.754536688327789
0.630317330360413,-0.0135551253333687,1.24627482891083,0.0167788006365299,0.0086177131161093,0.653059542179108,-0.757071793079376
0.630360126495361,-0.0135261332616209,1.24679124355316,0.0160130895674228,0.009475938975811,0.65092545747757,-0.758913636207581
0.630360126495361,-0.0135261332616209,1.24679124355316,0.0160130895674228,0.009475938975811,0.65092545747757,-0.758913636207581
0.628539085388184,-0.0118779232725501,1.24642825126648,0.0162891913205385,0.0060837129130959,0.646654963493347,-0.762584447860718
0.627897560596466,-0.0117175886407494,1.24668228626251,0.0152482129633426,0.0061026909388601,0.644371092319489,-0.764536619186401
0.628816306591034,-0.0121898874640464,1.24710118770599,0.0149024352431297,0.0070545654743909,0.642989814281464,-0.765697240829468
0.627674281597137,-0.0110964449122548,1.24692988395691,0.0154511854052543,0.0038044315297156,0.639870166778564,-0.768318355083466
0.627786099910736,-0.0112404786050319,1.24720144271851,0.0154639417305588,0.0047093895263969,0.638682842254639,-0.769300282001495
0.627800285816193,-0.0106823248788714,1.24737238883972,0.0143870990723371,0.0040611624717712,0.637962818145752,-0.769922018051147
0.627512574195862,-0.0101316133514046,1.24736928939819,0.0138949519023299,0.0055732959881424,0.636757493019104,-0.770918726921082
0.627105057239532,-0.0096871769055724,1.2474000453949,0.0137621611356735,0.0049586282111704,0.634965181350708,-0.772402405738831
0.627105057239532,-0.0096871769055724,1.2474000453949,0.0137621611356735,0.0049586282111704,0.634965181350708,-0.772402405738831
0.625564396381378,-0.0083242505788803,1.24695265293121,0.0141667295247316,0.002987366169691,0.630767047405243,-0.775837242603302
0.633230805397034,-0.006507902406156,1.24420881271362,-0.0043831188231706,0.0180441811680793,0.630655467510223,-0.775840818881989
0.625390529632568,-0.007893307134509,1.24714577198029,0.0146872280165553,0.0029831351712346,0.628782749176025,-0.77743661403656
0.633233487606049,-0.0053017335012555,1.2443950176239,-0.0065951780416071,0.0168811958283185,0.629426002502441,-0.776849031448364
0.624680280685425,-0.0071240523830056,1.24721431732178,0.0141846118494868,0.0022163037210702,0.626414179801941,-0.779358267784119
0.630811393260956,-0.0034087607637047,1.24374938011169,-0.0054098130203783,0.0126396715641021,0.626380503177643,-0.779396235942841
0.624262690544128,-0.0062136845663189,1.24734044075012,0.0124433124437928,0.0012431654613465,0.625065863132477,-0.780471861362457
0.631183266639709,-0.0034910943359136,1.24435925483704,-0.0060433847829699,0.0136215649545192,0.624447166919708,-0.780924916267395
0.623249411582947,-0.0056220572441816,1.24735367298126,0.0127772400155663,-0.0001598120434209,0.622677385807037,-0.782374382019043
0.622941911220551,-0.0053519364446401,1.24738705158234,0.0123334741219878,-0.0003363036666996,0.621987819671631,-0.782929718494415
0.622869729995728,-0.0052766650915145,1.24730718135834,0.0119810830801725,-0.0010360145242884,0.621313333511353,-0.783469974994659
0.622542679309845,-0.0049190148711204,1.24732112884521,0.0117934858426451,-0.0010551104787737,0.620771288871765,-0.78390234708786
0.620994448661804,-0.003842088393867,1.24689412117004,0.0115173440426588,-0.0031236670911312,0.619893252849579,-0.784595429897308
0.620720267295837,-0.003657997585833,1.24688100814819,0.0112686306238174,-0.0029413786251097,0.619659245014191,-0.784784615039825
0.622037053108215,-0.0041530868038535,1.24750053882599,0.0095024602487683,-0.0018196320161223,0.621167421340942,-0.783618211746216
0.6213698387146,-0.0040818704292178,1.24735009670258,0.010503813624382,-0.0014929275494068,0.620204865932465,-0.784368216991425
0.621657490730286,-0.0041464064270257,1.24721717834473,0.0095044346526265,0.0002104389277519,0.621640563011169,-0.783244967460632
0.62105131149292,-0.0041637420654296,1.2470760345459,0.0102787064388394,0.000322157604387,0.620904326438904,-0.783818900585175
0.620844185352325,-0.0040442375466227,1.24705302715302,0.010036471299827,0.0004347883805166,0.621223628520966,-0.783568918704987
0.619574427604675,-0.0032230615615844,1.24652051925659,0.0102000758051872,-0.0031175448093563,0.621088802814484,-0.783667623996735
0.620181620121002,-0.003389798104763,1.24717330932617,0.0091578532010316,-0.0007525979890488,0.621828556060791,-0.78309953212738
0.619825005531311,-0.003252537921071,1.24716794490814,0.0087536526843905,4.29678730142768e-05,0.622432172298431,-0.782624959945679
0.619599521160126,-0.0031657293438911,1.24715685844421,0.0084628015756607,0.0003518847806844,0.623078763484955,-0.782113254070282
0.619314432144165,-0.0029511209577322,1.24718701839447,0.0082865385338664,-0.0002287442912347,0.62396764755249,-0.781406283378601
0.619589149951935,-0.002797027118504,1.24736988544464,0.0071591227315366,-0.0001011805070447,0.62548691034317,-0.78020191192627
0.619079828262329,-0.0029429933056235,1.2471216917038,0.0080292103812098,0.0011041100369766,0.625136971473694,-0.780472993850708
0.626846849918365,-0.0003179451450705,1.24409127235413,-0.0116137703880667,0.0137349748983979,0.627635359764099,-0.778299629688263
0.625988960266113,-0.0008109007030725,1.24433946609497,-0.0113239269703626,0.0146851204335689,0.627882719039917,-0.778087139129639
0.626441657543182,-3.84766608476639e-05,1.24403440952301,-0.012657044455409,0.0149066057056188,0.629770517349243,-0.776535093784332
0.626441657543182,-3.84766608476639e-05,1.24403440952301,-0.012657044455409,0.0149066057056188,0.629770517349243,-0.776535093784332
0.625631511211395,-0.0007616290822625,1.24419832229614,-0.0120904045179486,0.015185528434813,0.630220472812653,-0.77617359161377
0.625499725341797,-0.0006718439981341,1.24417185783386,-0.0124056478962302,0.0154828326776623,0.632739782333374,-0.774110376834869
0.625987112522125,-1.65319070219994e-05,1.24395656585693,-0.0135378986597061,0.016498913988471,0.634449779987335,-0.77266937494278
0.625112235546112,-0.0007920963689684,1.24415349960327,-0.0123878736048936,0.0158106423914432,0.634986758232117,-0.772261917591095
0.624859869480133,-0.0010648146271705,1.24430644512177,-0.0120571451261639,0.0158734116703271,0.636007070541382,-0.771425843238831
0.624715626239777,-0.0010843649506568,1.24429726600647,-0.0121205188333988,0.0162211507558822,0.63733583688736,-0.770320177078247
0.616880476474762,-0.0029304446652531,1.24726569652557,0.0059298397973179,0.0023449512664228,0.637285768985748,-0.770601272583008
0.61698704957962,-0.0020959125831723,1.24712073802948,0.0039710472337901,0.0018328278092667,0.639186441898346,-0.769039452075958
0.616564154624939,-0.0020644767209887,1.24719047546387,0.0037939366884529,0.0021537055727094,0.640197575092316,-0.768197953701019
0.615839004516602,-0.0019581587985157,1.24701488018036,0.0037477801088243,0.0016864369390532,0.641958892345428,-0.766728103160858
0.615416049957275,-0.0021351668983697,1.24684691429138,0.0049938517622649,0.0011498829117044,0.642190217971802,-0.766528189182281
0.616370022296906,-0.0028677186928689,1.24732089042664,0.0045596756972372,0.003716173581779,0.643783867359161,-0.765184879302979
0.616132855415344,-0.0027798907831311,1.24726641178131,0.0041106068529188,0.0036842108238488,0.645076930522919,-0.76409775018692
0.615547895431519,-0.0021329722367227,1.24695789813995,0.0036961259320378,0.0025697415694594,0.645783662796021,-0.763507068157196
0.615898609161377,-0.0025834362022578,1.24719929695129,0.0035011712461709,0.003882064949721,0.647605001926422,-0.761958360671997
0.614652037620544,-0.0019878689199686,1.2470418214798,0.0037620624061673,0.0023242386523634,0.648360729217529,-0.761320531368256
0.614468991756439,-0.0016979733482003,1.24686682224274,0.0037203861866146,0.0018019883427768,0.649327993392944,-0.760497391223907
0.615640461444855,-0.0022333469241857,1.24711298942566,0.00383085408248,0.0043070032261312,0.651909708976746,-0.758274674415588
0.614238381385803,-0.001289511565119,1.24665904045105,0.0039210552349686,0.0015474379761144,0.652744174003601,-0.757566690444946
0.614981949329376,-0.0022417735308408,1.24737429618835,0.0024381377734243,0.0041049323044717,0.653644144535065,-0.756787121295929
0.61477392911911,-0.0021485672332346,1.24739134311676,0.002277189400047,0.0039464570581912,0.654733598232269,-0.755846083164215
0.614782691001892,-0.0018712747842073,1.2472026348114,0.0027396730147302,0.003926798235625,0.656757235527039,-0.754086911678314
0.615372061729431,-0.0011239894665777,1.24731636047363,0.0011426096316426,0.00406030472368,0.659309983253479,-0.751859366893768
0.615191459655762,-0.0009495397098362,1.24757778644562,-0.0001308325881836,0.0037384498864412,0.660488188266754,-0.750827074050903
0.613951444625854,-8.60015861690044e-05,1.24713575839996,-0.0001307522907154,0.0012482058955356,0.66099351644516,-0.750390648841858
0.61369115114212,-0.000258988700807,1.24728453159332,-0.0008618625579401,0.0014154242817312,0.661423444747925,-0.750010907649994
0.614465236663818,-0.0010086251422762,1.24774920940399,-0.0011749705299735,0.0040454054251313,0.662917613983154,-0.748680412769318
0.614435911178589,-0.0008009364828467,1.24754500389099,-0.0004999974044039,0.0041717439889907,0.664654791355133,-0.747138738632202
0.61420089006424,-0.0007882961072027,1.24754333496094,-0.0008013797923922,0.0041803061030805,0.665673732757568,-0.746230840682983
0.61401641368866,-0.0007031252607703,1.24755311012268,-0.0010522782104089,0.0042321612127125,0.666781842708588,-0.745240330696106
0.613775372505188,-0.0006726309657096,1.24755418300629,-0.0009684374090284,0.0046266210265457,0.667791545391083,-0.744333505630493
0.613557040691376,-0.000558131141588,1.24755263328552,-0.0010333115933462,0.0048197982832789,0.668702363967896,-0.743513882160187
0.613401472568512,-0.0005604261532425,1.24760842323303,-0.0009757811785675,0.0052214292809367,0.669463276863098,-0.742826163768768
0.613135993480682,-0.0005097165703773,1.24756145477295,-0.0012401025742292,0.0050885146483778,0.670386254787445,-0.74199390411377
0.613029360771179,-0.0004430280532687,1.24761974811554,-0.0012500374577939,0.0055311950854957,0.671216368675232,-0.741239964962006
0.612870991230011,-0.0004680405836552,1.2476179599762,-0.0012858394766226,0.005706425756216,0.672070801258087,-0.740463852882385
0.612629175186157,-0.0004051679279655,1.24755823612213,-0.0015935474075376,0.0059376512654125,0.673126995563507,-0.739501297473907
0.611511766910553,0.0004395563155412,1.24716687202454,-0.001499074161984,0.0036722444929182,0.673566401004791,-0.739116072654724
0.611247420310974,0.0004807005170732,1.24715483188629,-0.00156609818805,0.003915948793292,0.674451887607574,-0.738306820392609
0.610977351665497,0.0005364741664379,1.24712812900543,-0.0016696315724402,0.0041021602228283,0.675473272800446,-0.737371325492859
0.611822307109833,-0.0002642278559505,1.2476042509079,-0.0021621533669531,0.0068629281595349,0.676712691783905,-0.736212134361267
0.611822307109833,-0.0002642278559505,1.2476042509079,-0.0021621533669531,0.0068629281595349,0.676712691783905,-0.736212134361267
0.611378610134125,-0.0001425916561856,1.24758017063141,-0.0022849233355373,0.0071780127473175,0.678505659103394,-0.734556674957275
0.610070526599884,0.000690802000463,1.24715507030487,-0.0020825043320655,0.0050137457437813,0.678984522819519,-0.734132528305054
0.609062790870667,-0.0013692243956029,1.24776840209961,0.0012701967498287,0.0067372596822679,0.679619014263153,-0.733533322811127
0.608949303627014,-0.0013808952644467,1.24776566028595,0.0009815648663789,0.0071828877553343,0.680581569671631,-0.732636511325836
0.609021604061127,-0.0014336690073832,1.24763917922974,0.0015389416366815,0.0079413941130042,0.682089030742645,-0.731224417686462
0.608580887317657,-0.001175784622319,1.24791097640991,0.000689257052727,0.0076337503269314,0.682164013385773,-0.731159090995789
0.608438014984131,-0.0010876161977648,1.24788570404053,0.0004150329914409,0.007791772019118,0.683015882968903,-0.730361938476562
0.607277095317841,-0.0002086138701997,1.24742937088013,0.0004627748276107,0.005810004658997,0.683577120304108,-0.729855120182037
0.607145845890045,-9.93883586488664e-05,1.2474113702774,0.0001479709753766,0.0062308437190949,0.684431374073029,-0.729050815105438
0.606937229633331,-3.61914571840316e-05,1.24742496013641,-0.0001088958815671,0.00654171500355,0.685286283493042,-0.728244423866272
0.60742062330246,-6.28642737865448e-08,1.24753403663635,-0.0005529685877263,0.0079975984990596,0.686096370220184,-0.727466583251953
0.606709361076355,0.0001972634054254,1.24744737148285,-0.0005554362433031,0.0074834683910012,0.686969101428986,-0.726647913455963
0.606588542461395,0.0003158426843583,1.2474422454834,-0.0007095192559063,0.0080414330586791,0.687882781028748,-0.72577691078186
0.606302917003632,0.0004138387739658,1.24755847454071,-0.0005955888191238,0.0081859119236469,0.688497424125671,-0.725192368030548
0.606140792369843,0.0005068083410151,1.24755930900574,-0.0008474871283397,0.0086476244032382,0.689335286617279,-0.724390387535095
0.606075525283813,0.0006738795200362,1.24746358394623,-0.0012771885376423,0.0094115678220987,0.690393149852753,-0.723372161388397
0.606785774230957,-3.75000527128577e-05,1.2480286359787,-0.0013604668201878,0.0119417710229754,0.691405057907104,-0.722367286682129
0.606860995292664,4.60761366412044e-05,1.248046875,-0.0017725232755765,0.0130938161164522,0.692320764064789,-0.721469044685364
0.607372045516968,0.001043647294864,1.24789214134216,-0.0040185367688536,0.0134637877345085,0.694044888019562,-0.719794631004333
0.607152700424194,0.0010423469357192,1.24803972244263,-0.0037740217521786,0.0138090066611766,0.694845139980316,-0.719017088413239
0.606969654560089,0.0011173817329108,1.24805784225464,-0.0038134416099637,0.0141493789851665,0.695689976215363,-0.718192756175995
0.606432139873505,0.0007021921919658,1.24836134910583,-0.0025312446523457,0.0147920222952961,0.696362257003784,-0.717533588409424
0.6062251329422,0.0008497750386595,1.24838137626648,-0.0025832774117588,0.0151994153857231,0.697303414344788,-0.716610193252563
0.606027841567993,0.0009745908901095,1.24839961528778,-0.0026665749028325,0.0162568967789411,0.698175847530365,-0.71573680639267
0.605853736400604,0.0010822977637872,1.24840652942657,-0.0027438283432275,0.0167260337620973,0.698979377746582,-0.714941024780273
0.605627298355103,0.0013025912921875,1.24840271472931,-0.0029304237104952,0.0166356191039085,0.700101375579834,-0.713843703269958
0.604960560798645,0.00205526384525,1.24810147285461,-0.0032428372651338,0.0154545940458774,0.700460135936737,-0.7135169506073
0.60420024394989,0.0023536533117294,1.24795937538147,-0.0028034830465912,0.0149878840893507,0.70138156414032,-0.712623059749603
0.603944718837738,0.0025530671700835,1.2479864358902,-0.0028381650336086,0.0152015993371605,0.702280700206757,-0.711732387542725
0.603618562221527,0.0028258247766643,1.24801576137543,-0.0029280292801558,0.015430019237101,0.703352570533752,-0.710667729377747
0.603445887565613,0.0029729474335908,1.24809217453003,-0.0028258264064788,0.0156600791960954,0.704082727432251,-0.709939777851105
0.603170692920685,0.0032039312645792,1.24806427955627,-0.0030309725552797,0.0158639848232269,0.705112636089325,-0.708911240100861
0.602961421012878,0.0033539640717208,1.24810218811035,-0.0028481858316808,0.0163399800658226,0.705981016159058,-0.708036601543427
0.602718591690063,0.0035841604694724,1.24809288978577,-0.0029022947419434,0.0164386536926031,0.706747174263,-0.707269251346588
0.602558672428131,0.0038685286417603,1.24806666374207,-0.0030274384189397,0.0166687685996294,0.707481801509857,-0.70652848482132
0.602407693862915,0.0040651028975844,1.24808549880981,-0.0030382764525711,0.0170361474156379,0.708111464977264,-0.705888509750366
0.602173566818237,0.0042898328974843,1.24812233448029,-0.0030290752183645,0.0172603502869606,0.708779454231262,-0.705212473869324
0.602994561195374,0.0036723900120705,1.24862849712372,-0.0033830674365162,0.0199571810662746,0.709563195705414,-0.70435106754303
0.602859973907471,0.0039873584173619,1.24865877628326,-0.003331096144393,0.0203299392014741,0.710113525390625,-0.70378577709198
0.602758884429932,0.0041923285461962,1.24871802330017,-0.0032917435746639,0.0207286719232797,0.71046108007431,-0.70342355966568
0.602574527263641,0.0045167505741119,1.24864590167999,-0.0035672725643962,0.0207092240452766,0.710850536823273,-0.703029215335846
0.601273059844971,0.0056437090970575,1.24819147586823,-0.003362544812262,0.018490882590413,0.710925757884979,-0.703015863895416
0.602129995822906,0.0049475394189357,1.24870467185974,-0.0034043616615235,0.0215027350932359,0.711257874965668,-0.702594041824341
0.602027237415314,0.00514408480376,1.24874591827393,-0.0035664271563291,0.0220186132937669,0.711383104324341,-0.702450335025787
0.601937890052795,0.005364419426769,1.2487701177597,-0.0036030923947691,0.0224666818976402,0.711492538452148,-0.702325105667114
0.601742386817932,0.00525763630867,1.24878168106079,-0.0032626257743686,0.0229581203311681,0.711841702461243,-0.701957166194916
0.601664483547211,0.0057787727564573,1.24857807159424,-0.0039842692203819,0.0233518183231353,0.712206780910492,-0.7015700340271
0.601565837860107,0.0063908481970429,1.24869561195374,-0.0042266366071999,0.0233383476734161,0.711817026138306,-0.701964378356934
0.601418018341064,0.0068122069351375,1.24861657619476,-0.0045166881754994,0.0236722845584154,0.711811006069183,-0.70195746421814
0.601254403591156,0.0071061528287827,1.24861550331116,-0.0044874274171888,0.0240013524889946,0.711686313152313,-0.702072978019714
0.601103186607361,0.0073131057433784,1.24878442287445,-0.0041840965859591,0.0244567804038524,0.711529493331909,-0.702217936515808
0.600967645645142,0.0075484630651772,1.24881303310394,-0.0042986571788787,0.0247487127780914,0.711450695991516,-0.702286958694458
0.600729763507843,0.007822273299098,1.24894297122955,-0.0038136807270348,0.0249050632119178,0.711032390594482,-0.702707827091217
0.600477635860443,0.0082439389079809,1.24891531467438,-0.004058429505676,0.024920180439949,0.710865616798401,-0.702874481678009
0.600418925285339,0.0081426370888948,1.2488659620285,-0.0042137871496379,0.0260144677013158,0.711181819438934,-0.702514111995697
0.599192798137665,0.0097163682803511,1.24846065044403,-0.0039245085790753,0.0229969713836908,0.709864735603333,-0.703951597213745
0.599692165851593,0.0099311647936701,1.24868714809418,-0.00480154203251,0.0249042175710201,0.709545969963074,-0.704202651977539
0.599692165851593,0.0099311647936701,1.24868714809418,-0.00480154203251,0.0249042175710201,0.709545969963074,-0.704202651977539
0.599902093410492,0.0101606221869587,1.24904334545135,-0.0050875823944807,0.0268159620463848,0.709164619445801,-0.704514563083649
0.599725306034088,0.0105075221508741,1.24908113479614,-0.0051299454644322,0.0271992422640323,0.708759784698486,-0.704906702041626
0.599468767642975,0.0104337390512228,1.24907553195953,-0.0048401141539216,0.0276300627738237,0.7088902592659,-0.704760909080505
0.599426209926605,0.0113139543682336,1.24906527996063,-0.0054830373264849,0.0276738964021205,0.708095550537109,-0.705552995204926
0.599426209926605,0.0113139543682336,1.24906527996063,-0.0054830373264849,0.0276738964021205,0.708095550537109,-0.705552995204926
0.597853600978851,0.0128772472962737,1.248783826828,-0.0048251491971313,0.0250203255563974,0.706606090068817,-0.707148194313049
0.599054932594299,0.0124608119949698,1.24937009811401,-0.005658833310008,0.0283757932484149,0.706623792648315,-0.706997692584991
0.598881840705872,0.0128495739772915,1.24937415122986,-0.0059644477441906,0.0284925773739814,0.706413507461548,-0.707200527191162
0.598666965961456,0.0132970232516527,1.24935340881348,-0.0060242917388677,0.0284861866384744,0.705932319164276,-0.707680583000183
0.598551988601685,0.0136894471943378,1.24938857555389,-0.0062299105338752,0.0286616943776607,0.705672860145569,-0.707930564880371
0.598458409309387,0.0141228353604674,1.24942660331726,-0.0063401097431778,0.0290005039423704,0.705222427845001,-0.708364486694336
0.598458409309387,0.0141228353604674,1.24942660331726,-0.0063401097431778,0.0290005039423704,0.705222427845001,-0.708364486694336
0.598214626312256,0.0148237319663167,1.24947190284729,-0.0068300231359899,0.0286804568022489,0.704367458820343,-0.70922315120697
0.598064124584198,0.0149732949212193,1.24942851066589,-0.0068675843067467,0.0294085219502449,0.704438805580139,-0.709121882915497
0.598129034042358,0.0156706944108009,1.2495539188385,-0.0070088747888803,0.0297125075012445,0.703430831432343,-0.710107922554016
0.598023295402527,0.0159442536532878,1.24957919120789,-0.006950179580599,0.0300501268357038,0.703063547611237,-0.710458040237427
0.597764909267426,0.0164206400513649,1.24948501586914,-0.007195905316621,0.0297631174325943,0.702804207801819,-0.710724055767059
0.597695708274841,0.0167508050799369,1.24949264526367,-0.0073309154249727,0.0299582201987504,0.702405095100403,-0.711108982563019
0.59793347120285,0.0175359342247247,1.24923622608185,-0.008671642281115,0.030209295451641,0.70232218503952,-0.711165189743042
0.597722470760345,0.0177770443260669,1.24930930137634,-0.0083238389343023,0.0300479177385568,0.701779067516327,-0.711711943149567
0.597688257694244,0.0180590916424989,1.24930989742279,-0.0084303366020321,0.030232710763812,0.70145320892334,-0.712024092674255
0.595933735370636,0.0181100703775882,1.24879837036133,-0.0065535665489733,0.0283722877502441,0.700734853744507,-0.712827384471893
0.596961855888367,0.0180039852857589,1.24934387207031,-0.0072132837958633,0.0308380220085382,0.700311660766602,-0.713134288787842
0.595861732959747,0.0191282071173191,1.24880516529083,-0.0069043920375406,0.0283432304859161,0.699575245380402,-0.713963210582733
0.59581184387207,0.0194290317595005,1.24881601333618,-0.0069565130397677,0.0285088866949081,0.699108004570007,-0.714413642883301
0.596602439880371,0.0188950579613447,1.24936771392822,-0.0069295279681682,0.0308574344962835,0.698965132236481,-0.714456260204315
0.596712112426758,0.0191354975104331,1.24932503700256,-0.0073007838800549,0.0315819606184959,0.698793411254883,-0.714588820934296
0.596681475639343,0.0193542391061782,1.24933111667633,-0.0073490981012582,0.0319228358566761,0.698383390903473,-0.714973986148834
0.596738338470459,0.0195515099912881,1.24938309192657,-0.0073049617931246,0.0323085002601146,0.697927355766296,-0.715402245521545
0.596644997596741,0.0197781212627887,1.2493417263031,-0.0073108496144413,0.0326227881014347,0.697806179523468,-0.715506017208099
0.59560090303421,0.0208229292184114,1.24884188175201,-0.007126587908715,0.0303668044507503,0.69705992937088,-0.716334104537964
0.595553636550903,0.0210319906473159,1.24882650375366,-0.0069695827551186,0.0308855567127466,0.696758568286896,-0.716606616973877
0.595516383647919,0.021296914666891,1.24882698059082,-0.0070512653328478,0.0310573652386665,0.696404099464417,-0.7169429063797
0.595553994178772,0.0213978663086891,1.248859167099,-0.0069852266460657,0.0317595787346363,0.696161508560181,-0.717148423194885
0.595553994178772,0.0213978663086891,1.248859167099,-0.0069852266460657,0.0317595787346363,0.696161508560181,-0.717148423194885
0.596624314785004,0.0208111442625522,1.24934160709381,-0.0068617137148976,0.0356206223368644,0.695865452289581,-0.717255413532257
0.596556603908539,0.0209478847682476,1.24931406974792,-0.006537077948451,0.0362116880714893,0.695425450801849,-0.71765547990799
0.596604704856873,0.0210300311446189,1.24933338165283,-0.0060991090722382,0.0369341559708118,0.695042908191681,-0.717993199825287
0.596406638622284,0.0211930889636278,1.24931561946869,-0.0053323241882026,0.0372079089283943,0.694374859333038,-0.718631148338318
0.596772909164429,0.0214196629822254,1.24917900562286,-0.0056695407256484,0.0390226133167743,0.694390416145325,-0.718517243862152
0.596818089485168,0.0214690621942281,1.24923348426819,-0.00517243379727,0.0400387495756149,0.693750321865082,-0.719083309173584
0.597014665603638,0.0211239084601402,1.24897003173828,-0.0042302669025957,0.0418362542986869,0.693826496601105,-0.718913495540619
0.597106099128723,0.0211411863565444,1.24896860122681,-0.0035555132199078,0.0429898612201213,0.693313419818878,-0.719344019889832
0.597144901752472,0.0211733281612396,1.24897432327271,-0.0031961044296622,0.0442781522870063,0.692721605300903,-0.719837546348572
0.597180187702179,0.0210757777094841,1.24893152713776,-0.002540037734434,0.0457730740308761,0.691859185695648,-0.720575571060181
0.59723961353302,0.0209678579121828,1.24899911880493,-0.0017109866021201,0.047356154769659,0.690932869911194,-0.721364259719849
0.597147226333618,0.0204786490648984,1.24892807006836,-0.0007768950890749,0.048944529145956,0.690872609615326,-0.721317410469055
0.596115589141846,0.0217495169490575,1.24849903583527,-0.000873940414749,0.047163363546133,0.688368797302246,-0.723825514316559
0.598133325576782,0.0231070853769779,1.24836504459381,-0.0043477122671902,0.0497265309095382,0.68832528591156,-0.723682701587677
0.599376082420349,0.0222375784069299,1.24904894828796,-0.0040133665315806,0.0543717741966247,0.687888503074646,-0.723765850067139
0.599558174610138,0.0222875606268644,1.2491546869278,-0.0033171093091368,0.0559847839176654,0.686813950538635,-0.724666357040405
0.599590480327606,0.0222496446222066,1.2491329908371,-0.0029218404088169,0.0575650446116924,0.686093151569366,-0.725226879119873
0.599861562252045,0.0222579184919595,1.24908888339996,-0.0016858716262504,0.0595941878855228,0.686135947704315,-0.725026309490204
0.600012004375458,0.0222046915441751,1.24916970729828,-0.0011230017989873,0.0614903233945369,0.685266971588135,-0.725690722465515
0.600214719772339,0.0220491271466016,1.24925363063812,-0.0002329736307729,0.0634920299053192,0.684305667877197,-0.726425886154175
0.600257992744446,0.0217568576335906,1.24951660633087,5.41837289347313e-05,0.0652232840657234,0.682221114635468,-0.728231072425842
0.600288450717926,0.0215694736689329,1.24950504302979,0.0008150716312229,0.0668957978487014,0.681715250015259,-0.728552460670471
0.600450992584229,0.0214474704116582,1.24956202507019,0.001569966902025,0.0686923339962959,0.681080460548401,-0.728977560997009
0.60062837600708,0.0212860740721225,1.24961805343628,0.0022484662476927,0.0706413611769676,0.68049156665802,-0.729339480400085
0.59978449344635,0.022016242146492,1.24910628795624,0.0032288043294101,0.0696325898170471,0.679520606994629,-0.730337262153625
0.599833786487579,0.0219169054180383,1.24915266036987,0.0041185030713677,0.0711743086576461,0.67915290594101,-0.730526328086853
0.600889444351196,0.0211070049554109,1.2497364282608,0.004837988410145,0.074833258986473,0.679232239723206,-0.730082392692566
0.600996851921082,0.0210769027471542,1.24978911876678,0.0057297861203551,0.0763862952589988,0.678922653198242,-0.730203032493591
0.601061761379242,0.0209881197661161,1.24980843067169,0.0065865940414369,0.0775003731250763,0.67855441570282,-0.730420529842377
0.601123034954071,0.0209100693464279,1.24989914894104,0.0073214983567595,0.0787668004631996,0.678217530250549,-0.730591058731079
0.601180791854858,0.0208391118794679,1.24999070167542,0.0084981014952063,0.0799745768308639,0.677668392658234,-0.730956554412842
0.601150333881378,0.0208678469061851,1.24995803833008,0.0092717548832297,0.0809681415557861,0.677501559257507,-0.730992436408997
0.60116720199585,0.0208192616701126,1.25003755092621,0.0102674709632992,0.0817222669720649,0.677265405654907,-0.731114089488983
0.601132452487946,0.0208387356251478,1.25007593631744,0.0109464991837739,0.0825183689594268,0.6768718957901,-0.731379210948944
0.60113000869751,0.020813725888729,1.25011217594147,0.0117996735498309,0.0833135843276977,0.67658931016922,-0.731537222862244
0.601128220558167,0.0209424421191215,1.25010943412781,0.0126192383468151,0.0839653834700584,0.67622572183609,-0.731785178184509
0.601183116436005,0.0209302771836519,1.25014913082123,0.0132527686655521,0.0847315117716789,0.676032602787018,-0.731864094734192
0.601217329502106,0.0209885593503713,1.25021469593048,0.0138426180928945,0.0851412788033485,0.675884604454041,-0.731942296028137
0.601219654083252,0.0209827255457639,1.25023770332336,0.0146977342665195,0.0857486873865127,0.675718665122986,-0.732007801532745
0.601224422454834,0.0209822282195091,1.2502748966217,0.01534971781075,0.0861615091562271,0.675702035427094,-0.731961309909821
0.601254224777222,0.0209939591586589,1.25028491020203,0.016025111079216,0.086520604789257,0.675794124603271,-0.731819450855255
0.601284503936768,0.0209569223225116,1.25029730796814,0.0166391152888536,0.0867223143577575,0.675925731658936,-0.731660306453705
0.601283669471741,0.0209411531686782,1.25030446052551,0.0172403771430253,0.0868552550673484,0.676108479499817,-0.731461763381958
0.601303040981293,0.0209588706493377,1.25032329559326,0.0177504569292068,0.0868596583604812,0.676302015781403,-0.73127007484436
0.601316511631012,0.0209988113492727,1.25032925605774,0.0183179900050163,0.0871631577610969,0.676560282707214,-0.730980932712555
0.600378096103668,0.0217439252883195,1.24980008602142,0.0190703626722097,0.0847417339682579,0.676533162593842,-0.73127156496048
0.600383639335632,0.0217349100857973,1.24981093406677,0.019441794604063,0.0845653787255287,0.67688661813736,-0.730955064296722
0.601351618766785,0.020869081839919,1.25046420097351,0.0198667328804731,0.0868947803974151,0.677513480186462,-0.730089068412781
0.599488139152527,0.0194212589412927,1.25066351890564,0.0241564866155385,0.0858571603894233,0.677209079265594,-0.730364978313446
0.599488139152527,0.0194212589412927,1.25066351890564,0.0241564866155385,0.0858571603894233,0.677209079265594,-0.730364978313446
0.599469482898712,0.0194855891168117,1.25058460235596,0.0243158731609582,0.0850124582648277,0.678112328052521,-0.729620039463043
0.599478662014008,0.0194443967193365,1.25058484077454,0.0244059097021818,0.0845932513475418,0.678439855575562,-0.729361295700073
0.599511802196503,0.0194357763975858,1.25060570240021,0.0243013221770524,0.084166020154953,0.678816437721252,-0.729063749313354
0.599506020545959,0.0195540189743042,1.25046968460083,0.0249056294560432,0.0835183933377265,0.679967403411865,-0.728044450283051
0.599464893341064,0.0195836871862411,1.25046217441559,0.024821575731039,0.0829194709658622,0.680294573307037,-0.727810204029083
0.59943413734436,0.0195775981992483,1.25042283535004,0.0246627070009708,0.082279548048973,0.680622339248657,-0.727581799030304
0.599370181560516,0.0195433367043733,1.25041484832764,0.0245578847825527,0.0817290917038917,0.681040406227112,-0.727256059646606
0.599338531494141,0.0195064507424831,1.2503958940506,0.0242732241749763,0.0810134708881378,0.68131822347641,-0.72708535194397
0.599356889724731,0.019523736089468,1.2504175901413,0.0238779783248901,0.0799302384257316,0.681846797466278,-0.726722836494446
0.599335610866547,0.0195454601198434,1.25040447711945,0.0234876722097396,0.0791587308049202,0.682166397571564,-0.726520001888275
0.599293053150177,0.0195145942270755,1.25038623809814,0.0231175981462001,0.0784323215484619,0.682566404342651,-0.726234912872314
0.599318206310272,0.0195001307874918,1.25040328502655,0.0227138306945562,0.0776148438453674,0.682679533958435,-0.726229131221771
0.599197864532471,0.0195289738476276,1.25031626224518,0.0220220834016799,0.0766313150525093,0.683333814144135,-0.725739419460297
0.59825587272644,0.0202389601618051,1.24976813793182,0.0214549712836742,0.0735718980431556,0.68357926607132,-0.725841760635376
0.599156737327576,0.0194196496158838,1.25031518936157,0.0207376219332218,0.0751359462738037,0.684642732143402,-0.724699199199677
0.598146438598633,0.020259466022253,1.24972915649414,0.020423986017704,0.0714965984225273,0.684844851493835,-0.724885404109955
0.598032057285309,0.0202656984329223,1.24968755245209,0.0200093928724527,0.0704691410064697,0.685510516166687,-0.724368155002594
0.59800398349762,0.0201629698276519,1.24969947338104,0.0193571001291275,0.0696067884564399,0.686157941818237,-0.723855972290039
0.598942220211029,0.0192779954522848,1.25027656555176,0.0185782276093959,0.0713440254330635,0.687203764915466,-0.722714304924011
0.598865926265717,0.0192755796015262,1.25025773048401,0.0178685523569583,0.0703488364815712,0.687746345996857,-0.722313523292542
0.598829567432404,0.0193221531808376,1.25029075145721,0.0171927474439144,0.0694704055786132,0.688471853733063,-0.721723556518555
0.598401665687561,0.0199214350432157,1.25001895427704,0.0163739509880542,0.0671118572354316,0.688732862472534,-0.721716582775116
0.59778356552124,0.0195971708744764,1.24980211257935,0.0162629205733537,0.0652759596705436,0.690068542957306,-0.720610916614532
0.598722636699677,0.0191654656082391,1.25048160552979,0.0142112001776695,0.0663233324885368,0.68976902961731,-0.720845282077789
0.598841786384583,0.0192908979952335,1.25041520595551,0.0136678274720907,0.0655811205506324,0.691418528556824,-0.71934187412262
0.598779737949371,0.0192672982811927,1.25044143199921,0.0130897723138332,0.0644838139414787,0.692024767398834,-0.718868851661682
0.598813593387604,0.019288221374154,1.25049293041229,0.0122619466856122,0.0635323375463485,0.692965269088745,-0.718061625957489
0.598787426948547,0.0192193370312452,1.25052762031555,0.0114487232640385,0.0627470761537551,0.693770349025726,-0.717366278171539
0.597760915756226,0.0200437679886817,1.2500262260437,0.0107261603698134,0.059245690703392,0.694164991378784,-0.717293500900269
0.597587645053864,0.0196056067943573,1.24999904632568,0.010567357763648,0.0584003627300262,0.695357978343964,-0.716208875179291
0.598574876785278,0.018645878881216,1.25061893463135,0.0095006739720702,0.0599833689630031,0.696498274803162,-0.714983820915222
0.598600387573242,0.0191760025918483,1.250657081604,0.0084898257628083,0.0586631447076797,0.696889102458954,-0.714725255966187
0.598676562309265,0.0191114116460084,1.25073087215424,0.0078402701765298,0.0578256957232952,0.697478592395782,-0.714225709438324
0.597546517848969,0.0196609310805797,1.25013780593872,0.0071674278005957,0.0542353764176368,0.698532819747925,-0.713483870029449
0.598579406738281,0.0186709985136985,1.25075531005859,0.0061675114557147,0.0558948069810867,0.699747562408447,-0.712173581123352
0.598550736904144,0.0187050458043813,1.25075960159302,0.0052080489695072,0.0546369589865207,0.70059734582901,-0.711442947387695
0.598288595676422,0.019683439284563,1.25103342533112,0.00350794615224,0.0517396889626979,0.700819551944733,-0.711451053619385
0.598214149475098,0.0191924590617418,1.25102269649506,0.003142544068396,0.0509509667754173,0.702134370803833,-0.710212349891663
0.598301231861115,0.0195732563734054,1.25104606151581,0.0020764418877661,0.0497690960764884,0.702679514884949,-0.709760785102844
0.597346484661102,0.0203878581523895,1.25049185752869,0.0016450843540951,0.0465081483125686,0.703337430953979,-0.709331333637238
0.597650647163391,0.0194375831633806,1.25032758712769,0.0018094823462888,0.0472972393035888,0.705031454563141,-0.707594871520996
0.598541498184204,0.0193549506366252,1.25102591514587,-0.0002847738214768,0.0481867119669914,0.705445230007172,-0.707124531269073
0.598569571971893,0.0192586313933134,1.25096714496613,-0.00090714963153,0.0469673946499824,0.706362009048462,-0.706290423870087
0.598674058914185,0.018783614039421,1.25097632408142,-0.001335643348284,0.0463644377887249,0.707803130149841,-0.704885363578796
0.597866117954254,0.0199785344302654,1.2504448890686,-0.0022177703212946,0.0429435633122921,0.708173632621765,-0.704727590084076
0.59792023897171,0.0199225880205631,1.25042831897736,-0.0028832389507442,0.0419594310224056,0.708974897861481,-0.703978419303894
0.598782241344452,0.0202661454677581,1.25032949447632,-0.0050897751934826,0.0414633303880691,0.711048245429993,-0.701901376247406
0.599747598171234,0.0196646321564912,1.25079798698425,-0.0060904547572135,0.0427019633352756,0.711979627609253,-0.700874090194702
0.599797129631042,0.0196190886199474,1.25077390670776,-0.0067129684612154,0.0418323278427124,0.713013529777527,-0.699869096279144
0.599290370941162,0.0186892915517091,1.25104486942291,-0.0051983655430376,0.0408809296786785,0.713051080703735,-0.699899852275848
0.599626898765564,0.018720094114542,1.25108790397644,-0.0061928881332278,0.0401953980326652,0.714320778846741,-0.698635816574097
0.59868860244751,0.0195990391075611,1.2504096031189,-0.0066714393906295,0.0367412418127059,0.715203881263733,-0.697917580604553
0.599328935146332,0.0188173167407512,1.25059199333191,-0.0074335094541311,0.0371862575411796,0.716789364814758,-0.696257829666138
0.599869132041931,0.0180188454687595,1.25082945823669,-0.0075311488471925,0.0378739461302757,0.718212425708771,-0.694751679897308
0.600028693675995,0.0179052408784627,1.2507791519165,-0.0079311085864901,0.0371368825435638,0.719269752502441,-0.693692266941071
0.600244283676147,0.0177418459206819,1.25081169605255,-0.0081208366900682,0.0365239754319191,0.720165550708771,-0.69279271364212
0.600443124771118,0.0174402240663766,1.25080800056458,-0.0085256621241569,0.0358712896704673,0.721341490745544,-0.691597461700439
0.600065410137177,0.0178990568965673,1.25050163269043,-0.0088097983971238,0.0334900766611099,0.72198075056076,-0.691046059131622
0.600440561771393,0.0171130504459142,1.25084543228149,-0.0097182979807257,0.0351420193910598,0.7234206199646,-0.689444184303284
0.600440561771393,0.0171130504459142,1.25084543228149,-0.0097182979807257,0.0351420193910598,0.7234206199646,-0.689444184303284
0.601064622402191,0.0166407246142625,1.25073456764221,-0.0094789899885654,0.0329633392393589,0.725456357002258,-0.687412917613983
0.60123336315155,0.0167466569691896,1.25067532062531,-0.0095007978379726,0.0322171635925769,0.725863218307495,-0.687018632888794
0.600977659225464,0.0166175868362188,1.25036561489105,-0.0094311600551009,0.0305555555969476,0.726825952529907,-0.686077058315277
0.6014444231987,0.0161221157759428,1.2506148815155,-0.0091931633651256,0.0308610163629055,0.727651298046112,-0.685191035270691
0.601693868637085,0.0155446995049715,1.25043332576752,-0.0094111543148756,0.0306818652898073,0.729223012924194,-0.683523237705231
0.601785242557526,0.0152906253933906,1.25045359134674,-0.0090920301154255,0.0297667924314737,0.730027437210083,-0.68270879983902
0.601545512676239,0.0162097755819559,1.25012028217316,-0.0094396071508526,0.0274363812059164,0.729915618896484,-0.682921350002289
0.601835370063782,0.0155943874269723,1.25007796287537,-0.0091953789815306,0.0272911023348569,0.731139004230499,-0.681620478630066
0.60240912437439,0.0149198807775974,1.25027537345886,-0.0089189317077398,0.0281582828611135,0.7315993309021,-0.681094706058502
0.602577030658722,0.0147772310301661,1.25020229816437,-0.0091041205450892,0.0278662014752626,0.732599318027496,-0.68002849817276
0.602803885936737,0.0146127613261342,1.25012040138245,-0.008939535357058,0.0275141783058643,0.733444511890411,-0.679133534431458
0.603243172168732,0.0144731597974896,1.25012445449829,-0.0094780810177326,0.0268649589270353,0.734291970729828,-0.678235769271851
0.60308963060379,0.0145682655274868,1.24962937831879,-0.0096220085397362,0.0255873221904039,0.735441863536835,-0.677036285400391
0.603633224964142,0.0136216282844543,1.24988734722137,-0.0091229826211929,0.0258885081857442,0.736684918403625,-0.675678908824921
0.603919386863708,0.0133123137056827,1.24979305267334,-0.008861388079822,0.0262424312531948,0.737243115901947,-0.675059616565704
0.603710353374481,0.0137199889868497,1.24945950508118,-0.0089179342612624,0.0245554260909557,0.737657487392426,-0.67466938495636
0.604550004005432,0.0132239758968353,1.24960684776306,-0.00888158287853,0.026258535683155,0.738062858581543,-0.674162328243256
0.604791581630707,0.0130603294819593,1.24953663349152,-0.0087528228759765,0.0260090921074152,0.738580405712128,-0.673606753349304
0.604577958583832,0.0131425820291042,1.24911999702454,-0.0091420114040374,0.0243286099284887,0.739499449729919,-0.672655344009399
0.605282127857208,0.0122642926871776,1.24934053421021,-0.0087020378559827,0.0257151704281568,0.740273773670197,-0.671757221221924
0.605634927749634,0.0120552089065313,1.24933087825775,-0.0087976595386862,0.0256774872541427,0.740843594074249,-0.671129107475281
0.605890095233917,0.0118449889123439,1.24931490421295,-0.008763363584876,0.0249109044671058,0.741364479064941,-0.670582950115204
0.606240272521973,0.0120035903528332,1.24929165840149,-0.0088693425059318,0.0247146375477314,0.741364300251007,-0.670589089393616
0.606492936611176,0.0114088449627161,1.24920678138733,-0.0085473824292421,0.0254666432738304,0.742423236370087,-0.669392466545105
0.606821954250336,0.0114637417718768,1.24923396110535,-0.0087257446721196,0.0254482813179492,0.742464363574982,-0.669345200061798
0.607057988643646,0.0109180696308612,1.24917459487915,-0.0084570636972785,0.0254166033118963,0.743682026863098,-0.6679967045784
0.606941342353821,0.0116778351366519,1.24897956848145,-0.0085363574326038,0.0237888507544994,0.743198037147522,-0.668594002723694
0.607189774513245,0.0111006386578083,1.24893796443939,-0.0083707012236118,0.0237584952265024,0.744529962539673,-0.667113721370697
0.607499241828918,0.0109107643365859,1.24899649620056,-0.0082261143252253,0.0236243233084678,0.745078325271606,-0.666507720947266
0.608151197433472,0.0100130699574947,1.24926686286926,-0.0080400966107845,0.0248925630003213,0.746040463447571,-0.665386557579041
0.60843288898468,0.0098651926964521,1.24927854537964,-0.0082714846357703,0.0245411302894353,0.746667146682739,-0.664693593978882
0.608585059642792,0.0099125793203711,1.24925708770752,-0.0079720988869667,0.0245232917368412,0.746685385704041,-0.664677321910858
0.609027445316315,0.0096095744520425,1.24930608272552,-0.0080609014257788,0.0244587063789367,0.747918665409088,-0.663290739059448
0.609115481376648,0.0096971113234758,1.24928557872772,-0.00800655875355,0.0242732875049114,0.747926950454712,-0.663288712501526
0.609523892402649,0.0096809212118387,1.249342918396,-0.0083197690546512,0.0239846445620059,0.7485431432724,-0.662600040435791
0.609308242797852,0.0102444011718034,1.24908542633057,-0.0082515254616737,0.0220367070287466,0.749013900756836,-0.662136435508728
0.609957754611969,0.0090705547481775,1.24937868118286,-0.008146746084094,0.0235726032406091,0.750466346740723,-0.660437881946564
0.610117971897125,0.0087809506803751,1.24940371513367,-0.0088263871148228,0.0229427460581064,0.751312851905823,-0.659488260746002
0.610387206077576,0.0087542440742254,1.24929141998291,-0.0088426191359758,0.0230005700141191,0.751625835895538,-0.659129202365875
0.610571324825287,0.0086067952215671,1.24926817417145,-0.0088673438876867,0.0225667916238307,0.752134799957275,-0.658563137054443
0.610808074474335,0.0084721688181161,1.24926030635834,-0.008667342364788,0.0226719565689563,0.752818763256073,-0.657780289649963
0.611039221286774,0.0082183219492435,1.24932038784027,-0.0082244211807847,0.0228386968374252,0.753059685230255,-0.657504379749298
0.61134546995163,0.008369899354875,1.249356508255,-0.0082289073616266,0.0225918069481849,0.752946257591248,-0.657642662525177
0.611620604991913,0.0082843536511063,1.24930453300476,-0.0080813206732273,0.0223115757107734,0.753113985061646,-0.657461941242218
0.611772239208221,0.0076995687559247,1.24933016300201,-0.0077741774730384,0.0223494302481412,0.75415825843811,-0.656266331672668
0.610779345035553,0.0085082426667213,1.24871504306793,-0.0081805288791656,0.0190666727721691,0.75470107793808,-0.655740737915039
0.610984563827515,0.0087255593389272,1.24872899055481,-0.008247822523117,0.0186692252755165,0.754420280456543,-0.656074404716492
0.611190736293793,0.0085238274186849,1.24874007701874,-0.0082303183153271,0.0185883287340402,0.754673898220062,-0.655785202980042
0.611442446708679,0.0080161429941654,1.24877798557281,-0.0084448680281639,0.0186364147812128,0.755752503871918,-0.654537677764893
0.612534701824188,0.0069196694530546,1.24934756755829,-0.008080830797553,0.0209514144808053,0.755852103233337,-0.654357314109802
0.612696707248688,0.0067918407730758,1.24935173988342,-0.0080861020833253,0.0207202080637216,0.755973935127258,-0.654223918914795
0.612860381603241,0.0066663580946624,1.24936413764954,-0.0083319712430238,0.0205722264945507,0.756118893623352,-0.654057741165161
0.613227009773254,0.0069008087739348,1.24933314323425,-0.0087851257994771,0.0205809902399778,0.755771338939667,-0.654453277587891
0.61336874961853,0.0064383349381387,1.24933350086212,-0.0088960761204361,0.0204564649611711,0.756568968296051,-0.653533279895782
0.61336874961853,0.0064383349381387,1.24933350086212,-0.0088960761204361,0.0204564649611711,0.756568968296051,-0.653533279895782
0.613789677619934,0.0065526720136404,1.24949419498444,-0.0089229010045528,0.019757954403758,0.756102859973907,-0.65409380197525
0.613944470882416,0.0064453268423676,1.24951529502869,-0.0090153254568576,0.0195215679705142,0.756146728992462,-0.6540487408638
0.614161729812622,0.0062865791842341,1.24954271316528,-0.0091173416003584,0.0195306483656168,0.756200671195984,-0.653984725475311
0.614173114299774,0.0061744032427668,1.24958419799805,-0.0087445927783846,0.0189527217298746,0.756235063076019,-0.653967142105103
0.613442540168762,0.0070335380733013,1.24901223182678,-0.0089858267456293,0.01694649271667,0.756190717220306,-0.65407007932663
0.614648699760437,0.0056537915952503,1.24952483177185,-0.0094150314107537,0.0196327734738588,0.757058620452881,-0.652984023094177
0.614856362342834,0.0055452026426792,1.24954152107239,-0.0096442624926567,0.0195675808936357,0.757286310195923,-0.652718544006348
0.614533483982086,0.0061847087927162,1.2492390871048,-0.0098918210715055,0.0178222209215164,0.757029056549072,-0.653063237667084
0.615198791027069,0.0053299874998629,1.24955368041992,-0.0098454440012574,0.0194939114153385,0.757397413253784,-0.652588903903961
0.615361869335175,0.0053472095169126,1.24942624568939,-0.0102324336767196,0.0193179287016391,0.757572948932648,-0.652384459972382
0.615503549575806,0.0052396273240447,1.24941956996918,-0.0102946534752845,0.0192711651325225,0.757650136947632,-0.652295172214508
0.615615665912628,0.0051673725247383,1.24941909313202,-0.0102837020531296,0.0190980564802885,0.757729589939117,-0.652208089828491
0.615814387798309,0.0052814153023064,1.24956607818604,-0.0103736761957407,0.0190769061446189,0.757050752639771,-0.652995049953461
0.615936696529388,0.0048331283032894,1.24953782558441,-0.0103179235011339,0.0190772172063589,0.757754147052765,-0.652179598808289
0.616059303283691,0.0047596986405551,1.24954116344452,-0.0104686040431261,0.0189554039388895,0.757741570472717,-0.652195394039154
0.616190373897552,0.0046383547596633,1.24956858158112,-0.0107590081170201,0.0190141890197992,0.757693111896515,-0.652245283126831
0.616346538066864,0.0044473712332546,1.24963879585266,-0.0108590805903077,0.019009256735444,0.757541537284851,-0.652419865131378
0.616524279117584,0.0048837698996067,1.24961876869202,-0.011221601627767,0.0189151931554079,0.756915628910065,-0.653142511844635
0.616724193096161,0.0048472108319401,1.24953186511993,-0.0116784265264868,0.0191048234701156,0.756848990917206,-0.65320611000061
0.616881191730499,0.0047735106199979,1.24954795837402,-0.0118994414806365,0.0192135274410247,0.756745398044586,-0.653319001197815
0.617006123065948,0.0047402982600033,1.24946117401123,-0.0124117899686098,0.0190559662878513,0.756739735603333,-0.65332043170929
0.617191433906555,0.0046798838302493,1.2494729757309,-0.0127328177914023,0.0192419942468404,0.756592333316803,-0.653479635715485
0.617349028587341,0.004257321357727,1.24947845935822,-0.0128452330827713,0.0195350889116525,0.75712925195694,-0.65284675359726
0.617507815361023,0.0040818960405886,1.24956738948822,-0.0128292022272944,0.0197832621634006,0.756836712360382,-0.653178632259369
0.617588460445404,0.0040222662501037,1.24957382678986,-0.0131132919341325,0.019973574206233,0.756702542304993,-0.653322577476501
0.617648720741272,0.0039920033887028,1.24960112571716,-0.0131173525005579,0.0196646712720394,0.756644785404205,-0.653398871421814
0.617787539958954,0.0039175888523459,1.24963963031769,-0.0131250396370887,0.0200761388987302,0.756305873394012,-0.653778314590454
0.617868781089783,0.003917584195733,1.24962055683136,-0.0132289668545126,0.0202174540609121,0.756113350391388,-0.653994739055634
0.617950916290283,0.0038865492679178,1.24961733818054,-0.0132400123402476,0.020487193018198,0.755930840969086,-0.654196918010712
0.618096768856049,0.0038736071437597,1.24962246417999,-0.0131939565762877,0.0213701799511909,0.755638360977173,-0.654507517814636
0.618172824382782,0.0038796872831881,1.24961233139038,-0.0133826388046145,0.0214601904153823,0.755458533763885,-0.654708206653595
0.618232786655426,0.0038969283923506,1.24961483478546,-0.0134531995281577,0.0210816040635108,0.755374729633331,-0.654815673828125
0.618182241916656,0.0038571557961404,1.24968767166138,-0.0132346982136368,0.0216370746493339,0.75507390499115,-0.655149042606354
0.618349850177765,0.0039024371653795,1.24971926212311,-0.0132792284712195,0.0220093932002782,0.754926979541779,-0.655304968357086
0.618349850177765,0.0039024371653795,1.24971926212311,-0.0132792284712195,0.0220093932002782,0.754926979541779,-0.655304968357086
0.618594825267792,0.0040598767809569,1.24964845180511,-0.0141242379322648,0.0230076182633638,0.754773497581482,-0.655429780483246
0.618557512760162,0.0041346764191985,1.24972641468048,-0.0136404717341065,0.0230099335312843,0.754546165466309,-0.655701577663422
0.618617117404938,0.0042120786383748,1.24976480007172,-0.0137774972245097,0.0233315955847501,0.754309892654419,-0.655959069728851
0.61870950460434,0.0043190061114728,1.24976241588593,-0.0137659152969717,0.023571802303195,0.754110753536224,-0.656179785728455
0.618716239929199,0.0044990046881139,1.24975502490997,-0.0137405088171362,0.0236726775765419,0.75372576713562,-0.656618893146515
0.618638277053833,0.0048184739425778,1.24968576431274,-0.0133120119571685,0.0237928126007318,0.752842903137207,-0.65763533115387
0.61867082118988,0.004967170767486,1.24969732761383,-0.0132442098110914,0.0241118837147951,0.752595722675323,-0.657908082008362
0.61870801448822,0.0051107057370245,1.24968910217285,-0.0132147632539272,0.0243634097278118,0.752339243888855,-0.65819263458252
0.618724048137665,0.0053107049316167,1.24969506263733,-0.0132018756121397,0.0241339914500713,0.752157270908356,-0.658409178256989
0.618819773197174,0.0054600187577307,1.24975228309631,-0.0130251422524452,0.0245901495218276,0.751721084117889,-0.658893883228302
0.61851704120636,0.006215845234692,1.24949765205383,-0.0133756082504987,0.0234018675982952,0.751579821109772,-0.659091114997864
0.618982434272766,0.0057221353054046,1.24977374076843,-0.0134412012994289,0.025049589574337,0.751764714717865,-0.658818364143372
0.619006097316742,0.0059699537232518,1.24979972839355,-0.0134713724255561,0.0259041134268045,0.751285433769226,-0.659331381320953
0.619087159633636,0.0065357601270079,1.24983417987823,-0.0134564274922013,0.0262025687843561,0.750290632247925,-0.660451710224152
0.619074046611786,0.0068180318921804,1.24979853630066,-0.0133354477584362,0.0261146277189254,0.749950110912323,-0.660844266414642
0.619096875190735,0.0070573133416473,1.24981081485748,-0.0134406350553035,0.0263624619692564,0.749582469463348,-0.661249339580536
0.619159281253815,0.0073229065164923,1.24980926513672,-0.0134737510234117,0.027168845757842,0.749098181724548,-0.661764442920685
0.619261562824249,0.0072447089478373,1.24973201751709,-0.0138495285063982,0.0280007757246494,0.749406218528748,-0.661373198032379
0.6192347407341,0.0074214851483702,1.24987030029297,-0.0134085286408662,0.0280969608575105,0.74877142906189,-0.662096679210663
0.619182646274567,0.0077243554405868,1.2498345375061,-0.0133893620222806,0.0283503886312246,0.748412251472473,-0.662492394447327
0.619271695613861,0.0079437773674726,1.24991846084595,-0.0133032035082578,0.0288858152925968,0.747819900512695,-0.663139522075653
0.619330227375031,0.0086302142590284,1.24994778633118,-0.0134386997669935,0.0290829967707395,0.74680107831955,-0.664275407791138
0.619402229785919,0.0085669830441474,1.24987828731537,-0.013696146197617,0.0300510581582784,0.747005462646484,-0.663997173309326
0.619385123252869,0.0088876476511359,1.24988162517548,-0.0138229504227638,0.0302611924707889,0.74661111831665,-0.664428293704987
0.619287312030792,0.0091493632644414,1.24982798099518,-0.0138448067009449,0.0305295549333095,0.746280670166016,-0.664786756038666
0.619222342967987,0.0094290263950824,1.24982810020447,-0.01378970220685,0.0307909194380044,0.745875298976898,-0.665230631828308
0.619240581989288,0.0101138493046164,1.24984383583069,-0.0137160224840044,0.0309618953615427,0.744773626327515,-0.666457414627075
0.619125485420227,0.0099918125197291,1.24982285499573,-0.013453166000545,0.0314192660152912,0.744873046875,-0.666330277919769
0.619078695774078,0.0106364730745553,1.24985575675964,-0.0135355703532695,0.0309118311852216,0.743974804878235,-0.667355179786682
0.618989825248718,0.0109568070620298,1.24985206127167,-0.0135241579264402,0.0311034619808197,0.743581593036652,-0.667784512042999
0.618933379650116,0.010854891501367,1.24988973140717,-0.0131214065477252,0.0322444401681423,0.743448495864868,-0.6678866147995
0.618811368942261,0.0115606021136045,1.24989223480225,-0.0131956320255994,0.0322295874357223,0.742664873600006,-0.668757140636444
0.618579506874084,0.0117356162518262,1.24984967708588,-0.0128569332882761,0.0324084945023059,0.74226051568985,-0.669203758239746
0.618494272232056,0.0122953923419117,1.24997997283936,-0.0128529798239469,0.0322140268981456,0.741549909114838,-0.670000672340393
0.618438005447388,0.0126381739974021,1.25001418590546,-0.012855009175837,0.0325764417648315,0.741131663322449,-0.670445740222931
0.617913067340851,0.0132919810712337,1.24975526332855,-0.0129482466727495,0.0315124876797199,0.740910947322845,-0.670738637447357
0.617844998836517,0.0137003809213638,1.24978923797607,-0.013055445626378,0.0317228846251964,0.740498661994934,-0.671181857585907
0.618241548538208,0.0137971453368663,1.25008487701416,-0.01298239082098,0.0333275236189365,0.739681899547577,-0.672005534172058
0.617361307144165,0.015105914324522,1.24953484535217,-0.0133394487202167,0.0314660929143428,0.73914098739624,-0.67268306016922
0.617233455181122,0.0151312127709388,1.24950778484344,-0.0133658656850457,0.0316888950765132,0.739213049411774,-0.67259293794632
0.618168950080872,0.0150149930268526,1.25008428096771,-0.0137643562629818,0.0343584008514881,0.738219797611237,-0.673544049263
0.617954552173615,0.0149465361610054,1.25017833709717,-0.0130268223583698,0.0345466062426567,0.738036811351776,-0.67374974489212
0.617073655128479,0.0166569929569959,1.24965465068817,-0.0133622493594884,0.0323534607887268,0.736814498901367,-0.675188362598419
0.617422044277191,0.0168433096259832,1.24983978271484,-0.0137680554762482,0.0333805829286575,0.736133754253387,-0.675872206687927
0.61770361661911,0.0166360195726156,1.25012826919556,-0.0136494198814034,0.0350376591086387,0.736140191555023,-0.675783932209015
0.617503583431244,0.0166695322841405,1.25009787082672,-0.0135594001039862,0.0351616516709327,0.736185789108276,-0.675729393959045
0.617319583892822,0.0170930922031402,1.25008368492126,-0.013531950302422,0.0352483429014682,0.735721111297607,-0.676231443881989
0.616718411445618,0.0185009557753801,1.24979901313782,-0.0135165955871343,0.0339528024196624,0.734214127063751,-0.677933692932129
0.61710000038147,0.0182400625199079,1.25014197826385,-0.0132693583145737,0.0356488153338432,0.733936846256256,-0.678151845932007
0.616836965084076,0.0183493606746196,1.25006794929504,-0.013324175029993,0.0357731357216835,0.734203994274139,-0.677854955196381
0.616702735424042,0.0187210533767938,1.25010001659393,-0.0130178099498152,0.0361339300870895,0.733521997928619,-0.678579688072205
0.616702735424042,0.0187210533767938,1.25010001659393,-0.0130178099498152,0.0361339300870895,0.733521997928619,-0.678579688072205
0.616453468799591,0.0201348364353179,1.25002110004425,-0.0137767009437084,0.0362978354096412,0.732251286506653,-0.679926991462708
0.616259634494781,0.0205723904073238,1.25001299381256,-0.0136871384456753,0.0364046283066272,0.731826901435852,-0.680379927158356
0.614974796772003,0.0215200297534465,1.2494432926178,-0.0133291902020573,0.0341205149888992,0.731637001037598,-0.680709600448608
0.615843415260315,0.0210749208927154,1.24998986721039,-0.0136721730232238,0.0369279272854328,0.731364607810974,-0.680848836898804
0.615571558475494,0.0218690056353807,1.25004625320435,-0.0133114652708172,0.035938236862421,0.730223119258881,-0.682133197784424
0.615556478500366,0.0222386643290519,1.25008988380432,-0.0134622771292924,0.03648417070508,0.729816496372223,-0.682536125183105
0.615432858467102,0.0222616866230964,1.25011646747589,-0.0131000820547342,0.0376243107020854,0.729722499847412,-0.682581961154938
0.615228295326233,0.0227815303951501,1.25009608268738,-0.0131571507081389,0.0374672934412956,0.729362487792969,-0.682973921298981
0.61499011516571,0.0237183682620525,1.25001275539398,-0.0134788705036044,0.0369301810860633,0.728405177593231,-0.684017956256866
0.614759981632233,0.0238945055752992,1.24996292591095,-0.0129659473896026,0.0373056158423423,0.72851437330246,-0.68389105796814
0.614535272121429,0.0243230666965246,1.24990355968475,-0.0130089251324534,0.0370615050196647,0.728095889091492,-0.684349119663239
0.614320576190948,0.0249469764530658,1.24975323677063,-0.0132316621020436,0.036798108369112,0.727550148963928,-0.684939205646515
0.614227831363678,0.0258809719234704,1.24977016448975,-0.0133892660960555,0.0367542505264282,0.726601779460907,-0.685944616794586
0.614001929759979,0.0259375218302011,1.24974775314331,-0.0132399946451187,0.0368482954800128,0.726777911186218,-0.685755789279938
0.613707482814789,0.0267261546105146,1.24987518787384,-0.0133121525868773,0.0362406261265277,0.725589334964752,-0.687044143676758
0.613606691360474,0.0268628355115652,1.24976754188538,-0.013545922935009,0.0367351584136486,0.725915253162384,-0.686668872833252
0.613211393356323,0.0274528544396162,1.24973928928375,-0.0135330008342862,0.0360310263931751,0.725601315498352,-0.687038242816925
0.613216519355774,0.027983309701085,1.24967455863953,-0.013997015543282,0.0363374054431915,0.725302994251251,-0.687327682971954
0.613069534301758,0.0290295239537954,1.24967122077942,-0.0141324074938893,0.0363299511373043,0.72446471452713,-0.688208818435669
0.611911773681641,0.029936671257019,1.24913787841797,-0.0138071551918983,0.0340328514575958,0.724525332450867,-0.688268959522247
0.612743616104126,0.0295169875025749,1.24975967407227,-0.0137458713725209,0.0364763140678405,0.724271059036255,-0.68841278553009
0.612658679485321,0.0304328482598066,1.24975764751434,-0.013993751257658,0.0365314409136772,0.723452270030975,-0.689265191555023
0.611491739749908,0.0318231619894504,1.24909317493439,-0.0139228189364075,0.034112524241209,0.723089993000031,-0.689770638942719
