x,y,z,q0,q1,q2,q3
-0.566403329372406,0.0169754326343536,1.32348084449768,0.403891742229462,-0.40056785941124,-0.511171817779541,-0.644298315048218
-0.566570580005646,0.0174029618501663,1.32354772090912,0.404167205095291,-0.400638073682785,-0.511734187602997,-0.643635153770447
-0.56674200296402,0.0177835077047348,1.3235342502594,0.403550386428833,-0.400041073560715,-0.509279906749725,-0.646334588527679
-0.566804826259613,0.0181697756052017,1.32358276844025,0.403945684432983,-0.399913161993027,-0.510016441345215,-0.645585536956787
-0.566900312900543,0.0185281857848167,1.32362842559814,0.404019564390182,-0.399904936552048,-0.510769128799438,-0.644948840141296
-0.566944658756256,0.0189011469483375,1.32358181476593,0.404032379388809,-0.399991512298584,-0.511698842048645,-0.644149541854858
-0.567001700401306,0.0192308723926544,1.32362341880798,0.40419539809227,-0.399956911802292,-0.512297749519348,-0.643592774868011
-0.567054152488708,0.0194988623261451,1.32362484931946,0.404231756925583,-0.399957418441772,-0.512934446334839,-0.643062472343445
-0.567064881324768,0.0198598355054855,1.32365190982819,0.404464036226273,-0.400170832872391,-0.513853192329407,-0.642049193382263
-0.567055761814117,0.0202172398567199,1.32367753982544,0.404521614313126,-0.400288939476013,-0.514436781406403,-0.64147162437439
-0.567064642906189,0.0205662250518798,1.32369065284729,0.404594898223877,-0.400392562150955,-0.514967441558838,-0.640934824943542
-0.567048311233521,0.020886555314064,1.32373559474945,0.404847234487534,-0.400377720594406,-0.515687108039856,-0.64020574092865
-0.566872417926788,0.0212916433811187,1.3237841129303,0.406862854957581,-0.399112343788147,-0.517598986625671,-0.638171911239624
-0.566796898841858,0.0217184871435165,1.32371723651886,0.40696781873703,-0.399539262056351,-0.518225848674774,-0.637328505516052
-0.56675386428833,0.0220535695552825,1.32367408275604,0.407136499881744,-0.399756103754044,-0.518664717674255,-0.636727571487427
-0.566745579242706,0.0223783999681472,1.32365226745605,0.407294183969498,-0.399961441755295,-0.519101500511169,-0.63614147901535
-0.566745579242706,0.0223783999681472,1.32365226745605,0.407294183969498,-0.399961441755295,-0.519101500511169,-0.63614147901535
-0.566665649414062,0.0230483040213584,1.3235844373703,0.407921373844147,-0.400312542915344,-0.520065665245056,-0.634729623794556
-0.566665649414062,0.0230483040213584,1.3235844373703,0.407921373844147,-0.400312542915344,-0.520065665245056,-0.634729623794556
-0.56653493642807,0.0236044377088546,1.32344102859497,0.408817797899246,-0.400556206703186,-0.524977147579193,-0.629937946796417
-0.56648051738739,0.0239400640130043,1.32334554195404,0.409314036369324,-0.400849133729935,-0.524858593940735,-0.629528045654297
-0.566633939743042,0.0242335647344589,1.32322764396667,0.408423453569412,-0.402643769979477,-0.524132013320923,-0.629566609859467
-0.566587030887604,0.0245406776666641,1.32311642169952,0.408703327178955,-0.402844250202179,-0.52456146478653,-0.628898680210114
-0.566516160964966,0.0248476117849349,1.32303142547607,0.408972233533859,-0.403106212615967,-0.524740159511566,-0.628406465053558
-0.566474914550781,0.0251460745930671,1.32297241687775,0.409334570169449,-0.403337717056274,-0.524851322174072,-0.627929210662842
-0.566401600837708,0.0255245119333267,1.32292115688324,0.409742802381516,-0.403662770986557,-0.524863660335541,-0.627443611621857
-0.566316962242126,0.0258557051420211,1.32279324531555,0.409812480211258,-0.403799802064896,-0.524470508098602,-0.627638518810272
-0.566204786300659,0.0261898264288902,1.32269966602325,0.410215973854065,-0.404103338718414,-0.524521946907043,-0.627136409282684
-0.566154897212982,0.0264417827129364,1.32261848449707,0.410466462373734,-0.404394030570984,-0.524369120597839,-0.626912891864777
-0.566101431846619,0.0267581045627594,1.32250082492828,0.410808831453323,-0.404754877090454,-0.524312257766724,-0.62650328874588
-0.566003143787384,0.0270673334598541,1.32237684726715,0.411346226930618,-0.404900580644607,-0.524246215820312,-0.626111567020416
-0.565905034542084,0.0273662880063056,1.32228970527649,0.411697417497635,-0.405185282230377,-0.524144351482391,-0.625781834125519
-0.56577467918396,0.0276803076267242,1.32218647003174,0.412256807088852,-0.406165897846222,-0.519723236560822,-0.628459632396698
-0.565393269062042,0.028171107172966,1.32199907302856,0.41449561715126,-0.405129134654999,-0.520888388156891,-0.626689076423645
-0.565355062484741,0.0284685790538787,1.32212424278259,0.415078848600388,-0.40571191906929,-0.519837081432343,-0.626798689365387
-0.565429091453552,0.0286010354757308,1.32192635536194,0.412694156169891,-0.406121045351028,-0.523821890354156,-0.624787867069244
-0.565325260162354,0.0288668498396873,1.32183885574341,0.411172211170196,-0.405389130115509,-0.519993126392365,-0.629447519779205
-0.565177738666534,0.0291181057691574,1.32179093360901,0.412596881389618,-0.40633562207222,-0.520267128944397,-0.62767618894577
-0.56508195400238,0.0295207649469375,1.32165884971619,0.41312250494957,-0.407044470310211,-0.519268035888672,-0.627698481082916
-0.564989984035492,0.0297794789075851,1.32158076763153,0.413481146097183,-0.407051563262939,-0.522432804107666,-0.624825000762939
-0.564886510372162,0.0299703627824783,1.32148468494415,0.413705110549927,-0.407046586275101,-0.522296845912933,-0.624793767929077
-0.56464821100235,0.0302360206842422,1.32142639160156,0.413674920797348,-0.407452553510666,-0.522047758102417,-0.624757528305054
-0.564518392086029,0.0305345132946968,1.32135391235352,0.413845390081406,-0.407669246196747,-0.52184009552002,-0.624676525592804
-0.564386129379272,0.0307760387659072,1.32125473022461,0.413605600595474,-0.407897025346756,-0.517719030380249,-0.628106236457825
-0.564243912696838,0.0309634506702423,1.32119023799896,0.413816392421722,-0.408026039600372,-0.517434179782867,-0.628118515014648
-0.5640949010849,0.0311994403600692,1.32108378410339,0.413871318101883,-0.408080488443375,-0.51713228225708,-0.628295481204987
-0.563920736312866,0.031443603336811,1.32101142406464,0.413890063762665,-0.408270269632339,-0.516759753227234,-0.628466188907623
-0.56378448009491,0.0317318886518478,1.32097470760345,0.41252937912941,-0.407471805810928,-0.516341686248779,-0.630220174789429
-0.563621819019318,0.031962513923645,1.32092666625977,0.412517011165619,-0.407668441534042,-0.5158811211586,-0.630478382110596
-0.563621819019318,0.031962513923645,1.32092666625977,0.412517011165619,-0.407668441534042,-0.5158811211586,-0.630478382110596
-0.563108742237091,0.0324240997433662,1.3208281993866,0.41368293762207,-0.408907920122147,-0.515686571598053,-0.629069268703461
-0.562827348709106,0.0326484590768814,1.32082605361938,0.413596361875534,-0.40924009680748,-0.515271961688995,-0.62924998998642
-0.562410116195679,0.032884195446968,1.32083809375763,0.415377020835876,-0.40797546505928,-0.516035199165344,-0.6282719373703
-0.562177777290344,0.0330898761749267,1.32077980041504,0.415280282497406,-0.408337771892548,-0.515499711036682,-0.628539979457855
-0.56192022562027,0.0332747846841812,1.32074284553528,0.415145039558411,-0.408498138189316,-0.515187501907349,-0.62878143787384
-0.561664581298828,0.0334387421607971,1.32074749469757,0.415064424276352,-0.408831387758255,-0.514772891998291,-0.628957450389862
-0.561428844928741,0.0335336253046989,1.32071709632874,0.415408611297607,-0.409043729305267,-0.517122328281403,-0.626660764217377
-0.561173319816589,0.0336677134037017,1.32069456577301,0.415156990289688,-0.409093528985977,-0.516753137111664,-0.6270991563797
-0.561173319816589,0.0336677134037017,1.32069456577301,0.415156990289688,-0.409093528985977,-0.516753137111664,-0.6270991563797
-0.56059318780899,0.0340471044182777,1.32066309452057,0.412606239318848,-0.410792946815491,-0.512147009372711,-0.631435632705688
-0.560303092002869,0.0341921001672744,1.32066810131073,0.411306172609329,-0.410181879997253,-0.511078357696533,-0.633543372154236
-0.559842467308044,0.0343786925077438,1.32073760032654,0.414049178361893,-0.409962236881256,-0.512293040752411,-0.630912005901337
-0.559514164924622,0.0345032662153244,1.32076406478882,0.413845807313919,-0.410255044698715,-0.511969864368439,-0.631117522716522
-0.559089064598083,0.0346098542213439,1.32078719139099,0.413436770439148,-0.410642832517624,-0.511392295360565,-0.631601512432098
-0.558687686920166,0.0348610430955886,1.32078921794891,0.412094295024872,-0.410308241844177,-0.510491490364075,-0.633422434329987
-0.558363795280457,0.035040482878685,1.32085764408112,0.413025319576263,-0.411478012800217,-0.510412812232971,-0.632119238376617
-0.558068513870239,0.0351341068744659,1.32088935375214,0.412791132926941,-0.411657899618149,-0.510150730609894,-0.63236665725708
-0.557681977748871,0.0351447239518165,1.3209011554718,0.412274897098541,-0.411870330572128,-0.509428322315216,-0.633147001266479
-0.557308912277222,0.0352985858917236,1.32098352909088,0.412006080150604,-0.412214875221252,-0.509006977081299,-0.633436560630798
-0.557308912277222,0.0352985858917236,1.32098352909088,0.412006080150604,-0.412214875221252,-0.509006977081299,-0.633436560630798
-0.556804537773132,0.0354673117399215,1.32108449935913,0.409587621688843,-0.414216190576553,-0.50661963224411,-0.63560962677002
-0.556404769420624,0.0355682075023651,1.3211133480072,0.409200638532638,-0.414569288492203,-0.506195962429047,-0.635966062545776
-0.556095659732819,0.0356946364045143,1.32114195823669,0.409063309431076,-0.414733529090881,-0.505895376205444,-0.636186361312866
-0.555659472942352,0.035780906677246,1.32116091251373,0.409364730119705,-0.415053576231003,-0.508606374263763,-0.633617162704468
-0.555318176746368,0.0358962938189506,1.32125306129456,0.408979684114456,-0.415366113185883,-0.508266508579254,-0.633933663368225
-0.554945230484009,0.0359367281198501,1.3212765455246,0.408694565296173,-0.415429621934891,-0.508098423480988,-0.634210467338562
-0.554651737213135,0.0359624773263931,1.32136833667755,0.408413350582123,-0.415498316287994,-0.507823765277863,-0.634566605091095
-0.554368793964386,0.0360764116048812,1.32144045829773,0.408210933208466,-0.415598779916763,-0.507532298564911,-0.634864270687103
-0.554015219211578,0.0361738130450248,1.32151710987091,0.407843142747879,-0.415743887424469,-0.507340252399445,-0.635159015655518
-0.553604245185852,0.0362757891416549,1.32160770893097,0.407405138015747,-0.416008442640305,-0.506973326206207,-0.635559737682343
-0.553306043148041,0.0362948030233383,1.32166874408722,0.406487733125687,-0.41568586230278,-0.503866851329803,-0.638820052146912
-0.553007543087006,0.0364457815885543,1.32176768779755,0.406859338283539,-0.416147530078888,-0.506450712680817,-0.636234641075134
-0.552705407142639,0.0365982726216316,1.32189512252808,0.404872834682465,-0.415215104818344,-0.502633333206177,-0.641119301319122
-0.552383720874786,0.0366455912590026,1.32196271419525,0.405529618263245,-0.41618213057518,-0.502940356731415,-0.639835298061371
-0.5521320104599,0.0366894453763961,1.32203328609467,0.405304282903671,-0.41600289940834,-0.502944052219391,-0.64009165763855
-0.5521320104599,0.0366894453763961,1.32203328609467,0.405304282903671,-0.41600289940834,-0.502944052219391,-0.64009165763855
-0.551592707633972,0.0369907245039939,1.32220590114594,0.403818130493164,-0.415281742811203,-0.502026200294495,-0.642216265201569
-0.551385521888733,0.0371036082506179,1.32226121425629,0.403675556182861,-0.415124446153641,-0.501999020576477,-0.642428815364838
-0.551095962524414,0.0371995791792869,1.32230651378632,0.403569012880325,-0.415054887533188,-0.502166926860809,-0.642409563064575
-0.550897479057312,0.0373026579618454,1.32235169410706,0.404503494501114,-0.415793061256409,-0.502482533454895,-0.641096353530884
-0.550616502761841,0.037506528198719,1.32244956493378,0.404571324586868,-0.416186273097992,-0.501309871673584,-0.641716003417969
-0.550252258777618,0.0376656949520111,1.32254767417908,0.406127989292145,-0.414887696504593,-0.502494513988495,-0.640646278858185
-0.550037801265717,0.037744864821434,1.32254230976105,0.405887424945831,-0.41497528553009,-0.501981258392334,-0.641143918037415
-0.549766421318054,0.0379232019186019,1.32262146472931,0.405795872211456,-0.414965569972992,-0.502079367637634,-0.641131520271301
-0.549454867839813,0.0380662903189659,1.32262480258942,0.405498087406158,-0.41501846909523,-0.502181112766266,-0.641205966472626
-0.549236357212067,0.038205362856388,1.32263553142548,0.404729723930359,-0.414569735527039,-0.503640949726105,-0.640836715698242
-0.549108922481537,0.0385111272335052,1.32263243198395,0.403526961803436,-0.416155278682709,-0.505129039287567,-0.639394640922546
-0.548868119716644,0.0386663377285003,1.3226432800293,0.402996778488159,-0.416233062744141,-0.501546025276184,-0.642491459846497
-0.548629403114319,0.0387974455952644,1.32267117500305,0.402860999107361,-0.416329264640808,-0.501601219177246,-0.642471134662628
-0.548334360122681,0.0389942526817321,1.32266843318939,0.401104420423508,-0.415160208940506,-0.502012252807617,-0.644003868103027
-0.548011362552643,0.0391155928373336,1.32262706756592,0.402322143316269,-0.416360408067703,-0.501804709434509,-0.64262980222702
-0.548011362552643,0.0391155928373336,1.32262706756592,0.402322143316269,-0.416360408067703,-0.501804709434509,-0.64262980222702
-0.54714697599411,0.0395402759313583,1.32267487049103,0.40228483080864,-0.414328992366791,-0.5037841796875,-0.642417311668396
-0.546841740608215,0.0397434905171394,1.32267034053802,0.403365731239319,-0.41562831401825,-0.503253579139709,-0.641314923763275
-0.546438694000244,0.0399393439292907,1.32263338565826,0.403119146823883,-0.41600102186203,-0.503361999988556,-0.641143381595612
-0.546275317668915,0.0400741919875144,1.32247054576874,0.401071935892105,-0.417484611272812,-0.502082824707031,-0.642464578151703
-0.54594749212265,0.0403456538915634,1.32243049144745,0.400669485330582,-0.417607337236404,-0.501942932605743,-0.642745196819305
-0.545493841171265,0.0405610129237175,1.32242071628571,0.400353193283081,-0.418069273233414,-0.502003014087677,-0.642595052719116
-0.545013964176178,0.040783405303955,1.32235515117645,0.400164574384689,-0.418325155973434,-0.50229799747467,-0.642315447330475
-0.544486522674561,0.0412082523107528,1.32232534885406,0.401215106248856,-0.417328804731369,-0.504400670528412,-0.640658438205719
-0.544130563735962,0.0413822680711746,1.32226240634918,0.401024699211121,-0.417355567216873,-0.504383087158203,-0.640774011611938
-0.543641865253448,0.041589617729187,1.32224917411804,0.401091039180756,-0.418129295110703,-0.503709435462952,-0.640758097171783
-0.543366670608521,0.0415809825062751,1.32213771343231,0.399411141872406,-0.419293433427811,-0.502964913845062,-0.641630947589874
-0.542953431606293,0.0417355149984359,1.32198786735535,0.399244070053101,-0.419310450553894,-0.50655859708786,-0.63889080286026
-0.542467355728149,0.0420545041561126,1.32188510894775,0.399261444807053,-0.419711470603943,-0.506735801696777,-0.638476073741913
-0.542036533355713,0.0422925502061843,1.32177627086639,0.399057030677795,-0.419897943735123,-0.506726503372192,-0.638488531112671
-0.54161137342453,0.0425895452499389,1.32176506519318,0.398930341005325,-0.420478105545044,-0.506461381912231,-0.638396203517914
-0.54085373878479,0.0427310690283775,1.32170820236206,0.400380432605743,-0.419500261545181,-0.508090555667877,-0.636835336685181
-0.540574312210083,0.0427367091178894,1.32155096530914,0.39796257019043,-0.421149075031281,-0.502984464168549,-0.64130026102066
-0.540161669254303,0.0430148392915725,1.321528673172,0.397978574037552,-0.421584993600845,-0.502741813659668,-0.641194105148315
-0.539613902568817,0.0431892722845077,1.3214967250824,0.397719442844391,-0.42211440205574,-0.502635657787323,-0.641089856624603
-0.539011359214783,0.0432589426636695,1.3214408159256,0.397443652153015,-0.422518491744995,-0.502785801887512,-0.640876829624176
-0.538357198238373,0.0435601323843002,1.32152438163757,0.399203509092331,-0.421695291996002,-0.503913342952728,-0.639438152313232
-0.537774503231049,0.0437279641628265,1.32142245769501,0.398921459913254,-0.422223746776581,-0.50392359495163,-0.639257252216339
-0.537431657314301,0.0438226833939552,1.32138121128082,0.396949112415314,-0.423677325248718,-0.505751669406891,-0.638078629970551
-0.536781549453735,0.0440315306186676,1.32131040096283,0.396734058856964,-0.424095332622528,-0.505609333515167,-0.638047337532043
-0.536239326000214,0.0442416369915008,1.32133436203003,0.396468192338943,-0.424624890089035,-0.505383431911469,-0.638039529323578
-0.535699069499969,0.0443073809146881,1.32142746448517,0.395883858203888,-0.425392061471939,-0.505088806152344,-0.638124585151672
-0.534992039203644,0.0443617701530456,1.32138156890869,0.395517289638519,-0.42572957277298,-0.505189597606659,-0.638046860694885
-0.534992039203644,0.0443617701530456,1.32138156890869,0.395517289638519,-0.42572957277298,-0.505189597606659,-0.638046860694885
-0.533837854862213,0.0446410551667213,1.32136166095734,0.394777327775955,-0.426663845777512,-0.504673480987549,-0.638289630413055
-0.533185660839081,0.0448885560035705,1.32148110866547,0.394640803337097,-0.42731311917305,-0.50457364320755,-0.638018667697906
-0.532520294189453,0.0449209213256835,1.32135128974915,0.393668740987778,-0.427481591701508,-0.499780267477036,-0.642264902591705
-0.531846106052399,0.0450450479984283,1.32128417491913,0.393120944499969,-0.428072363138199,-0.499629646539688,-0.642324030399323
-0.531254291534424,0.0451535433530807,1.32124936580658,0.392888516187668,-0.428588569164276,-0.500371992588043,-0.641543745994568
-0.530583798885345,0.0452629625797271,1.32122099399567,0.392299503087997,-0.428870677947998,-0.500136256217957,-0.641899466514587
-0.52974534034729,0.0453849881887435,1.32130229473114,0.393399298191071,-0.428355574607849,-0.500993847846985,-0.640900790691376
-0.528994143009186,0.0456043854355812,1.32144522666931,0.392684131860733,-0.429415285587311,-0.500400722026825,-0.641093492507935
-0.52838671207428,0.0457158386707305,1.32142186164856,0.392318695783615,-0.429971098899841,-0.499968379735947,-0.641282141208649
-0.527700364589691,0.045923039317131,1.32139050960541,0.392136871814728,-0.430551439523697,-0.49966636300087,-0.641239285469055
-0.527110576629639,0.0458564609289169,1.32127642631531,0.39203205704689,-0.430897504091263,-0.503100216388702,-0.638379573822021
-0.526331961154938,0.0460211187601089,1.32147002220154,0.391386359930038,-0.432033866643906,-0.498979985713959,-0.641234993934631
-0.525888800621033,0.0460467785596847,1.32123601436615,0.389463841915131,-0.433712065219879,-0.49653172492981,-0.643170297145844
-0.525154829025269,0.0461314022541046,1.32119333744049,0.388833314180374,-0.434159338474274,-0.500465214252472,-0.640194475650787
-0.524588644504547,0.0461149811744689,1.32128703594208,0.387596070766449,-0.43441578745842,-0.495395869016647,-0.644697964191437
-0.523885428905487,0.0461488366127014,1.32134187221527,0.38646274805069,-0.43455496430397,-0.495657831430435,-0.645082831382751
-0.523233115673065,0.0462347939610481,1.32134664058685,0.386991888284683,-0.435702383518219,-0.498383373022079,-0.641883790493011
-0.522390365600586,0.0464897379279136,1.32147645950317,0.387994587421417,-0.435743570327759,-0.498939514160156,-0.640817642211914
-0.522390365600586,0.0464897379279136,1.32147645950317,0.387994587421417,-0.435743570327759,-0.498939514160156,-0.640817642211914
-0.521318316459656,0.0465105473995208,1.32135927677155,0.385532975196838,-0.437788873910904,-0.497046589851379,-0.642378449440002
-0.520744144916534,0.0466395914554595,1.32146120071411,0.384911596775055,-0.438546627759933,-0.496097892522812,-0.642967224121094
-0.520065128803253,0.0466435700654983,1.32141530513763,0.384369820356369,-0.439029723405838,-0.495369464159012,-0.643523037433624
-0.519360423088074,0.0467267706990242,1.32138586044312,0.382630169391632,-0.439131826162338,-0.491102248430252,-0.647746920585632
-0.519360423088074,0.0467267706990242,1.32138586044312,0.382630169391632,-0.439131826162338,-0.491102248430252,-0.647746920585632
-0.5180783867836,0.0468844249844551,1.32146072387695,0.381594449281693,-0.440294355154037,-0.489849716424942,-0.648516654968262
-0.517390787601471,0.0469461232423782,1.32146167755127,0.38190159201622,-0.441601634025574,-0.492556750774383,-0.645389258861542
-0.516839027404785,0.0470247417688369,1.32150959968567,0.381259381771088,-0.442227572202682,-0.491865992546081,-0.645866990089417
-0.516842007637024,0.0469594001770019,1.32150566577911,0.381332576274872,-0.441910773515701,-0.491049081087112,-0.646661579608917
-0.516224920749664,0.0470166802406311,1.32156789302826,0.38116642832756,-0.442687183618545,-0.49091562628746,-0.646329760551453
-0.515724182128906,0.0470234155654907,1.32188260555267,0.380433022975922,-0.443091630935669,-0.486427456140518,-0.649868428707123
-0.51514744758606,0.047156736254692,1.3219119310379,0.378825217485428,-0.442810714244842,-0.485507607460022,-0.651684522628784
-0.513190567493439,0.0471983402967453,1.32158529758453,0.377652943134308,-0.445537596940994,-0.488821744918823,-0.648018658161163
-0.512595117092133,0.0473472252488136,1.3216233253479,0.375902444124222,-0.4455187022686,-0.484497517347336,-0.652282774448395
-0.511804699897766,0.047387771308422,1.32171010971069,0.376289963722229,-0.446824789047241,-0.487165182828903,-0.649171650409698
-0.511072933673859,0.0475350022315979,1.32202577590942,0.374872028827667,-0.447487413883209,-0.482113778591156,-0.653293371200562
-0.510386765003204,0.0476429909467697,1.32211375236511,0.374179840087891,-0.449013650417328,-0.484817028045654,-0.650637149810791
-0.510047078132629,0.0476563870906829,1.32193660736084,0.372218668460846,-0.44945439696312,-0.479596346616745,-0.655310332775116
-0.509354591369629,0.0477825105190277,1.32200443744659,0.370778203010559,-0.450435698032379,-0.477617740631104,-0.656896233558655
-0.508367776870728,0.0479687601327896,1.32213819026947,0.374762624502182,-0.447891145944595,-0.480167657136917,-0.654511868953705
-0.508074223995209,0.0478700846433639,1.32199287414551,0.369308084249496,-0.451705634593964,-0.475530415773392,-0.658365070819855
-0.507536053657532,0.0480512678623199,1.32206594944,0.369478970766068,-0.452828913927078,-0.478618770837784,-0.655252158641815
-0.506774961948395,0.0481988862156868,1.3223272562027,0.368656486272812,-0.453847259283066,-0.47719332575798,-0.656050086021423
-0.506285011768341,0.0481882095336914,1.32232713699341,0.36690953373909,-0.453198373317719,-0.472110956907272,-0.661135315895081
-0.505594491958618,0.0482720434665679,1.32228231430054,0.366168171167374,-0.453991293907166,-0.471070170402527,-0.661744713783264
-0.505065679550171,0.0485025346279144,1.32241773605347,0.36562791466713,-0.454618871212006,-0.46934586763382,-0.662836611270905
-0.504685640335083,0.0483872294425964,1.32241642475128,0.3651043176651,-0.454800546169281,-0.468173056840897,-0.663829207420349
-0.504077315330505,0.0486343055963516,1.32244420051575,0.365019053220749,-0.455868691205978,-0.46724733710289,-0.663795828819275
-0.503695964813232,0.0487670302391052,1.3223979473114,0.363966554403305,-0.45612707734108,-0.464226484298706,-0.666310966014862
-0.503365576267242,0.0486868917942047,1.3221822977066,0.363239318132401,-0.455717444419861,-0.463678538799286,-0.667368829250336
-0.502709984779358,0.0490216091275215,1.32242619991302,0.362507551908493,-0.456698358058929,-0.461656928062439,-0.66849672794342
-0.502391517162323,0.0490382611751556,1.32237100601196,0.362185269594193,-0.456748366355896,-0.459946423768997,-0.669815182685852
-0.502391517162323,0.0490382611751556,1.32237100601196,0.362185269594193,-0.456748366355896,-0.459946423768997,-0.669815182685852
-0.501578807830811,0.0494769588112831,1.32239842414856,0.36109334230423,-0.457994282245636,-0.456180453300476,-0.672125279903412
-0.501283049583435,0.0496265888214111,1.32238805294037,0.360744297504425,-0.458215534687042,-0.454188704490662,-0.673509359359741
-0.501043021678925,0.0498024597764015,1.3223797082901,0.360768884420395,-0.458493560552597,-0.452603608369827,-0.67437344789505
-0.500789701938629,0.049863077700138,1.32232332229614,0.360822677612305,-0.458903580904007,-0.450852036476135,-0.675238609313965
-0.500379741191864,0.0501272976398468,1.32235729694366,0.360205888748169,-0.45953705906868,-0.448997855186462,-0.676371514797211
-0.50010222196579,0.0502854138612747,1.32230877876282,0.359799534082413,-0.459604531526565,-0.447575092315674,-0.677484035491943
-0.499856948852539,0.0503137335181236,1.32219755649567,0.36011266708374,-0.45895978808403,-0.447041481733322,-0.678106784820557
-0.499685496091843,0.0504262298345565,1.32204926013947,0.359816074371338,-0.458723902702331,-0.446010529994965,-0.679102063179016
-0.499323934316635,0.0506815090775489,1.32228088378906,0.360208481550217,-0.459936320781708,-0.448492527008057,-0.67643404006958
-0.499021142721176,0.0507648140192031,1.32235825061798,0.359876930713654,-0.459864407777786,-0.447699666023254,-0.677184104919434
-0.49883097410202,0.0510120317339897,1.32239282131195,0.359689891338348,-0.459872096776962,-0.446608394384384,-0.677998423576355
-0.49883097410202,0.0510120317339897,1.32239282131195,0.359689891338348,-0.459872096776962,-0.446608394384384,-0.677998423576355
-0.49853453040123,0.0513785779476165,1.32245969772339,0.358195126056671,-0.459086358547211,-0.441328823566437,-0.682762622833252
-0.498415678739548,0.0515667349100112,1.32251083850861,0.357938885688782,-0.458958804607391,-0.439786493778229,-0.683976888656616
-0.498298645019531,0.051845297217369,1.32260119915009,0.357816487550735,-0.459088921546936,-0.438968628644943,-0.684479057788849
-0.498222589492798,0.0520923137664794,1.32265627384186,0.357725620269775,-0.459082275629044,-0.439035773277283,-0.684487700462341
-0.49803963303566,0.0523272603750228,1.32271754741669,0.35732227563858,-0.459114998579025,-0.43743759393692,-0.685698568820953
-0.497937768697739,0.0526022017002105,1.32276165485382,0.357100427150726,-0.45923438668251,-0.436790972948074,-0.686146438121796
-0.497908234596252,0.052853062748909,1.32280874252319,0.357823610305786,-0.459742158651352,-0.439833283424377,-0.683480858802795
-0.497908234596252,0.052853062748909,1.32280874252319,0.357823610305786,-0.459742158651352,-0.439833283424377,-0.683480858802795
-0.497851401567459,0.0532193332910537,1.32290267944336,0.357981115579605,-0.459298491477966,-0.439225643873215,-0.68408727645874
-0.497833579778671,0.0534349083900451,1.32295775413513,0.358103543519974,-0.459053516387939,-0.438885301351547,-0.684405922889709
-0.497790575027466,0.0536738634109497,1.32299447059631,0.358295083045959,-0.458875149488449,-0.438707590103149,-0.684539079666138
-0.497760117053986,0.0539028644561767,1.32305061817169,0.358538597822189,-0.458620369434357,-0.438487321138382,-0.684723615646362
-0.497740924358368,0.0541440844535827,1.3230949640274,0.358672857284546,-0.458556413650513,-0.438266217708588,-0.684837639331818
-0.497487962245941,0.0543513596057891,1.32315850257874,0.361461609601974,-0.456710696220398,-0.440123438835144,-0.683412373065948
-0.497448116540909,0.0546475052833557,1.32320773601532,0.360418289899826,-0.455666720867157,-0.436373203992844,-0.687055349349976
-0.497461676597595,0.0548409670591354,1.3230094909668,0.362135350704193,-0.45629495382309,-0.440072894096375,-0.683365702629089
-0.497485995292664,0.0550536513328552,1.32317006587982,0.362425714731216,-0.456256747245789,-0.440036535263062,-0.683260679244995
-0.497562557458878,0.0552134066820144,1.32294094562531,0.362670391798019,-0.455948352813721,-0.440182477235794,-0.683242797851562
-0.497568637132645,0.055454283952713,1.32319498062134,0.362999707460403,-0.456106871366501,-0.440095216035843,-0.683018267154694
-0.497513115406036,0.0557993799448013,1.3232216835022,0.363426804542542,-0.45620259642601,-0.440035462379456,-0.682765662670135
-0.497530460357666,0.0558006167411804,1.32322633266449,0.363581448793411,-0.456029802560806,-0.440256178379059,-0.682656466960907
-0.497500270605087,0.0561615377664566,1.32328939437866,0.363775610923767,-0.456385374069214,-0.440005838871002,-0.682476758956909
-0.497512966394424,0.0562571883201599,1.32328605651855,0.364203989505768,-0.456223607063293,-0.440259099006653,-0.682193040847778
-0.497523456811905,0.0563734471797943,1.3233128786087,0.364147812128067,-0.456425338983536,-0.440063297748566,-0.682214558124542
-0.497525811195373,0.0564958974719047,1.32337582111359,0.364253163337708,-0.45656356215477,-0.440052598714828,-0.682072699069977
-0.497519046068191,0.0565394833683967,1.32336509227753,0.364656835794449,-0.45636385679245,-0.440290123224258,-0.681837320327759
-0.497521966695786,0.0566500723361969,1.32340216636658,0.364934772253036,-0.456340968608856,-0.440253466367722,-0.681727647781372
-0.49752750992775,0.0566859096288681,1.32342076301575,0.365144848823547,-0.456326633691788,-0.440362125635147,-0.681554555892944
-0.497543692588806,0.0567031800746917,1.32343208789825,0.365299940109253,-0.456246346235275,-0.440374970436096,-0.681516945362091
-0.497555732727051,0.0567262917757034,1.32344174385071,0.365494072437286,-0.456197589635849,-0.440441161394119,-0.681402683258057
-0.497585326433182,0.0567562729120254,1.32343673706055,0.365660607814789,-0.456201404333115,-0.440453380346298,-0.681302785873413
-0.497605890035629,0.056761011481285,1.32343590259552,0.36576509475708,-0.456163167953491,-0.440450608730316,-0.681273996829987
-0.497604489326477,0.056823119521141,1.32344186306,0.366001725196838,-0.4561927318573,-0.440467059612274,-0.681116461753845
-0.497645407915115,0.0568109974265098,1.32342302799225,0.366016656160355,-0.456157505512237,-0.440434038639069,-0.681153297424316
-0.497638881206512,0.0568824857473373,1.32341861724854,0.366207212209701,-0.456219285726547,-0.440569460391998,-0.680922031402588
-0.497688710689545,0.0567860454320907,1.32343292236328,0.365969151258469,-0.456260651350021,-0.440520733594894,-0.681053757667542
-0.497687608003616,0.0567737817764282,1.32342576980591,0.366034924983978,-0.45625376701355,-0.440708965063095,-0.68090146780014
-0.497691005468368,0.0567255616188049,1.32342493534088,0.365135163068771,-0.455615550279617,-0.437065184116364,-0.684152662754059
-0.497939229011536,0.0567751973867416,1.32348597049713,0.362277299165726,-0.457460463047028,-0.435137420892715,-0.685668051242828
-0.497932374477386,0.0567713007330894,1.32348799705505,0.362288147211075,-0.457400351762772,-0.435373872518539,-0.685552179813385
-0.497907042503357,0.0567613393068313,1.32350707054138,0.362313449382782,-0.457323431968689,-0.435702323913574,-0.685381472110748
-0.497937679290771,0.056730180978775,1.32349586486816,0.362231254577637,-0.457105845212936,-0.436038047075272,-0.685356497764587
-0.49789372086525,0.0567449480295181,1.32351338863373,0.362104207277298,-0.457071781158447,-0.436314195394516,-0.6852707862854
-0.497845888137817,0.0568035542964935,1.32354211807251,0.36206591129303,-0.457065016031265,-0.436625003814697,-0.685097455978394
-0.497805953025818,0.0567589104175567,1.32358849048615,0.361923426389694,-0.456992626190185,-0.437000513076782,-0.684981465339661
-0.497799456119537,0.0565623342990875,1.32340896129608,0.361700922250748,-0.456549823284149,-0.43757438659668,-0.68502801656723
-0.497662395238876,0.0566754192113876,1.32345867156982,0.361471086740494,-0.456701695919037,-0.437801331281662,-0.684903204441071
-0.497602015733719,0.0565700158476829,1.32350611686707,0.361368954181671,-0.45640167593956,-0.438386112451553,-0.684782803058624
-0.497509121894836,0.056563600897789,1.32357203960419,0.361057460308075,-0.456387162208557,-0.438742637634277,-0.684728562831879
-0.497447669506073,0.0565807223320007,1.32361114025116,0.360834747552872,-0.456315964460373,-0.439133375883102,-0.684642970561981
-0.497373938560486,0.0565793216228485,1.32364797592163,0.360643625259399,-0.456228882074356,-0.439541935920715,-0.684539377689362
-0.497373938560486,0.0565793216228485,1.32364797592163,0.360643625259399,-0.456228882074356,-0.439541935920715,-0.684539377689362
-0.497144401073456,0.0566950589418411,1.32370984554291,0.360133528709412,-0.456161439418793,-0.440374255180359,-0.684318006038666
-0.497060865163803,0.0567394271492958,1.32374799251556,0.360081970691681,-0.456171602010727,-0.44174000620842,-0.683457612991333
-0.496923536062241,0.0567622482776641,1.32380747795105,0.360376328229904,-0.455534994602203,-0.441771179437637,-0.683706998825073
-0.496840745210648,0.0568112060427665,1.32384765148163,0.360428661108017,-0.455346077680588,-0.443284094333649,-0.682825207710266
-0.496748715639114,0.0568967908620834,1.32387983798981,0.360404312610626,-0.455252915620804,-0.443755805492401,-0.682593762874603
-0.496686577796936,0.0570106208324432,1.32392501831055,0.36006560921669,-0.455061465501785,-0.443961590528488,-0.682766437530518
-0.496677786111832,0.0571795105934143,1.32397198677063,0.359533399343491,-0.455161213874817,-0.443319469690323,-0.683397352695465
-0.496618151664734,0.0573330000042915,1.32399022579193,0.359445542097092,-0.455265700817108,-0.443561106920242,-0.68321704864502
-0.496307373046875,0.0574985370039939,1.32412028312683,0.362246006727219,-0.453682988882065,-0.446183621883392,-0.681080102920532
-0.496262818574905,0.0575307682156562,1.32410061359406,0.362276166677475,-0.45346200466156,-0.446683496236801,-0.680883407592773
-0.496222138404846,0.0576191246509552,1.32409453392029,0.362322717905045,-0.453314691781998,-0.447151303291321,-0.68064957857132
-0.496392965316772,0.0580250322818756,1.32408010959625,0.359908074140549,-0.45514965057373,-0.445227831602097,-0.681965708732605
-0.496366709470749,0.0582019984722137,1.32404828071594,0.359972804784775,-0.455158591270447,-0.445470780134201,-0.681766927242279
-0.496283233165741,0.058412492275238,1.32401895523071,0.360114276409149,-0.455163031816482,-0.445878624916077,-0.681422412395477
-0.496278762817383,0.0585924759507179,1.32393300533295,0.35971388220787,-0.454796254634857,-0.446132779121399,-0.68171238899231
-0.496257543563843,0.0587828904390335,1.3238890171051,0.359897196292877,-0.454785495996475,-0.446403980255127,-0.681445300579071
-0.496253222227097,0.0589286684989929,1.32382822036743,0.360070914030075,-0.45468345284462,-0.446726769208908,-0.681210041046143
-0.496236354112625,0.0591349005699157,1.32379066944122,0.36084446310997,-0.454241007566452,-0.447552144527435,-0.680553793907166
-0.496207505464554,0.0593091994524002,1.32372915744781,0.361291944980621,-0.454065442085266,-0.448015838861465,-0.680128455162048
-0.496162623167038,0.059414803981781,1.32347846031189,0.361653566360474,-0.453746497631073,-0.448579728603363,-0.679777204990387
-0.496114253997803,0.0597069710493087,1.32340919971466,0.362147480249405,-0.453744113445282,-0.448923468589783,-0.679288744926453
-0.496040612459183,0.0600996315479278,1.32336068153381,0.362535685300827,-0.45398285984993,-0.449058294296265,-0.678832948207855
-0.496065825223923,0.0603469535708427,1.32327854633331,0.363751709461212,-0.455213189125061,-0.452701270580292,-0.674927651882172
-0.496375113725662,0.0606753975152969,1.3234851360321,0.364404678344727,-0.455179274082184,-0.45267853140831,-0.674613475799561
-0.496374994516373,0.0608683973550796,1.3233757019043,0.364874064922333,-0.455064326524734,-0.453264951705933,-0.674043357372284
-0.496318459510803,0.0612086504697799,1.32331621646881,0.365376025438309,-0.455220520496368,-0.453521490097046,-0.673493206501007
-0.496281266212463,0.0613545775413513,1.32323122024536,0.3657106757164,-0.45513254404068,-0.453886359930038,-0.673125028610229
-0.496237128973007,0.0615463331341743,1.32308447360992,0.36608350276947,-0.455091893672943,-0.45418393611908,-0.672749102115631
-0.495897471904755,0.0616943836212158,1.32301449775696,0.369195640087128,-0.453170865774155,-0.456690430641174,-0.67064493894577
-0.495794862508774,0.0621261596679687,1.32291173934937,0.369815915822983,-0.453354358673096,-0.456843495368958,-0.670074701309204
-0.495891749858856,0.0621521770954132,1.32279801368713,0.369176357984543,-0.453809231519699,-0.456447392702103,-0.670389354228973
-0.495653986930847,0.062437504529953,1.32242488861084,0.369450360536575,-0.45395240187645,-0.456908047199249,-0.669827282428741
-0.495648443698883,0.0626752078533172,1.3223512172699,0.369860887527466,-0.453992933034897,-0.457030147314072,-0.669489979743958
-0.495561957359314,0.0630040541291236,1.32228744029999,0.370868891477585,-0.45370626449585,-0.457609355449677,-0.668730676174164
-0.495772302150726,0.0634199455380439,1.32215225696564,0.36927741765976,-0.455253064632416,-0.456023156642914,-0.669643104076385
-0.495896100997925,0.0636815279722213,1.32235550880432,0.369947969913483,-0.455236971378326,-0.456222862005234,-0.669147610664368
-0.495873153209686,0.0639099329710006,1.32226634025574,0.370227009057999,-0.455317437648773,-0.456426620483398,-0.668799519538879
-0.495833605527878,0.0642917826771736,1.3222017288208,0.370471596717834,-0.455632448196411,-0.456454306840897,-0.66843056678772
-0.495788365602493,0.0646366775035858,1.32215988636017,0.370895862579346,-0.455792129039764,-0.456652164459229,-0.667951047420502
-0.495784163475037,0.064785286784172,1.322105884552,0.371395260095596,-0.455575466156006,-0.457196027040482,-0.667449295520782
-0.495784163475037,0.064785286784172,1.322105884552,0.371395260095596,-0.455575466156006,-0.457196027040482,-0.667449295520782
-0.495693475008011,0.0652146935462951,1.32198131084442,0.37221172451973,-0.455393195152283,-0.457866758108139,-0.666658461093903
-0.495614737272263,0.0653966069221496,1.32195341587067,0.373027265071869,-0.455027610063553,-0.458674967288971,-0.665896356105804
-0.49554368853569,0.0657131224870681,1.32189476490021,0.37372088432312,-0.45486131310463,-0.458940774202347,-0.665437579154968
-0.495523273944855,0.0658614933490753,1.32178819179535,0.373932152986526,-0.454795151948929,-0.459199875593185,-0.665185570716858
-0.495488733053207,0.0662705153226852,1.3217465877533,0.374152362346649,-0.455089151859283,-0.459032714366913,-0.664975941181183
-0.495451420545578,0.0665359497070312,1.32171046733856,0.374499499797821,-0.455093890428543,-0.459248691797256,-0.664628088474274
-0.495344698429108,0.0666803419589996,1.32161855697632,0.37474000453949,-0.455006033182144,-0.459728807210922,-0.664220631122589
-0.495323002338409,0.0669430643320083,1.3216016292572,0.374882906675339,-0.45510321855545,-0.459804862737656,-0.664020597934723
-0.495268106460571,0.0672161355614662,1.3215434551239,0.375185459852219,-0.455085635185242,-0.460044890642166,-0.663695573806763
-0.495160430669784,0.0674112066626548,1.3214248418808,0.375659465789795,-0.454823315143585,-0.460530668497086,-0.663270235061646
-0.495124757289886,0.0676473751664161,1.32136654853821,0.375962287187576,-0.454755783081055,-0.460718601942062,-0.66301429271698
-0.495088487863541,0.0678769648075103,1.32132601737976,0.376195728778839,-0.454752117395401,-0.460992932319641,-0.662693679332733
-0.495065182447433,0.0681566447019577,1.32127773761749,0.376250773668289,-0.454905331134796,-0.461002260446548,-0.662550747394562
-0.495014190673828,0.0684267804026603,1.3212286233902,0.376631557941437,-0.454824388027191,-0.46134740114212,-0.662149548530579
-0.49512380361557,0.0687132030725479,1.3210357427597,0.376994907855987,-0.454581946134567,-0.461431264877319,-0.662050724029541
-0.49506065249443,0.0690187364816665,1.32099676132202,0.377598166465759,-0.454360783100128,-0.461958408355713,-0.661490976810455
-0.49495655298233,0.0692853257060051,1.32091224193573,0.378059089183807,-0.454198479652405,-0.462391376495361,-0.661036491394043
-0.494880557060242,0.0694606602191925,1.32076382637024,0.37836018204689,-0.453835695981979,-0.462818533182144,-0.660814464092255
-0.494588404893875,0.0695980861783027,1.32061767578125,0.380663096904755,-0.452006489038467,-0.464754343032837,-0.659385442733765
-0.494550943374634,0.0697464793920517,1.32052254676819,0.380801230669022,-0.451811134815216,-0.464957475662231,-0.659296452999115
-0.494511902332306,0.0698647499084472,1.32046008110046,0.381336212158203,-0.451713681221008,-0.465506315231323,-0.658666431903839
-0.494468748569489,0.0701443254947662,1.32040774822235,0.381637364625931,-0.451596200466156,-0.465649127960205,-0.658471465110779
-0.494413286447525,0.0704127699136734,1.32034611701965,0.381452023983002,-0.451094031333923,-0.465162962675095,-0.659266352653503
-0.494345486164093,0.0707052052021026,1.32026994228363,0.381448566913605,-0.451175928115845,-0.465130597352982,-0.659235000610352
-0.494340509176254,0.0709107369184494,1.32026183605194,0.38162487745285,-0.451011389493942,-0.465360403060913,-0.659083425998688
-0.494550853967667,0.0711849331855773,1.32013392448425,0.37941437959671,-0.452528208494186,-0.463459104299545,-0.660657823085785
-0.494506299495697,0.0714822262525558,1.32008266448975,0.379776269197464,-0.452434986829758,-0.463684976100922,-0.660355150699615
-0.49447637796402,0.0718002617359161,1.3200569152832,0.37990939617157,-0.452497363090515,-0.463547825813293,-0.660332143306732
-0.494428634643555,0.0719239264726638,1.31999003887177,0.380160361528397,-0.452170670032501,-0.463813722133636,-0.660224616527557
-0.494368433952331,0.0721392929553985,1.31996440887451,0.380155175924301,-0.452085375785828,-0.46372589468956,-0.660347878932953
-0.494368433952331,0.0721392929553985,1.31996440887451,0.380155175924301,-0.452085375785828,-0.46372589468956,-0.660347878932953
-0.494126915931702,0.0725989639759063,1.31976795196533,0.380173981189728,-0.451926499605179,-0.46376696228981,-0.660416841506958
-0.494057774543762,0.0727992206811904,1.31975173950195,0.380417019128799,-0.451684087514877,-0.463928133249283,-0.660329520702362
-0.493977606296539,0.0731221958994865,1.31972348690033,0.38068762421608,-0.451623260974884,-0.464077860116959,-0.66010981798172
-0.493908286094666,0.0733387470245361,1.31968545913696,0.380829274654388,-0.451456755399704,-0.464368283748627,-0.659937798976898
-0.4939024746418,0.0734798908233642,1.31939888000488,0.380876898765564,-0.451090037822723,-0.464678913354874,-0.659942507743835
-0.493727624416351,0.0735701397061348,1.31937038898468,0.380790114402771,-0.450944572687149,-0.46506130695343,-0.659822642803192
-0.4936283826828,0.0739504992961883,1.31934630870819,0.381206810474396,-0.450852662324905,-0.465387523174286,-0.659414708614349
-0.493563890457153,0.0740676075220108,1.31929767131805,0.381172776222229,-0.45067372918129,-0.465551733970642,-0.659440696239471
-0.493470311164856,0.0744632109999656,1.31928849220276,0.380866408348083,-0.451094835996628,-0.46507203578949,-0.659668326377869
-0.493401527404785,0.0745696723461151,1.31923699378967,0.380817830562591,-0.450915962457657,-0.465258628129959,-0.659687042236328
-0.493322461843491,0.0747549831867218,1.31919491291046,0.380868434906006,-0.450803577899933,-0.465442478656769,-0.659604907035828
-0.493258982896805,0.0749176293611526,1.31915462017059,0.380914986133575,-0.450672894716263,-0.465610682964325,-0.65954864025116
-0.493093878030777,0.0752977058291435,1.31923353672028,0.381018072366714,-0.450904667377472,-0.465433090925217,-0.659456074237823
-0.4930080473423,0.0755921304225921,1.31920528411865,0.3813696205616,-0.450795263051987,-0.465523093938828,-0.659264206886292
-0.49295648932457,0.0757191479206085,1.31907558441162,0.381695568561554,-0.450310558080673,-0.465809732675552,-0.659204244613647
-0.492980092763901,0.0758167058229446,1.31885242462158,0.381831347942352,-0.449832320213318,-0.466065019369125,-0.659271836280823
-0.492530196905136,0.0757641792297363,1.31885123252869,0.385368138551712,-0.446940958499908,-0.469317227602005,-0.656868755817413
-0.492408543825149,0.0760794430971145,1.31882727146149,0.38547757267952,-0.447059422731399,-0.469257414340973,-0.656766772270203
-0.492297470569611,0.0762130916118621,1.31879699230194,0.385393857955933,-0.447041302919388,-0.469417482614517,-0.656713724136353
-0.492433041334152,0.0766997560858726,1.31873190402985,0.381690144538879,-0.450071752071381,-0.466221570968628,-0.659079313278198
-0.492242485284805,0.0769012719392776,1.31862998008728,0.381486982107162,-0.450204849243164,-0.466258138418198,-0.659080266952515
-0.492128938436508,0.077114038169384,1.3185943365097,0.381603628396988,-0.45013952255249,-0.46630734205246,-0.659022569656372
-0.492008030414581,0.0773037821054458,1.31854200363159,0.381575137376785,-0.45013427734375,-0.466201931238174,-0.659117341041565
-0.491888910531998,0.0774874836206436,1.31848335266113,0.381614863872528,-0.450089812278748,-0.466228485107422,-0.659105777740479
-0.491743832826614,0.077711671590805,1.3184278011322,0.381737500429153,-0.450080275535583,-0.466217011213303,-0.659049332141876
-0.491402924060821,0.0777384862303733,1.31837272644043,0.384007453918457,-0.448306560516357,-0.468361288309097,-0.657417118549347
-0.491269201040268,0.0779481828212738,1.31830954551697,0.384069591760635,-0.448312669992447,-0.468323200941086,-0.657403767108917
-0.491014033555984,0.0781614780426025,1.31830263137817,0.384034782648086,-0.448528975248337,-0.468465059995651,-0.657175421714783
-0.490898579359055,0.0783296599984169,1.31823861598969,0.384015411138534,-0.448553651571274,-0.468531042337418,-0.65712296962738
-0.490918755531311,0.0786173641681671,1.31806337833405,0.381689578294754,-0.450375586748123,-0.466611862182617,-0.65859580039978
-0.490777313709259,0.0787855088710784,1.31800150871277,0.381573736667633,-0.450522392988205,-0.466799646615982,-0.658429324626923
-0.490647047758102,0.0789509937167167,1.3179190158844,0.381331115961075,-0.450726330280304,-0.466753661632538,-0.658463001251221
-0.490548223257065,0.0791281163692474,1.31783866882324,0.381127148866653,-0.450796544551849,-0.466893494129181,-0.658433794975281
-0.490462958812714,0.079272985458374,1.31776595115662,0.381046831607819,-0.450840622186661,-0.466915041208267,-0.658434927463531
-0.490394175052643,0.0794652178883552,1.31771290302277,0.381022572517395,-0.450931012630463,-0.466822147369385,-0.658452928066254
-0.490278303623199,0.0795809030532836,1.31766092777252,0.381403833627701,-0.450592249631882,-0.467177420854568,-0.658212065696716
-0.490384936332703,0.0798062682151794,1.31795752048492,0.381719529628754,-0.450644612312317,-0.466958373785019,-0.65814870595932
-0.490300983190536,0.0800676196813583,1.31795275211334,0.381713002920151,-0.450890719890594,-0.466847211122513,-0.65806257724762
-0.490200906991959,0.0802486985921859,1.31790733337402,0.382068157196045,-0.450700342655182,-0.467091083526611,-0.657813847064972
-0.490125447511673,0.0803371891379356,1.31776630878448,0.382274210453033,-0.45040437579155,-0.467446476221085,-0.65764445066452
-0.490060955286026,0.0805409550666809,1.31771743297577,0.382391571998596,-0.450437515974045,-0.467565029859543,-0.657469272613525
-0.490001201629639,0.0805625468492508,1.31765651702881,0.38239386677742,-0.450271338224411,-0.467757403850555,-0.657444894313812
-0.489917278289795,0.0806929990649223,1.31760776042938,0.382284551858902,-0.450339615345001,-0.467780262231827,-0.65744537115097
-0.48987004160881,0.080975592136383,1.3175311088562,0.382160723209381,-0.450619757175446,-0.467582702636719,-0.657466113567352
-0.489879876375198,0.0810626745223999,1.31747901439667,0.382047981023788,-0.450624376535416,-0.467756539583206,-0.657404720783234
-0.489943414926529,0.0812006592750549,1.31744027137756,0.382131725549698,-0.450523346662521,-0.46787041425705,-0.657344162464142
-0.489985287189484,0.0812990069389343,1.31741154193878,0.381957143545151,-0.450565308332443,-0.467871218919754,-0.65741640329361
-0.489736318588257,0.0813086479902267,1.31738376617432,0.384516268968582,-0.448512256145477,-0.470384389162064,-0.65553218126297
-0.489736318588257,0.0813086479902267,1.31738376617432,0.384516268968582,-0.448512256145477,-0.470384389162064,-0.65553218126297
-0.489790499210358,0.0814475566148758,1.31733918190002,0.384682655334473,-0.448204159736633,-0.471110492944717,-0.655123829841614
-0.489812344312668,0.0815154835581779,1.31732439994812,0.384716659784317,-0.448052138090134,-0.471595495939255,-0.654858887195587
-0.489834368228912,0.0816838145256042,1.31731820106506,0.384858846664429,-0.448000460863113,-0.471860259771347,-0.654619991779327
-0.489956349134445,0.0817706286907196,1.3173154592514,0.3844855427742,-0.448196411132812,-0.471730649471283,-0.654798448085785
-0.489974349737167,0.0819167792797088,1.31732213497162,0.384645998477936,-0.448172777891159,-0.472113192081451,-0.654444754123688
-0.489907294511795,0.08209890127182,1.31735265254974,0.385455936193466,-0.447701007127762,-0.472804456949234,-0.653791666030884
-0.489928841590881,0.0822071284055709,1.31738924980164,0.385618269443512,-0.447600811719894,-0.473118305206299,-0.653537511825562
-0.490206778049469,0.0824304074048996,1.31737661361694,0.382913768291473,-0.449656218290329,-0.47086626291275,-0.655340671539307
-0.490206211805344,0.082564391195774,1.31740057468414,0.383284777402878,-0.449877142906189,-0.471576988697052,-0.654460489749908
-0.490157961845398,0.0825452357530593,1.31740891933441,0.383385479450226,-0.449568331241608,-0.472222626209259,-0.654148161411285
-0.490128219127655,0.082601323723793,1.31742584705353,0.383727639913559,-0.44924607872963,-0.472974210977554,-0.653625667095184
-0.490056425333023,0.0826246589422226,1.31749451160431,0.383414506912231,-0.448842525482178,-0.473218709230423,-0.653909683227539
-0.490038573741913,0.0825913697481155,1.31750631332397,0.383364886045456,-0.448681771755219,-0.473803102970123,-0.653625965118408
-0.489943861961365,0.0826139822602272,1.31754779815674,0.383297085762024,-0.448635578155518,-0.474383950233459,-0.653275907039642
-0.489859044551849,0.0827109813690185,1.31757497787476,0.383336514234543,-0.448636025190353,-0.474772781133652,-0.65296995639801
-0.489810138940811,0.082765907049179,1.31765067577362,0.383020907640457,-0.448904812335968,-0.474987864494324,-0.652814030647278
-0.489700108766556,0.0827318355441093,1.31768131256104,0.383003264665604,-0.448737531900406,-0.475605696439743,-0.652489364147186
-0.489588916301727,0.082814447581768,1.31770741939545,0.382878124713898,-0.4488884806633,-0.475829064846039,-0.652296125888824
-0.489484578371048,0.0827259272336959,1.31766366958618,0.382750332355499,-0.44874107837677,-0.476296931505203,-0.652131080627441
-0.48939111828804,0.082760214805603,1.31769549846649,0.382562130689621,-0.448748141527176,-0.47652867436409,-0.652067363262177
-0.489243477582932,0.0828412771224975,1.31773054599762,0.38211116194725,-0.449080944061279,-0.476737290620804,-0.651950299739838
-0.489150196313858,0.0827246755361557,1.31777131557465,0.38180211186409,-0.449078023433685,-0.477164387702942,-0.651820838451385
-0.489039868116379,0.0827500075101852,1.31781721115112,0.381526827812195,-0.4492047727108,-0.477471619844437,-0.651669681072235
-0.488957643508911,0.0827020555734634,1.31790685653687,0.381368547677994,-0.449149161577225,-0.477876037359238,-0.651504039764404
-0.488899558782578,0.0827360898256301,1.3179566860199,0.38114383816719,-0.44919553399086,-0.477965086698532,-0.65153831243515
-0.488880455493927,0.0827386975288391,1.31812942028046,0.380840569734573,-0.449248701334,-0.478072941303253,-0.651599884033203
-0.488810896873474,0.0827257335186004,1.31814527511597,0.380894690752029,-0.449110805988312,-0.478556871414185,-0.651307940483093
-0.488767236471176,0.0827912241220474,1.31822907924652,0.380695909261703,-0.449235051870346,-0.478786736726761,-0.651169657707214
-0.488767236471176,0.0827912241220474,1.31822907924652,0.380695909261703,-0.449235051870346,-0.478786736726761,-0.651169657707214
-0.488679975271225,0.082688108086586,1.31833386421204,0.380298763513565,-0.449143648147583,-0.479493349790573,-0.650944769382477
-0.488679975271225,0.082688108086586,1.31833386421204,0.380298763513565,-0.449143648147583,-0.479493349790573,-0.650944769382477
-0.488652348518372,0.0825735330581665,1.31850528717041,0.380064159631729,-0.448935091495514,-0.480302482843399,-0.650628924369812
-0.488654464483261,0.0825781822204589,1.31857025623322,0.379996091127396,-0.448851704597473,-0.480644524097443,-0.650473713874817
-0.488643050193787,0.0824887752532959,1.31859362125397,0.380038857460022,-0.448494523763657,-0.481270879507065,-0.650231897830963
-0.488643050193787,0.0824887752532959,1.31859362125397,0.380038857460022,-0.448494523763657,-0.481270879507065,-0.650231897830963
-0.488441616296768,0.0824417471885681,1.31876051425934,0.382211327552795,-0.446487277746201,-0.483941078186035,-0.648355543613434
-0.48846971988678,0.0823132246732711,1.31880152225494,0.382188588380814,-0.4461550116539,-0.484496653079987,-0.648182570934296
-0.488509714603424,0.0822196751832962,1.31885671615601,0.38209143280983,-0.445906698703766,-0.484797149896622,-0.648185908794403
-0.488593310117722,0.0821071863174438,1.3185840845108,0.381943494081497,-0.445475876331329,-0.485101133584976,-0.64834201335907
-0.488697379827499,0.082085371017456,1.31862604618073,0.381983816623688,-0.445277005434036,-0.485256522893906,-0.648338556289673
-0.488760411739349,0.081990011036396,1.31870174407959,0.381989330053329,-0.445008039474487,-0.485518932342529,-0.648323595523834
-0.488851934671402,0.0819839686155319,1.31876420974731,0.381947517395019,-0.444847851991653,-0.485698878765106,-0.64832329750061
-0.489014267921448,0.0818780213594436,1.31880605220795,0.382000118494034,-0.444508075714111,-0.485963761806488,-0.648326933383942
-0.489096343517303,0.0818506255745887,1.3190735578537,0.382026076316833,-0.444459408521652,-0.486039817333221,-0.648287951946259
-0.489173173904419,0.081791952252388,1.31909418106079,0.382019102573395,-0.444285601377487,-0.486275345087051,-0.648234605789185
-0.489194750785828,0.0817971974611282,1.31906080245972,0.382036179304123,-0.44418203830719,-0.486578285694122,-0.648068130016327
-0.489292681217194,0.0817925706505775,1.31911516189575,0.381990551948547,-0.444138020277023,-0.486566841602325,-0.648133873939514
-0.489408224821091,0.0816753953695297,1.3191477060318,0.381990909576416,-0.443901181221008,-0.486743748188019,-0.648163020610809
-0.489502519369125,0.0816297978162765,1.31917381286621,0.382033824920654,-0.443772941827774,-0.487001240253448,-0.648032188415527
-0.489640384912491,0.0814585536718368,1.31899750232697,0.381179630756378,-0.444076895713806,-0.486704438924789,-0.648549675941467
-0.489764660596847,0.0813616216182708,1.31907033920288,0.381141871213913,-0.443946748971939,-0.4867083132267,-0.648658096790314
-0.489764660596847,0.0813616216182708,1.31907033920288,0.381141871213913,-0.443946748971939,-0.4867083132267,-0.648658096790314
-0.490271598100662,0.0814182609319686,1.31947958469391,0.381762802600861,-0.443811416625977,-0.486558139324188,-0.648498237133026
-0.490443497896194,0.081305906176567,1.31942856311798,0.381868451833725,-0.443515717983246,-0.486695021390915,-0.648535490036011
-0.490586578845978,0.0812744349241256,1.3194385766983,0.382074952125549,-0.443387925624847,-0.486821413040161,-0.648406445980072
-0.490774422883987,0.0811799615621566,1.31941211223602,0.382222533226013,-0.443205028772354,-0.486954510211945,-0.64834463596344
-0.490931540727615,0.081072874367237,1.31937384605408,0.382614344358444,-0.442843317985535,-0.487365305423737,-0.648051917552948
-0.49114790558815,0.080950528383255,1.31937396526337,0.382786154747009,-0.442643374204636,-0.487607836723328,-0.647904515266418
-0.491461247205734,0.080858513712883,1.31940126419067,0.383227944374084,-0.442293077707291,-0.487803101539612,-0.64773553609848
-0.491732448339462,0.0808347463607788,1.319464802742,0.383746474981308,-0.442132651805878,-0.488018184900284,-0.647376000881195
-0.491938501596451,0.0808482691645622,1.31952154636383,0.384082943201065,-0.44212132692337,-0.488178968429565,-0.647062838077545
-0.492096126079559,0.080796830356121,1.31927919387817,0.384386956691742,-0.441790014505386,-0.488580733537674,-0.64680552482605
-0.492488831281662,0.0806546956300735,1.31940317153931,0.385148376226425,-0.441296607255936,-0.489120990037918,-0.646280586719513
-0.492805808782578,0.0805733650922775,1.31943583488464,0.385644674301147,-0.441027134656906,-0.48932957649231,-0.64601081609726
-0.493076473474503,0.0804570466279983,1.31947433948517,0.385979354381561,-0.440733671188354,-0.489602148532867,-0.645804703235626
-0.493092447519302,0.0803807750344276,1.31906485557556,0.38622659444809,-0.440352141857147,-0.490302205085754,-0.645385801792145
-0.49342405796051,0.0802999660372734,1.31907212734222,0.386231809854507,-0.439786970615387,-0.490182906389236,-0.645858347415924
-0.494004994630814,0.0802202522754669,1.31931483745575,0.387298971414566,-0.439527153968811,-0.490583211183548,-0.645091950893402
-0.494382470846176,0.0801596418023109,1.31957018375397,0.387827575206757,-0.439275920391083,-0.490735501050949,-0.644829571247101
-0.494696527719498,0.0801324546337127,1.31967711448669,0.388181924819946,-0.439046800136566,-0.490987151861191,-0.644580841064453
-0.495142430067062,0.0801082551479339,1.31979060173035,0.388877034187317,-0.438553720712662,-0.49131715297699,-0.644245862960815
-0.495333522558212,0.0799236446619033,1.31988990306854,0.39103576540947,-0.436726361513138,-0.493261367082596,-0.642693042755127
-0.495612323284149,0.0798049718141555,1.31961297988892,0.391308665275574,-0.436282008886337,-0.493917018175125,-0.642325222492218
-0.496003001928329,0.0797210037708282,1.31961417198181,0.391775190830231,-0.436008840799332,-0.494280993938446,-0.641946077346802
-0.496414631605148,0.0796967223286628,1.31963849067688,0.392530173063278,-0.435808390378952,-0.494923233985901,-0.641125738620758
-0.496714472770691,0.0796908438205719,1.31945526599884,0.393136382102966,-0.435372143983841,-0.49556040763855,-0.640558123588562
-0.49703323841095,0.0795569717884063,1.3194454908371,0.39371731877327,-0.434944212436676,-0.496264636516571,-0.639946639537811
-0.497553914785385,0.0795647054910659,1.31963205337524,0.394436061382294,-0.434755980968475,-0.496446251869202,-0.639490962028503
-0.497553914785385,0.0795647054910659,1.31963205337524,0.394436061382294,-0.434755980968475,-0.496446251869202,-0.639490962028503
-0.498290121555328,0.079223908483982,1.3196907043457,0.393709123134613,-0.43150269985199,-0.499115794897079,-0.640064120292664
-0.498766243457794,0.0793378725647926,1.32012796401978,0.396165549755096,-0.433911383152008,-0.498154789209366,-0.637664318084717
-0.499115943908691,0.0791960284113884,1.31980168819427,0.396464049816132,-0.433199375867844,-0.499183267354965,-0.637158274650574
-0.499529778957367,0.079078271985054,1.32000744342804,0.397209376096725,-0.43274998664856,-0.499881148338318,-0.63645213842392
-0.499975502490997,0.0789386183023452,1.31991004943848,0.397665917873383,-0.432196259498596,-0.50057977437973,-0.635993897914886
-0.500289499759674,0.0788545683026313,1.31991684436798,0.398069232702255,-0.431871742010117,-0.501174688339233,-0.635493338108063
-0.500652134418488,0.0788949280977249,1.3198333978653,0.398447304964065,-0.431688696146011,-0.501643180847168,-0.635010957717896
-0.501077651977539,0.0787492915987968,1.32011198997498,0.399300843477249,-0.431053340435028,-0.50242155790329,-0.634290516376495
-0.501558601856232,0.0789082944393158,1.32027912139893,0.399985462427139,-0.430890440940857,-0.502777338027954,-0.633687794208527
-0.501758337020874,0.0786769092082977,1.31971979141235,0.400156795978546,-0.430196136236191,-0.503957748413086,-0.633113324642181
-0.502294600009918,0.0786176472902298,1.3198801279068,0.401014804840088,-0.42961123585701,-0.504887044429779,-0.632226645946503
-0.502693235874176,0.0785883516073226,1.31993293762207,0.40159884095192,-0.429301410913467,-0.50593513250351,-0.631227791309357
-0.503064274787903,0.0783537328243255,1.31987011432648,0.402159988880157,-0.428577661514282,-0.507216930389404,-0.630332946777344
-0.503481328487396,0.0785741060972213,1.32037007808685,0.402849078178406,-0.428779244422913,-0.507317781448364,-0.629674315452576
-0.503877997398376,0.0782585144042968,1.3202064037323,0.403392404317856,-0.427648484706879,-0.508493781089783,-0.629146695137024
-0.504331707954407,0.0782537013292312,1.32021844387054,0.402183353900909,-0.428672820329666,-0.507670342922211,-0.62988817691803
-0.504573822021484,0.0783034414052963,1.32017171382904,0.40448209643364,-0.426873981952667,-0.509528994560242,-0.628134667873383
-0.504957914352417,0.0780785083770752,1.32012951374054,0.404867112636566,-0.426002979278564,-0.510537266731262,-0.627659201622009
-0.505468845367432,0.0779632478952407,1.3199679851532,0.403657525777817,-0.426747858524323,-0.510231912136078,-0.628180265426636
-0.50586473941803,0.0778455883264541,1.31998062133789,0.404097318649292,-0.425966054201126,-0.511234223842621,-0.627612829208374
-0.506273984909058,0.0777740851044654,1.31997728347778,0.404699295759201,-0.425424695014954,-0.512108743190765,-0.62687885761261
-0.506582200527191,0.0777137577533721,1.32002246379852,0.405146300792694,-0.425132185220718,-0.51319944858551,-0.625895798206329
-0.506826102733612,0.0777373164892196,1.32010269165039,0.405734688043594,-0.424930810928345,-0.514194428920746,-0.624833941459656
-0.507131278514862,0.077564924955368,1.3199942111969,0.406011968851089,-0.424113750457764,-0.511641681194305,-0.627299547195435
-0.507286250591278,0.0776223540306091,1.32010722160339,0.408486783504486,-0.422216147184372,-0.517587423324585,-0.622073471546173
-0.50750869512558,0.0775612592697143,1.32005310058594,0.408860445022583,-0.421652495861053,-0.518846154212952,-0.621161043643951
-0.507987558841705,0.0775423347949981,1.32007193565369,0.406071156263351,-0.421644181013107,-0.515158116817474,-0.62604683637619
-0.5083327293396,0.0774302557110786,1.32001888751984,0.407611399888992,-0.421768754720688,-0.516655087471008,-0.623724043369293
-0.508622527122498,0.077316328883171,1.3200306892395,0.407136678695679,-0.42038682103157,-0.517191469669342,-0.624522089958191
-0.508735239505768,0.0773171633481979,1.32013285160065,0.409312456846237,-0.418599903583527,-0.519513666629791,-0.622369050979614
-0.509109377861023,0.0772363245487213,1.3200888633728,0.409606337547302,-0.420217096805573,-0.522799849510193,-0.618320882320404
-0.509102523326874,0.0772625356912612,1.32017731666565,0.411683350801468,-0.418453305959701,-0.525290071964264,-0.616022646427155
-0.509357690811157,0.0772204995155334,1.32020151615143,0.412060260772705,-0.417979449033737,-0.526134550571442,-0.615371465682983
-0.509560346603394,0.0772014260292053,1.32016742229462,0.41242653131485,-0.417543411254883,-0.527014374732971,-0.614668846130371
-0.509774625301361,0.0771077573299408,1.3201584815979,0.412690401077271,-0.417182475328445,-0.527815520763397,-0.614049315452576
-0.509916245937347,0.077013686299324,1.32015943527222,0.412974417209625,-0.416815519332886,-0.5288006067276,-0.613259315490723
-0.51027899980545,0.0769534930586814,1.32009875774384,0.41150489449501,-0.41798323392868,-0.528282880783081,-0.61389821767807
-0.510476350784302,0.076874166727066,1.32008981704712,0.410257697105408,-0.416834235191345,-0.525776743888855,-0.617654144763947
-0.510591626167297,0.076867789030075,1.32007765769958,0.410704791545868,-0.416487842798233,-0.526809096336365,-0.616710484027863
-0.510705232620239,0.0767417848110199,1.32007932662964,0.41070482134819,-0.41628098487854,-0.527657330036163,-0.616124629974365
-0.5107461810112,0.0766632705926895,1.32004940509796,0.412124276161194,-0.417078256607056,-0.527560174465179,-0.614719331264496
-0.510746002197266,0.076605275273323,1.32001841068268,0.412173002958298,-0.416963428258896,-0.528338730335236,-0.614095449447632
-0.510729014873505,0.0765828862786293,1.31998121738434,0.412022888660431,-0.416611224412918,-0.53051882982254,-0.612553775310516
-0.510685384273529,0.0764678120613098,1.31995379924774,0.410927325487137,-0.415945053100586,-0.530619919300079,-0.613653719425201
-0.510627448558807,0.0763735771179199,1.31992948055267,0.410714626312256,-0.415882557630539,-0.531144738197327,-0.613384366035461
-0.510555028915405,0.0762727484107017,1.31991136074066,0.410603523254394,-0.415885031223297,-0.531622767448425,-0.613042950630188
-0.510428130626678,0.0761441588401794,1.31986427307129,0.410401552915573,-0.41582977771759,-0.532154738903046,-0.612754046916962
-0.510345578193665,0.076043888926506,1.31986927986145,0.411459177732468,-0.416580080986023,-0.532864809036255,-0.61091536283493
-0.510253608226776,0.0759284943342208,1.31987917423248,0.410250753164291,-0.415942013263702,-0.532705128192902,-0.612300515174866
-0.510181903839111,0.0758053660392761,1.31989872455597,0.410191744565964,-0.415939092636108,-0.532845854759216,-0.612219631671906
-0.509990453720093,0.0756646245718002,1.31991589069366,0.412847340106964,-0.415051490068436,-0.534676134586334,-0.609435021877289
-0.509934902191162,0.0756114572286605,1.31999135017395,0.413081735372543,-0.414961755275726,-0.534767508506775,-0.6092569231987
-0.510027766227722,0.0753797739744186,1.32000958919525,0.411138713359833,-0.416485577821732,-0.533365964889526,-0.610758244991302
-0.509992063045502,0.0752388834953308,1.32002604007721,0.411059081554413,-0.416434496641159,-0.533375322818756,-0.610838353633881
-0.509959816932678,0.0751272141933441,1.32007050514221,0.409981220960617,-0.415656507015228,-0.532983899116516,-0.612432420253754
-0.509957671165466,0.0751381814479827,1.32012140750885,0.410179108381271,-0.415639400482178,-0.532908022403717,-0.612377464771271
-0.509903609752655,0.0750106200575828,1.32013392448425,0.411188364028931,-0.416230946779251,-0.533316850662231,-0.610941171646118
-0.509857714176178,0.0749455690383911,1.32019996643066,0.411206066608429,-0.41606080532074,-0.533423721790314,-0.610952019691467
-0.509703159332275,0.0748680382966995,1.32027113437653,0.411940038204193,-0.413624435663223,-0.534529387950897,-0.611145496368408
-0.509675741195679,0.0748030021786689,1.32030367851257,0.411898493766785,-0.413484156131744,-0.534609973430634,-0.611197829246521
-0.509583592414856,0.0747446864843368,1.32035660743713,0.41192838549614,-0.413330674171448,-0.534777402877808,-0.611135065555573
-0.509527921676636,0.0747119858860969,1.32042527198792,0.413047730922699,-0.413920193910599,-0.535180628299713,-0.609625697135925
-0.509527921676636,0.0747119858860969,1.32042527198792,0.413047730922699,-0.413920193910599,-0.535180628299713,-0.609625697135925
-0.509639859199524,0.074752539396286,1.32046270370483,0.410529345273972,-0.414478749036789,-0.533318519592285,-0.612571954727173
-0.509588181972504,0.0746120736002922,1.32046139240265,0.411675661802292,-0.414746254682541,-0.53381484746933,-0.611187636852264
-0.509538888931274,0.074599765241146,1.32049405574799,0.410615384578705,-0.413928270339966,-0.53311949968338,-0.613059759140015
-0.509516358375549,0.0745675414800643,1.32050251960754,0.410701245069504,-0.413697957992554,-0.532943546772003,-0.61331045627594
-0.509516358375549,0.0745675414800643,1.32050251960754,0.410701245069504,-0.413697957992554,-0.532943546772003,-0.61331045627594
-0.509446799755096,0.0746615603566169,1.32052636146545,0.410804271697998,-0.41362053155899,-0.532112598419189,-0.614014863967896
-0.509376585483551,0.0745705142617225,1.32049190998077,0.412302434444427,-0.414180159568787,-0.535483837127686,-0.609687447547913
-0.50924551486969,0.0745938345789909,1.32042264938354,0.410729229450226,-0.413477867841721,-0.531617403030396,-0.614589810371399
-0.50924551486969,0.0745938345789909,1.32042264938354,0.410729229450226,-0.413477867841721,-0.531617403030396,-0.614589810371399
-0.508957922458649,0.0746354311704635,1.32039880752563,0.410637497901917,-0.413512706756592,-0.530640184879303,-0.615471720695496
-0.508722484111786,0.074544720351696,1.32034158706665,0.410445362329483,-0.413654118776321,-0.530328869819641,-0.61577296257019
-0.508310079574585,0.0746022462844848,1.32029449939728,0.412915050983429,-0.413187801837921,-0.531644403934479,-0.613295435905457
-0.508167922496796,0.0746480226516723,1.32020890712738,0.411396890878677,-0.414874106645584,-0.532720327377319,-0.612242758274078
-0.507720530033112,0.0748137980699539,1.32021415233612,0.412901520729065,-0.413919031620026,-0.53344464302063,-0.611244976520538
-0.507460057735443,0.0747958421707153,1.32016181945801,0.412673264741898,-0.414026647806168,-0.533052086830139,-0.611668407917023
-0.507148087024689,0.0748495608568191,1.32009184360504,0.412427753210068,-0.414328217506409,-0.532664000988007,-0.611967802047729
-0.506766259670258,0.0748540461063385,1.32006311416626,0.412156969308853,-0.414814800024033,-0.531969368457794,-0.612424850463867
-0.506400585174561,0.0748781710863113,1.32000386714935,0.411975920200348,-0.415194779634476,-0.5316122174263,-0.61259925365448
-0.506088137626648,0.0748953223228454,1.31994771957397,0.410520255565643,-0.414735227823257,-0.527641296386719,-0.617302477359772
-0.505797982215881,0.0749072730541229,1.31987595558167,0.411404669284821,-0.415674567222595,-0.527626931667328,-0.616093277931213
-0.505488932132721,0.0749619603157043,1.31985259056091,0.409893602132797,-0.417871296405792,-0.524608910083771,-0.618188202381134
-0.505090475082397,0.0749798044562339,1.31989765167236,0.408248215913773,-0.417414963245392,-0.524674713611603,-0.619527816772461
-0.504712224006653,0.0750344544649124,1.31985342502594,0.408997595310211,-0.418425619602203,-0.524757325649261,-0.618280649185181
-0.504236400127411,0.0749731361865997,1.31981575489044,0.408731400966644,-0.418799519538879,-0.524308025836945,-0.61858457326889
-0.503711819648743,0.0748443156480789,1.31978833675385,0.408769756555557,-0.419306129217148,-0.526812851428986,-0.616082847118378
-0.503711819648743,0.0748443156480789,1.31978833675385,0.408769756555557,-0.419306129217148,-0.526812851428986,-0.616082847118378
-0.502703368663788,0.0746715292334556,1.31973159313202,0.408028662204742,-0.42053547501564,-0.522184610366821,-0.61966598033905
-0.501971364021301,0.074591264128685,1.31977188587189,0.409277498722076,-0.419690132141113,-0.523376822471619,-0.61840832233429
-0.501971364021301,0.074591264128685,1.31977188587189,0.409277498722076,-0.419690132141113,-0.523376822471619,-0.61840832233429
-0.500966548919678,0.0743667781352996,1.3196884393692,0.406394243240356,-0.422363102436066,-0.521646440029144,-0.619950115680695
-0.500393867492676,0.0743407756090164,1.31973314285278,0.406072616577148,-0.422968059778214,-0.521352291107178,-0.619995892047882
-0.499524861574173,0.0740851908922195,1.31957387924194,0.405036181211472,-0.423441559076309,-0.525258958339691,-0.617046356201172
-0.499031573534012,0.0739339292049408,1.31975042819977,0.404688119888306,-0.423844784498215,-0.525069713592529,-0.617158889770508
-0.498350769281387,0.0739058405160904,1.32014465332031,0.404347091913223,-0.424820154905319,-0.524659335613251,-0.617060899734497
-0.49753275513649,0.0735791623592376,1.31981754302979,0.405024439096451,-0.423695296049118,-0.525932967662811,-0.616305351257324
-0.496694296598434,0.0733427554368972,1.31936240196228,0.401923358440399,-0.425969451665878,-0.52066445350647,-0.621221363544464
-0.496231108903885,0.0730919614434242,1.31989324092865,0.401897460222244,-0.426502883434296,-0.524285912513733,-0.617817163467407
-0.495470136404037,0.0728933215141296,1.3198504447937,0.401050388813019,-0.427340716123581,-0.524086952209473,-0.617957711219788
-0.494568824768066,0.0726832151412963,1.31975376605988,0.400441497564316,-0.425570070743561,-0.522177219390869,-0.621182501316071
-0.494060903787613,0.0724363178014755,1.31993734836578,0.399977266788483,-0.42911159992218,-0.519189357757568,-0.621549665927887
-0.49330347776413,0.0721308439970016,1.31997442245483,0.399085789918899,-0.429365962743759,-0.519237101078033,-0.62190705537796
-0.492557972669601,0.0720081627368927,1.31996965408325,0.398414850234985,-0.430139392614365,-0.523394286632538,-0.618307650089264
-0.491886019706726,0.0715604424476623,1.31997907161713,0.397690385580063,-0.430624902248383,-0.523282706737518,-0.618530333042145
-0.491099089384079,0.0711871683597564,1.32003307342529,0.396606534719467,-0.431614011526108,-0.522975981235504,-0.618796586990356
-0.490284711122513,0.0709628909826278,1.3203113079071,0.397853821516037,-0.430684328079224,-0.524418652057648,-0.617420971393585
-0.489711612462997,0.0707033276557922,1.32023954391479,0.393581479787826,-0.432083874940872,-0.519455313682556,-0.623348534107208
-0.489117950201034,0.0704442709684372,1.32051217556,0.393157035112381,-0.432722061872482,-0.51925528049469,-0.623340308666229
-0.48829460144043,0.0700439810752868,1.32020580768585,0.393724352121353,-0.434327632188797,-0.522554457187653,-0.619094252586365
-0.48766353726387,0.0696513652801513,1.3202018737793,0.392554640769958,-0.434785574674606,-0.518274247646332,-0.623100519180298
-0.486824721097946,0.0693549215793609,1.32036912441254,0.393843829631805,-0.434318006038666,-0.523281097412109,-0.61841082572937
-0.48615825176239,0.0690352991223335,1.32042074203491,0.392990171909332,-0.435116827487946,-0.519012033939362,-0.621979594230652
-0.48549497127533,0.0686436593532562,1.32047164440155,0.392071515321732,-0.435610443353653,-0.52319347858429,-0.618701934814453
-0.485025584697723,0.0682359635829925,1.32048547267914,0.389418721199036,-0.437676817178726,-0.521633625030518,-0.620234251022339
-0.484157204627991,0.0678443163633346,1.32036030292511,0.390090823173523,-0.437034994363785,-0.522944390773773,-0.619159877300262
-0.483579993247986,0.0675094127655029,1.32039940357208,0.387437999248505,-0.439021795988083,-0.521713316440582,-0.620457172393799
-0.483033835887909,0.0672166645526886,1.32081806659698,0.386571168899536,-0.439869672060013,-0.521304070949554,-0.620741069316864
-0.482324659824371,0.0668384134769439,1.3208931684494,0.385376989841461,-0.440647661685944,-0.521048009395599,-0.62114679813385
-0.481669664382935,0.066456601023674,1.32084727287292,0.384132772684097,-0.441427707672119,-0.520835399627686,-0.621541678905487
-0.48086741566658,0.0660574808716774,1.32101428508759,0.38287752866745,-0.442337989807129,-0.520655751228333,-0.621819615364075
-0.480229437351227,0.0655412226915359,1.32106912136078,0.381616145372391,-0.442960292100906,-0.520487308502197,-0.622292876243591
-0.479469865560532,0.0651284158229827,1.32119023799896,0.380312561988831,-0.44385290145874,-0.520363867282867,-0.622557997703552
-0.478774338960648,0.0646953135728836,1.32123136520386,0.378830760717392,-0.44475045800209,-0.520118236541748,-0.623026013374329
-0.478003263473511,0.0641833245754242,1.32136464118958,0.377416282892227,-0.445618599653244,-0.519935548305511,-0.623416602611542
-0.477335751056671,0.0635768547654151,1.3213484287262,0.376137971878052,-0.446069091558456,-0.519979953765869,-0.62382972240448
-0.477335751056671,0.0635768547654151,1.3213484287262,0.376137971878052,-0.446069091558456,-0.519979953765869,-0.62382972240448
-0.475845009088516,0.0625703334808349,1.32177746295929,0.373485535383224,-0.448002755641937,-0.519363880157471,-0.624550580978394
-0.475177437067032,0.0619057193398475,1.32193470001221,0.371823191642761,-0.44892680644989,-0.518792271614075,-0.625353515148163
-0.474507510662079,0.0612610131502151,1.32194030284882,0.370438128709793,-0.449565201997757,-0.518657267093658,-0.625828504562378
-0.473783284425735,0.0607415214180946,1.32217526435852,0.368961423635483,-0.45064303278923,-0.518216013908386,-0.626291215419769
-0.473170548677444,0.0600417405366897,1.3222496509552,0.367728143930435,-0.451064497232437,-0.518075585365295,-0.626828908920288
-0.472603499889374,0.0591721087694168,1.32234859466553,0.366254657506943,-0.451410531997681,-0.518085122108459,-0.627434492111206
-0.471843063831329,0.0586100369691848,1.32264494895935,0.365025907754898,-0.452314227819443,-0.517920792102814,-0.627635359764099
-0.47132807970047,0.0577556788921356,1.32282745838165,0.363611459732056,-0.452767312526703,-0.517727255821228,-0.628289043903351
-0.470672219991684,0.0569972544908523,1.32291924953461,0.361714720726013,-0.453674882650375,-0.517425894737244,-0.628977000713348
-0.470080524682999,0.0561934933066368,1.32322657108307,0.360310435295105,-0.454288989305496,-0.51733672618866,-0.629412949085236
-0.469531536102295,0.0553477257490158,1.32342565059662,0.358968675136566,-0.454742968082428,-0.517456233501434,-0.629753470420837
-0.4689120054245,0.0546832010149955,1.32364201545715,0.357758492231369,-0.45532751083374,-0.517559111118317,-0.629935145378113
-0.468342751264572,0.0537345111370086,1.32374942302704,0.356196999549866,-0.455777257680893,-0.517595827579498,-0.630464494228363
-0.467870384454727,0.0528496205806732,1.32384479045868,0.354909479618073,-0.456038504838943,-0.517676889896393,-0.630934834480286
-0.467198640108109,0.0520830303430557,1.32409596443176,0.353465348482132,-0.45674666762352,-0.517673969268799,-0.631235599517822
-0.466720044612885,0.0511355400085449,1.32437753677368,0.352159857749939,-0.4570292532444,-0.518245100975037,-0.631292164325714
-0.466196894645691,0.0502906292676925,1.32457339763641,0.350333422422409,-0.457811713218689,-0.518302917480469,-0.631693780422211
-0.465694189071655,0.0494631230831146,1.32483232021332,0.348897993564606,-0.458579301834106,-0.51828545331955,-0.631945610046387
-0.465694189071655,0.0494631230831146,1.32483232021332,0.348897993564606,-0.458579301834106,-0.51828545331955,-0.631945610046387
-0.464726746082306,0.0476851463317871,1.32541751861572,0.345870524644852,-0.459385931491852,-0.518338322639465,-0.632979929447174
-0.464145421981812,0.0467802360653877,1.32571566104889,0.344467848539352,-0.459851711988449,-0.518588602542877,-0.633201420307159
-0.463685393333435,0.0458991825580596,1.32602369785309,0.343082040548325,-0.460194259881973,-0.519014120101929,-0.63335657119751
-0.463280916213989,0.0451919734477996,1.32640266418457,0.341971844434738,-0.46056056022644,-0.519233703613281,-0.633510410785675
-0.463280916213989,0.0451919734477996,1.32640266418457,0.341971844434738,-0.46056056022644,-0.519233703613281,-0.633510410785675
-0.462335854768753,0.0432607904076576,1.32694137096405,0.338976800441742,-0.461283653974533,-0.519698619842529,-0.634212493896484
-0.461999326944351,0.0423645973205566,1.32725298404694,0.337510764598846,-0.461614102125168,-0.519889712333679,-0.634597361087799
-0.46151801943779,0.0414854064583778,1.3276641368866,0.335958778858185,-0.462083399295807,-0.520492136478424,-0.634585380554199
-0.461234271526337,0.0405354425311088,1.32793986797333,0.334562987089157,-0.462199538946152,-0.521066546440125,-0.63476687669754
-0.460912823677063,0.0395694598555564,1.32827544212341,0.333036422729492,-0.462553679943085,-0.521199345588684,-0.635202467441559
-0.460433572530746,0.0387763828039169,1.3286908864975,0.331462979316711,-0.463466942310333,-0.52151483297348,-0.635100901126862
-0.46017661690712,0.0378382205963134,1.32899379730225,0.330195069313049,-0.463655740022659,-0.52234810590744,-0.634938776493073
-0.459943622350693,0.0368271395564079,1.32927858829498,0.328710585832596,-0.463704824447632,-0.520438671112061,-0.637236893177032
-0.459720224142075,0.0358027815818786,1.32953488826752,0.326861292123795,-0.463160037994385,-0.521022140979767,-0.638106822967529
-0.459469616413116,0.0349097400903701,1.33005738258362,0.325775355100632,-0.463273644447327,-0.521725058555603,-0.638005435466766
-0.45934271812439,0.0338155925273895,1.33030211925507,0.324699431657791,-0.462949335575104,-0.522971630096436,-0.637768566608429
-0.459072768688202,0.0331209450960159,1.33066129684448,0.323587983846664,-0.463466018438339,-0.523390769958496,-0.637614488601685
-0.458885163068771,0.0320489928126335,1.33095002174377,0.322338163852692,-0.463399410247803,-0.52413421869278,-0.637685298919678
-0.458787083625793,0.0310716852545738,1.33127164840698,0.320692390203476,-0.463700711727142,-0.52445113658905,-0.638035237789154
-0.458679795265198,0.030187040567398,1.33156275749207,0.319686949253082,-0.4635269343853,-0.525320053100586,-0.637951254844666
-0.458506971597672,0.0292868763208389,1.33186948299408,0.318642556667328,-0.463669419288635,-0.526320099830627,-0.637545943260193
-0.458367198705673,0.0284368023276329,1.3321830034256,0.317426890134811,-0.463870853185654,-0.526936829090118,-0.637496471405029
-0.45837277173996,0.0273594334721565,1.33242833614349,0.316586405038834,-0.464177399873734,-0.526894807815552,-0.637725651264191
-0.458302825689316,0.0264555215835571,1.33269703388214,0.31523409485817,-0.463743835687637,-0.529060900211334,-0.636917352676392
-0.45827716588974,0.0256360545754432,1.3330385684967,0.315217286348343,-0.46413180232048,-0.529260694980621,-0.636476933956146
-0.458146691322327,0.0248906761407852,1.3332679271698,0.31441667675972,-0.464422523975372,-0.529577612876892,-0.636396944522858
-0.458088159561157,0.0239308848977088,1.33345293998718,0.314187586307526,-0.463993042707443,-0.535181820392609,-0.632120907306671
-0.457993596792221,0.0230453759431839,1.33377802371979,0.313271522521973,-0.464248895645142,-0.532326698303223,-0.634793162345886
-0.457799732685089,0.0221243947744369,1.33368098735809,0.312068551778793,-0.463883370161057,-0.533639669418335,-0.634550392627716
-0.457868307828903,0.021374762058258,1.33393013477325,0.311139643192291,-0.464015603065491,-0.534456729888916,-0.634221911430359
-0.457926034927368,0.0206478014588356,1.33435082435608,0.311017692089081,-0.463697344064713,-0.535570442676544,-0.633574724197388
-0.457965701818466,0.0197909250855445,1.33450603485107,0.31071138381958,-0.463635265827179,-0.536593496799469,-0.632904589176178
-0.458007037639618,0.019108697772026,1.33471536636353,0.310050368309021,-0.463648021221161,-0.537504434585571,-0.632446229457855
-0.457969844341278,0.0181416794657707,1.33475160598755,0.30920284986496,-0.462612867355347,-0.543014168739319,-0.628902673721313
-0.458008944988251,0.0173486098647117,1.33490490913391,0.308416754007339,-0.46267619729042,-0.543868243694305,-0.6285040974617
-0.45812726020813,0.0166365355253219,1.33517587184906,0.3074891269207,-0.463048547506332,-0.544531881809235,-0.628109395503998
-0.458217203617096,0.0160251259803771,1.33537495136261,0.306807070970535,-0.463099271059036,-0.545539021492004,-0.6275315284729
-0.458365857601166,0.0152741000056266,1.33553516864777,0.30568340420723,-0.463456600904465,-0.546023011207581,-0.62739497423172
-0.458343535661697,0.0146975517272949,1.33547127246857,0.304807782173157,-0.463763236999512,-0.546875894069672,-0.626851379871368
-0.458704441785812,0.0140412375330924,1.33582711219788,0.304291129112244,-0.464324682950974,-0.547650992870331,-0.626009583473206
-0.459024906158447,0.0133585035800933,1.33602678775787,0.302749812602997,-0.464519828557968,-0.547200381755829,-0.627005100250244
-0.459156215190887,0.0129404366016387,1.33619594573975,0.301438629627228,-0.465359330177307,-0.547105848789215,-0.627096951007843
-0.459008246660232,0.0120100900530815,1.33628642559052,0.303640723228455,-0.4623683989048,-0.550818920135498,-0.624993085861206
-0.459174901247024,0.0112267062067985,1.33633995056152,0.303086578845978,-0.461922705173492,-0.552173912525177,-0.624395608901978
-0.459406405687332,0.0107275247573852,1.3364497423172,0.303418189287186,-0.461559236049652,-0.553926110267639,-0.622949779033661
-0.459469795227051,0.0102699697017669,1.33624863624573,0.302671194076538,-0.461037635803223,-0.554852247238159,-0.622875213623047
-0.459721833467484,0.0096902102231979,1.33639049530029,0.302601158618927,-0.460486739873886,-0.555996835231781,-0.622295737266541
-0.46004319190979,0.0091504901647567,1.33678615093231,0.302766680717468,-0.460373491048813,-0.556601881980896,-0.621757805347443
-0.460508614778519,0.0085718780755996,1.33710563182831,0.302888512611389,-0.459753096103668,-0.557453036308289,-0.621395111083984
-0.460836559534073,0.0081009715795516,1.33718764781952,0.302646845579147,-0.459180653095245,-0.558377265930176,-0.621106326580048
-0.461034953594208,0.0075908154249191,1.33726561069489,0.302619308233261,-0.458475828170776,-0.559556603431702,-0.620578825473785
-0.461307525634766,0.0070778727531433,1.33743906021118,0.302818864583969,-0.458132088184357,-0.560542643070221,-0.619844973087311
-0.461479902267456,0.0067198425531387,1.33755028247833,0.303259968757629,-0.457576751708984,-0.561782360076904,-0.618916451931
-0.461479902267456,0.0067198425531387,1.33755028247833,0.303259968757629,-0.457576751708984,-0.561782360076904,-0.618916451931
-0.462074846029282,0.0057225227355957,1.33767926692963,0.303348213434219,-0.456503927707672,-0.563895285129547,-0.617742896080017
-0.462423741817474,0.0052870362997055,1.33784747123718,0.303344130516052,-0.456010550260544,-0.56469315290451,-0.617380201816559
-0.462423741817474,0.0052870362997055,1.33784747123718,0.303344130516052,-0.456010550260544,-0.56469315290451,-0.617380201816559
-0.46314063668251,0.0046305209398269,1.33810198307037,0.303493350744247,-0.455303877592087,-0.565857827663422,-0.616761684417725
-0.463468164205551,0.0042771250009536,1.33819115161896,0.30325374007225,-0.455242663621902,-0.566459596157074,-0.616372525691986
-0.463445395231247,0.0037247091531753,1.33816468715668,0.305690556764603,-0.452166646718979,-0.569598019123077,-0.614537954330444
-0.463937550783157,0.0035483241081237,1.33826422691345,0.303474515676498,-0.454264968633652,-0.568003356456757,-0.615563869476318
-0.464305102825165,0.0033065974712371,1.33833038806915,0.303729057312012,-0.45386129617691,-0.568470180034637,-0.615305066108704
-0.464602649211883,0.0031821429729461,1.33849108219147,0.304065465927124,-0.453573405742645,-0.568864583969116,-0.614986479282379
-0.464875876903534,0.0030319988727569,1.33855581283569,0.304352939128876,-0.453234255313873,-0.569327056407928,-0.614666283130646
-0.464875876903534,0.0030319988727569,1.33855581283569,0.304352939128876,-0.453234255313873,-0.569327056407928,-0.614666283130646
-0.465467363595963,0.0027485936880111,1.33871293067932,0.305151581764221,-0.452186971902847,-0.570174396038055,-0.614256143569946
-0.465620160102844,0.0027127414941787,1.33868622779846,0.305511027574539,-0.451917618513107,-0.570725083351135,-0.61376416683197
-0.4659783244133,0.0027135461568832,1.33885216712952,0.305755943059921,-0.451885104179382,-0.570580244064331,-0.613800883293152
-0.466329157352448,0.0028724670410156,1.33923947811127,0.306872546672821,-0.451591908931732,-0.570694327354431,-0.61335289478302
-0.466660857200623,0.0029190480709075,1.33940875530243,0.307724505662918,-0.451021641492844,-0.570924580097198,-0.613131463527679
-0.466990202665329,0.0031296163797378,1.33962547779083,0.3094103038311,-0.450363367795944,-0.571935534477234,-0.611823379993439
-0.467361301183701,0.0034519284963607,1.33978891372681,0.310420364141464,-0.449993908405304,-0.571776211261749,-0.611732542514801
-0.467361301183701,0.0034519284963607,1.33978891372681,0.310420364141464,-0.449993908405304,-0.571776211261749,-0.611732542514801
-0.467998147010803,0.0041754841804504,1.34013450145721,0.311910927295685,-0.449769645929336,-0.5711590051651,-0.611715853214264
-0.468192785978317,0.004415825009346,1.34020280838013,0.314441651105881,-0.447624087333679,-0.572556018829346,-0.610686898231506
-0.468545585870743,0.0048154890537261,1.34034180641174,0.315034538507461,-0.447205513715744,-0.571519255638123,-0.61165863275528
-0.468683630228043,0.0057495534420013,1.34045958518982,0.319098681211472,-0.444701105356216,-0.5731001496315,-0.609896063804626
-0.469159007072449,0.0062498301267623,1.34083485603333,0.320340126752853,-0.444555401802063,-0.572318017482758,-0.610086023807526
-0.469808638095856,0.0063590705394744,1.34065437316895,0.318564772605896,-0.445999681949615,-0.570195853710175,-0.611945748329163
-0.470156252384186,0.0070225596427917,1.34057211875916,0.319635570049286,-0.445859670639038,-0.5695920586586,-0.612051546573639
-0.470156252384186,0.0070225596427917,1.34057211875916,0.319635570049286,-0.445859670639038,-0.5695920586586,-0.612051546573639
-0.471152395009995,0.008207157254219,1.3403799533844,0.322068363428116,-0.445050030946732,-0.567889153957367,-0.612947285175323
-0.471667289733887,0.0089616924524307,1.34009540081024,0.321798473596573,-0.446162015199661,-0.565982401371002,-0.614043354988098
-0.472055375576019,0.0096249878406524,1.33987820148468,0.322995364665985,-0.445892781019211,-0.564926445484161,-0.614582419395447
-0.472499132156372,0.0102961957454681,1.33954012393951,0.324173003435135,-0.44552406668663,-0.563860476016998,-0.615208625793457
-0.472986578941345,0.011016696691513,1.33919990062714,0.325480103492737,-0.445511847734451,-0.562721133232117,-0.615570485591888
-0.473335206508636,0.0115528106689453,1.33875346183777,0.326412618160248,-0.445410132408142,-0.561429262161255,-0.616329252719879
-0.473646312952042,0.0122865960001945,1.33828985691071,0.327531307935715,-0.445529818534851,-0.560121893882751,-0.616838753223419
-0.473861157894135,0.0131233930587768,1.33785021305084,0.328585475683212,-0.44567996263504,-0.55885112285614,-0.617321968078613
-0.474190771579742,0.0138821154832839,1.3374480009079,0.329714477062225,-0.446342796087265,-0.557134628295898,-0.617792367935181
-0.474410891532898,0.0145605504512786,1.33701479434967,0.330978125333786,-0.446350663900375,-0.555650949478149,-0.618446707725525
-0.474330693483353,0.0149552300572395,1.33650004863739,0.333977729082107,-0.444370269775391,-0.555760979652405,-0.61816143989563
-0.474669277667999,0.015668049454689,1.33592867851257,0.332537770271301,-0.447014570236206,-0.551933407783508,-0.620456516742706
-0.474773436784744,0.0163357183337211,1.33549785614014,0.333369046449661,-0.447732299566269,-0.549501955509186,-0.621649920940399
-0.474843710660934,0.0170488357543945,1.33503580093384,0.334163576364517,-0.448400139808655,-0.547254502773285,-0.622723579406738
-0.474986612796783,0.0176961198449134,1.33468317985535,0.335297137498856,-0.449042052030563,-0.544867813587189,-0.62374359369278
-0.475028306245804,0.0183726921677589,1.334228515625,0.335991442203522,-0.44998437166214,-0.542405843734741,-0.624835789203644
-0.475018084049225,0.0191198214888572,1.3338406085968,0.337091654539108,-0.450702697038651,-0.540020763874054,-0.625790596008301
-0.474937468767166,0.0196697488427162,1.33343553543091,0.338298678398132,-0.451024353504181,-0.537930011749268,-0.626707673072815
-0.47487074136734,0.0202618390321731,1.33307480812073,0.339293837547302,-0.451357513666153,-0.535348415374756,-0.628138720989227
-0.47479322552681,0.0208085477352142,1.33259952068329,0.339944809675217,-0.452238231897354,-0.532627642154694,-0.629464745521545
-0.474694609642029,0.0214340463280677,1.33225214481354,0.340873658657074,-0.453045785427094,-0.529772639274597,-0.630789577960968
-0.474536925554276,0.0220607668161392,1.33185946941376,0.341308265924454,-0.453973382711411,-0.527062237262726,-0.632156908512115
-0.474455565214157,0.0226403474807739,1.3315703868866,0.341860145330429,-0.454762876033783,-0.524208426475525,-0.633662402629852
-0.474352955818176,0.0233059078454971,1.33129143714905,0.342043966054916,-0.456181883811951,-0.520845115184784,-0.635314583778381
-0.474352955818176,0.0233059078454971,1.33129143714905,0.342043966054916,-0.456181883811951,-0.520845115184784,-0.635314583778381
-0.474158346652985,0.0245214626193046,1.33068537712097,0.343551844358444,-0.45743465423584,-0.515645146369934,-0.637836813926697
-0.473770260810852,0.0248788595199584,1.33034193515778,0.346721619367599,-0.455545246601105,-0.515346050262451,-0.637715637683868
-0.473770260810852,0.0248788595199584,1.33034193515778,0.346721619367599,-0.455545246601105,-0.515346050262451,-0.637715637683868
-0.473916709423065,0.0261261016130447,1.32988679409027,0.345009505748749,-0.459245234727859,-0.507912874221802,-0.641939997673035
-0.473812729120255,0.0266412943601608,1.3296377658844,0.345135509967804,-0.459944427013397,-0.505290925502777,-0.643438875675201
-0.473779618740082,0.0272339954972267,1.32943296432495,0.345264375209808,-0.460520148277283,-0.502293825149536,-0.64530211687088
-0.473735213279724,0.0275557860732078,1.32910680770874,0.345938175916672,-0.46052423119545,-0.500376164913177,-0.646427094936371
-0.473486334085464,0.0280548706650733,1.32886373996735,0.348670601844788,-0.45915949344635,-0.499932110309601,-0.64627343416214
-0.473747164011002,0.0285765081644058,1.32866430282593,0.346776962280273,-0.461225211620331,-0.495327889919281,-0.649359166622162
-0.473778814077377,0.0290100872516632,1.32853436470032,0.347443282604217,-0.461148500442505,-0.493471771478653,-0.650469899177551
-0.473846167325974,0.0295585691928863,1.32833099365234,0.347939312458038,-0.461567759513855,-0.490936249494553,-0.651824533939362
-0.473846167325974,0.0295585691928863,1.32833099365234,0.347939312458038,-0.461567759513855,-0.490936249494553,-0.651824533939362
-0.473926305770874,0.0303438976407051,1.32794630527496,0.3505619764328,-0.460158705711365,-0.487863123416901,-0.653720140457153
-0.474021583795547,0.0308896303176879,1.32777774333954,0.350848466157913,-0.460683345794678,-0.485046684741974,-0.65529078245163
-0.474214106798172,0.0312088951468467,1.32757246494293,0.351047217845917,-0.460568994283676,-0.48267674446106,-0.657012522220612
-0.474680721759796,0.0318426936864852,1.32750391960144,0.348519116640091,-0.463090747594833,-0.477363467216492,-0.660458624362946
-0.474817007780075,0.0323683768510818,1.32737398147583,0.348927438259125,-0.463471651077271,-0.474842011928558,-0.66179221868515
-0.475016534328461,0.0327549278736114,1.32723188400269,0.349111676216125,-0.46356463432312,-0.472740113735199,-0.663133203983307
-0.475246608257294,0.0330651775002479,1.3269739151001,0.349341005086899,-0.463594287633896,-0.4706711769104,-0.664462029933929
-0.475577145814896,0.0336891561746597,1.3268711566925,0.349916607141495,-0.46380028128624,-0.468411713838577,-0.665611088275909
-0.475942194461823,0.0340629965066909,1.32675206661224,0.350539118051529,-0.46417686343193,-0.46654948592186,-0.66632866859436
-0.476299434900284,0.0342358648777008,1.32646262645721,0.349761635065079,-0.462776124477386,-0.461081832647324,-0.671497344970703
-0.47662079334259,0.0345895886421203,1.32635939121246,0.350108236074448,-0.462795972824097,-0.45887765288353,-0.672811567783356
-0.477005302906036,0.0349255055189132,1.32631242275238,0.350339889526367,-0.462811261415482,-0.457014203071594,-0.673947811126709
-0.477449983358383,0.0354427248239517,1.32625222206116,0.352093607187271,-0.463791847229004,-0.458558887243271,-0.671305477619171
-0.477870285511017,0.035742238163948,1.32603442668915,0.352176696062088,-0.463036000728607,-0.456426352262497,-0.673234343528748
-0.477870285511017,0.035742238163948,1.32603442668915,0.352176696062088,-0.463036000728607,-0.456426352262497,-0.673234343528748
-0.4787238240242,0.03618635982275,1.32599484920502,0.355620384216309,-0.460592836141586,-0.455289393663406,-0.673869431018829
-0.479237735271454,0.03642338514328,1.32585096359253,0.356183528900146,-0.459976822137833,-0.454191148281097,-0.674733459949493
-0.479886502027512,0.036895141005516,1.32582712173462,0.357087522745132,-0.459509640932083,-0.452816694974899,-0.675497233867645
-0.480389982461929,0.0370940789580345,1.32577073574066,0.357163667678833,-0.459285318851471,-0.451617002487183,-0.676411926746368
-0.480973452329636,0.0373074635863304,1.32575285434723,0.35775625705719,-0.45883372426033,-0.450719833374023,-0.677003562450409
-0.481598526239395,0.0375279709696769,1.32574272155762,0.358296662569046,-0.458293884992599,-0.449835628271103,-0.677671253681183
-0.481598526239395,0.0375279709696769,1.32574272155762,0.358296662569046,-0.458293884992599,-0.449835628271103,-0.677671253681183
-0.48276948928833,0.038107693195343,1.32581353187561,0.35960778594017,-0.457371294498444,-0.448273003101349,-0.678634822368622
-0.483610302209854,0.0383341535925865,1.32580959796906,0.357408821582794,-0.45868706703186,-0.445459514856339,-0.680757641792297
-0.484119296073914,0.0385571420192718,1.32588768005371,0.358138620853424,-0.458149820566177,-0.445178359746933,-0.680919766426086
-0.484813392162323,0.0387599021196365,1.32593107223511,0.358730375766754,-0.457459807395935,-0.444876730442047,-0.681269347667694
-0.485413879156113,0.0389467179775238,1.32594013214111,0.358980029821396,-0.457054525613785,-0.444583743810654,-0.681600868701935
-0.485829621553421,0.0390944555401802,1.32597494125366,0.361966580152512,-0.454813867807388,-0.446498215198517,-0.680267572402954
-0.486658006906509,0.0392469018697738,1.32602035999298,0.360023587942123,-0.455777585506439,-0.444551259279251,-0.681926667690277
-0.487160176038742,0.039473719894886,1.32604205608368,0.360422909259796,-0.455399692058563,-0.444710850715637,-0.681864380836487
-0.487879186868668,0.039586454629898,1.32601189613342,0.360845327377319,-0.454577028751373,-0.445045858621597,-0.681971192359924
-0.488437712192535,0.0397322103381156,1.32605087757111,0.361211329698563,-0.45404577255249,-0.445739269256592,-0.681678354740143
-0.48918804526329,0.039825864136219,1.32601296901703,0.361556738615036,-0.453378587961197,-0.446389883756638,-0.681513488292694
-0.489754527807236,0.0399963557720184,1.32603669166565,0.36137318611145,-0.453116297721863,-0.446460455656052,-0.681739091873169
-0.490460783243179,0.0403570383787155,1.32607889175415,0.361677318811417,-0.45283231139183,-0.446690857410431,-0.681615591049194
-0.491076618432999,0.0404953509569168,1.32610535621643,0.361870646476746,-0.452328532934189,-0.447229951620102,-0.681494057178497
-0.491749972105026,0.0405171960592269,1.32605445384979,0.361968517303467,-0.451190620660782,-0.448347717523575,-0.681461870670319
-0.492434740066528,0.0406249091029167,1.326047539711,0.362346172332764,-0.450214713811874,-0.449537485837936,-0.681122720241547
-0.492434740066528,0.0406249091029167,1.326047539711,0.362346172332764,-0.450214713811874,-0.449537485837936,-0.681122720241547
-0.493693768978119,0.0408639311790466,1.32598805427551,0.363275229930878,-0.449124813079834,-0.451582968235016,-0.679993212223053
-0.494480103254318,0.0410341769456863,1.32599031925201,0.363578259944916,-0.448494344949722,-0.452643126249313,-0.679542541503906
-0.495118349790573,0.0411484539508819,1.325967669487,0.363894462585449,-0.44777101278305,-0.453946053981781,-0.678980767726898
-0.495825916528702,0.0414526835083961,1.32606756687164,0.364269733428955,-0.447373151779175,-0.454945862293243,-0.678372442722321
-0.49654433131218,0.041412353515625,1.32608151435852,0.364951103925705,-0.446035176515579,-0.456399232149124,-0.677910804748535
-0.49713870882988,0.0415359660983085,1.32607328891754,0.365389943122864,-0.445182979106903,-0.45814049243927,-0.677059590816498
-0.497895032167435,0.0416736975312233,1.32613754272461,0.3659747838974,-0.444216281175613,-0.459857642650604,-0.676214098930359
-0.49845689535141,0.0418666005134582,1.32617032527924,0.366248041391373,-0.443674147129059,-0.461093038320541,-0.675580501556396
-0.499217212200165,0.0419497340917587,1.32615160942078,0.366923689842224,-0.442596822977066,-0.462726175785065,-0.674803376197815
-0.49975711107254,0.0419981628656387,1.32616400718689,0.367440462112427,-0.441681891679764,-0.464971095323563,-0.673577427864075
-0.500412166118622,0.0422617346048355,1.32620811462402,0.368202745914459,-0.440843760967255,-0.466907620429993,-0.672369658946991
-0.500991880893707,0.0422821640968322,1.32618927955627,0.368410050868988,-0.440105766057968,-0.468500405550003,-0.671631038188934
-0.501650452613831,0.0424513965845108,1.32627165317535,0.368358939886093,-0.439610421657562,-0.470114320516586,-0.670855462551117
-0.502287030220032,0.04265958070755,1.32627618312836,0.368480920791626,-0.439109772443771,-0.4714235663414,-0.670197248458862
-0.502927899360657,0.0427655726671218,1.3262904882431,0.36903789639473,-0.438148140907288,-0.47329118847847,-0.669203102588654
-0.503443539142609,0.0427733063697814,1.32633209228516,0.369697600603104,-0.436936408281326,-0.475894570350647,-0.667783200740814
-0.503826141357422,0.0427577942609787,1.32624363899231,0.372177749872208,-0.434377402067184,-0.479979604482651,-0.66514641046524
-0.504604160785675,0.0431574285030365,1.32624864578247,0.37038654088974,-0.435632526874542,-0.479556858539581,-0.665629982948303
-0.504821062088013,0.0430911034345626,1.32627952098846,0.373903840780258,-0.432251840829849,-0.484377712011337,-0.662369012832642
-0.505395412445068,0.0431079417467117,1.32625043392181,0.374213576316833,-0.431342452764511,-0.486546397209167,-0.661196410655975
-0.505823791027069,0.0431436300277709,1.32621967792511,0.374273657798767,-0.430594891309738,-0.488493472337723,-0.66021329164505
-0.506336987018585,0.0432318523526191,1.32617247104645,0.374571532011032,-0.429697692394257,-0.490621507167816,-0.659049928188324
-0.506791710853577,0.0433512926101684,1.32619822025299,0.375012069940567,-0.428893357515335,-0.493241250514984,-0.657365679740906
-0.507124602794647,0.0434302687644958,1.32619881629944,0.375181585550308,-0.428333461284637,-0.495317041873932,-0.656072020530701
-0.507441520690918,0.0434655100107193,1.32617223262787,0.375214129686356,-0.427751183509827,-0.497457474470138,-0.654812455177307
-0.507941007614136,0.043330430984497,1.32611310482025,0.375315278768539,-0.426686733961105,-0.500215530395508,-0.653346300125122
-0.508222043514252,0.0433450490236282,1.32610070705414,0.375239938497543,-0.426238626241684,-0.502127230167389,-0.652214586734772
-0.508439958095551,0.0433642417192459,1.32611036300659,0.375127524137497,-0.42595911026001,-0.503982543945312,-0.651029825210571
-0.508644282817841,0.0433765575289726,1.32609724998474,0.375081270933151,-0.425483167171478,-0.506362318992615,-0.649519264698029
-0.508840978145599,0.0433862954378128,1.32612752914429,0.375113397836685,-0.425067156553268,-0.508421182632446,-0.648163437843323
-0.509087741374969,0.0434024557471275,1.3261331319809,0.375450968742371,-0.424851536750793,-0.510899424552917,-0.646157741546631
-0.509308457374573,0.0434226989746093,1.32614135742188,0.375193119049072,-0.424217611551285,-0.512040615081787,-0.645820438861847
-0.50948303937912,0.0435565635561943,1.32619678974152,0.375206232070923,-0.424003809690475,-0.513724744319916,-0.644614636898041
-0.5096235871315,0.0435816198587417,1.32622170448303,0.375148445367813,-0.423713535070419,-0.515535235404968,-0.643392562866211
-0.509726703166962,0.0436387807130813,1.32621812820435,0.37489265203476,-0.42369282245636,-0.516715943813324,-0.642607748508453
-0.509815275669098,0.0436741113662719,1.32624542713165,0.374812632799149,-0.423534512519836,-0.518117785453796,-0.641629219055176
-0.509891629219055,0.0436436384916305,1.32621812820435,0.374851644039154,-0.423254042863846,-0.51961612701416,-0.640578985214233
-0.509969890117645,0.0438128337264061,1.32629191875458,0.374902099370956,-0.423417240381241,-0.520589113235474,-0.639651000499725
-0.510048866271973,0.0437300950288772,1.32627868652344,0.374603271484375,-0.422932744026184,-0.522099494934082,-0.638915121555328
-0.510048866271973,0.0437300950288772,1.32627868652344,0.374603271484375,-0.422932744026184,-0.522099494934082,-0.638915121555328
-0.510320901870728,0.0436737909913063,1.32626593112946,0.37519109249115,-0.422433406114578,-0.524838805198669,-0.636652290821075
-0.510429620742798,0.0436907559633255,1.32625150680542,0.375268280506134,-0.422390878200531,-0.525891423225403,-0.635765552520752
-0.510544896125793,0.043801262974739,1.32624387741089,0.375409007072449,-0.422388106584549,-0.526659369468689,-0.635048389434814
-0.51064670085907,0.0438471287488937,1.32622909545898,0.375540167093277,-0.422338783740997,-0.527468740940094,-0.634331405162811
-0.51080596446991,0.0439518988132476,1.32617938518524,0.375480979681015,-0.422415435314178,-0.527936279773712,-0.633926331996918
-0.510941028594971,0.0439816117286682,1.3261604309082,0.375627130270004,-0.42231559753418,-0.528779029846191,-0.633203268051147
-0.511006414890289,0.0439908280968666,1.32613253593445,0.375655114650726,-0.422196835279465,-0.529562592506409,-0.63261091709137
-0.511079072952271,0.0440136790275573,1.32610642910004,0.375773191452026,-0.422081500291824,-0.530349373817444,-0.631958246231079
-0.511129558086395,0.0440348759293556,1.32608091831207,0.375862926244736,-0.422051101922989,-0.53104442358017,-0.631341278553009
-0.511146247386932,0.0440546348690986,1.32605981826782,0.375975131988525,-0.421960026025772,-0.531788349151611,-0.630708873271942
-0.511147379875183,0.0440704151988029,1.32604598999023,0.376008272171021,-0.421910852193832,-0.532538592815399,-0.630088806152344
-0.511121928691864,0.0440793484449386,1.32603001594543,0.376041501760483,-0.421984314918518,-0.533090829849243,-0.629552364349365
-0.51106995344162,0.0440223962068557,1.32601583003998,0.375004053115845,-0.421515226364136,-0.530582070350647,-0.632597506046295
-0.5110182762146,0.0440760478377342,1.32602226734161,0.375107496976852,-0.421540945768356,-0.531245589256287,-0.63196188211441
-0.51092928647995,0.0440949499607086,1.32602226734161,0.375937730073929,-0.421900659799576,-0.534834563732147,-0.628190159797668
-0.510845243930817,0.0440571531653404,1.32601070404053,0.375020295381546,-0.421734631061554,-0.531868159770966,-0.631360650062561
-0.510756731033325,0.0441855937242507,1.32603907585144,0.375083565711975,-0.422012358903885,-0.531823337078094,-0.631174862384796
-0.510670840740204,0.044154055416584,1.32608675956726,0.375964045524597,-0.422615438699722,-0.534815609455109,-0.627709746360779
-0.51056843996048,0.044235922396183,1.32609105110168,0.375958830118179,-0.422804564237595,-0.534447014331818,-0.627899467945099
-0.510463237762451,0.044246070086956,1.32608795166016,0.375937432050705,-0.423062175512314,-0.534055054187775,-0.628072082996368
-0.510372996330261,0.0442443862557411,1.3260852098465,0.375968247652054,-0.423311978578568,-0.533631443977356,-0.628245532512665
-0.510188937187195,0.0442743971943855,1.32606184482574,0.375678271055222,-0.42391049861908,-0.529822409152985,-0.631232142448425
-0.510094940662384,0.0443032085895538,1.32603991031647,0.375869274139404,-0.424076527357101,-0.532433450222015,-0.62880551815033
-0.509997308254242,0.0443334057927131,1.32600295543671,0.37592738866806,-0.42437681555748,-0.531725645065308,-0.629166781902313
-0.509904265403748,0.0443744137883186,1.32596671581268,0.375980526208878,-0.424743503332138,-0.530919432640076,-0.62956827878952
-0.509828746318817,0.0444511473178863,1.32595729827881,0.375948846340179,-0.425257116556168,-0.529887139797211,-0.630110144615173
-0.509739995002747,0.0443381965160369,1.32580649852753,0.37603235244751,-0.425336629152298,-0.529172837734222,-0.630606591701508
-0.509637475013733,0.044381707906723,1.32571983337402,0.376075834035873,-0.425659120082855,-0.52815192937851,-0.631218671798706
-0.509535789489746,0.0444258898496627,1.32566344738007,0.375217825174332,-0.425729811191559,-0.5238898396492,-0.635220468044281
-0.509444177150726,0.0444823056459426,1.32560193538666,0.375232934951782,-0.426054805517197,-0.522527515888214,-0.636115193367004
-0.509348452091217,0.0445300713181495,1.32554948329926,0.375303536653519,-0.426247656345367,-0.521519243717194,-0.636771500110626
-0.50907564163208,0.0445523411035537,1.32546353340149,0.375483870506287,-0.42704975605011,-0.520094156265259,-0.637293338775635
-0.508971333503723,0.0446251109242439,1.32544028759003,0.37581866979599,-0.427490413188934,-0.518589198589325,-0.638026416301727
-0.508851885795593,0.0446583777666091,1.32536172866821,0.375690877437591,-0.427636325359344,-0.517693758010864,-0.638730525970459
-0.508691012859344,0.0446871519088745,1.32531797885895,0.376007586717606,-0.428303062915802,-0.516800403594971,-0.638820827007294
-0.508600115776062,0.0446639060974121,1.3252774477005,0.37563619017601,-0.428390562534332,-0.515036940574646,-0.640403032302856
-0.508600115776062,0.0446639060974121,1.3252774477005,0.37563619017601,-0.428390562534332,-0.515036940574646,-0.640403032302856
-0.508436262607574,0.0447377264499664,1.32523775100708,0.376386702060699,-0.42894446849823,-0.516985952854156,-0.638016700744629
-0.50835245847702,0.0447283014655113,1.32521295547485,0.376316040754318,-0.429125368595123,-0.515864133834839,-0.638844430446625
-0.508288562297821,0.0448103994131088,1.32522237300873,0.37637522816658,-0.429411560297012,-0.514780879020691,-0.639490485191345
-0.508229732513428,0.0449283123016357,1.3252466917038,0.376383274793625,-0.429802000522614,-0.513466894626617,-0.640279471874237
-0.508177697658539,0.0449429377913475,1.32524037361145,0.376242369413376,-0.43015468120575,-0.511802971363068,-0.641456484794617
-0.508120238780975,0.0448336526751518,1.32523941993713,0.376327693462372,-0.430133044719696,-0.510594308376312,-0.642383575439453
-0.508083701133728,0.0449278876185417,1.32525825500488,0.375901311635971,-0.43035951256752,-0.50897878408432,-0.643762052059174
-0.507945358753204,0.0448373705148696,1.3252489566803,0.375731021165848,-0.430476754903793,-0.508109927177429,-0.644469082355499
-0.507901668548584,0.0447809398174285,1.32528245449066,0.376213282346725,-0.43057644367218,-0.507291555404663,-0.644765794277191
-0.50819605588913,0.0449191778898239,1.32526993751526,0.373224854469299,-0.433186233043671,-0.503618836402893,-0.647627174854279
-0.508207857608795,0.0449112951755523,1.32529020309448,0.373301178216934,-0.433356612920761,-0.502560794353485,-0.648290812969208
-0.508222281932831,0.0449023097753524,1.32531726360321,0.373346507549286,-0.433350533246994,-0.501638114452362,-0.648983120918274
-0.508265793323517,0.0448895543813705,1.32535469532013,0.373318552970886,-0.433299571275711,-0.500766932964325,-0.649705588817596
-0.508406937122345,0.0449558347463607,1.32541930675507,0.373546957969666,-0.433314591646194,-0.499530375003815,-0.650515735149384
-0.508406937122345,0.0449558347463607,1.32541930675507,0.373546957969666,-0.433314591646194,-0.499530375003815,-0.650515735149384
-0.508569717407227,0.0449282675981521,1.32551777362823,0.373731553554535,-0.433309316635132,-0.497781693935394,-0.651752471923828
-0.508673250675201,0.0449142903089523,1.32557547092438,0.373819768428802,-0.433282643556595,-0.496974617242813,-0.652335166931152
-0.50879043340683,0.0449422299861907,1.32567095756531,0.373974442481995,-0.433323681354523,-0.496267557144165,-0.652757465839386
-0.50879043340683,0.0449422299861907,1.32567095756531,0.373974442481995,-0.433323681354523,-0.496267557144165,-0.652757465839386
-0.509098947048187,0.0448546931147575,1.32582330703735,0.374167889356613,-0.433115273714065,-0.494979560375214,-0.65376204252243
-0.50925749540329,0.0448135361075401,1.32592189311981,0.374275654554367,-0.433054596185684,-0.494400709867477,-0.654178500175476
-0.509494841098785,0.0447958186268806,1.32597100734711,0.374098986387253,-0.433153569698334,-0.493634015321732,-0.654792726039886
-0.509804666042328,0.044824369251728,1.32603883743286,0.374425500631332,-0.432895720005035,-0.493196725845337,-0.655106067657471
-0.5101238489151,0.0443548485636711,1.32605016231537,0.374303966760635,-0.432022094726562,-0.493303209543228,-0.655671656131744
-0.510358870029449,0.0444298982620239,1.32612979412079,0.374590635299683,-0.431888401508331,-0.493017435073852,-0.655811190605164
-0.510561764240265,0.0443707406520843,1.32618999481201,0.374748766422272,-0.431753247976303,-0.492797136306763,-0.65597528219223
-0.510799646377563,0.0444886162877082,1.32630431652069,0.375582337379456,-0.431713253259659,-0.49312236905098,-0.655280113220215
-0.511139571666718,0.0444297417998313,1.32637047767639,0.37550538778305,-0.430881261825562,-0.492812484502792,-0.656104445457458
-0.511337578296661,0.0444860830903053,1.32645463943481,0.375730514526367,-0.430887758731842,-0.492770254611969,-0.656003057956696
-0.511747658252716,0.0446144491434097,1.32656729221344,0.375725865364075,-0.430901885032654,-0.492572426795959,-0.656144976615906
-0.512052595615387,0.0447834134101867,1.32675135135651,0.375872105360031,-0.430998772382736,-0.492457896471024,-0.656083345413208
-0.512287437915802,0.04476960003376,1.32687819004059,0.376432716846466,-0.430432200431824,-0.493104040622711,-0.655648410320282
-0.512654840946198,0.0447218269109725,1.32702541351318,0.376820147037506,-0.430029690265656,-0.493471086025238,-0.655413866043091
-0.512765526771545,0.0445975363254547,1.32712340354919,0.378315955400467,-0.428469866514206,-0.495382100343704,-0.654130935668945
-0.512915849685669,0.0448392406105995,1.32731819152832,0.380397796630859,-0.426899701356888,-0.497273027896881,-0.652513444423676
-0.513342618942261,0.0449970066547393,1.32740139961243,0.379336982965469,-0.428104072809219,-0.49717167019844,-0.652419149875641
-0.513472974300385,0.0449677482247352,1.32751047611237,0.381159782409668,-0.426128357648849,-0.499334186315536,-0.650997221469879
-0.513724088668823,0.0450474172830581,1.32767856121063,0.381122797727585,-0.425651848316193,-0.499780118465424,-0.650988519191742
-0.513955652713776,0.0451427772641181,1.32784080505371,0.381473332643509,-0.425443023443222,-0.500723004341125,-0.650194525718689
-0.514419972896576,0.0449576526880264,1.32794964313507,0.379741430282593,-0.426211506128311,-0.50050550699234,-0.65087229013443
-0.514748156070709,0.0450294092297554,1.32810366153717,0.38001549243927,-0.425744831562042,-0.501489281654358,-0.650260090827942
-0.515095412731171,0.0448385775089263,1.32826447486877,0.380271881818771,-0.424942791461945,-0.502804279327393,-0.649619102478027
-0.515095412731171,0.0448385775089263,1.32826447486877,0.380271881818771,-0.424942791461945,-0.502804279327393,-0.649619102478027
-0.515555202960968,0.0448488667607307,1.32855546474457,0.38067290186882,-0.424026012420654,-0.505037307739258,-0.648249447345734
-0.515611171722412,0.0448976084589958,1.32875549793243,0.382982343435287,-0.422022134065628,-0.507916986942291,-0.645942747592926
-0.516164481639862,0.0448066666722297,1.32887852191925,0.381128370761871,-0.422909826040268,-0.507477045059204,-0.64680403470993
-0.516336023807526,0.0449643284082412,1.32891547679901,0.383489727973938,-0.420715749263763,-0.51003223657608,-0.644826352596283
-0.516782522201538,0.0449965596199035,1.3294233083725,0.383781760931015,-0.420154184103012,-0.511105716228485,-0.644168615341187
-0.517185389995575,0.0448426604270935,1.32957708835602,0.383748590946198,-0.419210821390152,-0.512181997299194,-0.643947958946228
-0.517548263072968,0.0447743386030197,1.32969522476196,0.384032040834427,-0.418883055448532,-0.51323926448822,-0.64315003156662
-0.518068432807922,0.0448942705988884,1.32980048656464,0.383005917072296,-0.419308930635452,-0.513360559940338,-0.643387615680695
-0.51853621006012,0.0449927598237991,1.32986724376678,0.383616060018539,-0.41866073012352,-0.514620006084442,-0.642439305782318
-0.518929243087769,0.044963389635086,1.32995760440826,0.383930206298828,-0.417576164007187,-0.516448140144348,-0.641489624977112
-0.519298493862152,0.0448046773672103,1.33001697063446,0.384286671876907,-0.416761159896851,-0.518339872360229,-0.640279471874237
-0.519850552082062,0.0448441803455352,1.33010697364807,0.384814381599426,-0.415469139814377,-0.519889891147614,-0.639545261859894
-0.52026903629303,0.0448959842324256,1.33022713661194,0.385535001754761,-0.414780557155609,-0.521186530590057,-0.638501822948456
-0.520516932010651,0.0450302734971046,1.33035910129547,0.387998163700104,-0.412094742059708,-0.524783313274384,-0.635797023773193
-0.521271586418152,0.0450361967086792,1.33040916919708,0.387171417474747,-0.412465393543243,-0.525425493717194,-0.635530292987823
-0.521641612052917,0.0450546965003013,1.33043873310089,0.387640804052353,-0.41135185956955,-0.527598559856415,-0.634164094924927
-0.522106826305389,0.0450682118535041,1.33043229579926,0.388384640216827,-0.410331428050995,-0.52954089641571,-0.632749617099762
-0.52251660823822,0.0451781898736953,1.33027744293213,0.388906389474869,-0.409270793199539,-0.531630456447601,-0.631362199783325
-0.522687077522278,0.0452824309468269,1.33033883571625,0.391319185495377,-0.406410217285156,-0.535789430141449,-0.628195822238922
-0.523390412330627,0.0452260673046112,1.33050727844238,0.390307366847992,-0.406674832105637,-0.536526024341583,-0.62802529335022
-0.523826479911804,0.0452669039368629,1.33053386211395,0.391303330659866,-0.405716091394424,-0.539289712905884,-0.625653803348541
-0.524172842502594,0.0453495010733604,1.33058381080627,0.391282141208649,-0.404764950275421,-0.540967702865601,-0.624834179878235
-0.524543344974518,0.0454303100705146,1.33069670200348,0.391671240329742,-0.403757750988007,-0.543309807777405,-0.623207688331604
-0.524631977081299,0.0454092323780059,1.33069694042206,0.394029021263123,-0.401077002286911,-0.546716272830963,-0.620467305183411
-0.524960100650787,0.0454335957765579,1.33071053028107,0.394094318151474,-0.399977743625641,-0.548738181591034,-0.619349658489227
-0.525371432304382,0.0454602986574173,1.33067774772644,0.390584707260132,-0.398580133914948,-0.550453901290894,-0.620949387550354
-0.52557498216629,0.045505940914154,1.3307158946991,0.392877280712128,-0.399946689605713,-0.551798105239868,-0.617421090602875
-0.525701224803925,0.0456993654370307,1.33070909976959,0.392940878868103,-0.399585247039795,-0.553530871868134,-0.616062462329865
-0.525701224803925,0.0456993654370307,1.33070909976959,0.392940878868103,-0.399585247039795,-0.553530871868134,-0.616062462329865
-0.52588301897049,0.0457372143864631,1.33077478408813,0.392912477254867,-0.398569136857986,-0.556847631931305,-0.613745033740997
-0.525773704051971,0.0456854701042175,1.3308048248291,0.394660830497742,-0.396292090415955,-0.559780359268188,-0.611425757408142
