x,y,z,q0,q1,q2,q3
0.601894319057465,-0.0851232260465622,1.05456161499023,0.0400442779064178,-0.0372601523995399,0.676595747470856,-0.734320402145386
0.60160368680954,-0.0847653970122337,1.05456674098969,0.0401246398687362,-0.0373380184173584,0.677135527133942,-0.733814239501953
0.601314544677734,-0.084442563354969,1.05463004112244,0.0398528389632701,-0.0369488932192325,0.677700340747833,-0.733327209949493
0.601077497005463,-0.0840611159801483,1.05464088916779,0.0394651815295219,-0.0383211523294448,0.678548634052277,-0.732492983341217
0.600767314434052,-0.0836168378591537,1.05467689037323,0.0401478223502635,-0.0388919822871685,0.679859161376953,-0.731209337711334
0.600525677204132,-0.0832156166434288,1.0547091960907,0.0393517762422561,-0.0357806608080863,0.679661989212036,-0.731594681739807
0.600585401058197,-0.083119161427021,1.05499768257141,0.0395247973501682,-0.0346526689827442,0.680503606796265,-0.730856955051422
0.600410461425781,-0.0826745256781578,1.05510997772217,0.0389298610389232,-0.0343128927052021,0.681030869483948,-0.730413615703583
0.600197196006775,-0.0822649300098419,1.05517995357513,0.0392780788242816,-0.0344600342214107,0.682458460330963,-0.729054272174835
0.599580705165863,-0.0811585634946823,1.05479776859283,0.0378403477370739,-0.0369233153760433,0.682455718517303,-0.729012370109558
0.599743068218231,-0.0812670588493347,1.05520975589752,0.0384465679526329,-0.0359006561338901,0.682986974716187,-0.728534042835236
0.59952187538147,-0.0808517336845398,1.05525410175323,0.0391827523708343,-0.0355705581605434,0.68394523859024,-0.727611482143402
0.599000096321106,-0.080174297094345,1.05507528781891,0.0380841344594955,-0.0387835465371608,0.684165179729462,-0.727298676967621
0.598813951015472,-0.0797435790300369,1.0551540851593,0.0378959514200687,-0.0385619401931762,0.684842586517334,-0.726682603359222
0.59829318523407,-0.0797478780150413,1.05567848682404,0.0390597134828567,-0.0385768860578537,0.685233533382416,-0.726251602172852
0.597931683063507,-0.0793487876653671,1.05569875240326,0.0390173941850662,-0.0359667465090751,0.685485899448395,-0.726149499416351
0.598088562488556,-0.0782603174448013,1.05540883541107,0.0376455001533031,-0.0362385623157024,0.687127411365509,-0.724655449390411
0.597835063934326,-0.0776840671896934,1.05548572540283,0.0372717902064323,-0.0376607738435268,0.687150299549103,-0.724580407142639
0.597554802894592,-0.0771285146474838,1.05546975135803,0.0373767204582691,-0.0376900658011436,0.687771201133728,-0.723984241485596
0.597351908683777,-0.0766174420714378,1.05550932884216,0.0367281809449195,-0.0380848497152328,0.688358187675476,-0.723438739776611
0.597261548042297,-0.0760380253195762,1.05551064014435,0.0358036458492279,-0.0375708453357219,0.690025985240936,-0.721921503543854
0.596577525138855,-0.0760455057024955,1.05592405796051,0.0371927618980407,-0.0378469489514827,0.690446317195892,-0.721434831619263
0.596842169761658,-0.0748830288648605,1.0556333065033,0.0344989486038684,-0.0379706919193267,0.691516280174255,-0.720536828041077
0.596944093704224,-0.0744688734412193,1.05594789981842,0.0335718020796775,-0.0402099974453449,0.692184627056122,-0.719817161560059
0.596153080463409,-0.0733427032828331,1.05560147762299,0.0272481124848127,-0.0391879081726074,0.691965818405151,-0.720350742340088
0.596232116222382,-0.0728446543216705,1.05591750144958,0.0264448765665292,-0.0386107712984085,0.692323744297028,-0.720067977905273
0.596004545688629,-0.0721506103873252,1.05595874786377,0.0262060202658176,-0.0409192219376564,0.694099009037018,-0.7182377576828
0.595734596252441,-0.0723546370863914,1.05669140815735,0.0267791915684938,-0.0375210605561733,0.694887399673462,-0.717639625072479
0.595541656017303,-0.0712171271443367,1.05640244483948,0.0251513887196779,-0.0385577976703643,0.695320785045624,-0.717223644256592
0.59530234336853,-0.0700717642903328,1.05641651153564,0.0236716009676456,-0.0398413576185703,0.695389270782471,-0.717137515544891
0.596794068813324,-0.0675587281584739,1.05805420875549,0.016713622957468,-0.0405607484281063,0.697092771530151,-0.715637683868408
0.597664296627045,-0.0659746900200843,1.05797863006592,0.0131152989342808,-0.0407121516764164,0.698668539524078,-0.71416574716568
0.596766889095306,-0.064774177968502,1.05875790119171,0.0134661709889769,-0.0438777916133403,0.699387848377228,-0.713267266750336
0.596979558467865,-0.0645402297377586,1.05816173553467,0.0132365776225924,-0.045470830053091,0.699962019920349,-0.712608218193054
0.596777081489563,-0.0638053640723228,1.05827450752258,0.0119489207863807,-0.0462923608720302,0.700395286083221,-0.712152242660522
0.595412373542786,-0.0676823407411575,1.06142771244049,0.0228221211582422,-0.0391531102359294,0.69842791557312,-0.71424412727356
0.595111548900604,-0.0673351734876632,1.06177711486816,0.0232801344245672,-0.0387331210076808,0.698749959468842,-0.713937222957611
0.595319986343384,-0.0671648979187011,1.06281173229218,0.0228517763316631,-0.0362611152231693,0.69953465461731,-0.713312208652496
0.59440666437149,-0.0666540190577507,1.06268227100372,0.0243967603892087,-0.0387628935277462,0.69934469461441,-0.713315725326538
0.594152987003326,-0.0662813484668731,1.06293201446533,0.0250697005540132,-0.0382292084395885,0.699868977069855,-0.712806761264801
0.595456659793854,-0.058780301362276,1.05889201164246,0.0085208714008331,-0.045217752456665,0.703970670700073,-0.708737015724182
0.594985127449036,-0.0574069023132324,1.05904293060303,0.0084069408476352,-0.0484211854636669,0.704051733016968,-0.708446145057678
0.595013380050659,-0.0570914559066295,1.05898880958557,0.0080975545570254,-0.0491501726210117,0.705130934715271,-0.707325220108032
0.595384001731873,-0.0564338862895965,1.05966782569885,0.0071787522174417,-0.0481609776616096,0.706364154815674,-0.706171751022339
0.594584345817566,-0.0554893054068088,1.05910789966583,0.0080443555489182,-0.0472028069198131,0.706275403499603,-0.70631605386734
0.594305336475372,-0.0546463541686534,1.059157371521,0.0081670582294464,-0.047714103013277,0.706811785697937,-0.705743372440338
0.594111084938049,-0.0538460947573185,1.05925107002258,0.0077542099170386,-0.0493939854204654,0.70783942937851,-0.704601645469666
0.593935251235962,-0.0530016236007213,1.05933165550232,0.0076156873255968,-0.0492305271327495,0.708590984344482,-0.703858852386475
0.59428870677948,-0.0523976609110832,1.06004917621613,0.0067885816097259,-0.047485239803791,0.70954966545105,-0.703020930290222
0.593526840209961,-0.0513825416564941,1.05967044830322,0.0076639051549136,-0.048369213938713,0.709796607494354,-0.702702283859253
0.593499839305878,-0.0505016259849071,1.05971872806549,0.0073399203829467,-0.0478304624557495,0.710309684276581,-0.70222395658493
0.593103051185608,-0.0498069338500499,1.05977582931519,0.0080977752804756,-0.0475121922791004,0.711076378822327,-0.701461017131805
0.592940092086792,-0.0488479137420654,1.05983340740204,0.010541926138103,-0.0445322468876838,0.712136089801788,-0.700548231601715
0.59331077337265,-0.0482486151158809,1.0604761838913,0.0077403085306286,-0.0458110570907592,0.713101029396057,-0.69952005147934
0.593177080154419,-0.0475842729210853,1.06058728694916,0.0111481724306941,-0.0431265383958816,0.713816285133362,-0.698915064334869
0.592427372932434,-0.0465571694076061,1.06004989147186,0.0103731956332921,-0.0442008376121521,0.713667631149292,-0.699011623859406
0.59221476316452,-0.0457109734416008,1.06007242202759,0.0102138239890336,-0.0459784492850303,0.714650452136993,-0.697894215583801
0.592059135437012,-0.044893380254507,1.06016504764557,0.0108551057055592,-0.043667908757925,0.715175032615662,-0.697495520114899
0.591861963272095,-0.0442273095250129,1.06018912792206,0.0114450324326753,-0.0430973693728446,0.715606868267059,-0.697078466415405
0.591806173324585,-0.0433391332626342,1.06017482280731,0.0107990968972444,-0.0447244085371494,0.716428160667419,-0.696141958236694
0.591630816459656,-0.0423800200223922,1.06023406982422,0.0107171842828392,-0.0450729243457317,0.716815173625946,-0.69572240114212
0.591432511806488,-0.0416784472763538,1.06025040149689,0.0113623812794685,-0.0420507043600082,0.717171192169189,-0.695534467697144
0.590888798236847,-0.0404835492372512,1.06036508083344,0.0119723286479711,-0.0441883131861686,0.717427253723145,-0.695127427577972
0.59116530418396,-0.0400942526757717,1.06037378311157,0.011986288242042,-0.0438186340034008,0.718120276927948,-0.694434583187103
0.59121972322464,-0.0391631238162517,1.06037390232086,0.0108642913401126,-0.0430844016373157,0.718841195106506,-0.693752884864807
0.590936124324799,-0.0385075584053993,1.06040513515472,0.0120553383603692,-0.0414256528019905,0.718777477741241,-0.693900287151337
0.591379404067993,-0.037933100014925,1.0611480474472,0.0117119215428829,-0.0400301851332187,0.719626009464264,-0.693108201026917
0.590690433979034,-0.0369582772254943,1.0604966878891,0.0123887239024043,-0.0411776043474674,0.719531118869781,-0.693127632141113
0.591186046600342,-0.0363192297518253,1.06107640266418,0.0117111643776297,-0.0416943468153476,0.72039008140564,-0.692215740680695
0.591073274612427,-0.0355049967765808,1.06119048595428,0.0118098137900233,-0.041683904826641,0.72056633234024,-0.692031145095825
0.591014564037323,-0.034746803343296,1.06131029129028,0.0117781050503253,-0.0412156842648983,0.720695793628693,-0.691924929618835
0.590286016464233,-0.0338466577231884,1.0606689453125,0.013537741266191,-0.0416514165699481,0.720258235931396,-0.692322194576263
0.589410305023193,-0.0319597050547599,1.06047058105469,0.0131799671798944,-0.0451421290636062,0.719979166984558,-0.692400634288788
0.589279294013977,-0.0343224331736564,1.05811488628387,0.0181763544678688,-0.0396324917674064,0.71986722946167,-0.692741096019745
0.589800000190735,-0.0325229354202747,1.05822134017944,0.0161987692117691,-0.0396337583661079,0.719248473644257,-0.693432331085205
0.589703023433685,-0.0329278782010078,1.05870044231415,0.0188239999115467,-0.0355208963155746,0.719739317893982,-0.693079471588135
0.590259194374084,-0.0304532647132873,1.05850183963776,0.0146980695426464,-0.0393735952675342,0.719912350177765,-0.692791283130646
0.588945329189301,-0.0313969999551773,1.05810880661011,0.0198493506759405,-0.0348941013216972,0.718912541866302,-0.693940222263336
0.589503824710846,-0.0293176583945751,1.05816304683685,0.0168615616858005,-0.0376887880265712,0.719217538833618,-0.69355708360672
0.588750123977661,-0.0297348760068416,1.05805134773254,0.020895080640912,-0.0373705625534057,0.719034314155579,-0.693654358386993
0.588730990886688,-0.0289292111992836,1.05813694000244,0.0212025735527277,-0.0373326912522316,0.718708693981171,-0.69398444890976
0.588390588760376,-0.0272217467427253,1.05799496173859,0.0196758992969989,-0.0389789305627346,0.718129873275757,-0.694538116455078
0.589036464691162,-0.0276988446712493,1.05861616134644,0.0213361904025077,-0.0353064015507698,0.71878457069397,-0.694007813930511
0.588370382785797,-0.0268462821841239,1.05809855461121,0.0208649281412363,-0.0388043671846389,0.718213856220245,-0.694426119327545
0.58827543258667,-0.0261873137205839,1.05830729007721,0.0222366247326135,-0.0382346212863922,0.717478930950165,-0.695174217224121
0.587127864360809,-0.0257259607315063,1.05856370925903,0.0245707407593727,-0.0365014150738716,0.716663122177124,-0.69603019952774
0.586790204048157,-0.0248045697808265,1.05830466747284,0.0253506526350975,-0.0398915372788906,0.716275990009308,-0.696214497089386
0.586664080619812,-0.0241188108921051,1.05823826789856,0.0259587485343217,-0.0396629348397254,0.715704083442688,-0.69679319858551
0.586833834648132,-0.0238195247948169,1.05847871303558,0.0264407843351364,-0.0366919711232185,0.715113759040833,-0.697543561458588
0.586537301540375,-0.0227887146174907,1.05825543403625,0.0259041227400302,-0.0364800356328487,0.714571475982666,-0.698130249977112
0.586478471755981,-0.0221419464796781,1.05829036235809,0.0269231740385293,-0.0388345345854759,0.714504241943359,-0.698033571243286
0.586393773555756,-0.0215139985084533,1.05826425552368,0.0275541823357343,-0.0386485755443573,0.71373051404953,-0.698810338973999
0.586350858211517,-0.0209217760711908,1.05827522277832,0.0275272205471992,-0.0387578196823596,0.713337361812592,-0.699206650257111
0.586239337921143,-0.020360667258501,1.05825734138489,0.0279463939368724,-0.0384646356105804,0.712865650653839,-0.699687123298645
0.586220979690552,-0.0196727272123098,1.05821979045868,0.0281934943050146,-0.0377367995679378,0.712591171264648,-0.69999635219574
0.586427688598633,-0.0194059740751981,1.0585024356842,0.0293112993240356,-0.0368467755615711,0.712181448936462,-0.700414717197418
0.586108446121216,-0.018615311011672,1.05826616287231,0.0300519373267889,-0.0372448079288005,0.71149742603302,-0.701057195663452
0.586110711097717,-0.017872467637062,1.058314204216,0.0301149170845747,-0.0370036922395229,0.711201310157776,-0.701367616653442
0.586243629455566,-0.0176757350564003,1.05848276615143,0.0311315339058637,-0.0355275347828865,0.711058616638184,-0.701544165611267
0.586256742477417,-0.0171120055019855,1.05848097801208,0.031221805140376,-0.0352536402642726,0.710683405399323,-0.701934039592743
0.585955917835236,-0.0162903033196926,1.05825793743134,0.0316001363098621,-0.0356538668274879,0.710013091564178,-0.702575027942657
0.586016535758972,-0.0155642591416835,1.05831205844879,0.0314137935638427,-0.0349363423883914,0.709496200084686,-0.703141450881958
0.586269080638885,-0.0153217632323503,1.05852234363556,0.0317013971507549,-0.0337345786392688,0.709315180778503,-0.703369915485382
0.586209356784821,-0.0147731024771928,1.05850505828857,0.0323684960603714,-0.0338769480586051,0.709082722663879,-0.70356696844101
0.585897326469421,-0.0139422211796045,1.05823040008545,0.0323742553591728,-0.0340806953608989,0.708208084106445,-0.70443719625473
0.585907399654388,-0.0134692322462797,1.05823564529419,0.0334437191486358,-0.0319122299551963,0.707764446735382,-0.704934537410736
0.586206018924713,-0.0132771153002977,1.05851852893829,0.0336833521723747,-0.0310309585183858,0.707372605800629,-0.705355703830719
0.586184620857239,-0.0127288177609443,1.05851256847382,0.0339629277586936,-0.0317632444202899,0.707745254039764,-0.704935669898987
0.586161434650421,-0.0122310277074575,1.05850231647491,0.0345921590924263,-0.03190828114748,0.707257747650146,-0.705387711524963
0.585946023464203,-0.0113850766792893,1.05824494361877,0.0341961160302162,-0.032667551189661,0.707001924514771,-0.705628633499146
0.586236834526062,-0.011160715483129,1.05846524238586,0.0345823466777801,-0.0318044647574424,0.706979095935822,-0.705672144889832
0.586684882640839,-0.010221685282886,1.05903542041779,0.0335309915244579,-0.0317529663443565,0.707151114940643,-0.705552756786346
0.58606231212616,-0.0097895842045545,1.05824971199036,0.0345801711082458,-0.0327915586531162,0.706698834896088,-0.705907702445984
0.58603823184967,-0.0092863822355866,1.05822694301605,0.0348418653011322,-0.0329554788768291,0.706793546676636,-0.705792486667633
0.586064040660858,-0.0088293924927711,1.05825138092041,0.0353198796510696,-0.0328543670475482,0.706816494464874,-0.705750405788422
0.586342215538025,-0.0086668487638235,1.05846738815308,0.0354374460875988,-0.0321254655718803,0.707103490829468,-0.705490529537201
0.586101591587067,-0.0079597067087888,1.05823659896851,0.0355365090072155,-0.0333747863769531,0.706832230091095,-0.70569920539856
0.586101591587067,-0.0079597067087888,1.05823659896851,0.0355365090072155,-0.0333747863769531,0.706832230091095,-0.70569920539856
0.58614856004715,-0.0071033341810107,1.05820286273956,0.0354181341826915,-0.0343641489744186,0.70705258846283,-0.705437004566193
0.586192846298218,-0.0066935787908732,1.05820190906525,0.0355204716324806,-0.0316016897559165,0.707337856292725,-0.705274999141693
0.586224734783173,-0.0062890364788472,1.0581579208374,0.0349436067044734,-0.0321655757725238,0.70804500579834,-0.704568386077881
0.586291253566742,-0.0058998563326895,1.05817413330078,0.0359372794628143,-0.0352175123989582,0.708150088787079,-0.704266905784607
0.586612582206726,-0.0057387449778616,1.05838322639465,0.0365426689386367,-0.0348569825291633,0.708511650562286,-0.703889906406403
0.586635768413544,-0.0054105725139379,1.05837607383728,0.0365592427551746,-0.0352549217641353,0.708776593208313,-0.703602313995361
0.586694240570068,-0.0050212116912007,1.05837321281433,0.0362091995775699,-0.0356033071875572,0.708927631378174,-0.703450739383698
0.586739599704742,-0.004725472535938,1.05837047100067,0.0364439524710178,-0.0361589863896369,0.709619998931885,-0.702711880207062
0.58723109960556,-0.0080330884084105,1.06063604354858,0.0422161780297756,-0.0298393927514553,0.707551658153534,-0.704768180847168
0.587570309638977,-0.0079753249883651,1.06083631515503,0.042127352207899,-0.0293438658118248,0.708247125148773,-0.704095423221588
0.587640941143036,-0.0077102244831621,1.06080758571625,0.0410460457205772,-0.030528899282217,0.709005296230316,-0.703345358371735
0.587481141090393,-0.0072048204019665,1.06062388420105,0.042021743953228,-0.0310962609946727,0.708845436573029,-0.703424096107483
0.587571442127228,-0.0069674025289714,1.06057238578796,0.041843619197607,-0.0311342775821685,0.709432482719421,-0.702840924263
0.587663173675537,-0.006750572938472,1.06054735183716,0.0419004075229167,-0.0316060110926628,0.709774971008301,-0.702470660209656
0.587755739688873,-0.0064090183004736,1.0604407787323,0.0416372753679752,-0.0321527682244777,0.710374891757965,-0.701854825019836
0.587850570678711,-0.0062002227641642,1.06040596961975,0.0416598618030548,-0.0321884267032146,0.710842847824097,-0.701377749443054
0.587956368923187,-0.0060005513951182,1.06036758422852,0.0412228628993034,-0.0327523723244667,0.711423635482788,-0.700788497924805
0.588105320930481,-0.0058020623400807,1.0603791475296,0.0410617627203464,-0.0330032929778099,0.711841404438019,-0.700361669063568
0.588221073150635,-0.0057301032356917,1.06035876274109,0.0403672344982624,-0.0337835513055324,0.712604284286499,-0.699588716030121
0.588443040847778,-0.0055872690863907,1.06030082702637,0.0414120778441429,-0.033078160136938,0.71286016702652,-0.699300587177277
0.588227152824402,-0.0054943249560892,1.06008458137512,0.0418216362595558,-0.0342719368636608,0.712980806827545,-0.699095666408539
0.588227152824402,-0.0054943249560892,1.06008458137512,0.0418216362595558,-0.0342719368636608,0.712980806827545,-0.699095666408539
0.589128375053406,-0.0058129928074777,1.0604829788208,0.0411915071308612,-0.0330337882041931,0.714019119739532,-0.698132395744324
0.588945627212524,-0.0052702156826853,1.06004571914673,0.0405789762735366,-0.0346905961632728,0.714167177677155,-0.697936356067657
0.589112877845764,-0.0053141075186431,1.0600254535675,0.0404839552938938,-0.0347519144415855,0.714502215385437,-0.697595834732056
0.589323043823242,-0.0054084630683064,1.0600426197052,0.0403541401028633,-0.0346550270915031,0.714761555194855,-0.69734251499176
0.589323043823242,-0.0054084630683064,1.0600426197052,0.0403541401028633,-0.0346550270915031,0.714761555194855,-0.69734251499176
0.589662134647369,-0.0055072386749088,1.05998277664185,0.0398368202149868,-0.0349827483296394,0.715366542339325,-0.696735262870789
0.589844524860382,-0.0056351628154516,1.05996286869049,0.0395895615220069,-0.0352952554821968,0.715587139129639,-0.696507036685944
0.590292274951935,-0.0060459170490503,1.06019854545593,0.0399594977498054,-0.0343744158744812,0.715973615646362,-0.696134746074677
0.590517580509186,-0.0060921558178961,1.06016516685486,0.0396227352321147,-0.0346037223935127,0.715939402580261,-0.696177780628204
0.590342402458191,-0.0061523234471678,1.05986046791077,0.0384511016309261,-0.0355880036950111,0.71611613035202,-0.696012020111084
0.590497553348541,-0.0063423179090023,1.05983781814575,0.039377212524414,-0.0359292179346084,0.716078877449036,-0.695981085300446
0.590778112411499,-0.0067249764688313,1.05995178222656,0.0393255539238452,-0.0336264409124851,0.716232597827911,-0.695940852165222
0.590823233127594,-0.0068313600495457,1.05982136726379,0.038869559764862,-0.0359235852956771,0.716537415981293,-0.695537865161896
0.591096043586731,-0.0071754711680114,1.05990171432495,0.0390179678797721,-0.0340998321771621,0.716497957706451,-0.695661902427673
0.591243028640747,-0.0074258497916162,1.05987215042114,0.0380030684173107,-0.0348854102194309,0.717024445533752,-0.695136487483978
0.591647207736969,-0.0079899970442056,1.06003928184509,0.0388141386210918,-0.0335266254842281,0.71719491481781,-0.694982588291168
0.591903030872345,-0.0081589370965957,1.06002402305603,0.0373615883290767,-0.0344125069677829,0.717561542987823,-0.694640457630157
0.592028737068176,-0.0085946526378393,1.05994355678558,0.0381533540785312,-0.033691082149744,0.717628002166748,-0.694564163684845
0.591879725456238,-0.0086107170209288,1.05965459346771,0.0380722768604755,-0.0355110540986061,0.716960430145264,-0.695167064666748
0.592005968093872,-0.0089518278837203,1.05956041812897,0.0370520874857902,-0.036343578249216,0.717501521110535,-0.694620788097382
0.592137157917023,-0.0093061868101358,1.05954658985138,0.0379154831171035,-0.0367234051227569,0.717938005924225,-0.694103062152863
0.592277586460114,-0.009752101264894,1.05953359603882,0.0375276990234851,-0.0359312072396278,0.717395842075348,-0.694725751876831
0.592586278915405,-0.0112200863659381,1.06002795696259,0.0391296073794364,-0.0337977297604084,0.717028677463531,-0.695123493671417
0.592687547206879,-0.0113749960437417,1.0598052740097,0.038410548120737,-0.034364677965641,0.717347860336304,-0.694806337356567
0.592378973960876,-0.0092357145622372,1.05807626247406,0.0333108976483345,-0.0402701869606971,0.719212651252747,-0.692821800708771
0.591186344623566,-0.010755443945527,1.0585013628006,0.037537857890129,-0.0410347655415535,0.719743728637695,-0.692008793354034
0.591286838054657,-0.0113722020760178,1.05851399898529,0.0386826694011688,-0.0403686612844467,0.719514429569244,-0.692223250865936
0.59279453754425,-0.0109622227028012,1.05806255340576,0.0336622856557369,-0.0404577031731605,0.719285547733307,-0.692718029022217
0.592985451221466,-0.0115626938641071,1.05800938606262,0.0344760864973068,-0.0399529188871383,0.718976140022278,-0.693028628826141
0.592926859855652,-0.0122223487123847,1.05782210826874,0.0339831225574016,-0.0406024120748043,0.719469726085663,-0.692502737045288
0.593489408493042,-0.0129255531355738,1.05792093276978,0.0332997068762779,-0.0399713777005672,0.719785034656525,-0.692244827747345
0.594401955604553,-0.0167630743235349,1.06004095077515,0.0388073958456516,-0.0325797274708747,0.717942774295807,-0.694255590438843
0.593405783176422,-0.0188253819942474,1.05889284610748,0.0423342250287532,-0.032368965446949,0.717788279056549,-0.694218993186951
0.594065546989441,-0.0184804592281579,1.06033098697662,0.0399671681225299,-0.0306092090904712,0.718565464019775,-0.693634986877441
0.594338655471802,-0.0198479909449815,1.06065106391907,0.040793552994728,-0.0291397012770175,0.718649506568909,-0.693563103675842
0.594356596469879,-0.0203916281461715,1.06049036979675,0.0406545847654342,-0.0298927780240774,0.719015300273895,-0.693159997463226
0.59449428319931,-0.021060362458229,1.06044042110443,0.0417280755937099,-0.0327903032302856,0.719190239906311,-0.692783534526825
0.594479620456696,-0.0215108953416347,1.06010830402374,0.0410564243793487,-0.0321740768849849,0.719526290893555,-0.692503571510315
0.594591915607452,-0.0227072983980178,1.06030178070068,0.0421115793287754,-0.0297559946775436,0.719449877738953,-0.692627727985382
0.594716668128967,-0.0234959758818149,1.06022047996521,0.0413339138031005,-0.033896517008543,0.720417261123657,-0.691477835178375
0.594852805137634,-0.0243339948356151,1.06024742126465,0.0421308055520057,-0.033588707447052,0.72041791677475,-0.691444039344788
0.595176517963409,-0.0250474046915769,1.06025087833405,0.0408675335347652,-0.0342868417501449,0.721578001976013,-0.690274834632874
0.594538927078247,-0.0223877262324094,1.05795550346375,0.036728948354721,-0.0408590249717235,0.723460972309113,-0.688175737857819
0.595148146152496,-0.02362129278481,1.05791032314301,0.0355237871408462,-0.0401239916682243,0.724521338939667,-0.687165856361389
0.594855606555939,-0.0241781808435916,1.05803143978119,0.0363610871136188,-0.0412216745316982,0.724698305130005,-0.686870455741882
0.595114469528198,-0.0250364616513252,1.05788028240204,0.035516582429409,-0.0417228676378726,0.725808382034302,-0.685711443424225
0.595099627971649,-0.0259588863700628,1.05791366100311,0.0371969677507877,-0.0396293438971042,0.725788831710815,-0.6857670545578
0.595210492610931,-0.0268568266183137,1.05790066719055,0.0360572859644889,-0.0424610786139965,0.726484656333923,-0.684921145439148
0.595484912395477,-0.0277433451265096,1.05784821510315,0.0363420210778713,-0.0426411218941211,0.727416753768921,-0.683904945850372
0.595610737800598,-0.0286723151803016,1.05776178836823,0.036183662712574,-0.0410409085452556,0.727996230125427,-0.683394432067871
0.59569638967514,-0.0298159830272197,1.05786001682281,0.0359915345907211,-0.0429770201444625,0.728681921958923,-0.682554244995117
0.595942616462708,-0.0306719988584518,1.05767476558685,0.0362756736576557,-0.0417482256889343,0.729422330856323,-0.681824207305908
0.596527278423309,-0.0320469699800014,1.05772864818573,0.034965731203556,-0.0397539138793945,0.73082423210144,-0.680509388446808
0.596124529838562,-0.0328708216547966,1.05777597427368,0.0357691347599029,-0.044550247490406,0.731348037719727,-0.679607272148132
0.596847832202911,-0.0342571996152401,1.05773854255676,0.0357367768883705,-0.0412794314324855,0.732242345809937,-0.678851962089539
0.596656322479248,-0.0348881408572196,1.05777108669281,0.0348307453095912,-0.0453789979219436,0.732993125915527,-0.677826523780823
0.596632957458496,-0.0362328588962554,1.05764067173004,0.0351813919842243,-0.0421245582401752,0.73350191116333,-0.677467882633209
0.597125649452209,-0.0371069051325321,1.05751001834869,0.0345809198915958,-0.0453355275094509,0.73478639125824,-0.675897777080536
0.597025394439697,-0.0383262336254119,1.05741381645203,0.0351561345160007,-0.0456276498734951,0.735500752925873,-0.675071060657501
0.597684502601624,-0.0397917740046978,1.05749547481537,0.0345760025084018,-0.0450600050389766,0.73640763759613,-0.674149811267853
0.597462117671967,-0.0406978093087673,1.05748784542084,0.0345340371131897,-0.0462334938347339,0.736975610256195,-0.673451542854309
0.598093271255493,-0.0421645902097225,1.05740988254547,0.0344292558729648,-0.0451376102864742,0.738253355026245,-0.672130465507507
0.598045766353607,-0.0429829321801662,1.05739116668701,0.034135702997446,-0.0465542897582054,0.738601922988892,-0.671665668487549
0.598147749900818,-0.0444511510431766,1.05725288391113,0.0349259488284587,-0.0444341339170932,0.739223599433899,-0.671084582805634
0.598527669906616,-0.0454986616969108,1.05710399150848,0.033701617270708,-0.0463048592209816,0.739916384220123,-0.670256614685059
0.598667442798615,-0.0467995442450046,1.05696642398834,0.0342748798429966,-0.044858131557703,0.740892946720123,-0.66924637556076
0.598982453346252,-0.0480708517134189,1.05699944496155,0.0338491052389144,-0.0451252534985542,0.741488933563232,-0.66858971118927
0.599512457847595,-0.0497004799544811,1.05705296993256,0.0334252789616584,-0.0459904894232749,0.742566227912903,-0.667355298995972
0.599679827690125,-0.0506168045103549,1.05690610408783,0.0327623859047889,-0.0433676578104496,0.743257105350494,-0.666794419288635
0.599867880344391,-0.0520783737301826,1.05672264099121,0.0333209745585918,-0.0444011203944683,0.743794500827789,-0.666099071502686
0.600185334682465,-0.053374633193016,1.05667340755463,0.0328763388097286,-0.04672696813941,0.744552195072174,-0.665114939212799
0.600612699985504,-0.0546984113752841,1.05649590492249,0.0322544611990451,-0.0430463403463363,0.745569944381714,-0.664252996444702
0.601128399372101,-0.0564266219735145,1.05651688575745,0.0324581116437912,-0.0449938476085662,0.746294021606445,-0.663300335407257
0.601263046264648,-0.057533785700798,1.05622911453247,0.0321649573743343,-0.0456449910998344,0.746711015701294,-0.662800669670105
0.601678013801575,-0.059000689536333,1.05601632595062,0.0323567315936088,-0.0453456081449985,0.747499108314514,-0.661922991275787
0.602092802524567,-0.0602895990014076,1.0557826757431,0.0319972708821296,-0.0448895506560802,0.74847275018692,-0.660870492458344
0.602521419525146,-0.0617112033069133,1.0555567741394,0.0325338132679462,-0.0424269363284111,0.749030590057373,-0.660374641418457
0.602782130241394,-0.0632208660244941,1.05541229248047,0.0323524586856365,-0.0442089214920997,0.749963700771332,-0.659206569194794
0.603360652923584,-0.0646310448646545,1.05521810054779,0.0318486467003822,-0.0401636436581611,0.751003921031952,-0.658305168151855
0.603527247905731,-0.0661460235714912,1.05494844913483,0.0324278399348259,-0.043626882135868,0.751495540142059,-0.657494962215424
0.603755593299866,-0.0671399161219596,1.05444538593292,0.0321933813393116,-0.0424259565770626,0.752380549907684,-0.656572341918945
0.604422748088837,-0.0688964650034904,1.05448222160339,0.0312476772814989,-0.0395196862518787,0.753465831279755,-0.655553936958313
0.604803442955017,-0.0703070983290672,1.05422031879425,0.0320584215223789,-0.0405881851911544,0.754233658313751,-0.654565811157227
0.604276061058044,-0.0713269859552383,1.05352461338043,0.0325168669223785,-0.042355079203844,0.754643976688385,-0.653958201408386
0.605766773223877,-0.0729913339018821,1.05366122722626,0.0307894181460142,-0.0397314615547657,0.755943119525909,-0.65270471572876
0.605832457542419,-0.0738197490572929,1.05331349372864,0.0302120316773653,-0.0398778691887855,0.757063806056976,-0.651422619819641
0.606993854045868,-0.0757881700992584,1.05363178253174,0.0295679531991481,-0.0405252166092395,0.75837367773056,-0.649886727333069
0.606308579444885,-0.0764777138829231,1.05283582210541,0.0309395398944616,-0.0413192771375179,0.758408784866333,-0.649731874465942
0.606727957725525,-0.0779554098844528,1.05338203907013,0.0306453201919794,-0.0425309166312217,0.759812355041504,-0.648025691509247
0.607346296310425,-0.0798166543245315,1.05260789394379,0.0307733807712793,-0.038182333111763,0.760873317718506,-0.647044658660889
0.607427358627319,-0.0803965106606483,1.05243003368378,0.0306942947208881,-0.0397786684334278,0.761068999767303,-0.646722376346588
0.608047187328339,-0.0821339562535286,1.05231893062592,0.0303845461457967,-0.0401880480349063,0.762201726436615,-0.645375967025757
0.608177781105042,-0.0835577771067619,1.05236256122589,0.0307141169905662,-0.0385291315615177,0.762862741947174,-0.644680202007294
0.608481884002686,-0.0849324241280555,1.05229258537292,0.0306786224246025,-0.0381818450987339,0.763318777084351,-0.644162595272064
0.608684182167053,-0.0861105844378471,1.05225682258606,0.0304409638047218,-0.0384251959621906,0.764071643352509,-0.643266201019287
0.609029293060303,-0.0872413516044616,1.05215990543365,0.0296535119414329,-0.0384872816503047,0.764738023281097,-0.642507076263428
0.609543681144714,-0.0888079330325126,1.05251777172089,0.02937688305974,-0.0367520712316036,0.765753030776978,-0.641411423683167
0.609543681144714,-0.0888079330325126,1.05251777172089,0.02937688305974,-0.0367520712316036,0.765753030776978,-0.641411423683167
0.609334886074066,-0.0911737158894538,1.0518501996994,0.0300757028162479,-0.0381010770797729,0.766390979290009,-0.640537858009338
0.609658241271973,-0.0921683609485626,1.05178189277649,0.0292346235364675,-0.0382375158369541,0.767036139965057,-0.639795899391174
0.609647810459137,-0.093340553343296,1.05167555809021,0.029590331017971,-0.0382417477667331,0.767414271831512,-0.639325737953186
0.609424114227295,-0.0940110981464386,1.0514771938324,0.0288334917277097,-0.0422744899988174,0.767692089080811,-0.63877260684967
0.609992027282715,-0.095723733305931,1.05155003070831,0.0291209407150745,-0.0403081960976123,0.768320381641388,-0.638130843639374
0.609883964061737,-0.0962571501731872,1.05135703086853,0.028870528563857,-0.0395146161317825,0.768415749073029,-0.638076961040497
0.610745966434479,-0.098064012825489,1.05173134803772,0.0288459192961454,-0.036681193858385,0.769128382205963,-0.637388467788696
0.61002379655838,-0.0983399525284767,1.05098879337311,0.0287955608218908,-0.0416769310832023,0.769130825996399,-0.637080609798431
0.610353291034698,-0.0998796224594116,1.0510733127594,0.028966961428523,-0.0401456840336322,0.769565880298615,-0.636645674705505
0.61050146818161,-0.100706532597542,1.05105423927307,0.0286823809146881,-0.0384836345911026,0.769674897193909,-0.636629462242126
0.610405802726746,-0.101204708218574,1.05090832710266,0.0287862624973058,-0.0389023534953594,0.769856810569763,-0.636379182338715
0.610637366771698,-0.102754712104797,1.05099153518677,0.0287304241210222,-0.0405735969543457,0.77020663022995,-0.63585376739502
0.610574245452881,-0.103662364184856,1.05100631713867,0.0293016489595174,-0.0380474664270877,0.770267903804779,-0.635909736156464
0.610367357730865,-0.104050941765308,1.05072569847107,0.0287122000008821,-0.0401450172066688,0.770259857177734,-0.635817527770996
0.609980404376984,-0.104885146021843,1.05046629905701,0.0288490839302539,-0.0412727259099483,0.770536243915558,-0.635403871536255
0.609962224960327,-0.105749644339085,1.05048632621765,0.0293408874422311,-0.0408165454864501,0.770795166492462,-0.635096848011017
0.610933780670166,-0.107340447604656,1.05124807357788,0.0279220547527074,-0.0380070656538009,0.770638585090637,-0.635525047779083
0.610464572906494,-0.107878245413303,1.05090534687042,0.0287175942212343,-0.0398239232599735,0.771069645881653,-0.634855151176453
0.610464572906494,-0.107878245413303,1.05090534687042,0.0287175942212343,-0.0398239232599735,0.771069645881653,-0.634855151176453
0.610221266746521,-0.109132505953312,1.05075347423553,0.0265492498874664,-0.041992750018835,0.770243465900421,-0.635811984539032
0.610024869441986,-0.109916836023331,1.05071580410004,0.0285157784819602,-0.0410418063402175,0.771160304546356,-0.63467663526535
0.610101938247681,-0.111023411154747,1.05106866359711,0.0285131521522998,-0.0410525612533092,0.77106124162674,-0.634796321392059
0.609886348247528,-0.111296206712723,1.05076193809509,0.0281207859516143,-0.0420454926788806,0.77106374502182,-0.63474577665329
0.60979163646698,-0.111964464187622,1.05076909065247,0.0278232749551534,-0.0425947345793247,0.770949065685272,-0.634861588478088
0.609593272209167,-0.112582996487617,1.05078506469727,0.0278586279600858,-0.0430411174893379,0.770842790603638,-0.634958982467651
0.609505414962769,-0.113286592066288,1.05078649520874,0.0275847483426332,-0.0435351356863975,0.77067905664444,-0.6351358294487
0.609577000141144,-0.114365734159946,1.05101180076599,0.0264088660478591,-0.0420879758894443,0.769672572612762,-0.6365025639534
0.609341204166412,-0.115045361220837,1.05097997188568,0.0279953256249427,-0.0433948598802089,0.770400047302246,-0.635465919971466
0.608538269996643,-0.115204051136971,1.05052900314331,0.0281659085303545,-0.0458420999348163,0.770054697990417,-0.63570511341095
0.608813524246216,-0.11579667776823,1.05077636241913,0.0266081728041172,-0.0441408157348632,0.769994378089905,-0.635965704917908
0.608208298683167,-0.116367883980274,1.05050325393677,0.0272972621023654,-0.047410424798727,0.769094407558441,-0.636789679527283
0.60845935344696,-0.116921260952949,1.0507937669754,0.0262924395501613,-0.0474788621068,0.768821477890015,-0.637156188488007
0.608111262321472,-0.117467910051346,1.05071103572845,0.0270931962877511,-0.0491440519690513,0.769005656242371,-0.636774003505707
0.607989013195038,-0.11801840364933,1.05077719688416,0.0269510559737682,-0.0494404658675193,0.7687087059021,-0.63711553812027
0.608019948005676,-0.11896076053381,1.05109214782715,0.0271849017590284,-0.0484839901328086,0.768402576446533,-0.637548267841339
0.607767999172211,-0.119582407176495,1.05112791061401,0.0269348230212926,-0.0453839041292667,0.768130004405975,-0.638115286827087
0.607673048973083,-0.120165459811687,1.05108916759491,0.0273966714739799,-0.0464744046330452,0.767499983310699,-0.638774991035461
0.607069611549377,-0.120420470833778,1.0508576631546,0.0273368321359157,-0.0500696748495101,0.766889870166779,-0.639238476753235
0.606947362422943,-0.121295571327209,1.05107569694519,0.0281105544418096,-0.0473589487373828,0.766441702842712,-0.639948487281799
0.606505692005157,-0.121370851993561,1.05082249641418,0.027839571237564,-0.048576071858406,0.765823245048523,-0.640609204769135
0.606284737586975,-0.121871098875999,1.05076396465302,0.0275477711111307,-0.0493220202624797,0.765194654464722,-0.641315519809723
0.606022238731384,-0.122380323708057,1.05079030990601,0.0279646962881088,-0.0494872517883777,0.764799952507019,-0.641755402088165
0.60606586933136,-0.123201958835125,1.05106782913208,0.0281228609383106,-0.0487025529146194,0.764429152011871,-0.642250180244446
0.605965375900269,-0.123678714036942,1.05113911628723,0.0280577018857002,-0.0484629049897193,0.763802528381348,-0.643016278743744
0.604831457138062,-0.123873881995678,1.05058336257935,0.0291817747056484,-0.050483901053667,0.762853980064392,-0.643936038017273
0.604556620121002,-0.124360367655754,1.05050539970398,0.0286470483988523,-0.0493963435292243,0.762407124042511,-0.644573330879211
0.605014383792877,-0.125168308615685,1.05096328258514,0.0280574653297662,-0.0481207147240638,0.761939346790314,-0.645248532295227
0.604699850082397,-0.125672191381454,1.05091083049774,0.0287282709032297,-0.0517342761158943,0.761094450950623,-0.645936250686646
0.604282081127167,-0.126105606555939,1.05097270011902,0.0291757248342037,-0.0521103888750076,0.760374188423157,-0.646733582019806
0.603986263275146,-0.126568853855133,1.05095267295837,0.0295754373073577,-0.0500101968646049,0.759601414203644,-0.64778858423233
0.603762328624725,-0.126980736851692,1.05095303058624,0.0288465972989797,-0.0493029244244098,0.75835657119751,-0.649332284927368
0.603532552719116,-0.127383023500443,1.05095541477203,0.0288382358849048,-0.0494905970990657,0.757754743099213,-0.650020658969879
0.603411495685577,-0.127767100930214,1.05109858512878,0.0287176575511693,-0.0495384559035301,0.757079899311066,-0.650808155536652
0.602722764015198,-0.127945438027382,1.05077230930328,0.0297198053449392,-0.0515073277056217,0.756592392921448,-0.651177108287811
0.603004932403564,-0.129070594906807,1.05127835273743,0.029736690223217,-0.0478946939110755,0.755706667900085,-0.652479231357574
0.602254986763,-0.128783568739891,1.05086040496826,0.0297078862786293,-0.0513038076460361,0.755119562149048,-0.652901232242584
0.601503610610962,-0.129123792052269,1.05058467388153,0.0298552475869655,-0.0519426874816417,0.753714203834534,-0.654465854167938
0.60161030292511,-0.129509970545769,1.05079090595245,0.0293360073119401,-0.0508173182606697,0.753750383853912,-0.654535830020905
0.60134744644165,-0.129942998290062,1.0507949590683,0.0292442627251148,-0.0506338961422443,0.753043532371521,-0.655367493629456
0.600966334342957,-0.130389735102654,1.05073928833008,0.0304427836090326,-0.0515038594603538,0.752031147480011,-0.656406760215759
0.600680708885193,-0.130748584866524,1.05071628093719,0.0299714021384716,-0.0503153577446937,0.751585066318512,-0.657031178474426
0.600413203239441,-0.131141811609268,1.05069160461426,0.0302266534417867,-0.0542277432978153,0.750629246234894,-0.657800495624542
0.600384294986725,-0.131834551692009,1.0509774684906,0.0305160507559776,-0.0532258637249469,0.750074148178101,-0.65850168466568
0.600147247314453,-0.132151931524277,1.05089950561523,0.0303823463618755,-0.0531966686248779,0.749412059783936,-0.659263789653778
0.599632143974304,-0.13266858458519,1.05082368850708,0.0314174480736255,-0.0529422871768474,0.748425185680389,-0.660355865955353
0.599315226078033,-0.133071213960647,1.05084311962128,0.0316985286772251,-0.0528467260301113,0.747785270214081,-0.661074578762054
0.598333477973938,-0.132931083440781,1.05033707618713,0.0321011319756507,-0.0548603311181068,0.746985197067261,-0.661795318126678
0.598419427871704,-0.133548438549042,1.05060875415802,0.031836774200201,-0.053762637078762,0.746639728546143,-0.662287950515747
0.598228752613068,-0.133649408817291,1.05055117607117,0.0313495360314846,-0.0544261485338211,0.745529651641846,-0.663506329059601
0.598125815391541,-0.134408995509148,1.05071032047272,0.0320120975375175,-0.0528971478343009,0.745229065418243,-0.663935899734497
0.597723841667175,-0.134770259261131,1.05071425437927,0.0314968936145305,-0.0520660504698753,0.743836045265198,-0.665586292743683
0.597398519515991,-0.13519637286663,1.05072283744812,0.0329340137541294,-0.0507893040776252,0.743573546409607,-0.665908455848694
0.597109019756317,-0.135474190115929,1.05068325996399,0.0327521152794361,-0.0530728474259376,0.743193387985229,-0.666163861751556
0.596775412559509,-0.135806083679199,1.05072176456451,0.0326805971562862,-0.0535704232752323,0.742455661296844,-0.66694974899292
0.596497058868408,-0.136133700609207,1.05073595046997,0.0328603722155094,-0.0536005422472953,0.741843998432159,-0.667618632316589
0.596061646938324,-0.136580541729927,1.05064463615417,0.0335821807384491,-0.0533609129488468,0.741295099258423,-0.668211281299591
0.595797300338745,-0.136865258216858,1.05059623718262,0.0336768291890621,-0.0518962293863296,0.74090164899826,-0.668758034706116
0.595466017723083,-0.137196585536003,1.05051720142365,0.0333947017788887,-0.052592396736145,0.740185499191284,-0.66951060295105
0.595466017723083,-0.137196585536003,1.05051720142365,0.0333947017788887,-0.052592396736145,0.740185499191284,-0.66951060295105
0.594845294952393,-0.137758478522301,1.05044388771057,0.0322927944362163,-0.0526876151561737,0.738497018814087,-0.671418905258179
0.593855082988739,-0.137762188911438,1.04997086524963,0.0347638987004756,-0.0553261488676071,0.738774240016937,-0.670778095722198
0.593906819820404,-0.138097286224365,1.05016875267029,0.0326547920703887,-0.0536761693656444,0.73723953962326,-0.672703802585602
0.593906819820404,-0.138097286224365,1.05016875267029,0.0326547920703887,-0.0536761693656444,0.73723953962326,-0.672703802585602
0.593490242958069,-0.139190077781677,1.05020439624786,0.0359099544584751,-0.0500175952911376,0.737779974937439,-0.672227263450623
0.592991232872009,-0.139083176851272,1.04994368553162,0.0354636088013649,-0.0512428060173988,0.737315535545349,-0.672667920589447
0.592244029045105,-0.139361798763275,1.04962623119354,0.0356811173260211,-0.0530878230929374,0.736740946769714,-0.673142969608307
0.592082798480988,-0.139795020222664,1.04980289936066,0.035072673112154,-0.0514606945216655,0.736571431159973,-0.673486530780792
0.591467440128326,-0.140044510364532,1.04957735538483,0.0361116677522659,-0.051171101629734,0.736502230167389,-0.673529624938965
0.591155171394348,-0.140330135822296,1.04951620101929,0.0356164947152137,-0.052182737737894,0.735964357852936,-0.674065887928009
0.590756893157959,-0.140647888183594,1.04948747158051,0.0359286628663539,-0.0524212568998336,0.735787212848663,-0.674224257469177
0.590870678424835,-0.140930369496345,1.04966926574707,0.0355968326330184,-0.0529902912676334,0.735380351543427,-0.674641132354736
0.59056282043457,-0.141196519136429,1.04960525035858,0.0347142815589904,-0.0542397573590278,0.734833002090454,-0.675184071063995
0.589656412601471,-0.141512796282768,1.04925131797791,0.0370496995747089,-0.0551734827458858,0.735387563705444,-0.67438006401062
0.589238345623016,-0.141892224550247,1.04918682575226,0.0368673391640186,-0.0561608001589775,0.735032141208649,-0.67469596862793
0.589137315750122,-0.142228320240974,1.04928314685822,0.0366394035518169,-0.0557289458811283,0.735005617141724,-0.674773097038269
0.588756322860718,-0.142566218972206,1.04928171634674,0.0376965031027793,-0.0529296733438968,0.735004544258118,-0.674941420555115
0.588756322860718,-0.142566218972206,1.04928171634674,0.0376965031027793,-0.0529296733438968,0.735004544258118,-0.674941420555115
0.588233292102814,-0.143503248691559,1.04942715167999,0.0381933525204658,-0.052246369421482,0.73502516746521,-0.67494410276413
0.587211132049561,-0.143367514014244,1.04894363880157,0.0386201329529285,-0.0542031526565551,0.734970808029175,-0.674824774265289
0.587356090545654,-0.143633186817169,1.04912543296814,0.0371648035943508,-0.0545089915394783,0.734801948070526,-0.675065696239471
0.587008237838745,-0.143842279911041,1.0490140914917,0.036899097263813,-0.0526136346161365,0.735307931900024,-0.674679636955261
0.586510598659515,-0.144152149558067,1.04887008666992,0.0378804095089435,-0.0542003102600574,0.735176920890808,-0.674642443656921
0.586510598659515,-0.144152149558067,1.04887008666992,0.0378804095089435,-0.0542003102600574,0.735176920890808,-0.674642443656921
0.585577666759491,-0.144978299736977,1.04893505573273,0.0385477021336555,-0.0556712932884693,0.735607266426086,-0.674015462398529
0.585192859172821,-0.14496311545372,1.04876494407654,0.0378320962190628,-0.0560856461524963,0.735024213790894,-0.674657464027405
0.585003912448883,-0.145124822854996,1.04876458644867,0.0370998159050941,-0.0558668822050094,0.734870851039886,-0.674883246421814
0.58420318365097,-0.145327240228653,1.04841995239258,0.0383962802588939,-0.0580544061958789,0.735577166080475,-0.67385596036911
0.583833754062653,-0.145599722862244,1.04838573932648,0.0363181680440902,-0.0557385645806789,0.734244287014008,-0.675617933273315
0.583833754062653,-0.145599722862244,1.04838573932648,0.0363181680440902,-0.0557385645806789,0.734244287014008,-0.675617933273315
0.583397328853607,-0.14584781229496,1.04832684993744,0.0366021618247032,-0.0586421377956867,0.734447419643402,-0.675135910511017
0.58318018913269,-0.14629827439785,1.04845368862152,0.0374143458902835,-0.0594510585069656,0.735611379146576,-0.673751950263977
0.582837581634521,-0.1464813798666,1.04835724830627,0.0378380194306373,-0.0588393658399581,0.73586118221283,-0.673509180545807
0.582837581634521,-0.1464813798666,1.04835724830627,0.0378380194306373,-0.0588393658399581,0.73586118221283,-0.673509180545807
0.582477271556854,-0.146730706095695,1.04840159416199,0.0376419834792614,-0.0604295991361141,0.736162960529327,-0.67304939031601
0.582044720649719,-0.147028908133507,1.04846131801605,0.0384715124964714,-0.0589653365314006,0.735991895198822,-0.673319518566132
0.581183791160583,-0.147241115570068,1.04823875427246,0.0383423790335655,-0.0590935051441192,0.735734939575195,-0.673596322536469
0.581183791160583,-0.147241115570068,1.04823875427246,0.0383423790335655,-0.0590935051441192,0.735734939575195,-0.673596322536469
0.581425666809082,-0.147813349962234,1.04872059822083,0.0373617708683013,-0.057110920548439,0.736148297786713,-0.673370778560638
0.580900013446808,-0.147667989134789,1.04843592643738,0.0369852595031261,-0.0583304837346077,0.735948324203491,-0.67350572347641
0.580610394477844,-0.147902026772499,1.04842269420624,0.0369683317840099,-0.0586831532418727,0.735997438430786,-0.67342221736908
0.580332279205322,-0.148088827729225,1.04844760894775,0.0349598042666912,-0.0588425025343894,0.734858930110931,-0.674757599830627
0.580101549625397,-0.148233279585838,1.04840612411499,0.0358418934047222,-0.0596214532852172,0.735120415687561,-0.674357950687408
0.580101549625397,-0.148233279585838,1.04840612411499,0.0358418934047222,-0.0596214532852172,0.735120415687561,-0.674357950687408
0.580037355422974,-0.149181589484215,1.04879057407379,0.0357529260218143,-0.0600298754870891,0.735666215419769,-0.673730909824371
0.580037355422974,-0.149181589484215,1.04879057407379,0.0357529260218143,-0.0600298754870891,0.735666215419769,-0.673730909824371
0.579035758972168,-0.148856237530708,1.04821228981018,0.0370669327676296,-0.0600493066012859,0.736046433448792,-0.673242807388306
0.579035758972168,-0.148856237530708,1.04821228981018,0.0370669327676296,-0.0600493066012859,0.736046433448792,-0.673242807388306
0.578835606575012,-0.148964554071426,1.04821074008942,0.0368956737220287,-0.0601219311356544,0.736001014709473,-0.673295378684998
0.578423023223877,-0.149347066879272,1.04836535453796,0.0370732173323631,-0.0609581433236599,0.736058115959167,-0.673147857189178
0.578816056251526,-0.149889498949051,1.0488144159317,0.036811638623476,-0.0593714118003845,0.736173868179321,-0.673177480697632
0.578620910644531,-0.149993598461151,1.04878830909729,0.0368284508585929,-0.0594664886593818,0.736215949058533,-0.673122346401215
0.578467786312103,-0.15007983148098,1.04878294467926,0.0360372252762317,-0.0581946671009063,0.736480534076691,-0.672986686229706
0.578324377536774,-0.150167554616928,1.04878258705139,0.0358543172478675,-0.0581216253340244,0.736532330513,-0.672946333885193
0.577701449394226,-0.15009032189846,1.04850578308105,0.0369510613381862,-0.060604378581047,0.735980629920959,-0.673271358013153
0.577701449394226,-0.15009032189846,1.04850578308105,0.0369510613381862,-0.060604378581047,0.735980629920959,-0.673271358013153
0.577557623386383,-0.150191515684128,1.04849743843079,0.0365792885422706,-0.0603865683078765,0.736058294773102,-0.673226475715637
0.577397584915161,-0.150265097618103,1.04848217964172,0.0365487672388553,-0.0605967454612255,0.736102998256683,-0.673160195350647
0.577322065830231,-0.150251418352127,1.04849767684937,0.0362496003508567,-0.0606881640851497,0.736081182956696,-0.673192143440247
0.576875567436218,-0.150013640522957,1.04827058315277,0.0361067615449428,-0.0615348517894744,0.736070930957794,-0.673134028911591
0.576677143573761,-0.150154411792755,1.04832375049591,0.0362521782517433,-0.0616124607622623,0.736061215400696,-0.673129796981812
0.57673704624176,-0.150556609034538,1.04855561256409,0.0362849310040473,-0.0628409907221794,0.736271917819977,-0.67278379201889
0.576347768306732,-0.150673881173134,1.04850077629089,0.0365425683557987,-0.0630905851721763,0.736216127872467,-0.672807514667511
0.57652485370636,-0.150997951626778,1.04877769947052,0.0365573428571224,-0.0621739998459816,0.736436784267426,-0.672650635242462
0.575810194015503,-0.150584474205971,1.04832541942596,0.0370715670287609,-0.0618717484176158,0.736160516738892,-0.672952651977539
0.575810194015503,-0.150584474205971,1.04832541942596,0.0370715670287609,-0.0618717484176158,0.736160516738892,-0.672952651977539
0.576023876667023,-0.150693640112877,1.04849529266357,0.0363118909299373,-0.0632315501570701,0.736105918884277,-0.67292732000351
0.575211763381958,-0.150261029601097,1.04805791378021,0.0373362712562084,-0.0619567185640335,0.73582923412323,-0.673292517662048
0.575211763381958,-0.150261029601097,1.04805791378021,0.0373362712562084,-0.0619567185640335,0.73582923412323,-0.673292517662048
0.575645208358765,-0.150628760457039,1.0485417842865,0.036918606609106,-0.0601813532412052,0.735819041728973,-0.673487603664398
0.574849665164948,-0.150172129273415,1.0480889081955,0.0374110750854015,-0.0620720013976097,0.735539615154266,-0.673593997955322
0.574849665164948,-0.150172129273415,1.0480889081955,0.0374110750854015,-0.0620720013976097,0.735539615154266,-0.673593997955322
0.574768900871277,-0.150118753314018,1.04809629917145,0.0368874110281467,-0.063008427619934,0.735107719898224,-0.674007475376129
0.57518744468689,-0.150084123015404,1.04832828044891,0.0362031869590282,-0.0623718835413455,0.735076785087585,-0.674137473106384
0.575124382972717,-0.150030463933945,1.04832983016968,0.0359529815614223,-0.062062319368124,0.734825134277344,-0.674453675746918
0.575034201145172,-0.149964570999146,1.04833972454071,0.0359092429280281,-0.0640505254268646,0.734775006771088,-0.674324631690979
0.57498425245285,-0.149918511509895,1.04831802845001,0.0362262167036533,-0.063543863594532,0.73468804359436,-0.674450397491455
0.574915826320648,-0.149861007928848,1.04830777645111,0.0365707129240036,-0.0612813644111156,0.734458923339844,-0.674890637397766
0.574880063533783,-0.149790227413177,1.04830586910248,0.0362428650259971,-0.0636174380779266,0.734316647052765,-0.674846827983856
0.574835479259491,-0.149727538228035,1.04829525947571,0.0367554388940334,-0.0616044364869594,0.733959376811981,-0.675394356250763
0.574769616127014,-0.149575620889664,1.04828822612762,0.0371259041130542,-0.0631210133433342,0.733806848526001,-0.675399839878082
0.574769616127014,-0.149575620889664,1.04828822612762,0.0371259041130542,-0.0631210133433342,0.733806848526001,-0.675399839878082
0.574678122997284,-0.149392738938332,1.04826605319977,0.0376209840178489,-0.0613712817430496,0.733221709728241,-0.67616879940033
0.574678122997284,-0.149392738938332,1.04826605319977,0.0376209840178489,-0.0613712817430496,0.733221709728241,-0.67616879940033
0.574657440185547,-0.149302244186401,1.04827952384949,0.0378679782152175,-0.0613408312201499,0.733102142810822,-0.676287353038788
0.574650764465332,-0.149207144975662,1.04829609394073,0.0383228883147239,-0.0613888315856456,0.733105659484863,-0.676253616809845
0.5746910572052,-0.148997917771339,1.04835593700409,0.0387098155915737,-0.0610357075929641,0.733090162277222,-0.676280319690704
0.5746910572052,-0.148997917771339,1.04835593700409,0.0387098155915737,-0.0610357075929641,0.733090162277222,-0.676280319690704
0.574701845645905,-0.148888424038887,1.04836165904999,0.0387740768492221,-0.0610539466142654,0.733132004737854,-0.676229655742645
0.574718773365021,-0.148772805929184,1.04838466644287,0.0387403927743434,-0.0612026751041412,0.733173906803131,-0.67617267370224
0.574802875518799,-0.148447811603546,1.04845261573792,0.0382414460182189,-0.0614774860441684,0.733081102371216,-0.676276862621307
0.574802875518799,-0.148447811603546,1.04845261573792,0.0382414460182189,-0.0614774860441684,0.733081102371216,-0.676276862621307
0.574802875518799,-0.148447811603546,1.04845261573792,0.0382414460182189,-0.0614774860441684,0.733081102371216,-0.676276862621307
0.574891686439514,-0.148118317127228,1.04847085475922,0.0383872240781784,-0.0609186477959156,0.733190894126892,-0.676200091838837
0.574799776077271,-0.148000359535217,1.04853940010071,0.0382620207965374,-0.0614295937120914,0.73292875289917,-0.676445126533508
0.574799776077271,-0.148000359535217,1.04853940010071,0.0382620207965374,-0.0614295937120914,0.73292875289917,-0.676445126533508
0.573911607265472,-0.148112788796425,1.04890131950378,0.0407982133328914,-0.0620714500546455,0.732173562049866,-0.677055835723877
0.573744416236877,-0.147937163710594,1.04899549484253,0.0405874513089656,-0.0650148838758468,0.732137501239777,-0.676831245422363
0.573847651481628,-0.147726252675056,1.04897499084473,0.0399320758879184,-0.0617406852543354,0.732140064239502,-0.677173793315887
0.573843836784363,-0.147561460733414,1.0490175485611,0.0405502915382385,-0.0631257742643356,0.731683313846588,-0.677503168582916
0.573896586894989,-0.147397205233574,1.0490630865097,0.0401831977069377,-0.0653045997023582,0.73159646987915,-0.677412152290344
0.573896586894989,-0.147397205233574,1.0490630865097,0.0401831977069377,-0.0653045997023582,0.73159646987915,-0.677412152290344
0.573557198047638,-0.146952584385872,1.04909956455231,0.0408676527440547,-0.0641800388693809,0.730691254138947,-0.6784548163414
0.574268043041229,-0.146765008568764,1.04910838603973,0.0386476293206214,-0.0617485456168651,0.730450332164764,-0.679069757461548
0.573731243610382,-0.146337509155273,1.04916715621948,0.0403652638196945,-0.0641100630164146,0.729317009449005,-0.679968416690826
0.574213027954102,-0.14592707157135,1.04922986030579,0.0391392037272453,-0.0638930723071098,0.728928804397583,-0.680476725101471
0.574213027954102,-0.14592707157135,1.04922986030579,0.0391392037272453,-0.0638930723071098,0.728928804397583,-0.680476725101471
0.574215888977051,-0.145830109715462,1.04907786846161,0.0379644334316253,-0.0650542825460434,0.727589786052704,-0.68186491727829
0.574421882629395,-0.145583406090736,1.04904568195343,0.037556804716587,-0.0647824555635452,0.727246522903442,-0.682279467582703
0.574421882629395,-0.145583406090736,1.04904568195343,0.037556804716587,-0.0647824555635452,0.727246522903442,-0.682279467582703
0.57563191652298,-0.145030274987221,1.04895877838135,0.0372128821909427,-0.061653483659029,0.726857125759125,-0.683002769947052
0.57659375667572,-0.145492374897003,1.04943633079529,0.0362744368612766,-0.0580656789243221,0.726284086704254,-0.683976590633392
0.57630068063736,-0.144212171435356,1.04881548881531,0.0359608232975006,-0.0599182024598121,0.724666595458984,-0.685547292232513
0.57630068063736,-0.144212171435356,1.04881548881531,0.0359608232975006,-0.0599182024598121,0.724666595458984,-0.685547292232513
0.576023042201996,-0.143835380673409,1.04867660999298,0.0360916666686534,-0.0601864457130432,0.72376537322998,-0.686468243598938
0.577161967754364,-0.144156381487846,1.04872989654541,0.0352239571511745,-0.0572565495967865,0.723052203655243,-0.687514841556549
0.577069282531738,-0.14337608218193,1.04878890514374,0.0349175818264484,-0.0582369714975357,0.721864759922028,-0.688694834709167
0.577175080776215,-0.143153727054596,1.04878950119019,0.0344010330736637,-0.0565154254436492,0.720995485782623,-0.689774096012115
0.576609015464783,-0.142950430512428,1.04877078533173,0.0363944955170154,-0.0582956038415432,0.719776272773743,-0.690796077251434
0.577396810054779,-0.142731443047523,1.04876852035522,0.0351257659494876,-0.0564901530742645,0.718528568744659,-0.692309141159058
0.57759952545166,-0.142546743154526,1.04880607128143,0.0364022329449653,-0.0575246326625347,0.717885434627533,-0.692825019359589
0.577230632305145,-0.142208859324455,1.04869782924652,0.0371045432984828,-0.0578622855246067,0.716577053070068,-0.694112718105316
0.577230632305145,-0.142208859324455,1.04869782924652,0.0371045432984828,-0.0578622855246067,0.716577053070068,-0.694112718105316
0.578224718570709,-0.142281711101532,1.04899728298187,0.0369792506098747,-0.0539509057998657,0.714202582836151,-0.696876227855682
0.577973186969757,-0.14146913588047,1.04902064800262,0.0368246771395206,-0.0517419539391994,0.712818741798401,-0.698467135429382
0.578119874000549,-0.140959665179253,1.04904842376709,0.0367187038064003,-0.0502268150448799,0.709975063800812,-0.701473116874695
0.578119874000549,-0.140959665179253,1.04904842376709,0.0367187038064003,-0.0502268150448799,0.709975063800812,-0.701473116874695
0.578390061855316,-0.14113187789917,1.04916214942932,0.0326335579156875,-0.0510188192129135,0.708428263664246,-0.703179657459259
0.578354239463806,-0.140841975808144,1.04930090904236,0.0327009484171867,-0.048518992960453,0.706697940826416,-0.705092012882233
0.578300535678864,-0.140531942248344,1.04939389228821,0.0328106246888637,-0.0480969287455081,0.705300688743591,-0.706513285636902
0.578478634357452,-0.140076667070389,1.04966020584106,0.0383685044944286,-0.0483293160796165,0.704305052757263,-0.70721048116684
0.578533709049225,-0.140341877937317,1.04980111122131,0.0396387465298175,-0.0468727685511112,0.703269481658936,-0.708268165588379
0.578455686569214,-0.143123045563698,1.05194628238678,0.0461919456720352,-0.0423097945749759,0.699215590953827,-0.712161362171173
0.579235911369324,-0.142929762601852,1.05205500125885,0.0450498275458812,-0.0393363200128078,0.698211252689362,-0.713389456272125
0.578824639320374,-0.141954928636551,1.05159485340118,0.0446889474987983,-0.0406011156737804,0.696798741817474,-0.714721024036407
0.57893979549408,-0.141706928610802,1.05173742771149,0.0441457629203796,-0.0383483693003654,0.695799231529236,-0.715851902961731
0.57893979549408,-0.141706928610802,1.05173742771149,0.0441457629203796,-0.0383483693003654,0.695799231529236,-0.715851902961731
0.57596343755722,-0.137074708938599,1.04900097846985,0.0422164127230644,-0.0503509640693664,0.695735275745392,-0.715286672115326
0.576253890991211,-0.137164682149887,1.0493780374527,0.0431899651885032,-0.0489098876714706,0.694624900817871,-0.716406881809235
0.577877521514893,-0.137387797236443,1.04993867874146,0.0414059460163116,-0.0446837395429611,0.691650450229645,-0.719658672809601
0.577812075614929,-0.13706274330616,1.05000507831573,0.0413221195340156,-0.0459831543266773,0.690629720687866,-0.720561385154724
0.577347040176392,-0.137558728456497,1.05042362213135,0.0440510660409927,-0.0428625717759132,0.689458250999451,-0.721713066101074
0.576940536499023,-0.136436566710472,1.05005848407745,0.0437235049903392,-0.0441663525998592,0.687339901924133,-0.723672211170197
0.57712709903717,-0.136299788951874,1.05036461353302,0.0431081652641296,-0.0423678793013095,0.686765134334564,-0.724362075328827
0.576762437820435,-0.135619223117828,1.05014479160309,0.0436668917536735,-0.0444003641605377,0.685105800628662,-0.725776672363281
0.576740801334381,-0.135627627372742,1.05036282539368,0.0443489290773868,-0.043321456760168,0.683976888656616,-0.726864635944366
0.576740801334381,-0.135627627372742,1.05036282539368,0.0443489290773868,-0.043321456760168,0.683976888656616,-0.726864635944366
0.576095163822174,-0.135278895497322,1.05081832408905,0.0455379374325275,-0.0418793186545372,0.681295156478882,-0.729389786720276
0.576468110084534,-0.134319081902504,1.05049920082092,0.0431048646569252,-0.0412883423268795,0.680010139942169,-0.730769157409668
0.576216995716095,-0.133554890751839,1.05031287670135,0.0432704947888851,-0.0435911901295185,0.678603112697601,-0.731932580471039
0.576249182224274,-0.13358636200428,1.05058526992798,0.0435078181326389,-0.0423870347440242,0.677910149097443,-0.732631027698517
0.576130092144012,-0.133130803704262,1.05061268806458,0.0427952669560909,-0.0407916046679019,0.67727118730545,-0.733354151248932
0.576130092144012,-0.133130803704262,1.05061268806458,0.0427952669560909,-0.0407916046679019,0.67727118730545,-0.733354151248932
0.575891733169556,-0.132283896207809,1.050665974617,0.0443672277033329,-0.0422738790512084,0.676104485988617,-0.73425281047821
0.575891733169556,-0.132283896207809,1.050665974617,0.0443672277033329,-0.0422738790512084,0.676104485988617,-0.73425281047821
0.575969159603119,-0.131754606962204,1.05107247829437,0.0436083860695362,-0.0409347675740718,0.674506425857544,-0.735842347145081
0.575813710689545,-0.131371185183525,1.05111479759216,0.0431726388633251,-0.0394086018204689,0.674293696880341,-0.736146152019501
0.575668096542358,-0.130971699953079,1.05114448070526,0.0440478734672069,-0.0403256937861442,0.673790276050568,-0.736505448818207
0.575146079063416,-0.130274102091789,1.05091261863708,0.0436214655637741,-0.0404370948672294,0.673183977603912,-0.73707902431488
0.574995875358582,-0.129871055483818,1.05093955993652,0.0437612384557724,-0.0402270779013633,0.672986805438995,-0.737262308597565
0.574873566627502,-0.129424303770065,1.05100309848785,0.0440393388271331,-0.0435165464878082,0.67316335439682,-0.736897647380829
0.574772894382477,-0.128976598381996,1.05109345912933,0.0437598451972007,-0.0400979183614254,0.67304515838623,-0.737216174602509
0.574648082256317,-0.128538012504578,1.05115461349487,0.0438122786581516,-0.0399955734610557,0.673019468784332,-0.737242043018341
0.574583351612091,-0.128002017736435,1.05124378204346,0.0432909317314624,-0.0398343726992607,0.672728955745697,-0.737546622753143
0.574504673480988,-0.127572417259216,1.05130362510681,0.043166771531105,-0.0403249450027942,0.672831952571869,-0.737433075904846
0.574417412281036,-0.127127215266228,1.05136299133301,0.0429642871022224,-0.0400391370058059,0.672958850860596,-0.737344861030579
0.574417412281036,-0.127127215266228,1.05136299133301,0.0429642871022224,-0.0400391370058059,0.672958850860596,-0.737344861030579
0.574115633964539,-0.126182585954666,1.05140662193298,0.0438022911548614,-0.0416847094893455,0.672960817813873,-0.737202525138855
0.573993921279907,-0.125759840011597,1.05143761634827,0.0438546650111675,-0.0413537621498107,0.673175871372223,-0.737021625041962
0.574188053607941,-0.125578999519348,1.05170214176178,0.0436358451843261,-0.0403147228062152,0.673735022544861,-0.736581146717072
0.574188053607941,-0.125578999519348,1.05170214176178,0.0436358451843261,-0.0403147228062152,0.673735022544861,-0.736581146717072
0.573701918125153,-0.124331548810005,1.05145847797394,0.0429523847997188,-0.0399791896343231,0.674073934555054,-0.73632949590683
0.573150515556335,-0.124379612505436,1.05182826519012,0.0445168204605579,-0.0400815121829509,0.673896014690399,-0.736393868923187
0.573344111442566,-0.124232493340969,1.05214953422546,0.0456407032907009,-0.0399195179343223,0.674518287181854,-0.735764026641846
0.573533236980438,-0.122834898531437,1.05160844326019,0.0432599857449531,-0.0408415459096431,0.675443589687347,-0.735007882118225
0.573340117931366,-0.122287034988403,1.05164182186127,0.0431964248418808,-0.0410512499511241,0.676175534725189,-0.734326541423798
0.573229074478149,-0.121763743460178,1.05167090892792,0.0426913946866989,-0.0403312630951404,0.676777482032776,-0.733841359615326
0.573210299015045,-0.121249809861183,1.05176913738251,0.0422868095338344,-0.0399285778403282,0.677519977092743,-0.733201324939728
0.573291957378387,-0.12060821801424,1.05191242694855,0.041897427290678,-0.0433822274208068,0.678550064563751,-0.732074081897736
0.573570311069489,-0.120360858738422,1.05220520496368,0.0414233468472957,-0.0392671041190624,0.679305851459503,-0.73163229227066
0.572945356369019,-0.120434604585171,1.05248081684113,0.0443305559456348,-0.0396956987679004,0.680444478988647,-0.730379700660706
0.572542905807495,-0.119523100554943,1.05222642421722,0.0430174730718135,-0.0408738665282726,0.680548310279846,-0.730296492576599
0.572979092597961,-0.118221558630466,1.05190479755402,0.0406784303486347,-0.0446452386677265,0.682205677032471,-0.728661417961121
0.572710037231445,-0.117352940142155,1.05165719985962,0.0403936877846717,-0.0458839498460292,0.682673573493958,-0.728161990642548
0.572792708873749,-0.116721346974373,1.05167078971863,0.040123876184225,-0.0454836823046207,0.683799684047699,-0.727144539356232
0.573025286197662,-0.116424448788166,1.05193376541138,0.0401280596852302,-0.0451229289174079,0.684780061244965,-0.726243734359741
0.57236123085022,-0.116376705467701,1.05236768722534,0.041519571095705,-0.0422642417252063,0.685061573982239,-0.726072013378143
0.572398006916046,-0.115682527422905,1.05233299732208,0.04120684415102,-0.0423107668757438,0.686107397079468,-0.72509902715683
0.572349369525909,-0.115106165409088,1.05239629745483,0.0417176894843578,-0.0436341948807239,0.686854004859924,-0.724283993244171
0.572457075119019,-0.11358255147934,1.05189883708954,0.0398036763072013,-0.0453957542777061,0.688100516796112,-0.723099291324615
0.572737455368042,-0.113176815211773,1.05215966701508,0.0384517423808574,-0.0440446659922599,0.689225792884827,-0.722183644771576
0.572663903236389,-0.112493477761745,1.05208599567413,0.0386387519538402,-0.0466973185539245,0.690528333187103,-0.720761477947235
0.572667837142944,-0.11180754005909,1.05205261707306,0.0385864526033401,-0.0467198193073272,0.691310942173004,-0.720012247562408
0.572667837142944,-0.11180754005909,1.05205261707306,0.0385864526033401,-0.0467198193073272,0.691310942173004,-0.720012247562408
0.572087645530701,-0.111039228737354,1.05241751670837,0.0409408882260322,-0.0474081933498382,0.69356095790863,-0.717669606208801
0.572438180446625,-0.109746515750885,1.05207073688507,0.0389041900634765,-0.0477754808962345,0.694976985454559,-0.716387391090393
0.572364032268524,-0.108977816998959,1.05206882953644,0.0386636406183242,-0.0479203164577484,0.695925772190094,-0.715469241142273
0.572016656398773,-0.108451545238495,1.05209720134735,0.0394369475543499,-0.0482342727482318,0.696812570095062,-0.714542269706726
0.57181715965271,-0.107762426137924,1.05215120315552,0.0400776751339435,-0.0464737229049205,0.697578072547913,-0.713875949382782
0.571255505084991,-0.107532069087029,1.05244958400726,0.0419974774122238,-0.0462209843099117,0.69843715429306,-0.712941467761993
0.571057438850403,-0.105766549706459,1.05163633823395,0.0391174256801605,-0.0491684675216674,0.699511826038361,-0.711853682994843
0.571277678012848,-0.105042822659016,1.05187916755676,0.0386522002518177,-0.0487505346536636,0.700654089450836,-0.710783541202545
0.571705937385559,-0.10488610714674,1.05242872238159,0.0390618070960044,-0.0469991154968738,0.7020663022995,-0.709484398365021
0.571528494358063,-0.104111224412918,1.05247926712036,0.0396694056689739,-0.0473243184387683,0.703425526618958,-0.708081483840942
0.571387052536011,-0.103276692330837,1.05258822441101,0.0337459705770015,-0.0460559576749801,0.70431649684906,-0.707586348056793
0.571223676204681,-0.102540038526058,1.05282056331635,0.0342893078923225,-0.0464140325784683,0.705468356609344,-0.706388235092163
0.570810198783875,-0.101240947842598,1.05264973640442,0.0337366200983524,-0.0481215603649616,0.706379294395447,-0.705389499664307
0.571199893951416,-0.0998596027493476,1.05254173278809,0.0328470803797245,-0.0468629039824008,0.707432687282562,-0.704460084438324
0.570627629756927,-0.0999591499567031,1.0530960559845,0.0355250127613544,-0.0461368858814239,0.70891273021698,-0.702888429164886
0.571132242679596,-0.0984832048416137,1.05300796031952,0.0330976694822311,-0.0460007898509502,0.709919571876526,-0.701999068260193
0.570541024208069,-0.096811756491661,1.05252408981323,0.0362984873354435,-0.0488897487521171,0.711353898048401,-0.7001913189888
0.570563435554504,-0.0959341302514076,1.05263805389404,0.0356788411736488,-0.051401175558567,0.712777316570282,-0.69859391450882
0.570480167865753,-0.0949465781450271,1.05272233486176,0.0324269495904445,-0.0519807264208793,0.713638603687286,-0.697829782962799
0.571221053600311,-0.0970953553915023,1.05494546890259,0.0397852472960948,-0.0439455434679985,0.713811218738556,-0.697824835777283
0.570757031440735,-0.0956947654485702,1.05466735363007,0.0378400683403015,-0.0460737347602844,0.714233696460724,-0.697363495826721
0.570814311504364,-0.095260165631771,1.05503571033478,0.0381457284092903,-0.0453792661428451,0.715757191181183,-0.69582861661911
0.57080489397049,-0.0945359468460083,1.05535924434662,0.038176842033863,-0.0456013791263103,0.716768682003021,-0.694770336151123
0.570738673210144,-0.0938974171876907,1.05555701255798,0.0389556549489498,-0.045566264539957,0.718020498752594,-0.693435549736023
0.57024472951889,-0.0896228849887847,1.05369341373444,0.0331755504012107,-0.0515827126801013,0.720940887928009,-0.690277397632599
0.57024472951889,-0.0896228849887847,1.05369341373444,0.0331755504012107,-0.0515827126801013,0.720940887928009,-0.690277397632599
0.569821238517761,-0.0874323323369026,1.05358397960663,0.032067235559225,-0.0556123852729797,0.723774373531342,-0.687044084072113
0.568755209445953,-0.0856581553816795,1.05378806591034,0.0327281206846237,-0.0569460503757,0.72414892911911,-0.686508893966675
0.568755209445953,-0.0856581553816795,1.05378806591034,0.0327281206846237,-0.0569460503757,0.72414892911911,-0.686508893966675
0.569999992847443,-0.0845820158720016,1.05455541610718,0.031754981726408,-0.0553218014538288,0.727319359779358,-0.683328330516815
0.569533467292786,-0.0831284970045089,1.05406510829926,0.0307600665837526,-0.0531792268157005,0.727799475193024,-0.683032810688019
0.569514870643616,-0.0820755213499069,1.05422174930573,0.0310144945979118,-0.0533941723406314,0.728851020336151,-0.681882262229919
0.569401383399963,-0.0810895860195159,1.054443359375,0.0310294795781373,-0.0567947402596473,0.729703187942505,-0.680694341659546
0.569819629192352,-0.0802753865718841,1.05518162250519,0.0305112227797508,-0.0522280447185039,0.730938196182251,-0.679757833480835
0.569230794906616,-0.0789031162858009,1.05466020107269,0.0308278817683458,-0.0574435964226722,0.731371641159058,-0.678855955600739
0.569226086139679,-0.0778186023235321,1.05490660667419,0.0309666972607374,-0.0555192492902278,0.732086539268494,-0.678238987922668
0.568298637866974,-0.0762022361159324,1.05495572090149,0.0307318326085805,-0.0569238811731338,0.732766330242157,-0.677398681640625
0.569658398628235,-0.0758555978536605,1.05562496185303,0.0310831237584352,-0.0543797276914119,0.733948767185211,-0.676310539245605
0.569722712039948,-0.0747433379292488,1.05569493770599,0.0299134962260723,-0.0534397289156913,0.735044538974762,-0.675247371196747
0.569254994392395,-0.0733959004282951,1.05509793758392,0.030554162338376,-0.0556530430912971,0.735210239887238,-0.674859404563904
0.569254994392395,-0.0733959004282951,1.05509793758392,0.030554162338376,-0.0556530430912971,0.735210239887238,-0.674859404563904
0.569854259490967,-0.0713410153985023,1.05605733394623,0.0299794934689998,-0.0550294071435928,0.736821353435516,-0.673177003860474
0.56933730840683,-0.0701049268245697,1.05563724040985,0.0309299733489751,-0.0555618368089199,0.737100124359131,-0.672784984111786
0.56933730840683,-0.0701049268245697,1.05563724040985,0.0309299733489751,-0.0555618368089199,0.737100124359131,-0.672784984111786
0.569371402263641,-0.0676206871867179,1.05579674243927,0.0304505433887243,-0.0560830906033515,0.738368272781372,-0.671371579170227
0.570102632045746,-0.0665089413523674,1.0565630197525,0.0300000999122858,-0.0552057735621929,0.739507675170898,-0.670209586620331
0.569054961204529,-0.0649189203977584,1.0561900138855,0.0307723302394151,-0.0574605427682399,0.73945564031601,-0.670042335987091
0.569077014923096,-0.0638022348284721,1.05631518363953,0.0308370701968669,-0.0571542605757713,0.740150809288025,-0.669297635555267
0.569508194923401,-0.0630571842193603,1.05651462078094,0.030548483133316,-0.0578178837895393,0.741257667541504,-0.668027698993683
0.56980311870575,-0.0617361739277839,1.05669844150543,0.0304550155997276,-0.055405143648386,0.741580128669739,-0.667878568172455
0.570315182209015,-0.0607930459082126,1.0574848651886,0.0303743369877338,-0.0542139187455177,0.742590665817261,-0.666856348514557
0.570315182209015,-0.0607930459082126,1.0574848651886,0.0303743369877338,-0.0542139187455177,0.742590665817261,-0.666856348514557
0.569742798805237,-0.058437842875719,1.05731272697449,0.0298841334879398,-0.0547454394400119,0.742272317409515,-0.667189419269562
0.569788575172424,-0.0570765286684036,1.05749309062958,0.0314737893640995,-0.0540384538471698,0.743614017963409,-0.665678322315216
0.569913327693939,-0.0558279603719711,1.05758261680603,0.031301811337471,-0.0571060292422771,0.743712902069092,-0.665319561958313
0.570012390613556,-0.0547516718506813,1.05775773525238,0.0318874903023242,-0.0544527843594551,0.744304418563843,-0.664852678775787
0.569557785987854,-0.053785316646099,1.05750644207001,0.0330174639821052,-0.054947379976511,0.744320929050446,-0.664738297462463
0.57092672586441,-0.0526199899613857,1.0585560798645,0.030879920348525,-0.0524983555078506,0.745547533035278,-0.663663566112518
0.571021020412445,-0.0514846891164779,1.0587557554245,0.0309804566204547,-0.052094742655754,0.746147692203522,-0.663015782833099
0.570369839668274,-0.0502840317785739,1.05823230743408,0.0321801342070102,-0.0536508820950984,0.745894610881805,-0.663119375705719
0.57108610868454,-0.0493842214345932,1.05880856513977,0.0312608294188976,-0.0512802526354789,0.746790111064911,-0.662342548370361
0.57108610868454,-0.0493842214345932,1.05880856513977,0.0312608294188976,-0.0512802526354789,0.746790111064911,-0.662342548370361
0.57087105512619,-0.0469371527433395,1.05831527709961,0.0313637554645538,-0.0533437505364418,0.747446000576019,-0.661434352397919
0.57087105512619,-0.0469371527433395,1.05831527709961,0.0313637554645538,-0.0533437505364418,0.747446000576019,-0.661434352397919
0.571839153766632,-0.044951245188713,1.05894458293915,0.0297601148486137,-0.0520365983247756,0.748303890228271,-0.660642027854919
0.571209073066711,-0.043179202824831,1.05838394165039,0.0293377432972192,-0.0541990250349044,0.748273730278015,-0.660521268844604
0.571700274944305,-0.0425153821706771,1.05849313735962,0.0299035310745239,-0.0525598898530006,0.748859465122223,-0.659964263439178
0.572037935256958,-0.041262961924076,1.05851542949677,0.0292097833007574,-0.0495409592986106,0.749025881290436,-0.660040020942688
0.572240173816681,-0.0402092188596725,1.05851995944977,0.0286472588777542,-0.0494325086474418,0.750064074993134,-0.658892750740051
0.572454333305359,-0.0390511527657508,1.05867910385132,0.0284023396670818,-0.0479941666126251,0.750191509723663,-0.658864617347717
0.573117196559906,-0.0381599441170692,1.0591402053833,0.0282160434871912,-0.0467531383037567,0.751051604747772,-0.657981514930725
0.573407769203186,-0.0369937792420387,1.05915904045105,0.0276150163263082,-0.0457216314971447,0.751592338085175,-0.657461643218994
0.573179185390472,-0.0357271768152713,1.05873072147369,0.0292253531515598,-0.0481668263673782,0.751753747463226,-0.65703284740448
0.573809862136841,-0.0348039679229259,1.05922722816467,0.029019720852375,-0.0469639636576175,0.752439141273499,-0.65634423494339
0.573704719543457,-0.0335319712758064,1.0589165687561,0.0291575118899345,-0.045057326555252,0.75245463848114,-0.656453847885132
0.574476838111877,-0.0326375365257263,1.0594174861908,0.0282923448830842,-0.0453936383128166,0.753325700759888,-0.655468821525574
0.574333906173706,-0.0311816670000553,1.05896508693695,0.0279652550816535,-0.0429025031626224,0.753302395343781,-0.655677497386932
0.574618875980377,-0.0300720389932394,1.0590717792511,0.0281196162104606,-0.0447232499718666,0.753395795822144,-0.655441880226135
0.574886560440063,-0.0289959218353033,1.05910575389862,0.0280706323683261,-0.0446389988064765,0.753638863563538,-0.655170202255249
0.575272440910339,-0.0278403833508491,1.05922186374664,0.0277407746762037,-0.040855623781681,0.753730893135071,-0.655325353145599
0.575987219810486,-0.0269305650144815,1.05959331989288,0.0264231320470571,-0.0407808944582939,0.754279434680939,-0.654752910137177
0.576104819774628,-0.0259021036326885,1.05955040454865,0.0263534411787986,-0.0420258268713951,0.75468111038208,-0.654213964939117
0.576309382915497,-0.0248073507100343,1.05960392951965,0.0270209535956382,-0.0412235297262668,0.754362463951111,-0.654605150222778
0.576398015022278,-0.0233805291354656,1.05934906005859,0.025437319651246,-0.0417436733841896,0.754893898963928,-0.654022812843323
0.576682388782501,-0.0224485695362091,1.05939161777496,0.0259333364665508,-0.040526196360588,0.754395008087158,-0.654655158519745
0.577289342880249,-0.021605011075735,1.0595920085907,0.0261096339672803,-0.0388951301574707,0.754790782928467,-0.654290795326233
0.577244758605957,-0.0202118754386901,1.05948305130005,0.026473244652152,-0.0397090725600719,0.754564166069031,-0.654488682746887
0.577542543411255,-0.0189876481890678,1.05932855606079,0.0253555998206138,-0.0391240194439888,0.754793405532837,-0.654303789138794
0.578070044517517,-0.0182855427265167,1.05961108207703,0.0248176921159029,-0.0381873473525047,0.755455493927002,-0.653615295886993
0.578099370002747,-0.01697070710361,1.05936753749847,0.0253604054450988,-0.0378913544118404,0.754953801631927,-0.654191076755524
0.578662872314453,-0.0162240732461214,1.05964004993439,0.0241084154695272,-0.0368938893079757,0.755874574184418,-0.65323132276535
0.578941702842712,-0.015134597197175,1.0595897436142,0.024189818650484,-0.0347810238599777,0.755399286746979,-0.653893887996674
0.578893542289734,-0.0138332415372133,1.0594037771225,0.0248621087521314,-0.0363075584173202,0.755215048789978,-0.65399831533432
0.579509556293488,-0.0130023984238505,1.05965113639832,0.0244522877037525,-0.0348694734275341,0.755554914474487,-0.653699457645416
0.579803824424744,-0.0119692627340555,1.05966341495514,0.0239434279501438,-0.0344356968998909,0.755743980407715,-0.653522789478302
0.579703629016876,-0.0107036912813782,1.05940508842468,0.0234456453472375,-0.0356235206127166,0.75551825761795,-0.653738081455231
0.58000522851944,-0.0096418764442205,1.05936777591705,0.0237328894436359,-0.0348995774984359,0.755130529403687,-0.65421462059021
0.580339550971985,-0.0086842663586139,1.0594300031662,0.0234470311552286,-0.0348227024078369,0.75530332326889,-0.654029607772827
0.580676734447479,-0.0075793592259287,1.05935299396515,0.0236992351710796,-0.0335851162672042,0.754920125007629,-0.654527425765991
0.581123530864716,-0.0069865277037024,1.05958664417267,0.0228739734739065,-0.032825332134962,0.755368947982788,-0.654077291488647
0.581026256084442,-0.0056010615080595,1.05941724777222,0.0228441413491964,-0.0338350161910057,0.7547607421875,-0.654728591442108
0.581341087818146,-0.0045384736731648,1.05934727191925,0.0234162770211696,-0.0329498834908008,0.75419408082962,-0.655406296253204
0.581615209579468,-0.0035756835713982,1.0593546628952,0.0236915200948715,-0.0303755085915327,0.753905117511749,-0.655853092670441
0.581919312477112,-0.0026498837396502,1.05940794944763,0.0232897251844406,-0.0318228565156459,0.753615975379944,-0.656131029129028
0.581919312477112,-0.0026498837396502,1.05940794944763,0.0232897251844406,-0.0318228565156459,0.753615975379944,-0.656131029129028
0.582220911979675,-0.0008634487167,1.0594162940979,0.0235992446541786,-0.031149735674262,0.753059208393097,-0.656791150569916
0.582360625267029,1.9668135792017e-05,1.05934417247772,0.0226917024701833,-0.0325145162642002,0.751976370811462,-0.657996535301208
0.582394361495972,0.0009389515034854,1.05936801433563,0.0232487041503191,-0.0312516540288925,0.752521514892578,-0.65741491317749
0.582574009895325,0.0019260384142398,1.05941808223724,0.023811250925064,-0.0305613707751035,0.751858413219452,-0.658185362815857
0.582620739936829,0.0027709808200597,1.05940818786621,0.0242847986519336,-0.0306101832538843,0.751452445983887,-0.658629238605499
0.582767605781555,0.0036521889269351,1.05934453010559,0.0230386834591627,-0.032069694250822,0.750319838523865,-0.65989476442337
0.582780301570892,0.0044524739496409,1.05939698219299,0.0226085763424634,-0.03070561401546,0.750008523464203,-0.660328149795532
0.583396196365356,0.0050305193290114,1.05963706970215,0.0230070333927869,-0.0287060551345348,0.749514937400818,-0.660964548587799
0.583442389965057,0.0058226841501891,1.05964004993439,0.0231118537485599,-0.0303111020475626,0.749324560165405,-0.661105096340179
0.583442389965057,0.0058226841501891,1.05964004993439,0.0231118537485599,-0.0303111020475626,0.749324560165405,-0.661105096340179
0.583687663078308,0.007364188786596,1.05966663360596,0.0231188740581274,-0.0295443106442689,0.748359382152557,-0.662231862545013
0.583793103694916,0.0082354713231325,1.05964612960815,0.0231827348470687,-0.0296854712069034,0.747786939144135,-0.662869572639465
0.583793103694916,0.0082354713231325,1.05964612960815,0.0231827348470687,-0.0296854712069034,0.747786939144135,-0.662869572639465
0.583831012248993,0.0100956745445728,1.05948424339294,0.0220565218478441,-0.0304300915449857,0.746995568275452,-0.663766026496887
0.584262907505035,0.0105109261348843,1.05970597267151,0.0231073126196861,-0.0281663499772548,0.746589660644531,-0.664286434650421
0.584167718887329,0.0115116350352764,1.05949699878693,0.0230034589767456,-0.0292521938681602,0.745996415615082,-0.664909422397614
0.584237039089203,0.0123099470511078,1.0594779253006,0.0232271924614906,-0.0293200723826885,0.745541930198669,-0.665408253669739
0.584364950656891,0.0129651483148336,1.0594574213028,0.0234373845160007,-0.0273275971412658,0.744935572147369,-0.666164398193359
0.584539830684662,0.0136506259441375,1.05948746204376,0.0245217438787221,-0.0271993167698383,0.745309591293335,-0.665711998939514
0.584719061851501,0.0143812261521816,1.05948877334595,0.0245000980794429,-0.0267876796424388,0.744839131832123,-0.6662557721138
0.584846675395966,0.0150106027722358,1.05947303771973,0.0247261393815279,-0.0264568869024515,0.744648575782776,-0.666473805904388
0.585295617580414,0.0154128484427928,1.05970215797424,0.0245105475187301,-0.0255264546722173,0.744442403316498,-0.666748225688934
0.585152983665466,0.0163406729698181,1.05945456027985,0.0223646983504295,-0.028609350323677,0.743606805801392,-0.667630434036255
0.585152983665466,0.0163406729698181,1.05945456027985,0.0223646983504295,-0.028609350323677,0.743606805801392,-0.667630434036255
0.585754632949829,0.0173069480806589,1.05970370769501,0.022560304030776,-0.0263294875621795,0.742827951908112,-0.668583989143372
0.585851073265076,0.017841525375843,1.05969023704529,0.0226738061755895,-0.0260717403143644,0.742598414421082,-0.668845176696777
0.585677206516266,0.0186728574335575,1.05939328670502,0.0214255172759294,-0.0275428313761949,0.742422103881836,-0.669023036956787
0.586008787155151,0.01891372166574,1.05957770347595,0.0221502278000116,-0.0268363915383815,0.742258369922638,-0.669209718704224
0.586150348186493,0.0194613691419363,1.05954813957214,0.0222944840788841,-0.0266357865184545,0.742205798625946,-0.669271409511566
0.586007535457611,0.0203843750059604,1.05935561656952,0.0219723340123891,-0.0275370106101036,0.741804659366608,-0.669690251350403
0.586120665073395,0.0208222493529319,1.05936789512634,0.0218646749854087,-0.0273593161255121,0.741490304470062,-0.670048952102661
0.586196660995483,0.0212771687656641,1.05937337875366,0.0217890702188015,-0.027194844558835,0.741391360759735,-0.670167624950409
0.586336016654968,0.0217646714299917,1.05927908420563,0.0218708869069814,-0.0226428396999835,0.741244614124298,-0.670496582984924
0.58639794588089,0.0222510751336812,1.05924534797668,0.0215024035423994,-0.0258029792457819,0.741277873516083,-0.670357346534729
0.586464047431946,0.0227129571139812,1.05920159816742,0.0217158291488885,-0.0238526798784732,0.740931689739227,-0.670805275440216
0.5865558385849,0.0230695456266403,1.05924785137177,0.0204794518649578,-0.0259034149348735,0.741395473480225,-0.670255422592163
0.586649715900421,0.0235004927963018,1.05929970741272,0.020437704399228,-0.0257590133696794,0.741439700126648,-0.670213401317596
0.586649715900421,0.0235004927963018,1.05929970741272,0.020437704399228,-0.0257590133696794,0.741439700126648,-0.670213401317596
0.58690482378006,0.024458710104227,1.059210896492,0.0205547604709863,-0.0254679229110479,0.741345703601837,-0.670324981212616
0.586966991424561,0.0248096771538257,1.05922913551331,0.0208453591912984,-0.0247876290231943,0.741534888744354,-0.670132100582123
0.587002396583557,0.0252293143421411,1.05919182300568,0.020551024004817,-0.0249195396900177,0.741414427757263,-0.670269668102264
0.58718353509903,0.0256478860974311,1.05921113491058,0.0204693339765071,-0.0242683924734592,0.741619169712067,-0.670069634914398
0.587226629257202,0.0259762722998857,1.05921030044556,0.0206007603555917,-0.0241048391908407,0.741754114627838,-0.66992199420929
0.587226629257202,0.0259762722998857,1.05921030044556,0.0206007603555917,-0.0241048391908407,0.741754114627838,-0.66992199420929
0.587329030036926,0.0266536343842744,1.05917716026306,0.0205639339983463,-0.0234236326068639,0.741924464702606,-0.669758498668671
0.587370932102203,0.0269299075007438,1.05918490886688,0.0208261907100677,-0.0221696943044662,0.74192076921463,-0.669797360897064
0.587700068950653,0.0269383210688829,1.05940747261047,0.0202515870332717,-0.0222896113991737,0.742492139339447,-0.669177651405334
0.58772087097168,0.0271738357841968,1.0594310760498,0.0195450372993946,-0.0216092895716428,0.742667853832245,-0.669025897979736
0.587747573852539,0.0274389944970607,1.05946624279022,0.0193268805742263,-0.0222725439816713,0.7431880235672,-0.668432474136353
0.587763845920563,0.0277034379541873,1.05946731567383,0.0192554593086242,-0.0221356190741062,0.743370532989502,-0.668236136436462
0.587861776351929,0.028004577383399,1.0593957901001,0.020168911665678,-0.0206500608474016,0.74304586648941,-0.66861766576767
0.587591111660004,0.0286062266677618,1.05912280082703,0.0198995675891637,-0.0215465798974037,0.743003666400909,-0.668644428253174
0.587627172470093,0.0288437791168689,1.05909883975983,0.0197215322405099,-0.0211822371929883,0.743122577667236,-0.668529212474823
0.587323665618896,0.0292317569255828,1.0588846206665,0.0199033934623003,-0.02206845395267,0.743411064147949,-0.66817432641983
0.587335169315338,0.0294177196919918,1.05887472629547,0.0199749693274498,-0.0215656924992799,0.743525207042694,-0.668061494827271
0.587357461452484,0.0296135880053043,1.05886161327362,0.0199475437402725,-0.0212969034910202,0.743628680706024,-0.667955815792084
0.587700068950653,0.0297218263149261,1.05907952785492,0.0184626672416925,-0.0208659302443265,0.744147896766663,-0.667433679103851
0.587811172008514,0.0299610309302806,1.0590283870697,0.0183161869645118,-0.0205506402999162,0.74428528547287,-0.667294383049011
0.587828993797302,0.0301308706402778,1.05902671813965,0.0184409655630588,-0.0203173235058784,0.744349896907806,-0.667225897312164
0.587795913219452,0.0303349830210208,1.05898523330688,0.0185376703739166,-0.0203041117638349,0.744396924972534,-0.667171239852905
0.587795913219452,0.0303349830210208,1.05898523330688,0.0185376703739166,-0.0203041117638349,0.744396924972534,-0.667171239852905
0.588081955909729,0.0303821600973606,1.0591766834259,0.018759174272418,-0.0190984103828668,0.744701683521271,-0.666860342025757
0.588070929050446,0.0305612087249755,1.05913531780243,0.0186221562325954,-0.01934614777565,0.744700968265533,-0.666857838630676
0.588060736656189,0.0307374782860279,1.05914151668549,0.0196757949888706,-0.0188856869935989,0.744483768939972,-0.667083203792572
0.587784826755524,0.0312088876962661,1.05889570713043,0.0186357051134109,-0.0205469951033592,0.744650304317474,-0.666878223419189
0.587764203548431,0.0313672088086605,1.0588630437851,0.0187704470008611,-0.0203124806284904,0.744811713695526,-0.666701376438141
0.587758719921112,0.0315238125622272,1.05883955955505,0.0187719017267227,-0.0205239076167345,0.744849264621735,-0.666652917861938
0.587743282318115,0.0316737852990627,1.05879878997803,0.0187653135508298,-0.0206694398075342,0.744916677474976,-0.666573107242584
0.587729871273041,0.0318033434450626,1.05875468254089,0.018829034641385,-0.0208851173520088,0.744947910308838,-0.666529893875122
0.58779639005661,0.0320206619799137,1.05865788459778,0.0184337962418794,-0.0210975147783756,0.745095133781433,-0.666369557380676
0.587745487689972,0.0322028063237667,1.05856192111969,0.0184080321341753,-0.0215228926390409,0.745128452777863,-0.666319489479065
0.587715029716492,0.0323284715414047,1.0585150718689,0.0193271823227405,-0.021287802606821,0.744906723499298,-0.666548848152161
0.587671101093292,0.0324881114065647,1.05845952033997,0.0192279703915119,-0.0216805040836334,0.744992434978485,-0.666443288326263
0.587637484073639,0.0325834043323993,1.05841219425201,0.019182164222002,-0.0220682881772518,0.745011031627655,-0.66641104221344
0.587607622146606,0.0326896905899047,1.05837392807007,0.0209129974246025,-0.0193115603178739,0.745284020900726,-0.666139185428619
0.587561249732971,0.0327540449798107,1.05833327770233,0.0199756007641553,-0.0200282894074916,0.745775103569031,-0.665597021579742
0.587509632110596,0.0328170359134674,1.05831015110016,0.0198471918702125,-0.019851017743349,0.745855271816254,-0.665516316890717
0.587463319301605,0.0328796282410621,1.05828309059143,0.0198244545608758,-0.020277265459299,0.746001005172729,-0.665340781211853
0.587404787540436,0.03292902931571,1.05826258659363,0.019596779718995,-0.0209137517958879,0.746043562889099,-0.665280163288116
0.587360501289368,0.0329662859439849,1.05823969841003,0.0196342021226882,-0.0211195610463619,0.745845794677734,-0.665494382381439
0.587299227714539,0.0330103226006031,1.05821549892426,0.0196605250239372,-0.0213326476514339,0.746072709560394,-0.665232360363007
0.58723509311676,0.0330139137804508,1.05819571018219,0.0206201784312725,-0.0209083091467618,0.745635867118835,-0.665706276893616
0.587159276008606,0.0330427773296833,1.05819797515869,0.020716406404972,-0.0211294591426849,0.745597422122955,-0.665739476680756
0.586978316307068,0.033018771559,1.05819654464722,0.0210146699100732,-0.0214757900685071,0.74552845954895,-0.665796220302582
0.586897969245911,0.0330146178603172,1.05816638469696,0.0201342329382896,-0.0225637685507535,0.745786786079407,-0.66549813747406
0.58678412437439,0.0330000594258308,1.05813074111938,0.0204794034361839,-0.0224457737058401,0.745845437049866,-0.665425717830658
0.586678802967072,0.03299006447196,1.05810284614563,0.0203146133571863,-0.0231596622616052,0.745656788349152,-0.665617823600769
0.586510121822357,0.0328694097697734,1.05814409255981,0.0217115841805934,-0.0227710083127021,0.745143175125122,-0.666162073612213
0.586335122585297,0.0327596366405487,1.05808806419373,0.0214524194598197,-0.0233076531440019,0.744815468788147,-0.666518211364746
0.586236655712128,0.0327039882540702,1.05804312229156,0.0215450599789619,-0.0234765652567148,0.744786083698273,-0.666542112827301
0.586147904396057,0.0326397754251956,1.05802202224731,0.0208956282585859,-0.0241110492497682,0.745099544525146,-0.666189789772034
0.586057364940643,0.0325540229678154,1.05799889564514,0.0208073500543832,-0.0244909841567277,0.744965195655823,-0.666328847408295
0.585973739624023,0.0324500016868114,1.05794513225555,0.0220587439835071,-0.0238147210329771,0.74453866481781,-0.666789829730988
0.585973739624023,0.0324500016868114,1.05794513225555,0.0220587439835071,-0.0238147210329771,0.74453866481781,-0.666789829730988
0.585786879062653,0.0322146862745285,1.05788993835449,0.021711865440011,-0.0241823345422744,0.744247019290924,-0.667113363742828
0.585685193538666,0.0320900678634643,1.05788826942444,0.0217975378036499,-0.0245004519820213,0.743992686271667,-0.667382597923279
0.585599660873413,0.0319638289511203,1.05787920951843,0.0211250707507133,-0.025170499458909,0.744174540042877,-0.667176604270935
0.585460066795349,0.0318167097866535,1.05785703659058,0.02138552069664,-0.0253846310079097,0.74385017156601,-0.667521715164185
0.585356950759888,0.0316806882619857,1.05784714221954,0.0219953600317239,-0.0258977152407169,0.743432700634003,-0.667947113513947
0.58514791727066,0.0315096527338027,1.05785489082336,0.0225219205021858,-0.02611069008708,0.743084192276001,-0.668309152126312
0.584925651550293,0.0312971994280815,1.05789864063263,0.0235612541437149,-0.0259745735675096,0.742282748222351,-0.669168591499329
0.584925651550293,0.0312971994280815,1.05789864063263,0.0235612541437149,-0.0259745735675096,0.742282748222351,-0.669168591499329
0.584826111793518,0.0310986787080764,1.05789852142334,0.0231485199183225,-0.0274020209908485,0.741358697414398,-0.670149803161621
0.584507405757904,0.0306753478944301,1.05786061286926,0.0234155785292387,-0.0276929885149002,0.740511000156403,-0.671065092086792
0.584381699562073,0.0304825566709041,1.0578521490097,0.023585258051753,-0.0276608932763338,0.740183055400848,-0.671422183513641
0.584248006343842,0.0302346609532833,1.05783891677856,0.0239079035818576,-0.0278981309384107,0.739832520484924,-0.671787142753601
0.584060907363892,0.0299391187727451,1.05783772468567,0.0246651694178581,-0.0273282434791326,0.739837765693665,-0.671777486801147
0.583957493305206,0.0297168046236038,1.05781698226929,0.0235617086291313,-0.0283866263926029,0.739592134952545,-0.67204362154007
0.583828866481781,0.0294611025601625,1.05780899524689,0.023504976183176,-0.0288474094122648,0.738976061344147,-0.672703325748444
0.583596527576447,0.0291940812021493,1.05779552459717,0.0238839779049158,-0.029142415151,0.738653481006622,-0.673031508922577
0.583765923976898,0.0286543536931276,1.05802321434021,0.0255744140595197,-0.0278890673071146,0.73832768201828,-0.673379957675934
0.583563446998596,0.0283365100622177,1.05808651447296,0.024817407131195,-0.0286451634019613,0.738249182701111,-0.673462569713593
0.583423554897308,0.0281398110091686,1.05803179740906,0.0250015538185834,-0.0286874528974294,0.737964987754822,-0.673765361309052
0.583423554897308,0.0281398110091686,1.05803179740906,0.0250015538185834,-0.0286874528974294,0.737964987754822,-0.673765361309052
0.583179831504822,0.0275569465011358,1.0580472946167,0.025103261694312,-0.0293954238295555,0.737370073795319,-0.674382090568542
0.583073973655701,0.0272508859634399,1.05799150466919,0.0253675729036331,-0.0298189241439104,0.736950218677521,-0.674812316894531
0.582905054092407,0.0268956571817398,1.0580233335495,0.0273478552699089,-0.0295566357672214,0.736410737037659,-0.675335228443146
0.582527101039886,0.0268799904733896,1.05776083469391,0.0273217670619487,-0.0306250359863042,0.735894024372101,-0.675851821899414
0.58242791891098,0.0265165716409683,1.05775105953217,0.0271658115088939,-0.0304169431328773,0.735626101493835,-0.676159083843231
0.582544147968292,0.0258034449070692,1.05796670913696,0.027371522039175,-0.0300085730850696,0.735622882843018,-0.67617255449295
0.582180917263031,0.0256760045886039,1.05775570869446,0.0275790896266698,-0.031011015176773,0.735235810279846,-0.676539778709412
0.581689238548279,0.0252937600016593,1.0575954914093,0.028663020581007,-0.0317797735333442,0.734900116920471,-0.676823616027832
0.582247078418732,0.0245484095066785,1.05798470973969,0.0276827160269022,-0.0282939262688159,0.735387802124023,-0.676489353179932
0.581889152526855,0.0244316589087247,1.05775058269501,0.0294510088860988,-0.0296920631080865,0.734498381614685,-0.677320599555969
0.581708252429962,0.0239880625158548,1.05777752399445,0.0292802397161722,-0.0320614017546176,0.734593570232391,-0.677116811275482
0.581628561019897,0.0234811287373304,1.05776679515839,0.0293171629309654,-0.032204158604145,0.734380841255188,-0.677339196205139
0.581592500209808,0.0230158567428588,1.05773615837097,0.0290751289576292,-0.0321982055902481,0.734244644641876,-0.677497386932373
0.581523656845093,0.0225449278950691,1.05771100521088,0.0291968397796154,-0.032724879682064,0.734098315238953,-0.67762553691864
0.581759989261627,0.0217125378549098,1.0579206943512,0.0288543961942195,-0.0326767265796661,0.734670519828796,-0.677022159099579
0.581362128257751,0.0214545466005802,1.0576696395874,0.0299996100366115,-0.03305035084486,0.733949363231659,-0.677736043930054
0.581258833408356,0.0208172239363193,1.05770707130432,0.0303077884018421,-0.0332025289535522,0.733685195446014,-0.678000748157501
0.581463634967804,0.019934993237257,1.05794394016266,0.0305831916630268,-0.0325798317790031,0.733825623989105,-0.677866756916046
0.581403374671936,0.0194156356155872,1.05791854858398,0.0305887181311845,-0.0328515768051147,0.733778119087219,-0.677904784679413
0.581259965896606,0.018823193386197,1.05793595314026,0.0309412237256765,-0.033071793615818,0.733683347702026,-0.677980601787567
0.581013977527618,0.0186467133462429,1.05776858329773,0.0297475978732109,-0.0352617911994457,0.733779609203339,-0.677819550037384
0.580923676490784,0.0179680902510881,1.05775606632233,0.0301232300698757,-0.0352999940514564,0.733673274517059,-0.67791610956192
0.581117928028107,0.0170959532260894,1.05798959732056,0.0299397390335798,-0.031591385602951,0.733785808086395,-0.67798525094986
0.580845832824707,0.0163513571023941,1.05799388885498,0.0305838696658611,-0.0351417288184165,0.73387199640274,-0.677688479423523
0.580515265464783,0.016011793166399,1.05777406692505,0.0314804576337337,-0.0338757708668708,0.732901751995087,-0.678761065006256
0.580527663230896,0.015344301238656,1.05784940719604,0.0316860824823379,-0.0339713394641876,0.73286646604538,-0.678784728050232
0.58033561706543,0.0144847994670271,1.05790269374847,0.0323329120874404,-0.0342729464173316,0.732665181159973,-0.67895632982254
0.580271482467651,0.0138236265629529,1.05792653560638,0.0310644339770078,-0.0332551077008247,0.732740640640259,-0.678984820842743
0.580228567123413,0.0131476363167166,1.05797624588013,0.0300868228077888,-0.0340734981000423,0.733089685440063,-0.678611278533936
0.580011129379272,0.012348037213087,1.05806148052216,0.0305060409009456,-0.037715058773756,0.733316540718079,-0.678154826164246
0.579973161220551,0.0115740979090332,1.05810654163361,0.0304724164307117,-0.038193080574274,0.733250856399536,-0.678200662136078
0.579985022544861,0.0108520984649658,1.05804312229156,0.0307998806238174,-0.0384621247649192,0.733136117458344,-0.678294539451599
0.579943954944611,0.0101298801600933,1.05806195735931,0.0311958510428667,-0.0382027253508567,0.732659816741943,-0.678805649280548
0.580125391483307,0.0090859271585941,1.05841720104218,0.030185392126441,-0.0379019156098365,0.73310261964798,-0.678389966487885
0.580126643180847,0.0082571050152182,1.0584864616394,0.0307902917265892,-0.0374162495136261,0.732827365398407,-0.678687155246735
0.579955220222473,0.0073960130102932,1.05846416950226,0.0302314348518848,-0.0385830514132976,0.732929289340973,-0.678536653518677
0.579820394515991,0.0065358504652976,1.05847024917603,0.0316273942589759,-0.0376628898084163,0.73236745595932,-0.679131329059601
0.579514265060425,0.0059934356249868,1.0583016872406,0.0311863459646701,-0.039346344769001,0.732005476951599,-0.679446339607239
0.579497218132019,0.0052192313596606,1.05835020542145,0.0301032271236181,-0.0403599627315998,0.732204496860504,-0.679221272468567
0.579685866832733,0.0040288511663675,1.05862653255463,0.0309447180479764,-0.0388982258737087,0.73207551240921,-0.679407775402069
0.579661667346954,0.003131186356768,1.05870759487152,0.0301994550973176,-0.039968479424715,0.732218265533447,-0.679225385189056
0.579613447189331,0.0022666198201477,1.05879783630371,0.0313022620975971,-0.0377209782600402,0.731497526168823,-0.680079996585846
0.579169034957886,0.0017651147209107,1.0588173866272,0.0303728245198726,-0.0415573045611381,0.731998383998871,-0.679359138011932
0.579142808914185,0.0008327178657054,1.05897510051727,0.0300370082259178,-0.0385663323104381,0.731895506381989,-0.679661214351654
0.579511821269989,-0.0005181350279599,1.05907046794891,0.0306563209742307,-0.0406673699617385,0.732172608375549,-0.67921257019043
0.579499423503876,-0.0014513251371681,1.05907416343689,0.0304271820932626,-0.0404582247138023,0.731995463371277,-0.67942613363266
0.579496681690216,-0.0024565421044826,1.0591527223587,0.0309023242443799,-0.0401954352855682,0.731490433216095,-0.679964184761047
0.579002499580383,-0.0029312237165868,1.05924546718597,0.0308041628450155,-0.0427766889333725,0.731712400913239,-0.67957204580307
0.57897537946701,-0.0039279921911656,1.05924165248871,0.0313383378088474,-0.0420403555035591,0.731533825397491,-0.679785847663879
0.578857958316803,-0.004900018684566,1.05940580368042,0.0308935586363077,-0.0430445708334445,0.731978118419647,-0.679265022277832
0.579238414764404,-0.0061204824596643,1.05946898460388,0.0311217978596687,-0.0411016680300235,0.731631338596344,-0.679748117923737
0.578962683677673,-0.0070089404471218,1.05950427055359,0.031072674319148,-0.0425591431558132,0.731962263584137,-0.679304361343384
0.578751981258392,-0.0081304386258125,1.05941069126129,0.0312809459865093,-0.04316321387887,0.731917023658752,-0.679305374622345
0.578770816326141,-0.0091802841052412,1.0594083070755,0.0324760228395462,-0.0404936894774436,0.731394529342651,-0.679976344108582
0.578800201416016,-0.0102464910596609,1.05950319766998,0.0309031922370195,-0.0434665828943252,0.731956839561462,-0.679260551929474
0.578803479671478,-0.0112872552126646,1.05933713912964,0.0314857773482799,-0.0397313609719276,0.731609523296356,-0.679836452007294
0.578774273395538,-0.0124564971774816,1.05933773517609,0.0316631309688091,-0.0410922728478908,0.732222378253937,-0.679087162017822
0.578689515590668,-0.0136040300130844,1.05940616130829,0.0310275591909885,-0.0404848381876945,0.732107281684875,-0.679277122020721
0.578703105449677,-0.0147243272513151,1.05938112735748,0.0317972041666507,-0.0433212928473949,0.731964707374573,-0.679220080375671
0.578998923301697,-0.0163231268525123,1.05953049659729,0.0315140560269355,-0.0421101562678813,0.732750236988068,-0.678462028503418
0.579090476036072,-0.0172001030296087,1.05950498580933,0.0318899601697921,-0.0411828383803367,0.732628703117371,-0.67863267660141
0.579095959663391,-0.018483305349946,1.05946445465088,0.0310476701706647,-0.0423557199537754,0.733270525932312,-0.677905857563019
0.57860392332077,-0.0193039141595363,1.05950129032135,0.0314280018210411,-0.0434266924858093,0.733021140098572,-0.678090333938599
0.578730583190918,-0.0202867425978183,1.05968630313873,0.0306403748691082,-0.0436895713210105,0.732791841030121,-0.678357422351837
0.578637838363647,-0.0214853044599294,1.05951428413391,0.0312494561076164,-0.0429988987743854,0.733308136463165,-0.677815616130829
0.57870352268219,-0.0226327497512102,1.05946004390717,0.0316670313477516,-0.0429907068610191,0.732807397842407,-0.67833799123764
0.578737437725067,-0.0238830223679542,1.05949687957764,0.0316173806786537,-0.0415253899991512,0.733026266098022,-0.678195178508759
0.579117655754089,-0.0252843331545591,1.05969786643982,0.0317544788122177,-0.0402645952999591,0.7332484126091,-0.678024649620056
0.579117655754089,-0.0252843331545591,1.05969786643982,0.0317544788122177,-0.0402645952999591,0.7332484126091,-0.678024649620056
0.578733801841736,-0.0272364169359207,1.05949211120605,0.0318499244749546,-0.0428579114377498,0.733796656131744,-0.67726743221283
0.578769087791443,-0.0283460803329944,1.05943524837494,0.0317288227379322,-0.039627768099308,0.733741104602814,-0.677530109882355
0.578289985656738,-0.0293758139014244,1.05923974514008,0.0323622226715087,-0.0440876260399818,0.733880877494812,-0.677073001861572
0.579157710075378,-0.0309629365801811,1.05936777591705,0.0317898578941822,-0.0417416058480739,0.734153091907501,-0.676953732967377
0.578696250915527,-0.0317503027617931,1.05931091308594,0.0329603515565395,-0.0409715846180915,0.733888328075409,-0.677231788635254
0.57870614528656,-0.032827191054821,1.05923855304718,0.0324835777282714,-0.0430756136775016,0.734293580055237,-0.676684856414795
0.579190731048584,-0.0341058894991874,1.05939269065857,0.0313625000417232,-0.0416007302701473,0.734626829624176,-0.676468312740326
0.578718066215515,-0.0351189710199832,1.05906391143799,0.03281120210886,-0.0428311228752136,0.73447847366333,-0.676483869552612
0.57874470949173,-0.0362359583377838,1.05897998809814,0.0327325873076915,-0.043070588260889,0.734543919563293,-0.676401436328888
0.578607141971588,-0.0373553149402141,1.05893981456757,0.0333472602069377,-0.0432550497353076,0.734522342681885,-0.676382958889008
0.578514039516449,-0.038311555981636,1.05873167514801,0.033658742904663,-0.043690588325262,0.734707593917847,-0.676138401031494
0.578500270843506,-0.0393649116158485,1.05867111682892,0.0334152691066265,-0.0440623611211776,0.734715819358826,-0.676117300987244
0.578504621982574,-0.0404437221586704,1.05867052078247,0.0332573801279068,-0.0440182760357856,0.734689831733704,-0.676156222820282
0.578779220581055,-0.0418523214757442,1.05874311923981,0.034047681838274,-0.0430891439318656,0.735077798366547,-0.675755023956299
0.578646659851074,-0.0428748726844787,1.05870378017426,0.0339565128087997,-0.0434488169848918,0.735167443752289,-0.675638914108276
0.578555643558502,-0.0437846593558788,1.05871224403381,0.0338820777833461,-0.044171143323183,0.735060691833496,-0.675712108612061
0.578424036502838,-0.0448740124702453,1.05852949619293,0.0344098061323165,-0.0409202650189399,0.734753668308258,-0.676223754882812
0.57805860042572,-0.0456126369535923,1.05827295780182,0.0346423275768756,-0.0440432131290435,0.73438948392868,-0.676411390304565
0.578205168247223,-0.046924352645874,1.05851185321808,0.0346488170325756,-0.045241679996252,0.734998345375061,-0.675670146942139
0.57793664932251,-0.0475020036101341,1.05819594860077,0.0343445017933845,-0.0465119145810604,0.734928905963898,-0.67567503452301
0.57761150598526,-0.048634149134159,1.05816519260406,0.0351670086383819,-0.0454277284443378,0.734285235404968,-0.676405847072601
0.577845752239227,-0.0498391240835189,1.05839407444,0.0345758162438869,-0.0444614104926586,0.734572947025299,-0.676188170909882
0.577748358249664,-0.0508297681808471,1.05837595462799,0.0354286096990108,-0.0450604259967803,0.734484374523163,-0.67620050907135
0.577310919761658,-0.0515638478100299,1.05817580223083,0.0346418023109436,-0.0447680316865444,0.734196186065674,-0.676573514938354
0.577309787273407,-0.0522705018520355,1.0581613779068,0.0334310866892337,-0.0455096624791622,0.73398894071579,-0.676809728145599
0.577336668968201,-0.0537090376019477,1.05821871757507,0.034785583615303,-0.0462717413902282,0.734134614467621,-0.676531910896301
0.577336668968201,-0.0537090376019477,1.05821871757507,0.034785583615303,-0.0462717413902282,0.734134614467621,-0.676531910896301
0.576967895030975,-0.0552453249692916,1.05786347389221,0.0353298559784889,-0.0480042174458503,0.733354568481445,-0.677228569984436
0.576855897903442,-0.0561895109713077,1.05780446529388,0.0346654057502746,-0.0473717637360096,0.733635783195496,-0.677002787590027
0.576855897903442,-0.0561895109713077,1.05780446529388,0.0346654057502746,-0.0473717637360096,0.733635783195496,-0.677002787590027
0.576535284519196,-0.0579713024199008,1.05768203735352,0.0349451228976249,-0.0517872422933578,0.733443558216095,-0.676873326301575
0.576420485973358,-0.0589064881205558,1.05768120288849,0.0357508175075054,-0.0501061789691448,0.733315229415894,-0.677096784114838
0.576286792755127,-0.0597242414951324,1.05757009983063,0.0353565998375415,-0.0506416372954845,0.733176112174988,-0.677228450775146
0.576146364212036,-0.0605604127049446,1.05747091770172,0.0355706326663494,-0.0506583005189895,0.733382761478424,-0.676992058753967
0.576022028923035,-0.0614172481000423,1.05742788314819,0.035639114677906,-0.0501769930124282,0.733532667160034,-0.676861763000488
0.575914621353149,-0.0623328499495983,1.05744314193726,0.0364760383963584,-0.0519070699810981,0.733302116394043,-0.676936686038971
0.575806260108948,-0.0631539970636367,1.05741477012634,0.0361128896474838,-0.0521069280803203,0.733161807060242,-0.677092730998993
0.575678467750549,-0.0639713257551193,1.05734395980835,0.0358417630195617,-0.0543178580701351,0.73326587677002,-0.676820576190948
0.575824797153473,-0.0651202350854873,1.05747997760773,0.0368932522833347,-0.0517469048500061,0.733639001846313,-0.676561295986176
0.575148820877075,-0.065582625567913,1.05694925785065,0.036971740424633,-0.0535742230713367,0.733192145824432,-0.676898956298828
0.57567834854126,-0.0666771456599235,1.0573970079422,0.0361713767051696,-0.0549270138144493,0.733636379241943,-0.676352381706238
0.575506210327148,-0.0674958080053329,1.05735456943512,0.0364634208381176,-0.0551374889910221,0.733587682247162,-0.676372289657593
0.57517409324646,-0.067897617816925,1.05692791938782,0.036893043667078,-0.0543462075293064,0.733421266078949,-0.676593363285065
0.575219392776489,-0.0685765445232391,1.05688285827637,0.0364734716713428,-0.054451648145914,0.733400881290436,-0.676629841327667
0.57487416267395,-0.0695092603564262,1.0567786693573,0.0367323942482471,-0.0532117411494255,0.733637094497681,-0.676458477973938
0.574758172035217,-0.0702411904931068,1.05664122104645,0.0367652252316474,-0.0534011684358119,0.733571767807007,-0.676512539386749
0.574638903141022,-0.0708787217736244,1.05655527114868,0.0362234637141227,-0.0535406470298767,0.733810305595398,-0.676271915435791
0.574837028980255,-0.0719151049852371,1.05680274963379,0.0371421314775943,-0.056628867983818,0.733800053596497,-0.675981640815735
0.574696123600006,-0.0726227089762687,1.05674886703491,0.0372142158448696,-0.0563953295350074,0.733510971069336,-0.676310956478119
0.574122726917267,-0.0730898380279541,1.05632472038269,0.0373429395258426,-0.0574728213250637,0.7336146235466,-0.676100611686707
0.573983788490295,-0.0737719610333442,1.05623912811279,0.0368035100400447,-0.0543822608888149,0.733758211135864,-0.676230013370514
0.573899984359741,-0.074493333697319,1.05618906021118,0.0373926684260368,-0.0580130107700824,0.733834087848663,-0.675813436508179
0.573693990707397,-0.0752481445670127,1.05618906021118,0.0374240092933177,-0.0578603893518447,0.733846843242645,-0.675811052322388
0.573771357536316,-0.0762167572975158,1.05635416507721,0.0382371358573436,-0.0551020018756389,0.733862042427063,-0.675979435443878
0.573624670505524,-0.0768085047602653,1.05628669261932,0.0384075902402401,-0.0576461106538772,0.734193027019501,-0.675398111343384
0.573574602603912,-0.0772971287369728,1.05629444122314,0.038002423942089,-0.0544807240366935,0.73433780670166,-0.67552638053894
0.573007225990295,-0.0776864811778068,1.05583596229553,0.0388282500207424,-0.0566781312227249,0.734126269817352,-0.675528526306152
0.573052942752838,-0.0786682441830635,1.05605900287628,0.0384202301502227,-0.0549550168216228,0.73453164100647,-0.675253450870514
0.572501122951508,-0.0789380222558975,1.0557107925415,0.0380874164402484,-0.0561202429234981,0.734247744083405,-0.67548531293869
0.572701632976532,-0.0798152536153793,1.05593574047089,0.0385864414274692,-0.0551551394164562,0.734927356243134,-0.674796760082245
0.571676731109619,-0.0796276852488517,1.05519664287567,0.0395878925919532,-0.059579137712717,0.734107613563538,-0.675254821777344
0.57199227809906,-0.0801576301455497,1.05536472797394,0.0386810824275016,-0.0591382533311843,0.734338045120239,-0.675095677375793
0.571856617927551,-0.0811626687645912,1.05555164813995,0.0404961816966533,-0.0601792484521865,0.734802901744843,-0.674391090869904
0.571732938289642,-0.0815609991550445,1.05549299716949,0.0400679446756839,-0.0567144490778446,0.735144674777985,-0.67434424161911
0.571796059608459,-0.0825240835547447,1.05572640895844,0.0403992645442485,-0.0556997656822204,0.735332489013672,-0.674204468727112
0.57166188955307,-0.0829760879278183,1.0556823015213,0.0407978184521198,-0.0570772737264633,0.735298573970795,-0.674102187156677
0.571601033210754,-0.083364263176918,1.05566310882568,0.04055742546916,-0.0573712661862373,0.735158681869507,-0.674244284629822
0.571123659610748,-0.0837176144123077,1.05533409118652,0.0404574088752269,-0.0584600828588008,0.735082030296326,-0.674240469932556
0.570915877819061,-0.0842222869396209,1.05536103248596,0.0401703119277954,-0.057550061494112,0.735308527946472,-0.674088835716248
0.570774495601654,-0.0846075043082237,1.05534625053406,0.0397695787250995,-0.0579437799751758,0.735301196575165,-0.674086928367615
0.570834696292877,-0.0854225307703018,1.05552005767822,0.0402344316244125,-0.0567732043564319,0.735808253288269,-0.67360532283783
0.570710837841034,-0.085777997970581,1.0554792881012,0.0395043231546878,-0.056727260351181,0.735928237438202,-0.673521399497986
0.570580005645752,-0.0861290395259857,1.05543458461761,0.0403465777635574,-0.0584478005766868,0.735805094242096,-0.673458933830261
0.570388197898865,-0.0865385830402374,1.05533921718597,0.0392883718013763,-0.0569601841270923,0.736182868480682,-0.673236072063446
0.569976091384888,-0.0866511985659599,1.05507242679596,0.0392600893974304,-0.0577938929200172,0.735964357852936,-0.673405706882477
0.569802403450012,-0.0871079489588737,1.05513429641724,0.0400775037705898,-0.0589348264038562,0.735974609851837,-0.673247277736664
0.569590330123901,-0.0874906405806541,1.05512642860413,0.0407187528908252,-0.0593260265886783,0.736151397228241,-0.672981202602386
0.56947273015976,-0.0878058820962905,1.05510556697845,0.0405210331082344,-0.059496022760868,0.736095190048218,-0.673039615154266
0.56929749250412,-0.0881351977586746,1.05504274368286,0.0405137240886688,-0.0595175325870513,0.736180126667023,-0.672945141792297
0.569472014904022,-0.0887494087219238,1.05527102947235,0.0397270396351814,-0.0572602897882461,0.736734807491302,-0.672580778598785
0.56932544708252,-0.0890778750181198,1.05517566204071,0.0397747755050659,-0.0574130713939666,0.736807942390442,-0.672484755516052
0.569181561470032,-0.0893627777695655,1.05512142181396,0.0397257544100284,-0.0576485469937324,0.736867189407349,-0.672402620315552
0.569063663482666,-0.0896549522876739,1.05507862567902,0.0397252514958381,-0.0574322119355201,0.736993789672852,-0.672282457351685
0.568712949752808,-0.0895592868328094,1.05484664440155,0.0398000739514827,-0.0598676949739456,0.736484885215759,-0.672623217105865
0.568429112434387,-0.0899638012051582,1.05480599403381,0.0402601137757301,-0.0599104389548301,0.736670672893524,-0.67238837480545
0.568429112434387,-0.0899638012051582,1.05480599403381,0.0402601137757301,-0.0599104389548301,0.736670672893524,-0.67238837480545
0.567991614341736,-0.0900811776518821,1.05463099479675,0.0390064381062984,-0.0609922558069229,0.736802637577057,-0.672220408916473
0.567998290061951,-0.0907524526119232,1.0548323392868,0.0399840176105499,-0.0602002516388893,0.736990928649902,-0.672028005123138
0.567875266075134,-0.0909855663776397,1.05480015277863,0.0393993407487869,-0.0599380545318126,0.737038254737854,-0.672034025192261
0.567980349063873,-0.0915230438113212,1.05498147010803,0.0387443155050277,-0.0578878968954086,0.737712919712067,-0.671511352062225
0.567583441734314,-0.0913589894771575,1.05467879772186,0.0385827273130416,-0.0588203184306621,0.737601935863495,-0.671561658382416
0.567018330097198,-0.0915261954069137,1.05449283123016,0.0391702950000762,-0.0596616081893444,0.737541019916534,-0.671520233154297
0.567274510860443,-0.0917791947722435,1.05470597743988,0.0387120656669139,-0.0624468922615051,0.737523078918457,-0.671313166618347
0.567239999771118,-0.0924179479479789,1.05487668514252,0.0393458120524883,-0.0609894655644893,0.737616360187531,-0.671307921409607
0.567078948020935,-0.0926072746515274,1.05483174324036,0.0393197797238826,-0.0613034702837467,0.737604856491089,-0.671293497085571
0.566895067691803,-0.0928319469094276,1.05477571487427,0.0395657643675804,-0.0594274029135704,0.737511873245239,-0.67154985666275
0.566475570201874,-0.0927180498838424,1.05454289913177,0.0394283793866634,-0.0603264421224594,0.737336039543152,-0.671670854091644
0.566332280635834,-0.0928454995155334,1.05453968048096,0.0393038056790828,-0.0603186599910259,0.737285435199738,-0.67173445224762
0.566084682941437,-0.0930613279342651,1.05459558963776,0.0396225042641162,-0.0604059472680091,0.737305581569672,-0.671685636043549
0.565936505794525,-0.0931860730051994,1.05459189414978,0.0394501686096191,-0.0604465529322624,0.737298965454102,-0.671699523925781
0.56577080488205,-0.0932952910661697,1.05462396144867,0.0376842990517616,-0.0593379624187946,0.736179411411285,-0.67312616109848
0.565541386604309,-0.0934805795550346,1.05462968349457,0.0387064702808856,-0.058823674917221,0.737312436103821,-0.671872019767761
