x,y,z,q0,q1,q2,q3
0.595797181129456,0.0227656681090593,1.59649074077606,-0.212787196040154,0.229255169630051,0.685629606246948,-0.657324731349945
0.595931887626648,0.0226913820952177,1.59665846824646,-0.21283757686615,0.229870155453682,0.685768902301788,-0.656948328018188
0.594385147094727,0.0222440771758556,1.59646117687225,-0.211284130811691,0.228779166936874,0.686237692832947,-0.657340824604034
0.596074044704437,0.0224815420806407,1.59683799743652,-0.212615326046944,0.230669215321541,0.686324656009674,-0.656159222126007
0.594533979892731,0.0219845455139875,1.59664070606232,-0.21108041703701,0.229618564248085,0.686757922172546,-0.65656977891922
0.596082448959351,0.0223066583275795,1.59751844406128,-0.21347089111805,0.231133967638016,0.686849892139435,-0.655167698860168
0.595953822135925,0.0220856498926877,1.59787368774414,-0.213924214243889,0.231443211436272,0.687082231044769,-0.654666781425476
0.595938682556152,0.021918099373579,1.59795069694519,-0.213624432682991,0.231633812189102,0.688179314136505,-0.653543949127197
0.595780074596405,0.0217078235000371,1.59796810150146,-0.213325813412666,0.231668278574943,0.688490867614746,-0.653301119804382
0.59623908996582,0.0214761309325695,1.59836888313293,-0.214290052652359,0.23271070420742,0.688429534435272,-0.65267938375473
0.596361696720123,0.0213063955307006,1.59851491451263,-0.214653521776199,0.233042776584625,0.688854455947876,-0.651992678642273
0.596569776535034,0.0205541364848613,1.59838831424713,-0.208886444568634,0.224825620651245,0.672356307506561,-0.673614799976349
0.596800267696381,0.0204101707786321,1.59859538078308,-0.209459960460663,0.227598279714584,0.675545573234558,-0.669301092624664
0.596580624580383,0.0206143502146005,1.59808802604675,-0.213814780116081,0.232704177498817,0.69093644618988,-0.650183796882629
0.596675992012024,0.0206133797764778,1.59853708744049,-0.21507129073143,0.232687577605247,0.691302120685577,-0.649385988712311
0.59639847278595,0.0203543510288,1.59885478019714,-0.215505018830299,0.232320114970207,0.691533327102661,-0.649127662181854
0.596413731575012,0.0200955457985401,1.59859275817871,-0.215058490633965,0.232109501957893,0.692270517349243,-0.648564994335175
0.596993625164032,0.0194210447371006,1.59872674942017,-0.210397392511368,0.226858541369438,0.678382337093353,-0.666382610797882
0.596235632896423,0.0190310385078191,1.59857976436615,-0.215254411101341,0.23239304125309,0.693075299263,-0.647538125514984
0.620708465576172,-0.0057241916656494,1.60064625740051,-0.216456890106201,0.322333157062531,0.74103856086731,-0.547822713851929
0.620655059814453,-0.006067344918847,1.60068690776825,-0.216651365160942,0.322170168161392,0.741756856441498,-0.546868741512299
0.622165441513062,-0.0064295306801795,1.60095286369324,-0.213849440217018,0.318388611078262,0.721672832965851,-0.57626861333847
0.622067153453827,-0.0067930407822132,1.60040163993835,-0.212511107325554,0.319865316152573,0.726521730422974,-0.569817006587982
0.620493113994598,-0.0068845804780721,1.60068941116333,-0.21694640815258,0.320981204509735,0.743243336677551,-0.545430719852448
0.620456516742706,-0.0070363711565732,1.60028231143951,-0.216628491878509,0.319974333047867,0.74408495426178,-0.545000970363617
0.620301306247711,-0.0076316222548484,1.60059678554535,-0.216730698943138,0.320340931415558,0.744110822677612,-0.544709801673889
0.621501386165619,-0.0078873801976442,1.6003805398941,-0.213144570589065,0.316470414400101,0.725361824035645,-0.572945177555084
0.621427655220032,-0.0083240568637847,1.60071325302124,-0.213438928127289,0.318940222263336,0.728748738765717,-0.567138671875
0.62002956867218,-0.0082816146314144,1.60018599033356,-0.216819986701012,0.318907022476196,0.746006906032562,-0.542919099330902
0.620049953460693,-0.0087708979845047,1.60090327262878,-0.217936873435974,0.320158362388611,0.745589375495911,-0.542308747768402
0.620048642158508,-0.0087807457894086,1.600177526474,-0.217304676771164,0.318867832422256,0.746719360351562,-0.541767716407776
0.621404469013214,-0.0094300210475921,1.60117268562317,-0.215492740273476,0.316613852977753,0.726004540920258,-0.571170747280121
0.621176958084106,-0.0095573905855417,1.60034644603729,-0.214059382677078,0.318129897117615,0.731545925140381,-0.563748717308044
0.619694530963898,-0.0097800735384225,1.60091149806976,-0.219007208943367,0.320000469684601,0.747144401073456,-0.539824843406677
0.619477808475494,-0.0097021665424108,1.60018944740295,-0.218313753604889,0.318417459726334,0.748724400997162,-0.538851797580719
0.619470477104187,-0.0098235756158828,1.59985065460205,-0.218222320079803,0.318265557289123,0.749462008476257,-0.537952482700348
0.619401156902313,-0.0100130066275596,1.59990262985229,-0.218698143959045,0.318405836820602,0.749626755714417,-0.53744637966156
0.619114756584167,-0.010216886177659,1.59959065914154,-0.21828281879425,0.317951023578644,0.750689446926117,-0.536400198936462
0.619068443775177,-0.0103158578276634,1.59957230091095,-0.219065472483635,0.317696928977966,0.750963687896729,-0.53584748506546
0.619061946868896,-0.0106391329318284,1.599977850914,-0.219938457012177,0.319051116704941,0.751031637191772,-0.534588634967804
0.61893892288208,-0.0107963029295206,1.59992015361786,-0.220045432448387,0.319343566894531,0.751634895801544,-0.533521056175232
0.6188605427742,-0.0110563896596431,1.60012972354889,-0.220401406288147,0.32032236456871,0.752032399177551,-0.532225668430328
0.618728697299957,-0.0112150553613901,1.60013008117676,-0.220400705933571,0.320994824171066,0.752454042434692,-0.531223952770233
0.618564009666443,-0.0113115087151527,1.60010695457458,-0.220368340611458,0.321331858634949,0.75311005115509,-0.530102670192719
0.618313193321228,-0.0112863890826702,1.59992909431458,-0.22001825273037,0.32109996676445,0.754014730453491,-0.529101550579071
0.618097245693207,-0.0115185808390378,1.60012400150299,-0.219968006014824,0.322290897369385,0.754877090454102,-0.527165234088898
0.617897391319275,-0.0117348469793796,1.60011661052704,-0.219666495919228,0.322854846715927,0.755584597587585,-0.525930941104889
0.617573142051697,-0.011846724897623,1.60060167312622,-0.22017876803875,0.32417705655098,0.755574941635132,-0.524916291236877
0.617342412471771,-0.0119281150400638,1.60060691833496,-0.219988033175468,0.324882060289383,0.756083905696869,-0.523826420307159
0.617041110992432,-0.012016512453556,1.60056781768799,-0.219663664698601,0.325405478477478,0.756771802902222,-0.522642970085144
0.616760611534119,-0.0121086947619915,1.60059475898743,-0.219500586390495,0.326005548238754,0.757529616355896,-0.521237790584564
0.593363344669342,0.0127755980938673,1.5982084274292,-0.219980239868164,0.240544870495796,0.712743639945984,-0.621082484722137
0.60368013381958,-0.0139480717480182,1.59939527511597,-0.161379411816597,0.292421221733093,0.744305014610291,-0.578322291374207
0.603270471096039,-0.0140461530536413,1.59963309764862,-0.161748632788658,0.293857723474503,0.745132803916931,-0.576421916484833
0.602814853191376,-0.0140111558139324,1.59944367408752,-0.16163495182991,0.29458612203598,0.746657729148865,-0.574104011058807
0.602268755435944,-0.0140698384493589,1.59943974018097,-0.161457017064094,0.295769482851028,0.748826503753662,-0.570710837841034
0.601786315441132,-0.014124646782875,1.59945511817932,-0.161702290177345,0.296757310628891,0.750531256198883,-0.567882418632507
0.600975632667542,-0.0139711815863847,1.59895896911621,-0.161058768630028,0.296381533145904,0.752762496471405,-0.565302312374115
0.60068267583847,-0.0138778612017631,1.59907579421997,-0.161838263273239,0.297279894351959,0.754782199859619,-0.561904728412628
0.600102782249451,-0.0138712339103221,1.59937810897827,-0.162840619683266,0.298110157251358,0.756837606430054,-0.558399617671967
0.5994673371315,-0.0138191170990467,1.59937405586243,-0.163631394505501,0.299048870801926,0.759731709957123,-0.553716838359833
0.598643720149994,-0.012807197868824,1.59943902492523,-0.165567278862,0.294950157403946,0.765105009078979,-0.547910869121552
0.598004341125488,-0.0126804420724511,1.59903204441071,-0.165681421756744,0.295175343751907,0.767957091331482,-0.543749094009399
0.596862435340881,-0.012471729889512,1.5992978811264,-0.166594609618187,0.295758575201034,0.770074665546417,-0.54014641046524
0.59655374288559,-0.0123566361144185,1.59931170940399,-0.168272823095322,0.296801716089249,0.773528099060059,-0.534085512161255
0.59639048576355,-0.0130477901548147,1.59912180900574,-0.161569714546204,0.294520705938339,0.764848649501801,-0.549690246582031
0.595503270626068,-0.0129184797406196,1.59897434711456,-0.16235339641571,0.294981867074966,0.768177568912506,-0.544545948505402
0.594300091266632,-0.0126162264496088,1.59803330898285,-0.161873325705528,0.294770628213882,0.771671533584595,-0.539842903614044
0.593928158283234,-0.0125352423638105,1.59809482097626,-0.163536682724953,0.296035498380661,0.77435576915741,-0.534782111644745
0.591907918453217,-0.0113276150077581,1.59793519973755,-0.172393262386322,0.298781841993332,0.789459228515625,-0.507704854011536
0.591702938079834,-0.0120148304849863,1.59766435623169,-0.165510177612305,0.297251850366592,0.781334698200226,-0.523224413394928
0.590783774852753,-0.0119104227051138,1.59744966030121,-0.166360199451447,0.298157155513763,0.784052073955536,-0.518352210521698
0.589941561222076,-0.011732593178749,1.59729731082916,-0.167366474866867,0.299056380987167,0.786994397640228,-0.513024032115936
0.589063942432404,-0.0113842096179723,1.59682440757751,-0.168213918805122,0.299491494894028,0.789991140365601,-0.507861137390137
0.588161289691925,-0.0110104037448763,1.59668779373169,-0.169584855437279,0.300098687410355,0.793099999427795,-0.502169489860535
0.587586522102356,-0.0108909318223595,1.59746253490448,-0.172279551625252,0.301881104707718,0.795235216617584,-0.496778219938278
0.586385428905487,-0.0104853920638561,1.5963808298111,-0.171643197536469,0.301534026861191,0.797714531421661,-0.493221521377563
0.585466623306274,-0.0103161735460162,1.59631812572479,-0.172491654753685,0.302834182977676,0.799463927745819,-0.489280641078949
0.585089802742004,-0.010067680850625,1.59631216526031,-0.17377969622612,0.304335713386536,0.801194489002228,-0.48504427075386
0.583843171596527,-0.0095682647079229,1.5959712266922,-0.174222812056541,0.304307967424393,0.803504943847656,-0.48106437921524
0.583020329475403,-0.0092458873987197,1.59575200080872,-0.174936890602112,0.304931163787842,0.805373728275299,-0.477270632982254
0.576076328754425,0.013836421072483,1.59297692775726,-0.228316381573677,0.271164357662201,0.78285539150238,-0.511350095272064
0.57544469833374,0.0141317183151841,1.59276974201202,-0.229107141494751,0.272404342889786,0.784839630126953,-0.507279634475708
0.57595306634903,0.0146649181842803,1.59324085712433,-0.231681853532791,0.274751365184784,0.785019159317017,-0.504559338092804
0.574369430541992,0.014790641143918,1.59198677539825,-0.229788467288017,0.273735970258713,0.787474751472473,-0.502144753932953
0.574363470077515,0.0153007572516798,1.59218919277191,-0.230971992015839,0.275773197412491,0.788031280040741,-0.499607622623444
0.573234617710114,0.0153732551261782,1.59158754348755,-0.230254217982292,0.275878518819809,0.789736568927765,-0.497182369232178
0.573380768299103,0.0158432833850383,1.59184741973877,-0.231571704149246,0.277977168560028,0.790009498596191,-0.494962841272354
0.57335501909256,0.0161300152540206,1.59232211112976,-0.233297765254974,0.27988588809967,0.790046811103821,-0.493013381958008
0.572075724601746,0.0154756223782897,1.59156358242035,-0.231206327676773,0.284849107265472,0.788217782974243,-0.494082391262054
0.571734488010406,0.0159557834267616,1.59144806861877,-0.231539219617844,0.285271346569061,0.78951233625412,-0.491609811782837
0.571939051151276,0.0170877296477556,1.59240400791168,-0.234642714262009,0.283387899398804,0.791502714157104,-0.488013923168182
0.571939051151276,0.0170877296477556,1.59240400791168,-0.234642714262009,0.283387899398804,0.791502714157104,-0.488013923168182
0.570827126502991,0.0178987272083759,1.59136021137238,-0.232992649078369,0.283853650093079,0.793326735496521,-0.485565930604935
0.570923030376434,0.0184111706912517,1.59153807163239,-0.234040558338165,0.284648776054382,0.793498933315277,-0.484313517808914
0.570209503173828,0.018761783838272,1.59116065502167,-0.233126938343048,0.285259515047073,0.794474065303802,-0.482793927192688
0.569884359836578,0.0190655216574668,1.59106469154358,-0.232991605997085,0.286370128393173,0.794843316078186,-0.481592237949371
0.569598793983459,0.0186525732278823,1.59154808521271,-0.233090296387672,0.293041914701462,0.791495144367218,-0.483043372631073
0.569624841213226,0.01898755133152,1.59164452552795,-0.233422562479973,0.294453889131546,0.791737794876099,-0.481624364852905
0.568963289260864,0.0195406712591648,1.59124934673309,-0.232883781194687,0.294199198484421,0.792835414409637,-0.480233192443848
0.568963289260864,0.0195406712591648,1.59124934673309,-0.232883781194687,0.294199198484421,0.792835414409637,-0.480233192443848
0.568356692790985,0.0204483717679977,1.59100556373596,-0.232835650444031,0.295801281929016,0.793612062931061,-0.477984368801117
0.568417191505432,0.0206558909267187,1.59069645404816,-0.232351705431938,0.297366559505463,0.793171644210815,-0.477979749441147
0.568091154098511,0.0212242323905229,1.59046065807343,-0.232578113675117,0.29778054356575,0.79397189617157,-0.476280242204666
0.567566931247711,0.0215709134936332,1.59039974212646,-0.232681348919868,0.298877716064453,0.794288516044617,-0.475012809038162
0.567331671714783,0.02232002094388,1.59065628051758,-0.234131395816803,0.299202740192413,0.794785559177399,-0.473261088132858
0.566756069660187,0.0225367061793804,1.59003019332886,-0.233130350708961,0.300479590892792,0.794759035110474,-0.472990810871124
0.566548228263855,0.0232150144875049,1.58945906162262,-0.233092352747917,0.300244599580765,0.795917868614197,-0.471206873655319
0.566548228263855,0.0232150144875049,1.58945906162262,-0.233092352747917,0.300244599580765,0.795917868614197,-0.471206873655319
0.565395355224609,0.0248989444226026,1.58883845806122,-0.234356909990311,0.297088742256164,0.799135982990265,-0.467115491628647
0.564702689647675,0.0252447836101055,1.58900892734528,-0.23537115752697,0.298758536577225,0.798900783061981,-0.465941250324249
0.564349234104156,0.0257658455520868,1.58843994140625,-0.235262304544449,0.299538850784302,0.79927122592926,-0.464858770370483
0.563776969909668,0.0259912572801113,1.58867597579956,-0.236336082220077,0.301035016775131,0.798991978168488,-0.463826656341553
0.563209474086761,0.0267151016741991,1.58889532089233,-0.237710207700729,0.302133053541183,0.798748016357422,-0.462829530239105
0.562533497810364,0.0271750018000602,1.58862924575806,-0.237987011671066,0.303220421075821,0.798997163772583,-0.461544215679169
0.561923503875732,0.0278916470706462,1.58844339847565,-0.238807648420334,0.303824007511139,0.798979341983795,-0.460753798484802
0.561313986778259,0.0283868834376335,1.58826470375061,-0.239155918359756,0.304786026477814,0.798862636089325,-0.460139602422714
0.561313986778259,0.0283868834376335,1.58826470375061,-0.239155918359756,0.304786026477814,0.798862636089325,-0.460139602422714
0.559974014759064,0.0297510996460914,1.58791244029999,-0.240382835268974,0.306741178035736,0.798719048500061,-0.458447337150574
0.559283852577209,0.0304552838206291,1.58771216869354,-0.240766406059265,0.30762192606926,0.798390567302704,-0.458227932453156
0.558660566806793,0.0312202088534832,1.58757388591766,-0.241509422659874,0.308682441711426,0.797993957996368,-0.457814455032349
0.557906985282898,0.0319035649299621,1.58737945556641,-0.241905465722084,0.309773355722427,0.797994375228882,-0.456866651773453
0.557205557823181,0.0328245982527732,1.58718943595886,-0.242719605565071,0.310418695211411,0.797715604305267,-0.456483542919159
0.556541621685028,0.033780064433813,1.58700549602509,-0.243273168802261,0.311089426279068,0.797365725040436,-0.456343561410904
0.555784404277802,0.034555222839117,1.58654356002808,-0.243051141500473,0.311798512935638,0.797681570053101,-0.455425083637237
0.555049240589142,0.0355145260691642,1.58667588233948,-0.244097262620926,0.312852293252945,0.796860873699188,-0.455579549074173
0.554189145565033,0.0365030504763126,1.58610022068024,-0.243460431694984,0.31310772895813,0.796967387199402,-0.455558449029922
0.55337381362915,0.037325195968151,1.5861804485321,-0.244106158614159,0.314977288246155,0.796226620674133,-0.45521941781044
0.552608251571655,0.0383112728595733,1.58609116077423,-0.244347855448723,0.31608983874321,0.79571807384491,-0.455207794904709
0.551676571369171,0.0394010916352272,1.58582615852356,-0.243994161486626,0.316867291927338,0.795320749282837,-0.455551147460938
0.550839304924011,0.0404079966247081,1.58566999435425,-0.244173839688301,0.318147510290146,0.794785439968109,-0.455496847629547
0.549870848655701,0.0414374247193336,1.58540165424347,-0.243979260325432,0.319490998983383,0.794185042381287,-0.455707937479019
0.549010574817657,0.042546022683382,1.58526790142059,-0.244259059429169,0.320519953966141,0.793432712554932,-0.456145852804184
0.548124372959137,0.0437395684421062,1.58511793613434,-0.24438713490963,0.32147216796875,0.79264909029007,-0.456769168376923
0.547197699546814,0.0449644885957241,1.58496379852295,-0.244765684008598,0.322375237941742,0.792200565338135,-0.456708192825317
0.546344876289368,0.046239398419857,1.58477389812469,-0.245027273893356,0.322914689779282,0.791658818721771,-0.457125931978226
0.545454502105713,0.0474938377737998,1.58465456962585,-0.245199576020241,0.323727399110794,0.790784001350403,-0.457972079515457
0.54455840587616,0.0485821925103664,1.58424210548401,-0.244625777006149,0.324429631233215,0.790581226348877,-0.45813199877739
0.542301297187805,0.0494744032621383,1.58345782756805,-0.242936551570892,0.3239666223526,0.790793538093567,-0.458991467952728
0.542687296867371,0.0510669276118278,1.58433997631073,-0.244902983307838,0.325920760631561,0.788943707942963,-0.459745764732361
0.54211014509201,0.0523134693503379,1.58344554901123,-0.24346649646759,0.325428277254105,0.78915935754776,-0.460486799478531
0.54111123085022,0.0535202622413635,1.58365345001221,-0.24356584250927,0.326175153255463,0.788393616676331,-0.461217015981674
0.540125072002411,0.0546467900276184,1.58349359035492,-0.243106722831726,0.326852917671204,0.787931859493256,-0.461767911911011
0.539225399494171,0.05586539208889,1.5834151506424,-0.242877066135406,0.327385276556015,0.787219643592834,-0.462725609540939
0.538106858730316,0.0574287511408329,1.58308041095734,-0.242520615458488,0.327268004417419,0.78656530380249,-0.464106172323227
0.53681755065918,0.0586941465735435,1.58269667625427,-0.241796165704727,0.327377527952194,0.786226332187653,-0.464980363845825
0.536176085472107,0.0599338710308074,1.58274662494659,-0.242304503917694,0.327987372875214,0.785550236701965,-0.465428501367569
0.535213351249695,0.0609959959983825,1.58260703086853,-0.241903260350227,0.329012155532837,0.784452974796295,-0.466762691736221
0.534216284751892,0.0622407905757427,1.58244609832764,-0.242119789123535,0.329238414764404,0.783713281154633,-0.467732399702072
0.53182178735733,0.0632169544696807,1.58159720897675,-0.240666016936302,0.328445285558701,0.783916711807251,-0.468698382377625
0.532050728797913,0.064778558909893,1.58174526691437,-0.241993799805641,0.329770028591156,0.782558798789978,-0.469353228807449
0.531454861164093,0.0659053847193718,1.5817791223526,-0.242814302444458,0.330721825361252,0.781211137771606,-0.470503389835358
0.530540823936462,0.0670821890234947,1.58150660991669,-0.243005186319351,0.331363290548325,0.780468583106995,-0.471185386180878
0.529601633548737,0.0683594420552253,1.58111989498138,-0.243383303284645,0.331342279911041,0.779878497123718,-0.471981287002563
0.528671264648438,0.0695922821760177,1.58119094371796,-0.244557678699493,0.332095175981522,0.778518617153168,-0.473088949918747
0.527411699295044,0.0706240013241767,1.58069455623627,-0.244275718927383,0.332887411117554,0.777737557888031,-0.473961561918259
0.526480793952942,0.0718771517276763,1.58046758174896,-0.245058730244637,0.333087176084518,0.776695430278778,-0.475124597549438
0.525493025779724,0.0730334147810936,1.58018720149994,-0.245575577020645,0.333770751953125,0.77567720413208,-0.476040542125702
0.524585366249084,0.0740623176097869,1.58000957965851,-0.246106430888176,0.334769576787949,0.774282276630402,-0.477334231138229
0.523674368858337,0.0751279890537262,1.57984614372253,-0.246576145291328,0.335953146219253,0.773153364658356,-0.478089690208435
0.522694945335388,0.0761407986283302,1.57958650588989,-0.246894612908363,0.336625725030899,0.77202957868576,-0.479266583919525
0.521728157997131,0.0772634223103523,1.57936704158783,-0.247399911284447,0.337278753519058,0.770986676216125,-0.480224907398224
0.520763158798218,0.078433908522129,1.57893788814545,-0.247654274106026,0.337722063064575,0.770036935806274,-0.48130476474762
0.519862711429596,0.079568400979042,1.57873201370239,-0.24830225110054,0.338387012481689,0.7692831158638,-0.481709212064743
0.51923668384552,0.0807286351919174,1.57871603965759,-0.249524846673012,0.338697463274002,0.768276453018188,-0.482465237379074
0.518279731273651,0.0816714912652969,1.57841956615448,-0.249896004796028,0.339691787958145,0.767084181308746,-0.483470052480698
0.516952872276306,0.0827983394265174,1.57784461975098,-0.249775469303131,0.339595586061478,0.766722559928894,-0.484173089265823
0.516268491744995,0.0836835503578186,1.57776963710785,-0.250612616539001,0.34098756313324,0.765479326248169,-0.484728962182999
0.515226244926453,0.0847006887197494,1.5773983001709,-0.251124560832977,0.341645121574402,0.76447719335556,-0.48558184504509
0.513876855373383,0.085818201303482,1.57676064968109,-0.25129908323288,0.341524243354797,0.763917863368988,-0.486456096172333
0.513173639774323,0.0867247954010963,1.57660806179047,-0.252342700958252,0.342974215745926,0.762496650218964,-0.487124890089035
0.511879920959473,0.0877226144075393,1.57597887516022,-0.252429962158203,0.343807309865951,0.761629223823547,-0.487848877906799
0.510026752948761,0.0886633545160293,1.57484233379364,-0.25208705663681,0.343035072088242,0.761630296707153,-0.48856782913208
0.509312391281128,0.0895253866910934,1.57471418380737,-0.25310429930687,0.34414541721344,0.760295689105988,-0.489339083433151
0.508027672767639,0.0905533730983734,1.57411897182465,-0.253518104553223,0.344360798597336,0.759506940841675,-0.490197390317917
0.506981611251831,0.0915075093507766,1.57361102104187,-0.254181265830994,0.344819158315659,0.75889527797699,-0.490478992462158
0.505860328674316,0.0925004035234451,1.57313346862793,-0.255053728818893,0.345294535160065,0.758183598518372,-0.490792274475098
0.504827976226807,0.0935381725430488,1.57275974750519,-0.256116986274719,0.345636337995529,0.757475793361664,-0.491090625524521
0.503876864910126,0.0942665711045265,1.57242810726166,-0.256869316101074,0.34719580411911,0.75608241558075,-0.491744488477707
0.502929627895355,0.0952370762825012,1.57202911376953,-0.25789749622345,0.347888022661209,0.754902780056,-0.492528915405273
0.501993715763092,0.0961512997746467,1.5716073513031,-0.259281307458878,0.348813891410828,0.754085898399353,-0.492398798465729
0.501123249530792,0.0970952734351158,1.57110726833344,-0.26029771566391,0.349315226078033,0.753279805183411,-0.492740839719772
0.500219583511353,0.0981700718402862,1.57073986530304,-0.261702567338943,0.349330306053162,0.752468168735504,-0.493225783109665
0.499616801738739,0.098910704255104,1.57055449485779,-0.26286107301712,0.350697904825211,0.751250505447388,-0.493495583534241
0.498454391956329,0.0996676757931709,1.56973457336426,-0.262832075357437,0.351536482572555,0.750782370567322,-0.493626713752747
0.497919052839279,0.100488632917404,1.56961679458618,-0.264226675033569,0.352469682693481,0.749353229999542,-0.494387745857239
0.496755987405777,0.101449213922024,1.56898522377014,-0.264755994081497,0.352816432714462,0.748915016651154,-0.494521141052246
0.496268630027771,0.102252997457981,1.56888115406036,-0.265955477952957,0.353753298521042,0.747580945491791,-0.495226293802261
0.495241701602936,0.103132337331772,1.56824970245361,-0.26625195145607,0.353826612234116,0.74723219871521,-0.495540797710419
0.494810163974762,0.103931941092014,1.56822180747986,-0.267842084169388,0.354965686798096,0.746159672737122,-0.495485574007034
0.494093477725983,0.104732722043991,1.56790030002594,-0.26866826415062,0.355874091386795,0.745236575603485,-0.495775699615479
0.493286669254303,0.105221107602119,1.5676429271698,-0.268420785665512,0.357749998569489,0.744744896888733,-0.495298087596893
0.493000358343124,0.106084063649177,1.56765079498291,-0.270110428333282,0.358201622962952,0.743644058704376,-0.49570706486702
0.491748154163361,0.107004329562187,1.56665349006653,-0.269682586193085,0.357767462730408,0.743622779846191,-0.496285080909729
0.491349905729294,0.107773177325725,1.56675052642822,-0.270745009183884,0.358451396226883,0.7426438331604,-0.49667888879776
0.490708887577057,0.108375981450081,1.56641900539398,-0.270828485488892,0.358850717544556,0.742320358753204,-0.496828496456146
0.490058064460754,0.109052322804928,1.56613719463348,-0.271054625511169,0.359107762575149,0.741759359836578,-0.497357130050659
0.489193230867386,0.109626799821854,1.56561660766602,-0.270806640386581,0.359455078840256,0.741563498973846,-0.497533351182938
0.488838881254196,0.110143706202507,1.56566393375397,-0.271237462759018,0.360773593187332,0.740896701812744,-0.49733778834343
0.488012969493866,0.110685884952545,1.56519937515259,-0.271059513092041,0.361124247312546,0.740800321102142,-0.497323840856552
0.487512737512589,0.11114726960659,1.5648627281189,-0.27112939953804,0.361423671245575,0.740312576293945,-0.497794210910797
0.487079203128815,0.111589625477791,1.56468486785889,-0.271467059850693,0.362028986215591,0.739782273769379,-0.497958689928055
0.486574292182922,0.112210214138031,1.56436824798584,-0.271875023841858,0.361804962158203,0.73949122428894,-0.498331129550934
0.486112684011459,0.112622804939747,1.56415331363678,-0.272186875343323,0.362118810415268,0.739498555660248,-0.497921943664551
0.485857039690018,0.112740717828274,1.56419157981873,-0.272233188152313,0.363354116678238,0.739032328128815,-0.497688949108124
0.485220968723297,0.113737426698208,1.56370556354523,-0.273321211338043,0.361938834190369,0.738909602165222,-0.498305529356003
0.484769016504288,0.114073783159256,1.56352722644806,-0.273505002260208,0.362205564975739,0.73841792345047,-0.498739421367645
0.484596252441406,0.114119157195091,1.56366527080536,-0.273654669523239,0.363310396671295,0.738177239894867,-0.498209923505783
0.484237641096115,0.11447861045599,1.56342530250549,-0.273952603340149,0.363345950841904,0.737889111042023,-0.498447120189667
0.483906358480453,0.1149463057518,1.56312382221222,-0.274165391921997,0.362674921751022,0.737915515899658,-0.498779594898224
0.483562141656876,0.115218661725521,1.56291949748993,-0.274201452732086,0.362779647111893,0.73820835351944,-0.49824994802475
0.483231425285339,0.115523733198643,1.56276071071625,-0.274684607982635,0.362837702035904,0.73797994852066,-0.498279839754105
0.482938468456268,0.115711763501167,1.56257820129395,-0.274736791849136,0.363407135009766,0.737412691116333,-0.49867582321167
0.482634365558624,0.116072773933411,1.56236755847931,-0.275052070617676,0.363343566656113,0.737132251262665,-0.498962908983231
0.482443630695343,0.116320013999939,1.56214153766632,-0.275169879198074,0.363271921873093,0.737042725086212,-0.499082297086716
0.482195764780045,0.116570368409157,1.5619375705719,-0.275189578533173,0.363424569368362,0.736713230609894,-0.499446719884872
0.482016921043396,0.116917334496975,1.56179714202881,-0.275623083114624,0.363011837005615,0.736764371395111,-0.499432295560837
0.481858551502228,0.117087975144386,1.5616626739502,-0.27582111954689,0.363242268562317,0.736582040786743,-0.499424427747726
0.481689989566803,0.117155313491821,1.56171441078186,-0.276143044233322,0.36429625749588,0.735671877861023,-0.499820321798325
0.481570899486542,0.11738134175539,1.56157314777374,-0.276370972394943,0.364278763532638,0.735432624816895,-0.500058829784393
0.481570899486542,0.11738134175539,1.56157314777374,-0.276370972394943,0.364278763532638,0.735432624816895,-0.500058829784393
0.481483638286591,0.117630556225777,1.56146144866943,-0.276886940002441,0.364936798810959,0.73467880487442,-0.500401616096497
0.481492757797241,0.117726899683475,1.56144118309021,-0.277206152677536,0.365091949701309,0.734477996826172,-0.500406682491302
0.481506168842316,0.117795512080192,1.56140947341919,-0.277319818735123,0.365206331014633,0.734486758708954,-0.500247240066528
0.481566965579987,0.11782843619585,1.56142246723175,-0.277403920888901,0.365335822105408,0.734470665454865,-0.500129759311676
0.481677204370499,0.117756247520447,1.56139147281647,-0.277329444885254,0.365417718887329,0.734664440155029,-0.499826371669769
0.481812357902527,0.117719188332558,1.56148266792297,-0.277377486228943,0.365492552518845,0.734810829162598,-0.499529749155045
0.481971323490143,0.117668308317661,1.56157612800598,-0.277439951896667,0.365458130836487,0.735024452209473,-0.49920591711998
0.482162654399872,0.117545902729034,1.5615428686142,-0.276902377605438,0.364961594343185,0.735907196998596,-0.498566895723343
0.482387751340866,0.11748019605875,1.56166529655457,-0.276824712753296,0.364412188529968,0.736427485942841,-0.498243451118469
0.48256903886795,0.117451161146164,1.56180465221405,-0.276785880327225,0.363789200782776,0.736880123615265,-0.498051047325134
0.482884645462036,0.117207333445549,1.56197607517242,-0.276469260454178,0.363493293523788,0.737283885478973,-0.497845411300659
0.482884645462036,0.117207333445549,1.56197607517242,-0.276469260454178,0.363493293523788,0.737283885478973,-0.497845411300659
0.483544945716858,0.116796761751175,1.56229829788208,-0.2759710252285,0.362491071224213,0.738214552402496,-0.497473120689392
0.483931124210358,0.116459399461746,1.56241548061371,-0.275506377220154,0.362106293439865,0.738347828388214,-0.497812956571579
0.484136998653412,0.116209156811237,1.5629198551178,-0.275592148303986,0.362079083919525,0.738157749176025,-0.498067051172256
0.48467880487442,0.115851491689682,1.56306207180023,-0.275262117385864,0.361532241106033,0.738855004310608,-0.497612833976746
0.485557019710541,0.115467563271522,1.56349647045135,-0.275292426347732,0.360028088092804,0.73987078666687,-0.497177243232727
0.485532820224762,0.11551596224308,1.5633157491684,-0.274909675121307,0.359180986881256,0.74050509929657,-0.497057288885117
0.490842401981354,0.111747108399868,1.5548985004425,-0.256417632102966,0.355320602655411,0.751171588897705,-0.49369889497757
0.491057574748993,0.111403860151768,1.55483710765839,-0.255650967359543,0.354470789432526,0.751656591892242,-0.493969053030014
0.491541743278503,0.110979795455933,1.55508136749268,-0.255312770605087,0.353936821222305,0.752416670322418,-0.493369400501251
0.492045044898987,0.110452227294445,1.55523526668549,-0.254855632781982,0.353586912155151,0.75282746553421,-0.49322983622551
0.49260938167572,0.110002785921097,1.55542099475861,-0.254701286554336,0.353062331676483,0.753394782543182,-0.492819011211395
0.493417590856552,0.109556078910828,1.55587673187256,-0.255133599042892,0.352031946182251,0.753520429134369,-0.493140369653702
0.493715792894363,0.10915195941925,1.55585193634033,-0.254554986953735,0.350862711668015,0.75411468744278,-0.4933642745018
0.49430388212204,0.108553282916546,1.55607914924622,-0.254380315542221,0.350271254777908,0.75453507900238,-0.49323171377182
0.494867563247681,0.108207665383816,1.55633807182312,-0.254596769809723,0.349379986524582,0.755077719688416,-0.492921739816666
0.490858852863312,0.110384196043014,1.56553161144257,-0.272563070058823,0.353601306676865,0.744551599025726,-0.49630481004715
0.491543918848038,0.109933510422707,1.56581580638885,-0.27292674779892,0.352614194154739,0.744474709033966,-0.4969222843647
0.492479979991913,0.109301626682281,1.56641268730164,-0.273497998714447,0.35207462310791,0.743875503540039,-0.497887134552002
0.492764711380005,0.108899191021919,1.56633377075195,-0.273035824298859,0.350373476743698,0.744561672210693,-0.4983149766922
0.493483453989029,0.10807155072689,1.56663966178894,-0.272861301898956,0.350182950496674,0.744105219841003,-0.499225467443466
0.494174301624298,0.107497081160545,1.56694769859314,-0.272993683815002,0.349277824163437,0.74320924282074,-0.501118361949921
0.49491012096405,0.106652364134788,1.56722891330719,-0.272549241781235,0.348842471837997,0.742068886756897,-0.503348469734192
0.495546370744705,0.105930648744106,1.56770014762878,-0.27237331867218,0.348672062158585,0.740774691104889,-0.505463778972626
0.496252596378326,0.105421938002109,1.56794428825378,-0.272165834903717,0.346686512231827,0.739314794540405,-0.509065747261047
0.497464150190353,0.104600749909878,1.56867694854736,-0.272600263357162,0.346660375595093,0.736956238746643,-0.512260973453522
0.49799445271492,0.103810377418995,1.56879568099976,-0.272073745727539,0.346078783273697,0.734744846820831,-0.516096413135529
0.499405652284622,0.102705545723438,1.56970870494843,-0.272357940673828,0.346223443746567,0.731402218341827,-0.520577847957611
0.499840080738068,0.102326638996601,1.56960940361023,-0.27179878950119,0.344809263944626,0.72900915145874,-0.525145411491394
0.500499725341797,0.101580828428268,1.56988191604614,-0.271114975214005,0.3427754342556,0.726584315299988,-0.530166923999786
0.501306712627411,0.100624687969685,1.57022762298584,-0.270508944988251,0.3420390188694,0.723208665847778,-0.535540461540222
0.50230610370636,0.0995405092835426,1.57056820392609,-0.269733101129532,0.341573596000671,0.719010591506958,-0.541844427585602
0.503120601177216,0.0984609425067901,1.57103514671326,-0.268537253141403,0.341004282236099,0.715444564819336,-0.547487914562225
0.504438996315002,0.0970840156078338,1.57190907001495,-0.268210142850876,0.340219497680664,0.712275683879852,-0.552247643470764
0.505482912063599,0.0961140319705009,1.57239842414856,-0.267975568771362,0.339387118816376,0.707314014434814,-0.559206962585449
0.506305694580078,0.0949832201004028,1.57270407676697,-0.26694318652153,0.338184416294098,0.703614950180054,-0.565065205097198
0.507143437862396,0.0939414650201797,1.57304978370667,-0.266019701957703,0.336501121520996,0.700521409511566,-0.570324897766113
0.508128762245178,0.0928860455751419,1.57341778278351,-0.265538662672043,0.33481377363205,0.69615775346756,-0.576847791671753
0.50905978679657,0.0918931886553764,1.57382869720459,-0.265026152133942,0.332506656646729,0.692377388477325,-0.582935810089111
0.509758651256561,0.0906653329730033,1.57403802871704,-0.263773947954178,0.330938160419464,0.68932569026947,-0.587990999221802
0.510686933994293,0.0894858464598655,1.57436048984528,-0.262982487678528,0.328483730554581,0.685943126678467,-0.593650341033936
0.511651873588562,0.0885882973670959,1.5747731924057,-0.262790948152542,0.325323522090912,0.683480620384216,-0.598297297954559
0.512606799602509,0.0874431207776069,1.5753378868103,-0.26284858584404,0.3227898478508,0.680793523788452,-0.602691948413849
0.514279723167419,0.0863940417766571,1.57587742805481,-0.263571292161941,0.321871101856232,0.679517865180969,-0.604305028915405
0.514548301696777,0.0849753394722938,1.57634890079498,-0.266291260719299,0.32368528842926,0.690428018569946,-0.58959823846817
0.515193700790405,0.081694945693016,1.5767617225647,-0.262302130460739,0.329236000776291,0.680256128311157,-0.600044131278992
0.51663064956665,0.0800509750843048,1.57774555683136,-0.262602299451828,0.328094929456711,0.677951216697693,-0.603138446807861
0.51766562461853,0.0787570551037788,1.5781375169754,-0.26251420378685,0.325973749160767,0.676273107528687,-0.606202900409698
0.519408464431763,0.080374501645565,1.57839584350586,-0.266756117343903,0.311260104179382,0.686817049980164,-0.600200593471527
0.520000994205475,0.0797028914093971,1.57829880714417,-0.266693204641342,0.3071368932724,0.686668753623962,-0.60251784324646
0.521065354347229,0.0785442888736724,1.57861912250519,-0.266368567943573,0.303988397121429,0.68529349565506,-0.605814874172211
0.521065354347229,0.0785442888736724,1.57861912250519,-0.266368567943573,0.303988397121429,0.68529349565506,-0.605814874172211
0.523130416870117,0.0763170421123504,1.57937598228455,-0.267091006040573,0.298159688711166,0.685066759586334,-0.608643352985382
0.523130416870117,0.0763170421123504,1.57937598228455,-0.267091006040573,0.298159688711166,0.685066759586334,-0.608643352985382
0.525841414928436,0.0743463784456253,1.58019804954529,-0.265274196863174,0.283714562654495,0.667954087257385,-0.634801506996155
0.526860296726227,0.0731454268097877,1.58066058158875,-0.265003502368927,0.285051912069321,0.671538352966309,-0.63051962852478
0.527022659778595,0.0683561190962791,1.58125174045563,-0.260884374380112,0.295005202293396,0.64722204208374,-0.65269809961319
0.527657330036163,0.0666695982217788,1.58186876773834,-0.263408154249191,0.303491055965424,0.663600146770477,-0.63098680973053
0.529419779777527,0.0696977376937866,1.58184373378754,-0.268528640270233,0.282564789056778,0.68415367603302,-0.616427838802338
0.53045642375946,0.0686878487467765,1.58240056037903,-0.269218981266022,0.280038446187973,0.683166921138763,-0.618370890617371
0.530518054962158,0.0631480738520622,1.58303189277649,-0.263551086187363,0.29766371846199,0.66222757101059,-0.635131418704987
0.532037436962128,0.061617724597454,1.58397364616394,-0.264624387025833,0.297141343355179,0.661230802536011,-0.63596773147583
0.532957255840302,0.0604987740516662,1.58433163166046,-0.264407068490982,0.295399278402328,0.66013514995575,-0.638004541397095
0.534302830696106,0.0587869882583618,1.58477759361267,-0.264512896537781,0.295194268226623,0.660585999488831,-0.637588739395142
0.534931004047394,0.0583277828991413,1.58491575717926,-0.264409840106964,0.291584551334381,0.660739243030548,-0.639131903648376
0.535999596118927,0.057061992585659,1.58530104160309,-0.264543175697327,0.290633291006088,0.658874809741974,-0.641430675983429
0.536979079246521,0.0560348480939865,1.58562779426575,-0.26429671049118,0.288894891738892,0.658852994441986,-0.642339169979095
0.536437571048737,0.05460711941123,1.58529913425446,-0.262897610664368,0.285183668136597,0.659456074237823,-0.643950998783112
0.538727045059204,0.0539634227752685,1.5867805480957,-0.265205234289169,0.286146253347397,0.658568501472473,-0.643485963344574
0.538727045059204,0.0539634227752685,1.5867805480957,-0.265205234289169,0.286146253347397,0.658568501472473,-0.643485963344574
0.540774822235107,0.0518645383417606,1.58732652664185,-0.26465168595314,0.282728582620621,0.65735399723053,-0.646459341049194
0.541669428348541,0.0509062409400939,1.58757257461548,-0.264304339885712,0.281359106302261,0.657487690448761,-0.6470627784729
0.542730331420898,0.0498733669519424,1.58784961700439,-0.264468163251877,0.280327409505844,0.657390117645264,-0.647542476654053
0.543687760829926,0.0488432943820953,1.58806490898132,-0.263893723487854,0.278808891773224,0.657219290733337,-0.648604989051819
0.544672667980194,0.0477597899734973,1.58794462680817,-0.262622684240341,0.277232557535172,0.656969547271729,-0.650048077106476
0.545595705509186,0.046821229159832,1.58843541145325,-0.263241350650787,0.27625247836113,0.65661346912384,-0.650574743747711
0.545595705509186,0.046821229159832,1.58843541145325,-0.263241350650787,0.27625247836113,0.65661346912384,-0.650574743747711
0.547884881496429,0.0450417138636112,1.58874034881592,-0.259236693382263,0.267418205738068,0.642884910106659,-0.669315159320831
0.548739969730377,0.043843038380146,1.58883321285248,-0.258391320705414,0.263738125562668,0.639256596565247,-0.674557030200958
0.549668490886688,0.0429469123482704,1.58897495269775,-0.258471459150314,0.26271054148674,0.639436960220337,-0.674756348133087
0.55040442943573,0.0423325188457965,1.58899688720703,-0.258241206407547,0.263307422399521,0.642226278781891,-0.671956956386566
0.551197290420532,0.0416018590331077,1.58896780014038,-0.257988065481186,0.258583933115005,0.640096366405487,-0.675909101963043
0.552251040935516,0.0403442457318306,1.5892505645752,-0.257631450891495,0.261838346719742,0.642313539981842,-0.672681152820587
0.552724421024323,0.0395741015672683,1.58947503566742,-0.261488258838654,0.265662789344788,0.656691789627075,-0.655593812465668
0.55347615480423,0.0386675149202346,1.58989691734314,-0.261631608009338,0.264830440282822,0.656641662120819,-0.655923366546631
0.554368197917938,0.0376760065555572,1.58991920948029,-0.261565566062927,0.26350349187851,0.656623959541321,-0.656501770019531
0.555244326591492,0.0368552207946777,1.59006702899933,-0.261545240879059,0.262545943260193,0.657180547714233,-0.656336426734924
0.55607408285141,0.035942830145359,1.59011900424957,-0.261222451925278,0.261401474475861,0.658060133457184,-0.65604043006897
0.557043075561523,0.0350794717669487,1.59019935131073,-0.261655330657959,0.260329157114029,0.657413423061371,-0.656942188739777
0.55826735496521,0.0341443642973899,1.59013140201569,-0.257177621126175,0.250849187374115,0.640076100826263,-0.679144263267517
0.559269368648529,0.0334032699465751,1.59032666683197,-0.257279336452484,0.253100126981735,0.643439650535583,-0.675080120563507
0.559488117694855,0.0325612761080265,1.59027373790741,-0.260134994983673,0.256379008293152,0.657423257827759,-0.659085869789124
0.560078263282776,0.031560331583023,1.59008848667145,-0.259117364883423,0.255419373512268,0.658306956291199,-0.658977210521698
0.561185002326965,0.0309420228004455,1.59033370018005,-0.259696394205093,0.254604488611221,0.658628225326538,-0.658743500709534
0.561733365058899,0.0301915183663368,1.59044754505157,-0.259559452533722,0.252667307853699,0.659207403659821,-0.658964157104492
0.563124358654022,0.0293421372771263,1.59055995941162,-0.255772620439529,0.243803352117538,0.641093969345093,-0.681277394294739
0.563986301422119,0.0286534614861011,1.59061312675476,-0.255398482084274,0.242383688688278,0.641660988330841,-0.681390523910522
0.564984381198883,0.028045242652297,1.59074234962463,-0.255449652671814,0.244613617658615,0.645144045352936,-0.677273094654083
0.565239548683167,0.0273312572389841,1.59034740924835,-0.257981657981873,0.248086050152779,0.658770859241486,-0.661755084991455
0.566521227359772,0.0265123695135116,1.5907347202301,-0.258991956710815,0.248194396495819,0.659284830093384,-0.660807311534882
0.567255854606628,0.026040319353342,1.59117317199707,-0.259456038475037,0.247401103377342,0.65931510925293,-0.660892367362976
0.568151295185089,0.0256885513663291,1.59112930297852,-0.259381353855133,0.246146082878113,0.659722924232483,-0.660983502864838
0.568822860717773,0.0252492763102054,1.59118974208832,-0.259299218654633,0.24447163939476,0.659726083278656,-0.661633610725403
0.569602608680725,0.0247673019766807,1.59155011177063,-0.259470582008362,0.244274333119392,0.658639669418335,-0.662720799446106
0.570368766784668,0.0241997353732585,1.59106922149658,-0.257937550544739,0.243123322725296,0.659408688545227,-0.662977755069733
0.571150422096252,0.0237743444740772,1.59153842926025,-0.254136919975281,0.23375615477562,0.641678214073181,-0.68485152721405
0.571601092815399,0.0233699083328247,1.59152722358704,-0.253405392169952,0.232821136713028,0.641315281391144,-0.68578052520752
0.572518587112427,0.0230066739022731,1.59184956550598,-0.253592550754547,0.232403874397278,0.640961289405823,-0.686183631420135
0.573073923587799,0.0226490404456853,1.59193193912506,-0.253100007772446,0.231727838516235,0.640468537807465,-0.687053740024567
0.573914587497711,0.0223240759223699,1.59148800373077,-0.251733213663101,0.231001734733581,0.640798151493073,-0.687492847442627
0.574279248714447,0.0219113416969776,1.59188103675842,-0.251709491014481,0.230270549654961,0.639945447444916,-0.688540279865265
0.574817299842834,0.0217081476002931,1.59206056594849,-0.251505017280579,0.229678317904472,0.639894008636475,-0.688860654830933
0.575274050235748,0.0213579125702381,1.59216582775116,-0.250956803560257,0.229804873466492,0.639351844787598,-0.689521372318268
0.575756788253784,0.0213155560195446,1.59227764606476,-0.250778675079346,0.228631973266602,0.639740169048309,-0.689615905284882
0.57622230052948,0.0210109949111938,1.59258306026459,-0.250905722379684,0.229050830006599,0.639023125171661,-0.690095365047455
0.576697945594788,0.0205952990800142,1.59272599220276,-0.250577419996262,0.229695394635201,0.638573884963989,-0.690416038036346
0.576697945594788,0.0205952990800142,1.59272599220276,-0.250577419996262,0.229695394635201,0.638573884963989,-0.690416038036346
0.577436208724976,0.0204638838768005,1.59301495552063,-0.250859022140503,0.232880309224129,0.641483664512634,-0.686538696289062
0.57821798324585,0.0198613628745079,1.59295749664307,-0.250155687332153,0.23252235352993,0.641283869743347,-0.687103092670441
0.57866108417511,0.0197241939604282,1.59299886226654,-0.250235795974731,0.23209086060524,0.64188277721405,-0.686660349369049
0.578989803791046,0.0193769242614507,1.59303748607635,-0.250142961740494,0.232537567615509,0.641487419605255,-0.686912357807159
0.578718543052673,0.0182901825755834,1.59257733821869,-0.246977359056473,0.232298403978348,0.642606496810913,-0.687092840671539
0.579179644584656,0.0180465970188379,1.59261679649353,-0.247120350599289,0.232591718435287,0.642388463020325,-0.687146186828613
0.5794877409935,0.0176532678306102,1.59254312515259,-0.246875569224358,0.232763811945915,0.6428062915802,-0.68678480386734
0.579779207706451,0.0173460952937603,1.59253108501434,-0.246890664100647,0.232907965779305,0.64285546541214,-0.686684727668762
0.580123841762543,0.0172814279794693,1.59251737594604,-0.247182756662369,0.232281282544136,0.64356529712677,-0.68612664937973
0.580563604831696,0.017023142427206,1.59253323078156,-0.247307732701301,0.232259780168533,0.644227027893066,-0.685467779636383
0.581003129482269,0.0167337171733379,1.59222197532654,-0.246926978230476,0.232550173997879,0.644256711006165,-0.685478508472443
0.581304311752319,0.0163959227502346,1.592205286026,-0.247053742408752,0.232841044664383,0.644313871860504,-0.685280442237854
0.581304311752319,0.0163959227502346,1.592205286026,-0.247053742408752,0.232841044664383,0.644313871860504,-0.685280442237854
0.58199554681778,0.0160557869821786,1.59249401092529,-0.248110756278038,0.232856884598732,0.644402623176575,-0.684809565544128
0.582340061664581,0.0157442614436149,1.59252858161926,-0.248034730553627,0.233099400997162,0.644130945205688,-0.685010075569153
0.582644641399384,0.0156448651105165,1.59247577190399,-0.247905105352402,0.232772916555405,0.644803583621979,-0.684535145759583
0.583087563514709,0.015745360404253,1.59255647659302,-0.248452320694923,0.232392311096191,0.645636916160583,-0.6836798787117
0.583426356315613,0.0156620014458894,1.59254801273346,-0.248393505811691,0.23220731317997,0.645756363868713,-0.683651328086853
0.583426356315613,0.0156620014458894,1.59254801273346,-0.248393505811691,0.23220731317997,0.645756363868713,-0.683651328086853
0.584661066532135,0.0154353026300668,1.59234189987183,-0.24836228787899,0.232762306928635,0.645985901355743,-0.683257043361664
0.584661066532135,0.0154353026300668,1.59234189987183,-0.24836228787899,0.232762306928635,0.645985901355743,-0.683257043361664
0.5851149559021,0.0150680970400571,1.59286201000214,-0.248362645506859,0.230129212141037,0.642745494842529,-0.687193512916565
0.585733652114868,0.0150752030313014,1.59304022789001,-0.248436138033867,0.233416974544525,0.646054804325104,-0.682941734790802
0.5860236287117,0.0151038952171802,1.59267425537109,-0.247356116771698,0.23263444006443,0.646885633468628,-0.682814180850983
0.5860236287117,0.0151038952171802,1.59267425537109,-0.247356116771698,0.23263444006443,0.646885633468628,-0.682814180850983
0.587039709091187,0.0150281460955739,1.59289634227753,-0.246923223137856,0.232900828123093,0.646837055683136,-0.682926177978516
0.587039709091187,0.0150281460955739,1.59289634227753,-0.246923223137856,0.232900828123093,0.646837055683136,-0.682926177978516
0.587254762649536,0.015018199570477,1.59311461448669,-0.246716350317001,0.232236579060555,0.647101104259491,-0.682976841926575
0.58819442987442,0.0148910051211714,1.59292352199554,-0.245427951216698,0.232034221291542,0.646957695484161,-0.683645367622375
0.588520407676697,0.0148802995681762,1.59293985366821,-0.24497777223587,0.231492474675179,0.647489964962006,-0.683486521244049
0.588520407676697,0.0148802995681762,1.59293985366821,-0.24497777223587,0.231492474675179,0.647489964962006,-0.683486521244049
0.589009165763855,0.0146358255296945,1.5932092666626,-0.243947982788086,0.232577964663505,0.646564364433289,-0.6843621134758
0.589538514614105,0.0146748563274741,1.5933746099472,-0.243951618671417,0.232496544718742,0.647001206874847,-0.683975577354431
0.589924335479736,0.0146688232198357,1.59313547611237,-0.243207633495331,0.231790617108345,0.647706687450409,-0.683812499046326
0.589978039264679,0.014607073739171,1.59301924705505,-0.24238221347332,0.231565341353416,0.64774477481842,-0.684145569801331
0.590110540390015,0.0146616389974951,1.5933130979538,-0.242627456784248,0.231354787945747,0.647274792194366,-0.684574544429779
0.590657591819763,0.0147299347445368,1.59310388565063,-0.242079183459282,0.231256142258644,0.647888362407684,-0.68422144651413
0.590657591819763,0.0147299347445368,1.59310388565063,-0.242079183459282,0.231256142258644,0.647888362407684,-0.68422144651413
0.591187655925751,0.0148356556892395,1.59354090690613,-0.242330342531204,0.231343522667885,0.647397875785828,-0.684567093849182
0.591187655925751,0.0148356556892395,1.59354090690613,-0.242330342531204,0.231343522667885,0.647397875785828,-0.684567093849182
0.591549336910248,0.0147672202438116,1.59287393093109,-0.240877687931061,0.231378614902496,0.647884368896484,-0.684607744216919
0.591549336910248,0.0147672202438116,1.59287393093109,-0.240877687931061,0.231378614902496,0.647884368896484,-0.684607744216919
0.591821372509003,0.0149016585201025,1.59314215183258,-0.241231486201286,0.231937929987907,0.648229002952576,-0.683967351913452
0.591928005218506,0.0148823661729693,1.59301447868347,-0.240889757871628,0.22865192592144,0.644965171813965,-0.688266217708588
0.591928005218506,0.0148823661729693,1.59301447868347,-0.240889757871628,0.22865192592144,0.644965171813965,-0.688266217708588
0.592699229717255,0.0151355434209108,1.59304857254028,-0.241479977965355,0.22979174554348,0.645887732505798,-0.686813116073608
0.593130946159363,0.015292402356863,1.59311735630035,-0.24174776673317,0.233752712607384,0.649143874645233,-0.682297587394714
0.593385696411133,0.0153986029326915,1.5930792093277,-0.241710498929024,0.234164401888847,0.649240255355835,-0.682077944278717
0.593385696411133,0.0153986029326915,1.5930792093277,-0.241710498929024,0.234164401888847,0.649240255355835,-0.682077944278717
0.594080805778503,0.0158337820321321,1.59324193000793,-0.241696491837501,0.232274308800697,0.647163331508636,-0.68469774723053
0.59453022480011,0.0161094758659601,1.59328496456146,-0.241756051778793,0.235792696475983,0.651118218898773,-0.679706692695618
0.594578921794891,0.0165190584957599,1.59303975105286,-0.245688512921333,0.241208344697952,0.6659334897995,-0.66180682182312
0.594578921794891,0.0165190584957599,1.59303975105286,-0.245688512921333,0.241208344697952,0.6659334897995,-0.66180682182312
0.59490555524826,0.0166318248957395,1.5930380821228,-0.245589852333069,0.242033734917641,0.665927350521088,-0.661548316478729
0.595462560653687,0.0164123028516769,1.59280121326447,-0.240164935588837,0.234845861792564,0.649142205715179,-0.682482719421387
0.59594190120697,0.0166305117309093,1.59240198135376,-0.239172518253326,0.238151147961616,0.653261601924896,-0.677738845348358
0.595930993556976,0.0171681977808475,1.59241235256195,-0.243506520986557,0.243551626801491,0.668491899967194,-0.65917032957077
0.596018195152283,0.0173947624862194,1.59262430667877,-0.243684932589531,0.243899181485176,0.668361365795135,-0.659108459949493
0.596823930740356,0.0173130817711353,1.59240341186523,-0.238513767719269,0.236592084169388,0.651058197021484,-0.680631101131439
0.597261846065521,0.0176380313932895,1.59250295162201,-0.23833142220974,0.24050509929657,0.654931545257568,-0.67558878660202
0.597175002098083,0.0181041974574327,1.59213709831238,-0.241609394550323,0.245619371533394,0.669950366020203,-0.657618880271912
0.597778797149658,0.0180737078189849,1.5919725894928,-0.235943123698235,0.238278642296791,0.653803110122681,-0.678303480148315
0.598040103912354,0.0183554664254188,1.59193229675293,-0.235393792390823,0.241692706942558,0.657079696655273,-0.674107432365417
0.598254680633545,0.0189357455819845,1.59250032901764,-0.234976381063461,0.238909155130386,0.654155373573303,-0.678077697753906
0.598254680633545,0.0189357455819845,1.59250032901764,-0.234976381063461,0.238909155130386,0.654155373573303,-0.678077697753906
0.598254680633545,0.0189357455819845,1.59250032901764,-0.234976381063461,0.238909155130386,0.654155373573303,-0.678077697753906
0.598505735397339,0.019878638908267,1.59228348731995,-0.237801268696785,0.248293071985245,0.673310101032257,-0.654564619064331
0.599391579627991,0.0201970003545284,1.59187436103821,-0.230858460068703,0.244079366326332,0.660194516181946,-0.671768546104431
0.599391579627991,0.0201970003545284,1.59187436103821,-0.230858460068703,0.244079366326332,0.660194516181946,-0.671768546104431
0.599600195884705,0.0208849348127841,1.59210026264191,-0.235547572374344,0.249649941921234,0.674641311168671,-0.653491675853729
0.600167274475098,0.0209618434309959,1.59199213981628,-0.230169370770454,0.241830214858055,0.659086465835571,-0.673903048038483
0.600558280944824,0.0212854016572237,1.59214448928833,-0.229777559638023,0.24528905749321,0.661892771720886,-0.670024991035461
0.600921511650085,0.021606596186757,1.59178745746613,-0.227500289678574,0.243738800287247,0.659580528736115,-0.673638343811035
0.601412951946259,0.0219572037458419,1.59199273586273,-0.227795854210853,0.244609922170639,0.660353362560272,-0.672464489936829
0.601412951946259,0.0219572037458419,1.59199273586273,-0.227795854210853,0.244609922170639,0.660353362560272,-0.672464489936829
0.60139673948288,0.0229151751846075,1.59263145923615,-0.232534006237984,0.253379493951797,0.678163111209869,-0.649477899074554
0.60139673948288,0.0229151751846075,1.59263145923615,-0.232534006237984,0.253379493951797,0.678163111209869,-0.649477899074554
0.601861596107483,0.0228299312293529,1.59214270114899,-0.226568311452866,0.245186522603035,0.661938071250916,-0.671109914779663
0.602251350879669,0.0230593755841255,1.59200298786163,-0.226048111915588,0.248425304889679,0.665183484554291,-0.666871905326843
0.602051854133606,0.0235708560794591,1.59249889850616,-0.23096626996994,0.254535734653473,0.679742634296417,-0.647932291030884
0.602051854133606,0.0235708560794591,1.59249889850616,-0.23096626996994,0.254535734653473,0.679742634296417,-0.647932291030884
0.602299571037292,0.0240098368376493,1.59271919727325,-0.230486527085304,0.255162715911865,0.681104898452759,-0.646424055099487
0.602379322052002,0.024265106767416,1.59283411502838,-0.230454608798027,0.255099087953568,0.682130992412567,-0.6453777551651
0.602508246898651,0.0245531685650348,1.59258043766022,-0.22976154088974,0.255134999752045,0.6830073595047,-0.644683539867401
0.602648138999939,0.0247619897127151,1.59268856048584,-0.229814723134041,0.255559980869293,0.68354856967926,-0.643922090530396
0.602717876434326,0.0250302776694297,1.59242820739746,-0.22879259288311,0.255687475204468,0.685349822044373,-0.642318904399872
0.602740883827209,0.0252164416015148,1.59286785125732,-0.229581519961357,0.256046295166016,0.68560779094696,-0.64161878824234
0.602754056453705,0.0253477450460195,1.59292602539062,-0.229504019021988,0.256252616643906,0.686313450336456,-0.640809237957001
0.602721571922302,0.0254454351961612,1.59297144412994,-0.229450926184654,0.256425023078918,0.686940729618073,-0.640086770057678
0.602721571922302,0.0254454351961612,1.59297144412994,-0.229450926184654,0.256425023078918,0.686940729618073,-0.640086770057678
0.602689981460571,0.0256678089499473,1.59311127662659,-0.229652047157288,0.256895780563354,0.687938034534454,-0.638753175735474
0.602689981460571,0.0256678089499473,1.59311127662659,-0.229652047157288,0.256895780563354,0.687938034534454,-0.638753175735474
0.602689981460571,0.0256678089499473,1.59311127662659,-0.229652047157288,0.256895780563354,0.687938034534454,-0.638753175735474
0.602847337722778,0.0258464366197586,1.59335446357727,-0.230275794863701,0.258248120546341,0.689173340797424,-0.636648416519165
0.602847337722778,0.0258464366197586,1.59335446357727,-0.230275794863701,0.258248120546341,0.689173340797424,-0.636648416519165
0.60275799036026,0.0258985050022602,1.59303653240204,-0.229688957333565,0.258262306451797,0.689996659755707,-0.635962605476379
0.602426588535309,0.0260496139526367,1.59356284141541,-0.230845883488655,0.258752554655075,0.690013468265533,-0.635325729846954
0.602286517620087,0.0261253826320171,1.59366106987,-0.231106922030449,0.259015172719955,0.690348863601685,-0.634759187698364
0.602138578891754,0.0262001268565654,1.59365844726562,-0.231251761317253,0.259193032979965,0.690848410129547,-0.634090065956116
0.601882338523865,0.0263905748724937,1.59425282478333,-0.232830971479416,0.260087609291077,0.691085994243622,-0.632885813713074
0.601882338523865,0.0263905748724937,1.59425282478333,-0.232830971479416,0.260087609291077,0.691085994243622,-0.632885813713074
0.601660430431366,0.0264397002756595,1.59427928924561,-0.232994705438614,0.260298132896423,0.691389560699463,-0.632407367229462
0.601218104362488,0.0263919364660978,1.59414076805115,-0.232632964849472,0.260504573583603,0.691712379455566,-0.632102191448212
0.601248860359192,0.0265455320477485,1.5942862033844,-0.233433946967125,0.260991990566254,0.692542731761932,-0.630695104598999
0.60077315568924,0.02656140178442,1.59415459632874,-0.23322306573391,0.260843694210052,0.693152725696564,-0.63016414642334
0.600531935691833,0.0266332440078258,1.59417152404785,-0.233438551425934,0.260987371206284,0.693677484989166,-0.629446983337402
0.600258052349091,0.0266800560057163,1.59381449222565,-0.232849046587944,0.260819882154465,0.69435441493988,-0.628988325595856
0.600258052349091,0.0266800560057163,1.59381449222565,-0.232849046587944,0.260819882154465,0.69435441493988,-0.628988325595856
0.60001927614212,0.0267800521105527,1.59414935112,-0.234058648347855,0.262490510940552,0.694351613521576,-0.627846539020538
0.598779320716858,0.0261125564575195,1.59363234043121,-0.227635711431503,0.256458342075348,0.681762278079987,-0.646228551864624
0.599687933921814,0.0266678854823112,1.59420561790466,-0.229667380452156,0.258014738559723,0.681291103363037,-0.645386457443237
0.598877668380737,0.0272564403712749,1.59436464309692,-0.23545403778553,0.263706684112549,0.696274042129517,-0.624678075313568
0.598877668380737,0.0272564403712749,1.59436464309692,-0.23545403778553,0.263706684112549,0.696274042129517,-0.624678075313568
0.596938014030457,0.026835236698389,1.5934807062149,-0.232910856604576,0.262595593929291,0.697107434272766,-0.62516987323761
0.598289132118225,0.0274078547954559,1.5944139957428,-0.235679060220718,0.264764040708542,0.696447134017944,-0.623952627182007
0.596505284309387,0.0269970931112766,1.59366357326508,-0.233205080032349,0.264385789632797,0.698096573352814,-0.623198866844177
0.596505284309387,0.0269970931112766,1.59366357326508,-0.233205080032349,0.264385789632797,0.698096573352814,-0.623198866844177
0.596365571022034,0.0270329695194959,1.59369742870331,-0.22887110710144,0.258147925138474,0.682910144329071,-0.643903255462646
0.597486853599548,0.0275495685636997,1.59448051452637,-0.231170877814293,0.260491639375687,0.682192325592041,-0.64289790391922
0.597179412841797,0.0277337301522493,1.59453141689301,-0.231227874755859,0.260964125394821,0.682862520217896,-0.641973674297333
0.596826553344727,0.027845749631524,1.5944607257843,-0.230957210063934,0.260950326919556,0.683115005493164,-0.641808092594147
0.596508741378784,0.0279955938458442,1.59443044662476,-0.230896532535553,0.261957436800003,0.684132158756256,-0.640334665775299
0.595804631710052,0.0282946899533271,1.59450948238373,-0.23518331348896,0.270535618066788,0.701151669025421,-0.616348743438721
0.595302879810333,0.028389036655426,1.59422564506531,-0.234626889228821,0.27069365978241,0.702448606491089,-0.615013241767883
0.595501780509949,0.02833142131567,1.59442281723022,-0.230454698204994,0.266929626464844,0.688783764839172,-0.633416354656219
0.595376789569855,0.0285001881420612,1.59450447559357,-0.230675175786018,0.267641723155975,0.689391016960144,-0.632373988628387
0.59481292963028,0.0287126917392015,1.59435796737671,-0.230239883065224,0.267587155103683,0.690551161766052,-0.63128924369812
0.59394633769989,0.028986070305109,1.59436106681824,-0.234441474080086,0.273518949747086,0.704936146736145,-0.610974371433258
0.593825817108154,0.0292075462639331,1.59450376033783,-0.23471699655056,0.27455273270607,0.70576673746109,-0.609444081783295
0.593292474746704,0.029430154711008,1.59438979625702,-0.234360784292221,0.274533867835998,0.706653773784637,-0.608561217784882
0.592954993247986,0.0295185316354036,1.59443795681,-0.234184503555298,0.275636523962021,0.706738471984863,-0.608031988143921
0.593178033828735,0.0294303018599748,1.59408736228943,-0.228837981820107,0.271664440631866,0.694204330444336,-0.626028835773468
0.592796981334686,0.0296003799885511,1.59443950653076,-0.229440987110138,0.272483795881271,0.694486618041992,-0.625138282775879
0.592377185821533,0.0297833085060119,1.59442389011383,-0.229345992207527,0.272821307182312,0.695296108722687,-0.624125242233276
0.592003703117371,0.030035775154829,1.59417629241943,-0.228861048817634,0.272948116064072,0.696565747261047,-0.622830927371979
0.591030776500702,0.0302621014416217,1.59412479400635,-0.232900843024254,0.279073625802994,0.71073180437088,-0.602275252342224
0.590910732746124,0.0304399468004703,1.59422600269318,-0.233334541320801,0.280456215143204,0.711634039878845,-0.600396871566772
0.590440988540649,0.0319506675004959,1.59420716762543,-0.234997645020485,0.275480329990387,0.715828001499176,-0.597056984901428
0.58999240398407,0.0321511700749397,1.59413194656372,-0.234952673316002,0.27579864859581,0.716713070869446,-0.59586489200592
0.589583694934845,0.0324508845806121,1.59408235549927,-0.235218897461891,0.276480108499527,0.717625200748444,-0.594344079494476
0.589742243289948,0.0321885384619236,1.59428334236145,-0.230684161186218,0.273210942745209,0.705511093139648,-0.611878156661987
0.588710248470306,0.0327970162034034,1.59417176246643,-0.235361635684967,0.278006762266159,0.719659805297852,-0.591106534004211
0.588286399841309,0.0327748507261276,1.5940660238266,-0.235227003693581,0.279338628053665,0.720652282238007,-0.589320421218872
0.586486160755157,0.0323995314538478,1.59317350387573,-0.232800036668777,0.279120326042175,0.723300337791443,-0.587139368057251
0.587910413742065,0.0327635072171688,1.59390866756439,-0.230392560362816,0.27438873052597,0.708076000213623,-0.608488798141479
0.585994780063629,0.0324737094342708,1.59265720844269,-0.227348580956459,0.273873746395111,0.711623907089233,-0.605720400810242
0.587061643600464,0.0330765470862388,1.59364700317383,-0.230450689792633,0.279130220413208,0.714630246162415,-0.598566889762878
0.586608052253723,0.0332138910889625,1.59355294704437,-0.230594277381897,0.280166327953339,0.717004120349884,-0.59517914056778
0.58474600315094,0.0331292264163494,1.59273707866669,-0.228971719741821,0.279186218976974,0.720348417758942,-0.592220604419708
0.585657238960266,0.0335300303995609,1.59333777427673,-0.231071084737778,0.282125115394592,0.722392737865448,-0.587503552436829
0.583722233772278,0.0333943776786327,1.59278905391693,-0.229804486036301,0.281420409679413,0.726459562778473,-0.583308696746826
0.58397376537323,0.0339602604508399,1.5934032201767,-0.236910298466682,0.288437932729721,0.74060332775116,-0.558734118938446
0.582752346992493,0.0334827788174152,1.59259784221649,-0.230125561356544,0.283857882022858,0.731825351715088,-0.575237989425659
0.583627045154572,0.0339870154857635,1.59333169460297,-0.232817783951759,0.286997705698013,0.733913779258728,-0.569911122322083
0.580772697925568,0.034486036747694,1.59190309047699,-0.230200812220573,0.284442126750946,0.737894833087921,-0.567108035087585
0.582068860530853,0.0352159887552261,1.59274554252625,-0.233521029353142,0.287081032991409,0.739351987838745,-0.562504172325134
0.579633235931396,0.0350697785615921,1.59160339832306,-0.230761513113975,0.286491870880127,0.743309199810028,-0.558715462684631
0.580483794212341,0.0358858071267604,1.59204173088074,-0.233286425471306,0.288429647684097,0.74501895904541,-0.554375827312469
0.578836500644684,0.0357257276773452,1.5912834405899,-0.231726869940758,0.288850665092468,0.748270392417908,-0.550417602062225
0.578836500644684,0.0357257276773452,1.5912834405899,-0.231726869940758,0.288850665092468,0.748270392417908,-0.550417602062225
0.577305376529694,0.036510482430458,1.59073615074158,-0.231578946113586,0.290620088577271,0.752651989459991,-0.543531239032745
0.578432381153107,0.0371246002614498,1.59160149097443,-0.234167233109474,0.293931990861893,0.752857744693756,-0.540347039699554
0.575974941253662,0.0372243300080299,1.5904643535614,-0.231229186058044,0.293325394392013,0.755831837654114,-0.537783920764923
0.576735436916351,0.0379696935415267,1.59113717079163,-0.23315703868866,0.295916706323624,0.756197690963745,-0.535010516643524
0.57461416721344,0.0380194559693336,1.59012222290039,-0.230202779173851,0.29535111784935,0.758476197719574,-0.533374488353729
0.57540225982666,0.0387572683393955,1.59080290794373,-0.231914550065994,0.298327505588531,0.758719325065613,-0.530623614788055
0.573403120040894,0.03877604752779,1.59024608135223,-0.229588940739632,0.298558562994003,0.760450959205627,-0.529023826122284
0.574172854423523,0.0395480766892433,1.5909538269043,-0.23112353682518,0.301210433244705,0.76082855463028,-0.526302337646484
0.572089195251465,0.0396391600370407,1.59006321430206,-0.228121384978294,0.300809413194656,0.762863457202911,-0.524894118309021
0.572089195251465,0.0396391600370407,1.59006321430206,-0.228121384978294,0.300809413194656,0.762863457202911,-0.524894118309021
0.571174323558807,0.0405407771468162,1.59017717838287,-0.227027222514152,0.303051471710205,0.765125870704651,-0.520769655704498
0.571584820747375,0.0414138659834861,1.59073209762573,-0.227993071079254,0.305035531520844,0.765160143375397,-0.519136250019073
0.569533467292786,0.0414299443364143,1.58975577354431,-0.224640905857086,0.304173678159714,0.767038881778717,-0.518330276012421
0.570481657981873,0.0423384942114353,1.58985877037048,-0.225110188126564,0.305549532175064,0.767784714698792,-0.51620888710022
0.56788170337677,0.0427296608686447,1.58931231498718,-0.223139733076095,0.303856015205383,0.769704341888428,-0.515204310417175
0.568840086460114,0.0435325279831886,1.58933746814728,-0.223220586776733,0.30572298169136,0.769607663154602,-0.514208376407623
0.568150997161865,0.0441843904554843,1.5892186164856,-0.222863361239433,0.305711835622787,0.77067232131958,-0.512773275375366
0.567363977432251,0.044629905372858,1.58936560153961,-0.222403809428215,0.306614756584167,0.771381855010986,-0.511364877223969
0.566661834716797,0.0452064722776412,1.58930265903473,-0.222001880407333,0.306912422180176,0.771893262863159,-0.510588645935059
0.565856397151947,0.0458010099828243,1.58900332450867,-0.221157252788544,0.307261139154434,0.772823750972748,-0.509336411952972
0.56513911485672,0.0464338846504688,1.58914041519165,-0.221422359347343,0.307619690895081,0.773185968399048,-0.508454263210297
0.564643263816833,0.0470578074455261,1.58927130699158,-0.221614822745323,0.308424979448318,0.773263573646545,-0.507764279842377
0.563526570796967,0.0478200912475585,1.58895337581635,-0.22105385363102,0.308275103569031,0.774702966213226,-0.505902051925659
0.562699258327484,0.0484264530241489,1.58886134624481,-0.220942363142967,0.308950990438461,0.774407386779785,-0.505991101264954
0.562699258327484,0.0484264530241489,1.58886134624481,-0.220942363142967,0.308950990438461,0.774407386779785,-0.505991101264954
0.561328232288361,0.0499135516583919,1.5888055562973,-0.221211612224579,0.310290485620499,0.775243580341339,-0.503768444061279
0.558531582355499,0.0502669550478458,1.58819186687469,-0.219428092241287,0.309667021036148,0.775921940803528,-0.503887891769409
0.559125602245331,0.051455732434988,1.58835923671722,-0.220778375864029,0.311326414346695,0.775448262691498,-0.503003835678101
0.55828583240509,0.0522572360932827,1.58847713470459,-0.22137089073658,0.312396466732025,0.775574564933777,-0.501883924007416
0.557765364646912,0.053025983273983,1.58828401565552,-0.221565112471581,0.313789069652557,0.775400102138519,-0.501198589801788
0.556327044963837,0.0539779774844646,1.58822739124298,-0.2216457426548,0.314353048801422,0.775759220123291,-0.500252962112427
0.55534702539444,0.0548682175576686,1.58807122707367,-0.221746057271957,0.31567832827568,0.775371372699738,-0.499975055456161
0.554299414157867,0.0558836869895458,1.58764135837555,-0.221341133117676,0.316279768943787,0.775554358959198,-0.49949049949646
0.553257763385773,0.0568930096924304,1.58716893196106,-0.220890000462532,0.316958993673325,0.776031970977783,-0.498516887426376
0.552147686481476,0.0579923242330551,1.58734166622162,-0.221929460763931,0.31847932934761,0.775713324546814,-0.497581213712692
0.551729142665863,0.0584739074110984,1.58774280548096,-0.222671911120415,0.321773737668991,0.774915516376495,-0.49637159705162
0.550767362117767,0.0590997524559497,1.58755338191986,-0.222493708133698,0.324182063341141,0.775287568569183,-0.494299232959747
0.549698054790497,0.0602629408240318,1.58735752105713,-0.222658827900887,0.325277626514435,0.775474965572357,-0.493210047483444
0.548530697822571,0.0614605173468589,1.58713138103485,-0.223017305135727,0.326585829257965,0.775587022304535,-0.492005914449692
0.548328995704651,0.062637373805046,1.58752942085266,-0.224265322089195,0.329830437898636,0.774607062339783,-0.490816444158554
0.547175645828247,0.0638531148433685,1.58728051185608,-0.224563151597977,0.33124366402626,0.774671196937561,-0.48962590098381
0.546029925346375,0.0651320666074752,1.58701646327972,-0.224835425615311,0.332577913999557,0.774509608745575,-0.488851696252823
0.544850170612335,0.066399373114109,1.58664906024933,-0.224912479519844,0.3340183198452,0.77477240562439,-0.487415611743927
0.544850170612335,0.066399373114109,1.58664906024933,-0.224912479519844,0.3340183198452,0.77477240562439,-0.487415611743927
0.542419731616974,0.0691091269254684,1.58599042892456,-0.225490599870682,0.335786134004593,0.77524346113205,-0.485179603099823
0.542419731616974,0.0691091269254684,1.58599042892456,-0.225490599870682,0.335786134004593,0.77524346113205,-0.485179603099823
0.540010213851929,0.071797139942646,1.58524370193481,-0.225836247205734,0.337932676076889,0.775409281253815,-0.483259648084641
0.540010213851929,0.071797139942646,1.58524370193481,-0.225836247205734,0.337932676076889,0.775409281253815,-0.483259648084641
0.537585973739624,0.0747545510530471,1.58446788787842,-0.226506292819977,0.340124696493149,0.775147438049316,-0.481826305389404
0.5363489985466,0.076258473098278,1.58401429653168,-0.226873174309731,0.340932458639145,0.774949014186859,-0.481401711702347
0.535031080245972,0.0777255669236183,1.58383750915527,-0.227552622556686,0.342436492443085,0.774859368801117,-0.480156183242798
0.535031080245972,0.0777255669236183,1.58383750915527,-0.227552622556686,0.342436492443085,0.774859368801117,-0.480156183242798
0.532481372356415,0.0807165056467056,1.58289384841919,-0.228224664926529,0.345048993825912,0.774273812770844,-0.478909909725189
0.531055331230164,0.0822615325450897,1.58210325241089,-0.227775022387504,0.346053600311279,0.774445593357086,-0.478120803833008
0.529741108417511,0.0841078162193298,1.58158528804779,-0.22862783074379,0.346982538700104,0.773649930953979,-0.47832852602005
0.528396248817444,0.0859244167804718,1.58099293708801,-0.228997349739075,0.347699642181396,0.773710250854492,-0.477532982826233
0.527072608470917,0.0874033644795417,1.58047902584076,-0.229378536343574,0.349728226661682,0.772921919822693,-0.4771448969841
0.525784611701965,0.0888572856783866,1.57998526096344,-0.229604542255402,0.351934105157852,0.772335588932037,-0.476363182067871
0.524439036846161,0.0905225872993469,1.57944583892822,-0.230101495981216,0.353461146354675,0.771785855293274,-0.475883513689041
0.523002803325653,0.0921951681375503,1.57856321334839,-0.229907318949699,0.35459041595459,0.771614909172058,-0.475414246320724
0.521649241447449,0.0938593447208404,1.57823431491852,-0.230735555291176,0.356553137302399,0.770760834217072,-0.474930256605148
0.520235121250153,0.0956030040979385,1.57734656333923,-0.230486825108528,0.35807254910469,0.770517110824585,-0.474302768707275
0.518840372562408,0.0975607261061668,1.57661283016205,-0.231093779206276,0.358760297298431,0.769770562648773,-0.474700003862381
0.517566680908203,0.0989366620779037,1.57609760761261,-0.231277108192444,0.361568421125412,0.769025504589081,-0.473686665296555
0.514790296554565,0.102466642856598,1.57470977306366,-0.231913357973099,0.364223152399063,0.767788529396057,-0.47334823012352
0.514790296554565,0.102466642856598,1.57470977306366,-0.231913357973099,0.364223152399063,0.767788529396057,-0.47334823012352
0.513522744178772,0.104234181344509,1.57408905029297,-0.232647091150284,0.365903854370117,0.766984105110168,-0.472995966672897
0.512231290340424,0.105890229344368,1.57338666915894,-0.233106940984726,0.367150813341141,0.766879796981812,-0.471971243619919
0.510999739170074,0.107458591461182,1.57278800010681,-0.233682572841644,0.369118750095367,0.765657424926758,-0.472136050462723
0.508608639240265,0.110619708895683,1.57157492637634,-0.234370112419128,0.372273176908493,0.764274001121521,-0.471559762954712
0.508608639240265,0.110619708895683,1.57157492637634,-0.234370112419128,0.372273176908493,0.764274001121521,-0.471559762954712
0.50745290517807,0.112280189990997,1.57088661193848,-0.234511658549309,0.37309142947197,0.763674437999725,-0.471814006567001
0.506322979927063,0.113383673131466,1.57048392295837,-0.234591960906982,0.375786870718002,0.76287704706192,-0.470924168825149
0.506322979927063,0.113383673131466,1.57048392295837,-0.234591960906982,0.375786870718002,0.76287704706192,-0.470924168825149
0.504145383834839,0.11655105650425,1.56934142112732,-0.235013753175735,0.377856880426407,0.761597216129303,-0.471128940582275
0.503221333026886,0.117793761193752,1.56915438175201,-0.235459119081497,0.380219697952271,0.760264694690704,-0.47115758061409
0.503221333026886,0.117793761193752,1.56915438175201,-0.235459119081497,0.380219697952271,0.760264694690704,-0.47115758061409
0.500359773635864,0.120447121560573,1.56741940975189,-0.234111428260803,0.381183624267578,0.759531438350677,-0.472231924533844
0.500341296195984,0.121797412633896,1.56793868541718,-0.234939694404602,0.384048342704773,0.758076906204224,-0.471836417913437
0.499493539333344,0.122829288244247,1.56759464740753,-0.234582886099815,0.385925620794296,0.757168471813202,-0.471940904855728
0.498629331588745,0.123923309147358,1.56716990470886,-0.234033018350601,0.386867582798004,0.756959021091461,-0.471778661012649
0.497894316911697,0.12499988079071,1.56682991981506,-0.233961790800095,0.387922912836075,0.75645524263382,-0.471755564212799
0.497168242931366,0.125994935631752,1.56647992134094,-0.233574032783508,0.388992309570312,0.755903303623199,-0.47195166349411
0.495565712451935,0.126800194382668,1.56521570682526,-0.232020616531372,0.38839790225029,0.755976676940918,-0.47308874130249
0.495974123477936,0.127815186977386,1.5658894777298,-0.233529895544052,0.391024053096771,0.754780232906342,-0.472092121839523
0.495252877473831,0.128629997372627,1.56535053253174,-0.232775583863258,0.391570746898651,0.754805862903595,-0.471970289945602
0.494728982448578,0.129287719726562,1.56525337696075,-0.232973322272301,0.392867028713226,0.75434798002243,-0.471527516841888
0.494226425886154,0.13011234998703,1.56495988368988,-0.233254954218864,0.393214792013168,0.753871321678162,-0.471860587596893
0.49372786283493,0.130787953734398,1.5645889043808,-0.232914075255394,0.394113183021545,0.753621578216553,-0.47167831659317
0.493327051401138,0.131378203630447,1.56437397003174,-0.233066216111183,0.39519327878952,0.753012776374817,-0.471671789884567
0.492827355861664,0.132009103894234,1.56403470039368,-0.232986196875572,0.395782202482224,0.752882838249207,-0.471424728631973
0.492457628250122,0.132625639438629,1.56379354000092,-0.233380988240242,0.396249562501907,0.752794027328491,-0.470978587865829
0.492057383060455,0.133144691586494,1.56354808807373,-0.233567208051681,0.396933853626251,0.752614080905914,-0.470597416162491
0.49170446395874,0.133574619889259,1.56328642368317,-0.233596846461296,0.397362530231476,0.752773940563202,-0.469965010881424
0.491459757089615,0.134324222803116,1.5629688501358,-0.234158247709274,0.397462576627731,0.752203166484833,-0.470514327287674
0.49119034409523,0.134544909000397,1.56278729438782,-0.234147310256958,0.398578017950058,0.751754403114319,-0.470293492078781
0.49119034409523,0.134544909000397,1.56278729438782,-0.234147310256958,0.398578017950058,0.751754403114319,-0.470293492078781
0.489885032176971,0.135044142603874,1.56165874004364,-0.233769372105598,0.398233532905579,0.752042591571808,-0.470312744379044
0.490575134754181,0.135550111532211,1.56236362457275,-0.235538929700851,0.399801194667816,0.750928282737732,-0.469879865646362
0.490395575761795,0.135722830891609,1.56224930286407,-0.235819771885872,0.400067329406738,0.750724792480469,-0.469837635755539
0.490395575761795,0.135722830891609,1.56224930286407,-0.235819771885872,0.400067329406738,0.750724792480469,-0.469837635755539
0.490034103393555,0.135923027992249,1.56206023693085,-0.236352413892746,0.400613486766815,0.750794649124146,-0.468992322683334
0.490034103393555,0.135923027992249,1.56206023693085,-0.236352413892746,0.400613486766815,0.750794649124146,-0.468992322683334
0.489856779575348,0.135794222354889,1.56219899654388,-0.237229913473129,0.401262879371643,0.750786542892456,-0.468006074428558
0.489850133657455,0.135727390646935,1.5622261762619,-0.237661123275757,0.401337206363678,0.750787615776062,-0.467721730470657
0.489847749471664,0.135609105229378,1.56215250492096,-0.237850591540337,0.401060193777084,0.750950157642365,-0.467602103948593
0.489839404821396,0.135545909404755,1.56219983100891,-0.238228261470795,0.400694817304611,0.751154243946075,-0.467395216226578
0.489874482154846,0.135628163814545,1.56220352649689,-0.238723501563072,0.399993181228638,0.751150548458099,-0.467749357223511
0.489884614944458,0.135446071624756,1.56227338314056,-0.238829120993614,0.399714022874832,0.751255035400391,-0.467766255140305
0.489943385124206,0.134954169392586,1.56248903274536,-0.238936245441437,0.399884074926376,0.7513228058815,-0.467457175254822
0.48913648724556,0.135086700320244,1.56157779693604,-0.238507732748985,0.39634981751442,0.752455770969391,-0.468861520290375
0.48921525478363,0.134886279702187,1.56167769432068,-0.238655522465706,0.395827054977417,0.752455830574036,-0.469227880239487
0.48931097984314,0.134697005152702,1.56177294254303,-0.238749504089355,0.395296990871429,0.752509117126465,-0.469541400671005
0.490374773740768,0.134197294712067,1.5629905462265,-0.239982560276985,0.397206485271454,0.751943826675415,-0.468204885721207
0.490397930145264,0.134026482701301,1.56288731098175,-0.239632323384285,0.396050095558167,0.752018868923187,-0.469242334365845
0.490629822015762,0.133841186761856,1.56308615207672,-0.240219011902809,0.395176708698273,0.751869559288025,-0.469917327165604
0.490728139877319,0.133669197559357,1.56324827671051,-0.240579292178154,0.393962353467941,0.752305328845978,-0.470055252313614
0.490876644849777,0.133364707231522,1.56332623958588,-0.240545615553856,0.393324673175812,0.752469420433044,-0.470344007015228
0.490975111722946,0.13286004960537,1.56351280212402,-0.240201890468597,0.393363356590271,0.752293407917023,-0.470768511295319
0.490975111722946,0.13286004960537,1.56351280212402,-0.240201890468597,0.393363356590271,0.752293407917023,-0.470768511295319
0.490489512681961,0.132147386670113,1.56302666664124,-0.239590734243393,0.390659749507904,0.75318318605423,-0.471907198429108
0.490609645843506,0.131822019815445,1.56324505805969,-0.239800721406937,0.390109181404114,0.753217875957489,-0.472200483083725
0.491602838039398,0.131601959466934,1.56418550014496,-0.241152241826057,0.390771001577377,0.752541363239288,-0.472043633460998
0.491843402385712,0.131241470575333,1.56426453590393,-0.241345331072807,0.389932304620743,0.752849638462067,-0.472146898508072
0.491973698139191,0.130941644310951,1.56444919109344,-0.241777896881103,0.38887357711792,0.753004670143127,-0.472551465034485
0.491973698139191,0.130941644310951,1.56444919109344,-0.241777896881103,0.38887357711792,0.753004670143127,-0.472551465034485
0.492458254098892,0.130019336938858,1.56466126441956,-0.24206380546093,0.387782543897629,0.753332257270813,-0.472779393196106
0.492587685585022,0.129492089152336,1.56476175785065,-0.242171004414558,0.38671287894249,0.754078209400177,-0.472411394119263
0.492004573345184,0.129215270280838,1.56388068199158,-0.241747602820396,0.383301168680191,0.755381882190704,-0.473325043916702
0.493063569068909,0.12881001830101,1.56498777866364,-0.243136748671532,0.384606182575226,0.754472672939301,-0.473004937171936
0.493301331996918,0.128350615501404,1.56521010398865,-0.24356409907341,0.384089201688766,0.754629492759705,-0.472954958677292
0.493615627288818,0.127899214625358,1.56536996364594,-0.244036167860031,0.383213222026825,0.754851222038269,-0.473068445920944
0.493881672620773,0.127403914928436,1.56550121307373,-0.244442507624626,0.382630228996277,0.754629611968994,-0.473683506250381
0.494127929210663,0.127019762992859,1.56558120250702,-0.244975179433823,0.381518006324768,0.755029141902924,-0.473668962717056
0.494451880455017,0.126554101705551,1.56559944152832,-0.245173677802086,0.380632907152176,0.755411326885223,-0.473668932914734
0.493906259536743,0.12612310051918,1.56491661071777,-0.244607701897621,0.377876400947571,0.756318807601929,-0.474719285964966
0.495080977678299,0.125883817672729,1.56565487384796,-0.245731681585312,0.378068834543228,0.756070077419281,-0.474381566047668
0.494518607854843,0.125053033232689,1.56510937213898,-0.244574666023254,0.376881539821625,0.756499111652374,-0.475239783525467
0.494831621646881,0.124689929187298,1.56523501873016,-0.244766995310783,0.376040577888489,0.756675004959106,-0.475526630878448
0.49565652012825,0.124791018664837,1.56586027145386,-0.246361702680588,0.376113802194595,0.756065428256989,-0.475614666938782
0.495601743459701,0.123829618096352,1.56554710865021,-0.245187684893608,0.374434262514114,0.756861984729767,-0.47627916932106
0.495495706796646,0.123726829886436,1.5651752948761,-0.244730815291405,0.373033881187439,0.757562935352325,-0.476498633623123
0.497139513492584,0.123207926750183,1.56665396690369,-0.246605053544044,0.373985171318054,0.75639146566391,-0.476647764444351
0.496309518814087,0.12283294647932,1.56559562683105,-0.244891747832298,0.371754437685013,0.757697582244873,-0.47720131278038
0.497536063194275,0.122543700039387,1.56657636165619,-0.246123880147934,0.372627943754196,0.756695985794067,-0.477475374937057
0.497949987649918,0.122179143130779,1.56671607494354,-0.246066674590111,0.371924042701721,0.756892800331116,-0.477741718292236
0.498636215925217,0.121710188686848,1.56722521781921,-0.246427625417709,0.371567845344543,0.756831109523773,-0.477930396795273
0.498740822076797,0.121348738670349,1.56711101531982,-0.24570868909359,0.370579361915588,0.757279336452484,-0.478357881307602
0.499678105115891,0.120653502643108,1.5678004026413,-0.246119439601898,0.370057612657547,0.757317364215851,-0.47849041223526
0.499678105115891,0.120653502643108,1.5678004026413,-0.246119439601898,0.370057612657547,0.757317364215851,-0.47849041223526
0.500444293022156,0.120163485407829,1.56794381141663,-0.245993971824646,0.368493407964706,0.757351040840149,-0.47970712184906
0.500444293022156,0.120163485407829,1.56794381141663,-0.245993971824646,0.368493407964706,0.757351040840149,-0.47970712184906
0.501149535179138,0.119161769747734,1.56797707080841,-0.244702115654945,0.367396950721741,0.758135199546814,-0.479970127344131
0.501672148704529,0.118732944130897,1.56813085079193,-0.244378358125687,0.366405725479126,0.758569538593292,-0.480206608772278
0.502399623394012,0.118189878761768,1.56845653057098,-0.244318455457687,0.366080969572067,0.758599817752838,-0.480436950922012
0.502663969993591,0.117627404630184,1.56844043731689,-0.24364447593689,0.365907609462738,0.759010136127472,-0.480263113975525
0.503646671772003,0.116901785135269,1.56906580924988,-0.244050458073616,0.365383148193359,0.759078800678253,-0.480347782373428
0.504218816757202,0.116454154253006,1.56918108463287,-0.244045972824097,0.364374071359634,0.758937776088715,-0.481338351964951
0.504614949226379,0.116350278258324,1.56921541690826,-0.244205743074417,0.363245010375977,0.759272038936615,-0.481583595275879
0.505282998085022,0.115518368780613,1.56958842277527,-0.243813872337341,0.36300203204155,0.759605705738068,-0.481438994407654
0.505282998085022,0.115518368780613,1.56958842277527,-0.243813872337341,0.36300203204155,0.759605705738068,-0.481438994407654
0.506471931934357,0.114413663744926,1.56987726688385,-0.243305936455727,0.36210885643959,0.760057628154755,-0.481655269861221
0.505742967128754,0.11417219042778,1.56884825229645,-0.241752862930298,0.359310507774353,0.761030375957489,-0.48299515247345
0.507827460765839,0.113517314195633,1.57035338878632,-0.243786379694939,0.360653191804886,0.759556472301483,-0.4832923412323
0.506974875926971,0.112994939088821,1.56929302215576,-0.241693660616875,0.358449995517731,0.76105660200119,-0.483622342348099
0.508476197719574,0.112433023750782,1.57035231590271,-0.242882892489433,0.359717309474945,0.759935438632965,-0.483848631381989
0.508299171924591,0.111720219254494,1.56973552703857,-0.241444945335388,0.357360690832138,0.760588943958282,-0.485285639762878
0.508855104446411,0.111178651452065,1.56992650032043,-0.241425424814224,0.356571346521378,0.760355055332184,-0.486241668462753
0.508855104446411,0.111178651452065,1.56992650032043,-0.241425424814224,0.356571346521378,0.760355055332184,-0.486241668462753
0.510403454303741,0.110094472765923,1.57054531574249,-0.241957262158394,0.354954540729523,0.758956611156464,-0.489335119724274
0.51115208864212,0.109554946422577,1.57080483436584,-0.242043763399124,0.354330062866211,0.757892072200775,-0.491390585899353
0.512162029743195,0.108810760080814,1.57134222984314,-0.24233141541481,0.354464083909988,0.756336688995361,-0.493543982505798
0.512705385684967,0.10816041380167,1.5714236497879,-0.242190018296242,0.35390305519104,0.754132568836212,-0.497373938560486
0.513700306415558,0.10732552409172,1.57202935218811,-0.242055058479309,0.354166924953461,0.752355754375458,-0.499936193227768
0.514507591724396,0.106658019125461,1.57233321666718,-0.242058798670769,0.353788733482361,0.749535858631134,-0.504417657852173
0.514390468597412,0.105959743261337,1.57241582870483,-0.24488240480423,0.356627076864242,0.758397459983826,-0.48752760887146
0.516231179237366,0.105445459485054,1.5729638338089,-0.242344737052917,0.352884352207184,0.743294596672058,-0.514057219028473
0.517187833786011,0.104888111352921,1.57336628437042,-0.242810726165771,0.352251201868057,0.739335834980011,-0.519946753978729
0.51799875497818,0.104056864976883,1.57363700866699,-0.242627888917923,0.352163821458816,0.735643148422241,-0.525301456451416
0.519347667694092,0.102912373840809,1.57444155216217,-0.243055924773216,0.352264940738678,0.731035470962524,-0.531432569026947
0.519347667694092,0.102912373840809,1.57444155216217,-0.243055924773216,0.352264940738678,0.731035470962524,-0.531432569026947
0.521007418632507,0.10108957439661,1.57509422302246,-0.242634460330009,0.351974368095398,0.723000943660736,-0.542689800262451
0.521855890750885,0.100501149892807,1.57524263858795,-0.242684081196785,0.349573731422424,0.718291938304901,-0.550417482852936
0.52263867855072,0.0993956625461578,1.57544481754303,-0.242266058921814,0.349374860525131,0.713538408279419,-0.5568727850914
0.52263867855072,0.0993956625461578,1.57544481754303,-0.242266058921814,0.349374860525131,0.713538408279419,-0.5568727850914
0.524312138557434,0.0975330844521522,1.57591927051544,-0.242058306932449,0.347214490175247,0.704796969890594,-0.569307684898376
0.525106847286224,0.0967789888381958,1.57605290412903,-0.242235735058784,0.344800919294357,0.701411485671997,-0.574853181838989
0.525823175907135,0.0957401469349861,1.57615542411804,-0.242107227444649,0.343412280082703,0.697582602500916,-0.580371201038361
0.525823175907135,0.0957401469349861,1.57615542411804,-0.242107227444649,0.343412280082703,0.697582602500916,-0.580371201038361
0.527625143527985,0.0937613919377327,1.576575756073,-0.242172598838806,0.338977843523026,0.690530359745026,-0.591281831264496
0.528789043426514,0.0927702039480209,1.57702362537384,-0.242812260985374,0.337247937917709,0.687589347362518,-0.595421671867371
0.529608190059662,0.0917070657014846,1.57714116573334,-0.242735669016838,0.334673345088959,0.684372186660767,-0.600589513778687
0.53116375207901,0.0907310247421264,1.57771873474121,-0.244466096162796,0.333990424871445,0.682225227355957,-0.602706909179688
0.532237410545349,0.0899023339152336,1.5780041217804,-0.245159402489662,0.330305874347687,0.681573569774628,-0.605187892913818
0.533290803432465,0.0890186503529548,1.57831072807312,-0.24567474424839,0.326958119869232,0.679912209510803,-0.608655691146851
0.533176183700562,0.0856421887874603,1.57866454124451,-0.245048612356186,0.337942212820053,0.681967198848724,-0.600555539131165
0.535434782505035,0.0871975496411323,1.57889008522034,-0.24688632786274,0.319964945316315,0.678369522094727,-0.613583266735077
0.537197232246399,0.0853254199028015,1.57978737354279,-0.247445330023766,0.319323718547821,0.677909135818481,-0.614200711250305
0.537520110607147,0.0840982422232627,1.57998287677765,-0.250407129526138,0.321295231580734,0.690319061279297,-0.597934246063232
0.538399517536163,0.0835870578885078,1.58001041412354,-0.25090953707695,0.316726893186569,0.689984500408173,-0.600541412830353
0.540024518966675,0.0834776312112808,1.58008790016174,-0.249140366911888,0.303947418928146,0.673356771469116,-0.62620747089386
0.540813207626343,0.0823054611682891,1.58029198646545,-0.248677283525467,0.303711384534836,0.675657749176025,-0.624023795127869
0.54130095243454,0.0809358954429626,1.58126509189606,-0.253555864095688,0.306761890649795,0.68789142370224,-0.606969475746155
0.542409241199493,0.0798330679535865,1.58132421970367,-0.252898335456848,0.303522318601608,0.687364757061005,-0.609463930130005
0.542409241199493,0.0798330679535865,1.58132421970367,-0.252898335456848,0.303522318601608,0.687364757061005,-0.609463930130005
0.544627368450165,0.0777538865804672,1.58197808265686,-0.254031866788864,0.297638475894928,0.687584817409515,-0.611642241477966
0.545769393444061,0.0766380280256271,1.58228886127472,-0.25384983420372,0.294664144515991,0.68654876947403,-0.614316046237946
0.547337293624878,0.075633555650711,1.58261394500732,-0.251524686813354,0.283803403377533,0.670540153980255,-0.637625932693481
0.54851096868515,0.0745369270443916,1.58304679393768,-0.251905798912048,0.283889889717102,0.674101293087006,-0.633669793605804
0.549167275428772,0.0733018666505813,1.5835177898407,-0.255648553371429,0.287171006202698,0.687548100948334,-0.615998506546021
0.550248563289642,0.072237029671669,1.58385729789734,-0.256111830472946,0.284029334783554,0.686695277690887,-0.618210017681122
0.550729513168335,0.0709940046072006,1.58383846282959,-0.254906058311462,0.280598670244217,0.687467038631439,-0.619416236877441
0.552009344100952,0.0699198320508003,1.58410310745239,-0.255431920289993,0.278166234493256,0.68774026632309,-0.619993150234222
0.552551865577698,0.0645162314176559,1.58492207527161,-0.2514308989048,0.294050455093384,0.664900302886963,-0.638924539089203
0.553569138050079,0.0635491386055946,1.58548188209534,-0.252715140581131,0.291750401258469,0.664646923542023,-0.639735281467438
0.554864108562469,0.0624224953353405,1.58536529541016,-0.249355658888817,0.280646830797195,0.648182153701782,-0.662509799003601
0.555957138538361,0.061175525188446,1.58574676513672,-0.249694317579269,0.281258702278137,0.650692880153656,-0.659655332565308
0.557392358779907,0.0596159696578979,1.5865820646286,-0.250945955514908,0.277532190084457,0.647705137729645,-0.663686811923981
0.557407140731812,0.0587307438254356,1.58646643161774,-0.253789365291595,0.282113075256348,0.664198040962219,-0.64408403635025
0.558675289154053,0.05753044039011,1.58685755729675,-0.254462987184524,0.280678868293762,0.664478302001953,-0.64415568113327
0.560024738311768,0.055943451821804,1.58732855319977,-0.254921615123749,0.279470205307007,0.664607524871826,-0.644366681575775
0.560811936855316,0.0554192513227462,1.58734178543091,-0.255635559558868,0.275066375732422,0.663179278373718,-0.647442758083344
0.561864733695984,0.0541603565216064,1.5874525308609,-0.251986682415008,0.264645576477051,0.646304965019226,-0.669892132282257
0.563009023666382,0.0529903247952461,1.58772397041321,-0.252066075801849,0.266083151102066,0.649374425411224,-0.666314721107483
0.563872754573822,0.051887422800064,1.58789253234863,-0.252142339944839,0.260669440031052,0.646320819854736,-0.671375513076782
0.564998269081116,0.050781887024641,1.58817410469055,-0.252212703227997,0.261988967657089,0.649281084537506,-0.667970538139343
0.565225958824158,0.0498305782675743,1.58902597427368,-0.2568279504776,0.265290528535843,0.662829577922821,-0.651396453380585
0.566777288913727,0.0486939400434494,1.58875894546509,-0.256321012973785,0.263872772455215,0.663010358810425,-0.651987910270691
0.567472815513611,0.0478151366114616,1.58959019184113,-0.257857918739319,0.261670857667923,0.662855982780457,-0.652425944805145
0.568285226821899,0.0467907711863517,1.58967125415802,-0.257755070924759,0.259376406669617,0.662889301776886,-0.653348505496979
0.569514036178589,0.0455943197011947,1.58975338935852,-0.252997517585754,0.249367937445641,0.64606124162674,-0.675583302974701
0.570682406425476,0.0447560250759124,1.59009671211243,-0.253382503986359,0.250404357910156,0.648996293544769,-0.672234237194061
0.571164667606354,0.0436500683426857,1.590287566185,-0.256702959537506,0.25445219874382,0.662900805473328,-0.655683100223541
0.572473287582397,0.0424718037247657,1.59000182151794,-0.251545876264572,0.244668424129486,0.646089494228363,-0.677812993526459
0.573544085025787,0.0416668355464935,1.5905385017395,-0.252728909254074,0.245793178677559,0.649413228034973,-0.67377758026123
0.574116170406342,0.0408852137625217,1.59071791172028,-0.256589889526367,0.249339699745178,0.664270401000977,-0.656304955482483
0.575509369373322,0.0400008000433445,1.59112548828125,-0.258010417222977,0.248494669795036,0.662396788597107,-0.65796023607254
0.576617360115051,0.038694329559803,1.59072852134705,-0.252381682395935,0.23934967815876,0.646667659282684,-0.678849279880524
0.577714622020721,0.0377848967909812,1.59098505973816,-0.252346456050873,0.241153880953789,0.649606585502625,-0.675409018993378
0.577714622020721,0.0377848967909812,1.59098505973816,-0.252346456050873,0.241153880953789,0.649606585502625,-0.675409018993378
0.579186677932739,0.0362021960318088,1.59136021137238,-0.256328463554382,0.243969038128853,0.664805054664612,-0.657882273197174
0.580097556114197,0.0354466065764427,1.59139037132263,-0.256247043609619,0.241750732064247,0.66492486000061,-0.658611476421356
0.580971837043762,0.0344401784241199,1.59193229675293,-0.25677815079689,0.241534769535065,0.664082169532776,-0.6593337059021
0.581788897514343,0.0336686670780181,1.59204852581024,-0.25659641623497,0.240089774131775,0.664709687232971,-0.659299731254578
0.582727134227753,0.0329300165176391,1.5921972990036,-0.257264405488968,0.238613322377205,0.66431337594986,-0.659974455833435
0.583521842956543,0.032043918967247,1.59229302406311,-0.25694152712822,0.2377999573946,0.665125668048859,-0.659575700759888
0.584539234638214,0.0308216419070959,1.59184908866882,-0.250975131988525,0.228413268923759,0.648084402084351,-0.681781113147736
0.585475444793701,0.0302120596170425,1.59237003326416,-0.252159714698792,0.230237647891045,0.650941848754883,-0.677997648715973
0.586029887199402,0.029699470847845,1.5926353931427,-0.256929576396942,0.234683111310005,0.665986657142639,-0.659827947616577
0.586711764335632,0.028811041265726,1.59264135360718,-0.256634145975113,0.233794555068016,0.665895223617554,-0.660350263118744
0.587482750415802,0.0280317738652229,1.59272229671478,-0.256600946187973,0.232427954673767,0.665804982185364,-0.66093635559082
0.58844655752182,0.0270405169576406,1.59266877174377,-0.251871466636658,0.223659366369247,0.648808777332306,-0.682337522506714
0.589214861392975,0.0262161716818809,1.59272587299347,-0.251807034015656,0.222924143075943,0.64866691827774,-0.68273663520813
0.589966773986816,0.0255844593048095,1.59292304515839,-0.252364039421081,0.224734544754028,0.65189528465271,-0.67885148525238
0.590330541133881,0.025119062513113,1.59271645545959,-0.256081312894821,0.228522002696991,0.666907727718353,-0.661388039588928
0.591020464897156,0.0244938228279352,1.59277439117432,-0.25619700551033,0.227460294961929,0.667531967163086,-0.661079406738281
0.592912375926971,0.023308889940381,1.58995151519775,-0.250160455703735,0.22907929122448,0.670178174972534,-0.660154342651367
0.592912375926971,0.023308889940381,1.58995151519775,-0.250160455703735,0.22907929122448,0.670178174972534,-0.660154342651367
0.594139635562897,0.022115534171462,1.59005677700043,-0.249895170331001,0.226903438568115,0.67058390378952,-0.66059410572052
0.594778954982758,0.021505668759346,1.59014129638672,-0.250426679849625,0.225928053259849,0.669635653495789,-0.661688208580017
0.595379829406738,0.0207405984401702,1.59017527103424,-0.250082969665527,0.225634157657623,0.66995245218277,-0.661597788333893
0.596083760261536,0.0197368096560239,1.59045696258545,-0.245572403073311,0.217930138111115,0.652649164199829,-0.682824850082397
0.596784770488739,0.0192009098827838,1.59063255786896,-0.245880886912346,0.220478937029839,0.655438959598541,-0.679213762283325
0.596970558166504,0.0190612599253654,1.59073948860168,-0.25082802772522,0.223951995372772,0.669495642185211,-0.662349164485931
0.597485244274139,0.0184989478439092,1.59080815315247,-0.250762462615967,0.223701432347298,0.669984638690948,-0.661964237689972
0.597961664199829,0.018002850934863,1.5908796787262,-0.25075426697731,0.223053395748138,0.670160710811615,-0.662007689476013
0.598473310470581,0.0174071751534938,1.59093415737152,-0.250586718320847,0.222809478640556,0.670114517211914,-0.662200093269348
0.59887021780014,0.0170077625662088,1.59097743034363,-0.250628918409347,0.221584588289261,0.670314252376556,-0.662393093109131
0.599340319633484,0.0164068676531314,1.59106492996216,-0.250462859869003,0.22159680724144,0.670407176017761,-0.66235762834549
0.599837899208069,0.0159544795751571,1.59116840362549,-0.250582933425903,0.221576660871506,0.670156955718994,-0.662572026252747
0.6005939245224,0.0149138253182172,1.59085202217102,-0.244737610220909,0.214344173669815,0.652058362960815,-0.684821128845215
0.600988268852234,0.0144817512482404,1.5908670425415,-0.244551137089729,0.213723361492157,0.652232229709625,-0.684916198253632
0.601529836654663,0.0142055982723832,1.59095478057861,-0.244761779904366,0.216152131557465,0.655396401882172,-0.681047558784485
0.601653158664703,0.0141967963427305,1.59154272079468,-0.250765144824982,0.220628157258034,0.668665945529938,-0.664323687553406
0.602038085460663,0.0137427290901541,1.59157633781433,-0.250421196222305,0.220259040594101,0.66911244392395,-0.664126336574554
0.602208495140076,0.0132300481200218,1.59151804447174,-0.249768778681755,0.220123648643494,0.668777585029602,-0.66475385427475
0.602587342262268,0.0127958822995424,1.59160983562469,-0.249499186873436,0.220001220703125,0.668868958950043,-0.664803862571716
0.60309225320816,0.0120224151760339,1.59150218963623,-0.244116604328155,0.211960926651955,0.651872158050537,-0.685960948467255
0.603798568248749,0.0116283688694238,1.59130787849426,-0.243667975068092,0.212369620800018,0.651750922203064,-0.686109185218811
0.604189574718475,0.0111205764114856,1.59144747257233,-0.243485018610954,0.212638363242149,0.650851368904114,-0.686944425106049
0.604350447654724,0.0109353614971041,1.59179937839508,-0.244189187884331,0.215019911527634,0.65387624502182,-0.683069467544556
0.604583919048309,0.0103977657854557,1.59183311462402,-0.243888348340988,0.215284243226051,0.653827905654907,-0.68314003944397
0.604872584342957,0.0101179666817188,1.59189236164093,-0.243825301527977,0.215323254466057,0.653590202331543,-0.683377504348755
0.605549097061157,0.0097592659294605,1.59175837039948,-0.243394419550896,0.215822353959084,0.65401691198349,-0.682965457439423
0.605812549591064,0.0094601586461067,1.59178185462952,-0.243189767003059,0.21558341383934,0.654281198978424,-0.682860791683197
0.606058478355408,0.009088521823287,1.59149968624115,-0.242415651679039,0.215618148446083,0.654081344604492,-0.683316230773926
0.606000363826752,0.0084879361093044,1.59170722961426,-0.242295682430267,0.212794840335846,0.649835705757141,-0.688276648521423
0.606148183345795,0.0081301508471369,1.59202480316162,-0.242716774344444,0.213204056024551,0.649328231811523,-0.6884805560112
0.606567680835724,0.0079046553000807,1.59214425086975,-0.243153676390648,0.216309770941734,0.652479588985443,-0.684366047382355
0.6066814661026,0.0077193239703774,1.59214377403259,-0.243092000484466,0.216122433543205,0.652551293373108,-0.684378802776337
0.606852650642395,0.0073320465162396,1.59211897850037,-0.242823913693428,0.21648582816124,0.652428925037384,-0.684475779533386
0.606916844844818,0.0070151574909687,1.59241700172424,-0.243234917521477,0.2169169485569,0.652103364467621,-0.684503614902496
0.607072472572327,0.006704413332045,1.59247386455536,-0.243255972862244,0.217396587133408,0.651869773864746,-0.684566378593445
0.607496321201324,0.0063951332122087,1.59223854541779,-0.24283392727375,0.217940494418144,0.651946425437927,-0.684470236301422
0.607660830020905,0.0059106219559907,1.59224164485931,-0.242576360702515,0.218632578849792,0.651663064956665,-0.684610605239868
0.607632219791412,0.0056310892105102,1.59216582775116,-0.242270320653915,0.218510344624519,0.651920020580292,-0.68451339006424
0.608037233352661,0.0053616566583514,1.59240400791168,-0.242755189538002,0.216535568237305,0.648769021034241,-0.687954306602478
0.608094215393066,0.0050386544317007,1.5922554731369,-0.242491781711578,0.219522356987,0.651424169540405,-0.684583425521851
0.608573496341705,0.0047514010220766,1.59219825267792,-0.242524921894073,0.220549687743187,0.651450872421265,-0.68421596288681
0.608721077442169,0.0043431082740426,1.5921813249588,-0.242273792624473,0.221132680773735,0.651611983776093,-0.683963239192963
0.608867943286896,0.0040725050494074,1.59258139133453,-0.243068933486938,0.221807703375816,0.651307702064514,-0.683752357959747
0.609034299850464,0.0039030835032463,1.59257280826569,-0.243106782436371,0.222042351961136,0.651488840579987,-0.683490097522736
0.609117209911346,0.0037388373166322,1.59275245666504,-0.243587806820869,0.221857652068138,0.652043104171753,-0.682849943637848
0.609426856040955,0.003486125729978,1.59218919277191,-0.242506563663483,0.221796050667763,0.652868092060089,-0.682466387748718
0.609660029411316,0.0031540570780634,1.59219563007355,-0.242560923099518,0.222253128886223,0.653248369693756,-0.681934416294098
0.609849214553833,0.0028134882450103,1.59255981445312,-0.243263989686966,0.223082706332207,0.65295273065567,-0.681695997714996
0.610042572021484,0.0024723410606384,1.59251129627228,-0.243092611432076,0.223385483026504,0.65320748090744,-0.681413948535919
0.610152781009674,0.0021813325583934,1.59278357028961,-0.243642643094063,0.223841488361359,0.652461051940918,-0.681782901287079
0.610393226146698,0.0020266287028789,1.59277403354645,-0.243642255663872,0.223727062344551,0.653376519680023,-0.680943310260773
0.610393226146698,0.0020266287028789,1.59277403354645,-0.243642255663872,0.223727062344551,0.653376519680023,-0.680943310260773
0.611032962799072,0.0014839498326182,1.59224569797516,-0.242447331547737,0.224283203482628,0.654558420181274,-0.680051147937775
0.611239910125732,0.0012116711586713,1.59221184253693,-0.242245212197304,0.224436864256859,0.654834628105164,-0.679806649684906
0.611073553562164,0.0012738211080431,1.592240691185,-0.246732294559479,0.22875639796257,0.670183300971985,-0.661549746990204
0.611352384090424,0.0011743581853806,1.59267151355743,-0.24753275513649,0.228761941194534,0.670617699623108,-0.660808145999908
0.611575782299042,0.0009587709791958,1.59268510341644,-0.247391521930694,0.228924974799156,0.670787394046783,-0.660632371902466
0.611575782299042,0.0009587709791958,1.59268510341644,-0.247391521930694,0.228924974799156,0.670787394046783,-0.660632371902466
0.612139761447906,0.0005677975714206,1.59276437759399,-0.247188687324524,0.22935263812542,0.670951843261719,-0.660392999649048
0.612657487392426,2.02981755137444e-05,1.59274542331696,-0.242145955562591,0.221655115485191,0.653921246528625,-0.681631445884705
0.612892091274261,-0.0001803743652999,1.59276735782623,-0.241855695843697,0.221783265471458,0.654336392879486,-0.681294322013855
0.613168120384216,-0.0004267082549631,1.59243297576904,-0.240824371576309,0.22184407711029,0.654810667037964,-0.68118417263031
0.613402128219604,-0.0006572413258254,1.59288108348846,-0.241333976387978,0.222349524497986,0.654651165008545,-0.680992305278778
0.613621771335602,-0.0006755804643034,1.59290909767151,-0.241093426942825,0.222172260284424,0.655202448368073,-0.680605173110962
0.613903522491455,-0.0008001737296581,1.59284651279449,-0.240708753466606,0.222077429294586,0.655720472335815,-0.680273294448853
0.614154696464539,-0.000968073029071,1.5925133228302,-0.23970091342926,0.222034230828285,0.65614914894104,-0.680229902267456
0.614390134811401,-0.0011659022420644,1.59260857105255,-0.239493265748024,0.221865877509117,0.655928313732147,-0.680570781230927
0.614344716072083,-0.0008066995069384,1.59309768676758,-0.244955867528915,0.229814127087593,0.673371315002441,-0.658599495887756
0.614611923694611,-0.0009821276180446,1.59275186061859,-0.24388886988163,0.229859113693237,0.67400997877121,-0.65832644701004
0.614269554615021,-0.0012407447211444,1.59243881702423,-0.241899862885475,0.229003146290779,0.674778044223785,-0.658571660518646
0.614524602890015,-0.0012842691503465,1.59252572059631,-0.241758361458778,0.229116350412369,0.675229907035828,-0.6581209897995
0.614628195762634,-0.0014070789329707,1.59253740310669,-0.24152784049511,0.229093804955482,0.675344824790955,-0.65809553861618
0.614779353141785,-0.0015425011515617,1.59256780147552,-0.241288810968399,0.229173123836517,0.675596415996552,-0.657897353172302
0.614914298057556,-0.0016327435150742,1.59299623966217,-0.241897031664848,0.229526698589325,0.675491034984589,-0.657658934593201
0.615155279636383,-0.0017159786075353,1.59263443946838,-0.240996301174164,0.229204550385475,0.6765176653862,-0.65704619884491
0.615388989448547,-0.0018211640417575,1.59265315532684,-0.240794911980629,0.229163944721222,0.676781713962555,-0.656862497329712
0.615552604198456,-0.0019004950299859,1.5930871963501,-0.241557225584984,0.229555130004883,0.676678717136383,-0.656551957130432
0.61573189496994,-0.0019987071864306,1.59312868118286,-0.24146243929863,0.229664817452431,0.676848590373993,-0.656373262405396
0.615958273410797,-0.00214634090662,1.59320259094238,-0.2413709461689,0.229974612593651,0.677112638950348,-0.656026184558868
0.627177894115448,-0.0289848204702138,1.5957008600235,-0.186149045825004,0.284873902797699,0.708824992179871,-0.61786949634552
0.627338051795959,-0.0290798880159854,1.59571695327759,-0.186083555221558,0.284989923238754,0.709007084369659,-0.617626667022705
0.627509593963623,-0.0291625410318374,1.59571146965027,-0.1860371530056,0.284906625747681,0.709552824497223,-0.617052137851715
0.627582669258118,-0.0291806999593973,1.5957293510437,-0.185989394783974,0.284861981868744,0.70978707075119,-0.616817593574524
0.627737820148468,-0.0293360128998756,1.59575235843658,-0.185817405581474,0.285074591636658,0.710040092468262,-0.616479933261871
0.627925097942352,-0.0294930469244718,1.59576523303986,-0.185747995972633,0.285523623228073,0.709912180900574,-0.616440236568451
0.628056883811951,-0.029524577781558,1.59573614597321,-0.185678571462631,0.285583227872849,0.70991849899292,-0.616426289081573
0.628178894519806,-0.0296467449516057,1.59572696685791,-0.185543343424797,0.285845249891281,0.709803700447083,-0.616477727890015
0.628274500370026,-0.0297323763370513,1.59572875499725,-0.185556396842003,0.286073476076126,0.709816873073578,-0.616352796554565
0.628390371799469,-0.0297577381134033,1.5953516960144,-0.184883907437324,0.285854130983353,0.709937274456024,-0.616518080234528
0.628506064414978,-0.029814762994647,1.59536397457123,-0.184849068522453,0.285838007926941,0.709929764270782,-0.616544663906097
0.628616333007812,-0.0298871807754039,1.59537613391876,-0.184788420796394,0.28593322634697,0.709884524345398,-0.616570651531219
0.628731966018677,-0.0298940185457468,1.59540021419525,-0.184812799096107,0.285692274570465,0.710104882717133,-0.616421282291412
0.628811597824097,-0.0299836602061986,1.59542143344879,-0.184788659214973,0.285653501749039,0.71029931306839,-0.616222441196442
0.628917217254639,-0.0300123486667871,1.59546804428101,-0.184806317090988,0.285540848970413,0.710245668888092,-0.616331279277802
0.629053235054016,-0.0300475321710109,1.5957955121994,-0.185347437858581,0.285802483558655,0.710112571716309,-0.616200804710388
0.629145324230194,-0.0300484746694564,1.59546673297882,-0.184782534837723,0.28554356098175,0.710224509239197,-0.616361498832703
0.629238545894623,-0.0300970431417226,1.59546554088593,-0.184740945696831,0.285556256771088,0.710190832614899,-0.616406857967377
0.629238545894623,-0.0300970431417226,1.59546554088593,-0.184740945696831,0.285556256771088,0.710190832614899,-0.616406857967377
0.629469096660614,-0.0302242487668991,1.59550702571869,-0.184629499912262,0.285600453615189,0.709975779056549,-0.616667509078979
0.629469096660614,-0.0302242487668991,1.59550702571869,-0.184629499912262,0.285600453615189,0.709975779056549,-0.616667509078979
0.629748702049255,-0.0304282177239656,1.5955628156662,-0.184493288397789,0.285956412553787,0.709496796131134,-0.617094159126282
0.629845261573792,-0.0304983202368021,1.5955730676651,-0.184459626674652,0.286030471324921,0.709364712238312,-0.617222011089325
0.629997909069061,-0.0305422563105821,1.59559774398804,-0.184298798441887,0.285932749509811,0.708917438983917,-0.617828845977783
0.630096316337585,-0.0305806268006563,1.59562909603119,-0.184298127889633,0.285940229892731,0.708941698074341,-0.617797911167145
0.630191028118134,-0.0306591372936964,1.59566402435303,-0.184207886457443,0.285847514867783,0.708826899528503,-0.617999136447906
0.630271852016449,-0.030643468722701,1.59567940235138,-0.184234619140625,0.285639315843582,0.708984553813934,-0.61790668964386
0.630350708961487,-0.030720192939043,1.59602880477905,-0.18476115167141,0.285933017730713,0.708876967430115,-0.617737054824829
0.630458354949951,-0.0307284090667963,1.5960453748703,-0.184727609157562,0.285781979560852,0.7085862159729,-0.618150472640991
0.630525171756744,-0.0307764653116464,1.59604811668396,-0.184675589203835,0.285822361707687,0.708404541015625,-0.618355572223663
0.630606472492218,-0.0308025497943162,1.59605324268341,-0.184624418616295,0.285809397697449,0.708357870578766,-0.618430256843567
0.630606472492218,-0.0308025497943162,1.59605324268341,-0.184624418616295,0.285809397697449,0.708357870578766,-0.618430256843567
0.63083153963089,-0.0308902207762002,1.59605836868286,-0.184447258710861,0.285978227853775,0.707889437675476,-0.618941187858582
0.630934298038483,-0.0308821648359298,1.59573233127594,-0.183870583772659,0.285819381475449,0.707923233509064,-0.619147419929504
0.63103586435318,-0.0308612491935491,1.59573304653168,-0.18387858569622,0.285878598690033,0.707793772220612,-0.619265794754028
0.631160020828247,-0.0308960601687431,1.5957019329071,-0.183728247880936,0.285887092351913,0.707581520080566,-0.619549036026001
0.631250023841858,-0.0308917313814163,1.59568679332733,-0.183643862605095,0.285782128572464,0.707470178604126,-0.61974960565567
0.631359457969666,-0.0309046413749456,1.59571373462677,-0.18364542722702,0.285842061042786,0.707425832748413,-0.619772136211395
0.631440818309784,-0.0308845341205596,1.59575569629669,-0.183640986680984,0.285709798336029,0.707568287849426,-0.619671702384949
0.631537616252899,-0.0308557711541652,1.5957944393158,-0.183600097894668,0.28549337387085,0.707409203052521,-0.619965195655823
0.631600856781006,-0.0308552086353302,1.59583187103271,-0.183551445603371,0.285298347473144,0.707397937774658,-0.620082139968872
0.620433568954468,-0.0038610091432929,1.59343957901001,-0.23995053768158,0.229379147291183,0.675051987171173,-0.658873081207275
0.620505630970001,-0.003837214782834,1.59346950054169,-0.239899456501007,0.229207709431648,0.674914836883545,-0.659091711044312
0.620575308799744,-0.0038325544446706,1.5935070514679,-0.239855334162712,0.229193300008774,0.674712359905243,-0.659320116043091
0.620407223701477,-0.0038580540567636,1.59344446659088,-0.239429116249084,0.228802531957626,0.674412548542023,-0.659917414188385
0.620462596416473,-0.0038639279082417,1.59355533123016,-0.239456474781036,0.228827819228172,0.674111187458038,-0.660206496715546
0.620526015758514,-0.0038667237386107,1.59366834163666,-0.239374935626984,0.229070514440536,0.673837304115295,-0.660431444644928
0.620574712753296,-0.0038715535774827,1.59377360343933,-0.239339783787727,0.229157119989395,0.673445403575897,-0.660813629627228
0.62084025144577,-0.0038238982670009,1.59403622150421,-0.239776775240898,0.229715675115585,0.673285305500031,-0.660624444484711
0.620916604995728,-0.0038239257410168,1.59411954879761,-0.239691779017448,0.229818612337112,0.673021256923676,-0.660888493061066
0.620944142341614,-0.0037852395325899,1.59421944618225,-0.239627152681351,0.22980023920536,0.672788798809052,-0.661155045032501
0.620979070663452,-0.0037498259916901,1.59429371356964,-0.239581629633904,0.229805931448936,0.67286080121994,-0.661096274852753
0.621071219444275,-0.0037423935718834,1.59474182128906,-0.240287512540817,0.230146169662476,0.6725053191185,-0.661083519458771
0.621127903461456,-0.0036895731464028,1.59484553337097,-0.240337267518043,0.23014834523201,0.672486364841461,-0.661083936691284
0.621170103549957,-0.003428993280977,1.59500479698181,-0.240660578012466,0.229656025767326,0.672761797904968,-0.660857141017914
