x,y,z,q0,q1,q2,q3
-0.618183791637421,-0.195453822612762,0.803888320922852,-0.604474365711212,0.281898766756058,-0.520751535892487,-0.532880663871765
-0.620260298252106,-0.195213675498962,0.804064631462097,-0.604760050773621,0.281356751918793,-0.518311321735382,-0.535216867923737
-0.622200906276703,-0.195020064711571,0.804267644882202,-0.60528302192688,0.280992716550827,-0.515347182750702,-0.537673592567444
-0.622200906276703,-0.195020064711571,0.804267644882202,-0.60528302192688,0.280992716550827,-0.515347182750702,-0.537673592567444
-0.62627100944519,-0.194689258933067,0.804538309574127,-0.606163859367371,0.281700193881989,-0.5098797082901,-0.541510045528412
-0.627968192100525,-0.194362550973892,0.804921627044678,-0.607295155525208,0.280587136745453,-0.505568087100983,-0.544852733612061
-0.629833936691284,-0.19411988556385,0.805115520954132,-0.607876062393188,0.279410243034363,-0.502858877182007,-0.547311425209045
-0.631661951541901,-0.193696588277817,0.805328786373138,-0.607946574687958,0.278418332338333,-0.499717444181442,-0.550605714321136
-0.633535861968994,-0.1935213804245,0.805560052394867,-0.608332872390747,0.278223097324371,-0.497484445571899,-0.552297472953796
-0.635339558124542,-0.193194776773453,0.805807173252106,-0.608978390693665,0.278472900390625,-0.49353164434433,-0.554999768733978
-0.637039244174957,-0.192967489361763,0.806052446365356,-0.609479069709778,0.277655899524689,-0.491120487451553,-0.556994795799255
-0.638553440570831,-0.192809104919434,0.806358456611633,-0.610336661338806,0.278256088495255,-0.487757921218872,-0.558708250522614
-0.640441834926605,-0.19256716966629,0.80653965473175,-0.609915614128113,0.278978049755096,-0.486400991678238,-0.559989511966705
-0.641660451889038,-0.192155838012695,0.80684369802475,-0.610086023807526,0.276541262865066,-0.48401066660881,-0.563075244426727
-0.641660451889038,-0.192155838012695,0.80684369802475,-0.610086023807526,0.276541262865066,-0.48401066660881,-0.563075244426727
-0.644424140453339,-0.191576242446899,0.80754828453064,-0.611249625682831,0.275496155023575,-0.478966146707535,-0.566628038883209
-0.645716905593872,-0.191250905394554,0.807804584503174,-0.611336767673492,0.274755090475082,-0.477451682090759,-0.568169713020325
-0.647032082080841,-0.191034078598022,0.808091998100281,-0.611312329769135,0.275480210781097,-0.476269066333771,-0.568837106227875
-0.647998034954071,-0.190635606646538,0.808654427528381,-0.612375736236572,0.273598611354828,-0.473496496677399,-0.57091236114502
-0.648970007896423,-0.190354734659195,0.809130191802979,-0.612611889839172,0.273144841194153,-0.472307294607162,-0.571860551834106
-0.649835586547852,-0.190022870898247,0.809484302997589,-0.613055109977722,0.270547270774841,-0.471019387245178,-0.573679566383362
-0.650638937950134,-0.189730226993561,0.809870541095734,-0.612842440605164,0.270386666059494,-0.47033166885376,-0.574546158313751
-0.651679217815399,-0.189470380544662,0.810317933559418,-0.612761616706848,0.27094891667366,-0.470076948404312,-0.574576020240784
-0.652368605136871,-0.189256176352501,0.81097424030304,-0.612641751766205,0.269694477319717,-0.470706015825272,-0.574779033660889
-0.652368605136871,-0.189256176352501,0.81097424030304,-0.612641751766205,0.269694477319717,-0.470706015825272,-0.574779033660889
-0.653113424777985,-0.188542053103447,0.812300145626068,-0.613504767417908,0.268057256937027,-0.467085301876068,-0.577571272850037
-0.653497338294983,-0.188263148069382,0.813005805015564,-0.613855838775635,0.266973614692688,-0.467528343200684,-0.577341794967651
-0.653741538524628,-0.187980771064758,0.813707709312439,-0.613488793373108,0.265681862831116,-0.467949092388153,-0.577986419200897
-0.653894364833832,-0.187677592039108,0.814472436904907,-0.613742291927338,0.264292031526565,-0.46825960278511,-0.578103065490723
-0.653984367847443,-0.187283545732498,0.815290927886963,-0.613571166992188,0.262126326560974,-0.469462037086487,-0.578295707702637
-0.653988301753998,-0.187035113573074,0.816120505332947,-0.614177584648132,0.25999054312706,-0.47018826007843,-0.578025758266449
-0.653862953186035,-0.186782509088516,0.81694233417511,-0.614859044551849,0.258921295404434,-0.470606952905655,-0.577440321445465
-0.653598129749298,-0.186462074518204,0.817785024642944,-0.614704310894012,0.256970465183258,-0.47233659029007,-0.577064096927643
-0.653215169906616,-0.186245962977409,0.81865918636322,-0.61565363407135,0.255756050348282,-0.472660303115845,-0.576326310634613
-0.652905642986298,-0.186024233698845,0.819440364837646,-0.61582738161087,0.25421142578125,-0.474624663591385,-0.575208425521851
-0.652368724346161,-0.185845345258713,0.820308566093445,-0.616871237754822,0.250656366348267,-0.475759625434875,-0.574712157249451
-0.65177994966507,-0.185691013932228,0.821204781532288,-0.617242574691772,0.248125851154327,-0.47743746638298,-0.57401978969574
-0.65119743347168,-0.185603722929955,0.821999073028564,-0.617339372634888,0.247337564826012,-0.478814274072647,-0.573108434677124
-0.650467157363892,-0.185533598065376,0.822785913944244,-0.618005394935608,0.244836360216141,-0.479717254638672,-0.572709321975708
-0.649729609489441,-0.185496836900711,0.823492288589478,-0.617373645305634,0.243563264608383,-0.481728494167328,-0.572245061397552
-0.648832321166992,-0.185561940073967,0.824270367622375,-0.617570638656616,0.242606773972511,-0.482703000307083,-0.571617186069489
-0.648038268089294,-0.18557958304882,0.824931740760803,-0.616016268730164,0.241354286670685,-0.485172271728516,-0.571734189987183
-0.64705228805542,-0.185593262314796,0.825676679611206,-0.614822924137115,0.240652307868004,-0.486296951770782,-0.57235860824585
-0.646157145500183,-0.185652107000351,0.82634449005127,-0.613776087760925,0.240028217434883,-0.487062275409698,-0.573093295097351
-0.645164668560028,-0.185728281736374,0.827042102813721,-0.612072646617889,0.240261718630791,-0.488844871520996,-0.573299288749695
-0.645164668560028,-0.185728281736374,0.827042102813721,-0.612072646617889,0.240261718630791,-0.488844871520996,-0.573299288749695
-0.643165767192841,-0.18598860502243,0.82835179567337,-0.609873116016388,0.240004077553749,-0.490786910057068,-0.57409143447876
-0.642197906970978,-0.18607847392559,0.828966319561005,-0.608107268810272,0.239392057061195,-0.492651849985123,-0.574622809886932
-0.641108870506287,-0.186209857463837,0.829628467559814,-0.607460618019104,0.238656267523766,-0.49286738038063,-0.575427174568176
-0.640216290950775,-0.186175584793091,0.830219447612762,-0.604905009269714,0.239229738712311,-0.495466679334641,-0.575649082660675
-0.639143764972687,-0.186252787709236,0.830826997756958,-0.603864073753357,0.238823637366295,-0.496895015239716,-0.57567971944809
-0.638050198554993,-0.186285018920898,0.83151638507843,-0.603014469146729,0.238665446639061,-0.497904479503632,-0.575763404369354
-0.637133955955505,-0.186267465353012,0.832172155380249,-0.601924121379852,0.237354025244713,-0.499361723661423,-0.576184153556824
-0.637571275234222,-0.185932695865631,0.832222580909729,-0.596802830696106,0.227590471506119,-0.507512390613556,-0.578325212001801
-0.635366678237915,-0.186115086078644,0.83353865146637,-0.599715769290924,0.237368196249008,-0.502603948116302,-0.575662016868591
-0.634490787982941,-0.185990363359451,0.83417797088623,-0.598500072956085,0.236506775021553,-0.504615962505341,-0.5755215883255
-0.633699357509613,-0.1858801394701,0.834893882274628,-0.597363591194153,0.236409425735474,-0.506986737251282,-0.57465785741806
-0.633030593395233,-0.185767635703087,0.835567712783813,-0.596774697303772,0.235506847500801,-0.50862854719162,-0.574189603328705
-0.632328987121582,-0.185661748051643,0.836243808269501,-0.595823407173157,0.235750406980514,-0.510519027709961,-0.573399245738983
-0.632328987121582,-0.185661748051643,0.836243808269501,-0.595823407173157,0.235750406980514,-0.510519027709961,-0.573399245738983
-0.631422638893127,-0.185312405228615,0.837574064731598,-0.593479871749878,0.234933465719223,-0.514449596405029,-0.572651267051697
-0.630926966667175,-0.185122564435005,0.838216960430145,-0.593198180198669,0.234166115522385,-0.515112638473511,-0.572661340236664
-0.630724191665649,-0.1849165558815,0.838816285133362,-0.592173516750336,0.233939424157143,-0.517173767089844,-0.571956515312195
-0.630500853061676,-0.184770256280899,0.839351832866669,-0.59183794260025,0.234530001878738,-0.517540812492371,-0.571729719638824
-0.630364298820496,-0.184516489505768,0.839909076690674,-0.590654492378235,0.234219238162041,-0.518789768218994,-0.571949243545532
-0.630338132381439,-0.184353739023209,0.840419054031372,-0.589913547039032,0.234208032488823,-0.519589424133301,-0.571992516517639
-0.630431294441223,-0.184193789958954,0.840913832187653,-0.589233875274658,0.234261155128479,-0.520281136035919,-0.57204258441925
-0.630628705024719,-0.184348791837692,0.841449856758118,-0.590378701686859,0.231642201542854,-0.521523475646973,-0.570795893669128
-0.630654215812683,-0.183865070343017,0.841831088066101,-0.590083479881287,0.234036266803741,-0.517953336238861,-0.573369681835175
-0.630885004997253,-0.183721095323563,0.842156410217285,-0.590076386928558,0.233936101198196,-0.517431557178497,-0.573888897895813
-0.631292760372162,-0.183511212468147,0.842367470264435,-0.589597702026367,0.233179166913033,-0.517359733581543,-0.574752748012543
-0.631658315658569,-0.183359175920486,0.842600345611572,-0.589529633522034,0.232648879289627,-0.516966700553894,-0.575390875339508
-0.632152438163757,-0.183239236474037,0.842799842357635,-0.589645564556122,0.232609868049621,-0.516348540782928,-0.575843036174774
-0.632572054862976,-0.183101773262024,0.843005895614624,-0.590341448783875,0.232387647032738,-0.515061378479004,-0.576372027397156
-0.633006989955902,-0.182983219623566,0.843110382556915,-0.590523540973663,0.231858521699905,-0.514178216457367,-0.577186584472656
-0.633667886257172,-0.182772949337959,0.84307599067688,-0.590020179748535,0.23121552169323,-0.513816893100739,-0.578280031681061
-0.634154736995697,-0.182604536414146,0.843035936355591,-0.590198695659637,0.231508508324623,-0.511893510818481,-0.579684734344482
-0.634696483612061,-0.182446494698524,0.8429936170578,-0.590268492698669,0.232189640402794,-0.510227501392365,-0.580808937549591
-0.635340511798859,-0.182257682085037,0.84290337562561,-0.590684294700623,0.231918379664421,-0.508594930171967,-0.581925392150879
-0.635943531990051,-0.182074189186096,0.842816114425659,-0.590425968170166,0.232256308197975,-0.507901132106781,-0.582658112049103
-0.636438190937042,-0.181861892342567,0.842770934104919,-0.590609967708588,0.232273146510124,-0.506565868854523,-0.583626747131348
-0.638394057750702,-0.181414306163788,0.842002391815186,-0.58760941028595,0.223915264010429,-0.509969174861908,-0.586948573589325
-0.638975918292999,-0.181196093559265,0.841836392879486,-0.587575852870941,0.224659353494644,-0.50892299413681,-0.58760541677475
-0.640022873878479,-0.180870488286018,0.841393709182739,-0.586851000785828,0.221091568470001,-0.509307503700256,-0.589347302913666
-0.640594124794006,-0.180474475026131,0.841045618057251,-0.586081147193909,0.22015768289566,-0.509607434272766,-0.59020334482193
-0.641110956668854,-0.180149435997009,0.840750694274902,-0.5861736536026,0.219408586621284,-0.509110808372498,-0.590818643569946
-0.641660034656525,-0.179625183343887,0.840287208557129,-0.586078405380249,0.216698750853539,-0.509139835834503,-0.591887295246124
-0.64216011762619,-0.179158598184585,0.839875459671021,-0.58542412519455,0.215492248535156,-0.509101092815399,-0.593007504940033
-0.642854154109955,-0.178435951471329,0.83926784992218,-0.583580911159515,0.211335584521294,-0.510949373245239,-0.59472793340683
-0.643261909484863,-0.178112953901291,0.838880181312561,-0.584370851516724,0.212056055665016,-0.50935298204422,-0.595065236091614
-0.643689274787903,-0.177746653556824,0.838428497314453,-0.584571003913879,0.211377263069153,-0.508879423141479,-0.595515012741089
-0.64415431022644,-0.177376806735992,0.837946832180023,-0.585018396377563,0.211309969425201,-0.507816255092621,-0.59600704908371
-0.644546747207642,-0.176927000284195,0.837395429611206,-0.584462702274323,0.210432171821594,-0.508050978183746,-0.596662163734436
-0.644869923591614,-0.176542803645134,0.836860537528992,-0.584611058235168,0.211071535944939,-0.507299602031708,-0.59693044424057
-0.645133197307587,-0.176168099045753,0.836331367492676,-0.58563756942749,0.212141752243042,-0.505251348018646,-0.597281992435455
-0.645133197307587,-0.176168099045753,0.836331367492676,-0.58563756942749,0.212141752243042,-0.505251348018646,-0.597281992435455
-0.64556097984314,-0.175345405936241,0.835152208805084,-0.585666298866272,0.213476851582527,-0.503432214260101,-0.598313212394714
-0.64556097984314,-0.175345405936241,0.835152208805084,-0.585666298866272,0.213476851582527,-0.503432214260101,-0.598313212394714
-0.645855307579041,-0.174427509307861,0.8340083360672,-0.586569726467133,0.21424762904644,-0.501899182796478,-0.598440706729889
-0.645892322063446,-0.174053430557251,0.833477854728699,-0.587881147861481,0.214825853705406,-0.500208497047424,-0.59836208820343
-0.645829498767853,-0.173679694533348,0.832962989807129,-0.588309228420258,0.216237038373947,-0.499702900648117,-0.59785521030426
-0.645828366279602,-0.173227056860924,0.832366466522217,-0.588456988334656,0.216529026627541,-0.499494940042496,-0.597777903079987
-0.645932197570801,-0.172647327184677,0.831688344478607,-0.589023649692535,0.216871112585068,-0.499012142419815,-0.597499072551727
-0.64589124917984,-0.172140657901764,0.831103801727295,-0.589188456535339,0.217747330665588,-0.499019294977188,-0.597011685371399
-0.645701766014099,-0.171718448400497,0.830539107322693,-0.590167820453644,0.219423696398735,-0.498318403959274,-0.596015095710754
-0.645546138286591,-0.171267777681351,0.82995742559433,-0.590352594852448,0.22057244181633,-0.498375713825226,-0.595359802246094
-0.645143210887909,-0.171226620674133,0.829629421234131,-0.592886984348297,0.227093577384949,-0.495282590389252,-0.592965960502625
-0.644992232322693,-0.170941278338432,0.829229593276978,-0.594119608402252,0.229671269655228,-0.49415397644043,-0.591679692268372
-0.644703567028046,-0.17041452229023,0.82870626449585,-0.593942761421204,0.231003403663635,-0.494665086269379,-0.590911149978638
-0.643836200237274,-0.17023366689682,0.82862251996994,-0.596525847911835,0.238678425550461,-0.491143018007278,-0.588190674781799
-0.642259120941162,-0.169944480061531,0.828716158866882,-0.599612236022949,0.247657522559166,-0.486975818872452,-0.584795355796814
-0.641761898994446,-0.169108778238297,0.827957987785339,-0.598225712776184,0.252088367938995,-0.485602140426636,-0.585463881492615
-0.641566693782806,-0.16887229681015,0.82764732837677,-0.599139034748077,0.249122977256775,-0.487506121397018,-0.584215641021729
-0.641229391098022,-0.168359279632568,0.827187120914459,-0.59928959608078,0.250669986009598,-0.487705945968628,-0.583231925964355
-0.640895485877991,-0.1677997559309,0.826704740524292,-0.598830044269562,0.252439677715302,-0.487976312637329,-0.582714378833771
-0.640895485877991,-0.1677997559309,0.826704740524292,-0.598830044269562,0.252439677715302,-0.487976312637329,-0.582714378833771
-0.640042781829834,-0.166877239942551,0.825903832912445,-0.599296629428864,0.252478152513504,-0.489410072565079,-0.581013202667236
-0.639719069004059,-0.166501611471176,0.825473308563232,-0.599590301513672,0.25248509645462,-0.4905566573143,-0.579738616943359
-0.639403164386749,-0.166099116206169,0.82506650686264,-0.59974217414856,0.25301918387413,-0.491369336843491,-0.578659355640411
-0.639049470424652,-0.165709018707275,0.82477593421936,-0.600644469261169,0.255965352058411,-0.491106599569321,-0.576647520065308
-0.638732373714447,-0.165370464324951,0.824349880218506,-0.600832164287567,0.256257265806198,-0.491708219051361,-0.575808942317963
-0.638299822807312,-0.165019690990448,0.823928713798523,-0.60039210319519,0.256511390209198,-0.49294900894165,-0.575093626976013
-0.637936174869537,-0.164788603782654,0.823415458202362,-0.600078642368317,0.256755620241165,-0.492942601442337,-0.575317203998566
-0.637732744216919,-0.164546400308609,0.823115706443787,-0.600552260875702,0.257486701011658,-0.494015097618103,-0.573573708534241
-0.637443125247955,-0.164317816495895,0.822701036930084,-0.600589156150818,0.258296489715576,-0.494150221347809,-0.573054134845734
-0.637157917022705,-0.164138719439507,0.822349488735199,-0.601160168647766,0.259288668632507,-0.493853360414505,-0.572262763977051
-0.636933386325836,-0.163993835449219,0.822031855583191,-0.601124942302704,0.260087519884109,-0.493920832872391,-0.571879029273987
-0.636721730232239,-0.163877308368683,0.821668744087219,-0.600297391414642,0.259944945573807,-0.495627075433731,-0.571336686611176
-0.636408686637878,-0.163772851228714,0.821345567703247,-0.600365996360779,0.260676622390747,-0.495640695095062,-0.570919036865234
-0.636178493499756,-0.163641110062599,0.821035385131836,-0.600348055362701,0.260376930236816,-0.496086090803146,-0.570688009262085
-0.635966718196869,-0.163498744368553,0.82072126865387,-0.600022435188293,0.260966718196869,-0.496154725551605,-0.570701420307159
-0.635783314704895,-0.16343067586422,0.820442318916321,-0.600085496902466,0.26134181022644,-0.496329456567764,-0.570311307907104
-0.635635614395142,-0.16338101029396,0.820172667503357,-0.60029262304306,0.261476576328278,-0.496462881565094,-0.569915354251862
-0.635394334793091,-0.163437873125076,0.819873094558716,-0.600246608257294,0.260582536458969,-0.496520966291428,-0.570322394371033
-0.635349154472351,-0.163396149873733,0.819742321968079,-0.600900411605835,0.261042863130569,-0.497132658958435,-0.56888872385025
-0.635246932506561,-0.163423851132393,0.819547295570374,-0.601442515850067,0.261054009199142,-0.497197419404984,-0.568253993988037
-0.635246932506561,-0.163423851132393,0.819547295570374,-0.601442515850067,0.261054009199142,-0.497197419404984,-0.568253993988037
-0.635119736194611,-0.163527637720108,0.819120049476624,-0.602301478385925,0.260628998279571,-0.497643828392029,-0.567147374153137
-0.635119736194611,-0.163527637720108,0.819120049476624,-0.602301478385925,0.260628998279571,-0.497643828392029,-0.567147374153137
-0.635017275810242,-0.163708031177521,0.818685412406921,-0.602916479110718,0.260293841362,-0.497347474098206,-0.566907823085785
-0.635007858276367,-0.163779944181442,0.818488121032715,-0.602816224098206,0.260918229818344,-0.497251600027084,-0.566811442375183
-0.634998500347137,-0.163904771208763,0.818310797214508,-0.602811992168427,0.260718911886215,-0.497507303953171,-0.566683173179626
-0.634969890117645,-0.164036944508552,0.818158328533173,-0.602314174175262,0.260860055685043,-0.498133957386017,-0.566597044467926
-0.635001003742218,-0.164234161376953,0.817982196807861,-0.602896213531494,0.261056482791901,-0.49739933013916,-0.566533029079437
-0.635005712509155,-0.164419859647751,0.817825138568878,-0.602953970432281,0.26127877831459,-0.4972805082798,-0.566473126411438
-0.635010540485382,-0.164639890193939,0.817649841308594,-0.603288292884827,0.261233597993851,-0.497428834438324,-0.566007912158966
-0.635021328926086,-0.164838880300522,0.817521750926971,-0.603400111198425,0.26124894618988,-0.497323662042618,-0.565973937511444
-0.635031700134277,-0.165058955550194,0.817360579967499,-0.603501379489899,0.261340856552124,-0.497286945581436,-0.565855860710144
-0.635023057460785,-0.165248200297356,0.81721568107605,-0.603614270687103,0.261017680168152,-0.496788769960403,-0.566322147846222
-0.635029375553131,-0.165406972169876,0.817103147506714,-0.603508293628693,0.261255651712418,-0.496671885251999,-0.566427409648895
-0.635041356086731,-0.165613159537315,0.816993594169617,-0.603648960590363,0.26082444190979,-0.497027546167374,-0.566164493560791
-0.635041356086731,-0.165613159537315,0.816993594169617,-0.603648960590363,0.26082444190979,-0.497027546167374,-0.566164493560791
-0.635009229183197,-0.165843397378922,0.81684410572052,-0.6033074259758,0.260440677404404,-0.497031897306442,-0.566701173782349
-0.635009229183197,-0.165843397378922,0.81684410572052,-0.6033074259758,0.260440677404404,-0.497031897306442,-0.566701173782349
-0.634969055652618,-0.166073158383369,0.816701054573059,-0.603527188301086,0.260348618030548,-0.497107595205307,-0.566442966461182
-0.634919464588165,-0.166188895702362,0.816633462905884,-0.603844165802002,0.260250180959701,-0.497115075588226,-0.566143691539764
-0.634872257709503,-0.166303381323814,0.816553354263306,-0.604130864143372,0.259986370801926,-0.497368365526199,-0.565736353397369
-0.634872257709503,-0.166303381323814,0.816553354263306,-0.604130864143372,0.259986370801926,-0.497368365526199,-0.565736353397369
-0.634709000587463,-0.166487902402878,0.81641674041748,-0.604838848114014,0.259329706430435,-0.497501313686371,-0.56516420841217
-0.634625196456909,-0.166570141911507,0.816345036029816,-0.605139493942261,0.259138762950897,-0.497547566890716,-0.564889192581177
-0.634505987167358,-0.166654586791992,0.816293835639954,-0.604936301708221,0.258906006813049,-0.498318582773209,-0.564533829689026
-0.634407460689545,-0.166806623339653,0.816196978092194,-0.605215966701508,0.259208858013153,-0.498256266117096,-0.564149856567383
-0.634278059005737,-0.16689595580101,0.816118776798248,-0.605315804481506,0.259250849485397,-0.498309791088104,-0.563976228237152
-0.634102582931519,-0.166975557804108,0.815949618816376,-0.605200111865997,0.258656293153763,-0.498533308506012,-0.564175844192505
-0.633954644203186,-0.167080029845238,0.815873026847839,-0.60520476102829,0.258725970983505,-0.498773008584976,-0.563926994800568
-0.633671283721924,-0.167209655046463,0.815828204154968,-0.605461359024048,0.258998900651932,-0.498563766479492,-0.563711225986481
-0.633504092693329,-0.167329743504524,0.815758049488068,-0.605558514595032,0.259168684482574,-0.498734623193741,-0.563377559185028
-0.633316397666931,-0.167426005005836,0.81567919254303,-0.605398058891296,0.259106904268265,-0.499019682407379,-0.563325941562653
-0.633122205734253,-0.167494744062424,0.81559681892395,-0.604659795761108,0.259040057659149,-0.50003045797348,-0.563253462314606
-0.632938504219055,-0.167629286646843,0.815498113632202,-0.604836642742157,0.259423553943634,-0.50017648935318,-0.562757074832916
-0.632743358612061,-0.167704239487648,0.81543493270874,-0.604647040367126,0.259464889764786,-0.500507593154907,-0.562647521495819
-0.63254588842392,-0.167766392230987,0.815378487110138,-0.604444265365601,0.259474486112595,-0.501037538051605,-0.562389075756073
-0.632336020469666,-0.16782446205616,0.815316021442413,-0.604396820068359,0.259494096040726,-0.501467108726501,-0.562048077583313
-0.632140755653381,-0.167962744832039,0.815265655517578,-0.604780495166779,0.259012550115585,-0.502095818519592,-0.561295866966248
-0.631836175918579,-0.16803628206253,0.815220832824707,-0.605274200439453,0.25804215669632,-0.502355396747589,-0.56097811460495
-0.631546854972839,-0.168104141950607,0.815185070037842,-0.605616211891174,0.258577913045883,-0.502203404903412,-0.560498178005219
-0.632617652416229,-0.167922809720039,0.814483404159546,-0.602796196937561,0.249583214521408,-0.507690191268921,-0.56266850233078
-0.631068408489227,-0.168154746294022,0.815017342567444,-0.60563725233078,0.258539527654648,-0.503215909004211,-0.559584438800812
-0.630821466445923,-0.168113112449646,0.814913988113403,-0.605468571186066,0.259057968854904,-0.503278434276581,-0.55947071313858
-0.630589783191681,-0.168132126331329,0.814812064170837,-0.605654060840607,0.259124875068664,-0.503584563732147,-0.558963298797607
-0.6303631067276,-0.168115988373756,0.814690589904785,-0.605667054653168,0.259157031774521,-0.503910481929779,-0.558640658855438
-0.6303631067276,-0.168115988373756,0.814690589904785,-0.605667054653168,0.259157031774521,-0.503910481929779,-0.558640658855438
-0.629813492298126,-0.168062373995781,0.814449787139893,-0.606346309185028,0.258581519126892,-0.504364430904388,-0.557760238647461
-0.629578351974487,-0.168036743998527,0.814314782619476,-0.606428980827332,0.258557975292206,-0.50483763217926,-0.557252824306488
-0.629276394844055,-0.168025463819504,0.814261257648468,-0.606274783611298,0.259054154157638,-0.505625545978546,-0.556475341320038
-0.629063367843628,-0.168038040399551,0.814157664775848,-0.606567859649658,0.258683979511261,-0.506423711776733,-0.555601716041565
-0.628843605518341,-0.16801805794239,0.814077913761139,-0.606690466403961,0.258823752403259,-0.506908416748047,-0.554960250854492
-0.628612399101257,-0.167997151613235,0.813987612724304,-0.607111573219299,0.25872266292572,-0.5072181224823,-0.554263472557068
-0.6283860206604,-0.167974978685379,0.813915014266968,-0.607728958129883,0.258429378271103,-0.507418692111969,-0.553539633750916
-0.628131747245789,-0.167979642748833,0.813888013362885,-0.608512699604034,0.258162885904312,-0.507466495037079,-0.552758514881134
-0.627785623073578,-0.167967438697815,0.813885092735291,-0.609331130981445,0.257437646389008,-0.507363557815552,-0.552289426326752
-0.627537190914154,-0.167994916439056,0.813863396644592,-0.610015869140625,0.257144272327423,-0.507663369178772,-0.551393926143646
-0.62727826833725,-0.168030738830566,0.813868522644043,-0.61001455783844,0.256656587123871,-0.508709788322449,-0.550657629966736
-0.627039432525635,-0.168122336268425,0.813889861106873,-0.610569894313812,0.256068646907806,-0.509234666824341,-0.549830257892609
-0.626741647720337,-0.168282717466354,0.813933312892914,-0.611378788948059,0.256433457136154,-0.509183645248413,-0.548807799816132
-0.626498937606812,-0.168437391519547,0.813950598239899,-0.611778140068054,0.25613322854042,-0.509450733661652,-0.548254728317261
-0.626212656497955,-0.16866734623909,0.813984990119934,-0.6123166680336,0.255570858716965,-0.509657502174377,-0.547723650932312
-0.625943660736084,-0.168945297598839,0.813992559909821,-0.612759530544281,0.254838526248932,-0.510181307792664,-0.547081470489502
-0.625694453716278,-0.169208183884621,0.813992381095886,-0.612255334854126,0.253793001174927,-0.511491417884827,-0.546908795833588
-0.625351071357727,-0.169579610228539,0.814055323600769,-0.61242151260376,0.254051238298416,-0.511660993099213,-0.546443939208984
-0.625072419643402,-0.169965073466301,0.814120709896088,-0.612391412258148,0.254439234733581,-0.511885106563568,-0.546087086200714
-0.624737143516541,-0.17039966583252,0.814207196235657,-0.611996650695801,0.254952996969223,-0.512041747570038,-0.546143174171448
-0.624408304691315,-0.170790195465088,0.814257383346558,-0.611696839332581,0.254719614982605,-0.512115001678467,-0.546519219875336
-0.62410306930542,-0.171123310923576,0.814233064651489,-0.6101393699646,0.254235237836838,-0.513292193412781,-0.547380566596985
-0.623841404914856,-0.171579748392105,0.814243197441101,-0.609658539295197,0.254395544528961,-0.514133036136627,-0.547052800655365
-0.62357634305954,-0.171973526477814,0.814302682876587,-0.60896372795105,0.25445345044136,-0.51454770565033,-0.547409653663635
-0.623239994049072,-0.172502443194389,0.814443707466125,-0.608430087566376,0.255051344633102,-0.514563679695129,-0.547709703445435
-0.623015105724335,-0.172957375645638,0.814517021179199,-0.607265830039978,0.255687892436981,-0.515666961669922,-0.547667443752289
-0.622663259506226,-0.173399910330772,0.814585149288177,-0.606783747673035,0.255611538887024,-0.515976309776306,-0.547945916652679
-0.622469186782837,-0.173759952187538,0.814639329910278,-0.606001019477844,0.255706757307053,-0.516633868217468,-0.548148095607758
-0.622279942035675,-0.174165144562721,0.814701080322266,-0.605783045291901,0.255372405052185,-0.517420828342438,-0.547802686691284
-0.622112393379211,-0.17448478937149,0.814740538597107,-0.604698240756989,0.255455285310745,-0.518323004245758,-0.548109531402588
-0.621897339820862,-0.174823492765427,0.81479811668396,-0.603987216949463,0.256036370992661,-0.518657147884369,-0.548306167125702
-0.62166166305542,-0.175166085362434,0.814902544021606,-0.603724598884583,0.256759017705917,-0.518740296363831,-0.548178553581238
-0.621483862400055,-0.175483480095863,0.814973115921021,-0.603837549686432,0.256805419921875,-0.518976032733917,-0.547809183597565
-0.621302008628845,-0.175790533423424,0.815061092376709,-0.604219675064087,0.256404727697372,-0.519082903862,-0.547474324703217
-0.621107280254364,-0.176066920161247,0.815151691436768,-0.604716897010803,0.25566428899765,-0.51918089389801,-0.547178685665131
-0.621107280254364,-0.176066920161247,0.815151691436768,-0.604716897010803,0.25566428899765,-0.51918089389801,-0.547178685665131
-0.620886564254761,-0.176541045308113,0.815268158912659,-0.605383515357971,0.255012184381485,-0.51947557926178,-0.546465694904327
-0.620814979076385,-0.176762655377388,0.815314710140228,-0.605575919151306,0.254743903875351,-0.519750535488129,-0.54611611366272
-0.620736360549927,-0.176960229873657,0.815366625785828,-0.605845749378204,0.254352301359177,-0.519906163215637,-0.545851051807404
-0.620700478553772,-0.177189528942108,0.815430700778961,-0.60582959651947,0.253464549779892,-0.520613431930542,-0.545607924461365
-0.620630502700806,-0.177344128489494,0.81548798084259,-0.605238676071167,0.253312677145004,-0.521618247032166,-0.545374512672424
-0.620576977729797,-0.177481606602669,0.815537095069885,-0.605158984661102,0.253735482692719,-0.521489202976227,-0.545389711856842
-0.620555698871613,-0.177685990929603,0.81562602519989,-0.605357766151428,0.253400772809982,-0.521692514419556,-0.545130133628845
-0.620531678199768,-0.177891626954079,0.815680146217346,-0.605376839637756,0.253644466400146,-0.521961808204651,-0.544737815856934
-0.62051248550415,-0.178060501813888,0.815774142742157,-0.60542505979538,0.253687500953674,-0.521975934505463,-0.544650793075562
-0.620570540428162,-0.178196117281914,0.81581836938858,-0.604978382587433,0.253004848957062,-0.522554874420166,-0.544909358024597
-0.62057763338089,-0.178359806537628,0.815930604934692,-0.604895651340485,0.252940565347672,-0.522616326808929,-0.544972062110901
-0.620582640171051,-0.17851260304451,0.816040396690369,-0.604851245880127,0.253065019845963,-0.522548854351044,-0.545028328895569
-0.620608150959015,-0.178648144006729,0.816131472587585,-0.604699969291687,0.253114759922028,-0.522577345371246,-0.545145630836487
-0.620640337467194,-0.178786814212799,0.816250681877136,-0.604662716388702,0.253100246191025,-0.522587954998016,-0.545183420181274
-0.620677471160889,-0.178929582238197,0.816366910934448,-0.604707360267639,0.253137141466141,-0.522535264492035,-0.545167684555054
-0.620721697807312,-0.179057151079178,0.816477656364441,-0.604614615440369,0.252906858921051,-0.522638559341431,-0.545278251171112
-0.620787441730499,-0.179172441363335,0.816601157188416,-0.604412496089935,0.252742052078247,-0.52278470993042,-0.545438408851624
-0.620853543281555,-0.179259732365608,0.816693186759949,-0.604179322719574,0.252613335847855,-0.522925674915314,-0.545621395111084
-0.620853543281555,-0.179259732365608,0.816693186759949,-0.604179322719574,0.252613335847855,-0.522925674915314,-0.545621395111084
-0.620948314666748,-0.179453492164612,0.816929936408997,-0.604070484638214,0.252967059612274,-0.522771000862122,-0.545726239681244
-0.621122241020203,-0.179528832435608,0.816960215568542,-0.603782415390015,0.252119481563568,-0.523219525814056,-0.546007394790649
-0.621218681335449,-0.179646849632263,0.817046880722046,-0.603825151920319,0.252055734395981,-0.523123681545258,-0.546081364154816
-0.621329367160797,-0.179742097854614,0.817131757736206,-0.603947639465332,0.251823484897614,-0.523187100887299,-0.545992136001587
-0.621430277824402,-0.179828062653542,0.817198157310486,-0.603952407836914,0.251771479845047,-0.523133039474487,-0.546062827110291
-0.621510207653046,-0.179966554045677,0.817268371582031,-0.604770362377167,0.252139657735825,-0.522045910358429,-0.546028077602386
-0.621624946594238,-0.180053487420082,0.81732052564621,-0.60484367609024,0.252029627561569,-0.521989941596985,-0.546050786972046
-0.62174665927887,-0.180132776498795,0.817371129989624,-0.604854583740234,0.25210103392601,-0.521901071071625,-0.546090960502625
-0.621848464012146,-0.180207207798958,0.817412257194519,-0.604948282241821,0.251904606819153,-0.521792829036713,-0.546181261539459
-0.621972441673279,-0.180283010005951,0.817447543144226,-0.604981660842896,0.252046972513199,-0.521619379520416,-0.546244204044342
-0.621972441673279,-0.180283010005951,0.817447543144226,-0.604981660842896,0.252046972513199,-0.521619379520416,-0.546244204044342
-0.622216045856476,-0.180389508605003,0.817495584487915,-0.604927182197571,0.251822590827942,-0.521417617797852,-0.546600580215454
-0.622411787509918,-0.180453568696976,0.817465424537659,-0.604689180850983,0.252232253551483,-0.521635413169861,-0.546467125415802
-0.622536420822144,-0.180552184581757,0.817493081092834,-0.60491544008255,0.251664519309998,-0.521654367446899,-0.546460390090942
-0.622632324695587,-0.180606603622436,0.817464232444763,-0.604956090450287,0.251718580722809,-0.521496117115021,-0.546541631221771
-0.622727334499359,-0.18064321577549,0.817431330680847,-0.604944467544556,0.251646965742111,-0.521343410015106,-0.546733140945435
-0.622892618179321,-0.180630296468735,0.817363858222961,-0.604697644710541,0.250806272029877,-0.52166736125946,-0.547083258628845
-0.622993767261505,-0.180666461586952,0.817322492599487,-0.604794085025787,0.250745207071304,-0.521522104740143,-0.547143340110779
-0.623047053813934,-0.180684939026832,0.817229628562927,-0.604935467243195,0.250412970781326,-0.520946681499481,-0.54768705368042
-0.623134315013885,-0.180679127573967,0.817166864871979,-0.604886770248413,0.250252336263657,-0.520949125289917,-0.547811985015869
-0.623228967189789,-0.180673509836197,0.817120790481567,-0.605363845825195,0.250387340784073,-0.520406126976013,-0.547739326953888
-0.623300492763519,-0.180632695555687,0.817041516304016,-0.605292201042175,0.250346124172211,-0.520441472530365,-0.547803640365601
-0.623355269432068,-0.180588766932487,0.816979885101318,-0.605276525020599,0.250388652086258,-0.520370841026306,-0.547868669033051
-0.623410403728485,-0.180521473288536,0.816902935504913,-0.605283081531525,0.250290155410767,-0.520461142063141,-0.547820568084717
-0.623410403728485,-0.180521473288536,0.816902935504913,-0.605283081531525,0.250290155410767,-0.520461142063141,-0.547820568084717
-0.62351131439209,-0.180346578359604,0.816771984100342,-0.605405688285828,0.250196248292923,-0.520435214042664,-0.547752737998962
-0.623531758785248,-0.180203393101692,0.816660761833191,-0.605456471443176,0.250636696815491,-0.520154416561127,-0.547761917114258
-0.623552441596985,-0.180083855986595,0.816579818725586,-0.605891346931458,0.250680983066559,-0.519580364227295,-0.547805786132812
-0.623619496822357,-0.179925203323364,0.816542983055115,-0.60585230588913,0.250810593366623,-0.520143449306488,-0.547254621982574
-0.623658239841461,-0.179770588874817,0.81647002696991,-0.606029152870178,0.250745385885239,-0.52007794380188,-0.547151029109955
-0.623691856861115,-0.179604113101959,0.816400945186615,-0.606306135654449,0.251059293746948,-0.519859671592712,-0.546907782554626
-0.623715460300446,-0.17941989004612,0.816311478614807,-0.606605172157288,0.251292645931244,-0.519681870937347,-0.546637952327728
-0.623734951019287,-0.179211348295212,0.816234171390533,-0.606842279434204,0.251754850149155,-0.519347667694092,-0.546479821205139
-0.623763620853424,-0.178984135389328,0.816132664680481,-0.606845855712891,0.252147793769836,-0.519340991973877,-0.546300888061523
-0.623747110366821,-0.178756892681122,0.816052675247192,-0.606858551502228,0.252050280570984,-0.519369602203369,-0.54630446434021
-0.623750805854797,-0.178560882806778,0.815969347953796,-0.606904923915863,0.25227427482605,-0.519467711448669,-0.54605621099472
-0.623766422271729,-0.178354740142822,0.815879940986633,-0.60687130689621,0.252419292926788,-0.519612729549408,-0.545888543128967
-0.623764336109161,-0.178143233060837,0.81578254699707,-0.606789648532867,0.252437889575958,-0.519783675670624,-0.545808076858521
-0.623875379562378,-0.177916273474693,0.815689861774445,-0.606413722038269,0.252532780170441,-0.52030622959137,-0.545684099197388
-0.623841464519501,-0.177758991718292,0.815658926963806,-0.606594622135162,0.253113269805908,-0.520106792449951,-0.545404195785522
-0.623825252056122,-0.177605226635933,0.815614223480225,-0.606716990470886,0.253198832273483,-0.520068228244781,-0.545265078544617
-0.623821377754211,-0.177466258406639,0.815564632415771,-0.606867671012878,0.253371745347977,-0.519969701766968,-0.545111000537872
-0.623812973499298,-0.17733046412468,0.815525531768799,-0.607037007808685,0.25354266166687,-0.519903719425201,-0.5449059009552
-0.623795032501221,-0.177171051502228,0.815507292747498,-0.607018053531647,0.253869742155075,-0.519672989845276,-0.54499489068985
-0.623790264129639,-0.177052587270737,0.815496861934662,-0.607315957546234,0.254050731658935,-0.519509434700012,-0.544734597206116
-0.623790085315704,-0.176947683095932,0.815513789653778,-0.607491195201874,0.254004240036011,-0.519520699977875,-0.544549822807312
-0.623791456222534,-0.176830530166626,0.815519213676453,-0.607716739177704,0.253753781318664,-0.519500255584717,-0.544434666633606
-0.623776257038116,-0.176753968000412,0.815566062927246,-0.607971429824829,0.253598600625992,-0.519450783729553,-0.544269680976868
-0.623775899410248,-0.176683202385902,0.815610289573669,-0.608182013034821,0.253199577331543,-0.519609987735748,-0.544068038463593
-0.623708605766296,-0.176648736000061,0.815685391426086,-0.608606040477753,0.252583086490631,-0.519456267356873,-0.544027268886566
-0.623720943927765,-0.176630064845085,0.815729022026062,-0.608692348003387,0.25217878818512,-0.51962411403656,-0.543958008289337
-0.623728930950165,-0.176643446087837,0.815789699554443,-0.608818829059601,0.252172023057938,-0.519625544548035,-0.543818056583405
-0.623749196529388,-0.176669672131538,0.815846800804138,-0.608729422092438,0.251904487609863,-0.519854366779327,-0.543823480606079
-0.623756885528564,-0.176718786358833,0.815905451774597,-0.608685433864594,0.251848727464676,-0.519892513751984,-0.543862164020538
-0.623812735080719,-0.176764234900474,0.816002726554871,-0.608325302600861,0.251640498638153,-0.520622968673706,-0.54366272687912
-0.623824656009674,-0.17682708799839,0.816074669361115,-0.608087420463562,0.251558750867844,-0.520725190639496,-0.543868780136108
-0.623824656009674,-0.17682708799839,0.816074669361115,-0.608087420463562,0.251558750867844,-0.520725190639496,-0.543868780136108
-0.6238654255867,-0.176993504166603,0.816208600997925,-0.607604086399078,0.250930726528168,-0.520643591880798,-0.544776558876038
-0.623948574066162,-0.177105233073235,0.816367626190186,-0.607286155223846,0.250760406255722,-0.521394371986389,-0.544491350650787
-0.624140024185181,-0.177142947912216,0.816455841064453,-0.606592953205109,0.250210583209991,-0.522116243839264,-0.544825077056885
-0.624212443828583,-0.177235051989555,0.816620528697968,-0.606590330600739,0.25000849366188,-0.522146821022034,-0.544891178607941
-0.62428742647171,-0.177357047796249,0.816815376281738,-0.606624901294708,0.249582886695862,-0.522284090518951,-0.544916450977325
-0.624382615089417,-0.177476137876511,0.817029774188995,-0.606689691543579,0.249185055494308,-0.522318124771118,-0.544993996620178
-0.624481558799744,-0.177606359124184,0.817252457141876,-0.606789708137512,0.248566776514053,-0.522466719150543,-0.545022308826447
-0.624624073505402,-0.177729532122612,0.817517757415771,-0.606431007385254,0.247924894094467,-0.522757530212402,-0.545434951782227
-0.624774754047394,-0.177840664982796,0.817760586738586,-0.606062471866608,0.24750392138958,-0.522993564605713,-0.545809507369995
-0.624921381473541,-0.177948608994484,0.818017661571503,-0.605859458446503,0.247054770588875,-0.523128569126129,-0.546108782291412
-0.625145316123962,-0.178009554743767,0.818272709846497,-0.605434417724609,0.246108889579773,-0.523698627948761,-0.546460747718811
-0.625268340110779,-0.178119242191315,0.818627238273621,-0.605935573577881,0.246413111686706,-0.522419989109039,-0.546991884708405
-0.625460684299469,-0.178255215287209,0.818972945213318,-0.60558694601059,0.246158555150032,-0.522407412528992,-0.547504127025604
-0.625460684299469,-0.178255215287209,0.818972945213318,-0.60558694601059,0.246158555150032,-0.522407412528992,-0.547504127025604
-0.625923931598663,-0.178572982549667,0.819753170013428,-0.604877591133118,0.246187373995781,-0.522233307361603,-0.54844069480896
-0.625923931598663,-0.178572982549667,0.819753170013428,-0.604877591133118,0.246187373995781,-0.522233307361603,-0.54844069480896
-0.626434862613678,-0.178902626037598,0.820460379123688,-0.603703737258911,0.246859952807426,-0.522069334983826,-0.549586772918701
-0.626712918281555,-0.17907440662384,0.820830166339874,-0.603101253509521,0.246607154607773,-0.522342205047607,-0.550102353096008
-0.627098679542542,-0.179243505001068,0.821227431297302,-0.602535605430603,0.247335404157638,-0.52243560552597,-0.550306379795074
-0.627098679542542,-0.179243505001068,0.821227431297302,-0.602535605430603,0.247335404157638,-0.52243560552597,-0.550306379795074
-0.627839684486389,-0.179520547389984,0.822100579738617,-0.601018309593201,0.247011378407478,-0.52238655090332,-0.55215448141098
-0.628222048282623,-0.179633498191833,0.822567582130432,-0.600190341472626,0.246538087725639,-0.523060083389282,-0.552628934383392
-0.628620684146881,-0.179794430732727,0.823086500167847,-0.600192546844482,0.246706530451775,-0.522177040576935,-0.55338591337204
-0.629052817821503,-0.179960265755653,0.823586881160736,-0.599523186683655,0.245737463235855,-0.522647678852081,-0.554097831249237
-0.629554212093353,-0.180064380168915,0.824080467224121,-0.598620295524597,0.246242433786392,-0.522359251976013,-0.555121123790741
-0.630116820335388,-0.180188685655594,0.824556469917297,-0.597601592540741,0.245772585272789,-0.522453010082245,-0.556337177753448
-0.630116820335388,-0.180188685655594,0.824556469917297,-0.597601592540741,0.245772585272789,-0.522453010082245,-0.556337177753448
-0.631250739097595,-0.180433586239815,0.82544469833374,-0.596372842788696,0.246293917298317,-0.521416842937469,-0.558393478393555
-0.631942629814148,-0.180635496973991,0.825972318649292,-0.595480620861053,0.2473254352808,-0.521385550498962,-0.558918654918671
-0.63256049156189,-0.180787041783333,0.826491951942444,-0.594755291938782,0.247539505362511,-0.521147668361664,-0.559817314147949
-0.633350372314453,-0.180830225348473,0.826959908008575,-0.594476521015167,0.246524780988693,-0.520863115787506,-0.560825049877167
-0.63405978679657,-0.18088461458683,0.827441811561584,-0.593370676040649,0.246522471308708,-0.521065294742584,-0.561808884143829
-0.634774923324585,-0.181003674864769,0.827900767326355,-0.592732965946198,0.24652436375618,-0.520619988441467,-0.562892854213715
-0.635634362697601,-0.181052505970001,0.828238129615784,-0.592520236968994,0.246781766414642,-0.519528925418854,-0.564010977745056
-0.636497855186462,-0.181084126234055,0.828560948371887,-0.591461181640625,0.247603565454483,-0.5194171667099,-0.56486451625824
-0.637273073196411,-0.181146204471588,0.828866004943848,-0.591138243675232,0.247253239154816,-0.51895672082901,-0.56577867269516
-0.638177156448364,-0.181098192930222,0.829166173934937,-0.590983211994171,0.24680583178997,-0.51755702495575,-0.567415535449982
-0.638983368873596,-0.181155428290367,0.82951021194458,-0.591025531291962,0.246718436479568,-0.516257882118225,-0.568591952323914
-0.639968693256378,-0.181159317493439,0.829729676246643,-0.591033935546875,0.247009977698326,-0.514943838119507,-0.569647073745728
-0.640878856182098,-0.181094601750374,0.829919934272766,-0.590521097183228,0.246997565031052,-0.514152824878693,-0.570897698402405
-0.641771554946899,-0.18108294904232,0.830093264579773,-0.590668320655823,0.247430831193924,-0.512658059597015,-0.571900963783264
-0.642691254615784,-0.181010082364082,0.830301403999329,-0.591399610042572,0.246671766042709,-0.510741293430328,-0.57318651676178
-0.643624007701874,-0.180983424186706,0.830491006374359,-0.591639637947083,0.247792437672615,-0.509660303592682,-0.573417723178864
-0.644648671150208,-0.180833652615547,0.830565571784973,-0.591813385486603,0.247592121362686,-0.508139848709106,-0.574672937393188
-0.645574629306793,-0.180702835321426,0.830699920654297,-0.591314613819122,0.247553303837776,-0.507797241210938,-0.575505435466766
-0.646498382091522,-0.180526033043861,0.830789566040039,-0.591961801052094,0.246609628200531,-0.506288230419159,-0.576573491096497
-0.649078607559204,-0.179983094334602,0.830026149749756,-0.587543070316315,0.233269259333611,-0.512659251689911,-0.580998301506042
-0.650092363357544,-0.179734259843826,0.829965829849243,-0.587228953838348,0.232662186026573,-0.512111961841583,-0.582041025161743
-0.650910139083862,-0.179264172911644,0.829889893531799,-0.586532950401306,0.23013462126255,-0.512329041957855,-0.583554625511169
-0.651880502700806,-0.178957268595695,0.829825043678284,-0.586427330970764,0.228186666965485,-0.512240886688232,-0.584502637386322
-0.652686893939972,-0.178723201155663,0.829826474189758,-0.587266266345978,0.2279953956604,-0.510692656040192,-0.585089206695557
-0.653730154037476,-0.178174957633018,0.829678893089294,-0.5857834815979,0.223394796252251,-0.512886226177216,-0.586429953575134
-0.654442310333252,-0.177890866994858,0.82973039150238,-0.585835993289948,0.223380401730537,-0.511863172054291,-0.5872762799263
-0.655301451683044,-0.177618891000748,0.82968145608902,-0.586011946201324,0.222910493612289,-0.5108482837677,-0.588162541389465
-0.656013488769531,-0.17727230489254,0.829676449298859,-0.585632145404816,0.222508400678635,-0.510313987731934,-0.589155972003937
-0.65669584274292,-0.177051901817322,0.829691767692566,-0.586071789264679,0.222301706671715,-0.508961856365204,-0.589965879917145
-0.657483994960785,-0.176759168505669,0.82970142364502,-0.585730850696564,0.222924634814262,-0.508870244026184,-0.590148508548737
-0.657535970211029,-0.177479282021522,0.83040988445282,-0.590596973896027,0.236847579479218,-0.500002026557922,-0.587448954582214
-0.658232271671295,-0.177229464054108,0.830369710922241,-0.590137183666229,0.237712010741234,-0.499529212713242,-0.587963938713074
-0.65878301858902,-0.177040368318558,0.83038330078125,-0.590383589267731,0.237333491444588,-0.498639434576034,-0.588624477386475
-0.65949022769928,-0.177037730813026,0.830424666404724,-0.591193914413452,0.239632040262222,-0.496420443058014,-0.588755548000336
-0.660064935684204,-0.176818996667862,0.830330371856689,-0.590872764587402,0.24081951379776,-0.495753049850464,-0.589155614376068
-0.66066837310791,-0.176632717251778,0.830202341079712,-0.591297209262848,0.242383033037186,-0.494317442178726,-0.589294970035553
-0.661116302013397,-0.176455274224281,0.830065846443176,-0.591229856014252,0.242823034524918,-0.493995726108551,-0.589451014995575
-0.661532938480377,-0.176271438598633,0.829925060272217,-0.591298043727875,0.242951422929764,-0.493723571300507,-0.589557647705078
-0.660703301429749,-0.176227077841759,0.830242037773132,-0.594092667102814,0.251644641160965,-0.488872587680817,-0.587139248847961
-0.661102771759033,-0.176051452755928,0.830041229724884,-0.595021069049835,0.251824706792831,-0.487652659416199,-0.587136268615723
-0.661406695842743,-0.175873026251793,0.829830586910248,-0.595127701759338,0.252134889364242,-0.487539619207382,-0.586989223957062
-0.661680996417999,-0.175698935985565,0.829607665538788,-0.595569252967834,0.252144068479538,-0.487188935279846,-0.586828351020813
-0.661933064460754,-0.175547540187836,0.829374969005585,-0.596362888813019,0.252179741859436,-0.486599057912826,-0.586496531963348
-0.662200331687927,-0.175371512770653,0.829115509986877,-0.596576035022736,0.25158166885376,-0.486508309841156,-0.58661162853241
-0.662412464618683,-0.175292670726776,0.828804850578308,-0.597648441791534,0.252272218465805,-0.48463299870491,-0.5867760181427
-0.662536144256592,-0.175172612071037,0.828518450260162,-0.597853720188141,0.252310246229172,-0.48434916138649,-0.586784839630127
-0.662628889083862,-0.175080969929695,0.828236520290375,-0.597939550876617,0.25256872177124,-0.483994752168655,-0.586878597736359
-0.662608087062836,-0.175033122301102,0.827839016914368,-0.597344696521759,0.252338856458664,-0.48339381814003,-0.588077306747437
-0.662584185600281,-0.174905672669411,0.827493250370026,-0.597027599811554,0.253347516059875,-0.482590615749359,-0.588625013828278
-0.662527740001678,-0.174876287579536,0.827132225036621,-0.597062110900879,0.253748387098312,-0.482182115316391,-0.588752150535583
-0.662523746490479,-0.17485873401165,0.826835513114929,-0.59726756811142,0.255069136619568,-0.482544511556625,-0.587675034999847
-0.662422180175781,-0.174912169575691,0.82646918296814,-0.597261667251587,0.256149560213089,-0.482533514499664,-0.587220191955566
-0.662240207195282,-0.174908608198166,0.826108992099762,-0.597176253795624,0.257618248462677,-0.481918036937714,-0.587169826030731
-0.662005066871643,-0.174925863742828,0.825740098953247,-0.597251355648041,0.258473455905914,-0.481038123369217,-0.587438941001892
-0.661688268184662,-0.174921616911888,0.825395345687866,-0.597035825252533,0.259747445583344,-0.480632871389389,-0.587428033351898
-0.661527633666992,-0.174873605370521,0.824888348579407,-0.59527587890625,0.26199597120285,-0.482265383005142,-0.586877226829529
-0.661217331886292,-0.174819156527519,0.824453592300415,-0.594647288322449,0.262644976377487,-0.48282116651535,-0.586767315864563
-0.660625755786896,-0.174783065915108,0.8241828083992,-0.595107138156891,0.261678576469421,-0.482478559017181,-0.587014734745026
-0.660249590873718,-0.174770548939705,0.823822736740112,-0.595129549503326,0.262639462947845,-0.482454478740692,-0.586582601070404
-0.659800410270691,-0.174708753824234,0.823462009429932,-0.595240592956543,0.263599067926407,-0.48223090171814,-0.586223185062408
-0.659211754798889,-0.174537226557732,0.822999000549316,-0.594115674495697,0.265628844499588,-0.482540905475616,-0.586193084716797
-0.658851981163025,-0.17450849711895,0.822412967681885,-0.593735694885254,0.266861319541931,-0.484083473682404,-0.584744393825531
-0.658113479614258,-0.174311816692352,0.822042226791382,-0.5944664478302,0.266087055206299,-0.482538610696793,-0.585631191730499
-0.657578468322754,-0.174176141619682,0.82156240940094,-0.594432830810547,0.267600744962692,-0.483417809009552,-0.584248781204224
-0.658224284648895,-0.173893287777901,0.820433735847473,-0.59220677614212,0.261026680469513,-0.488023579120636,-0.585652709007263
-0.656289041042328,-0.173952907323837,0.820474088191986,-0.595578670501709,0.268457680940628,-0.483472406864166,-0.582641422748566
-0.655651092529297,-0.173779681324959,0.819900333881378,-0.595948040485382,0.268542408943176,-0.484205812215805,-0.58161473274231
-0.655008852481842,-0.173649325966835,0.819254636764526,-0.59636390209198,0.269265651702881,-0.484860956668854,-0.580306768417358
-0.655008852481842,-0.173649325966835,0.819254636764526,-0.59636390209198,0.269265651702881,-0.484860956668854,-0.580306768417358
-0.653501451015472,-0.173398166894913,0.818054914474487,-0.598740637302399,0.269104659557342,-0.484955251216888,-0.577850162982941
-0.652728915214539,-0.17323562502861,0.817399859428406,-0.599462449550629,0.269894003868103,-0.484910726547241,-0.576770067214966
-0.651875197887421,-0.173214793205261,0.816769957542419,-0.600414395332336,0.270419508218765,-0.48491182923317,-0.575531423091888
-0.651875197887421,-0.173214793205261,0.816769957542419,-0.600414395332336,0.270419508218765,-0.48491182923317,-0.575531423091888
-0.650133073329926,-0.172643408179283,0.815316915512085,-0.599317133426666,0.274407505989075,-0.483986556529999,-0.575566232204437
-0.649105548858643,-0.172493904829025,0.8146812915802,-0.599740505218506,0.276181727647781,-0.483017176389694,-0.575090765953064
-0.648487031459808,-0.172868698835373,0.814261198043823,-0.602141737937927,0.271791368722916,-0.486627459526062,-0.571619272232056
-0.647459864616394,-0.172894015908241,0.813630998134613,-0.602911174297333,0.272338420152664,-0.485951364040375,-0.571122944355011
-0.647459864616394,-0.172894015908241,0.813630998134613,-0.602911174297333,0.272338420152664,-0.485951364040375,-0.571122944355011
-0.645606279373169,-0.17277355492115,0.812441885471344,-0.602594137191772,0.274166136980057,-0.487062811851501,-0.569634020328522
-0.644510686397552,-0.172866284847259,0.81189101934433,-0.602581560611725,0.274994760751724,-0.487939417362213,-0.568496763706207
-0.643592178821564,-0.172889515757561,0.81142270565033,-0.602641642093658,0.275417119264603,-0.488879829645157,-0.567419648170471
-0.64268684387207,-0.172932863235474,0.810768127441406,-0.601553976535797,0.278350293636322,-0.490409880876541,-0.565819919109344
-0.641498506069183,-0.172975420951843,0.810321867465973,-0.60211968421936,0.277253001928329,-0.490439265966415,-0.565731406211853
-0.640331625938416,-0.173097640275955,0.809937596321106,-0.601785957813263,0.278546452522278,-0.490853071212768,-0.565091967582703
-0.639337480068207,-0.173143774271011,0.809435844421387,-0.601219117641449,0.280156463384628,-0.491261214017868,-0.564544320106506
-0.638167917728424,-0.173199132084846,0.809043288230896,-0.600537359714508,0.280817329883575,-0.492732048034668,-0.563659191131592
-0.637217402458191,-0.173349902033806,0.808690905570984,-0.599608182907104,0.282218277454376,-0.494267731904984,-0.562602996826172
-0.636090874671936,-0.173516631126404,0.80834972858429,-0.599406361579895,0.284739017486572,-0.494026035070419,-0.561759829521179
-0.636090874671936,-0.173516631126404,0.80834972858429,-0.599406361579895,0.284739017486572,-0.494026035070419,-0.561759829521179
-0.633990049362183,-0.173795193433762,0.807551860809326,-0.597491204738617,0.286971837282181,-0.497125118970871,-0.559926807880402
-0.633117139339447,-0.173995330929756,0.807076215744019,-0.596689522266388,0.288442373275757,-0.497947871685028,-0.559294760227203
-0.632107555866241,-0.174160450696945,0.806798696517944,-0.59563410282135,0.29035958647728,-0.498920321464539,-0.558560729026794
-0.631173372268677,-0.174279987812042,0.806408166885376,-0.5948326587677,0.291782081127167,-0.499799340963364,-0.557887196540833
-0.630257189273834,-0.174508050084114,0.806013584136963,-0.594079434871674,0.292867809534073,-0.50119411945343,-0.556868493556976
-0.629390716552734,-0.174743562936783,0.805587530136108,-0.593389451503754,0.29413703083992,-0.501491010189056,-0.556667745113373
-0.628646016120911,-0.174911677837372,0.805141925811768,-0.591753363609314,0.296466648578644,-0.502838432788849,-0.555957853794098
-0.62784743309021,-0.175203740596771,0.80475115776062,-0.591659367084503,0.299088925123215,-0.502654016017914,-0.55481892824173
-0.627070128917694,-0.175379544496536,0.804154396057129,-0.589353501796722,0.298649877309799,-0.504252314567566,-0.556057929992676
-0.62641966342926,-0.175615414977074,0.803769588470459,-0.589833557605743,0.301224112510681,-0.504231691360474,-0.554175794124603
-0.62601512670517,-0.175912231206894,0.803065717220306,-0.587862908840179,0.303854823112488,-0.506556391716003,-0.552711546421051
-0.625227272510529,-0.176066994667053,0.802665114402771,-0.58801007270813,0.303975969552994,-0.505825638771057,-0.553157448768616
-0.624897539615631,-0.17634791135788,0.801908850669861,-0.585810363292694,0.305835098028183,-0.50678962469101,-0.553584396839142
-0.624312520027161,-0.176600247621536,0.801413059234619,-0.584965109825134,0.307977139949799,-0.506972193717957,-0.553122997283936
-0.623659253120422,-0.176805287599564,0.800949990749359,-0.584927439689636,0.308903515338898,-0.505764722824097,-0.553751528263092
-0.623602211475372,-0.177057296037674,0.80033951997757,-0.584232747554779,0.312615513801575,-0.506759583950043,-0.551487445831299
-0.623320817947388,-0.177314877510071,0.799728989601135,-0.583782911300659,0.314619898796081,-0.506480872631073,-0.55107969045639
-0.622804820537567,-0.177759855985641,0.799187064170837,-0.583648860454559,0.319076985120773,-0.505272209644318,-0.549767017364502
-0.62262487411499,-0.177967935800552,0.798579216003418,-0.582988619804382,0.319975674152374,-0.505643308162689,-0.54960435628891
-0.622003674507141,-0.177857354283333,0.798227667808533,-0.582683861255646,0.320705145597458,-0.502677202224731,-0.55221688747406
-0.62181681394577,-0.178002700209618,0.797614336013794,-0.582213580608368,0.322607219219208,-0.501613140106201,-0.552572250366211
-0.621735692024231,-0.178170263767242,0.796918928623199,-0.581409871578217,0.324453055858612,-0.501211285591125,-0.552702486515045
-0.62169337272644,-0.178245678544044,0.796257555484772,-0.580111384391785,0.326234638690948,-0.501097679138184,-0.553120970726013
-0.621319949626923,-0.178427472710609,0.79592901468277,-0.581403613090515,0.324358224868774,-0.499242693185806,-0.554543435573578
-0.621267437934875,-0.178659990429878,0.795223534107208,-0.581391155719757,0.326804548501968,-0.497773498296738,-0.554440915584564
-0.622068405151367,-0.178362414240837,0.794186353683472,-0.577644228935242,0.330884754657745,-0.499783962965012,-0.554128527641296
-0.6222163438797,-0.178376004099846,0.793489456176758,-0.576614499092102,0.333138018846512,-0.498964130878448,-0.554589569568634
-0.6222163438797,-0.178376004099846,0.793489456176758,-0.576614499092102,0.333138018846512,-0.498964130878448,-0.554589569568634
-0.622633278369904,-0.17829555273056,0.792052328586578,-0.574951171875,0.337405174970627,-0.49680170416832,-0.555676996707916
-0.622503936290741,-0.17836320400238,0.791764855384827,-0.577048480510712,0.334375023841858,-0.494495362043381,-0.557389378547668
-0.623187661170959,-0.178248658776283,0.790717542171478,-0.574374556541443,0.340904742479324,-0.494537621736526,-0.556156933307648
-0.623550772666931,-0.17818221449852,0.790027260780334,-0.574430346488953,0.343336075544357,-0.492750734090805,-0.556189715862274
-0.623978316783905,-0.178130060434341,0.789380967617035,-0.57433956861496,0.34385547041893,-0.491825014352798,-0.556781649589539
-0.624025821685791,-0.178094789385796,0.789075016975403,-0.576585352420807,0.341140389442444,-0.489165097475052,-0.558471381664276
-0.624555945396423,-0.177852615714073,0.788333535194397,-0.575564861297607,0.343361645936966,-0.488308548927307,-0.558911979198456
-0.624957621097565,-0.177762776613235,0.787676215171814,-0.576634645462036,0.344948083162308,-0.485529601573944,-0.559253454208374
-0.62550950050354,-0.177637964487076,0.786870777606964,-0.576083183288574,0.344699293375015,-0.485995918512344,-0.559570133686066
-0.625974953174591,-0.177668944001198,0.786157011985779,-0.576226830482483,0.349103838205338,-0.481940180063248,-0.560198843479156
-0.626663863658905,-0.177323952317238,0.785581231117249,-0.576895833015442,0.349048882722855,-0.481336921453476,-0.560063302516937
-0.627272665500641,-0.177154928445816,0.784948766231537,-0.577283084392548,0.350047528743744,-0.479484736919403,-0.560629427433014
-0.628102838993073,-0.176803812384605,0.784082889556885,-0.576753795146942,0.350677162408829,-0.478499084711075,-0.561621904373169
-0.628600239753723,-0.17694790661335,0.783693194389343,-0.578038573265076,0.354526221752167,-0.475035101175308,-0.560824513435364
-0.629437565803528,-0.176713332533836,0.783045291900635,-0.577651679515839,0.356024980545044,-0.473618537187576,-0.56147164106369
-0.630068898200989,-0.176661789417267,0.78253298997879,-0.578882813453674,0.356268346309662,-0.471563965082169,-0.561778485774994
-0.630717575550079,-0.176593005657196,0.78200775384903,-0.580045342445374,0.35743048787117,-0.468449532985687,-0.562446594238281
-0.631547212600708,-0.176466777920723,0.78126186132431,-0.579105913639069,0.357876658439636,-0.467045843601227,-0.5642951130867
-0.632111370563507,-0.176583617925644,0.780790686607361,-0.580570638179779,0.360174864530563,-0.464940994977951,-0.563064754009247
-0.633220911026001,-0.17635016143322,0.780359625816345,-0.580711364746094,0.359136044979095,-0.464453876018524,-0.563984394073486
-0.633705794811249,-0.176418140530586,0.779694378376007,-0.581681847572327,0.358981609344482,-0.460831224918365,-0.566050469875336
-0.635675847530365,-0.176273688673973,0.77878475189209,-0.578363835811615,0.366645812988281,-0.462981283664703,-0.562773942947388
-0.636647701263428,-0.176494687795639,0.778546810150146,-0.581800401210785,0.358725428581238,-0.459556519985199,-0.567126393318176
-0.636647701263428,-0.176494687795639,0.778546810150146,-0.581800401210785,0.358725428581238,-0.459556519985199,-0.567126393318176
-0.638236701488495,-0.176499679684639,0.777473449707031,-0.579057514667511,0.369657963514328,-0.457889348268509,-0.56425416469574
-0.637921094894409,-0.176836624741554,0.777637720108032,-0.583907783031464,0.361321985721588,-0.452406734228134,-0.569057464599609
-0.639747738838196,-0.176812723278999,0.776745438575745,-0.580193281173706,0.370493620634079,-0.453793227672577,-0.56584632396698
-0.640519022941589,-0.176889836788177,0.776437819004059,-0.58058625459671,0.370111465454102,-0.452156960964203,-0.567002058029175
-0.640861093997955,-0.176998496055603,0.776310801506042,-0.581745386123657,0.369257807731628,-0.448571413755417,-0.569214046001434
-0.641205072402954,-0.177333638072014,0.776384353637695,-0.584892153739929,0.363821268081665,-0.445735514163971,-0.571712493896484
-0.641923904418945,-0.177664339542389,0.776092767715454,-0.585437297821045,0.364766448736191,-0.44370499253273,-0.572131514549255
-0.641923904418945,-0.177664339542389,0.776092767715454,-0.585437297821045,0.364766448736191,-0.44370499253273,-0.572131514549255
-0.643644452095032,-0.176947861909866,0.774399995803833,-0.574372708797455,0.384696155786514,-0.437110424041748,-0.575360357761383
-0.644451498985291,-0.177305459976196,0.774299025535583,-0.575049638748169,0.383941769599914,-0.436458081007004,-0.575683176517487
-0.644997298717499,-0.177680537104607,0.774110198020935,-0.575134754180908,0.383047729730606,-0.434357285499573,-0.577778697013855
-0.645869731903076,-0.178032204508781,0.773984313011169,-0.576189756393433,0.383178412914276,-0.433065563440323,-0.577610492706299
-0.646618247032166,-0.178495839238167,0.773938179016113,-0.576770901679993,0.382240295410156,-0.432557582855225,-0.578032672405243
-0.64722204208374,-0.178579747676849,0.773573398590088,-0.574318051338196,0.386181384325027,-0.430508077144623,-0.579383909702301
-0.647870004177094,-0.177564844489098,0.77263355255127,-0.56340754032135,0.402504861354828,-0.422411292791367,-0.584919452667236
-0.648516178131104,-0.178006902337074,0.772506535053253,-0.563979029655457,0.403040915727615,-0.422451585531235,-0.583969712257385
-0.648927807807922,-0.178794428706169,0.772352814674377,-0.565950095653534,0.400310307741165,-0.422743529081345,-0.58372974395752
-0.649817645549774,-0.179940953850746,0.772942423820496,-0.57312536239624,0.387830138206482,-0.426334798336029,-0.58254063129425
-0.651350975036621,-0.181393265724182,0.773577868938446,-0.580777704715729,0.374156147241592,-0.434360593557358,-0.577958106994629
-0.651897192001343,-0.181729912757874,0.773474335670471,-0.580613076686859,0.374788790941238,-0.432934820652008,-0.578782439231873
-0.652363419532776,-0.182045966386795,0.773395419120789,-0.580209076404572,0.375198483467102,-0.432482570409775,-0.579260289669037
-0.652808010578156,-0.182372555136681,0.773202180862427,-0.57909893989563,0.374160170555115,-0.432342112064362,-0.581144511699677
-0.653357148170471,-0.182707339525223,0.773044109344482,-0.578600108623505,0.374943166971207,-0.431831121444702,-0.581516742706299
-0.653901278972626,-0.182938829064369,0.773037075996399,-0.578826248645782,0.375899493694305,-0.431260287761688,-0.581097543239594
-0.655257701873779,-0.18304730951786,0.772482395172119,-0.577298581600189,0.37307071685791,-0.432956725358963,-0.58317506313324
-0.654796063899994,-0.18346531689167,0.773086309432983,-0.581334292888641,0.367181092500687,-0.427860647439957,-0.586654841899872
-0.65517783164978,-0.183862134814262,0.773226797580719,-0.582147181034088,0.368829905986786,-0.425616711378097,-0.586446702480316
-0.654421210289001,-0.183921128511429,0.773463726043701,-0.58265495300293,0.368861705064774,-0.424572885036469,-0.586679041385651
-0.655989408493042,-0.18392650783062,0.772719740867615,-0.577151536941528,0.378067135810852,-0.428564548492432,-0.583347141742706
-0.656260967254639,-0.184134855866432,0.77272355556488,-0.577118217945099,0.379164427518845,-0.427642047405243,-0.583345055580139
-0.656596064567566,-0.184249758720398,0.772630929946899,-0.576871514320374,0.379721969366074,-0.427468001842499,-0.583353817462921
-0.656820476055145,-0.184456676244736,0.772470355033875,-0.576506197452545,0.379802048206329,-0.426268577575684,-0.584539175033569
-0.65708315372467,-0.184590771794319,0.772348761558533,-0.576549053192139,0.380500435829163,-0.425760358572006,-0.584413170814514
-0.657417833805084,-0.184635072946548,0.772199392318726,-0.576405942440033,0.380454450845718,-0.425869435071945,-0.584504902362823
-0.657667636871338,-0.184694394469261,0.772051215171814,-0.576322615146637,0.381069630384445,-0.425684720277786,-0.584320604801178
-0.657948970794678,-0.184739232063293,0.772001624107361,-0.577044904232025,0.381845831871033,-0.425742954015732,-0.583057343959808
-0.658138334751129,-0.184780463576317,0.771862506866455,-0.577162981033325,0.382281810045242,-0.425530552864075,-0.582809805870056
-0.658334374427795,-0.184824213385582,0.77170205116272,-0.577314257621765,0.38241982460022,-0.425742477178574,-0.582414567470551
-0.658512115478516,-0.184883430600166,0.771576762199402,-0.577718615531921,0.382714241743088,-0.425634652376175,-0.581898808479309
-0.658654510974884,-0.184916645288467,0.771443247795105,-0.577943444252014,0.383097887039185,-0.425592005252838,-0.58145409822464
-0.65877491235733,-0.184987798333168,0.771288394927979,-0.578480899333954,0.383669286966324,-0.424977004528046,-0.580992579460144
-0.65877491235733,-0.184987798333168,0.771288394927979,-0.578480899333954,0.383669286966324,-0.424977004528046,-0.580992579460144
-0.65896213054657,-0.185112372040749,0.771013259887695,-0.579541683197021,0.383621126413345,-0.424330472946167,-0.580439507961273
-0.659043312072754,-0.185204282402992,0.770907640457153,-0.580127358436584,0.383398592472076,-0.424151688814163,-0.580131947994232
-0.659104585647583,-0.185298442840576,0.770782113075256,-0.580571472644806,0.383496522903442,-0.423890948295593,-0.579813718795776
-0.65919041633606,-0.185404404997826,0.770618796348572,-0.581367254257202,0.383015096187591,-0.423366606235504,-0.579717576503754
-0.659209787845612,-0.185580924153328,0.770492255687714,-0.581925332546234,0.383357137441635,-0.423006623983383,-0.579194068908691
-0.659216642379761,-0.185729637742043,0.770380318164825,-0.582258701324463,0.383394598960876,-0.422867625951767,-0.578935623168945
-0.65919953584671,-0.185959294438362,0.770269513130188,-0.582840085029602,0.382933527231216,-0.423035472631454,-0.578532993793488
-0.659181475639343,-0.186188846826553,0.770176291465759,-0.583389818668365,0.382857769727707,-0.422749042510986,-0.578238308429718
-0.659148156642914,-0.186476558446884,0.770105838775635,-0.584056556224823,0.382469177246094,-0.42266371846199,-0.57788473367691
-0.659153759479523,-0.186901524662971,0.77010977268219,-0.585469603538513,0.380743235349655,-0.423349171876907,-0.577092289924622
-0.659055352210999,-0.187180250883102,0.770024657249451,-0.585703253746033,0.38036972284317,-0.423347592353821,-0.577102661132812
-0.65890896320343,-0.187539041042328,0.769871056079865,-0.585584461688995,0.379516780376434,-0.422976016998291,-0.578056335449219
-0.658770024776459,-0.187883704900741,0.769829869270325,-0.585765659809113,0.37935209274292,-0.423180162906647,-0.577831506729126
-0.658652305603027,-0.188304871320724,0.76975429058075,-0.585814476013184,0.379963546991348,-0.423034727573395,-0.577486634254456
-0.658620059490204,-0.188702911138534,0.769817471504211,-0.586398661136627,0.380371302366257,-0.423634767532349,-0.576184093952179
-0.658476114273071,-0.189171761274338,0.769830584526062,-0.586697995662689,0.380432903766632,-0.423577845096588,-0.575880467891693
-0.658289968967438,-0.189634382724762,0.769871950149536,-0.586775779724121,0.380626499652862,-0.423882007598877,-0.575449287891388
-0.658006966114044,-0.190159142017365,0.769952774047852,-0.587073504924774,0.379580080509186,-0.424155443906784,-0.575635313987732
-0.657694101333618,-0.190754890441895,0.770022034645081,-0.587976098060608,0.378168433904648,-0.424029678106308,-0.575735569000244
-0.657322406768799,-0.191402450203896,0.76997321844101,-0.587197005748749,0.377815395593643,-0.424679309129715,-0.576283633708954
-0.657082200050354,-0.192025735974312,0.770015954971313,-0.587318778038025,0.377867490053177,-0.425399035215378,-0.575593948364258
-0.656847357749939,-0.192613840103149,0.770040035247803,-0.587056756019592,0.37736976146698,-0.426414549350739,-0.575436353683472
-0.656430780887604,-0.193235233426094,0.77012312412262,-0.587211728096008,0.376774877309799,-0.426909267902374,-0.575301349163055
-0.656098604202271,-0.194025248289108,0.77033406496048,-0.588913917541504,0.376534789800644,-0.427431523799896,-0.573327302932739
-0.655559778213501,-0.194780081510544,0.770392715930939,-0.588452994823456,0.375042855739594,-0.427997261285782,-0.574355602264404
-0.655280113220215,-0.195505157113075,0.770394921302795,-0.588471055030823,0.374069690704346,-0.429366320371628,-0.573949694633484
-0.654798030853271,-0.196221336722374,0.770464301109314,-0.588461697101593,0.372773885726929,-0.430510401725769,-0.573945462703705
-0.653427481651306,-0.195891261100769,0.770045280456543,-0.58238559961319,0.385126411914825,-0.422599673271179,-0.57785302400589
-0.652830362319946,-0.19682589173317,0.770175218582153,-0.582391500473022,0.384220451116562,-0.422981411218643,-0.578170955181122
-0.652379512786865,-0.197476863861084,0.770171403884888,-0.581998527050018,0.383141219615936,-0.42371740937233,-0.578743636608124
-0.651767194271088,-0.198260307312012,0.77007532119751,-0.581364274024963,0.382430195808411,-0.425373524427414,-0.578636467456818
-0.651149153709412,-0.199250712990761,0.770313262939453,-0.582735776901245,0.380482733249664,-0.426536440849304,-0.577683806419373
-0.65073949098587,-0.200076460838318,0.7704958319664,-0.5831578373909,0.380450457334518,-0.427805721759796,-0.57633900642395
-0.650059103965759,-0.200745388865471,0.770374417304993,-0.581878840923309,0.381146311759949,-0.428790807723999,-0.57643985748291
-0.650175094604492,-0.202665165066719,0.771200776100159,-0.58989953994751,0.36799094080925,-0.43670579791069,-0.570867121219635
-0.649567365646362,-0.203486725687981,0.771137654781342,-0.589217782020569,0.36752912402153,-0.4383465051651,-0.570611238479614
-0.648963689804077,-0.204272091388702,0.771177887916565,-0.589365780353546,0.366608709096909,-0.440351545810699,-0.569505512714386
-0.648185193538666,-0.205068290233612,0.771343231201172,-0.589881300926208,0.365483552217484,-0.441369414329529,-0.568906724452972
-0.647471964359283,-0.205820918083191,0.771430194377899,-0.590324759483337,0.364132970571518,-0.442154079675674,-0.568703591823578
-0.646725475788116,-0.206475436687469,0.771534323692322,-0.590081870555878,0.363859862089157,-0.443545579910278,-0.568046510219574
-0.645575344562531,-0.207105129957199,0.771736919879913,-0.591706871986389,0.360441476106644,-0.442949712276459,-0.568999528884888
-0.645077705383301,-0.207769930362701,0.771703839302063,-0.591338455677032,0.359494477510452,-0.446388930082321,-0.567291378974915
-0.644306838512421,-0.208377718925476,0.771810412406921,-0.591338932514191,0.359781444072723,-0.447562903165817,-0.566183030605316
-0.643087685108185,-0.208936721086502,0.772073090076447,-0.592998385429382,0.356591671705246,-0.447068363428116,-0.566855609416962
-0.642307758331299,-0.211010292172432,0.772759795188904,-0.597068190574646,0.370994329452515,-0.438793510198593,-0.559761762619019
-0.641631901264191,-0.21047642827034,0.772171318531036,-0.593935787677765,0.359671622514725,-0.448967933654785,-0.562409341335297
-0.640836715698242,-0.210562407970428,0.772257208824158,-0.593644917011261,0.35434553027153,-0.452018737792969,-0.563652396202087
-0.640031814575195,-0.211189359426498,0.772574305534363,-0.594623446464539,0.353377670049667,-0.45307856798172,-0.562376320362091
-0.638756632804871,-0.21164008975029,0.772962927818298,-0.596242964267731,0.351692974567413,-0.451842665672302,-0.562711894512177
-0.638336896896362,-0.212117090821266,0.772983610630035,-0.595567286014557,0.351878374814987,-0.45512792468071,-0.560660123825073
-0.637064158916473,-0.212493062019348,0.773320555686951,-0.597104489803314,0.349034547805786,-0.454416662454605,-0.561379432678223
-0.636485695838928,-0.213027909398079,0.773398518562317,-0.596881866455078,0.349294722080231,-0.457254409790039,-0.559145510196686
-0.636485695838928,-0.213027909398079,0.773398518562317,-0.596881866455078,0.349294722080231,-0.457254409790039,-0.559145510196686
-0.634629368782043,-0.213846608996391,0.773931920528412,-0.596937298774719,0.347704172134399,-0.459135740995407,-0.558535754680634
-0.633223235607147,-0.214373931288719,0.774395525455475,-0.598873198032379,0.34646075963974,-0.457144796848297,-0.558868944644928
-0.632448077201843,-0.2145024985075,0.774507999420166,-0.597661435604095,0.344430416822433,-0.460280954837799,-0.55884712934494
-0.631582915782928,-0.214829564094543,0.77474719285965,-0.598215639591217,0.342814534902573,-0.461230099201202,-0.558465003967285
-0.630533695220947,-0.215191289782524,0.775032758712769,-0.598289430141449,0.342273890972137,-0.462630361318588,-0.557558655738831
-0.629555583000183,-0.215684548020363,0.775384068489075,-0.599035084247589,0.343730598688126,-0.462753564119339,-0.555756688117981
-0.628531992435455,-0.215933948755264,0.775639772415161,-0.599282026290894,0.343601316213608,-0.463469624519348,-0.554973185062408
-0.627653479576111,-0.216131061315536,0.775824844837189,-0.599075376987457,0.343190342187881,-0.465040296316147,-0.554135978221893
-0.626611828804016,-0.216406404972076,0.776044368743896,-0.600330054759979,0.341604024171829,-0.465764790773392,-0.553149104118347
-0.62582266330719,-0.216301202774048,0.776180267333984,-0.599556803703308,0.337702542543411,-0.46963632106781,-0.553109705448151
-0.624891519546509,-0.216397777199745,0.77637791633606,-0.600017547607422,0.337378054857254,-0.470570296049118,-0.552013278007507
-0.623872041702271,-0.216648757457733,0.776640951633453,-0.600634694099426,0.338385879993439,-0.471223145723343,-0.550165295600891
-0.622935354709625,-0.216698288917542,0.77677458524704,-0.601276159286499,0.336458295583725,-0.473140269517899,-0.549000203609467
-0.622022867202759,-0.216760486364365,0.776824355125427,-0.601762235164642,0.335624575614929,-0.474785268306732,-0.547555804252625
-0.622022867202759,-0.216760486364365,0.776824355125427,-0.601762235164642,0.335624575614929,-0.474785268306732,-0.547555804252625
-0.620154798030853,-0.21662712097168,0.776991605758667,-0.602817893028259,0.332956701517105,-0.477200537919998,-0.545921444892883
-0.619360983371735,-0.216324031352997,0.776983380317688,-0.602916955947876,0.328980207443237,-0.479826122522354,-0.545921266078949
-0.618120849132538,-0.216638639569283,0.777256965637207,-0.605227112770081,0.33123368024826,-0.478340953588486,-0.543299615383148
-0.617369413375854,-0.216366082429886,0.777427792549133,-0.606002569198608,0.328867763280868,-0.479466497898102,-0.542880177497864
-0.616272687911987,-0.216235458850861,0.777213156223297,-0.609264135360718,0.329652041196823,-0.478102415800095,-0.539948999881744
-0.61551833152771,-0.216009631752968,0.777462005615234,-0.607995510101318,0.327664524316788,-0.480549335479736,-0.540416598320007
-0.614453315734863,-0.215830057859421,0.777309060096741,-0.609257280826569,0.326821029186249,-0.480326503515243,-0.539703786373138
-0.614002883434296,-0.215446814894676,0.777657151222229,-0.607838928699493,0.325158447027206,-0.483899295330048,-0.539115369319916
-0.613368690013885,-0.215293899178505,0.777652025222778,-0.60861074924469,0.324852645397186,-0.485224843025208,-0.53723418712616
-0.612208366394043,-0.214910849928856,0.777994155883789,-0.609807670116425,0.322663187980652,-0.484704732894897,-0.537665963172913
-0.611356914043427,-0.214630469679832,0.778162062168121,-0.611051619052887,0.321828186511993,-0.485052317380905,-0.536439001560211
-0.610398530960083,-0.214345127344131,0.778099596500397,-0.610279083251953,0.32080352306366,-0.485598355531693,-0.537437319755554
-0.610398530960083,-0.214345127344131,0.778099596500397,-0.610279083251953,0.32080352306366,-0.485598355531693,-0.537437319755554
-0.608722269535065,-0.213664934039116,0.778448045253754,-0.611552119255066,0.318476617336273,-0.487252354621887,-0.535875022411346
-0.608204782009125,-0.21304626762867,0.778475761413574,-0.610998392105103,0.313962608575821,-0.490223318338394,-0.536460161209106
-0.6074498295784,-0.212629050016403,0.778899312019348,-0.613224565982819,0.313633352518082,-0.490156292915344,-0.534169137477875
-0.606743037700653,-0.212219372391701,0.779305577278137,-0.612396895885468,0.313205242156982,-0.492093145847321,-0.533588528633118
-0.605977237224579,-0.211901515722275,0.779215157032013,-0.611492514610291,0.31225973367691,-0.493663012981415,-0.533729910850525
-0.605478525161743,-0.211611434817314,0.779602408409119,-0.612592339515686,0.312704056501388,-0.495880097150803,-0.530141472816467
-0.604565858840942,-0.211238026618957,0.780018925666809,-0.612853050231934,0.312292188405991,-0.496680855751038,-0.52933257818222
-0.603774905204773,-0.21084988117218,0.780385613441467,-0.613170325756073,0.310840278863907,-0.497855842113495,-0.528715550899506
-0.601960301399231,-0.211132124066353,0.781047821044922,-0.615398526191711,0.319146066904068,-0.492281705141068,-0.526392936706543
-0.601603627204895,-0.210743770003319,0.781607031822205,-0.616648614406586,0.319731295108795,-0.493446946144104,-0.523475408554077
-0.601451933383942,-0.209853544831276,0.781837463378906,-0.614295721054077,0.312789291143417,-0.498706698417664,-0.52544778585434
-0.600862503051758,-0.209550425410271,0.782190501689911,-0.614040732383728,0.312439441680908,-0.499761611223221,-0.52495151758194
-0.600173771381378,-0.209192976355553,0.78281044960022,-0.614691138267517,0.310596853494644,-0.499534368515015,-0.52549946308136
-0.600025653839111,-0.208750441670418,0.783108711242676,-0.612887859344482,0.307373523712158,-0.503192961215973,-0.52601033449173
-0.599763989448547,-0.208433836698532,0.783295035362244,-0.611583709716797,0.305421233177185,-0.506663620471954,-0.52533358335495
-0.598107159137726,-0.208127588033676,0.784125685691833,-0.611511409282684,0.309385687112808,-0.506768465042114,-0.522991478443146
-0.598107159137726,-0.208127588033676,0.784125685691833,-0.611511409282684,0.309385687112808,-0.506768465042114,-0.522991478443146
-0.596528291702271,-0.207622036337852,0.785471320152283,-0.611184179782867,0.307601928710938,-0.507647693157196,-0.523573100566864
-0.596027135848999,-0.207392334938049,0.786035537719727,-0.609987020492554,0.307514995336533,-0.509428679943085,-0.523290455341339
-0.595827162265778,-0.207255125045776,0.786464810371399,-0.608526885509491,0.308453470468521,-0.511638224124908,-0.522281587123871
-0.595332741737366,-0.207111269235611,0.787095606327057,-0.60733962059021,0.30801323056221,-0.513644278049469,-0.52195405960083
-0.5948765873909,-0.20705683529377,0.787749171257019,-0.606559693813324,0.309096306562424,-0.514562010765076,-0.521316468715668
-0.594034552574158,-0.207124575972557,0.788823127746582,-0.607024848461151,0.311352014541626,-0.512947559356689,-0.521023452281952
-0.593702733516693,-0.207041203975677,0.789441823959351,-0.605773627758026,0.311230182647705,-0.514110445976257,-0.521406173706055
-0.593903303146362,-0.206799104809761,0.789749979972839,-0.602404713630676,0.308866113424301,-0.519423544406891,-0.521449208259583
-0.593698263168335,-0.206752270460129,0.790454626083374,-0.601337790489197,0.308984369039536,-0.520535469055176,-0.521502017974854
-0.593237936496735,-0.206991866230965,0.791437447071075,-0.601470589637756,0.313559859991074,-0.518837869167328,-0.520308196544647
-0.592906475067139,-0.206865280866623,0.792293071746826,-0.600879967212677,0.312505751848221,-0.518667697906494,-0.521792411804199
-0.593117356300354,-0.206911534070969,0.792868137359619,-0.598934054374695,0.313809782266617,-0.521132171154022,-0.520790576934814
-0.593126237392426,-0.206862062215805,0.793649673461914,-0.597775340080261,0.313241183757782,-0.522036492824554,-0.521557807922363
-0.592993199825287,-0.2068040817976,0.794594645500183,-0.597322583198547,0.312283545732498,-0.522216379642487,-0.522470057010651
-0.593157291412354,-0.206903532147408,0.795411229133606,-0.596495628356934,0.312440305948257,-0.523041725158691,-0.522495448589325
-0.593597650527954,-0.206873655319214,0.796009004116058,-0.594113528728485,0.31293523311615,-0.52547287940979,-0.522473990917206
-0.593842446804047,-0.206867247819901,0.796761155128479,-0.593317091464996,0.312716245651245,-0.525799632072449,-0.523180902004242
-0.594300746917725,-0.206573069095611,0.797497749328613,-0.591949462890625,0.307527005672455,-0.527373373508453,-0.526213347911835
-0.594731092453003,-0.2066330909729,0.798245668411255,-0.591549932956696,0.306844741106033,-0.527558028697968,-0.526875376701355
-0.595198273658752,-0.206620171666145,0.799006223678589,-0.590822637081146,0.306598544120789,-0.527678847312927,-0.527713060379028
-0.595692276954651,-0.206686735153198,0.799832403659821,-0.5905442237854,0.305794417858124,-0.527421832084656,-0.528747260570526
-0.596025168895721,-0.20709379017353,0.800753355026245,-0.591809093952179,0.309414178133011,-0.524688482284546,-0.527945816516876
-0.59724634885788,-0.20691591501236,0.801011979579926,-0.58937931060791,0.305644243955612,-0.527705430984497,-0.529849708080292
-0.597813129425049,-0.206890121102333,0.801823556423187,-0.588813841342926,0.305097848176956,-0.526709973812103,-0.531780183315277
-0.598578929901123,-0.206964030861854,0.802514851093292,-0.587656438350677,0.304975211620331,-0.526958286762238,-0.532883644104004
-0.599491834640503,-0.207044869661331,0.803128659725189,-0.587823927402496,0.304107695817947,-0.526114821434021,-0.534026861190796
-0.600391507148743,-0.207141175866127,0.803735554218292,-0.587368249893188,0.303403437137604,-0.525782763957977,-0.535254597663879
-0.601516425609589,-0.207396894693375,0.804143249988556,-0.586104989051819,0.305205702781677,-0.525605142116547,-0.535788893699646
-0.602446615695953,-0.207340940833092,0.80477374792099,-0.585825741291046,0.30356153845787,-0.52460128068924,-0.53800767660141
-0.603431582450867,-0.20747634768486,0.805283010005951,-0.585174977779388,0.302995204925537,-0.523741245269775,-0.539869904518127
-0.6048224568367,-0.207594811916351,0.805607199668884,-0.582652270793915,0.30399540066719,-0.524244070053101,-0.541545331478119
-0.605827510356903,-0.207602903246879,0.806333065032959,-0.584795832633972,0.303407669067383,-0.521621704101562,-0.542096376419067
-0.607061505317688,-0.207607075572014,0.806681871414185,-0.583151936531067,0.303053170442581,-0.521628439426422,-0.544055640697479
-0.608395159244537,-0.207717880606651,0.807205736637115,-0.582992315292358,0.304387778043747,-0.520224690437317,-0.544825375080109
-0.609965920448303,-0.207723885774612,0.807454764842987,-0.582140922546387,0.304703414440155,-0.520251154899597,-0.545533359050751
-0.610749065876007,-0.207728549838066,0.807725369930267,-0.583712637424469,0.302633196115494,-0.516441941261292,-0.54861706495285
-0.612232267856598,-0.207872807979584,0.808621287345886,-0.583621144294739,0.30779567360878,-0.514602482318878,-0.547569632530212
-0.613883137702942,-0.207628890872002,0.808670699596405,-0.583126366138458,0.303813457489014,-0.515102446079254,-0.549845814704895
-0.615263402462006,-0.207504108548164,0.808940291404724,-0.581831753253937,0.30281662940979,-0.514084041118622,-0.552712976932526
-0.616757452487946,-0.207473665475845,0.809173464775085,-0.580118000507355,0.303459793329239,-0.512555480003357,-0.555573761463165
-0.617853701114655,-0.207719534635544,0.809479117393494,-0.584430158138275,0.308304816484451,-0.506920993328094,-0.553552806377411
-0.61974686384201,-0.207324087619781,0.809439241886139,-0.58292430639267,0.304704517126083,-0.507900238037109,-0.556229948997498
-0.621786832809448,-0.207196831703186,0.809556722640991,-0.579256236553192,0.305711776018143,-0.509361445903778,-0.558169722557068
-0.62334805727005,-0.207047268748283,0.809751629829407,-0.578917741775513,0.305589318275452,-0.50800347328186,-0.559823095798492
-0.625058054924011,-0.206727474927902,0.809822499752045,-0.57862251996994,0.305147409439087,-0.506544888019562,-0.561688125133514
-0.626523673534393,-0.206427946686745,0.810072660446167,-0.579121291637421,0.303589314222336,-0.503820776939392,-0.564461350440979
-0.628491699695587,-0.206278249621391,0.810201287269592,-0.580069005489349,0.305393606424332,-0.502979397773743,-0.563264191150665
-0.629731178283691,-0.205981060862541,0.810193538665771,-0.582359492778778,0.305269092321396,-0.497749269008636,-0.565609335899353
-0.631450653076172,-0.205542281270027,0.810501337051392,-0.57922488451004,0.30359211564064,-0.497077316045761,-0.570302248001099
-0.633065938949585,-0.205191135406494,0.810419678688049,-0.582288444042206,0.305801838636398,-0.49228498339653,-0.570158660411835
-0.634861886501312,-0.204837575554848,0.810542345046997,-0.579260349273682,0.303902149200439,-0.492694199085236,-0.573893308639526
-0.636623024940491,-0.204472303390503,0.810519814491272,-0.579116523265839,0.304837316274643,-0.490745604038239,-0.575210452079773
-0.638357222080231,-0.204153671860695,0.810513973236084,-0.579443335533142,0.304277896881104,-0.488997727632523,-0.576664388179779
-0.639535844326019,-0.203124463558197,0.810009062290192,-0.575114607810974,0.313844382762909,-0.482273131608963,-0.581513345241547
-0.641501069068909,-0.203469604253769,0.810423791408539,-0.582829713821411,0.306345760822296,-0.482426285743713,-0.577690899372101
-0.643119692802429,-0.20309154689312,0.810396492481232,-0.58289760351181,0.305475533008575,-0.480843156576157,-0.579400420188904
-0.644823849201202,-0.202642247080803,0.810340285301208,-0.582506716251373,0.305586725473404,-0.479186147451401,-0.58110511302948
-0.646373629570007,-0.202236443758011,0.810278952121735,-0.583161413669586,0.305782705545425,-0.476652562618256,-0.582427799701691
-0.64802622795105,-0.201736927032471,0.810309052467346,-0.580025434494019,0.306549310684204,-0.476259499788284,-0.585470020771027
-0.64959716796875,-0.201304331421852,0.810187458992004,-0.579669892787933,0.306612282991409,-0.474790275096893,-0.58698046207428
-0.65122002363205,-0.200836658477783,0.810105562210083,-0.580075562000275,0.306634485721588,-0.472798198461533,-0.588174879550934
-0.652747869491577,-0.200380921363831,0.80995786190033,-0.579965949058533,0.307277202606201,-0.470975905656815,-0.589408218860626
-0.654145777225494,-0.199942052364349,0.809878349304199,-0.580285251140594,0.308376252651215,-0.468742996454239,-0.590299546718597
-0.655618786811829,-0.199413612484932,0.809807002544403,-0.579900145530701,0.309161931276321,-0.467711329460144,-0.591084718704224
-0.656985223293304,-0.19890658557415,0.809770464897156,-0.580115377902985,0.308347225189209,-0.466281354427338,-0.59242707490921
-0.658425748348236,-0.198347121477127,0.809573531150818,-0.579889535903931,0.310158729553223,-0.464396864175797,-0.593182384967804
-0.659603238105774,-0.197952702641487,0.809393644332886,-0.583292603492737,0.313163697719574,-0.46034425497055,-0.591423332691193
-0.660852670669556,-0.197441801428795,0.809338748455048,-0.583872735500336,0.311907291412354,-0.458865344524383,-0.592662692070007
-0.661794304847717,-0.196871638298035,0.809585392475128,-0.585269510746002,0.309254139661789,-0.456407815217972,-0.59456992149353
-0.663271248340607,-0.196408644318581,0.809325397014618,-0.584188520908356,0.314054310321808,-0.455570638179779,-0.593758404254913
-0.664517521858215,-0.195858255028725,0.809242725372314,-0.584209203720093,0.313776016235352,-0.455020934343338,-0.594306588172913
-0.665640652179718,-0.195369616150856,0.809167385101318,-0.584441006183624,0.314933151006699,-0.453199684619904,-0.594857811927795
-0.666676759719849,-0.194741606712341,0.809120893478394,-0.584560096263885,0.313936352729797,-0.452496230602264,-0.59580260515213
-0.667638003826141,-0.194321915507317,0.809099435806274,-0.585201680660248,0.314962118864059,-0.450936883687973,-0.595813572406769
-0.668117463588715,-0.19285674393177,0.80819308757782,-0.577936410903931,0.329489350318909,-0.443259298801422,-0.600789189338684
-0.668117463588715,-0.19285674393177,0.80819308757782,-0.577936410903931,0.329489350318909,-0.443259298801422,-0.600789189338684
-0.670373320579529,-0.193033888936043,0.809093117713928,-0.586392819881439,0.315052688121796,-0.447062075138092,-0.597512125968933
-0.671305954456329,-0.192529827356339,0.809196591377258,-0.583405733108521,0.314238876104355,-0.448027402162552,-0.600136041641235
-0.671430230140686,-0.191273391246796,0.80821704864502,-0.579308569431305,0.329140156507492,-0.439217805862427,-0.602624535560608
-0.672068119049072,-0.190978199243546,0.808131814002991,-0.579834342002869,0.329900145530701,-0.43749263882637,-0.602957904338837
-0.673242747783661,-0.19177682697773,0.808937430381775,-0.587894439697266,0.316483587026596,-0.442888706922531,-0.598387897014618
-0.673842012882233,-0.191512495279312,0.808822631835938,-0.587614715099335,0.316134005784988,-0.442401766777039,-0.599207043647766
-0.673871755599976,-0.190370678901672,0.807875633239746,-0.579902648925781,0.330366671085358,-0.435806334018707,-0.603857398033142
-0.674855053424835,-0.19119119644165,0.808667778968811,-0.587159335613251,0.317553907632828,-0.440702319145203,-0.600154340267181
-0.675237596035004,-0.191104352474213,0.808625280857086,-0.586920142173767,0.317880660295486,-0.440137565135956,-0.600629448890686
-0.675083339214325,-0.189898401498795,0.807883501052856,-0.5760138630867,0.330032974481583,-0.435003727674484,-0.608324110507965
-0.675392687320709,-0.18976990878582,0.807798385620117,-0.575181424617767,0.32972651720047,-0.435058385133743,-0.609238147735596
-0.675392687320709,-0.18976990878582,0.807798385620117,-0.575181424617767,0.32972651720047,-0.435058385133743,-0.609238147735596
-0.675710022449493,-0.189664021134376,0.807745337486267,-0.573879778385162,0.330332845449448,-0.434594392776489,-0.610466957092285
-0.675797462463379,-0.18963722884655,0.807751774787903,-0.573097229003906,0.330728113651276,-0.434514909982681,-0.611044347286224
-0.675827443599701,-0.189596816897392,0.807767391204834,-0.572308123111725,0.331189334392548,-0.434604525566101,-0.611470282077789
-0.675752818584442,-0.189532428979874,0.807770848274231,-0.571238160133362,0.332364857196808,-0.434327751398086,-0.612029373645782
-0.675660014152527,-0.189493149518967,0.807804107666016,-0.570473551750183,0.332708537578583,-0.434531778097153,-0.612411141395569
-0.675506591796875,-0.189477950334549,0.807852923870087,-0.570020496845245,0.333145827054977,-0.434710800647736,-0.61246794462204
-0.675247251987457,-0.189480155706406,0.807954430580139,-0.569677889347076,0.334120482206345,-0.434896469116211,-0.612123966217041
-0.674977600574493,-0.189452439546585,0.807973563671112,-0.568868935108185,0.333886653184891,-0.435924291610718,-0.612272679805756
-0.674684584140778,-0.189405828714371,0.808010458946228,-0.568257868289948,0.333562403917313,-0.437003493309021,-0.61224764585495
-0.674349009990692,-0.189382255077362,0.808070600032806,-0.567871510982513,0.33312126994133,-0.438152521848679,-0.612025022506714
-0.673842251300812,-0.19119082391262,0.809029221534729,-0.572007834911346,0.353316932916641,-0.427403748035431,-0.60440057516098
-0.67345654964447,-0.189311519265175,0.808188557624817,-0.567094385623932,0.330871015787125,-0.441525399684906,-0.611542165279388
-0.674548625946045,-0.188703700900078,0.807306408882141,-0.563621699810028,0.317449599504471,-0.450031161308289,-0.615652799606323
-0.674202561378479,-0.18865755200386,0.80719655752182,-0.562265932559967,0.315510272979736,-0.452795714139938,-0.615862250328064
-0.674202561378479,-0.18865755200386,0.80719655752182,-0.562265932559967,0.315510272979736,-0.452795714139938,-0.615862250328064
-0.673298299312592,-0.18842913210392,0.806864619255066,-0.559149742126465,0.311643272638321,-0.457304626703262,-0.617335021495819
-0.672729194164276,-0.188203945755959,0.806475937366486,-0.559664785861969,0.310414910316467,-0.458413541316986,-0.61666464805603
-0.669605612754822,-0.190029710531235,0.808291792869568,-0.562058091163635,0.339407235383987,-0.445027381181717,-0.608969688415527
-0.668995916843414,-0.191848590970039,0.809196591377258,-0.565588891506195,0.359225451946258,-0.435441523790359,-0.601212918758392
-0.668284475803375,-0.192109629511833,0.808936238288879,-0.564147412776947,0.358571201562881,-0.439092367887497,-0.600301802158356
-0.667679965496063,-0.19326576590538,0.81043016910553,-0.574876070022583,0.339028179645538,-0.443741410970688,-0.598056077957153
-0.666883766651154,-0.193396642804146,0.810232758522034,-0.576506435871124,0.343076974153519,-0.442480087280273,-0.595105051994324
-0.666496992111206,-0.193348810076714,0.809777498245239,-0.573334097862244,0.347865045070648,-0.445175766944885,-0.593377113342285
-0.665345907211304,-0.192070811986923,0.80895459651947,-0.569279611110687,0.333580821752548,-0.454627901315689,-0.598296105861664
-0.664510369300842,-0.193474665284157,0.809892535209656,-0.574040412902832,0.344104677438736,-0.447060406208038,-0.593469977378845
-0.663613259792328,-0.193524062633514,0.809897661209106,-0.574112832546234,0.34313753247261,-0.44832319021225,-0.593007147312164
-0.662823677062988,-0.193496376276016,0.80972421169281,-0.573014080524445,0.344457715749741,-0.449718564748764,-0.592247307300568
-0.661896944046021,-0.193541929125786,0.809629917144775,-0.573661506175995,0.343923181295395,-0.450187921524048,-0.591574430465698
-0.661056876182556,-0.193588346242905,0.809504330158234,-0.573616921901703,0.344943404197693,-0.451249927282333,-0.590212821960449
-0.660444319248199,-0.191652774810791,0.808330655097961,-0.564077496528625,0.324712514877319,-0.466637492179871,-0.598855555057526
-0.65935742855072,-0.19166211783886,0.808018445968628,-0.567609369754791,0.326480895280838,-0.465244829654694,-0.595631778240204
-0.658827424049377,-0.193209767341614,0.808750629425049,-0.568726539611816,0.345315277576446,-0.457299709320068,-0.590071618556976
-0.657756924629211,-0.193135738372803,0.808429658412933,-0.571700930595398,0.345647394657135,-0.456725478172302,-0.587441861629486
-0.656982421875,-0.192951753735542,0.808169424533844,-0.571531414985657,0.347245693206787,-0.45688846707344,-0.586536824703217
-0.656241595745087,-0.192712903022766,0.807853817939758,-0.570744276046753,0.348175317049026,-0.458111763000488,-0.585797488689423
-0.655520260334015,-0.19258813560009,0.807497501373291,-0.570733070373535,0.348516821861267,-0.459210395812988,-0.584744155406952
-0.654715240001678,-0.192433938384056,0.807119011878967,-0.570803761482239,0.348771125078201,-0.460389405488968,-0.583595275878906
-0.654178559780121,-0.192208230495453,0.806814074516296,-0.567209184169769,0.348769396543503,-0.463564604520798,-0.584586560726166
-0.653377771377563,-0.19209448993206,0.806507349014282,-0.568325519561768,0.347546130418777,-0.463984251022339,-0.583897590637207
-0.653377771377563,-0.19209448993206,0.806507349014282,-0.568325519561768,0.347546130418777,-0.463984251022339,-0.583897590637207
-0.651945471763611,-0.191819220781326,0.805613398551941,-0.571833252906799,0.351297408342361,-0.46265110373497,-0.579267501831055
-0.651179552078247,-0.191739216446876,0.805312037467957,-0.573463082313538,0.34833887219429,-0.464105784893036,-0.578278601169586
-0.650616943836212,-0.1916264295578,0.804814040660858,-0.573930084705353,0.348131060600281,-0.465365380048752,-0.576926708221436
-0.650213181972504,-0.191265568137169,0.804343700408936,-0.570530652999878,0.347461104393005,-0.468366801738739,-0.578271687030792
-0.649672210216522,-0.191039443016052,0.803745985031128,-0.569985866546631,0.349902182817459,-0.468609273433685,-0.577139616012573
-0.648897051811218,-0.190934002399444,0.803169131278992,-0.574032783508301,0.350912868976593,-0.466371268033981,-0.574320912361145
-0.648421466350555,-0.190761387348175,0.802704632282257,-0.574560105800629,0.35075831413269,-0.466721326112747,-0.573602974414825
-0.648021340370178,-0.190680548548698,0.802153348922729,-0.575316548347473,0.350987732410431,-0.467356592416763,-0.572185397148132
-0.647658288478851,-0.189148455858231,0.800633072853088,-0.570476710796356,0.341355681419373,-0.476462453603745,-0.575340270996094
-0.646989703178406,-0.189018160104752,0.800565421581268,-0.569769203662872,0.336739718914032,-0.47770830988884,-0.577723205089569
-0.646457076072693,-0.188979834318161,0.800071239471436,-0.57164466381073,0.33555069565773,-0.477172791957855,-0.577004551887512
-0.646457076072693,-0.188979834318161,0.800071239471436,-0.57164466381073,0.33555069565773,-0.477172791957855,-0.577004551887512
-0.646296799182892,-0.190076231956482,0.799053430557251,-0.577170312404633,0.355247497558594,-0.468946665525436,-0.566359281539917
-0.645990490913391,-0.190060630440712,0.798484444618225,-0.578384399414062,0.355672240257263,-0.468807965517044,-0.564967215061188
-0.645439922809601,-0.190103560686111,0.798418283462524,-0.579031586647034,0.349836945533752,-0.469334185123444,-0.567504942417145
-0.645133018493652,-0.190008357167244,0.797759413719177,-0.579905807971954,0.349197596311569,-0.469372659921646,-0.566974282264709
-0.645343065261841,-0.18999470770359,0.796896755695343,-0.579922735691071,0.354224562644958,-0.470669001340866,-0.562747895717621
-0.644273638725281,-0.190229967236519,0.796481847763062,-0.585976541042328,0.347638547420502,-0.467056900262833,-0.563592851161957
-0.643960416316986,-0.190258577466011,0.795923829078674,-0.586954057216644,0.348028779029846,-0.466752201318741,-0.562586426734924
-0.643663465976715,-0.190306410193443,0.795315146446228,-0.588406443595886,0.348210990428925,-0.466150879859924,-0.561453819274902
-0.643970906734467,-0.190256088972092,0.794533491134644,-0.584409892559052,0.351251721382141,-0.469015330076218,-0.56134831905365
-0.643761098384857,-0.190270438790321,0.793875575065613,-0.585495829582214,0.349005192518234,-0.469756245613098,-0.560998380184174
-0.643508434295654,-0.190452858805656,0.793408870697021,-0.587014555931091,0.349323064088821,-0.46878120303154,-0.560028195381165
-0.643047094345093,-0.190417930483818,0.792616367340088,-0.590759932994843,0.347968548536301,-0.467293709516525,-0.558173060417175
-0.642872929573059,-0.190618962049484,0.792016386985779,-0.59193366765976,0.34748899936676,-0.467443615198135,-0.557101786136627
-0.642511487007141,-0.190833956003189,0.791463375091553,-0.593679010868073,0.347020089626312,-0.466702282428741,-0.556157529354095
-0.642336130142212,-0.19104415178299,0.791067242622375,-0.592400312423706,0.34557893872261,-0.46792197227478,-0.557392418384552
-0.641573488712311,-0.191284403204918,0.790892720222473,-0.596200466156006,0.339690685272217,-0.466845452785492,-0.557862520217896
-0.641680419445038,-0.191537484526634,0.790048778057098,-0.595231592655182,0.343672305345535,-0.468028038740158,-0.555462419986725
-0.641301155090332,-0.191772431135178,0.789616584777832,-0.596440315246582,0.3433678150177,-0.467565596103668,-0.554743230342865
-0.640763938426971,-0.192114636301994,0.78904128074646,-0.600546717643738,0.342990189790726,-0.465124756097794,-0.552594363689423
-0.64034366607666,-0.192323461174965,0.788592517375946,-0.601512610912323,0.341232150793076,-0.465436041355133,-0.552370011806488
-0.639920592308044,-0.192800119519234,0.78811502456665,-0.603494644165039,0.339934200048447,-0.465660512447357,-0.550817012786865
-0.639704406261444,-0.193077206611633,0.787821650505066,-0.601779103279114,0.33807498216629,-0.467478007078171,-0.55229663848877
-0.639265418052673,-0.19342927634716,0.787380218505859,-0.602532923221588,0.336896806955338,-0.467840313911438,-0.551887810230255
-0.638730049133301,-0.193717062473297,0.78689980506897,-0.60318124294281,0.33579495549202,-0.468372881412506,-0.551399171352386
-0.638165950775146,-0.194160670042038,0.786462187767029,-0.604335844516754,0.33582130074501,-0.467839419841766,-0.550571024417877
-0.63747102022171,-0.19462177157402,0.785950183868408,-0.608274102210999,0.336102038621902,-0.465806603431702,-0.547779321670532
-0.636911928653717,-0.194985330104828,0.785553514957428,-0.608679413795471,0.334462225437164,-0.467384666204453,-0.546988070011139
-0.636216878890991,-0.195355489850044,0.7851802110672,-0.609360933303833,0.333129703998566,-0.468045115470886,-0.546477377414703
-0.635940134525299,-0.195869147777557,0.784597277641296,-0.609523832798004,0.334409981966019,-0.469728261232376,-0.544064342975616
-0.635220289230347,-0.196167007088661,0.784619808197021,-0.609464406967163,0.332878261804581,-0.470821291208267,-0.544125556945801
-0.634378969669342,-0.196476802229881,0.784270763397217,-0.610555708408356,0.330544710159302,-0.471741676330566,-0.543527066707611
-0.633545398712158,-0.19690428674221,0.78383481502533,-0.610533356666565,0.328543245792389,-0.472056329250336,-0.544491708278656
-0.632715821266174,-0.197294369339943,0.783453285694122,-0.611272037029266,0.327389389276505,-0.473295599222183,-0.543280780315399
-0.631706833839417,-0.19771645963192,0.78298157453537,-0.615235090255737,0.327828377485275,-0.471854746341705,-0.539784729480743
-0.63115257024765,-0.198318660259247,0.782486975193024,-0.617227852344513,0.327855259180069,-0.474377006292343,-0.53526371717453
-0.630121409893036,-0.198627024888992,0.782176673412323,-0.616849362850189,0.326857686042786,-0.475622028112411,-0.535205245018005
-0.629438638687134,-0.198960021138191,0.78218001127243,-0.617388844490051,0.327310919761658,-0.477110236883163,-0.532977104187012
-0.628501832485199,-0.197267174720764,0.780651807785034,-0.609505712985992,0.303279489278793,-0.493143051862717,-0.541603446006775
-0.627316772937775,-0.197137072682381,0.780030608177185,-0.608632266521454,0.297269254922867,-0.497515112161636,-0.54191929101944
-0.626301109790802,-0.197341978549957,0.779748439788818,-0.609239995479584,0.296447336673737,-0.498813539743423,-0.540491223335266
-0.625132381916046,-0.197691395878792,0.77959406375885,-0.610175430774689,0.296751230955124,-0.499741405248642,-0.538408160209656
-0.623801827430725,-0.198371276259422,0.779675245285034,-0.615839779376984,0.301156908273697,-0.495575428009033,-0.533339500427246
-0.621424376964569,-0.197895362973213,0.779336810112,-0.615285277366638,0.297756999731064,-0.498969703912735,-0.532723128795624
-0.620683252811432,-0.199035048484802,0.779899477958679,-0.61787474155426,0.305368155241013,-0.495871096849441,-0.5282923579216
-0.619415640830994,-0.19932621717453,0.780105590820312,-0.620536267757416,0.30364203453064,-0.494134068489075,-0.527795433998108
-0.618877530097961,-0.199410781264305,0.779525101184845,-0.618624687194824,0.301423490047455,-0.499576896429062,-0.526184856891632
-0.617473304271698,-0.200360164046288,0.779760599136353,-0.620676457881927,0.30518513917923,-0.495976835489273,-0.525004684925079
-0.616141855716705,-0.200896233320236,0.779522895812988,-0.626417458057404,0.30947682261467,-0.492273777723312,-0.519126117229462
-0.61452305316925,-0.201587066054344,0.780065715312958,-0.626736998558044,0.314892560243607,-0.491298854351044,-0.51639997959137
-0.613265216350555,-0.201767385005951,0.779674410820007,-0.626426100730896,0.313548445701599,-0.494825065135956,-0.514223515987396
-0.611560761928558,-0.201879411935806,0.779603123664856,-0.627212882041931,0.312356173992157,-0.495032727718353,-0.513790309429169
-0.611560761928558,-0.201879411935806,0.779603123664856,-0.627212882041931,0.312356173992157,-0.495032727718353,-0.513790309429169
-0.608591496944427,-0.202392399311066,0.779435038566589,-0.62921804189682,0.311636656522751,-0.497038930654526,-0.509823083877563
-0.607074856758118,-0.202706187963486,0.779114842414856,-0.627548813819885,0.312433183193207,-0.499583572149277,-0.508905053138733
-0.604974806308746,-0.202819287776947,0.779004096984863,-0.631382167339325,0.30904296040535,-0.498804599046707,-0.506994247436523
-0.603488385677338,-0.203075423836708,0.779021084308624,-0.633354783058167,0.309309303760529,-0.499307930469513,-0.503866136074066
-0.602009356021881,-0.203184008598328,0.778997957706451,-0.631236732006073,0.306713938713074,-0.504311382770538,-0.503127157688141
-0.600397169589996,-0.203400626778603,0.778931617736816,-0.631332635879517,0.305966287851334,-0.506487011909485,-0.501273155212402
-0.598746001720428,-0.203654646873474,0.778854370117188,-0.631860077381134,0.306154876947403,-0.507979273796082,-0.498978316783905
-0.598746001720428,-0.203654646873474,0.778854370117188,-0.631860077381134,0.306154876947403,-0.507979273796082,-0.498978316783905
-0.595665514469147,-0.203607946634293,0.778360784053802,-0.629315614700317,0.296742767095566,-0.516869783401489,-0.498749762773514
-0.593930840492249,-0.203768864274025,0.778350830078125,-0.629544913768768,0.295270413160324,-0.519217193126678,-0.49689245223999
-0.592039525508881,-0.204084619879723,0.778321862220764,-0.635002017021179,0.296144366264343,-0.517288148403168,-0.491410374641418
-0.592039525508881,-0.204084619879723,0.778321862220764,-0.635002017021179,0.296144366264343,-0.517288148403168,-0.491410374641418
-0.588900566101074,-0.204157263040543,0.778358280658722,-0.630614638328552,0.289679735898972,-0.527174413204193,-0.490405768156052
-0.587291479110718,-0.204435348510742,0.778505802154541,-0.633606493473053,0.289113759994507,-0.528612494468689,-0.485309243202209
-0.587291479110718,-0.204435348510742,0.778505802154541,-0.633606493473053,0.289113759994507,-0.528612494468689,-0.485309243202209
-0.584110856056213,-0.203113317489624,0.777765035629272,-0.626167356967926,0.269852697849274,-0.545685470104218,-0.487156510353088
-0.582515954971313,-0.203255280852318,0.777940988540649,-0.628742516040802,0.26864218711853,-0.547475457191467,-0.482477903366089
-0.580755591392517,-0.203349441289902,0.777828693389893,-0.631491899490356,0.266638517379761,-0.548047780990601,-0.479338735342026
-0.579558551311493,-0.203344732522964,0.778012275695801,-0.629730045795441,0.263325721025467,-0.553272008895874,-0.477482825517654
-0.577730536460876,-0.203478336334228,0.777870893478394,-0.630950152873993,0.261955052614212,-0.554084718227386,-0.475680321455002
-0.576456964015961,-0.20324832201004,0.777711629867554,-0.626951336860657,0.255972743034363,-0.56139749288559,-0.475649952888489
-0.574984192848206,-0.203663289546966,0.778159558773041,-0.629670023918152,0.258381307125091,-0.560401022434235,-0.471917003393173
-0.573601186275482,-0.203782260417938,0.778268933296204,-0.632343471050262,0.257598161697388,-0.561814904212952,-0.467064052820206
-0.572210907936096,-0.203795179724693,0.778220891952515,-0.630424082279205,0.253856062889099,-0.565437972545624,-0.467335700988769
-0.572210907936096,-0.203795179724693,0.778220891952515,-0.630424082279205,0.253856062889099,-0.565437972545624,-0.467335700988769
-0.569505453109741,-0.204166859388351,0.778303623199463,-0.632455229759216,0.252323925495148,-0.568140387535095,-0.462114304304123
-0.568329036235809,-0.204267829656601,0.778419613838196,-0.635478496551514,0.25050961971283,-0.568851470947266,-0.458061367273331
-0.566824495792389,-0.204426914453506,0.778277695178986,-0.638737320899963,0.250090330839157,-0.567701518535614,-0.455175131559372
-0.565925717353821,-0.204473003745079,0.77830845117569,-0.636929035186768,0.247573718428612,-0.571822226047516,-0.453925132751465
-0.564656734466553,-0.204585149884224,0.778246521949768,-0.634875357151031,0.246345266699791,-0.574233770370483,-0.454426229000091
-0.564050674438477,-0.204651951789856,0.778395533561707,-0.62804764509201,0.241294041275978,-0.579931318759918,-0.459361493587494
-0.562399446964264,-0.204819783568382,0.778213500976562,-0.636192977428436,0.243497297167778,-0.576488971710205,-0.451251655817032
-0.561423242092133,-0.204881221055984,0.778169512748718,-0.636202216148376,0.241724506020546,-0.578086495399475,-0.450146824121475
-0.560427665710449,-0.205002307891846,0.778221786022186,-0.639064013957977,0.239426478743553,-0.578375458717346,-0.44693848490715
-0.559460282325745,-0.205198481678963,0.778177797794342,-0.639664769172668,0.238836959004402,-0.579471051692963,-0.444971084594727
-0.558615565299988,-0.205311924219131,0.7780921459198,-0.639836013317108,0.237729206681251,-0.580550730228424,-0.443909376859665
-0.557457745075226,-0.205581679940224,0.777912080287933,-0.642726302146912,0.238238900899887,-0.578688621520996,-0.441887468099594
-0.556693911552429,-0.205737769603729,0.777856528759003,-0.642748951911926,0.236798346042633,-0.58011531829834,-0.440756648778915
-0.556106388568878,-0.205883368849754,0.777682840824127,-0.642213642597198,0.234858751296997,-0.582305908203125,-0.439685076475143
-0.555435419082642,-0.206126049160957,0.777784466743469,-0.638290286064148,0.234597951173782,-0.585642158985138,-0.441103845834732
-0.554854094982147,-0.206289499998093,0.777753233909607,-0.640933573246002,0.233989328145981,-0.585342943668365,-0.43798041343689
-0.554321587085724,-0.205383628606796,0.776942014694214,-0.634998738765717,0.223162516951561,-0.594260990619659,-0.440260320901871
-0.554300546646118,-0.205785766243935,0.777127325534821,-0.626275360584259,0.221084326505661,-0.598865866661072,-0.447504758834839
-0.553649961948395,-0.206211984157562,0.777192950248718,-0.627904951572418,0.222641497850418,-0.597846210002899,-0.445809423923492
-0.552848219871521,-0.206877872347832,0.777381837368011,-0.6403888463974,0.228891581296921,-0.590251564979553,-0.434872299432755
-0.55238664150238,-0.207258090376854,0.777397990226746,-0.641920149326324,0.229731693863869,-0.589133620262146,-0.433686077594757
-0.551898658275604,-0.207593619823456,0.777373552322388,-0.640380322933197,0.229376271367073,-0.590120494365692,-0.434807330369949
-0.551568984985352,-0.207961812615395,0.777337253093719,-0.641603112220764,0.230228319764137,-0.589549243450165,-0.433326900005341
-0.551299095153809,-0.20835942029953,0.777281045913696,-0.642432689666748,0.230040967464447,-0.5897296667099,-0.431949496269226
-0.550970673561096,-0.208801507949829,0.777242720127106,-0.643731594085693,0.230529814958572,-0.589319407939911,-0.430311858654022
-0.550842106342316,-0.209112793207168,0.777094602584839,-0.643862068653107,0.229252517223358,-0.589910507202148,-0.429989069700241
-0.550842106342316,-0.209112793207168,0.777094602584839,-0.643862068653107,0.229252517223358,-0.589910507202148,-0.429989069700241
-0.550585746765137,-0.209740176796913,0.776831746101379,-0.644374847412109,0.226947829127312,-0.59081506729126,-0.429200798273086
-0.5505411028862,-0.210133358836174,0.776680111885071,-0.644362151622772,0.226171582937241,-0.591306269168854,-0.428953140974045
-0.550457537174225,-0.21062171459198,0.776552319526672,-0.645066320896149,0.226105600595474,-0.590736269950867,-0.428715020418167
-0.550526082515717,-0.211182579398155,0.776474595069885,-0.648381471633911,0.226374909281731,-0.589060425758362,-0.42586812376976
-0.550449132919312,-0.211342066526413,0.776163697242737,-0.645096063613892,0.226347506046295,-0.589824795722961,-0.429796099662781
-0.550680696964264,-0.212037935853004,0.776134014129639,-0.645746767520905,0.224726006388664,-0.590554058551788,-0.428667038679123
-0.550766468048096,-0.212582558393478,0.776026725769043,-0.649022459983826,0.226237416267395,-0.588180303573608,-0.426181256771088
-0.550958216190338,-0.213019847869873,0.775785326957703,-0.646133601665497,0.226104006171227,-0.589089870452881,-0.429373443126678
-0.551301240921021,-0.213544845581055,0.775542855262756,-0.64580625295639,0.226664409041405,-0.589033007621765,-0.429648458957672
-0.551613211631775,-0.214112430810928,0.775392889976501,-0.645830988883972,0.226911634206772,-0.588639795780182,-0.430019497871399
-0.551910817623138,-0.214637920260429,0.775228142738342,-0.646084547042847,0.227713346481323,-0.587777674198151,-0.430394023656845
-0.55226057767868,-0.215144097805023,0.775074422359467,-0.645723402500153,0.228051602840424,-0.587578237056732,-0.431028634309769
-0.552696108818054,-0.215643629431724,0.774889707565308,-0.645445823669434,0.227712646126747,-0.587288320064545,-0.432017713785172
-0.553138256072998,-0.216174557805061,0.774779200553894,-0.64560866355896,0.228554040193558,-0.586359202861786,-0.432591646909714
-0.553503453731537,-0.216791555285454,0.774669110774994,-0.646617650985718,0.230219289660454,-0.584413230419159,-0.432834535837173
-0.5540771484375,-0.217323213815689,0.774465680122375,-0.64670866727829,0.232001408934593,-0.583427488803864,-0.433076918125153
-0.554872334003448,-0.217752113938332,0.774156510829926,-0.645710289478302,0.231443390250206,-0.58373612165451,-0.434447318315506
-0.555425882339478,-0.21824061870575,0.774033784866333,-0.64591109752655,0.232276678085327,-0.58273720741272,-0.435044854879379
-0.555904507637024,-0.218818500638008,0.77391791343689,-0.647215962409973,0.233629927039146,-0.580617249011993,-0.435215085744858
-0.556574046611786,-0.219304025173187,0.773681223392487,-0.647239446640015,0.234249621629715,-0.579592049121857,-0.43621227145195
-0.557452797889709,-0.219775900244713,0.773392558097839,-0.646847009658813,0.233143791556358,-0.58006751537323,-0.436754763126373
-0.55793285369873,-0.22032131254673,0.773057460784912,-0.652272939682007,0.235335037112236,-0.574706494808197,-0.434591740369797
-0.55793285369873,-0.22032131254673,0.773057460784912,-0.652272939682007,0.235335037112236,-0.574706494808197,-0.434591740369797
-0.559556901454926,-0.22134718298912,0.772751569747925,-0.650576889514923,0.237462922930717,-0.574180126190186,-0.43666735291481
-0.559556901454926,-0.22134718298912,0.772751569747925,-0.650576889514923,0.237462922930717,-0.574180126190186,-0.43666735291481
-0.560831427574158,-0.222423061728477,0.772122740745544,-0.65367990732193,0.238746747374535,-0.569175362586975,-0.437883853912354
-0.561591982841492,-0.22301110625267,0.771880507469177,-0.654078125953674,0.239246070384979,-0.56786173582077,-0.438721239566803
-0.561591982841492,-0.22301110625267,0.771880507469177,-0.654078125953674,0.239246070384979,-0.56786173582077,-0.438721239566803
-0.563254296779633,-0.224087625741959,0.771257400512695,-0.654212534427643,0.242304399609566,-0.564583241939545,-0.441067516803741
-0.564028322696686,-0.224684298038483,0.771032571792603,-0.654808342456818,0.243801355361938,-0.562243819236755,-0.442344844341278
-0.565177619457245,-0.225111424922943,0.770835876464844,-0.651343882083893,0.243221431970596,-0.564180076122284,-0.445303708314896
-0.565954566001892,-0.225811302661896,0.770559549331665,-0.651985585689545,0.246021404862404,-0.561989963054657,-0.445595681667328
-0.566822707653046,-0.226407781243324,0.770256400108337,-0.651420176029205,0.247863546013832,-0.560431599617004,-0.447360962629318
-0.567845582962036,-0.226945489645004,0.769895970821381,-0.650336921215057,0.248511031270027,-0.560064911842346,-0.449034154415131
-0.56852650642395,-0.227575197815895,0.769684791564941,-0.651062309741974,0.251846522092819,-0.556872725486755,-0.450093477964401
-0.569375395774841,-0.228146731853485,0.769424915313721,-0.65014261007309,0.253753960132599,-0.555389642715454,-0.452179193496704
-0.570384502410889,-0.22863432765007,0.76906418800354,-0.649242758750916,0.253979951143265,-0.555123388767242,-0.45366957783699
-0.571273982524872,-0.229310840368271,0.76878023147583,-0.64870810508728,0.257728427648544,-0.553260445594788,-0.454595357179642
-0.572116196155548,-0.229924410581589,0.768558859825134,-0.648463368415833,0.259919494390488,-0.551462769508362,-0.455879300832748
-0.573180913925171,-0.230357125401497,0.768217504024506,-0.647526621818542,0.260781168937683,-0.550813555717468,-0.457500904798508
-0.573923945426941,-0.230908989906311,0.767893552780151,-0.645406603813171,0.263455957174301,-0.549154937267303,-0.46094486117363
-0.574976086616516,-0.231428474187851,0.767645478248596,-0.646320462226868,0.266118675470352,-0.547462463378906,-0.460147589445114
-0.576006591320038,-0.231916040182114,0.767302393913269,-0.645853042602539,0.26774662733078,-0.546431720256805,-0.4610835313797
-0.576829612255096,-0.232527107000351,0.767007887363434,-0.646109938621521,0.270063936710358,-0.544177412986755,-0.462037116289139
-0.577649652957916,-0.233017921447754,0.766571521759033,-0.647491216659546,0.271299451589584,-0.541376888751984,-0.462669461965561
-0.578654944896698,-0.233533754944801,0.766265511512756,-0.647309362888336,0.273330509662628,-0.53978419303894,-0.463588297367096
-0.579633057117462,-0.234109908342361,0.765966534614563,-0.646831512451172,0.27683413028717,-0.537693321704865,-0.464605063199997
-0.580808281898499,-0.234430074691772,0.765771210193634,-0.641165852546692,0.276211827993393,-0.540471851825714,-0.46957790851593
-0.581845998764038,-0.234946638345718,0.765542984008789,-0.643491864204407,0.279688090085983,-0.537216067314148,-0.468072444200516
-0.582957446575165,-0.235392555594444,0.76520049571991,-0.642928004264832,0.280225664377213,-0.535855233669281,-0.470081210136414
-0.58399373292923,-0.235817193984985,0.764873266220093,-0.641982734203339,0.282399028539658,-0.534965217113495,-0.471085160970688
-0.585170567035675,-0.236272916197777,0.76455283164978,-0.641570389270782,0.283882230520248,-0.533642411231995,-0.472254306077957
-0.586181581020355,-0.236735507845879,0.764267146587372,-0.641549706459045,0.285131812095642,-0.53160148859024,-0.473828911781311
-0.587315201759338,-0.237179607152939,0.764016509056091,-0.641221046447754,0.28595107793808,-0.530396699905396,-0.475128382444382
-0.588345766067505,-0.237572818994522,0.763774812221527,-0.64115434885025,0.287762075662613,-0.528368532657623,-0.476383030414581
