x,y,z,q0,q1,q2,q3
0.575093328952789,0.143113642930984,1.29044687747955,0.281181931495667,0.232179686427116,0.678363382816315,-0.637849986553192
0.574908494949341,0.143321692943573,1.29035437107086,0.282043218612671,0.231264248490334,0.679120600223541,-0.636995851993561
0.574990212917328,0.143478989601135,1.29047226905823,0.281635046005249,0.232490509748459,0.678201198577881,-0.637709200382233
0.574927151203156,0.143762230873108,1.29056012630463,0.281792789697647,0.232703372836113,0.680183887481689,-0.635446310043335
0.574767291545868,0.143983662128448,1.29056811332703,0.281792908906937,0.233080133795738,0.680143654346466,-0.635351061820984
0.574643135070801,0.144124701619148,1.29055428504944,0.282528698444366,0.232410773634911,0.680462241172791,-0.634928405284882
0.574437260627747,0.144513919949531,1.29035043716431,0.282155632972717,0.232927218079567,0.680365979671478,-0.635008156299591
0.574392080307007,0.145016461610794,1.29044580459595,0.282966047525406,0.232966095209122,0.677860677242279,-0.637308359146118
0.574457108974457,0.144991844892502,1.29066908359528,0.283827096223831,0.231697395443916,0.678891658782959,-0.636289834976196
0.574372291564941,0.145412534475327,1.29051148891449,0.282169282436371,0.233170986175537,0.677490174770355,-0.637980401515961
0.574522376060486,0.145474284887314,1.29088127613068,0.281473994255066,0.233632311224937,0.677751839160919,-0.637840688228607
0.574413120746613,0.145677089691162,1.29086434841156,0.281340152025223,0.233720988035202,0.677442967891693,-0.638195395469666
0.574249625205994,0.14585779607296,1.29086256027222,0.281599432229996,0.234042644500732,0.676142334938049,-0.639341294765472
0.574069678783417,0.146342173218727,1.29054129123688,0.282303810119629,0.23324690759182,0.676561176776886,-0.638878524303436
0.573813855648041,0.146325290203094,1.29054796695709,0.281497716903687,0.23339906334877,0.676670968532562,-0.639062166213989
0.57363748550415,0.146342694759369,1.29041314125061,0.282058000564575,0.232397332787514,0.67791873216629,-0.637856602668762
0.573365747928619,0.14690026640892,1.29003524780273,0.281849950551987,0.233336836099625,0.677498161792755,-0.638052463531494
0.573505163192749,0.146934226155281,1.2902147769928,0.282351583242416,0.232887536287308,0.677637875080109,-0.63784646987915
0.573625802993774,0.147187307476997,1.29022347927094,0.282376527786255,0.233841180801392,0.676917016506195,-0.638251781463623
0.573734521865845,0.147385150194168,1.29021310806274,0.28191289305687,0.235365077853203,0.675380885601044,-0.639522671699524
0.573840081691742,0.147919371724129,1.28991758823395,0.282358556985855,0.235766306519508,0.675248503684998,-0.63931792974472
0.573672235012054,0.148228272795677,1.28960347175598,0.283839404582977,0.235448434948921,0.678535163402557,-0.635286867618561
0.573526978492737,0.148159712553024,1.28952193260193,0.283856928348541,0.235915392637253,0.678560733795166,-0.635078370571136
0.57352340221405,0.148363411426544,1.2893875837326,0.284184455871582,0.235894277691841,0.675938427448273,-0.637730717658997
0.573641657829285,0.148803934454918,1.28915965557098,0.284390866756439,0.236676588654518,0.67653477191925,-0.636715650558472
0.573776304721832,0.148869588971138,1.28910231590271,0.283977150917053,0.2380341142416,0.675325751304626,-0.637676894664764
0.573821008205414,0.149200826883316,1.2891401052475,0.284658521413803,0.238496512174606,0.676197469234467,-0.636275172233582
0.573878169059753,0.14937125146389,1.289022564888,0.284975171089172,0.23863773047924,0.676442980766296,-0.635819137096405
0.573806166648865,0.149418070912361,1.288978099823,0.285503506660461,0.238468796014786,0.67680299282074,-0.635262131690979
0.573894679546356,0.149599730968475,1.28893959522247,0.285934507846832,0.238657414913177,0.676835179328918,-0.63496333360672
0.573973953723907,0.149801298975944,1.28885805606842,0.28650638461113,0.238671526312828,0.675780534744263,-0.635822951793671
0.573991119861603,0.150060936808586,1.28874838352203,0.286452502012253,0.238629505038261,0.67694216966629,-0.634626030921936
0.57402628660202,0.15026493370533,1.28872418403625,0.286571681499481,0.238582879304886,0.67697012424469,-0.63455992937088
0.574046790599823,0.150402694940567,1.2886745929718,0.286828935146332,0.238475576043129,0.676645338535309,-0.634830415248871
0.574160218238831,0.150825589895248,1.28865945339203,0.286584883928299,0.238638803362846,0.676593899726868,-0.63493412733078
0.573998868465424,0.150769919157028,1.28864443302155,0.2862289249897,0.237872540950775,0.676865518093109,-0.635092854499817
0.57414436340332,0.151080727577209,1.28865528106689,0.286037623882294,0.238045662641525,0.676226079463959,-0.635794758796692
0.574160575866699,0.151366055011749,1.28867757320404,0.286093562841415,0.237840235233307,0.675058543682098,-0.637086033821106
0.574058711528778,0.151210814714432,1.28865659236908,0.285220146179199,0.237126544117927,0.675553500652313,-0.637219071388245
0.57410204410553,0.151482790708542,1.28873813152313,0.285446166992188,0.237133532762527,0.674702107906342,-0.638016521930695
0.574172735214233,0.151785746216774,1.28877389431,0.285187751054764,0.237356200814247,0.674275577068329,-0.638500154018402
0.574172735214233,0.151785746216774,1.28877389431,0.285187751054764,0.237356200814247,0.674275577068329,-0.638500154018402
0.574153959751129,0.152187883853912,1.28871726989746,0.284869194030762,0.23720371723175,0.673716187477112,-0.639289081096649
0.574219405651093,0.152721405029297,1.28853106498718,0.284781366586685,0.237147450447082,0.673051357269287,-0.640048861503601
0.574153900146484,0.152885466814041,1.28851914405823,0.284547090530396,0.236984372138977,0.672781705856323,-0.640496969223022
0.574001431465149,0.152849346399307,1.28847622871399,0.284391105175018,0.236602768301964,0.672648429870605,-0.640847027301788
0.573754489421844,0.153065294027328,1.28830516338348,0.282825201749802,0.236356183886528,0.671563744544983,-0.642765879631042
0.573957026004791,0.153013586997986,1.28852486610413,0.284000605344772,0.236204862594604,0.671455860137939,-0.642415642738342
0.573853492736816,0.15318489074707,1.28851723670959,0.283827692270279,0.236474677920341,0.670877873897552,-0.642996549606323
0.573788166046143,0.15338397026062,1.28846073150635,0.283842116594315,0.236454516649246,0.670863628387451,-0.643012285232544
0.573722243309021,0.153895080089569,1.28822839260101,0.283851355314255,0.236512839794159,0.669332683086395,-0.644580602645874
0.573418498039246,0.153645724058151,1.28829061985016,0.284131497144699,0.237321048974991,0.670539200305939,-0.642903864383698
0.573304951190948,0.153917968273163,1.28815639019012,0.28370013833046,0.237892791628838,0.669992387294769,-0.643452882766724
0.573093175888062,0.154382407665253,1.28795421123505,0.283216744661331,0.235797435045242,0.668226718902588,-0.646266996860504
0.572868704795837,0.154487326741219,1.28790307044983,0.283030092716217,0.235921785235405,0.666561961174011,-0.648020267486572
0.572484016418457,0.154277771711349,1.28795623779297,0.28255295753479,0.235819920897484,0.666113078594208,-0.648726403713226
0.572307467460632,0.154406115412712,1.28797852993011,0.280968397855759,0.237158060073853,0.665745735168457,-0.649303913116455
0.572100937366486,0.154610425233841,1.28804397583008,0.280730068683624,0.237328380346298,0.66497540473938,-0.650133550167084
0.571710526943207,0.15485654771328,1.28797459602356,0.281367152929306,0.236675515770912,0.664953231811523,-0.650118768215179
0.571480512619019,0.154897063970566,1.28801572322845,0.281406253576279,0.236567631363869,0.664162218570709,-0.65094918012619
0.571325242519379,0.154994204640388,1.28808546066284,0.281532645225525,0.236563965678215,0.663246512413025,-0.651828944683075
0.571259558200836,0.155211627483368,1.288165807724,0.281530499458313,0.236831247806549,0.662309229373932,-0.652685284614563
0.571111917495728,0.155182689428329,1.28813505172729,0.282412201166153,0.235658079385757,0.662164449691772,-0.652875900268555
0.571126520633698,0.155238330364227,1.28821671009064,0.282630234956741,0.235325336456299,0.66132915019989,-0.653747618198395
0.57122141122818,0.155595153570175,1.28840899467468,0.282699108123779,0.235992059111595,0.659430086612701,-0.655393838882446
0.571334481239319,0.155795991420746,1.28850245475769,0.28327676653862,0.235636413097382,0.65886664390564,-0.655838668346405
0.571327388286591,0.155914410948753,1.28845548629761,0.284575134515762,0.234313204884529,0.658825933933258,-0.655791819095612
0.571377992630005,0.156136333942413,1.28846538066864,0.284920006990433,0.234142124652862,0.657884478569031,-0.656647622585297
0.571353077888489,0.156295865774155,1.2884556055069,0.2850641310215,0.23373506963253,0.657356679439545,-0.6572585105896
0.571262001991272,0.156583279371262,1.28835272789001,0.28486767411232,0.233736172318459,0.656891763210297,-0.657807886600494
0.571125686168671,0.156595706939697,1.2881840467453,0.284620136022568,0.233377665281296,0.65663480758667,-0.65829861164093
0.57121479511261,0.156924709677696,1.28823173046112,0.283707022666931,0.234489098191261,0.655420362949371,-0.659507036209106
0.5708087682724,0.157385051250458,1.28787553310394,0.282670706510544,0.235066115856171,0.655071914196014,-0.660092532634735
0.570779979228973,0.157750636339188,1.28791856765747,0.284185439348221,0.233599707484245,0.655415892601013,-0.659621000289917
0.570278286933899,0.157842755317688,1.28802180290222,0.283647745847702,0.233862340450287,0.655283510684967,-0.65989089012146
0.570079982280731,0.158252716064453,1.28813445568085,0.282732754945755,0.234970271587372,0.654689371585846,-0.660479247570038
0.569716215133667,0.158723115921021,1.28822290897369,0.282434165477753,0.235623106360435,0.654561281204224,-0.660501539707184
0.569378554821014,0.159046128392219,1.28824079036713,0.282349973917007,0.235710620880127,0.654724895954132,-0.660344004631042
0.568995893001556,0.159379452466965,1.28821921348572,0.281868278980255,0.236295849084854,0.65477043390274,-0.660295605659485
0.56880134344101,0.159978210926056,1.28831744194031,0.280838280916214,0.237873896956444,0.65414971113205,-0.660782873630524
0.568255424499512,0.160088151693344,1.28842222690582,0.279902011156082,0.238727822899818,0.654265880584717,-0.660757184028625
0.567822635173798,0.160230994224548,1.28832030296326,0.279125690460205,0.239022478461266,0.654425621032715,-0.660821080207825
0.56738293170929,0.160709887742996,1.28838586807251,0.279986709356308,0.238421767950058,0.655264496803284,-0.659841656684875
0.567153573036194,0.160883724689484,1.28839159011841,0.279598832130432,0.238763570785522,0.655283987522125,-0.659862995147705
0.567051827907562,0.161468118429184,1.28851437568665,0.278533071279526,0.240116819739342,0.654638290405273,-0.660463571548462
0.566747903823853,0.161703944206238,1.28840911388397,0.278826504945755,0.239695116877556,0.655066013336182,-0.660068809986115
0.566296398639679,0.161770552396774,1.28853666782379,0.278478741645813,0.240156888961792,0.655102849006653,-0.660011053085327
0.565912425518036,0.161992236971855,1.28841972351074,0.277979254722595,0.24069644510746,0.655054330825806,-0.660073220729828
0.565602898597717,0.162276655435562,1.28840136528015,0.27797594666481,0.241364061832428,0.654829204082489,-0.660054326057434
0.565467119216919,0.162958100438118,1.2881293296814,0.278549045324326,0.241508975625038,0.654798746109009,-0.659789741039276
0.565000534057617,0.162869364023209,1.28805255889893,0.278407543897629,0.24170047044754,0.654879689216614,-0.659699082374573
0.564763605594635,0.163113832473755,1.28790426254272,0.278544455766678,0.242041945457458,0.654627501964569,-0.659766316413879
0.564430356025696,0.16336464881897,1.28768253326416,0.278388619422913,0.242696583271027,0.654202878475189,-0.660012662410736
0.564403295516968,0.163812190294266,1.28734934329987,0.27898046374321,0.243029817938805,0.653519988059998,-0.660316586494446
0.564195811748505,0.16417096555233,1.28716516494751,0.279458403587341,0.243673160672188,0.652829229831696,-0.660560607910156
0.563986122608185,0.164437294006348,1.28697538375854,0.279738783836365,0.244518786668777,0.652315318584442,-0.660637319087982
0.563830554485321,0.164798259735107,1.28692233562469,0.279648452997208,0.246266230940819,0.65134334564209,-0.660985231399536
0.563566863536835,0.165080517530441,1.28650152683258,0.279987126588821,0.247002959251404,0.650858163833618,-0.661044895648956
0.563390135765076,0.165396511554718,1.28630840778351,0.281005889177322,0.2479457706213,0.650134980678558,-0.660971462726593
0.563066422939301,0.165634155273438,1.28584909439087,0.2826027572155,0.247566357254982,0.650147438049316,-0.66042023897171
0.562895774841309,0.165924534201622,1.28558051586151,0.283552587032318,0.248148754239082,0.649342119693756,-0.660587012767792
0.562713742256165,0.166359722614288,1.28546059131622,0.284445941448212,0.249296262860298,0.649483799934387,-0.659630715847015
0.562637329101562,0.166545048356056,1.2853000164032,0.285059243440628,0.250965714454651,0.646884441375732,-0.661285281181335
0.562314331531525,0.166965678334236,1.28485941886902,0.286759048700333,0.251099646091461,0.64653068780899,-0.660845100879669
0.562119901180267,0.167296335101128,1.2845743894577,0.287692427635193,0.252195060253143,0.645470559597015,-0.661058664321899
0.562020540237427,0.167625606060028,1.2845151424408,0.287760436534882,0.254479169845581,0.642967998981476,-0.662590682506561
0.561788320541382,0.167960703372955,1.28413355350494,0.288489490747452,0.255516707897186,0.641609251499176,-0.663191378116608
0.561567306518555,0.168418198823929,1.28378653526306,0.289207488298416,0.256472706794739,0.640275120735168,-0.663798570632935
0.561567306518555,0.168418198823929,1.28378653526306,0.289207488298416,0.256472706794739,0.640275120735168,-0.663798570632935
0.56097799539566,0.169127449393272,1.2829008102417,0.289676278829575,0.256356805562973,0.641794919967651,-0.662169396877289
0.560693085193634,0.169464588165283,1.2825540304184,0.290048569440842,0.257171034812927,0.640659332275391,-0.66279000043869
0.560610055923462,0.169855505228043,1.28230178356171,0.291780591011047,0.259352713823318,0.634355962276459,-0.667227566242218
0.560499548912048,0.170345723628998,1.28203165531158,0.292195022106171,0.260382741689682,0.633089065551758,-0.667848408222198
0.560367703437805,0.170889914035797,1.28175377845764,0.292891085147858,0.261369496583939,0.632610559463501,-0.667611181735992
0.560215294361115,0.171423047780991,1.28147757053375,0.293623238801956,0.261631399393082,0.631572127342224,-0.668169915676117
0.559943854808807,0.171770736575127,1.28121185302734,0.292676597833633,0.260766595602036,0.634400486946106,-0.666241109371185
0.559741497039795,0.172113746404648,1.28116321563721,0.292844355106354,0.261567890644073,0.633025169372559,-0.667160868644714
0.559556663036346,0.172698020935059,1.28093528747559,0.29508364200592,0.262025862932205,0.628295958042145,-0.670456767082214
0.559342324733734,0.173111394047737,1.28084254264832,0.295174211263657,0.262364476919174,0.627162277698517,-0.671345353126526
0.559088587760925,0.173329770565033,1.28065669536591,0.294546902179718,0.261089742183685,0.630948305130005,-0.668564558029175
0.558847010135651,0.173710197210312,1.28055477142334,0.296323180198669,0.262211710214615,0.626519501209259,-0.671499133110046
0.5589679479599,0.174198716878891,1.28062105178833,0.293438374996185,0.263876765966415,0.626801669597626,-0.671850204467773
0.558841645717621,0.174477338790893,1.28051018714905,0.295193552970886,0.264087915420532,0.621450066566467,-0.675957322120667
0.558698952198029,0.174834236502647,1.28041517734528,0.294135481119156,0.263589709997177,0.624259293079376,-0.674021482467651
0.558511316776276,0.175161153078079,1.28019869327545,0.296648651361465,0.263178259134293,0.619720339775085,-0.677261829376221
0.558373212814331,0.175485849380493,1.2800440788269,0.297040939331055,0.263554126024246,0.617749691009521,-0.678742349147797
0.558314859867096,0.175876349210739,1.27987349033356,0.297647684812546,0.263663917779922,0.615806102752686,-0.680198609828949
0.558122277259827,0.176179155707359,1.27971374988556,0.298107534646988,0.264092326164246,0.61517345905304,-0.680403292179108
0.558205425739288,0.176433503627777,1.27969229221344,0.297383904457092,0.265015751123428,0.612289547920227,-0.682957649230957
0.558136880397797,0.176854878664017,1.27944695949554,0.298248112201691,0.265347868204117,0.611192882061005,-0.683433830738068
0.557933032512665,0.17718081176281,1.27914571762085,0.299334496259689,0.264314472675323,0.609757840633392,-0.684640049934387
0.55792498588562,0.177453055977821,1.27893495559692,0.298545002937317,0.264053285121918,0.612187504768372,-0.682915210723877
0.555503189563751,0.177925661206245,1.27722823619843,0.294469624757767,0.269063889980316,0.607791781425476,-0.686645150184631
0.55556309223175,0.178046554327011,1.27711594104767,0.292528808116913,0.269603818655014,0.608806133270264,-0.68636417388916
0.555502593517303,0.17836931347847,1.27699315547943,0.294093132019043,0.270202100276947,0.603480815887451,-0.690152883529663
0.555226504802704,0.178634256124496,1.27664887905121,0.294557422399521,0.269980400800705,0.602726697921753,-0.690700471401215
0.555251121520996,0.178946405649185,1.27662074565887,0.293198794126511,0.270324736833572,0.604962110519409,-0.689187824726105
0.555194079875946,0.179193571209908,1.27652752399445,0.295150279998779,0.271025568246841,0.600472450256348,-0.692000389099121
0.554975092411041,0.179406687617302,1.27634680271149,0.296337962150574,0.269958257675171,0.599346876144409,-0.692885160446167
0.554963111877441,0.179644405841827,1.27631020545959,0.295275777578354,0.269670963287354,0.602349162101746,-0.690843880176544
0.555031955242157,0.179742395877838,1.27634346485138,0.295958817005157,0.271020799875259,0.596362888813019,-0.695203185081482
0.555060982704163,0.179968640208244,1.27635455131531,0.296042710542679,0.271251797676086,0.595145523548126,-0.696120142936707
0.555033564567566,0.180143237113953,1.27630460262299,0.296467214822769,0.271225094795227,0.594261109828949,-0.696705162525177
0.55489319562912,0.18037223815918,1.2761572599411,0.297437638044357,0.272700875997543,0.595501899719238,-0.694652915000916
0.554899394512177,0.180454030632973,1.27613115310669,0.297357559204102,0.271185517311096,0.592414975166321,-0.697912216186523
0.554899394512177,0.180454030632973,1.27613115310669,0.297357559204102,0.271185517311096,0.592414975166321,-0.697912216186523
0.55500316619873,0.180791884660721,1.27618443965912,0.298271983861923,0.270964533090591,0.590320467948914,-0.699381053447723
0.555082440376282,0.180980116128922,1.27624523639679,0.298628151416779,0.270926743745804,0.589579880237579,-0.699868321418762
0.555116236209869,0.181112915277481,1.27628552913666,0.298853725194931,0.270913183689117,0.588905870914459,-0.700344443321228
0.555085957050323,0.181182041764259,1.27626502513885,0.29912480711937,0.270550161600113,0.588586747646332,-0.700637340545654
0.555004835128784,0.181440502405167,1.27623736858368,0.299913197755814,0.269871830940247,0.588726341724396,-0.700444579124451
0.555024802684784,0.181466192007065,1.27630388736725,0.300742030143738,0.271098047494888,0.590361297130585,-0.698236107826233
0.555183470249176,0.181533336639404,1.27642571926117,0.299786895513534,0.27194356918335,0.589318513870239,-0.699198365211487
0.55518639087677,0.181639075279236,1.27642846107483,0.299751669168472,0.271951496601105,0.589118957519531,-0.699378371238708
0.555193305015564,0.181748658418655,1.27645516395569,0.29974302649498,0.272022694349289,0.589006960391998,-0.699448764324188
0.555134177207947,0.181756675243378,1.27644121646881,0.297501146793365,0.27008992433548,0.591020405292511,-0.699456453323364
0.555120706558228,0.181783363223076,1.27646243572235,0.299669206142425,0.271913170814514,0.589213311672211,-0.699349284172058
0.555027604103088,0.181971818208694,1.2764253616333,0.300470381975174,0.271369755268097,0.589858591556549,-0.698672235012054
0.555135548114777,0.181725740432739,1.27651870250702,0.299448847770691,0.272036105394363,0.589466452598572,-0.699182391166687
0.555135548114777,0.181725740432739,1.27651870250702,0.299448847770691,0.272036105394363,0.589466452598572,-0.699182391166687
0.555266380310059,0.181832671165466,1.27652168273926,0.299560695886612,0.271941840648651,0.589848935604095,-0.69884866476059
0.555353879928589,0.18202605843544,1.27649557590485,0.298847675323486,0.270856410264969,0.588662326335907,-0.700573682785034
0.555431544780731,0.18215224146843,1.27654802799225,0.300034433603287,0.269566655158997,0.588952839374542,-0.700319766998291
0.555590808391571,0.182186096906662,1.27644324302673,0.300011098384857,0.269425511360168,0.589141666889191,-0.700225293636322
0.555801153182983,0.182236671447754,1.27644991874695,0.300268590450287,0.269238293170929,0.589294373989105,-0.700058400630951
0.556270062923431,0.182425379753113,1.27666616439819,0.29904118180275,0.2708959877491,0.587965846061707,-0.701060652732849
0.556478381156921,0.182463139295578,1.27671897411346,0.299404412508011,0.270623177289963,0.588143646717072,-0.700861692428589
0.556724846363068,0.182515680789948,1.27680444717407,0.299761205911636,0.270394921302795,0.588299572467804,-0.700666427612305
0.556934416294098,0.182392746210098,1.276859998703,0.298685371875763,0.269841194152832,0.592564105987549,-0.697739660739899
0.557166993618011,0.182344377040863,1.27692258358002,0.301547646522522,0.271146684885025,0.591235995292664,-0.697128772735596
0.557403326034546,0.182331711053848,1.27691578865051,0.301742970943451,0.270754277706146,0.591630399227142,-0.696862101554871
0.557403326034546,0.182331711053848,1.27691578865051,0.301742970943451,0.270754277706146,0.591630399227142,-0.696862101554871
0.557773411273956,0.182099372148514,1.27702331542969,0.30276545882225,0.269426733255386,0.593302190303802,-0.695510447025299
0.558052122592926,0.182170256972313,1.27719056606293,0.303297936916351,0.269720494747162,0.59343945980072,-0.695047497749329
0.558148920536041,0.182251363992691,1.27720105648041,0.304310441017151,0.269288450479507,0.594507813453674,-0.693858325481415
0.558346748352051,0.182241141796112,1.27725124359131,0.304738461971283,0.26970249414444,0.595234572887421,-0.692885875701904
0.558637142181396,0.181831300258636,1.27741026878357,0.303084254264831,0.26977077126503,0.593784391880035,-0.694826662540436
0.558795213699341,0.181740671396255,1.2774829864502,0.302297234535217,0.269760221242905,0.598220646381378,-0.691359400749207
0.558947503566742,0.18181999027729,1.27752006053925,0.305393874645233,0.272374659776688,0.597378671169281,-0.689699530601501
0.559266865253448,0.181732833385468,1.27772855758667,0.306726157665253,0.272994995117188,0.598615646362305,-0.68778795003891
0.559383034706116,0.181690990924835,1.27768170833588,0.306575566530228,0.272667855024338,0.598707675933838,-0.68790465593338
0.559658050537109,0.181697368621826,1.27798116207123,0.307689279317856,0.275333166122437,0.601445853710175,-0.683945834636688
0.559717833995819,0.181692540645599,1.27796959877014,0.309828609228134,0.275608718395233,0.603701829910278,-0.680874526500702
0.560071170330048,0.1818867623806,1.27804636955261,0.310917228460312,0.276801735162735,0.605090498924255,-0.678658187389374
0.560225784778595,0.181549876928329,1.278244972229,0.311042845249176,0.276342481374741,0.605716705322266,-0.678228974342346
0.560442686080933,0.181391805410385,1.27827405929565,0.313040494918823,0.278426736593246,0.608993828296661,-0.673506319522858
0.562951445579529,0.181190252304077,1.27963531017303,0.320045828819275,0.274255275726318,0.611251592636108,-0.669870376586914
0.563157141208649,0.181102469563484,1.27964425086975,0.31978452205658,0.274222671985626,0.611830174922943,-0.669480204582214
0.563477039337158,0.180963486433029,1.27974963188171,0.320583283901215,0.277327448129654,0.614342987537384,-0.66550624370575
0.563654065132141,0.180846244096756,1.27970278263092,0.321607291698456,0.278572767972946,0.616426467895508,-0.662559032440186
0.563813149929047,0.18084628880024,1.27968847751617,0.321328908205032,0.278731882572174,0.617061257362366,-0.662035942077637
0.563980340957642,0.1807581782341,1.27967166900635,0.323320060968399,0.281407296657562,0.620493352413177,-0.656705617904663
0.564166247844696,0.180637359619141,1.27964448928833,0.323887288570404,0.282894432544708,0.622331559658051,-0.654042184352875
0.564436674118042,0.18069389462471,1.27972936630249,0.325266391038895,0.284244894981384,0.624339163303375,-0.650851249694824
0.564596116542816,0.180484548211098,1.27972280979156,0.326074540615082,0.285813361406326,0.626653552055359,-0.64752733707428
0.564596116542816,0.180484548211098,1.27972280979156,0.326074540615082,0.285813361406326,0.626653552055359,-0.64752733707428
0.564801156520844,0.180482089519501,1.27971684932709,0.329369157552719,0.289120495319366,0.630671262741089,-0.640452265739441
0.565021991729736,0.180308789014816,1.27982795238495,0.330250740051269,0.291816115379333,0.631901383399963,-0.637556612491608
0.56518417596817,0.180255174636841,1.27985382080078,0.331643968820572,0.294070273637772,0.633844316005707,-0.633858323097229
0.565324187278748,0.180261880159378,1.27986252307892,0.333572864532471,0.296200722455978,0.63561224937439,-0.630072593688965
0.565541326999664,0.180284157395363,1.27987742424011,0.335221230983734,0.298080503940582,0.637048184871674,-0.626852691173553
0.565682351589203,0.18024218082428,1.27974951267242,0.338613331317902,0.298797190189362,0.639559924602509,-0.622112810611725
0.566032826900482,0.180129215121269,1.27986061573029,0.339597672224045,0.301686644554138,0.640393376350403,-0.619318246841431
0.566032826900482,0.180129215121269,1.27986061573029,0.339597672224045,0.301686644554138,0.640393376350403,-0.619318246841431
0.56641948223114,0.179944336414337,1.27978622913361,0.343359291553497,0.30478972196579,0.643903732299805,-0.612042188644409
0.566639602184296,0.179632604122162,1.27981555461884,0.345253527164459,0.306278079748154,0.644805133342743,-0.609278321266174
0.566968858242035,0.179531127214432,1.27976810932159,0.346785873174667,0.307521641254425,0.64608359336853,-0.606420636177063
0.566968858242035,0.179531127214432,1.27976810932159,0.346785873174667,0.307521641254425,0.64608359336853,-0.606420636177063
0.567873537540436,0.179539158940315,1.27974307537079,0.350480020046234,0.309799700975418,0.647868514060974,-0.60121089220047
0.568105280399323,0.179286181926727,1.27972888946533,0.352285116910934,0.310255587100983,0.648900091648102,-0.598803281784058
0.568853974342346,0.179181769490242,1.27987122535706,0.353196829557419,0.312394648790359,0.64850640296936,-0.597579419612885
0.569266080856323,0.17914354801178,1.27989673614502,0.356017827987671,0.312124252319336,0.649353086948395,-0.595122337341309
0.569803357124329,0.179134517908096,1.27990138530731,0.358259499073029,0.312304139137268,0.649771869182587,-0.593222320079803
0.570442199707031,0.178747922182083,1.28020322322845,0.358743041753769,0.314314484596252,0.648469805717468,-0.593293190002441
0.571164667606354,0.178612947463989,1.28030300140381,0.360450536012649,0.314199775457382,0.648584604263306,-0.592192590236664
0.571746349334717,0.178358137607574,1.28021848201752,0.362240761518478,0.31362596154213,0.648772597312927,-0.591197788715363
0.572401940822601,0.178039163351059,1.28027498722076,0.363660007715225,0.313194245100021,0.648225724697113,-0.591155171394348
0.573074460029602,0.178290203213692,1.27979779243469,0.365112483501434,0.313422113656998,0.646589934825897,-0.591929912567139
0.573857724666595,0.177646666765213,1.28045415878296,0.366855651140213,0.312114983797073,0.645604193210602,-0.592618465423584
0.574508845806122,0.177415758371353,1.28046190738678,0.368215024471283,0.310828298330307,0.644556701183319,-0.593591034412384
0.574603021144867,0.177492290735245,1.27978539466858,0.367944359779358,0.311266481876373,0.64349752664566,-0.59467738866806
0.574603021144867,0.177492290735245,1.27978539466858,0.367944359779358,0.311266481876373,0.64349752664566,-0.59467738866806
0.576639175415039,0.176378726959228,1.28039193153381,0.370172619819641,0.307910203933716,0.640174865722656,-0.598614931106567
0.577281057834625,0.176092937588692,1.28041470050812,0.370667427778244,0.30703416466713,0.63836544752121,-0.600687384605408
0.577716052532196,0.175872504711151,1.28035140037537,0.371783822774887,0.305310994386673,0.637170553207397,-0.602142572402954
0.578062415122986,0.176078572869301,1.27970612049103,0.37084224820137,0.306140273809433,0.634608030319214,-0.605001628398895
0.578811228275299,0.175347417593002,1.28048264980316,0.370938509702682,0.305518537759781,0.632117688655853,-0.607857286930084
0.579456031322479,0.175361841917038,1.28030800819397,0.371839195489883,0.304577380418777,0.630171656608582,-0.609796643257141
0.579757392406464,0.174902886152267,1.28039705753326,0.371991157531738,0.304612815380096,0.627996265888214,-0.611926674842834
0.580119967460632,0.174685567617416,1.28034138679504,0.372022986412048,0.30495348572731,0.625636041164398,-0.614151418209076
0.580110609531403,0.174329876899719,1.28008782863617,0.373871684074402,0.302600204944611,0.625462770462036,-0.614368975162506
0.583936035633087,0.171443700790405,1.27875626087189,0.34570524096489,0.328065812587738,0.601702034473419,-0.640948712825775
0.584336876869202,0.17110350728035,1.27881169319153,0.345749169588089,0.329212665557861,0.598648488521576,-0.64319235086441
0.581292986869812,0.173834189772606,1.28014194965363,0.374815672636032,0.304181784391403,0.617857038974762,-0.620676398277283
0.581505298614502,0.173584461212158,1.28010261058807,0.375943273305893,0.303301751613617,0.616605043411255,-0.62166965007782
0.581812143325806,0.173445969820022,1.28007459640503,0.377062499523163,0.303529143333435,0.61479651927948,-0.622671067714691
0.58206307888031,0.173314452171326,1.27998614311218,0.378905057907104,0.302253484725952,0.613737165927887,-0.623217940330505
0.582326412200928,0.173151403665543,1.27997255325317,0.379841238260269,0.302401334047318,0.612054347991943,-0.624230444431305
0.582626819610596,0.173006474971771,1.27997052669525,0.380859911441803,0.302733689546585,0.610289990901947,-0.625175416469574
0.582626819610596,0.173006474971771,1.27997052669525,0.380859911441803,0.302733689546585,0.610289990901947,-0.625175416469574
0.583359241485596,0.172857508063316,1.28015768527985,0.382311284542084,0.303224086761475,0.60588538646698,-0.628328084945679
0.583788216114044,0.172693222761154,1.28034746646881,0.382027149200439,0.304528653621674,0.604326903820038,-0.629369914531708
0.584213197231293,0.172792464494705,1.28034162521362,0.38367560505867,0.304032534360886,0.602684795856476,-0.630181193351746
0.584213197231293,0.172792464494705,1.28034162521362,0.38367560505867,0.304032534360886,0.602684795856476,-0.630181193351746
0.584674417972565,0.172364383935928,1.28033185005188,0.385360389947891,0.30321004986763,0.599911570549011,-0.632192254066467
0.584889113903046,0.172014236450195,1.28049397468567,0.385371059179306,0.303724616765976,0.598386585712433,-0.63338315486908
0.585157990455627,0.17188124358654,1.28061127662659,0.385722458362579,0.303396701812744,0.59670501947403,-0.634910941123962
0.585157990455627,0.17188124358654,1.28061127662659,0.385722458362579,0.303396701812744,0.59670501947403,-0.634910941123962
0.585256814956665,0.171516746282577,1.28050053119659,0.387320578098297,0.301191806793213,0.595420062541962,-0.636192858219147
0.585407137870789,0.17134602367878,1.28053998947144,0.387288302183151,0.300626575946808,0.593916535377502,-0.637882888317108
0.585534036159515,0.171232804656029,1.28059089183807,0.387171775102615,0.300012499094009,0.592786908149719,-0.639292061328888
0.585693717002869,0.171090915799141,1.28061640262604,0.386890828609466,0.299474626779556,0.591502249240875,-0.64090222120285
0.586005508899689,0.171142995357513,1.28059840202332,0.386808156967163,0.298753678798675,0.590062201023102,-0.642613768577576
0.586222112178802,0.171032249927521,1.28066802024841,0.3867267370224,0.29802992939949,0.588936865329742,-0.644029438495636
0.586222112178802,0.171032249927521,1.28066802024841,0.3867267370224,0.29802992939949,0.588936865329742,-0.644029438495636
0.58648544549942,0.170709073543549,1.28089249134064,0.385259598493576,0.296445101499557,0.586599230766296,-0.647762894630432
0.586615979671478,0.170361697673798,1.28116369247437,0.383587688207626,0.296743899583816,0.584540963172913,-0.650473177433014
0.586819708347321,0.170322477817535,1.28136694431305,0.382773220539093,0.297215610742569,0.582605063915253,-0.652471601963043
0.587127506732941,0.170162856578827,1.28141510486603,0.382775455713272,0.296351045370102,0.581239938735962,-0.654078960418701
0.587226927280426,0.17018561065197,1.28150057792664,0.382595747709274,0.295478850603104,0.579744398593903,-0.655903279781342
0.587365686893463,0.170061558485031,1.28163993358612,0.382403671741486,0.294702291488647,0.578537464141846,-0.657428681850433
0.587490260601044,0.169755905866623,1.2817234992981,0.382251381874084,0.293886005878448,0.577393114566803,-0.658887147903442
0.587462723255157,0.169243484735489,1.28195106983185,0.380973011255264,0.293408751487732,0.576335072517395,-0.660763919353485
0.587853789329529,0.169246166944504,1.28196465969086,0.38119375705719,0.291998565196991,0.575025081634521,-0.662400424480438
0.588095307350159,0.169069439172745,1.28210604190826,0.380903661251068,0.290895760059357,0.573810636997223,-0.664103448390961
0.588231205940247,0.168827623128891,1.28219556808472,0.380449682474136,0.290054708719253,0.572562754154205,-0.665806472301483
0.588334083557129,0.168599784374237,1.28235590457916,0.380277872085571,0.289389312267303,0.571265757083893,-0.66730660200119
0.588334083557129,0.168599784374237,1.28235590457916,0.380277872085571,0.289389312267303,0.571265757083893,-0.66730660200119
0.588519930839539,0.168109059333801,1.28264045715332,0.376943588256836,0.285642772912979,0.567415714263916,-0.674063086509705
0.588228702545166,0.167760938405991,1.28283762931824,0.37660613656044,0.284814059734344,0.567086696624756,-0.674878895282745
0.588484883308411,0.167795956134796,1.28285026550293,0.379582107067108,0.286743253469467,0.568079113960266,-0.671551823616028
0.588390409946442,0.167450368404388,1.28287720680237,0.379231691360474,0.286290287971497,0.567794263362885,-0.672183692455292
0.588403940200806,0.167205065488815,1.28298330307007,0.378782004117966,0.285953342914581,0.567190885543823,-0.673089444637299
0.588414013385773,0.166912108659744,1.28305852413177,0.378135591745377,0.285436868667602,0.566722691059113,-0.674065828323364
0.588431477546692,0.166654407978058,1.28309893608093,0.377547353506088,0.284941971302032,0.566428303718567,-0.674851834774017
0.588557839393616,0.16650840640068,1.28322386741638,0.373927086591721,0.282182425260544,0.564075291156769,-0.679978489875793
0.588639557361603,0.166246116161346,1.28329169750214,0.375660598278046,0.283715754747391,0.56542956829071,-0.677254736423492
0.58871978521347,0.165933191776276,1.28335094451904,0.375155329704285,0.28299754858017,0.565364301204681,-0.67788952589035
0.588851451873779,0.16570371389389,1.28349840641022,0.372284740209579,0.279960095882416,0.563272953033447,-0.682458877563477
0.588827848434448,0.165213406085968,1.28340792655945,0.372576147317886,0.278250813484192,0.563920438289642,-0.682464241981506
0.588954269886017,0.16491274535656,1.28351044654846,0.374604254961014,0.280133455991745,0.565523445606232,-0.679249703884125
0.589039266109467,0.164606422185898,1.28355956077576,0.373935103416443,0.279467940330505,0.565370202064514,-0.680019617080688
0.589186608791351,0.164342075586319,1.28359818458557,0.373709410429001,0.278852164745331,0.565406680107117,-0.680366098880768
0.589231312274933,0.164097428321838,1.28368735313416,0.373228281736374,0.278672635555267,0.565341830253601,-0.680757582187653
0.589231312274933,0.164097428321838,1.28368735313416,0.373228281736374,0.278672635555267,0.565341830253601,-0.680757582187653
0.589503347873688,0.163677796721458,1.28388738632202,0.372058808803558,0.278894245624542,0.564777553081512,-0.68177455663681
0.589583039283752,0.163246154785156,1.28390276432037,0.371623605489731,0.278539687395096,0.564832091331482,-0.682111620903015
0.589653551578522,0.163157626986504,1.28388273715973,0.371559858322143,0.278455704450607,0.564771175384521,-0.682231068611145
0.589740216732025,0.16293540596962,1.28388512134552,0.371481895446777,0.278242021799088,0.564807653427124,-0.682330667972565
0.58974415063858,0.162631168961525,1.28385365009308,0.371941715478897,0.277511537075043,0.565309226512909,-0.681962072849274
0.589823961257935,0.162442073225975,1.28386843204498,0.371991604566574,0.277486562728882,0.565315842628479,-0.681939542293549
0.589908599853516,0.162169963121414,1.28391003608704,0.372167140245438,0.277533501386642,0.565496146678925,-0.681675016880035
0.589960515499115,0.161960959434509,1.28386950492859,0.372236758470535,0.277647435665131,0.565596997737885,-0.681507110595703
0.590008080005646,0.161776721477508,1.28386390209198,0.372248411178589,0.27769935131073,0.565689206123352,-0.681402921676636
0.590056478977203,0.161589443683624,1.28382933139801,0.372182160615921,0.277785092592239,0.565894484519958,-0.681233704090118
0.590083956718445,0.161394268274307,1.28381299972534,0.372128516435623,0.277773469686508,0.56599485874176,-0.681184351444244
0.590083956718445,0.161394268274307,1.28381299972534,0.372128516435623,0.277773469686508,0.56599485874176,-0.681184351444244
0.590132474899292,0.160932198166847,1.28369057178497,0.369620114564896,0.275183081626892,0.564754128456116,-0.684622645378113
0.590151488780975,0.160711869597435,1.28370523452759,0.369601100683212,0.275115698575974,0.564930737018585,-0.684514284133911
0.590367436408997,0.160540610551834,1.28376293182373,0.368556767702103,0.276129692792892,0.564145505428314,-0.685316145420074
0.590466737747192,0.160341620445251,1.28374803066254,0.368688434362411,0.275920003652573,0.564257621765137,-0.685237646102905
0.59048730134964,0.160179018974304,1.2837507724762,0.371335119009018,0.278618484735489,0.565873444080353,-0.681373059749603
0.588459968566895,0.160189494490623,1.28241407871246,0.365646630525589,0.283174455165863,0.565688073635101,-0.682723820209503
0.588455200195312,0.16007599234581,1.28236174583435,0.365612894296646,0.283254891633987,0.565676987171173,-0.682717621326447
0.588400721549988,0.159945964813232,1.28233051300049,0.365521550178528,0.283473163843155,0.565631508827209,-0.682713687419891
0.588394165039062,0.15983459353447,1.28226542472839,0.365485906600952,0.28352952003479,0.565595149993896,-0.682739555835724
0.588407576084137,0.159765660762787,1.28221142292023,0.365551501512527,0.283549338579178,0.565549790859222,-0.682733833789825
0.58839613199234,0.159715294837952,1.28216242790222,0.365598559379578,0.283636003732681,0.565488576889038,-0.682723343372345
0.588370621204376,0.159594088792801,1.28210365772247,0.365636974573135,0.283618241548538,0.565500855445862,-0.682699918746948
0.588404893875122,0.159616202116012,1.28203117847443,0.365484058856964,0.283908694982529,0.565260767936707,-0.682859778404236
0.588358163833618,0.159514099359512,1.28195595741272,0.365698128938675,0.283738672733307,0.565425038337708,-0.682679951190948
0.588213443756104,0.159394145011902,1.28182005882263,0.366194188594818,0.283257067203522,0.565942227840424,-0.682185173034668
0.588168323040009,0.159335911273956,1.28177547454834,0.36622217297554,0.283373713493347,0.566081285476685,-0.682006418704987
0.588089346885681,0.159277960658073,1.28176164627075,0.36613267660141,0.283540636301041,0.566109836101532,-0.681961357593536
0.588021099567413,0.159241139888763,1.28173816204071,0.366144478321075,0.283587694168091,0.566287934780121,-0.681787669658661
0.587950527667999,0.159248620271683,1.28171348571777,0.366038590669632,0.283835500478745,0.566346228122711,-0.681692898273468
0.587888479232788,0.15920540690422,1.28170073032379,0.366022199392319,0.283900558948517,0.566476702690125,-0.681566119194031
0.58789199590683,0.159232497215271,1.28177666664124,0.365514814853668,0.284610837697983,0.566162049770355,-0.681803703308105
0.587734341621399,0.159166097640991,1.2817040681839,0.365861654281616,0.284214824438095,0.566856622695923,-0.68120539188385
0.587669849395752,0.159170731902122,1.28176248073578,0.365203112363815,0.28498363494873,0.566648483276367,-0.681410670280457
0.58757746219635,0.159085333347321,1.28177428245544,0.365201711654663,0.285328328609466,0.566884994506836,-0.681070446968079
0.587508201599121,0.159003004431724,1.28180241584778,0.365197837352753,0.285415947437286,0.56712818145752,-0.680833399295807
0.587417483329773,0.158967822790146,1.28180658817291,0.36519056558609,0.285720676183701,0.567671477794647,-0.680256366729736
0.587348341941833,0.158920660614967,1.28181707859039,0.365145146846771,0.285822868347168,0.568005204200745,-0.679959118366241
0.587246298789978,0.158860325813293,1.28181886672974,0.365107238292694,0.285855382680893,0.568436741828918,-0.679605185985565
0.587180733680725,0.15879288315773,1.28183174133301,0.364985406398773,0.285840511322021,0.568723142147064,-0.679437220096588
0.587180733680725,0.15879288315773,1.28183174133301,0.364985406398773,0.285840511322021,0.568723142147064,-0.679437220096588
0.587056875228882,0.158671677112579,1.2819687128067,0.364459902048111,0.28585159778595,0.569319188594818,-0.679215431213379
0.587061107158661,0.158634915947914,1.28199529647827,0.364145427942276,0.285781651735306,0.569450795650482,-0.679303109645844
0.58705461025238,0.158550530672073,1.28202748298645,0.363983690738678,0.28539377450943,0.570048630237579,-0.679051578044891
0.587089717388153,0.15851117670536,1.28206944465637,0.363556355237961,0.285186529159546,0.570159554481506,-0.679274320602417
0.587089717388153,0.15851117670536,1.28206944465637,0.363556355237961,0.285186529159546,0.570159554481506,-0.679274320602417
0.586996972560883,0.158385023474693,1.28215932846069,0.364457160234451,0.283324003219604,0.571222543716431,-0.678677678108215
0.58692467212677,0.158169358968735,1.28212118148804,0.364529758691788,0.281886279582977,0.572641909122467,-0.678040862083435
0.587019681930542,0.158149167895317,1.28231716156006,0.363909900188446,0.282224386930466,0.571748554706573,-0.678986549377441
0.586998462677002,0.15793551504612,1.28231132030487,0.363930612802505,0.281109392642975,0.573055148124695,-0.678336143493652
0.587021172046661,0.157776743173599,1.28242897987366,0.363729417324066,0.280438303947449,0.573363780975342,-0.678460836410522
0.588553190231323,0.157934695482254,1.28264594078064,0.365978688001633,0.278031438589096,0.573085486888885,-0.678477168083191
0.588482141494751,0.157660156488418,1.28263473510742,0.366231143474579,0.276279956102371,0.573651254177094,-0.678578197956085
0.588571131229401,0.1575787961483,1.28277909755707,0.365614295005798,0.275590717792511,0.573716402053833,-0.679135859012604
0.588645994663239,0.157493695616722,1.28293228149414,0.365351408720016,0.275133788585663,0.574051141738892,-0.679179787635803
0.588677108287811,0.157347306609154,1.28304374217987,0.362592846155167,0.272162288427353,0.572919368743896,-0.682801306247711
0.587420880794525,0.156979441642761,1.28334927558899,0.358954399824142,0.274039775133133,0.573179602622986,-0.683753788471222
0.587420880794525,0.156979441642761,1.28334927558899,0.358954399824142,0.274039775133133,0.573179602622986,-0.683753788471222
0.58781224489212,0.156624138355255,1.2840096950531,0.356681436300278,0.275129467248917,0.573035299777985,-0.684626042842865
0.589415311813354,0.156563192605972,1.28373849391937,0.359586894512177,0.270926982164383,0.573452711105347,-0.684432625770569
0.587947487831116,0.156109780073166,1.28430485725403,0.355597823858261,0.273222744464874,0.573898613452911,-0.685229897499084
0.588991940021515,0.155917316675186,1.28417134284973,0.359110981225967,0.266869693994522,0.575146853923798,-0.684854686260223
0.587818920612335,0.15559846162796,1.2844705581665,0.355346024036407,0.268593192100525,0.575449109077454,-0.685890257358551
0.587913811206818,0.155407339334488,1.28469491004944,0.354510366916656,0.267508149147034,0.576671838760376,-0.685719668865204
0.589179515838623,0.155266836285591,1.28488719463348,0.354641020298004,0.265414655208588,0.5768061876297,-0.686352252960205
0.589142203330994,0.154624953866005,1.28619968891144,0.354016691446304,0.264650374650955,0.576525390148163,-0.687205076217651
0.589285254478455,0.15485754609108,1.28526020050049,0.352972120046616,0.263342827558517,0.576064467430115,-0.688629806041718
0.58921754360199,0.154180899262428,1.28665256500244,0.352433264255524,0.262989342212677,0.577714383602142,-0.687657952308655
0.589037835597992,0.154141813516617,1.28651940822601,0.350652694702148,0.262292265892029,0.576934456825256,-0.689486861228943
0.589037835597992,0.154141813516617,1.28651940822601,0.350652694702148,0.262292265892029,0.576934456825256,-0.689486861228943
0.588965594768524,0.15374755859375,1.2869439125061,0.350075662136078,0.25958514213562,0.578626334667206,-0.689386904239655
0.589029610157013,0.153590321540832,1.28717529773712,0.349290102720261,0.258665353059769,0.578842520713806,-0.68994927406311
0.589085817337036,0.153302162885666,1.28741240501404,0.348698943853378,0.257639527320862,0.580088973045349,-0.689585208892822
0.589145183563232,0.153090953826904,1.28763651847839,0.348339647054672,0.257279515266418,0.581322193145752,-0.688862264156342
0.589390158653259,0.152835994958878,1.28822457790375,0.348227381706238,0.25584551692009,0.580667614936829,-0.690004289150238
0.589685618877411,0.152569130063057,1.28855192661285,0.346854656934738,0.255707442760467,0.580058872699738,-0.691257774829865
0.589755535125732,0.152345180511475,1.28875887393951,0.345807909965515,0.254565477371216,0.580279469490051,-0.692018210887909
0.589755535125732,0.152345180511475,1.28875887393951,0.345807909965515,0.254565477371216,0.580279469490051,-0.692018210887909
0.589991331100464,0.151888936758041,1.28927183151245,0.344182193279266,0.252141088247299,0.580002844333649,-0.693945407867432
0.589977979660034,0.151829719543457,1.28918647766113,0.342730015516281,0.251169621944427,0.580342829227448,-0.694731712341309
0.590194165706635,0.151618644595146,1.28943049907684,0.34213450551033,0.249790593981743,0.58035796880722,-0.695509374141693
0.590238094329834,0.151337429881096,1.28962504863739,0.342138707637787,0.247241482138634,0.581222057342529,-0.695696711540222
0.590487957000732,0.151006117463112,1.28984403610229,0.342014521360397,0.245944455265999,0.580529570579529,-0.696794807910919
0.590729236602783,0.150896117091179,1.29004907608032,0.341565012931824,0.244622483849525,0.579860270023346,-0.698036730289459
0.591155767440796,0.150620341300964,1.29039561748505,0.339165806770325,0.243682980537414,0.579973101615906,-0.699440121650696
0.591421723365784,0.150339901447296,1.29062688350677,0.338680058717728,0.241906106472015,0.579432249069214,-0.700739324092865
0.591955304145813,0.150109380483627,1.2911536693573,0.3386390209198,0.239898771047592,0.579273462295532,-0.701580107212067
0.592318773269653,0.14989572763443,1.2913224697113,0.338530868291855,0.238577336072922,0.578658282756805,-0.702589750289917
0.592585563659668,0.149669647216797,1.29146289825439,0.337531089782715,0.236862495541572,0.578281760215759,-0.703959703445435
0.592892527580261,0.149454951286316,1.29164755344391,0.336512267589569,0.235360816121101,0.578689396381378,-0.704615831375122
0.593106985092163,0.149141415953636,1.29185795783997,0.336085587739944,0.233703881502151,0.57847011089325,-0.7055504322052
0.59297651052475,0.149168416857719,1.29151880741119,0.335502475500107,0.232080221176147,0.579571843147278,-0.705459654331207
0.593102514743805,0.149003446102142,1.29163110256195,0.334331661462784,0.23080538213253,0.579377353191376,-0.706592679023743
0.593176126480103,0.148812547326088,1.29173409938812,0.333086133003235,0.22983980178833,0.578369319438934,-0.708319306373596
0.593461751937866,0.14903162419796,1.29106688499451,0.332052379846573,0.227860867977142,0.579659998416901,-0.708388924598694
0.593366682529449,0.14841091632843,1.29213452339172,0.328903555870056,0.228402718901634,0.578883647918701,-0.710315763950348
0.593437016010284,0.148374542593956,1.29245316982269,0.32700589299202,0.228294640779495,0.578386247158051,-0.711630523204803
0.593289732933044,0.148111015558243,1.29246878623962,0.326299995183945,0.226323127746582,0.578823804855347,-0.712228357791901
0.593345403671265,0.148196518421173,1.2927827835083,0.320243328809738,0.222655951976776,0.580413043498993,-0.714835107326508
0.593291401863098,0.148130625486374,1.29300272464752,0.318798005580902,0.221361234784126,0.580280363559723,-0.71599018573761
0.593142688274384,0.147816509008408,1.29333794116974,0.319759160280228,0.217933088541031,0.581409752368927,-0.715696930885315
0.593229472637177,0.147675931453705,1.29355883598328,0.317278176546097,0.217618897557259,0.580533504486084,-0.717605471611023
0.593143880367279,0.147276967763901,1.29335331916809,0.315889447927475,0.215235725045204,0.580973982810974,-0.718579649925232
0.593178272247314,0.147046357393265,1.29362916946411,0.313460618257523,0.214991480112076,0.580195248126984,-0.720343410968781
0.592868626117706,0.147242993116379,1.29380524158478,0.313758492469788,0.212938636541366,0.580312013626099,-0.720729231834412
0.59267783164978,0.147698953747749,1.29346990585327,0.312028676271439,0.211567863821983,0.580187141895294,-0.721983432769775
0.592796206474304,0.146959021687508,1.2942430973053,0.310682713985443,0.210448175668716,0.579319655895233,-0.723585903644562
0.592077374458313,0.147614613175392,1.29374039173126,0.306838780641556,0.211490362882614,0.578310549259186,-0.725726366043091
0.592313349246979,0.147658303380013,1.29484307765961,0.307896286249161,0.209465146064758,0.577830076217651,-0.726248383522034
0.592072248458862,0.147540017962456,1.29498338699341,0.307394027709961,0.206640407443046,0.577858984470367,-0.727246761322021
0.592157423496246,0.147082462906837,1.29513585567474,0.306009232997894,0.205208584666252,0.576620519161224,-0.729216396808624
0.592261672019958,0.147156611084938,1.29551887512207,0.304122507572174,0.20481812953949,0.57492983341217,-0.731447041034698
0.592387318611145,0.14676459133625,1.29576396942139,0.30291748046875,0.203393846750259,0.57316255569458,-0.733727991580963
0.592441320419312,0.14692360162735,1.29613816738129,0.301370471715927,0.202367603778839,0.571566700935364,-0.735890448093414
0.59256899356842,0.14670404791832,1.29633295536041,0.300148755311966,0.200611457228661,0.570213139057159,-0.737917959690094
0.592818140983582,0.146212354302406,1.29678118228912,0.299951672554016,0.197604387998581,0.569491028785706,-0.739365696907043
0.592956840991974,0.146510064601898,1.29574942588806,0.29875636100769,0.195219188928604,0.567939102649689,-0.741673409938812
0.592980027198792,0.145802617073059,1.29701220989227,0.299202501773834,0.193172961473465,0.56649374961853,-0.743133187294006
0.593172907829285,0.146055772900581,1.29602301120758,0.300619930028915,0.192816689610481,0.559267461299896,-0.74811053276062
0.593332946300507,0.145804643630981,1.29620063304901,0.29932051897049,0.191358089447021,0.558047294616699,-0.74991512298584
0.593509376049042,0.145585179328918,1.29639279842377,0.297706842422485,0.189408540725708,0.556132137775421,-0.752470672130585
0.593605935573578,0.145193487405777,1.29661583900452,0.296329140663147,0.187426120042801,0.554671168327332,-0.754586338996887
0.593423366546631,0.144735306501388,1.29732644557953,0.290342152118683,0.18596063554287,0.55731600522995,-0.755327045917511
0.593818128108978,0.144240945577621,1.29793846607208,0.289399176836014,0.183608278632164,0.556064903736115,-0.757184267044067
0.594077527523041,0.144186824560165,1.29829323291779,0.287352293729782,0.182993650436401,0.553774774074554,-0.759786427021027
0.594102144241333,0.143830239772797,1.29835629463196,0.286885619163513,0.180688753724098,0.552621304988861,-0.761352777481079
0.594549119472504,0.143347606062889,1.29896056652069,0.285863280296326,0.178349301218987,0.551257967948914,-0.763274967670441
0.594648957252502,0.143146753311157,1.29911804199219,0.284873932600021,0.177182614803314,0.548666417598724,-0.765779614448547
0.594753682613373,0.14301273226738,1.29929184913635,0.283665776252747,0.175899758934975,0.546804785728455,-0.767852604389191
0.594753682613373,0.14301273226738,1.29929184913635,0.283665776252747,0.175899758934975,0.546804785728455,-0.767852604389191
0.594809055328369,0.142646789550781,1.29968369007111,0.282056659460068,0.171842843294144,0.54366672039032,-0.771583139896393
0.594890773296356,0.14241524040699,1.29983401298523,0.280772119760513,0.170291349291801,0.541867554187775,-0.773658454418182
0.594984233379364,0.142250910401344,1.30001580715179,0.280013233423233,0.169226676225662,0.53918331861496,-0.776039004325867
0.59534764289856,0.142610535025597,1.29907703399658,0.277815401554108,0.167926296591759,0.536848545074463,-0.778725385665894
0.595460832118988,0.142043352127075,1.30061256885529,0.276201546192169,0.168099135160446,0.533588349819183,-0.781497836112976
0.595581948757172,0.141906648874283,1.30075490474701,0.275008648633957,0.166613206267357,0.53165203332901,-0.783553719520569
0.595693826675415,0.141867846250534,1.30089044570923,0.27353885769844,0.164867267012596,0.529107868671417,-0.786155462265015
0.595637202262878,0.141797244548798,1.30097270011902,0.273649781942367,0.162854105234146,0.527476072311401,-0.787631571292877
0.595504879951477,0.141692638397217,1.30080306529999,0.272491037845612,0.161223843693733,0.525117218494415,-0.789941489696503
0.595884680747986,0.14142806828022,1.30132675170898,0.272298783063888,0.160031989216805,0.522143959999084,-0.79221773147583
0.595950663089752,0.141334280371666,1.3014805316925,0.27148973941803,0.158794045448303,0.519573032855988,-0.794431686401367
0.595944702625275,0.141389131546021,1.30129194259644,0.268735349178314,0.15861377120018,0.516680359840393,-0.797285676002502
0.595944702625275,0.141389131546021,1.30129194259644,0.268735349178314,0.15861377120018,0.516680359840393,-0.797285676002502
0.596153676509857,0.140920683741569,1.30175971984863,0.267793715000153,0.155900716781616,0.511579096317291,-0.801416516304016
0.595705032348633,0.140942454338074,1.30143058300018,0.265471309423447,0.155237644910812,0.509312748908997,-0.803757965564728
0.595730841159821,0.140849351882934,1.30149602890015,0.264564126729965,0.15424782037735,0.50668853521347,-0.805903494358063
0.595730841159821,0.140849351882934,1.30149602890015,0.264564126729965,0.15424782037735,0.50668853521347,-0.805903494358063
0.596277058124542,0.140976130962372,1.30103719234467,0.263806700706482,0.150273233652115,0.501407742500305,-0.810193955898285
0.596080720424652,0.140911966562271,1.30099165439606,0.263916224241257,0.147989585995674,0.49920317530632,-0.811938226222992
0.595470368862152,0.14061239361763,1.30179262161255,0.261450260877609,0.149093985557556,0.496281713247299,-0.814321339130402
0.595420300960541,0.14054536819458,1.30190074443817,0.260145246982574,0.147988364100456,0.494082897901535,-0.816275715827942
0.595785617828369,0.140371888875961,1.30257248878479,0.259778559207916,0.146661564707756,0.491477400064468,-0.818202555179596
0.595693409442902,0.140318036079407,1.30267310142517,0.258374363183975,0.145819425582886,0.489184468984604,-0.820169448852539
0.595592737197876,0.140255093574524,1.30282580852509,0.256100952625275,0.145813435316086,0.486850172281265,-0.822269856929779
0.595669806003571,0.140162542462349,1.30298566818237,0.252927035093307,0.145142421126366,0.484241127967834,-0.824907422065735
0.59555196762085,0.140126749873161,1.30312287807465,0.251072078943253,0.143879383802414,0.482021182775497,-0.826992988586426
0.59555196762085,0.140126749873161,1.30312287807465,0.251072078943253,0.143879383802414,0.482021182775497,-0.826992988586426
0.595363736152649,0.140094667673111,1.30336892604828,0.24887415766716,0.142577767372131,0.476304411888123,-0.831184387207031
0.595303535461426,0.140595495700836,1.3021696805954,0.24805860221386,0.139963716268539,0.473762065172195,-0.833322644233704
0.594962179660797,0.139902323484421,1.30359649658203,0.246053844690323,0.140811488032341,0.471292227506638,-0.835172593593597
0.594962179660797,0.139902323484421,1.30359649658203,0.246053844690323,0.140811488032341,0.471292227506638,-0.835172593593597
0.594834625720978,0.140431761741638,1.30240976810455,0.243612661957741,0.137310937047005,0.465964823961258,-0.839449465274811
0.594415605068207,0.140274107456207,1.3026374578476,0.242178216576576,0.136360555887222,0.463835537433624,-0.841196835041046
0.594218075275421,0.14025790989399,1.30273878574371,0.240959197282791,0.135539099574089,0.46111848950386,-0.843171179294586
0.593593835830688,0.13965579867363,1.30363607406616,0.238715797662735,0.135844260454178,0.459010720252991,-0.844908356666565
0.593360483646393,0.139680907130241,1.30376386642456,0.237211674451828,0.134905308485031,0.456571221351623,-0.846802115440369
0.593295335769653,0.139446437358856,1.30435025691986,0.236285150051117,0.134298056364059,0.453872114419937,-0.848606824874878
0.593320786952972,0.140132218599319,1.30296051502228,0.235687181353569,0.131608635187149,0.450899600982666,-0.850776314735413
0.592181622982025,0.139513343572616,1.30404984951019,0.231938257813454,0.133142754435539,0.449285328388214,-0.852420389652252
0.592660486698151,0.140043973922729,1.30351161956787,0.232602208852768,0.130739122629166,0.446204215288162,-0.854227900505066
0.592414021492004,0.14000740647316,1.30362558364868,0.231296226382255,0.129964217543602,0.443607419729233,-0.856051325798035
0.59222137928009,0.140026226639748,1.30330324172974,0.230578482151031,0.129100501537323,0.440606355667114,-0.857923448085785
0.591962695121765,0.139980927109718,1.30338299274445,0.229374557733536,0.128205135464668,0.438347071409225,-0.859536290168762
0.591314911842346,0.139253258705139,1.30518186092377,0.226047426462173,0.130349084734917,0.436002343893051,-0.861286044120789
0.591228187084198,0.139919504523277,1.30402326583862,0.225533053278923,0.127995207905769,0.433593690395355,-0.862988233566284
0.590805768966675,0.139887735247612,1.30413246154785,0.224087730050087,0.127717718482017,0.431395649909973,-0.864506006240845
0.590259194374084,0.139182403683662,1.30553185939789,0.222129955887794,0.129050999879837,0.429430812597275,-0.865790665149689
0.589764297008514,0.139161139726639,1.30560803413391,0.222614333033562,0.128185883164406,0.427698910236359,-0.866651654243469
0.589747726917267,0.139603450894356,1.30420529842377,0.223499298095703,0.124746590852737,0.425893127918243,-0.867814183235168
0.58908075094223,0.139487832784653,1.30457055568695,0.221565335988998,0.124819003045559,0.424232214689255,-0.869112312793732
0.588976204395294,0.139687791466713,1.30469977855682,0.218260154128075,0.126226544380188,0.420891731977463,-0.871366500854492
0.588428437709808,0.139439150691032,1.30473470687866,0.220303788781166,0.123727209866047,0.420250684022903,-0.871520042419434
0.588260591030121,0.139465615153313,1.30467224121094,0.219980001449585,0.122962437570095,0.418253988027573,-0.872669816017151
0.588163077831268,0.138841450214386,1.30465996265411,0.217954456806183,0.1220418587327,0.41656169295311,-0.874115586280823
0.587881803512573,0.139057040214538,1.30503284931183,0.213080734014511,0.124517016112804,0.413108617067337,-0.876603305339813
0.58760803937912,0.139036446809769,1.30514478683472,0.212182104587555,0.123990826308727,0.411201149225235,-0.877792000770569
0.587237536907196,0.13906329870224,1.3053765296936,0.211504831910133,0.1238813996315,0.409121960401535,-0.878941595554352
0.587153673171997,0.139343068003654,1.30528271198273,0.211497217416763,0.123066842556,0.406607091426849,-0.880223989486694
0.586914479732513,0.139282345771789,1.30551373958588,0.210242941975594,0.123254381120205,0.404667496681213,-0.881391286849976
0.586536347866058,0.138784781098366,1.30555891990662,0.208451449871063,0.122440353035927,0.40345287322998,-0.882486343383789
0.586536347866058,0.138784781098366,1.30555891990662,0.208451449871063,0.122440353035927,0.40345287322998,-0.882486343383789
0.585799634456635,0.138788282871246,1.30612897872925,0.206809133291245,0.123132325708866,0.39895024895668,-0.884820401668549
0.58569598197937,0.138752460479736,1.30606007575989,0.206212401390076,0.122316062450409,0.397212028503418,-0.885854303836823
0.58569598197937,0.138752460479736,1.30606007575989,0.206212401390076,0.122316062450409,0.397212028503418,-0.885854303836823
0.585004448890686,0.138600707054138,1.30633473396301,0.204421252012253,0.122510880231857,0.393147826194763,-0.888052880764008
0.584709227085114,0.138589754700661,1.30643653869629,0.203651279211044,0.121921315789223,0.39177393913269,-0.888917684555054
0.58428430557251,0.138542294502258,1.30678927898407,0.202413037419319,0.122608207166195,0.39011225104332,-0.889836251735687
0.583989500999451,0.138518452644348,1.30690407752991,0.201669663190842,0.122630350291729,0.388024359941482,-0.890914380550385
0.582350611686707,0.138114005327225,1.30726623535156,0.197698935866356,0.12457862496376,0.387874603271484,-0.891598880290985
0.583223521709442,0.138437703251839,1.30726730823517,0.199673727154732,0.122634135186672,0.38547557592392,-0.892468452453613
0.583001017570496,0.13839727640152,1.30740892887115,0.199772104620934,0.122329205274582,0.384608060121536,-0.892862439155579
0.582754909992218,0.138465136289597,1.30756163597107,0.199632883071899,0.122668042778969,0.382806450128555,-0.89362096786499
0.582268536090851,0.137820556759834,1.30891919136047,0.19831694662571,0.124350339174271,0.382310748100281,-0.893893659114838
0.582013309001923,0.137851938605309,1.30900299549103,0.198289707303047,0.124794714152813,0.381197869777679,-0.894312918186188
0.581701576709747,0.137921750545502,1.30905175209045,0.19794200360775,0.124901488423347,0.379010945558548,-0.895304024219513
0.581435441970825,0.138007417321205,1.30908155441284,0.1977329403162,0.125121101737022,0.378380537033081,-0.895586133003235
0.581131637096405,0.138134121894836,1.30908524990082,0.19699202477932,0.125466883182526,0.379179060459137,-0.895363390445709
0.580833733081818,0.138286083936691,1.30911386013031,0.197253420948982,0.126028448343277,0.377879440784454,-0.895776271820068
0.580575942993164,0.138412579894066,1.30913066864014,0.197346776723862,0.126273989677429,0.377658724784851,-0.895814180374146
0.580800175666809,0.139473110437393,1.30734825134277,0.198729872703552,0.124054752290249,0.376616209745407,-0.896257281303406
0.580518484115601,0.139713197946548,1.30755472183228,0.198850572109222,0.124680608510971,0.375844687223434,-0.896467566490173
0.579852283000946,0.139135003089905,1.30907118320465,0.19748842716217,0.127373337745667,0.37609651684761,-0.896284401416779
0.579485893249512,0.139397978782654,1.30905330181122,0.197529271245003,0.128005504608154,0.376281857490539,-0.89610755443573
0.57903516292572,0.140057116746902,1.30829739570618,0.198008835315704,0.128033608198166,0.375001847743988,-0.896534264087677
0.579254567623138,0.140662521123886,1.30757260322571,0.199809417128563,0.127775833010673,0.375148713588715,-0.896109879016876
0.579036176204681,0.140999093651771,1.30753374099731,0.200140744447708,0.128336831927299,0.375060200691223,-0.895992875099182
0.578615248203278,0.140634998679161,1.30872440338135,0.199529618024826,0.130426600575447,0.375168681144714,-0.895781934261322
0.578391075134277,0.140934139490128,1.30865693092346,0.199908271431923,0.130923762917519,0.375308901071548,-0.895566284656525
0.578042924404144,0.141478806734085,1.30810034275055,0.200043395161629,0.131140887737274,0.375296890735626,-0.895509302616119
0.577873945236206,0.141791760921478,1.30802011489868,0.200456216931343,0.131301358342171,0.375353366136551,-0.895369827747345
0.577728509902954,0.142195254564285,1.30794489383698,0.200575023889542,0.131244689226151,0.375503331422806,-0.895288646221161
0.576740741729736,0.142772808670998,1.30716776847839,0.199196502566338,0.131770953536034,0.375953704118729,-0.895330131053925
0.577640235424042,0.142766118049621,1.30811882019043,0.201362267136574,0.131344139575958,0.375833868980408,-0.89495861530304
0.57741367816925,0.14312070608139,1.30801606178284,0.201458513736725,0.131430432200432,0.375958472490311,-0.894871950149536
0.576308965682983,0.143806129693985,1.30689549446106,0.19983384013176,0.131640031933784,0.376395642757416,-0.895021617412567
0.577360272407532,0.144462838768959,1.30667078495026,0.202834978699684,0.12972517311573,0.375534445047378,-0.894987881183624
0.577196538448334,0.144954666495323,1.30673444271088,0.203280001878738,0.130026638507843,0.375172078609466,-0.894995152950287
0.577130854129791,0.145034894347191,1.30658721923828,0.202914044260979,0.129286512732506,0.375413805246353,-0.895084083080292
0.5769864320755,0.145329520106316,1.3065789937973,0.202752977609634,0.129074260592461,0.37565752863884,-0.895048856735229
0.576816916465759,0.145647123456001,1.3065550327301,0.202970594167709,0.128932952880859,0.375765562057495,-0.894974589347839
0.57665890455246,0.145873814821243,1.30654656887054,0.203110709786415,0.128780826926231,0.375808835029602,-0.89494663476944
0.576476454734802,0.146183788776398,1.30653846263885,0.203235805034637,0.12877756357193,0.375739097595215,-0.89494788646698
0.57630330324173,0.146396785974503,1.30648934841156,0.203451260924339,0.128917619585991,0.37517836689949,-0.895113945007324
0.576358616352081,0.146747097373009,1.30620551109314,0.203874260187149,0.128276884555817,0.375129878520966,-0.895130097866058
0.576157510280609,0.146972507238388,1.30618333816528,0.203637450933456,0.128019139170647,0.375458002090454,-0.895083427429199
0.575989782810211,0.147204697132111,1.30617153644562,0.203537821769714,0.12797237932682,0.375386148691177,-0.895142793655396
0.575789391994476,0.147444248199463,1.30620694160461,0.203533217310905,0.128021493554115,0.375553667545319,-0.895066559314728
0.574079930782318,0.147289961576462,1.30654907226562,0.199908211827278,0.130620196461677,0.376565039157867,-0.895083248615265
0.573894858360291,0.14741376042366,1.30651092529297,0.200066968798637,0.130760833621025,0.376388043165207,-0.8951016664505
0.573589384555817,0.147539705038071,1.30650806427002,0.200424924492836,0.130566969513893,0.376616954803467,-0.894953548908234
0.573423564434052,0.147740721702576,1.30635869503021,0.199961125850677,0.130094349384308,0.376778036355972,-0.895058333873749
0.573464691638947,0.148046642541885,1.30630147457123,0.199489638209343,0.130216181278229,0.376234710216522,-0.895374298095703
0.573132812976837,0.148161828517914,1.30627346038818,0.199807375669479,0.129982784390449,0.37678250670433,-0.89510703086853
0.572968900203705,0.148398488759995,1.30621218681335,0.19979764521122,0.129836603999138,0.37656357884407,-0.89522248506546
0.572835564613342,0.14865480363369,1.30617105960846,0.199605286121368,0.129678636789322,0.376522719860077,-0.895305454730988
0.572735607624054,0.148808762431145,1.30615234375,0.199320733547211,0.129308775067329,0.376486510038376,-0.895437657833099
0.572647988796234,0.148965388536453,1.30611002445221,0.19925545156002,0.129137560725212,0.376476615667343,-0.895480930805206
0.572545289993286,0.149174124002457,1.30605924129486,0.199146032333374,0.128921195864677,0.376527160406113,-0.895515322685242
0.572464227676392,0.149426698684692,1.30589938163757,0.199128076434135,0.128569439053535,0.376414030790329,-0.895617365837097
0.57233864068985,0.149612903594971,1.30576014518738,0.19903127849102,0.128261253237724,0.376570135354996,-0.895617425441742
0.572180509567261,0.149806514382362,1.30567502975464,0.198452100157738,0.128327935934067,0.376624912023544,-0.895713329315186
0.57211697101593,0.149944886565208,1.30564200878143,0.198510766029358,0.128160864114761,0.376552253961563,-0.895754873752594
0.57211697101593,0.149944886565208,1.30564200878143,0.198510766029358,0.128160864114761,0.376552253961563,-0.895754873752594
0.571976065635681,0.150265157222748,1.3056001663208,0.199011474847793,0.127660810947418,0.377228200435638,-0.895430743694305
0.571852445602417,0.150418356060982,1.30554163455963,0.199063092470169,0.1276535987854,0.377540290355682,-0.89528876543045
0.571762919425964,0.150557488203049,1.30546534061432,0.199255600571632,0.127675771713257,0.37781623005867,-0.895126283168793
0.573374032974243,0.150149449706077,1.30709791183472,0.202729538083076,0.127235099673271,0.377846211194992,-0.89439594745636
0.57330733537674,0.150313198566437,1.30706548690796,0.20296436548233,0.127411052584648,0.378823310136795,-0.893904209136963
0.573281526565552,0.150502040982246,1.30687749385834,0.203350678086281,0.127487510442734,0.379321306943893,-0.893594324588776
0.573244214057922,0.150715976953506,1.30680823326111,0.203888043761253,0.127677783370018,0.380000114440918,-0.893156230449677
0.573231399059296,0.150840520858765,1.30672001838684,0.20449997484684,0.128142088651657,0.380887508392334,-0.892571628093719
0.573231279850006,0.150951504707336,1.30663800239563,0.204855859279633,0.128275617957115,0.382392197847366,-0.89182710647583
0.573284387588501,0.151087582111359,1.30654799938202,0.206243604421616,0.129298329353332,0.383124470710754,-0.891044974327087
0.573239982128143,0.151246726512909,1.30642807483673,0.207348763942719,0.130194693803787,0.384582251310349,-0.89002937078476
0.573207855224609,0.151389524340629,1.30627357959747,0.208248555660248,0.130998432636261,0.385017395019531,-0.88951313495636
0.573474109172821,0.151937127113342,1.30578935146332,0.209913268685341,0.131062150001526,0.386524468660355,-0.888458251953125
0.573372960090637,0.152086868882179,1.30555760860443,0.211077690124512,0.132321074604988,0.387743145227432,-0.887464225292206
0.57338410615921,0.152265161275864,1.30524492263794,0.211827591061592,0.132960751652718,0.389651000499725,-0.886353611946106
0.570443689823151,0.152627095580101,1.30297839641571,0.206895068287849,0.136368736624718,0.393028229475021,-0.885509371757507
0.573096215724945,0.1522027105093,1.3050183057785,0.213649198412895,0.135964184999466,0.393609493970871,-0.883707702159882
0.570375978946686,0.153002873063087,1.30254638195038,0.209342509508133,0.139605611562729,0.39639088511467,-0.882927119731903
0.570346772670746,0.153175190091133,1.30228543281555,0.210576191544533,0.140925869345665,0.398516118526459,-0.881466090679169
0.573474049568176,0.153143405914307,1.30402052402496,0.219143360853195,0.140052184462547,0.399601310491562,-0.879022419452667
0.570479929447174,0.153400987386703,1.30168747901917,0.214485302567482,0.144177779555321,0.403626322746277,-0.87766432762146
0.570431411266327,0.153635323047638,1.30155861377716,0.216427385807037,0.146411180496216,0.406092554330826,-0.875677883625031
0.573266565799713,0.153443649411201,1.30387997627258,0.225478410720825,0.14705054461956,0.407698124647141,-0.872535347938538
0.573310136795044,0.153270050883293,1.30372047424316,0.227992057800293,0.1495081782341,0.410631477832794,-0.870085477828979
0.573725521564484,0.153979793190956,1.30340874195099,0.22968615591526,0.152151852846146,0.413157433271408,-0.867983400821686
0.573683202266693,0.154114603996277,1.30336916446686,0.232595041394234,0.155059739947319,0.416843563318253,-0.864926278591156
0.573119401931763,0.153613522648811,1.30355155467987,0.237345337867737,0.156688645482063,0.422539412975311,-0.860567450523376
0.573098957538605,0.15390282869339,1.30326783657074,0.238315358757973,0.160001114010811,0.42604798078537,-0.857956051826477
0.572944402694702,0.153968155384064,1.30331707000732,0.241879612207413,0.162596046924591,0.430608719587326,-0.854185461997986
0.572827160358429,0.154140487313271,1.30304801464081,0.243890017271042,0.165489017963409,0.435224920511246,-0.850711703300476
0.572681903839111,0.154328390955925,1.30282306671143,0.246136859059334,0.168516278266907,0.43880221247673,-0.84762704372406
0.572629749774933,0.154862552881241,1.30250191688538,0.247865691781044,0.172250673174858,0.44116747379303,-0.845141172409058
0.572629749774933,0.154862552881241,1.30250191688538,0.247865691781044,0.172250673174858,0.44116747379303,-0.845141172409058
0.572286784648895,0.155080288648605,1.30187833309174,0.25178536772728,0.178934842348099,0.451071202754974,-0.837329864501953
0.569074988365173,0.155888900160789,1.29907143115997,0.246613338589668,0.185949683189392,0.45871576666832,-0.833177387714386
0.568998754024506,0.156141877174377,1.29886674880981,0.246886894106865,0.191151991486549,0.465714514255524,-0.828020393848419
0.57164204120636,0.155704498291016,1.30101704597473,0.256332516670227,0.192236751317978,0.468640118837357,-0.823234498500824
0.56847882270813,0.156460464000702,1.29830586910248,0.251570254564285,0.200359478592873,0.478826344013214,-0.816880583763123
0.568179726600647,0.156590059399605,1.29804730415344,0.261003196239471,0.206118315458298,0.472248435020447,-0.81631737947464
0.570560812950134,0.156195968389511,1.30002200603485,0.270011514425278,0.20665018260479,0.476156115531921,-0.810965359210968
0.570082008838654,0.156333208084106,1.29946911334991,0.275304049253464,0.211038783192634,0.480966836214065,-0.805196464061737
0.56993567943573,0.157078713178635,1.29890179634094,0.280089795589447,0.216237992048263,0.4848393201828,-0.799826085567474
0.569570481777191,0.157213717699051,1.29858672618866,0.284436345100403,0.221911638975143,0.48867005109787,-0.794388294219971
0.569230198860168,0.157493069767952,1.29825949668884,0.287519872188568,0.22857366502285,0.492019981145859,-0.789305329322815
0.566947340965271,0.157910272479057,1.29635035991669,0.287105053663254,0.236830770969391,0.496665149927139,-0.784095466136932
0.56659197807312,0.158146917819977,1.29603564739227,0.292192548513412,0.242829501628876,0.500759959220886,-0.777751266956329
0.566226184368134,0.158334016799927,1.29554915428162,0.297068208456039,0.247614592313766,0.504963994026184,-0.771653413772583
0.565907955169678,0.158604055643082,1.295201420784,0.303484261035919,0.254071235656738,0.505917072296143,-0.76641571521759
0.565667331218719,0.158809751272202,1.29491543769836,0.307803153991699,0.25998717546463,0.509635627269745,-0.760220646858215
0.565347671508789,0.159177511930466,1.29459881782532,0.312927633523941,0.266407579183578,0.513383626937866,-0.753352999687195
0.565012276172638,0.15940260887146,1.29420840740204,0.317903012037277,0.272477746009827,0.51752245426178,-0.746233284473419
0.564619958400726,0.159670829772949,1.2938197851181,0.322086960077286,0.278431445360184,0.52106773853302,-0.739746153354645
0.564126908779144,0.160434991121292,1.29322969913483,0.326672196388245,0.284270852804184,0.524699747562408,-0.732915818691254
0.563734889030457,0.160766869783401,1.29286873340607,0.329897880554199,0.289792120456696,0.530824482440948,-0.724853992462158
0.563734889030457,0.160766869783401,1.29286873340607,0.329897880554199,0.289792120456696,0.530824482440948,-0.724853992462158
0.562832474708557,0.161268711090088,1.29171645641327,0.338082998991013,0.299875885248184,0.537254273891449,-0.712132275104523
0.562499284744263,0.161349758505821,1.29138088226318,0.341835588216782,0.3055280148983,0.536431849002838,-0.708549201488495
0.561434328556061,0.161879986524582,1.29030466079712,0.344352632761002,0.313348412513733,0.542286276817322,-0.699399471282959
0.561653673648834,0.162058472633362,1.28997898101807,0.349209427833557,0.317659497261047,0.544141292572021,-0.693581640720367
0.561456382274628,0.162545472383499,1.28943860530853,0.350498586893082,0.323186457157135,0.543098390102386,-0.691191375255585
0.561108827590942,0.162785917520523,1.28891026973724,0.353715658187866,0.327927947044373,0.544720351696014,-0.686023533344269
0.560800850391388,0.163108810782433,1.28829729557037,0.356578439474106,0.332738816738129,0.545510411262512,-0.681582808494568
0.560654282569885,0.163488164544106,1.28755974769592,0.359596520662308,0.337306916713715,0.545908987522125,-0.67741996049881
0.560425281524658,0.163819029927254,1.28702700138092,0.362866073846817,0.342041403055191,0.546254813671112,-0.67300933599472
0.560160160064697,0.164107084274292,1.28644216060638,0.365997225046158,0.346808046102524,0.546411335468292,-0.668733775615692
0.560086727142334,0.164472788572311,1.28592205047607,0.368620574474335,0.351263433694839,0.546121060848236,-0.665195286273956
0.55987960100174,0.164774179458618,1.28537845611572,0.371079683303833,0.354917168617248,0.545894145965576,-0.662067532539368
0.559131145477295,0.165233790874481,1.2844774723053,0.372782737016678,0.360547989606857,0.545782566070557,-0.658148527145386
0.559581756591797,0.165400505065918,1.28428065776825,0.376620411872864,0.362328141927719,0.545348346233368,-0.655340075492859
0.5598965883255,0.165512263774872,1.2841819524765,0.38044136762619,0.364880234003067,0.545298218727112,-0.651749014854431
0.559737384319305,0.165769577026367,1.28364396095276,0.384205281734466,0.369946807622909,0.547164797782898,-0.645086407661438
0.559544205665588,0.16601000726223,1.28307199478149,0.386198729276657,0.373233079910278,0.54633617401123,-0.642700910568237
0.558987379074097,0.166446596384048,1.28198277950287,0.387018769979477,0.376661241054535,0.545519113540649,-0.640899002552032
0.558449506759644,0.166568905115128,1.28129386901855,0.390565395355225,0.376860678195953,0.547052264213562,-0.637313663959503
0.558248400688171,0.166893303394318,1.2807035446167,0.390053778886795,0.37750306725502,0.545322239398956,-0.638727784156799
0.55819845199585,0.16719314455986,1.2801468372345,0.392504245042801,0.380386203527451,0.54580944776535,-0.635089755058289
0.558102130889893,0.167337387800217,1.27973365783691,0.392202585935593,0.382958233356476,0.543976306915283,-0.635303020477295
0.558270812034607,0.16736251115799,1.2796459197998,0.3926020860672,0.382240235805511,0.541180968284607,-0.637870848178864
0.558098137378693,0.167635232210159,1.27923059463501,0.393169969320297,0.38383811712265,0.539801776409149,-0.637730181217194
0.557686805725098,0.168024256825447,1.278244972229,0.393065005540848,0.385273098945618,0.538739264011383,-0.637828052043915
0.557547271251678,0.168142318725586,1.27797949314117,0.393489688634872,0.386628866195679,0.536928296089172,-0.638272762298584
0.557348132133484,0.168395459651947,1.27767729759216,0.394050031900406,0.387442231178284,0.535446286201477,-0.638678729534149
0.557148575782776,0.168609023094177,1.2774031162262,0.394617468118668,0.388388395309448,0.533456146717072,-0.639418601989746
0.557257473468781,0.16863289475441,1.27749586105347,0.395886600017548,0.388441026210785,0.532033026218414,-0.63978773355484
0.55591082572937,0.169224783778191,1.27638006210327,0.395077496767044,0.390437394380569,0.530900061130524,-0.640013694763184
0.555774390697479,0.169424489140511,1.27616167068481,0.395514369010925,0.391045749187469,0.528802812099457,-0.641107797622681
0.556165397167206,0.169561222195625,1.27617478370667,0.396894454956055,0.390653669834137,0.527311444282532,-0.641722083091736
0.556007444858551,0.169781595468521,1.27588081359863,0.397277414798737,0.391105711460114,0.524994313716888,-0.643108129501343
0.556007444858551,0.169781595468521,1.27588081359863,0.397277414798737,0.391105711460114,0.524994313716888,-0.643108129501343
0.555712044239044,0.169990241527557,1.27549207210541,0.396886050701141,0.392184257507324,0.520259201526642,-0.646531879901886
0.55583381652832,0.170055776834488,1.27565920352936,0.398012608289719,0.391785532236099,0.518179357051849,-0.64775025844574
0.555279076099396,0.170294359326363,1.27526688575745,0.39741787314415,0.392835944890976,0.515724420547485,-0.649436116218567
0.555520534515381,0.169999480247498,1.27531814575195,0.396548688411713,0.393107175827026,0.51342499256134,-0.651621639728546
0.555204153060913,0.17026549577713,1.27505016326904,0.396304219961166,0.393693566322327,0.511428356170654,-0.652985036373138
0.554577350616455,0.170711576938629,1.27441501617432,0.395617038011551,0.395084708929062,0.508784532546997,-0.654624879360199
0.554248809814453,0.170911535620689,1.27415215969086,0.395600736141205,0.395629703998566,0.506836950778961,-0.655815184116364
0.553262770175934,0.171526357531547,1.27361238002777,0.39490619301796,0.397389113903046,0.504708707332611,-0.656810641288757
0.553065001964569,0.171772211790085,1.27344989776611,0.395178705453873,0.397802382707596,0.502843797206879,-0.657826244831085
0.553480446338654,0.171587198972702,1.27355456352234,0.396969199180603,0.39776673913002,0.502205193042755,-0.657257199287415
0.553310990333557,0.171826183795929,1.27342486381531,0.397582054138184,0.39806318283081,0.500153362751007,-0.658271193504333
0.553216934204102,0.172026798129082,1.27328526973724,0.398188382387161,0.398127943277359,0.498053014278412,-0.65945690870285
0.553140938282013,0.172151833772659,1.27317404747009,0.398787051439285,0.398087680339813,0.495495229959488,-0.661044359207153
0.553020238876343,0.172367796301842,1.27301931381226,0.394854158163071,0.396516531705856,0.498626947402954,-0.66199404001236
0.552939832210541,0.172572374343872,1.27278423309326,0.400098532438278,0.398110508918762,0.4908467233181,-0.663700819015503
0.552180707454681,0.172790288925171,1.27223598957062,0.399246394634247,0.399498134851456,0.487905383110046,-0.665546417236328
0.552865862846375,0.173118859529495,1.27243769168854,0.39922097325325,0.399840325117111,0.483925580978393,-0.668256282806396
0.552633941173553,0.173304691910744,1.27222764492035,0.399383932352066,0.4000503718853,0.48142459988594,-0.669837653636932
0.552099525928497,0.173200383782387,1.27197170257568,0.401161670684814,0.398651480674744,0.481548577547073,-0.669520199298859
0.551751375198364,0.173378765583038,1.27176785469055,0.401199966669083,0.398984342813492,0.479612410068512,-0.670687794685364
0.551425874233246,0.173518866300583,1.27157509326935,0.400966018438339,0.399157762527466,0.477850526571274,-0.671980857849121
0.551053047180176,0.173724606633186,1.27138495445251,0.400886297225952,0.398938119411469,0.474430650472641,-0.674576997756958
0.550717532634735,0.173888087272644,1.27119433879852,0.400972038507461,0.399899393320084,0.474230051040649,-0.674097836017609
0.550415098667145,0.173971831798553,1.27108871936798,0.400822460651398,0.400105774402618,0.472486943006516,-0.675287246704102
0.5501509308815,0.174146115779877,1.27099394798279,0.400765240192413,0.400607854127884,0.470726132392883,-0.676252603530884
0.549872219562531,0.174288809299469,1.27093434333801,0.401036649942398,0.400913149118423,0.469343692064285,-0.676871299743652
0.551053106784821,0.174614667892456,1.27024531364441,0.404356747865677,0.398069351911545,0.468989074230194,-0.676820337772369
0.550809741020203,0.174811214208603,1.27022063732147,0.404740929603577,0.398581236600876,0.467402726411819,-0.67738664150238
0.550537467002869,0.17485299706459,1.27019119262695,0.404947459697723,0.398886293172836,0.466347068548203,-0.677811026573181
0.550324141979218,0.175002545118332,1.27013170719147,0.405213594436646,0.399252593517303,0.464457243680954,-0.678733289241791
0.550085246562958,0.175073981285095,1.2701131105423,0.40529465675354,0.39967668056488,0.463486522436142,-0.679098844528198
0.549936473369598,0.175152361392975,1.2700856924057,0.405625462532043,0.399282872676849,0.46068599820137,-0.681035757064819
0.549742043018341,0.175217196345329,1.2700377702713,0.406322240829468,0.400274902582169,0.460657656192779,-0.680056512355804
0.549571812152863,0.175342470407486,1.26998734474182,0.406815588474274,0.400367379188538,0.459328651428223,-0.68060576915741
0.549443125724792,0.17545560002327,1.26994490623474,0.406967401504517,0.40036153793335,0.457968235015869,-0.681434750556946
0.549342036247253,0.175483375787735,1.26991438865662,0.406811207532883,0.399560362100601,0.455494701862335,-0.683652520179749
0.549245953559875,0.175572037696838,1.26986610889435,0.407328188419342,0.399845451116562,0.455195218324661,-0.68337744474411
0.549105644226074,0.175629958510399,1.26982021331787,0.407373547554016,0.399701833724976,0.453551232814789,-0.684526383876801
0.548982501029968,0.175717562437057,1.26976716518402,0.407388895750046,0.399534285068512,0.452437311410904,-0.685351848602295
0.548833072185516,0.175750449299812,1.26972472667694,0.407466173171997,0.399303138256073,0.451004207134247,-0.686384439468384
0.548606932163239,0.17577514052391,1.2696545124054,0.40735399723053,0.399511724710464,0.449767887592316,-0.68714052438736
0.548394083976746,0.175801753997803,1.26956820487976,0.407464593648911,0.399680972099304,0.447947114706039,-0.688165068626404
0.548111379146576,0.175890237092972,1.26947343349457,0.407582849264145,0.400151133537292,0.446788907051086,-0.688574492931366
0.547829985618591,0.175861313939094,1.26936674118042,0.407671093940735,0.400964915752411,0.445500940084457,-0.688883483409882
0.547809898853302,0.176146954298019,1.2692506313324,0.405198097229004,0.403393059968948,0.44126358628273,-0.69164651632309
0.547541558742523,0.176141902804375,1.26914262771606,0.40582138299942,0.404230713844299,0.439268559217453,-0.692061901092529
0.547277808189392,0.176136538386345,1.26902806758881,0.405893623828888,0.404753804206848,0.438270419836044,-0.692346572875977
0.547063589096069,0.17614209651947,1.26893365383148,0.405910551548004,0.405062943696976,0.437313467264175,-0.692760825157166
0.546872615814209,0.176211073994637,1.26884186267853,0.405813366174698,0.405209124088287,0.436250925064087,-0.69340193271637
0.546661138534546,0.176194548606873,1.26879680156708,0.40596866607666,0.405173480510712,0.435910731554031,-0.693545877933502
0.54649692773819,0.176181271672249,1.268763422966,0.405733942985535,0.405244141817093,0.435336202383041,-0.694002568721771
0.546327412128448,0.176171198487282,1.26875126361847,0.405431747436523,0.40516996383667,0.434491604566574,-0.694751441478729
0.546327412128448,0.176171198487282,1.26875126361847,0.405431747436523,0.40516996383667,0.434491604566574,-0.694751441478729
0.545966804027557,0.176065683364868,1.26878452301025,0.404566019773483,0.405146479606628,0.433905452489853,-0.695635557174683
0.545784831047058,0.176000520586967,1.26880133152008,0.40411239862442,0.40511953830719,0.433656722307205,-0.696069836616516
0.545608758926392,0.175964683294296,1.26883029937744,0.403662025928497,0.40504640340805,0.432910948991776,-0.696837484836578
0.545350909233093,0.175917118787766,1.2688934803009,0.403403371572495,0.405476480722427,0.432113766670227,-0.697232007980347
0.545196354389191,0.175817281007767,1.26887655258179,0.402753829956055,0.405271023511887,0.432414650917053,-0.697540283203125
0.545088708400726,0.175805509090424,1.26888239383698,0.402304768562317,0.40523573756218,0.432301431894302,-0.697889983654022
0.544961094856262,0.175723075866699,1.26886391639709,0.402370542287826,0.405207276344299,0.431990593671799,-0.698061048984528
0.544798731803894,0.17562609910965,1.26884949207306,0.401963531970978,0.404934972524643,0.432139754295349,-0.698361217975616
0.544678211212158,0.175532519817352,1.26878869533539,0.401576846837997,0.404448688030243,0.43240037560463,-0.698703944683075
0.544600069522858,0.175520539283752,1.26882696151733,0.401065707206726,0.404310286045074,0.432190597057342,-0.699207365512848
0.544566810131073,0.175521999597549,1.26883089542389,0.400301724672318,0.404034107923508,0.432439774274826,-0.699650645256042
0.544491529464722,0.175391465425491,1.26882910728455,0.399286240339279,0.403206318616867,0.433807551860809,-0.699861645698547
0.544437944889069,0.175367295742035,1.26888179779053,0.398735851049423,0.403084963560104,0.434019327163696,-0.700113952159882
0.544287085533142,0.175082936882973,1.26888239383698,0.398624509572983,0.402719587087631,0.434593796730042,-0.700031280517578
0.544296562671661,0.175076544284821,1.26893711090088,0.397801399230957,0.402381092309952,0.435044497251511,-0.700414061546326
0.544259786605835,0.174947589635849,1.26898646354675,0.397411435842514,0.402195125818253,0.435480505228043,-0.700471341609955
0.544259786605835,0.174947589635849,1.26898646354675,0.397411435842514,0.402195125818253,0.435480505228043,-0.700471341609955
0.544288098812103,0.174736022949219,1.26913166046143,0.396635353565216,0.402011573314667,0.436660557985306,-0.700281858444214
0.544301390647888,0.174624443054199,1.26916921138763,0.396269053220749,0.40190851688385,0.437444925308227,-0.700058877468109
0.544330477714539,0.174503147602081,1.26924300193787,0.395963162183762,0.401955634355545,0.438768833875656,-0.699376046657562
0.54439502954483,0.174458831548691,1.26929450035095,0.395710319280624,0.401904135942459,0.439429700374603,-0.699133813381195
0.544436812400818,0.174377620220184,1.26936960220337,0.395436376333237,0.401888877153397,0.440394759178162,-0.698690176010132
0.544486522674561,0.174243301153183,1.26946568489075,0.39542481303215,0.401870459318161,0.441835701465607,-0.697797000408173
0.544601559638977,0.174216508865356,1.2695974111557,0.394986301660538,0.401969760656357,0.442567646503448,-0.697524309158325
0.54470282793045,0.174103125929832,1.26972651481628,0.394242167472839,0.401817858219147,0.444889843463898,-0.696554839611053
0.544866502285004,0.173897430300713,1.26986825466156,0.394598841667175,0.401278644800186,0.446605026721954,-0.695565402507782
0.545099675655365,0.173783600330353,1.27004730701447,0.395041912794113,0.401143759489059,0.447611808776855,-0.694744110107422
0.545381665229797,0.173697099089622,1.27025532722473,0.39501827955246,0.400703191757202,0.449082404375076,-0.694062411785126
0.545610189437866,0.173587054014206,1.27042210102081,0.395277708768845,0.400652080774307,0.450279474258423,-0.693167984485626
0.545804917812347,0.173486888408661,1.27058982849121,0.39508855342865,0.40051195025444,0.45181068778038,-0.692360043525696
0.546074151992798,0.173357933759689,1.27073562145233,0.395095705986023,0.400222390890121,0.4529669880867,-0.691767573356628
0.546318829059601,0.173219710588455,1.27083051204681,0.395164728164673,0.400063693523407,0.45439687371254,-0.690881609916687
0.546472311019897,0.172894775867462,1.27094423770905,0.395157992839813,0.399641633033752,0.45592936873436,-0.690119802951813
0.546815454959869,0.172920227050781,1.27110707759857,0.39480048418045,0.399924993515015,0.456995695829391,-0.689454615116119
0.547084510326385,0.172695100307465,1.27122938632965,0.394497841596603,0.399448961019516,0.457916498184204,-0.689292848110199
0.547430396080017,0.172598958015442,1.27133309841156,0.394586473703384,0.398941874504089,0.459724992513657,-0.688331305980682
0.547358453273773,0.172294169664383,1.27138316631317,0.397090196609497,0.396728813648224,0.463384300470352,-0.685711860656738
0.547621488571167,0.172428980469704,1.27151691913605,0.397416770458221,0.396904349327087,0.464460432529449,-0.68469226360321
0.548016488552094,0.171987220644951,1.27161300182343,0.397155255079269,0.396439582109451,0.465280711650848,-0.684556245803833
0.548428773880005,0.1718610227108,1.27173483371735,0.397359281778336,0.395967096090317,0.466535598039627,-0.683856964111328
0.548799395561218,0.171672239899635,1.27189552783966,0.397550523281097,0.395644843578339,0.467358469963074,-0.683370232582092
0.547789394855499,0.17122508585453,1.2727153301239,0.394576609134674,0.39824366569519,0.467255502939224,-0.683654606342316
0.548235833644867,0.171088457107544,1.2729012966156,0.395177185535431,0.397871375083923,0.468380630016327,-0.682753920555115
0.548611402511597,0.170923635363579,1.273024559021,0.395604431629181,0.397630989551544,0.468981325626373,-0.682234108448029
0.549009442329407,0.170706227421761,1.27312386035919,0.395912975072861,0.397130101919174,0.469583749771118,-0.68193244934082
0.549477815628052,0.170587778091431,1.27319502830505,0.396468162536621,0.396681487560272,0.470434665679932,-0.681284010410309
0.549951612949371,0.170519202947616,1.27324771881104,0.39673238992691,0.396109700202942,0.471037805080414,-0.681046307086945
0.549711048603058,0.170375898480415,1.27289497852325,0.395970910787582,0.396434813737869,0.471772640943527,-0.68079149723053
0.550743222236633,0.170016556978226,1.27358400821686,0.39703294634819,0.395294934511185,0.472369194030762,-0.680422067642212
0.550743222236633,0.170016556978226,1.27358400821686,0.39703294634819,0.395294934511185,0.472369194030762,-0.680422067642212
0.551454961299896,0.169879525899887,1.27345752716064,0.397277861833572,0.394535779953003,0.473132103681564,-0.680189609527588
0.551768898963928,0.169795632362366,1.27348387241364,0.397514760494232,0.394089728593826,0.473587960004807,-0.679992496967316
0.552147090435028,0.169616490602493,1.27350854873657,0.397529661655426,0.393643140792847,0.474100679159164,-0.679884970188141
0.552526593208313,0.169481813907623,1.27355468273163,0.397637516260147,0.392951488494873,0.47486674785614,-0.679687559604645
0.552415192127228,0.169359087944031,1.27335381507874,0.396303445100784,0.393404334783554,0.475113064050674,-0.680032670497894
0.552868366241455,0.169210642576218,1.27339828014374,0.396245300769806,0.392859905958176,0.475341141223907,-0.680221676826477
0.555121004581451,0.169231444597244,1.27310740947723,0.400803953409195,0.38824525475502,0.476939409971237,-0.679080784320831
0.555550575256348,0.169023796916008,1.27318453788757,0.401050359010696,0.38745191693306,0.477524906396866,-0.678976953029633
0.554543137550354,0.168495520949364,1.27380561828613,0.398966610431671,0.38880330324173,0.479009628295898,-0.678386032581329
0.556028604507446,0.169085711240768,1.27317702770233,0.403020143508911,0.385632842779159,0.480773270130157,-0.676549553871155
0.55644816160202,0.169113457202911,1.27336764335632,0.403366714715958,0.385530948638916,0.481073081493378,-0.676187932491302
0.556665897369385,0.16889488697052,1.273308634758,0.404612243175507,0.384327173233032,0.483269214630127,-0.674560964107513
0.556665897369385,0.16889488697052,1.273308634758,0.404612243175507,0.384327173233032,0.483269214630127,-0.674560964107513
0.555888473987579,0.168396562337875,1.27406620979309,0.401159733533859,0.386722326278687,0.484222739934921,-0.674570322036743
0.556208908557892,0.168241247534752,1.27417159080505,0.401201725006104,0.386503040790558,0.485218644142151,-0.673955142498016
0.556208908557892,0.168241247534752,1.27417159080505,0.401201725006104,0.386503040790558,0.485218644142151,-0.673955142498016
0.556952714920044,0.167878925800323,1.27446401119232,0.400010913610458,0.387058436870575,0.485954105854034,-0.673814296722412
0.557259082794189,0.167705297470093,1.27452838420868,0.399712681770325,0.386656761169434,0.487006932497024,-0.673461735248566
0.557259082794189,0.167705297470093,1.27452838420868,0.399712681770325,0.386656761169434,0.487006932497024,-0.673461735248566
0.557835161685944,0.167415648698807,1.27465462684631,0.399651616811752,0.38626167178154,0.489396959543228,-0.67199045419693
0.558113574981689,0.167254894971848,1.27470052242279,0.39944663643837,0.385831952095032,0.491024315357208,-0.67117166519165
0.558200716972351,0.167195200920105,1.27463972568512,0.400354981422424,0.384554535150528,0.493207365274429,-0.66976124048233
0.557896673679352,0.167135387659073,1.27437233924866,0.398933500051498,0.385760426521301,0.495250582695007,-0.668407082557678
0.558160543441772,0.16698431968689,1.2744437456131,0.398720532655716,0.38534140586853,0.496092736721039,-0.668151140213013
0.559010744094849,0.166726589202881,1.27483773231506,0.399722665548325,0.383556932210922,0.496814280748367,-0.66804313659668
0.559280037879944,0.16658890247345,1.27488553524017,0.400766432285309,0.384246677160263,0.496985822916031,-0.666892945766449
0.559562802314758,0.166421890258789,1.27495098114014,0.39957657456398,0.382601022720337,0.497067183256149,-0.668490290641785
0.559877693653107,0.166270077228546,1.27495014667511,0.399582237005234,0.382196664810181,0.498109579086304,-0.66794216632843
0.560168564319611,0.166132658720016,1.27502238750458,0.400098413228989,0.382480084896088,0.499497383832932,-0.666432857513428
0.560456097126007,0.165962517261505,1.27510964870453,0.400309056043625,0.382819294929504,0.500542819499969,-0.665326237678528
0.560721337795258,0.165757894515991,1.27523922920227,0.399395555257797,0.381543785333633,0.502362847328186,-0.665236115455627
0.560982704162598,0.165596663951874,1.27532827854156,0.399291187524795,0.38077449798584,0.500695288181305,-0.666994512081146
0.561517417430878,0.165465027093887,1.27563202381134,0.397567361593246,0.382006764411926,0.499794244766235,-0.667994618415833
0.561866760253906,0.165334865450859,1.27582204341888,0.397566050291061,0.381520628929138,0.500984609127045,-0.667381227016449
0.56212705373764,0.165212988853455,1.27588784694672,0.397473663091659,0.381117075681686,0.501904845237732,-0.666975259780884
0.562408804893494,0.165040642023086,1.27598798274994,0.39911088347435,0.382836431264877,0.503274261951447,-0.663974165916443
0.56266975402832,0.164841443300247,1.27605307102203,0.399157613515854,0.382459729909897,0.503913462162018,-0.663678348064423
0.562913954257965,0.164727583527565,1.27612686157227,0.399060398340225,0.382376849651337,0.505132257938385,-0.66285765171051
0.563170611858368,0.16460120677948,1.27619743347168,0.398996293544769,0.382022947072983,0.505847811698914,-0.662554502487183
0.563251793384552,0.164508506655693,1.27613019943237,0.400243043899536,0.380586564540863,0.508202314376831,-0.660825073719025
0.563684940338135,0.164265036582947,1.27628314495087,0.399085462093353,0.381013989448547,0.508224904537201,-0.661261558532715
0.563892483711243,0.164105296134949,1.27638804912567,0.398928672075272,0.380872160196304,0.50876373052597,-0.661023378372192
0.564270794391632,0.163878709077835,1.27671265602112,0.40087753534317,0.37911793589592,0.510742664337158,-0.659324526786804
0.564149677753448,0.163901507854462,1.27633702754974,0.400080263614654,0.379695385694504,0.511189699172974,-0.659130215644836
0.564339339733124,0.163713976740837,1.27631616592407,0.400423973798752,0.378710478544235,0.512268483638763,-0.658650159835815
0.564559459686279,0.163632094860077,1.27632772922516,0.400454312562943,0.378461897373199,0.512783586978912,-0.658373832702637
0.564786314964294,0.163508921861649,1.27635991573334,0.400594919919968,0.37833297252655,0.513523817062378,-0.657784998416901
0.56518828868866,0.163272082805633,1.27648138999939,0.399578005075455,0.37866547703743,0.513419330120087,-0.658293604850769
0.564626157283783,0.163293346762657,1.27608358860016,0.39858677983284,0.378170102834701,0.515541970729828,-0.657519936561584
0.564805388450623,0.1631780564785,1.27611231803894,0.396658450365066,0.375506609678268,0.513948023319244,-0.661448657512665
0.565157949924469,0.162993773818016,1.27622067928314,0.395605057477951,0.376033365726471,0.513539552688599,-0.662097156047821
0.565402030944824,0.162925019860268,1.27633774280548,0.395119875669479,0.376388162374496,0.513680338859558,-0.662076115608215
0.566246569156647,0.162669539451599,1.27668499946594,0.399075865745544,0.377822279930115,0.516328155994415,-0.656805872917175
0.566391170024872,0.162548691034317,1.27671718597412,0.399180263280868,0.377839237451553,0.517216861248016,-0.656033158302307
0.566531717777252,0.162417486310005,1.27676284313202,0.399086207151413,0.377745896577835,0.51777309179306,-0.655705332756042
0.566686928272247,0.162281051278114,1.27680611610413,0.396394401788711,0.374399870634079,0.516835272312164,-0.659982979297638
0.566829144954681,0.162194117903709,1.2768726348877,0.396254599094391,0.374167174100876,0.51785272359848,-0.659401178359985
0.566947937011719,0.162069603800774,1.27693355083466,0.398604542016983,0.377064675092697,0.52058345079422,-0.654163420200348
0.567043900489807,0.161986440420151,1.27699518203735,0.398539900779724,0.376976400613785,0.521530330181122,-0.653499066829681
0.567043900489807,0.161986440420151,1.27699518203735,0.398539900779724,0.376976400613785,0.521530330181122,-0.653499066829681
0.56729519367218,0.161858350038528,1.27717423439026,0.395467907190323,0.373560070991516,0.521506190299988,-0.657335162162781
0.568681657314301,0.161973938345909,1.27658176422119,0.397994220256805,0.370207786560059,0.523414254188538,-0.656189382076263
0.566888630390167,0.161758869886398,1.27717041969299,0.393417835235596,0.374227553606033,0.523425817489624,-0.656659424304962
0.566972076892853,0.161665707826614,1.27724981307983,0.393048733472824,0.373952090740204,0.524612069129944,-0.656090557575226
0.567045092582703,0.16159425675869,1.27732908725739,0.392660588026047,0.373569905757904,0.525590121746063,-0.655757784843445
0.567991375923157,0.161179393529892,1.27812254428864,0.394565939903259,0.371437191963196,0.527298212051392,-0.654453158378601
0.567710161209106,0.161350518465042,1.27780532836914,0.393601924180984,0.372032552957535,0.528176307678223,-0.653987228870392
0.567782342433929,0.161241501569748,1.27791178226471,0.39318373799324,0.371537625789642,0.529511511325836,-0.653440177440643
0.567824840545654,0.161256596446037,1.27802062034607,0.39274874329567,0.371389746665955,0.530807137489319,-0.652734160423279
0.56767064332962,0.161154925823212,1.27801167964935,0.393342733383179,0.370263576507568,0.533041298389435,-0.651194036006927
0.567726492881775,0.16105680167675,1.27808427810669,0.392998665571213,0.370134741067886,0.53425121307373,-0.650482952594757
0.56774514913559,0.161012709140778,1.27820527553558,0.392644256353378,0.369998872280121,0.535383462905884,-0.649843156337738
0.567972421646118,0.160821974277496,1.27840745449066,0.391123294830322,0.370505541563034,0.535742938518524,-0.650175154209137
0.567972421646118,0.160821974277496,1.27840745449066,0.391123294830322,0.370505541563034,0.535742938518524,-0.650175154209137
0.568017423152924,0.160677149891853,1.27852773666382,0.39038959145546,0.369597971439362,0.538726210594177,-0.648665964603424
0.568118095397949,0.160549998283386,1.27868461608887,0.390155553817749,0.369567900896072,0.539922595024109,-0.647828578948975
0.568151593208313,0.16052833199501,1.27874064445496,0.389771521091461,0.369043827056885,0.541147232055664,-0.647336483001709
0.568185806274414,0.160458073019981,1.27882790565491,0.389331012964249,0.36877116560936,0.542533099651337,-0.646596610546112
0.568275153636932,0.160162180662155,1.27921855449677,0.388937562704086,0.36854687333107,0.543679654598236,-0.645997881889343
0.568251550197601,0.160252764821052,1.2790253162384,0.388244301080704,0.368374049663544,0.545085370540619,-0.64532858133316
0.568575441837311,0.159951388835907,1.27953612804413,0.388654768466949,0.367362231016159,0.546790421009064,-0.644214868545532
0.568277597427368,0.160098895430565,1.27926504611969,0.38704589009285,0.367989629507065,0.547664999961853,-0.644082427024841
0.568480134010315,0.159635871648788,1.2796745300293,0.387953042984009,0.366009742021561,0.550041913986206,-0.642637848854065
0.5684854388237,0.15958434343338,1.27976334095001,0.386656045913696,0.365789979696274,0.552127659320831,-0.641755282878876
0.568482398986816,0.159488469362259,1.27986586093903,0.38595324754715,0.365492522716522,0.553547024726868,-0.641124784946442
0.567920625209808,0.159619808197021,1.27949893474579,0.385610520839691,0.36539700627327,0.555802047252655,-0.639432430267334
0.567896127700806,0.159550279378891,1.27959275245667,0.385813981294632,0.365221053361893,0.556164920330048,-0.639094471931458
0.567882657051086,0.159484386444092,1.27968311309814,0.384385824203491,0.364923804998398,0.55856329202652,-0.638032376766205
0.567845702171326,0.159419134259224,1.27978086471558,0.383714884519577,0.364819586277008,0.560126900672913,-0.637124359607697
0.567817389965057,0.159340769052505,1.27989339828491,0.380128711462021,0.364076673984528,0.564935684204102,-0.635451078414917
0.56792825460434,0.15938039124012,1.28013491630554,0.382876694202423,0.365199506282806,0.561118304729462,-0.636538326740265
0.56792801618576,0.159308612346649,1.28022527694702,0.381077617406845,0.364806681871414,0.563985764980316,-0.635307788848877
0.568126261234283,0.159116744995117,1.28045010566711,0.380691230297089,0.365450799465179,0.5628262758255,-0.636196911334991
0.568136692047119,0.159056544303894,1.28057265281677,0.380101680755615,0.365147352218628,0.564287543296814,-0.635428845882416
0.568056762218475,0.158837348222732,1.28058159351349,0.38033527135849,0.363543421030045,0.566562473773956,-0.634183287620544
0.568166434764862,0.158841654658318,1.28078579902649,0.379345178604126,0.36383655667305,0.56741863489151,-0.633842587471008
0.568128347396851,0.158754244446754,1.28098940849304,0.378673583269119,0.36352676153183,0.568668007850647,-0.633301913738251
0.568581104278564,0.158542349934578,1.2815625667572,0.377012312412262,0.362292528152466,0.572166860103607,-0.631847321987152
0.568264245986938,0.158658176660538,1.28132355213165,0.375827431678772,0.362941205501556,0.573189079761505,-0.631254076957703
0.56830233335495,0.158574938774109,1.28142774105072,0.37708905339241,0.362501680850983,0.572007417678833,-0.631825864315033
0.568349838256836,0.158556014299393,1.28153073787689,0.376746445894241,0.362200886011124,0.573052883148193,-0.631255209445953
0.568599045276642,0.158399298787117,1.2819367647171,0.375881552696228,0.359800308942795,0.578118681907654,-0.628518640995026
0.568274915218353,0.158437669277191,1.28159964084625,0.377160549163818,0.360036462545395,0.576535105705261,-0.629071474075317
0.568274915218353,0.158437669277191,1.28159964084625,0.377160549163818,0.360036462545395,0.576535105705261,-0.629071474075317
0.568414747714996,0.15839159488678,1.28180313110352,0.373463898897171,0.359035789966583,0.581708669662476,-0.627083003520966
0.568644762039185,0.158261567354202,1.28199255466461,0.371595621109009,0.359409302473068,0.581925928592682,-0.627776980400085
0.568719387054443,0.158213824033737,1.28207540512085,0.371247887611389,0.359047144651413,0.582741498947144,-0.627433240413666
0.56879997253418,0.158191427588463,1.28216922283173,0.370755046606064,0.358646035194397,0.583565056324005,-0.627188801765442
0.568875789642334,0.158149242401123,1.28224039077759,0.370382755994797,0.358235120773315,0.584236204624176,-0.627018451690674
0.568965554237366,0.158118158578873,1.28232502937317,0.369800180196762,0.35777735710144,0.584980428218842,-0.626929998397827
0.569056630134583,0.158098638057709,1.28236639499664,0.369461387395859,0.357271999120712,0.585637331008911,-0.626804530620575
0.569131135940552,0.157980740070343,1.28246974945068,0.372849762439728,0.356886029243469,0.581790566444397,-0.628597855567932
0.569222748279572,0.1579529941082,1.28253614902496,0.372398644685745,0.35635057091713,0.582172453403473,-0.628815352916718
0.569617331027985,0.157933637499809,1.28231275081635,0.372762709856033,0.355183094739914,0.582556307315826,-0.628904819488525
0.56955760717392,0.157953560352325,1.28231465816498,0.3735691010952,0.35383528470993,0.583688139915466,-0.628136277198792
0.569788634777069,0.157835379242897,1.28250670433044,0.372366458177566,0.354511022567749,0.582868278026581,-0.629229605197906
0.569744169712067,0.157805442810059,1.28248798847198,0.372668445110321,0.353573322296143,0.583643734455109,-0.628859519958496
0.569680750370026,0.157854080200195,1.28246867656708,0.373587250709534,0.352391988039017,0.584434032440186,-0.628243148326874
0.569775462150574,0.157809793949127,1.28251719474792,0.37339061498642,0.352059870958328,0.584312915802002,-0.628658771514893
0.56985878944397,0.157787263393402,1.28253984451294,0.373314261436462,0.351784259080887,0.584036946296692,-0.629114806652069
0.569742977619171,0.157716363668442,1.28280699253082,0.372812300920486,0.351875305175781,0.583726406097412,-0.629649341106415
0.570000886917114,0.157740741968155,1.28257703781128,0.374840378761292,0.352944582700729,0.585111379623413,-0.626553654670715
0.569970965385437,0.157758116722107,1.28295457363129,0.373408883810043,0.353714883327484,0.58380126953125,-0.628193914890289
0.569943189620972,0.157589316368103,1.28285467624664,0.373623073101044,0.352047055959701,0.584227085113525,-0.628607630729675
0.570022642612457,0.157563596963882,1.2828516960144,0.372615665197372,0.350879549980164,0.582238554954529,-0.631695747375488
0.570095002651215,0.157548069953918,1.28287351131439,0.372565537691116,0.350558042526245,0.581558167934418,-0.632530033588409
0.570165574550629,0.157531023025513,1.2828825712204,0.373307138681412,0.350776612758636,0.582388639450073,-0.631206095218658
0.570249199867249,0.157504767179489,1.28289270401001,0.372520685195923,0.349850326776505,0.578971326351166,-0.635315179824829
0.57034432888031,0.157484471797943,1.28290152549744,0.373687356710434,0.350607544183731,0.580747067928314,-0.632586061954498
0.570707619190216,0.157536134123802,1.2830376625061,0.370556801557541,0.350849717855453,0.57738322019577,-0.637354493141174
0.57077831029892,0.157549411058426,1.28307247161865,0.371857732534409,0.351815491914749,0.576811730861664,-0.636581540107727
0.570871829986572,0.157460927963257,1.28311395645142,0.370354235172272,0.349803507328033,0.575146675109863,-0.640063762664795
0.570924580097198,0.157484978437424,1.2831426858902,0.369942665100098,0.349113911390305,0.572045922279358,-0.643447995185852
0.571047306060791,0.157456696033478,1.28317844867706,0.369561076164246,0.34851461648941,0.570639133453369,-0.645238757133484
0.571160554885864,0.157488062977791,1.283198595047,0.370184302330017,0.348272383213043,0.571805119514465,-0.643979072570801
0.571316301822662,0.157464861869812,1.28326189517975,0.369371294975281,0.346489757299423,0.570839107036591,-0.646260440349579
0.571316301822662,0.157464861869812,1.28326189517975,0.369371294975281,0.346489757299423,0.570839107036591,-0.646260440349579
0.571281969547272,0.157303184270859,1.28315424919128,0.37106591463089,0.342566788196564,0.569356024265289,-0.648684799671173
0.571427881717682,0.157253086566925,1.28316688537598,0.370910137891769,0.341992020606995,0.567492604255676,-0.650706768035889
0.571593463420868,0.157171085476875,1.2831826210022,0.370409369468689,0.340489655733109,0.565598368644714,-0.653423368930817
0.571739614009857,0.157150447368622,1.28319680690765,0.370554625988007,0.339740604162216,0.563312232494354,-0.65570193529129
0.572073221206665,0.157042607665062,1.28332901000977,0.36868804693222,0.339174747467041,0.56073522567749,-0.659246325492859
0.572256565093994,0.157089829444885,1.28333520889282,0.368522077798843,0.338124871253967,0.558374643325806,-0.661876916885376
0.572449862957001,0.156997084617615,1.28341138362885,0.368107825517654,0.336976110935211,0.555868744850159,-0.664795994758606
0.572684824466705,0.15708464384079,1.28351604938507,0.36725702881813,0.336205154657364,0.553452730178833,-0.667666435241699
0.572862863540649,0.156973242759705,1.28358292579651,0.366842567920685,0.334994673728943,0.550995707511902,-0.670528769493103
0.573013663291931,0.156909942626953,1.28367459774017,0.366223752498627,0.333303064107895,0.548651516437531,-0.673625111579895
0.573150873184204,0.156876012682915,1.28370749950409,0.366463869810104,0.33282995223999,0.546067476272583,-0.675824522972107
0.573375940322876,0.156917065382004,1.28379249572754,0.363739490509033,0.332437217235565,0.546216487884521,-0.677367448806763
0.573530495166779,0.156902283430099,1.28387773036957,0.362797230482101,0.330787539482117,0.543392539024353,-0.680942237377167
0.573471784591675,0.156952574849129,1.28381264209747,0.361858814954758,0.328288584947586,0.542316198348999,-0.683504223823547
0.573585152626038,0.156923085451126,1.28384208679199,0.364639729261398,0.326988726854324,0.536973595619202,-0.686859369277954
0.573716521263123,0.156832113862038,1.28389310836792,0.361764788627625,0.325082570314407,0.535583674907684,-0.690360605716705
0.573844313621521,0.156790792942047,1.28392267227173,0.360881447792053,0.323348760604858,0.533441185951233,-0.693289756774902
0.574015378952026,0.156738489866257,1.28397178649902,0.359081149101257,0.321639955043793,0.532614767551422,-0.69565087556839
0.574333786964417,0.156766355037689,1.28402709960938,0.35657411813736,0.321785390377045,0.529178977012634,-0.699484646320343
0.574324131011963,0.156548142433167,1.28405952453613,0.360378861427307,0.318991810083389,0.521601736545563,-0.704487800598145
0.574539363384247,0.156676635146141,1.28410744667053,0.356770277023315,0.319125980138779,0.520700216293335,-0.706926345825195
0.574539363384247,0.156676635146141,1.28410744667053,0.356770277023315,0.319125980138779,0.520700216293335,-0.706926345825195
0.57458370923996,0.156427621841431,1.28412294387817,0.356042444705963,0.31465283036232,0.516504943370819,-0.712355375289917
0.574641048908234,0.156405091285706,1.28415238857269,0.355713069438934,0.314216941595078,0.510499894618988,-0.717025697231293
0.574399590492249,0.156387269496918,1.28397965431213,0.356778651475906,0.312525123357773,0.511181831359863,-0.716749727725983
0.573822259902954,0.156507343053818,1.2836582660675,0.353100836277008,0.310537189245224,0.511763989925385,-0.719016194343567
0.574395596981049,0.156214982271194,1.28397464752197,0.353266924619675,0.308159649372101,0.50963032245636,-0.72146874666214
0.57472163438797,0.156030967831612,1.28439974784851,0.352709650993347,0.309466302394867,0.506219983100891,-0.723579943180084
0.574066519737244,0.156261146068573,1.28380596637726,0.349478721618652,0.3095942735672,0.502257168292999,-0.727841854095459
0.574721097946167,0.1561518907547,1.28425872325897,0.351692795753479,0.305649876594543,0.494626760482788,-0.733644902706146
0.574745118618011,0.156104147434235,1.28428137302399,0.352968633174896,0.304718941450119,0.492896795272827,-0.734583139419556
0.57476544380188,0.156085163354874,1.28431117534637,0.352524131536484,0.303566932678223,0.490419805049896,-0.736927628517151
0.574611723423004,0.156160533428192,1.28423678874969,0.352451294660568,0.302781492471695,0.487849920988083,-0.738988518714905
