x,y,z,q0,q1,q2,q3
-0.588065922260284,-0.0335175395011901,1.35636782646179,0.0425366088747978,-0.0018342282855883,0.748746991157532,0.661487102508545
-0.588013648986816,-0.0339221805334091,1.35663163661957,0.0419971384108066,-0.0020485168788582,0.74875670671463,0.661510050296783
-0.587862491607666,-0.0343448631465435,1.35656142234802,0.0422025844454765,-0.0025459567550569,0.74903678894043,0.661178112030029
-0.587978065013885,-0.0347973816096782,1.35644590854645,0.0426322780549526,-0.0024408707395195,0.748754322528839,0.661470711231232
-0.587986171245575,-0.0352531783282756,1.35647344589233,0.0424766279757022,-0.0025635955389589,0.748685002326965,0.66155880689621
-0.587989330291748,-0.0356770418584346,1.35651290416718,0.0426854752004146,-0.0031055316794663,0.748535811901093,0.661711752414703
-0.58795553445816,-0.0360965430736541,1.35655355453491,0.0430411025881767,-0.0034134425222873,0.748288452625275,0.661966979503632
-0.588079154491425,-0.0366083085536956,1.35679340362549,0.0436652153730392,-0.0032563081476837,0.748393297195435,0.661808371543884
-0.587776362895966,-0.0368154570460319,1.3565366268158,0.0435379594564437,-0.0040083336643874,0.748191714286804,0.662040531635284
-0.587712526321411,-0.0372186154127121,1.35652244091034,0.0433494672179222,-0.0040492936968803,0.748349070549011,0.661874711513519
-0.588009357452393,-0.0377276130020618,1.35685002803802,0.0435742475092411,-0.0038069214206188,0.748693585395813,0.661471664905548
-0.588052093982697,-0.0381841771304607,1.35677814483643,0.0439712330698967,-0.0037597583141177,0.748745262622833,0.661387264728546
-0.588158845901489,-0.0385998487472534,1.35692226886749,0.0443830601871013,-0.0034836276900023,0.748560726642609,0.661570012569427
-0.587969362735748,-0.0389889851212501,1.35700809955597,0.0438137985765934,-0.0035831911955028,0.748591601848602,0.661572635173798
-0.587987244129181,-0.0393271520733833,1.35703730583191,0.0439542010426521,-0.0035161264240741,0.74864673614502,0.661501169204712
-0.587853074073792,-0.039551556110382,1.35705494880676,0.0439986959099769,-0.0039676995947957,0.748625516891479,0.661519646644592
-0.58799284696579,-0.0398328118026256,1.35710561275482,0.0448214001953601,-0.0038432204164564,0.748484492301941,0.661624729633331
-0.587971270084381,-0.0401516072452068,1.35716807842255,0.0450860112905502,-0.0043632085435092,0.748239994049072,0.661880016326904
-0.587958872318268,-0.0404568202793598,1.35714292526245,0.0453373156487941,-0.0043131234124302,0.748109400272369,0.662010788917542
-0.587933659553528,-0.0407599546015262,1.35717916488647,0.0457645654678344,-0.0042866030707955,0.748063147068024,0.662033915519714
-0.587936162948608,-0.0410401746630668,1.35721433162689,0.0459690913558006,-0.0041829864494502,0.748084008693695,0.661996841430664
-0.587936162948608,-0.0410401746630668,1.35721433162689,0.0459690913558006,-0.0041829864494502,0.748084008693695,0.661996841430664
-0.587960362434387,-0.0416019670665264,1.35724484920502,0.0461163111031055,-0.0040656710043549,0.74801379442215,0.662066578865051
-0.587855458259583,-0.0417108945548534,1.35731542110443,0.0465412102639675,-0.0044557163491845,0.74788498878479,0.662179827690125
-0.587845206260681,-0.0419517755508422,1.3573317527771,0.0468347482383251,-0.0047154771164059,0.747819185256958,0.662231624126434
-0.587842345237732,-0.0422369204461574,1.35725808143616,0.046945970505476,-0.0046030418016016,0.747889161109924,0.662145555019379
-0.587700605392456,-0.0423727259039878,1.35726547241211,0.046916726976633,-0.0048469994217157,0.747645199298859,0.662421524524689
-0.587734937667847,-0.0426097437739372,1.35726511478424,0.0469744019210338,-0.0046232189051806,0.747773349285126,0.662274241447449
-0.588034868240356,-0.042946383357048,1.35740995407104,0.0474721230566501,-0.0036431201733648,0.747907876968384,0.662092983722687
-0.588061630725861,-0.0431452356278896,1.35740804672241,0.0476186983287334,-0.003553107380867,0.748002707958221,0.661975741386414
-0.588061630725861,-0.0431452356278896,1.35740804672241,0.0476186983287334,-0.003553107380867,0.748002707958221,0.661975741386414
-0.588165879249573,-0.0435730628669261,1.35732090473175,0.0481767281889915,-0.0032119986135512,0.748116791248322,0.661808133125305
-0.588212609291077,-0.0437514297664165,1.35731816291809,0.0481941476464271,-0.0030224262736737,0.748498380184174,0.661376118659973
-0.588212430477142,-0.0439143627882003,1.35733270645142,0.0483147725462913,-0.0028421652968972,0.74893182516098,0.660877346992493
-0.588316917419434,-0.043996475636959,1.35734629631042,0.0489941202104091,-0.0031740984413772,0.748321771621704,0.661516427993774
-0.588316917419434,-0.043996475636959,1.35734629631042,0.0489941202104091,-0.0031740984413772,0.748321771621704,0.661516427993774
-0.588393449783325,-0.0441516377031803,1.35743141174316,0.0495798923075199,-0.0033648635726422,0.748059213161469,0.661768913269043
-0.58848637342453,-0.0442880392074584,1.35746359825134,0.049742754548788,-0.0032110814936459,0.748053193092346,0.661764085292816
-0.588536143302917,-0.0443653836846351,1.35745632648468,0.0499850809574127,-0.0031522491481155,0.747990310192108,0.661817252635956
-0.588670551776886,-0.0444530174136161,1.35744845867157,0.0503204129636287,-0.0030865103472024,0.747916042804718,0.661876201629639
-0.588628590106964,-0.0445192269980907,1.35743856430054,0.0502006076276302,-0.0033871536143124,0.747812867164612,0.662000298500061
-0.588628590106964,-0.0445192269980907,1.35743856430054,0.0502006076276302,-0.0033871536143124,0.747812867164612,0.662000298500061
-0.58886730670929,-0.0446448177099227,1.35741448402405,0.0507566779851913,-0.0031580892391502,0.747620940208435,0.66217577457428
-0.588966429233551,-0.0446983724832534,1.35741078853607,0.0509210936725139,-0.0030494146049022,0.747587561607361,0.662201404571533
-0.589070558547974,-0.0447455234825611,1.35739493370056,0.0511427223682403,-0.0029965562280267,0.747500002384186,0.662283480167389
-0.589249134063721,-0.0447998344898223,1.35740387439728,0.0514480397105217,-0.0028028695378452,0.747556865215302,0.662196457386017
-0.589451909065247,-0.0448133945465087,1.35736489295959,0.0519263595342636,-0.0026167877949774,0.747389137744904,0.662349045276642
-0.589650630950928,-0.0449561811983585,1.35722005367279,0.051994439214468,-0.0022341248113662,0.747580111026764,0.662129640579224
-0.589753091335297,-0.0449511334300041,1.35726225376129,0.052113551646471,-0.0022185645066201,0.747551739215851,0.662152349948883
-0.589836716651917,-0.0450656376779079,1.35717523097992,0.0518803298473358,-0.0019669756293296,0.747437536716461,0.66230046749115
-0.589926600456238,-0.0449885241687297,1.35724711418152,0.0519485510885715,-0.0020986548624932,0.74727076292038,0.662482976913452
-0.590058207511902,-0.0449976474046707,1.35723626613617,0.0520067252218723,-0.0019635159987956,0.747298300266266,0.662447571754456
-0.590058207511902,-0.0449976474046707,1.35723626613617,0.0520067252218723,-0.0019635159987956,0.747298300266266,0.662447571754456
-0.590206742286682,-0.0449509732425212,1.35710346698761,0.0516909398138523,-0.0020395833998918,0.747549057006836,0.662189066410065
-0.590477764606476,-0.0449447743594646,1.35718941688538,0.0519145391881465,-0.0018760843668133,0.747383534908295,0.66235888004303
-0.590701580047607,-0.0448326654732227,1.35719573497772,0.0522514246404171,-0.0018999109743162,0.747497856616974,0.662203192710876
-0.590775609016418,-0.0448746010661125,1.35717153549194,0.0519889146089553,-0.0017274344572797,0.747344255447388,0.662397801876068
-0.590904772281647,-0.0448277778923511,1.35715246200562,0.0519646778702735,-0.0016836443683132,0.747289776802063,0.662461161613464
-0.591070532798767,-0.0447916649281978,1.35713863372803,0.0519656017422676,-0.001574691850692,0.74735552072525,0.662387430667877
-0.591287136077881,-0.0446593463420867,1.35714256763458,0.052268411964178,-0.0015388596802949,0.74741005897522,0.662302017211914
-0.591409027576447,-0.0445919297635555,1.35712790489197,0.0522437393665313,-0.0015054575633257,0.747413754463196,0.662299811840057
-0.59158593416214,-0.044614415615797,1.35702061653137,0.0521271340548992,-0.0011448091827332,0.747616350650787,0.662081182003021
-0.591580450534821,-0.0444207265973091,1.35710632801056,0.051976665854454,-0.001486318768002,0.747373342514038,0.662366569042206
-0.591627061367035,-0.0442772582173347,1.35716414451599,0.0517855212092399,-0.0016658667009323,0.747340500354767,0.662418127059937
-0.591747999191284,-0.0441962890326976,1.35715663433075,0.051630038768053,-0.0016629331512376,0.747403204441071,0.662359595298767
-0.591888546943665,-0.0441067554056644,1.35715699195862,0.0515506900846958,-0.0018512882525101,0.747397065162659,0.66237211227417
-0.592183172702789,-0.0441224090754985,1.35709428787231,0.0516550838947296,-0.0014014695771038,0.747627377510071,0.662105083465576
-0.592315971851349,-0.0440070144832134,1.35715329647064,0.0515004210174083,-0.0013259531697258,0.747693002223969,0.662043213844299
-0.592439889907837,-0.0439078919589519,1.35713863372803,0.0516612008213996,-0.0011950846528634,0.747760891914368,0.661954343318939
-0.592553019523621,-0.0438168942928314,1.35713469982147,0.0513349175453186,-0.0009019215940497,0.747902631759644,0.661819994449615
-0.59272038936615,-0.0437099300324916,1.35710716247559,0.0509336851537227,-0.0006677577039226,0.748009026050568,0.661731064319611
-0.592804789543152,-0.0436078421771526,1.35705327987671,0.0510724484920501,-0.0003988233802374,0.748026788234711,0.661700546741486
-0.59293931722641,-0.0434836521744728,1.35703754425049,0.051027275621891,-0.0002838385989889,0.748014748096466,0.661717593669891
-0.59290599822998,-0.0434170290827751,1.35703134536743,0.0502542071044445,-0.0003234988835174,0.747910737991333,0.661894202232361
-0.59303218126297,-0.0432837903499603,1.35701310634613,0.0500889420509338,-0.0001886268437374,0.747934222221375,0.661880314350128
-0.59303218126297,-0.0432837903499603,1.35701310634613,0.0500889420509338,-0.0001886268437374,0.747934222221375,0.661880314350128
-0.593412697315216,-0.0430958233773708,1.35701596736908,0.0498875491321086,0.0004026509122923,0.748234450817108,0.661556124687195
-0.593534231185913,-0.0429767817258834,1.35700654983521,0.049948439002037,0.0003803079598583,0.748270094394684,0.661511242389679
-0.593641877174377,-0.0428375005722045,1.35699915885925,0.0498011931777,0.0005062203272245,0.748343408107758,0.661439180374146
-0.593806564807892,-0.0427989996969699,1.35691964626312,0.0494858883321285,0.0008818855858407,0.748658716678619,0.661105513572693
-0.593903243541718,-0.0426510199904441,1.35692298412323,0.0493509359657764,0.0009013657690957,0.748659253120422,0.661115109920502
-0.593987107276917,-0.0425033159554004,1.35692763328552,0.049247533082962,0.001013166620396,0.748693346977234,0.661083936691284
-0.593941032886505,-0.0422323271632194,1.35684788227081,0.0489726737141609,0.0009862498845905,0.748550176620483,0.661266565322876
-0.594022035598755,-0.0420375019311904,1.35685420036316,0.0492088757455349,0.0009281090460717,0.748197674751282,0.661647915840149
-0.594098150730133,-0.0418503768742084,1.35671198368073,0.0490912422537803,0.0009408584446646,0.748163461685181,0.661695241928101
-0.594182312488556,-0.0416687577962875,1.35672736167908,0.0489299409091472,0.0010169028537347,0.748206436634064,0.661658585071564
-0.594256699085236,-0.0414785146713256,1.35681414604187,0.0484498105943203,0.0010025699157267,0.748203456401825,0.661697268486023
-0.594358801841736,-0.0413207374513149,1.35682344436646,0.0482668913900852,0.001086042728275,0.748220503330231,0.66169136762619
-0.59455668926239,-0.0411041975021362,1.35691046714783,0.0483873486518859,0.0012009761994704,0.748428285121918,0.661447048187256
-0.594638824462891,-0.0409423224627971,1.35690104961395,0.0483381636440753,0.0013873041607439,0.748384237289429,0.661500334739685
-0.594717562198639,-0.0407654456794261,1.35685336589813,0.0483395904302597,0.001461204024963,0.748320579528809,0.661571979522705
-0.594717562198639,-0.0407654456794261,1.35685336589813,0.0483395904302597,0.001461204024963,0.748320579528809,0.661571979522705
-0.59503561258316,-0.0405062176287174,1.35709881782532,0.0487319976091384,0.0019772169180214,0.748372912406921,0.661482632160187
-0.595113694667816,-0.0403470247983932,1.35710871219635,0.0485783107578754,0.0021925305482,0.748344361782074,0.66152560710907
-0.595191359519958,-0.0402057394385337,1.35710799694061,0.0480437017977237,0.0024852263741195,0.748486578464508,0.661402642726898
-0.595258176326752,-0.0400654636323452,1.3571093082428,0.047746829688549,0.0027020126581192,0.748611927032471,0.661281406879425
-0.595329761505127,-0.0399416722357273,1.35704255104065,0.0474513322114944,0.0027792102191597,0.748673737049103,0.661232531070709
-0.595434188842773,-0.0398360528051853,1.35696041584015,0.0472654104232788,0.0035988437011837,0.748983085155487,0.66089141368866
-0.595319330692291,-0.0395208373665809,1.35675144195557,0.0470067746937274,0.0033013257198035,0.748719334602356,0.661210119724274
-0.595552980899811,-0.0394607186317443,1.35694336891174,0.0473031587898731,0.0039452747441828,0.74896913766861,0.660902559757233
-0.595624983310699,-0.0393274873495101,1.35692489147186,0.0471741780638694,0.0031678611412644,0.748847305774689,0.661053955554962
-0.595620095729828,-0.0391848050057888,1.35693073272705,0.0468043871223926,0.0036779420915991,0.74930864572525,0.660554468631744
-0.595662474632263,-0.0390258692204952,1.35693192481995,0.0465243831276893,0.0037458667065948,0.749390542507172,0.660481035709381
-0.595721960067749,-0.0388660430908203,1.35692751407623,0.0459908917546272,0.0039046867750585,0.749432027339935,0.660470545291901
-0.595766425132751,-0.0387079790234565,1.35693228244781,0.0457751639187336,0.0040723313577473,0.749510943889618,0.660394906997681
-0.595794498920441,-0.0385421924293041,1.3569393157959,0.0454204939305782,0.0044003925286233,0.749614119529724,0.660300016403198
-0.595819592475891,-0.0383639521896839,1.35693168640137,0.0452814847230911,0.0045306584797799,0.749558627605438,0.660371780395508
-0.595842063426971,-0.0381739512085914,1.35690248012543,0.045199204236269,0.0045514339581131,0.749450266361237,0.660500347614288
-0.595776915550232,-0.0380501225590705,1.35688781738281,0.0450564324855804,0.0046491981483995,0.749253273010254,0.660732865333557
-0.595797777175903,-0.0378642044961452,1.35688948631287,0.0449298657476902,0.004577315878123,0.748872041702271,0.661173939704895
-0.595887541770935,-0.0376122742891311,1.35690689086914,0.0453628562390804,0.0045827073045074,0.748899281024933,0.661113440990448
-0.595887541770935,-0.0376122742891311,1.35690689086914,0.0453628562390804,0.0045827073045074,0.748899281024933,0.661113440990448
-0.595950961112976,-0.0372401028871536,1.35694551467896,0.0447946302592754,0.0047770654782652,0.748700976371765,0.661375403404236
-0.595963954925537,-0.0370811894536018,1.35688436031342,0.0448645502328872,0.0046800179407,0.747834086418152,0.662351489067078
-0.595991492271423,-0.0369019769132137,1.35688638687134,0.0447444468736648,0.004763763397932,0.747698545455933,0.662511944770813
-0.595991492271423,-0.0369019769132137,1.35688638687134,0.0447444468736648,0.004763763397932,0.747698545455933,0.662511944770813
-0.596071600914001,-0.0364643186330795,1.35697972774506,0.0449104271829128,0.0047790873795747,0.747430264949799,0.662803471088409
-0.595999121665955,-0.0363129936158657,1.35688710212708,0.0446353331208229,0.0050122723914682,0.74727588891983,0.662994205951691
-0.595991730690002,-0.0361457616090774,1.35689163208008,0.0444941148161888,0.0050434242002666,0.747235298156738,0.663049340248108
-0.595821380615234,-0.0359036512672901,1.35690307617188,0.0440858043730258,0.00474688783288,0.746936559677124,0.663415312767029
-0.596017301082611,-0.0358235724270343,1.35689973831177,0.0441667884588241,0.0051866765134036,0.747058093547821,0.663269758224487
-0.596021473407745,-0.0356629006564617,1.35691666603088,0.0439938865602016,0.0052780737169086,0.747038006782532,0.663303196430206
-0.596028625965118,-0.0354940257966518,1.35689377784729,0.0437924414873123,0.0053948718123137,0.747007668018341,0.663349568843842
-0.596047043800354,-0.0353585891425609,1.35689342021942,0.043206512928009,0.0055451551452279,0.747077465057373,0.663308203220367
-0.59601628780365,-0.0351823531091213,1.35688233375549,0.0430492013692855,0.0057154055684804,0.74701339006424,0.663389146327972
-0.59601628780365,-0.0351823531091213,1.35688233375549,0.0430492013692855,0.0057154055684804,0.74701339006424,0.663389146327972
-0.595999598503113,-0.0348702669143676,1.35686910152435,0.0426888577640056,0.0058783474378287,0.746940553188324,0.663492918014526
-0.595977425575256,-0.0347043760120868,1.35685682296753,0.042599156498909,0.0059186541475355,0.746791899204254,0.663665771484375
-0.595977425575256,-0.0347043760120868,1.35685682296753,0.042599156498909,0.0059186541475355,0.746791899204254,0.663665771484375
-0.595921397209167,-0.0343483164906501,1.35680985450745,0.0424437299370765,0.0061566638760268,0.746571242809296,0.663921713829041
-0.595883667469025,-0.0341719016432762,1.35677373409271,0.042347464710474,0.0061554783023893,0.746455073356628,0.664058446884155
-0.595867335796356,-0.0340227708220481,1.35675311088562,0.0421572476625442,0.0062552262097597,0.746430337429047,0.664097487926483
-0.595804333686829,-0.03383070230484,1.35676074028015,0.0422958843410015,0.0063330577686429,0.7463618516922,0.664164781570435
-0.595769107341766,-0.0336638316512107,1.35674715042114,0.0423901192843914,0.006277001928538,0.746002614498138,0.664562940597534
-0.595741331577301,-0.0335045009851455,1.35673391819,0.0422745272517204,0.0064348811283707,0.745948553085327,0.664629399776459
-0.595705986022949,-0.0333627946674823,1.35672605037689,0.0421810857951641,0.0065375505946576,0.745876312255859,0.664715468883514
-0.595705986022949,-0.0333627946674823,1.35672605037689,0.0421810857951641,0.0065375505946576,0.745876312255859,0.664715468883514
-0.595507025718689,-0.0329774990677833,1.35674130916595,0.0416538193821907,0.0062517044134438,0.745755016803741,0.664887547492981
-0.59544575214386,-0.0328249484300613,1.35673999786377,0.0415560230612754,0.0063414992764592,0.7455815076828,0.665087282657623
-0.595360696315765,-0.0326665230095386,1.35673880577087,0.0414918698370456,0.0066669937223196,0.745464980602264,0.665218770503998
-0.595290660858154,-0.0325053855776786,1.35672461986542,0.0414965189993381,0.0068573327735066,0.745324611663818,0.665373742580414
-0.595177710056305,-0.0324880145490169,1.35666632652283,0.0410946533083915,0.0072000781074166,0.745160162448883,0.665579199790955
-0.595201313495636,-0.0322346538305282,1.35674703121185,0.0416360944509506,0.0072993612848222,0.745326340198517,0.665358483791351
-0.595077753067017,-0.0321148857474327,1.35665726661682,0.0413457527756691,0.0074696973897516,0.745336353778839,0.665363490581512
-0.594975650310516,-0.0319766700267791,1.35667216777802,0.0410587005317211,0.0077178198844194,0.745505273342133,0.665189146995544
-0.594975650310516,-0.0319766700267791,1.35667216777802,0.0410587005317211,0.0077178198844194,0.745505273342133,0.665189146995544
-0.594797909259796,-0.0317456759512424,1.35667741298676,0.0405539646744728,0.0085784215480089,0.745523929595947,0.665188670158386
-0.594584286212921,-0.0315755121409893,1.35667252540588,0.0401598326861858,0.0085741309449076,0.745681166648865,0.66503632068634
-0.594450533390045,-0.031395599246025,1.35670816898346,0.0398216322064399,0.0085520362481474,0.745677590370178,0.665060997009277
-0.594364821910858,-0.0313710421323776,1.3566859960556,0.0397624336183071,0.0090147815644741,0.745385944843292,0.6653853058815
-0.594364821910858,-0.0313710421323776,1.3566859960556,0.0397624336183071,0.0090147815644741,0.745385944843292,0.6653853058815
-0.594110727310181,-0.0310869850218296,1.35662186145782,0.0397650487720966,0.0099335918202996,0.745189189910889,0.66559237241745
-0.593976140022278,-0.0309606473892927,1.35660982131958,0.0396723635494709,0.010235259309411,0.745121598243713,0.665668904781342
-0.593858659267426,-0.0308241099119186,1.35659229755402,0.0398784913122653,0.0106341624632477,0.74508261680603,0.665694057941437
-0.593705117702484,-0.0307045020163059,1.35657322406769,0.0397515967488288,0.0111015001311898,0.745104372501373,0.665669560432434
-0.593585669994354,-0.0306009501218795,1.3565571308136,0.0395706370472908,0.0115889636799693,0.745355606079102,0.66539078950882
-0.593377292156219,-0.0305851809680461,1.35652351379395,0.0390143133699893,0.0124299610033631,0.745472490787506,0.665277540683746
-0.593210697174072,-0.0304796807467937,1.35651016235352,0.0387946814298629,0.0127834603190422,0.745642006397247,0.665093719959259
-0.593098998069763,-0.0303796157240867,1.35650551319122,0.0387661382555961,0.0131373414769768,0.745742380619049,0.664975821971893
-0.592954039573669,-0.0302952751517295,1.35648012161255,0.0383969247341156,0.0134953530505299,0.745871126651764,0.664845824241638
-0.592794716358185,-0.030203066766262,1.35646367073059,0.0384555011987686,0.0142211653292179,0.746082425117493,0.664590060710907
-0.59266585111618,-0.0301055070012807,1.3564225435257,0.0383689105510711,0.0146953836083412,0.746296584606171,0.664344489574432
-0.592495977878571,-0.0299731604754924,1.35637938976288,0.0387465357780456,0.0149989416822791,0.745878458023071,0.664785087108612
-0.592349648475647,-0.0298753548413515,1.35636734962463,0.0387610308825969,0.0154050281271338,0.745989859104156,0.664650082588196
-0.592242300510406,-0.0296939630061388,1.35637032985687,0.039077702909708,0.0155531847849488,0.74607902765274,0.664527893066406
-0.59211254119873,-0.0296159908175468,1.35634016990662,0.0389888957142829,0.0159593820571899,0.746331930160522,0.664239287376404
-0.591945469379425,-0.029534263536334,1.35633432865143,0.0390446186065673,0.0162989925593137,0.746324479579926,0.664236187934875
-0.591787815093994,-0.0294298827648162,1.35632038116455,0.0390091016888618,0.0166412945836782,0.746474206447601,0.664061605930328
-0.591638624668121,-0.0293496083468198,1.35631418228149,0.0390186682343483,0.017116630449891,0.74663370847702,0.663869559764862
-0.591356098651886,-0.029143288731575,1.35633969306946,0.0390082970261573,0.0169488154351711,0.74677985906601,0.663709938526154
-0.591163635253906,-0.0290859993547201,1.35635459423065,0.0389275588095188,0.0172894652932882,0.746954083442688,0.663509845733643
-0.590981543064117,-0.0289878416806459,1.35631394386292,0.0389970056712627,0.0174295380711555,0.747195184230804,0.663230538368225
-0.590749621391296,-0.028970269486308,1.35635280609131,0.0389022901654243,0.0176897794008255,0.747301399707794,0.663109600543976
-0.59056830406189,-0.0289010591804981,1.3563414812088,0.0389246381819248,0.0179027579724788,0.747461259365082,0.662922322750092
-0.590472757816315,-0.0289410855621099,1.35629820823669,0.0388762578368186,0.0187988430261611,0.747624158859253,0.662716746330261
-0.590267300605774,-0.0288625732064247,1.35628259181976,0.0388232320547103,0.0189191736280918,0.747848272323608,0.662463486194611
-0.590267300605774,-0.0288625732064247,1.35628259181976,0.0388232320547103,0.0189191736280918,0.747848272323608,0.662463486194611
-0.589887976646423,-0.0287355128675699,1.35625731945038,0.0388854518532753,0.0191726591438055,0.748038351535797,0.662237823009491
-0.589497923851013,-0.0285753142088651,1.35626316070557,0.0387698523700237,0.0189434215426445,0.74786239862442,0.662449955940247
-0.589336514472961,-0.0285162217915058,1.35624897480011,0.0388711988925933,0.0195601303130388,0.748020589351654,0.662247359752655
-0.5891472697258,-0.0284529253840446,1.3562445640564,0.0389697961509227,0.0197369512170553,0.748116493225098,0.66212797164917
-0.589084982872009,-0.0284281708300113,1.35630297660828,0.0393455326557159,0.0200512111186981,0.74822723865509,0.661971390247345
-0.588726460933685,-0.028277488425374,1.35624182224274,0.0390344336628913,0.0201293788850307,0.74829775094986,0.661907553672791
-0.58860045671463,-0.0283173713833093,1.35614025592804,0.0392000302672386,0.0205556154251098,0.74853640794754,0.661614835262299
-0.588397979736328,-0.028270399197936,1.35572850704193,0.0392684713006019,0.0209375321865081,0.748688995838165,0.66142612695694
-0.588205218315125,-0.0282454397529363,1.35609996318817,0.0391138233244419,0.0212341342121362,0.748883128166199,0.661205947399139
-0.588037192821503,-0.0282313488423824,1.35608220100403,0.0391833968460559,0.0215351544320583,0.749119102954865,0.660924673080444
-0.58780711889267,-0.0281944759190082,1.35608637332916,0.0394809730350971,0.0217877030372619,0.749270856380463,0.6607266664505
-0.587634742259979,-0.0281765572726726,1.35606837272644,0.0396099090576171,0.0220559481531381,0.749458014965057,0.660497903823853
-0.588022947311401,-0.0282160118222236,1.35586154460907,0.0407709255814552,0.0230752285569906,0.750112175941467,0.659649193286896
-0.58728301525116,-0.0280649252235889,1.3561589717865,0.0397770106792449,0.0224857758730649,0.749747395515442,0.660144686698914
-0.587114751338959,-0.028065662831068,1.35613787174225,0.0396645106375217,0.0227150730788707,0.750139713287354,0.659697771072388
-0.586856484413147,-0.0280650481581687,1.35610842704773,0.0394842661917209,0.0228986609727144,0.750323951244354,0.659492671489716
-0.586692333221436,-0.0280680190771818,1.35609102249146,0.0396459028124809,0.0231001619249582,0.750413358211517,0.659374415874481
-0.58651328086853,-0.0280822962522506,1.35606110095978,0.0397342853248119,0.0233013480901718,0.750522553920746,0.659237742424011
-0.586303889751434,-0.0280424039810895,1.35603642463684,0.0400749966502189,0.0232072677463293,0.750231087207794,0.659552037715912
-0.586126446723938,-0.0280587002635002,1.35603058338165,0.0401545986533165,0.0235184524208307,0.750365257263184,0.659383296966553
-0.586075961589813,-0.0281193573027849,1.35593008995056,0.0404563657939434,0.0238144192844629,0.750583231449127,0.659106254577637
-0.585824608802795,-0.0280419290065765,1.35601985454559,0.0405408553779125,0.0236086826771497,0.750544011592865,0.65915322303772
-0.585670471191406,-0.0280174221843481,1.35595750808716,0.0408238358795642,0.0236207712441682,0.75063568353653,0.659030735492706
-0.585377275943756,-0.0278826504945755,1.35597968101501,0.0409535877406597,0.0241697169840335,0.750791072845459,0.658825814723969
-0.585242450237274,-0.0279469210654497,1.35597550868988,0.0411363467574119,0.0233657099306583,0.750869512557983,0.658754110336304
-0.585155606269836,-0.0280784536153078,1.35593509674072,0.0411705113947391,0.0237656217068433,0.751045763492584,0.658536672592163
-0.584963619709015,-0.0280758049339056,1.35591983795166,0.0413055568933486,0.0236508604139089,0.75112920999527,0.658437073230743
-0.584791719913483,-0.0280972924083471,1.35591125488281,0.0414937511086463,0.023798594251275,0.751169502735138,0.658374130725861
-0.584589600563049,-0.0281182825565338,1.35590577125549,0.0415691323578357,0.0235517974942922,0.751295864582062,0.658233940601349
-0.584367513656616,-0.0282300077378749,1.35587894916534,0.0414137057960033,0.0238169152289628,0.751337707042694,0.658186554908752
-0.584116280078888,-0.0282957255840301,1.3558943271637,0.0409995354712009,0.0239257737994194,0.751872837543488,0.657597005367279
-0.58396053314209,-0.0283193401992321,1.35589265823364,0.0411050580441951,0.0239345338195562,0.751985251903534,0.657461762428284
-0.58396053314209,-0.0283193401992321,1.35589265823364,0.0411050580441951,0.0239345338195562,0.751985251903534,0.657461762428284
-0.583665013313293,-0.0283533316105604,1.35586214065552,0.0415629893541336,0.023678433150053,0.751825332641602,0.657625019550323
-0.583516895771027,-0.0283787064254283,1.35586261749268,0.0416586175560951,0.0236129239201545,0.751939833164215,0.657490313053131
-0.583516895771027,-0.0283787064254283,1.35586261749268,0.0416586175560951,0.0236129239201545,0.751939833164215,0.657490313053131
-0.583178102970123,-0.0284518115222454,1.35586726665497,0.0415093265473842,0.0237407702952623,0.75223296880722,0.657159686088562
-0.582998991012573,-0.0284749995917081,1.35587012767792,0.0416142791509628,0.0235645081847906,0.752260982990265,0.657127320766449
-0.582847118377686,-0.0285467859357595,1.35591089725494,0.0417063906788826,0.0234936270862817,0.752374291419983,0.6569944024086
-0.58271336555481,-0.0285899806767702,1.35590648651123,0.0417757891118526,0.0234363786876201,0.75247710943222,0.656874239444733
-0.582557857036591,-0.0286341849714517,1.35590469837189,0.0419184565544128,0.0233162511140108,0.752545237541199,0.656791388988495
-0.582414984703064,-0.0286719538271427,1.35589790344238,0.0419835746288299,0.0231609679758548,0.752677440643311,0.656641244888306
-0.582246840000153,-0.0287507530301809,1.35591495037079,0.0419184602797031,0.0232138149440288,0.753167271614075,0.656081736087799
-0.582154273986816,-0.0287665221840143,1.35590159893036,0.0422160327434539,0.0230044350028038,0.75285130739212,0.656432449817657
-0.581996500492096,-0.0288075841963291,1.35588181018829,0.042222823947668,0.0228922665119171,0.752981841564178,0.656286299228668
-0.581867754459381,-0.028855413198471,1.35588359832764,0.0422866456210613,0.0227696578949689,0.753079473972321,0.656174302101135
-0.581723809242249,-0.0288658328354358,1.35588610172272,0.0424753613770008,0.022595852613449,0.753143787384033,0.656094372272491
-0.581598997116089,-0.028962105512619,1.3558543920517,0.0427396930754184,0.0226091165095567,0.753310143947601,0.655885696411133
-0.581930160522461,-0.0289496649056673,1.35585880279541,0.0438309647142887,0.023144943639636,0.753662765026093,0.655389785766602
-0.58129096031189,-0.0290882401168346,1.35578632354736,0.0426844917237758,0.0225726347416639,0.753557026386261,0.655606865882874
-0.581182837486267,-0.0291486885398626,1.35578370094299,0.0427208133041858,0.0224800426512956,0.753657758235931,0.655492007732391
-0.580991566181183,-0.0290917139500379,1.35579347610474,0.0427121259272098,0.0220147222280502,0.753872871398926,0.655260801315308
-0.580922722816467,-0.0291276779025793,1.35578238964081,0.0428868383169174,0.0219013933092355,0.753904521465302,0.655216872692108
-0.580780386924744,-0.0292413383722305,1.35577416419983,0.042471095919609,0.0220495052635669,0.754357695579529,0.654717206954956
-0.580743551254272,-0.0291993785649538,1.35577058792114,0.0427942536771297,0.021822664886713,0.75454717874527,0.654485285282135
-0.580548405647278,-0.029336079955101,1.35574293136597,0.0424207150936126,0.0217589363455772,0.754564166069031,0.654492259025574
-0.58050924539566,-0.0292921550571918,1.35574686527252,0.0427490249276161,0.021468324586749,0.754742026329041,0.654275298118591
-0.580415904521942,-0.0293658375740051,1.3557493686676,0.0426836647093296,0.0212146025151014,0.754835903644562,0.654179632663727
-0.580415904521942,-0.0293658375740051,1.3557493686676,0.0426836647093296,0.0212146025151014,0.754835903644562,0.654179632663727
-0.580753266811371,-0.0294684134423732,1.35575664043427,0.0438523367047309,0.021557642146945,0.755081295967102,0.653807818889618
-0.580554246902466,-0.0293938945978879,1.35576725006104,0.0439831689000129,0.0209938623011112,0.755111753940582,0.65378212928772
-0.580546796321869,-0.0295597128570079,1.3557276725769,0.0439182370901107,0.0212306156754493,0.755180418491364,0.653699576854706
-0.580458641052246,-0.029611200094223,1.35571527481079,0.0438902750611305,0.0211011879146099,0.755206406116486,0.653675436973572
-0.580380082130432,-0.0296628214418888,1.35570669174194,0.0439256243407726,0.0209746044129133,0.755164444446564,0.653725743293762
-0.580315053462982,-0.0297146625816822,1.3556854724884,0.043891318142414,0.0208272468298673,0.755241930484772,0.653643310070038
-0.579688191413879,-0.0299185924232006,1.35562241077423,0.0423640571534633,0.0203803740441799,0.755152106285095,0.653861820697784
-0.579648971557617,-0.0298856142908334,1.35559618473053,0.0426429323852062,0.0200501047074794,0.75527685880661,0.653709888458252
-0.579574108123779,-0.0298980139195919,1.355588555336,0.0428433641791343,0.0196479260921478,0.754889130592346,0.654156684875488
-0.579574108123779,-0.0298980139195919,1.355588555336,0.0428433641791343,0.0196479260921478,0.754889130592346,0.654156684875488
-0.579358696937561,-0.0299950372427701,1.35557866096497,0.0427437648177146,0.019201248884201,0.754921734333038,0.6541388630867
-0.579270720481873,-0.0300273802131414,1.3555680513382,0.0427879840135574,0.0189678892493248,0.754906237125397,0.654160559177399
-0.579646825790405,-0.0300007611513137,1.35559689998627,0.0438199043273925,0.0191429927945137,0.755100011825562,0.653863430023193
-0.579544842243195,-0.0300536919385194,1.35559296607971,0.043509118258953,0.0191391687840223,0.755839765071869,0.653029203414917
-0.578965485095978,-0.0301688145846128,1.35553479194641,0.0425052866339683,0.0184519942849874,0.755400002002716,0.653623580932617
-0.578941106796265,-0.0301935262978076,1.35555410385132,0.0425038933753967,0.0183451920747756,0.755678057670593,0.653305172920227
-0.578875184059143,-0.0302355289459228,1.35554349422455,0.0424278751015663,0.0182032007724046,0.755747556686401,0.653233706951141
-0.578714609146118,-0.030345220118761,1.35552203655243,0.0421533584594726,0.0180199928581714,0.755600392818451,0.653426706790924
-0.578653275966644,-0.0303750857710838,1.35550856590271,0.0421388670802116,0.0178698413074016,0.755575299263,0.653460800647736
-0.578576683998108,-0.0304154194891452,1.35550081729889,0.042140994220972,0.0176985226571559,0.755470335483551,0.653586626052856
-0.578500151634216,-0.0304493755102157,1.35550045967102,0.0421037413179874,0.0175538100302219,0.755448758602142,0.653617799282074
-0.578424692153931,-0.0304712038487195,1.35548996925354,0.0421925298869609,0.0173614304512739,0.755339860916138,0.653743147850037
-0.578349471092224,-0.0304884780198335,1.35547995567322,0.0421623885631561,0.0172183346003294,0.755280792713165,0.653817117214203
-0.578267455101013,-0.0305072739720344,1.35546100139618,0.0421307124197483,0.0170377139002084,0.755207896232605,0.65390807390213
-0.578267455101013,-0.0305072739720344,1.35546100139618,0.0421307124197483,0.0170377139002084,0.755207896232605,0.65390807390213
-0.578104436397552,-0.0305266045033931,1.35542953014374,0.0422088913619518,0.0166701786220073,0.754904508590698,0.654262959957123
-0.578028798103333,-0.0305391810834407,1.35541820526123,0.0422146916389465,0.0165368057787418,0.75480043888092,0.654385924339294
-0.57793915271759,-0.0305565260350704,1.3554060459137,0.0421539209783077,0.0163729358464479,0.75469183921814,0.654519140720367
-0.577845931053162,-0.0305759385228157,1.35540342330933,0.0422127172350883,0.016163695603609,0.75434011220932,0.654926061630249
-0.57764744758606,-0.0305223502218723,1.35529315471649,0.0421392060816288,0.0155293270945549,0.754000544548035,0.655336856842041
-0.577693402767181,-0.0305975675582885,1.35538816452026,0.0422624237835407,0.0159291252493858,0.753744184970856,0.655614137649536
-0.577693402767181,-0.0305975675582885,1.35538816452026,0.0422624237835407,0.0159291252493858,0.753744184970856,0.655614137649536
-0.577380359172821,-0.0306081250309944,1.35526907444,0.041567925363779,0.0155433686450123,0.754081726074219,0.655279517173767
-0.577317297458649,-0.0305817574262619,1.35525727272034,0.0418651513755321,0.0151955652981996,0.753482937812805,0.655957221984863
-0.577246725559235,-0.0306002516299486,1.35524785518646,0.0417691059410572,0.0151207782328128,0.753496110439301,0.655950009822845
-0.577158868312836,-0.0306069515645504,1.35524141788483,0.0417900010943412,0.0149976909160614,0.753379464149475,0.65608537197113
-0.577051222324371,-0.0306103844195604,1.35523557662964,0.0419143252074718,0.0149206025525927,0.75332909822464,0.656137228012085
-0.576967358589172,-0.0306086167693138,1.35523200035095,0.0416844896972179,0.0147260893136262,0.753214061260223,0.656288266181946
-0.576859414577484,-0.0306108873337507,1.3552211523056,0.0416020154953002,0.014588420279324,0.753158330917358,0.656360566616058
-0.576718211174011,-0.0306524392217397,1.35521984100342,0.0412999652326107,0.0147290891036391,0.753382623195648,0.656118929386139
-0.576618075370789,-0.0306402221322059,1.35521817207336,0.0415380448102951,0.0147253014147281,0.753324210643768,0.656171023845673
-0.576521337032318,-0.0306411683559417,1.35523188114166,0.0412481427192688,0.0146181574091315,0.753260254859924,0.656265139579773
-0.576426029205322,-0.0306383296847343,1.35523152351379,0.0411789864301681,0.0145861450582742,0.753246426582336,0.656286060810089
-0.576387822628021,-0.0305596329271793,1.35536122322083,0.0414242856204509,0.0144545556977391,0.753067433834076,0.656479001045227
-0.576280057430267,-0.0305587500333786,1.35535907745361,0.0414812639355659,0.0144696636125445,0.753026902675629,0.656521618366241
-0.576187789440155,-0.0306860134005546,1.35529160499573,0.041182842105627,0.0147704035043716,0.752974033355713,0.656594097614288
-0.576109528541565,-0.0306642651557922,1.35528826713562,0.0412475243210792,0.0147754428908228,0.752898812294006,0.656676411628723
-0.576025903224945,-0.0306477807462215,1.35529172420502,0.0412688851356506,0.0147582395002245,0.752827107906342,0.656757473945618
-0.575947046279907,-0.0306019037961959,1.35510575771332,0.0413873270153999,0.0147364120930433,0.752775609493256,0.656809628009796
-0.57585221529007,-0.030582245439291,1.35509920120239,0.0413874946534633,0.0147180929780006,0.752766847610474,0.656820178031921
-0.575749695301056,-0.0305436961352825,1.35509753227234,0.041485920548439,0.0148788141086697,0.752644896507263,0.656949818134308
-0.575670719146729,-0.0304470956325531,1.35500025749207,0.0418433994054794,0.0145949684083461,0.752223968505859,0.657415568828583
-0.575556099414825,-0.0304107870906591,1.35500621795654,0.0419024638831615,0.0145462015643715,0.752135634422302,0.657514035701752
-0.575411021709442,-0.0303895883262157,1.35526704788208,0.0419657751917839,0.0144333811476826,0.751884877681732,0.657799184322357
-0.575411021709442,-0.0303895883262157,1.35526704788208,0.0419657751917839,0.0144333811476826,0.751884877681732,0.657799184322357
-0.575281023979187,-0.0302369911223649,1.35528612136841,0.042359422892332,0.0143906138837337,0.751869201660156,0.657792747020721
-0.575181126594543,-0.0301955826580524,1.3552907705307,0.0424027629196643,0.014483455568552,0.751800119876862,0.657866895198822
-0.575118601322174,-0.0301273427903652,1.35502326488495,0.0425914525985717,0.0145829999819397,0.751776576042175,0.65787947177887
-0.575088918209076,-0.0300550051033496,1.35526859760284,0.0428342558443546,0.0146374683827161,0.751854777336121,0.657773017883301
-0.574969351291656,-0.0300341472029685,1.35527408123016,0.0427910387516021,0.0148540930822491,0.752123594284058,0.657463610172272
-0.574916422367096,-0.0299717560410499,1.35526919364929,0.0429890491068363,0.0147657487541437,0.751755177974701,0.657873868942261
-0.57480925321579,-0.029932240024209,1.35526835918427,0.0430194959044456,0.0151687823235988,0.75177937746048,0.657835125923157
-0.57473361492157,-0.0299018733203411,1.35525560379028,0.0430402532219886,0.0152710601687431,0.751802444458008,0.657804906368256
-0.57464724779129,-0.0298500675708055,1.35525333881378,0.0431370511651039,0.0152865359559655,0.751715421676636,0.65789783000946
-0.574571967124939,-0.0297958236187696,1.3552497625351,0.0431029461324214,0.0153730297461152,0.751734375953674,0.657876312732697
-0.574472844600677,-0.0297506395727396,1.35525393486023,0.0430946163833141,0.0156016563996672,0.751785039901733,0.657813608646393
-0.574566543102264,-0.0298920795321464,1.35525286197662,0.0409451983869075,0.0164803620427846,0.752969443798065,0.656573712825775
-0.574283182621002,-0.0296399891376495,1.35524427890778,0.0433189384639263,0.0158130526542663,0.751807749271393,0.657767772674561
-0.574196815490723,-0.0295790657401084,1.35522973537445,0.0433567874133586,0.015876030549407,0.751753151416779,0.657826244831085
-0.574109733104706,-0.029514942318201,1.3552223443985,0.0433813408017158,0.0159283298999071,0.751703023910522,0.65788072347641
-0.574045062065125,-0.029475662857294,1.35521996021271,0.0433337055146694,0.0160353407263755,0.751707851886749,0.657875657081604
-0.573956072330475,-0.0294205676764249,1.35521876811981,0.0433415584266185,0.0164723228663206,0.751703977584839,0.657868683338165
-0.57388573884964,-0.0293684005737304,1.35521531105042,0.0433496385812759,0.0165533442050218,0.751674771308899,0.657899439334869
-0.573769927024841,-0.0293074958026409,1.35521829128265,0.0432996228337287,0.0165762230753898,0.751613736152649,0.657972037792206
-0.57370913028717,-0.0292613729834556,1.35521852970123,0.0432975105941295,0.0166476964950561,0.751541972160339,0.658052384853363
-0.573545336723328,-0.0292625892907381,1.35523879528046,0.0429404564201831,0.0167349483817815,0.751394808292389,0.658241629600525
-0.573474228382111,-0.0291958339512348,1.35523164272308,0.042979747056961,0.0167286321520805,0.75134140253067,0.658300220966339
-0.57341057062149,-0.0291356183588504,1.35521745681763,0.0429442822933197,0.0168008599430322,0.751310348510742,0.658336043357849
-0.57332056760788,-0.0290635619312524,1.3552131652832,0.0429610162973403,0.0169935636222362,0.751172840595245,0.658486902713776
-0.57332056760788,-0.0290635619312524,1.3552131652832,0.0429610162973403,0.0169935636222362,0.751172840595245,0.658486902713776
-0.573152124881744,-0.0289250332862138,1.35522055625916,0.0429451316595077,0.017045646905899,0.751064121723175,0.658610582351685
-0.573084533214569,-0.0288482066243886,1.35522747039795,0.042904358357191,0.0170821938663721,0.751164019107819,0.658498346805573
-0.573154151439667,-0.0289386417716741,1.35523283481598,0.0410401001572608,0.0177419278770685,0.752008020877838,0.657635807991028
-0.572925865650177,-0.0287088155746459,1.35523641109467,0.042794082313776,0.0170768834650516,0.751057088375092,0.658627510070801
-0.572855710983276,-0.0286187287420034,1.35523962974548,0.0428784601390361,0.0170425008982419,0.750978052616119,0.658713161945343
-0.572855710983276,-0.0286187287420034,1.35523962974548,0.0428784601390361,0.0170425008982419,0.750978052616119,0.658713161945343
-0.572702467441559,-0.0284400917589664,1.35524845123291,0.0429515168070793,0.0171252936124801,0.750879466533661,0.658818542957306
-0.572648048400879,-0.0283697769045829,1.35525214672089,0.0428687110543251,0.017182320356369,0.750960111618042,0.658730685710907
-0.572582125663757,-0.0282757058739662,1.35525500774384,0.0429708547890186,0.0171722453087568,0.75091415643692,0.658776700496674
-0.572529435157776,-0.0281985159963369,1.35526597499847,0.0429875999689102,0.0171624440699815,0.750909149646759,0.6587815284729
-0.572487771511078,-0.0281271524727344,1.35526883602142,0.0429692417383194,0.017196936532855,0.750921845436096,0.658767282962799
-0.572424352169037,-0.0280194580554962,1.3553067445755,0.0430340468883514,0.0171145293861627,0.750916540622711,0.658771216869354
-0.572400808334351,-0.0279267113655805,1.3553261756897,0.0431623198091983,0.0171313807368278,0.750778079032898,0.658920109272003
-0.572353005409241,-0.0278490837663412,1.35533547401428,0.0430925898253917,0.0171503759920597,0.750865995883942,0.65882420539856
-0.57231342792511,-0.0277628507465124,1.35534238815308,0.0431141182780265,0.0171647313982248,0.750868618488312,0.658819496631622
-0.572235763072968,-0.0276542380452156,1.35531711578369,0.0430789291858673,0.0170906279236078,0.750867009162903,0.658825516700745
-0.572126686573029,-0.0276358146220445,1.3552942276001,0.0427650287747383,0.0171603877097368,0.750809550285339,0.658909559249878
-0.572118103504181,-0.0275557283312082,1.3552953004837,0.042761955410242,0.0172483343631029,0.750816464424133,0.658899545669556
-0.572049558162689,-0.0274801142513752,1.35528779029846,0.0426679067313671,0.0172274261713027,0.75083190202713,0.658888578414917
-0.572051525115967,-0.0274052582681179,1.35529005527496,0.0426294617354869,0.0173451527953147,0.750878870487213,0.658834457397461
-0.572026610374451,-0.0273082964122295,1.35526537895203,0.0426103696227073,0.0173879135400056,0.750850796699524,0.658866703510284
-0.571996688842773,-0.0272449627518653,1.35526728630066,0.0424626804888248,0.0174598209559917,0.750944077968597,0.658767998218536
-0.571953594684601,-0.0271643046289682,1.35526478290558,0.0423196032643318,0.0176583677530288,0.751062095165253,0.658637404441833
-0.571928083896637,-0.0270903687924146,1.35527431964874,0.042229775339365,0.017736030742526,0.751084983348846,0.658614933490753
-0.571894228458405,-0.0270289685577154,1.35527300834656,0.0421147458255291,0.0178127437829971,0.751232862472534,0.658451437950134
-0.571944713592529,-0.0269163083285093,1.35526347160339,0.0421941019594669,0.0178813505917787,0.751464366912842,0.658180296421051
-0.571906387805939,-0.0268507581204175,1.35527944564819,0.0420597307384014,0.0179555248469114,0.751651465892792,0.657973170280457
-0.571844696998596,-0.0268014632165431,1.35529160499573,0.0417265258729457,0.0182220134884119,0.75220137834549,0.657358407974243
-0.571857035160065,-0.0267228968441486,1.35529601573944,0.0414815992116928,0.018129264935851,0.752004265785217,0.657601952552795
-0.571824669837952,-0.0266254097223281,1.35530591011047,0.0414579100906848,0.0181189011782407,0.752117574214935,0.657474040985107
-0.571716368198395,-0.0265306793153285,1.3553159236908,0.0413232743740081,0.0179869569838047,0.752251148223877,0.657333374023438
-0.571650207042694,-0.0264524593949317,1.35532355308533,0.0412358306348323,0.0179633032530546,0.752351105213165,0.657225131988525
-0.571581065654755,-0.0263608749955892,1.35532569885254,0.041164219379425,0.0181582830846309,0.752508103847504,0.657044589519501
-0.571441531181335,-0.0263182502239942,1.35536026954651,0.0408963300287723,0.0181344114243984,0.75255936384201,0.657003104686737
-0.571386992931366,-0.026207348331809,1.35536444187164,0.0408866889774799,0.0180984288454055,0.75274932384491,0.656787037849426
-0.571399390697479,-0.0260329134762287,1.35540044307709,0.0411886349320411,0.0180258192121982,0.753088712692261,0.656380891799927
-0.571340024471283,-0.0259705726057291,1.35543882846832,0.0411267392337322,0.0180494468659162,0.753328800201416,0.656108677387238
-0.571332395076752,-0.0258298180997371,1.35551583766937,0.0413480661809444,0.0180167127400636,0.753507852554321,0.655889928340912
-0.571255683898926,-0.0257465001195669,1.35553932189941,0.0413299277424812,0.0180874969810247,0.753743827342987,0.655618011951447
-0.571151196956635,-0.0256526209414005,1.35554754734039,0.0413989163935184,0.0182155482470989,0.753829181194305,0.655511856079102
-0.57105153799057,-0.0255416873842477,1.35555577278137,0.0416951887309551,0.0182247087359428,0.754044413566589,0.655245423316956
-0.570869028568268,-0.0254722014069557,1.35552418231964,0.041439488530159,0.0182746350765228,0.754225730895996,0.655051529407501
-0.570693492889404,-0.0254386011511087,1.35550451278687,0.0411945022642612,0.0183551367372274,0.754360795021057,0.654909133911133
-0.570707082748413,-0.0252530425786972,1.3556706905365,0.041662324219942,0.0183893963694572,0.754615843296051,0.654584646224976
-0.570577681064606,-0.0251436922699213,1.35567784309387,0.0416331030428409,0.0184906758368015,0.754964292049408,0.654181838035583
-0.57077956199646,-0.0250563789159059,1.35562252998352,0.0421185791492462,0.0190604384988546,0.755379199981689,0.653655171394348
-0.570641398429871,-0.0249233078211545,1.35562551021576,0.0422854758799076,0.0191267132759094,0.755647242069244,0.653332591056824
-0.570493161678314,-0.0247837509959936,1.35562837123871,0.0423985794186592,0.0193492043763399,0.755955219268799,0.652962148189545
-0.570343911647797,-0.0246375072747468,1.35564947128296,0.0425609871745109,0.019383281469345,0.756255865097046,0.65260249376297
-0.570343911647797,-0.0246375072747468,1.35564947128296,0.0425609871745109,0.019383281469345,0.756255865097046,0.65260249376297
-0.570057392120361,-0.0243326947093009,1.35561692714691,0.0427906848490238,0.0194903314113616,0.757164120674133,0.651530146598816
-0.569888949394226,-0.0242127459496259,1.3556467294693,0.0427510403096675,0.0195388346910476,0.757671475410461,0.650941431522369
-0.569755136966705,-0.0240787416696548,1.35567367076874,0.042905505746603,0.0199054256081581,0.758110165596008,0.65040910243988
-0.569732367992401,-0.0238404050469398,1.35574102401733,0.0434892736375331,0.0199854969978332,0.758642137050629,0.649747252464294
-0.569603562355042,-0.0236947424709796,1.35576581954956,0.0436119139194488,0.0200870502740144,0.759106040000916,0.6491938829422
-0.569159984588623,-0.0234618075191974,1.35580515861511,0.0432903841137886,0.0197654496878385,0.759640276432037,0.648599922657013
-0.569284558296204,-0.0232922155410051,1.35575306415558,0.0439678914844989,0.0202368907630443,0.760127902030945,0.647968351840973
-0.569139122962952,-0.0230299923568964,1.35576438903809,0.0440788306295871,0.0202696155756711,0.760974943637848,0.646964848041534
-0.569008111953735,-0.0229371301829814,1.35575520992279,0.0443224348127841,0.0208394974470138,0.761289119720459,0.646560251712799
-0.568778336048126,-0.0227615274488925,1.35575044155121,0.0442857965826988,0.0209193211048841,0.761327803134918,0.646514654159546
-0.568305611610413,-0.0224700234830379,1.35562944412231,0.04428007081151,0.0205902624875307,0.761614799499512,0.646187543869019
-0.568124771118164,-0.0222910791635513,1.35577368736267,0.0443351306021213,0.0208120681345462,0.7619389295578,0.645794332027435
-0.568199574947357,-0.0220735091716051,1.35571587085724,0.0451059937477111,0.0212432201951742,0.762249648571014,0.645360112190247
-0.567961633205414,-0.0216985736042261,1.35572445392609,0.0454620793461799,0.0211807209998369,0.762534081935883,0.645000994205475
-0.567876398563385,-0.0215485394001007,1.3556923866272,0.0456802695989608,0.0217045452445745,0.762907087802887,0.644526958465576
-0.567778646945953,-0.021305114030838,1.35564732551575,0.0458729304373264,0.0219043083488941,0.763448238372803,0.643865525722504
-0.567625999450684,-0.0209639705717563,1.35537338256836,0.0460949838161468,0.0218894500285387,0.763918399810791,0.643292129039764
-0.567560791969299,-0.020671609789133,1.35555553436279,0.0467333979904651,0.0223096292465925,0.764547109603882,0.642484426498413
-0.567360877990723,-0.0203559584915637,1.35534453392029,0.046740461140871,0.0223141219466924,0.76469749212265,0.642304658889771
-0.567176759243011,-0.0200224332511425,1.35532438755035,0.046972282230854,0.0222904104739427,0.764667749404907,0.642324030399323
-0.566969513893127,-0.0196457877755165,1.35530281066895,0.0473399795591831,0.0226087942719459,0.764841735363007,0.642078697681427
-0.566878139972687,-0.0192865431308746,1.35526442527771,0.0478271320462226,0.0228492487221956,0.765193700790405,0.641614496707916
-0.566743135452271,-0.0189445614814758,1.35524642467499,0.0480503812432289,0.0228479783982038,0.765389800071716,0.641363918781281
-0.566516220569611,-0.0187228508293628,1.35552275180817,0.0481066480278968,0.0229796171188354,0.765706360340118,0.640977025032043
-0.566381514072418,-0.0183960422873497,1.35551810264587,0.04816560074687,0.0230533350259065,0.766074895858765,0.640529453754425
-0.565917313098907,-0.0180019848048686,1.355064868927,0.0477929823100566,0.0228995252400636,0.766064584255219,0.640575289726257
-0.565858840942383,-0.0175864677876234,1.35504007339478,0.0479162372648716,0.022687004879117,0.766447305679321,0.64011561870575
-0.56570029258728,-0.0171128958463668,1.35500776767731,0.0481184124946594,0.0227162763476371,0.766688585281372,0.63981032371521
-0.565544724464417,-0.0166260153055191,1.35508608818054,0.0485017336905002,0.0224796626716852,0.766631245613098,0.639858484268188
-0.565396845340729,-0.0162795186042785,1.35516393184662,0.0489654764533042,0.0228025875985622,0.766834557056427,0.639567971229553
-0.565267980098724,-0.0158265847712755,1.35514652729034,0.049100175499916,0.0229612924158573,0.767074763774872,0.639263987541199
-0.56527578830719,-0.0156012456864118,1.35506176948547,0.048858106136322,0.0232586674392223,0.767284989356995,0.639019429683685
-0.565082430839539,-0.0151972007006406,1.35507094860077,0.048981100320816,0.0232734903693199,0.7673020362854,0.63898903131485
-0.564941704273224,-0.0147525947540998,1.35505068302155,0.0492768995463848,0.0231197569519281,0.7673220038414,0.63894784450531
-0.5648393034935,-0.0142632070928812,1.35500228404999,0.0498299896717071,0.0231631137430667,0.767162561416626,0.639094829559326
-0.56468677520752,-0.0137685406953096,1.35496520996094,0.0501763746142387,0.0229852609336376,0.767051637172699,0.639207184314728
-0.564712047576904,-0.0134349633008241,1.35498261451721,0.0480043031275272,0.0238918792456388,0.768502175807953,0.637596368789673
-0.56415319442749,-0.0126920901238918,1.35482096672058,0.0500996708869934,0.022787433117628,0.767497837543488,0.638684570789337
-0.564266204833984,-0.0123119102790951,1.35487937927246,0.0506150461733341,0.0234956573694944,0.76775598526001,0.638307869434357
-0.5645432472229,-0.0120027307420969,1.35506582260132,0.0514119453728199,0.0241734031587839,0.768282055854797,0.637585520744324
-0.56385213136673,-0.0115937609225511,1.35519778728485,0.0482214130461216,0.0241809412837028,0.769131541252136,0.636809945106506
-0.563915967941284,-0.010765123181045,1.35477042198181,0.0516786091029644,0.023305743932724,0.768175303936005,0.637724876403809
-0.563735127449036,-0.0102997701615095,1.35472464561462,0.0520683079957962,0.0232738237828016,0.767936110496521,0.637982308864594
-0.563676595687866,-0.0097682271152734,1.35470128059387,0.0525543428957462,0.0230352990329265,0.7681725025177,0.637666404247284
-0.563296854496002,-0.0092508401721715,1.35462164878845,0.0520591437816619,0.0228084903210401,0.768321633338928,0.637535512447357
-0.563742220401764,-0.0088487137109041,1.35477185249329,0.0534239336848259,0.023749990388751,0.768698155879974,0.636934101581573
-0.563639283180237,-0.008297149091959,1.35471308231354,0.0539297088980674,0.0238029807806015,0.769422888755798,0.636013686656952
-0.563079237937927,-0.0077020255848765,1.3549120426178,0.0531121306121349,0.0231804624199867,0.769168853759766,0.636412680149078
-0.562961876392365,-0.0070894113741815,1.35439932346344,0.0538972318172454,0.0226661581546068,0.768714368343353,0.636914134025574
-0.563350200653076,-0.0066446587443351,1.35461127758026,0.0552033931016922,0.0233355183154344,0.769323706626892,0.636041820049286
-0.563111305236816,-0.0062024961225688,1.35452890396118,0.055434800684452,0.0234369859099388,0.769340217113495,0.635997891426086
-0.562494397163391,-0.0057444996200501,1.35460162162781,0.0545091666281223,0.0226281024515628,0.769178748130798,0.636302411556244
-0.562278509140015,-0.0051201907917857,1.3546404838562,0.0546270385384559,0.0220445226877927,0.76943165063858,0.636006951332092
-0.562387406826019,-0.0045118005946278,1.35432767868042,0.0555248446762561,0.0221522506326437,0.769730269908905,0.635564148426056
-0.562279999256134,-0.0040007894858717,1.35429322719574,0.0562625080347061,0.02186213247478,0.76982569694519,0.635393679141998
-0.562178254127502,-0.0034580719657242,1.3543119430542,0.0564294010400772,0.0214891843497753,0.769903898239136,0.635296761989594
-0.561967015266418,-0.0030448054894804,1.35428369045258,0.0564508587121963,0.0213737934827804,0.77005261182785,0.635118365287781
-0.5619797706604,-0.0024247928522527,1.35426163673401,0.0574952624738216,0.0211958773434162,0.770134806632996,0.634931087493896
-0.561818599700928,-0.0019307496258988,1.35426926612854,0.057997953146696,0.0207248106598854,0.770410001277924,0.634566843509674
-0.561634182929993,-0.0015450653154402,1.35451984405518,0.0580387264490127,0.0206851996481418,0.77066570520401,0.634253978729248
-0.561608374118805,-0.0011313268914818,1.3543062210083,0.0582737401127815,0.0204427801072597,0.770918250083923,0.633933186531067
-0.561429142951965,-0.0006586922099813,1.35430598258972,0.0584726706147193,0.0203325450420379,0.771531641483307,0.633171856403351
-0.561394095420837,-0.0001392551930621,1.35435473918915,0.0591860003769397,0.0196192990988492,0.771313369274139,0.633394002914429
-0.561291337013245,0.0003253067552577,1.35441505908966,0.0601490214467048,0.0195030681788921,0.771875441074371,0.632621705532074
-0.561160206794739,0.0007528571295551,1.35442495346069,0.0603352896869182,0.0188132859766483,0.771559238433838,0.633010268211365
-0.560885071754456,0.0012059703003615,1.35447072982788,0.060162503272295,0.0180307775735855,0.771748721599579,0.632818698883057
-0.561117589473724,0.0016054357402026,1.35451710224152,0.0611739307641983,0.0179084744304418,0.772242307662964,0.632122695446014
-0.561091661453247,0.0020450055599212,1.35454070568085,0.0616748929023742,0.0179612804204225,0.77254056930542,0.631707668304443
-0.560687005519867,0.0023559238761663,1.35454952716827,0.0615355633199214,0.0174216385930776,0.772976756095886,0.631202816963196
-0.560554087162018,0.002960940124467,1.35455715656281,0.0621769279241561,0.0164796411991119,0.773063778877258,0.631058692932129
-0.561016261577606,0.0029870457947254,1.35457599163055,0.0630586966872215,0.0174089614301919,0.773480176925659,0.630435526371002
-0.560643970966339,0.0036186701618134,1.35487389564514,0.0632289126515388,0.0162831507623195,0.773756623268127,0.630109250545502
-0.560929536819458,0.0035039037466049,1.35499215126038,0.0632964968681335,0.0171345807611942,0.774210274219513,0.629522383213043
-0.560790598392487,0.0039589619264006,1.3550283908844,0.0629492849111557,0.0167286153882741,0.774028599262238,0.629791438579559
-0.560778856277466,0.0042570568621158,1.35537540912628,0.063571959733963,0.0166142787784338,0.774691760540009,0.628916084766388
-0.560448884963989,0.0047620367258787,1.35527718067169,0.0639457926154136,0.0155552206560969,0.774714469909668,0.628877282142639
-0.560340106487274,0.0049814777448773,1.35536527633667,0.0651402622461319,0.0148107912391424,0.775150001049042,0.628235518932343
-0.561021029949188,0.0051748030818998,1.35494065284729,0.0667051300406456,0.015523194335401,0.775440633296967,0.627695381641388
-0.560727655887604,0.0055703711695969,1.35499715805054,0.0667988359928131,0.0147247556596994,0.776048719882965,0.626952528953552
-0.560825943946838,0.0058115785941481,1.35499489307404,0.0677427351474762,0.0141423642635345,0.775772631168365,0.627206325531006
-0.560870170593262,0.0060400166548788,1.35501503944397,0.0679863095283508,0.0138693759217858,0.776162922382355,0.626703083515167
-0.560775816440582,0.0063649835065007,1.35504233837128,0.0686022117733955,0.0131485341116786,0.776148498058319,0.626669406890869
-0.560678958892822,0.0067009977065026,1.35506665706635,0.0681091248989105,0.0130948359146714,0.776408314704895,0.626402497291565
-0.560520529747009,0.0070764380507171,1.35475540161133,0.0684899240732193,0.0123499212786555,0.776539325714111,0.626213610172272
-0.560277879238129,0.0071506793610751,1.35507941246033,0.0688928738236427,0.0117158154025673,0.776985466480255,0.625627875328064
-0.560202360153198,0.0073584206402301,1.35509586334229,0.0693356543779373,0.0111540248617529,0.777039885520935,0.62552148103714
-0.560310006141663,0.0076537909917533,1.35485363006592,0.0690541937947273,0.0112443482503294,0.777386903762817,0.625119805335999
-0.560198128223419,0.007840659469366,1.3548549413681,0.0692221820354461,0.0107760792598128,0.777713119983673,0.624703466892242
-0.560145556926727,0.0080129308626055,1.35485136508942,0.0694782957434654,0.0103746633976697,0.778016984462738,0.624303638935089
-0.560093522071838,0.0081313643604516,1.35489642620087,0.0697149708867073,0.0100747561082243,0.778324604034424,0.623898446559906
-0.560196578502655,0.0082182912155985,1.35516703128815,0.0702195912599563,0.0101457303389906,0.778729915618896,0.623334646224976
-0.560151636600494,0.0083224885165691,1.35515749454498,0.0704571232199668,0.0098814591765403,0.779173374176025,0.62275755405426
-0.560118913650513,0.0083609987050294,1.35522067546844,0.0704359263181686,0.0097826067358255,0.779791712760925,0.621987104415894
-0.559704780578613,0.0083937831223011,1.35523653030396,0.0700288563966751,0.0091295484453439,0.780003786087036,0.62177711725235
-0.560311138629913,0.007747515104711,1.35554015636444,0.0703426524996757,0.0112038673833012,0.78050309419632,0.621080756187439
-0.560200095176697,0.0078403456136584,1.35552549362183,0.0704193338751792,0.0109026478603482,0.780707597732544,0.620820343494415
-0.560088455677032,0.0078530125319957,1.35555732250214,0.0704129412770271,0.0108123691752552,0.781025826931,0.620422184467316
-0.560021221637726,0.0078990729525685,1.35531187057495,0.0705477073788642,0.0106261214241385,0.78130441904068,0.620059251785278
-0.560024321079254,0.0080293603241443,1.35532450675964,0.0709697380661964,0.010427413508296,0.781522870063782,0.619739174842834
-0.559880793094635,0.00801382958889,1.35561990737915,0.0709750652313232,0.0102497339248657,0.781884014606476,0.619285821914673
-0.559880793094635,0.00801382958889,1.35561990737915,0.0709750652313232,0.0102497339248657,0.781884014606476,0.619285821914673
-0.559666991233826,0.0079917199909687,1.35565149784088,0.0710766837000846,0.0099984444677829,0.782488405704498,0.61851441860199
-0.559501171112061,0.0078558064997196,1.355344414711,0.0708550438284874,0.0099773248657584,0.782822966575623,0.618116676807404
-0.559363722801208,0.0078056249767541,1.35561716556549,0.07082349807024,0.0098768584430217,0.783142149448395,0.617717564105988
-0.559363722801208,0.0078056249767541,1.35561716556549,0.07082349807024,0.0098768584430217,0.783142149448395,0.617717564105988
-0.559161901473999,0.0076676942408084,1.35533618927002,0.0708946287631988,0.0099267307668924,0.783716142177582,0.616979956626892
-0.559063494205475,0.0075783864594995,1.35534083843231,0.0709002241492271,0.0098575120791792,0.783911466598511,0.616732358932495
-0.559007585048676,0.0076050283387303,1.35533833503723,0.0712684169411659,0.0096089951694011,0.783992528915405,0.616590738296509
-0.558901906013489,0.0075245695188641,1.35522413253784,0.0713041275739669,0.0094730127602815,0.784206986427307,0.616315901279449
-0.558830082416534,0.0073955114930868,1.35520398616791,0.0713319256901741,0.0094533739611506,0.784403085708618,0.61606365442276
-0.558708608150482,0.0072622993029654,1.35519194602966,0.0712686404585838,0.0093606384471058,0.784514367580414,0.615930438041687
-0.558511853218079,0.0070606064982712,1.35516035556793,0.0719606131315231,0.008787540718913,0.784560739994049,0.615799427032471
-0.558344006538391,0.0067770686000585,1.35513651371002,0.0715797021985054,0.0086245341226458,0.784509539604187,0.615911364555359
-0.558227181434631,0.006596949417144,1.35511898994446,0.0714678838849067,0.0085353543981909,0.78452205657959,0.615909516811371
-0.558227181434631,0.006596949417144,1.35511898994446,0.0714678838849067,0.0085353543981909,0.78452205657959,0.615909516811371
-0.558062970638275,0.0062113041058182,1.35508418083191,0.0714941769838333,0.0084690796211361,0.784395694732666,0.616068542003632
-0.557962954044342,0.0060162884183228,1.35507392883301,0.0717686414718627,0.0082538723945617,0.784241735935211,0.616235375404358
-0.558117032051086,0.0059472434222698,1.35508263111115,0.0712215602397918,0.0084986528381705,0.78415983915329,0.616399824619293
-0.558080077171326,0.0057076723314821,1.35506653785706,0.071119911968708,0.0084016984328627,0.784072935581207,0.616523444652557
-0.557953774929047,0.0053653037175536,1.35501885414124,0.0707384794950485,0.0081703895702958,0.784019947052002,0.616637647151947
-0.557953774929047,0.0053653037175536,1.35501885414124,0.0707384794950485,0.0081703895702958,0.784019947052002,0.616637647151947
-0.557951986789703,0.0048508099280297,1.35501313209534,0.0709531158208847,0.0077983890660107,0.783610880374908,0.617137551307678
-0.557947397232056,0.0045966738834977,1.35502135753632,0.0709383264183998,0.0075665516778826,0.783445835113525,0.617351770401001
-0.557921350002289,0.0043629016727209,1.35503196716309,0.0709283053874969,0.007204289548099,0.783155202865601,0.617725789546967
-0.557892918586731,0.0041155973449349,1.35504901409149,0.0711468979716301,0.0068968404084444,0.782849490642548,0.618091642856598
-0.557892918586731,0.0041155973449349,1.35504901409149,0.0711468979716301,0.0068968404084444,0.782849490642548,0.618091642856598
-0.558023929595947,0.0036370567977428,1.35540735721588,0.0711070448160171,0.0062899277545511,0.782380342483521,0.618696391582489
-0.557974100112915,0.0032560043036937,1.35513639450073,0.0710317492485046,0.0059630712494254,0.781822741031647,0.619412839412689
-0.557984888553619,0.0029967571608722,1.35517179965973,0.0712802335619926,0.0054383617825806,0.781144082546234,0.620244741439819
-0.557984888553619,0.0029967571608722,1.35517179965973,0.0712802335619926,0.0054383617825806,0.781144082546234,0.620244741439819
-0.558061182498932,0.0024434030055999,1.35527086257935,0.0715870186686515,0.0043169306591153,0.780224859714508,0.621374130249023
-0.558292627334595,0.0020268089137971,1.35530638694763,0.0699968785047531,0.004721509758383,0.780991733074188,0.620588541030884
-0.558115720748901,0.0019009984098374,1.35535335540771,0.0716036930680275,0.0033135951962321,0.779438495635986,0.622364640235901
-0.558432459831238,0.0016016652807593,1.35542058944702,0.0706293061375618,0.0033499533310532,0.779662907123566,0.622194528579712
-0.558367788791656,0.0012666503898799,1.35543727874756,0.0713394358754158,0.0023326105438172,0.779168426990509,0.622737348079681
-0.558531761169434,0.0010598609223961,1.35545563697815,0.0709806382656097,0.0020219769794493,0.778647005558014,0.623431146144867
-0.558363080024719,0.0009070946834981,1.35545778274536,0.0730665549635887,4.9408645281801e-05,0.777423977851868,0.624718427658081
-0.558422446250916,0.0006570611149072,1.35549092292786,0.0732117220759391,-0.0006954890559427,0.777020454406738,0.62520307302475
-0.55860435962677,0.0004619783721864,1.35553026199341,0.0730291679501533,-0.0011893516639247,0.776322662830353,0.626089811325073
-0.558583617210388,7.05709680914879e-05,1.35556697845459,0.0728171095252037,-0.001753133139573,0.776057362556458,0.626442074775696
-0.55864292383194,-0.0001952671445906,1.35559403896332,0.0728948190808296,-0.0022841743193566,0.775910258293152,0.62661349773407
-0.558852016925812,-0.0006366511806845,1.3559068441391,0.0716345235705375,-0.0017799230990931,0.776955425739288,0.625464379787445
-0.559119403362274,-0.0008746087551116,1.35598242282867,0.0727321654558181,-0.0023950866889208,0.776607811450958,0.625767171382904
-0.558969438076019,-0.0011124764569103,1.35603773593903,0.0723642781376838,-0.0033980067819356,0.776472628116608,0.625972867012024
-0.559074580669403,-0.0013239686377346,1.35576772689819,0.072842925786972,-0.004011461045593,0.776374161243439,0.626035928726196
-0.558905839920044,-0.0013723857700824,1.35578167438507,0.0748069435358047,-0.0055652628652751,0.775132358074188,0.62732982635498
-0.559035837650299,-0.0015119081363081,1.35586023330688,0.0754990354180336,-0.0065317996777594,0.77478551864624,0.627665996551514
-0.559048593044281,-0.0017068977467715,1.35588932037354,0.0760884806513786,-0.0074066026136279,0.774372339248657,0.628095030784607
-0.559078335762024,-0.0019520269706845,1.35596191883087,0.0765590742230415,-0.0081004295498132,0.774021446704865,0.628461480140686
-0.559340119361877,-0.0025239470414817,1.35601544380188,0.074507899582386,-0.0073718563653528,0.775652229785919,0.626703917980194
-0.559358716011047,-0.0027806144207715,1.35604333877563,0.0750133693218231,-0.0081367511302232,0.775365948677063,0.626988470554352
-0.559132933616638,-0.0028147385455667,1.35604465007782,0.0772444903850555,-0.0098317032679915,0.773611068725586,0.628858149051666
-0.559171259403229,-0.0030179028399288,1.35604524612427,0.0775331854820251,-0.0103838872164487,0.773484706878662,0.628969192504883
-0.55916553735733,-0.0032159928232431,1.35606265068054,0.0779178738594055,-0.0108816446736454,0.773213982582092,0.62924599647522
-0.559432148933411,-0.0036013824865221,1.35608947277069,0.0766018107533454,-0.010538195259869,0.774327099323273,0.628043532371521
-0.559499740600586,-0.0036730545107275,1.35611963272095,0.0771538093686103,-0.0111346719786524,0.774024724960327,0.62833833694458
-0.559319674968719,-0.0036955687683075,1.35610401630402,0.0792355686426162,-0.0125032141804695,0.772406756877899,0.630042195320129
-0.559545397758484,-0.0040782866999506,1.35644972324371,0.07798483222723,-0.012130438350141,0.773368120193481,0.629025340080261
-0.5595343708992,-0.0042618317529559,1.35649359226227,0.078093484044075,-0.012784905731678,0.77301698923111,0.629430413246155
-0.559532463550568,-0.0044419788755476,1.35647439956665,0.0784359648823738,-0.0131196826696395,0.772741436958313,0.629719436168671
-0.559412896633148,-0.0046830554492771,1.35617125034332,0.0782577395439148,-0.0134813766926527,0.772413671016693,0.630135953426361
-0.559189081192017,-0.0047422861680388,1.35617303848267,0.0799483209848404,-0.0145973172038793,0.770848572254181,0.631812870502472
-0.559290587902069,-0.0050058867782354,1.35650956630707,0.0802284628152847,-0.0146242594346404,0.770615875720978,0.632060587406158
-0.559427440166473,-0.0053258272819221,1.35652446746826,0.078589491546154,-0.0141865778714418,0.771271049976349,0.631477117538452
-0.55963146686554,-0.0054070758633315,1.35656797885895,0.0792201235890388,-0.0143566681072115,0.770778775215149,0.631995439529419
-0.559653222560883,-0.0055952258408069,1.35657382011414,0.0791807025671005,-0.0144606661051511,0.770432114601135,0.632420420646667
-0.55946934223175,-0.0057894485071301,1.35623395442963,0.0787477493286132,-0.0148280318826437,0.769850254058838,0.633174061775208
-0.55946147441864,-0.0058976239524781,1.35624969005585,0.0789797976613044,-0.0151326591148972,0.76917028427124,0.633963942527771
-0.559483528137207,-0.0060143079608678,1.35626292228699,0.0792186334729194,-0.0153603022918105,0.768483757972717,0.634760618209839
-0.559483528137207,-0.0060143079608678,1.35626292228699,0.0792186334729194,-0.0153603022918105,0.768483757972717,0.634760618209839
-0.559462904930115,-0.0063668740913271,1.35626041889191,0.0794155523180961,-0.0157451760023832,0.76707935333252,0.636423349380493
-0.559681236743927,-0.006591185927391,1.35625374317169,0.0798309668898582,-0.0157104954123497,0.766464114189148,0.637113034725189
-0.559594571590424,-0.006909682881087,1.35622179508209,0.0796042680740356,-0.0156728141009807,0.765921711921692,0.637794256210327
-0.55933940410614,-0.0070750690065324,1.35624003410339,0.079359047114849,-0.0160739570856094,0.765026867389679,0.638887882232666
-0.55933940410614,-0.0070750690065324,1.35624003410339,0.079359047114849,-0.0160739570856094,0.765026867389679,0.638887882232666
-0.559366643428802,-0.0073486119508743,1.3562821149826,0.079872652888298,-0.0165221113711595,0.76337069272995,0.640790522098541
-0.559339702129364,-0.0075828032568097,1.35656940937042,0.0796458572149276,-0.0164008066058158,0.762785673141479,0.641518115997314
-0.559346675872803,-0.0078510241582989,1.35655415058136,0.0796353593468666,-0.0161892902106046,0.762167930603027,0.642258703708649
-0.559578418731689,-0.0080861141905188,1.35624694824219,0.0801009535789489,-0.0157712399959564,0.761598229408264,0.642886579036713
-0.55933940410614,-0.0082339690998196,1.35620546340942,0.0798561125993728,-0.016089329496026,0.760914087295532,0.643718898296356
-0.559220552444458,-0.0085468245670199,1.35618615150452,0.0797886848449707,-0.0160024780780076,0.760270059108734,0.644489824771881
-0.559258997440338,-0.0087503790855407,1.35618758201599,0.0800880119204521,-0.0156681388616561,0.759576857089996,0.645277738571167
-0.559202969074249,-0.0089856851845979,1.35624182224274,0.0801988393068313,-0.0155786965042352,0.758824527263641,0.646150767803192
-0.558971643447876,-0.0090627884492278,1.35652101039886,0.0820415541529655,-0.0163166560232639,0.756640255451202,0.648458421230316
-0.558242380619049,-0.0090947393327951,1.35697686672211,0.0810178220272064,-0.0174834690988063,0.755393505096436,0.650008618831635
-0.558245420455933,-0.0093109868466854,1.35697138309479,0.0811972916126251,-0.0173278357833623,0.754728198051453,0.650762677192688
-0.558235108852386,-0.0095293773338198,1.3569620847702,0.0819354206323623,-0.0173073001205921,0.753750383853912,0.651803076267242
-0.558235108852386,-0.0095293773338198,1.3569620847702,0.0819354206323623,-0.0173073001205921,0.753750383853912,0.651803076267242
-0.558101058006287,-0.010119036771357,1.35693883895874,0.0821253806352615,-0.0172630660235881,0.752408444881439,0.653329133987427
-0.558406054973602,-0.010601227171719,1.35666084289551,0.0801301598548889,-0.0158024169504642,0.753518998622894,0.65233314037323
-0.558195054531097,-0.0106156282126903,1.3566769361496,0.0825260505080223,-0.0169686917215585,0.751219809055328,0.654652774333954
-0.558410465717316,-0.0113085927441716,1.35702228546143,0.0808735489845275,-0.0146752772852778,0.753505527973175,0.652283310890198
-0.558396577835083,-0.011549798771739,1.35669600963593,0.0811756998300552,-0.0145800560712814,0.752546668052673,0.653354048728943
-0.558523237705231,-0.0115402992814779,1.35670793056488,0.0820580273866653,-0.0156381335109472,0.75008362531662,0.656046032905579
-0.558536231517792,-0.011748437769711,1.35669791698456,0.0825616270303726,-0.015719573944807,0.749412477016449,0.65674751996994
-0.557903230190277,-0.0112761175259947,1.35633456707001,0.0832368284463882,-0.0182219762355089,0.748095095157623,0.658098459243774
-0.557877659797668,-0.0116478214040398,1.35634851455688,0.0833256095647811,-0.0182871203869581,0.747295200824738,0.658993482589722
-0.558162212371826,-0.0117449648678302,1.35628485679626,0.0844297856092453,-0.017842911183834,0.74616152048111,0.660148680210114
-0.558162212371826,-0.0117449648678302,1.35628485679626,0.0844297856092453,-0.017842911183834,0.74616152048111,0.660148680210114
-0.558190047740936,-0.0123687190935015,1.35636961460114,0.0848099961876869,-0.0179000571370124,0.744848251342773,0.661579847335815
-0.558252692222595,-0.0125638535246253,1.35652351379395,0.0854755192995071,-0.0182295758277177,0.743927538394928,0.662520587444305
-0.558225870132446,-0.0127195697277784,1.35646665096283,0.0857945382595062,-0.0186632461845874,0.742992579936981,0.663515627384186
-0.558210372924805,-0.0130655877292156,1.35643124580383,0.0859826356172561,-0.0188348479568958,0.742274820804596,0.664289534091949
-0.558439016342163,-0.0134095111861824,1.35645663738251,0.0865134000778198,-0.0189070273190736,0.741479337215424,0.665106356143951
-0.558348059654236,-0.0134326238185167,1.35641598701477,0.0871645882725715,-0.0197042431682348,0.740098655223846,0.666534423828125
-0.558314204216003,-0.0137561867013573,1.35631537437439,0.0871676355600357,-0.0199452508240938,0.739331901073456,0.667377233505249
-0.558472633361816,-0.013913732022047,1.35611832141876,0.0878697633743286,-0.0201912224292755,0.738227009773254,0.668499946594238
-0.558703482151031,-0.0142810512334108,1.35605037212372,0.0885461419820785,-0.019964151084423,0.737183272838593,0.669568419456482
-0.558357238769531,-0.0144362021237611,1.35599446296692,0.0903315097093582,-0.0214169267565011,0.734148144721985,0.672612845897675
-0.558597564697266,-0.014775114133954,1.35606813430786,0.0890951380133628,-0.0207571927458047,0.734887778759003,0.671990573406219
-0.558597564697266,-0.014775114133954,1.35606813430786,0.0890951380133628,-0.0207571927458047,0.734887778759003,0.671990573406219
-0.558054506778717,-0.0147263053804636,1.35582160949707,0.0917206332087516,-0.0239067077636718,0.730962514877319,0.675803005695343
-0.558441042900085,-0.0153245367109775,1.35600161552429,0.090348444879055,-0.0227381214499473,0.731451809406281,0.675498843193054
-0.558474481105804,-0.0156258530914783,1.35597109794617,0.0906161814928054,-0.0228822436183691,0.730524182319641,0.676461100578308
-0.558269798755646,-0.0155255235731601,1.35570383071899,0.093610294163227,-0.0249432511627674,0.727463841438293,0.679272711277008
-0.558548748493195,-0.016019569709897,1.35569834709167,0.0922937393188476,-0.0241443607956171,0.728139042854309,0.678758025169373
-0.558131217956543,-0.0162112824618816,1.35589158535004,0.0943640768527984,-0.0255088601261377,0.724646747112274,0.682152390480042
-0.558290898799896,-0.0166120044887065,1.35581839084625,0.0952677875757217,-0.0255358088761568,0.723292887210846,0.683461427688599
-0.558359086513519,-0.0169312097132205,1.35578393936157,0.0956699848175048,-0.0255982689559459,0.722617864608765,0.684116721153259
-0.558322370052338,-0.0174097288399934,1.35576140880585,0.0960756987333297,-0.025777231901884,0.721457362174988,0.685276925563812
-0.558768093585968,-0.0179111193865537,1.35581064224243,0.0949942097067833,-0.025302754715085,0.722054243087769,0.684816598892212
-0.558498501777649,-0.0183349978178739,1.35607874393463,0.0952288061380386,-0.0260214805603027,0.720409691333771,0.686487019062042
-0.558604598045349,-0.0186310298740863,1.3559023141861,0.0962912440299987,-0.0260600075125694,0.718970954418182,0.687844276428223
-0.558785498142242,-0.0189822856336832,1.35584259033203,0.0975278615951538,-0.0264049749821424,0.717585563659668,0.689102411270142
-0.558792352676392,-0.0193799566477537,1.35582780838013,0.0983310043811798,-0.0268286243081092,0.71640020608902,0.690204322338104
-0.558477640151978,-0.0199032314121723,1.35589301586151,0.100278168916702,-0.0275613851845264,0.713074862957001,0.693331778049469
-0.558790326118469,-0.0204872656613588,1.35585737228394,0.0991660952568054,-0.0265376362949609,0.713968515396118,0.692611634731293
-0.558778941631317,-0.0209456011652946,1.35583186149597,0.0997896566987037,-0.026828333735466,0.712561547756195,0.693958461284637
-0.55845046043396,-0.0212289653718471,1.35585820674896,0.102343991398811,-0.028449922800064,0.708471179008484,0.697699844837189
-0.558402001857758,-0.0216868557035923,1.3558623790741,0.102865189313888,-0.0288069192320108,0.707173526287079,0.698923945426941
-0.558178901672363,-0.0220404472202062,1.35593140125275,0.10369099676609,-0.0295509342104196,0.706073582172394,0.699882328510284
-0.558107912540436,-0.0226398892700672,1.35589635372162,0.104172050952911,-0.0295963156968355,0.704541385173798,0.701351404190063
-0.558107912540436,-0.0226398892700672,1.35589635372162,0.104172050952911,-0.0295963156968355,0.704541385173798,0.701351404190063
-0.558269143104553,-0.0237152110785245,1.35608553886414,-0.10582210123539,0.0294538494199514,-0.701716184616089,-0.703937888145447
-0.558269143104553,-0.0237152110785245,1.35608553886414,-0.10582210123539,0.0294538494199514,-0.701716184616089,-0.703937888145447
-0.558589160442352,-0.0249607935547828,1.355872631073,-0.105897314846516,0.0292781088501214,-0.699960291385651,-0.705680131912231
-0.558589160442352,-0.0249607935547828,1.355872631073,-0.105897314846516,0.0292781088501214,-0.699960291385651,-0.705680131912231
-0.55847430229187,-0.0260622836649417,1.35613822937012,-0.10729206353426,0.0297672003507614,-0.696455657482147,-0.708908975124359
-0.558176696300507,-0.0263759475201368,1.35615360736847,-0.110005579888821,0.0309653617441654,-0.692577958106995,-0.712233066558838
-0.558624029159546,-0.0269822385162115,1.35586643218994,-0.10935016721487,0.0303325671702623,-0.692991852760315,-0.711958408355713
-0.558147370815277,-0.0275706518441438,1.35613358020782,-0.111409574747086,0.0315437987446785,-0.68866503238678,-0.715774595737457
-0.557880163192749,-0.0280088223516941,1.35596632957458,-0.112045906484127,0.0323812328279018,-0.68639075756073,-0.717819631099701
-0.557973802089691,-0.0284793730825185,1.3561372756958,-0.114637613296509,0.0325738489627838,-0.681459784507751,-0.722087025642395
-0.557973802089691,-0.0284793730825185,1.3561372756958,-0.114637613296509,0.0325738489627838,-0.681459784507751,-0.722087025642395
-0.557649195194244,-0.0297182593494653,1.35626327991486,-0.116177871823311,0.0330339148640632,-0.677042603492737,-0.725964605808258
-0.557956397533417,-0.0303468406200408,1.35626649856567,-0.117718756198883,0.0331287756562233,-0.674883961677551,-0.727719962596893
-0.557928502559662,-0.0310712959617376,1.35624086856842,-0.118279509246349,0.0335086658596992,-0.672551453113556,-0.7297682762146
-0.558002650737762,-0.0317215621471405,1.35631549358368,-0.119015365839005,0.0337756983935833,-0.670435309410095,-0.731581270694733
-0.557937920093536,-0.0323702916502952,1.35640454292297,-0.119695730507374,0.0342720672488212,-0.667956531047821,-0.733711421489716
-0.558021366596222,-0.0330735892057418,1.35639190673828,-0.121024750173092,0.0347513519227504,-0.665139853954315,-0.736026227474213
-0.558117926120758,-0.0337333045899868,1.35644638538361,-0.121447451412678,0.0352120734751224,-0.662595093250275,-0.738226532936096
-0.558199048042297,-0.0344819799065589,1.35644364356995,-0.122076697647571,0.0355090908706188,-0.660305738449097,-0.74015736579895
-0.558371603488922,-0.035085305571556,1.35621929168701,-0.123819090425968,0.0361097976565361,-0.65786600112915,-0.742008924484253
-0.558473110198975,-0.0359689220786094,1.35620844364166,-0.12367869913578,0.0364510007202625,-0.655706465244293,-0.743924677371979
-0.558233559131622,-0.0365636460483074,1.35635304450989,-0.124693214893341,0.0373703651130199,-0.652486503124237,-0.746536374092102
-0.558589696884155,-0.0374116189777851,1.3562833070755,-0.125116899609566,0.037511121481657,-0.649801194667816,-0.748797118663788
-0.558718979358673,-0.0381893515586853,1.35624861717224,-0.12584887444973,0.0382575429975986,-0.64736145734787,-0.750747442245483
-0.558718979358673,-0.0381893515586853,1.35624861717224,-0.12584887444973,0.0382575429975986,-0.64736145734787,-0.750747442245483
-0.559041738510132,-0.039841815829277,1.35628247261047,-0.127529352903366,0.0387433245778083,-0.642131805419922,-0.75491851568222
-0.558880925178528,-0.040773969143629,1.35636794567108,-0.127805769443512,0.040500346571207,-0.63898116350174,-0.757448613643646
-0.559208989143372,-0.0416211262345314,1.35625052452087,-0.128792881965637,0.0402667224407196,-0.63590270280838,-0.759880721569061
-0.559208989143372,-0.0416211262345314,1.35625052452087,-0.128792881965637,0.0402667224407196,-0.63590270280838,-0.759880721569061
-0.559451520442963,-0.043481171131134,1.35631895065308,-0.130134299397469,0.0409319698810577,-0.630278825759888,-0.764289379119873
-0.559624075889587,-0.0443697161972522,1.35643303394318,-0.130828678607941,0.0415672995150089,-0.627424120903015,-0.766482174396515
-0.559774875640869,-0.0453306697309017,1.35649442672729,-0.131761372089386,0.0423586443066597,-0.624555885791779,-0.768618643283844
-0.55979198217392,-0.0462952814996242,1.35616946220398,-0.132083788514137,0.0425877496600151,-0.621155142784119,-0.771301805973053
-0.560117185115814,-0.0473256595432758,1.35643744468689,-0.133258029818535,0.043261632323265,-0.618177771568298,-0.773451447486877
-0.560131728649139,-0.0483211427927017,1.35609924793243,-0.133502021431923,0.0434537455439567,-0.614793002605438,-0.776091814041138
-0.560444891452789,-0.0494975820183754,1.35629415512085,-0.134130254387856,0.0439609624445438,-0.612173914909363,-0.778022944927216
-0.560656070709229,-0.0504892356693744,1.35623073577881,-0.135075867176056,0.0445570759475231,-0.608938634395599,-0.780360817909241
-0.560656070709229,-0.0504892356693744,1.35623073577881,-0.135075867176056,0.0445570759475231,-0.608938634395599,-0.780360817909241
-0.560845136642456,-0.0526083409786224,1.35613656044006,-0.136055245995521,0.045903991907835,-0.602365851402283,-0.785198926925659
-0.561040639877319,-0.0537445470690727,1.35611534118652,-0.136809200048447,0.0452958643436431,-0.599258124828339,-0.787477850914001
-0.560984134674072,-0.0548329502344131,1.35633027553558,-0.137150034308434,0.0472309365868568,-0.596666574478149,-0.789270758628845
-0.56080549955368,-0.0559472665190696,1.35596561431885,-0.137368693947792,0.0471406392753124,-0.592285454273224,-0.792531192302704
-0.561136722564697,-0.0573325641453266,1.35587000846863,-0.137679308652878,0.0475953817367553,-0.589428424835205,-0.794577360153198
-0.561340630054474,-0.0585100129246711,1.35584986209869,-0.13856466114521,0.0484561212360858,-0.585889160633087,-0.796985328197479
-0.561926484107971,-0.0597385391592979,1.35592377185822,-0.139589801430702,0.0484582185745239,-0.58275032043457,-0.799104928970337
-0.562242984771729,-0.0609820820391178,1.35582900047302,-0.140317320823669,0.0486770644783973,-0.579548418521881,-0.801289677619934
-0.562274873256683,-0.0622290633618831,1.35578095912933,-0.140858665108681,0.0498255789279937,-0.575291037559509,-0.804186820983887
-0.56243509054184,-0.0633822679519653,1.35579991340637,-0.14160567522049,0.0500470139086246,-0.572145700454712,-0.806283116340637
-0.562314629554749,-0.0644830837845802,1.35561287403107,-0.142039254307747,0.0520883090794086,-0.568078398704529,-0.808949172496796
-0.562591373920441,-0.0659586414694786,1.35559499263763,-0.142366379499435,0.052234012633562,-0.565026998519897,-0.811016619205475
-0.562562465667725,-0.0671605393290519,1.35542023181915,-0.142842203378677,0.0529237389564514,-0.562299072742462,-0.812782287597656
-0.561388969421387,-0.0677684471011161,1.3552428483963,-0.14307402074337,0.0577290467917919,-0.557955205440521,-0.815403640270233
-0.561399459838867,-0.0690586119890213,1.35520482063293,-0.144059732556343,0.0591984577476978,-0.554528474807739,-0.81745982170105
-0.5616455078125,-0.0704219788312912,1.35529780387878,-0.144753679633141,0.0585243366658687,-0.551123976707458,-0.819684982299805
-0.562024474143982,-0.071992740035057,1.35530972480774,-0.145552963018417,0.0598398111760616,-0.548379361629486,-0.82128781080246
-0.562220990657806,-0.0734465718269348,1.35523557662964,-0.145736217498779,0.0594800859689712,-0.546103298664093,-0.822796523571014
-0.562220990657806,-0.0734465718269348,1.35523557662964,-0.145736217498779,0.0594800859689712,-0.546103298664093,-0.822796523571014
-0.562040269374847,-0.0761578530073165,1.35486769676208,-0.14678144454956,0.0602460280060768,-0.538957059383392,-0.827255010604858
-0.562190413475037,-0.0778043419122695,1.35485136508942,-0.147444218397141,0.0617999471724033,-0.536041438579559,-0.828915357589722
-0.562159657478333,-0.0793220773339271,1.3547420501709,-0.14793486893177,0.0620344914495945,-0.53268426656723,-0.830972015857697
-0.562615215778351,-0.080946609377861,1.35478830337524,-0.149029031395912,0.0620448626577854,-0.530074059963226,-0.832443594932556
-0.562624931335449,-0.0825174152851104,1.35472559928894,-0.149907380342483,0.0625064522027969,-0.526837468147278,-0.834303855895996
-0.562624931335449,-0.0825174152851104,1.35472559928894,-0.149907380342483,0.0625064522027969,-0.526837468147278,-0.834303855895996
-0.56250935792923,-0.0857052057981491,1.35479366779327,-0.151775524020195,0.0638758763670921,-0.519561767578125,-0.838414907455444
-0.562767207622528,-0.0874424427747726,1.35470473766327,-0.152921125292778,0.0642390400171279,-0.516662001609802,-0.839969515800476
-0.563070118427277,-0.0892456397414207,1.35456418991089,-0.15336187183857,0.0630983412265777,-0.514571726322174,-0.841257810592651
-0.562857031822205,-0.0908130258321762,1.35448741912842,-0.154204994440079,0.0640215873718261,-0.51153951883316,-0.842881619930267
-0.562845766544342,-0.092589259147644,1.35437786579132,-0.155369639396667,0.0647677928209304,-0.508642673492432,-0.844362437725067
-0.563022375106812,-0.0944403633475303,1.35420060157776,-0.156499743461609,0.0651965141296386,-0.504949748516083,-0.846334993839264
-0.562793493270874,-0.0961724668741226,1.35403323173523,-0.156910747289658,0.0655178874731063,-0.503125369548798,-0.847320020198822
-0.563052713871002,-0.098153181374073,1.35401117801666,-0.158301889896393,0.065686322748661,-0.499572068452835,-0.849148750305176
-0.563104689121246,-0.100032947957516,1.35391056537628,-0.159021556377411,0.0651783347129821,-0.497963607311249,-0.849997699260712
-0.562827944755554,-0.101879566907883,1.35367286205292,-0.159796178340912,0.0665249824523925,-0.495417058467865,-0.851235330104828
-0.562684118747711,-0.104234501719475,1.35381603240967,-0.159634664654732,0.0678784251213073,-0.492673963308334,-0.852749466896057
-0.562907159328461,-0.106278210878372,1.35355663299561,-0.160955145955086,0.0661377683281898,-0.490469545125961,-0.853908061981201
-0.562720537185669,-0.108250573277473,1.35332775115967,-0.161855757236481,0.0669174268841743,-0.488284409046173,-0.85492867231369
-0.562848389148712,-0.110054761171341,1.35312163829803,-0.164198338985443,0.0671107992529869,-0.485554397106171,-0.856021046638489
-0.563197135925293,-0.112147830426693,1.35282766819,-0.164593741297722,0.0664234906435012,-0.483609825372696,-0.857098817825317
-0.563440918922424,-0.114336729049683,1.35274350643158,-0.16596294939518,0.0660035833716392,-0.481931805610657,-0.857812166213989
-0.562890112400055,-0.116363793611526,1.35236549377441,-0.166759118437767,0.0673059895634651,-0.479420363903046,-0.858963012695312
-0.563169002532959,-0.118604391813278,1.35212814807892,-0.169703915715218,0.0676453486084938,-0.477531641721725,-0.859411597251892
-0.563022911548615,-0.120614618062973,1.35195302963257,-0.169978529214859,0.0675089433789253,-0.47516468167305,-0.860679030418396
-0.56270045042038,-0.122863233089447,1.35148894786835,-0.172269627451897,0.0690681338310241,-0.472373634576797,-0.861635625362396
-0.562919914722443,-0.125064104795456,1.35127985477448,-0.172596395015716,0.0675832331180572,-0.471316486597061,-0.862266719341278
-0.562919020652771,-0.127299457788467,1.35092926025391,-0.175566643476486,0.0682734176516532,-0.469153583049774,-0.862792015075684
-0.562620997428894,-0.129497855901718,1.35067188739777,-0.177005752921104,0.0687769874930381,-0.466331273317337,-0.863987147808075
-0.562946379184723,-0.131848320364952,1.35055351257324,-0.179202035069466,0.0679873675107956,-0.464927345514297,-0.864353477954865
-0.562756359577179,-0.133824944496155,1.35008561611176,-0.179717898368835,0.0680007562041282,-0.463257849216461,-0.86514139175415
-0.562805414199829,-0.136105239391327,1.34980547428131,-0.181797817349434,0.0678921043872833,-0.461121380329132,-0.865856409072876
-0.562593936920166,-0.138231083750725,1.34928727149963,-0.185120582580566,0.0690292716026306,-0.458686888217926,-0.866355419158936
-0.562513768672943,-0.140399545431137,1.34902918338776,-0.186110436916351,0.0689236968755722,-0.456571340560913,-0.867268741130829
-0.562734067440033,-0.14264440536499,1.34875118732452,-0.189684793353081,0.0687443763017654,-0.455101698637009,-0.867281019687653
-0.562610149383545,-0.144973397254944,1.34830486774445,-0.191805809736252,0.069103866815567,-0.453025966882706,-0.867872476577759
-0.562766849994659,-0.146995440125465,1.3479483127594,-0.193207278847694,0.0683024227619171,-0.451789736747742,-0.868269443511963
-0.56284898519516,-0.149313271045685,1.34779393672943,-0.195899948477745,0.0682187527418136,-0.450058937072754,-0.868571519851685
-0.563142478466034,-0.151604533195496,1.34732413291931,-0.198469683527946,0.0675002336502075,-0.448696315288544,-0.86874920129776
-0.563082039356232,-0.153683826327324,1.34695637226105,-0.201166853308678,0.0679828524589538,-0.447590857744217,-0.868661463260651
-0.563068747520447,-0.156087577342987,1.34648907184601,-0.203365013003349,0.068038061261177,-0.44610932469368,-0.868907332420349
-0.563295841217041,-0.158337101340294,1.34624767303467,-0.206269547343254,0.0680448412895202,-0.445075780153274,-0.868752241134644
-0.563459575176239,-0.160509034991264,1.34573137760162,-0.209569498896599,0.068455085158348,-0.44371235370636,-0.868627667427063
-0.563719809055328,-0.162869408726692,1.34543597698212,-0.212375968694687,0.0685601383447647,-0.442756086587906,-0.868425607681274
-0.564311027526855,-0.165091216564178,1.34516060352325,-0.215737372636795,0.0680514276027679,-0.442048162221909,-0.867997527122498
-0.56462287902832,-0.167303144931793,1.3447163105011,-0.218114569783211,0.0689104050397872,-0.441177487373352,-0.867778778076172
-0.565131425857544,-0.169538825750351,1.34452903270721,-0.22095263004303,0.0686366036534309,-0.440024048089981,-0.867668032646179
-0.565131425857544,-0.169538825750351,1.34452903270721,-0.22095263004303,0.0686366036534309,-0.440024048089981,-0.867668032646179
-0.565767168998718,-0.173482745885849,1.34372520446777,-0.226244926452637,0.0667710676789283,-0.438764601945877,-0.867087423801422
-0.566200733184814,-0.175549030303955,1.34337604045868,-0.229084670543671,0.0669075399637222,-0.438258081674576,-0.866587281227112
-0.566764712333679,-0.177783519029617,1.34305882453918,-0.231995016336441,0.0668883025646209,-0.437817752361298,-0.866036951541901
-0.567291975021362,-0.179843589663505,1.34275484085083,-0.234572827816009,0.0670958682894706,-0.437241047620773,-0.865617692470551
-0.567876517772675,-0.182031899690628,1.34259080886841,-0.236970409750938,0.0671441927552223,-0.437326490879059,-0.864917516708374
-0.568430006504059,-0.184006690979004,1.34223985671997,-0.23954501748085,0.067372165620327,-0.436609268188477,-0.864552855491638
-0.568855345249176,-0.186318933963776,1.34190797805786,-0.241256311535835,0.0678686127066612,-0.436513721942902,-0.864086270332336
-0.569650232791901,-0.188118934631348,1.34164392948151,-0.24429278075695,0.0678704157471656,-0.436049908399582,-0.863466918468475
-0.570168256759644,-0.190135180950165,1.34129154682159,-0.246251985430717,0.0687249973416328,-0.435836523771286,-0.862950384616852
-0.570998013019562,-0.192259609699249,1.34115135669708,-0.248603135347366,0.0685127675533294,-0.435833871364594,-0.862294256687164
-0.571364283561707,-0.194249555468559,1.34073150157928,-0.249949365854263,0.0695692300796508,-0.435517370700836,-0.861980319023132
-0.571364283561707,-0.194249555468559,1.34073150157928,-0.249949365854263,0.0695692300796508,-0.435517370700836,-0.861980319023132
-0.572977125644684,-0.19812285900116,1.34031772613525,-0.254921942949295,0.0702530443668365,-0.435172587633133,-0.860641777515411
-0.573745310306549,-0.200237274169922,1.34004819393158,-0.256863564252853,0.0706586167216301,-0.434645712375641,-0.860297381877899
-0.57445353269577,-0.20220048725605,1.33979713916779,-0.258678048849106,0.0711720064282417,-0.434696793556213,-0.859685480594635
-0.574921607971191,-0.204045355319977,1.33936774730682,-0.260168641805649,0.0722666978836059,-0.434583604335785,-0.859201312065125
-0.575847089290619,-0.206132531166077,1.33930277824402,-0.262188136577606,0.0726995691657066,-0.434050798416138,-0.858820199966431
-0.576234459877014,-0.208004623651504,1.33898186683655,-0.263400137424469,0.0741054862737655,-0.434282273054123,-0.858211934566498
-0.577076554298401,-0.209952607750893,1.33857953548431,-0.265174239873886,0.07476107776165,-0.434007316827774,-0.857747733592987
-0.57760214805603,-0.211867183446884,1.33844447135925,-0.266632050275803,0.0759101584553718,-0.433518588542938,-0.857441961765289
-0.578328967094421,-0.213783100247383,1.33816421031952,-0.268173575401306,0.0766775086522102,-0.433440893888474,-0.856932044029236
-0.578984975814819,-0.215706750750542,1.33790457248688,-0.269769370555878,0.0778202712535858,-0.433430850505829,-0.856333076953888
-0.579606771469116,-0.21755588054657,1.33768343925476,-0.271211117506027,0.0788023024797439,-0.433023363351822,-0.855993926525116
-0.580319762229919,-0.219437181949615,1.33736872673035,-0.272499531507492,0.0795617401599884,-0.433190703392029,-0.855429589748383
-0.581160724163055,-0.221450358629227,1.33710777759552,-0.273986369371414,0.080579750239849,-0.433455348014831,-0.854725003242493
-0.581475496292114,-0.223198294639587,1.33681643009186,-0.27517381310463,0.0818881690502166,-0.432760834693909,-0.854571163654327
-0.58201652765274,-0.224934697151184,1.33663249015808,-0.277017802000046,0.0838346853852272,-0.43267148733139,-0.85383152961731
-0.58304762840271,-0.226661816239357,1.3364052772522,-0.27913898229599,0.0839366987347602,-0.432799398899078,-0.853065550327301
-0.58304762840271,-0.226661816239357,1.3364052772522,-0.27913898229599,0.0839366987347602,-0.432799398899078,-0.853065550327301
-0.583658277988434,-0.230443298816681,1.33579611778259,-0.281039148569107,0.0870630741119384,-0.432647496461868,-0.852204859256744
-0.583658277988434,-0.230443298816681,1.33579611778259,-0.281039148569107,0.0870630741119384,-0.432647496461868,-0.852204859256744
-0.584534466266632,-0.234084248542786,1.33518660068512,-0.283641874790192,0.0890421792864799,-0.432581692934036,-0.85117095708847
-0.584976434707642,-0.235915333032608,1.33487963676453,-0.285105109214783,0.0903340801596641,-0.432183980941772,-0.85074782371521
-0.585940957069397,-0.237619072198868,1.33458912372589,-0.287557184696198,0.0903706103563308,-0.432395458221435,-0.849810659885406
-0.585639834403992,-0.239582940936089,1.33423781394958,-0.287794440984726,0.0926231369376182,-0.431933104991913,-0.849722921848297
-0.586533188819885,-0.24129456281662,1.33388364315033,-0.2899409532547,0.0921665281057357,-0.432004183530807,-0.849006414413452
-0.586533188819885,-0.24129456281662,1.33388364315033,-0.2899409532547,0.0921665281057357,-0.432004183530807,-0.849006414413452
-0.586925268173218,-0.244771480560303,1.33301293849945,-0.292959213256836,0.0947446003556251,-0.431824326515198,-0.847777187824249
-0.587391018867493,-0.24666029214859,1.33262276649475,-0.294494122266769,0.0947364568710327,-0.431794226169586,-0.847261488437653
-0.587872743606567,-0.248505592346191,1.33223259449005,-0.296442091464996,0.0951874330639839,-0.431961327791214,-0.846445977687836
-0.587709963321686,-0.250154405832291,1.33158278465271,-0.297477096319199,0.0960127189755439,-0.431331545114517,-0.846310913562775
-0.587850749492645,-0.251743525266647,1.33101105690002,-0.299434870481491,0.0971255823969841,-0.430580586194992,-0.84587574005127
-0.588009715080261,-0.253645896911621,1.33041322231293,-0.30088746547699,0.0971804931759834,-0.430608958005905,-0.845339357852936
-0.588213741779327,-0.255525052547455,1.32998538017273,-0.30241584777832,0.0976469665765762,-0.430491268634796,-0.844799995422363
-0.588349223136902,-0.257168471813202,1.32913029193878,-0.303904622793198,0.0977536812424659,-0.430192172527313,-0.844405710697174
-0.588576555252075,-0.258887887001038,1.32842898368835,-0.305727273225784,0.098347969353199,-0.430214017629623,-0.843667268753052
-0.588576555252075,-0.258887887001038,1.32842898368835,-0.305727273225784,0.098347969353199,-0.430214017629623,-0.843667268753052
-0.58838564157486,-0.262141764163971,1.3269317150116,-0.307885438203812,0.102018691599369,-0.42900025844574,-0.843064367771149
-0.588693082332611,-0.263760209083557,1.32597410678864,-0.309732288122177,0.101893246173859,-0.428501546382904,-0.842656552791595
-0.588693082332611,-0.263760209083557,1.32597410678864,-0.309732288122177,0.101893246173859,-0.428501546382904,-0.842656552791595
-0.589149177074432,-0.2669358253479,1.32420134544373,-0.313512742519379,0.0986266359686851,-0.429204046726227,-0.841288626194
-0.58920955657959,-0.268616735935211,1.32348740100861,-0.314811706542969,0.0982570573687553,-0.429721713066101,-0.840582191944122
-0.589123547077179,-0.27018529176712,1.322634100914,-0.316298454999924,0.0988799706101417,-0.429201900959015,-0.840216457843781
-0.589059174060822,-0.271729052066803,1.32176196575165,-0.317706108093262,0.0993910655379295,-0.42907252907753,-0.839690983295441
-0.589176595211029,-0.273212432861328,1.32097089290619,-0.319251418113708,0.0992469191551208,-0.429163902997971,-0.839075088500977
-0.588937401771545,-0.274748593568802,1.3203113079071,-0.320373982191086,0.100738726556301,-0.428861945867538,-0.838623702526093
-0.589158892631531,-0.27624174952507,1.31949543952942,-0.321680456399918,0.0999041497707367,-0.429431229829788,-0.837931752204895
-0.589116513729095,-0.277573227882385,1.31875610351562,-0.323282301425934,0.100347943603992,-0.428981751203537,-0.837492406368256
-0.589024245738983,-0.27916020154953,1.3181254863739,-0.324487447738647,0.100530050694942,-0.429052591323852,-0.836968004703522
-0.589110255241394,-0.280528247356415,1.31733453273773,-0.325478225946426,0.0998862013220787,-0.429480582475662,-0.836440742015839
-0.589205920696259,-0.281751245260239,1.31647145748138,-0.327004611492157,0.0997447818517685,-0.429156392812729,-0.836028635501862
-0.58888578414917,-0.283113747835159,1.31587982177734,-0.327896177768707,0.100542090833187,-0.429123520851135,-0.835600674152374
-0.58869481086731,-0.284390151500702,1.31521022319794,-0.328829705715179,0.100801192224026,-0.429784834384918,-0.834862411022186
-0.588639616966248,-0.285374879837036,1.3145250082016,-0.330177277326584,0.101527214050293,-0.42973580956459,-0.834267497062683
-0.588787376880646,-0.286232680082321,1.3137640953064,-0.33212211728096,0.101546071469784,-0.429444462060928,-0.833643078804016
-0.58874636888504,-0.287519603967667,1.31321430206299,-0.333019435405731,0.101205989718437,-0.429738402366638,-0.833174884319305
-0.588581204414368,-0.289068013429642,1.31245923042297,-0.33297860622406,0.100976325571537,-0.429829984903336,-0.833171784877777
-0.588161945343018,-0.289546757936478,1.31208050251007,-0.334950178861618,0.102953694760799,-0.429781973361969,-0.832163691520691
-0.58857923746109,-0.29039454460144,1.31122541427612,-0.336405783891678,0.101982973515987,-0.429580599069595,-0.831799983978271
-0.588602066040039,-0.291506826877594,1.31069540977478,-0.337005645036697,0.101641424000263,-0.430155634880066,-0.831301629543304
-0.588555932044983,-0.292417138814926,1.31013286113739,-0.338033676147461,0.10168195515871,-0.43016117811203,-0.830876350402832
-0.588621735572815,-0.293196588754654,1.30959475040436,-0.339293748140335,0.101747825741768,-0.430219799280167,-0.830324113368988
-0.588643670082092,-0.294113487005234,1.30918788909912,-0.34041103720665,0.101539298892021,-0.430014908313751,-0.829998373985291
-0.588595569133759,-0.294975817203522,1.30874490737915,-0.341173738241196,0.101504951715469,-0.430181741714477,-0.829602837562561
-0.588673412799835,-0.295811504125595,1.30833721160889,-0.342164844274521,0.101626053452492,-0.430884391069412,-0.828814804553986
-0.58854079246521,-0.29639008641243,1.3078076839447,-0.342932820320129,0.102069795131683,-0.43126305937767,-0.828245759010315
-0.58854079246521,-0.29639008641243,1.3078076839447,-0.342932820320129,0.102069795131683,-0.43126305937767,-0.828245759010315
-0.588771820068359,-0.297975569963455,1.30707013607025,-0.344634890556335,0.101966932415962,-0.431737720966339,-0.827304124832153
-0.588778913021088,-0.298600703477859,1.30665874481201,-0.345441579818726,0.102040715515614,-0.431924372911453,-0.826861023902893
-0.588791131973267,-0.299190402030945,1.30637216567993,-0.346296608448029,0.101981110870838,-0.432051867246628,-0.826444089412689
-0.588924527168274,-0.299993991851807,1.30609512329102,-0.346769213676453,0.101708903908729,-0.432749152183533,-0.825914442539215
-0.5890953540802,-0.300778359174728,1.30594527721405,-0.347240090370178,0.101316794753075,-0.433345675468445,-0.825451910495758
-0.589180588722229,-0.301202923059464,1.30565345287323,-0.348219037055969,0.10173749178648,-0.433233022689819,-0.825046718120575
-0.589191615581512,-0.301718831062317,1.30543792247772,-0.348658829927444,0.10182274132967,-0.433445811271667,-0.824738621711731
-0.589185118675232,-0.302229225635529,1.30526983737946,-0.349348366260529,0.101988703012466,-0.433785289525986,-0.824247777462006
-0.589175879955292,-0.302665024995804,1.30506873130798,-0.34983703494072,0.102500878274441,-0.433934837579727,-0.823898255825043
-0.589162766933441,-0.303015410900116,1.30495142936707,-0.35053551197052,0.102608360350132,-0.434164673089981,-0.823466777801514
-0.589296102523804,-0.303490430116653,1.30480790138245,-0.350967615842819,0.102817200124264,-0.434478759765625,-0.82309091091156
-0.589320182800293,-0.30387869477272,1.30468332767487,-0.35146301984787,0.102980449795723,-0.4348084628582,-0.82268488407135
-0.589195430278778,-0.304130285978317,1.30460119247437,-0.352091878652573,0.103670828044415,-0.435630142688751,-0.82189416885376
-0.589256167411804,-0.304534584283829,1.30448293685913,-0.352486670017242,0.103563830256462,-0.43558719754219,-0.821761250495911
-0.589420199394226,-0.305135488510132,1.30457067489624,-0.352829992771149,0.103465035557747,-0.436319917440414,-0.821237504482269
-0.589355230331421,-0.305234313011169,1.30451238155365,-0.353482604026794,0.10399118065834,-0.436180800199509,-0.820964157581329
-0.589386761188507,-0.305583357810974,1.30452680587769,-0.353823989629745,0.104178957641125,-0.436521112918854,-0.820612370967865
-0.58941924571991,-0.305910408496857,1.30445981025696,-0.354018300771713,0.104336969554424,-0.437042862176895,-0.820230722427368
-0.589423179626465,-0.306257307529449,1.30428993701935,-0.353957980871201,0.104496419429779,-0.437385261058807,-0.82005387544632
-0.589416861534119,-0.306568115949631,1.3042243719101,-0.354078263044357,0.104309275746346,-0.437915533781052,-0.819742739200592
-0.589416861534119,-0.306568115949631,1.3042243719101,-0.354078263044357,0.104309275746346,-0.437915533781052,-0.819742739200592
-0.589468419551849,-0.307253360748291,1.30420207977295,-0.354028552770615,0.105592079460621,-0.438600212335586,-0.819233775138855
-0.589468419551849,-0.307253360748291,1.30420207977295,-0.354028552770615,0.105592079460621,-0.438600212335586,-0.819233775138855
-0.589328765869141,-0.307593613862991,1.303950548172,-0.354263365268707,0.106193833053112,-0.439128249883652,-0.818771541118622
-0.589287996292114,-0.30783075094223,1.30385196208954,-0.354272335767746,0.106378264725208,-0.43952402472496,-0.818531274795532
-0.589122653007507,-0.307992815971375,1.30378544330597,-0.355015307664871,0.106547139585018,-0.439681202173233,-0.818102836608887
-0.58909660577774,-0.30817237496376,1.30374813079834,-0.355171233415604,0.106746539473534,-0.440505743026733,-0.817565500736237
-0.589154839515686,-0.30849027633667,1.30367159843445,-0.35525369644165,0.106663815677166,-0.441056996583939,-0.817243158817291
-0.589082360267639,-0.308613002300262,1.30355107784271,-0.355484902858734,0.106851853430271,-0.441171795129776,-0.817056059837341
-0.589062869548798,-0.308843404054642,1.30343866348267,-0.355651706457138,0.107012666761875,-0.4414122402668,-0.816832542419434
-0.589061975479126,-0.309168934822083,1.30329716205597,-0.355574190616608,0.106988303363323,-0.441832602024078,-0.816642224788666
-0.589061975479126,-0.309168934822083,1.30329716205597,-0.355574190616608,0.106988303363323,-0.441832602024078,-0.816642224788666
-0.589060962200165,-0.309590131044388,1.30305397510529,-0.356199324131012,0.107029527425766,-0.441926538944244,-0.81631338596344
-0.588983654975891,-0.309641450643539,1.30293369293213,-0.356618404388428,0.107559569180012,-0.441962033510208,-0.816041469573975
-0.588969349861145,-0.309821248054504,1.30280065536499,-0.356890797615051,0.107896290719509,-0.442144304513931,-0.815779149532318
-0.588967263698578,-0.310034364461899,1.30264377593994,-0.356972873210907,0.107924118638039,-0.442661166191101,-0.815459311008453
-0.588953733444214,-0.310209691524506,1.30248630046844,-0.357184052467346,0.108216717839241,-0.442920863628387,-0.81518691778183
-0.588933348655701,-0.310406386852264,1.30229151248932,-0.357322067022324,0.108574762940407,-0.443184614181518,-0.814935564994812
-0.588895916938782,-0.310587644577026,1.30210828781128,-0.357587367296219,0.109067045152187,-0.443241119384766,-0.81472259759903
-0.588873267173767,-0.310764014720917,1.30194664001465,-0.357942372560501,0.109790146350861,-0.443096458911896,-0.814548313617706
-0.588886439800262,-0.310924112796783,1.3017863035202,-0.358295261859894,0.110164873301983,-0.443148910999298,-0.814314067363739
-0.588806211948395,-0.311068058013916,1.30164754390717,-0.358624458312988,0.110776372253895,-0.442975968122482,-0.814180195331573
-0.588820993900299,-0.311007231473923,1.30107665061951,-0.358911335468292,0.111356005072594,-0.442920356988907,-0.814004957675934
-0.588820993900299,-0.311007231473923,1.30107665061951,-0.358911335468292,0.111356005072594,-0.442920356988907,-0.814004957675934
-0.588714957237244,-0.311476796865463,1.30065369606018,-0.359119206666946,0.111993178725243,-0.443293660879135,-0.813622534275055
-0.588632762432098,-0.311621189117432,1.30045330524445,-0.359386801719666,0.112592250108719,-0.443167507648468,-0.813490509986877
-0.588529348373413,-0.311627626419067,1.30024480819702,-0.359919905662537,0.113307043910026,-0.442831367254257,-0.8133385181427
-0.588529348373413,-0.311627626419067,1.30024480819702,-0.359919905662537,0.113307043910026,-0.442831367254257,-0.8133385181427
-0.588373064994812,-0.311905026435852,1.29987859725952,-0.360613107681274,0.114246472716331,-0.442511290311813,-0.813074290752411
-0.588355600833893,-0.312007457017899,1.29968500137329,-0.360918462276459,0.114546030759811,-0.44239142537117,-0.812961757183075
-0.588355600833893,-0.312007457017899,1.29968500137329,-0.360918462276459,0.114546030759811,-0.44239142537117,-0.812961757183075
-0.588274002075195,-0.312201261520386,1.29932260513306,-0.361552476882935,0.115255877375603,-0.442019581794739,-0.812782049179077
-0.588235199451447,-0.312307089567184,1.29915225505829,-0.361743450164795,0.115583322942257,-0.44194883108139,-0.812689006328583
-0.588238120079041,-0.312402814626694,1.29890966415405,-0.361879587173462,0.115833289921284,-0.441945105791092,-0.812594830989838
-0.588251054286957,-0.312476634979248,1.29872512817383,-0.361975938081741,0.116271547973156,-0.441724956035614,-0.812609016895294
-0.588251054286957,-0.312476634979248,1.29872512817383,-0.361975938081741,0.116271547973156,-0.441724956035614,-0.812609016895294
-0.588160812854767,-0.312619268894196,1.29838275909424,-0.361958801746368,0.11692950129509,-0.441475957632065,-0.812657535076141
-0.588147699832916,-0.312650710344315,1.29819393157959,-0.361950784921646,0.117333151400089,-0.441486358642578,-0.812597334384918
-0.588104844093323,-0.312704563140869,1.29804849624634,-0.361835479736328,0.117573171854019,-0.441403269767761,-0.812659084796906
-0.588106751441956,-0.312770068645477,1.29794609546661,-0.361799448728561,0.117719031870365,-0.441424071788788,-0.812642693519592
-0.588106751441956,-0.312770068645477,1.29794609546661,-0.361799448728561,0.117719031870365,-0.441424071788788,-0.812642693519592
-0.588039040565491,-0.31285947561264,1.29764366149902,-0.361180365085602,0.118267379701138,-0.441215962171555,-0.812951445579529
-0.588018178939819,-0.312887519598007,1.29751038551331,-0.360822051763534,0.118443116545677,-0.441235840320587,-0.813074231147766
-0.588134706020355,-0.312936186790466,1.29738426208496,-0.360542953014374,0.118202030658722,-0.441334575414658,-0.813179433345795
-0.588145554065704,-0.312972009181976,1.29729080200195,-0.360207349061966,0.118367843329906,-0.441103428602219,-0.813429534435272
-0.588197827339172,-0.312997162342071,1.29721558094025,-0.359510391950607,0.119055740535259,-0.440637499094009,-0.813889741897583
-0.5882169008255,-0.313022166490555,1.29713463783264,-0.359130829572678,0.119435802102089,-0.440434157848358,-0.814111709594727
-0.588239729404449,-0.313019096851349,1.29707539081573,-0.358361780643463,0.119432620704174,-0.440349102020264,-0.814497053623199
-0.588248550891876,-0.313039720058441,1.29702973365784,-0.357673913240433,0.119854390621185,-0.440415769815445,-0.8147012591362
-0.588274300098419,-0.313026428222656,1.29697811603546,-0.356733739376068,0.119500517845154,-0.440586298704147,-0.815073132514954
-0.588175714015961,-0.313268840312958,1.29730188846588,-0.355860710144043,0.119845226407051,-0.440081298351288,-0.815676867961884
-0.588151097297668,-0.313181906938553,1.29729413986206,-0.354738593101501,0.120407670736313,-0.440120041370392,-0.816061794757843
-0.588190615177155,-0.313219249248505,1.29723918437958,-0.353800743818283,0.120323605835438,-0.439296364784241,-0.816924750804901
-0.588190615177155,-0.313219249248505,1.29723918437958,-0.353800743818283,0.120323605835438,-0.439296364784241,-0.816924750804901
-0.588257431983948,-0.313120663166046,1.29723715782166,-0.351594299077988,0.120871350169182,-0.439030051231384,-0.817938983440399
-0.588205993175507,-0.313046634197235,1.29732871055603,-0.3504698574543,0.121502555906773,-0.438717305660248,-0.818495690822601
-0.588302254676819,-0.313041478395462,1.29732048511505,-0.349423259496689,0.121566958725452,-0.437688827514648,-0.819483578205109
-0.588367581367493,-0.312957227230072,1.29739987850189,-0.347993314266205,0.121462017297745,-0.437971472740173,-0.819956421852112
-0.588401615619659,-0.312890201807022,1.29750561714172,-0.34686279296875,0.122048273682594,-0.437320947647095,-0.820695340633392
-0.588465631008148,-0.312746107578278,1.29764235019684,-0.345352798700333,0.122663363814354,-0.437631189823151,-0.821075022220612
-0.588565528392792,-0.312650948762894,1.29773783683777,-0.34436959028244,0.123358182609081,-0.436889231204987,-0.821778655052185
-0.588721811771393,-0.312719881534576,1.29780983924866,-0.342605262994766,0.123443812131882,-0.43643319606781,-0.822744965553284
-0.588566601276398,-0.312390476465225,1.29792106151581,-0.341066062450409,0.123647160828114,-0.436745882034302,-0.823187947273254
-0.588658511638641,-0.312441647052765,1.29799890518188,-0.339631259441376,0.123821921646595,-0.436158865690231,-0.824065625667572
-0.588851690292358,-0.312371850013733,1.29811668395996,-0.338243693113327,0.12397439032793,-0.436101704835892,-0.82464337348938
-0.58890026807785,-0.312156468629837,1.29825234413147,-0.336575478315353,0.124610178172588,-0.435785979032516,-0.825396776199341
-0.589029371738434,-0.312024444341659,1.2984231710434,-0.334860563278198,0.125049933791161,-0.436166644096375,-0.825826644897461
-0.589324593544006,-0.311951249837875,1.298623919487,-0.333762377500534,0.12500411272049,-0.435731947422028,-0.826507270336151
-0.589409172534943,-0.311546087265015,1.29884111881256,-0.332716822624206,0.125573575496674,-0.434990555047989,-0.827232718467712
-0.589671730995178,-0.311378121376038,1.29907405376434,-0.331395596265793,0.125912994146347,-0.43549832701683,-0.827444314956665
-0.589929699897766,-0.311117887496948,1.29910314083099,-0.329663991928101,0.126022353768349,-0.435663104057312,-0.828032493591309
-0.590178787708282,-0.310976982116699,1.29930078983307,-0.328488111495972,0.126259818673134,-0.434860974550247,-0.828884780406952
-0.590301513671875,-0.31069004535675,1.29956161975861,-0.326672196388245,0.12648731470108,-0.435440868139267,-0.82926332950592
-0.590532660484314,-0.310405492782593,1.29982769489288,-0.325714737176895,0.126784354448318,-0.434554845094681,-0.830058872699738
-0.590838849544525,-0.310276359319687,1.30012893676758,-0.324124425649643,0.126719996333122,-0.434752643108368,-0.830587387084961
-0.591059803962708,-0.310047745704651,1.30036532878876,-0.322737127542496,0.127168774604797,-0.434304177761078,-0.83129346370697
-0.591252028942108,-0.309737086296081,1.3006272315979,-0.321202307939529,0.127628549933434,-0.434423804283142,-0.831754803657532
-0.591544508934021,-0.309465438127518,1.30088639259338,-0.319756001234055,0.127818867564201,-0.434170335531235,-0.832414925098419
-0.591785550117493,-0.309117674827576,1.30112266540527,-0.318270117044449,0.128191739320755,-0.434280216693878,-0.832869589328766
-0.5921431183815,-0.308867454528809,1.3014303445816,-0.316934883594513,0.127994433045387,-0.43412309885025,-0.83349072933197
-0.592419147491455,-0.308579593896866,1.30171799659729,-0.315067708492279,0.128104209899902,-0.434438407421112,-0.834017276763916
-0.59278130531311,-0.308286875486374,1.30204856395721,-0.313845247030258,0.128197640180588,-0.434173971414566,-0.834601402282715
-0.593202173709869,-0.307912737131119,1.30231750011444,-0.312343597412109,0.127733021974564,-0.434344261884689,-0.835147261619568
-0.59344094991684,-0.307515680789948,1.30268585681915,-0.310690850019455,0.127906367182732,-0.43437448143959,-0.835721135139465
-0.593779683113098,-0.307260364294052,1.3029351234436,-0.308892011642456,0.12804239988327,-0.434788107872009,-0.836152076721191
-0.593933820724487,-0.306784331798553,1.30327725410461,-0.307100385427475,0.128850072622299,-0.434984654188156,-0.836585581302643
-0.594262897968292,-0.306443631649017,1.30366063117981,-0.305678963661194,0.12883511185646,-0.434464246034622,-0.83737850189209
-0.594560444355011,-0.305989384651184,1.30399119853973,-0.303928911685944,0.129119321703911,-0.434412360191345,-0.837998390197754
-0.594946801662445,-0.305618464946747,1.30444991588593,-0.301986008882523,0.129469364881516,-0.435495615005493,-0.838084518909454
-0.595259010791779,-0.305271089076996,1.304771900177,-0.30026113986969,0.129128649830818,-0.435178875923157,-0.838920950889587
-0.595599055290222,-0.304499626159668,1.3051221370697,-0.298763275146484,0.129556432366371,-0.434999406337738,-0.839482665061951
-0.596018075942993,-0.304069727659225,1.30557513237,-0.297022342681885,0.129508450627327,-0.435058951377869,-0.840076804161072
-0.596409320831299,-0.303450137376785,1.30600869655609,-0.295294344425201,0.129475519061089,-0.435119867324829,-0.840659260749817
-0.596336841583252,-0.302931278944016,1.30650806427002,-0.293129056692123,0.130585595965385,-0.434963554143906,-0.841326057910919
-0.597106635570526,-0.302213311195373,1.30680644512177,-0.29163134098053,0.129669159650803,-0.434990644454956,-0.841974020004272
-0.597106635570526,-0.302213311195373,1.30680644512177,-0.29163134098053,0.129669159650803,-0.434990644454956,-0.841974020004272
-0.597847878932953,-0.301007390022278,1.30779683589935,-0.287312209606171,0.129170596599579,-0.43492978811264,-0.843565464019775
-0.598427355289459,-0.300382614135742,1.30842363834381,-0.285269439220428,0.129013478755951,-0.435232788324356,-0.844126343727112
-0.598788201808929,-0.299631804227829,1.30892419815063,-0.283056527376175,0.12899374961853,-0.435142755508423,-0.84492039680481
-0.599254786968231,-0.298914074897766,1.30946719646454,-0.280833721160889,0.128322273492813,-0.435240864753723,-0.845713496208191
