x,y,z,q0,q1,q2,q3
-0.610735356807709,0.0102274492383003,1.35332429409027,-0.0679880380630493,-0.0730877593159675,0.873958647251129,0.475638657808304
-0.611233592033386,0.0107690338045358,1.35329151153564,-0.0673633590340614,-0.0720650851726532,0.874200940132141,0.475438386201859
-0.611464321613312,0.0110211484134197,1.35335969924927,-0.0676069632172584,-0.0720279514789581,0.874109983444214,0.475576639175415
-0.611615836620331,0.0113444197922945,1.35333526134491,-0.0675608292222023,-0.0720843449234962,0.874228298664093,0.47535714507103
-0.610846281051636,0.0116281025111675,1.3529304265976,-0.0683234110474586,-0.0762329250574112,0.874894082546234,0.473371863365173
-0.611128091812134,0.0117537677288055,1.35296952724457,-0.0682583078742027,-0.0758549571037292,0.874838471412659,0.4735446870327
-0.61176210641861,0.0120873488485813,1.35317552089691,-0.0679859891533851,-0.0739452764391899,0.874757409095764,0.474035352468491
-0.611480474472046,0.0124960578978061,1.35305166244507,-0.0688081905245781,-0.0763269662857055,0.875099360942841,0.472906798124313
-0.611635208129883,0.0127861723303794,1.35301613807678,-0.068793848156929,-0.0763990953564643,0.875148713588715,0.472805827856064
-0.612204015254974,0.0129667818546295,1.35309481620789,-0.0681007429957389,-0.0740441977977752,0.875074982643127,0.473416835069656
-0.612599015235901,0.0133993532508611,1.3530877828598,-0.0672768279910087,-0.0725103393197059,0.875139832496643,0.473652184009552
-0.6126509308815,0.0137942936271429,1.35298728942871,-0.0670667886734008,-0.0726340562105178,0.875324785709381,0.473321288824081
-0.612746238708496,0.0141425710171461,1.35291004180908,-0.0672840550541877,-0.0729864835739135,0.875335335731506,0.473216563463211
-0.612838387489319,0.0144523214548826,1.35287272930145,-0.0672374367713928,-0.0729030892252922,0.875330805778503,0.473244488239288
-0.612987220287323,0.0148059017956256,1.35290765762329,-0.0673892349004745,-0.0731181129813194,0.875181198120117,0.473466455936432
-0.613085925579071,0.0151118729263544,1.35292947292328,-0.0674082562327385,-0.0732351765036583,0.875198483467102,0.473413616418839
-0.613265693187714,0.0154690667986869,1.3533046245575,-0.0655592530965805,-0.0740218386054039,0.875029504299164,0.473862946033478
-0.613235056400299,0.0157087072730064,1.35292327404022,-0.0672861561179161,-0.0731437504291534,0.875131368637085,0.47356903553009
-0.613235056400299,0.0157087072730064,1.35292327404022,-0.0672861561179161,-0.0731437504291534,0.875131368637085,0.47356903553009
-0.613244414329529,0.0162306670099496,1.35286319255829,-0.0682247728109359,-0.0747221857309341,0.874951362609863,0.473520964384079
-0.613238751888275,0.0164895690977573,1.3528163433075,-0.0681657567620277,-0.0744637325406074,0.874852418899536,0.473753094673157
-0.613258481025696,0.016719726845622,1.35281181335449,-0.0683045238256454,-0.0744170844554901,0.874716818332672,0.473990619182587
-0.613282203674316,0.0169883649796247,1.35283994674683,-0.0682430788874626,-0.0744069293141365,0.874520778656006,0.474362641572952
-0.613289058208466,0.0172803215682506,1.35284268856049,-0.0682087317109108,-0.0743892639875412,0.874473631381989,0.474457412958145
-0.613398492336273,0.0175240077078342,1.35288488864899,-0.0685257390141487,-0.0744004175066948,0.874160766601562,0.474986165761948
-0.613398492336273,0.0175240077078342,1.35288488864899,-0.0685257390141487,-0.0744004175066948,0.874160766601562,0.474986165761948
-0.613361001014709,0.0181587133556604,1.35290098190308,-0.0687204822897911,-0.0740869492292404,0.873957812786102,0.475380301475525
-0.612857341766357,0.0184053611010313,1.35261118412018,-0.0694588497281074,-0.0761913433670997,0.873929917812347,0.474991679191589
-0.613386690616608,0.0187096055597066,1.35288143157959,-0.0693419128656387,-0.073723204433918,0.873349487781525,0.476463466882706
-0.6132453083992,0.0190124437212944,1.35286438465118,-0.0692522972822189,-0.0733691379427909,0.873168110847473,0.476863384246826
-0.612675428390503,0.0193605404347181,1.35284280776978,-0.0680293068289756,-0.076231338083744,0.873012959957123,0.476874470710754
-0.612664103507996,0.0196727253496646,1.35290932655334,-0.0676881372928619,-0.0763334706425666,0.872748613357544,0.477390438318253
-0.613148152828217,0.019897736608982,1.35308933258057,-0.0681933760643005,-0.0735581740736961,0.872061908245087,0.479006320238113
-0.613095998764038,0.0201348084956407,1.3529052734375,-0.0698896795511245,-0.0725192129611969,0.871735632419586,0.479513734579086
-0.612604737281799,0.0206089559942483,1.35268783569336,-0.0707853808999061,-0.0749823078513145,0.871648013591766,0.479162812232971
-0.612877786159515,0.0207698084414005,1.35312819480896,-0.0680015161633491,-0.0728948935866355,0.870847404003143,0.481338739395142
-0.612830340862274,0.021078297868371,1.35313427448273,-0.0683838203549385,-0.0728692635893821,0.870372593402863,0.482146590948105
-0.61271071434021,0.0213544704020023,1.35310137271881,-0.0686696618795394,-0.0726153701543808,0.870026051998138,0.482769250869751
-0.612592101097107,0.021584078669548,1.35285699367523,-0.0708371475338935,-0.0713544860482215,0.869551658630371,0.483498245477676
-0.612298786640167,0.0220352970063686,1.35277783870697,-0.0707103237509727,-0.0709865167737007,0.869210422039032,0.484184116125107
-0.612097501754761,0.0221702922135591,1.35249137878418,-0.0705604627728462,-0.0715872421860694,0.868716239929199,0.48500382900238
-0.61194258928299,0.0224942043423652,1.35247898101807,-0.0706786289811134,-0.0715401694178581,0.868212401866913,0.48589488863945
-0.611707389354706,0.0228605289012193,1.35239148139954,-0.0705650672316551,-0.071456179022789,0.867873072624207,0.486529499292374
-0.611869812011719,0.0231450609862804,1.35271203517914,-0.0716336742043495,-0.0703701898455619,0.866742491722107,0.488542646169662
-0.611092329025269,0.0233899988234043,1.35240399837494,-0.0720497518777847,-0.0721881389617919,0.866692185401917,0.488305568695068
-0.610947132110596,0.0238355193287134,1.3526428937912,-0.0706775411963462,-0.0728336572647094,0.866050362586975,0.489547491073608
-0.610947132110596,0.0238355193287134,1.3526428937912,-0.0706775411963462,-0.0728336572647094,0.866050362586975,0.489547491073608
-0.61056911945343,0.0243102051317691,1.35247600078583,-0.0722316950559616,-0.0714388042688369,0.864703297615051,0.491901904344559
-0.610373675823212,0.0244753826409578,1.35280656814575,-0.0705396011471748,-0.0716672092676162,0.863878786563873,0.493560165166855
-0.610373675823212,0.0244753826409578,1.35280656814575,-0.0705396011471748,-0.0716672092676162,0.863878786563873,0.493560165166855
-0.610063314437866,0.024736750870943,1.35267186164856,-0.0732239186763763,-0.0699360370635986,0.862070560455322,0.496569901704788
-0.609841048717499,0.0249835476279258,1.35268592834473,-0.0733385980129242,-0.0695356801152229,0.861215591430664,0.498090326786041
-0.609663665294647,0.0250327456742525,1.35280585289001,-0.0733095183968544,-0.0686462745070457,0.8602095246315,0.499952971935272
-0.610110104084015,0.0252071730792522,1.35243690013885,-0.0725673735141754,-0.0687027126550674,0.85830157995224,0.503321349620819
-0.609783828258514,0.0248746033757925,1.35262680053711,-0.0727523639798164,-0.0673187673091888,0.857445657253265,0.504938006401062
-0.608426988124847,0.0261143539100885,1.35257363319397,-0.073743462562561,-0.0702585950493812,0.857958018779755,0.503521502017975
-0.607998371124268,0.0262404158711433,1.35251748561859,-0.0741154626011848,-0.0699996426701545,0.856980204582214,0.505165338516235
-0.607654869556427,0.026421632617712,1.35291719436646,-0.0720440745353698,-0.0706297606229782,0.856103122234344,0.506861388683319
-0.607293307781219,0.0264589190483093,1.35278975963593,-0.0726053044199943,-0.0702342838048935,0.854942321777344,0.508792102336884
-0.606952846050262,0.026593629270792,1.35265338420868,-0.0742135122418403,-0.0694297850131988,0.853827655315399,0.510538995265961
-0.606555104255676,0.0267744231969118,1.35269463062286,-0.0741027072072029,-0.0693228915333747,0.852751016616821,0.512365996837616
-0.606196403503418,0.0267187487334013,1.35275268554688,-0.0741786882281303,-0.0688245818018913,0.851696491241455,0.514173030853271
-0.605732798576355,0.0268871169537305,1.35287833213806,-0.0747350975871086,-0.0690740570425987,0.850380599498749,0.51623272895813
-0.605324864387512,0.0268766097724437,1.35292744636536,-0.0748192891478538,-0.0690938830375671,0.849219679832458,0.518125653266907
-0.604928553104401,0.0268726423382759,1.35285866260529,-0.0743162930011749,-0.0686250105500221,0.847800731658936,0.520578384399414
-0.604456901550293,0.0268989820033311,1.35285317897797,-0.0740676671266555,-0.0685249343514442,0.846693515777588,0.522425591945648
-0.604076981544495,0.0268336702138185,1.35301208496094,-0.0742657333612442,-0.0679384917020797,0.845277726650238,0.524761497974396
-0.603511273860931,0.0267203319817781,1.35310935974121,-0.074116863310337,-0.0678907334804534,0.843912899494171,0.526980698108673
-0.603140354156494,0.0267211254686117,1.35317039489746,-0.073854811489582,-0.0676075220108032,0.842642188072205,0.52908319234848
-0.602660834789276,0.026625957340002,1.35327649116516,-0.0735624209046363,-0.0671098679304122,0.841048717498779,0.531715929508209
-0.602078437805176,0.0263525359332561,1.35353302955627,-0.0743342861533165,-0.0672972574830055,0.839466691017151,0.534079849720001
-0.601897716522217,0.0259893257170915,1.35400128364563,-0.0721990019083023,-0.0668061450123786,0.837416291236877,0.53764146566391
-0.601296424865723,0.0256955251097679,1.3539491891861,-0.0714452341198921,-0.0666297823190689,0.835906684398651,0.540107488632202
-0.600741863250732,0.0255801547318696,1.35424828529358,-0.0720190182328224,-0.0668821930885315,0.834649622440338,0.541941106319427
-0.600230395793915,0.0253159943968057,1.35413491725922,-0.0710635632276535,-0.0667296350002288,0.833336472511292,0.544102668762207
-0.599772095680237,0.0250348411500453,1.35445129871368,-0.0715911537408828,-0.0667381063103675,0.831565678119659,0.546735167503357
-0.599153697490692,0.024730559438467,1.35450613498688,-0.0712580680847168,-0.0666830092668533,0.830027997493744,0.549116849899292
-0.598604679107666,0.0244157593697309,1.35447788238525,-0.0702103823423385,-0.0665371641516685,0.828791856765747,0.551132798194885
-0.598010718822479,0.0242491289973258,1.35477924346924,-0.0707816034555435,-0.0667203590273857,0.827101647853851,0.553571343421936
-0.597426354885101,0.023847347125411,1.35447406768799,-0.0716691091656684,-0.0652386769652366,0.824608147144318,0.5573410987854
-0.596643328666687,0.0235512200742959,1.35450708866119,-0.0709126442670822,-0.0651190876960754,0.823103070259094,0.559671700000763
-0.596219897270203,0.0233236532658338,1.35478448867798,-0.0713550224900245,-0.0650391578674316,0.821364879608154,0.562172710895538
-0.605597019195557,0.0123937353491783,1.36242270469666,-0.0652916505932807,-0.0134473517537117,0.803411722183228,0.591680526733398
-0.605681419372559,0.0116786360740661,1.36335933208466,-0.0643221661448478,-0.0088286846876144,0.800691783428192,0.595548033714294
-0.604395866394043,0.0112378522753715,1.36251854896545,-0.0642900690436363,-0.0140183037146925,0.799396276473999,0.597189903259277
-0.594003319740295,0.0214023794978857,1.35518145561218,-0.0698036327958107,-0.0646953508257865,0.813409566879272,0.57385265827179
-0.593517303466797,0.0209200531244277,1.35535573959351,-0.0696214213967323,-0.0646745711565017,0.811400413513184,0.576714336872101
-0.593080818653107,0.0206851009279489,1.35591149330139,-0.068124309182167,-0.0660433024168014,0.809272587299347,0.579720079898834
-0.592408418655396,0.019867792725563,1.35556936264038,-0.0687893703579902,-0.0648133009672164,0.807267427444458,0.582568883895874
-0.591789722442627,0.0195542909204959,1.35571265220642,-0.0684165731072425,-0.0647181198000907,0.805328786373138,0.585300385951996
-0.591288208961487,0.018966618925333,1.35581040382385,-0.0680190771818161,-0.064794160425663,0.803170502185822,0.588295996189117
-0.591288208961487,0.018966618925333,1.35581040382385,-0.0680190771818161,-0.064794160425663,0.803170502185822,0.588295996189117
-0.590099394321442,0.0176288187503814,1.35647010803223,-0.0661110579967498,-0.066479742527008,0.799204349517822,0.593702256679535
-0.589581727981567,0.0168051570653915,1.35609579086304,-0.0676123946905136,-0.0653965175151825,0.7971431016922,0.596418440341949
-0.589090943336487,0.0162439383566379,1.35590267181396,-0.0654202178120613,-0.0649807900190353,0.795184254646301,0.599316120147705
-0.587566494941711,0.0157530549913644,1.35638451576233,-0.0653123408555984,-0.0642717182636261,0.795180082321167,0.599409818649292
-0.587128818035126,0.0149768982082605,1.35664141178131,-0.064744234085083,-0.064210295677185,0.793199956417084,0.602095723152161
-0.586590588092804,0.0141994226723909,1.35675501823425,-0.064184121787548,-0.0643905848264694,0.791200280189514,0.60476142168045
-0.585966646671295,0.0134746953845024,1.35689067840576,-0.0632522478699684,-0.0647443085908889,0.789630949497223,0.606869399547577
-0.585518062114716,0.0123946908861398,1.35710394382477,-0.0627985596656799,-0.0647417828440666,0.787585258483887,0.609569013118744
-0.585129499435425,0.0114936921745538,1.35733926296234,-0.0621150359511375,-0.0651199072599411,0.785532116889954,0.612242162227631
-0.584554851055145,0.0107005462050437,1.35745286941528,-0.0612789131700992,-0.0653719753026962,0.783770322799683,0.614553034305573
-0.584147691726685,0.0095588080585002,1.35760986804962,-0.0608856156468391,-0.066129632294178,0.781612634658813,0.617253363132477
-0.583634912967682,0.0086339935660362,1.35779070854187,-0.0598446726799011,-0.0662423595786094,0.779939532279968,0.619455516338348
-0.583140790462494,0.0075393021106719,1.35801947116852,-0.0594954155385494,-0.0667724013328552,0.777737677097321,0.622194528579712
-0.582628846168518,0.0065873768180608,1.35822868347168,-0.0587112419307231,-0.0671659782528877,0.776275932788849,0.624049186706543
-0.582123279571533,0.0055476352572441,1.35840427875519,-0.0579540319740772,-0.0673654079437255,0.774637401103973,0.626131117343903
-0.581716001033783,0.0044396743178367,1.35867428779602,-0.0572377555072307,-0.0676613673567771,0.772718787193298,0.628531277179718
-0.581771194934845,0.0033532902598381,1.35907053947449,-0.0556855201721191,-0.0695252642035484,0.774349808692932,0.626456677913666
-0.580723166465759,0.002266539260745,1.35906779766083,-0.0558537654578685,-0.0684938579797744,0.769118785858154,0.632965326309204
-0.580278754234314,0.0011111199855804,1.3593248128891,-0.0549057982861995,-0.0688694193959236,0.767521142959595,0.634943842887878
-0.579870343208313,-2.21282243728638e-05,1.35952615737915,-0.0542845055460929,-0.0692667365074157,0.765583574771881,0.637288928031921
-0.579306423664093,-0.0010358151048421,1.35974609851837,-0.0536997579038143,-0.0697858408093452,0.76410323381424,0.639056146144867
-0.578894674777985,-0.0023127924650907,1.35994720458984,-0.053098414093256,-0.0701415687799453,0.762017130851746,0.641553342342377
-0.579024851322174,-0.0034519582986831,1.36035823822021,-0.0522766634821891,-0.0722519978880882,0.764092981815338,0.638912200927734
-0.578405737876892,-0.0046767741441726,1.36067819595337,-0.0496543161571025,-0.0729700550436973,0.759912014007568,0.64400589466095
-0.577689826488495,-0.0057752821594476,1.36101317405701,-0.0496057346463203,-0.0733312889933586,0.756885647773743,0.647523105144501
-0.577394962310791,-0.0070308782160282,1.36113786697388,-0.0491124652326107,-0.0739968493580818,0.756808757781982,0.647574841976166
-0.576950311660767,-0.0082659684121608,1.36134779453278,-0.0487669818103313,-0.074536994099617,0.755175769329071,0.649442553520203
-0.576038241386414,-0.0095265377312898,1.36123561859131,-0.0497854761779308,-0.0727844536304473,0.752011001110077,0.653225362300873
-0.575679242610931,-0.0107786376029253,1.36144983768463,-0.0492496229708194,-0.0733282566070556,0.750342905521393,0.655120730400085
-0.575608551502228,-0.0120479203760623,1.36191308498383,-0.0470953099429607,-0.075600579380989,0.750129282474518,0.6552654504776
-0.575608551502228,-0.0120479203760623,1.36191308498383,-0.0470953099429607,-0.075600579380989,0.750129282474518,0.6552654504776
-0.57474672794342,-0.014460515230894,1.36213481426239,-0.0461650900542736,-0.0763320177793502,0.746132433414459,0.659794330596924
-0.574582993984222,-0.0156808272004127,1.36244487762451,-0.0452854931354522,-0.0776651948690414,0.745282411575317,0.660659849643707
-0.574209272861481,-0.0168993230909109,1.36262452602386,-0.0444652512669563,-0.0783551484346389,0.743789970874786,0.662314057350159
-0.574177086353302,-0.0181639362126588,1.36251473426819,-0.0453768074512481,-0.0782946869730949,0.744659423828125,0.661281526088715
-0.573214888572693,-0.0193478651344776,1.3626127243042,-0.0446151308715343,-0.0777890160679817,0.739320755004883,0.667355537414551
-0.57293689250946,-0.0205929446965456,1.36267781257629,-0.0447960793972015,-0.0778635665774345,0.738036155700684,0.668755114078522
-0.572592198848724,-0.0217235852032899,1.36280465126038,-0.0441302619874477,-0.0784346386790275,0.736694157123566,0.670210719108582
-0.57248717546463,-0.0231831390410661,1.36343085765839,-0.0420195087790489,-0.0806507617235183,0.735214173793793,0.671706795692444
-0.57204794883728,-0.0241947881877422,1.36311161518097,-0.0425391197204589,-0.0803186893463134,0.734491527080536,0.672504007816315
-0.571851074695587,-0.0254223421216011,1.36361944675446,-0.0407449379563331,-0.0820937603712081,0.733179807662964,0.673830926418304
-0.571584343910217,-0.0267387516796588,1.36342763900757,-0.041324459016323,-0.0816908404231071,0.732264697551727,0.674838721752167
-0.571433663368225,-0.027818027883768,1.36383605003357,-0.0393550544977188,-0.0835609063506126,0.731095790863037,0.675993859767914
-0.57134872674942,-0.0294971950352191,1.3634979724884,-0.0404690876603126,-0.0824268758296966,0.729700207710266,0.677573382854462
-0.571122109889984,-0.0305989198386669,1.36412382125854,-0.0377371162176132,-0.0849925950169563,0.728753566741943,0.678432404994965
-0.570930600166321,-0.0318862721323967,1.36434102058411,-0.0382296033203601,-0.0851692929863929,0.72844523191452,0.67871367931366
-0.5706387758255,-0.0326781123876571,1.36431431770325,-0.0366287901997566,-0.0858225598931312,0.727582216262817,0.679644882678986
-0.570472776889801,-0.0338686928153038,1.36446964740753,-0.0362012907862663,-0.0865624397993087,0.726774036884308,0.680438160896301
-0.570443332195282,-0.035235695540905,1.36460328102112,-0.035981249064207,-0.0867451652884483,0.725916266441345,0.681341409683228
-0.570254147052765,-0.0364075377583503,1.36476099491119,-0.0352938398718833,-0.0874695107340812,0.725162923336029,0.682086765766144
-0.56988662481308,-0.0370404720306396,1.36470401287079,-0.0349693298339843,-0.0877407267689704,0.725419342517853,0.681795835494995
-0.569883167743683,-0.038760807365179,1.36508202552795,-0.0355796888470649,-0.0880890488624572,0.724372088909149,0.682832181453705
-0.569538712501526,-0.0395590811967849,1.3651123046875,-0.0348908714950084,-0.0882205292582511,0.723847687244415,0.683406352996826
-0.569438576698303,-0.040618784725666,1.36506128311157,-0.0338181890547275,-0.0885573551058769,0.723374605178833,0.68391752243042
-0.569369494915009,-0.0416207164525985,1.36529576778412,-0.0327880010008811,-0.0894382894039154,0.72300922870636,0.684239327907562
-0.569180309772491,-0.042632095515728,1.3653689622879,-0.0323028750717639,-0.0898086726665496,0.722795367240906,0.684439837932587
-0.569180309772491,-0.042632095515728,1.3653689622879,-0.0323028750717639,-0.0898086726665496,0.722795367240906,0.684439837932587
-0.568933486938477,-0.0446836501359939,1.36558389663696,-0.0311649162322282,-0.0903317704796791,0.721885323524475,0.685383558273315
-0.568742156028748,-0.0456981062889099,1.36564326286316,-0.0305445585399866,-0.090854562819004,0.721695601940155,0.685542166233063
-0.568658232688904,-0.0466401055455207,1.36576247215271,-0.0300363320857286,-0.0909233465790748,0.72132134437561,0.685949206352234
-0.568683981895447,-0.0478907153010368,1.36586260795593,-0.0297009348869323,-0.0912470817565918,0.720501303672791,0.68678230047226
-0.568425118923187,-0.0485592409968376,1.36589622497559,-0.0290483813732862,-0.091620922088623,0.720687925815582,0.68656450510025
-0.568341553211212,-0.04943573102355,1.36592125892639,-0.0285886116325855,-0.0919307991862297,0.720526397228241,0.68671190738678
-0.568308293819427,-0.0503937005996704,1.36596620082855,-0.0281740725040435,-0.0920562520623207,0.720150947570801,0.68710595369339
-0.568308293819427,-0.0503937005996704,1.36596620082855,-0.0281740725040435,-0.0920562520623207,0.720150947570801,0.68710595369339
-0.568144798278809,-0.0513055585324764,1.36598241329193,-0.0284206122159957,-0.0921344459056854,0.719937026500702,0.687309503555298
-0.568064451217651,-0.0521020255982875,1.366046667099,-0.0274384208023548,-0.0922656655311584,0.719793319702148,0.687482297420502
-0.567877531051636,-0.0536890439689159,1.36599016189575,-0.0271614473313093,-0.0921784415841102,0.719677090644836,0.687626779079437
-0.56789892911911,-0.0544706284999847,1.3661937713623,-0.0257682744413614,-0.0933745056390762,0.720458805561066,0.686699569225311
-0.567591309547424,-0.0551972240209579,1.36601006984711,-0.0263460874557495,-0.0921721011400222,0.720161855220795,0.687151491641998
-0.567487001419067,-0.0560258105397224,1.36627781391144,-0.0253985375165939,-0.0931091606616973,0.720394015312195,0.686817288398743
-0.567515909671783,-0.056849930435419,1.36623513698578,-0.0253798644989728,-0.0935347825288772,0.720182001590729,0.68698263168335
-0.567562937736511,-0.0574864596128463,1.36620962619781,-0.0246503371745347,-0.0928908288478851,0.720246016979218,0.687029421329498
-0.567362904548645,-0.0581447444856166,1.36608648300171,-0.0245208349078893,-0.0925468280911445,0.720457911491394,0.686858236789703
-0.567381680011749,-0.0588083192706108,1.3661721944809,-0.0238594114780426,-0.092952936887741,0.720741987228394,0.686528623104095
-0.567486047744751,-0.0595188029110431,1.36616265773773,-0.0237448494881391,-0.0929938182234764,0.720663726329803,0.686609208583832
-0.56743985414505,-0.0601514987647533,1.3661413192749,-0.0235578697174787,-0.0929740965366363,0.72085165977478,0.686420977115631
-0.567435264587402,-0.060858454555273,1.36609923839569,-0.0233500953763723,-0.0928412750363349,0.721075415611267,0.686211109161377
-0.567542016506195,-0.0617632418870925,1.36608445644379,-0.0234994199126958,-0.0928759351372718,0.720889449119568,0.686396598815918
-0.567363679409027,-0.0621046088635921,1.36604177951813,-0.0229034833610057,-0.0930993631482124,0.721395432949066,0.68585479259491
-0.56726485490799,-0.0626189783215522,1.3659987449646,-0.0227327961474657,-0.0930137783288955,0.721691191196442,0.685560762882233
-0.567399382591248,-0.0632349625229835,1.36600077152252,-0.0228053964674472,-0.0929213240742683,0.721391379833221,0.685886561870575
-0.567375719547272,-0.0637602731585502,1.36598455905914,-0.0226445775479078,-0.0930197313427925,0.721586167812347,0.685673236846924
-0.567348480224609,-0.0643180832266807,1.36596381664276,-0.0224914774298667,-0.0932572185993194,0.721736490726471,0.685488045215607
-0.567579925060272,-0.0652272701263427,1.36602187156677,-0.0225589256733655,-0.0931696444749832,0.721457064151764,0.685791850090027
-0.567213773727417,-0.0653654485940933,1.36598026752472,-0.0218703672289848,-0.0932763591408729,0.722438991069794,0.684765040874481
-0.567192018032074,-0.0658250451087951,1.36588108539581,-0.0221539605408906,-0.092949591577053,0.722804725170135,0.684414327144623
-0.567215621471405,-0.066378578543663,1.36591196060181,-0.0220539961010217,-0.0928983688354492,0.72283947467804,0.684387803077698
-0.567263543605804,-0.0669271647930145,1.36605489253998,-0.0214271452277898,-0.0933625772595405,0.723139345645905,0.684027791023254
-0.567307889461517,-0.0673608109354972,1.36607670783997,-0.0212072804570198,-0.0935656279325485,0.723118126392365,0.684029281139374
-0.567223012447357,-0.0677729025483131,1.36607372760773,-0.020949175581336,-0.0936234071850776,0.72335022687912,0.683783769607544
-0.567206144332886,-0.0682160556316375,1.36606454849243,-0.0206784009933471,-0.0933192148804664,0.723421692848206,0.683758020401001
-0.566962420940399,-0.0686106458306312,1.36589133739471,-0.0211041066795587,-0.0926671624183654,0.723616480827332,0.683627724647522
-0.566899716854095,-0.0689892545342445,1.36595284938812,-0.0208107195794582,-0.0924372747540474,0.72368448972702,0.683595776557922
-0.566892206668854,-0.0693895667791366,1.36617028713226,-0.0196951087564229,-0.093291662633419,0.723900973796844,0.68328332901001
-0.566805720329285,-0.0697522163391113,1.36619687080383,-0.0194326788187026,-0.0933363437652587,0.723944425582886,0.683238863945007
-0.56671154499054,-0.0701154768466949,1.36623764038086,-0.0193218644708395,-0.0932481661438942,0.723957479000092,0.683240175247192
-0.56661069393158,-0.0704485476016998,1.36625969409943,-0.0192456059157848,-0.0930417776107788,0.723786592483521,0.683451354503632
-0.566513359546661,-0.0707399025559425,1.36627948284149,-0.0191075559705495,-0.0928192138671875,0.723561584949493,0.683723747730255
-0.566502034664154,-0.0710286647081375,1.36629772186279,-0.0190907586365938,-0.0927454978227615,0.723100066184998,0.684222459793091
-0.566407024860382,-0.0712839290499687,1.36630642414093,-0.018917828798294,-0.0925997570157051,0.722971320152283,0.684382975101471
-0.566298186779022,-0.0715383514761924,1.36631751060486,-0.0186665933579206,-0.092451773583889,0.72270131111145,0.684694945812225
-0.566298186779022,-0.0715383514761924,1.36631751060486,-0.0186665933579206,-0.092451773583889,0.72270131111145,0.684694945812225
-0.566335439682007,-0.0723519176244735,1.36637473106384,-0.0183888394385576,-0.0918887481093406,0.722004532814026,0.685512840747833
-0.566253781318665,-0.0725639089941978,1.36637544631958,-0.0182083826512098,-0.0916852131485939,0.721926152706146,0.685627400875092
-0.56619131565094,-0.0727689564228057,1.36636877059937,-0.0179255902767181,-0.0914995670318603,0.7217897772789,0.685803353786469
-0.565945386886597,-0.0726558789610862,1.36632978916168,-0.0174106862396001,-0.0914315655827522,0.722084760665894,0.685515105724335
-0.565821588039398,-0.0728402733802795,1.36630296707153,-0.0171595010906457,-0.0911886692047119,0.722166538238525,0.685467481613159
-0.56584244966507,-0.073034793138504,1.36628997325897,-0.0170829612761735,-0.091075986623764,0.721920311450958,0.685743749141693
-0.56584244966507,-0.073034793138504,1.36628997325897,-0.0170829612761735,-0.091075986623764,0.721920311450958,0.685743749141693
-0.565750539302826,-0.0733854547142982,1.36620807647705,-0.0167780853807926,-0.0907523930072784,0.72163200378418,0.686097621917725
-0.565706193447113,-0.0735481306910514,1.36616778373718,-0.0166326165199279,-0.0906559750437736,0.721495628356934,0.686257243156433
-0.565673232078552,-0.0736968293786048,1.36612010002136,-0.0164867006242275,-0.090635173022747,0.721453070640564,0.686308145523071
-0.565578639507294,-0.0738385990262031,1.36607575416565,-0.0162573438137769,-0.0906115248799324,0.721573948860168,0.686189889907837
-0.565541863441467,-0.0739549845457077,1.366042137146,-0.0161639861762523,-0.090588703751564,0.721486985683441,0.686286389827728
-0.565557241439819,-0.0740715488791465,1.36599767208099,-0.0160742234438657,-0.0906592160463333,0.721547782421112,0.686215341091156
-0.565577745437622,-0.0741768702864646,1.36595976352692,-0.0160147882997989,-0.0907546281814575,0.721529304981232,0.68622362613678
-0.56561267375946,-0.0742616578936576,1.36593151092529,-0.0159650892019271,-0.090837761759758,0.721562385559082,0.686178863048553
-0.565654158592224,-0.0743343085050582,1.36589932441711,-0.0159563031047582,-0.0909700840711593,0.721628248691559,0.68609231710434
-0.565690159797668,-0.0744019970297813,1.36586427688599,-0.0159331485629081,-0.0911312103271484,0.721903622150421,0.685781598091125
-0.565760970115662,-0.0744633600115776,1.36584305763245,-0.015919592231512,-0.0912916287779808,0.722130656242371,0.68552154302597
-0.565836608409882,-0.074508711695671,1.36582183837891,-0.0159205105155706,-0.0914918556809425,0.722334027290344,0.685280621051788
-0.565965890884399,-0.0745648816227912,1.36581718921661,-0.0158387068659067,-0.091870404779911,0.722427010536194,0.685133635997772
-0.566068410873413,-0.0746180787682533,1.36580467224121,-0.0157983880490064,-0.0921662971377372,0.722751200199127,0.684753000736237
-0.566288113594055,-0.0746746212244033,1.36575675010681,-0.015903627499938,-0.0924373492598533,0.723040759563446,0.6844083070755
-0.566447138786316,-0.0747658908367157,1.36571753025055,-0.0157725792378187,-0.0930019170045852,0.723434388637543,0.683918654918671
-0.56658011674881,-0.0748030468821525,1.36569023132324,-0.015775192528963,-0.0933704525232315,0.723782360553741,0.683499991893768
-0.566708624362946,-0.0748116448521614,1.36570930480957,-0.0157613027840852,-0.0937113091349601,0.724274754524231,0.682931780815125
-0.566817879676819,-0.0747925043106079,1.365678191185,-0.0158348958939313,-0.0941279605031013,0.72490519285202,0.682203590869904
-0.567010462284088,-0.0748362392187118,1.3656405210495,-0.0158897750079631,-0.0945087149739265,0.72553813457489,0.681476473808289
-0.567323744297028,-0.0751256123185157,1.36563277244568,-0.0161931011825799,-0.0947944521903991,0.725535809993744,0.681432127952576
-0.567454755306244,-0.0751230120658874,1.36545038223267,-0.0169590972363948,-0.0942335426807403,0.72588312625885,0.681121349334717
-0.567776381969452,-0.0751959979534149,1.36564123630524,-0.0161201395094394,-0.0956755205988884,0.727150321006775,0.679587244987488
-0.567684531211853,-0.0747984871268272,1.36557531356812,-0.0159388296306133,-0.0957954451441764,0.727826058864594,0.678850948810577
-0.567755401134491,-0.0747553780674934,1.36557149887085,-0.0159332621842622,-0.096098706126213,0.728543758392334,0.678037643432617
-0.568015873432159,-0.0747389048337936,1.36557185649872,-0.0161468107253313,-0.0966290757060051,0.729291677474976,0.677152872085571
-0.568307638168335,-0.0747316107153892,1.36557149887085,-0.0163969825953245,-0.0970696732401847,0.729619026184082,0.676730930805206
-0.568432927131653,-0.0747101530432701,1.36555194854736,-0.0165371615439653,-0.0976421982049942,0.73045152425766,0.675746440887451
-0.568551480770111,-0.0745862126350402,1.36562323570251,-0.0166347958147525,-0.0978135764598846,0.731606006622314,0.674469113349915
-0.568993628025055,-0.0749081522226333,1.36557185649872,-0.0169402752071619,-0.0980482175946235,0.731742739677429,0.674278914928436
-0.568993628025055,-0.0749081522226333,1.36557185649872,-0.0169402752071619,-0.0980482175946235,0.731742739677429,0.674278914928436
-0.569255113601685,-0.074363574385643,1.36568105220795,-0.0161684155464172,-0.0989105999469757,0.733811497688293,0.671919643878937
-0.569474220275879,-0.0744070634245872,1.36553311347961,-0.0167134869843721,-0.0989649444818496,0.735167622566223,0.670414328575134
-0.569625020027161,-0.0743770748376846,1.36551427841187,-0.0168033372610807,-0.0994636490941047,0.736195981502533,0.669208586215973
-0.569755494594574,-0.0746884793043136,1.36587429046631,-0.018598798662424,-0.0995896160602569,0.737103760242462,0.668142318725586
-0.56994616985321,-0.0747058615088462,1.36583495140076,-0.0188459455966949,-0.0998196378350257,0.738426089286804,0.666639268398285
-0.570080876350403,-0.0746823698282241,1.36592698097229,-0.0182407200336456,-0.100362882018089,0.738976836204529,0.665963888168335
-0.570271730422974,-0.0747179985046386,1.3658572435379,-0.0184267442673444,-0.100560486316681,0.740393400192261,0.664353549480438
-0.570284307003021,-0.074708305299282,1.36574351787567,-0.0185300447046756,-0.100085414946079,0.742271661758423,0.662323474884033
-0.570403814315796,-0.0747053101658821,1.36572182178497,-0.0184477362781763,-0.100567750632763,0.74369865655899,0.660649836063385
-0.570926189422607,-0.0743894800543785,1.36535084247589,-0.0163557548075914,-0.101188763976097,0.744004189968109,0.660266101360321
-0.571095585823059,-0.0745072215795517,1.36518347263336,-0.0169570166617631,-0.100968457758427,0.745541095733643,0.658548653125763
-0.571235001087189,-0.0745361670851707,1.36516880989075,-0.016923576593399,-0.101152405142784,0.746912181377411,0.656965792179108
-0.571370363235474,-0.0745606571435928,1.36503779888153,-0.0173702929168939,-0.101020976901054,0.748278379440308,0.655417740345001
-0.571525096893311,-0.074648268520832,1.36506485939026,-0.0175462681800127,-0.101425811648369,0.74972802400589,0.653691828250885
-0.571706473827362,-0.0746774077415466,1.36519658565521,-0.0165909081697464,-0.102496668696404,0.751121997833252,0.65194696187973
-0.571907103061676,-0.0747994855046272,1.36516320705414,-0.0161623414605855,-0.102562882006168,0.752597570419312,0.650243580341339
-0.571937799453735,-0.0748464986681938,1.36529076099396,-0.0156220011413097,-0.102927483618259,0.75363427400589,0.648997187614441
-0.572035849094391,-0.0750075504183769,1.36529958248138,-0.015641126781702,-0.103288978338241,0.755289733409882,0.647011756896973
-0.572211503982544,-0.0754466503858566,1.36533951759338,-0.0156711153686046,-0.103458762168884,0.756266295909882,0.64584219455719
-0.572272300720215,-0.0755894258618354,1.36528635025024,-0.0160255506634712,-0.103344440460205,0.758204102516174,0.64357578754425
-0.572091519832611,-0.0754837542772293,1.36537480354309,-0.0154790934175252,-0.10430832952261,0.759453535079956,0.641958475112915
-0.572254717350006,-0.075629249215126,1.36545991897583,-0.0150768430903553,-0.103840574622154,0.760833203792572,0.640408337116241
-0.572152435779572,-0.0757008641958236,1.36541557312012,-0.0146293314173817,-0.103965267539024,0.762343525886536,0.638599753379822
-0.572171926498413,-0.0758978351950645,1.36531794071198,-0.0148712079972028,-0.103828310966492,0.763965666294098,0.636675000190735
-0.572106719017029,-0.0761342197656631,1.36541974544525,-0.0140105653554201,-0.104290753602981,0.764688789844513,0.635750114917755
-0.572085082530975,-0.0762859135866165,1.36544704437256,-0.0137676037847995,-0.104183562099934,0.76568740606308,0.634570181369781
-0.572078347206116,-0.0764769315719604,1.36539030075073,-0.0139677235856652,-0.104050293564796,0.767360329627991,0.632563531398773
-0.572106242179871,-0.0769557282328605,1.36542367935181,-0.013967964798212,-0.104015432298183,0.767961919307709,0.631838858127594
-0.57192450761795,-0.0771421939134597,1.3654819726944,-0.013205287978053,-0.104545339941978,0.768855631351471,0.630679786205292
-0.571756362915039,-0.0771187469363212,1.36547923088074,-0.0127138141542673,-0.104487776756287,0.770332992076874,0.628894209861755
-0.57167637348175,-0.0773219913244247,1.36545252799988,-0.0124384276568889,-0.104556009173393,0.771136164665222,0.627903163433075
-0.571446299552917,-0.0772791728377342,1.36546456813812,-0.0117656802758574,-0.104618936777115,0.772449493408203,0.626289427280426
-0.571218848228455,-0.0774613916873931,1.36514782905579,-0.012955573387444,-0.103803351521492,0.773458242416382,0.625155568122864
-0.571142911911011,-0.0776798799633979,1.36545240879059,-0.0111218420788645,-0.105045571923256,0.774145185947418,0.62413215637207
-0.570982456207275,-0.0779195353388786,1.36542582511902,-0.010794760659337,-0.105090960860252,0.775234937667847,0.62277626991272
-0.570818662643433,-0.0781247690320015,1.36542677879333,-0.0106798056513071,-0.105264835059643,0.775930523872375,0.621881902217865
-0.57069206237793,-0.0783916339278221,1.36544680595398,-0.0103994039818644,-0.105074137449264,0.776549518108368,0.621145844459534
-0.570515811443329,-0.0785356387495994,1.36544334888458,-0.0102099226787686,-0.105101823806763,0.777202546596527,0.620326936244965
-0.570347130298615,-0.0787951424717903,1.36549401283264,-0.0101397242397069,-0.105059318244457,0.777798593044281,0.619587779045105
-0.570040941238403,-0.0789566785097122,1.36539268493652,-0.0097167054191231,-0.10548610240221,0.778767466545105,0.618303835391998
-0.569880783557892,-0.0791517868638038,1.36536383628845,-0.0094613945111632,-0.105592966079712,0.77927964925766,0.61764395236969
-0.569653272628784,-0.0793519392609596,1.36536407470703,-0.0092882830649614,-0.105513043701649,0.78002667427063,0.616716504096985
-0.569369554519653,-0.0796377584338188,1.36560487747192,-0.009941317141056,-0.105710364878178,0.78061717748642,0.615924775600433
-0.569173991680145,-0.0798447430133819,1.36559462547302,-0.0097425170242786,-0.105734556913376,0.781081736087799,0.615334630012512
-0.568990051746368,-0.0800240635871887,1.36561572551727,-0.0097376266494393,-0.105781115591526,0.781452238559723,0.614856123924255
-0.568813621997833,-0.0802954584360122,1.36563587188721,-0.0094899768009781,-0.105423636734486,0.781853258609772,0.614411294460297
-0.568674921989441,-0.0805244743824005,1.36559367179871,-0.0097608249634504,-0.104987621307373,0.78246408700943,0.613703787326813
-0.568519234657288,-0.0807820260524749,1.36565351486206,-0.0091672148555517,-0.105268217623234,0.782365560531616,0.613790452480316
-0.568318784236908,-0.0811306908726692,1.36553251743317,-0.0093404902145266,-0.105126902461052,0.783001780509949,0.613000273704529
-0.568086266517639,-0.081293836236,1.36549496650696,-0.0091542201116681,-0.105316527187824,0.783293426036835,0.612597703933716
-0.56783264875412,-0.0815107375383377,1.36549949645996,-0.0089742997661232,-0.105255521833897,0.783681273460388,0.612114727497101
-0.56774377822876,-0.0822962000966072,1.36562144756317,-0.0087103145197033,-0.105424180626869,0.783212125301361,0.612689733505249
-0.56753134727478,-0.0824945867061615,1.36563956737518,-0.0085462741553783,-0.105344630777836,0.78348433971405,0.612357556819916
-0.567136526107788,-0.0821540579199791,1.36561942100525,-0.0078044575639069,-0.105450250208378,0.784319519996643,0.611279189586639
-0.566899001598358,-0.0823958963155746,1.36564266681671,-0.0075325602665543,-0.105378821492195,0.784493863582611,0.611071288585663
-0.566637814044952,-0.0826784744858741,1.36565434932709,-0.0072772270068526,-0.105197340250015,0.784696161746979,0.610845804214478
-0.566566944122314,-0.0834174007177352,1.36568808555603,-0.0075309467501938,-0.105088263750076,0.784421741962433,0.611213803291321
-0.566168129444122,-0.0833194255828857,1.3653609752655,-0.0083514815196394,-0.104309245944023,0.785069584846497,0.610504448413849
-0.565888583660126,-0.0833555310964584,1.36555695533752,-0.00685859285295,-0.105084121227264,0.785609841346741,0.60969477891922
-0.565654695034027,-0.0835420787334442,1.36562931537628,-0.0057454253546893,-0.105420753359795,0.785447955131531,0.60985654592514
-0.565378487110138,-0.0837504416704177,1.36560297012329,-0.0055389292538166,-0.105664551258087,0.785651803016663,0.609553813934326
-0.565130591392517,-0.0840156450867652,1.36560142040253,-0.0053034680895507,-0.105647340416908,0.785829186439514,0.609330177307129
-0.564921438694,-0.084216795861721,1.36552572250366,-0.0046488572843372,-0.105540491640568,0.78604120016098,0.60908043384552
-0.564696431159973,-0.0844349712133407,1.36544120311737,-0.0048357411287724,-0.105375245213509,0.786485075950623,0.608534455299377
-0.564491093158722,-0.0846934840083122,1.36543810367584,-0.0046327514573931,-0.105468466877937,0.7866051197052,0.608364641666412
-0.564249634742737,-0.0849262699484825,1.36565458774567,-0.0043942919000983,-0.106014914810658,0.786487579345703,0.608423352241516
-0.564225852489471,-0.085740715265274,1.36574363708496,-0.004558318760246,-0.105920620262623,0.78610098361969,0.608937919139862
-0.563986539840698,-0.0860066041350364,1.36577427387238,-0.0042672641575336,-0.10590048879385,0.786197543144226,0.608819007873535
-0.563703060150146,-0.0856828391551971,1.36556148529053,-0.0026759067550301,-0.105943575501442,0.786723554134369,0.608140587806702
-0.563484370708466,-0.085925742983818,1.36556112766266,-0.0024195287842303,-0.1060531437397,0.786928415298462,0.607857346534729
-0.563146829605103,-0.0862409919500351,1.36577129364014,-0.003027482656762,-0.10618781298399,0.787289142608643,0.607363879680634
-0.562945485115051,-0.0864749699831008,1.36578440666199,-0.0027681428473442,-0.106249488890171,0.787515044212341,0.607061445713043
-0.562945485115051,-0.0864749699831008,1.36578440666199,-0.0027681428473442,-0.106249488890171,0.787515044212341,0.607061445713043
-0.562536656856537,-0.0870049968361854,1.36580443382263,-0.0020976371597498,-0.106810301542282,0.787854015827179,0.606525540351868
-0.562404274940491,-0.0871743261814117,1.36557221412659,-0.0008730193949304,-0.106853380799294,0.787968873977661,0.606371760368347
-0.562237203121185,-0.0873916745185852,1.36555564403534,-0.0006273554754443,-0.107038281857967,0.788132309913635,0.606126964092255
-0.562063217163086,-0.087624467909336,1.36556017398834,-0.0003934047417715,-0.107152812182903,0.788333535194397,0.605845153331757
-0.562063217163086,-0.087624467909336,1.36556017398834,-0.0003934047417715,-0.107152812182903,0.788333535194397,0.605845153331757
-0.56161630153656,-0.0880611911416053,1.36569511890411,-0.000445200188551,-0.107464917004108,0.788887619972229,0.605068266391754
-0.561421453952789,-0.088355503976345,1.36579573154449,-0.0005943795549683,-0.107719533145428,0.788937568664551,0.604957699775696
-0.561209142208099,-0.0885987728834152,1.36578333377838,-0.000243746995693,-0.108393266797066,0.789083540439606,0.604647159576416
-0.561101138591766,-0.0889400020241737,1.36581301689148,4.51842606707942e-05,-0.108185730874538,0.78917920589447,0.604559302330017
-0.560963571071625,-0.0891405940055847,1.36579144001007,0.0003251140587963,-0.108436793088913,0.789335548877716,0.604310274124146
-0.560778677463531,-0.0893662348389625,1.36554169654846,-0.0007460569031536,-0.107791095972061,0.789806187152863,0.603810131549835
-0.560633599758148,-0.0895953103899955,1.36553752422333,-0.0005293018766678,-0.10812833160162,0.789986789226532,0.603513717651367
-0.560504794120789,-0.0898312702775001,1.36555516719818,-0.0002682052727323,-0.108316950500011,0.79012930393219,0.603293478488922
-0.56040757894516,-0.0901302546262741,1.36588561534882,0.0015077402349561,-0.109591238200665,0.790095269680023,0.603106081485748
-0.560234606266022,-0.0903466194868087,1.36590421199799,0.0016543463570997,-0.109964087605476,0.790314555168152,0.602750539779663
-0.560109436511993,-0.0905647277832031,1.36593639850616,0.0018920543370768,-0.110202364623547,0.79051262140274,0.602446317672729
-0.559951603412628,-0.0908305794000625,1.36592948436737,0.0022460427135229,-0.110543116927147,0.79078483581543,0.602025330066681
-0.559827983379364,-0.0910357385873794,1.36594367027283,0.0025270846672356,-0.11087554693222,0.790908455848694,0.601800739765167
-0.559693515300751,-0.0912076830863952,1.36595821380615,0.0028522813227027,-0.111160509288311,0.790980637073517,0.601651847362518
-0.559698462486267,-0.0913214609026908,1.36576437950134,0.0041486010886728,-0.111502818763256,0.790982365608215,0.601578712463379
-0.559471011161804,-0.0915640518069267,1.3659987449646,0.0034497398883104,-0.111838288605213,0.791220605373383,0.601207375526428
-0.559395253658295,-0.0917675495147705,1.36600196361542,0.0035542438272386,-0.112057067453861,0.791262805461884,0.601110458374023
-0.559304237365723,-0.0919971019029617,1.36605024337769,0.0034399377182126,-0.112507961690426,0.791252970695496,0.601040005683899
-0.559237241744995,-0.0921920165419578,1.36604416370392,0.0036574215628206,-0.112741492688656,0.791278839111328,0.600960791110992
-0.559106767177582,-0.0924251824617385,1.36606335639954,0.0037901266478002,-0.112976744771004,0.791267514228821,0.600930631160736
-0.559115409851074,-0.0931654646992683,1.36602866649628,0.0035788167733699,-0.113075248897076,0.790906429290771,0.601388573646545
-0.558962941169739,-0.0930624157190322,1.36604237556458,0.0042149215005338,-0.113646104931831,0.79119747877121,0.600893795490265
-0.558966755867004,-0.0931670218706131,1.36613655090332,0.0042385756969451,-0.113728746771812,0.791224837303162,0.600841879844666
-0.558923959732056,-0.0933698341250419,1.36615300178528,0.0043836603872478,-0.11382007598877,0.791266620159149,0.600768744945526
-0.559166729450226,-0.0935809612274169,1.36615610122681,0.0043563400395214,-0.11416233330965,0.79075688123703,0.601374745368958
-0.558828055858612,-0.0936927869915962,1.36618041992188,0.00478146225214,-0.114015944302082,0.791504442691803,0.600415170192719
-0.55890554189682,-0.0942154303193092,1.36620807647705,0.0045834272168576,-0.11400693655014,0.791211903095245,0.600803732872009
-0.559252440929413,-0.0944268852472305,1.36619889736176,0.0045449454337358,-0.114386804401875,0.790507912635803,0.60165798664093
-0.559154212474823,-0.0943870097398758,1.36627411842346,0.0049883248284459,-0.114117935299873,0.790877401828766,0.601219832897186
-0.559189915657043,-0.0948036983609199,1.36632466316223,0.005067341029644,-0.114264041185379,0.790654480457306,0.601484477519989
-0.559559345245361,-0.0947911664843559,1.36631488800049,0.0051781847141683,-0.114809416234493,0.789991676807404,0.602250218391418
-0.558728873729706,-0.0947542265057563,1.36636006832123,0.0060166865587234,-0.114215724170208,0.791715264320374,0.600088059902191
-0.55871856212616,-0.094944842159748,1.36635076999664,0.0061894068494439,-0.114410638809204,0.791670560836792,0.600108087062836
-0.55871856212616,-0.094944842159748,1.36635076999664,0.0061894068494439,-0.114410638809204,0.791670560836792,0.600108087062836
-0.55893874168396,-0.0956512242555618,1.36634123325348,0.0060736914165318,-0.11501632630825,0.790967047214508,0.600920617580414
-0.558551013469696,-0.0953647270798683,1.36631512641907,0.0070363380946218,-0.115085557103157,0.791861951351166,0.599717020988464
-0.55846780538559,-0.0955144390463829,1.36592435836792,0.0062133478932082,-0.114241905510425,0.791965067386627,0.599751174449921
-0.558718085289001,-0.0960650891065597,1.36600732803345,0.0054899682290852,-0.114725925028324,0.791039764881134,0.60088586807251
-0.559218108654022,-0.0959149152040481,1.36639046669006,0.0069475695490837,-0.116717860102654,0.789757370948792,0.6021728515625
-0.55915904045105,-0.095997042953968,1.36634802818298,0.0068666939623653,-0.116978533565998,0.789649188518524,0.602264940738678
-0.559089362621307,-0.0960714519023895,1.36638212203979,0.0070407497696578,-0.117146953940391,0.789319276809692,0.60266250371933
-0.558951616287231,-0.0962259098887443,1.36640286445618,0.0070609683170914,-0.117107436060905,0.789026439189911,0.603053450584412
-0.558804988861084,-0.0961938798427581,1.36645817756653,0.0072426092810928,-0.11713732033968,0.788790345191956,0.603354215621948
-0.558820605278015,-0.0961823016405105,1.36645901203156,0.0072149247862398,-0.117260545492172,0.788348317146301,0.603908061981201
-0.558766067028046,-0.0961977764964103,1.36647093296051,0.0071140048094093,-0.117315158247948,0.788031339645386,0.604312121868134
-0.558650434017181,-0.0961191281676292,1.3664972782135,0.0070204208604991,-0.117433212697506,0.787747621536255,0.604660153388977
-0.558564722537994,-0.0960814878344535,1.36648499965668,0.0068118027411401,-0.117319315671921,0.787478148937225,0.605035662651062
-0.557677268981934,-0.0954908281564712,1.36648201942444,0.0075025558471679,-0.116984777152538,0.789054572582245,0.603035032749176
-0.557632982730865,-0.0956265404820442,1.3664892911911,0.0070627476088702,-0.116707228124142,0.788592934608459,0.603697538375854
-0.557663977146149,-0.0955099537968635,1.36648154258728,0.0069509884342551,-0.116980329155922,0.789530217647552,0.602419674396515
-0.557485401630402,-0.0950524657964706,1.36625909805298,0.0057539329864084,-0.115847431123257,0.788457751274109,0.604053497314453
-0.557499647140503,-0.0948539599776268,1.3662383556366,0.0054164491593837,-0.115775883197784,0.788198113441467,0.604409158229828
-0.55743408203125,-0.0943804904818534,1.36645948886871,0.0062384363263845,-0.116159088909626,0.788013398647308,0.604568660259247
-0.557425260543823,-0.094051569700241,1.36645364761353,0.0059251203201711,-0.115935318171978,0.787930369377136,0.604722857475281
-0.557400763034821,-0.0936964824795723,1.36646628379822,0.0056260870769619,-0.115630611777306,0.787959575653076,0.604746103286743
-0.557339906692505,-0.0932718738913536,1.36643874645233,0.0051406770944595,-0.11545903980732,0.788006722927094,0.604721546173096
-0.557369828224182,-0.092840127646923,1.36642146110535,0.004544252064079,-0.11506050825119,0.788034796714783,0.604765832424164
-0.557374060153961,-0.0923939868807792,1.36645758152008,0.0040937503799796,-0.114574611186981,0.788103461265564,0.604771971702576
-0.55752694606781,-0.0918942540884018,1.36622071266174,0.0046723647974431,-0.114097774028778,0.788172245025635,0.60476815700531
-0.5574711561203,-0.0914837121963501,1.36638188362122,0.0031664599664509,-0.113742858171463,0.788331508636475,0.604637086391449
-0.557503759860992,-0.0909109562635421,1.36628377437592,0.0030930649954825,-0.113234013319016,0.78850919008255,0.604501307010651
-0.558237433433533,-0.0909129232168197,1.36633539199829,0.0011785848764702,-0.113286510109901,0.786897838115692,0.606594145298004
-0.558396220207214,-0.0903388708829879,1.36607360839844,-0.0003295590286143,-0.112130984663963,0.78715580701828,0.606475293636322
-0.558037042617798,-0.0895792171359062,1.36628091335297,0.0002399596269242,-0.112107291817665,0.788000404834747,0.605381906032562
-0.55845034122467,-0.0893378257751464,1.36628198623657,-0.0008301968337036,-0.111812271177769,0.787326216697693,0.606312453746796
-0.558501541614532,-0.0886870175600051,1.36622452735901,-0.0015737026697024,-0.111309006810188,0.787536442279816,0.606130599975586
-0.558501541614532,-0.0886870175600051,1.36622452735901,-0.0015737026697024,-0.111309006810188,0.787536442279816,0.606130599975586
-0.55867326259613,-0.0873660445213317,1.36617922782898,-0.0024681955110281,-0.110298737883568,0.787875711917877,0.605871498584747
-0.558380544185638,-0.0864779129624366,1.3661744594574,-0.0030753873288631,-0.109657511115074,0.788838326931,0.604731261730194
-0.558120310306549,-0.085517443716526,1.36613178253174,-0.0029931066092103,-0.109358139336109,0.790482699871063,0.602634966373444
-0.558197677135468,-0.0849203467369079,1.3660352230072,-0.0034256402868777,-0.109060876071453,0.790475189685822,0.602696537971497
-0.558986127376556,-0.0847468376159668,1.36599886417389,-0.005066049285233,-0.108779415488243,0.78891921043396,0.604770958423615
-0.559077739715576,-0.0840713232755661,1.36593782901764,-0.0056322198361158,-0.108373031020164,0.788924753665924,0.60483181476593
-0.559167623519897,-0.0833465307950973,1.36587512493134,-0.0063720238395035,-0.10787058621645,0.789111435413361,0.604670643806458
-0.559342980384827,-0.082713209092617,1.36583423614502,-0.0070275473408401,-0.107608579099178,0.788855314254761,0.605044066905975
-0.559515476226807,-0.0819874480366706,1.36575496196747,-0.0077002425678074,-0.107368059456348,0.788899481296539,0.605021059513092
-0.559232473373413,-0.0808900818228721,1.36569762229919,-0.0081982063129544,-0.106894597411156,0.790029346942902,0.603622436523438
-0.559709966182709,-0.0804411172866821,1.36567890644073,-0.0092681515961885,-0.106669656932354,0.789373874664307,0.604503691196442
-0.559903621673584,-0.0796324834227562,1.36562085151672,-0.0101234130561351,-0.106313951313496,0.789391875267029,0.604528963565826
-0.560080111026764,-0.0789156034588813,1.36555624008179,-0.0108053106814622,-0.105995982885361,0.789531767368317,0.604390323162079
-0.560355603694916,-0.0780823677778244,1.36552965641022,-0.0114616472274065,-0.105759352445602,0.789377927780151,0.604620695114136
-0.560163378715515,-0.0770387202501297,1.36547565460205,-0.0119726294651627,-0.105080500245094,0.790495574474335,0.603267431259155
-0.56067430973053,-0.0763906314969062,1.36536693572998,-0.0127993775531649,-0.104922838509083,0.789906084537506,0.604049563407898
-0.561033606529236,-0.0757021903991699,1.36524188518524,-0.0143458396196365,-0.104296870529652,0.790104866027832,0.603863179683685
-0.561235129833221,-0.0747788324952125,1.36521792411804,-0.0148992016911506,-0.104683794081211,0.78992760181427,0.604014575481415
-0.561432123184204,-0.0739217028021812,1.36514818668365,-0.0158546324819326,-0.104228608310223,0.790243446826935,0.603655934333801
-0.561717212200165,-0.0730824172496795,1.36509549617767,-0.01673574000597,-0.104118481278419,0.790583312511444,0.603205919265747
-0.561692118644714,-0.0718728229403495,1.36492431163788,-0.0172229073941707,-0.103697426617145,0.791591107845306,0.601941764354706
-0.562349021434784,-0.0713227540254592,1.36494112014771,-0.0186553467065095,-0.103355035185814,0.790899276733398,0.60286670923233
-0.562639534473419,-0.0703320354223251,1.36482501029968,-0.0195269919931888,-0.102979511022568,0.791171193122864,0.602546393871307
-0.563015222549438,-0.0694156065583229,1.36471927165985,-0.0208683777600526,-0.102595411241054,0.791465580463409,0.602180242538452
-0.56333714723587,-0.0684259682893753,1.36458003520966,-0.021986624225974,-0.102831214666366,0.791808605194092,0.601649045944214
-0.563649594783783,-0.0673606619238853,1.36442470550537,-0.0231597553938627,-0.102415725588798,0.792305648326874,0.601021289825439
-0.564051508903503,-0.0665837451815605,1.36434531211853,-0.0242827739566564,-0.102114483714104,0.792415022850037,0.600884020328522
-0.564495444297791,-0.0655211806297302,1.36419403553009,-0.0254215318709611,-0.101996369659901,0.793087601661682,0.59996896982193
-0.564843952655792,-0.0645665079355239,1.36409842967987,-0.0264064632356166,-0.101764686405659,0.793661057949066,0.599206805229187
-0.565298438072205,-0.0636220872402191,1.36393523216248,-0.0279467664659023,-0.101123437285423,0.794400632381439,0.598264753818512
-0.565646827220917,-0.0625805407762527,1.36369895935059,-0.0288487523794174,-0.100895248353481,0.795161664485931,0.597248613834381
-0.565798282623291,-0.0613789856433868,1.36365747451782,-0.0298708975315094,-0.100947096943855,0.79628598690033,0.595689713954926
-0.566577196121216,-0.0606525242328643,1.36354088783264,-0.0316604748368263,-0.100960843265057,0.796254694461823,0.59563672542572
-0.567046761512756,-0.0596697106957435,1.36336648464203,-0.0322291143238544,-0.100656025111675,0.796886503696442,0.594812154769897
-0.567367017269135,-0.0584469549357891,1.36334109306335,-0.0331720262765884,-0.100385092198849,0.796736776828766,0.5950066447258
-0.567781686782837,-0.0574899241328239,1.36292743682861,-0.0360518619418144,-0.0991449579596519,0.797535419464111,0.593976378440857
-0.568410933017731,-0.0563708469271659,1.36270177364349,-0.0372143760323524,-0.0996880978345871,0.797592520713806,0.593737125396729
-0.568781554698944,-0.0556021146476268,1.36287999153137,-0.0367828607559204,-0.0993939936161041,0.798555612564087,0.592517375946045
-0.569180727005005,-0.0543410591781139,1.36270844936371,-0.0378446914255619,-0.0991724506020546,0.79931378364563,0.591464459896088
-0.569706380367279,-0.0533875599503517,1.36255931854248,-0.0391381829977035,-0.0991779118776321,0.799968242645264,0.590493738651276
-0.570233285427094,-0.0522495806217193,1.36233830451965,-0.0402375385165214,-0.0991423651576042,0.8003990650177,0.589841663837433
-0.570233285427094,-0.0522495806217193,1.36233830451965,-0.0402375385165214,-0.0991423651576042,0.8003990650177,0.589841663837433
-0.571179449558258,-0.0502026192843914,1.36211621761322,-0.0415521413087844,-0.0971386730670929,0.802323400974274,0.58746474981308
-0.571567416191101,-0.0490576177835464,1.36183166503906,-0.0429562889039516,-0.0976046770811081,0.803426861763,0.585775971412659
-0.572020709514618,-0.0479677766561508,1.36168384552002,-0.0438375063240528,-0.0973434075713157,0.804341495037079,0.584497630596161
-0.572662532329559,-0.047067854553461,1.36159038543701,-0.0447629690170288,-0.0963908433914184,0.805146872997284,0.583475410938263
-0.573348939418793,-0.046053197234869,1.36128759384155,-0.0458159744739532,-0.096056267619133,0.805667400360107,0.582729876041412
-0.573563516139984,-0.0448135212063789,1.36112546920776,-0.0469852350652217,-0.0965635105967521,0.807171761989594,0.58046680688858
-0.573953688144684,-0.0437708050012588,1.36082243919373,-0.0480730719864368,-0.096442624926567,0.80821168422699,0.578948795795441
-0.574392855167389,-0.0426711775362491,1.36030530929565,-0.0506966635584831,-0.0951243415474891,0.809564292430878,0.577050149440765
-0.574891209602356,-0.0417209863662719,1.36009180545807,-0.051424141973257,-0.094731330871582,0.810727179050446,0.575415372848511
-0.575297296047211,-0.0405767001211643,1.35983765125275,-0.0528426617383956,-0.0950144827365875,0.811776697635651,0.573758184909821
-0.575753569602966,-0.0396803170442581,1.35997068881989,-0.0525165870785713,-0.0954669117927551,0.813049077987671,0.571908593177795
-0.576429843902588,-0.0386616960167884,1.35983419418335,-0.0528563894331455,-0.0949049517512321,0.814633131027222,0.569712281227112
-0.576726377010345,-0.0377393662929534,1.35962438583374,-0.0541288405656814,-0.0949497371912002,0.815752029418945,0.567981660366058
-0.577291131019592,-0.0367509275674819,1.35938715934753,-0.0545976758003234,-0.0940513014793396,0.817209839820862,0.565987467765808
-0.577612042427063,-0.0358340665698051,1.35924053192139,-0.0557458959519863,-0.0938890874385833,0.818486094474792,0.564054846763611
-0.578108966350555,-0.0348023921251297,1.3589209318161,-0.0561798810958862,-0.0934239029884338,0.819465696811676,0.562665104866028
-0.578528046607971,-0.0339368507266044,1.35878956317902,-0.0568872801959514,-0.0927701368927955,0.820709466934204,0.560886383056641
-0.578840434551239,-0.0329007655382156,1.35854423046112,-0.057716991752386,-0.0923415198922157,0.822183728218079,0.55870908498764
-0.57918906211853,-0.0320323966443538,1.35846555233002,-0.0585880950093269,-0.0915591567754745,0.823476910591125,0.556839466094971
-0.579719662666321,-0.0310653634369373,1.35770583152771,-0.0576074793934822,-0.09134441614151,0.824677705764771,0.555197596549988
-0.579996466636658,-0.0303122662007808,1.35791039466858,-0.0593807138502597,-0.0905785039067268,0.826130270957947,0.552972197532654
-0.580309867858887,-0.02948659658432,1.35789263248444,-0.0610636584460735,-0.0909208059310913,0.827894270420074,0.550087094306946
-0.580757796764374,-0.0287596955895423,1.35783970355988,-0.0614499524235725,-0.0901670679450035,0.829058051109314,0.548412978649139
-0.581045210361481,-0.0278995148837566,1.35771119594574,-0.0621239989995956,-0.0895436257123947,0.830731570720673,0.545900642871857
-0.581445634365082,-0.0271548498421907,1.35762858390808,-0.0626853480935096,-0.0889522358775138,0.832111537456512,0.543827652931213
-0.581653892993927,-0.0262582935392856,1.35739517211914,-0.063087910413742,-0.0890038684010505,0.833462715148926,0.541699528694153
-0.581988632678986,-0.0256536193192005,1.35730278491974,-0.0634984299540519,-0.0882234424352645,0.834858357906342,0.539625942707062
-0.582277834415436,-0.0248521231114864,1.35710072517395,-0.0639150068163871,-0.0884055718779563,0.836106181144714,0.537611305713654
-0.583145439624786,-0.0247978437691926,1.35740327835083,-0.06384789198637,-0.0844777151942253,0.836643397808075,0.537414968013763
-0.583397030830383,-0.0241328459233045,1.35734283924103,-0.0644054934382438,-0.0840868279337883,0.837942898273468,0.535381197929382
-0.583508491516113,-0.0233812574297189,1.35709774494171,-0.0649455934762954,-0.0845788195729255,0.839268982410431,0.533156991004944
-0.583707630634308,-0.0225792024284601,1.35682117938995,-0.0674826279282569,-0.0835643038153648,0.840716779232025,0.530714988708496
-0.583825170993805,-0.0219532418996095,1.35653162002563,-0.0671840086579322,-0.0833389610052108,0.842006921768188,0.528739392757416
-0.583913505077362,-0.0212932955473661,1.35635721683502,-0.0671029239892959,-0.0833664238452911,0.843493402004242,0.526370763778687
-0.584094524383545,-0.0206867940723896,1.35651123523712,-0.0685114189982414,-0.0833098068833351,0.844491422176361,0.524595022201538
-0.5843665599823,-0.0200264900922775,1.35627508163452,-0.0681504011154174,-0.0830390602350235,0.845552265644073,0.522973477840424
-0.584458947181702,-0.0195090845227241,1.35623598098755,-0.0684422552585601,-0.0826882570981979,0.846743762493134,0.52105987071991
-0.584634065628052,-0.0187919829040765,1.35614836215973,-0.0685751214623451,-0.0828325524926185,0.847857058048248,0.519205749034882
-0.584732711315155,-0.0182308889925479,1.35603177547455,-0.0686894655227661,-0.0827754959464073,0.849103033542633,0.517159521579742
-0.584841251373291,-0.0175618175417184,1.35597002506256,-0.0688820034265518,-0.0826512202620506,0.850058376789093,0.515581965446472
-0.584918975830078,-0.0171504337340593,1.35597443580627,-0.0689470916986465,-0.0822882130742073,0.851032137870789,0.514022588729858
-0.585093855857849,-0.0164704825729131,1.35590887069702,-0.0689827129244804,-0.0822318345308303,0.852140605449677,0.512187123298645
-0.585128128528595,-0.0160526912659406,1.35585582256317,-0.0688207820057869,-0.0820721015334129,0.853017866611481,0.510772407054901
-0.585287094116211,-0.0154435187578201,1.35614800453186,-0.0672913193702697,-0.0828287824988365,0.85395085811615,0.509292781352997
-0.585339546203613,-0.0149198975414037,1.35592651367188,-0.0697086602449417,-0.0820301696658134,0.854849278926849,0.50758695602417
-0.585143506526947,-0.0140363816171884,1.35569143295288,-0.0684997141361236,-0.08144561201334,0.856301248073578,0.505393445491791
-0.585288286209106,-0.0134756360203027,1.35617697238922,-0.0675432458519935,-0.0823590159416198,0.856965184211731,0.504247426986694
-0.585357904434204,-0.0130225904285907,1.35612738132477,-0.0675416067242622,-0.0822215229272842,0.857755482196808,0.502924680709839
-0.585426807403564,-0.0125139690935611,1.35609173774719,-0.0673998743295669,-0.0823110714554786,0.858460903167725,0.501724064350128
-0.585488975048065,-0.0119588319212198,1.35609567165375,-0.0673301368951797,-0.0822769105434417,0.859125077724457,0.500600874423981
-0.585461258888245,-0.0115602109581232,1.35590076446533,-0.0666892603039741,-0.0819698870182037,0.859932482242584,0.499349117279053
-0.585453033447266,-0.0110062677413225,1.35574197769165,-0.067315436899662,-0.0818675458431243,0.860512018203735,0.498282432556152
-0.585399448871613,-0.0104271825402975,1.35538339614868,-0.0683502703905105,-0.0811608582735061,0.86147266626358,0.496594369411469
-0.585408568382263,-0.0099192261695861,1.35537993907928,-0.0681990981101989,-0.0809929147362709,0.862067401409149,0.495609551668167
-0.585488677024841,-0.0095831789076328,1.35543012619019,-0.0684363320469856,-0.0810031667351722,0.862433910369873,0.494937151670456
-0.585487425327301,-0.0088956169784069,1.35568797588348,-0.0661731660366058,-0.0818685963749885,0.862977623939514,0.494154155254364
-0.585511445999146,-0.0084303189069032,1.35563457012177,-0.0662469863891601,-0.0817690342664718,0.863512396812439,0.493225634098053
-0.585598111152649,-0.0080247391015291,1.35565638542175,-0.066495805978775,-0.0814823657274246,0.863852262496948,0.492644101381302
-0.585471630096436,-0.0075247976928949,1.35555982589722,-0.0663424208760261,-0.0813438966870307,0.864503145217896,0.491544425487518
-0.585508346557617,-0.0070410873740911,1.35571241378784,-0.0668949112296104,-0.0812687948346138,0.86475396156311,0.491040915250778
-0.585445761680603,-0.0065648145973682,1.35533285140991,-0.0685570761561393,-0.0805807709693908,0.865141808986664,0.490240931510925
-0.585488498210907,-0.0062368232756853,1.35572779178619,-0.0671197026968002,-0.0813457667827606,0.865176677703857,0.490252315998077
-0.585382044315338,-0.0056511759757995,1.35559606552124,-0.0669362917542457,-0.0814061537384986,0.865751266479492,0.489251762628555
-0.585259914398193,-0.0052658915519714,1.35525262355804,-0.0687153786420822,-0.0805880799889564,0.866148471832275,0.48843702673912
-0.585285305976868,-0.0050138141959905,1.35528266429901,-0.0689341947436332,-0.0804753676056861,0.866243541240692,0.488256007432938
-0.585483491420746,-0.0049060136079788,1.35522389411926,-0.0691873431205749,-0.0807847082614898,0.865907490253448,0.488765001296997
-0.585483491420746,-0.0049060136079788,1.35522389411926,-0.0691873431205749,-0.0807847082614898,0.865907490253448,0.488765001296997
-0.585386276245117,-0.0044692903757095,1.35501372814178,-0.0685694068670272,-0.0805269330739975,0.866248428821564,0.488290131092071
-0.585035562515259,-0.00344312004745,1.35516595840454,-0.0688453987240791,-0.0799149796366691,0.867108464241028,0.486823081970215
-0.584956347942352,-0.003056650981307,1.35522568225861,-0.0669093504548072,-0.0801087766885757,0.86727100610733,0.486771911382675
-0.585046112537384,-0.0029204413294792,1.35512137413025,-0.0691736564040184,-0.0801302194595336,0.866961479187012,0.487003147602081
-0.584898233413696,-0.002484880387783,1.35491144657135,-0.0685282126069068,-0.079839214682579,0.867183268070221,0.486747175455093
-0.584533393383026,-0.0018459446728229,1.35489046573639,-0.0681708008050918,-0.0793530270457267,0.867907345294952,0.485585153102875
-0.584658741950989,-0.0017841663211584,1.35487806797028,-0.0685143396258354,-0.0797144696116447,0.867465198040009,0.486266881227493
-0.584319353103638,-0.0011959671974182,1.35486221313477,-0.0681049153208732,-0.0793065801262855,0.868122518062592,0.485216915607452
-0.584399700164795,-0.001142056658864,1.3548686504364,-0.0684012249112129,-0.0794470533728599,0.867694437503815,0.485917657613754
-0.584003686904907,-0.0003694631159305,1.35509848594666,-0.0659596621990203,-0.0798473060131073,0.868331551551819,0.485050678253174
-0.584129750728607,-0.0004628170281648,1.35520780086517,-0.0665472894906997,-0.080090582370758,0.867535948753357,0.486351996660232
-0.583985507488251,-0.0001085139811038,1.35522294044495,-0.0664575919508934,-0.0799126774072647,0.867570340633392,0.486332297325134
-0.58362090587616,0.0004317089915275,1.3552451133728,-0.0659985318779945,-0.0793928951025009,0.868152320384979,0.485440582036972
-0.583676099777222,0.0004682671278715,1.35520422458649,-0.0660410299897193,-0.0794791653752327,0.867503225803375,0.486579835414886
-0.583492040634155,0.0006714351475238,1.35485541820526,-0.0678810626268386,-0.0785669013857841,0.867508888244629,0.486464619636536
-0.583356142044067,0.0008913744240999,1.35486650466919,-0.0677799582481384,-0.0784266740083694,0.867444336414337,0.486616343259811
-0.582915067672729,0.0013547986745834,1.35482895374298,-0.0674269199371337,-0.0782767161726951,0.867941796779633,0.485801845788956
-0.582676231861115,0.001765789464116,1.35477590560913,-0.0668823793530464,-0.0781974494457244,0.868118107318878,0.485574841499329
-0.582676231861115,0.001765789464116,1.35477590560913,-0.0668823793530464,-0.0781974494457244,0.868118107318878,0.485574841499329
-0.582509160041809,0.0019811354577541,1.35496735572815,-0.0668468028306961,-0.0780227035284042,0.867469251155853,0.486766129732132
-0.582318961620331,0.0021483786404132,1.35502243041992,-0.0667624846100807,-0.0780048444867134,0.86732429265976,0.48703870177269
-0.582184553146362,0.0023557599633932,1.35503375530243,-0.0666063427925109,-0.0779630988836288,0.867215931415558,0.487259715795517
-0.582075715065002,0.0026780571788549,1.3552051782608,-0.0669483765959739,-0.0783119648694992,0.867092967033386,0.48737558722496
-0.582075715065002,0.0026780571788549,1.3552051782608,-0.0669483765959739,-0.0783119648694992,0.867092967033386,0.48737558722496
-0.582067012786865,0.0028433818370103,1.35526287555695,-0.0672200173139572,-0.0787988379597663,0.866162598133087,0.488911747932434
-0.582067012786865,0.0028433818370103,1.35526287555695,-0.0672200173139572,-0.0787988379597663,0.866162598133087,0.488911747932434
-0.582067012786865,0.0028433818370103,1.35526287555695,-0.0672200173139572,-0.0787988379597663,0.866162598133087,0.488911747932434
-0.581774294376373,0.0032773222774267,1.35535800457001,-0.066926322877407,-0.0790293216705322,0.865546226501465,0.490005105733871
-0.581720054149628,0.0033831857144832,1.3557243347168,-0.0650843977928161,-0.0799074843525886,0.86536705493927,0.490426987409592
-0.581540048122406,0.0035197958350181,1.35540592670441,-0.0669081211090087,-0.0791612938046455,0.865316569805145,0.490391761064529
-0.581425309181213,0.0036306548863649,1.3554253578186,-0.0669124722480773,-0.0793562307953834,0.865191221237183,0.49058073759079
-0.581325709819794,0.003740893676877,1.35570967197418,-0.0655495971441268,-0.080024667084217,0.86494106054306,0.491097122430801
-0.581250369548798,0.0039659086614847,1.35549592971802,-0.0667629018425941,-0.0795627608895301,0.864930331707001,0.491027623414993
-0.581106662750244,0.0039682202041149,1.35552990436554,-0.0667533949017524,-0.0795387029647827,0.864865481853485,0.491146922111511
-0.580995976924896,0.0040644481778144,1.35554182529449,-0.0667051076889038,-0.0795620083808898,0.864783704280853,0.491293787956238
-0.580907344818115,0.0041905548423528,1.35559415817261,-0.0665822401642799,-0.0795882120728492,0.864730596542358,0.491399496793747
-0.580839514732361,0.0042804349213838,1.35561919212341,-0.0664895921945571,-0.0796027779579162,0.864697933197021,0.491467267274857
-0.580708980560303,0.0043411720544099,1.35548424720764,-0.0657150521874427,-0.0793212726712226,0.864834189414978,0.491377025842667
-0.580613374710083,0.0043855886906385,1.35553443431854,-0.0656771659851074,-0.079257421195507,0.864767551422119,0.491509705781937
-0.580609977245331,0.0045167822390794,1.35610151290894,-0.0644275769591331,-0.0801492929458618,0.864602029323578,0.491821706295013
-0.580457210540771,0.0045733023434877,1.35612547397614,-0.0643671974539756,-0.0800177156925201,0.864749789237976,0.491591304540634
-0.580330848693848,0.0046489294618368,1.3561304807663,-0.0642694532871246,-0.0799538344144821,0.86488538980484,0.491375863552094
-0.5801842212677,0.0047379713505506,1.35617208480835,-0.0642186775803566,-0.0798145905137062,0.864875614643097,0.491422325372696
-0.580010592937469,0.0048735104501247,1.35615944862366,-0.0643051266670227,-0.0800895690917968,0.865028381347656,0.491097271442413
-0.579852640628815,0.0050051845610141,1.3561646938324,-0.0642320439219474,-0.0799720883369445,0.865221321582794,0.490785896778107
-0.579783380031586,0.0051571689546108,1.35616862773895,-0.0643249601125717,-0.0800021141767501,0.865269839763641,0.490683168172836
-0.579450249671936,0.0051698815077543,1.35572218894958,-0.0656656697392463,-0.0789047256112098,0.865653097629547,0.490007042884827
-0.579301476478577,0.0052449293434619,1.35572791099548,-0.0658581778407096,-0.0787657797336578,0.865691781044006,0.489935249090195
-0.578966021537781,0.0055348332971334,1.35570311546326,-0.0654953345656395,-0.0783714279532432,0.866204261779785,0.489140689373016
-0.578966021537781,0.0055348332971334,1.35570311546326,-0.0654953345656395,-0.0783714279532432,0.866204261779785,0.489140689373016
-0.578656792640686,0.0056650433689355,1.35572957992554,-0.065626248717308,-0.078206330537796,0.866105318069458,0.489324599504471
-0.578538835048676,0.0057695005089044,1.3558908700943,-0.0663182884454727,-0.078392393887043,0.865899622440338,0.489565581083298
-0.578527569770813,0.0055663380771875,1.35590410232544,-0.0667340010404586,-0.0786097422242164,0.865390777587891,0.490373402833939
-0.578527569770813,0.0055663380771875,1.35590410232544,-0.0667340010404586,-0.0786097422242164,0.865390777587891,0.490373402833939
-0.578159332275391,0.0056507512927055,1.35572600364685,-0.0662166327238082,-0.0785655528306961,0.865110039710999,0.490945547819138
-0.577869236469269,0.0058461409062147,1.35564625263214,-0.0660220310091972,-0.0785885006189346,0.865150630474091,0.490896552801132
-0.577685117721558,0.0057766214013099,1.35571026802063,-0.0662956982851028,-0.0785104632377624,0.864802002906799,0.491486012935638
-0.577532529830933,0.0058647580444812,1.35570192337036,-0.0662863478064537,-0.0784810855984687,0.864595711231232,0.491854816675186
-0.577270269393921,0.006010964512825,1.35596990585327,-0.0642423033714294,-0.0792636349797248,0.864287495613098,0.4925417304039
-0.577027440071106,0.006053214892745,1.35595595836639,-0.064276248216629,-0.0792583525180816,0.864001214504242,0.493040204048157
-0.57676774263382,0.0060493778437376,1.35596263408661,-0.0642808526754379,-0.0792473554611206,0.863499522209167,0.493919551372528
-0.576540768146515,0.0060926172882318,1.35595059394836,-0.0643977224826812,-0.079280100762844,0.863186597824097,0.494445741176605
-0.576299965381622,0.0061341132968664,1.35595703125,-0.0644875615835189,-0.0793616697192192,0.86284464597702,0.495017468929291
-0.576094508171082,0.0060009658336639,1.35605323314667,-0.0647190958261489,-0.0794859156012535,0.861999571323395,0.496437668800354
-0.57566225528717,0.0060499850660562,1.35562932491302,-0.0661670118570327,-0.0785507410764694,0.861762523651123,0.496807068586349
-0.575331449508667,0.0060117021203041,1.35565555095673,-0.0661672130227088,-0.0780708864331245,0.86120218038559,0.497853070497513
-0.575118780136108,0.0059220530092716,1.35605692863464,-0.0647535622119903,-0.0788184106349945,0.860251367092133,0.49956214427948
-0.574749946594238,0.0058402884751558,1.35576355457306,-0.0664364248514175,-0.0780623033642768,0.859656989574432,0.500482022762299
-0.574749946594238,0.0058402884751558,1.35576355457306,-0.0664364248514175,-0.0780623033642768,0.859656989574432,0.500482022762299
-0.574749946594238,0.0058402884751558,1.35576355457306,-0.0664364248514175,-0.0780623033642768,0.859656989574432,0.500482022762299
-0.574207603931427,0.0058616157621145,1.35585021972656,-0.066651239991188,-0.0782679319381713,0.858191013336182,0.502931535243988
-0.57379287481308,0.0058256238698959,1.35588502883911,-0.0667149573564529,-0.0782564207911491,0.857537031173706,0.504039168357849
-0.573099255561829,0.0056702364236116,1.35625267028809,-0.0653422325849533,-0.0781249850988388,0.855604529380798,0.50751131772995
-0.573099255561829,0.0056702364236116,1.35625267028809,-0.0653422325849533,-0.0781249850988388,0.855604529380798,0.50751131772995
-0.5724156498909,0.005645390599966,1.3564338684082,-0.0651181861758232,-0.0780695527791976,0.853739440441132,0.51067990064621
-0.5724156498909,0.005645390599966,1.3564338684082,-0.0651181861758232,-0.0780695527791976,0.853739440441132,0.51067990064621
-0.57159560918808,0.0054639503359794,1.3562171459198,-0.0670201852917671,-0.0766313672065734,0.851844787597656,0.513805747032166
-0.57159560918808,0.0054639503359794,1.3562171459198,-0.0670201852917671,-0.0766313672065734,0.851844787597656,0.513805747032166
-0.570757806301117,0.0052580591291189,1.35631537437439,-0.0666867420077323,-0.0756284892559051,0.849641382694244,0.517631888389587
-0.569795191287994,0.0057083219289779,1.35601818561554,-0.0674071982502937,-0.078975610435009,0.84912371635437,0.517888247966766
-0.569532752037048,0.0058790780603885,1.35568332672119,-0.0660201758146286,-0.0787681564688682,0.847780883312225,0.52029275894165
-0.569532752037048,0.0058790780603885,1.35568332672119,-0.0660201758146286,-0.0787681564688682,0.847780883312225,0.52029275894165
-0.568231463432312,0.0054594539105892,1.35623335838318,-0.0674249753355979,-0.0782917737960815,0.845732927322388,0.523507535457611
-0.568231463432312,0.0054594539105892,1.35623335838318,-0.0674249753355979,-0.0782917737960815,0.845732927322388,0.523507535457611
-0.568231463432312,0.0054594539105892,1.35623335838318,-0.0674249753355979,-0.0782917737960815,0.845732927322388,0.523507535457611
-0.566983997821808,0.0053030997514724,1.35640645027161,-0.066958300769329,-0.0780171081423759,0.843451082706451,0.527276337146759
-0.566536009311676,0.005212539806962,1.35644018650055,-0.066900797188282,-0.0775540098547935,0.842129349708557,0.529459893703461
-0.565269947052002,0.0049542933702468,1.35665380954742,-0.0663629844784736,-0.0770706757903099,0.839581251144409,0.533628582954407
-0.564538776874542,0.0049461051821708,1.35667133331299,-0.065785102546215,-0.0771118178963661,0.838596403598785,0.535240232944489
-0.563956618309021,0.0047556422650814,1.35676217079163,-0.0658255741000175,-0.0770837292075157,0.837197601795197,0.537424743175507
-0.563306212425232,0.0045629348605871,1.35692071914673,-0.0656265765428543,-0.0767151042819023,0.835760176181793,0.53973400592804
-0.563306212425232,0.0045629348605871,1.35692071914673,-0.0656265765428543,-0.0767151042819023,0.835760176181793,0.53973400592804
-0.562994718551636,0.0042812973260879,1.35708296298981,-0.0651383325457573,-0.0758117139339447,0.833789110183716,0.542959749698639
-0.561548948287964,0.0038488004356622,1.35757184028625,-0.0629061609506607,-0.0765792429447174,0.830839395523071,0.547617077827454
-0.561548948287964,0.0038488004356622,1.35757184028625,-0.0629061609506607,-0.0765792429447174,0.830839395523071,0.547617077827454
-0.560300886631012,0.0035536959767341,1.35796856880188,-0.0626786798238754,-0.076818972826004,0.827854633331299,0.552111387252808
-0.560300886631012,0.0035536959767341,1.35796856880188,-0.0626786798238754,-0.076818972826004,0.827854633331299,0.552111387252808
-0.559494912624359,0.0032973550260066,1.35801470279694,-0.0617614202201366,-0.0763720422983169,0.826890110969543,0.553719818592072
-0.558787286281586,0.003256183117628,1.35804414749146,-0.061341505497694,-0.0767122507095336,0.825674772262573,0.555530071258545
-0.558075606822968,0.0029523484408855,1.35819315910339,-0.0610011555254459,-0.0763217136263847,0.824088037014008,0.557972013950348
-0.557141840457916,0.0027620270848274,1.35794055461884,-0.0623949617147445,-0.0749963149428367,0.822246074676514,0.560708284378052
-0.557178318500519,0.0025839302688837,1.35831522941589,-0.0603052526712417,-0.0714076906442642,0.820087969303131,0.564552903175354
-0.557178318500519,0.0025839302688837,1.35831522941589,-0.0603052526712417,-0.0714076906442642,0.820087969303131,0.564552903175354
-0.554065346717834,0.0014381408691406,1.35840344429016,-0.0603859908878803,-0.0746125504374504,0.815758764743805,0.57037216424942
-0.554065346717834,0.0014381408691406,1.35840344429016,-0.0603859908878803,-0.0746125504374504,0.815758764743805,0.57037216424942
-0.553346931934357,0.0011157058179378,1.35851335525513,-0.0598488114774227,-0.0746030509471893,0.814005613327026,0.572928845882416
-0.551702380180359,0.0002830456942319,1.35880970954895,-0.05906717851758,-0.0744398012757301,0.810253202915192,0.578324854373932
-0.551702380180359,0.0002830456942319,1.35880970954895,-0.05906717851758,-0.0744398012757301,0.810253202915192,0.578324854373932
-0.551702380180359,0.0002830456942319,1.35880970954895,-0.05906717851758,-0.0744398012757301,0.810253202915192,0.578324854373932
-0.550225138664246,-0.0005818754434585,1.35911238193512,-0.058109376579523,-0.0742704421281814,0.806244015693665,0.58401882648468
-0.548672258853912,-0.001694718375802,1.35946941375732,-0.0573771335184574,-0.0737756118178367,0.802206933498383,0.589685618877411
-0.547878980636597,-0.0023833028972148,1.35962307453156,-0.0572924613952636,-0.0737847685813903,0.799873828887939,0.592853426933289
-0.547150254249573,-0.0026371628046035,1.35971057415009,-0.0565723069012165,-0.074069932103157,0.797768771648407,0.59571647644043
-0.546364963054657,-0.0034385658800601,1.35996580123901,-0.056275725364685,-0.0736188292503357,0.795544564723969,0.598767399787903
-0.546364963054657,-0.0034385658800601,1.35996580123901,-0.056275725364685,-0.0736188292503357,0.795544564723969,0.598767399787903
-0.545622766017914,-0.0037271920591592,1.36009216308594,-0.0558972992002964,-0.0736194923520088,0.793431639671326,0.60159957408905
-0.544907033443451,-0.0045148897916078,1.36025989055634,-0.0555132403969764,-0.0735583454370498,0.791144669055939,0.604646682739258
-0.54341059923172,-0.0053949709981679,1.36050069332123,-0.0553289800882339,-0.0741873160004615,0.786625385284424,0.61045503616333
-0.54341059923172,-0.0053949709981679,1.36050069332123,-0.0553289800882339,-0.0741873160004615,0.786625385284424,0.61045503616333
-0.542702734470367,-0.0057474356144666,1.3608660697937,-0.0535853281617164,-0.075299896299839,0.78429764509201,0.613462209701538
-0.54144561290741,-0.0069054458290338,1.36082935333252,-0.0540697425603866,-0.0737712830305099,0.779614210128784,0.619545042514801
-0.54144561290741,-0.0069054458290338,1.36082935333252,-0.0540697425603866,-0.0737712830305099,0.779614210128784,0.619545042514801
-0.540796399116516,-0.007490050047636,1.36124384403229,-0.0521519482135772,-0.0746055394411087,0.777271211147308,0.622546315193176
-0.540796399116516,-0.007490050047636,1.36124384403229,-0.0521519482135772,-0.0746055394411087,0.777271211147308,0.622546315193176
-0.539598226547241,-0.0086775682866573,1.36115682125092,-0.0530468560755252,-0.073473647236824,0.772569179534912,0.628430306911469
-0.537658929824829,-0.0096580069512128,1.36176061630249,-0.0499565042555332,-0.073747731745243,0.770028114318848,0.631761312484741
-0.537658929824829,-0.0096580069512128,1.36176061630249,-0.0499565042555332,-0.073747731745243,0.770028114318848,0.631761312484741
-0.536614954471588,-0.0109520126134157,1.36181151866913,-0.0497728213667869,-0.0743670463562011,0.765258848667145,0.637472629547119
-0.536132633686066,-0.0115045346319675,1.36181700229645,-0.0489599741995334,-0.0743353068828582,0.76292872428894,0.640325725078583
-0.536132633686066,-0.0115045346319675,1.36181700229645,-0.0489599741995334,-0.0743353068828582,0.76292872428894,0.640325725078583
-0.535729229450226,-0.0121139902621507,1.36192739009857,-0.0494795702397823,-0.0744641870260238,0.761304318904877,0.642201602458954
-0.535098135471344,-0.0125704370439052,1.36198663711548,-0.0489307418465614,-0.0748085007071495,0.758541405200958,0.645464539527893
-0.534416079521179,-0.0136617459356784,1.36213946342468,-0.0487609393894672,-0.0754844918847084,0.754228115081787,0.650434076786041
-0.534416079521179,-0.0136617459356784,1.36213946342468,-0.0487609393894672,-0.0754844918847084,0.754228115081787,0.650434076786041
-0.53391045331955,-0.014845373108983,1.36214900016785,-0.0487726777791976,-0.0764747560024261,0.751486599445343,0.653483629226685
-0.533384025096893,-0.0152060277760028,1.36212468147278,-0.0483919531106948,-0.0765817239880561,0.748317360877991,0.657126128673553
-0.533384025096893,-0.0152060277760028,1.36212468147278,-0.0483919531106948,-0.0765817239880561,0.748317360877991,0.657126128673553
-0.533091604709625,-0.0157019980251789,1.36212289333344,-0.0482448861002922,-0.0769274607300758,0.746271073818207,0.659419536590576
-0.533016443252563,-0.0163663923740386,1.36202585697174,-0.0487930178642272,-0.0772391259670257,0.746196210384369,0.659427583217621
-0.53249454498291,-0.0169417392462492,1.36221325397491,-0.0479145571589469,-0.077835313975811,0.744895339012146,0.660890936851501
-0.532131850719452,-0.0173858106136322,1.36191129684448,-0.0489129424095153,-0.0768369436264038,0.740752041339874,0.66557502746582
-0.532041311264038,-0.0184178911149501,1.36204934120178,-0.0477975532412529,-0.0787727907299995,0.739923477172852,0.666350901126862
-0.532041311264038,-0.0184178911149501,1.36204934120178,-0.0477975532412529,-0.0787727907299995,0.739923477172852,0.666350901126862
-0.531895935535431,-0.0188860446214675,1.36211967468262,-0.0473367758095264,-0.0790985673666,0.73819363117218,0.668261051177979
-0.532158851623535,-0.0194046776741743,1.36191260814667,-0.0489381588995456,-0.0784618780016899,0.733101069927216,0.673803985118866
-0.532126724720001,-0.0199405215680599,1.36207556724548,-0.0483552776277065,-0.0791725888848304,0.73154604434967,0.675450921058655
-0.531621992588043,-0.0201991684734821,1.36199045181274,-0.0477994121611118,-0.0787710100412368,0.731347918510437,0.67575204372406
-0.532466948032379,-0.0210091453045606,1.36231589317322,-0.0476282835006713,-0.0811726152896881,0.731183767318726,0.675657391548157
-0.532083630561829,-0.02144006639719,1.36208868026733,-0.0487119443714618,-0.0801634266972541,0.727597057819366,0.67956131696701
-0.531525075435638,-0.0222575571388006,1.36226737499237,-0.0471459366381168,-0.0811217650771141,0.726911067962646,0.680291712284088
-0.53154844045639,-0.0226526074111461,1.36230087280273,-0.0471224673092365,-0.0815047696232795,0.725974023342133,0.681247532367706
-0.53154844045639,-0.0226526074111461,1.36230087280273,-0.0471224673092365,-0.0815047696232795,0.725974023342133,0.681247532367706
-0.53215879201889,-0.0234962906688451,1.36224257946014,-0.0478907227516174,-0.0821147188544273,0.72340726852417,0.683846354484558
-0.53215879201889,-0.0234962906688451,1.36224257946014,-0.0478907227516174,-0.0821147188544273,0.72340726852417,0.683846354484558
-0.53215879201889,-0.0234962906688451,1.36224257946014,-0.0478907227516174,-0.0821147188544273,0.72340726852417,0.683846354484558
-0.53225702047348,-0.0243024360388517,1.362419962883,-0.0482907369732856,-0.0828655958175659,0.722321569919586,0.684874355792999
-0.532502770423889,-0.0247181840240955,1.36225509643555,-0.0477542467415332,-0.0831659361720085,0.721665978431702,0.685566306114197
-0.532094717025757,-0.0248737297952175,1.36221551895142,-0.0471353903412818,-0.0832704380154609,0.722512662410736,0.68470424413681
-0.532181859016418,-0.0252249706536531,1.36221730709076,-0.04716307669878,-0.0835222825407981,0.72231662273407,0.684878408908844
-0.53230082988739,-0.0254579596221447,1.36222231388092,-0.0472161769866943,-0.0838172808289527,0.722171366214752,0.684991896152496
-0.533059775829315,-0.0258726999163627,1.36280119419098,-0.0453390665352344,-0.0866163223981857,0.720660030841827,0.686360776424408
-0.533363461494446,-0.0266624446958303,1.36234486103058,-0.047410387545824,-0.0856595560908317,0.720967948436737,0.686017394065857
-0.533363461494446,-0.0266624446958303,1.36234486103058,-0.047410387545824,-0.0856595560908317,0.720967948436737,0.686017394065857
-0.533458471298218,-0.0269967447966337,1.36251580715179,-0.0483312606811523,-0.0859826803207397,0.721100091934204,0.685773968696594
-0.533706068992615,-0.0270451176911592,1.36296272277832,-0.0466091260313987,-0.0878563374280929,0.721037983894348,0.685720860958099
-0.53385192155838,-0.0272351503372192,1.36296343803406,-0.0467457361519336,-0.0881298258900642,0.721209764480591,0.685495853424072
-0.534090936183929,-0.0274249091744422,1.36269164085388,-0.0464435108006,-0.0880537405610084,0.72164922952652,0.685063481330872
-0.53431636095047,-0.0276631917804479,1.36267936229706,-0.0466466657817363,-0.0881265625357627,0.721934020519257,0.684740126132965
-0.534539759159088,-0.027800403535366,1.36265349388123,-0.0468157641589641,-0.0884150117635726,0.722073316574097,0.684544503688812
-0.534706592559814,-0.0279423408210277,1.36265802383423,-0.0468906238675117,-0.0886583179235458,0.722440302371979,0.684120714664459
-0.534911632537842,-0.028149826452136,1.36261510848999,-0.0471823662519454,-0.0887924432754516,0.723068177700043,0.683419644832611
-0.535148322582245,-0.0282576736062765,1.36259078979492,-0.0473548658192157,-0.0890300944447517,0.723437428474426,0.682985782623291
-0.535322487354279,-0.0283612851053476,1.36257696151733,-0.0474514178931713,-0.089161105453968,0.723751783370972,0.682628929615021
-0.535762012004852,-0.0287349112331867,1.36261188983917,-0.048782542347908,-0.0894646868109703,0.725713193416595,0.680409252643585
-0.535835385322571,-0.0287175141274929,1.36266779899597,-0.048534944653511,-0.0896637216210365,0.725520491600037,0.680606186389923
-0.535835385322571,-0.0287175141274929,1.36266779899597,-0.048534944653511,-0.0896637216210365,0.725520491600037,0.680606186389923
-0.535939276218414,-0.0288785714656114,1.36264085769653,-0.0490316897630691,-0.0901446044445037,0.725926995277405,0.680073499679565
-0.536128580570221,-0.0288837477564811,1.3625659942627,-0.04867709800601,-0.0900909453630447,0.72655177116394,0.679438591003418
-0.536326289176941,-0.028948375955224,1.36256289482117,-0.0486727133393287,-0.090035505592823,0.727122485637665,0.678835332393646
-0.536326289176941,-0.028948375955224,1.36256289482117,-0.0486727133393287,-0.090035505592823,0.727122485637665,0.678835332393646
-0.536846518516541,-0.0292023885995149,1.36244511604309,-0.0486370362341403,-0.0904659107327461,0.729045808315277,0.676714599132538
-0.536846518516541,-0.0292023885995149,1.36244511604309,-0.0486370362341403,-0.0904659107327461,0.729045808315277,0.676714599132538
-0.53612208366394,-0.0288516208529472,1.36240220069885,-0.047516755759716,-0.0901215299963951,0.731493294239044,0.6741943359375
-0.53651350736618,-0.0290455687791109,1.36231172084808,-0.0477560386061668,-0.0904023870825767,0.733754813671112,0.671677589416504
-0.536451637744904,-0.0289594884961843,1.36220002174377,-0.0478363931179046,-0.0897820964455604,0.733407080173492,0.672134637832642
-0.536542654037476,-0.02900355681777,1.3621506690979,-0.0477373972535133,-0.0898156464099884,0.734018325805664,0.671469628810883
-0.536672055721283,-0.0290630217641592,1.36214172840118,-0.0476643629372119,-0.0897937342524528,0.734680354595184,0.670753419399261
-0.537680149078369,-0.0295450426638126,1.36213171482086,-0.048657901585102,-0.0901776999235153,0.733682930469513,0.671721458435059
-0.53794914484024,-0.0298818573355674,1.36228370666504,-0.0489672571420669,-0.0895285606384277,0.733972251415253,0.671469748020172
-0.538095355033875,-0.029943948611617,1.36229050159454,-0.0489349514245986,-0.0894184336066246,0.734434723854065,0.670980930328369
-0.538010001182556,-0.0297213774174451,1.36215353012085,-0.0483446642756462,-0.0898308679461479,0.735526204109192,0.66977196931839
-0.538164436817169,-0.0297327507287263,1.36213862895966,-0.0482633262872695,-0.0897674411535263,0.736123561859131,0.669129848480225
-0.538548290729523,-0.0299767255783081,1.36225354671478,-0.0481441691517829,-0.0900195837020874,0.737800002098083,0.667255520820618
-0.538548290729523,-0.0299767255783081,1.36225354671478,-0.0481441691517829,-0.0900195837020874,0.737800002098083,0.667255520820618
-0.538618385791779,-0.0299304723739624,1.36220407485962,-0.0482024177908897,-0.0891652852296829,0.738003611564636,0.667140781879425
-0.538685381412506,-0.0299603193998336,1.36220467090607,-0.048075545579195,-0.0889400839805603,0.738637030124664,0.66647857427597
-0.538883984088898,-0.0299907829612493,1.36222994327545,-0.0479122214019298,-0.0884952768683433,0.74006062746048,0.66496878862381
-0.538883984088898,-0.0299907829612493,1.36222994327545,-0.0479122214019298,-0.0884952768683433,0.74006062746048,0.66496878862381
-0.538857579231262,-0.0300134886056184,1.36226952075958,-0.0476899109780788,-0.088038645684719,0.740965366363525,0.664037108421326
-0.538857579231262,-0.0300134886056184,1.36226952075958,-0.0476899109780788,-0.088038645684719,0.740965366363525,0.664037108421326
-0.538993299007416,-0.0300354287028312,1.36228609085083,-0.0473436042666435,-0.0873724073171615,0.741954684257507,0.663044512271881
-0.53902131319046,-0.0300503969192504,1.36228716373444,-0.04716607183218,-0.0870408043265342,0.742461383342743,0.662533223628998
-0.539055824279785,-0.030005969107151,1.36238813400269,-0.0465670675039291,-0.0870053470134735,0.742723047733307,0.662286996841431
-0.539153039455414,-0.0300173945724964,1.36226439476013,-0.0469158440828323,-0.086460918188095,0.743654668331146,0.661287724971771
-0.539225339889526,-0.030019262805581,1.36226081848145,-0.0469187274575233,-0.0861754417419433,0.744088590145111,0.660836279392242
-0.539225339889526,-0.030019262805581,1.36226081848145,-0.0469187274575233,-0.0861754417419433,0.744088590145111,0.660836279392242
-0.539239704608917,-0.0299122594296932,1.36231696605682,-0.0463332198560237,-0.0859108418226242,0.744503498077393,0.660444736480713
-0.53919929265976,-0.0298119690269231,1.36228537559509,-0.0461838543415069,-0.0856460258364677,0.744862735271454,0.660084426403046
-0.539214849472046,-0.02981330268085,1.36212873458862,-0.0466420799493789,-0.0849440544843673,0.745373427867889,0.659566164016724
-0.539214849472046,-0.02981330268085,1.36212873458862,-0.0466420799493789,-0.0849440544843673,0.745373427867889,0.659566164016724
-0.538686275482178,-0.0295001845806837,1.36207568645477,-0.0458349883556366,-0.0839104950428009,0.746931970119476,0.657989919185638
-0.539165556430817,-0.0297153461724519,1.36203324794769,-0.0463087931275367,-0.0838930830359458,0.745957374572754,0.659063875675201
-0.538555681705475,-0.0294239427894353,1.3619704246521,-0.0456927753984928,-0.0831269696354866,0.747439920902252,0.65752238035202
-0.539152979850769,-0.0296003017574548,1.36194133758545,-0.0462724603712558,-0.0831301510334014,0.746193766593933,0.658895373344421
-0.539319634437561,-0.0293902661651372,1.36179113388062,-0.0460073351860046,-0.0831786841154098,0.74590528011322,0.659234523773193
-0.538993895053864,-0.0294503085315227,1.36187744140625,-0.0460121184587478,-0.0824070647358894,0.746591031551361,0.658554375171661
-0.538618206977844,-0.0290913265198469,1.36174130439758,-0.045159138739109,-0.0820452868938446,0.747441112995148,0.657693803310394
-0.539083361625671,-0.0292134843766689,1.36171197891235,-0.0457058809697628,-0.0819597542285919,0.746339499950409,0.658916652202606
-0.538411438465118,-0.0290051642805337,1.36168777942657,-0.0449338220059871,-0.0811748504638671,0.747731804847717,0.657486617565155
-0.538853526115417,-0.0290803201496601,1.36166036128998,-0.0453593730926513,-0.0811061263084411,0.746641278266907,0.658704340457916
-0.538795411586761,-0.0289328675717115,1.36161732673645,-0.0451660901308059,-0.0807588621973991,0.746627688407898,0.658775448799133
-0.538138508796692,-0.0287873074412345,1.36161458492279,-0.0443705581128597,-0.0796726197004318,0.74791556596756,0.657499670982361
-0.538090407848358,-0.0288277491927146,1.36162614822388,-0.044080726802349,-0.0793953463435173,0.748349070549011,0.657059371471405
-0.537879109382629,-0.0290866326540708,1.36161673069,-0.0443640574812889,-0.0782537311315536,0.747729539871216,0.657882034778595
-0.537600755691528,-0.0291050598025321,1.36163651943207,-0.0437499098479747,-0.0778119787573814,0.749492943286896,0.655966281890869
-0.537554383277893,-0.0291211940348148,1.36161816120148,-0.0440117046236991,-0.0769783928990364,0.747331917285919,0.658507764339447
-0.537235617637634,-0.029305750504136,1.36176216602325,-0.0441535823047161,-0.0760234594345092,0.747566699981689,0.658342719078064
-0.537272095680237,-0.0292841494083404,1.3617240190506,-0.043263766914606,-0.076051227748394,0.746833205223083,0.659230470657349
-0.537077903747559,-0.0293644163757562,1.36173117160797,-0.0429772958159446,-0.0755130648612976,0.746901452541351,0.659233629703522
-0.536548137664795,-0.0294040255248546,1.3617228269577,-0.0423626750707626,-0.0747283995151519,0.747466325759888,0.658722400665283
-0.536548137664795,-0.0294040255248546,1.3617228269577,-0.0423626750707626,-0.0747283995151519,0.747466325759888,0.658722400665283
-0.535830974578857,-0.0297372005879879,1.36198997497559,-0.0413964465260505,-0.073882520198822,0.74734753370285,0.659014105796814
-0.53571093082428,-0.0299957487732172,1.36190021038055,-0.0414889976382255,-0.0729842409491539,0.747371017932892,0.659081697463989
-0.535481154918671,-0.0301502775400877,1.36188447475433,-0.0410072468221187,-0.0724318623542785,0.747336089611053,0.659212350845337
-0.535455167293549,-0.0302716828882694,1.36177480220795,-0.0404608435928821,-0.0724000632762909,0.746690690517426,0.659980654716492
-0.535441756248474,-0.0306175984442234,1.36175632476807,-0.0403295457363128,-0.0721549987792968,0.748027265071869,0.65850031375885
-0.535000562667847,-0.0306189432740211,1.36197924613953,-0.0391409695148468,-0.0719277784228324,0.746009290218353,0.660881698131561
-0.534989058971405,-0.031105238944292,1.36170864105225,-0.0400519035756588,-0.0709078609943389,0.748108208179474,0.658560633659363
-0.534579753875732,-0.0312849730253219,1.36188149452209,-0.0388948358595371,-0.0707664340734481,0.746049344539642,0.660976469516754
-0.534579753875732,-0.0312849730253219,1.36188149452209,-0.0388948358595371,-0.0707664340734481,0.746049344539642,0.660976469516754
-0.534269273281097,-0.0319440513849258,1.36182975769043,-0.0383226238191127,-0.070189282298088,0.747177541255951,0.659795939922333
-0.534007668495178,-0.0323560275137424,1.36177480220795,-0.0385885834693908,-0.0691450610756874,0.74720311164856,0.659861743450165
-0.533740818500519,-0.032712735235691,1.36199855804443,-0.0376999005675315,-0.0695534795522689,0.746861040592194,0.660257339477539
-0.533500134944916,-0.0330916196107864,1.36205530166626,-0.0372409708797931,-0.0692273154854774,0.746912181377411,0.66025972366333
-0.533123195171356,-0.0334186442196369,1.3620400428772,-0.0363925099372863,-0.0687431097030639,0.746389389038086,0.66094845533371
-0.532960653305054,-0.0337760299444198,1.36212396621704,-0.0356428660452365,-0.0688729509711265,0.747127950191498,0.660140931606293
-0.532868087291718,-0.0347616374492645,1.36229717731476,-0.0353984721004962,-0.0682647377252578,0.746405780315399,0.661033511161804
-0.532754600048065,-0.0351358950138092,1.36202704906464,-0.0343446880578994,-0.0679175555706024,0.746050894260406,0.661525428295135
-0.532127916812897,-0.034995324909687,1.36207103729248,-0.0329955369234085,-0.0677817240357399,0.745246708393097,0.662513792514801
-0.532127916812897,-0.034995324909687,1.36207103729248,-0.0329955369234085,-0.0677817240357399,0.745246708393097,0.662513792514801
-0.531541705131531,-0.035907506942749,1.3621621131897,-0.0318558774888515,-0.0675526559352874,0.745550930500031,0.662250578403473
-0.53121292591095,-0.0362951681017875,1.36231434345245,-0.0307505633682012,-0.0677944868803024,0.745112180709839,0.662771582603455
-0.531195342540741,-0.0374585017561912,1.36236906051636,-0.0309766083955764,-0.0671254843473434,0.744636118412018,0.663363933563232
-0.530914843082428,-0.0380162298679351,1.36244642734528,-0.0303754433989524,-0.0670058280229568,0.744564175605774,0.663484573364258
-0.530542016029358,-0.0386712066829204,1.36270594596863,-0.030698612332344,-0.0669861659407615,0.744818925857544,0.663185715675354
-0.530270397663116,-0.0392977893352508,1.362708568573,-0.0304237604141235,-0.0667420923709869,0.745069026947021,0.662942051887512
-0.529858469963074,-0.0393694229423999,1.36252558231354,-0.0284372959285974,-0.0670265555381774,0.745368659496307,0.662664473056793
-0.529543817043304,-0.0399741642177104,1.3626891374588,-0.0274168532341718,-0.0672918707132339,0.745233118534088,0.662833154201508
-0.529428780078888,-0.0411252528429031,1.36285769939423,-0.0271498598158359,-0.067141555249691,0.744759440422058,0.663391470909119
-0.529117703437805,-0.0418202690780162,1.36296832561493,-0.0262916162610054,-0.0671430006623268,0.744886875152588,0.663282990455627
-0.528766512870789,-0.0426007732748985,1.36293280124664,-0.0258373599499464,-0.0670774430036544,0.7450812458992,0.663088977336884
-0.52851140499115,-0.0433003306388855,1.36303496360779,-0.0250497758388519,-0.0670795887708664,0.745180130004883,0.663007855415344
-0.528152227401733,-0.0440678559243679,1.3629606962204,-0.0249817762523889,-0.0663804188370704,0.745100736618042,0.663170099258423
-0.52776712179184,-0.0444018468260765,1.36325204372406,-0.0224092621356248,-0.0677738711237907,0.746577024459839,0.661458492279053
-0.527356505393982,-0.0452982671558856,1.36326229572296,-0.0223596487194299,-0.0672440156340599,0.745992600917816,0.662173211574554
-0.527198433876038,-0.0464699827134609,1.36357760429382,-0.0213010087609291,-0.0679828524589538,0.746470034122467,0.661594271659851
-0.526719152927399,-0.0469739846885204,1.36363387107849,-0.0202037766575813,-0.0679027214646339,0.746548652648926,0.661548316478729
-0.526497185230255,-0.0481085591018199,1.3637775182724,-0.01947115175426,-0.067985288798809,0.746412038803101,0.661715924739838
-0.526133835315704,-0.0489488840103149,1.36391305923462,-0.0184016432613134,-0.0680466741323471,0.746553182601929,0.661581099033356
-0.525659382343292,-0.0494922399520874,1.36390900611877,-0.0175944212824106,-0.0680615901947021,0.746944963932037,0.661159157752991
-0.525425493717194,-0.0507169365882873,1.36416685581207,-0.0164551492780447,-0.0686895996332168,0.74702125787735,0.66103732585907
-0.525272369384766,-0.0517088733613491,1.36425614356995,-0.0151670901104807,-0.0695869177579879,0.748530209064484,0.659264981746674
-0.524706482887268,-0.0525902658700943,1.36422967910767,-0.0144695648923516,-0.069091759622097,0.747300505638123,0.660726130008698
-0.524324595928192,-0.0532408691942691,1.36439990997314,-0.0125596169382333,-0.0700346380472183,0.748520731925964,0.659283101558685
-0.523895263671875,-0.0541209504008293,1.36446678638458,-0.0116748940199613,-0.0702129229903221,0.748451113700867,0.659359395503998
-0.523715019226074,-0.0554167702794075,1.36453223228455,-0.0110063748434185,-0.0704031512141227,0.748386383056641,0.659424006938934
-0.52334451675415,-0.0563749149441719,1.36470711231232,-0.0097678555175662,-0.0710260570049285,0.749177694320679,0.658477485179901
-0.522929787635803,-0.0573332831263542,1.36476111412048,-0.0086471773684024,-0.0711362436413765,0.748895347118378,0.658802509307861
-0.522584199905396,-0.0583383105695247,1.36478054523468,-0.0074882279150187,-0.0717239677906036,0.749276220798492,0.658319652080536
-0.522254526615143,-0.0594138763844966,1.3649001121521,-0.0060976194217801,-0.072564035654068,0.750290215015411,0.657085835933685
-0.521653950214386,-0.0601811222732067,1.36502587795258,-0.0055313445627689,-0.0730019137263298,0.750403940677643,0.656912684440613
-0.521507561206818,-0.0614684745669364,1.36489939689636,-0.003796087577939,-0.0734308660030365,0.750347018241882,0.656942069530487
-0.521149277687073,-0.0626165717840194,1.36501085758209,-0.0028302608989179,-0.0741263777017593,0.750587284564972,0.656594336032867
-0.520650565624237,-0.0633454099297523,1.3648853302002,-0.0014126750174909,-0.074601799249649,0.751476645469666,0.655526995658875
-0.520540595054626,-0.0648670345544815,1.36497521400452,-0.0001121496170526,-0.0753730461001396,0.751953125,0.654893338680267
-0.51995849609375,-0.0656031146645546,1.36497259140015,0.0011227839859202,-0.075723297894001,0.752188920974731,0.654581308364868
-0.519640624523163,-0.0671162828803062,1.36526775360107,0.0012842192081734,-0.0765488445758819,0.752554297447205,0.654064774513245
-0.519196271896362,-0.0682361349463462,1.36514174938202,0.0018247941043227,-0.0763343274593353,0.752878308296204,0.653715550899506
-0.519050717353821,-0.06938998401165,1.3650815486908,0.0047085648402571,-0.0775641202926635,0.753374099731445,0.652984857559204
-0.518459260463715,-0.0702811032533645,1.36530089378357,0.005255312193185,-0.0782454535365104,0.754388868808746,0.651726543903351
-0.518247663974762,-0.0712623447179794,1.36509799957275,0.0079602422192692,-0.0792498663067817,0.755388021469116,0.650419116020203
-0.518058896064758,-0.072962075471878,1.36514604091644,0.0083817578852176,-0.0793923288583755,0.75492262840271,0.650936663150787
-0.517446160316467,-0.0739434361457824,1.36512732505798,0.0085478732362389,-0.0799100399017334,0.755918920040131,0.649713814258575
-0.517292737960815,-0.0755630061030387,1.3653427362442,0.0102547276765108,-0.0813495889306068,0.756434559822083,0.6489098072052
-0.516923546791077,-0.0762408375740051,1.36513924598694,0.012951879762113,-0.0819903388619422,0.757766544818878,0.647224605083466
-0.516528129577637,-0.0777394101023674,1.36538934707642,0.0131402043625712,-0.0828767269849777,0.758460462093353,0.64629453420639
-0.516189336776733,-0.078850045800209,1.36538195610046,0.0148116378113627,-0.0838982686400413,0.759510517120361,0.644891917705536
-0.516189336776733,-0.078850045800209,1.36538195610046,0.0148116378113627,-0.0838982686400413,0.759510517120361,0.644891917705536
-0.515663862228394,-0.081718124449253,1.36547040939331,0.017456779256463,-0.0857316479086875,0.760909736156464,0.642932295799255
-0.515276670455933,-0.0828192979097366,1.36544787883759,0.019075971096754,-0.0867611467838287,0.762157082557678,0.64126843214035
-0.515002012252808,-0.0841869786381721,1.36550116539001,0.0205059014260768,-0.0875755250453949,0.762992441654205,0.640119314193726
-0.514761388301849,-0.085524246096611,1.36562693119049,0.0222537238150835,-0.0890554040670394,0.764436483383179,0.638130784034729
-0.514761388301849,-0.085524246096611,1.36562693119049,0.0222537238150835,-0.0890554040670394,0.764436483383179,0.638130784034729
-0.514143288135529,-0.0881583169102668,1.36560606956482,0.02487513422966,-0.0905592963099479,0.766006588935852,0.63593578338623
-0.513947010040283,-0.0894024148583412,1.36542630195618,0.0274240374565124,-0.0915789157152175,0.766812562942505,0.63471245765686
-0.513425290584564,-0.0907438024878501,1.36572456359863,0.0278886221349239,-0.0926788449287414,0.768039345741272,0.633046984672546
-0.513150990009308,-0.0921681597828865,1.36573243141174,0.0294253006577491,-0.0935710445046424,0.76930695772171,0.631304562091827
-0.512890338897705,-0.0933871418237686,1.36551606655121,0.0318007096648216,-0.0945727452635765,0.770179212093353,0.629975080490112
-0.512527525424957,-0.0948461815714836,1.3657523393631,0.0321881473064422,-0.0956775397062301,0.771270573139191,0.628451585769653
-0.512296676635742,-0.0961353629827499,1.36559104919434,0.0347242876887321,-0.0965836718678474,0.772441506385803,0.626737594604492
-0.511898756027222,-0.0974564999341964,1.36573040485382,0.0364671796560287,-0.0977293476462364,0.773369312286377,0.625315129756927
-0.511462032794952,-0.099038228392601,1.3658322095871,0.0365702286362648,-0.0990803390741348,0.775415122509003,0.622557044029236
-0.511099636554718,-0.100390084087849,1.36585414409637,0.0380962751805782,-0.0997945144772529,0.776221215724945,0.621345639228821
-0.510816693305969,-0.10161617398262,1.36545181274414,0.0395331382751464,-0.0999259799718856,0.777069687843323,0.620173037052155
-0.510393261909485,-0.103015229105949,1.36575174331665,0.041569285094738,-0.101669616997242,0.778563797473907,0.617878496646881
-0.509994208812714,-0.104286089539528,1.3656553030014,0.0436907485127449,-0.102673307061195,0.779758155345917,0.616057276725769
-0.509564995765686,-0.105714187026024,1.36564946174622,0.0453525744378566,-0.103431917726994,0.781050145626068,0.614170670509338
-0.508969724178314,-0.1071622595191,1.36592543125153,0.046528160572052,-0.104749292135239,0.781953752040863,0.61270797252655
-0.508615493774414,-0.108358986675739,1.36566436290741,0.0489788427948951,-0.10544092208147,0.782973408699036,0.611094176769257
-0.508001804351807,-0.109855279326439,1.36579859256744,0.0494484305381774,-0.10602030903101,0.784764230251312,0.608653903007507
-0.507599711418152,-0.111259266734123,1.36566174030304,0.0522038266062736,-0.106607601046562,0.786429464817047,0.606166899204254
-0.507256686687469,-0.112582519650459,1.3655651807785,0.0537320226430892,-0.107562564313412,0.786564588546753,0.605689287185669
-0.506753087043762,-0.114016473293304,1.36554896831512,0.0555416867136955,-0.108208864927292,0.787833631038666,0.603758573532104
-0.506074965000153,-0.115547940135002,1.36555123329163,0.0577168650925159,-0.108937107026577,0.789869368076324,0.600756168365479
-0.505704998970032,-0.116788320243359,1.36556768417358,0.0592855960130691,-0.110077157616615,0.789985120296478,0.600243210792542
-0.505268514156342,-0.118189856410026,1.36552715301514,0.0605850517749786,-0.110492795705795,0.791325211524963,0.598268628120422
-0.504416048526764,-0.119579836726189,1.3655309677124,0.0627126917243003,-0.110614411532879,0.793184101581573,0.595559120178223
-0.504161596298218,-0.120882175862789,1.36554276943207,0.0637437030673027,-0.112294070422649,0.793632209300995,0.594537556171417
-0.503379106521606,-0.122294083237648,1.36557078361511,0.0660384967923164,-0.112802661955357,0.795018553733826,0.592334449291229
-0.503064274787903,-0.123533234000206,1.3654899597168,0.0672700181603431,-0.11295947432518,0.796384751796722,0.590327322483063
-0.502674460411072,-0.125018253922462,1.36553514003754,0.0685391575098037,-0.114422604441643,0.797528982162476,0.588351488113403
-0.502140760421753,-0.126269668340683,1.36549949645996,0.0699558779597282,-0.115438252687454,0.798512041568756,0.586650371551514
-0.501561164855957,-0.127402693033218,1.36546874046326,0.0712124481797218,-0.115858107805252,0.799499034881592,0.585070013999939
-0.501128077507019,-0.128580421209335,1.36537635326385,0.0729658529162406,-0.116029620170593,0.800320148468018,0.583695888519287
-0.500589370727539,-0.129812031984329,1.36543023586273,0.0739436969161033,-0.116600684821606,0.801158964633942,0.582306683063507
-0.500073850154877,-0.130895957350731,1.36539804935455,0.0753331035375595,-0.117302253842354,0.802183628082275,0.580574572086334
-0.499597728252411,-0.131926670670509,1.36513805389404,0.0765731409192085,-0.117503575980663,0.803087115287781,0.579120576381683
-0.499110668897629,-0.133074015378952,1.36506700515747,0.0777515992522239,-0.117570161819458,0.803755164146423,0.578022181987762
-0.498668313026428,-0.13419945538044,1.36502254009247,0.0791656970977783,-0.118551723659039,0.805128753185272,0.575713634490967
-0.498283296823502,-0.135274291038513,1.36527192592621,0.0817479267716407,-0.119967505335808,0.805823802947998,0.574084579944611
-0.497784227132797,-0.136297047138214,1.36522221565247,0.0829670652747154,-0.120628193020821,0.806822061538696,0.57236659526825
-0.497418999671936,-0.137385278940201,1.36513447761536,0.0836347118020057,-0.120657652616501,0.80797952413559,0.570627868175507
-0.496961414813995,-0.138331860303879,1.365105509758,0.0846447721123695,-0.121484950184822,0.808851182460785,0.569066345691681
-0.496363580226898,-0.139156505465508,1.36493134498596,0.0854189470410347,-0.121712453663349,0.809794545173645,0.567558467388153
-0.496130168437958,-0.139990866184235,1.36503899097443,0.0867754593491554,-0.122819237411022,0.810426592826843,0.566210389137268
-0.496130168437958,-0.139990866184235,1.36503899097443,0.0867754593491554,-0.122819237411022,0.810426592826843,0.566210389137268
-0.49527034163475,-0.141760602593422,1.3650062084198,0.0886662378907203,-0.123641274869442,0.81181663274765,0.563741981983185
-0.494831115007401,-0.142528802156448,1.36500442028046,0.0895756185054779,-0.124171406030655,0.81259298324585,0.562361419200897
-0.494419783353805,-0.143284872174263,1.36493360996246,0.0904830396175384,-0.124711401760578,0.813178181648254,0.561249613761902
-0.494041234254837,-0.144010588526726,1.36487948894501,0.0912021920084953,-0.125092655420303,0.813837110996246,0.560092151165009
-0.494041234254837,-0.144010588526726,1.36487948894501,0.0912021920084953,-0.125092655420303,0.813837110996246,0.560092151165009
-0.493282437324524,-0.145350366830826,1.36474251747131,0.0925514921545982,-0.12519471347332,0.814977169036865,0.558187007904053
-0.493016600608826,-0.146108582615852,1.36467671394348,0.0930622220039367,-0.12568087875843,0.815394520759583,0.557382822036743
-0.492567360401154,-0.146729469299316,1.36472713947296,0.0946536362171173,-0.12630395591259,0.816141486167908,0.555878698825836
-0.492324441671371,-0.147456228733063,1.3646754026413,0.095075786113739,-0.126469686627388,0.816411733627319,0.555371940135956
-0.492080926895142,-0.147953182458878,1.36460971832275,0.0956439599394798,-0.126981258392334,0.816830396652222,0.5545414686203
-0.491742759943008,-0.148580312728882,1.36458814144135,0.0963572859764099,-0.1275954246521,0.817518651485443,0.553261160850525
-0.49108475446701,-0.148754298686981,1.36426770687103,0.0964942649006843,-0.13031068444252,0.818100094795227,0.551742970943451
-0.49108475446701,-0.148754298686981,1.36426770687103,0.0964942649006843,-0.13031068444252,0.818100094795227,0.551742970943451
-0.490420043468475,-0.149632483720779,1.36412692070007,0.0975194871425628,-0.13123320043087,0.819130122661591,0.549812614917755
-0.490178942680359,-0.1501205265522,1.36410677433014,0.0982427299022674,-0.131563246250153,0.819506645202637,0.54904317855835
-0.489877223968506,-0.150625988841057,1.36404740810394,0.0986114516854286,-0.131625115871429,0.819889843463898,0.548389732837677
-0.489732623100281,-0.150834769010544,1.36385202407837,0.0985219851136207,-0.132057458162308,0.819949567317963,0.54821252822876
-0.489459156990051,-0.15132737159729,1.36379873752594,0.0990548208355903,-0.132251873612404,0.82017320394516,0.547734975814819
-0.489459156990051,-0.15132737159729,1.36379873752594,0.0990548208355903,-0.132251873612404,0.82017320394516,0.547734975814819
-0.488928824663162,-0.152147829532623,1.36376130580902,0.100549392402172,-0.133473083376884,0.820729672908783,0.54633104801178
-0.488928824663162,-0.152147829532623,1.36376130580902,0.100549392402172,-0.133473083376884,0.820729672908783,0.54633104801178
-0.488461792469025,-0.152739450335503,1.36357545852661,0.10118655115366,-0.134569421410561,0.820978105068207,0.54557079076767
-0.488578110933304,-0.153074368834495,1.36350452899933,0.101381540298462,-0.135315045714378,0.820545256137848,0.546001076698303
-0.488391071557999,-0.153417885303497,1.3634877204895,0.10194132477045,-0.135795414447784,0.820687711238861,0.545563280582428
-0.48812136054039,-0.153764799237251,1.36333405971527,0.102281652390957,-0.136566713452339,0.820854306221008,0.545056164264679
-0.4880031645298,-0.154002249240875,1.36336970329285,0.102595679461956,-0.136652618646622,0.820776224136353,0.545093297958374
-0.487807005643845,-0.154235348105431,1.36324524879456,0.10310173779726,-0.137046337127685,0.820868253707886,0.544760167598724
-0.487361162900925,-0.154434874653816,1.36321818828583,0.103527776896953,-0.137267976999283,0.821298360824585,0.543974816799164
-0.488099426031113,-0.154915168881416,1.36328053474426,0.103193931281567,-0.138415664434433,0.819653868675232,0.546223223209381
-0.48736909031868,-0.154955491423607,1.36319637298584,0.103640668094158,-0.138862505555153,0.820633709430695,0.544551312923431
-0.486849665641785,-0.155080407857895,1.36322736740112,0.104165457189083,-0.139092594385147,0.82123064994812,0.543491542339325
-0.486746340990066,-0.155243560671806,1.36321628093719,0.104335896670818,-0.139633700251579,0.821031093597412,0.543621599674225
-0.486626863479614,-0.155393019318581,1.36323606967926,0.104477062821388,-0.140044167637825,0.820827305316925,0.54379665851593
-0.486626863479614,-0.155393019318581,1.36323606967926,0.104477062821388,-0.140044167637825,0.820827305316925,0.54379665851593
-0.486354351043701,-0.155642285943031,1.36329877376556,0.10490994900465,-0.140899583697319,0.820272624492645,0.544329226016998
-0.486311227083206,-0.155783876776695,1.36339259147644,0.105313882231712,-0.141528695821762,0.819679975509644,0.544980227947235
-0.486168175935745,-0.155821725726128,1.36339497566223,0.105432003736496,-0.14193020761013,0.819197237491608,0.54557853937149
-0.486052304506302,-0.155892163515091,1.36345064640045,0.104686327278614,-0.142360046505928,0.818561851978302,0.546562790870667
-0.485853046178818,-0.155966311693192,1.36359000205994,0.105220839381218,-0.14320707321167,0.818245470523834,0.546712636947632
-0.485786527395248,-0.155971631407738,1.36364948749542,0.105165839195251,-0.143960997462273,0.817644715309143,0.547423660755157
-0.485786527395248,-0.155971631407738,1.36364948749542,0.105165839195251,-0.143960997462273,0.817644715309143,0.547423660755157
-0.486415684223175,-0.156314253807068,1.36385583877563,0.104521594941616,-0.145230546593666,0.814876198768616,0.551325917243958
-0.486330062150955,-0.156241685152054,1.36394047737122,0.104448720812798,-0.145627975463867,0.814572393894196,0.551683664321899
-0.485507279634476,-0.155788064002991,1.36398637294769,0.104822218418121,-0.145836934447289,0.815796315670013,0.549745738506317
-0.485507279634476,-0.155788064002991,1.36398637294769,0.104822218418121,-0.145836934447289,0.815796315670013,0.549745738506317
-0.485432654619217,-0.155314341187477,1.3642053604126,0.104191049933434,-0.146662399172783,0.815588057041168,0.549955129623413
-0.485432654619217,-0.155314341187477,1.3642053604126,0.104191049933434,-0.146662399172783,0.815588057041168,0.549955129623413
-0.485408842563629,-0.154721528291702,1.36438846588135,0.103172317147255,-0.146947994828224,0.81577855348587,0.549788236618042
-0.485507190227508,-0.154267892241478,1.36436569690704,0.102060183882713,-0.146665617823601,0.815785586833954,0.5500608086586
-0.485583186149597,-0.15384130179882,1.36454248428345,0.101741679012775,-0.146893084049225,0.815905213356018,0.54988169670105
-0.486416429281235,-0.153662383556366,1.36454033851624,0.100399188697338,-0.146877527236938,0.814614057540894,0.552042603492737
-0.486524879932404,-0.153080135583878,1.36460161209106,0.0993294119834899,-0.146531000733375,0.814885437488556,0.55192768573761
-0.485908836126328,-0.152065992355347,1.36469411849976,0.0989506244659423,-0.145845353603363,0.816705465316772,0.549481689929962
-0.486742824316025,-0.151818856596947,1.3647825717926,0.0968760848045349,-0.145544111728668,0.815710365772247,0.55140608549118
-0.486106306314468,-0.150627091526985,1.36485886573792,0.0965516269207,-0.144527539610863,0.817580938339233,0.548954546451569
-0.486593335866928,-0.150001883506775,1.36489224433899,0.0949086472392082,-0.144329383969307,0.817242205142975,0.549796938896179
-0.487225860357284,-0.149498581886292,1.36493015289307,0.0931576713919639,-0.143927812576294,0.816510140895844,0.551287114620209
-0.486627370119095,-0.148122504353523,1.36495065689087,0.0926274955272674,-0.1428252607584,0.818249046802521,0.549080729484558
-0.4875667989254,-0.147675469517708,1.36488044261932,0.0911192223429679,-0.14230015873909,0.816916286945343,0.551448702812195
-0.487784564495087,-0.146705344319344,1.36490952968597,0.0893401131033897,-0.141420692205429,0.817167639732361,0.551593720912933
-0.487206876277924,-0.145276337862015,1.36495316028595,0.0881221368908882,-0.140298321843147,0.818712115287781,0.549783229827881
-0.488203793764114,-0.144876167178154,1.36507165431976,0.0860461145639419,-0.139487877488136,0.817283689975739,0.55243706703186
-0.488399893045425,-0.143743395805359,1.36516535282135,0.0845909193158149,-0.138770684599876,0.817114949226379,0.553091585636139
-0.488587558269501,-0.142719954252243,1.36507880687714,0.0827207565307617,-0.137849345803261,0.817441642284393,0.553122222423553
-0.488624900579453,-0.141428723931313,1.36464178562164,0.0794033110141754,-0.135801419615745,0.817502915859222,0.554023683071136
-0.489063769578934,-0.140412077307701,1.36492908000946,0.0780592784285545,-0.135003060102463,0.817095041275024,0.555010676383972
-0.489258974790573,-0.139281868934631,1.36501002311707,0.0765568017959594,-0.134045854210853,0.817069351673126,0.555489361286163
-0.490018457174301,-0.138618856668472,1.36552882194519,0.0765507295727729,-0.13216657936573,0.81695544719696,0.556107699871063
