x,y,z,q0,q1,q2,q3
0.752835154533386,-0.194651156663895,0.888329088687897,-0.187033578753471,0.299146145582199,0.470674484968185,-0.808699905872345
0.753019332885742,-0.194851189851761,0.88836145401001,-0.187202826142311,0.299769550561905,0.470487743616104,-0.808538615703583
0.751108407974243,-0.194672629237175,0.888001799583435,-0.184847667813301,0.29468634724617,0.474509298801422,-0.808598875999451
0.751024723052979,-0.194501519203186,0.887925624847412,-0.184598177671432,0.294851243495941,0.475273460149765,-0.808146834373474
0.751024723052979,-0.194501519203186,0.887925624847412,-0.184598177671432,0.294851243495941,0.475273460149765,-0.808146834373474
0.751216769218445,-0.194493979215622,0.888090491294861,-0.184680536389351,0.294994413852692,0.476478159427643,-0.807366073131561
0.751066088676453,-0.194705843925476,0.887991607189178,-0.184579476714134,0.29493898153305,0.476872354745865,-0.80717670917511
0.751021802425385,-0.194724455475807,0.887982368469238,-0.184462994337082,0.294827997684479,0.477186739444733,-0.807058036327362
0.750894546508789,-0.194883331656456,0.887898325920105,-0.184210956096649,0.294755399227142,0.477131128311157,-0.807175040245056
0.750731706619263,-0.195010855793953,0.887910902500153,-0.184044227004051,0.294049113988876,0.477449327707291,-0.807282447814941
0.750804722309113,-0.194931477308273,0.887848556041718,-0.184336766600609,0.294365763664246,0.477850019931793,-0.806863129138947
0.750804722309113,-0.194931477308273,0.887848556041718,-0.184336766600609,0.294365763664246,0.477850019931793,-0.806863129138947
0.750497996807098,-0.194416731595993,0.887461543083191,-0.183550074696541,0.294435173273086,0.475480020046234,-0.808415770530701
0.75150066614151,-0.194951042532921,0.88815176486969,-0.184098601341248,0.295666545629501,0.476252913475037,-0.807385981082916
0.751388430595398,-0.194889664649963,0.888152301311493,-0.183780491352081,0.295236080884933,0.476594358682632,-0.807414472103119
0.75030654668808,-0.194601595401764,0.88778829574585,-0.18322941660881,0.292646139860153,0.479783594608307,-0.806593358516693
0.750243782997131,-0.194551795721054,0.8877934217453,-0.182974606752396,0.292353272438049,0.480010479688644,-0.806622505187988
0.750152885913849,-0.194502726197243,0.887794733047485,-0.182712331414223,0.291951447725296,0.480297535657883,-0.806656539440155
0.750837981700897,-0.194494724273682,0.888092756271362,-0.182699024677277,0.293277710676193,0.478395909070969,-0.807308316230774
0.750320672988892,-0.194514572620392,0.888032913208008,-0.181712225079536,0.291703701019287,0.47937536239624,-0.80752021074295
0.75030905008316,-0.194478958845138,0.888004541397095,-0.181445807218552,0.291740655899048,0.479623764753342,-0.807419300079346
0.750179350376129,-0.194382071495056,0.888006567955017,-0.181123614311218,0.291192531585693,0.479928553104401,-0.80750834941864
0.748058617115021,-0.193228542804718,0.88702929019928,-0.180087983608246,0.286648571491241,0.482387542724609,-0.807900488376617
0.749253690242767,-0.193571358919144,0.887860119342804,-0.180515468120575,0.287953853607178,0.482668340206146,-0.807172894477844
0.749305248260498,-0.193268671631813,0.887475728988647,-0.179826721549034,0.290131509304047,0.481338649988174,-0.807340741157532
0.749069571495056,-0.19313707947731,0.887469589710236,-0.179235488176346,0.289294898509979,0.481514722108841,-0.807667374610901
0.749069571495056,-0.19313707947731,0.887469589710236,-0.179235488176346,0.289294898509979,0.481514722108841,-0.807667374610901
0.749809622764587,-0.193113386631012,0.887714445590973,-0.179399430751801,0.290509521961212,0.479390680789948,-0.808458149433136
0.749809622764587,-0.193113386631012,0.887714445590973,-0.179399430751801,0.290509521961212,0.479390680789948,-0.808458149433136
0.747109830379486,-0.192037120461464,0.886576592922211,-0.17718617618084,0.28376892209053,0.482746988534927,-0.809342682361603
0.747230172157288,-0.191937580704689,0.887188196182251,-0.177083685994148,0.280794769525528,0.484953373670578,-0.80908340215683
0.74828827381134,-0.192418709397316,0.887691020965576,-0.178095996379852,0.284043997526169,0.485065102577209,-0.807658731937408
0.748192071914673,-0.192273378372192,0.887698352336884,-0.177778884768486,0.283438265323639,0.48520490527153,-0.807857394218445
0.747080266475677,-0.191588193178177,0.887219965457916,-0.176131084561348,0.279525339603424,0.485498875379562,-0.809403657913208
0.748024344444275,-0.192009493708611,0.887716710567474,-0.176888182759285,0.282124102115631,0.485511660575867,-0.80832850933075
0.747957944869995,-0.191803812980652,0.887691855430603,-0.176809996366501,0.281697362661362,0.48577070236206,-0.808338820934296
0.747864484786987,-0.191677406430244,0.887694597244263,-0.17642118036747,0.281135976314545,0.485853344202042,-0.808569490909576
0.747652947902679,-0.191566675901413,0.887784838676453,-0.175585404038429,0.279980301856995,0.486076980829239,-0.809017837047577
0.747627854347229,-0.191245213150978,0.887872040271759,-0.175320819020271,0.279304802417755,0.486468315124512,-0.809073507785797
0.747966885566711,-0.191320866346359,0.888111352920532,-0.174762368202209,0.2795130610466,0.484833985567093,-0.810102760791779
0.747790575027466,-0.191179424524307,0.888121664524078,-0.174269437789917,0.278476446866989,0.484961330890656,-0.810489654541016
0.746120095252991,-0.190374583005905,0.887356638908386,-0.172589793801308,0.274271935224533,0.485080718994141,-0.812209606170654
0.746148288249969,-0.190123245120048,0.887667059898376,-0.171543329954147,0.271592080593109,0.485262453556061,-0.813222587108612
0.746095776557922,-0.190145447850227,0.887621760368347,-0.171478733420372,0.272044807672501,0.485216557979584,-0.813112258911133
0.745827794075012,-0.189986199140549,0.88762629032135,-0.171008110046387,0.270834386348724,0.485131055116653,-0.81366628408432
0.745827794075012,-0.189986199140549,0.88762629032135,-0.171008110046387,0.270834386348724,0.485131055116653,-0.81366628408432
0.745733380317688,-0.189647004008293,0.887279510498047,-0.169837906956673,0.271692305803299,0.483770251274109,-0.814435243606567
0.747275292873383,-0.190154165029526,0.888164043426514,-0.17120349407196,0.274343878030777,0.484066396951675,-0.813083350658417
0.746938228607178,-0.190114110708237,0.888054609298706,-0.170295476913452,0.272730320692062,0.483855456113815,-0.813941955566406
0.746938228607178,-0.190114110708237,0.888054609298706,-0.170295476913452,0.272730320692062,0.483855456113815,-0.813941955566406
0.746065378189087,-0.189834535121918,0.887837290763855,-0.169336512684822,0.269806683063507,0.48620131611824,-0.813718497753143
0.746106266975403,-0.189757645130157,0.88784247636795,-0.168876275420189,0.269425630569458,0.486294865608215,-0.813884496688843
0.746214747428894,-0.189564436674118,0.887806057929993,-0.168382167816162,0.269460171461105,0.486276894807815,-0.81398618221283
0.746269166469574,-0.189544677734375,0.887787997722626,-0.16784393787384,0.269284665584564,0.486256718635559,-0.814167439937592
0.746944010257721,-0.18958480656147,0.888125896453857,-0.167386904358864,0.269798010587692,0.483951270580292,-0.815464198589325
0.74703174829483,-0.189438700675964,0.887729406356812,-0.166672021150589,0.271850645542145,0.482452005147934,-0.81581723690033
0.746918857097626,-0.18947260081768,0.887799799442291,-0.165832355618477,0.270794451236725,0.482438653707504,-0.816347301006317
0.746963679790497,-0.189418196678162,0.887838065624237,-0.165580838918686,0.270499467849731,0.482542604207992,-0.816434741020203
0.745777606964111,-0.188745528459549,0.887392401695251,-0.163847953081131,0.266109585762024,0.482777118682861,-0.818086624145508
0.747282207012177,-0.18918839097023,0.888057053089142,-0.165242180228233,0.269597381353378,0.483485490083694,-0.816243886947632
0.747483372688293,-0.189187079668045,0.888103246688843,-0.165177181363106,0.269900262355804,0.483634382486343,-0.816068708896637
0.747612059116364,-0.189402431249619,0.888354539871216,-0.165276497602463,0.268892735242844,0.484508335590362,-0.815862715244293
0.747732877731323,-0.189370840787887,0.888393878936768,-0.165208026766777,0.269003123044968,0.484621435403824,-0.815773010253906
0.747921168804169,-0.189343258738518,0.888420820236206,-0.165156617760658,0.26945686340332,0.48473197221756,-0.815568029880524
0.747921586036682,-0.189301565289497,0.888468861579895,-0.164880946278572,0.269151449203491,0.48492032289505,-0.81561267375946
0.748051643371582,-0.189225152134895,0.88860011100769,-0.164883017539978,0.268841475248337,0.48546427488327,-0.815390884876251
0.748151659965515,-0.18916517496109,0.888638436794281,-0.164824992418289,0.269046932458878,0.485585212707519,-0.815262854099274
0.747223913669586,-0.18900454044342,0.888462603092194,-0.164019733667374,0.266727298498154,0.488079935312271,-0.814697504043579
0.747365951538086,-0.188976734876633,0.888485550880432,-0.163920328021049,0.26711967587471,0.488255828619003,-0.81448358297348
0.747378468513489,-0.188927412033081,0.888542890548706,-0.163759216666222,0.266964435577393,0.488378554582596,-0.814493238925934
0.748537540435791,-0.189409613609314,0.888987004756927,-0.163713857531547,0.26917228102684,0.484819531440735,-0.815900802612305
0.747386157512665,-0.188804969191551,0.888671219348907,-0.163550600409508,0.266714483499527,0.488604694604874,-0.814481437206268
0.747399687767029,-0.18877124786377,0.888717889785767,-0.163428425788879,0.266668796539307,0.488734155893326,-0.814443230628967
0.747399687767029,-0.18877124786377,0.888717889785767,-0.163428425788879,0.266668796539307,0.488734155893326,-0.814443230628967
0.747625112533569,-0.188699945807457,0.888846933841705,-0.163557678461075,0.267588227987289,0.488916724920273,-0.814006090164185
0.747673511505127,-0.188655257225037,0.888890206813812,-0.163553088903427,0.267738044261932,0.489010661840439,-0.813901305198669
0.747713029384613,-0.188614428043365,0.888931751251221,-0.163500815629959,0.267885208129883,0.489059269428253,-0.813834130764008
0.747713029384613,-0.188614428043365,0.888931751251221,-0.163500815629959,0.267885208129883,0.489059269428253,-0.813834130764008
0.747706174850464,-0.188489556312561,0.888985931873322,-0.1633220911026,0.267907947301865,0.489217907190323,-0.813767194747925
0.747710347175598,-0.188439324498176,0.88902086019516,-0.163248121738434,0.267945498228073,0.48928764462471,-0.813727736473083
0.747770965099335,-0.188189640641212,0.889129459857941,-0.163321152329445,0.267782628536224,0.489654660224914,-0.813546001911163
0.746383249759674,-0.18744820356369,0.888648867607117,-0.161576375365257,0.263029247522354,0.489872932434082,-0.81531172990799
0.747021198272705,-0.187562808394432,0.888983488082886,-0.161217361688614,0.264026492834091,0.487552762031555,-0.816450357437134
0.74705958366394,-0.187512949109077,0.889021515846252,-0.161225408315659,0.264278411865234,0.487554550170898,-0.816366255283356
0.747062206268311,-0.187480330467224,0.889050722122192,-0.161195814609528,0.264349520206451,0.487611055374146,-0.816315352916718
0.747071743011475,-0.187439918518066,0.889073014259338,-0.161189705133438,0.264478057622909,0.487648844718933,-0.81625235080719
0.74708890914917,-0.187396809458733,0.889103412628174,-0.161202192306518,0.264652729034424,0.487686425447464,-0.816170752048492
0.747041463851929,-0.18752533197403,0.889049589633942,-0.161086574196815,0.265025734901428,0.48738306760788,-0.816253781318665
0.746524333953857,-0.187254190444946,0.888729751110077,-0.161793977022171,0.264696627855301,0.489937990903854,-0.814689636230469
0.746526181697845,-0.187221616506577,0.888750314712524,-0.161799445748329,0.264874905347824,0.489991426467896,-0.814598441123962
0.746474146842957,-0.18716037273407,0.888793647289276,-0.161680221557617,0.264855742454529,0.490100353956222,-0.814562797546387
0.746446132659912,-0.187130078673363,0.888827621936798,-0.161593303084373,0.264933228492737,0.490144371986389,-0.814528405666351
0.746446132659912,-0.187130078673363,0.888827621936798,-0.161593303084373,0.264933228492737,0.490144371986389,-0.814528405666351
0.747074484825134,-0.187220633029938,0.889239430427551,-0.161160811781883,0.266035139560699,0.487642526626587,-0.815755605697632
0.745997786521912,-0.18704816699028,0.888989210128784,-0.160573169589043,0.263768345117569,0.490392595529556,-0.81495875120163
0.745997786521912,-0.18704816699028,0.888989210128784,-0.160573169589043,0.263768345117569,0.490392595529556,-0.81495875120163
0.745697379112244,-0.18685682117939,0.889046549797058,-0.16044083237648,0.263302266597748,0.491060882806778,-0.81473308801651
0.745557427406311,-0.186815172433853,0.8890780210495,-0.160183012485504,0.263033598661423,0.491153120994568,-0.814814925193787
0.747700273990631,-0.187818944454193,0.889873683452606,-0.161554828286171,0.268924474716187,0.4875228703022,-0.814801275730133
0.747582197189331,-0.18776524066925,0.889875829219818,-0.161411628127098,0.268764048814774,0.487643033266068,-0.814810693264008
0.746430635452271,-0.187255278229713,0.889515280723572,-0.161258712410927,0.2667116522789,0.49125936627388,-0.813341677188873
0.745217382907867,-0.186601310968399,0.889082074165344,-0.15989875793457,0.263022512197495,0.491462469100952,-0.814687788486481
0.74564003944397,-0.186616897583008,0.889071583747864,-0.16022302210331,0.265092313289642,0.489241570234299,-0.815289676189423
0.747099757194519,-0.187196776270866,0.889786720275879,-0.161506310105324,0.268906980752945,0.489247977733612,-0.813781976699829
0.747104167938232,-0.18696454167366,0.889437198638916,-0.161177650094032,0.270887047052383,0.488392412662506,-0.813704431056976
0.747104167938232,-0.18696454167366,0.889437198638916,-0.161177650094032,0.270887047052383,0.488392412662506,-0.813704431056976
0.746897101402283,-0.186891198158264,0.889414548873901,-0.161138400435448,0.271105051040649,0.488473623991013,-0.81359076499939
0.745508790016174,-0.186801105737686,0.889339566230774,-0.160970658063888,0.266599863767624,0.492483168840408,-0.81269508600235
0.7441046833992,-0.186156034469604,0.8888338804245,-0.159418672323227,0.262307375669479,0.492812812328339,-0.814196586608887
0.74461168050766,-0.186289310455322,0.889089107513428,-0.159184828400612,0.26324862241745,0.490731060504913,-0.815195262432098
0.744502186775208,-0.186285108327866,0.889075756072998,-0.159174978733063,0.263269692659378,0.490840882062912,-0.815124332904816
0.743938565254211,-0.186368614435196,0.889042973518372,-0.158482894301414,0.262033075094223,0.491599231958389,-0.815200626850128
0.743811190128326,-0.186362937092781,0.889025032520294,-0.158462882041931,0.26200145483017,0.491693913936615,-0.815157532691956
0.745330333709717,-0.186921760439873,0.889493823051453,-0.160511687397957,0.267318338155746,0.491086572408676,-0.813394606113434
0.745165050029755,-0.186899468302727,0.889458358287811,-0.160442501306534,0.267261624336243,0.491211861371994,-0.813351273536682
0.745009541511536,-0.186895251274109,0.889471530914307,-0.160447880625725,0.267144322395325,0.491367042064667,-0.813295066356659
0.744618892669678,-0.18696004152298,0.889325797557831,-0.160343557596207,0.266730308532715,0.492361634969711,-0.812849879264832
0.744478344917297,-0.18697427213192,0.889341056346893,-0.16046804189682,0.266996800899506,0.492646306753159,-0.812565267086029
0.744386255741119,-0.187036484479904,0.88932740688324,-0.160486131906509,0.267200589179993,0.49280521273613,-0.812398374080658
0.744507253170013,-0.187033832073212,0.889371871948242,-0.160636097192764,0.267748028039932,0.492414474487305,-0.812425374984741
0.74444055557251,-0.187100037932396,0.889340221881866,-0.160749360918999,0.268290966749191,0.492552995681763,-0.812139868736267
0.744324207305908,-0.18714839220047,0.889307975769043,-0.160749986767769,0.268252849578857,0.492736786603928,-0.81204080581665
0.743281602859497,-0.186917245388031,0.888915657997131,-0.160811111330986,0.266548842191696,0.495991438627243,-0.810607194900513
0.744070589542389,-0.187475472688675,0.889301955699921,-0.160360559821129,0.267998576164246,0.492631167173386,-0.812265872955322
0.743595838546753,-0.187149614095688,0.889142632484436,-0.160321325063705,0.267172694206238,0.494164139032364,-0.811614215373993
0.742038428783417,-0.186367750167847,0.888673484325409,-0.158270731568336,0.26115807890892,0.494657337665558,-0.813671290874481
0.742684483528137,-0.18710321187973,0.888734817504883,-0.160546317696571,0.265985131263733,0.49706768989563,-0.810185492038727
0.742024540901184,-0.186885491013527,0.888732254505157,-0.15792553126812,0.261345654726028,0.493884265422821,-0.814147651195526
0.743280529975891,-0.187735095620155,0.889120399951935,-0.159859865903854,0.266963750123978,0.493871986865997,-0.811951756477356
0.743280529975891,-0.187735095620155,0.889120399951935,-0.159859865903854,0.266963750123978,0.493871986865997,-0.811951756477356
0.743453860282898,-0.187646001577377,0.888927340507507,-0.161391511559486,0.268478900194168,0.494594246149063,-0.810708582401276
0.741614460945129,-0.187016889452934,0.888177275657654,-0.159853294491768,0.26398754119873,0.494922190904617,-0.812286615371704
0.743113398551941,-0.187716782093048,0.888893723487854,-0.161353841423988,0.267958730459213,0.494961261749268,-0.810664176940918
0.740473747253418,-0.18726073205471,0.888226091861725,-0.158171832561493,0.261018425226211,0.496222645044327,-0.812781751155853
0.742888569831848,-0.187796518206596,0.888850092887878,-0.161604091525078,0.267983675003052,0.495476543903351,-0.810291230678558
0.742846369743347,-0.18788655102253,0.888838827610016,-0.161767065525055,0.268232494592667,0.495592713356018,-0.810105323791504
0.741657733917236,-0.187360987067223,0.888343572616577,-0.160863474011421,0.265124261379242,0.495989173650742,-0.811065196990967
0.742606282234192,-0.188069880008698,0.888794302940369,-0.162191778421402,0.268709450960159,0.49597579240799,-0.809627711772919
0.741816997528076,-0.188130751252174,0.888847470283508,-0.160749584436417,0.266524374485016,0.496769607067108,-0.810150802135468
0.741744697093964,-0.18827474117279,0.888838171958923,-0.160666868090629,0.266665816307068,0.496779829263687,-0.81011438369751
0.74168848991394,-0.188489317893982,0.888867557048798,-0.160575732588768,0.266690105199814,0.49652311205864,-0.810281872749329
0.740855932235718,-0.187988236546516,0.888181090354919,-0.160607814788818,0.267153114080429,0.4988993704319,-0.808661758899689
0.741615414619446,-0.18866565823555,0.888610005378723,-0.159995570778847,0.268418550491333,0.495424151420593,-0.810498476028442
0.741574645042419,-0.188854962587357,0.88861757516861,-0.16001358628273,0.268584787845612,0.495437324047089,-0.810431838035583
0.740946531295776,-0.18870934844017,0.888386726379395,-0.160275012254715,0.267561048269272,0.497612655162811,-0.809385359287262
0.741103231906891,-0.188835769891739,0.888421952724457,-0.160516619682312,0.268162935972214,0.497126221656799,-0.809437215328217
0.740827023983002,-0.188839599490166,0.888447105884552,-0.160060033202171,0.267239183187485,0.497378081083298,-0.809678375720978
0.739438533782959,-0.189114436507225,0.888374149799347,-0.159771829843521,0.262261003255844,0.501023352146149,-0.809115469455719
0.73970490694046,-0.189438000321388,0.888435781002045,-0.16019931435585,0.263903260231018,0.500520408153534,-0.808808088302612
0.739383518695831,-0.189603224396706,0.888376295566559,-0.159854739904404,0.262904584407806,0.500768184661865,-0.809048116207123
0.739163339138031,-0.189853549003601,0.888408243656158,-0.159415379166603,0.262609899044037,0.500741183757782,-0.809247195720673
0.739473581314087,-0.190227150917053,0.888548314571381,-0.159393697977066,0.263554275035858,0.49939352273941,-0.809777021408081
0.73824667930603,-0.1898013651371,0.888057470321655,-0.158283859491348,0.260363131761551,0.500237226486206,-0.810505986213684
0.738954901695251,-0.190441578626633,0.888265252113342,-0.160131290555,0.264403969049454,0.50189608335495,-0.807804942131042
0.738708019256592,-0.190563499927521,0.888253033161163,-0.160194829106331,0.264249235391617,0.502193927764893,-0.807657837867737
0.739431202411652,-0.190997928380966,0.888610541820526,-0.160005167126655,0.265856862068176,0.499322086572647,-0.808947443962097
0.739431202411652,-0.190997928380966,0.888610541820526,-0.160005167126655,0.265856862068176,0.499322086572647,-0.808947443962097
0.737375974655151,-0.190764635801315,0.887794852256775,-0.15860378742218,0.262325286865234,0.499459385871887,-0.810290396213531
0.737216472625732,-0.190896347165108,0.887788891792297,-0.158538356423378,0.262357652187347,0.499518007040024,-0.810256600379944
0.736520707607269,-0.191135764122009,0.887730777263641,-0.157729715108871,0.260869592428207,0.500434279441833,-0.810329496860504
0.736361622810364,-0.191216886043549,0.887712121009827,-0.157655119895935,0.260745286941528,0.500553250312805,-0.81031060218811
0.736402273178101,-0.191241919994354,0.887703239917755,-0.157702401280403,0.261188507080078,0.499849081039429,-0.81059318780899
0.735895216464996,-0.191315829753876,0.887518286705017,-0.157579228281975,0.260332226753235,0.500672161579132,-0.810384690761566
0.735743641853333,-0.191379025578499,0.88743793964386,-0.157548189163208,0.260199666023254,0.500800013542175,-0.810354351997375
0.735568046569824,-0.191386103630066,0.88735294342041,-0.157456338405609,0.259973526000977,0.501068472862244,-0.8102787733078
0.735708594322205,-0.191362798213959,0.88733434677124,-0.157651126384735,0.260452330112457,0.500610411167145,-0.810370266437531
0.735669195652008,-0.19137117266655,0.887250542640686,-0.157730385661125,0.260646045207977,0.500669360160828,-0.81025618314743
0.735193252563477,-0.191140279173851,0.887128949165344,-0.158014461398125,0.259297490119934,0.503308117389679,-0.808997631072998
0.735230326652527,-0.190988883376121,0.887141764163971,-0.158239886164665,0.259223908185959,0.503607571125031,-0.808790802955627
0.735202848911285,-0.190965846180916,0.887089490890503,-0.15837499499321,0.259328007698059,0.503649711608887,-0.808704733848572
0.735619068145752,-0.19116173684597,0.887270212173462,-0.158220380544662,0.260160386562347,0.501973807811737,-0.809509217739105
0.735675573348999,-0.191075891256332,0.887325048446655,-0.158178433775902,0.259665101766586,0.501971960067749,-0.809677600860596
0.735712349414825,-0.191066518425941,0.887311697006226,-0.158345177769661,0.259916245937347,0.501915335655212,-0.80959951877594
0.736023426055908,-0.190901696681976,0.887194573879242,-0.159444972872734,0.261183589696884,0.501980245113373,-0.808935284614563
0.735980629920959,-0.190867274999619,0.887174427509308,-0.159560143947601,0.26118329167366,0.501926958560944,-0.808945715427399
0.735949397087097,-0.190889194607735,0.887149512767792,-0.159627035260201,0.261202692985535,0.50190532207489,-0.808939695358276
0.736989557743073,-0.191759198904037,0.887439489364624,-0.161210373044014,0.266145795583725,0.501708149909973,-0.807134747505188
0.736952304840088,-0.191748201847076,0.887424945831299,-0.161246716976166,0.26608744263649,0.501692712306976,-0.807156324386597
0.736877202987671,-0.191737949848175,0.887425303459167,-0.161210492253304,0.26583594083786,0.501658976078033,-0.807267427444458
0.736818730831146,-0.191713690757751,0.88742458820343,-0.161189317703247,0.265688329935074,0.501657068729401,-0.807321488857269
0.736792683601379,-0.191716402769089,0.88740873336792,-0.161246880888939,0.265670984983444,0.501627743244171,-0.807333827018738
0.736436605453491,-0.19155403971672,0.887216925621033,-0.161579892039299,0.265229970216751,0.503003358840942,-0.806555986404419
0.736496388912201,-0.191574096679688,0.887212872505188,-0.161757230758667,0.265502691268921,0.502884209156036,-0.806505143642426
0.736549913883209,-0.191585272550583,0.887207269668579,-0.161952048540115,0.265771925449371,0.502742230892181,-0.806465864181519
0.736549913883209,-0.191585272550583,0.887207269668579,-0.161952048540115,0.265771925449371,0.502742230892181,-0.806465864181519
0.737439692020416,-0.191773727536201,0.887455463409424,-0.162223935127258,0.26737517118454,0.500261247158051,-0.807423412799835
0.737403869628906,-0.19168621301651,0.887105405330658,-0.162155821919441,0.269233167171478,0.498562544584274,-0.807870268821716
0.736934900283813,-0.19163104891777,0.887202382087708,-0.163120865821838,0.266740024089813,0.502091944217682,-0.806315720081329
0.738035440444946,-0.191765531897545,0.887480974197388,-0.163891345262527,0.269493967294693,0.499226331710815,-0.807022750377655
0.738199710845947,-0.1917724609375,0.887476325035095,-0.16428804397583,0.270118147134781,0.498958140611649,-0.806899309158325
0.737598657608032,-0.191621258854866,0.88716459274292,-0.164795771241188,0.269351631402969,0.501230239868164,-0.80564284324646
0.73698890209198,-0.191112846136093,0.8867506980896,-0.163766905665398,0.267627000808716,0.498521208763123,-0.808104455471039
0.737394392490387,-0.191060438752174,0.886709809303284,-0.164788395166397,0.269153863191605,0.498175173997879,-0.807602882385254
0.737613677978516,-0.191102683544159,0.886721849441528,-0.16525174677372,0.269962072372437,0.497780829668045,-0.807481646537781
0.737069129943848,-0.190935298800468,0.886486530303955,-0.165644481778145,0.269106924533844,0.499537140130997,-0.806601524353027
0.737352907657623,-0.190936639904976,0.886491358280182,-0.166221544146538,0.27014097571373,0.499114513397217,-0.806398689746857
0.738407492637634,-0.191102206707001,0.886765897274017,-0.16696409881115,0.272774398326874,0.496367663145065,-0.807054042816162
0.737650513648987,-0.190850660204887,0.886458218097687,-0.16717417538166,0.271534472703934,0.498808324337006,-0.805923104286194
0.738041877746582,-0.190887033939361,0.886683642864227,-0.167487472295761,0.271780073642731,0.498293459415436,-0.806093752384186
0.739397585391998,-0.191422313451767,0.887086570262909,-0.168114334344864,0.274970054626465,0.494237184524536,-0.807377636432648
0.739731073379517,-0.191541105508804,0.887143135070801,-0.168459668755531,0.276003539562225,0.493343859910965,-0.807499289512634
0.739811062812805,-0.191219657659531,0.886938571929932,-0.169525936245918,0.276988446712494,0.493933916091919,-0.806577742099762
0.739972591400146,-0.191245898604393,0.886918544769287,-0.169902250170708,0.277626484632492,0.493626922369003,-0.806467115879059
0.739312529563904,-0.191129237413406,0.886575996875763,-0.170154511928558,0.276615798473358,0.495830297470093,-0.805408835411072
0.739456355571747,-0.191167190670967,0.886540472507477,-0.170464858412743,0.277174025774002,0.495543986558914,-0.805327534675598
0.739696502685547,-0.191063791513443,0.8865727186203,-0.170917615294456,0.277639001607895,0.495533227920532,-0.805077970027924
0.739815771579742,-0.191121101379395,0.88653951883316,-0.171095967292786,0.277995556592941,0.495214998722076,-0.805112838745117
0.739778518676758,-0.191408574581146,0.886476039886475,-0.170767590403557,0.278127998113632,0.494486212730408,-0.805584669113159
0.73992133140564,-0.191467925906181,0.886436223983765,-0.170955419540405,0.278548270463943,0.494198083877563,-0.80557644367218
0.740019679069519,-0.191506534814835,0.88638699054718,-0.171145707368851,0.278788298368454,0.493995159864426,-0.805577397346497
0.740132033824921,-0.191562414169311,0.886353969573975,-0.171276435256004,0.279089778661728,0.493763893842697,-0.80558705329895
0.740093946456909,-0.191746845841408,0.886341214179993,-0.17134402692318,0.27871111035347,0.493581622838974,-0.805815398693085
0.740176320075989,-0.191814556717873,0.886317491531372,-0.171389684081077,0.278938382863998,0.493362933397293,-0.805861055850983
0.741443991661072,-0.192091852426529,0.886629104614258,-0.172120362520218,0.281967461109161,0.490098148584366,-0.806642830371857
0.741770327091217,-0.19203382730484,0.886585772037506,-0.172309726476669,0.283271074295044,0.489765912294388,-0.806347489356995
0.741770327091217,-0.19203382730484,0.886585772037506,-0.172309726476669,0.283271074295044,0.489765912294388,-0.806347489356995
0.741971254348755,-0.192136451601982,0.886612713336945,-0.172596916556358,0.283856272697449,0.489199101924896,-0.80642431974411
0.741462111473083,-0.191934049129486,0.886057734489441,-0.172160968184471,0.284719198942184,0.490141153335571,-0.805640876293182
0.741714239120483,-0.191981732845306,0.886071920394897,-0.172621920704842,0.28561270236969,0.489745706319809,-0.805466413497925
0.741629898548126,-0.192203611135483,0.886382520198822,-0.17305189371109,0.283735513687134,0.490466594696045,-0.805598974227905
0.741986215114594,-0.192031323909759,0.886129975318909,-0.173134252429008,0.286421835422516,0.488984972238541,-0.805531322956085
0.742159485816956,-0.192063689231873,0.886143147945404,-0.173459455370903,0.287090450525284,0.488639295101166,-0.805433094501495
0.742494583129883,-0.192177012562752,0.886189699172974,-0.173798009753227,0.288183093070984,0.487709850072861,-0.805533230304718
0.742716133594513,-0.192210167646408,0.886212468147278,-0.174130856990814,0.2889584004879,0.487296372652054,-0.805433809757233
0.743787169456482,-0.192393228411674,0.886540472507477,-0.174762666225433,0.291593730449677,0.484485000371933,-0.806043028831482
0.743787169456482,-0.192393228411674,0.886540472507477,-0.174762666225433,0.291593730449677,0.484485000371933,-0.806043028831482
0.744237184524536,-0.192460238933563,0.886574506759644,-0.175514250993729,0.293232858181,0.483611911535263,-0.805809378623962
0.744834661483765,-0.192537903785706,0.886995434761047,-0.176908314228058,0.293204337358475,0.484421342611313,-0.805028319358826
0.74385005235672,-0.192588865756988,0.88657408952713,-0.176499053835869,0.291713178157806,0.4858458340168,-0.804801464080811
0.744060218334198,-0.192588001489639,0.886619329452515,-0.176861748099327,0.292592316865921,0.485472589731216,-0.804627895355225
0.745480000972748,-0.193190917372703,0.88715672492981,-0.178814888000488,0.297364771366119,0.484828680753708,-0.802832841873169
0.746189773082733,-0.193357899785042,0.887389659881592,-0.179268091917038,0.299161821603775,0.482829451560974,-0.803268849849701
0.746394276618958,-0.193342998623848,0.887420892715454,-0.179689019918442,0.299888134002685,0.482466846704483,-0.80312180519104
0.746120452880859,-0.193133130669594,0.887218952178955,-0.180196300148964,0.299773842096329,0.483650028705597,-0.802338838577271
0.746296048164368,-0.193111062049866,0.887243151664734,-0.180532932281494,0.300341427326202,0.483307391405106,-0.802257359027863
0.746453106403351,-0.19304808974266,0.88725757598877,-0.180896729230881,0.300739228725433,0.482993990182877,-0.802215158939362
0.747635066509247,-0.193246454000473,0.887588262557983,-0.181482776999473,0.303781926631927,0.479562222957611,-0.802994787693024
0.747834444046021,-0.193205028772354,0.887588739395142,-0.181821554899216,0.304351717233658,0.479251980781555,-0.802887618541718
0.748321771621704,-0.192923918366432,0.887666940689087,-0.182756260037422,0.305335134267807,0.479495227336883,-0.802156388759613
0.748321771621704,-0.192923918366432,0.887666940689087,-0.182756260037422,0.305335134267807,0.479495227336883,-0.802156388759613
0.748670220375061,-0.192837655544281,0.887663781642914,-0.183413311839104,0.306162446737289,0.478944569826126,-0.802020072937012
0.746662974357605,-0.191979050636292,0.886735677719116,-0.181717604398727,0.300029546022415,0.481259196996689,-0.803337156772614
0.746716499328613,-0.191858321428299,0.886758923530579,-0.181857198476791,0.299918085336685,0.481047242879867,-0.803474128246307
0.746739864349365,-0.191889137029648,0.886842370033264,-0.181578814983368,0.299697488546371,0.480664521455765,-0.803848326206207
0.746852517127991,-0.191833570599556,0.886865973472595,-0.181761965155602,0.299895882606506,0.480460673570633,-0.803854763507843
0.748062372207642,-0.192520558834076,0.887408137321472,-0.183165013790131,0.303765773773193,0.479806840419769,-0.802472651004791
0.749129831790924,-0.192618191242218,0.887798428535461,-0.183679774403572,0.30615097284317,0.47694519162178,-0.803154170513153
0.749457240104675,-0.192482054233551,0.887808978557587,-0.184450745582581,0.307187676429748,0.476775795221329,-0.802682161331177
0.749443113803864,-0.192461237311363,0.88780689239502,-0.184679612517357,0.307555586099625,0.477081507444382,-0.802306830883026
0.749153673648834,-0.192226111888885,0.887641787528992,-0.184960767626762,0.306989103555679,0.478348731994629,-0.801704287528992
0.748134434223175,-0.191520929336548,0.887125611305237,-0.18389356136322,0.303461968898773,0.4781753718853,-0.803394258022308
0.749500632286072,-0.191527530550957,0.887406587600708,-0.185505732893944,0.30715274810791,0.475612431764603,-0.803142309188843
0.749651312828064,-0.191448464989662,0.887457609176636,-0.185585528612137,0.307357490062714,0.47526478767395,-0.803251326084137
0.750817596912384,-0.191934630274773,0.887966394424438,-0.18706664443016,0.310824275016785,0.47498232126236,-0.801739454269409
0.74993509054184,-0.191300109028816,0.887443125247955,-0.186086699366569,0.307956546545029,0.475021749734878,-0.803049683570862
0.75089168548584,-0.191760838031769,0.887921810150146,-0.187104120850563,0.310354113578796,0.474927186965942,-0.801945447921753
0.750955581665039,-0.191691726446152,0.887899160385132,-0.187163800001144,0.310348361730576,0.474866598844528,-0.801969707012177
0.751008749008179,-0.191615208983421,0.887872099876404,-0.187228605151176,0.310298055410385,0.474837571382523,-0.801991164684296
0.751061260700226,-0.191544756293297,0.88785046339035,-0.187269911170006,0.310254573822021,0.474814832210541,-0.802011787891388
0.751075863838196,-0.191456496715546,0.887831389904022,-0.187232613563538,0.310036510229111,0.474830269813538,-0.802095711231232
0.751129508018494,-0.191392198204994,0.88780266046524,-0.187307104468346,0.310003340244293,0.474792689085007,-0.80211341381073
0.751129508018494,-0.191392198204994,0.88780266046524,-0.187307104468346,0.310003340244293,0.474792689085007,-0.80211341381073
0.750223338603973,-0.190979138016701,0.887093186378479,-0.186551705002785,0.308989226818085,0.475538551807404,-0.802238881587982
0.750480592250824,-0.19108222424984,0.88742983341217,-0.187073141336441,0.307774037122726,0.47696253657341,-0.801739096641541
0.750384747982025,-0.190927699208259,0.887362360954285,-0.187065854668617,0.307297378778458,0.477409303188324,-0.801657617092133
0.750485241413116,-0.190868228673935,0.88735556602478,-0.187176212668419,0.307258605957031,0.477354824542999,-0.801679134368896
0.750800728797913,-0.190770626068115,0.88731724023819,-0.187854215502739,0.307991325855255,0.477228969335556,-0.801314294338226
0.750985145568848,-0.19068369269371,0.887301802635193,-0.188119381666183,0.308103501796722,0.477055042982101,-0.801312625408173
0.751080870628357,-0.190593793988228,0.887286841869354,-0.188180208206177,0.307966321706772,0.476946204900742,-0.801415860652924
0.751996278762817,-0.190649002790451,0.887583434581757,-0.188519492745399,0.309308081865311,0.474495083093643,-0.802273809909821
0.750349700450897,-0.190272375941276,0.886566996574402,-0.187044516205788,0.30730277299881,0.474001318216324,-0.80368036031723
0.749265730381012,-0.189577922224998,0.885994255542755,-0.1856290102005,0.303263127803802,0.474115133285522,-0.805473923683167
0.750330567359924,-0.190069079399109,0.886525869369507,-0.186721876263618,0.305778115987778,0.473919719457626,-0.804384708404541
0.750330567359924,-0.190069079399109,0.886525869369507,-0.186721876263618,0.305778115987778,0.473919719457626,-0.804384708404541
0.750493288040161,-0.189826995134354,0.88650381565094,-0.1871467679739,0.305324018001556,0.473943531513214,-0.804444432258606
0.751545488834381,-0.189615786075592,0.88700920343399,-0.188100129365921,0.306244969367981,0.476077765226364,-0.80260968208313
0.751577615737915,-0.189519867300987,0.887042582035065,-0.188179939985275,0.305811434984207,0.476015567779541,-0.802793085575104
0.751615703105927,-0.189424097537994,0.887085676193237,-0.188267484307289,0.305433362722397,0.475922435522079,-0.802971720695496
0.750641644001007,-0.18938647210598,0.886658668518066,-0.187566608190536,0.303747564554214,0.473543107509613,-0.805178880691528
0.751538634300232,-0.189432173967361,0.887353539466858,-0.188575059175491,0.302812159061432,0.476369500160217,-0.803626954555511
0.751720249652863,-0.189258053898811,0.887365520000458,-0.189106673002243,0.302846372127533,0.476205497980118,-0.803586363792419
0.752480804920197,-0.189206913113594,0.887739062309265,-0.189157515764236,0.303513556718826,0.473661601543427,-0.804825246334076
0.75156956911087,-0.188881650567055,0.887400150299072,-0.188999146223068,0.300946682691574,0.476307928562164,-0.80426436662674
0.751641154289246,-0.188772633671761,0.887455761432648,-0.189020320773125,0.300410121679306,0.475897520780563,-0.804702758789062
0.751848101615906,-0.18847493827343,0.887624859809875,-0.189168885350227,0.299801349639893,0.476088970899582,-0.804781675338745
0.751930177211761,-0.188376814126968,0.8876913189888,-0.189168721437454,0.299321562051773,0.475646525621414,-0.805221796035767
0.752265691757202,-0.18862746655941,0.887860178947449,-0.188912659883499,0.299562931060791,0.473129481077194,-0.80667382478714
0.751777052879333,-0.188323348760605,0.887656569480896,-0.188879877328873,0.297563403844833,0.474591493606567,-0.806562662124634
0.753247737884521,-0.188440397381783,0.887995600700378,-0.190632358193397,0.300455987453461,0.469594538211823,-0.808001458644867
0.753209829330444,-0.188322097063064,0.88801121711731,-0.19056124985218,0.299401223659515,0.469230830669403,-0.808620870113373
0.750995278358459,-0.187346458435059,0.886862516403198,-0.187571719288826,0.294793039560318,0.467326909303665,-0.812108039855957
0.750955700874329,-0.187218979001045,0.886923313140869,-0.187534347176552,0.293649017810821,0.467102497816086,-0.812660038471222
0.750180661678314,-0.187016502022743,0.886671841144562,-0.187224179506302,0.291127502918243,0.46893122792244,-0.812585592269897
0.750150084495544,-0.186922445893288,0.886725425720215,-0.187199726700783,0.290082931518555,0.468467891216278,-0.813231825828552
0.751007258892059,-0.187099307775497,0.887124359607697,-0.187135815620422,0.290996044874191,0.465261429548263,-0.814759612083435
0.751383006572723,-0.187201038002968,0.887300610542297,-0.186989918351173,0.289804816246033,0.463783651590347,-0.816059291362762
0.751464605331421,-0.18742960691452,0.887390613555908,-0.188230872154236,0.291094154119492,0.466368705034256,-0.8138387799263
0.75188285112381,-0.187319442629814,0.887412309646606,-0.189038261771202,0.291594445705414,0.465739041566849,-0.813833117485046
0.752599596977234,-0.187357783317566,0.887782573699951,-0.189115941524506,0.291699290275574,0.463194459676742,-0.815228521823883
0.752966105937958,-0.187606051564217,0.887689530849457,-0.189674988389015,0.292903482913971,0.462327033281326,-0.815159320831299
0.752554774284363,-0.187475815415382,0.887594699859619,-0.189565300941467,0.291112661361694,0.463412404060364,-0.815209984779358
0.753500282764435,-0.188080742955208,0.888005375862122,-0.189340457320213,0.29243478178978,0.45982152223587,-0.816820859909058
0.752271234989166,-0.187001526355743,0.887044012546539,-0.189395025372505,0.289090663194656,0.46205747127533,-0.816736817359924
0.753475546836853,-0.187242850661278,0.887436866760254,-0.189820542931557,0.291112273931503,0.458392828702927,-0.817983984947205
0.75353878736496,-0.187324434518814,0.887230932712555,-0.190327614545822,0.292243599891663,0.457659810781479,-0.817873179912567
0.754147529602051,-0.187947243452072,0.887747168540955,-0.190884530544281,0.29241931438446,0.459588706493378,-0.816597938537598
0.756460309028625,-0.188298359513283,0.888156652450562,-0.193642988801003,0.298113703727722,0.454826086759567,-0.816556096076965
0.756796360015869,-0.188425257802009,0.888201594352722,-0.193979829549789,0.298575311899185,0.454150795936584,-0.816683292388916
0.756225347518921,-0.188478037714958,0.888216257095337,-0.192445665597916,0.296164363622665,0.454556316137314,-0.817697942256927
0.757503867149353,-0.188797622919083,0.888314843177795,-0.194426581263542,0.299605667591095,0.452374964952469,-0.817185163497925
0.756057143211365,-0.188661262392998,0.888002455234528,-0.192712709307671,0.295450329780579,0.455562502145767,-0.817333340644836
0.756437182426453,-0.188773930072784,0.888048708438873,-0.193215787410736,0.296235173940659,0.45492559671402,-0.817285239696503
0.756437182426453,-0.188773930072784,0.888048708438873,-0.193215787410736,0.296235173940659,0.45492559671402,-0.817285239696503
0.759033560752869,-0.18938410282135,0.88857364654541,-0.19632051885128,0.302569061517715,0.449264198541641,-0.817356646060944
0.75759220123291,-0.189373821020126,0.888286769390106,-0.194430127739906,0.298463821411133,0.452538073062897,-0.817511796951294
0.758147001266479,-0.189455449581146,0.888294160366058,-0.195406496524811,0.30003410577774,0.451983660459518,-0.817010819911957
0.759660005569458,-0.189835265278816,0.888741254806519,-0.196393221616745,0.303698658943176,0.448254495859146,-0.817474603652954
0.760050177574158,-0.18998558819294,0.888791024684906,-0.196883246302605,0.304781019687653,0.447721093893051,-0.817246198654175
0.759699285030365,-0.190006420016289,0.888471662998199,-0.197025075554848,0.304523408412933,0.449932187795639,-0.816092848777771
0.759735465049744,-0.190231531858444,0.888541102409363,-0.196917429566383,0.304419785737991,0.449226796627045,-0.816545963287354
0.762459993362427,-0.190657928586006,0.889089465141296,-0.200316399335861,0.312229692935944,0.444861263036728,-0.81515908241272
0.762816429138184,-0.190806806087494,0.889175713062286,-0.200555458664894,0.313233524560928,0.444177210330963,-0.815088212490082
0.763208329677582,-0.190968126058578,0.88922655582428,-0.201163068413734,0.314478933811188,0.443655461072922,-0.814742982387543
0.763469457626343,-0.191143646836281,0.889253497123718,-0.201529085636139,0.315343499183655,0.443317443132401,-0.814502358436584
0.763649940490723,-0.191376894712448,0.889296531677246,-0.20158226788044,0.315879970788956,0.442888736724854,-0.814514577388763
0.761673808097839,-0.191326200962067,0.888856649398804,-0.198894992470741,0.310499519109726,0.446828693151474,-0.815091967582703
0.761673808097839,-0.191326200962067,0.888856649398804,-0.198894992470741,0.310499519109726,0.446828693151474,-0.815091967582703
0.761791527271271,-0.191577225923538,0.88880729675293,-0.198873952031136,0.310547739267349,0.446907103061676,-0.815035760402679
0.763399600982666,-0.191873341798782,0.88922643661499,-0.200465574860573,0.314853698015213,0.443592488765716,-0.814804494380951
0.763453841209412,-0.192028909921646,0.889184534549713,-0.200482711195946,0.315137952566147,0.443589597940445,-0.814691960811615
0.763547658920288,-0.192204296588898,0.889186799526215,-0.200499817728996,0.315402776002884,0.443662643432617,-0.814545512199402
0.763487279415131,-0.192303523421288,0.889112234115601,-0.200475499033928,0.315419644117355,0.444028437137604,-0.814345598220825
0.763274490833282,-0.192485466599464,0.889103531837463,-0.199774265289307,0.31475242972374,0.444137156009674,-0.814716696739197
0.763411641120911,-0.192631185054779,0.889083743095398,-0.199836954474449,0.315364927053451,0.444304436445236,-0.814373135566711
0.764234721660614,-0.192840233445168,0.889144599437714,-0.201330587267876,0.317948371171951,0.443366587162018,-0.813511431217194
0.763560950756073,-0.193189412355423,0.889216542243958,-0.199250400066376,0.315631806850433,0.44362074136734,-0.81478613615036
0.76189249753952,-0.192858263850212,0.888692557811737,-0.19791242480278,0.311467379331589,0.447744280099869,-0.814459145069122
0.761807203292847,-0.19295659661293,0.888680517673492,-0.197723686695099,0.311443537473679,0.448075413703918,-0.814332067966461
0.762197494506836,-0.193130522966385,0.888866305351257,-0.197726294398308,0.312466740608215,0.446976512670517,-0.814543306827545
0.762042105197906,-0.193198621273041,0.888847231864929,-0.197499379515648,0.312180578708649,0.447448134422302,-0.814449191093445
0.761308431625366,-0.19308964908123,0.888556122779846,-0.197249263525009,0.310674011707306,0.449838399887085,-0.813768923282623
0.761940717697144,-0.193299472332001,0.888935565948486,-0.197348520159721,0.311923176050186,0.447707325220108,-0.814441919326782
0.761702358722687,-0.193315744400024,0.888873159885406,-0.197232127189636,0.311507135629654,0.448543280363083,-0.814169406890869
0.762176156044006,-0.193831339478493,0.889558136463165,-0.196944698691368,0.310247719287872,0.451036483049393,-0.813342034816742
0.761613368988037,-0.193807825446129,0.889389336109161,-0.196535602211952,0.309021502733231,0.452361047267914,-0.813172161579132
0.759337306022644,-0.193114876747131,0.888421177864075,-0.194247514009476,0.303405374288559,0.456125259399414,-0.813733816146851
0.759040832519531,-0.193120718002319,0.888375461101532,-0.193806946277618,0.30272650718689,0.456764101982117,-0.813733398914337
0.760412573814392,-0.19389021396637,0.889137625694275,-0.194784104824066,0.306878179311752,0.455507457256317,-0.812648713588715
0.758975386619568,-0.193350091576576,0.888563632965088,-0.19286185503006,0.302560061216354,0.456239104270935,-0.814314305782318
0.758975386619568,-0.193350091576576,0.888563632965088,-0.19286185503006,0.302560061216354,0.456239104270935,-0.814314305782318
0.757845163345337,-0.193157196044922,0.888404786586761,-0.19099460542202,0.298638135194778,0.458243906497955,-0.815075993537903
0.757963538169861,-0.193241760134697,0.888454437255859,-0.191248252987862,0.300051718950272,0.45814511179924,-0.814552783966064
0.756381034851074,-0.192881539463997,0.888031721115112,-0.189649298787117,0.295263081789017,0.46195450425148,-0.81452488899231
0.757837176322937,-0.19317626953125,0.888354301452637,-0.191175043582916,0.299279928207397,0.458918452262878,-0.814418494701385
0.756559610366821,-0.192735552787781,0.888294696807861,-0.189048752188683,0.295382171869278,0.461071908473969,-0.815121233463287
0.757156014442444,-0.193059712648392,0.88827121257782,-0.190074235200882,0.29756486415863,0.460261076688766,-0.814546883106232
0.755869388580322,-0.192877992987633,0.888152599334717,-0.187960132956505,0.293883979320526,0.462363630533218,-0.815182864665985
0.754989504814148,-0.192545995116234,0.887901961803436,-0.187198266386986,0.29173070192337,0.466329634189606,-0.813871383666992
0.7546546459198,-0.192450940608978,0.887807667255402,-0.1867755651474,0.291075676679611,0.467340737581253,-0.813623011112213
0.754840791225433,-0.192738771438599,0.888010919094086,-0.186330109834671,0.291295558214188,0.464495956897736,-0.815273880958557
0.754130244255066,-0.192722171545029,0.887836933135986,-0.185597494244576,0.289534837007523,0.466146945953369,-0.81512588262558
0.754130244255066,-0.192722171545029,0.887836933135986,-0.185597494244576,0.289534837007523,0.466146945953369,-0.81512588262558
0.753511309623718,-0.192447885870934,0.887599766254425,-0.185224577784538,0.288311094045639,0.46988120675087,-0.813498675823212
0.753237843513489,-0.192300364375114,0.887542426586151,-0.184669226408005,0.287757277488708,0.47061613202095,-0.813396215438843
0.7528275847435,-0.192227363586426,0.887422144412994,-0.184204876422882,0.286972105503082,0.471647530794144,-0.813181519508362
0.752591848373413,-0.192228123545647,0.887370467185974,-0.183875724673271,0.286496073007584,0.472259193658829,-0.813068866729736
0.752387583255768,-0.1922317892313,0.887314438819885,-0.18359537422657,0.286193788051605,0.472911089658737,-0.812859773635864
0.753303647041321,-0.192329719662666,0.887597978115082,-0.184086620807648,0.288490235805511,0.470771014690399,-0.813179075717926
0.753154993057251,-0.192326456308365,0.887566208839417,-0.183864131569862,0.288289457559586,0.471243888139725,-0.81302672624588
0.752841353416443,-0.192288786172867,0.887484967708588,-0.183572769165039,0.287667095661163,0.472119003534317,-0.812805235385895
0.752694547176361,-0.192275404930115,0.887456059455872,-0.18337145447731,0.287493824958801,0.472612500190735,-0.812625169754028
0.751139938831329,-0.192070543766022,0.887125253677368,-0.181856378912926,0.283714324235916,0.476249277591705,-0.812170624732971
0.752313792705536,-0.192681640386581,0.887670755386353,-0.183530032634735,0.288239866495132,0.476564943790436,-0.810012578964233
0.752169966697693,-0.192666217684746,0.887652397155762,-0.183293491601944,0.287964254617691,0.47692808508873,-0.809950411319733
0.751951396465302,-0.192814260721207,0.887556731700897,-0.183070302009582,0.287594377994537,0.477410286664963,-0.809848248958588
0.751857399940491,-0.192795366048813,0.887537598609924,-0.182924821972847,0.287531346082687,0.477739423513412,-0.809709370136261
0.752758085727692,-0.192903622984886,0.887748181819916,-0.183386862277985,0.290068119764328,0.475792735815048,-0.80984628200531
0.752739131450653,-0.192891418933868,0.887730300426483,-0.183431670069694,0.290472567081451,0.476004958152771,-0.80956643819809
0.752840876579285,-0.192893758416176,0.887765765190125,-0.183634579181671,0.291376024484634,0.476117372512817,-0.809129536151886
0.75264436006546,-0.192872986197472,0.887723445892334,-0.183287143707275,0.290586918592453,0.476404100656509,-0.809323310852051
0.752828121185303,-0.19288644194603,0.887784838676453,-0.183634802699089,0.291880428791046,0.476452142000198,-0.808750510215759
0.752784729003906,-0.19288481771946,0.887789785861969,-0.183549761772156,0.291953653097153,0.476583003997803,-0.808666348457336
0.752754688262939,-0.192873030900955,0.88779628276825,-0.183531060814857,0.292079895734787,0.476704806089401,-0.808553159236908
0.752726435661316,-0.192842230200767,0.887758851051331,-0.183736771345138,0.29231271147728,0.477030009031296,-0.808230459690094
0.752726912498474,-0.19282890856266,0.88771516084671,-0.18368074297905,0.292823046445847,0.4769167304039,-0.80812531709671
0.752722859382629,-0.192823722958565,0.887727200984955,-0.183708772063255,0.293049991130829,0.476957976818085,-0.808012366294861
0.752213835716248,-0.192914664745331,0.887710809707642,-0.182827264070511,0.29175066947937,0.477597892284393,-0.808304309844971
0.752058029174805,-0.192837655544281,0.88776296377182,-0.182698607444763,0.29133078455925,0.477719455957413,-0.808413028717041
0.752088725566864,-0.19282802939415,0.887774586677551,-0.182788908481598,0.291678786277771,0.477678388357162,-0.808291494846344
0.752108454704285,-0.192818492650986,0.887785315513611,-0.182886943221092,0.29197296500206,0.477623105049133,-0.808195769786835
0.752058506011963,-0.192800551652908,0.88779491186142,-0.182809442281723,0.292024612426758,0.477711826562881,-0.808142125606537
0.752058506011963,-0.192800551652908,0.88779491186142,-0.182809442281723,0.292024612426758,0.477711826562881,-0.808142125606537
0.752130389213562,-0.192777127027512,0.887812435626984,-0.182994455099106,0.292664676904678,0.477550119161606,-0.807964324951172
0.752266645431519,-0.19278784096241,0.887821674346924,-0.183275371789932,0.293288499116898,0.477349311113357,-0.807793080806732
0.752359449863434,-0.192779511213303,0.887823343276978,-0.183396950364113,0.29384782910347,0.47723913192749,-0.807627320289612
0.752476871013641,-0.192774295806885,0.887832880020142,-0.183696165680885,0.294453859329224,0.477086782455444,-0.807428538799286
0.752476871013641,-0.192774295806885,0.887832880020142,-0.183696165680885,0.294453859329224,0.477086782455444,-0.807428538799286
0.752718091011047,-0.192671224474907,0.887904226779938,-0.184249848127365,0.295633882284164,0.477029919624329,-0.80690461397171
0.7514888048172,-0.191971957683563,0.887166500091553,-0.183494746685028,0.29350620508194,0.476871997117996,-0.807946026325226
0.75222635269165,-0.191834390163422,0.88723212480545,-0.184911325573921,0.296099424362183,0.476040929555893,-0.807166695594788
0.752361953258514,-0.191789656877518,0.887269675731659,-0.185221567749977,0.296787112951279,0.475897967815399,-0.80692720413208
0.752473294734955,-0.19171991944313,0.88730788230896,-0.18545489013195,0.297398835420609,0.475780725479126,-0.80671751499176
0.752646088600159,-0.191683635115623,0.887351632118225,-0.185838282108307,0.298285067081451,0.475635051727295,-0.806387901306152
0.752796292304993,-0.19164314866066,0.88739138841629,-0.186174347996712,0.299028277397156,0.475490599870682,-0.806120336055756
0.753095626831055,-0.191609472036362,0.88764625787735,-0.186192482709885,0.298856526613235,0.475504815578461,-0.806171417236328
0.753095626831055,-0.191609472036362,0.88764625787735,-0.186192482709885,0.298856526613235,0.475504815578461,-0.806171417236328
0.753468215465546,-0.191579863429069,0.887795150279999,-0.187104985117912,0.30093902349472,0.475027978420258,-0.80546623468399
0.754579067230225,-0.19207289814949,0.88834136724472,-0.188482716679573,0.304482072591782,0.474857538938522,-0.803912460803986
0.754745125770569,-0.19206228852272,0.888380527496338,-0.188790589570999,0.30531308054924,0.47475665807724,-0.803584575653076
0.75488018989563,-0.192035913467407,0.888412594795227,-0.189060047268867,0.305942952632904,0.474708318710327,-0.80331015586853
0.755046367645264,-0.192022919654846,0.888451814651489,-0.189349427819252,0.306714206933975,0.474627494812012,-0.802995622158051
0.755164861679077,-0.192004472017288,0.88846892118454,-0.189585909247398,0.307288885116577,0.474606901407242,-0.802732229232788
0.755301058292389,-0.192000597715378,0.888482809066772,-0.189786985516548,0.307879865169525,0.474611699581146,-0.802455306053162
0.755409419536591,-0.191994056105614,0.888490796089172,-0.189968973398209,0.308385401964188,0.474615931510925,-0.80221563577652
0.755606234073639,-0.192005336284637,0.888501286506653,-0.190283462405205,0.309410721063614,0.474601984024048,-0.801754415035248
0.755745649337769,-0.192018166184425,0.888509511947632,-0.190466552972793,0.310025781393051,0.474645525217056,-0.801447510719299
0.755913138389587,-0.192036643624306,0.888508439064026,-0.190660655498505,0.310782313346863,0.474741339683533,-0.801051497459412
0.756220519542694,-0.191814303398132,0.888269126415253,-0.190695032477379,0.313325226306915,0.473946392536163,-0.800523281097412
0.756507158279419,-0.191839471459389,0.888320684432983,-0.191175386309624,0.314782589673996,0.473967790603638,-0.799823939800262
0.756622791290283,-0.192122936248779,0.888621807098389,-0.191694304347038,0.313819169998169,0.475268512964249,-0.799306392669678
0.756541848182678,-0.191968113183975,0.888198673725128,-0.191470950841904,0.315860539674759,0.473664194345474,-0.799508094787598
0.756679117679596,-0.19191899895668,0.888186573982239,-0.191700324416161,0.316571742296219,0.474283456802368,-0.798804461956024
0.756333231925964,-0.191880568861961,0.888089001178741,-0.191335827112198,0.315845340490341,0.475423008203506,-0.7985018491745
0.756453514099121,-0.19185072183609,0.88810658454895,-0.191507890820503,0.31635844707489,0.475636094808578,-0.798130631446838
0.755499362945557,-0.191244408488274,0.887323379516602,-0.190919175744057,0.315312623977661,0.475745946168899,-0.798619866371155
0.755200147628784,-0.191113620996475,0.887433767318726,-0.191351145505905,0.313286453485489,0.479046434164047,-0.797339916229248
0.755241453647614,-0.191008031368256,0.887421607971191,-0.191447645425797,0.313444465398788,0.479252308607101,-0.797130763530731
0.756295561790466,-0.191465601325035,0.888173341751099,-0.19251774251461,0.314769625663757,0.479608833789825,-0.79613584280014
0.756353139877319,-0.191339910030365,0.888155043125153,-0.192508712410927,0.314828634262085,0.479837626218796,-0.795976936817169
0.756342053413391,-0.191201448440552,0.888117611408234,-0.192456930875778,0.314670354127884,0.479974389076233,-0.795969486236572
0.756146669387817,-0.190909624099731,0.888042449951172,-0.192250832915306,0.313997626304626,0.480524808168411,-0.795952975749969
0.756042122840881,-0.19068731367588,0.88799262046814,-0.191988497972488,0.313360571861267,0.480697453022003,-0.796163082122803
0.75703901052475,-0.190548121929169,0.888273119926453,-0.192249611020088,0.315719455480576,0.47828596830368,-0.79662024974823
0.756958544254303,-0.190187722444534,0.888119399547577,-0.192346721887589,0.315078288316727,0.478531807661057,-0.796703040599823
0.756862998008728,-0.189947515726089,0.88806015253067,-0.192171350121498,0.314391314983368,0.478655755519867,-0.796942174434662
0.75572258234024,-0.18940195441246,0.887625515460968,-0.191503763198853,0.31109082698822,0.48152107000351,-0.796671986579895
0.756275713443756,-0.189326122403145,0.887856066226959,-0.19152507185936,0.311857640743256,0.479651480913162,-0.797494471073151
0.755442500114441,-0.188254609704018,0.887455344200134,-0.190204754471779,0.307633608579636,0.479167938232422,-0.799738585948944
0.754149317741394,-0.187996119260788,0.886839985847473,-0.190057381987572,0.305468857288361,0.48148313164711,-0.799212694168091
0.754350900650024,-0.187667161226272,0.8868647813797,-0.19053053855896,0.305540859699249,0.48124623298645,-0.799215257167816
0.754415392875671,-0.18735808134079,0.887119472026825,-0.190022587776184,0.303338170051575,0.48112478852272,-0.800247669219971
0.755554497241974,-0.187477007508278,0.887703359127045,-0.191324785351753,0.306432098150253,0.480498999357224,-0.799133837223053
0.756773769855499,-0.187095463275909,0.888042449951172,-0.192591279745102,0.309160381555557,0.477842628955841,-0.799371540546417
0.755480289459229,-0.185799673199654,0.887549996376038,-0.19091235101223,0.304393947124481,0.477814018726349,-0.801617503166199
0.755572438240051,-0.185666218400001,0.887623429298401,-0.191177159547806,0.304051071405411,0.477853000164032,-0.801661252975464
0.754634857177734,-0.185242250561714,0.887288212776184,-0.190908282995224,0.301607966423035,0.479676961898804,-0.801558911800385
0.754615366458893,-0.184954077005386,0.887309908866882,-0.190989792346954,0.301097631454468,0.479314416646957,-0.801948130130768
0.755630373954773,-0.185332834720611,0.887782454490662,-0.192541107535362,0.304637610912323,0.478689044713974,-0.80061262845993
0.756833732128143,-0.185393512248993,0.888226985931396,-0.193076208233833,0.306567192077637,0.474874198436737,-0.80201780796051
0.755896329879761,-0.184650808572769,0.887892365455627,-0.193011596798897,0.303932577371597,0.477770745754242,-0.801315605640411
0.756522655487061,-0.184565663337707,0.888157188892365,-0.193206995725632,0.304855525493622,0.4754458963871,-0.802300035953522
0.757226228713989,-0.184311360120773,0.888197302818298,-0.194548025727272,0.306414872407913,0.473557949066162,-0.802498519420624
0.756370961666107,-0.183444514870644,0.887648820877075,-0.194047391414642,0.305205345153809,0.475162982940674,-0.802131831645966
0.756370961666107,-0.183444514870644,0.887648820877075,-0.194047391414642,0.305205345153809,0.475162982940674,-0.802131831645966
0.759003639221191,-0.183800593018532,0.888246238231659,-0.195538312196732,0.312476217746735,0.469291865825653,-0.802426636219025
0.756594896316528,-0.182811483740806,0.887606263160706,-0.195201188325882,0.306155234575272,0.468020349740982,-0.805681347846985
0.758147776126862,-0.182499885559082,0.888408482074738,-0.197734296321869,0.307113260030746,0.470498561859131,-0.803251922130585
0.75793468952179,-0.182046979665756,0.888250172138214,-0.198508679866791,0.306665122509003,0.471242934465408,-0.802795648574829
0.759520292282104,-0.182291522622108,0.88885498046875,-0.199682742357254,0.310218662023544,0.466279447078705,-0.804036498069763
0.759520292282104,-0.182291522622108,0.88885498046875,-0.199682742357254,0.310218662023544,0.466279447078705,-0.804036498069763
0.761158227920532,-0.181209206581116,0.888076961040497,-0.202807307243347,0.319213658571243,0.466098666191101,-0.799827456474304
0.762727558612823,-0.181125670671463,0.888603508472443,-0.204693853855133,0.323346704244614,0.461902558803558,-0.800120890140533
0.763487219810486,-0.180768802762031,0.888681650161743,-0.206906199455261,0.325819671154022,0.460619688034058,-0.799287736415863
0.760657012462616,-0.1800597012043,0.888324975967407,-0.206784397363663,0.317147195339203,0.456062167882919,-0.805397510528564
0.760002911090851,-0.179548770189285,0.888028740882874,-0.207632914185524,0.315700888633728,0.457316219806671,-0.805036306381226
0.760772287845612,-0.179158419370651,0.888111293315887,-0.209886193275452,0.318386644124985,0.455488175153732,-0.804430365562439
0.761659324169159,-0.178981691598892,0.888421833515167,-0.211292296648026,0.320481806993484,0.452269375324249,-0.805046200752258
0.762603998184204,-0.178604885935783,0.888649225234985,-0.213497519493103,0.322920799255371,0.449576944112778,-0.804997861385345
0.76181161403656,-0.178060710430145,0.888292491436005,-0.21400149166584,0.320566922426224,0.451076149940491,-0.80496609210968
0.762245893478394,-0.177592471241951,0.888431131839752,-0.215601563453674,0.321521520614624,0.449215888977051,-0.805198669433594
0.76351797580719,-0.17734506726265,0.88870644569397,-0.217989653348923,0.32530888915062,0.445536375045776,-0.805078864097595
0.762693405151367,-0.17627876996994,0.887794613838196,-0.219481602311134,0.325738519430161,0.445210009813309,-0.804680228233337
0.763875186443329,-0.176055550575256,0.888162314891815,-0.221614524722099,0.328957617282867,0.441661268472672,-0.804741740226746
0.764800608158112,-0.175605297088623,0.888544678688049,-0.222957625985146,0.329514503479004,0.439262092113495,-0.805455684661865
0.765275955200195,-0.175235450267792,0.88839066028595,-0.225398972630501,0.333311885595322,0.437928736209869,-0.803938388824463
0.765893578529358,-0.175195127725601,0.88885897397995,-0.226763099431991,0.333408743143082,0.438324153423309,-0.803298830986023
0.766551077365875,-0.174886107444763,0.888938844203949,-0.228435784578323,0.335429757833481,0.436785131692886,-0.802821755409241
0.766642987728119,-0.174106657505035,0.888330698013306,-0.230229556560516,0.33835443854332,0.434731155633926,-0.802196621894836
0.767586231231689,-0.173831090331077,0.888565719127655,-0.231813162565231,0.341105133295059,0.433247655630112,-0.801377832889557
0.768302023410797,-0.173640549182892,0.888890027999878,-0.232395648956299,0.341210305690765,0.432132124900818,-0.801766574382782
0.770633518695831,-0.173551216721535,0.889589250087738,-0.235311165452003,0.346885830163956,0.427628099918365,-0.800895214080811
0.771006047725677,-0.173513233661652,0.889729917049408,-0.235451757907867,0.347938686609268,0.426770389080048,-0.800854623317719
0.771311402320862,-0.173579126596451,0.889770805835724,-0.235870152711868,0.349040508270264,0.426651120185852,-0.80031543970108
0.771581649780273,-0.173430800437927,0.889704346656799,-0.236853927373886,0.350264251232147,0.427366584539413,-0.799107611179352
0.772536993026733,-0.173582494258881,0.890073895454407,-0.23772107064724,0.353300839662552,0.426125347614288,-0.798175632953644
0.774020195007324,-0.173771739006042,0.890668034553528,-0.239235609769821,0.357753664255142,0.423489719629288,-0.79714173078537
0.775595545768738,-0.173993363976478,0.890986502170563,-0.242769792675972,0.366465598344803,0.421948999166489,-0.792921662330627
0.775579690933228,-0.173918023705482,0.890909552574158,-0.243192672729492,0.366891413927078,0.423299342393875,-0.791874825954437
0.776633203029633,-0.174415975809097,0.891733407974243,-0.243569731712341,0.367193400859833,0.423446446657181,-0.791540265083313
0.778138041496277,-0.17460760474205,0.89240562915802,-0.245038166642189,0.371722370386124,0.420898079872131,-0.790331304073334
0.77774178981781,-0.174089759588241,0.891770958900452,-0.246247500181198,0.374158650636673,0.421677201986313,-0.788388073444366
0.779065847396851,-0.174053013324737,0.892228305339813,-0.247958600521088,0.378587543964386,0.421082317829132,-0.78605192899704
0.780761420726776,-0.174118116497993,0.892991542816162,-0.249815344810486,0.383749067783356,0.418548971414566,-0.784312307834625
0.781476140022278,-0.174071058630943,0.893277525901794,-0.250753223896027,0.385976999998093,0.418412446975708,-0.782991409301758
0.783851504325867,-0.174392163753509,0.894629001617432,-0.25365337729454,0.391248226165771,0.421012818813324,-0.778031408786774
0.784554183483124,-0.174264475703239,0.894896566867828,-0.25471043586731,0.393373876810074,0.421102046966553,-0.776564598083496
0.784957766532898,-0.174186885356903,0.895070910453796,-0.255162507295609,0.394547462463379,0.421113431453705,-0.775814354419708
0.786617696285248,-0.173990949988365,0.895713865756989,-0.257927626371384,0.399732828140259,0.419750511646271,-0.772978961467743
0.786764323711395,-0.173864036798477,0.895829796791077,-0.257908850908279,0.400101721286774,0.41996493935585,-0.772677898406982
0.783367156982422,-0.173396393656731,0.894598722457886,-0.251572340726852,0.385052442550659,0.425726503133774,-0.779232144355774
0.784281492233276,-0.173549473285675,0.895010471343994,-0.253977119922638,0.391930818557739,0.42503434419632,-0.775391399860382
0.785141944885254,-0.173479929566383,0.895654797554016,-0.254384011030197,0.394073337316513,0.423853278160095,-0.774818241596222
0.784036338329315,-0.173316329717636,0.89553165435791,-0.251567810773849,0.387484937906265,0.425339788198471,-0.778238415718079
0.782209992408752,-0.172995001077652,0.894974589347839,-0.248667344450951,0.380651623010635,0.428117871284485,-0.781014680862427
0.782272815704346,-0.17295315861702,0.89543354511261,-0.24756233394146,0.380226939916611,0.427486658096313,-0.781917870044708
0.780578076839447,-0.172630906105042,0.89502876996994,-0.244956597685814,0.374867439270019,0.431007534265518,-0.783392071723938
0.780740141868591,-0.173359200358391,0.895769834518433,-0.243842661380768,0.374741613864899,0.430628597736359,-0.784007966518402
0.778132379055023,-0.172613114118576,0.894705951213837,-0.241138696670532,0.36981874704361,0.433717250823975,-0.785477876663208
0.776010513305664,-0.172641292214394,0.894582271575928,-0.235666364431381,0.358603328466415,0.434021204710007,-0.792143046855927
0.774558186531067,-0.172755092382431,0.894404709339142,-0.232948705554008,0.357101529836655,0.435903429985046,-0.792591750621796
0.773932635784149,-0.172683522105217,0.89473283290863,-0.230569168925285,0.354473263025284,0.435189545154571,-0.794856309890747
0.773932635784149,-0.172683522105217,0.89473283290863,-0.230569168925285,0.354473263025284,0.435189545154571,-0.794856309890747
0.76993054151535,-0.1725023239851,0.894451141357422,-0.223377555608749,0.340164244174957,0.441718220710754,-0.799547255039215
0.767948865890503,-0.172213852405548,0.894322395324707,-0.219767227768898,0.333870828151703,0.443731933832169,-0.802081406116486
0.764087915420532,-0.172070428729057,0.893812537193298,-0.212876006960869,0.322118937969208,0.448736041784286,-0.805952370166779
0.764087915420532,-0.172070428729057,0.893812537193298,-0.212876006960869,0.322118937969208,0.448736041784286,-0.805952370166779
0.759126722812653,-0.171798706054688,0.893453776836395,-0.203364625573158,0.307620674371719,0.454012513160706,-0.811101138591766
0.754173517227173,-0.17106094956398,0.892476558685303,-0.196364715695381,0.292990684509277,0.460203856229782,-0.814745247364044
0.753990769386292,-0.17129048705101,0.893343329429626,-0.194212183356285,0.292184740304947,0.461279928684235,-0.814942002296448
0.750496804714203,-0.170831024646759,0.892655074596405,-0.188688814640045,0.284267336130142,0.466081440448761,-0.81630676984787
0.747316718101501,-0.170161783695221,0.892405331134796,-0.182673096656799,0.273924499750137,0.467483967542648,-0.820399105548859
0.745844423770905,-0.170536831021309,0.892817139625549,-0.179428115487099,0.270310461521149,0.470746695995331,-0.820448338985443
0.742224812507629,-0.170153141021728,0.892485380172729,-0.174447417259216,0.260938346385956,0.477209746837616,-0.820822775363922
0.739643812179565,-0.170034363865852,0.892611443996429,-0.169513359665871,0.253654181957245,0.480456501245499,-0.822244703769684
0.737206161022186,-0.170074701309204,0.892385601997375,-0.16496005654335,0.24885194003582,0.479999214410782,-0.824900984764099
0.735442221164703,-0.169413596391678,0.89333301782608,-0.161564961075783,0.239280164241791,0.486666679382324,-0.824498176574707
0.733077764511108,-0.169096529483795,0.893373966217041,-0.157682612538338,0.234097242355347,0.490068703889847,-0.824722588062286
0.730645358562469,-0.169052466750145,0.893633425235748,-0.153227120637894,0.227291941642761,0.493881672620773,-0.825191378593445
0.72835785150528,-0.169017374515533,0.893612921237946,-0.149912878870964,0.222034111618996,0.497250407934189,-0.825208485126495
0.725428462028503,-0.168963566422462,0.893932938575745,-0.144601568579674,0.214321628212929,0.501084923744202,-0.825875580310822
0.723750710487366,-0.168029606342316,0.894198358058929,-0.141858398914337,0.209853380918503,0.504425168037415,-0.825465321540833
0.723750710487366,-0.168029606342316,0.894198358058929,-0.141858398914337,0.209853380918503,0.504425168037415,-0.825465321540833
0.719214200973511,-0.167427986860275,0.894691646099091,-0.134614929556847,0.198823273181915,0.510465979576111,-0.825695276260376
0.7159343957901,-0.166239798069,0.894624471664429,-0.130115821957588,0.18939471244812,0.513732254505157,-0.826606750488281
0.712927401065826,-0.165849626064301,0.894694149494171,-0.125732108950615,0.182377099990845,0.516533732414246,-0.827117264270782
0.713738262653351,-0.166085571050644,0.895444273948669,-0.125521063804626,0.186900839209556,0.519010901451111,-0.824584901332855
0.711643636226654,-0.165377423167229,0.895809829235077,-0.122317045927048,0.181668996810913,0.522554457187653,-0.823997437953949
0.70982164144516,-0.164803773164749,0.896144032478333,-0.119322143495083,0.177264973521233,0.525145411491394,-0.823748528957367
0.70982164144516,-0.164803773164749,0.896144032478333,-0.119322143495083,0.177264973521233,0.525145411491394,-0.823748528957367
0.70680570602417,-0.16353215277195,0.896252751350403,-0.114460438489914,0.172988310456276,0.529288470745087,-0.822695314884186
0.705352008342743,-0.163143947720528,0.896510004997253,-0.112002938985825,0.170012086629867,0.531498908996582,-0.822228789329529
0.705352008342743,-0.163143947720528,0.896510004997253,-0.112002938985825,0.170012086629867,0.531498908996582,-0.822228789329529
0.701092958450317,-0.163784712553024,0.898398637771606,-0.102705284953117,0.156827911734581,0.534199178218842,-0.824310600757599
0.701092958450317,-0.163784712553024,0.898398637771606,-0.102705284953117,0.156827911734581,0.534199178218842,-0.824310600757599
0.698421597480774,-0.162715375423431,0.897926390171051,-0.0989510640501976,0.156513139605522,0.535414040088654,-0.824041306972504
0.699068963527679,-0.159980431199074,0.897404074668884,-0.103392332792282,0.158858001232147,0.54113906621933,-0.819294035434723
0.69684773683548,-0.16090027987957,0.89883029460907,-0.0965323895215988,0.150232598185539,0.540856957435608,-0.821940064430237
0.696024894714355,-0.159964844584465,0.898796319961548,-0.0960704758763313,0.149458095431328,0.542962968349457,-0.820746004581451
0.695417642593384,-0.159496113657951,0.899029731750488,-0.0958926752209663,0.147607564926147,0.54485946893692,-0.819844365119934
0.695417642593384,-0.159496113657951,0.899029731750488,-0.0958926752209663,0.147607564926147,0.54485946893692,-0.819844365119934
0.694489479064941,-0.15817004442215,0.899228692054749,-0.0947534367442131,0.147623002529144,0.546855092048645,-0.818644464015961
0.693861961364746,-0.157044157385826,0.898983597755432,-0.0939858332276344,0.14846408367157,0.547619879245758,-0.818069398403168
0.694378912448883,-0.154731780290604,0.897706747055054,-0.0997178107500076,0.153686448931694,0.552540361881256,-0.813102662563324
0.692670941352844,-0.153120368719101,0.897440493106842,-0.0985037460923194,0.148471519351005,0.553560853004456,-0.813525438308716
0.692670941352844,-0.153120368719101,0.897440493106842,-0.0985037460923194,0.148471519351005,0.553560853004456,-0.813525438308716
0.693262696266174,-0.152771696448326,0.898087859153748,-0.0998286977410316,0.150639072060585,0.554726779460907,-0.812170088291168
0.693520963191986,-0.153441905975342,0.898112773895264,-0.0947476923465728,0.154109358787537,0.551950216293335,-0.814017295837402
0.693067610263824,-0.150896191596985,0.897812843322754,-0.101580195128918,0.152685150504112,0.556718945503235,-0.810205340385437
0.693001687526703,-0.150027811527252,0.897747874259949,-0.102018758654594,0.153327524662018,0.556677460670471,-0.810057401657104
0.692949116230011,-0.149007514119148,0.897698402404785,-0.103019744157791,0.153494030237198,0.557088196277618,-0.80961674451828
0.692807853221893,-0.148478999733925,0.897469997406006,-0.103148818016052,0.154267325997353,0.556154847145081,-0.810094892978668
0.692371785640717,-0.149100840091705,0.898630857467651,-0.0985656231641769,0.150468707084656,0.551943421363831,-0.814249634742737
0.69362610578537,-0.146862968802452,0.897158682346344,-0.105697408318519,0.158263802528381,0.555268228054047,-0.809603571891785
0.692023992538452,-0.145270973443985,0.895954847335815,-0.104823492467403,0.15786911547184,0.551631927490234,-0.812275588512421
0.692386150360107,-0.145265936851501,0.896185874938965,-0.104463994503021,0.158165395259857,0.549309551715851,-0.813836634159088
0.693399369716644,-0.14617146551609,0.896993935108185,-0.102676957845688,0.161003723740578,0.545366585254669,-0.816155910491943
0.694845199584961,-0.143687933683395,0.895651698112488,-0.109685987234116,0.16831910610199,0.548418462276459,-0.811711072921753
0.695621013641357,-0.142916887998581,0.895399808883667,-0.111626014113426,0.171348065137863,0.547509491443634,-0.811426401138306
0.695488631725311,-0.14129251241684,0.895203113555908,-0.111294917762279,0.16883510351181,0.544430673122406,-0.814065933227539
0.697467803955078,-0.141204297542572,0.895179867744446,-0.114459373056888,0.175884231925011,0.543458044528961,-0.812783539295197
0.697514414787292,-0.140459224581718,0.894857048988342,-0.116597257554531,0.177539229393005,0.543879866600037,-0.811837196350098
0.699391007423401,-0.139569133520126,0.894869923591614,-0.118266671895981,0.182472214102745,0.540377497673035,-0.812840044498444
0.698050081729889,-0.13786070048809,0.89507520198822,-0.117984391748905,0.173474818468094,0.541523456573486,-0.814087569713593
0.70120096206665,-0.138043627142906,0.895236670970917,-0.122111558914185,0.184242621064186,0.539810657501221,-0.812248647212982
0.702472329139709,-0.137273862957954,0.895125091075897,-0.124706998467445,0.18877936899662,0.537982404232025,-0.812025547027588
0.702472329139709,-0.137273862957954,0.895125091075897,-0.124706998467445,0.18877936899662,0.537982404232025,-0.812025547027588
0.704652845859528,-0.13595224916935,0.89495462179184,-0.128667041659355,0.196118474006653,0.534086227416992,-0.812240242958069
0.705560445785522,-0.135189086198807,0.895037233829498,-0.12999501824379,0.198132261633873,0.533522129058838,-0.81191074848175
0.707109928131104,-0.134420663118362,0.894931197166443,-0.132974728941917,0.203253269195557,0.531184196472168,-0.811695277690887
0.705299735069275,-0.132854521274567,0.894540548324585,-0.131741270422935,0.197036609053612,0.530091524124146,-0.814139902591705
0.708527505397797,-0.133018225431442,0.894866168498993,-0.135701388120651,0.207545280456543,0.527649700641632,-0.81246292591095
0.709474742412567,-0.132454112172127,0.894859492778778,-0.137379169464111,0.21135176718235,0.524898588657379,-0.812981426715851
0.709474742412567,-0.132454112172127,0.894859492778778,-0.137379169464111,0.21135176718235,0.524898588657379,-0.812981426715851
0.71164083480835,-0.131101816892624,0.894848883152008,-0.140696287155151,0.218287661671638,0.520417988300323,-0.813461780548096
0.713241457939148,-0.130134835839271,0.89495313167572,-0.142928242683411,0.222707375884056,0.518092930316925,-0.813358902931213
0.713951587677002,-0.129693627357483,0.895027160644531,-0.143832072615623,0.225045919418335,0.51566070318222,-0.814101159572601
0.71534526348114,-0.128928631544113,0.895004093647003,-0.145822897553444,0.230235502123833,0.513537883758545,-0.813637554645538
0.715641021728516,-0.128385454416275,0.895124554634094,-0.145905137062073,0.23059432208538,0.511755049228668,-0.814643919467926
0.715641021728516,-0.128385454416275,0.895124554634094,-0.145905137062073,0.23059432208538,0.511755049228668,-0.814643919467926
0.717770934104919,-0.127005979418754,0.89526891708374,-0.148466885089874,0.237147271633148,0.507878065109253,-0.814726114273071
0.717770934104919,-0.127005979418754,0.89526891708374,-0.148466885089874,0.237147271633148,0.507878065109253,-0.814726114273071
0.718355715274811,-0.125109031796455,0.895315170288086,-0.148192301392555,0.237642705440521,0.50365686416626,-0.817248284816742
0.718355715274811,-0.125109031796455,0.895315170288086,-0.148192301392555,0.237642705440521,0.50365686416626,-0.817248284816742
0.72158545255661,-0.124634966254234,0.89604663848877,-0.151068732142448,0.248689487576485,0.499025493860245,-0.816275358200073
0.720631062984467,-0.123465999960899,0.895825505256653,-0.149347886443138,0.244945958256721,0.49811726808548,-0.818276166915894
0.722805976867676,-0.123729705810547,0.896626114845276,-0.15072113275528,0.251770049333572,0.495618939399719,-0.817469775676727
0.723647475242615,-0.122864112257957,0.896916568279266,-0.150829136371612,0.254181146621704,0.493858098983765,-0.817769408226013
0.72449666261673,-0.122348897159099,0.896837472915649,-0.150713816285133,0.259012639522552,0.490317195653915,-0.818405091762543
0.724839687347412,-0.12168089300394,0.897425711154938,-0.150376230478287,0.257516026496887,0.491214662790298,-0.818401277065277
0.725214004516602,-0.121143594384193,0.89779806137085,-0.14975143969059,0.258108675479889,0.489515036344528,-0.819346964359283
0.725967764854431,-0.120461508631706,0.898298501968384,-0.149172261357307,0.259858667850494,0.488116234540939,-0.819733917713165
0.725971937179565,-0.119974985718727,0.898537695407867,-0.147305965423584,0.259410589933395,0.485933482646942,-0.821508228778839
0.725650727748871,-0.119171604514122,0.898687958717346,-0.146533966064453,0.258569240570068,0.486807137727737,-0.821394264698029
0.726034224033356,-0.118711292743683,0.899414360523224,-0.143761709332466,0.257503181695938,0.483218520879745,-0.824332773685455
0.726510524749756,-0.11777238547802,0.899793744087219,-0.143096283078194,0.258089631795883,0.482373297214508,-0.82476007938385
0.726107716560364,-0.117055088281631,0.900030970573425,-0.140960961580276,0.255937874317169,0.481551289558411,-0.826277256011963
0.725634396076202,-0.115859642624855,0.900460183620453,-0.138263031840324,0.252530962228775,0.481386482715607,-0.827875912189484
0.725634396076202,-0.115859642624855,0.900460183620453,-0.138263031840324,0.252530962228775,0.481386482715607,-0.827875912189484
0.724839210510254,-0.114532649517059,0.901371419429779,-0.133007615804672,0.24657242000103,0.480284869670868,-0.831166386604309
0.724525451660156,-0.113439127802849,0.901966273784638,-0.13007079064846,0.243153542280197,0.479982972145081,-0.832811117172241
0.723307251930237,-0.112675592303276,0.902456879615784,-0.12605331838131,0.237567022442818,0.479511886835098,-0.835308849811554
0.723447322845459,-0.111631728708744,0.903015494346619,-0.124477729201317,0.235186442732811,0.478712528944016,-0.836676180362701
0.721085131168365,-0.110588289797306,0.903779685497284,-0.117196694016457,0.224076971411705,0.478536486625671,-0.840867042541504
0.719794869422913,-0.109824888408184,0.904398322105408,-0.112973816692829,0.216918885707855,0.478891521692276,-0.843116819858551
0.718675017356873,-0.108047842979431,0.904987812042236,-0.109565451741218,0.210214197635651,0.480954676866531,-0.844089984893799
0.71683531999588,-0.107110142707825,0.905674576759338,-0.104046478867531,0.201276913285255,0.481013536453247,-0.846928536891937
0.715858280658722,-0.105802983045578,0.906482398509979,-0.0999220386147499,0.194726198911667,0.481629401445389,-0.84860497713089
0.713413000106812,-0.104176692664623,0.907068490982056,-0.0949407070875167,0.184248775243759,0.484578758478165,-0.849836468696594
0.712850749492645,-0.103341154754162,0.907892823219299,-0.0894978195428848,0.180490970611572,0.481340408325195,-0.853067755699158
0.707840144634247,-0.100907042622566,0.909597039222717,-0.078835092484951,0.15322345495224,0.484657496213913,-0.857563197612762
0.708947002887726,-0.100619837641716,0.91058874130249,-0.0776460915803909,0.155964538455009,0.484558373689651,-0.85723352432251
0.70832633972168,-0.0989377498626709,0.91113543510437,-0.0757651925086975,0.152699410915375,0.487636655569076,-0.85624361038208
0.706198632717133,-0.0977229326963424,0.912871658802032,-0.0675195902585983,0.138278648257255,0.48689192533493,-0.859800219535828
0.704568684101105,-0.0964271426200866,0.914167165756226,-0.0615905933082103,0.127772957086563,0.487495511770248,-0.861527025699615
0.703122973442078,-0.0951464623212814,0.915445327758789,-0.0560880303382873,0.119270168244839,0.487864464521408,-0.862911939620972
0.701244056224823,-0.0935274437069892,0.917054831981659,-0.050159215927124,0.107325658202171,0.489542126655579,-0.863894581794739
0.700073838233948,-0.0921018943190574,0.918398261070252,-0.0451817996799945,0.099278874695301,0.490530461072922,-0.864570498466492
0.699130654335022,-0.0906540751457214,0.919732570648193,-0.040739219635725,0.0921615958213806,0.490922629833221,-0.86535632610321
0.700170934200287,-0.0897331684827804,0.919498860836029,-0.0395175665616989,0.0997984930872917,0.488779842853546,-0.865778744220734
0.697979807853699,-0.0877816751599311,0.922509074211121,-0.0326782613992691,0.0811153873801231,0.493109703063965,-0.8655606508255
0.697851896286011,-0.0865601673722267,0.923528850078583,-0.0300845336169004,0.0789812877774238,0.493757396936417,-0.865482807159424
0.698941707611084,-0.0850054696202278,0.923931241035461,-0.0295082405209541,0.0833669081330299,0.493953555822372,-0.864979267120361
0.697938561439514,-0.0839291363954544,0.925955355167389,-0.0244932305067777,0.0743898674845695,0.494842499494553,-0.865446209907532
0.697938561439514,-0.0839291363954544,0.925955355167389,-0.0244932305067777,0.0743898674845695,0.494842499494553,-0.865446209907532
0.696021795272827,-0.0799397900700569,0.928727686405182,-0.0168251115828752,0.0606031045317649,0.497054010629654,-0.865437150001526
0.696021795272827,-0.0799397900700569,0.928727686405182,-0.0168251115828752,0.0606031045317649,0.497054010629654,-0.865437150001526
0.699575126171112,-0.0780285447835922,0.929305136203766,-0.0175676885992288,0.0757822170853614,0.497085869312286,-0.864207208156586
0.699312448501587,-0.0770884752273559,0.930656552314758,-0.0150267835706472,0.0702092573046684,0.497306734323502,-0.864598631858826
0.6985684633255,-0.0748430043458938,0.932018160820007,-0.0115019716322422,0.0649931132793426,0.499862194061279,-0.863586366176605
0.699910163879395,-0.0738216489553451,0.932030022144318,-0.0112040778622031,0.0707999840378761,0.498477220535278,-0.863934218883514
0.698339641094208,-0.0716884210705757,0.934035181999206,-0.0066377604380249,0.0597739033401012,0.501740276813507,-0.862925112247467
0.698668599128723,-0.0701383426785469,0.934710264205933,-0.0051428228616714,0.060093056410551,0.502257585525513,-0.862612068653107
0.699765741825104,-0.0687620416283607,0.935268938541412,-0.0048574269749224,0.0616728998720645,0.501909911632538,-0.862704634666443
0.699500203132629,-0.0669124349951744,0.935618758201599,-0.002046121051535,0.062321301549673,0.50284880399704,-0.862122416496277
0.700283288955688,-0.065629705786705,0.935823917388916,-0.0014818949857726,0.0651511028409004,0.50229948759079,-0.862234532833099
0.699949562549591,-0.0639631599187851,0.937333166599274,0.0008320521446876,0.0579821765422821,0.504228949546814,-0.861620843410492
0.699925899505615,-0.0621467679738998,0.937920987606049,0.0024098290596157,0.0584240928292274,0.505660831928253,-0.860748469829559
0.701478004455566,-0.0610499456524848,0.936747968196869,0.0014266775688156,0.0711252391338348,0.503086447715759,-0.861303210258484
0.702724933624268,-0.0592435672879219,0.937824010848999,0.0012829398037865,0.0700212195515632,0.504567384719849,-0.860527217388153
0.702253878116608,-0.0572077855467796,0.93847382068634,0.0032902101520448,0.0681892335414886,0.506504714488983,-0.859530329704285
0.703055858612061,-0.05587700009346,0.938649654388428,0.0042180125601589,0.0712254866957664,0.506606459617615,-0.859220027923584
0.702802896499634,-0.0541438311338424,0.939535081386566,0.0058402633294463,0.0687521547079086,0.506679117679596,-0.859369158744812
0.703336477279663,-0.0525384247303009,0.939882755279541,0.0063998019322752,0.070017859339714,0.507124841213226,-0.858999967575073
0.704043447971344,-0.0510383248329162,0.94012326002121,0.0064564310014247,0.0725748687982559,0.507079124450684,-0.858814239501953
0.704692125320435,-0.0495121777057647,0.940450191497803,0.0067455754615366,0.074686199426651,0.507294654846191,-0.858503699302673
0.705647468566895,-0.0481501668691635,0.940554857254028,0.0062313647940754,0.0786318928003311,0.507417678833008,-0.858082473278046
0.706881582736969,-0.0474622994661331,0.939857363700867,0.005525644402951,0.0877144187688827,0.504108428955078,-0.859156727790833
0.706774055957794,-0.0453455187380313,0.941258490085602,0.0073936604894697,0.0819922164082527,0.507029294967651,-0.857988297939301
0.706871032714844,-0.0439158529043197,0.942147374153137,0.0083550410345196,0.0797881186008453,0.50797301530838,-0.857629001140594
0.70779025554657,-0.0424843467772007,0.942305743694305,0.0079634273424744,0.0835681855678558,0.507479906082153,-0.857564628124237
0.70779025554657,-0.0424843467772007,0.942305743694305,0.0079634273424744,0.0835681855678558,0.507479906082153,-0.857564628124237
0.707926630973816,-0.0398369506001472,0.943173766136169,0.0100357122719287,0.0830869451165199,0.506932377815247,-0.857913374900818
0.707926630973816,-0.0398369506001472,0.943173766136169,0.0100357122719287,0.0830869451165199,0.506932377815247,-0.857913374900818
0.708317279815674,-0.0371689088642597,0.943602979183197,0.0120547506958246,0.0861936956644058,0.505164444446564,-0.858623504638672
0.708162367343903,-0.0360485799610614,0.944487571716309,0.0134771429002285,0.0833413898944854,0.505427122116089,-0.858729302883148
0.709054350852966,-0.0345640927553176,0.944223284721374,0.0131009193137288,0.08860494941473,0.504221618175507,-0.858916819095612
0.70907723903656,-0.0333840399980545,0.945215344429016,0.0142580177634954,0.0862417593598365,0.50471305847168,-0.858850300312042
0.709904968738556,-0.0322203487157821,0.944961309432983,0.0144117940217256,0.0916435047984123,0.50267881155014,-0.859481155872345
0.71009361743927,-0.031167309731245,0.945245921611786,0.0151369590312242,0.0932393446564674,0.502274096012115,-0.859533607959747
0.711414635181427,-0.0304537527263164,0.945246696472168,0.014683130197227,0.09714175760746,0.499942392110825,-0.860468208789825
0.710530161857605,-0.0288970619440078,0.946152865886688,0.0173025857657194,0.0935883447527885,0.500158727169037,-0.860687553882599
0.710737287998199,-0.0280329436063766,0.946815609931946,0.0178533606231212,0.0935151278972625,0.499751776456833,-0.860920667648315
0.711539387702942,-0.0267070271074771,0.94696980714798,0.0180846471339464,0.0975193604826927,0.497856676578522,-0.861569285392761
0.711162090301514,-0.0255986303091049,0.947316706180572,0.0193580649793148,0.0958932638168335,0.497382432222366,-0.861997961997986
0.710906624794006,-0.0246272534132003,0.948007702827454,0.0213301666080951,0.0944863483309745,0.496166259050369,-0.862807333469391
0.710906624794006,-0.0246272534132003,0.948007702827454,0.0213301666080951,0.0944863483309745,0.496166259050369,-0.862807333469391
0.711206674575806,-0.0230431295931339,0.948720037937164,0.0232254713773727,0.0953005701303482,0.49424797296524,-0.863769233226776
0.71150928735733,-0.0215938370674848,0.948979318141937,0.0236652325838804,0.0966225489974021,0.493463218212128,-0.864059090614319
0.711005568504333,-0.0204197410494089,0.949796915054321,0.0251421350985765,0.0939868092536926,0.492770552635193,-0.864703178405762
0.711206197738647,-0.0195558946579694,0.95004540681839,0.0256956778466701,0.0947372764348983,0.491897612810135,-0.865101933479309
0.711373805999756,-0.0186092369258403,0.950325429439545,0.0266445036977529,0.0952529311180114,0.490872532129288,-0.865598738193512
0.710884571075439,-0.0176040418446064,0.950823724269867,0.0281986016780138,0.093523308634758,0.490722239017487,-0.865823268890381
0.710799694061279,-0.0166840348392725,0.951536774635315,0.0289455372840166,0.0914113745093345,0.49103707075119,-0.865845680236816
0.711785554885864,-0.0160681083798408,0.951283574104309,0.0289366673678159,0.0956796556711196,0.487405717372894,-0.867435157299042
0.711203157901764,-0.0154759045690298,0.951367080211639,0.0314289033412933,0.0980987250804901,0.484996497631073,-0.86842805147171
0.711622893810272,-0.0146008059382438,0.951353788375854,0.0308854412287473,0.101519413292408,0.484314471483231,-0.868435025215149
0.711152315139771,-0.012996694073081,0.95296847820282,0.0336735658347606,0.0931541845202446,0.485885679721832,-0.868391275405884
0.711364924907684,-0.012947704643011,0.953615069389343,0.0343189686536788,0.0929000899195671,0.484802544116974,-0.868998467922211
0.712109804153442,-0.0113846026360988,0.953188121318817,0.0344048663973808,0.0979408323764801,0.483627259731293,-0.869096398353577
0.712216675281525,-0.0105903260409832,0.953681409358978,0.0355959199368953,0.0982120782136917,0.482824295759201,-0.869464159011841
0.712216675281525,-0.0105903260409832,0.953681409358978,0.0355959199368953,0.0982120782136917,0.482824295759201,-0.869464159011841
0.712592661380768,-0.0095376763492822,0.953649759292602,0.0363752953708171,0.104597546160221,0.477839142084122,-0.871438980102539
0.712801575660706,-0.0079807350412011,0.95395815372467,0.035101294517517,0.103855729103088,0.481525868177414,-0.869548559188843
0.712536513805389,-0.0078827450051903,0.955216944217682,0.0388027131557464,0.0998846143484115,0.478646129369736,-0.871444404125214
0.71273809671402,-0.0072681838646531,0.954932749271393,0.038775760680437,0.105516463518143,0.474935412406921,-0.872811079025269
0.713400423526764,-0.0062715653330087,0.954600214958191,0.036256369203329,0.111162506043911,0.475859761238098,-0.871714293956757
0.71290510892868,-0.0055586695671081,0.955203413963318,0.0378505997359752,0.109343320131302,0.475323677062988,-0.872169017791748
0.712439656257629,-0.0050490014255046,0.956502258777618,0.0417469553649425,0.104748278856277,0.472860842943191,-0.873892247676849
0.712439656257629,-0.0050490014255046,0.956502258777618,0.0417469553649425,0.104748278856277,0.472860842943191,-0.873892247676849
0.712509870529175,-0.0037568407133221,0.957257091999054,0.0432498678565025,0.106229081749916,0.470894575119018,-0.874701738357544
0.711669564247131,-0.002551564015448,0.959203124046326,0.0459646731615066,0.0961304455995559,0.474425137042999,-0.873823165893555
0.712702333927155,-0.0031162854284048,0.958217918872833,0.044839758425951,0.107523180544376,0.46880903840065,-0.875583410263062
0.711883962154388,-0.001916067674756,0.959977507591248,0.0472401604056358,0.0979405045509338,0.472084194421768,-0.874821424484253
0.713524580001831,-0.001043546013534,0.958942174911499,0.0457323938608169,0.108447037637234,0.471574932336807,-0.873936414718628
0.713018655776978,-0.0003262655809521,0.959740281105042,0.0473855137825012,0.106205672025681,0.470363944768906,-0.874775767326355
0.713020384311676,0.0003098230808973,0.959540486335754,0.0458903163671493,0.109473377466202,0.471467226743698,-0.873858273029327
0.712774157524109,0.0008379663340747,0.960128903388977,0.047283973544836,0.108221396803856,0.470967441797256,-0.874209403991699
0.712838649749756,0.0012439433485269,0.960455179214478,0.0477521792054176,0.109196253120899,0.470342487096786,-0.874399125576019
0.712945759296417,0.001361000817269,0.961185574531555,0.0509361922740936,0.108052410185337,0.468315035104752,-0.875449180603027
0.713602066040039,0.0015209689736366,0.96109676361084,0.049758993089199,0.110831834375858,0.466625362634659,-0.876071393489838
0.712837934494019,0.0016844384372234,0.961989164352417,0.0523097887635231,0.109119758009911,0.466877907514572,-0.87600314617157
0.712084889411926,0.002282599452883,0.962588906288147,0.0531499870121479,0.10654566437006,0.466384798288345,-0.876532018184662
0.712084889411926,0.002282599452883,0.962588906288147,0.0531499870121479,0.10654566437006,0.466384798288345,-0.876532018184662
0.711947560310364,0.0038350145332515,0.962548017501831,0.0517710372805595,0.109888762235641,0.468362927436829,-0.87514591217041
0.711505174636841,0.0038681076839566,0.963657259941101,0.0554003790020942,0.106267049908638,0.466343522071838,-0.876448392868042
0.711505174636841,0.0038681076839566,0.963657259941101,0.0554003790020942,0.106267049908638,0.466343522071838,-0.876448392868042
0.712537169456482,0.0043024821206927,0.962632358074188,0.0518600158393383,0.114990264177322,0.468146324157715,-0.874600946903229
0.712258040904999,0.0045063812285661,0.963797926902771,0.0551608428359031,0.112710043787956,0.465736210346222,-0.875981450080872
0.712012410163879,0.0047893277369439,0.964055418968201,0.05574432015419,0.112847536802292,0.465863198041916,-0.875859320163727
0.71249783039093,0.0045452076010406,0.964073956012726,0.0544874891638755,0.116194657981396,0.465102225542068,-0.875905156135559
0.712093591690063,0.0050135413184762,0.964390635490418,0.0548020638525486,0.115404196083546,0.465347081422806,-0.875859975814819
0.711893081665039,0.0053084352985024,0.964572906494141,0.0551104173064231,0.11567410826683,0.465450346469879,-0.875750124454498
0.711141705513,0.0063211973756551,0.964409351348877,0.0537114925682544,0.116192109882832,0.467384457588196,-0.874737858772278
0.711141705513,0.0063211973756551,0.964409351348877,0.0537114925682544,0.116192109882832,0.467384457588196,-0.874737858772278
0.711054682731628,0.0068374890834093,0.964452743530273,0.0530401095747947,0.119068302214146,0.467677265405655,-0.874235332012177
0.710812628269196,0.0067562004551291,0.964971125125885,0.0546568594872951,0.117557071149349,0.46649843454361,-0.874969840049744
0.710812628269196,0.0067562004551291,0.964971125125885,0.0546568594872951,0.117557071149349,0.46649843454361,-0.874969840049744
0.71125054359436,0.0069814310409128,0.964676022529602,0.0537764728069305,0.122205480933189,0.466576397418976,-0.874345719814301
0.712170839309692,0.0067519186995923,0.964573502540588,0.051951628178358,0.126847073435783,0.465335041284561,-0.874456524848938
0.711553990840912,0.0069698076695203,0.964612483978272,0.0523382723331451,0.125853255391121,0.466093063354492,-0.874173283576965
0.709558665752411,0.0075771855190396,0.96579098701477,0.0535735487937927,0.116946950554848,0.467163026332855,-0.874763965606689
0.709558665752411,0.0075771855190396,0.96579098701477,0.0535735487937927,0.116946950554848,0.467163026332855,-0.874763965606689
0.711510002613068,0.0073711923323571,0.964389204978943,0.0502939447760582,0.130508437752724,0.466410100460052,-0.873441278934479
0.711262166500092,0.0082984585314989,0.963691473007202,0.0475749634206295,0.134108006954193,0.468919426202774,-0.871703088283539
0.710075855255127,0.0084494762122631,0.964669644832611,0.050387367606163,0.12768492102623,0.467556685209274,-0.873240172863007
0.709892570972443,0.0085759153589606,0.96459299325943,0.049930416047573,0.12837278842926,0.467697411775589,-0.873090207576752
0.709773182868958,0.0087308473885059,0.964527368545532,0.0492811314761638,0.129475340247154,0.467910289764404,-0.872850239276886
0.709699809551239,0.0089091956615448,0.964321255683899,0.0483190417289733,0.130899891257286,0.46826308965683,-0.872502207756042
0.709391593933105,0.0091871097683906,0.964119374752045,0.0477017536759376,0.131464540958405,0.468796581029892,-0.872164785861969
0.709210097789764,0.0095919510349631,0.963464379310608,0.0452097989618778,0.134387865662575,0.470843315124512,-0.870748281478882
0.709445774555206,0.0093419849872589,0.963633060455322,0.046670950949192,0.134575262665749,0.469303339719772,-0.87147331237793
0.709304511547089,0.0095063243061304,0.963297605514526,0.0453532710671424,0.136259511113167,0.470129817724228,-0.870835483074188
0.70871502161026,0.0098824417218565,0.963258266448975,0.0445499345660209,0.135783165693283,0.470210134983063,-0.870907962322235
0.708666443824768,0.0102425664663314,0.962592840194702,0.0421048626303672,0.139019802212715,0.471596986055374,-0.86976832151413
0.708332419395447,0.0101600568741559,0.962942004203796,0.0436528325080871,0.13698273897171,0.470086008310318,-0.870832562446594
0.708285987377167,0.0102729843929409,0.962642550468445,0.0425327233970165,0.13858488202095,0.470188647508621,-0.870579063892365
0.708152055740356,0.0099700819700956,0.962430357933044,0.0416246429085731,0.139324203133583,0.470006823539734,-0.870603084564209
0.708557903766632,0.0105280885472893,0.962101936340332,0.0401760227978229,0.142846688628197,0.470109552145004,-0.870044648647308
0.707831382751465,0.0107129923999309,0.961729049682617,0.0394365601241588,0.142563253641129,0.471497774124146,-0.869373500347137
0.707406997680664,0.0107821570709347,0.961568832397461,0.0392556712031364,0.142258495092392,0.471630930900574,-0.869359374046326
0.708526313304901,0.0107029192149639,0.961076080799103,0.037480529397726,0.148189187049866,0.470669597387314,-0.868967950344086
0.70830363035202,0.0108061023056507,0.960825681686401,0.0366540700197219,0.148957967758179,0.471037149429321,-0.868672549724579
0.706746816635132,0.0111207980662584,0.960945546627045,0.0373393781483173,0.143694162368774,0.471919327974319,-0.869051098823547
0.706604957580566,0.0111747253686189,0.960696697235107,0.0365679040551185,0.144477650523186,0.472174495458603,-0.868815422058105
0.707081139087677,0.0110712675377726,0.960137963294983,0.0352715253829956,0.148330926895142,0.472477346658707,-0.868054747581482
0.706881523132324,0.011140308342874,0.959777235984802,0.0341635979712009,0.149691388010979,0.473191916942596,-0.867476105690002
0.706246972084045,0.0116891525685787,0.959314107894898,0.03196781873703,0.150057762861252,0.474788576364517,-0.866623640060425
0.705921530723572,0.0115296766161918,0.95948725938797,0.0329719334840774,0.148447826504707,0.473938584327698,-0.867328226566315
0.705921530723572,0.0115296766161918,0.95948725938797,0.0329719334840774,0.148447826504707,0.473938584327698,-0.867328226566315
0.705872297286987,0.0116067230701446,0.959066450595856,0.0316623412072658,0.150121852755546,0.473755598068237,-0.867188930511475
0.705967307090759,0.0115280244499444,0.958875298500061,0.0307160150259733,0.151674464344978,0.47385311126709,-0.866899430751801
0.70586884021759,0.0115318298339843,0.958678007125854,0.0299893915653228,0.152600333094597,0.474278271198273,-0.866529762744904
0.705733120441437,0.0115310102701187,0.95836329460144,0.0287755969911813,0.153838619589806,0.475011855363846,-0.865949988365173
0.705718874931335,0.0115224486216902,0.958193123340607,0.027983758598566,0.154927089810371,0.475168645381927,-0.865695834159851
0.706392705440521,0.0113194035366177,0.957699656486511,0.0265703704208135,0.15901006758213,0.475302249193191,-0.864926338195801
0.706474781036377,0.0113166868686676,0.957489311695099,0.025499802082777,0.160438790917396,0.475549638271332,-0.864558637142181
0.706933856010437,0.0112918056547641,0.957294523715973,0.0241269282996654,0.163169339299202,0.47547122836113,-0.864130079746246
0.706560730934143,0.0107205919921398,0.957307696342468,0.0243474040180444,0.161892920732498,0.475208818912506,-0.864508271217346
0.706560730934143,0.0107205919921398,0.957307696342468,0.0243474040180444,0.161892920732498,0.475208818912506,-0.864508271217346
0.706454157829285,0.0104664210230112,0.957020878791809,0.0233516059815883,0.163149937987327,0.475582599639893,-0.864093720912933
0.706397294998169,0.0107695013284683,0.956613838672638,0.0221722684800624,0.164575114846229,0.477030396461487,-0.863055884838104
0.705146431922913,0.0101875765249133,0.957301497459412,0.0228352323174476,0.158745884895325,0.477143436670303,-0.864067375659943
0.706454992294312,0.0102491043508052,0.956219375133514,0.0211228746920824,0.166244924068451,0.47771805524826,-0.862381517887115
0.706447720527649,0.0099869649857282,0.956113040447235,0.0213685967028141,0.165960267186165,0.477901667356491,-0.862328588962555
0.706568419933319,0.0097427945584058,0.955880522727966,0.0205584689974784,0.166931271553039,0.478302210569382,-0.861938655376434
0.70767879486084,0.0092455707490444,0.955240249633789,0.0173141155391931,0.171446174383163,0.477570921182632,-0.861529111862183
0.70672881603241,0.0088012777268886,0.95550811290741,0.0190110281109809,0.168484464287758,0.478919357061386,-0.861329078674316
0.706869840621948,0.0084753846749663,0.955365002155304,0.0182952620089054,0.169432908296585,0.479304820299149,-0.860944092273712
0.707172393798828,0.0082612568512558,0.955090761184692,0.0171855110675096,0.171014174818993,0.479491710662842,-0.860550105571747
0.707502365112305,0.008009111508727,0.954769968986511,0.0158038921654224,0.17284120619297,0.479727178812027,-0.860080242156982
0.707310140132904,0.0081758089363574,0.954511165618896,0.0153029970824718,0.173166275024414,0.481121718883514,-0.859244465827942
0.707310140132904,0.0081758089363574,0.954511165618896,0.0153029970824718,0.173166275024414,0.481121718883514,-0.859244465827942
0.705540299415588,0.0080695338547229,0.955187439918518,0.0160442851483821,0.164415761828422,0.482413947582245,-0.860224902629852
0.708147823810577,0.0066693620756268,0.953748881816864,0.012748472392559,0.17755962908268,0.480874329805374,-0.858527779579163
0.708231687545776,0.006281716749072,0.953513324260712,0.0121415657922625,0.178448155522346,0.481201082468033,-0.858169198036194
0.708150863647461,0.0059656985104084,0.953276872634888,0.0117087019607424,0.178647994995117,0.481515616178513,-0.857957184314728
0.708081126213074,0.0060829631984233,0.95294463634491,0.0112022804096341,0.178911209106445,0.482270330190659,-0.857485055923462
0.708081126213074,0.0060829631984233,0.95294463634491,0.0112022804096341,0.178911209106445,0.482270330190659,-0.857485055923462
0.707001924514771,0.0049369316548109,0.952031254768372,0.0100742895156145,0.179812073707581,0.479894816875458,-0.858642578125
0.707001924514771,0.0049369316548109,0.952031254768372,0.0100742895156145,0.179812073707581,0.479894816875458,-0.858642578125
0.706713020801544,0.0041465172544121,0.951397180557251,0.0092219766229391,0.179408490657806,0.480368167161941,-0.858471870422363
0.706713020801544,0.0041465172544121,0.951397180557251,0.0092219766229391,0.179408490657806,0.480368167161941,-0.858471870422363
0.706569075584412,0.0038425950333476,0.951288819313049,0.0080617433413863,0.173996299505234,0.485163420438766,-0.856899499893188
0.70625227689743,0.0036556590348482,0.95086658000946,0.007712869439274,0.173324197530746,0.48541584610939,-0.856895983219147
0.705723881721497,0.0036563873291015,0.949979662895203,0.0056527573615312,0.17391075193882,0.487770080566406,-0.855455100536346
0.707348942756653,0.0024334653280675,0.948986232280731,0.0050227888859808,0.181064262986183,0.483977049589157,-0.856128931045532
0.705678045749664,0.0030037905089557,0.948850810527802,0.0053583346307277,0.175091773271561,0.484799176454544,-0.856903672218323
0.705554127693176,0.0027604741044342,0.948314905166626,0.0043338136747479,0.175381869077682,0.484926670789719,-0.856778025627136
0.705095827579498,0.0019788071513175,0.947201073169708,0.0039215735159814,0.178677350282669,0.481851667165756,-0.857833325862885
0.704968333244324,0.0018421886488795,0.946503043174744,0.0023548519238829,0.179149702191353,0.481828659772873,-0.857753396034241
0.704167246818542,0.0020398064516484,0.947147607803345,0.002834650222212,0.170162245631218,0.486238360404968,-0.857093334197998
0.703923940658569,0.0021408665925264,0.945625841617584,-0.000257229199633,0.174715220928192,0.48651510477066,-0.856024324893951
0.703672051429749,0.0017775855958461,0.945347428321838,0.0002789736026898,0.172877132892609,0.484594970941544,-0.857485353946686
0.703672051429749,0.0017775855958461,0.945347428321838,0.0002789736026898,0.172877132892609,0.484594970941544,-0.857485353946686
0.703013598918915,0.0005237194709479,0.943356871604919,-0.0022407486103475,0.176185891032219,0.480490177869797,-0.859117388725281
0.702233672142029,0.0009288424625992,0.94261246919632,-0.0032720188610255,0.174865484237671,0.48157399892807,-0.858776986598969
0.702036142349243,0.0008296472951769,0.941913604736328,-0.0044858860783278,0.174886703491211,0.480533570051193,-0.859349727630615
0.702333629131317,0.0009973933920264,0.941873788833618,-0.0074017569422721,0.170392215251923,0.483011782169342,-0.858842968940735
0.701656639575958,0.0014762273058295,0.940299034118652,-0.0093395067378878,0.174076527357101,0.484441727399826,-0.85727846622467
0.702239990234375,0.0011137356050312,0.93958705663681,-0.009754211641848,0.175255209207535,0.482227325439453,-0.858281552791595
0.700498819351196,0.0002720933407545,0.938749313354492,-0.0101192193105816,0.173422500491142,0.478119850158691,-0.860943496227264
0.700437903404236,0.0015238933265209,0.937731623649597,-0.0137560646981,0.172862246632576,0.482983291149139,-0.85828697681427
0.700067281723022,0.0005949488840997,0.936722934246063,-0.0145619539543986,0.173624604940414,0.476377427577972,-0.861804485321045
0.698658227920532,0.0009786910377442,0.936202943325043,-0.0140823265537619,0.169949159026146,0.477003514766693,-0.862198710441589
0.698203504085541,0.0009821336716413,0.935380935668945,-0.0154864508658647,0.169397041201591,0.476237654685974,-0.862706482410431
0.697761595249176,0.0017069070599973,0.935482442378998,-0.0171463675796985,0.162752240896225,0.479482144117355,-0.862156927585602
0.696124076843262,0.0019743028096854,0.934266209602356,-0.0186450574547052,0.159162476658821,0.481357663869858,-0.861750841140747
0.695904731750488,0.0016852198168635,0.933645367622376,-0.0197074860334396,0.156493037939072,0.477724462747574,-0.864234268665314
0.695273041725159,0.0019062324427068,0.93241012096405,-0.0199613217264413,0.15837699174881,0.476569592952728,-0.864522814750671
0.694988965988159,0.0019331467337906,0.931497752666473,-0.0218330770730972,0.158676490187645,0.475888133049011,-0.864798009395599
0.695166110992432,0.0017964001744985,0.930329084396362,-0.0246044378727674,0.161578416824341,0.475162088871002,-0.86458545923233
0.693350791931152,0.0015824628062546,0.929266154766083,-0.0253978054970502,0.159839257597923,0.471619993448257,-0.866822361946106
0.692723512649536,0.0020701917819678,0.929463803768158,-0.0267311763018369,0.152664884924889,0.474831163883209,-0.86632227897644
0.692207515239716,0.0019823629409074,0.928580641746521,-0.028185261413455,0.152409821748733,0.47413045167923,-0.866704761981964
0.692127108573914,0.0018438468687236,0.927585482597351,-0.0309204794466495,0.153387635946274,0.472908645868301,-0.867106437683105
0.691497921943665,0.002075333148241,0.925954937934876,-0.0339064374566078,0.157567873597145,0.473531126976013,-0.865904688835144
0.690858006477356,0.0015544882044196,0.92605459690094,-0.033363938331604,0.152374640107155,0.471751779317856,-0.867824375629425
0.690225958824158,0.0014185914769768,0.925186634063721,-0.0349915586411953,0.152084618806839,0.471379816532135,-0.868013203144073
0.689972639083862,0.0012893825769424,0.924214959144592,-0.0372535847127437,0.153047993779182,0.470792442560196,-0.868068516254425
0.689492523670197,0.0010452237911522,0.923380732536316,-0.0389314703643322,0.153207868337631,0.470095843076706,-0.868344128131866
0.689240515232086,0.000949659384787,0.922580480575562,-0.0407367832958698,0.153406977653503,0.469406485557556,-0.868599116802216
0.689240515232086,0.000949659384787,0.922580480575562,-0.0407367832958698,0.153406977653503,0.469406485557556,-0.868599116802216
0.688495695590973,0.0002029938623309,0.920665383338928,-0.0450966171920299,0.154397830367088,0.468015223741531,-0.868958830833435
0.688656210899353,-4.82043251395226e-05,0.919281363487244,-0.0476356595754623,0.160428509116173,0.467473775148392,-0.868021786212921
0.687948822975159,-0.0004507638514041,0.918418347835541,-0.0486638620495796,0.159120008349419,0.466642737388611,-0.868652522563934
0.687523245811462,-0.0009951703250408,0.917573928833008,-0.050355214625597,0.159674406051636,0.466280251741409,-0.868649065494537
0.686430990695953,-0.0015757977962493,0.91742730140686,-0.0515481866896152,0.155130073428154,0.466814279556274,-0.869115591049194
0.686002790927887,-0.0020718872547149,0.916478872299194,-0.0535881482064724,0.155957862734795,0.466962933540344,-0.868764102458954
0.685654699802399,-0.002728946506977,0.915706276893616,-0.0551586039364337,0.156880095601082,0.466522485017776,-0.868736445903778
0.685845255851746,-0.003384131938219,0.914705276489258,-0.0582795403897762,0.159610137343407,0.465979814529419,-0.868326485157013
0.685359477996826,-0.0040591275319457,0.913868725299835,-0.0602404177188873,0.161296054720879,0.467265725135803,-0.867189407348633
0.685204982757568,-0.0044609848409891,0.912957906723022,-0.0625138580799102,0.163038209080696,0.466486632823944,-0.867122113704681
0.685338139533997,-0.0056452900171279,0.912252247333527,-0.0645122751593589,0.165716037154198,0.466480255126953,-0.866471290588379
0.686016201972961,-0.0065044797956943,0.910895526409149,-0.0678040832281112,0.173797145485878,0.466209024190903,-0.864781081676483
0.686016201972961,-0.0065044797956943,0.910895526409149,-0.0678040832281112,0.173797145485878,0.466209024190903,-0.864781081676483
0.686004340648651,-0.0080403750762343,0.909637570381165,-0.073276862502098,0.178642407059669,0.46634304523468,-0.863273739814758
0.686320602893829,-0.0091047417372465,0.909271001815796,-0.0764136612415313,0.181322365999222,0.467370510101318,-0.861886262893677
0.686008036136627,-0.0102439001202583,0.90888386964798,-0.0774157792329788,0.182345658540726,0.467651546001434,-0.861428380012512
0.686574220657349,-0.0111574158072471,0.90814483165741,-0.0808683335781097,0.188222825527191,0.467995643615723,-0.859658360481262
0.687417566776276,-0.0124294888228178,0.907057285308838,-0.0842083245515823,0.196722328662872,0.468635588884354,-0.85708224773407
0.687440633773804,-0.0134974755346775,0.907190978527069,-0.0865163579583168,0.197308480739594,0.469554215669632,-0.85621440410614
0.687629461288452,-0.0148184187710285,0.906755268573761,-0.0888029187917709,0.201265037059784,0.471306473016739,-0.8540940284729
0.688044130802155,-0.0157560780644416,0.906324148178101,-0.0914347171783447,0.205362170934677,0.471282660961151,-0.852853298187256
0.68850964307785,-0.0168871656060218,0.905288517475128,-0.0953939408063888,0.213714778423309,0.473561853170395,-0.849096655845642
0.688455939292908,-0.0179004743695259,0.905114650726318,-0.0977973043918609,0.215284183621406,0.475901067256927,-0.847116589546204
0.689782857894897,-0.0196988955140113,0.904759526252747,-0.0995754525065422,0.223210081458092,0.474353581666946,-0.845724999904633
0.690199017524719,-0.0209720470011234,0.904491484165192,-0.101313456892967,0.227215677499771,0.474512010812759,-0.844361841678619
0.689487755298615,-0.0217767059803009,0.90400755405426,-0.10429010540247,0.22886611521244,0.478548407554626,-0.84127002954483
0.689803659915924,-0.0230342708528041,0.904389798641205,-0.105146966874599,0.229231849312782,0.478421926498413,-0.841135680675507
0.691168010234833,-0.0247720628976821,0.903493940830231,-0.10744297504425,0.23951418697834,0.478858053684235,-0.837725520133972
0.691168010234833,-0.0247720628976821,0.903493940830231,-0.10744297504425,0.23951418697834,0.478858053684235,-0.837725520133972
0.689140856266022,-0.0272765420377254,0.903702318668366,-0.10814555734396,0.234459951519966,0.482111036777496,-0.837198913097382
0.689433872699738,-0.0279784686863422,0.902519285678864,-0.11132450401783,0.241278260946274,0.485833495855331,-0.832680881023407
0.689541816711426,-0.0292469076812267,0.902518510818481,-0.11148265004158,0.242218717932701,0.48535880446434,-0.832663595676422
0.687952101230621,-0.0307443048804998,0.902206718921661,-0.112727649509907,0.239303648471832,0.489609271287918,-0.830848336219788
0.687975645065308,-0.0318514332175254,0.902286887168884,-0.112189285457134,0.239367887377739,0.489056318998337,-0.831228315830231
0.687864124774933,-0.0330001898109912,0.902025282382965,-0.11327613145113,0.240725457668304,0.490572214126587,-0.829794347286224
0.686711430549622,-0.0344703905284404,0.901786088943481,-0.11215914785862,0.238769307732582,0.491136908531189,-0.830177128314972
0.686673879623413,-0.0349924117326736,0.901389062404633,-0.113705888390541,0.240579560399055,0.493465662002563,-0.828060448169708
0.685837745666504,-0.036082599312067,0.901165544986725,-0.11320323497057,0.239043161273003,0.494853913784027,-0.827745676040649
0.685494422912598,-0.0371168106794357,0.900842130184174,-0.113643750548363,0.239490315318108,0.495971143245697,-0.82688695192337
0.685426950454712,-0.0382059626281261,0.900438487529755,-0.114131346344948,0.241935148835182,0.496873915195465,-0.825565099716187
0.685426950454712,-0.0382059626281261,0.900438487529755,-0.114131346344948,0.241935148835182,0.496873915195465,-0.825565099716187
0.683640480041504,-0.0403448194265365,0.900313675403595,-0.112831450998783,0.235877797007561,0.500485002994537,-0.825315415859222
0.683310151100159,-0.0410202294588089,0.899722218513489,-0.113093636929989,0.237341821193695,0.50106281042099,-0.824508786201477
0.682373464107513,-0.0417744815349578,0.899804294109344,-0.112681172788143,0.233434438705444,0.502842724323273,-0.824597179889679
0.681604743003845,-0.0424480512738227,0.899577140808105,-0.112362809479237,0.231589213013649,0.504022240638733,-0.824440777301788
0.680500149726868,-0.0431016311049461,0.899168312549591,-0.112301804125309,0.230015158653259,0.507125735282898,-0.822985351085663
0.6796515583992,-0.0433850288391113,0.898982167243958,-0.110562026500702,0.225838884711266,0.505771040916443,-0.825208187103271
0.679997801780701,-0.0447595901787281,0.899069786071777,-0.111416161060333,0.227589443325996,0.506313145160675,-0.824279367923737
0.680008053779602,-0.045461319386959,0.898477435112,-0.112043105065823,0.230970904231071,0.505511283874512,-0.823745787143707
0.679421007633209,-0.0460734628140926,0.898410797119141,-0.111450307071209,0.229138612747192,0.506092727184296,-0.823980867862701
0.678566992282867,-0.0463152304291725,0.898279011249542,-0.112794421613216,0.226901054382324,0.509419679641724,-0.822365462779999
0.678706645965576,-0.0469724163413047,0.898596286773682,-0.11221532523632,0.225861921906471,0.507279932498932,-0.824051678180695
0.67805290222168,-0.0471886545419693,0.897916078567505,-0.113155081868172,0.22626182436943,0.508956909179688,-0.822778403759003
0.678030908107758,-0.0477797389030456,0.898442268371582,-0.112961791455746,0.223432838916779,0.507160007953644,-0.824685513973236
0.677827775478363,-0.0484332405030727,0.898114204406738,-0.113216757774353,0.22388382256031,0.506565093994141,-0.824893832206726
0.677867233753204,-0.0488648824393749,0.898051619529724,-0.114311963319778,0.223620682954788,0.506648421287537,-0.824762940406799
0.677520573139191,-0.0493382215499877,0.898250877857208,-0.114918500185013,0.220947489142418,0.507064342498779,-0.825143456459045
0.677190184593201,-0.0499983616173267,0.898021817207336,-0.114712961018085,0.220462769269943,0.506043255329132,-0.825928151607513
0.677243232727051,-0.0505429245531559,0.898252665996552,-0.116517625749111,0.21848638355732,0.506978809833527,-0.825626969337463
0.677036762237549,-0.0510280430316925,0.897943258285522,-0.118119545280933,0.218651279807091,0.508362531661987,-0.824504017829895
0.67751944065094,-0.0518358685076236,0.898197770118713,-0.118158645927906,0.218597069382668,0.505252480506897,-0.826422274112701
0.67718905210495,-0.0525135211646556,0.897760629653931,-0.119608424603939,0.219645023345947,0.506506443023682,-0.825167298316956
0.677773118019104,-0.0528912656009197,0.89738404750824,-0.12105654925108,0.222372740507126,0.505451381206512,-0.824872434139252
0.678568601608276,-0.0538674220442771,0.897897362709045,-0.121729224920273,0.221356958150864,0.503240644931793,-0.826397001743317
0.67852520942688,-0.054576925933361,0.897754669189453,-0.122597776353359,0.221324279904366,0.503176927566528,-0.826316118240356
0.679383218288422,-0.0556478649377822,0.897611379623413,-0.123046822845936,0.224681377410889,0.499198883771896,-0.827754974365234
0.679546117782593,-0.0560692884027957,0.897156596183777,-0.124772064387798,0.226435780525207,0.498562067747116,-0.827402293682098
0.680038034915924,-0.0568901449441909,0.897443115711212,-0.125947400927544,0.225353792309761,0.499786198139191,-0.82678097486496
0.679676473140717,-0.0577133074402809,0.896619260311127,-0.125808462500572,0.228172406554222,0.4952192902565,-0.828774690628052
