x,y,z,q0,q1,q2,q3
-0.585349917411804,0.184291303157806,1.24005770683289,-0.424080610275268,0.349344551563263,0.611289501190186,0.569595634937286
-0.586086273193359,0.184213250875473,1.23992466926575,-0.425362288951874,0.349377930164337,0.612310290336609,0.567519307136536
-0.587063431739807,0.184020102024078,1.23987078666687,-0.42693355679512,0.348999232053757,0.613361895084381,0.565433144569397
-0.587758183479309,0.18379020690918,1.2397872209549,-0.427863538265228,0.348880082368851,0.614510893821716,0.563553035259247
-0.588535964488983,0.183436155319214,1.23967897891998,-0.428805768489838,0.348504930734634,0.615649104118347,0.561824142932892
-0.589432060718536,0.183176815509796,1.23956918716431,-0.429881602525711,0.347791373729706,0.616877555847168,0.560093879699707
-0.590061187744141,0.182997569441795,1.23940432071686,-0.430868536233902,0.347782254219055,0.617897748947144,0.558213651180267
-0.590966880321503,0.182771682739258,1.23930549621582,-0.432146072387695,0.347266942262649,0.61860591173172,0.556760609149933
-0.591979920864105,0.182567894458771,1.23953628540039,-0.43366339802742,0.346645951271057,0.619002819061279,0.555525302886963
-0.592472672462463,0.182447820901871,1.23915016651154,-0.434381991624832,0.346596360206604,0.620050609111786,0.553823828697205
-0.593246698379517,0.182211458683014,1.23908042907715,-0.435368835926056,0.346154153347015,0.620514929294586,0.552804231643677
-0.593808472156525,0.181889280676842,1.23891723155975,-0.43629589676857,0.345365822315216,0.621634602546692,0.55130660533905
-0.593808472156525,0.181889280676842,1.23891723155975,-0.43629589676857,0.345365822315216,0.621634602546692,0.55130660533905
-0.597057640552521,0.181420773267746,1.23996651172638,-0.441553443670273,0.343077838420868,0.619795858860016,0.550619125366211
-0.59762716293335,0.181096762418747,1.23989760875702,-0.442622870206833,0.342299908399582,0.62034684419632,0.549623250961304
-0.596357941627502,0.181183576583862,1.23868131637573,-0.440289288759232,0.344498097896576,0.622541308403015,0.54763925075531
-0.599003672599792,0.180766895413399,1.23973953723907,-0.443993926048279,0.340680480003357,0.626597702503204,0.542385160923004
-0.599436283111572,0.180577918887138,1.23974704742432,-0.444893032312393,0.341040700674057,0.621875703334808,0.546838402748108
-0.599904537200928,0.180218860507011,1.23977267742157,-0.445065677165985,0.340615510940552,0.622503757476807,0.546248078346252
-0.60027003288269,0.180166736245155,1.2396627664566,-0.445191413164139,0.34080097079277,0.622782349586487,0.545711934566498
-0.600581467151642,0.179835334420204,1.23966825008392,-0.445468813180923,0.340401649475098,0.627562701702118,0.540230929851532
-0.601089417934418,0.179575353860855,1.23955059051514,-0.445735931396484,0.339923620223999,0.62792706489563,0.539888143539429
-0.601463079452515,0.179400146007538,1.23959577083588,-0.446065843105316,0.339541465044022,0.628286004066467,0.539438307285309
-0.601843595504761,0.179212123155594,1.23958766460419,-0.445975303649902,0.33894407749176,0.628699779510498,0.539406597614288
-0.601060748100281,0.179124176502228,1.23832511901855,-0.443920105695724,0.340057849884033,0.626242280006409,0.54324609041214
-0.601302623748779,0.178996607661247,1.2383474111557,-0.444112330675125,0.339101046323776,0.630779087543488,0.538416802883148
-0.603050291538239,0.178713828325272,1.23952984809875,-0.446639955043793,0.337060779333115,0.629453480243683,0.539158046245575
-0.603050291538239,0.178713828325272,1.23952984809875,-0.446639955043793,0.337060779333115,0.629453480243683,0.539158046245575
-0.603162348270416,0.178410410881042,1.23954892158508,-0.445684373378754,0.337038785219193,0.630126893520355,0.539175748825073
-0.603373825550079,0.178287833929062,1.23964083194733,-0.445758730173111,0.337308555841446,0.625998079776764,0.54373562335968
-0.603627145290375,0.178160950541496,1.23967123031616,-0.445635765790939,0.336815685033798,0.62623256444931,0.543872356414795
-0.603844583034515,0.17805752158165,1.2396981716156,-0.445353478193283,0.336565941572189,0.626364231109619,0.544106364250183
-0.603844583034515,0.17805752158165,1.2396981716156,-0.445353478193283,0.336565941572189,0.626364231109619,0.544106364250183
-0.604467868804932,0.177863001823425,1.23971307277679,-0.445378482341766,0.335332423448563,0.626537799835205,0.544647395610809
-0.603748142719269,0.177965432405472,1.23860967159271,-0.443706631660461,0.335477590560913,0.627959609031677,0.544284760951996
-0.604069471359253,0.177925989031792,1.23892641067505,-0.443844944238663,0.335197001695633,0.627617657184601,0.544739305973053
-0.604291021823883,0.177884548902512,1.23896276950836,-0.44386950135231,0.334765553474426,0.627547442913055,0.545065343379974
-0.604399740695953,0.177870243787766,1.23924005031586,-0.443763732910156,0.334849745035172,0.627208292484283,0.545489966869354
-0.604552030563354,0.177789270877838,1.23931324481964,-0.443784594535828,0.334468752145767,0.627113938331604,0.545815110206604
-0.604685366153717,0.177765518426895,1.23934984207153,-0.443812519311905,0.334218919277191,0.626987159252167,0.546091079711914
-0.604819536209106,0.177744925022125,1.23940062522888,-0.443702191114426,0.334185779094696,0.626736760139465,0.546488225460052
-0.604913890361786,0.177757769823074,1.23946130275726,-0.443762511014938,0.334038764238357,0.626582622528076,0.546705842018127
-0.604998528957367,0.177765548229218,1.23950409889221,-0.443773031234741,0.333899229764938,0.626472473144531,0.546908795833588
-0.604998528957367,0.177765548229218,1.23950409889221,-0.443773031234741,0.333899229764938,0.626472473144531,0.546908795833588
-0.605390191078186,0.17774623632431,1.2400004863739,-0.444094479084015,0.333629608154297,0.625838696956635,0.547537684440613
-0.605416595935822,0.177811086177826,1.24003911018372,-0.444175720214844,0.333449274301529,0.625847101211548,0.547571957111359
-0.605520963668823,0.177881583571434,1.24000322818756,-0.444208413362503,0.333116173744202,0.625861346721649,0.547731637954712
-0.605425775051117,0.177908450365067,1.24013388156891,-0.444146484136581,0.332983195781708,0.625998616218567,0.547706127166748
-0.605493307113647,0.178001761436462,1.24038434028625,-0.443983733654022,0.332324892282486,0.630456686019897,0.543105244636536
-0.605447351932526,0.178046226501465,1.24040842056274,-0.44383916258812,0.332229018211365,0.63040417432785,0.54334282875061
-0.606118023395538,0.17809721827507,1.240562915802,-0.444874286651611,0.331440657377243,0.629757881164551,0.543727040290833
-0.605965256690979,0.178160458803177,1.24065625667572,-0.444571733474731,0.331442952156067,0.629797697067261,0.54392683506012
-0.605879426002502,0.178261816501617,1.24068772792816,-0.443928837776184,0.331076204776764,0.629819273948669,0.54464989900589
-0.605004489421844,0.178436547517776,1.24059891700745,-0.442526489496231,0.332740068435669,0.625682950019836,0.549522876739502
-0.604957342147827,0.178571999073029,1.24068534374237,-0.442322671413422,0.332533210515976,0.625597596168518,0.549909353256226
-0.604893863201141,0.178689450025558,1.24079871177673,-0.441891014575958,0.332309722900391,0.625381529331207,0.550636470317841
-0.605030655860901,0.178741455078125,1.24108552932739,-0.442127227783203,0.331949979066849,0.624846160411835,0.551271259784698
-0.604910433292389,0.178776025772095,1.2411162853241,-0.441402524709701,0.331709831953049,0.624690294265747,0.552172601222992
-0.604854166507721,0.178948655724525,1.24127602577209,-0.441358745098114,0.331451892852783,0.624253809452057,0.552855610847473
-0.605118334293365,0.179041028022766,1.24141752719879,-0.441582590341568,0.33084237575531,0.623436748981476,0.553962707519531
-0.605021178722382,0.17917500436306,1.24145328998566,-0.441038727760315,0.331001430749893,0.622491657733917,0.555362462997437
-0.604929685592651,0.179314106702805,1.24155020713806,-0.440911680459976,0.330913901329041,0.621919929981232,0.556155323982239
-0.604790389537811,0.179445475339889,1.24165427684784,-0.440711915493011,0.330712854862213,0.621119976043701,0.557326018810272
-0.604651093482971,0.179545789957047,1.24171411991119,-0.439658790826797,0.329555511474609,0.625085711479187,0.554401636123657
-0.604479789733887,0.179671883583069,1.241779088974,-0.439955323934555,0.329604983329773,0.623924791812897,0.555443823337555
-0.604316532611847,0.179801270365715,1.24186599254608,-0.439845055341721,0.329385071992874,0.623226702213287,0.556444466114044
-0.603973746299744,0.179990082979202,1.2420551776886,-0.439669489860535,0.329970151185989,0.622249662876129,0.55732923746109
-0.603756129741669,0.180153161287308,1.24212563037872,-0.438897967338562,0.329819709062576,0.621882975101471,0.558434724807739
-0.602662324905396,0.18047034740448,1.24098718166351,-0.437181532382965,0.330399423837662,0.62231981754303,0.558951318264008
-0.603915154933929,0.180498212575912,1.24220788478851,-0.439430862665176,0.329234778881073,0.619885265827179,0.560577809810638
-0.6022829413414,0.180805414915085,1.24112570285797,-0.436872214078903,0.330635577440262,0.62104469537735,0.560469627380371
-0.602092862129211,0.18099057674408,1.24122381210327,-0.436896771192551,0.330656707286835,0.620364665985107,0.561190783977509
-0.60284548997879,0.181059837341309,1.24241006374359,-0.438362538814545,0.330123722553253,0.618305325508118,0.562632143497467
-0.602830111980438,0.18130025267601,1.24255967140198,-0.438532888889313,0.330042839050293,0.617573738098145,0.563350141048431
-0.601502180099487,0.181525558233261,1.24133265018463,-0.436472952365875,0.330632299184799,0.618878722190857,0.563172221183777
-0.602177023887634,0.18169005215168,1.24278569221497,-0.437876164913177,0.33086234331131,0.616711437702179,0.564324259757996
-0.601893961429596,0.18188351392746,1.24285125732422,-0.438035488128662,0.331593751907349,0.615614116191864,0.564968764781952
-0.601617217063904,0.182090014219284,1.24293100833893,-0.437933743000031,0.331672519445419,0.615400075912476,0.56523472070694
-0.60138076543808,0.182248800992966,1.24304258823395,-0.437875986099243,0.331527858972549,0.615381836891174,0.565384387969971
-0.601223945617676,0.182420179247856,1.24309122562408,-0.437577307224274,0.331392377614975,0.615263223648071,0.565823614597321
-0.601161301136017,0.182557210326195,1.24311935901642,-0.43710008263588,0.330665707588196,0.615732967853546,0.566106677055359
-0.601009845733643,0.182737112045288,1.2431982755661,-0.436946839094162,0.330489814281464,0.615605235099792,0.566466569900513
-0.600843667984009,0.182944059371948,1.24325025081635,-0.436668425798416,0.330523520708084,0.615431904792786,0.566849708557129
-0.598882734775543,0.183248788118362,1.24224472045898,-0.43364554643631,0.332255333662033,0.617134869098663,0.566306114196777
-0.598882734775543,0.183248788118362,1.24224472045898,-0.43364554643631,0.332255333662033,0.617134869098663,0.566306114196777
-0.600517511367798,0.183677405118942,1.24349904060364,-0.436590403318405,0.330062478780746,0.614859163761139,0.567799389362335
-0.600544631481171,0.183931574225426,1.24351668357849,-0.436763077974319,0.330020040273666,0.610745191574097,0.572114527225494
-0.598416268825531,0.184359461069107,1.24249315261841,-0.43324401974678,0.332400113344193,0.612672030925751,0.571351766586304
-0.598416268825531,0.184359461069107,1.24249315261841,-0.43324401974678,0.332400113344193,0.612672030925751,0.571351766586304
-0.598233163356781,0.184709057211876,1.24259543418884,-0.432760149240494,0.331637889146805,0.612778127193451,0.572047173976898
-0.600039422512054,0.184857875108719,1.24385762214661,-0.43563574552536,0.329088568687439,0.610948801040649,0.573292076587677
-0.599943518638611,0.185110211372375,1.24388957023621,-0.434990525245667,0.328617662191391,0.610451877117157,0.574580252170563
-0.599824190139771,0.185365706682205,1.24394190311432,-0.434727966785431,0.328535735607147,0.610546886920929,0.574724495410919
-0.599751770496368,0.185756385326385,1.24402725696564,-0.434930860996246,0.328694075345993,0.610983729362488,0.574015915393829
-0.599685192108154,0.185907021164894,1.24411177635193,-0.434747695922852,0.328136682510376,0.61107987165451,0.57437139749527
-0.599685192108154,0.185907021164894,1.24411177635193,-0.434747695922852,0.328136682510376,0.61107987165451,0.57437139749527
-0.599544703960419,0.186616629362106,1.24415123462677,-0.434586405754089,0.327372699975967,0.611225128173828,0.574774622917175
-0.599603950977325,0.186930313706398,1.24407434463501,-0.434531509876251,0.326925605535507,0.611070275306702,0.57523500919342
-0.59770405292511,0.187376111745834,1.24287366867065,-0.431247055530548,0.328822016716003,0.612960934638977,0.57461404800415
-0.59754890203476,0.187749624252319,1.2429279088974,-0.43128764629364,0.32862451672554,0.613104045391083,0.574543714523315
-0.597549438476562,0.18818935751915,1.2429370880127,-0.431258320808411,0.328673481941223,0.612803637981415,0.574858069419861
-0.597501695156097,0.188512146472931,1.24293839931488,-0.430883318185806,0.32823458313942,0.612304031848907,0.575921535491943
-0.597372710704803,0.188830316066742,1.24437344074249,-0.431084543466568,0.329451233148575,0.61137330532074,0.576064884662628
-0.59729391336441,0.189164847135544,1.24434912204742,-0.431272596120834,0.32946440577507,0.611915528774261,0.575340688228607
-0.597224295139313,0.18952502310276,1.24433267116547,-0.431372702121735,0.329180687665939,0.611980676651001,0.57535856962204
-0.597171187400818,0.189789742231369,1.24289834499359,-0.430823683738708,0.327572554349899,0.612723827362061,0.575896620750427
-0.596862316131592,0.190209299325943,1.24276554584503,-0.430751115083694,0.327827244997024,0.61259263753891,0.575945496559143
-0.596760392189026,0.190635457634926,1.24282932281494,-0.430601567029953,0.327489703893661,0.612962484359741,0.575855672359467
-0.596543848514557,0.19111904501915,1.24278485774994,-0.430839270353317,0.327880859375,0.612498939037323,0.575948476791382
-0.598284602165222,0.191417127847672,1.24391233921051,-0.433927476406097,0.325795739889145,0.610597014427185,0.576832294464111
-0.598237276077271,0.191752269864082,1.24384331703186,-0.433416992425919,0.32548263669014,0.610957086086273,0.577011525630951
-0.59815114736557,0.192138373851776,1.24381852149963,-0.433330595493317,0.325327545404434,0.610908508300781,0.577215194702148
-0.596098065376282,0.192675352096558,1.24262225627899,-0.430028229951859,0.326876878738403,0.612236320972443,0.577402830123901
-0.596098065376282,0.192675352096558,1.24262225627899,-0.430028229951859,0.326876878738403,0.612236320972443,0.577402830123901
-0.59592068195343,0.19349730014801,1.24258756637573,-0.430575221776962,0.327142536640167,0.612036764621735,0.577055990695953
-0.595705389976501,0.193859949707985,1.2425400018692,-0.430547088384628,0.326900690793991,0.612103283405304,0.577143728733063
-0.595645844936371,0.194527149200439,1.24254488945007,-0.43054336309433,0.326984375715256,0.611686408519745,0.577540993690491
-0.595339179039001,0.194901242852211,1.24245011806488,-0.430315852165222,0.326905816793442,0.611794769763947,0.577640295028687
-0.595324635505676,0.195416912436485,1.24253952503204,-0.430509626865387,0.326846539974213,0.611263394355774,0.57809191942215
-0.59702342748642,0.195778861641884,1.24355530738831,-0.433377414941788,0.324243724346161,0.613423347473145,0.575119018554688
-0.596930086612701,0.196297764778137,1.24348616600037,-0.432793855667114,0.324761152267456,0.608459830284119,0.580514013767242
-0.595062136650085,0.196745216846466,1.24381875991821,-0.430064141750336,0.327683955430984,0.609054625034332,0.580276370048523
-0.594896376132965,0.197251662611961,1.24234867095947,-0.42983341217041,0.325993478298187,0.609944641590118,0.580464482307434
-0.594721734523773,0.197712004184723,1.2423323392868,-0.429877787828445,0.32612407207489,0.610348999500275,0.579933047294617
-0.594721734523773,0.197712004184723,1.2423323392868,-0.429877787828445,0.32612407207489,0.610348999500275,0.579933047294617
-0.59439617395401,0.198628276586533,1.24238109588623,-0.429559320211411,0.325868993997574,0.610008895397186,0.580669701099396
-0.594259738922119,0.199100226163864,1.24232876300812,-0.429239988327026,0.324990153312683,0.614169239997864,0.577001452445984
-0.594259738922119,0.199100226163864,1.24232876300812,-0.429239988327026,0.324990153312683,0.614169239997864,0.577001452445984
-0.593985795974731,0.199978932738304,1.24217975139618,-0.428687751293182,0.325046747922897,0.613667547702789,0.577913224697113
-0.59563934803009,0.20031526684761,1.24323618412018,-0.431769520044327,0.322656899690628,0.611830472946167,0.57890522480011
-0.595459878444672,0.200833141803741,1.24322152137756,-0.431293219327927,0.323004752397537,0.606756091117859,0.58438116312027
-0.593372046947479,0.201457113027573,1.2421863079071,-0.428871780633926,0.32510781288147,0.61246657371521,0.579015374183655
-0.593232870101929,0.202064752578735,1.2420916557312,-0.429095327854156,0.324968606233597,0.612005174160004,0.579415678977966
-0.593081951141357,0.202387750148773,1.2420802116394,-0.428746283054352,0.324309557676315,0.612344145774841,0.579684853553772
-0.593008816242218,0.202702030539513,1.24354064464569,-0.429654866456985,0.325632482767105,0.610485434532166,0.580230891704559
-0.592869758605957,0.202994912862778,1.24354016780853,-0.429305970668793,0.324932605028152,0.610992014408112,0.580348134040833
-0.592674314975739,0.203615307807922,1.24202871322632,-0.42866313457489,0.324113219976425,0.611565351486206,0.580677390098572
-0.59250146150589,0.204090923070908,1.24195325374603,-0.428951114416122,0.324276626110077,0.610637843608856,0.581349492073059
-0.592363357543945,0.204458892345428,1.24227023124695,-0.42902147769928,0.323724657297134,0.610701203346252,0.581538558006287
-0.59209543466568,0.205097436904907,1.24200665950775,-0.429004818201065,0.323871612548828,0.610381841659546,0.581804215908051
-0.591948807239532,0.205536216497421,1.24193406105042,-0.428549140691757,0.323781400918961,0.610194444656372,0.582386553287506
-0.591850101947784,0.205998003482819,1.24187970161438,-0.428745865821838,0.323480904102325,0.610010385513306,0.582601428031921
-0.59152764081955,0.206387609243393,1.24180614948273,-0.428870022296906,0.323872119188309,0.60927951335907,0.583057403564453
-0.591351926326752,0.206777200102806,1.24176681041718,-0.428827702999115,0.324071288108826,0.608761012554169,0.583519220352173
-0.591043531894684,0.207331985235214,1.24169433116913,-0.429231375455856,0.324560254812241,0.607939422130585,0.583807170391083
-0.590911865234375,0.207624495029449,1.24164164066315,-0.42844232916832,0.324185162782669,0.608110129833221,0.584417045116425
-0.590721011161804,0.208051353693008,1.24153530597687,-0.42836982011795,0.324158430099487,0.607774913311005,0.584833681583405
-0.590577065944672,0.208664655685425,1.24152362346649,-0.42914006114006,0.32438850402832,0.606840252876282,0.585111975669861
-0.590373933315277,0.209096014499664,1.24151372909546,-0.429488867521286,0.324987918138504,0.605813920497894,0.585586726665497
-0.592104613780975,0.209563225507736,1.24254393577576,-0.432297080755234,0.32296359539032,0.603996157646179,0.586517333984375
-0.590045869350433,0.209951460361481,1.24149084091187,-0.429481655359268,0.324635237455368,0.605806171894073,0.585795521736145
-0.589816987514496,0.210351452231407,1.2414265871048,-0.429082930088043,0.32434293627739,0.606019854545593,0.586028695106506
-0.589716911315918,0.210648491978645,1.24136650562286,-0.429129004478455,0.324847221374512,0.604954183101654,0.586816132068634
-0.589675903320312,0.211160689592361,1.24138796329498,-0.429385513067245,0.324606537818909,0.604703962802887,0.587019681930542
-0.589521110057831,0.211512237787247,1.24132513999939,-0.429352134466171,0.324744015932083,0.604161858558655,0.587525844573975
-0.589384377002716,0.211936503648758,1.24120557308197,-0.429439395666122,0.324717611074448,0.603764235973358,0.587885200977325
-0.589184403419495,0.212446749210358,1.24115610122681,-0.429624736309052,0.325358033180237,0.60284286737442,0.588341116905212
-0.589132487773895,0.212748095393181,1.24109947681427,-0.42959851026535,0.325156807899475,0.602370500564575,0.588955044746399
-0.589053869247437,0.213075041770935,1.2410740852356,-0.429717272520065,0.324972033500671,0.602015495300293,0.589333176612854
-0.589041590690613,0.213493496179581,1.24103140830994,-0.430299311876297,0.324558019638062,0.601669073104858,0.589490294456482
-0.588892459869385,0.213854223489761,1.2409040927887,-0.43015930056572,0.324633777141571,0.601332664489746,0.589894115924835
-0.58882874250412,0.214176326990128,1.24085938930511,-0.429924607276917,0.324183374643326,0.601492643356323,0.590149641036987
-0.590713739395142,0.214758425951004,1.24162197113037,-0.433399677276611,0.321866303682327,0.599312841892242,0.591093242168427
-0.590835869312286,0.215269446372986,1.24146127700806,-0.433771878480911,0.32231417298317,0.59796541929245,0.59194028377533
-0.59080559015274,0.215770214796066,1.24135386943817,-0.434180557727814,0.322066634893417,0.597502887248993,0.592242002487183
-0.590726733207703,0.216168999671936,1.24134516716003,-0.43461999297142,0.321795403957367,0.597055017948151,0.592518925666809
-0.590619206428528,0.216396644711494,1.24122071266174,-0.434399664402008,0.321368813514709,0.59720367193222,0.592762172222137
-0.590649783611298,0.216928794980049,1.24116539955139,-0.434621512889862,0.321626633405685,0.596416652202606,0.593251824378967
-0.590389668941498,0.217244371771812,1.24113261699677,-0.434197396039963,0.321300059556961,0.596808612346649,0.593345165252686
-0.590279102325439,0.217477947473526,1.24106335639954,-0.434461116790771,0.321683466434479,0.595697522163391,0.594060480594635
-0.590268909931183,0.217703431844711,1.24084401130676,-0.43471759557724,0.321143060922623,0.595459759235382,0.594403684139252
-0.590121269226074,0.218182951211929,1.24079430103302,-0.434667885303497,0.321701258420944,0.594893157482147,0.594705402851105
-0.590076148509979,0.218696504831314,1.24059534072876,0.434695571660995,-0.322073042392731,-0.594305455684662,-0.595071256160736
-0.589985191822052,0.21892461180687,1.24048149585724,0.434894144535065,-0.321894705295563,-0.594020009040833,-0.59530770778656
-0.589941143989563,0.219405636191368,1.24033796787262,0.435587674379349,-0.322127610445023,-0.593105971813202,-0.595585882663727
-0.589898705482483,0.219765663146973,1.24022233486176,0.435924530029297,-0.322052747011185,-0.592617750167847,-0.595865905284882
-0.589906334877014,0.220103859901428,1.2400940656662,0.435840398073196,-0.321500390768051,-0.592925608158112,-0.5959193110466
-0.589883744716644,0.220439583063126,1.24000430107117,0.436083406209946,-0.321683704853058,-0.592136383056641,-0.596427381038666
-0.589909970760345,0.220739394426346,1.23988747596741,0.436165452003479,-0.321553111076355,-0.591897964477539,-0.596674144268036
-0.58773672580719,0.221066161990166,1.24008572101593,0.433493107557297,-0.325011163949966,-0.592850208282471,-0.595802247524261
-0.58995920419693,0.221423909068108,1.23960077762604,0.437509834766388,-0.321488827466965,-0.590664446353912,-0.596947014331818
-0.589884519577026,0.221791982650757,1.23948276042938,0.437461078166962,-0.321954935789108,-0.590068459510803,-0.597320973873138
-0.589652121067047,0.222096651792526,1.23945879936218,0.437639743089676,-0.322078943252563,-0.589936971664429,-0.597253024578094
-0.586968660354614,0.22233635187149,1.23985731601715,0.434079259634018,-0.326513200998306,-0.590932548046112,-0.596458852291107
-0.586968660354614,0.22233635187149,1.23985731601715,0.434079259634018,-0.326513200998306,-0.590932548046112,-0.596458852291107
-0.587027430534363,0.22295805811882,1.23956906795502,0.435099631547928,-0.3257856965065,-0.590227007865906,-0.596811473369598
-0.587090790271759,0.223348751664162,1.23946690559387,0.435413837432861,-0.325767517089844,-0.58982127904892,-0.596993386745453
-0.587121367454529,0.223650097846985,1.23938643932343,0.435908764600754,-0.325487345457077,-0.589507520198822,-0.597095012664795
-0.587164461612701,0.22385385632515,1.23931813240051,0.436139464378357,-0.325350522994995,-0.589135468006134,-0.597368359565735
-0.587216973304749,0.224070459604263,1.23910009860992,0.436451017856598,-0.324990689754486,-0.588833451271057,-0.597634494304657
-0.587258279323578,0.224354028701782,1.23901700973511,0.436736822128296,-0.324854016304016,-0.588526248931885,-0.597802460193634
-0.58734518289566,0.224716767668724,1.23892271518707,0.437504351139069,-0.324602216482162,-0.588123381137848,-0.59777444601059
-0.587274491786957,0.224981099367142,1.23879849910736,0.437618225812912,-0.32460081577301,-0.587908804416656,-0.597902953624725
-0.587265193462372,0.225262403488159,1.23879134654999,0.437842130661011,-0.324678719043732,-0.587512314319611,-0.598086357116699
-0.587224304676056,0.225571244955063,1.23869502544403,0.437791049480438,-0.324942499399185,-0.587129592895508,-0.598356425762177
-0.587192118167877,0.225792229175568,1.23862075805664,0.437609165906906,-0.324833661317825,-0.587131261825562,-0.5985466837883
-0.587185800075531,0.226074621081352,1.23856914043427,0.437785565853119,-0.324899643659592,-0.586687386035919,-0.59881728887558
-0.587867915630341,0.22636966407299,1.23858320713043,0.439665883779526,-0.323879390954971,-0.58550238609314,-0.599151909351349
-0.58783745765686,0.226614370942116,1.23850953578949,0.439809560775757,-0.323895215988159,-0.585208773612976,-0.599324584007263
-0.587868630886078,0.226848751306534,1.23844385147095,0.439708143472672,-0.324178755283356,-0.58469569683075,-0.599746584892273
-0.587821185588837,0.226992875337601,1.23838043212891,0.439723581075668,-0.32425582408905,-0.584328234195709,-0.600051641464233
-0.5877525806427,0.22715550661087,1.23828101158142,0.439541190862656,-0.324109971523285,-0.584488213062286,-0.60010814666748
-0.587667107582092,0.227393805980682,1.23822379112244,0.440227478742599,-0.324188381433487,-0.583822727203369,-0.600210547447205
-0.587558090686798,0.227595865726471,1.23819887638092,0.440694808959961,-0.323926508426666,-0.583764731884003,-0.600065290927887
-0.587472796440125,0.227830052375793,1.23813712596893,0.440942734479904,-0.323920071125031,-0.583563685417175,-0.600082457065582
-0.587385058403015,0.228176057338715,1.23810434341431,0.441179305315018,-0.32416906952858,-0.583073318004608,-0.600250661373138
-0.587302446365356,0.228353872895241,1.23809778690338,0.441244930028915,-0.324274122714996,-0.582752585411072,-0.60045713186264
-0.587229311466217,0.228524059057236,1.23804223537445,0.441295176744461,-0.324343830347061,-0.582420468330383,-0.600704610347748
-0.587130010128021,0.228690087795258,1.23800933361053,0.441288411617279,-0.324469089508057,-0.58210688829422,-0.600945711135864
-0.587037324905396,0.228847071528435,1.23797261714935,0.441259831190109,-0.324545413255691,-0.581705391407013,-0.6013143658638
-0.586909353733063,0.228989839553833,1.23794460296631,0.441166967153549,-0.324704229831696,-0.581401109695435,-0.601590871810913
-0.586769223213196,0.229134738445282,1.23790276050568,0.440706640481949,-0.324489116668701,-0.581783473491669,-0.601674735546112
-0.58663272857666,0.229226872324943,1.23781597614288,0.441156178712845,-0.324798583984375,-0.58105343580246,-0.601883709430695
-0.586520552635193,0.229379832744598,1.23778593540192,0.440861612558365,-0.324607998132706,-0.581398904323578,-0.60186904668808
-0.586387455463409,0.229526579380035,1.23776304721832,0.440791755914688,-0.324760943651199,-0.581210374832153,-0.602019786834717
-0.586262285709381,0.229645788669586,1.23774361610413,0.440743297338486,-0.324956446886063,-0.581061124801636,-0.602093696594238
-0.586117029190063,0.229789674282074,1.23771476745605,0.44082373380661,-0.32506462931633,-0.580859839916229,-0.602170407772064
-0.585970222949982,0.229932546615601,1.23772323131561,0.441036254167557,-0.325630724430084,-0.580273509025574,-0.602274537086487
-0.586398303508759,0.230115205049515,1.23730659484863,0.441846966743469,-0.32463338971138,-0.580027341842651,-0.602455735206604
-0.58611935377121,0.230186343193054,1.23735594749451,0.441518574953079,-0.32507786154747,-0.58008086681366,-0.602405369281769
-0.585856199264526,0.230333477258682,1.23734784126282,0.441125303506851,-0.325784891843796,-0.579937100410461,-0.602449893951416
-0.585642755031586,0.23040409386158,1.23737740516663,0.440964311361313,-0.326148450374603,-0.579929351806641,-0.602378308773041
-0.585489749908447,0.23034930229187,1.23737680912018,0.440777868032455,-0.326265841722488,-0.579982995986938,-0.602399468421936
-0.585304856300354,0.230462104082107,1.23742878437042,0.44088089466095,-0.326271802186966,-0.58022266626358,-0.602090239524841
-0.585291504859924,0.230582743883133,1.23737692832947,0.440805822610855,-0.32666352391243,-0.579949378967285,-0.602196097373962
-0.58512818813324,0.230649530887604,1.23739326000214,0.440753668546677,-0.326947957277298,-0.579985737800598,-0.602044820785522
-0.584976494312286,0.23070952296257,1.23739087581635,0.440732628107071,-0.327201813459396,-0.580010116100311,-0.601898789405823
-0.584833800792694,0.230765849351883,1.23740434646606,0.440749943256378,-0.327437579631805,-0.580023646354675,-0.601744771003723
-0.58463180065155,0.230740487575531,1.2373913526535,0.440977782011032,-0.327197104692459,-0.580413222312927,-0.601332902908325
-0.584498524665833,0.230781078338623,1.23737680912018,0.440963327884674,-0.32743901014328,-0.580410659313202,-0.601214170455933
-0.584326207637787,0.2308429479599,1.23741316795349,0.440899968147278,-0.32781907916069,-0.580425441265106,-0.601039290428162
-0.584202468395233,0.230853289365768,1.23740553855896,0.440850824117661,-0.328046828508377,-0.580473124980927,-0.600905179977417
-0.584088563919067,0.230878666043281,1.23740720748901,0.440938502550125,-0.328291326761246,-0.5804363489151,-0.600742757320404
-0.584006547927856,0.230958193540573,1.23742890357971,0.440972656011581,-0.328633934259415,-0.580342590808868,-0.600620746612549
-0.583918809890747,0.230967253446579,1.23744475841522,0.440991014242172,-0.328841298818588,-0.580344438552856,-0.600492000579834
-0.58381986618042,0.231035888195038,1.2374666929245,0.440941035747528,-0.329204946756363,-0.580263555049896,-0.600407779216766
-0.583728790283203,0.2309460490942,1.23751318454742,0.44090348482132,-0.329352021217346,-0.580287158489227,-0.600331723690033
-0.583673298358917,0.231018424034119,1.23755812644958,0.440969467163086,-0.329358249902725,-0.580485701560974,-0.600087881088257
-0.583612501621246,0.230939477682114,1.23762488365173,0.44094318151474,-0.32947826385498,-0.580506682395935,-0.600021064281464
-0.583617031574249,0.231056839227676,1.23764026165009,0.441085398197174,-0.329730659723282,-0.580364465713501,-0.599915385246277
-0.583547592163086,0.231036841869354,1.23771822452545,0.441350340843201,-0.329921811819076,-0.58020555973053,-0.599769115447998
-0.583485662937164,0.230941027402878,1.23779988288879,0.441316455602646,-0.330010145902634,-0.580242574214935,-0.599709570407867
-0.583452939987183,0.230901569128036,1.2378716468811,0.441410958766937,-0.330026268959045,-0.580263793468475,-0.599610686302185
-0.583401679992676,0.230870187282562,1.23794198036194,0.441521525382996,-0.330054521560669,-0.580321431159973,-0.59945809841156
-0.58334094285965,0.230927407741547,1.23804986476898,0.441869765520096,-0.330005884170532,-0.580520272254944,-0.599035620689392
-0.583341836929321,0.230911567807197,1.23813331127167,0.442035973072052,-0.329963088035583,-0.58053582906723,-0.598921537399292
-0.583292007446289,0.23080138862133,1.2382345199585,0.442041724920273,-0.329976618289948,-0.580664992332458,-0.598784327507019
-0.583320021629333,0.230881363153458,1.23827397823334,0.442237317562103,-0.330114126205444,-0.58059298992157,-0.59863406419754
-0.583254039287567,0.230740517377853,1.238410115242,0.442464262247086,-0.329864531755447,-0.580928087234497,-0.598278641700745
-0.583195090293884,0.230537623167038,1.23851656913757,0.44249638915062,-0.329714119434357,-0.58112645149231,-0.598145306110382
-0.58313375711441,0.230462610721588,1.23862016201019,0.442536890506744,-0.329764723777771,-0.58130407333374,-0.59791487455368
-0.583058834075928,0.230379179120064,1.23871397972107,0.442491948604584,-0.330033540725708,-0.581305265426636,-0.597798466682434
-0.583022832870483,0.230337083339691,1.23880672454834,0.442637175321579,-0.330094009637833,-0.581435263156891,-0.597531080245972
-0.582942128181458,0.230293929576874,1.23891139030457,0.442742675542831,-0.330177277326584,-0.581672608852386,-0.59717583656311
-0.58287388086319,0.230273544788361,1.23903131484985,0.442842900753021,-0.330195516347885,-0.581907212734222,-0.59686279296875
-0.58281135559082,0.230229496955871,1.23914003372192,0.442937612533569,-0.330271929502487,-0.582042276859283,-0.596618413925171
-0.582729637622833,0.230121552944183,1.23922789096832,0.442999571561813,-0.330301225185394,-0.58236688375473,-0.596239387989044
-0.582660377025604,0.230036094784737,1.23931753635406,0.442764759063721,-0.329976350069046,-0.583114564418793,-0.595862805843353
-0.582494616508484,0.229944944381714,1.23950242996216,0.442592829465866,-0.330074995756149,-0.583555400371552,-0.595504283905029
-0.582468628883362,0.229883909225464,1.23954439163208,0.442528665065765,-0.330196708440781,-0.583731293678284,-0.595312178134918
-0.582503318786621,0.229705929756164,1.23962116241455,0.442472279071808,-0.330230861902237,-0.583825826644897,-0.595242261886597
-0.582381546497345,0.229676365852356,1.23974204063416,0.442827492952347,-0.330787062644958,-0.583483040332794,-0.59500527381897
-0.582341492176056,0.229613661766052,1.23980951309204,0.443151086568832,-0.330906450748444,-0.583474040031433,-0.594706594944
-0.582255363464355,0.229516535997391,1.23995244503021,0.443129658699036,-0.331059902906418,-0.583705604076385,-0.594410061836243
-0.582203447818756,0.229428991675377,1.24005448818207,0.443135261535644,-0.331156700849533,-0.583959341049194,-0.594102799892426
-0.582058429718018,0.229270368814468,1.24015820026398,0.44283801317215,-0.330930680036545,-0.584898889064789,-0.59352570772171
-0.581916570663452,0.229099988937378,1.24033069610596,0.442556649446487,-0.331335812807083,-0.585076868534088,-0.593334078788757
-0.581823229789734,0.228986591100693,1.24035453796387,0.44243136048317,-0.331485152244568,-0.585314989089966,-0.59310919046402
-0.58171284198761,0.228812605142593,1.24038529396057,0.442295551300049,-0.331557989120483,-0.585629105567932,-0.5928595662117
-0.581654667854309,0.228693634271622,1.24042057991028,0.442252844572067,-0.331646978855133,-0.585837721824646,-0.592635571956635
-0.581571519374847,0.228564828634262,1.24043715000153,0.442182451486588,-0.331775099039078,-0.586020052433014,-0.592436194419861
-0.581483602523804,0.228433936834335,1.24045491218567,0.442066878080368,-0.331983059644699,-0.586154878139496,-0.592272400856018
-0.581410706043243,0.228325456380844,1.24041485786438,0.441725075244904,-0.332487970590591,-0.586183667182922,-0.592215776443481
-0.581291794776917,0.228162467479706,1.24037325382233,0.441556483507156,-0.33270588517189,-0.586424469947815,-0.591980576515198
-0.581111371517181,0.228025034070015,1.24037623405457,0.441336274147034,-0.333085387945175,-0.586609065532684,-0.591748654842377
-0.581009864807129,0.227804839611053,1.24038028717041,0.441319435834885,-0.333042442798615,-0.586941957473755,-0.591455042362213
-0.580861866474152,0.227629393339157,1.24029648303986,0.441115826368332,-0.333339244127274,-0.587199032306671,-0.591184556484222
-0.58071494102478,0.227457642555237,1.24023747444153,0.440998286008835,-0.3337022960186,-0.587424278259277,-0.590843737125397
-0.580581724643707,0.227284133434296,1.24021708965302,0.440870672464371,-0.334088623523712,-0.587637424468994,-0.59050852060318
-0.580409109592438,0.227074474096298,1.24011743068695,0.440278440713882,-0.334188431501388,-0.588477730751038,-0.590056657791138
-0.580310165882111,0.226972848176956,1.24004256725311,0.440349727869034,-0.334995329380035,-0.588287949562073,-0.589735329151154
-0.580068528652191,0.226795345544815,1.24002742767334,0.440134823322296,-0.33542999625206,-0.588652431964874,-0.589284658432007
-0.579951226711273,0.22658383846283,1.24000787734985,-0.440247118473053,0.335283011198044,0.589227080345154,0.588709890842438
-0.579886198043823,0.226283133029938,1.23991906642914,-0.440060943365097,0.335448026657104,0.58954393863678,0.588437795639038
-0.579849004745483,0.226113632321358,1.23986303806305,-0.440216302871704,0.335693687200546,0.58981066942215,0.587914168834686
-0.579868376255035,0.225908577442169,1.23974907398224,-0.440589338541031,0.336264401674271,0.58942836523056,0.587691903114319
-0.579783320426941,0.22567592561245,1.23977649211884,-0.440760999917984,0.336355656385422,0.589875340461731,0.587062299251556
-0.579761683940887,0.225546777248383,1.23972225189209,-0.440415382385254,0.336517810821533,0.590451240539551,0.586649477481842
-0.579751312732697,0.225363910198212,1.2397301197052,-0.440585285425186,0.336262077093124,0.591029345989227,0.586085975170135
-0.579657673835754,0.22516168653965,1.23977518081665,-0.440527945756912,0.336501628160477,0.591290473937988,0.585728049278259
-0.579754054546356,0.224994882941246,1.23971807956696,-0.440825968980789,0.336432218551636,0.591420650482178,0.585412383079529
-0.579796493053436,0.224786922335625,1.23966419696808,-0.440894275903702,0.336495935916901,0.591666340827942,0.585075914859772
-0.579988539218903,0.224587827920914,1.23958706855774,-0.441357314586639,0.336287289857864,0.591769635677338,0.58474212884903
-0.5799440741539,0.224305301904678,1.23958015441895,-0.441461652517319,0.336286276578903,0.59213000535965,0.584299087524414
-0.579947531223297,0.224086865782738,1.23957324028015,-0.441882818937302,0.336675256490707,0.591842293739319,0.58404803276062
-0.5800661444664,0.223891332745552,1.23950934410095,-0.441471308469772,0.336002022027969,0.592980086803436,0.583592712879181
-0.580095827579498,0.223669797182083,1.23947823047638,-0.441904515028,0.335960417985916,0.592890322208405,0.583379864692688
-0.580156803131104,0.223469763994217,1.23939502239227,-0.442004382610321,0.335785090923309,0.593145370483398,0.583145976066589
-0.580207586288452,0.22322341799736,1.23937332630157,-0.441994220018387,0.335748195648193,0.593335330486298,0.582981765270233
-0.580224394798279,0.223014086484909,1.23939061164856,-0.442054390907288,0.335745990276337,0.593518137931824,0.582751035690308
-0.580106496810913,0.22275672852993,1.23944568634033,-0.442239165306091,0.336364299058914,0.5931236743927,0.58265608549118
-0.580123841762543,0.222533106803894,1.23941290378571,-0.442318737506866,0.33629047870636,0.593332648277283,0.582425475120544
-0.580140292644501,0.222332164645195,1.23939311504364,-0.442429482936859,0.336265385150909,0.593459010124207,0.582226812839508
-0.578206300735474,0.222044199705124,1.2397837638855,-0.439593404531479,0.339516580104828,0.594581484794617,0.581342458724976
-0.578239619731903,0.221878826618194,1.23976802825928,-0.439712643623352,0.339564085006714,0.594623625278473,0.581181466579437
-0.578254103660583,0.221641033887863,1.2397381067276,-0.439020484685898,0.338977932929993,0.595719754695892,0.580924332141876
-0.578309178352356,0.221410512924194,1.23970758914948,-0.439096421003342,0.338899910449982,0.595825016498566,0.580804646015167
-0.580259382724762,0.221174910664558,1.23929631710052,-0.441854655742645,0.335623860359192,0.594854235649109,0.581609427928925
-0.580259382724762,0.221174910664558,1.23929631710052,-0.441854655742645,0.335623860359192,0.594854235649109,0.581609427928925
-0.580471515655518,0.220666244626045,1.23923170566559,-0.442281424999237,0.335126668214798,0.594863951206207,0.581561982631683
-0.580537557601929,0.220424726605415,1.23919653892517,-0.442868381738663,0.335502117872238,0.594071924686432,0.581708252429962
-0.580571353435516,0.220247745513916,1.2391881942749,-0.443160057067871,0.335496008396149,0.593958735466003,0.581605315208435
-0.580606937408447,0.219996839761734,1.23915576934814,-0.44340243935585,0.335257291793823,0.594147920608521,0.581364870071411
-0.580856263637543,0.219590723514557,1.23904144763947,-0.4437016248703,0.334656685590744,0.59419709444046,0.581432461738586
-0.580981373786926,0.219400256872177,1.23897385597229,-0.443890571594238,0.33472752571106,0.59403258562088,0.58141553401947
-0.580985367298126,0.219075545668602,1.23891925811768,-0.443583101034164,0.334053069353104,0.594932734966278,0.581117630004883
-0.581055045127869,0.218910813331604,1.23887777328491,-0.443742126226425,0.334140092134476,0.594843983650208,0.581037282943726
-0.581121861934662,0.218681707978249,1.23885989189148,-0.443976849317551,0.334032505750656,0.594875991344452,0.580886721611023
-0.581122875213623,0.218454331159592,1.23888051509857,-0.444785803556442,0.334430575370789,0.594281435012817,0.580647468566895
-0.578771412372589,0.218108251690865,1.2394962310791,-0.441475629806518,0.338593184947967,0.595458149909973,0.579554677009583
-0.578771412372589,0.218108251690865,1.2394962310791,-0.441475629806518,0.338593184947967,0.595458149909973,0.579554677009583
-0.581134378910065,0.217596381902695,1.23878979682922,-0.445184081792831,0.334386110305786,0.594737410545349,0.579900443553925
-0.581200003623962,0.217353448271751,1.23871767520905,-0.445153743028641,0.333872199058533,0.595501720905304,0.579435169696808
-0.581358373165131,0.217113167047501,1.23859858512878,-0.445521086454391,0.333523482084274,0.59577614068985,0.579071462154388
-0.581435441970825,0.216860875487327,1.23854351043701,-0.445759683847427,0.333324462175369,0.596216142177582,0.578549385070801
-0.579722225666046,0.216427952051163,1.23737192153931,-0.443466871976852,0.334877640008926,0.598101496696472,0.577467799186707
-0.58166378736496,0.216281652450561,1.23842179775238,-0.446928441524506,0.333105653524399,0.596324384212494,0.577661573886871
-0.579902529716492,0.215727850794792,1.23726034164429,-0.444391399621964,0.334932386875153,0.598225653171539,0.576595842838287
-0.579348087310791,0.215546220541,1.23886656761169,-0.444057881832123,0.337328523397446,0.597747385501862,0.575951635837555
-0.58002120256424,0.215223491191864,1.23715627193451,-0.444831997156143,0.334581166505814,0.599062383174896,0.57559061050415
-0.580094397068024,0.214992597699165,1.23713314533234,-0.444296717643738,0.333840727806091,0.600666344165802,0.574761807918549
-0.580177664756775,0.214737802743912,1.23709607124329,-0.444519251585007,0.333912998437881,0.601003110408783,0.574195146560669
-0.579870223999023,0.214712619781494,1.23864436149597,-0.444778174161911,0.336131781339645,0.600177049636841,0.573563754558563
-0.579993963241577,0.214372932910919,1.23856949806213,-0.444697946310043,0.336103439331055,0.600432932376862,0.573374927043915
-0.580071449279785,0.214316517114639,1.23856842517853,-0.445117622613907,0.336100578308105,0.600698590278625,0.572772145271301
-0.580452740192413,0.21405479311943,1.23717379570007,-0.445462316274643,0.334189891815185,0.601918935775757,0.572340846061707
-0.580640852451324,0.21389801800251,1.23721432685852,-0.445626825094223,0.334212005138397,0.60211580991745,0.571992754936218
-0.580617725849152,0.213690370321274,1.23729944229126,-0.445712804794312,0.334175229072571,0.602643609046936,0.571390986442566
-0.580645740032196,0.213457569479942,1.2373081445694,-0.446174383163452,0.334537118673325,0.602518141269684,0.570951282978058
-0.580643773078918,0.213226675987244,1.23730254173279,-0.446151882410049,0.333783566951752,0.603586435317993,0.570281028747559
-0.580708801746368,0.213015139102936,1.23731887340546,-0.446168452501297,0.333611190319061,0.604013204574585,0.56991708278656
-0.580864727497101,0.212803393602371,1.23730564117432,-0.446321815252304,0.333339095115662,0.604236364364624,0.569719672203064
-0.580955266952515,0.212629303336143,1.23733699321747,-0.446390151977539,0.333264917135239,0.604490697383881,0.569439589977264
-0.581017911434174,0.212455034255981,1.23734521865845,-0.446462005376816,0.333177298307419,0.60468465089798,0.56922847032547
-0.58113694190979,0.212251275777817,1.23735630512238,-0.446581304073334,0.332889646291733,0.604938745498657,0.569033324718475
-0.581220507621765,0.212077379226684,1.23740684986115,-0.446608752012253,0.3336580991745,0.600818991661072,0.572912991046906
-0.581268310546875,0.211729139089584,1.23883211612701,-0.447078347206116,0.33484098315239,0.599650621414185,0.573080778121948
-0.581364929676056,0.211543947458267,1.23748922348022,-0.446408063173294,0.332316040992737,0.605687618255615,0.568708002567291
-0.581426560878754,0.211343139410019,1.23746430873871,-0.446344673633575,0.333194464445114,0.601568281650543,0.572602391242981
-0.581471383571625,0.211134165525436,1.23739624023438,-0.446164071559906,0.332126647233963,0.606171131134033,0.568494558334351
-0.581538558006287,0.211202144622803,1.23745656013489,-0.446542978286743,0.332069873809814,0.606437861919403,0.567945539951324
-0.58161872625351,0.211014330387115,1.23743259906769,-0.446531981229782,0.331879705190659,0.606775999069214,0.567704081535339
-0.58177238702774,0.210827440023422,1.23739063739777,-0.446608006954193,0.33151376247406,0.607110440731049,0.567500710487366
-0.58184152841568,0.21064630150795,1.23738551139832,-0.446742922067642,0.332059025764465,0.603467524051666,0.570950746536255
-0.581934928894043,0.210447609424591,1.2373309135437,-0.446629792451859,0.330806791782379,0.608028054237366,0.566913247108459
-0.581934928894043,0.210447609424591,1.2373309135437,-0.446629792451859,0.330806791782379,0.608028054237366,0.566913247108459
-0.582132935523987,0.210042133927345,1.23729383945465,-0.446375876665115,0.330497413873672,0.608650803565979,0.566625416278839
-0.582290172576904,0.209869012236595,1.23895752429962,-0.446831941604614,0.331657379865646,0.607759654521942,0.566544830799103
-0.584064722061157,0.209682703018188,1.23865246772766,-0.449271976947784,0.328497052192688,0.607327044010162,0.566919982433319
-0.582495868206024,0.209536969661713,1.23747336864471,-0.446579664945602,0.329696178436279,0.609624564647675,0.565884232521057
-0.582615256309509,0.209359586238861,1.23752546310425,-0.446928024291992,0.329494118690491,0.609663605690002,0.565684854984283
-0.582615256309509,0.209359586238861,1.23752546310425,-0.446928024291992,0.329494118690491,0.609663605690002,0.565684854984283
-0.582829892635345,0.208990126848221,1.23755633831024,-0.446863740682602,0.328802049160004,0.610605955123901,0.565121650695801
-0.58301830291748,0.208727478981018,1.23751962184906,-0.446408063173294,0.328992873430252,0.607393980026245,0.568819940090179
-0.58315497636795,0.208596512675285,1.23750638961792,-0.447302222251892,0.329017698764801,0.606886982917786,0.568644404411316
-0.583423614501953,0.208506852388382,1.23756325244904,-0.447459399700165,0.328809380531311,0.606968641281128,0.568553805351257
-0.583583950996399,0.208304911851883,1.23763155937195,-0.447572708129883,0.328388422727585,0.607363998889923,0.568286061286926
-0.583678960800171,0.208046540617943,1.23765063285828,-0.447474211454391,0.32809790968895,0.607718467712402,0.568152129650116
-0.58365386724472,0.207856073975563,1.23771917819977,-0.447672665119171,0.327603816986084,0.608303189277649,0.567655026912689
-0.583714723587036,0.207619965076447,1.23774135112762,-0.446625649929047,0.327316790819168,0.609450042247772,0.567415118217468
-0.583672404289246,0.207396283745766,1.23772501945496,-0.446473956108093,0.327194184064865,0.609809935092926,0.567218720912933
-0.583689332008362,0.207197487354279,1.23775613307953,-0.44638529419899,0.327078431844711,0.61036479473114,0.566758215427399
-0.583677291870117,0.20702850818634,1.23778927326202,-0.446282416582107,0.327082216739654,0.61061018705368,0.566572546958923
-0.583662211894989,0.20690843462944,1.23782229423523,-0.446098983287811,0.327297419309616,0.610709369182587,0.566486001014709
-0.583634555339813,0.206823244690895,1.23791420459747,-0.446082860231399,0.327435553073883,0.610891044139862,0.566222667694092
-0.583592474460602,0.206643313169479,1.23803234100342,-0.445927202701569,0.327565550804138,0.610956192016602,0.566200017929077
-0.583600640296936,0.206445574760437,1.2381683588028,-0.445001542568207,0.327372074127197,0.612095773220062,0.56580913066864
-0.583392679691315,0.206230700016022,1.23829019069672,-0.445666432380676,0.327781707048416,0.611159205436707,0.566060900688171
-0.583310008049011,0.20603159070015,1.23831307888031,-0.444043338298798,0.328016400337219,0.612279713153839,0.56598961353302
-0.583228468894958,0.20587956905365,1.23846161365509,-0.444185853004456,0.327851176261902,0.612233459949493,0.566023588180542
-0.583228468894958,0.20587956905365,1.23846161365509,-0.444185853004456,0.327851176261902,0.612233459949493,0.566023588180542
-0.583028852939606,0.205608993768692,1.23860585689545,-0.442785441875458,0.327759116888046,0.617610991001129,0.561312913894653
-0.582922577857971,0.205361008644104,1.23862934112549,-0.443408399820328,0.328115880489349,0.615830600261688,0.562567174434662
-0.58283543586731,0.205239325761795,1.23871564865112,-0.44242936372757,0.328384965658188,0.61582362651825,0.563188135623932
-0.582693159580231,0.205177903175354,1.23877382278442,-0.441031485795975,0.328787416219711,0.616031467914581,0.563822090625763
-0.582621157169342,0.204941809177399,1.23891186714172,-0.4407017827034,0.32875794172287,0.615236282348633,0.564964294433594
-0.582583487033844,0.204743534326553,1.23915112018585,-0.440304458141327,0.328578472137451,0.614678680896759,0.565984606742859
-0.58249294757843,0.204644054174423,1.23924386501312,-0.43948695063591,0.329012989997864,0.61363410949707,0.567498803138733
-0.582442283630371,0.204635053873062,1.23937022686005,-0.438828319311142,0.328556835651398,0.612925112247467,0.569037020206451
-0.58242392539978,0.204494923353195,1.23948168754578,-0.437812328338623,0.329135179519653,0.607484638690948,0.575285196304321
-0.582312285900116,0.204356789588928,1.2396627664566,-0.437988340854645,0.3289395570755,0.610877752304077,0.571658551692963
-0.582283496856689,0.204196274280548,1.23972809314728,-0.437281787395477,0.328552573919296,0.609422028064728,0.573971033096313
-0.582278847694397,0.204066693782806,1.23980593681335,-0.436607450246811,0.328437119722366,0.608025670051575,0.576027810573578
-0.582241237163544,0.203791171312332,1.23987543582916,-0.435301005840302,0.328841865062714,0.601816356182098,0.583260953426361
-0.582238495349884,0.20361915230751,1.23995077610016,-0.434990227222443,0.327976137399673,0.604852616786957,0.580834329128265
-0.582469940185547,0.203386381268501,1.24107158184052,-0.43504798412323,0.328388839960098,0.601316452026367,0.584219694137573
-0.582509100437164,0.203231543302536,1.24110114574432,-0.433184891939163,0.32884407043457,0.594484448432922,0.592284619808197
-0.58252340555191,0.203127115964889,1.2411824464798,-0.433613061904907,0.328023552894592,0.596978902816772,0.589912354946136
-0.582560420036316,0.202970191836357,1.2412406206131,-0.432663112878799,0.327674090862274,0.594351887702942,0.593446016311646
-0.582588374614716,0.202743634581566,1.24129104614258,0.431703299283981,-0.326499551534653,-0.592171013355255,-0.59696227312088
-0.582591593265533,0.202583223581314,1.24140667915344,0.430809527635574,-0.326813042163849,-0.588919937610626,-0.600641131401062
-0.582608103752136,0.202378943562508,1.24146008491516,0.428776681423187,-0.326599031686783,-0.581415832042694,-0.609458327293396
-0.582641184329987,0.202054470777512,1.24147415161133,0.427534967660904,-0.325873702764511,-0.578565418720245,-0.613418698310852
-0.582871437072754,0.201913475990295,1.2413923740387,0.424659639596939,-0.327364027500153,-0.573959112167358,-0.618924915790558
-0.583526194095612,0.201570376753807,1.24153339862823,0.42531880736351,-0.325657308101654,-0.575156450271606,-0.61826080083847
-0.583526194095612,0.201570376753807,1.24153339862823,0.42531880736351,-0.325657308101654,-0.575156450271606,-0.61826080083847
-0.583454489707947,0.201210975646973,1.24161577224731,0.421891123056412,-0.323540389537811,-0.564644515514374,-0.631273448467255
-0.583619356155396,0.201079308986664,1.24168086051941,0.420595318078995,-0.324058264493942,-0.560196399688721,-0.635819137096405
-0.583633065223694,0.200862944126129,1.24172866344452,0.418650835752487,-0.322818428277969,-0.557285487651825,-0.640275478363037
-0.583624005317688,0.200734734535217,1.24183523654938,0.417953312397003,-0.322244107723236,-0.553845524787903,-0.643994629383087
-0.583613812923431,0.200466006994247,1.24186074733734,0.4166119992733,-0.321325391530991,-0.549737751483917,-0.648824214935303
-0.583613812923431,0.200466006994247,1.24186074733734,0.4166119992733,-0.321325391530991,-0.549737751483917,-0.648824214935303
-0.583578884601593,0.200124144554138,1.24195182323456,0.413457542657852,-0.319572448730469,-0.542854905128479,-0.657445847988129
-0.583359777927399,0.200128644704819,1.24208998680115,0.414946466684341,-0.317679047584534,-0.545907258987427,-0.654892802238464
-0.583245456218719,0.199992299079895,1.24219679832458,0.412050783634186,-0.316557496786117,-0.537156999111176,-0.664430499076843
-0.583136141300201,0.199905008077621,1.24230670928955,0.410368531942367,-0.315800160169601,-0.533342957496643,-0.668889582157135
-0.583060741424561,0.199626088142395,1.24236762523651,0.409059017896652,-0.314637452363968,-0.529983580112457,-0.67289787530899
-0.583018004894257,0.199557155370712,1.24240481853485,0.409315228462219,-0.314006626605987,-0.531866729259491,-0.671549439430237
-0.582869172096252,0.199486285448074,1.24246203899384,0.404648512601852,-0.311999261379242,-0.522821009159088,-0.682330131530762
-0.582768797874451,0.199501976370811,1.2425445318222,0.410458862781525,-0.31873494386673,-0.513967871665955,-0.682472407817841
-0.582599341869354,0.199368298053741,1.24251341819763,0.408182173967361,-0.31741526722908,-0.510782718658447,-0.686830341815948
-0.582443714141846,0.199250996112823,1.24261140823364,0.406619071960449,-0.316511988639831,-0.506849825382233,-0.691074728965759
-0.582256257534027,0.199197098612785,1.24268853664398,0.404380053281784,-0.315956681966782,-0.502730846405029,-0.695636332035065
-0.582076668739319,0.199111863970757,1.24286639690399,0.401901423931122,-0.314654588699341,-0.499327450990677,-0.70009982585907
-0.581871509552002,0.199070423841476,1.24296188354492,0.400067776441574,-0.313394665718079,-0.495539993047714,-0.704393267631531
-0.581720113754272,0.199101597070694,1.24307906627655,0.398107081651688,-0.312291324138641,-0.491476655006409,-0.708826959133148
-0.581522643566132,0.198597654700279,1.24287497997284,0.395240873098373,-0.310671925544739,-0.487775504589081,-0.713682472705841
-0.581333637237549,0.199127748608589,1.24328076839447,0.393096536397934,-0.310652375221252,-0.483298450708389,-0.717908680438995
-0.579719483852386,0.199161112308502,1.24198222160339,0.389218240976334,-0.30972820520401,-0.481066793203354,-0.721908748149872
-0.579278349876404,0.199088677763939,1.24211084842682,0.386455148458481,-0.308753818273544,-0.477239578962326,-0.726337432861328
-0.579066574573517,0.199081987142563,1.24226188659668,0.384077131748199,-0.307652086019516,-0.473273128271103,-0.730648756027222
-0.578941285610199,0.199086621403694,1.24244129657745,0.382116824388504,-0.30588161945343,-0.469212710857391,-0.735025644302368
-0.578595697879791,0.199091732501984,1.24259877204895,0.379141211509705,-0.304365366697311,-0.465587615966797,-0.739487588405609
-0.578218996524811,0.199110254645348,1.24280858039856,0.376619458198547,-0.303601264953613,-0.46154248714447,-0.743614494800568
-0.578218996524811,0.199110254645348,1.24280858039856,0.376619458198547,-0.303601264953613,-0.46154248714447,-0.743614494800568
-0.577777862548828,0.199190825223923,1.24312102794647,0.371312111616135,-0.300609350204468,-0.453931927680969,-0.752135097980499
-0.57747083902359,0.199033588171005,1.24329352378845,0.368810296058655,-0.299479961395264,-0.449977159500122,-0.756182014942169
-0.577100932598114,0.198730275034904,1.24324834346771,0.365848034620285,-0.297806024551392,-0.446580737829208,-0.760284423828125
-0.576908111572266,0.199295938014984,1.24375581741333,0.363914042711258,-0.296981990337372,-0.442341268062591,-0.764004170894623
-0.576641798019409,0.199304074048996,1.24394917488098,0.361515462398529,-0.295901596546173,-0.437976360321045,-0.768066227436066
-0.576289176940918,0.199218869209289,1.2441623210907,0.359179437160492,-0.294746100902557,-0.433522015810013,-0.772122800350189
-0.575917780399323,0.199140578508377,1.24440598487854,0.356597661972046,-0.29364886879921,-0.43018564581871,-0.775595784187317
-0.575794219970703,0.199186235666275,1.24495482444763,0.354181826114654,-0.292753905057907,-0.425812035799026,-0.779445111751556
-0.575402081012726,0.199203431606293,1.2450704574585,0.351896464824677,-0.291883289813995,-0.42165869474411,-0.783056259155273
-0.574949562549591,0.19916820526123,1.24522686004639,0.349408745765686,-0.290684551000595,-0.4181227684021,-0.786504566669464
-0.574579656124115,0.199131742119789,1.24637293815613,0.346557676792145,-0.29141092300415,-0.413461029529571,-0.789954006671906
-0.574096858501434,0.199138909578323,1.24512672424316,0.344788193702698,-0.288540333509445,-0.410551339387894,-0.793292641639709
-0.573646545410156,0.199192851781845,1.24525904655457,0.342519193887711,-0.28819078207016,-0.406371116638184,-0.796548306941986
-0.57323431968689,0.19919142127037,1.24537587165833,0.340533345937729,-0.287102878093719,-0.402926087379456,-0.799537122249603
-0.572652161121368,0.199317216873169,1.24543523788452,0.334731638431549,-0.282763123512268,-0.401282459497452,-0.804345846176147
-0.572245359420776,0.199375808238983,1.24552297592163,0.332465648651123,-0.28205931186676,-0.398910164833069,-0.806709289550781
-0.571697235107422,0.199427619576454,1.24563264846802,0.330086469650268,-0.280779540538788,-0.395318776369095,-0.809894442558289
-0.571133196353912,0.199368476867676,1.24570500850677,0.327917277812958,-0.279970675706863,-0.392394632101059,-0.812473475933075
-0.570528090000153,0.199411422014236,1.24574291706085,0.3238824903965,-0.276937454938888,-0.390769630670547,-0.81590747833252
-0.56989997625351,0.199424147605896,1.24578261375427,0.32379487156868,-0.278565406799316,-0.386193990707397,-0.817564964294434
-0.569318115711212,0.199453964829445,1.24582159519196,0.320226848125458,-0.276429444551468,-0.384020239114761,-0.820713222026825
-0.568668484687805,0.199481248855591,1.24590861797333,0.318584054708481,-0.276499152183533,-0.380819290876388,-0.822817802429199
-0.568089604377747,0.19945701956749,1.24595987796783,0.316943913698196,-0.276434719562531,-0.37779313325882,-0.824865281581879
-0.567465484142303,0.199577197432518,1.24609434604645,0.315567702054977,-0.276484668254852,-0.374495357275009,-0.826877593994141
-0.566990554332733,0.199542686343193,1.24642992019653,0.316334933042526,-0.278817892074585,-0.369741857051849,-0.827939510345459
-0.566348612308502,0.19956710934639,1.24655079841614,0.313004493713379,-0.276518404483795,-0.367856413125992,-0.830811381340027
-0.565699636936188,0.199648797512054,1.2466334104538,0.311908781528473,-0.276726722717285,-0.36555090546608,-0.83217054605484
-0.564953565597534,0.199680984020233,1.24642908573151,0.310657382011414,-0.277235448360443,-0.364377200603485,-0.832983672618866
-0.564247906208038,0.199729293584824,1.24649024009705,0.311869472265243,-0.279332220554352,-0.360245585441589,-0.833627045154572
-0.563795626163483,0.199749082326889,1.24662888050079,0.308442711830139,-0.277409344911575,-0.359064400196075,-0.836050271987915
-0.563131332397461,0.199835956096649,1.24675559997559,0.307686120271683,-0.27763095498085,-0.357345134019852,-0.836991488933563
-0.562779664993286,0.199653536081314,1.24727404117584,0.308759093284607,-0.280835092067719,-0.353998273611069,-0.83694976568222
-0.562135696411133,0.199610352516174,1.24743640422821,0.305684953927994,-0.278988540172577,-0.353934615850449,-0.838720738887787
-0.561554670333862,0.199130326509476,1.24734592437744,0.304469645023346,-0.278884172439575,-0.352794051170349,-0.839677512645721
-0.560785830020905,0.199556857347488,1.24742197990417,0.304674237966537,-0.279603451490402,-0.351660251617432,-0.83983963727951
-0.560269832611084,0.199482828378677,1.24757719039917,0.303804099559784,-0.27969953417778,-0.350258558988571,-0.840708255767822
-0.559696912765503,0.199383273720741,1.24767827987671,0.303221195936203,-0.280093669891357,-0.349547475576401,-0.841083288192749
-0.559128999710083,0.199357271194458,1.24782907962799,0.304191440343857,-0.282757520675659,-0.34745591878891,-0.840708136558533
-0.558686494827271,0.199292331933975,1.24795854091644,0.301943838596344,-0.280430853366852,-0.347484707832336,-0.842284381389618
-0.560464859008789,0.199583292007446,1.24895977973938,0.303065657615662,-0.279174596071243,-0.343897432088852,-0.843769788742065
-0.557734906673431,0.199211090803146,1.24818563461304,0.300006419420242,-0.280792504549026,-0.345671385526657,-0.843601286411285
-0.557292819023132,0.199163511395454,1.2482852935791,0.298918753862381,-0.280802696943283,-0.344619363546371,-0.844413936138153
-0.557032644748688,0.199132353067398,1.24878668785095,0.298241496086121,-0.281387567520142,-0.34370893239975,-0.844829857349396
-0.556665778160095,0.198653191328049,1.2485693693161,0.29625016450882,-0.280681073665619,-0.342907398939133,-0.846090137958527
-0.5563023686409,0.198590636253357,1.24864685535431,0.295686274766922,-0.280622214078903,-0.342369854450226,-0.846524596214294
-0.555864751338959,0.199031591415405,1.24902510643005,0.295235186815262,-0.281083911657333,-0.340930730104446,-0.847109377384186
-0.555605351924896,0.199012354016304,1.2490611076355,0.294525384902954,-0.281072378158569,-0.340140163898468,-0.847677886486053
-0.555423200130463,0.198546767234802,1.24884593486786,0.293150097131729,-0.280198931694031,-0.339500099420547,-0.848699808120728
-0.555144667625427,0.19843178987503,1.24887657165527,0.28838586807251,-0.275960832834244,-0.33430951833725,-0.853766024112701
-0.556104123592377,0.194076478481293,1.24780118465424,0.271887332201004,-0.282709956169128,-0.334346354007721,-0.85695093870163
-0.556037783622742,0.194047853350639,1.24812173843384,0.271235227584839,-0.282637685537338,-0.332951605319977,-0.857724130153656
-0.555854976177216,0.194030299782753,1.24816358089447,0.266646891832352,-0.279043138027191,-0.329263985157013,-0.861753821372986
-0.555676937103271,0.194082468748093,1.24821627140045,0.270127087831497,-0.282219618558884,-0.331098943948746,-0.858927845954895
-0.554043650627136,0.198417067527771,1.24910664558411,0.285522252321243,-0.275587171316147,-0.329736560583115,-0.856622815132141
-0.553800642490387,0.198864847421646,1.24939429759979,0.285489141941071,-0.276160597801208,-0.328431010246277,-0.856950640678406
-0.553591370582581,0.198885381221771,1.24945425987244,0.288932681083679,-0.280201762914658,-0.331865012645721,-0.85315328836441
-0.553432643413544,0.198937982320785,1.24950420856476,0.288713127374649,-0.280160158872604,-0.331234961748123,-0.853486061096191
-0.553287088871002,0.198965519666672,1.24955344200134,0.288722366094589,-0.280324846506119,-0.330911010503769,-0.853554546833038
-0.553161025047302,0.19898384809494,1.24963879585266,0.288642376661301,-0.280632674694061,-0.330605417490005,-0.853598892688751
-0.553059160709381,0.198984771966934,1.24966597557068,0.288665682077408,-0.280830323696136,-0.33049750328064,-0.853567779064178
-0.552931189537048,0.199003994464874,1.24969077110291,0.288602232933044,-0.281087338924408,-0.330570548772812,-0.853476405143738
-0.552821755409241,0.199151217937469,1.24974203109741,0.288673728704453,-0.281503826379776,-0.330567538738251,-0.853316068649292
-0.552761852741241,0.199168547987938,1.24977087974548,0.288824707269669,-0.281547904014587,-0.33065727353096,-0.85321569442749
-0.552735209465027,0.199180707335472,1.24978673458099,0.288825929164886,-0.281635522842407,-0.330897390842438,-0.853093147277832
-0.552639722824097,0.199310898780823,1.24981284141541,0.288967549800873,-0.281704008579254,-0.330975502729416,-0.852992236614227
-0.552655935287476,0.199207678437233,1.24979269504547,0.288812726736069,-0.281690657138824,-0.331735789775848,-0.852753758430481
-0.552650332450867,0.19924208521843,1.24979603290558,0.288855224847794,-0.28164279460907,-0.331993132829666,-0.852655053138733
-0.552678167819977,0.199307322502136,1.24981296062469,0.289018839597702,-0.281615495681763,-0.332192659378052,-0.852530896663666
-0.552685916423798,0.199457615613937,1.24982476234436,0.289091557264328,-0.281735748052597,-0.332252770662308,-0.852443039417267
-0.552762448787689,0.199332565069199,1.24979567527771,0.289038449525833,-0.281511455774307,-0.332670599222183,-0.852372229099274
-0.554881691932678,0.199916318058968,1.25025188922882,0.291774988174438,-0.279671013355255,-0.329940378665924,-0.853106558322906
-0.554963648319244,0.199733659625053,1.25019240379333,0.29170036315918,-0.279474258422852,-0.330635100603104,-0.852927684783936
-0.553012728691101,0.199426680803299,1.24973940849304,0.291313350200653,-0.284018218517303,-0.332733780145645,-0.850739896297455
-0.553124845027924,0.19931948184967,1.24970817565918,0.289537012577057,-0.281390786170959,-0.334754526615143,-0.851426482200623
-0.553223431110382,0.199536845088005,1.24975097179413,0.285629898309708,-0.277356415987015,-0.330600202083588,-0.855682551860809
-0.553411602973938,0.199591115117073,1.24977397918701,0.285860449075699,-0.277330040931702,-0.331361025571823,-0.855319678783417
-0.553589105606079,0.19957485795021,1.24976074695587,0.289958119392395,-0.281418442726135,-0.336458414793015,-0.850601971149445
-0.553763628005981,0.199584990739822,1.24977123737335,0.290236264467239,-0.281443029642105,-0.337400496006012,-0.8501256108284
-0.55400562286377,0.199231922626495,1.24949502944946,0.285803616046906,-0.276337116956711,-0.334111392498016,-0.854589760303497
-0.554226577281952,0.199286311864853,1.24946165084839,0.285654485225677,-0.276499927043915,-0.335224747657776,-0.854150891304016
-0.554552912712097,0.199375048279762,1.24942457675934,0.290720164775848,-0.280636221170425,-0.340521514415741,-0.848981976509094
-0.55489593744278,0.199480399489403,1.24937546253204,0.286748170852661,-0.276239782571793,-0.337716847658157,-0.852885961532593
-0.5550616979599,0.199539586901665,1.24909162521362,0.287566810846329,-0.275602877140045,-0.339385092258453,-0.852153837680817
-0.555297315120697,0.200077444314957,1.24934887886047,0.293082505464554,-0.280110836029053,-0.343676626682281,-0.847069561481476
-0.555696666240692,0.20015712082386,1.24934256076813,0.293515741825104,-0.279762178659439,-0.344733864068985,-0.846605122089386
-0.556134819984436,0.200246125459671,1.24937427043915,0.294070661067963,-0.279527366161346,-0.345892906188965,-0.846017181873322
-0.556464433670044,0.200282216072082,1.24936676025391,0.294322490692139,-0.279122591018677,-0.34710094332695,-0.845568299293518
-0.556807577610016,0.200380206108093,1.24939477443695,0.294863492250443,-0.279354214668274,-0.349521338939667,-0.844305396080017
-0.557277739048004,0.200481414794922,1.24944603443146,0.29520720243454,-0.279125601053238,-0.350813210010529,-0.84372490644455
-0.557753205299377,0.200471341609955,1.24936771392822,0.295076549053192,-0.279191464185715,-0.352206528186798,-0.843168139457703
-0.558147549629211,0.20058274269104,1.24941825866699,0.295886278152466,-0.278573453426361,-0.353757500648498,-0.8424391746521
-0.558811068534851,0.200672954320908,1.24972760677338,0.296645015478134,-0.278547763824463,-0.355386465787888,-0.841494739055634
-0.559296309947968,0.200723141431808,1.24970328807831,0.296866297721863,-0.277765482664108,-0.357292115688324,-0.84086811542511
-0.55987685918808,0.200785458087921,1.24973165988922,0.297493726015091,-0.277331411838531,-0.358839303255081,-0.84013044834137
-0.560488998889923,0.200845807790756,1.24976348876953,0.298086076974869,-0.276787340641022,-0.360691666603088,-0.839306235313416
-0.561081767082214,0.200968563556671,1.24979782104492,0.298609048128128,-0.2762071788311,-0.362544268369675,-0.838512897491455
-0.561081767082214,0.200968563556671,1.24979782104492,0.298609048128128,-0.2762071788311,-0.362544268369675,-0.838512897491455
-0.562029421329498,0.201108962297439,1.2495231628418,0.301926016807556,-0.277625650167465,-0.365877211093903,-0.835403203964233
-0.56280928850174,0.200717061758041,1.24927043914795,0.302026748657227,-0.276291370391846,-0.368155598640442,-0.834808051586151
-0.56345671415329,0.200832009315491,1.24931073188782,0.301093578338623,-0.27327960729599,-0.371704608201981,-0.834563732147217
-0.564170658588409,0.200923338532448,1.24935066699982,0.303898572921753,-0.275149583816528,-0.372719168663025,-0.832477569580078
-0.564921796321869,0.200972720980644,1.24964618682861,0.303028136491776,-0.273055464029312,-0.376100718975067,-0.831963241100311
-0.565530061721802,0.201486498117447,1.24989104270935,0.304155230522156,-0.273896843194961,-0.379241585731506,-0.829847037792206
-0.566202640533447,0.201665744185448,1.24982285499573,0.304714381694794,-0.27391242980957,-0.381266206502914,-0.828708231449127
-0.566934645175934,0.201531916856766,1.24987816810608,0.30811208486557,-0.275636196136475,-0.382444977760315,-0.826333820819855
-0.567526876926422,0.201584741473198,1.24944734573364,0.30870258808136,-0.275530934333801,-0.384948700666428,-0.824984788894653
-0.568273425102234,0.201211541891098,1.24922299385071,0.309326022863388,-0.275052338838577,-0.387456834316254,-0.823735952377319
-0.569233059883118,0.20159101486206,1.24977922439575,0.311388939619064,-0.275926560163498,-0.388810276985168,-0.822026789188385
-0.569888830184937,0.201708048582077,1.24947071075439,0.313172876834869,-0.275726705789566,-0.391402214765549,-0.820184051990509
-0.569888830184937,0.201708048582077,1.24947071075439,0.313172876834869,-0.275726705789566,-0.391402214765549,-0.820184051990509
-0.571637988090515,0.201653197407722,1.24973833560944,0.319995075464249,-0.279819667339325,-0.392897874116898,-0.815435707569122
-0.572416186332703,0.201210647821426,1.24943649768829,0.319485247135162,-0.274324625730515,-0.410643100738525,-0.808732032775879
-0.573391020298004,0.201424181461334,1.24946308135986,0.318641275167465,-0.273123919963837,-0.410052895545959,-0.809770107269287
-0.574145317077637,0.201865494251251,1.24945628643036,0.320916324853897,-0.272722214460373,-0.413261115550995,-0.807372629642487
-0.574935495853424,0.201765134930611,1.24942970275879,0.322184205055237,-0.271758645772934,-0.41742143034935,-0.805049061775208
-0.57593309879303,0.20174777507782,1.24974894523621,0.32333704829216,-0.27190563082695,-0.420143485069275,-0.803119003772736
-0.576878249645233,0.201641947031021,1.24964785575867,0.324847996234894,-0.270996391773224,-0.423631340265274,-0.800981402397156
-0.577659726142883,0.201353758573532,1.24902176856995,0.325541585683823,-0.270013839006424,-0.427340090274811,-0.799059271812439
-0.577659726142883,0.201353758573532,1.24902176856995,0.325541585683823,-0.270013839006424,-0.427340090274811,-0.799059271812439
-0.579546511173248,0.201005667448044,1.24912095069885,0.327912747859955,-0.26912385225296,-0.435725778341293,-0.793844282627106
-0.580718159675598,0.200839221477508,1.25015664100647,0.329934567213058,-0.270327180624008,-0.437613755464554,-0.791555821895599
-0.581524312496185,0.200770735740662,1.25007021427155,0.331181675195694,-0.270338088274002,-0.441719710826874,-0.788745701313019
-0.581524312496185,0.200770735740662,1.25007021427155,0.331181675195694,-0.270338088274002,-0.441719710826874,-0.788745701313019
-0.58304888010025,0.200550273060799,1.24991810321808,0.334141105413437,-0.269832998514175,-0.450462758541107,-0.782702684402466
-0.583700597286224,0.200388967990875,1.24980473518372,0.335426568984985,-0.269646495580673,-0.455112248659134,-0.779520809650421
-0.584382653236389,0.200742930173874,1.24997913837433,0.337450087070465,-0.270145356655121,-0.459553390741348,-0.775860607624054
-0.585283935070038,0.200207680463791,1.24959683418274,0.338522404432297,-0.26915767788887,-0.464765876531601,-0.772625148296356
-0.586132347583771,0.200269550085068,1.24943137168884,0.339986234903336,-0.269441694021225,-0.469822108745575,-0.768815755844116
-0.586896181106567,0.200582653284073,1.2495881319046,0.342118591070175,-0.269573718309402,-0.473697423934937,-0.765438318252563
-0.587802648544312,0.200552940368652,1.24938273429871,0.343743145465851,-0.268671423196793,-0.478924155235291,-0.761766493320465
-0.588817059993744,0.200121164321899,1.2490850687027,0.344942361116409,-0.268185794353485,-0.484717547893524,-0.757720410823822
-0.589556813240051,0.200605541467667,1.24928140640259,0.34736505150795,-0.268030434846878,-0.488808542490005,-0.754031538963318
-0.590173661708832,0.200674682855606,1.24915957450867,0.348260909318924,-0.268246084451675,-0.494281858205795,-0.749962568283081
-0.591261446475983,0.200756162405014,1.24769687652588,0.349550157785416,-0.264905691146851,-0.50127762556076,-0.745895862579346
-0.591848313808441,0.200748711824417,1.24761271476746,0.351445108652115,-0.265834540128708,-0.505468964576721,-0.741835176944733
-0.592825412750244,0.200191795825958,1.247514128685,0.352630615234375,-0.264800250530243,-0.51096785068512,-0.73786473274231
-0.593576908111572,0.200614333152771,1.24772238731384,0.354792296886444,-0.264931827783585,-0.516246557235718,-0.733091592788696
-0.594105660915375,0.20073464512825,1.24735736846924,0.356125205755234,-0.264892101287842,-0.522187769412994,-0.7282355427742
-0.594105660915375,0.20073464512825,1.24735736846924,0.356125205755234,-0.264892101287842,-0.522187769412994,-0.7282355427742
-0.595458328723907,0.200171411037445,1.24694883823395,0.357987225055695,-0.263917863368988,-0.534611344337463,-0.718598067760468
-0.596249222755432,0.20021341741085,1.24691820144653,0.359832853078842,-0.263127207756042,-0.539369583129883,-0.714398324489594
-0.596993923187256,0.20076397061348,1.24708616733551,0.361523300409317,-0.263272196054459,-0.544417202472687,-0.709646821022034
-0.59764838218689,0.200788110494614,1.24713540077209,0.362501859664917,-0.263089656829834,-0.550705373287201,-0.704343616962433
-0.598598062992096,0.200829595327377,1.2470383644104,0.362259358167648,-0.263761669397354,-0.554216861724854,-0.701456785202026
-0.599007487297058,0.200898453593254,1.24711871147156,0.364726811647415,-0.261810451745987,-0.561483979225159,-0.695101022720337
-0.599754154682159,0.200909465551376,1.24717009067535,0.366283118724823,-0.260259211063385,-0.566186726093292,-0.691038727760315
-0.600524723529816,0.200986117124557,1.24739849567413,0.3671535551548,-0.260040551424026,-0.570877075195312,-0.686787247657776
-0.601191759109497,0.200987786054611,1.24742329120636,0.368126690387726,-0.25913605093956,-0.575574100017548,-0.68267548084259
-0.601797461509705,0.201155602931976,1.24708962440491,0.369046717882156,-0.257992446422577,-0.580671846866608,-0.678280651569366
-0.602442443370819,0.201192945241928,1.24708724021912,0.370528250932693,-0.258490473031998,-0.584272980690002,-0.6741783618927
-0.603146076202393,0.201289653778076,1.24702143669128,0.370341300964355,-0.256277859210968,-0.589897453784943,-0.67021632194519
-0.603731751441956,0.201273262500763,1.246990442276,0.370957791805267,-0.255370318889618,-0.594126880168915,-0.666475594043732
-0.60448694229126,0.201349824666977,1.24694776535034,0.370341181755066,-0.25448414683342,-0.593625545501709,-0.667603135108948
-0.607347726821899,0.201686233282089,1.24774050712585,0.374157130718231,-0.251888900995255,-0.594638645648956,-0.665554881095886
-0.605814695358276,0.201704740524292,1.24685287475586,0.371636986732483,-0.252333343029022,-0.601093530654907,-0.660984456539154
-0.606697976589203,0.20196883380413,1.24719738960266,0.372995108366013,-0.251577198505402,-0.60424667596817,-0.657624185085297
-0.606697976589203,0.20196883380413,1.24719738960266,0.372995108366013,-0.251577198505402,-0.60424667596817,-0.657624185085297
-0.607742011547089,0.202347218990326,1.24679827690125,0.373403459787369,-0.250187933444977,-0.611530423164368,-0.651157736778259
-0.608463406562805,0.202446475625038,1.24648010730743,0.374067813158035,-0.248602643609047,-0.614458024501801,-0.648622810840607
-0.60901403427124,0.202648237347603,1.24639737606049,0.374362677335739,-0.248119696974754,-0.617629289627075,-0.645618617534637
-0.609714865684509,0.202841028571129,1.24641442298889,0.375225901603699,-0.246901929378509,-0.620412826538086,-0.642909646034241
-0.609927415847778,0.203110247850418,1.24733650684357,0.375881612300873,-0.247758328914642,-0.623130619525909,-0.639560163021088
-0.610710859298706,0.203388333320618,1.24740171432495,0.376715451478958,-0.247173756361008,-0.625155031681061,-0.637316226959229
-0.611124455928802,0.203638672828674,1.24735844135284,0.377159923315048,-0.246908009052277,-0.627813637256622,-0.634536862373352
-0.611595869064331,0.203874886035919,1.24737107753754,0.378120183944702,-0.246060356497765,-0.630282819271088,-0.631841003894806
-0.612177550792694,0.204247415065765,1.24721419811249,-0.378812849521637,0.245776280760765,0.632143557071686,0.629674077033997
-0.612177550792694,0.204247415065765,1.24721419811249,-0.378812849521637,0.245776280760765,0.632143557071686,0.629674077033997
-0.612906157970428,0.204538196325302,1.2470201253891,-0.379738509654999,0.244641780853271,0.636638581752777,0.625012338161469
-0.613295316696167,0.204955965280533,1.24689793586731,-0.38034325838089,0.244682490825653,0.638373672962189,0.622855246067047
-0.613703787326813,0.205183088779449,1.2467086315155,-0.381160169839859,0.24405112862587,0.640388429164886,0.620531022548676
-0.613971054553986,0.205524131655693,1.24655735492706,-0.381605714559555,0.243848875164986,0.642177820205688,0.618483781814575
-0.6142258644104,0.205821603536606,1.24650728702545,-0.381766200065613,0.24422587454319,0.643693208694458,0.61665815114975
-0.614425718784332,0.205981880426407,1.24644327163696,-0.38216158747673,0.244217097759247,0.645236492156982,0.614801228046417
-0.614636063575745,0.20634962618351,1.24634683132172,-0.382557690143585,0.244909733533859,0.646651744842529,0.612789154052734
-0.614899873733521,0.20677050948143,1.24622368812561,-0.383192837238312,0.245082259178162,0.648115634918213,0.61077356338501
-0.615198910236359,0.207155242562294,1.24616611003876,-0.384538918733597,0.24432860314846,0.649868667125702,0.608361840248108
-0.615357756614685,0.207497477531433,1.24599385261536,-0.3847895860672,0.244708359241486,0.65114837884903,0.60668009519577
-0.615570545196533,0.207968980073929,1.24589931964874,-0.385296404361725,0.24528531730175,0.652329504489899,0.604853749275208
-0.615701258182526,0.208249151706696,1.24583113193512,-0.385915488004684,0.245515629649162,0.653607845306396,0.602982759475708
-0.615847826004028,0.208614319562912,1.24572336673737,-0.386188328266144,0.245995715260506,0.654649794101715,0.601480305194855
-0.615926802158356,0.208996757864952,1.24560272693634,-0.386444300413132,0.24640029668808,0.656393766403198,0.599245369434357
-0.616178393363953,0.209408968687057,1.24540150165558,-0.387200623750687,0.246459439396858,0.657510638237,0.597505807876587
-0.617022752761841,0.209688454866409,1.24532699584961,-0.388775199651718,0.245826542377472,0.658082902431488,0.596112549304962
-0.617022752761841,0.209688454866409,1.24532699584961,-0.388775199651718,0.245826542377472,0.658082902431488,0.596112549304962
-0.617211818695068,0.210575550794601,1.24505567550659,-0.390027940273285,0.246559709310532,0.660184323787689,0.592657685279846
-0.616940557956696,0.211075082421303,1.24483454227448,-0.39024230837822,0.247351959347725,0.661669790744781,0.590526163578033
-0.617009043693542,0.2115318775177,1.24455094337463,-0.390648722648621,0.247932687401771,0.662401795387268,0.589191734790802
-0.617091059684753,0.211946249008179,1.24437832832336,-0.391142696142197,0.248460739850998,0.663356065750122,0.58756560087204
-0.617149829864502,0.212478309869766,1.24418294429779,-0.392366141080856,0.249136030673981,0.664594948291779,0.585058629512787
-0.617335081100464,0.212960124015808,1.24396133422852,-0.393033057451248,0.249718576669693,0.665124297142029,0.583759725093842
-0.617405295372009,0.213455036282539,1.24362230300903,-0.39338231086731,0.250511825084686,0.665774822235107,0.582441568374634
-0.617424130439758,0.21394020318985,1.24341285228729,-0.394171923398972,0.25063344836235,0.666596174240112,0.580913960933685
-0.61748218536377,0.214504182338715,1.24321305751801,-0.394840806722641,0.251176416873932,0.667072832584381,0.579676687717438
-0.617456078529358,0.214993342757225,1.24304473400116,-0.400043696165085,0.255126506090164,0.666087031364441,0.575502991676331
-0.617438495159149,0.215510785579681,1.24284839630127,-0.395798712968826,0.252559721469879,0.668125808238983,0.577204406261444
-0.617393791675568,0.215892642736435,1.24275135993958,-0.396153390407562,0.253060042858124,0.668413162231445,0.576408743858337
-0.61725777387619,0.216355741024017,1.24257659912109,-0.400903820991516,0.256901204586029,0.667221784591675,0.572794258594513
-0.61725777387619,0.216355741024017,1.24257659912109,-0.400903820991516,0.256901204586029,0.667221784591675,0.572794258594513
-0.617099583148956,0.217363774776459,1.24224269390106,-0.401354610919952,0.258289873600006,0.667792975902557,0.571186006069183
-0.617006242275238,0.217927157878876,1.24218380451202,-0.397481799125671,0.255380064249039,0.669716894626617,0.572947263717651
-0.616910815238953,0.218426838517189,1.24206912517548,-0.3978151679039,0.255767077207565,0.669830739498138,0.572409927845001
-0.616797685623169,0.219082295894623,1.24175262451172,-0.397896766662598,0.256469577550888,0.669797480106354,0.572077810764313
-0.616534113883972,0.219443738460541,1.24166882038116,-0.397829681634903,0.256996095180511,0.669860363006592,0.571814358234406
-0.616371154785156,0.219930589199066,1.24159705638885,-0.397709161043167,0.257441252470016,0.669783711433411,0.571787774562836
-0.616182088851929,0.220473825931549,1.24142825603485,-0.397658854722977,0.258138090372086,0.669584095478058,0.571742475032806
-0.615963876247406,0.221012681722641,1.24132800102234,-0.397637605667114,0.258779942989349,0.669272422790527,0.571831822395325
-0.615609884262085,0.221567630767822,1.24120771884918,-0.397501945495605,0.259621948003769,0.668723523616791,0.572186648845673
-0.615374088287354,0.222107350826263,1.24111890792847,-0.397638112306595,0.260180503129959,0.668362677097321,0.572259962558746
-0.615374088287354,0.222107350826263,1.24111890792847,-0.397638112306595,0.260180503129959,0.668362677097321,0.572259962558746
-0.614829361438751,0.223249673843384,1.24084436893463,-0.397583514451981,0.261427968740463,0.667233347892761,0.573046505451202
-0.614580750465393,0.223821729421616,1.24069201946259,-0.39711731672287,0.262067973613739,0.666273534297943,0.57419341802597
-0.614249646663666,0.224379241466522,1.24058020114899,-0.397076278924942,0.262857437133789,0.66583126783371,0.574373781681061
-0.613860964775085,0.224960252642632,1.24050974845886,-0.397316604852676,0.263924121856689,0.664880990982056,0.574819087982178
-0.61346423625946,0.225486516952515,1.24041903018951,-0.397524118423462,0.264519512653351,0.664544224739075,0.574791133403778
-0.613038182258606,0.226098954677582,1.24021732807159,-0.397434115409851,0.265522122383118,0.663788616657257,0.575264275074005
-0.612699329853058,0.226656287908554,1.24005043506622,-0.397375196218491,0.266328632831573,0.663242220878601,0.575562179088593
-0.61239492893219,0.227221578359604,1.23995316028595,-0.397700667381287,0.267284482717514,0.662190437316895,0.576105237007141
-0.612332582473755,0.227735698223114,1.23994636535645,-0.398207902908325,0.267927378416061,0.661273837089539,0.57650887966156
-0.611593663692474,0.228308111429214,1.23977613449097,-0.39786234498024,0.269452035427094,0.660915493965149,0.576447725296021
-0.610936462879181,0.228955879807472,1.23950231075287,-0.397640585899353,0.27080836892128,0.660263180732727,0.576712489128113
-0.610818982124329,0.229520291090012,1.23947536945343,-0.398152351379394,0.27159121632576,0.659240782260895,0.577160775661469
-0.610469996929169,0.230200067162514,1.23938131332397,-0.398592352867126,0.272445201873779,0.657960414886475,0.577915251255035
-0.610189437866211,0.230779021978378,1.23929882049561,-0.398869127035141,0.273195862770081,0.656852185726166,0.578630030155182
-0.610177397727966,0.231249794363975,1.23927366733551,-0.399381101131439,0.273638725280762,0.655384838581085,0.579730451107025
-0.609801411628723,0.231736987829208,1.23918521404266,-0.399389326572418,0.274639427661896,0.653777301311493,0.581064999103546
-0.608649849891663,0.232421576976776,1.23902332782745,-0.398654997348785,0.276437610387802,0.653045654296875,0.58153909444809
-0.608466923236847,0.233119547367096,1.23887157440186,-0.398956090211868,0.277112454175949,0.651303887367249,0.582963168621063
-0.608030617237091,0.23364993929863,1.23885369300842,-0.398920178413391,0.278104394674301,0.649577558040619,0.584439814090729
-0.607606947422028,0.23416443169117,1.23886501789093,-0.398909628391266,0.279043763875961,0.647389709949493,0.586423337459564
-0.60731714963913,0.234532132744789,1.23878836631775,-0.399045467376709,0.279160529375076,0.6451535820961,0.588735163211823
-0.606744050979614,0.235016584396362,1.23875725269318,-0.398197889328003,0.28043070435524,0.643981099128723,0.589987576007843
-0.60625171661377,0.235551834106445,1.23869466781616,-0.397797793149948,0.28145831823349,0.641019403934479,0.592986166477203
-0.606085062026978,0.236141934990883,1.23843204975128,-0.396174043416977,0.284360200166702,0.637046098709106,0.596956968307495
-0.606186985969543,0.236550867557526,1.23865306377411,-0.398617416620255,0.28252100944519,0.63379317522049,0.599660217761993
-0.605120003223419,0.237253338098526,1.2382732629776,-0.396519184112549,0.285402983427048,0.630881488323212,0.602749049663544
-0.604527831077576,0.237614125013351,1.23825919628143,-0.397454977035522,0.284462660551071,0.628589272499084,0.604968011379242
-0.604155480861664,0.23809540271759,1.23798871040344,-0.39600944519043,0.286477506160736,0.624846696853638,0.608829915523529
-0.603979825973511,0.238438412547112,1.23809134960175,-0.397948652505875,0.284473121166229,0.622044920921326,0.611369073390961
-0.602952241897583,0.239145368337631,1.23774385452271,-0.395132303237915,0.288467347621918,0.618097603321075,0.615315020084381
-0.602344512939453,0.239474043250084,1.2375625371933,0.395460456609726,-0.287870436906815,-0.615179181098938,-0.618301093578339
-0.602344512939453,0.239474043250084,1.2375625371933,0.395460456609726,-0.287870436906815,-0.615179181098938,-0.618301093578339
-0.601960420608521,0.240612685680389,1.23735952377319,0.395146399736404,-0.289671897888184,-0.606838703155518,-0.625856697559357
-0.601362884044647,0.241025194525719,1.23702692985535,0.394361197948456,-0.290441513061523,-0.604366302490234,-0.628382623195648
-0.601554453372955,0.241658478975296,1.23631656169891,0.39507731795311,-0.289770483970642,-0.600395262241364,-0.632038712501526
-0.600699782371521,0.242315679788589,1.23621237277985,0.396587491035461,-0.288796722888946,-0.598841786384583,-0.633011281490326
-0.600699782371521,0.242315679788589,1.23621237277985,0.396587491035461,-0.288796722888946,-0.598841786384583,-0.633011281490326
-0.599072277545929,0.24333693087101,1.2359231710434,0.395762830972672,-0.291229456663132,-0.59236204624176,-0.63848602771759
-0.598408818244934,0.243981420993805,1.2357896566391,0.396098911762237,-0.292598873376846,-0.594728887081146,-0.635443985462189
-0.597685515880585,0.244427770376205,1.23560273647308,0.395891219377518,-0.293455213308334,-0.592043519020081,-0.637682437896729
-0.597102463245392,0.244904637336731,1.23533201217651,0.396173894405365,-0.29397776722908,-0.589242815971375,-0.639856457710266
-0.59611976146698,0.245296686887741,1.23533415794373,0.396144241094589,-0.296051412820816,-0.585196197032928,-0.642626464366913
-0.595312178134918,0.245925962924957,1.23522913455963,0.396145701408386,-0.297304630279541,-0.582801163196564,-0.644221723079681
-0.594625473022461,0.246599644422531,1.23510754108429,0.39609706401825,-0.298669219017029,-0.580252885818481,-0.645918548107147
-0.594004213809967,0.247448578476906,1.23496949672699,0.396302461624146,-0.300031304359436,-0.577627778053284,-0.647511959075928
-0.593217790126801,0.247847780585289,1.2346853017807,0.396423280239105,-0.300941854715347,-0.57564377784729,-0.648781180381775
-0.592309296131134,0.248662918806076,1.23456227779388,0.396497964859009,-0.302470654249191,-0.573706686496735,-0.649739503860474
-0.591578364372253,0.249119460582733,1.23439276218414,0.396351248025894,-0.303518176078796,-0.572064757347107,-0.650787591934204
-0.590800046920776,0.249801710247993,1.2342894077301,0.396726459264755,-0.304752111434937,-0.570384085178375,-0.651457130908966
-0.590150833129883,0.250335901975632,1.23402106761932,0.396896839141846,-0.30559179186821,-0.568699061870575,-0.652432441711426
-0.589183390140533,0.250567138195038,1.23384308815002,0.396437883377075,-0.30687803030014,-0.567615985870361,-0.653050661087036
-0.588398039340973,0.251529157161713,1.23373293876648,0.396765053272247,-0.308567106723785,-0.566069602966309,-0.653398215770721
-0.587705969810486,0.252170085906982,1.23356688022614,0.397261530160904,-0.309905529022217,-0.564911901950836,-0.653465032577515
-0.587278664112091,0.252747148275375,1.23330271244049,0.397835463285446,-0.310786336660385,-0.563535511493683,-0.653885781764984
-0.58641117811203,0.25309956073761,1.23323905467987,0.397588640451431,-0.31212055683136,-0.562151670455933,-0.654591262340546
-0.58549690246582,0.253624856472015,1.23314678668976,0.39751011133194,-0.31357616186142,-0.561428248882294,-0.654564082622528
-0.58465051651001,0.254166603088379,1.23305439949036,0.397433280944824,-0.315130054950714,-0.560676991939545,-0.654508411884308
-0.584083497524261,0.254605978727341,1.23293995857239,0.397735029459,-0.316175371408463,-0.559468567371368,-0.654854893684387
-0.584083497524261,0.254605978727341,1.23293995857239,0.397735029459,-0.316175371408463,-0.559468567371368,-0.654854893684387
-0.582795739173889,0.255598366260529,1.23260676860809,0.397880703210831,-0.318322986364365,-0.557543277740479,-0.655367910861969
-0.582053959369659,0.256190329790115,1.2325005531311,0.397985368967056,-0.319596767425537,-0.556476712226868,-0.655590891838074
-0.581607222557068,0.25702702999115,1.23212683200836,0.398184508085251,-0.320647567510605,-0.55492115020752,-0.656274914741516
-0.580992102622986,0.257187098264694,1.23198521137238,0.398043245077133,-0.321118801832199,-0.55411684513092,-0.656809866428375
-0.580523550510406,0.257784008979797,1.23184096813202,0.398103207349777,-0.322296977043152,-0.552496731281281,-0.657560765743256
-0.579855859279633,0.258181303739548,1.23173773288727,0.397472947835922,-0.322252988815308,-0.54604697227478,-0.663325607776642
-0.5790696144104,0.259088516235352,1.23163080215454,0.398492097854614,-0.324419319629669,-0.549962103366852,-0.658405542373657
-0.578448355197906,0.259303241968155,1.23143076896667,0.398300886154175,-0.324993282556534,-0.548882782459259,-0.65913850069046
-0.577891290187836,0.260008454322815,1.23129868507385,0.39865842461586,-0.326202303171158,-0.547036230564117,-0.659859776496887
-0.577460467815399,0.260465919971466,1.23110413551331,0.398861795663834,-0.327030211687088,-0.545310974121094,-0.660754382610321
-0.576958417892456,0.260871797800064,1.23095166683197,0.399022936820984,-0.32770761847496,-0.543979346752167,-0.661418735980988
-0.576236367225647,0.261466026306152,1.23092007637024,0.398799777030945,-0.329432278871536,-0.542150259017944,-0.662198007106781
-0.575621247291565,0.262012213468552,1.23086476325989,0.39905235171318,-0.330245614051819,-0.540385484695435,-0.663082718849182
-0.574885189533234,0.262018501758575,1.2308406829834,0.398649334907532,-0.330908507108688,-0.539727687835693,-0.663530230522156
-0.574256002902985,0.262798756361008,1.23079836368561,0.398644030094147,-0.332476198673248,-0.538108646869659,-0.664064705371857
-0.573783576488495,0.263334006071091,1.23070645332336,0.398928582668304,-0.333068460226059,-0.536509573459625,-0.664890289306641
-0.571153819561005,0.263752311468124,1.23096251487732,0.396011918783188,-0.337335973978043,-0.5364710688591,-0.664513230323792
-0.570512294769287,0.263926208019257,1.23097169399261,0.395848393440247,-0.338200777769089,-0.53536319732666,-0.66506427526474
-0.572030127048492,0.264179706573486,1.23059749603271,0.398348033428192,-0.335490018129349,-0.533289670944214,-0.666608929634094
-0.571517884731293,0.264578759670258,1.23047482967377,0.398274183273315,-0.336082577705383,-0.532331764698029,-0.667119920253754
-0.571045577526093,0.264925748109818,1.23037803173065,0.398382425308227,-0.336496949195862,-0.531466364860535,-0.667536318302155
-0.57051819562912,0.265346586704254,1.23026776313782,0.397768646478653,-0.335908770561218,-0.525651097297668,-0.672782599925995
-0.569976806640625,0.265693634748459,1.23023951053619,0.398463100194931,-0.337248474359512,-0.530530512332916,-0.66785329580307
-0.569450557231903,0.266013205051422,1.23021864891052,0.397427767515182,-0.33689558506012,-0.524725019931793,-0.673213481903076
-0.569450557231903,0.266013205051422,1.23021864891052,0.397427767515182,-0.33689558506012,-0.524725019931793,-0.673213481903076
-0.568293571472168,0.266736537218094,1.23021447658539,0.39776012301445,-0.338820576667786,-0.529983580112457,-0.667910993099213
-0.567656815052032,0.266994297504425,1.23032462596893,0.397609561681747,-0.339105099439621,-0.53030002117157,-0.667604982852936
-0.567187249660492,0.267397105693817,1.23045599460602,0.397390782833099,-0.339544862508774,-0.530170917510986,-0.667614102363586
-0.566782593727112,0.267643064260483,1.23049962520599,0.397105991840362,-0.339576303958893,-0.5303835272789,-0.667598843574524
-0.562560141086578,0.276351124048233,1.23252010345459,0.446162223815918,-0.306843280792236,-0.556202590465546,-0.630416750907898
-0.562201678752899,0.276963710784912,1.23261117935181,0.446209609508514,-0.307300597429276,-0.556127727031708,-0.630226492881775
-0.561756789684296,0.276807606220245,1.23276448249817,0.445685684680939,-0.30703005194664,-0.55655837059021,-0.630348920822144
-0.561373710632324,0.277040421962738,1.23289787769318,0.44544130563736,-0.307220250368118,-0.556683778762817,-0.630318284034729
-0.560996472835541,0.277246385812759,1.23303949832916,0.445153683423996,-0.307322889566422,-0.556870877742767,-0.630306124687195
-0.560548305511475,0.277785748243332,1.23323285579681,0.445017248392105,-0.307884603738785,-0.556940615177155,-0.630066692829132
-0.56026154756546,0.277935564517975,1.23336184024811,0.444733709096909,-0.307830393314362,-0.55704391002655,-0.630201995372772
-0.560001909732819,0.278147011995315,1.23348140716553,0.44431871175766,-0.307929843664169,-0.557289838790894,-0.630228638648987
-0.559911072254181,0.277916222810745,1.23352551460266,0.443991243839264,-0.306980043649673,-0.55782562494278,-0.630448758602142
-0.559630513191223,0.278334617614746,1.23376822471619,0.443998366594315,-0.30707511305809,-0.558041870594025,-0.630206108093262
-0.559489369392395,0.27855110168457,1.23386383056641,0.443878591060638,-0.306951463222504,-0.558042347431183,-0.630350410938263
-0.559328556060791,0.2786425948143,1.23398113250732,0.443619519472122,-0.306717067956924,-0.558231592178345,-0.630479097366333
-0.559328556060791,0.2786425948143,1.23398113250732,0.443619519472122,-0.306717067956924,-0.558231592178345,-0.630479097366333
-0.558882832527161,0.278522521257401,1.23419332504272,0.442297697067261,-0.306141644716263,-0.558712542057037,-0.631261050701141
-0.558638334274292,0.278534412384033,1.23429930210114,0.441874802112579,-0.305550336837768,-0.558953702449799,-0.631630182266235
-0.558454573154449,0.278598427772522,1.23438680171967,0.441286563873291,-0.305273413658142,-0.558921456336975,-0.632203459739685
-0.558264493942261,0.278610318899155,1.23447394371033,0.440911859273911,-0.304809749126434,-0.55890166759491,-0.632705986499786
-0.558089792728424,0.278782337903976,1.2344970703125,0.440321028232574,-0.304882436990738,-0.558467507362366,-0.633465170860291
-0.555648922920227,0.278688997030258,1.2348997592926,0.436865836381912,-0.307925850152969,-0.559935629367828,-0.633089303970337
-0.555436134338379,0.278692424297333,1.23494434356689,0.436544269323349,-0.307542324066162,-0.55975866317749,-0.633653879165649
-0.555234014987946,0.278774231672287,1.23497128486633,0.435950964689255,-0.307582825422287,-0.558990240097046,-0.634720087051392
-0.554919302463531,0.278915405273438,1.23496472835541,0.435378581285477,-0.30779242515564,-0.558624267578125,-0.63533341884613
-0.554722726345062,0.278902173042297,1.23498451709747,0.435077756643295,-0.307479977607727,-0.558374345302582,-0.635910093784332
-0.554571509361267,0.279272764921188,1.23496401309967,0.435107111930847,-0.307549625635147,-0.55769419670105,-0.636452972888947
-0.556703627109528,0.27914422750473,1.23452198505402,0.437684386968613,-0.303609281778336,-0.555612325668335,-0.638395607471466
-0.556494891643524,0.279197037220001,1.23451733589172,0.437361359596252,-0.303477615118027,-0.555145502090454,-0.639085292816162
-0.556378245353699,0.279670894145966,1.23447847366333,0.437273681163788,-0.303817301988602,-0.554183781147003,-0.639818012714386
-0.556016743183136,0.2798171043396,1.23450493812561,0.436612546443939,-0.30436635017395,-0.553450226783752,-0.640643060207367
-0.555880188941956,0.279821932315826,1.23451817035675,0.436704784631729,-0.303977280855179,-0.552780628204346,-0.641342759132385
-0.555728673934937,0.279890269041061,1.23451578617096,0.435596376657486,-0.303360044956207,-0.546791911125183,-0.647493124008179
-0.555688738822937,0.280095398426056,1.23444581031799,0.435374230146408,-0.303658038377762,-0.545520544052124,-0.64857429265976
-0.555535554885864,0.280006587505341,1.23450303077698,0.435420960187912,-0.303283810615539,-0.545287489891052,-0.64891391992569
-0.555535554885864,0.280006587505341,1.23450303077698,0.435420960187912,-0.303283810615539,-0.545287489891052,-0.64891391992569
-0.555342853069305,0.280170261859894,1.23449039459229,0.435468405485153,-0.303423166275024,-0.544055581092834,-0.649850070476532
-0.555250346660614,0.28016722202301,1.23455154895782,0.43552616238594,-0.302943885326385,-0.543683290481567,-0.650346517562866
-0.55516254901886,0.280196309089661,1.23457765579224,0.435417294502258,-0.302736759185791,-0.54343569278717,-0.650722622871399
-0.555018484592438,0.280324429273605,1.23462045192719,0.435468137264252,-0.302605152130127,-0.543328404426575,-0.650839507579803
-0.555005252361298,0.280400156974792,1.23462128639221,0.435299932956696,-0.302584946155548,-0.54296463727951,-0.651264727115631
-0.554880023002625,0.280410587787628,1.23467588424683,0.435160338878632,-0.302512347698212,-0.542814135551453,-0.651517152786255
-0.554835021495819,0.280442833900452,1.23470795154572,0.435161650180817,-0.302394479513168,-0.542628228664398,-0.651725828647614
-0.554723262786865,0.280464887619018,1.23475348949432,0.435145884752274,-0.302338868379593,-0.54279762506485,-0.651621222496033
-0.554610967636108,0.280482649803162,1.23479080200195,0.435124516487122,-0.302331537008286,-0.543059766292572,-0.651420414447784
-0.554515719413757,0.280469506978989,1.23482835292816,0.43486100435257,-0.302003562450409,-0.544043600559235,-0.650927364826202
-0.554436862468719,0.280506163835526,1.23487210273743,0.435036033391953,-0.302214324474335,-0.543977975845337,-0.650767385959625
-0.554403185844421,0.280526369810104,1.23491513729095,0.434808820486069,-0.30188176035881,-0.544736385345459,-0.650439083576202
-0.554293394088745,0.28062230348587,1.23494529724121,0.43486076593399,-0.301594197750091,-0.545186102390289,-0.650161027908325
-0.554275870323181,0.280482053756714,1.23495864868164,0.434982687234878,-0.301382333040237,-0.54527348279953,-0.650104284286499
-0.554192841053009,0.280445456504822,1.2349967956543,0.435155391693115,-0.300804287195206,-0.5458664894104,-0.649758815765381
-0.554196655750275,0.28046503663063,1.2350161075592,0.434886187314987,-0.300726532936096,-0.546017944812775,-0.649847745895386
-0.554080486297607,0.28055140376091,1.23499059677124,0.434938967227936,-0.300404995679855,-0.546579957008362,-0.649488508701324
-0.554016888141632,0.280544340610504,1.23499071598053,0.434776127338409,-0.300147265195847,-0.546986818313599,-0.64937424659729
-0.553903579711914,0.280564248561859,1.23499941825867,0.434588670730591,-0.299977421760559,-0.547456741333008,-0.649182260036469
-0.55388206243515,0.280583053827286,1.234987616539,0.434522897005081,-0.299751847982407,-0.547809422016144,-0.649032771587372
-0.553772509098053,0.280687928199768,1.23500216007233,0.434370338916779,-0.299734205007553,-0.54817795753479,-0.648831903934479
-0.553677439689636,0.280635178089142,1.23497104644775,0.434203058481216,-0.299588322639465,-0.548574388027191,-0.648676037788391
-0.553557753562927,0.280670762062073,1.23498141765594,0.434118092060089,-0.299613982439041,-0.548857867717743,-0.648481369018555
-0.553447186946869,0.280692040920258,1.23494565486908,0.434027194976807,-0.299602031707764,-0.549082636833191,-0.648357391357422
-0.553325176239014,0.280759930610657,1.2349179983139,0.434019774198532,-0.299790859222412,-0.549187481403351,-0.648186445236206
-0.553230822086334,0.280811071395874,1.23487448692322,0.433964878320694,-0.299745351076126,-0.549266934394836,-0.648176908493042
-0.553130507469177,0.280813127756119,1.2347674369812,0.434076368808746,-0.299476623535156,-0.549385368824005,-0.648125946521759
-0.553043067455292,0.280919224023819,1.23465597629547,0.433928728103638,-0.299669563770294,-0.549126207828522,-0.648355185985565
-0.552989840507507,0.280986368656158,1.23455250263214,0.433991461992264,-0.299601167440414,-0.548855245113373,-0.64857417345047
-0.552924513816833,0.281068205833435,1.23445916175842,0.433812409639359,-0.299349129199982,-0.54871141910553,-0.648931980133057
-0.552815139293671,0.281092584133148,1.23440098762512,0.433916687965393,-0.299224674701691,-0.548329174518585,-0.649242699146271
-0.552675485610962,0.281196296215057,1.23431503772736,0.4339519739151,-0.299414724111557,-0.548046886920929,-0.649369835853577
-0.552508175373077,0.28129643201828,1.23421823978424,0.433938950300217,-0.299674242734909,-0.547883927822113,-0.649396479129791
-0.552426934242249,0.281394422054291,1.23411798477173,0.434225648641586,-0.299956858158112,-0.547415971755981,-0.649468719959259
-0.552313268184662,0.281481385231018,1.2339916229248,0.434305131435394,-0.299710780382156,-0.547872066497803,-0.649144649505615
-0.552196145057678,0.281588077545166,1.23393654823303,0.434430450201034,-0.299940317869186,-0.547779083251953,-0.649033308029175
-0.552096366882324,0.281683802604675,1.2338730096817,0.434519290924072,-0.300147265195847,-0.547667741775513,-0.64897209405899
-0.552111566066742,0.281842917203903,1.23378992080688,0.434895753860474,-0.300058931112289,-0.547510027885437,-0.648893654346466
-0.551963984966278,0.281927585601807,1.23377168178558,0.43483704328537,-0.300268828868866,-0.547250270843506,-0.649055182933807
-0.551861822605133,0.282016068696976,1.23373103141785,0.434824913740158,-0.300326228141785,-0.546987593173981,-0.649258136749268
-0.551790773868561,0.282099723815918,1.23372292518616,0.434849143028259,-0.300382852554321,-0.546797037124634,-0.649376153945923
-0.551768600940704,0.282221347093582,1.23365139961243,0.434818476438522,-0.300377398729324,-0.546556413173676,-0.649601697921753
-0.551687657833099,0.282298386096954,1.23365366458893,0.434708267450333,-0.30033329129219,-0.546372592449188,-0.64985054731369
-0.55162113904953,0.282390892505646,1.23364925384521,0.434866905212402,-0.300387144088745,-0.545813977718353,-0.650188982486725
-0.551557600498199,0.282449960708618,1.23366141319275,0.434735357761383,-0.300355404615402,-0.545592367649078,-0.650477528572083
-0.551486730575562,0.282463848590851,1.23368585109711,0.434763967990875,-0.300053477287292,-0.54535973072052,-0.650792837142944
-0.551412045955658,0.282512426376343,1.23373758792877,0.434479415416717,-0.299969911575317,-0.545351684093475,-0.651027917861938
-0.551393747329712,0.282557278871536,1.23373544216156,0.434344947338104,-0.299878805875778,-0.545084297657013,-0.651383519172668
-0.551364183425903,0.282674759626388,1.23377752304077,0.434261411428451,-0.299909293651581,-0.544847905635834,-0.651622653007507
-0.551289021968842,0.282611936330795,1.23380327224731,0.433968842029571,-0.299836367368698,-0.544723510742188,-0.651955127716064
-0.551286458969116,0.282620579004288,1.23383402824402,0.433836072683334,-0.299818903207779,-0.544477164745331,-0.65225738286972
-0.551157653331757,0.282688558101654,1.23390018939972,0.433631539344788,-0.300037562847137,-0.544302225112915,-0.652438640594482
-0.551107704639435,0.282682150602341,1.23392736911774,0.433437347412109,-0.300064772367477,-0.543977499008179,-0.652825951576233
-0.55104273557663,0.282648146152496,1.23399329185486,0.433166861534119,-0.300040751695633,-0.543724417686462,-0.653227388858795
-0.551015198230743,0.282577693462372,1.23404514789581,0.433738231658935,-0.300320446491241,-0.549052059650421,-0.648244321346283
-0.551048994064331,0.282553017139435,1.23406457901001,0.433669179677963,-0.300185143947601,-0.548837721347809,-0.648534536361694
-0.551131248474121,0.282505571842194,1.23408484458923,0.432994425296783,-0.29967013001442,-0.543336033821106,-0.653834700584412
-0.551195681095123,0.282487511634827,1.23409044742584,0.432996511459351,-0.299530357122421,-0.543294608592987,-0.653931617736816
-0.551138520240784,0.282374113798141,1.2341775894165,0.432830810546875,-0.299559712409973,-0.543408274650574,-0.65393328666687
-0.551180839538574,0.282255113124847,1.23419404029846,0.432790637016296,-0.299415498971939,-0.543483555316925,-0.653963446617126
-0.551269710063934,0.282237976789474,1.23421812057495,0.433621138334274,-0.299636781215668,-0.548898816108704,-0.648768663406372
-0.551336467266083,0.282173126935959,1.23423886299133,0.433685541152954,-0.29954007267952,-0.549027144908905,-0.648661673069
-0.551485419273376,0.282100170850754,1.23427391052246,0.43385124206543,-0.299396216869354,-0.549117028713226,-0.648541033267975
-0.551576435565948,0.281893938779831,1.2343088388443,0.433811634778976,-0.29918584227562,-0.549344003200531,-0.648472428321838
-0.55167955160141,0.281916558742523,1.23435723781586,0.43330329656601,-0.298913419246674,-0.544236540794373,-0.653227210044861
-0.551650702953339,0.281773537397385,1.23449301719666,0.433905690908432,-0.299323976039886,-0.549784660339355,-0.647972166538239
-0.551761150360107,0.281662702560425,1.23454320430756,0.434026151895523,-0.29926535487175,-0.549942314624786,-0.647784829139709
-0.551842272281647,0.281452655792236,1.23462045192719,0.433970302343368,-0.299103438854217,-0.550259351730347,-0.647627651691437
-0.55191445350647,0.281310379505157,1.23467481136322,0.43387508392334,-0.298945307731628,-0.550664246082306,-0.647420406341553
-0.552097260951996,0.281200498342514,1.23466658592224,0.433560341596603,-0.298900276422501,-0.550766050815582,-0.647565484046936
-0.552193760871887,0.281014770269394,1.23467445373535,0.433509796857834,-0.298549473285675,-0.551256239414215,-0.647343933582306
-0.552266597747803,0.280884504318237,1.2347024679184,0.432709753513336,-0.297968029975891,-0.546621024608612,-0.652060449123383
-0.552335739135742,0.280764520168304,1.23471820354462,0.432532995939255,-0.297841578722,-0.547064542770386,-0.651863515377045
-0.552380561828613,0.280566275119781,1.23470318317413,0.432710975408554,-0.297161608934402,-0.547869145870209,-0.651379704475403
-0.552431464195251,0.28043857216835,1.23471200466156,0.432498604059219,-0.29705810546875,-0.548665821552277,-0.650897443294525
-0.552441358566284,0.280304700136185,1.23470652103424,0.43231600522995,-0.296786338090897,-0.549560248851776,-0.650387763977051
-0.552451729774475,0.28017070889473,1.234708070755,0.432057619094849,-0.29653862118721,-0.550360023975372,-0.649996101856232
-0.552730023860931,0.279266148805618,1.23448288440704,0.427869319915771,-0.298547297716141,-0.549777984619141,-0.652335464954376
-0.552736818790436,0.279166966676712,1.23448252677917,0.427505910396576,-0.298207134008408,-0.550928890705109,-0.651758193969727
-0.552710592746735,0.279078900814056,1.23449957370758,0.42708745598793,-0.297992587089539,-0.55193430185318,-0.651279807090759
-0.552517950534821,0.279796451330185,1.23475527763367,0.430778533220291,-0.295179188251495,-0.554825305938721,-0.647663414478302
-0.552506625652313,0.279717326164246,1.23488092422485,0.430365651845932,-0.294976025819778,-0.555898010730743,-0.64711058139801
-0.552812933921814,0.278973758220673,1.23469150066376,0.425873696804047,-0.297407329082489,-0.554870426654816,-0.649845659732819
-0.552812933921814,0.278973758220673,1.23469150066376,0.425873696804047,-0.297407329082489,-0.554870426654816,-0.649845659732819
-0.552906692028046,0.278848499059677,1.23484587669373,0.425203830003738,-0.296730011701584,-0.556517779827118,-0.649184823036194
-0.552968442440033,0.278811901807785,1.23491871356964,0.424943178892136,-0.296334564685821,-0.557074069976807,-0.649059176445007
-0.55300372838974,0.27871561050415,1.23502492904663,0.424796462059021,-0.295865565538406,-0.557688653469086,-0.648841321468353
-0.553048133850098,0.278661847114563,1.23508071899414,0.424489378929138,-0.295595675706863,-0.558112919330597,-0.648800432682037
-0.55287766456604,0.279520958662033,1.23533487319946,0.428209483623505,-0.293066382408142,-0.560023069381714,-0.645850658416748
-0.552996933460236,0.278584331274033,1.23525929450989,0.423854559659958,-0.29538881778717,-0.558785319328308,-0.648731052875519
-0.553107440471649,0.278611540794373,1.23524248600006,0.423520922660828,-0.295268803834915,-0.558850705623627,-0.648947238922119
-0.553172767162323,0.278592526912689,1.23526418209076,0.423425227403641,-0.295020699501038,-0.558976292610168,-0.649014294147491
-0.552992224693298,0.279381155967712,1.23553049564362,0.427375346422195,-0.292379558086395,-0.560753166675568,-0.646080911159515
-0.553037166595459,0.279363483190536,1.2355375289917,0.427253246307373,-0.292213201522827,-0.560823678970337,-0.646175742149353
-0.553055584430695,0.279293715953827,1.23553478717804,0.427268087863922,-0.291994243860245,-0.560946822166443,-0.64615797996521
-0.553167700767517,0.279312789440155,1.23552083969116,0.42724022269249,-0.291999667882919,-0.560807168483734,-0.646295130252838
-0.553183972835541,0.279253304004669,1.23548591136932,0.427334576845169,-0.291817456483841,-0.560951471328735,-0.64618992805481
-0.553211212158203,0.279250502586365,1.23545801639557,0.427410483360291,-0.291833370923996,-0.560995757579803,-0.646093964576721
-0.553269147872925,0.279227554798126,1.23541986942291,0.427631050348282,-0.291832566261292,-0.561161637306213,-0.645804286003113
-0.553272187709808,0.279215633869171,1.23538756370544,0.427736192941666,-0.291916936635971,-0.561426997184753,-0.645465910434723
-0.553301990032196,0.279120445251465,1.2353253364563,0.427901953458786,-0.291953802108765,-0.561585605144501,-0.64520126581192
-0.553280711174011,0.279097467660904,1.235276222229,0.427948474884033,-0.292184472084045,-0.561816155910492,-0.644865155220032
-0.553328156471252,0.279099017381668,1.23521494865417,0.428228050470352,-0.292313694953918,-0.561924636363983,-0.644526302814484
-0.553306341171265,0.279091715812683,1.2351588010788,0.42842024564743,-0.292530804872513,-0.562052071094513,-0.64418888092041
-0.553353190422058,0.279084295034409,1.23508739471436,0.428656667470932,-0.292531400918961,-0.562105417251587,-0.643984794616699
-0.55340838432312,0.279143214225769,1.23501193523407,0.42885285615921,-0.29286378622055,-0.561931788921356,-0.64385449886322
-0.553436279296875,0.279098689556122,1.23495185375214,0.429081201553345,-0.292950242757797,-0.561898291110992,-0.643692374229431
-0.553433179855347,0.279186725616455,1.23490846157074,0.429435878992081,-0.293265372514725,-0.561684131622314,-0.643499135971069
-0.553425073623657,0.279104292392731,1.23484468460083,0.429626971483231,-0.29339474439621,-0.56159383058548,-0.64339143037796
-0.553501188755035,0.279114007949829,1.23469579219818,0.430037945508957,-0.293448328971863,-0.561351299285889,-0.643304169178009
-0.553537011146545,0.279127895832062,1.23464930057526,0.430361896753311,-0.293650716543198,-0.560996413230896,-0.643304824829102
-0.553516805171967,0.279205203056335,1.23459231853485,0.430617898702621,-0.293921619653702,-0.560797154903412,-0.643183410167694
-0.55351448059082,0.279205501079559,1.23455572128296,0.430934280157089,-0.294223248958588,-0.560376465320587,-0.643200278282166
-0.553509771823883,0.279212117195129,1.23451828956604,0.431176990270615,-0.294508844614029,-0.559987306594849,-0.643245875835419
-0.553508341312408,0.279195517301559,1.23448359966278,0.43134617805481,-0.294725894927979,-0.559622645378113,-0.643350422382355
-0.553533315658569,0.279190123081207,1.23444080352783,0.431575149297714,-0.294916182756424,-0.559136688709259,-0.643532156944275
-0.553533315658569,0.279190123081207,1.23444080352783,0.431575149297714,-0.294916182756424,-0.559136688709259,-0.643532156944275
-0.553585827350616,0.279082924127579,1.23443281650543,0.431921929121017,-0.294985622167587,-0.558421075344086,-0.6438889503479
-0.553571462631226,0.279023170471191,1.2344423532486,0.431890726089477,-0.295190811157227,-0.557885944843292,-0.644279599189758
-0.553654611110687,0.279033839702606,1.23441779613495,0.432073503732681,-0.295241117477417,-0.557213425636292,-0.644715785980225
-0.553705155849457,0.278990834951401,1.2344446182251,0.432088375091553,-0.295535862445831,-0.55661153793335,-0.645090639591217
-0.553885161876678,0.278987467288971,1.23440957069397,0.432406395673752,-0.295386254787445,-0.556088328361511,-0.645397186279297
-0.553885161876678,0.278987467288971,1.23440957069397,0.432406395673752,-0.295386254787445,-0.556088328361511,-0.645397186279297
-0.554014503955841,0.278813630342484,1.2344571352005,0.432854682207107,-0.29527273774147,-0.555174469947815,-0.645935118198395
-0.554095804691315,0.278649657964706,1.23448097705841,0.433037012815475,-0.295250028371811,-0.554490029811859,-0.646411001682281
-0.554155826568604,0.278608947992325,1.23453330993652,0.433868646621704,-0.295558363199234,-0.559310495853424,-0.641541421413422
-0.554222524166107,0.278542160987854,1.23456978797913,0.433465778827667,-0.295367538928986,-0.553200662136078,-0.647174298763275
-0.554279446601868,0.278344362974167,1.23461806774139,0.433516383171081,-0.295272171497345,-0.552823901176453,-0.647505760192871
-0.554407060146332,0.278299689292908,1.23465430736542,0.433775693178177,-0.295213878154755,-0.552320659160614,-0.647788047790527
-0.55450713634491,0.278198838233948,1.23468720912933,0.433929622173309,-0.295088917016983,-0.551948130130768,-0.648059487342834
-0.55450713634491,0.278198838233948,1.23468720912933,0.433929622173309,-0.295088917016983,-0.551948130130768,-0.648059487342834
-0.554648399353027,0.277935683727264,1.23481667041779,0.434016644954681,-0.294758528470993,-0.551500737667084,-0.648532330989838
-0.554740071296692,0.277940899133682,1.23482942581177,0.434148877859116,-0.294692695140839,-0.551261126995087,-0.648677289485931
-0.554823577404022,0.277697771787643,1.2348598241806,0.434068739414215,-0.294340908527374,-0.551306843757629,-0.648851811885834
-0.554814159870148,0.277600586414337,1.2349146604538,0.434001982212067,-0.294393181800842,-0.551342725753784,-0.648842215538025
-0.554814159870148,0.277600586414337,1.2349146604538,0.434001982212067,-0.294393181800842,-0.551342725753784,-0.648842215538025
