x,y,z,q0,q1,q2,q3
0.585035622119904,-0.0785741433501243,1.40190267562866,-0.35847133398056,-0.375567823648453,0.560409545898438,-0.645281612873077
0.585061967372894,-0.0781870782375335,1.40187609195709,-0.358618259429932,-0.37503382563591,0.56052041053772,-0.645414233207703
0.585037648677826,-0.0778355225920677,1.40189325809479,-0.358877390623093,-0.374410808086395,0.560672879219055,-0.645499467849731
0.584274470806122,-0.0773174911737442,1.40155720710754,-0.359265297651291,-0.37334144115448,0.559991359710693,-0.646493971347809
0.589391708374023,-0.0709457844495773,1.39469063282013,-0.41009247303009,-0.319636851549149,0.597345054149628,-0.610602498054504
0.587726712226868,-0.0709354504942894,1.39677572250366,-0.390460044145584,-0.337262451648712,0.585894644260406,-0.624917984008789
0.587724030017853,-0.0707509815692901,1.39683938026428,-0.390422284603119,-0.337122231721878,0.585738837718964,-0.625163316726685
0.587758839130402,-0.0707887858152389,1.39714217185974,-0.390465378761292,-0.33747723698616,0.585319101810455,-0.625337839126587
0.587718546390533,-0.0704650729894638,1.39699625968933,-0.390140622854233,-0.33712974190712,0.585239112377167,-0.62580281496048
0.587666988372803,-0.070255346596241,1.39694261550903,-0.390030086040497,-0.336869984865189,0.585185170173645,-0.626061916351318
0.587613642215729,-0.0701521709561348,1.39699292182922,-0.389840722084045,-0.33685177564621,0.585031509399414,-0.626333236694336
0.58756023645401,-0.0700510740280151,1.39701116085052,-0.389768719673157,-0.336761981248856,0.584961533546448,-0.626491785049438
0.587514519691467,-0.069978728890419,1.39702832698822,-0.38976588845253,-0.336686283349991,0.585084557533264,-0.626419126987457
0.587453484535217,-0.0699581652879715,1.39704298973083,-0.389570891857147,-0.336756587028503,0.585012078285217,-0.626570522785187
0.587401866912842,-0.0699375793337822,1.39704263210297,-0.389485776424408,-0.33674293756485,0.5850430727005,-0.626601815223694
0.587344765663147,-0.0699420124292373,1.39704692363739,-0.389450877904892,-0.336698919534683,0.585141181945801,-0.626555323600769
0.587283849716187,-0.0699594318866729,1.39703941345215,-0.389382213354111,-0.336437791585922,0.585323750972748,-0.626567721366882
0.587283849716187,-0.0699594318866729,1.39703941345215,-0.389382213354111,-0.336437791585922,0.585323750972748,-0.626567721366882
0.587159693241119,-0.070365771651268,1.39714169502258,-0.389070898294449,-0.33714634180069,0.585394144058228,-0.626314759254456
0.587157964706421,-0.0702250003814697,1.39705729484558,-0.389576286077499,-0.336409240961075,0.586291134357452,-0.625557243824005
0.587282001972198,-0.0706953555345535,1.39751732349396,-0.39107021689415,-0.336378157138824,0.587021470069885,-0.623954772949219
0.586766064167023,-0.0708876028656959,1.39720904827118,-0.392165809869766,-0.335388302803039,0.58725905418396,-0.623576402664185
0.586647868156433,-0.0710146874189376,1.39718794822693,-0.392478913068771,-0.335343778133392,0.587721943855286,-0.622967004776001
0.587004899978638,-0.0709636732935905,1.39715600013733,-0.391629755496979,-0.335743457078934,0.588572084903717,-0.622483313083649
0.586528658866882,-0.0712087973952293,1.39689886569977,-0.392572164535522,-0.335049033164978,0.588752686977386,-0.62209290266037
0.58688360452652,-0.0712970942258834,1.39705348014832,-0.392227947711945,-0.335758924484253,0.589437246322632,-0.621278524398804
0.58641129732132,-0.0718628540635109,1.39688384532928,-0.39277857542038,-0.335888653993607,0.589248597621918,-0.62103945016861
0.586650729179382,-0.0718001723289489,1.39683675765991,-0.39117956161499,-0.336923182010651,0.589829802513123,-0.620936512947083
0.586620390415192,-0.0720400065183639,1.3967080116272,-0.391660809516907,-0.336929202079773,0.590555310249329,-0.619939506053925
0.586737751960754,-0.0722621306777,1.39673817157745,-0.393219232559204,-0.33575701713562,0.592090249061584,-0.618122160434723
0.58669775724411,-0.072524569928646,1.39666032791138,-0.393458664417267,-0.335907518863678,0.592637002468109,-0.617363691329956
0.586914896965027,-0.0729270875453949,1.39653992652893,-0.39314341545105,-0.336421072483063,0.593237459659576,-0.616707861423492
0.586835741996765,-0.0734904557466507,1.39650452136993,-0.392807334661484,-0.337427139282227,0.593110859394073,-0.616493999958038
0.586561024188995,-0.0737238004803657,1.39644050598145,-0.393292099237442,-0.33725494146347,0.593446910381317,-0.615955591201782
0.58608603477478,-0.0738556608557701,1.39601397514343,-0.394489526748657,-0.335776418447495,0.59436023235321,-0.615116238594055
0.586686491966248,-0.0741645619273185,1.39597368240356,-0.393541246652603,-0.336896181106567,0.595243215560913,-0.614257216453552
0.585694015026093,-0.0749197676777839,1.39600312709808,-0.392582982778549,-0.338643103837967,0.593623340129852,-0.615476071834564
0.585597932338715,-0.0750965476036071,1.39572167396545,-0.391694098711014,-0.339113891124725,0.593911826610565,-0.615505039691925
0.58625990152359,-0.0756384506821632,1.3958545923233,-0.392093807458878,-0.339698314666748,0.595175683498383,-0.613704741001129
0.586014211177826,-0.0759234428405761,1.3957839012146,-0.392987072467804,-0.339375168085098,0.595765650272369,-0.612739086151123
0.585909247398376,-0.0763314068317413,1.39566814899445,-0.393379300832748,-0.339120000600815,0.596348583698273,-0.612061321735382
0.585776627063751,-0.0768031924962997,1.39552915096283,-0.393875539302826,-0.338777720928192,0.596989750862122,-0.611305773258209
0.585816979408264,-0.0772638767957687,1.39539957046509,-0.393011897802353,-0.339902877807617,0.597391188144684,-0.61084508895874
0.58564031124115,-0.0775299966335296,1.39510989189148,-0.393182128667831,-0.339575111865997,0.597970604896545,-0.610350728034973
0.585568010807037,-0.0779951363801956,1.39502131938934,-0.393633365631104,-0.339472442865372,0.59867399930954,-0.609426558017731
0.58544909954071,-0.0785451680421829,1.39510428905487,-0.395139575004578,-0.338530778884888,0.600022315979004,-0.607647061347961
0.585409998893738,-0.0791359469294548,1.3952728509903,-0.395632117986679,-0.338768839836121,0.600909054279327,-0.606316089630127
0.584968745708466,-0.079442448914051,1.39486467838287,-0.394883453845978,-0.339041709899902,0.601060926914215,-0.606501162052155
0.584759831428528,-0.0796218365430831,1.39466714859009,-0.395686596632004,-0.337906122207642,0.602344989776611,-0.605336368083954
0.583940088748932,-0.0801490992307663,1.39446091651917,-0.398113965988159,-0.336275488138199,0.603285729885101,-0.603713929653168
0.584388554096222,-0.0806128084659576,1.39452075958252,-0.397630482912064,-0.336692661046982,0.604902446269989,-0.602180421352386
0.584040522575378,-0.0811303630471229,1.39431178569794,-0.397133022546768,-0.337347149848938,0.605123817920685,-0.601919889450073
0.58368581533432,-0.0815387889742851,1.39403212070465,-0.398361533880234,-0.335886776447296,0.606392502784729,-0.600646555423737
0.583642899990082,-0.0821120217442512,1.39402937889099,-0.398917704820633,-0.335883319377899,0.607563555240631,-0.599093854427338
0.582797110080719,-0.0827375575900077,1.39360749721527,-0.400503486394882,-0.334706485271454,0.60817563533783,-0.598072588443756
0.583052039146423,-0.0835201665759086,1.39386081695557,-0.399834394454956,-0.33619412779808,0.608883023262024,-0.596965253353119
0.582668542861938,-0.084099568426609,1.39364981651306,-0.400719583034515,-0.335975021123886,0.609610319137573,-0.595751643180847
0.582778632640839,-0.0845404714345932,1.3933492898941,-0.40094256401062,-0.335952579975128,0.610920906066895,-0.594269871711731
0.582122445106506,-0.0852409452199935,1.39272093772888,-0.40200674533844,-0.33526337146759,0.611553311347961,-0.593288838863373
0.581837475299835,-0.085511676967144,1.39267814159393,-0.401323139667511,-0.336119711399078,0.611835420131683,-0.592976331710815
0.581594944000244,-0.0861307978630065,1.39249086380005,-0.401829868555069,-0.336055248975754,0.612649023532867,-0.591828525066376
0.581419289112091,-0.0870651304721832,1.39217638969421,-0.403708904981613,-0.335208743810654,0.6139195561409,-0.589709281921387
0.580912292003632,-0.0876305475831031,1.39209997653961,-0.404933452606201,-0.334921360015869,0.614737570285797,-0.588178813457489
0.580748736858368,-0.0880218893289566,1.39193320274353,-0.403898596763611,-0.335946261882782,0.61518269777298,-0.587840378284454
0.58037930727005,-0.0888468772172927,1.39173078536987,-0.406203240156174,-0.334812521934509,0.616546392440796,-0.585465788841248
0.580179214477539,-0.0895383954048156,1.39160454273224,-0.406920433044434,-0.335151582956314,0.617576956748962,-0.583684802055359
0.580271601676941,-0.0901147201657295,1.39157235622406,-0.406596273183823,-0.33603635430336,0.618486702442169,-0.582437455654144
0.579974174499512,-0.0908118784427642,1.39140594005585,-0.407505184412003,-0.335884034633636,0.619430541992188,-0.58088493347168
0.579837262630463,-0.0914286822080612,1.3914989233017,-0.408321887254715,-0.33561584353447,0.620733618736267,-0.57907247543335
0.579294502735138,-0.0921987071633338,1.3908566236496,-0.408196985721588,-0.335928559303284,0.62111359834671,-0.578571736812592
0.57936680316925,-0.0928122997283935,1.39050793647766,-0.408396422863007,-0.336133152246475,0.622518599033356,-0.576799333095551
0.579252064228058,-0.0933398753404617,1.390700340271,-0.408955097198486,-0.336288273334503,0.623706817626953,-0.575026869773865
0.578872203826904,-0.0940786674618721,1.3904013633728,-0.410858571529388,-0.335049957036972,0.625163376331329,-0.572806894779205
0.578986823558807,-0.0948028415441513,1.390496134758,-0.410321414470673,-0.336442828178406,0.625916123390198,-0.571552038192749
0.579030334949493,-0.0954554751515388,1.39042568206787,-0.410682141780853,-0.336505919694901,0.627256214618683,-0.569783985614777
0.579239070415497,-0.0963012129068374,1.3904904127121,-0.410995990037918,-0.337110966444016,0.628596305847168,-0.567719399929047
0.579075574874878,-0.0969638228416442,1.3901709318161,-0.412570029497147,-0.336033672094345,0.6302170753479,-0.565414726734161
0.579316258430481,-0.0976285636425018,1.39026892185211,-0.412811487913132,-0.336610943078995,0.63147383928299,-0.563489496707916
0.578981816768646,-0.0984696894884109,1.38964915275574,-0.412935972213745,-0.337079554796219,0.632097244262695,-0.562418401241302
0.579101741313934,-0.099152497947216,1.38955569267273,-0.413052380084991,-0.337530940771103,0.633156180381775,-0.560869038105011
0.579026877880096,-0.0998628363013267,1.38960218429565,-0.413920104503632,-0.337582916021347,0.634185552597046,-0.559031963348389
0.579474270343781,-0.100576773285866,1.38960540294647,-0.413480252027512,-0.338469743728638,0.63542240858078,-0.557414352893829
0.579535484313965,-0.101439200341701,1.38928639888763,-0.41501185297966,-0.337682604789734,0.6370889544487,-0.554845333099365
0.579595446586609,-0.102250292897224,1.38915455341339,-0.414774715900421,-0.338980495929718,0.63763016462326,-0.553608357906342
0.580121278762817,-0.102989919483662,1.38892865180969,-0.41544172167778,-0.338837713003159,0.639378190040588,-0.55117404460907
0.580545842647552,-0.10377386957407,1.3889753818512,-0.41555055975914,-0.33957976102829,0.640504002571106,-0.549325108528137
0.581096649169922,-0.104607097804546,1.38908505439758,-0.415062010288239,-0.341110706329346,0.641481339931488,-0.547602772712708
0.581247627735138,-0.105351515114307,1.38885915279388,-0.41613432765007,-0.340848982334137,0.642804324626923,-0.545396029949188
0.581181824207306,-0.106133781373501,1.38845992088318,-0.416238963603973,-0.341237157583237,0.643382906913757,-0.544390201568604
0.582154452800751,-0.106931984424591,1.38864183425903,-0.41588106751442,-0.342597424983978,0.64483904838562,-0.542081832885742
0.58267730474472,-0.107832163572311,1.38854038715363,-0.41656494140625,-0.342646390199661,0.646435081958771,-0.539619147777557
0.582860767841339,-0.108450159430504,1.38825595378876,-0.416437059640884,-0.343129605054855,0.647382020950317,-0.538274168968201
0.583598494529724,-0.109322972595692,1.38834428787231,-0.416186511516571,-0.344676434993744,0.648376643657684,-0.536278605461121
0.584075212478638,-0.110043965280056,1.38798415660858,-0.416579395532608,-0.344112813472748,0.649713575839996,-0.534715235233307
0.584594786167145,-0.110930055379867,1.38788282871246,-0.416995227336883,-0.344969660043716,0.65133798122406,-0.531855165958405
0.584966838359833,-0.111580274999142,1.38767325878143,-0.416337788105011,-0.346289932727814,0.651990711688995,-0.530711233615875
0.585236847400665,-0.112366549670696,1.38744282722473,-0.416825652122498,-0.346807718276977,0.652915954589844,-0.528849303722382
0.585729956626892,-0.113450512290001,1.38707554340363,-0.417361319065094,-0.34833088517189,0.653918206691742,-0.526180803775787
0.586601674556732,-0.114070914685726,1.38708245754242,-0.417273461818695,-0.34931606054306,0.655327022075653,-0.52383953332901
0.587062776088715,-0.114873230457306,1.38683271408081,-0.417427629232407,-0.349814534187317,0.656499862670898,-0.52191174030304
0.587445735931396,-0.115568146109581,1.38672745227814,-0.418833076953888,-0.349059343338013,0.658205091953278,-0.519136250019073
0.587768971920013,-0.116539776325226,1.38615894317627,-0.418608069419861,-0.350157737731934,0.658670365810394,-0.517986655235291
0.589012563228607,-0.117402151226997,1.38630592823029,-0.418645083904266,-0.351200342178345,0.660183668136597,-0.515317738056183
0.58911395072937,-0.118251152336597,1.3857923746109,-0.419198870658875,-0.351549327373505,0.66081440448761,-0.513818740844727
0.589882075786591,-0.118963696062565,1.38594877719879,-0.418275266885757,-0.353504538536072,0.661217451095581,-0.512710332870483
0.590164601802826,-0.120048500597477,1.38589835166931,-0.419855147600174,-0.353131473064423,0.662406980991364,-0.510134279727936
0.591340661048889,-0.120834484696388,1.38536012172699,-0.4188232421875,-0.354581892490387,0.663453221321106,-0.508614480495453
0.591976344585419,-0.121491625905037,1.38582408428192,-0.41885244846344,-0.355756193399429,0.663906574249268,-0.507176876068115
0.592726111412048,-0.122279413044453,1.38569402694702,-0.418907076120377,-0.357420355081558,0.663719236850739,-0.506205797195435
0.593815386295319,-0.123274832963943,1.38563966751099,-0.418134272098541,-0.358630359172821,0.665128588676453,-0.504134774208069
0.594282984733582,-0.123992294073105,1.38557529449463,-0.41800320148468,-0.358812570571899,0.665633618831635,-0.50344705581665
0.594478011131287,-0.124675638973713,1.38520359992981,-0.418383955955505,-0.358659267425537,0.66614705324173,-0.502560138702393
0.595510363578796,-0.125605806708336,1.38526284694672,-0.417017906904221,-0.361120641231537,0.666020810604095,-0.502099871635437
0.595914959907532,-0.126468509435654,1.38501262664795,-0.417483985424042,-0.36172804236412,0.666089832782745,-0.501183092594147
0.596745073795319,-0.127254515886307,1.38471674919128,-0.417247712612152,-0.363583832979202,0.665775001049042,-0.500454902648926
0.597726702690125,-0.127908527851105,1.38485956192017,-0.415806859731674,-0.366020768880844,0.66529643535614,-0.500513851642609
0.59792947769165,-0.128639280796051,1.38433849811554,-0.41606542468071,-0.366348564624786,0.665170073509216,-0.500227093696594
0.598491668701172,-0.129391551017761,1.38427138328552,-0.415434539318085,-0.367351889610291,0.664851367473602,-0.50043922662735
0.599390208721161,-0.130031064152718,1.38457047939301,-0.415371537208557,-0.367912024259567,0.665035724639893,-0.49983474612236
0.599390208721161,-0.130031064152718,1.38457047939301,-0.415371537208557,-0.367912024259567,0.665035724639893,-0.49983474612236
0.600241839885712,-0.131307065486908,1.3839259147644,-0.414072573184967,-0.370161235332489,0.664001703262329,-0.500626087188721
0.601315796375275,-0.132040679454803,1.38416087627411,-0.413016825914383,-0.372184365987778,0.66374272108078,-0.500341296195984
0.601315796375275,-0.132040679454803,1.38416087627411,-0.413016825914383,-0.372184365987778,0.66374272108078,-0.500341296195984
0.601763725280762,-0.133424431085586,1.38396608829498,-0.413333564996719,-0.373079568147659,0.662732303142548,-0.500752329826355
0.602743864059448,-0.133886635303497,1.3838986158371,-0.412040948867798,-0.374435722827911,0.662550747394562,-0.501045763492584
0.602906703948975,-0.134705066680908,1.38376152515411,-0.412838459014893,-0.373957425355911,0.662367165088654,-0.500989019870758
0.603850722312927,-0.135244160890579,1.38393151760101,-0.411739408969879,-0.375391453504562,0.662124335765839,-0.501142144203186
0.604270815849304,-0.135714024305344,1.383709192276,-0.410431295633316,-0.376256138086319,0.661658048629761,-0.502181351184845
0.60430634021759,-0.136352837085724,1.38337182998657,-0.410835713148117,-0.37629771232605,0.660987138748169,-0.502702653408051
0.60477489233017,-0.137206315994263,1.38343048095703,-0.410784274339676,-0.377850651741028,0.659457385540009,-0.503588199615479
0.605606734752655,-0.137499287724495,1.38338363170624,-0.409017473459244,-0.377943634986877,0.660028100013733,-0.504208385944366
0.606010675430298,-0.138186007738113,1.38332259654999,-0.40842142701149,-0.378347396850586,0.659655690193176,-0.504875838756561
0.605987966060638,-0.138735264539719,1.38303923606873,-0.409216284751892,-0.378526240587234,0.658301293849945,-0.505865156650543
0.606712818145752,-0.139340832829475,1.38262367248535,-0.408042967319489,-0.379553616046906,0.657914936542511,-0.506545066833496
0.606928050518036,-0.140028432011604,1.38280057907104,-0.407651126384735,-0.379141509532928,0.658287584781647,-0.506685137748718
0.607576966285706,-0.140554651618004,1.38295423984528,-0.407312929630279,-0.379166573286057,0.658332467079163,-0.506879806518555
0.607987701892853,-0.141195818781853,1.382976770401,-0.407089203596115,-0.380277037620544,0.656986832618713,-0.507972657680511
0.607833206653595,-0.14156374335289,1.38234484195709,-0.406703770160675,-0.379038989543915,0.657513856887817,-0.508524417877197
0.608210384845734,-0.142237335443497,1.38212871551514,-0.405454158782959,-0.380620032548904,0.656548917293549,-0.509587168693542
0.608468770980835,-0.143002092838287,1.38223338127136,-0.405365288257599,-0.381280809640884,0.656139492988586,-0.509691059589386
0.608254730701447,-0.143519058823586,1.38238203525543,-0.405600726604462,-0.380312860012054,0.655903816223145,-0.510529518127441
0.608468174934387,-0.143894344568253,1.38227605819702,-0.405064702033997,-0.380395889282227,0.655788123607635,-0.511041700839996
0.609306931495667,-0.144403412938118,1.38234448432922,-0.404823303222656,-0.381207525730133,0.656085193157196,-0.510246276855469
0.608862936496735,-0.145114988088608,1.38216054439545,-0.404715240001678,-0.380659639835358,0.655530750751495,-0.51145213842392
0.609231352806091,-0.14549058675766,1.38210594654083,-0.404985845088959,-0.380035996437073,0.656030178070068,-0.511061131954193
0.609955310821533,-0.146168738603592,1.38224422931671,-0.403487771749496,-0.382543593645096,0.655096352100372,-0.511573016643524
0.60984468460083,-0.146348312497139,1.38210201263428,-0.403588026762009,-0.382302314043045,0.654034733772278,-0.513030648231506
0.610079228878021,-0.146758273243904,1.38203883171082,-0.403577476739883,-0.381047695875168,0.655197262763977,-0.512488543987274
0.610225915908813,-0.147429242730141,1.38194978237152,-0.403673261404037,-0.381278872489929,0.654912412166595,-0.512605011463165
0.610406994819641,-0.148048460483551,1.38133764266968,-0.402980476617813,-0.381049156188965,0.654866099357605,-0.513379812240601
0.610431551933289,-0.148365586996078,1.38162970542908,-0.40240266919136,-0.381833225488663,0.654115736484528,-0.514206349849701
0.610604405403137,-0.148695290088654,1.38146913051605,-0.4019655585289,-0.381935834884643,0.653906583786011,-0.514737844467163
0.610775709152222,-0.149374797940254,1.38144421577454,-0.402323096990585,-0.382577478885651,0.653329432010651,-0.514714777469635
0.610915303230286,-0.150005638599396,1.38135409355164,-0.401911824941635,-0.382807940244675,0.652933120727539,-0.515367269515991
0.610915303230286,-0.150005638599396,1.38135409355164,-0.401911824941635,-0.382807940244675,0.652933120727539,-0.515367269515991
0.610706925392151,-0.150556549429893,1.38070356845856,-0.401736438274383,-0.381500869989395,0.652892708778381,-0.516523063182831
0.610924363136292,-0.151039034128189,1.38052141666412,-0.402252912521362,-0.382724493741989,0.651640474796295,-0.516797184944153
0.611086428165436,-0.151553675532341,1.38033401966095,-0.401563614606857,-0.382566094398498,0.652219414710999,-0.516720235347748
0.61176073551178,-0.152172699570656,1.38047337532043,-0.401185214519501,-0.384205162525177,0.651273906230927,-0.516990721225739
0.612025618553162,-0.15269510447979,1.38034296035767,-0.400671482086182,-0.3844875395298,0.651207983493805,-0.517261922359467
0.611824929714203,-0.153281033039093,1.37998986244202,-0.40199801325798,-0.383405357599258,0.651426255702972,-0.516760945320129
0.611808001995087,-0.153728455305099,1.37974786758423,-0.401383370161057,-0.384319126605987,0.650674998760223,-0.517506003379822
0.612404346466064,-0.154384896159172,1.37987124919891,-0.400514543056488,-0.384838968515396,0.651459932327271,-0.516804695129395
0.612508952617645,-0.154724329710007,1.37974262237549,-0.401026308536529,-0.385275781154633,0.650598883628845,-0.517166912555695
0.612062215805054,-0.155472129583359,1.37938129901886,-0.401633322238922,-0.384691953659058,0.650221168994904,-0.517605304718018
0.612036406993866,-0.155873939394951,1.37925815582275,-0.401650071144104,-0.384794592857361,0.64975768327713,-0.518097817897797
0.612036406993866,-0.155873939394951,1.37925815582275,-0.401650071144104,-0.384794592857361,0.64975768327713,-0.518097817897797
0.612407147884369,-0.156967416405678,1.37933254241943,-0.401389062404633,-0.385709464550018,0.64972335100174,-0.517662584781647
0.612279236316681,-0.157486081123352,1.37933242321014,-0.401737004518509,-0.385834455490112,0.649266183376312,-0.517873346805573
0.612222194671631,-0.157996848225594,1.37932896614075,-0.402787059545517,-0.385111629962921,0.649320602416992,-0.517527222633362
0.612056732177734,-0.158430844545364,1.37931990623474,-0.402953684329987,-0.385072559118271,0.648762822151184,-0.518125593662262
0.611213624477386,-0.159023880958557,1.37912011146545,-0.404149562120438,-0.38399675488472,0.647983431816101,-0.518967390060425
0.610769331455231,-0.159426912665367,1.37909305095673,-0.40359491109848,-0.384728312492371,0.646611869335175,-0.520565629005432
0.610397458076477,-0.159818917512894,1.37914502620697,-0.403862923383713,-0.384578943252563,0.646029591560364,-0.521190702915192
0.609998285770416,-0.160051554441452,1.37922382354736,-0.405229210853577,-0.383987307548523,0.645058333873749,-0.521768927574158
0.60953676700592,-0.160611301660538,1.37931871414185,-0.40611606836319,-0.383378267288208,0.644658446311951,-0.522021532058716
0.60882979631424,-0.160780742764473,1.37940680980682,-0.40565487742424,-0.383619010448456,0.643477916717529,-0.523657262325287
0.608535289764404,-0.161038294434547,1.3797128200531,-0.405310302972794,-0.38385134935379,0.642886877059937,-0.524479031562805
0.608535289764404,-0.161038294434547,1.3797128200531,-0.405310302972794,-0.38385134935379,0.642886877059937,-0.524479031562805
0.607247471809387,-0.161465406417847,1.37997961044312,-0.407158881425857,-0.380954712629318,0.643402695655823,-0.524526715278625
0.606075823307037,-0.161425769329071,1.37988877296448,-0.408106118440628,-0.378816366195679,0.643189549446106,-0.525599539279938
0.605531454086304,-0.16171070933342,1.37986826896667,-0.40918704867363,-0.378310978412628,0.642317533493042,-0.526189148426056
0.604377269744873,-0.161724716424942,1.38018107414246,-0.409184724092484,-0.377415150403976,0.641987979412079,-0.527235448360443
0.604076087474823,-0.161767035722732,1.38060212135315,-0.40996178984642,-0.376308619976044,0.642404973506927,-0.526914656162262
0.60279768705368,-0.161690711975098,1.38044357299805,-0.410546630620956,-0.375089555978775,0.641779124736786,-0.528090000152588
0.602540016174316,-0.161704003810883,1.38091194629669,-0.411790549755096,-0.373695731163025,0.642360985279083,-0.527401745319366
0.60138213634491,-0.16163244843483,1.38085639476776,-0.413031816482544,-0.371930807828903,0.642074823379517,-0.528026700019836
0.601036965847015,-0.161556094884872,1.38084125518799,-0.412015169858932,-0.37114417552948,0.642490327358246,-0.528868436813354
0.600259244441986,-0.161356925964355,1.38128781318665,-0.412740647792816,-0.36981388926506,0.64258074760437,-0.529124796390533
0.599637925624847,-0.161007404327392,1.38154673576355,-0.413512408733368,-0.368907183408737,0.642586052417755,-0.529148519039154
0.598944127559662,-0.160779520869255,1.38197159767151,-0.414974212646484,-0.367990463972092,0.642012357711792,-0.529338896274567
0.598227024078369,-0.160470128059387,1.38218772411346,-0.41534760594368,-0.366232186555862,0.643167912960052,-0.528862655162811
0.597632944583893,-0.160252973437309,1.38240575790405,-0.415364950895309,-0.365380972623825,0.643320262432098,-0.529251992702484
0.597406089305878,-0.159841224551201,1.38266324996948,-0.415899902582169,-0.364086002111435,0.644126296043396,-0.52874368429184
0.597406089305878,-0.159841224551201,1.38266324996948,-0.415899902582169,-0.364086002111435,0.644126296043396,-0.52874368429184
0.595678627490997,-0.158987760543823,1.3826220035553,-0.417559504508972,-0.36041247844696,0.645029246807098,-0.528851807117462
0.594700515270233,-0.158492237329483,1.38293635845184,-0.417528420686722,-0.359929770231247,0.644643247127533,-0.529675006866455
0.594666540622711,-0.157939806580543,1.38320589065552,-0.417573153972626,-0.359012097120285,0.645634889602661,-0.529054582118988
0.593644738197327,-0.157421559095383,1.38334083557129,-0.418727308511734,-0.357153445482254,0.646055161952972,-0.528887331485748
0.593034088611603,-0.156852424144745,1.38358235359192,-0.419466108083725,-0.356047838926315,0.645917594432831,-0.529215335845947
0.592824697494507,-0.156226977705956,1.38394522666931,-0.41829189658165,-0.355668932199478,0.646990835666656,-0.529088318347931
0.591931164264679,-0.155780389904976,1.38397121429443,-0.420578569173813,-0.353467017412186,0.647850930690765,-0.527697026729584
0.592216312885284,-0.155162051320076,1.38443899154663,-0.419756531715393,-0.352928131818771,0.648947417736053,-0.527364730834961
0.591708362102509,-0.154567509889603,1.38470578193665,-0.420166403055191,-0.35167521238327,0.649856209754944,-0.526755750179291
0.590919733047485,-0.1536885201931,1.38494145870209,-0.420822501182556,-0.349786251783371,0.650448560714722,-0.526758849620819
0.589900255203247,-0.152922749519348,1.38496005535126,-0.422133564949036,-0.348138362169266,0.650687873363495,-0.526505887508392
0.58991676568985,-0.152397319674492,1.38550317287445,-0.421555548906326,-0.347392916679382,0.651735305786133,-0.526165664196014
0.589454472064972,-0.151620000600815,1.38519775867462,-0.420720636844635,-0.346943616867065,0.652207970619202,-0.526544511318207
0.589297354221344,-0.150709941983223,1.38598585128784,-0.422097235918045,-0.346783101558685,0.65239554643631,-0.525314688682556
0.588740766048431,-0.150067210197449,1.3863525390625,-0.422147780656815,-0.344451636075974,0.653919994831085,-0.524912476539612
0.587605178356171,-0.149047791957855,1.38632488250732,-0.422665566205978,-0.342371225357056,0.65400105714798,-0.525754988193512
0.587884545326233,-0.148333877325058,1.38688910007477,-0.421303540468216,-0.343132078647614,0.654460191726685,-0.525781095027924
0.587884545326233,-0.148333877325058,1.38688910007477,-0.421303540468216,-0.343132078647614,0.654460191726685,-0.525781095027924
0.586973190307617,-0.14652593433857,1.38753128051758,-0.424473106861115,-0.337621182203293,0.65716826915741,-0.523416101932526
0.586556911468506,-0.145593330264091,1.38781869411469,-0.424718469381332,-0.33616504073143,0.657778441905975,-0.523387789726257
0.586446940898895,-0.144720554351807,1.38806676864624,-0.424094915390015,-0.335663050413132,0.658214926719666,-0.52366703748703
0.585569679737091,-0.143847405910492,1.38790655136108,-0.424461245536804,-0.335295587778091,0.65729421377182,-0.524761021137238
0.584724187850952,-0.142767488956451,1.38847148418427,-0.425482988357544,-0.332288563251495,0.658550143241882,-0.524271309375763
0.58427369594574,-0.141598999500275,1.38851118087769,-0.425715118646622,-0.330280303955078,0.659155070781708,-0.524591565132141
0.58466511964798,-0.140807703137398,1.38898408412933,-0.425284057855606,-0.330793529748917,0.659114360809326,-0.52466893196106
0.58398300409317,-0.139573216438293,1.3892982006073,-0.42583242058754,-0.328917235136032,0.659384846687317,-0.525063753128052
0.583958029747009,-0.138637483119965,1.3895560503006,-0.425994604825974,-0.32685324549675,0.660798192024231,-0.524443745613098
0.58368593454361,-0.137610048055649,1.38982367515564,-0.425829887390137,-0.325443089008331,0.662021160125732,-0.523911893367767
0.582830846309662,-0.136246919631958,1.39011371135712,-0.425932317972183,-0.325117766857147,0.659836053848267,-0.526779353618622
0.58178836107254,-0.135219395160675,1.39023816585541,-0.425933182239532,-0.322990357875824,0.66034471988678,-0.527449607849121
0.582222700119019,-0.134207785129547,1.39073252677917,-0.424194008111954,-0.323606014251709,0.660438776016235,-0.528355360031128
0.581540167331696,-0.132912755012512,1.39056301116943,-0.426413953304291,-0.320807456970215,0.660489857196808,-0.528211057186127
0.581540167331696,-0.132912755012512,1.39056301116943,-0.426413953304291,-0.320807456970215,0.660489857196808,-0.528211057186127
0.580578207969666,-0.130542874336243,1.39131462574005,-0.42671862244606,-0.317089408636093,0.661355078220367,-0.529126703739166
0.580495595932007,-0.129389315843582,1.3914794921875,-0.426335036754608,-0.316458195447922,0.661247730255127,-0.529947400093079
0.580415427684784,-0.128078952431679,1.39200842380524,-0.426065742969513,-0.315570592880249,0.661337852478027,-0.530580401420593
0.580160021781921,-0.127000913023949,1.39194214344025,-0.426498025655746,-0.31488037109375,0.660522818565369,-0.53165727853775
0.579741418361664,-0.125663697719574,1.39259791374207,-0.425318241119385,-0.314003050327301,0.660715103149414,-0.532881021499634
0.578817903995514,-0.124402925372124,1.39275372028351,-0.426363915205002,-0.312666475772858,0.659125566482544,-0.534796297550201
0.579006612300873,-0.12318516522646,1.39333617687225,-0.425392001867294,-0.312812179327011,0.659167110919952,-0.535433530807495
0.578351140022278,-0.121901735663414,1.39335811138153,-0.426716089248657,-0.310107082128525,0.659067571163177,-0.536075472831726
0.578352987766266,-0.120547458529472,1.39397048950195,-0.426004230976105,-0.30999368429184,0.658649563789368,-0.537219822406769
0.57731419801712,-0.119431436061859,1.3940190076828,-0.425319731235504,-0.309161782264709,0.65795761346817,-0.539086282253265
0.577268958091736,-0.118277162313461,1.39456677436829,-0.424339354038239,-0.309686362743378,0.657324731349945,-0.54032826423645
0.577268958091736,-0.118277162313461,1.39456677436829,-0.424339354038239,-0.309686362743378,0.657324731349945,-0.54032826423645
0.576233804225922,-0.116081982851028,1.3945826292038,-0.424154430627823,-0.30960339307785,0.654980421066284,-0.543359458446503
0.57590115070343,-0.114663571119308,1.39523684978485,-0.424111098051071,-0.307367473840714,0.655647337436676,-0.543858170509338
0.57590115070343,-0.114663571119308,1.39523684978485,-0.424111098051071,-0.307367473840714,0.655647337436676,-0.543858170509338
0.574600398540497,-0.112354375422001,1.39545595645905,-0.424558073282242,-0.305182158946991,0.654629766941071,-0.545961797237396
0.574475944042206,-0.111339315772056,1.39573228359222,-0.423802584409714,-0.30546635389328,0.654119908809662,-0.546999931335449
0.573660731315613,-0.109977439045906,1.3957622051239,-0.424470454454422,-0.30353194475174,0.653658032417297,-0.548109889030457
0.573663175106049,-0.108671441674232,1.39619016647339,-0.422644913196564,-0.300350368022919,0.653550982475281,-0.551391124725342
0.573488831520081,-0.108313597738743,1.39679110050201,-0.426154971122742,-0.304184645414352,0.652737319469452,-0.547537863254547
0.572271108627319,-0.106738097965717,1.39659321308136,-0.424923896789551,-0.298243314027786,0.652870655059814,-0.551588952541351
0.572410225868225,-0.105534061789513,1.39631068706512,-0.423380464315414,-0.298387855291367,0.652953565120697,-0.552598714828491
0.572002828121185,-0.104600146412849,1.39643728733063,-0.423085570335388,-0.298942595720291,0.652165710926056,-0.553454399108887
0.571367025375366,-0.10342825204134,1.39674651622772,-0.425599455833435,-0.299743562936783,0.652417480945587,-0.55079060792923
0.571367025375366,-0.10342825204134,1.39674651622772,-0.425599455833435,-0.299743562936783,0.652417480945587,-0.55079060792923
0.571392416954041,-0.101558059453964,1.39749181270599,-0.426495939493179,-0.299109160900116,0.652917206287384,-0.549849271774292
0.571392416954041,-0.101558059453964,1.39749181270599,-0.426495939493179,-0.299109160900116,0.652917206287384,-0.549849271774292
0.570265233516693,-0.0992617234587669,1.39703333377838,-0.426445692777634,-0.297343611717224,0.652248084545135,-0.551636874675751
0.569872558116913,-0.0982162058353424,1.39734590053558,-0.424600332975388,-0.294717103242874,0.651214003562927,-0.555676698684692
0.569451570510864,-0.0971523597836494,1.39729130268097,-0.424016237258911,-0.295153230428696,0.650663375854492,-0.55653578042984
0.569654166698456,-0.0961649566888809,1.39767932891846,-0.423333495855331,-0.295656830072403,0.650673925876617,-0.55677592754364
0.569042921066284,-0.0948721095919609,1.39777004718781,-0.426117539405823,-0.296540647745132,0.650918304920197,-0.553888857364655
0.569037437438965,-0.0940327495336532,1.39785027503967,-0.426115989685059,-0.297262758016586,0.650579869747162,-0.553900539875031
0.568827688694,-0.0930573046207428,1.3979160785675,-0.425998419523239,-0.296864151954651,0.650440990924835,-0.55436784029007
0.568576574325562,-0.0918779298663139,1.39793133735657,-0.426226645708084,-0.295186370611191,0.65073037147522,-0.55474865436554
0.567562162876129,-0.0910413488745689,1.39797568321228,-0.427380502223969,-0.293634861707687,0.650141954421997,-0.55537360906601
0.567562162876129,-0.0910413488745689,1.39797568321228,-0.427380502223969,-0.293634861707687,0.650141954421997,-0.55537360906601
0.56770133972168,-0.0892793834209442,1.39835047721863,-0.424265891313553,-0.293669641017914,0.649170935153961,-0.558868229389191
0.56748640537262,-0.0881967991590499,1.39839792251587,-0.42493000626564,-0.293731063604355,0.648823082447052,-0.558735430240631
0.567174792289734,-0.0872195959091186,1.39854490756989,-0.424432098865509,-0.29272073507309,0.649010598659515,-0.559426009654999
0.567174792289734,-0.0872195959091186,1.39854490756989,-0.424432098865509,-0.29272073507309,0.649010598659515,-0.559426009654999
0.566890835762024,-0.085500344634056,1.39897429943085,-0.426370829343796,-0.292314827442169,0.649826645851135,-0.557212114334106
0.566436052322388,-0.0846686363220214,1.39924681186676,-0.42559814453125,-0.290627926588058,0.649569630622864,-0.558981895446777
0.566109716892242,-0.0836647897958755,1.3991801738739,-0.425030827522278,-0.290020555257797,0.649582743644714,-0.55971348285675
0.565829455852509,-0.0827871412038803,1.39925062656403,-0.425432950258255,-0.291359513998032,0.649642288684845,-0.558642327785492
0.565829455852509,-0.0827871412038803,1.39925062656403,-0.425432950258255,-0.291359513998032,0.649642288684845,-0.558642327785492
0.565821886062622,-0.0812553614377975,1.39948356151581,-0.42301931977272,-0.289474189281464,0.650152146816254,-0.560857951641083
0.565698742866516,-0.0805045217275619,1.39969670772552,-0.424531668424606,-0.288395702838898,0.65080064535141,-0.559517085552216
0.565236747264862,-0.0795881897211074,1.39984631538391,-0.424924224615097,-0.287500560283661,0.651040315628052,-0.559401094913483
0.564998865127563,-0.0787353515625,1.39980924129486,-0.42380079627037,-0.288531839847565,0.65042245388031,-0.560440123081207
0.565004646778107,-0.0778742209076881,1.40000212192535,-0.424150496721268,-0.286409914493561,0.65146541595459,-0.560052275657654
0.565116822719574,-0.0774648934602737,1.4000655412674,-0.423262983560562,-0.285969108343124,0.652117609977722,-0.560189962387085
0.565000832080841,-0.0767876505851745,1.40021753311157,-0.423369139432907,-0.28582489490509,0.652473330497742,-0.559769034385681
0.565000832080841,-0.0767876505851745,1.40021753311157,-0.423369139432907,-0.28582489490509,0.652473330497742,-0.559769034385681
0.564617455005646,-0.0753256231546402,1.40020740032196,-0.421668440103531,-0.285569906234741,0.652450442314148,-0.561207592487335
0.564497411251068,-0.0745900049805641,1.40022099018097,-0.42122483253479,-0.285336256027222,0.652571320533752,-0.561518847942352
0.564413130283356,-0.0738551244139671,1.40028429031372,-0.42194676399231,-0.286341160535812,0.652947008609772,-0.560026824474335
0.56442928314209,-0.0734598711133003,1.40053164958954,-0.421997129917145,-0.284393042325974,0.653371691703796,-0.560485899448395
0.564338624477386,-0.0729656666517257,1.40066504478455,-0.423285245895386,-0.285592883825302,0.653545022010803,-0.558699607849121
0.564254343509674,-0.0723006650805473,1.40065026283264,-0.422733277082443,-0.284557938575745,0.653981029987335,-0.559135138988495
0.563758790493011,-0.0716832354664802,1.40066480636597,-0.420720994472504,-0.284039229154587,0.653247892856598,-0.561767518520355
0.563738346099854,-0.0714609622955322,1.40085673332214,-0.422679334878922,-0.28441321849823,0.653851747512817,-0.559400975704193
0.563979148864746,-0.0706101059913635,1.40074098110199,-0.42063382267952,-0.283280670642853,0.654229462146759,-0.561073184013367
0.563642263412476,-0.0698785781860351,1.40075874328613,-0.420340448617935,-0.283771604299545,0.653671145439148,-0.561695396900177
0.563661158084869,-0.06990697234869,1.40102481842041,-0.420949041843414,-0.283856153488159,0.653793573379517,-0.561054110527039
0.563683807849884,-0.069349929690361,1.40099370479584,-0.420701682567596,-0.28350442647934,0.654298365116119,-0.560828864574432
0.563910901546478,-0.0690510049462318,1.40095269680023,-0.420259863138199,-0.284222692251205,0.654620289802551,-0.5604208111763
0.563926339149475,-0.0690269470214843,1.40120434761047,-0.420801758766174,-0.284265726804733,0.654761850833893,-0.559826731681824
0.563859224319458,-0.0689861625432968,1.40132749080658,-0.420489877462387,-0.284129232168198,0.654774904251099,-0.560114920139313
0.563697576522827,-0.0686090439558029,1.4011492729187,-0.419161111116409,-0.284918189048767,0.654221415519714,-0.561355531215668
0.56362646818161,-0.0683900862932205,1.40114903450012,-0.419185072183609,-0.284937769174576,0.654346525669098,-0.561181843280792
0.563635230064392,-0.068324789404869,1.40127623081207,-0.420349568128586,-0.28429314494133,0.654753267765045,-0.560162484645844
0.56327211856842,-0.0677583590149879,1.40119779109955,-0.420943349599838,-0.28362113237381,0.654898524284363,-0.559887409210205
0.563060104846954,-0.0674496218562126,1.40098476409912,-0.419617801904678,-0.284645110368729,0.654375791549683,-0.56097286939621
0.563161790370941,-0.0674663484096527,1.40101134777069,-0.420911192893982,-0.283774644136429,0.654985547065735,-0.559732019901276
0.563069522380829,-0.0673632621765136,1.4009712934494,-0.421010226011276,-0.283911108970642,0.654939591884613,-0.55964183807373
0.562959790229797,-0.0671982616186142,1.40085661411285,-0.4213527739048,-0.284439325332642,0.65483945608139,-0.559232890605927
0.562782287597656,-0.0669663324952125,1.40070784091949,-0.419810116291046,-0.284987360239029,0.6545250415802,-0.560480892658234
0.56270569562912,-0.066771775484085,1.40060937404633,-0.419733941555023,-0.28508722782135,0.654586493968964,-0.560415327548981
0.5627401471138,-0.0668367147445678,1.40068662166595,-0.421505182981491,-0.285131424665451,0.655028343200684,-0.558543980121613
0.562666654586792,-0.066788874566555,1.40071475505829,-0.421166390180588,-0.284955054521561,0.655173659324646,-0.558719158172607
0.562612175941467,-0.0667841583490371,1.40063571929932,-0.421281844377518,-0.28509721159935,0.65528404712677,-0.558430075645447
0.562558352947235,-0.0667664557695388,1.40064823627472,-0.421452581882477,-0.285308063030243,0.655393123626709,-0.558065235614777
0.562445402145386,-0.0669516026973724,1.40065002441406,-0.421760141849518,-0.285658866167068,0.655542969703674,-0.557477355003357
0.562326371669769,-0.0673000440001487,1.40074300765991,-0.422170162200928,-0.286198198795319,0.655435740947723,-0.557016134262085
0.561888575553894,-0.0674105659127235,1.40041708946228,-0.422865211963654,-0.285624504089355,0.655416965484619,-0.556805551052094
0.561618030071259,-0.0673200339078903,1.40018165111542,-0.421735435724258,-0.286637991666794,0.654930830001831,-0.55771279335022
0.561530351638794,-0.067505344748497,1.40009737014771,-0.422506421804428,-0.286332845687866,0.655209720134735,-0.556957960128784
0.561391890048981,-0.0675055831670761,1.39993822574615,-0.422708243131638,-0.286268681287766,0.655374705791473,-0.556643545627594
0.561267018318176,-0.0677513554692268,1.39994192123413,-0.423112213611603,-0.286528140306473,0.655437827110291,-0.55612850189209
0.561186194419861,-0.0676494091749191,1.39977061748505,-0.423157513141632,-0.286338031291962,0.655817687511444,-0.555744051933289
0.561034083366394,-0.0678002312779426,1.39966785907745,-0.425736546516418,-0.288519084453583,0.656686186790466,-0.551605403423309
0.561155736446381,-0.0678514018654823,1.39979493618011,-0.424861997365951,-0.289741218090057,0.656891465187073,-0.551394581794739
0.561065256595612,-0.0680628046393394,1.39972221851349,-0.424971044063568,-0.28996467590332,0.657134115695953,-0.550903797149658
0.561020195484161,-0.0682054907083511,1.39967429637909,-0.42539718747139,-0.290558516979217,0.65679919719696,-0.550661265850067
0.560782909393311,-0.0685053765773773,1.39951467514038,-0.427365183830261,-0.288905173540115,0.657804727554321,-0.548803865909576
0.560782909393311,-0.0685053765773773,1.39951467514038,-0.427365183830261,-0.288905173540115,0.657804727554321,-0.548803865909576
0.560750842094421,-0.0694105923175811,1.39948213100433,-0.424807846546173,-0.287250310182571,0.658668875694275,-0.550618588924408
0.560690820217133,-0.0693926960229873,1.39936769008636,-0.42488819360733,-0.286851018667221,0.659304022789001,-0.550004482269287
0.560647904872894,-0.0696511715650558,1.39940798282623,-0.425090551376343,-0.286899417638779,0.659907221794128,-0.54909873008728
0.560752511024475,-0.0701628625392913,1.39988815784454,-0.424956142902374,-0.288124263286591,0.660107314586639,-0.548320412635803
0.560372412204742,-0.0703130438923835,1.39973390102386,-0.428087681531906,-0.289387494325638,0.662170231342316,-0.542702913284302
0.560388922691345,-0.0705251693725586,1.39960515499115,-0.426563769578934,-0.290980488061905,0.661605894565582,-0.54373836517334
0.560087323188782,-0.0705119520425796,1.39934635162354,-0.427536070346832,-0.289569675922394,0.662440896034241,-0.542710423469543
0.560087323188782,-0.0705119520425796,1.39934635162354,-0.427536070346832,-0.289569675922394,0.662440896034241,-0.542710423469543
0.55993264913559,-0.0716444849967956,1.39900028705597,-0.428647369146347,-0.289380401372909,0.663619101047516,-0.540490865707397
0.559914171695709,-0.0719328671693801,1.39890623092651,-0.428960055112839,-0.289282143115997,0.664288103580475,-0.53947252035141
0.560019493103027,-0.0726149827241897,1.39886116981506,-0.431096971035004,-0.289062112569809,0.665169239044189,-0.536794722080231
0.56013947725296,-0.0727563202381134,1.39908444881439,-0.431160151958466,-0.289236307144165,0.665788173675537,-0.535882115364075
0.560098826885223,-0.0729275867342948,1.39881813526154,-0.430247604846954,-0.289365768432617,0.666946411132812,-0.535104751586914
0.559783637523651,-0.0736019760370254,1.39859354496002,-0.430553615093231,-0.289903402328491,0.666110575199127,-0.535608530044556
0.559825420379639,-0.0739069283008575,1.39863038063049,-0.430050283670425,-0.290829390287399,0.666095376014709,-0.535529732704163
0.559976875782013,-0.074378103017807,1.39855015277863,-0.430138677358627,-0.291377305984497,0.666255295276642,-0.534961640834808
0.55992728471756,-0.0747858136892318,1.39864230155945,-0.431057721376419,-0.290590316057205,0.665975511074066,-0.5349982380867
0.560635983943939,-0.0750671476125717,1.39850759506226,-0.430054783821106,-0.290929347276688,0.667626976966858,-0.533560931682587
0.560370922088623,-0.0758799761533737,1.39829814434052,-0.430859118700027,-0.29078483581543,0.668123483657837,-0.532367885112762
0.560636758804321,-0.0760666131973266,1.39798498153687,-0.429836332798004,-0.291617423295975,0.667643904685974,-0.533340215682983
0.560550689697266,-0.0770596712827682,1.39830315113068,-0.431169509887695,-0.292107701301575,0.667412638664246,-0.532284140586853
0.560639560222626,-0.0775559842586517,1.39829075336456,-0.432613134384155,-0.291332006454468,0.667987406253815,-0.530814945697784
0.561653792858124,-0.0783036649227142,1.39838206768036,-0.431404143571854,-0.293419718742371,0.668371737003326,-0.530164659023285
0.561506271362305,-0.0787283629179,1.39821314811707,-0.430399149656296,-0.294575303792953,0.668263554573059,-0.530476987361908
0.561736047267914,-0.079264648258686,1.39817130565643,-0.43133082985878,-0.294047951698303,0.668290734291077,-0.529978394508362
0.561946392059326,-0.0794503837823867,1.39782392978668,-0.430914580821991,-0.294185757637024,0.668525099754333,-0.529944837093353
0.562120735645294,-0.0804304182529449,1.39778017997742,-0.431133538484573,-0.295361757278442,0.668262183666229,-0.52944415807724
0.562684774398804,-0.0807857066392898,1.39743113517761,-0.430764019489288,-0.295722305774689,0.668698072433472,-0.528992891311646
0.56276148557663,-0.081275850534439,1.39737224578857,-0.430744975805283,-0.295927941799164,0.668578565120697,-0.529044568538666
0.563185274600983,-0.0819088965654373,1.39721202850342,-0.431266158819199,-0.29586061835289,0.669064462184906,-0.528042316436768
0.563173532485962,-0.0823203697800636,1.39677000045776,-0.431810885667801,-0.295239508152008,0.669200003147125,-0.527773141860962
0.563173532485962,-0.0823203697800636,1.39677000045776,-0.431810885667801,-0.295239508152008,0.669200003147125,-0.527773141860962
0.56454211473465,-0.0836666971445083,1.39664721488953,-0.43016591668129,-0.298582375049591,0.668985605239868,-0.527507483959198
0.564679622650146,-0.0841634273529052,1.39656174182892,-0.430277287960052,-0.298692554235458,0.668834209442139,-0.527546226978302
0.56533271074295,-0.0849353224039077,1.39635717868805,-0.429822593927383,-0.299649953842163,0.668987452983856,-0.527179598808289
0.565397441387177,-0.0855700448155403,1.39592826366425,-0.431105256080627,-0.298662394285202,0.669674098491669,-0.525819182395935
0.565569877624512,-0.0862663984298706,1.39597499370575,-0.430854111909866,-0.299376845359802,0.668181717395782,-0.527514398097992
0.56649249792099,-0.0868855565786361,1.39591884613037,-0.42919135093689,-0.301954299211502,0.667946100234985,-0.527699291706085
0.567325353622437,-0.0876166969537735,1.39589142799377,-0.429108053445816,-0.303863197565079,0.668086767196655,-0.526491701602936
0.567325353622437,-0.0876166969537735,1.39589142799377,-0.429108053445816,-0.303863197565079,0.668086767196655,-0.526491701602936
0.567746698856354,-0.0888582468032836,1.39562904834747,-0.429567635059357,-0.304739117622375,0.667912125587463,-0.525831878185272
0.568976163864136,-0.0893923044204711,1.39550316333771,-0.429170817136765,-0.305340886116028,0.668085873126984,-0.525585949420929
0.569970548152924,-0.0902342200279235,1.39547419548035,-0.428486078977585,-0.307267516851425,0.667584180831909,-0.525659441947937
0.569988548755646,-0.0907934308052063,1.39514493942261,-0.42895382642746,-0.306962758302689,0.667042076587677,-0.526143968105316
0.570850312709808,-0.0914746448397636,1.39518642425537,-0.427508473396301,-0.309340208768845,0.66640830039978,-0.526730537414551
0.571571469306946,-0.0921282321214675,1.39505958557129,-0.427972555160522,-0.309848636388779,0.66626101732254,-0.526240944862366
0.572729527950287,-0.0929728299379348,1.39485311508179,-0.426846444606781,-0.312024176120758,0.665766417980194,-0.526496112346649
0.572867691516876,-0.0936745107173919,1.39474451541901,-0.426119446754456,-0.313351362943649,0.664717495441437,-0.52762097120285
0.57351154088974,-0.0943100228905677,1.39431548118591,-0.425610184669495,-0.314459055662155,0.664144575595856,-0.528094351291656
0.57399046421051,-0.0951754003763198,1.3938502073288,-0.425665527582169,-0.315104961395264,0.663512289524078,-0.528459250926971
0.575124680995941,-0.0960901528596878,1.39403688907623,-0.424804627895355,-0.317410796880722,0.662917792797089,-0.528518259525299
0.575568199157715,-0.0966972559690475,1.39393997192383,-0.42574754357338,-0.3172727227211,0.662645220756531,-0.528183996677399
0.575881719589233,-0.0974723398685455,1.3934645652771,-0.425968915224075,-0.317739009857178,0.661866247653961,-0.528701901435852
0.577248752117157,-0.0984232500195503,1.39347350597382,-0.423725694417953,-0.320824533700943,0.661253035068512,-0.529407739639282
0.577721416950226,-0.099102109670639,1.39332747459412,-0.423747211694717,-0.321441382169724,0.660631656646729,-0.529792189598083
0.578705549240112,-0.0999702215194702,1.39301931858063,-0.42280849814415,-0.323176115751266,0.659831047058105,-0.530484020709991
0.579296767711639,-0.10071112960577,1.39293766021729,-0.423609912395477,-0.323195785284042,0.659726440906525,-0.529962539672852
0.579828202724457,-0.101517423987389,1.39247417449951,-0.423700124025345,-0.323880732059479,0.659108936786652,-0.530240476131439
0.581033766269684,-0.10237979888916,1.39248061180115,-0.422637701034546,-0.325941234827042,0.65875780582428,-0.530262172222137
0.581528306007385,-0.103320024907589,1.39206147193909,-0.422163307666779,-0.3274265229702,0.657716989517212,-0.53101646900177
0.583170473575592,-0.104302242398262,1.39203000068665,-0.420413762331009,-0.330311954021454,0.65727561712265,-0.531163930892944
0.583776354789734,-0.104986444115639,1.39189076423645,-0.420335203409195,-0.330856144428253,0.656784951686859,-0.531494319438934
0.584912061691284,-0.105926707386971,1.39166688919067,-0.419653743505478,-0.332853645086288,0.656018376350403,-0.531732320785522
0.584912061691284,-0.105926707386971,1.39166688919067,-0.419653743505478,-0.332853645086288,0.656018376350403,-0.531732320785522
0.586881041526794,-0.107683956623077,1.39122986793518,-0.41853329539299,-0.335712254047394,0.654778122901917,-0.532346367835999
0.586881041526794,-0.107683956623077,1.39122986793518,-0.41853329539299,-0.335712254047394,0.654778122901917,-0.532346367835999
0.58924800157547,-0.109657555818558,1.39062011241913,-0.417702585458755,-0.338382601737976,0.653661549091339,-0.532680571079254
0.590340554714203,-0.110559523105621,1.39040791988373,-0.417263984680176,-0.339925199747086,0.652987241744995,-0.532868921756744
0.591431319713593,-0.111468806862831,1.39029181003571,-0.416789680719376,-0.34155261516571,0.652099549770355,-0.533286511898041
0.592575073242188,-0.112452551722526,1.39009392261505,-0.41642639040947,-0.343608051538467,0.65109246969223,-0.533480286598206
0.593756794929504,-0.113171093165874,1.38978147506714,-0.415137052536011,-0.34488719701767,0.650379538536072,-0.534528195858002
0.595183193683624,-0.114168837666511,1.38958692550659,-0.414194405078888,-0.347029954195023,0.649619936943054,-0.534796595573425
0.596170544624329,-0.114956602454185,1.38920080661774,-0.411159366369247,-0.347225219011307,0.648274660110474,-0.538630425930023
0.596170544624329,-0.114956602454185,1.38920080661774,-0.411159366369247,-0.347225219011307,0.648274660110474,-0.538630425930023
0.598705530166626,-0.11683814227581,1.3888658285141,-0.410568714141846,-0.349580585956573,0.647412180900574,-0.538594722747803
0.600074887275696,-0.117727547883987,1.38870358467102,-0.411434531211853,-0.351372271776199,0.647337317466736,-0.536854982376099
0.601324498653412,-0.118591241538525,1.38850903511047,-0.410195708274841,-0.353798359632492,0.646504819393158,-0.53721296787262
0.602811872959137,-0.119250774383545,1.38814795017242,-0.408118575811386,-0.355062156915665,0.645757079124451,-0.538857996463776
0.604102611541748,-0.120049223303795,1.38822388648987,-0.407863825559616,-0.355451554059982,0.645828008651733,-0.538709104061127
0.605432271957397,-0.120719879865646,1.38794541358948,-0.406555593013763,-0.357675909996033,0.644618630409241,-0.539673447608948
0.605432271957397,-0.120719879865646,1.38794541358948,-0.406555593013763,-0.357675909996033,0.644618630409241,-0.539673447608948
0.607723236083984,-0.122300028800964,1.3873918056488,-0.40529003739357,-0.36014199256897,0.643088042736053,-0.540810167789459
0.609178483486176,-0.122982271015644,1.38723313808441,-0.404610723257065,-0.360837042331696,0.642703652381897,-0.541312098503113
0.61095130443573,-0.123613812029362,1.38729691505432,-0.4029401242733,-0.363053143024445,0.642256379127502,-0.54160737991333
0.612297356128693,-0.124241098761559,1.38691008090973,-0.400624245405197,-0.365114361047745,0.641002118587494,-0.543422758579254
0.613620162010193,-0.124964617192745,1.3868955373764,-0.399899363517761,-0.366897463798523,0.639897346496582,-0.544057309627533
0.614960908889771,-0.125577598810196,1.38669645786285,-0.398673117160797,-0.368177533149719,0.639124870300293,-0.544999539852142
0.615955710411072,-0.126279279589653,1.38630795478821,-0.398708879947662,-0.367950469255447,0.638621747493744,-0.545716166496277
0.617157459259033,-0.126910731196404,1.38607788085938,-0.39740988612175,-0.37027582526207,0.636964857578278,-0.547025740146637
0.618939578533173,-0.127488538622856,1.38616955280304,-0.395065575838089,-0.37215992808342,0.635961472988129,-0.548610091209412
0.619799792766571,-0.128236263990402,1.38583385944366,-0.394985109567642,-0.373414754867554,0.634720921516418,-0.549251794815063
0.619799792766571,-0.128236263990402,1.38583385944366,-0.394985109567642,-0.373414754867554,0.634720921516418,-0.549251794815063
0.622791767120361,-0.129382684826851,1.38568353652954,-0.391600996255875,-0.376527935266495,0.63253515958786,-0.55206423997879
0.623978912830353,-0.130075260996818,1.3855504989624,-0.390540570020676,-0.378093421459198,0.631220757961273,-0.553248524665833
0.624834775924683,-0.130495652556419,1.38510763645172,-0.389945894479752,-0.378416389226913,0.629984140396118,-0.554854154586792
0.626057088375092,-0.131028160452843,1.38501620292664,-0.388748973608017,-0.379854291677475,0.628904938697815,-0.555935025215149
0.627735018730164,-0.131627723574638,1.38503050804138,-0.386770218610763,-0.381842702627182,0.627703964710236,-0.557308673858643
0.629180252552032,-0.131922632455826,1.38486957550049,-0.384790331125259,-0.383452475070953,0.626568853855133,-0.558848857879639
0.630390644073486,-0.13255874812603,1.38482999801636,-0.383217871189117,-0.384883850812912,0.625049531459808,-0.560644030570984
0.630802989006042,-0.133053511381149,1.38448345661163,-0.383329689502716,-0.384924620389938,0.623467683792114,-0.562298476696014
0.632449805736542,-0.133434250950813,1.38448059558868,-0.380483269691467,-0.387624800205231,0.621859908103943,-0.564154148101807
0.634018778800964,-0.134148016571999,1.38441979885101,-0.379520118236542,-0.389081209897995,0.620958507061005,-0.564792931079865
0.634492516517639,-0.13452322781086,1.38404226303101,-0.378740876913071,-0.389681071043015,0.619058191776276,-0.566984295845032
0.635577380657196,-0.135010257363319,1.38395726680756,-0.377495348453522,-0.390810012817383,0.617555320262909,-0.568674087524414
0.637287199497223,-0.135448709130287,1.38401007652283,-0.375673234462738,-0.39306053519249,0.616221845149994,-0.569775283336639
0.638692915439606,-0.135928943753242,1.38391971588135,-0.37383159995079,-0.394715517759323,0.614711105823517,-0.571471691131592
0.639244019985199,-0.136402994394302,1.38356721401215,-0.373316138982773,-0.395078629255295,0.61218535900116,-0.574262320995331
0.640489935874939,-0.136953681707382,1.38364124298096,-0.373768717050552,-0.396007061004639,0.611683249473572,-0.573863387107849
0.641758263111115,-0.137410953640938,1.38344931602478,-0.372286438941956,-0.397015422582626,0.610223054885864,-0.575681746006012
0.643319606781006,-0.137834563851357,1.38344359397888,-0.368447214365005,-0.400604158639908,0.607351183891296,-0.578694581985474
0.643780112266541,-0.138227343559265,1.38316285610199,-0.367860406637192,-0.400616735219955,0.605509519577026,-0.580984652042389
0.644923269748688,-0.138634830713272,1.38301956653595,-0.366367191076279,-0.402377635240555,0.60385137796402,-0.582435190677643
0.646059632301331,-0.139588013291359,1.38305103778839,-0.364846140146255,-0.404524981975555,0.60145103931427,-0.584382891654968
0.647147119045258,-0.140074715018272,1.38300979137421,-0.363267302513123,-0.406154423952103,0.599148690700531,-0.586597144603729
0.649003446102142,-0.140250220894814,1.38297843933105,-0.360282957553864,-0.408609837293625,0.597679913043976,-0.588228762149811
0.650029122829437,-0.140166625380516,1.38289701938629,-0.360070794820786,-0.408576607704163,0.596995949745178,-0.58907562494278
0.651149928569794,-0.141019284725189,1.38303029537201,-0.358034282922745,-0.410560250282288,0.594099521636963,-0.591859400272369
0.652216196060181,-0.141563415527344,1.38289833068848,-0.356865882873535,-0.412126034498215,0.592223346233368,-0.593355357646942
0.65334540605545,-0.141589060425758,1.38259339332581,-0.35718634724617,-0.411188662052154,0.592061161994934,-0.593974351882935
0.653580248355865,-0.141686603426933,1.38207054138184,-0.357681423425674,-0.410229176282883,0.590894162654877,-0.595499873161316
0.654628157615662,-0.142239153385162,1.38197326660156,-0.356436163187027,-0.411128520965576,0.588496625423431,-0.597995340824127
0.655570387840271,-0.142631307244301,1.38188874721527,-0.355699777603149,-0.41247832775116,0.587138414382935,-0.598838627338409
0.657359659671783,-0.142796069383621,1.38202702999115,-0.35311171412468,-0.414792984724045,0.585727334022522,-0.60015207529068
0.658341825008392,-0.143223196268082,1.38197672367096,-0.352232784032822,-0.415821135044098,0.58380913734436,-0.601823747158051
0.658341825008392,-0.143223196268082,1.38197672367096,-0.352232784032822,-0.415821135044098,0.58380913734436,-0.601823747158051
0.660280466079712,-0.144193738698959,1.38173818588257,-0.349741071462631,-0.418712258338928,0.579706072807312,-0.605229079723358
0.660280466079712,-0.144193738698959,1.38173818588257,-0.349741071462631,-0.418712258338928,0.579706072807312,-0.605229079723358
0.662457346916199,-0.144869238138199,1.38143217563629,-0.347031682729721,-0.420976400375366,0.576023519039154,-0.608724117279053
0.663329243659973,-0.145185694098473,1.38138484954834,-0.346026062965393,-0.422168493270874,0.574224710464478,-0.610168516635895
0.664279758930206,-0.145510345697403,1.38126945495605,-0.344717502593994,-0.423297494649887,0.572337031364441,-0.611898303031921
0.665112912654877,-0.145882591605186,1.3811491727829,-0.343840420246124,-0.424185037612915,0.571105539798737,-0.612926959991455
0.665931701660156,-0.146084666252136,1.38124537467957,-0.343847572803497,-0.424711883068085,0.569492101669312,-0.614058315753937
0.666783034801483,-0.146741092205048,1.38122951984406,-0.342526406049728,-0.426150262355804,0.567156553268433,-0.615958631038666
0.667651295661926,-0.147028237581253,1.38096249103546,-0.341192603111267,-0.427247077226639,0.565077006816864,-0.617847502231598
0.668331682682037,-0.146919637918472,1.38078236579895,-0.340568363666534,-0.427539795637131,0.563582420349121,-0.619352877140045
0.66931813955307,-0.147306308150291,1.38084316253662,-0.34127202630043,-0.427524596452713,0.562792122364044,-0.619694411754608
0.669992864131927,-0.147710293531418,1.38074815273285,-0.340335577726364,-0.428389251232147,0.56052303314209,-0.621665775775909
0.670755386352539,-0.148057669401169,1.38074505329132,-0.339396566152573,-0.429590821266174,0.558446824550629,-0.623216509819031
0.671442270278931,-0.148368030786514,1.38056015968323,-0.338813751935959,-0.43033841252327,0.556753575801849,-0.624531447887421
0.672110319137573,-0.14886038005352,1.38055181503296,-0.338316440582275,-0.431390941143036,0.554711699485779,-0.625890374183655
0.672673642635345,-0.149402320384979,1.38073003292084,-0.337432861328125,-0.432516932487488,0.552435398101807,-0.627601385116577
0.673048198223114,-0.149596750736236,1.38049685955048,-0.335155725479126,-0.43430283665657,0.549521327018738,-0.63014143705368
0.673421442508698,-0.150054126977921,1.38030481338501,-0.334826797246933,-0.435035437345505,0.547414481639862,-0.631642937660217
0.673955202102661,-0.150113463401794,1.38010287284851,-0.334653466939926,-0.435122072696686,0.546188712120056,-0.632735192775726
0.674477577209473,-0.15063938498497,1.38004529476166,-0.333743572235107,-0.436605900526047,0.543928444385529,-0.634139180183411
0.675124108791351,-0.15081425011158,1.3798121213913,-0.333269566297531,-0.436435997486115,0.542873322963715,-0.635408222675323
0.675397872924805,-0.151114121079445,1.37975835800171,-0.333060801029205,-0.436908096075058,0.541462242603302,-0.636396527290344
0.675770401954651,-0.151230663061142,1.37957954406738,-0.332531929016113,-0.437494486570358,0.539732217788696,-0.637738347053528
0.676136195659637,-0.151559367775917,1.37948751449585,-0.332104325294495,-0.438177883625031,0.538275182247162,-0.638722717761993
0.676048338413239,-0.15194933116436,1.37917840480804,-0.332594245672226,-0.438110470771789,0.536513388156891,-0.639995276927948
0.676992654800415,-0.152141943573952,1.37906908988953,-0.331116527318954,-0.439425766468048,0.535343706607819,-0.64083868265152
0.677282571792603,-0.152508080005646,1.37898743152618,-0.33073553442955,-0.440052330493927,0.533985316753387,-0.641737937927246
0.677635669708252,-0.153450697660446,1.37900328636169,-0.329789876937866,-0.44170331954956,0.531358182430267,-0.64326947927475
0.677905857563019,-0.153459280729294,1.37895238399506,-0.330128371715546,-0.441447675228119,0.530867278575897,-0.643676340579987
0.677905857563019,-0.153459280729294,1.37895238399506,-0.330128371715546,-0.441447675228119,0.530867278575897,-0.643676340579987
0.678294897079468,-0.154198780655861,1.37888634204865,-0.330164462327957,-0.44244110584259,0.528466701507568,-0.644949972629547
0.678634762763977,-0.155076891183853,1.37892389297485,-0.329764366149902,-0.443968385457992,0.526796281337738,-0.645471394062042
0.67881053686142,-0.155416071414948,1.37886548042297,-0.329807907342911,-0.444356799125671,0.525839745998383,-0.645961463451385
0.678886473178864,-0.155726760625839,1.37872338294983,-0.330077826976776,-0.444567620754242,0.524766325950623,-0.646551311016083
0.678479611873627,-0.156331717967987,1.37838244438171,-0.33116552233696,-0.444270342588425,0.523525357246399,-0.647205233573914
0.678479611873627,-0.156331717967987,1.37838244438171,-0.33116552233696,-0.444270342588425,0.523525357246399,-0.647205233573914
0.679187536239624,-0.15646755695343,1.37838387489319,-0.330577790737152,-0.444994866847992,0.522655427455902,-0.647710859775543
0.679255425930023,-0.156859278678894,1.37829804420471,-0.330841541290283,-0.445387184619904,0.521660625934601,-0.64810836315155
0.67935574054718,-0.157251790165901,1.37819874286652,-0.331043690443039,-0.445588797330856,0.521162211894989,-0.648267447948456
0.679339826107025,-0.15765705704689,1.37808620929718,-0.331232994794846,-0.445526689291,0.520661115646362,-0.648616075515747
0.679362118244171,-0.158112853765488,1.3780152797699,-0.331526756286621,-0.445671319961548,0.52041107416153,-0.648567199707031
0.679463624954224,-0.158960148692131,1.37805616855621,-0.331297308206558,-0.446865946054459,0.519186913967133,-0.648843586444855
0.679477572441101,-0.158896133303642,1.37785804271698,-0.331808298826218,-0.446233004331589,0.519483029842377,-0.64878112077713
0.679473459720612,-0.159235179424286,1.37779295444489,-0.331974774599075,-0.446353942155838,0.518899083137512,-0.649079918861389
0.679570853710175,-0.160094439983368,1.37778997421265,-0.331740140914917,-0.447495222091675,0.517837584018707,-0.649261832237244
0.679561197757721,-0.160426646471024,1.37772047519684,-0.331947773694992,-0.447593450546265,0.517644941806793,-0.649241507053375
0.679527163505554,-0.160873055458069,1.37761306762695,-0.332279860973358,-0.447758764028549,0.51742160320282,-0.649135708808899
0.679549217224121,-0.161189794540405,1.37756681442261,-0.332422018051147,-0.447872042655945,0.517311573028564,-0.649072349071503
0.67955619096756,-0.161499828100204,1.37752592563629,-0.332576900720596,-0.447991251945496,0.51723176240921,-0.648974418640137
0.679581582546234,-0.161792516708374,1.37748718261719,-0.332769334316254,-0.448045462369919,0.517301559448242,-0.64878261089325
0.679581582546234,-0.161792516708374,1.37748718261719,-0.332769334316254,-0.448045462369919,0.517301559448242,-0.64878261089325
0.679315209388733,-0.162088304758072,1.37733209133148,-0.333696812391281,-0.446881175041199,0.518173158168793,-0.64841365814209
0.679248332977295,-0.162396192550659,1.37727737426758,-0.333890676498413,-0.446892082691193,0.518220484256744,-0.648268520832062
0.679197907447815,-0.162711039185524,1.37715661525726,-0.333968043327331,-0.44697242975235,0.518267214298248,-0.648135960102081
0.6791051030159,-0.163022428750992,1.37710964679718,-0.33424574136734,-0.446944832801819,0.518382906913757,-0.647919297218323
0.678990542888641,-0.163324266672134,1.37709987163544,-0.33448600769043,-0.446976751089096,0.518504500389099,-0.647675812244415
0.678941190242767,-0.164079576730728,1.37709641456604,-0.334395319223404,-0.447720497846603,0.518239378929138,-0.647421002388
0.67872554063797,-0.163943395018577,1.37694084644318,-0.33478969335556,-0.446853041648865,0.519168078899384,-0.647072434425354
0.678698837757111,-0.164684325456619,1.37700128555298,-0.334607243537903,-0.447833389043808,0.518902361392975,-0.646702110767365
0.67852395772934,-0.164947956800461,1.37694001197815,-0.334652781486511,-0.447594910860062,0.519277155399323,-0.646542847156525
0.677773416042328,-0.16544383764267,1.37654304504395,-0.335766166448593,-0.446501523256302,0.519826054573059,-0.646280467510223
0.678123116493225,-0.165564283728599,1.37667310237885,-0.33482351899147,-0.447372078895569,0.520308792591095,-0.645778834819794
0.677967131137848,-0.165895029902458,1.37656271457672,-0.334881633520126,-0.447577387094498,0.520669758319855,-0.645315289497375
0.677967131137848,-0.165895029902458,1.37656271457672,-0.334881633520126,-0.447577387094498,0.520669758319855,-0.645315289497375
0.677440464496613,-0.166012525558472,1.37626647949219,-0.335512518882751,-0.446461826562881,0.522453784942627,-0.644317746162415
0.677284181118011,-0.16631555557251,1.37609803676605,-0.33551213145256,-0.446602523326874,0.522993385791779,-0.643782317638397
0.677284181118011,-0.16631555557251,1.37609803676605,-0.33551213145256,-0.446602523326874,0.522993385791779,-0.643782317638397
0.676877558231354,-0.167238190770149,1.37593340873718,-0.335555762052536,-0.447212547063828,0.523488998413086,-0.642932832241058
0.676593363285065,-0.167152985930443,1.37569189071655,-0.336063474416733,-0.446364104747772,0.52506023645401,-0.641975224018097
0.676335215568542,-0.167525857686996,1.37556731700897,-0.336414784193039,-0.446411639451981,0.525657951831818,-0.641268789768219
0.676169872283936,-0.168088003993034,1.37555193901062,-0.336220979690552,-0.447218120098114,0.525754988193512,-0.640728712081909
0.675923943519592,-0.16832971572876,1.37544047832489,-0.336350321769714,-0.447171211242676,0.526646137237549,-0.639961063861847
0.675214648246765,-0.168888181447983,1.37513387203217,-0.337154805660248,-0.44688880443573,0.526729166507721,-0.639666676521301
0.675361454486847,-0.169046640396118,1.37521171569824,-0.336430937051773,-0.44768351316452,0.527604758739471,-0.638769745826721
0.675361454486847,-0.169046640396118,1.37521171569824,-0.336430937051773,-0.44768351316452,0.527604758739471,-0.638769745826721
0.674865663051605,-0.169588983058929,1.37503159046173,-0.336479991674423,-0.44788920879364,0.529265284538269,-0.637224197387695
0.674679338932037,-0.169933587312698,1.37489867210388,-0.336699783802032,-0.448176950216293,0.529940366744995,-0.636344254016876
0.674479424953461,-0.169999822974205,1.37490999698639,-0.336598485708237,-0.448462456464767,0.53077894449234,-0.635497212409973
0.67430579662323,-0.170232519507408,1.37459826469421,-0.336515516042709,-0.448288798332214,0.532297849655151,-0.634392142295837
0.67408287525177,-0.170441538095474,1.37447595596313,-0.336670428514481,-0.448431849479675,0.533235549926758,-0.633420646190643
0.673866212368011,-0.170046865940094,1.37432312965393,-0.336484462022781,-0.448037207126617,0.534437596797943,-0.632785499095917
0.673624575138092,-0.170576870441437,1.37433695793152,-0.336330235004425,-0.448839038610458,0.535101532936096,-0.631737232208252
0.67340874671936,-0.170258179306984,1.37442851066589,-0.33646559715271,-0.448302656412125,0.536767959594727,-0.630631387233734
0.672303557395935,-0.170880287885666,1.374267578125,-0.338514149188995,-0.447399735450745,0.537317872047424,-0.629707217216492
0.672721862792969,-0.170746117830276,1.37426519393921,-0.337200164794922,-0.44839072227478,0.538276374340057,-0.628888428211212
0.672489166259766,-0.171304166316986,1.37432742118835,-0.337115198373795,-0.449059277772903,0.539010465145111,-0.627827107906342
0.671934247016907,-0.171423688530922,1.37389624118805,-0.337846159934998,-0.448309630155563,0.540246367454529,-0.626906991004944
0.671492278575897,-0.171650946140289,1.37451958656311,-0.338135778903961,-0.448811113834381,0.540635049343109,-0.626056313514709
0.670995354652405,-0.172279462218285,1.37388801574707,-0.338754653930664,-0.448676377534866,0.541468143463135,-0.625097632408142
0.670618116855621,-0.17223784327507,1.37390863895416,-0.33928781747818,-0.448013663291931,0.542854070663452,-0.624081075191498
0.670287311077118,-0.172460526227951,1.37454533576965,-0.339242726564407,-0.448795169591904,0.543339610099792,-0.623120605945587
0.669660985469818,-0.172917798161507,1.37387537956238,-0.339902430772781,-0.448223799467087,0.544284164905548,-0.622347593307495
0.669229507446289,-0.172827422618866,1.37380337715149,-0.340749204158783,-0.447584062814713,0.545801341533661,-0.621015012264252
0.669229507446289,-0.172827422618866,1.37380337715149,-0.340749204158783,-0.447584062814713,0.545801341533661,-0.621015012264252
0.66812652349472,-0.173320919275284,1.37405526638031,-0.341854572296143,-0.447246462106705,0.547773540019989,-0.618910610675812
0.66786527633667,-0.173780292272568,1.37417054176331,-0.343130767345428,-0.446874141693115,0.549226343631744,-0.617183327674866
0.667335212230682,-0.173784554004669,1.37414801120758,-0.34411546587944,-0.445889860391617,0.550658524036407,-0.616069912910461
0.666680753231049,-0.173918291926384,1.37424457073212,-0.344256818294525,-0.445578783750534,0.551761627197266,-0.615228414535522
0.666113913059235,-0.174090504646301,1.37433910369873,-0.344875067472458,-0.445198625326157,0.552954614162445,-0.61408519744873
0.665419101715088,-0.174288064241409,1.37437880039215,-0.345375508069992,-0.444744467735291,0.55385684967041,-0.613319456577301
0.664793074131012,-0.174381732940674,1.37450361251831,-0.34588298201561,-0.444178879261017,0.554982244968414,-0.61242538690567
0.664793074131012,-0.174381732940674,1.37450361251831,-0.34588298201561,-0.444178879261017,0.554982244968414,-0.61242538690567
0.663173615932465,-0.174403220415115,1.37479376792908,-0.34629613161087,-0.44315767288208,0.556700229644775,-0.611371517181396
0.662489354610443,-0.174519225955009,1.37495899200439,-0.347124189138412,-0.442578315734863,0.557794332504272,-0.610323548316956
0.661864817142487,-0.174660384654999,1.37483465671539,-0.347532123327255,-0.441863030195236,0.559036374092102,-0.609472632408142
0.661300003528595,-0.17496682703495,1.37521290779114,-0.349429160356522,-0.440808027982712,0.560674369335175,-0.607644498348236
0.660447537899017,-0.17491315305233,1.37523210048676,-0.349105894565582,-0.440643876791,0.561453461647034,-0.607229948043823
0.659796833992004,-0.175023823976517,1.37534284591675,-0.349856674671173,-0.440123498439789,0.562402009963989,-0.60629665851593
0.659048795700073,-0.175188541412353,1.37551844120026,-0.351471990346909,-0.438709437847137,0.564192891120911,-0.604721307754517
0.658296883106232,-0.175317600369453,1.3758407831192,-0.352504521608353,-0.438063085079193,0.564782440662384,-0.604038298130035
0.657554864883423,-0.175402820110321,1.3756707906723,-0.352201372385025,-0.437727421522141,0.565867602825165,-0.60344260931015
0.656829535961151,-0.175489440560341,1.37583696842194,-0.352932989597321,-0.436969965696335,0.567055642604828,-0.602448046207428
0.655931770801544,-0.175906300544739,1.37615716457367,-0.351961195468903,-0.438086628913879,0.566352069377899,-0.602867126464844
0.655251324176788,-0.176000028848648,1.37617242336273,-0.352929204702377,-0.437016725540161,0.567160606384277,-0.602317571640015
0.65461790561676,-0.176267713308334,1.37639808654785,-0.354514181613922,-0.436217755079269,0.5687655210495,-0.600449442863464
0.653895080089569,-0.176229655742645,1.37632715702057,-0.355031400918961,-0.435567229986191,0.569593846797943,-0.599830687046051
0.653106391429901,-0.176425263285637,1.37659764289856,-0.356011688709259,-0.434663146734238,0.571191191673279,-0.598384737968445
0.652569711208344,-0.176416367292404,1.37627530097961,-0.356754809617996,-0.433548986911774,0.572531878948212,-0.597468554973602
0.651756227016449,-0.176549300551414,1.37659323215485,-0.358187705278397,-0.432427108287811,0.574092864990234,-0.595924377441406
0.651179552078247,-0.176699668169022,1.3764328956604,-0.35792139172554,-0.432155102491379,0.574928641319275,-0.595475852489471
0.651179552078247,-0.176699668169022,1.3764328956604,-0.35792139172554,-0.432155102491379,0.574928641319275,-0.595475852489471
0.649590015411377,-0.177037343382835,1.37672328948975,-0.360457807779312,-0.430075764656067,0.577222228050232,-0.593228101730347
0.649224758148193,-0.177257567644119,1.37679374217987,-0.361854940652847,-0.429050087928772,0.578641057014465,-0.591736197471619
0.648672461509705,-0.177556365728378,1.37702786922455,-0.362186074256897,-0.428424507379532,0.579986810684204,-0.590668439865112
0.647954642772675,-0.177678048610687,1.37710583209991,-0.363221675157547,-0.427429229021072,0.580911815166473,-0.589843928813934
0.647487878799438,-0.177896067500114,1.37716567516327,-0.363155633211136,-0.427724629640579,0.581506669521332,-0.589083790779114
0.646981775760651,-0.178085997700691,1.37724804878235,-0.363751173019409,-0.426936328411102,0.582624793052673,-0.588182806968689
0.646474659442902,-0.178233578801155,1.3773455619812,-0.364193350076675,-0.426313787698746,0.583640694618225,-0.587352871894836
0.645863652229309,-0.178261741995811,1.37724781036377,-0.365224182605743,-0.424873828887939,0.585272014141083,-0.586131870746613
0.645463526248932,-0.17840151488781,1.3773592710495,-0.365862250328064,-0.424194842576981,0.585839688777924,-0.585658252239227
0.645044326782227,-0.178544163703918,1.37747478485107,-0.366512507200241,-0.423637181520462,0.587152242660522,-0.584339261054993
0.644637525081635,-0.178678959608078,1.37755167484283,-0.366845995187759,-0.422693848609924,0.588259339332581,-0.583699524402618
0.644368171691895,-0.178801566362381,1.3776319026947,-0.367987185716629,-0.421703279018402,0.589683294296265,-0.582259118556976
0.643477022647858,-0.178957238793373,1.37767279148102,-0.368675261735916,-0.421023011207581,0.590133547782898,-0.581859886646271
0.643477022647858,-0.178957238793373,1.37767279148102,-0.368675261735916,-0.421023011207581,0.590133547782898,-0.581859886646271
0.643200755119324,-0.179099008440971,1.37807416915894,-0.368689030408859,-0.420357227325439,0.592037320137024,-0.580396473407745
0.64289516210556,-0.179181545972824,1.37819993495941,-0.36903703212738,-0.420045971870422,0.592874228954315,-0.579545795917511
0.642583847045898,-0.179293870925903,1.37828183174133,-0.369554072618484,-0.419478237628937,0.593721628189087,-0.578759551048279
0.642143607139587,-0.179509371519089,1.37799310684204,-0.369871199131012,-0.418620586395264,0.594276368618011,-0.578608512878418
0.642366588115692,-0.179652974009514,1.37847852706909,-0.370786875486374,-0.418285965919495,0.595816433429718,-0.576677322387695
0.642071545124054,-0.179768785834312,1.37854647636414,-0.371136546134949,-0.417828559875488,0.596438527107239,-0.576140582561493
0.641695737838745,-0.179693192243576,1.37847590446472,-0.370096236467361,-0.417862564325333,0.596754610538483,-0.576457798480988
0.641334533691406,-0.1797696352005,1.37872529029846,-0.370418518781662,-0.417262434959412,0.597002804279327,-0.576428711414337
0.641143262386322,-0.17985126376152,1.37882494926453,-0.370685040950775,-0.417084336280823,0.597897291183472,-0.575458168983459
0.640987694263458,-0.179891809821129,1.37890183925629,-0.370963662862778,-0.416617751121521,0.598515272140503,-0.574974179267883
0.640840828418732,-0.179947942495346,1.37898898124695,-0.371047079563141,-0.416302651166916,0.599119901657104,-0.57451868057251
0.640840828418732,-0.179947942495346,1.37898898124695,-0.371047079563141,-0.416302651166916,0.599119901657104,-0.57451868057251
0.640546917915344,-0.180061429738998,1.37916338443756,-0.371207624673843,-0.415162205696106,0.600774347782135,-0.57351154088974
0.640416145324707,-0.180103421211243,1.37924957275391,-0.371287941932678,-0.414889186620712,0.601159334182739,-0.573253691196442
0.640416145324707,-0.180103421211243,1.37924957275391,-0.371287941932678,-0.414889186620712,0.601159334182739,-0.573253691196442
0.64017528295517,-0.180209666490555,1.37948083877563,-0.371377348899841,-0.414474904537201,0.602026522159576,-0.572585105895996
0.640060782432556,-0.180190518498421,1.37960875034332,-0.371704459190369,-0.414093762636185,0.602687060832977,-0.571953237056732
0.639932751655579,-0.180253237485886,1.37973523139954,-0.371502548456192,-0.413779973983765,0.60322779417038,-0.571741580963135
0.639827728271484,-0.180282950401306,1.37987613677979,-0.371691852807999,-0.413323611021042,0.603695571422577,-0.571454524993896
0.639768064022064,-0.180254518985748,1.38001620769501,-0.371827304363251,-0.413005173206329,0.60414057970047,-0.571126639842987
0.639706075191498,-0.180366814136505,1.38018143177032,-0.371793150901794,-0.413133293390274,0.604260206222534,-0.57092946767807
0.639235377311707,-0.180429905653,1.3800767660141,-0.372317165136337,-0.412049859762192,0.604870855808258,-0.570724129676819
0.639215111732483,-0.180394038558006,1.38017225265503,-0.372476100921631,-0.411860346794128,0.605409204959869,-0.57018631696701
0.639367282390594,-0.180449277162552,1.38013446331024,-0.371943414211273,-0.412173300981522,0.605641663074493,-0.570060908794403
0.639648973941803,-0.180333197116852,1.38048112392426,-0.371303051710129,-0.412432372570038,0.606068670749664,-0.569837093353271
0.639659821987152,-0.180270075798035,1.38059556484222,-0.371227532625198,-0.412302941083908,0.606337130069733,-0.569694578647614
0.639662563800812,-0.180272802710533,1.38071763515472,-0.371127843856812,-0.412268280982971,0.60649847984314,-0.569612681865692
0.639342367649078,-0.180306553840637,1.38062810897827,-0.371467918157578,-0.411656737327576,0.606556057929993,-0.569771945476532
0.639648914337158,-0.180130079388618,1.3809494972229,-0.370819389820099,-0.411979645490646,0.606944143772125,-0.569547891616821
0.639675498008728,-0.18008191883564,1.38105404376984,-0.370798617601395,-0.411891013383865,0.607098758220673,-0.569460391998291
0.639709234237671,-0.180033892393112,1.38115739822388,-0.370711594820023,-0.411863476037979,0.607224881649017,-0.569402515888214
0.639754354953766,-0.179942458868027,1.3812335729599,-0.370733439922333,-0.411878943443298,0.60746431350708,-0.569121897220612
0.639538943767548,-0.179986625909805,1.38114309310913,-0.371138662099838,-0.411388784646988,0.607529878616333,-0.56914234161377
0.639582812786102,-0.179886683821678,1.38127028942108,-0.370929777622223,-0.411391824483871,0.607516407966614,-0.569290578365326
0.639685690402985,-0.179816097021103,1.38136315345764,-0.370770633220673,-0.411402523517609,0.607640504837036,-0.569254100322723
0.640050232410431,-0.179669871926308,1.38167130947113,-0.370186388492584,-0.411906450986862,0.607733845710754,-0.569170415401459
0.64013147354126,-0.179579794406891,1.38176727294922,-0.369995266199112,-0.411954671144485,0.607755541801453,-0.569236278533936
0.640213370323181,-0.179475873708725,1.38185596466064,-0.36968731880188,-0.411723405122757,0.607924103736877,-0.569423735141754
0.640236914157867,-0.179367363452911,1.38212895393372,-0.369758576154709,-0.411689609289169,0.607885003089905,-0.569443821907043
0.640312731266022,-0.179305985569954,1.38222098350525,-0.369690835475922,-0.411710202693939,0.607826590538025,-0.569535255432129
0.640572488307953,-0.179275527596474,1.38227474689484,-0.369258135557175,-0.412038952112198,0.607826352119446,-0.569578170776367
0.640653431415558,-0.179185315966606,1.38235807418823,-0.369163691997528,-0.412040263414383,0.607726573944092,-0.569745302200317
0.640801668167114,-0.179145574569702,1.38249969482422,-0.369748085737228,-0.411631643772125,0.607963383197784,-0.569408893585205
0.640776216983795,-0.179050028324127,1.38253784179688,-0.368978172540665,-0.412391662597656,0.607024312019348,-0.570359349250793
0.640776216983795,-0.179050028324127,1.38253784179688,-0.368978172540665,-0.412391662597656,0.607024312019348,-0.570359349250793
0.64035838842392,-0.178869798779488,1.38257253170013,-0.369711399078369,-0.411670833826065,0.606226861476898,-0.571252703666687
0.640715956687927,-0.178809985518456,1.38262808322906,-0.369185030460358,-0.412411451339722,0.605744361877441,-0.571570575237274
0.640839815139771,-0.178721129894257,1.38275301456451,-0.368922501802444,-0.412622451782227,0.605427920818329,-0.571922957897186
0.640875399112701,-0.17864690721035,1.38282716274261,-0.368779689073563,-0.412632435560226,0.605156481266022,-0.572294890880585
0.641189455986023,-0.17845419049263,1.38312244415283,-0.368332833051682,-0.413033723831177,0.604996621608734,-0.572462260723114
0.641036450862885,-0.178278177976608,1.38328647613525,-0.36846724152565,-0.412396401166916,0.604893505573273,-0.572944223880768
0.641073942184448,-0.178185075521469,1.38339412212372,-0.368353962898254,-0.412329584360123,0.604193985462189,-0.573802590370178
0.641107201576233,-0.178077965974808,1.38347697257996,-0.368383198976517,-0.412526816129684,0.60388457775116,-0.573967754840851
0.641165792942047,-0.177977114915848,1.38356578350067,-0.368142277002335,-0.41267266869545,0.603591918945312,-0.574325323104858
0.641257405281067,-0.178029268980026,1.38367998600006,-0.368364334106445,-0.412207931280136,0.603847324848175,-0.574248075485229
0.641309142112732,-0.177950352430344,1.38379800319672,-0.368399500846863,-0.412526607513428,0.603100180625916,-0.574781715869904
0.641309142112732,-0.177950352430344,1.38379800319672,-0.368399500846863,-0.412526607513428,0.603100180625916,-0.574781715869904
0.641363382339478,-0.177794456481934,1.38399946689606,-0.368385285139084,-0.412521481513977,0.602306723594666,-0.575625896453857
0.641315281391144,-0.177695512771606,1.38400864601135,-0.367648482322693,-0.413049340248108,0.6015265583992,-0.576533496379852
0.641315281391144,-0.177695512771606,1.38400864601135,-0.367648482322693,-0.413049340248108,0.6015265583992,-0.576533496379852
0.64138662815094,-0.177562445402145,1.38417613506317,-0.36752250790596,-0.413181900978088,0.600758075714111,-0.577319383621216
0.641429901123047,-0.177486881613731,1.38424241542816,-0.367372691631317,-0.413311451673508,0.600308060646057,-0.577790021896362
0.641450881958008,-0.177421241998672,1.38432049751282,-0.367418080568314,-0.413675338029861,0.59960001707077,-0.578235626220703
0.641482532024384,-0.177348017692566,1.38438951969147,-0.367253452539444,-0.413633227348328,0.599160194396973,-0.578826129436493
0.641784071922302,-0.17736953496933,1.38448739051819,-0.367383778095245,-0.413623183965683,0.599005877971649,-0.578910291194916
0.641794204711914,-0.177287936210632,1.38456869125366,-0.366766959428787,-0.414530992507935,0.597874701023102,-0.579820573329926
0.641375958919525,-0.177234828472137,1.3842875957489,-0.367235362529755,-0.413793861865997,0.597402632236481,-0.580536842346191
0.641412734985352,-0.177151799201965,1.38438069820404,-0.367114990949631,-0.414085209369659,0.596618592739105,-0.581211030483246
0.641804873943329,-0.176997393369675,1.3847017288208,-0.366287529468536,-0.414814412593841,0.596228241920471,-0.581613600254059
0.641997754573822,-0.177084147930145,1.38492715358734,-0.367330640554428,-0.414392083883286,0.59642106294632,-0.581058919429779
0.641997754573822,-0.177084147930145,1.38492715358734,-0.367330640554428,-0.414392083883286,0.59642106294632,-0.581058919429779
0.641605496406555,-0.176874756813049,1.38468480110168,-0.366387069225311,-0.414549678564072,0.5953129529953,-0.582676231861115
0.641685903072357,-0.176791936159134,1.38478374481201,-0.366134792566299,-0.414755642414093,0.594740271568298,-0.583272993564606
0.6417076587677,-0.176761656999588,1.38484585285187,-0.366115093231201,-0.415101110935211,0.59409362077713,-0.583698332309723
0.6417076587677,-0.176761656999588,1.38484585285187,-0.366115093231201,-0.415101110935211,0.59409362077713,-0.583698332309723
0.641888856887817,-0.176625967025757,1.38486039638519,-0.365512400865555,-0.415691435337067,0.592709124088287,-0.585061848163605
0.642037868499756,-0.176425099372864,1.38524222373962,-0.365221321582794,-0.415982246398926,0.592187941074371,-0.585564434528351
0.642299652099609,-0.176371499896049,1.38538563251495,-0.364710688591003,-0.416531294584274,0.591608881950378,-0.586077332496643
0.642305135726929,-0.176260992884636,1.38544857501984,-0.364597737789154,-0.416701287031174,0.591157495975494,-0.586482346057892
0.642346978187561,-0.176236137747765,1.38551700115204,-0.364557683467865,-0.416745990514755,0.590781807899475,-0.586853802204132
0.642337441444397,-0.176152348518371,1.385586977005,-0.364277452230453,-0.416936278343201,0.590249836444855,-0.587427616119385
0.642368912696838,-0.176121413707733,1.38569581508636,-0.364065438508987,-0.416966319084167,0.589851319789886,-0.587937891483307
0.642549276351929,-0.17579659819603,1.38563585281372,-0.366068214178085,-0.414831310510635,0.591164290904999,-0.586884915828705
0.642632305622101,-0.175747320055962,1.38576030731201,-0.366102665662766,-0.415381401777267,0.589874863624573,-0.587771117687225
0.642722129821777,-0.175696343183517,1.3859076499939,-0.366633653640747,-0.414870947599411,0.590001106262207,-0.587673902511597
0.642667353153229,-0.175594002008438,1.38598728179932,-0.365787833929062,-0.415448188781738,0.589155972003937,-0.588640451431274
0.642487704753876,-0.175636112689972,1.38610112667084,-0.366858780384064,-0.414687991142273,0.589102566242218,-0.588563323020935
0.642450332641602,-0.175573110580444,1.38617742061615,-0.3662029504776,-0.415448576211929,0.587968945503235,-0.589568316936493
0.642533540725708,-0.17549429833889,1.38631629943848,-0.366618275642395,-0.415061622858047,0.587973296642303,-0.58957827091217
0.642564833164215,-0.175437897443771,1.38644099235535,-0.366451323032379,-0.415185242891312,0.587372839450836,-0.590193271636963
0.642624616622925,-0.175327643752098,1.38656413555145,-0.366091728210449,-0.415369629859924,0.58703202009201,-0.590625643730164
0.642665088176727,-0.175299912691116,1.38666701316833,-0.365962743759155,-0.415404558181763,0.58698982000351,-0.590722739696503
0.642586410045624,-0.175233736634254,1.38688397407532,-0.366109192371368,-0.415340274572372,0.586407363414764,-0.59125542640686
0.642586410045624,-0.175233736634254,1.38688397407532,-0.366109192371368,-0.415340274572372,0.586407363414764,-0.59125542640686
0.642293453216553,-0.175242483615875,1.38688707351685,-0.366241961717606,-0.41473114490509,0.585707664489746,-0.592293500900269
0.642399191856384,-0.175258904695511,1.38700318336487,-0.366202294826508,-0.414819329977036,0.58549976348877,-0.592461764812469
0.64288204908371,-0.175019025802612,1.38729333877563,-0.365119487047195,-0.415866792201996,0.584920644760132,-0.592967510223389
0.642948627471924,-0.174973696470261,1.38738012313843,-0.364906460046768,-0.416009396314621,0.584634959697723,-0.593280375003815
0.643020749092102,-0.174919039011002,1.38750696182251,-0.36444228887558,-0.415993720293045,0.584344983100891,-0.593861937522888
0.643135964870453,-0.174856007099152,1.38761949539185,-0.364050954580307,-0.416178345680237,0.584123909473419,-0.594190061092377
0.643119871616364,-0.174766927957535,1.38766658306122,-0.363120943307877,-0.416697204113007,0.583462834358215,-0.595044434070587
0.64317524433136,-0.174685120582581,1.38774156570435,-0.362823069095612,-0.416646152734756,0.583279311656952,-0.59544163942337
0.643283903598785,-0.174590557813644,1.38784921169281,-0.36276912689209,-0.416623681783676,0.583265006542206,-0.595504224300385
0.643363952636719,-0.174539983272552,1.38795101642609,-0.362480252981186,-0.416701704263687,0.582970380783081,-0.59591406583786
0.643496751785278,-0.174460723996162,1.38808870315552,-0.36268150806427,-0.416388988494873,0.583179295063019,-0.595805704593658
0.643555700778961,-0.174368560314178,1.38817858695984,-0.362381935119629,-0.416394174098969,0.583091080188751,-0.596070528030396
0.643616557121277,-0.174309566617012,1.388263463974,-0.362058103084564,-0.416346400976181,0.583143949508667,-0.596248984336853
0.643776834011078,-0.174251422286034,1.38822531700134,-0.361653715372086,-0.416577041149139,0.583205223083496,-0.596273422241211
0.64386510848999,-0.174195021390915,1.38834464550018,-0.361358225345612,-0.416616231203079,0.583147525787354,-0.596481442451477
0.643927395343781,-0.174147129058838,1.38845014572144,-0.361087054014206,-0.416639477014542,0.58306622505188,-0.59670889377594
0.643686592578888,-0.174209788441658,1.38839888572693,-0.361213326454163,-0.416260123252869,0.58284056186676,-0.597117483615875
0.643762946128845,-0.174185827374458,1.38850486278534,-0.360871911048889,-0.416001886129379,0.582973659038544,-0.597374081611633
0.643827557563782,-0.174159079790115,1.38860511779785,-0.360545992851257,-0.41578733921051,0.582951068878174,-0.597742140293121
0.643858730792999,-0.174130350351334,1.38870489597321,-0.360095947980881,-0.415751904249191,0.582810461521149,-0.598174929618835
0.643896579742432,-0.174076318740845,1.38879561424255,-0.359881609678268,-0.415820956230164,0.582695305347443,-0.598368048667908
0.644221484661102,-0.173945501446724,1.38911104202271,-0.359125018119812,-0.416133880615234,0.582769513130188,-0.598532855510712
0.644270181655884,-0.173913329839706,1.3891978263855,-0.358887851238251,-0.416029930114746,0.582741260528564,-0.598774969577789
0.644284844398499,-0.17384460568428,1.3892570734024,-0.358835339546204,-0.415742456912994,0.582846999168396,-0.598903119564056
0.644336223602295,-0.173847436904907,1.38938498497009,-0.358425498008728,-0.415673911571503,0.582924246788025,-0.599120914936066
0.644342064857483,-0.173807233572006,1.38941204547882,-0.358404844999313,-0.415401488542557,0.583022773265839,-0.599226355552673
0.644410610198975,-0.173829525709152,1.38951766490936,-0.358138591051102,-0.415522366762161,0.582949697971344,-0.599372804164886
0.6444171667099,-0.173767194151878,1.38955914974213,-0.358105719089508,-0.415275812149048,0.583065450191498,-0.599450647830963
0.644429981708527,-0.173769518733025,1.38964354991913,-0.357822000980377,-0.415307521820068,0.582676947116852,-0.599975645542145
0.644465744495392,-0.173760890960693,1.3897260427475,-0.357649147510529,-0.415345311164856,0.582961618900299,-0.599776029586792
0.644462406635284,-0.173689872026443,1.38969075679779,-0.357572913169861,-0.415063560009003,0.58310478925705,-0.59987735748291
0.644464910030365,-0.17370679974556,1.38976454734802,-0.357335567474365,-0.415012925863266,0.583059966564178,-0.600097417831421
0.644462645053864,-0.173684999346733,1.38977563381195,-0.357171714305878,-0.414928138256073,0.583084046840668,-0.600229978561401
0.644462645053864,-0.173684999346733,1.38977563381195,-0.357171714305878,-0.414928138256073,0.583084046840668,-0.600229978561401
0.644424140453339,-0.173660010099411,1.38977384567261,-0.356979221105576,-0.414782255887985,0.583062529563904,-0.600466310977936
0.644441485404968,-0.173633113503456,1.38980770111084,-0.356776267290115,-0.414790570735931,0.583097577095032,-0.600547134876251
0.644403994083405,-0.173616707324982,1.38979637622833,-0.356731355190277,-0.414697259664536,0.583166420459747,-0.60057133436203
0.64431494474411,-0.173635378479957,1.38975024223328,-0.356710880994797,-0.414582639932632,0.583172976970673,-0.600656270980835
0.644259393215179,-0.173652574419975,1.3897557258606,-0.356739819049835,-0.414507746696472,0.583234786987305,-0.600630819797516
0.644321262836456,-0.174046844244003,1.38989961147308,-0.357038110494614,-0.414880126714706,0.583132207393646,-0.600295841693878
0.644274115562439,-0.173989772796631,1.38987016677856,-0.357016652822495,-0.414745956659317,0.583288073539734,-0.600249886512756
0.643803536891937,-0.173731133341789,1.38955318927765,-0.357229083776474,-0.413717567920685,0.583591997623444,-0.600537776947021
0.644043743610382,-0.17365089058876,1.38971209526062,-0.356591641902924,-0.414083302021027,0.583765685558319,-0.600495934486389
0.643984436988831,-0.173652410507202,1.38969075679779,-0.356709539890289,-0.414119035005569,0.583968579769135,-0.600203633308411
0.643889546394348,-0.173619151115417,1.38962757587433,-0.35682862997055,-0.414100706577301,0.584113717079163,-0.600004255771637
0.643804311752319,-0.173635393381119,1.38955843448639,-0.356862664222717,-0.414030641317367,0.584190607070923,-0.599957525730133
0.643644511699677,-0.173623472452164,1.38944745063782,-0.356218695640564,-0.414453536272049,0.583811640739441,-0.600417137145996
0.643524348735809,-0.173631578683853,1.38935530185699,-0.35622239112854,-0.41449362039566,0.583540141582489,-0.600651144981384
0.643408596515656,-0.173633277416229,1.38922894001007,-0.356169551610947,-0.414231091737747,0.584098637104034,-0.60032057762146
0.643479645252228,-0.173838436603546,1.38929748535156,-0.357381194829941,-0.41369155049324,0.584887623786926,-0.5992032289505
0.643479645252228,-0.173838436603546,1.38929748535156,-0.357381194829941,-0.41369155049324,0.584887623786926,-0.5992032289505
0.643083810806274,-0.173738092184067,1.38879239559174,-0.356276094913483,-0.414042860269547,0.584218680858612,-0.600270330905914
0.643081307411194,-0.174014031887054,1.3887300491333,-0.357117861509323,-0.413790702819824,0.584202766418457,-0.599959373474121
0.642946183681488,-0.174069434404373,1.38853311538696,-0.357328653335571,-0.413878321647644,0.584370672702789,-0.599609792232513
0.642446219921112,-0.174228370189667,1.38809514045715,-0.357213497161865,-0.413854539394379,0.583436548709869,-0.600603640079498
0.64227306842804,-0.174279749393463,1.38793075084686,-0.357437193393707,-0.413812637329102,0.583363175392151,-0.600570678710938
0.642388820648193,-0.174264252185822,1.38796126842499,-0.357418447732925,-0.414507836103439,0.583737552165985,-0.599737942218781
0.641880393028259,-0.174439206719398,1.38757801055908,-0.358156651258469,-0.414028912782669,0.583534300327301,-0.599826276302338
0.641964673995972,-0.174405336380005,1.38765025138855,-0.358164966106415,-0.414391398429871,0.583701372146606,-0.599408328533173
0.641759216785431,-0.174517154693603,1.38755822181702,-0.358693212270737,-0.414329797029495,0.583671092987061,-0.599164485931396
0.641520798206329,-0.174543768167496,1.38747572898865,-0.359072387218475,-0.414232641458511,0.583608746528625,-0.59906530380249
0.641249060630798,-0.174493357539177,1.38736474514008,-0.359456866979599,-0.413994312286377,0.583651125431061,-0.598958313465118
0.641074538230896,-0.174551635980606,1.3873678445816,-0.360616356134415,-0.413374245166779,0.584104478359222,-0.598247110843658
0.640758097171783,-0.174607992172241,1.38734304904938,-0.361097455024719,-0.413259088993073,0.583964645862579,-0.598172962665558
0.640469551086426,-0.174710139632225,1.3873028755188,-0.36163267493248,-0.413077414035797,0.583890378475189,-0.598047614097595
0.640216052532196,-0.174807637929916,1.38731932640076,-0.36212694644928,-0.413048565387726,0.583899140357971,-0.597759962081909
0.639792501926422,-0.174964860081673,1.38693308830261,-0.36276438832283,-0.412796288728714,0.583504855632782,-0.597932457923889
0.63953024148941,-0.1750258654356,1.38691651821136,-0.363319277763367,-0.412924975156784,0.583398044109344,-0.597611010074615
0.639233350753784,-0.174944072961807,1.38716268539429,-0.362954705953598,-0.413446426391602,0.582896828651428,-0.597960770130157
0.638906717300415,-0.175111040472984,1.38718330860138,-0.363553017377853,-0.413386911153793,0.582796454429626,-0.597736418247223
0.638330340385437,-0.175248950719833,1.38691294193268,-0.364590644836426,-0.412666380405426,0.582822978496552,-0.597576498985291
0.638034462928772,-0.175337627530098,1.38686442375183,-0.365072458982468,-0.412505656480789,0.582875669002533,-0.597341895103455
0.638103485107422,-0.17525851726532,1.38698267936707,-0.364906698465347,-0.412794470787048,0.583188235759735,-0.596938192844391
0.637829303741455,-0.175288140773773,1.38690268993378,-0.365219861268997,-0.412369459867477,0.583800673484802,-0.596441447734833
0.637559831142426,-0.175295248627663,1.38685977458954,-0.36548575758934,-0.412072092294693,0.584227621555328,-0.596066176891327
0.637559831142426,-0.175295248627663,1.38685977458954,-0.36548575758934,-0.412072092294693,0.584227621555328,-0.596066176891327
0.636926889419556,-0.175679415464401,1.38694262504578,-0.364347696304321,-0.413023591041565,0.584309637546539,-0.596024096012115
0.636718273162842,-0.175686001777649,1.38687801361084,-0.364790201187134,-0.412632912397385,0.584900915622711,-0.595443725585938
0.636481761932373,-0.175727471709251,1.38681733608246,-0.365204393863678,-0.412202775478363,0.585465252399445,-0.594932913780212
0.636265993118286,-0.175799608230591,1.38679909706116,-0.365638077259064,-0.411844611167908,0.586001455783844,-0.594386219978333
0.635723471641541,-0.17586612701416,1.3863126039505,-0.366261541843414,-0.410830318927765,0.586500525474548,-0.594212234020233
0.635229051113129,-0.175834715366363,1.38636922836304,-0.367018133401871,-0.409814327955246,0.587444484233856,-0.593514204025269
0.635265290737152,-0.175730228424072,1.38660335540771,-0.366956919431686,-0.409990072250366,0.588379561901093,-0.592503428459167
0.63501363992691,-0.175755009055138,1.38663411140442,-0.367199182510376,-0.409360140562057,0.589101552963257,-0.59207147359848
0.634654641151428,-0.175712585449219,1.38661670684814,-0.367606997489929,-0.408714294433594,0.589840829372406,-0.591528177261353
0.634654641151428,-0.175712585449219,1.38661670684814,-0.367606997489929,-0.408714294433594,0.589840829372406,-0.591528177261353
0.6341472864151,-0.175522416830063,1.38660728931427,-0.368349850177765,-0.407443940639496,0.591618657112122,-0.590165615081787
0.6341472864151,-0.175522416830063,1.38660728931427,-0.368349850177765,-0.407443940639496,0.591618657112122,-0.590165615081787
0.63360333442688,-0.175428360700607,1.38693201541901,-0.369467973709106,-0.405682146549225,0.593753635883331,-0.588533699512482
0.633322715759277,-0.175383880734444,1.38695573806763,-0.369672209024429,-0.404999047517776,0.594681441783905,-0.587939083576202
0.633094608783722,-0.17529970407486,1.3869788646698,-0.369855850934982,-0.404602885246277,0.595537304878235,-0.587229490280151
0.63277941942215,-0.175263181328773,1.38696265220642,-0.369133412837982,-0.404519766569138,0.595807135105133,-0.587467551231384
0.632633090019226,-0.175314173102379,1.38689148426056,-0.369139552116394,-0.404288321733475,0.596332490444183,-0.587089955806732
0.632633090019226,-0.175314173102379,1.38689148426056,-0.369139552116394,-0.404288321733475,0.596332490444183,-0.587089955806732
0.632155239582062,-0.175222098827362,1.3868647813797,-0.36965936422348,-0.403024137020111,0.597925126552582,-0.586011111736298
0.631917059421539,-0.175166964530945,1.38687014579773,-0.369965076446533,-0.402672439813614,0.598481237888336,-0.585492134094238
0.631680130958557,-0.175066590309143,1.38689184188843,-0.370016008615494,-0.402062445878982,0.599002718925476,-0.585345923900604
0.631492614746094,-0.175040006637573,1.38696491718292,-0.370137631893158,-0.401747167110443,0.599569916725159,-0.584904491901398
0.631326854228973,-0.174869745969772,1.38701391220093,-0.370647579431534,-0.400982260704041,0.600283741950989,-0.584374010562897
0.630851686000824,-0.174888983368874,1.38680839538574,-0.371456325054169,-0.400343745946884,0.600533366203308,-0.584041953086853
0.630860447883606,-0.174905940890312,1.38671481609344,-0.371418356895447,-0.400335162878036,0.60080748796463,-0.583789944648743
0.63061797618866,-0.174752280116081,1.38664937019348,-0.371596306562424,-0.399831056594849,0.601138651371002,-0.583681166172028
0.630569577217102,-0.174813389778137,1.38685393333435,-0.373428672552109,-0.398547947406769,0.602145910263062,-0.582349419593811
0.630175888538361,-0.174590796232224,1.38667249679565,-0.372183591127396,-0.399231076240539,0.601394534111023,-0.583454012870789
0.629756152629852,-0.17447230219841,1.38672828674316,-0.372781813144684,-0.39856892824173,0.601475775241852,-0.583441197872162
0.629524827003479,-0.174357548356056,1.38669300079346,-0.373011320829391,-0.398183256387711,0.601571619510651,-0.583458840847015
0.629246652126312,-0.174286901950836,1.38663566112518,-0.373320966959,-0.397985905408859,0.601704180240631,-0.583258986473083
0.628898620605469,-0.174020186066628,1.38653111457825,-0.37310379743576,-0.397654414176941,0.601616561412811,-0.583714067935944
0.628647744655609,-0.173937678337097,1.38651752471924,-0.373291820287704,-0.397331774234772,0.601665675640106,-0.583763003349304
0.628534078598022,-0.173872455954552,1.38642120361328,-0.373009920120239,-0.397039890289307,0.601826429367065,-0.583976030349731
0.6282799243927,-0.173634022474289,1.38698029518127,-0.373382389545441,-0.396755129098892,0.601976156234741,-0.583777129650116
0.628018617630005,-0.173545002937317,1.38699817657471,-0.373587191104889,-0.396402657032013,0.602023124694824,-0.583837151527405
0.627799451351166,-0.17348712682724,1.38701665401459,-0.373797744512558,-0.39612603187561,0.602092981338501,-0.583818256855011
0.627729892730713,-0.173440188169479,1.38687169551849,-0.373594224452972,-0.396111190319061,0.602221250534058,-0.583826005458832
0.627520561218262,-0.173328161239624,1.38686501979828,-0.373765200376511,-0.395752757787704,0.602397620677948,-0.583777844905853
0.626525402069092,-0.173336625099182,1.38680469989777,-0.375365912914276,-0.39423131942749,0.602356791496277,-0.583822250366211
0.626986861228943,-0.173195838928223,1.38712882995605,-0.375245273113251,-0.394296735525131,0.603406012058258,-0.582771241664886
0.626830399036407,-0.173101201653481,1.38715350627899,-0.375446528196335,-0.394170880317688,0.603730022907257,-0.582391142845154
0.626665234565735,-0.172980815172195,1.38716447353363,-0.375424444675446,-0.393768101930618,0.604273438453674,-0.582114219665527
0.626540422439575,-0.172920987010002,1.38718390464783,-0.375565052032471,-0.393505245447159,0.604633331298828,-0.581827342510223
0.626540422439575,-0.172920987010002,1.38718390464783,-0.375565052032471,-0.393505245447159,0.604633331298828,-0.581827342510223
0.626757621765137,-0.17301195859909,1.3876930475235,-0.375317394733429,-0.39412397146225,0.605302691459656,-0.580871760845184
0.626757621765137,-0.17301195859909,1.3876930475235,-0.375317394733429,-0.39412397146225,0.605302691459656,-0.580871760845184
0.625747382640839,-0.172939032316208,1.38701748847961,-0.376618891954422,-0.392049580812454,0.605896592140198,-0.580813884735107
0.625492036342621,-0.172839060425758,1.38701570034027,-0.377068221569061,-0.391231536865234,0.60691499710083,-0.580010056495667
0.625452160835266,-0.172774955630302,1.3869891166687,-0.376965552568436,-0.390825927257538,0.607731580734253,-0.579494953155518
0.625465333461761,-0.172724634408951,1.38699555397034,-0.376823544502258,-0.39078414440155,0.608158469200134,-0.579167664051056
0.625944375991821,-0.172547057271004,1.38721072673798,-0.375940054655075,-0.391378164291382,0.608869016170502,-0.578593671321869
0.62548816204071,-0.172613948583603,1.38694489002228,-0.376636624336243,-0.390547603368759,0.609153926372528,-0.578402042388916
0.625405550003052,-0.172556698322296,1.38685762882233,-0.375832915306091,-0.391005754470825,0.609091579914093,-0.578680813312531
0.625592947006226,-0.172543719410896,1.38662576675415,-0.375379323959351,-0.391115486621857,0.609489738941193,-0.57848197221756
0.625400185585022,-0.172495871782303,1.38671457767487,-0.375835835933685,-0.390655219554901,0.609860956668854,-0.578105390071869
0.625417530536652,-0.17246076464653,1.38664221763611,-0.375802785158157,-0.39054349064827,0.610227048397064,-0.57781583070755
0.625426113605499,-0.172434002161026,1.38657438755035,-0.375785201787949,-0.390355736017227,0.610713183879852,-0.57744026184082
0.625465273857117,-0.172394335269928,1.38649559020996,-0.375811874866486,-0.390243172645569,0.61115550994873,-0.577030956745148
0.625684916973114,-0.172311335802078,1.38625240325928,-0.37536609172821,-0.390342324972153,0.611578404903412,-0.576805830001831
0.62603896856308,-0.172194063663483,1.38637614250183,-0.37482613325119,-0.390838325023651,0.611914932727814,-0.576464056968689
0.626060426235199,-0.172141849994659,1.38630449771881,-0.37488466501236,-0.390799760818481,0.612032890319824,-0.57632702589035
0.626073062419891,-0.172108680009842,1.38622212409973,-0.374994874000549,-0.390885263681412,0.611957013607025,-0.576278150081635
0.626001477241516,-0.172043085098267,1.38629019260406,-0.375376641750336,-0.390792548656464,0.611892998218536,-0.576160252094269
0.626136481761932,-0.172005295753479,1.3860559463501,-0.375205993652344,-0.390957206487656,0.611896872520447,-0.576155602931976
0.626007676124573,-0.171954646706581,1.38612723350525,-0.375643670558929,-0.390917658805847,0.611742973327637,-0.576060712337494
0.626268148422241,-0.171736881136894,1.38639676570892,-0.37540078163147,-0.391402542591095,0.611752569675446,-0.575879633426666
0.625826179981232,-0.171799182891846,1.38601732254028,-0.376428484916687,-0.391031682491302,0.611325323581696,-0.575914204120636
0.626191020011902,-0.171611979603767,1.3861939907074,-0.376033306121826,-0.391732662916183,0.611279666423798,-0.575744330883026
0.626172780990601,-0.171561673283577,1.38609147071838,-0.37633615732193,-0.39176544547081,0.611128568649292,-0.575684726238251
0.626133680343628,-0.171508967876434,1.38601040840149,-0.376568883657455,-0.391813158988953,0.610871553421021,-0.57577258348465
0.626133680343628,-0.171508967876434,1.38601040840149,-0.376568883657455,-0.391813158988953,0.610871553421021,-0.57577258348465
0.625703155994415,-0.171796351671219,1.38513624668121,-0.377499431371689,-0.391716301441193,0.609702289104462,-0.576468288898468
0.625703155994415,-0.171796351671219,1.38513624668121,-0.377499431371689,-0.391716301441193,0.609702289104462,-0.576468288898468
0.625328063964844,-0.171819195151329,1.38432192802429,-0.378122419118881,-0.391592442989349,0.608588397502899,-0.577320337295532
0.625202059745789,-0.171638205647469,1.38490974903107,-0.37859907746315,-0.391632050275803,0.60776674747467,-0.577846705913544
0.62506091594696,-0.171623528003693,1.38477373123169,-0.37886455655098,-0.391653686761856,0.607143580913544,-0.578312754631042
0.624894857406616,-0.171635627746582,1.38466370105743,-0.379260063171387,-0.391743510961533,0.606204211711884,-0.578977882862091
0.624715924263,-0.171739012002945,1.38388860225677,-0.37956777215004,-0.391903042793274,0.605041980743408,-0.579883277416229
0.624516129493713,-0.171779990196228,1.38374781608582,-0.379974126815796,-0.391718327999115,0.604152917861938,-0.580668330192566
0.624302506446838,-0.171799898147583,1.38364470005035,-0.38042277097702,-0.391780704259872,0.603104472160339,-0.581421911716461
0.624033153057098,-0.171821177005768,1.38420629501343,-0.381130427122116,-0.392027944326401,0.601904571056366,-0.582034885883331
0.62395828962326,-0.172067910432815,1.38406383991241,-0.381839603185654,-0.39270493388176,0.600600481033325,-0.582460641860962
0.623724102973938,-0.172077313065529,1.38396525382996,-0.382557421922684,-0.392893463373184,0.599173545837402,-0.583331704139709
0.623724102973938,-0.172077313065529,1.38396525382996,-0.382557421922684,-0.392893463373184,0.599173545837402,-0.583331704139709
0.623283922672272,-0.172385707497597,1.38375997543335,-0.384861588478088,-0.392809510231018,0.596810400485992,-0.584294140338898
0.623018145561218,-0.172571837902069,1.38355851173401,-0.384875148534775,-0.393574893474579,0.595241606235504,-0.585369408130646
0.62297534942627,-0.17286479473114,1.38336718082428,-0.38637512922287,-0.39371794462204,0.594294726848602,-0.585247278213501
0.622906506061554,-0.173069164156914,1.38315045833588,-0.38710817694664,-0.394097238779068,0.593222618103027,-0.585595190525055
0.622868537902832,-0.173170328140259,1.38296008110046,-0.3877312541008,-0.394630610942841,0.592459380626678,-0.585596323013306
0.622242331504822,-0.173575401306152,1.38247621059418,-0.389435768127441,-0.394158452749252,0.591546058654785,-0.58570671081543
0.622119963169098,-0.173663139343262,1.38219106197357,-0.389650493860245,-0.395010530948639,0.590355455875397,-0.58619087934494
0.622553646564484,-0.173922285437584,1.38224399089813,-0.38957291841507,-0.396514892578125,0.590094208717346,-0.585489332675934
0.622554302215576,-0.174071535468102,1.38204598426819,-0.390207499265671,-0.396793812513351,0.590120494365692,-0.584851026535034
0.622329711914062,-0.174262717366219,1.38142549991608,-0.391029596328735,-0.39651745557785,0.590299367904663,-0.584308624267578
0.622610449790955,-0.174300596117973,1.38145852088928,-0.391041070222855,-0.397095441818237,0.590869605541229,-0.583331286907196
0.62233704328537,-0.174433931708336,1.38100183010101,-0.391911387443542,-0.396468341350555,0.591671466827393,-0.582360148429871
0.622409880161285,-0.174443542957306,1.38085043430328,-0.392083615064621,-0.396403700113297,0.592698693275452,-0.581242620944977
0.622457146644592,-0.174302041530609,1.38071095943451,-0.392197728157043,-0.395936250686646,0.594308972358704,-0.579838216304779
0.622443020343781,-0.174191370606422,1.380823969841,-0.393484771251678,-0.394919604063034,0.596130073070526,-0.577786684036255
0.622845232486725,-0.174058794975281,1.38094961643219,-0.391818851232529,-0.395538926124573,0.597088158130646,-0.577505767345428
0.623025000095367,-0.173812344670296,1.38083744049072,-0.391198426485062,-0.39506459236145,0.598236978054047,-0.577061831951141
0.62292891740799,-0.173663407564163,1.38080835342407,-0.391052365303039,-0.394070833921432,0.59900951385498,-0.577039003372192
0.621983587741852,-0.173338085412979,1.38053202629089,-0.391405642032623,-0.391011476516724,0.599726140499115,-0.578135371208191
0.621860325336456,-0.173046439886093,1.38040101528168,-0.391315847635269,-0.388931721448898,0.600593388080597,-0.578698217868805
0.621398448944092,-0.17276905477047,1.38045883178711,-0.390712648630142,-0.386695832014084,0.600641250610352,-0.580551624298096
0.621270895004272,-0.172375500202179,1.38083600997925,-0.389523506164551,-0.385149300098419,0.600354850292206,-0.582671225070953
0.620492875576019,-0.171991303563118,1.3808741569519,-0.388254016637802,-0.383162170648575,0.599668741226196,-0.585528135299683
0.619784772396088,-0.171733006834984,1.38098657131195,-0.387803286314011,-0.380932033061981,0.599006772041321,-0.587954461574554
0.619031071662903,-0.171484261751175,1.38110935688019,-0.387267649173737,-0.378538429737091,0.598475396633148,-0.590389490127563
0.617869198322296,-0.171114861965179,1.38127720355988,-0.387295305728912,-0.375564634799957,0.597399950027466,-0.593352496623993
0.617025911808014,-0.170827686786652,1.3815301656723,-0.387050479650497,-0.3731449842453,0.596439719200134,-0.595998704433441
0.616413950920105,-0.170662209391594,1.3816055059433,-0.386250495910644,-0.37131729722023,0.595371127128601,-0.59872168302536
0.6154865026474,-0.1703200340271,1.38170289993286,-0.386537253856659,-0.369117647409439,0.594346225261688,-0.600910723209381
0.6154865026474,-0.1703200340271,1.38170289993286,-0.386537253856659,-0.369117647409439,0.594346225261688,-0.600910723209381
0.613680303096771,-0.170151740312576,1.38218259811401,-0.388497442007065,-0.364002734422684,0.592678606510162,-0.604403793811798
0.612937092781067,-0.169618159532547,1.38223195075989,-0.388165414333344,-0.362956464290619,0.592021703720093,-0.605888247489929
0.612510740756989,-0.16920593380928,1.3829094171524,-0.387853533029556,-0.361908435821533,0.591268479824066,-0.607448518276215
0.612120151519775,-0.169327959418297,1.38337326049805,-0.388991981744766,-0.362773060798645,0.591477036476135,-0.605999886989594
0.611728549003601,-0.169051826000214,1.38378751277924,-0.390084266662598,-0.362107515335083,0.59186053276062,-0.605320990085602
0.611361503601074,-0.168427884578705,1.38390779495239,-0.390754759311676,-0.361261606216431,0.592715620994568,-0.604556858539581
0.610769867897034,-0.16819728910923,1.38396537303925,-0.39237979054451,-0.360581487417221,0.593231976032257,-0.603403031826019
0.611026585102081,-0.167856439948082,1.38462460041046,-0.393182873725891,-0.361726611852646,0.594669938087463,-0.600773394107819
0.61089164018631,-0.167478889226913,1.38492393493652,-0.394420832395554,-0.362729758024216,0.596442759037018,-0.597591578960419
0.610426723957062,-0.166934370994568,1.38513255119324,-0.396275907754898,-0.362327396869659,0.598189771175385,-0.594855666160583
0.610426723957062,-0.166934370994568,1.38513255119324,-0.396275907754898,-0.362327396869659,0.598189771175385,-0.594855666160583
0.609643876552582,-0.166236490011215,1.38516712188721,-0.400272846221924,-0.362752705812454,0.602491557598114,-0.587534010410309
0.609973132610321,-0.165611833333969,1.3854466676712,-0.401235401630402,-0.363300442695618,0.605949819087982,-0.582964897155762
0.610066175460815,-0.164853572845459,1.38535404205322,-0.401685655117035,-0.364541620016098,0.60881108045578,-0.578884720802307
0.609353065490723,-0.164130449295044,1.38516688346863,-0.40504053235054,-0.363212585449219,0.612428724765778,-0.573541522026062
0.609762728214264,-0.16348859667778,1.38533329963684,-0.4047971367836,-0.365824639797211,0.615610957145691,-0.568625509738922
0.609421491622925,-0.162708461284637,1.38531303405762,-0.408130288124084,-0.365272641181946,0.619641423225403,-0.562183558940887
0.608631491661072,-0.161961480975151,1.38490736484528,-0.409958958625793,-0.365715205669403,0.622322142124176,-0.557585299015045
0.608903527259827,-0.160995781421661,1.38500714302063,-0.410890877246857,-0.366468608379364,0.625781893730164,-0.552509367465973
0.608534693717957,-0.160405963659286,1.38454163074493,-0.412400394678116,-0.366596579551697,0.628837466239929,-0.547810673713684
0.608044683933258,-0.15941795706749,1.38433575630188,-0.413277924060821,-0.366226762533188,0.631316125392914,-0.544535994529724
0.607376575469971,-0.15849494934082,1.38411581516266,-0.41303825378418,-0.365446269512177,0.633357763290405,-0.542868793010712
0.606694102287292,-0.157702326774597,1.38368999958038,-0.413911640644073,-0.363124847412109,0.635555446147919,-0.541190266609192
0.605552196502686,-0.156600028276443,1.38384568691254,-0.41441935300827,-0.360452592372894,0.637481868267059,-0.540321707725525
0.604835152626038,-0.155644983053207,1.38360357284546,-0.413117051124573,-0.359360367059708,0.638708531856537,-0.540597796440125
0.604530930519104,-0.154695063829422,1.38397371768951,-0.412796199321747,-0.357264697551727,0.64083456993103,-0.539714992046356
0.603073418140411,-0.153804615139961,1.38405573368073,-0.413638979196548,-0.354138225317001,0.64186954498291,-0.539900422096252
0.602238178253174,-0.152899771928787,1.38422322273254,-0.412732601165771,-0.352177232503891,0.643013119697571,-0.540515899658203
0.602073073387146,-0.152097806334495,1.38471329212189,-0.410556972026825,-0.350759238004684,0.644052863121033,-0.541855156421661
0.602073073387146,-0.152097806334495,1.38471329212189,-0.410556972026825,-0.350759238004684,0.644052863121033,-0.541855156421661
0.599781394004822,-0.150249272584915,1.3853896856308,-0.411069124937057,-0.344929605722427,0.645452976226807,-0.543540716171265
