x,y,z,q0,q1,q2,q3
0.638861238956451,0.289531499147415,1.16075623035431,0.460105508565903,0.577526688575745,0.317934393882751,-0.594713032245636
0.638574540615082,0.289420515298843,1.16069996356964,0.459374308586121,0.577929317951202,0.317382544279099,-0.59518176317215
0.638509929180145,0.289165467023849,1.16065776348114,0.458535879850388,0.578190207481384,0.316606372594833,-0.595987796783447
0.638465464115143,0.289086729288101,1.16067659854889,0.458568811416626,0.578213453292847,0.316418200731277,-0.596039652824402
0.638426601886749,0.288829207420349,1.16068696975708,0.45733368396759,0.578301548957825,0.316155672073364,-0.597041666507721
0.638387024402618,0.288809835910797,1.16074466705322,0.459502011537552,0.577956259250641,0.316894173622131,-0.595317244529724
0.638322412967682,0.288720965385437,1.16071319580078,0.459273219108581,0.578116297721863,0.316402763128281,-0.595599710941315
0.638275265693665,0.288618266582489,1.16071832180023,0.459106951951981,0.578199684619904,0.316028952598572,-0.595845460891724
0.638213992118835,0.288530766963959,1.16071248054504,0.459042131900787,0.578287184238434,0.315773129463196,-0.595946073532104
0.638156831264496,0.288423359394073,1.16071915626526,0.458981722593307,0.578316390514374,0.31559619307518,-0.596057951450348
0.638188183307648,0.288375169038773,1.16072487831116,0.459087342023849,0.578259468078613,0.315208494663239,-0.596237003803253
0.638148844242096,0.2883081138134,1.16072821617126,0.459099024534225,0.578249037265778,0.314910799264908,-0.596395552158356
0.63808536529541,0.288208782672882,1.16071856021881,0.458928257226944,0.578299105167389,0.314630329608917,-0.596626222133636
0.63796055316925,0.287815123796463,1.16059064865112,0.45865324139595,0.578220903873444,0.31477090716362,-0.596839249134064
0.637916326522827,0.287721484899521,1.16058778762817,0.458514779806137,0.578285217285156,0.314430028200149,-0.597062945365906
0.637883543968201,0.28757244348526,1.16054546833038,0.459180325269699,0.578056633472443,0.314938962459564,-0.596504330635071
0.637073814868927,0.286787629127502,1.16033089160919,0.45790696144104,0.578625202178955,0.315595775842667,-0.596584737300873
0.637097358703613,0.286722928285599,1.1603296995163,0.458030998706818,0.578545093536377,0.315490037202835,-0.596623063087463
0.637010872364044,0.286508560180664,1.16040110588074,0.457851648330688,0.578564286231995,0.315506458282471,-0.596733629703522
0.635632038116455,0.286747634410858,1.16073131561279,0.456784069538116,0.580345928668976,0.315498381853104,-0.595825254917145
0.636999487876892,0.286347895860672,1.16037106513977,0.457910686731339,0.578538060188293,0.315210670232773,-0.596869945526123
0.635610938072205,0.286595344543457,1.16067826747894,0.456843107938766,0.580362737178802,0.315189480781555,-0.595927059650421
0.635634541511536,0.286579757928848,1.16069221496582,0.456388562917709,0.580468595027924,0.314534842967987,-0.596517860889435
0.635567724704742,0.286457002162933,1.16065943241119,0.456368684768677,0.580493271350861,0.314508557319641,-0.596522927284241
0.635583877563477,0.28636971116066,1.16063046455383,0.456455320119858,0.580427646636963,0.314433813095093,-0.596560001373291
0.635534465312958,0.286290407180786,1.16060054302216,0.456453740596771,0.580519497394562,0.314292430877685,-0.596546173095703
0.635516762733459,0.286167681217194,1.16055369377136,0.457405865192413,0.580273866653442,0.315107375383377,-0.595625400543213
0.635530412197113,0.286086797714233,1.1605851650238,0.457412600517273,0.580266714096069,0.315067142248154,-0.595648467540741
0.635524690151215,0.286005049943924,1.16057085990906,0.457303106784821,0.580374360084534,0.314899742603302,-0.595716297626495
0.635500609874725,0.286010205745697,1.16047596931458,0.457324683666229,0.580476582050323,0.314755946397781,-0.595675885677338
0.635483086109161,0.28596043586731,1.16044688224792,0.457318782806396,0.580633997917175,0.314706087112427,-0.595553398132324
0.635456681251526,0.2859827876091,1.1602691411972,0.457432746887207,0.580719113349915,0.314604490995407,-0.59543651342392
0.635452270507812,0.285945773124695,1.16025567054749,0.457394272089005,0.580798149108887,0.314552962779999,-0.59541642665863
0.635428726673126,0.285748958587646,1.16038823127747,0.457084208726883,0.580848276615143,0.314582616090774,-0.595589697360992
0.635410666465759,0.28576448559761,1.16028475761414,0.457138180732727,0.580970227718353,0.314531415700912,-0.595456480979919
0.635415196418762,0.28556153178215,1.16046893596649,0.456893444061279,0.58095920085907,0.314657986164093,-0.595588088035583
0.636369526386261,0.284962594509125,1.1599223613739,0.4575275182724,0.57953405380249,0.31492817401886,-0.596346378326416
0.636782288551331,0.285121232271194,1.16004681587219,0.458034723997116,0.579222977161407,0.314727276563644,-0.596365332603455
0.636793792247772,0.285021513700485,1.16015410423279,0.45786651968956,0.579279661178589,0.314710557460785,-0.596448421478271
0.636745095252991,0.284960448741913,1.16015756130219,0.457700729370117,0.579409301280975,0.314763128757477,-0.596422016620636
0.636738359928131,0.285044074058533,1.16001892089844,0.457882910966873,0.579483270645142,0.314807415008545,-0.596186816692352
0.636722087860107,0.284882992506027,1.16016006469727,0.457431942224503,0.579644501209259,0.314703702926636,-0.596430897712708
0.636699616909027,0.284863352775574,1.16021299362183,0.457412481307983,0.579716384410858,0.314809948205948,-0.59632009267807
0.63670825958252,0.284860879182815,1.16019117832184,0.457231342792511,0.579840540885925,0.31466069817543,-0.596417009830475
0.636655867099762,0.284813463687897,1.16018772125244,0.457121729850769,0.579914093017578,0.314770400524139,-0.59637188911438
0.636665105819702,0.284892916679382,1.1601197719574,0.457147032022476,0.579991221427917,0.314681351184845,-0.596324145793915
0.636630415916443,0.284808367490768,1.16022527217865,0.455594331026077,0.580715775489807,0.313310414552689,-0.597528100013733
0.636636912822723,0.284862756729126,1.16014814376831,0.455626994371414,0.580754041671753,0.313266336917877,-0.597489058971405
0.636627197265625,0.284787654876709,1.1602349281311,0.455428928136826,0.580781519412994,0.313344061374664,-0.597572505474091
0.636603593826294,0.28477156162262,1.16023254394531,0.455370366573334,0.580784559249878,0.313422203063965,-0.597573220729828
0.63657134771347,0.28480052947998,1.16025018692017,0.454670250415802,0.580989956855774,0.312919050455093,-0.598169922828674
0.636600315570831,0.284820109605789,1.16026437282562,0.45465075969696,0.580955684185028,0.31304931640625,-0.598149955272675
0.636556148529053,0.284734398126602,1.16022312641144,0.455152243375778,0.580772757530212,0.313710957765579,-0.597599267959595
0.636552095413208,0.284736812114716,1.1602156162262,0.455142289400101,0.58071631193161,0.3138507604599,-0.597588360309601
0.636496365070343,0.2846839427948,1.16020858287811,0.456347107887268,0.580056965351105,0.315443336963654,-0.59647011756897
0.636481106281281,0.284672379493713,1.16022348403931,0.45630544424057,0.580006897449493,0.315564304590225,-0.596486926078796
0.636484026908875,0.284683644771576,1.1602087020874,0.456301748752594,0.579938173294067,0.315680980682373,-0.596494913101196
0.636449098587036,0.284756541252136,1.16012609004974,0.456307649612427,0.579964697360992,0.315757274627685,-0.596424043178558
0.636479377746582,0.28468781709671,1.16019308567047,0.456237286329269,0.579813599586487,0.315940976142883,-0.596527576446533
0.636503517627716,0.284688740968704,1.16023397445679,0.456415086984634,0.579624772071838,0.316304177045822,-0.596382558345795
0.636488795280457,0.284687519073486,1.16020750999451,0.456354826688766,0.579595685005188,0.316374152898788,-0.596419751644135
0.636451244354248,0.284697949886322,1.16019225120544,0.456127792596817,0.579597294330597,0.316345691680908,-0.596606969833374
0.636458218097687,0.284745782613754,1.16023576259613,0.455166697502136,0.579794585704803,0.315633744001388,-0.597525656223297
0.636464774608612,0.284732460975647,1.16023397445679,0.455061078071594,0.579710781574249,0.315730720758438,-0.597636163234711
0.636461973190308,0.284732937812805,1.16023027896881,0.45512717962265,0.579556703567505,0.315966367721558,-0.597610831260681
0.636445820331573,0.284721732139587,1.16023313999176,0.455125123262405,0.5794957280159,0.316079080104828,-0.597611844539642
0.63651317358017,0.284750521183014,1.1602703332901,0.455144494771957,0.57941460609436,0.315947622060776,-0.597745180130005
0.63651317358017,0.284750521183014,1.1602703332901,0.455144494771957,0.57941460609436,0.315947622060776,-0.597745180130005
0.63644278049469,0.284796565771103,1.16015040874481,0.45520481467247,0.579388976097107,0.316113352775574,-0.597636580467224
0.636505424976349,0.28474834561348,1.16025972366333,0.455239683389664,0.579213798046112,0.316236168146133,-0.597714841365814
0.63645601272583,0.284744441509247,1.16026556491852,0.455304622650146,0.579172313213348,0.316362977027893,-0.597638189792633
0.636472165584564,0.284723430871964,1.16030013561249,0.455339848995209,0.579089820384979,0.316407889127731,-0.597667634487152
0.636416137218475,0.284693151712418,1.16027247905731,0.455168604850769,0.57916247844696,0.316354483366013,-0.597756087779999
0.636447787284851,0.284719377756119,1.16030240058899,0.455240547657013,0.579101383686066,0.316241174936295,-0.597820460796356
0.636467456817627,0.284677088260651,1.16030240058899,0.455879747867584,0.578854739665985,0.316796243190765,-0.597277939319611
0.636466205120087,0.284681499004364,1.16029274463654,0.455929845571518,0.578817427158356,0.316812217235565,-0.59726744890213
0.636476218700409,0.284724175930023,1.16032242774963,0.455393403768539,0.578941643238068,0.316248625516891,-0.597854912281036
0.63643342256546,0.284637272357941,1.16029500961304,0.455933213233948,0.578779578208923,0.316807597875595,-0.597304046154022
0.636437118053436,0.2846440076828,1.16028809547424,0.456009685993195,0.578745424747467,0.316797733306885,-0.597284018993378
0.63644152879715,0.284690141677856,1.16031324863434,0.455479145050049,0.57889050245285,0.316222161054611,-0.597853124141693
0.636441111564636,0.284689128398895,1.1603057384491,0.455520242452621,0.578861236572266,0.316228747367859,-0.597846686840057
0.63645601272583,0.284676313400268,1.16027975082397,0.455493599176407,0.578859090805054,0.316093295812607,-0.597940623760223
0.63645601272583,0.284676313400268,1.16027975082397,0.455493599176407,0.578859090805054,0.316093295812607,-0.597940623760223
0.636488735675812,0.284766852855682,1.16019773483276,0.455822795629501,0.578774333000183,0.316024571657181,-0.597807943820953
0.636458992958069,0.284651577472687,1.16027700901031,0.455734997987747,0.578744947910309,0.31610569357872,-0.597860217094421
0.636453568935394,0.284721851348877,1.16014790534973,0.455868810415268,0.578796982765198,0.315894365310669,-0.597819805145264
0.636439979076385,0.284703612327576,1.16013550758362,0.455900996923447,0.578799247741699,0.315844714641571,-0.59781938791275
0.636442840099335,0.284693896770477,1.16012382507324,0.455915510654449,0.578815519809723,0.315779566764831,-0.597826898097992
0.636442840099335,0.284693896770477,1.16012382507324,0.455915510654449,0.578815519809723,0.315779566764831,-0.597826898097992
0.63642680644989,0.28456774353981,1.16022598743439,0.456507921218872,0.578594863414764,0.316149920225143,-0.597392499446869
0.636353075504303,0.28452530503273,1.16020750999451,0.456439435482025,0.578662514686584,0.316145151853561,-0.597381830215454
0.63636726140976,0.284464508295059,1.16014981269836,0.456888794898987,0.578552842140198,0.316461592912674,-0.59697687625885
0.63635128736496,0.284462869167328,1.16014325618744,0.456887751817703,0.578590750694275,0.316399306058884,-0.596973955631256
0.636293649673462,0.284433156251907,1.16015625,0.456917881965637,0.578614234924316,0.316427737474441,-0.596913039684296
0.636293649673462,0.284433156251907,1.16015625,0.456917881965637,0.578614234924316,0.316427737474441,-0.596913039684296
0.636217355728149,0.284406721591949,1.16009938716888,0.456737488508224,0.578739404678345,0.316202402114868,-0.597049236297607
0.636160969734192,0.284388899803162,1.16007113456726,0.456644773483276,0.578851699829102,0.315996438264847,-0.597120225429535
0.636112868785858,0.284310013055801,1.1600261926651,0.454893112182617,0.579149067401886,0.315209865570068,-0.598582923412323
0.636104047298431,0.284315526485443,1.16002440452576,0.454945892095566,0.579143226146698,0.315168708562851,-0.598570048809052
0.636027157306671,0.284295678138733,1.15999472141266,0.454881727695465,0.57921701669693,0.315068513154984,-0.598600029945374
0.636025965213776,0.284360080957413,1.16002798080444,0.45660662651062,0.578884243965149,0.315663278102875,-0.597294211387634
0.636025965213776,0.284360080957413,1.16002798080444,0.45660662651062,0.578884243965149,0.315663278102875,-0.597294211387634
0.63598644733429,0.28433620929718,1.15998530387878,0.456479877233505,0.578960239887238,0.315515786409378,-0.597395241260529
0.635951161384583,0.28433883190155,1.15995156764984,0.456461489200592,0.578996419906616,0.315408229827881,-0.597430944442749
0.635891377925873,0.284278303384781,1.1599223613739,0.454882085323334,0.579258382320404,0.314694911241531,-0.598756432533264
0.635898411273956,0.284342527389526,1.15990352630615,0.456445217132568,0.579018533229828,0.315142273902893,-0.597562313079834
0.63584291934967,0.284280121326446,1.1598926782608,0.454881906509399,0.579227805137634,0.314602702856064,-0.59883451461792
0.635844051837921,0.284362494945526,1.15988516807556,0.456519693136215,0.578951358795166,0.314970344305038,-0.597661375999451
0.635802924633026,0.284347116947174,1.15986216068268,0.456537693738937,0.578960955142975,0.315008819103241,-0.597617924213409
0.635730564594269,0.284322738647461,1.15983366966248,0.456373423337936,0.579016447067261,0.314827501773834,-0.59778505563736
0.635722696781158,0.284325987100601,1.1598014831543,0.456413447856903,0.578986704349518,0.31476679444313,-0.597815454006195
0.635719478130341,0.284377157688141,1.15977692604065,0.455644190311432,0.57923412322998,0.313911288976669,-0.59861171245575
0.635691046714783,0.284380048513412,1.15974581241608,0.455657720565796,0.579227983951569,0.313885718584061,-0.598620772361755
0.635684013366699,0.284367591142654,1.15972650051117,0.455626785755157,0.57922089099884,0.313813328742981,-0.598689079284668
0.635643601417542,0.284377545118332,1.15969181060791,0.455651849508286,0.579233586788177,0.313839077949524,-0.598644316196442
0.635613918304443,0.284371376037598,1.15966594219208,0.455626308917999,0.579230427742004,0.313839286565781,-0.598666667938232
0.635624349117279,0.284381538629532,1.15966379642487,0.455631256103516,0.579232573509216,0.313789129257202,-0.598687052726746
0.635596096515656,0.284368842840195,1.15964150428772,0.455523133277893,0.579288125038147,0.313737571239471,-0.598742604255676
0.635596096515656,0.284368842840195,1.15964150428772,0.455523133277893,0.579288125038147,0.313737571239471,-0.598742604255676
0.635568618774414,0.284378528594971,1.15961480140686,0.455516964197159,0.579273343086243,0.313749581575394,-0.598755419254303
0.635551810264587,0.284376978874206,1.15959501266479,0.455435961484909,0.579348385334015,0.313698649406433,-0.598771095275879
0.635528743267059,0.284382253885269,1.1595846414566,0.455406337976456,0.579379320144653,0.313730865716934,-0.5987468957901
0.63549268245697,0.284380346536636,1.15956270694733,0.455339670181274,0.579441487789154,0.313734710216522,-0.598735272884369
0.635492205619812,0.284394025802612,1.15956211090088,0.455304831266403,0.579462885856628,0.313709735870361,-0.598754107952118
0.635493218898773,0.284392714500427,1.15952932834625,0.455406039953232,0.579488337039948,0.313957184553146,-0.59852260351181
0.635460555553436,0.284344643354416,1.15949642658234,0.455792725086212,0.579416155815125,0.314460635185242,-0.598033726215363
0.635455071926117,0.284370571374893,1.15946996212006,0.455747365951538,0.579466700553894,0.314427435398102,-0.598036825656891
0.635915040969849,0.285047292709351,1.1596862077713,0.456479430198669,0.579428017139435,0.313714891672134,-0.597890198230743
0.635996639728546,0.28492659330368,1.15962278842926,0.4564009308815,0.579318284988403,0.31385126709938,-0.597984969615936
0.636005520820618,0.284968644380569,1.15957677364349,0.456363409757614,0.579375088214874,0.313788682222366,-0.597991347312927
0.636005520820618,0.284968644380569,1.15957677364349,0.456363409757614,0.579375088214874,0.313788682222366,-0.597991347312927
0.634059548377991,0.284830629825592,1.15972590446472,0.454281508922577,0.581712603569031,0.314527809619904,-0.596918165683746
0.634059548377991,0.284830629825592,1.15972590446472,0.454281508922577,0.581712603569031,0.314527809619904,-0.596918165683746
0.634068727493286,0.284864217042923,1.15967285633087,0.454197645187378,0.581792950630188,0.314582616090774,-0.596874713897705
0.63404381275177,0.284898489713669,1.15963852405548,0.45411491394043,0.581901907920837,0.314618319272995,-0.59681248664856
0.634033143520355,0.285006672143936,1.15950548648834,0.454124599695206,0.582034766674042,0.314480811357498,-0.596747994422913
0.634033143520355,0.285006672143936,1.15950548648834,0.454124599695206,0.582034766674042,0.314480811357498,-0.596747994422913
0.633975923061371,0.285032272338867,1.15942120552063,0.453900009393692,0.582287549972534,0.314590603113174,-0.596614599227905
0.633973658084869,0.285098254680633,1.15939486026764,0.45348659157753,0.582454860210419,0.314249813556671,-0.596944987773895
0.633975923061371,0.285097151994705,1.15938067436218,0.453273624181747,0.582570970058441,0.314260184764862,-0.596988081932068
0.633969306945801,0.285051226615906,1.15935087203979,0.45360741019249,0.582535743713379,0.314735978841782,-0.596517980098724
0.633969306945801,0.285051226615906,1.15935087203979,0.45360741019249,0.582535743713379,0.314735978841782,-0.596517980098724
0.633993268013,0.284918129444122,1.15944802761078,0.452925205230713,0.582662045955658,0.314573854207992,-0.596998274326324
0.633930385112762,0.284899830818176,1.15940129756927,0.452754080295563,0.582815647125244,0.314628034830093,-0.596949636936188
0.633838534355164,0.284889250993729,1.15932762622833,0.452568769454956,0.583054423332214,0.314897865056992,-0.596714675426483
0.633825123310089,0.284910410642624,1.15929186344147,0.452489644289017,0.583135306835175,0.314925283193588,-0.596681177616119
0.633825123310089,0.284910410642624,1.15929186344147,0.452489644289017,0.583135306835175,0.314925283193588,-0.596681177616119
0.63381040096283,0.284886807203293,1.1595276594162,0.452626496553421,0.583067774772644,0.315530270338058,-0.596323728561401
0.633789122104645,0.284889042377472,1.15950012207031,0.452536255121231,0.583159327507019,0.315549075603485,-0.596292674541473
0.633772313594818,0.284921944141388,1.15948390960693,0.452497065067291,0.583217620849609,0.315602779388428,-0.596236944198608
0.633696615695953,0.285073757171631,1.15906405448914,0.452376961708069,0.58350670337677,0.315239459276199,-0.596237480640411
0.633646070957184,0.285189747810364,1.15908443927765,0.451374500989914,0.583895266056061,0.314368367195129,-0.597076296806335
0.633555173873901,0.285174012184143,1.15907061100006,0.451233893632889,0.583990097045898,0.314456105232239,-0.597043514251709
0.633555173873901,0.285174012184143,1.15907061100006,0.451233893632889,0.583990097045898,0.314456105232239,-0.597043514251709
0.633428573608398,0.285186409950256,1.15896558761597,0.451240718364716,0.584120869636536,0.314742624759674,-0.596759557723999
0.633414030075073,0.28516098856926,1.15908408164978,0.451136201620102,0.584106028079987,0.314883977174759,-0.596778452396393
0.633414030075073,0.28516098856926,1.15908408164978,0.451136201620102,0.584106028079987,0.314883977174759,-0.596778452396393
0.635498106479645,0.28584897518158,1.15904605388641,0.454102277755737,0.581698775291443,0.314215868711472,-0.597232043743134
0.635354816913605,0.285837292671204,1.15901827812195,0.453924059867859,0.581837356090546,0.314201951026917,-0.597239971160889
0.635287761688232,0.285926133394241,1.15890836715698,0.45398411154747,0.581875324249268,0.314113974571228,-0.59720367193222
0.635287761688232,0.285926133394241,1.15890836715698,0.45398411154747,0.581875324249268,0.314113974571228,-0.59720367193222
0.635222434997559,0.285959899425507,1.15890765190125,0.453797221183777,0.581911504268646,0.313837140798569,-0.597455859184265
0.635062336921692,0.285766959190369,1.15888524055481,0.452979981899261,0.582094609737396,0.313467532396316,-0.598091244697571
0.634981572628021,0.285971879959106,1.15869283676147,0.453409641981125,0.581995010375977,0.313507616519928,-0.597841739654541
0.634909391403198,0.285969525575638,1.1585441827774,0.454480797052383,0.581687211990356,0.314350008964539,-0.596884608268738
0.634909391403198,0.285969525575638,1.1585441827774,0.454480797052383,0.581687211990356,0.314350008964539,-0.596884608268738
0.634591400623322,0.285861492156982,1.15850627422333,0.45402792096138,0.581897020339966,0.314374536275864,-0.597011923789978
0.63452821969986,0.286002397537231,1.15856182575226,0.454749763011932,0.58160537481308,0.314779579639435,-0.596533179283142
0.634383380413055,0.286046504974365,1.15852403640747,0.454725950956345,0.581574678421021,0.314513444900513,-0.596721470355988
0.634309530258179,0.286044806241989,1.15850698947906,0.454755008220673,0.581532597541809,0.314508944749832,-0.596742808818817
0.634309530258179,0.286044806241989,1.15850698947906,0.454755008220673,0.581532597541809,0.314508944749832,-0.596742808818817
0.634235978126526,0.285997033119202,1.15855479240417,0.454668998718262,0.581493556499481,0.314433157444,-0.596886456012726
0.634172141551971,0.286051541566849,1.15847182273865,0.454840362071991,0.581423580646515,0.314418762922287,-0.596831440925598
0.6341153383255,0.286107182502747,1.15851521492004,0.454992175102234,0.581361174583435,0.314313560724258,-0.596831917762756
0.634046196937561,0.286125630140305,1.15849947929382,0.455044806003571,0.581305027008057,0.314200580120087,-0.596905887126923
0.632842719554901,0.285218060016632,1.15822386741638,0.452949911355972,0.582193911075592,0.314656108617783,-0.597392857074738
0.632842719554901,0.285218060016632,1.15822386741638,0.452949911355972,0.582193911075592,0.314656108617783,-0.597392857074738
0.63266921043396,0.285173714160919,1.1581746339798,0.451176047325134,0.582402348518372,0.313600957393646,-0.599084436893463
0.63266921043396,0.285173714160919,1.1581746339798,0.451176047325134,0.582402348518372,0.313600957393646,-0.599084436893463
0.633528530597687,0.286130100488663,1.15844655036926,0.453194200992584,0.581371784210205,0.312715798616409,-0.599024891853333
0.633528530597687,0.286130100488663,1.15844655036926,0.453194200992584,0.581371784210205,0.312715798616409,-0.599024891853333
0.633408427238464,0.286211669445038,1.15857625007629,0.455563396215439,0.580806374549866,0.313621938228607,-0.597300052642822
0.632148027420044,0.285288333892822,1.15832877159119,0.453899532556534,0.581614315509796,0.314743757247925,-0.597190499305725
0.633003532886505,0.28621843457222,1.15849411487579,0.454702347517013,0.581224799156189,0.312666565179825,-0.598049461841583
0.633003532886505,0.28621843457222,1.15849411487579,0.454702347517013,0.581224799156189,0.312666565179825,-0.598049461841583
0.632848680019379,0.286092162132263,1.15839350223541,0.454232454299927,0.581379115581512,0.312116771936417,-0.598543465137482
0.632848680019379,0.286092162132263,1.15839350223541,0.454232454299927,0.581379115581512,0.312116771936417,-0.598543465137482
0.632701814174652,0.286095917224884,1.15836954116821,0.454396635293961,0.581320226192474,0.312036424875259,-0.598517954349518
0.632701814174652,0.286095917224884,1.15836954116821,0.454396635293961,0.581320226192474,0.312036424875259,-0.598517954349518
0.63262802362442,0.285944938659668,1.15829122066498,0.453168004751205,0.581339716911316,0.311934590339661,-0.599482893943787
0.632509350776672,0.286038517951965,1.15827298164368,0.455499351024628,0.58097904920578,0.312686443328857,-0.597671389579773
0.632509350776672,0.286038517951965,1.15827298164368,0.455499351024628,0.58097904920578,0.312686443328857,-0.597671389579773
0.632445633411407,0.28603133559227,1.15825772285461,0.455532491207123,0.580959022045135,0.312649458646774,-0.597684979438782
0.632378697395325,0.286015838384628,1.15821802616119,0.455250144004822,0.581143915653229,0.312231093645096,-0.597938716411591
0.632243096828461,0.285980880260467,1.15822339057922,0.45536345243454,0.581066608428955,0.312304794788361,-0.597889125347137
0.632243096828461,0.285980880260467,1.15822339057922,0.45536345243454,0.581066608428955,0.312304794788361,-0.597889125347137
0.632158041000366,0.285916388034821,1.15828132629395,0.455297470092773,0.581059038639069,0.312387406826019,-0.597903728485107
0.632082164287567,0.285895496606827,1.15827584266663,0.455261707305908,0.581115484237671,0.312338322401047,-0.597901821136475
0.6319580078125,0.286081969738007,1.15837025642395,0.455399513244629,0.580978870391846,0.312303125858307,-0.597947955131531
0.6319580078125,0.286081969738007,1.15837025642395,0.455399513244629,0.580978870391846,0.312303125858307,-0.597947955131531
0.631895363330841,0.285768091678619,1.1584837436676,0.454487651586533,0.581179141998291,0.312021672725677,-0.598593652248383
0.629722893238068,0.285279452800751,1.15857219696045,0.452243030071258,0.583326578140259,0.313207924365997,-0.597584426403046
0.629664421081543,0.285305321216583,1.15858697891235,0.452241867780685,0.583434343338013,0.31320995092392,-0.597479104995728
0.62958025932312,0.285221189260483,1.15857183933258,0.45284640789032,0.583242833614349,0.313906282186508,-0.596842467784882
0.631377816200256,0.285576969385147,1.15846490859985,0.454864174127579,0.581254422664642,0.313143581151962,-0.597647845745087
0.631235897541046,0.285909205675125,1.15836334228516,0.45575362443924,0.581134498119354,0.313490092754364,-0.596904754638672
0.631235897541046,0.285909205675125,1.15836334228516,0.45575362443924,0.581134498119354,0.313490092754364,-0.596904754638672
0.630803167819977,0.28543084859848,1.1581666469574,0.454730361700058,0.581443250179291,0.313793987035751,-0.597224950790405
0.630786895751953,0.285369545221329,1.15860414505005,0.455162197351456,0.58107990026474,0.314537167549133,-0.596858501434326
0.630720317363739,0.28538778424263,1.15858781337738,0.455059111118317,0.581143260002136,0.314451396465302,-0.596920549869537
0.630633533000946,0.285383224487305,1.1585932970047,0.454981178045273,0.581153213977814,0.314532250165939,-0.59692770242691
0.630567312240601,0.285393208265305,1.15859246253967,0.454958438873291,0.581135511398315,0.314620435237885,-0.596915662288666
0.630537748336792,0.28541511297226,1.15859270095825,0.454966008663177,0.581101298332214,0.314636617898941,-0.596934676170349
0.63039368391037,0.285527616739273,1.15823936462402,0.45482811331749,0.581324100494385,0.314390867948532,-0.596952319145203
0.630368590354919,0.285418897867203,1.15836930274963,0.454621583223343,0.581246078014374,0.314531624317169,-0.597111523151398
0.630337536334991,0.285622775554657,1.15829133987427,0.454207122325897,0.581390798091888,0.313928961753845,-0.597602963447571
0.630709171295166,0.286126226186752,1.15862464904785,0.454795569181442,0.581209063529968,0.313378363847732,-0.597621142864227
0.630638360977173,0.2863330245018,1.15841603279114,0.455093026161194,0.581235587596893,0.313335925340652,-0.597391247749329
0.630612134933472,0.286356180906296,1.15841615200043,0.455075889825821,0.581212937831879,0.313382714986801,-0.59740149974823
0.630633294582367,0.286754131317139,1.15861749649048,0.455499589443207,0.581183850765228,0.313330799341202,-0.597134172916412
0.630633294582367,0.286754131317139,1.15861749649048,0.455499589443207,0.581183850765228,0.313330799341202,-0.597134172916412
0.630633294582367,0.286754131317139,1.15861749649048,0.455499589443207,0.581183850765228,0.313330799341202,-0.597134172916412
0.630598783493042,0.286507576704025,1.15891993045807,0.454926192760467,0.581104815006256,0.313460290431976,-0.597580254077911
0.630548000335693,0.286472290754318,1.15890908241272,0.454767554998398,0.581119954586029,0.313498735427856,-0.597666084766388
0.630543053150177,0.286617070436478,1.15897512435913,0.455425173044205,0.580859780311584,0.313974022865295,-0.597168505191803
0.630521297454834,0.286622822284698,1.15902376174927,0.455583721399307,0.580731868743896,0.314243733882904,-0.59703004360199
0.63044685125351,0.286769807338715,1.15861320495605,0.45552933216095,0.580914795398712,0.313991457223892,-0.597026348114014
0.630460560321808,0.286615252494812,1.15900468826294,0.455536335706711,0.580680310726166,0.314494758844376,-0.596984207630157
0.630434215068817,0.286596089601517,1.15901398658752,0.45547354221344,0.580689132213593,0.314537018537521,-0.597001314163208
0.630368232727051,0.286736667156219,1.15861654281616,0.455492347478867,0.580863356590271,0.31428536772728,-0.596949934959412
0.63021719455719,0.28626474738121,1.15840435028076,0.454487025737762,0.581020772457123,0.314258933067322,-0.59757673740387
0.630112051963806,0.286191999912262,1.15841269493103,0.454337954521179,0.581087529659271,0.3144790828228,-0.597509324550629
0.630112051963806,0.286191999912262,1.15841269493103,0.454337954521179,0.581087529659271,0.3144790828228,-0.597509324550629
0.630085408687592,0.286159366369247,1.15842390060425,0.454310774803162,0.581084191799164,0.31458568572998,-0.597477078437805
0.630200862884521,0.286216735839844,1.15841126441956,0.454456895589828,0.580999791622162,0.314478099346161,-0.597504556179047
0.630184948444366,0.286114245653152,1.15849840641022,0.454355001449585,0.580940902233124,0.314635962247849,-0.597556233406067
0.630179166793823,0.285900264978409,1.15867674350739,0.453966647386551,0.580970585346222,0.314713269472122,-0.597781896591187
0.630158066749573,0.285871207714081,1.15866231918335,0.453939437866211,0.580997943878174,0.314755886793137,-0.597753405570984
0.630115330219269,0.286037027835846,1.15846276283264,0.4541936814785,0.581094026565552,0.31468877196312,-0.597502112388611
0.630104184150696,0.28602060675621,1.15845060348511,0.454179674386978,0.581147313117981,0.31468078494072,-0.59746527671814
0.630073368549347,0.285944789648056,1.15852010250092,0.454074263572693,0.581164181232452,0.314731448888779,-0.5975022315979
0.630052208900452,0.285870939493179,1.15851819515228,0.453932821750641,0.581225156784058,0.31473183631897,-0.5975501537323
0.62764585018158,0.285207837820053,1.15856325626373,0.451167941093445,0.583824396133423,0.315913677215576,-0.596485674381256
0.627631187438965,0.285158812999725,1.15855956077576,0.451122283935547,0.583878457546234,0.315890282392502,-0.596479594707489
0.627656817436218,0.285134583711624,1.15854823589325,0.45115864276886,0.583870589733124,0.315869808197021,-0.596470713615417
0.627655744552612,0.285097062587738,1.15853047370911,0.451141327619553,0.583936452865601,0.315817177295685,-0.596447169780731
0.627606809139252,0.285030007362366,1.15852880477905,0.451047956943512,0.584030628204346,0.315815418958664,-0.596426725387573
0.627659142017365,0.284936249256134,1.15858936309814,0.450964778661728,0.584024012088776,0.31576669216156,-0.596521854400635
0.627589404582977,0.284900635480881,1.15852904319763,0.450976192951202,0.584131002426147,0.31578341126442,-0.5963996052742
0.627580404281616,0.284788012504578,1.15860402584076,0.45082899928093,0.584180772304535,0.315768420696258,-0.59646999835968
0.627554893493652,0.284725487232208,1.1585898399353,0.45086133480072,0.584203124046326,0.315693408250809,-0.596463441848755
0.627563953399658,0.284708052873611,1.15857064723969,0.45092836022377,0.584237813949585,0.315651208162308,-0.59640097618103
0.627566993236542,0.284667551517487,1.15855491161346,0.45095756649971,0.584283173084259,0.315569549798965,-0.596377849578857
0.62753427028656,0.284326553344727,1.15868544578552,0.451290994882584,0.584056675434113,0.316345006227493,-0.595936417579651
0.627514958381653,0.284197688102722,1.15874624252319,0.451110601425171,0.584141254425049,0.31627631187439,-0.596026360988617
0.627517521381378,0.284190595149994,1.15862047672272,0.451120406389236,0.584217071533203,0.316100567579269,-0.596037983894348
0.627505838871002,0.284142434597015,1.15862226486206,0.451161324977875,0.58425760269165,0.316053301095963,-0.59599244594574
0.627490103244781,0.284097731113434,1.15862226486206,0.451191663742065,0.584263503551483,0.316061675548553,-0.5959592461586
0.627471804618835,0.284048229455948,1.15861904621124,0.451484739780426,0.584247827529907,0.316207736730576,-0.595674932003021
0.627438843250275,0.28399395942688,1.15861690044403,0.450048893690109,0.585005521774292,0.314623892307281,-0.596855521202087
0.627407193183899,0.283886015415192,1.15867245197296,0.451265960931778,0.584380328655243,0.316063910722732,-0.595787167549133
0.627397179603577,0.283903151750565,1.15858435630798,0.451467573642731,0.584348738193512,0.316061615943909,-0.595666527748108
0.627368807792664,0.283843547105789,1.15857839584351,0.451598227024078,0.584376573562622,0.316107779741287,-0.595515787601471
0.6273552775383,0.283721357584,1.15866768360138,0.451366007328033,0.584325313568115,0.316054403781891,-0.595770418643951
0.62731260061264,0.28382819890976,1.15857291221619,0.451250642538071,0.584440112113953,0.315582871437073,-0.595995187759399
0.627347052097321,0.2838094830513,1.15854501724243,0.451353937387466,0.584396839141846,0.315493792295456,-0.596006512641907
0.627246081829071,0.283815801143646,1.15846335887909,0.45137357711792,0.584481954574585,0.315429151058197,-0.595942378044128
0.627255499362946,0.283708721399307,1.15853667259216,0.451348662376404,0.584412276744843,0.315439999103546,-0.596023797988892
0.627182245254517,0.283810704946518,1.15838932991028,0.45156717300415,0.584470331668854,0.315338850021362,-0.595854759216309
0.627284407615662,0.283604353666305,1.15876197814941,0.451606273651123,0.584167540073395,0.315634876489639,-0.595965325832367
0.627052307128906,0.283337235450745,1.15870881080627,0.451445311307907,0.584264397621155,0.315881103277206,-0.595861792564392
0.629098117351532,0.283786863088608,1.15849995613098,0.45379438996315,0.582070052623749,0.314835518598557,-0.596777737140656
0.629098117351532,0.283786863088608,1.15849995613098,0.45379438996315,0.582070052623749,0.314835518598557,-0.596777737140656
0.627023100852966,0.283167570829391,1.15865302085876,0.452278703451157,0.583855450153351,0.316532135009766,-0.595285058021545
0.629023194313049,0.283560872077942,1.15840804576874,0.452802509069443,0.581897854804993,0.314780682325363,-0.597727417945862
0.628995656967163,0.283552348613739,1.15838158130646,0.452879369258881,0.581856310367584,0.314750283956528,-0.597725629806519
0.626917123794556,0.283109694719315,1.15849792957306,0.450725615024567,0.583977401256561,0.315720856189728,-0.596772372722626
0.628912925720215,0.283608347177505,1.15826940536499,0.453207671642303,0.581814408302307,0.314754515886307,-0.597515225410461
0.628863096237183,0.283561736345291,1.15824830532074,0.453184843063354,0.581797778606415,0.314728021621704,-0.597562789916992
0.628863096237183,0.283561736345291,1.15824830532074,0.453184843063354,0.581797778606415,0.314728021621704,-0.597562789916992
0.626708924770355,0.282981663942337,1.15845561027527,0.450921714305878,0.583905696868896,0.315842062234878,-0.596630215644836
0.626684129238129,0.28301203250885,1.15850937366486,0.45280984044075,0.583556056022644,0.316497534513474,-0.595193445682526
0.626620709896088,0.282953798770904,1.15849351882935,0.452617734670639,0.583669781684875,0.316347986459732,-0.595307290554047
0.626575350761414,0.282898277044296,1.1585099697113,0.452561169862747,0.583681225776672,0.316382586956024,-0.595320880413055
0.628647565841675,0.283285975456238,1.15842974185944,0.454683423042297,0.581466734409332,0.315287172794342,-0.596450686454773
0.628543794155121,0.283321797847748,1.15810942649841,0.454543620347977,0.581674873828888,0.314987689256668,-0.596512675285339
0.628488421440125,0.283234089612961,1.15819692611694,0.454439759254456,0.581651628017426,0.315023720264435,-0.596595346927643
0.626307904720306,0.282570749521255,1.1587381362915,0.452000737190247,0.58375072479248,0.316485017538071,-0.595623791217804
0.626205265522003,0.282743096351623,1.15838921070099,0.451376616954803,0.58418220281601,0.315386742353439,-0.59625643491745
0.62618362903595,0.282828480005264,1.15844523906708,0.451783955097198,0.584047794342041,0.315611094236374,-0.59596061706543
0.62618362903595,0.282828480005264,1.15844523906708,0.451783955097198,0.584047794342041,0.315611094236374,-0.59596061706543
0.627317190170288,0.282544910907745,1.15823435783386,0.452993810176849,0.582345247268677,0.315750002861023,-0.596634387969971
0.627268314361572,0.282503843307495,1.1582555770874,0.452939003705978,0.582356095314026,0.315753400325775,-0.596663653850555
0.627195477485657,0.282467275857925,1.1583024263382,0.452891230583191,0.582365870475769,0.31581699848175,-0.596656620502472
0.62713623046875,0.282492786645889,1.15831959247589,0.452988833189011,0.582365036010742,0.315878391265869,-0.596550762653351
0.625483751296997,0.282628566026688,1.15863800048828,0.451593309640884,0.584317326545715,0.316251009702682,-0.59550154209137
0.627845227718353,0.283261299133301,1.15861868858337,0.454273730516434,0.581880927085876,0.314927339553833,-0.596548974514008
0.627782046794891,0.283226728439331,1.15861535072327,0.454275608062744,0.58184802532196,0.314994752407074,-0.596544086933136
0.627476930618286,0.283000230789185,1.1586993932724,0.453803867101669,0.582032084465027,0.315243929624557,-0.596591949462891
0.627426981925964,0.282930612564087,1.158731341362,0.453731536865234,0.582001924514771,0.315266281366348,-0.596664726734161
0.627361714839935,0.282857477664948,1.15882384777069,0.453642010688782,0.581969678401947,0.315370380878448,-0.596709072589874
0.627308130264282,0.282819092273712,1.15884733200073,0.453610867261887,0.581944823265076,0.315361261367798,-0.596762001514435
0.627241015434265,0.282771229743958,1.15884351730347,0.453449308872223,0.581979632377625,0.315268933773041,-0.596899509429932
0.627180218696594,0.28269898891449,1.15883982181549,0.453991770744324,0.581754624843597,0.315875887870789,-0.596385478973389
0.627122700214386,0.28271210193634,1.15881717205048,0.453991413116455,0.581764698028564,0.315768301486969,-0.59643280506134
0.627067983150482,0.282757163047791,1.15886414051056,0.45329549908638,0.581990778446198,0.314916878938675,-0.597191214561462
0.62699294090271,0.282719939947128,1.15885663032532,0.453216046094894,0.581961452960968,0.314811199903488,-0.597335696220398
0.626950144767761,0.28271934390068,1.15889477729797,0.453233867883682,0.581908762454987,0.31467866897583,-0.597443580627441
0.626896381378174,0.282726168632507,1.15890538692474,0.453262954950333,0.581876814365387,0.314502120018005,-0.597545325756073
0.626835644245148,0.282725870609283,1.15895843505859,0.453264951705933,0.581774771213531,0.314146131277084,-0.597830593585968
0.626842200756073,0.282553404569626,1.15943372249603,0.453423172235489,0.581358730792999,0.314518511295319,-0.597919464111328
0.626773357391357,0.282453536987305,1.15947639942169,0.454337537288666,0.581061124801636,0.315269291400909,-0.597118675708771
0.626627922058105,0.282585442066193,1.15914618968964,0.454043567180633,0.581392645835876,0.314293920993805,-0.597533643245697
0.626597285270691,0.282457619905472,1.1595573425293,0.454124718904495,0.581088840961456,0.314459025859833,-0.597680568695068
0.624404191970825,0.281955748796463,1.15966784954071,0.451883673667908,0.583163738250732,0.315322488546371,-0.596902787685394
0.626377820968628,0.282728761434555,1.15914821624756,0.454510390758514,0.581044793128967,0.313581556081772,-0.597891211509705
0.624183654785156,0.282186210155487,1.15923762321472,0.45028629899025,0.583460867404938,0.313419491052628,-0.598818719387054
0.624121963977814,0.282244861125946,1.15929341316223,0.450546264648438,0.583219408988953,0.313139408826828,-0.599004924297333
0.624060571193695,0.282386183738708,1.15938806533813,0.452666819095612,0.582717835903168,0.313440144062042,-0.59773588180542
0.625775098800659,0.282511591911316,1.15919959545135,0.453734964132309,0.580786824226379,0.311484724283218,-0.599823892116547
0.623498916625977,0.282408684492111,1.15948510169983,0.451966106891632,0.583068609237671,0.31193819642067,-0.598708927631378
0.625625491142273,0.283058673143387,1.15959405899048,0.454426974058151,0.58052122592926,0.309957653284073,-0.600347876548767
0.625583708286285,0.282848954200745,1.15980648994446,0.455036222934723,0.579909682273865,0.310036569833755,-0.600436687469482
0.625515222549438,0.28307431936264,1.15973401069641,0.455725610256195,0.579569339752197,0.309258848428726,-0.600643277168274
0.625480592250824,0.283138930797577,1.15974450111389,0.453915119171143,0.579593300819397,0.307230025529861,-0.603027641773224
0.625480592250824,0.283138930797577,1.15974450111389,0.453915119171143,0.579593300819397,0.307230025529861,-0.603027641773224
0.623385965824127,0.283263385295868,1.16008079051971,0.454030781984329,0.580750167369843,0.305698662996292,-0.602605700492859
0.623374342918396,0.28339883685112,1.16014456748962,0.45496866106987,0.580058038234711,0.304518193006516,-0.603162467479706
0.623384654521942,0.283560514450073,1.16019797325134,0.453798532485962,0.579452216625214,0.30244979262352,-0.605661869049072
0.623343110084534,0.283640891313553,1.16023516654968,0.453017294406891,0.578516364097595,0.299632340669632,-0.608534872531891
0.62337064743042,0.283942967653274,1.16036248207092,0.454901307821274,0.577804028987885,0.298563182353973,-0.608331739902496
0.625608086585999,0.284730792045593,1.16043198108673,0.459771037101746,0.574250221252441,0.296066462993622,-0.609255135059357
0.625595986843109,0.285035848617554,1.1604630947113,0.459166705608368,0.57334703207016,0.293682903051376,-0.611710488796234
0.625688076019287,0.285622388124466,1.16081142425537,0.46203938126564,0.571732401847839,0.291450142860413,-0.612126171588898
0.625694990158081,0.285928696393967,1.16098594665527,0.463252663612366,0.570280194282532,0.289452195167542,-0.613510549068451
0.625653266906738,0.286176800727844,1.16115188598633,0.463253140449524,0.568756997585297,0.286858379840851,-0.616136729717255
0.625600457191467,0.286368608474731,1.16130352020264,0.464034020900726,0.567409694194794,0.283770471811295,-0.618217706680298
0.625062525272369,0.286176681518555,1.16132879257202,0.464913159608841,0.565979421138763,0.281987428665161,-0.619682371616364
0.625062525272369,0.286176681518555,1.16132879257202,0.464913159608841,0.565979421138763,0.281987428665161,-0.619682371616364
0.625460743904114,0.288683235645294,1.16245591640472,0.484676152467728,0.543448209762573,0.303351640701294,-0.614598274230957
0.625308752059937,0.289128422737122,1.16291582584381,0.489452958106995,0.536914885044098,0.303894132375717,-0.616284489631653
0.625151574611664,0.28978830575943,1.16314280033112,0.494620978832245,0.532229483127594,0.305125653743744,-0.61561381816864
0.624709129333496,0.290119171142578,1.16369390487671,0.496367961168289,0.529374480247498,0.302654087543487,-0.617885291576385
0.623672366142273,0.289004445075989,1.16338992118835,0.477573990821838,0.548278331756592,0.26742547750473,-0.632295608520508
0.624163269996643,0.291275709867477,1.16449654102325,0.490657389163971,0.537031650543213,0.274330586194992,-0.628963530063629
0.623672068119049,0.291504949331284,1.16411650180817,0.481326699256897,0.543943345546722,0.255741953849792,-0.638001799583435
0.627608299255371,0.294881522655487,1.16552710533142,-0.278063207864761,0.521510183811188,-0.305959969758987,-0.746388971805573
0.623911440372467,0.296554684638977,1.1670024394989,-0.282868325710297,0.517552256584167,-0.302797257900238,-0.748624801635742
0.621633052825928,0.292691290378571,1.16587913036346,-0.0019435804570093,0.579140782356262,-0.109992235898972,-0.807770907878876
0.622641623020172,0.297564566135406,1.16848731040955,-0.0086622554808855,0.581209182739258,-0.10332590341568,-0.807121217250824
0.620219826698303,0.294423699378967,1.16730332374573,0.481948107481003,0.534507393836975,0.216724991798401,-0.659589469432831
0.619431018829346,0.294855535030365,1.16766452789307,0.482268214225769,0.532101690769196,0.212836652994156,-0.662560045719147
0.618132591247559,0.295861184597015,1.16848921775818,0.484681576490402,0.528847277164459,0.206113129854202,-0.665523588657379
0.616965055465698,0.296861827373505,1.16914916038513,0.483953982591629,0.525901138782501,0.196454137563705,-0.671284079551697
0.615494966506958,0.29677352309227,1.16978919506073,0.48306143283844,0.523499846458435,0.192545667290688,-0.674926459789276
0.614115238189697,0.297675371170044,1.17055153846741,0.482264578342438,0.520201086997986,0.18292561173439,-0.680698215961456
0.610916435718536,0.298106610774994,1.17185640335083,0.48033544421196,0.519357204437256,0.174509391188621,-0.684903264045715
0.61116087436676,0.299027919769287,1.17192304134369,0.485732793807983,0.511261343955994,0.167169705033302,-0.689006447792053
0.607694804668427,0.299692094326019,1.17286491394043,0.483964145183563,0.511069416999817,0.160660848021507,-0.691935539245605
0.605717599391937,0.300107270479202,1.17408788204193,0.482640415430069,0.507794857025146,0.155375346541405,-0.696463286876678
0.603893280029297,0.301271051168442,1.17433547973633,0.483764171600342,0.503446042537689,0.145026177167892,-0.701057612895966
0.601495802402496,0.301589488983154,1.17511630058289,0.48007807135582,0.500904738903046,0.136162519454956,-0.707162797451019
0.599547982215881,0.301799029111862,1.1767817735672,0.480280041694641,0.49628609418869,0.130451783537865,-0.71134626865387
0.597091495990753,0.302481055259705,1.17714297771454,0.478068649768829,0.49210387468338,0.122263871133327,-0.717172026634216
0.59461510181427,0.302908301353455,1.17792391777039,0.480030566453934,0.488015294075012,0.114208362996578,-0.719977974891663
0.592690348625183,0.304147899150848,1.17922651767731,0.481378704309464,0.483501970767975,0.102959141135216,-0.723809242248535
0.589665114879608,0.3044193983078,1.18016576766968,0.482809543609619,0.480074733495712,0.0951412692666053,-0.726203441619873
0.587195754051208,0.304850727319717,1.18101572990417,0.485366612672806,0.475991249084473,0.0881044417619705,-0.728072226047516
0.584309458732605,0.305204004049301,1.18208134174347,0.486766844987869,0.472493380308151,0.0809189453721046,-0.730246663093567
0.581480920314789,0.305185735225677,1.18356823921204,0.486799687147141,0.469059884548187,0.0737362280488014,-0.73319286108017
0.579198181629181,0.305445909500122,1.18459331989288,0.489029049873352,0.464447110891342,0.0667743608355522,-0.735309898853302
0.579198181629181,0.305445909500122,1.18459331989288,0.489029049873352,0.464447110891342,0.0667743608355522,-0.735309898853302
0.57284814119339,0.306532323360443,1.18682456016541,0.463128089904785,0.451222628355026,0.0414131246507167,-0.761705636978149
0.569329559803009,0.306765168905258,1.18804812431335,0.459798961877823,0.446693181991577,0.0321738868951797,-0.766821324825287
0.566862046718597,0.306610107421875,1.18960845470428,0.458959817886352,0.440728425979614,0.0256997495889663,-0.771008372306824
0.564009010791779,0.30700421333313,1.19063210487366,0.4691281914711,0.437912195920944,0.0216044690459966,-0.766606152057648
0.560424089431763,0.307469069957733,1.19237184524536,0.453161329030991,0.430981785058975,0.008959962055087,-0.780268728733063
0.557615220546722,0.307479321956635,1.1932932138443,0.452183157205582,0.422773480415344,-0.0009647908154875,-0.785361051559448
0.553684294223785,0.307755321264267,1.19468319416046,0.446290552616119,0.419788181781769,-0.0085362382233142,-0.790271878242493
0.550313174724579,0.307306796312332,1.19640302658081,0.442302584648132,0.413608819246292,-0.0155551526695489,-0.795647144317627
0.547334015369415,0.307262241840362,1.19758057594299,0.437343508005142,0.406637370586395,-0.0256033223122358,-0.801698923110962
0.54402494430542,0.30718982219696,1.1993054151535,0.436682045459747,0.401666432619095,-0.0308454856276512,-0.804376363754272
0.540330648422241,0.308362722396851,1.20011293888092,0.432694584131241,0.395876884460449,-0.0424795746803283,-0.808858752250671
0.536416292190552,0.307149022817612,1.2025181055069,0.427191942930222,0.390451937913895,-0.0481504648923873,-0.814085900783539
0.533015727996826,0.307218104600906,1.20406091213226,0.42314749956131,0.384309679269791,-0.0553510934114456,-0.818650364875793
0.529956877231598,0.307692170143127,1.20568001270294,0.416460335254669,0.376654356718063,-0.0653731599450111,-0.824874877929688
0.526612520217896,0.306987226009369,1.20691072940826,0.417157351970673,0.37167152762413,-0.0686736702919006,-0.826513171195984
0.523636281490326,0.307253837585449,1.20879244804382,0.410496085882187,0.363912463188171,-0.0772270113229751,-0.832524240016937
0.520063579082489,0.306924521923065,1.21025466918945,0.406199842691422,0.357872396707535,-0.0838383510708808,-0.836600422859192
0.516085624694824,0.306528508663177,1.21219992637634,0.402776479721069,0.351978600025177,-0.089257925748825,-0.840187609195709
0.512752056121826,0.306199431419373,1.21379041671753,0.402078360319138,0.347875535488129,-0.0932778120040893,-0.841792643070221
0.508618175983429,0.305923908948898,1.21589696407318,0.399167150259018,0.342888712882996,-0.0982784107327461,-0.844650328159332
0.505469441413879,0.306068509817123,1.2176650762558,0.393579512834549,0.335265189409256,-0.106450378894806,-0.84932953119278
0.502347826957703,0.305727988481522,1.21919643878937,0.38921383023262,0.328973770141602,-0.112624377012253,-0.852997481822968
0.498972415924072,0.305621206760406,1.22099792957306,0.38623109459877,0.323382645845413,-0.117326185107231,-0.855852663516998
0.494823634624481,0.305444419384003,1.22342193126678,0.383511304855347,0.320346593856812,-0.121226526796818,-0.857672154903412
0.492169499397278,0.305291771888733,1.22501659393311,0.379791468381882,0.314017057418823,-0.125776275992393,-0.861006498336792
0.489086359739304,0.304832369089127,1.22650074958801,0.374373495578766,0.307942599058151,-0.130894705653191,-0.864802002906799
0.485542416572571,0.303758800029755,1.22859311103821,0.368693441152573,0.303158819675446,-0.133823081851005,-0.868476331233978
0.482254654169083,0.303836047649383,1.23044943809509,0.365333348512649,0.298766106367111,-0.138065129518509,-0.870751678943634
0.478221327066422,0.302849739789963,1.23204815387726,0.36023610830307,0.295133292675018,-0.140777364373207,-0.873675048351288
0.475302278995514,0.302852809429169,1.23400497436523,0.356048196554184,0.28965950012207,-0.145406946539879,-0.876461029052734
0.475302278995514,0.302852809429169,1.23400497436523,0.356048196554184,0.28965950012207,-0.145406946539879,-0.876461029052734
0.468248665332794,0.301846563816071,1.23781025409698,0.347966760396957,0.282633870840073,-0.150336593389511,-0.881156086921692
0.465125501155853,0.301578879356384,1.23948967456818,0.342821151018143,0.277445673942566,-0.154905259609222,-0.884025931358337
0.461886495351791,0.301104962825775,1.24139082431793,0.337664663791656,0.273853063583374,-0.157977402210236,-0.88658344745636
0.458556175231934,0.300288885831833,1.24321484565735,0.333543121814728,0.270852237939835,-0.158839404582977,-0.888908386230469
0.45556253194809,0.300336897373199,1.24512958526611,0.330065935850143,0.267006933689117,-0.162677049636841,-0.890673875808716
0.452584445476532,0.299775928258896,1.24679064750671,0.324925124645233,0.263243854045868,-0.165600746870041,-0.89314204454422
0.449284434318542,0.299647867679596,1.24866962432861,0.322391420602798,0.261150509119034,-0.167362451553345,-0.894345581531525
0.44642961025238,0.298897266387939,1.25071573257446,0.318230777978897,0.258446007966995,-0.168661296367645,-0.896375060081482
0.442725718021393,0.298131495714188,1.25264811515808,0.313251674175262,0.256117135286331,-0.170763239264488,-0.898397147655487
0.440499722957611,0.298144668340683,1.2539393901825,0.310784459114075,0.252714395523071,-0.172357380390167,-0.899911940097809
0.437903702259064,0.297731101512909,1.25560748577118,0.307195723056793,0.249632135033607,-0.174996674060822,-0.901493608951569
0.435225665569305,0.297544866800308,1.25703907012939,0.30322140455246,0.247102737426758,-0.176661729812622,-0.903209626674652
0.435225665569305,0.297544866800308,1.25703907012939,0.30322140455246,0.247102737426758,-0.176661729812622,-0.903209626674652
0.429880887269974,0.296807646751404,1.26000952720642,0.296768754720688,0.241875275969505,-0.179761677980423,-0.906151413917542
0.429880887269974,0.296807646751404,1.26000952720642,0.296768754720688,0.241875275969505,-0.179761677980423,-0.906151413917542
0.425316154956818,0.295568346977234,1.26393389701843,0.292594522237778,0.238382712006569,-0.180163785815239,-0.908351898193359
0.422952175140381,0.295771837234497,1.26498830318451,0.290365308523178,0.236163198947906,-0.182182610034943,-0.909243881702423
0.420665204524994,0.295125931501388,1.26628148555756,0.287852466106415,0.233801200985909,-0.182965487241745,-0.910495281219482
0.418030321598053,0.294333130121231,1.26732182502747,0.284981429576874,0.232219189405441,-0.182369738817215,-0.911921739578247
0.415973961353302,0.294703811407089,1.26760983467102,0.280071556568146,0.227540746331215,-0.187015786767006,-0.913679420948029
0.414271861314774,0.293718099594116,1.26955711841583,0.278165191411972,0.226043149828911,-0.185633316636086,-0.914914727210998
0.412703275680542,0.292186617851257,1.26885163784027,0.265150249004364,0.21834471821785,-0.187978789210319,-0.920154869556427
0.410315096378326,0.293370246887207,1.27151155471802,0.273686945438385,0.22156123816967,-0.187507703900337,-0.916977107524872
0.408352851867676,0.293162524700165,1.27245509624481,0.27082696557045,0.219473406672478,-0.188751026988029,-0.918072700500488
0.406166791915893,0.293790638446808,1.27257311344147,0.270275771617889,0.216472446918487,-0.190889909863472,-0.918505191802978
0.404651939868927,0.292479574680328,1.27448427677155,0.267297267913818,0.215329825878143,-0.189159139990806,-0.920002222061157
0.402522504329681,0.293108642101288,1.27419447898865,0.264492571353912,0.211812704801559,-0.192485421895981,-0.920938909053802
0.400647670030594,0.292698591947555,1.2752650976181,0.262893438339233,0.210254445672035,-0.192357152700424,-0.921780288219452
0.398771196603775,0.292851626873016,1.27530765533447,0.259835213422775,0.206952586770058,-0.194186761975288,-0.923010230064392
0.398771196603775,0.292851626873016,1.27530765533447,0.259835213422775,0.206952586770058,-0.194186761975288,-0.923010230064392
0.396072447299957,0.291247576475143,1.27788305282593,0.255566865205765,0.205099657177925,-0.190789848566055,-0.925321042537689
0.39455372095108,0.291163057088852,1.27847349643707,0.254439562559128,0.203415930271149,-0.191491559147835,-0.92585825920105
0.39455372095108,0.291163057088852,1.27847349643707,0.254439562559128,0.203415930271149,-0.191491559147835,-0.92585825920105
0.391236782073975,0.292128086090088,1.27890038490295,0.251378118991852,0.198517605662346,-0.195743098855019,-0.92686802148819
0.389649033546448,0.291888058185577,1.27964353561401,0.24922089278698,0.197729706764221,-0.195749089121818,-0.927617490291596
0.388081073760986,0.291467070579529,1.28015327453613,0.248852849006653,0.19719648361206,-0.193941220641136,-0.92820942401886
0.386943638324737,0.291268169879913,1.28077220916748,0.2477697879076,0.195516616106033,-0.193140268325806,-0.929021120071411
0.386943638324737,0.291268169879913,1.28077220916748,0.2477697879076,0.195516616106033,-0.193140268325806,-0.929021120071411
0.384117305278778,0.291301667690277,1.28252983093262,0.247710689902306,0.195713713765144,-0.193237632513046,-0.928975164890289
0.382820606231689,0.291171014308929,1.28290355205536,0.246503904461861,0.194575503468513,-0.193628594279289,-0.929453730583191
0.381537348031998,0.291145026683807,1.28335320949554,0.245673343539238,0.193897411227226,-0.193639025092125,-0.929813086986542
0.380363583564758,0.290800839662552,1.2839367389679,0.243639931082725,0.193203061819077,-0.193141803145409,-0.930595815181732
0.379164636135101,0.290753841400146,1.28425741195679,0.242693692445755,0.192649036645889,-0.193539708852768,-0.93087512254715
0.377770453691482,0.290956497192383,1.28439295291901,0.2414730489254,0.191996827721596,-0.194215074181557,-0.931186616420746
0.376718819141388,0.29048889875412,1.28500509262085,0.239608108997345,0.191564157605171,-0.193677112460136,-0.931869268417358
0.375643312931061,0.290457725524902,1.28523087501526,0.238188102841377,0.19027079641819,-0.194472774863243,-0.932332396507263
0.374774038791656,0.290293604135513,1.28541493415833,0.237421810626984,0.189519450068474,-0.19387423992157,-0.93280553817749
0.373522013425827,0.29066413640976,1.28545916080475,0.237075671553612,0.189173147082329,-0.194313302636146,-0.932872414588928
0.37270325422287,0.290498614311218,1.28586542606354,0.236186861991882,0.188766539096832,-0.193765550851822,-0.933294117450714
0.37270325422287,0.290498614311218,1.28586542606354,0.236186861991882,0.188766539096832,-0.193765550851822,-0.933294117450714
0.370583295822143,0.290470004081726,1.28610730171204,0.235044449567795,0.187526047229767,-0.194009616971016,-0.933781802654266
0.36976683139801,0.290426939725876,1.28623139858246,0.234969645738602,0.187269046902656,-0.193995386362076,-0.933855056762695
0.368974983692169,0.290448248386383,1.28634715080261,0.233945429325104,0.187143534421921,-0.193946704268456,-0.934147477149963
0.368187606334686,0.290437400341034,1.28648829460144,0.232861921191215,0.186905473470688,-0.193627372384071,-0.934532046318054
0.36755782365799,0.290228188037872,1.28673815727234,0.231872767210007,0.186900317668915,-0.193122565746307,-0.934883415699005
0.366547465324402,0.290295988321304,1.28674256801605,0.231464147567749,0.186805471777916,-0.193114131689072,-0.93500542640686
0.36581739783287,0.29036357998848,1.28689348697662,0.231232911348343,0.186653703451157,-0.193184956908226,-0.935078203678131
0.365051567554474,0.290242999792099,1.28697884082794,0.230792909860611,0.186597287654877,-0.193104788661003,-0.935214757919312
0.364365637302399,0.290217489004135,1.28700065612793,0.230678543448448,0.186633422970772,-0.192188590764999,-0.935424387454987
0.363772332668304,0.290191113948822,1.2869656085968,0.22960589826107,0.186792194843292,-0.191931307315826,-0.935709536075592
0.362862229347229,0.290398240089417,1.28621661663055,0.227882668375969,0.185452863574028,-0.192460417747498,-0.936288297176361
0.362460672855377,0.290207743644714,1.28678417205811,0.229283601045608,0.186934560537338,-0.191140189766884,-0.935921907424927
0.361840188503265,0.29020893573761,1.28667366504669,0.229233741760254,0.187009409070015,-0.190309509634972,-0.936088502407074
0.361137568950653,0.29039141535759,1.28592646121979,0.227897793054581,0.185728773474693,-0.191185787320137,-0.936491012573242
0.361001253128052,0.289932012557983,1.2866382598877,0.228467807173729,0.187188729643822,-0.188513085246086,-0.936603307723999
0.36031898856163,0.290270775556564,1.28633224964142,0.22864343225956,0.187297612428665,-0.188829272985458,-0.936474978923798
0.359789252281189,0.290197938680649,1.28623449802399,0.227326542139053,0.187640219926834,-0.187562704086304,-0.936981320381165
0.359284162521362,0.290201842784882,1.28611469268799,0.227220818400383,0.188043490052223,-0.18687592446804,-0.937063336372376
0.359050989151001,0.289895474910736,1.28623604774475,0.227099597454071,0.188500434160232,-0.185538277029991,-0.937266767024994
0.358531057834625,0.290101438760757,1.28597784042358,0.227322444319725,0.18863071501255,-0.185055464506149,-0.937281966209412
0.358215987682342,0.289853155612946,1.28589129447937,0.226626679301262,0.189050778746605,-0.183550924062729,-0.937661528587341
0.357828438282013,0.289825320243835,1.28572487831116,0.226598858833313,0.189615085721016,-0.182351514697075,-0.937788426876068
0.357042878866196,0.290141493082047,1.28529381752014,0.227569594979286,0.190332666039467,-0.182107105851173,-0.937455415725708
0.356852620840073,0.289941012859344,1.2851470708847,0.227515384554863,0.190381959080696,-0.180557280778885,-0.937758266925812
0.356703579425812,0.290009617805481,1.28510594367981,0.228811159729957,0.191199228167534,-0.179426550865173,-0.937493681907654
0.356142044067383,0.290215909481049,1.28467738628387,0.229238763451576,0.191673710942268,-0.178265556693077,-0.937513828277588
0.35579651594162,0.290592014789581,1.28418922424316,0.229649037122726,0.192194566130638,-0.177753508090973,-0.937404036521912
0.355024337768555,0.291254580020904,1.28359842300415,0.230819061398506,0.192518189549446,-0.178234115242958,-0.936958849430084
0.35478737950325,0.291197597980499,1.28340601921082,0.230822026729584,0.193274825811386,-0.176641508936882,-0.937103986740112
0.354441285133362,0.291265338659286,1.28310918807983,0.230516657233238,0.193509310483932,-0.175623044371605,-0.93732213973999
0.354082137346268,0.291328191757202,1.28276896476746,0.230674713850021,0.193654328584671,-0.174859523773193,-0.937396049499512
0.353784263134003,0.291537225246429,1.28248083591461,0.231108769774437,0.194579780101776,-0.174295276403427,-0.937202572822571
0.353707730770111,0.291333168745041,1.28199291229248,0.229118436574936,0.194208770990372,-0.173377975821495,-0.937938034534454
0.353029072284698,0.291951656341553,1.28129875659943,0.22985403239727,0.194304436445236,-0.173497006297112,-0.937716245651245
0.352697968482971,0.292038768529892,1.28107964992523,0.22899366915226,0.194746196269989,-0.173093929886818,-0.937909543514252
0.352380096912384,0.292215168476105,1.28083443641663,0.229135513305664,0.194977536797523,-0.172346577048302,-0.937964498996735
0.352411687374115,0.292193412780762,1.28118443489075,0.229890033602715,0.196183577179909,-0.170556843280792,-0.937855541706085
0.352077662944794,0.292201817035675,1.28099477291107,0.230313464999199,0.19745522737503,-0.16977359354496,-0.937626838684082
0.351941645145416,0.292620003223419,1.28074169158936,0.226783201098442,0.193787559866905,-0.172527551651001,-0.938749194145203
0.35161417722702,0.292719781398773,1.280557513237,0.227151304483414,0.194388777017593,-0.172061264514923,-0.938621461391449
0.351224571466446,0.292354941368103,1.28052198886871,0.230162501335144,0.198724716901779,-0.167846009135246,-0.93774276971817
0.351136237382889,0.292921811342239,1.28028309345245,0.22651319205761,0.195001110434532,-0.170506745576858,-0.938932299613953
0.350637018680573,0.292728364467621,1.28020453453064,0.230846360325813,0.199593156576157,-0.166081681847572,-0.937704384326935
0.350300967693329,0.292817175388336,1.2800384759903,0.230548709630966,0.199864819645882,-0.165866062045097,-0.937757849693298
0.349934041500091,0.292900204658508,1.27988493442535,0.23129802942276,0.199817568063736,-0.165520563721657,-0.937644481658936
0.349734306335449,0.293329000473022,1.27964007854462,0.226993516087532,0.195799648761749,-0.168831303715706,-0.9389528632164
0.349047690629959,0.293122291564941,1.27949452400208,0.23156501352787,0.200066819787025,-0.165172219276428,-0.937586843967438
0.349047690629959,0.293122291564941,1.27949452400208,0.23156501352787,0.200066819787025,-0.165172219276428,-0.937586843967438
0.348201870918274,0.293358027935028,1.27918815612793,0.231804624199867,0.200496762990952,-0.164870575070381,-0.937488853931427
0.34785732626915,0.293588876724243,1.27901804447174,0.231990054249763,0.200630247592926,-0.164956867694855,-0.93739926815033
0.347672373056412,0.294324159622192,1.27882921695709,0.228480368852615,0.196819856762886,-0.168755829334259,-0.938392281532288
0.347042202949524,0.294122725725174,1.27874958515167,0.233485773205757,0.201248601078987,-0.165131255984306,-0.936864495277405
0.346891075372696,0.293956071138382,1.27888524532318,0.233751311898232,0.201569139957428,-0.164384946227074,-0.936860680580139
0.346745878458023,0.294419050216675,1.27877926826477,0.230309218168259,0.198102459311485,-0.168118596076965,-0.937789559364319
0.346336126327515,0.294485718011856,1.27869534492493,0.231348514556885,0.198201432824135,-0.16769877076149,-0.937587976455688
0.345671832561493,0.294277667999268,1.2786180973053,0.235030815005302,0.201883360743523,-0.164067536592483,-0.936528444290161
0.345271229743958,0.294405251741409,1.27852892875671,0.235290482640266,0.201733306050301,-0.164052113890648,-0.936498284339905
0.345122158527374,0.294866919517517,1.27841973304749,0.231770947575569,0.197830826044083,-0.167796343564987,-0.937544465065002
0.344777643680573,0.295019328594208,1.27839708328247,0.23204343020916,0.197820588946342,-0.168202072381973,-0.937406539916992
0.344398111104965,0.295177042484283,1.27835357189178,0.23229968547821,0.197904884815216,-0.168389722704887,-0.937291502952576
0.343773275613785,0.295071065425873,1.27832245826721,0.235095649957657,0.201130881905556,-0.165689453482628,-0.936388492584228
0.343340337276459,0.295139938592911,1.2782598733902,0.234517961740494,0.201043948531151,-0.16623942553997,-0.936454653739929
0.342665523290634,0.295596599578857,1.27798759937286,0.234704092144966,0.200922563672066,-0.166954964399338,-0.936306655406952
0.342246383428574,0.295820474624634,1.27792835235596,0.234472587704659,0.2008455991745,-0.167638227343559,-0.936259090900421
0.341834545135498,0.295925438404083,1.27796387672424,0.234168604016304,0.200852051377296,-0.168103829026222,-0.936250269412994
0.341396391391754,0.296023190021515,1.27797341346741,0.233976423740387,0.200894385576248,-0.168561890721321,-0.936206936836243
0.341396391391754,0.296023190021515,1.27797341346741,0.233976423740387,0.200894385576248,-0.168561890721321,-0.936206936836243
0.340978622436523,0.296462088823318,1.27791512012482,0.2294961810112,0.196410611271858,-0.173176527023315,-0.937424182891846
0.340059012174606,0.297161191701889,1.2774909734726,0.23052117228508,0.196372717618942,-0.174910455942154,-0.936858654022217
0.339679330587387,0.297028034925461,1.277627825737,0.22948169708252,0.196194708347321,-0.175203084945679,-0.937096357345581
0.339473903179169,0.296730160713196,1.27791714668274,0.228843867778778,0.196683973073959,-0.174984186887741,-0.937190771102905
0.338965356349945,0.297205358743668,1.27785921096802,0.228098496794701,0.196010127663612,-0.176003739237785,-0.937322676181793
0.338369339704513,0.296779155731201,1.27786779403687,0.231115788221359,0.199745342135429,-0.172640785574913,-0.936420023441315
0.337814569473267,0.297224104404449,1.27770411968231,0.231777220964432,0.199794143438339,-0.173677697777748,-0.936054348945618
0.337438017129898,0.297333598136902,1.2776437997818,0.231726542115211,0.199794977903366,-0.173938125371933,-0.936018347740173
0.337021708488464,0.297419846057892,1.27754139900208,0.231921955943108,0.19966858625412,-0.174357026815414,-0.935918927192688
0.336619913578033,0.297532469034195,1.27750325202942,0.232017457485199,0.1996059268713,-0.174867585301399,-0.93581348657608
0.336619913578033,0.297532469034195,1.27750325202942,0.232017457485199,0.1996059268713,-0.174867585301399,-0.93581348657608
0.336139321327209,0.298155784606934,1.27737700939178,0.227751165628433,0.194416984915733,-0.179401382803917,-0.937094807624817
0.335495293140411,0.297899723052979,1.27738881111145,0.231944844126701,0.198645040392876,-0.176223948597908,-0.935781419277191
0.335144937038422,0.298033118247986,1.27737152576447,0.231578156352043,0.198191329836845,-0.176873877644539,-0.935845851898193
0.335133075714111,0.298222690820694,1.27735793590546,0.22359099984169,0.192404761910439,-0.179776385426521,-0.938439071178436
0.334652364253998,0.298056870698929,1.27741408348083,0.229866787791252,0.196839064359665,-0.177919507026672,-0.93635481595993
0.334590017795563,0.298648595809937,1.27734184265137,0.225676342844963,0.192129150032997,-0.182431980967522,-0.937483489513397
0.333941280841827,0.298451006412506,1.27731478214264,0.229731097817421,0.196333512663841,-0.179593324661255,-0.936174631118774
0.33357959985733,0.29855090379715,1.2773597240448,0.229703947901726,0.196187302470207,-0.180459380149841,-0.936045527458191
0.333236634731293,0.299185514450073,1.27729380130768,0.226214751601219,0.192150682210922,-0.185104638338089,-0.936825156211853
0.332915872335434,0.299375891685486,1.27728950977325,0.226060062646866,0.191940546035767,-0.186090961098671,-0.936710178852081
0.332715392112732,0.299356043338776,1.27737247943878,0.224903002381325,0.191262528300285,-0.186937287449837,-0.93695878982544
0.332349061965942,0.299458861351013,1.27748000621796,0.223631709814072,0.1908870190382,-0.187711164355278,-0.937184929847717
0.331971347332001,0.299612432718277,1.27755737304688,0.222571551799774,0.190533921122551,-0.188566371798515,-0.937337517738342
0.331596672534943,0.299676299095154,1.27771329879761,0.221703961491585,0.190174147486687,-0.189634099602699,-0.937400698661804
0.330708920955658,0.299600899219513,1.27785050868988,0.225546807050705,0.194404393434525,-0.187282025814056,-0.93608820438385
0.330140620470047,0.29950824379921,1.27806103229523,0.224441856145859,0.194253787398338,-0.188179507851601,-0.93620502948761
0.329992651939392,0.299839973449707,1.27819919586182,0.220135033130646,0.189978182315826,-0.192716762423515,-0.937181532382965
0.329481959342956,0.299778461456299,1.27831423282623,0.21564456820488,0.188656434416771,-0.192815899848938,-0.93847119808197
0.329252898693085,0.299724251031876,1.2785416841507,0.216146841645241,0.188862591981888,-0.194430947303772,-0.937980890274048
0.32866707444191,0.300007700920105,1.27864742279053,0.215606331825256,0.188568606972694,-0.196219831705093,-0.937791883945465
0.32866707444191,0.300007700920105,1.27864742279053,0.215606331825256,0.188568606972694,-0.196219831705093,-0.937791883945465
0.327572494745255,0.299817979335785,1.27889108657837,0.216654255986214,0.192101895809174,-0.194974273443222,-0.93709272146225
0.327429354190826,0.300278007984161,1.27905559539795,0.210762783885002,0.187420606613159,-0.199593484401703,-0.938410937786102
0.326954901218414,0.300250381231308,1.27928841114044,0.209722459316254,0.187326624989509,-0.200509995222092,-0.938467442989349
0.326468050479889,0.300243049860001,1.27953457832336,0.209031865000725,0.187632516026497,-0.201267212629318,-0.938398241996765
0.325902819633484,0.300091505050659,1.27973163127899,0.206587851047516,0.186317011713982,-0.201984912157059,-0.939047157764435
0.325213313102722,0.299733638763428,1.27997660636902,0.210225611925125,0.190798968076706,-0.199180573225021,-0.937938213348389
0.32503205537796,0.300090551376343,1.28012561798096,0.205016314983368,0.186310261487961,-0.203571319580078,-0.939050257205963
0.324617922306061,0.300110101699829,1.28029799461365,0.205039381980896,0.1861103028059,-0.204796597361565,-0.938818573951721
0.324277639389038,0.300182580947876,1.28049540519714,0.204628422856331,0.186306864023209,-0.205393776297569,-0.938738763332367
0.32392817735672,0.300164729356766,1.28064727783203,0.202819883823395,0.186169669032097,-0.205762356519699,-0.939077615737915
0.323323130607605,0.299849152565002,1.28087794780731,0.205336973071098,0.190426364541054,-0.202537715435028,-0.938377916812897
0.323144853115082,0.300205439329147,1.28100728988647,0.200751215219498,0.1864854991436,-0.206687152385712,-0.939256429672241
0.322669148445129,0.300119429826736,1.28122806549072,0.199782684445381,0.186679527163505,-0.207336932420731,-0.939281165599823
0.322135806083679,0.299957811832428,1.2814484834671,0.198984041810036,0.186961799860001,-0.207696974277496,-0.939315021038055
0.32187956571579,0.300036191940308,1.28151226043701,0.198321953415871,0.186137869954109,-0.208432197570801,-0.939455807209015
0.32141786813736,0.29942661523819,1.28167152404785,0.200466945767403,0.189907133579254,-0.204932227730751,-0.939015984535217
0.321263790130615,0.299655735492706,1.28169703483582,0.195047974586487,0.185927376151085,-0.208945199847221,-0.94006872177124
0.320971369743347,0.299644261598587,1.2817280292511,0.194250211119652,0.18560479581356,-0.209583058953285,-0.940155744552612
0.32067209482193,0.299634158611298,1.2817519903183,0.193522870540619,0.185429036617279,-0.210043728351593,-0.940237522125244
0.320376515388489,0.299669325351715,1.28178954124451,0.19184722006321,0.184477984905243,-0.21067550778389,-0.940626680850983
0.32005101442337,0.299608707427979,1.28185701370239,0.191073536872864,0.184744283556938,-0.210596039891243,-0.940749645233154
0.319771587848663,0.299592971801758,1.28187203407288,0.190875843167305,0.184919208288193,-0.210535749793053,-0.940768837928772
0.319542080163956,0.299625277519226,1.28190040588379,0.190922960639,0.185000851750374,-0.21095634996891,-0.940649032592773
0.319350987672806,0.299698173999786,1.28191876411438,0.191128700971603,0.185141310095787,-0.211110070347786,-0.940545082092285
0.319116115570068,0.299740701913834,1.28185796737671,0.19133049249649,0.185175269842148,-0.211273401975632,-0.940460741519928
0.318804323673248,0.29971233010292,1.28181278705597,0.192987471818924,0.187162563204765,-0.20922389626503,-0.940186858177185
0.31856632232666,0.299690067768097,1.28178513050079,0.192965045571327,0.187156483530998,-0.209347859025001,-0.940165162086487
0.318315923213959,0.299733102321625,1.28173446655273,0.192898750305176,0.187185242772102,-0.209636569023132,-0.94010865688324
0.318096399307251,0.299756944179535,1.28171336650848,0.192721873521805,0.187234938144684,-0.209964752197266,-0.940061748027802
0.317840218544006,0.299721628427505,1.28171157836914,0.192500948905945,0.187367454171181,-0.210211381316185,-0.940025568008423
0.317480683326721,0.299968123435974,1.28165519237518,0.192895442247391,0.187743708491325,-0.211023092269897,-0.939687669277191
0.317369967699051,0.299710750579834,1.28168964385986,0.192008003592491,0.187738016247749,-0.210988998413086,-0.939878225326538
0.317009955644607,0.299988865852356,1.28165113925934,0.192900478839874,0.187973305583,-0.211537137627602,-0.939525127410889
0.316803932189941,0.300040602684021,1.28161787986755,0.190117791295051,0.185583457350731,-0.214407622814178,-0.939916670322418
0.3165642619133,0.300018727779388,1.28165924549103,0.190123677253723,0.186021625995636,-0.214596286416054,-0.939785838127136
0.3162522315979,0.299996912479401,1.28161895275116,0.190036684274673,0.186275720596313,-0.214944243431091,-0.939673602581024
0.316034257411957,0.300036728382111,1.28159642219543,0.189938142895698,0.186413466930389,-0.21531218290329,-0.93958193063736
0.315888047218323,0.299901962280273,1.28141057491302,0.188676625490189,0.185912802815437,-0.215694203972816,-0.939847648143768
0.315802276134491,0.299798727035522,1.28149747848511,0.188183829188347,0.185961067676544,-0.215810060501099,-0.939910352230072
0.31560480594635,0.299814790487289,1.28146827220917,0.188050031661987,0.186029300093651,-0.216154813766479,-0.939844310283661
0.315427839756012,0.299829840660095,1.28142094612122,0.187937587499619,0.186078548431396,-0.21651154756546,-0.939774990081787
0.315198421478271,0.299956440925598,1.28138506412506,0.188004180788994,0.186241522431374,-0.217015117406845,-0.939613223075867
0.314997345209122,0.299978733062744,1.28134965896606,0.187948063015938,0.186365753412247,-0.217366546392441,-0.939518570899963
0.314775198698044,0.299981534481049,1.28133320808411,0.187591940164566,0.186874464154243,-0.217794835567474,-0.939389526844025
0.314413249492645,0.299838721752167,1.28138184547424,0.187416657805443,0.187272563576698,-0.217817142605781,-0.939340054988861
0.314308941364288,0.300012707710266,1.28134608268738,0.187444180250168,0.187547236680984,-0.218429699540138,-0.939137518405914
0.314252853393555,0.300173759460449,1.28124976158142,0.187547266483307,0.187567099928856,-0.218855932354927,-0.939013719558716
0.313967704772949,0.30014979839325,1.28123211860657,0.187472835183144,0.187782481312752,-0.219197124242783,-0.938905954360962
0.313831865787506,0.300177216529846,1.28120470046997,0.187350541353226,0.18784362077713,-0.219550624489784,-0.938835501670837
0.313796699047089,0.300292789936066,1.28108847141266,0.187408551573753,0.187722742557526,-0.21997432410717,-0.938748896121979
0.313568294048309,0.300304085016251,1.2810355424881,0.187287479639053,0.187749490141869,-0.220395475625992,-0.938668966293335
0.313546717166901,0.300446271896362,1.28091824054718,0.187385037541389,0.187591657042503,-0.220865204930305,-0.938570618629456
0.313397884368896,0.300553262233734,1.28082680702209,0.187411665916443,0.187540650367737,-0.22145676612854,-0.938436090946198
0.313165336847305,0.300767123699188,1.28088366985321,0.188134804368019,0.187846660614014,-0.222099587321281,-0.938078165054321
0.313069105148315,0.300844192504883,1.28077065944672,0.187872156500816,0.187777176499367,-0.222297444939613,-0.938097894191742
0.312905073165893,0.300836771726608,1.28071141242981,0.19059893488884,0.190536722540855,-0.22030845284462,-0.937460482120514
0.312892317771912,0.301041722297668,1.28067016601562,0.187479555606842,0.187814861536026,-0.223199620842934,-0.937954664230347
0.312923759222031,0.30081444978714,1.28069424629211,0.189664244651794,0.190434962511063,-0.220829412341118,-0.937548041343689
0.312910407781601,0.300960958003998,1.28058969974518,0.186797261238098,0.187428668141365,-0.223835930228233,-0.938016414642334
0.312919169664383,0.300895154476166,1.28037822246552,0.185534849762917,0.186729729175568,-0.224278837442398,-0.938300490379334
0.312501549720764,0.3014075756073,1.27973484992981,0.185309112071991,0.185909941792488,-0.225947737693787,-0.938107490539551
0.312665671110153,0.30127403140068,1.28035736083984,0.186807304620743,0.187151744961739,-0.225156798958778,-0.937753558158874
0.312521696090698,0.301241338253021,1.28029072284698,0.189402222633362,0.189540192484856,-0.223229005932808,-0.937214076519012
0.312271952629089,0.301645874977112,1.2794976234436,0.186224386096001,0.185993283987045,-0.227297618985176,-0.937583565711975
0.31242036819458,0.301379591226578,1.28015959262848,0.189398154616356,0.189265936613083,-0.22408889234066,-0.937065124511719
0.312348276376724,0.301469832658768,1.28009605407715,0.189400017261505,0.18913272023201,-0.224495470523834,-0.936994314193726
0.312039196491241,0.301789730787277,1.27935469150543,0.188001289963722,0.187715381383896,-0.226083099842072,-0.937179267406464
0.312002718448639,0.301856696605682,1.27934515476227,0.187934815883636,0.187705427408218,-0.226441100239754,-0.937108159065247
0.312035262584686,0.302035838365555,1.27931940555573,0.185144573450089,0.184971526265144,-0.229181334376335,-0.937540948390961
0.311989784240723,0.302094042301178,1.27931571006775,0.18486113846302,0.184859305620193,-0.229620113968849,-0.937511622905731
0.311976015567779,0.302187204360962,1.27930021286011,0.184840425848961,0.184674009680748,-0.229850843548775,-0.937495648860931
0.312040507793427,0.302138924598694,1.27914881706238,0.183510631322861,0.183940380811691,-0.230276688933372,-0.937796592712402
0.311997413635254,0.302213072776794,1.27914047241211,0.183527588844299,0.183849677443504,-0.230838179588318,-0.937672972679138
0.311960607767105,0.302265137434006,1.27911627292633,0.184366941452026,0.184257432818413,-0.231083616614342,-0.937367856502533
0.311969548463821,0.302363455295563,1.27914476394653,0.184339717030525,0.184192702174187,-0.231391802430153,-0.937309861183166
0.312196493148804,0.302199512720108,1.27934145927429,0.183840036392212,0.184153363108635,-0.231312498450279,-0.937435269355774
0.31224113702774,0.302320182323456,1.27932715415955,0.183867767453194,0.183989316225052,-0.231652677059174,-0.93737804889679
0.312236189842224,0.30237340927124,1.2793220281601,0.183297157287598,0.183510720729828,-0.232147455215454,-0.937461256980896
0.312268674373627,0.302470237016678,1.27930462360382,0.183830767869949,0.183157548308372,-0.232441887259483,-0.93735283613205
0.312294751405716,0.302567273378372,1.27929329872131,0.183822229504585,0.183055400848389,-0.232745170593262,-0.937299251556396
0.312031447887421,0.303025364875793,1.27925324440002,0.185066193342209,0.183425307273865,-0.23360849916935,-0.936767220497131
0.312339246273041,0.302841037511826,1.27999937534332,0.186140820384025,0.184850007295608,-0.232431322336197,-0.936567008495331
0.312325954437256,0.302868485450745,1.28000926971436,0.188383802771568,0.187145859003067,-0.230411469936371,-0.936161577701569
0.312424838542938,0.303017377853393,1.28000950813293,0.185720205307007,0.184432238340378,-0.233000054955482,-0.936591506004334
0.312493681907654,0.303094893693924,1.28003978729248,0.185455739498138,0.184233948588371,-0.23328061401844,-0.936613202095032
0.312530636787414,0.30317696928978,1.28001427650452,0.185219898819923,0.183981269598007,-0.233551561832428,-0.936641991138458
0.31258487701416,0.303268283605576,1.2799985408783,0.185100525617599,0.183762773871422,-0.233747005462646,-0.936659693717956
0.312728762626648,0.303151547908783,1.27991151809692,0.184114947915077,0.183071255683899,-0.233820050954819,-0.936971068382263
0.312881886959076,0.303106218576431,1.27996122837067,0.183659717440605,0.182741478085518,-0.2337556630373,-0.937140822410584
0.31293123960495,0.303231775760651,1.27994954586029,0.183984637260437,0.182650059461594,-0.233846053481102,-0.937072396278381
0.312999665737152,0.303288578987122,1.27992808818817,0.184187889099121,0.18239463865757,-0.233833268284798,-0.937085449695587
0.313084602355957,0.303344160318375,1.27991533279419,0.184369817376137,0.182175025343895,-0.233803510665893,-0.937099874019623
0.31326425075531,0.303504765033722,1.27988183498383,0.184516191482544,0.182026877999306,-0.233987957239151,-0.937053680419922
0.31336498260498,0.303581237792969,1.279865026474,0.185190781950951,0.181736662983894,-0.234050512313843,-0.936961352825165
0.313492715358734,0.303670167922974,1.27983641624451,0.185483023524284,0.181467831134796,-0.233930170536041,-0.936985611915588
0.313613593578339,0.303746521472931,1.27982580661774,0.185767963528633,0.181214734911919,-0.233785971999168,-0.937014222145081
0.31370484828949,0.30394184589386,1.27974367141724,0.185982808470726,0.18091382086277,-0.233903706073761,-0.937000393867493
0.313823938369751,0.30403083562851,1.27972459793091,0.186080545186996,0.18065319955349,-0.233852416276932,-0.937044084072113
0.313934981822967,0.304060459136963,1.27970671653748,0.185375094413757,0.180428683757782,-0.23352387547493,-0.93730902671814
0.314047157764435,0.304338991641998,1.27982759475708,0.186907395720482,0.180577918887138,-0.233703956007957,-0.936931073665619
0.314203917980194,0.304440319538116,1.27982985973358,0.187057703733444,0.180446073412895,-0.233545139431953,-0.936966001987457
0.314339876174927,0.30453085899353,1.27982568740845,0.187216937541962,0.18033355474472,-0.233360022306442,-0.937002003192902
0.314481675624847,0.304661244153976,1.27981853485107,0.187331765890121,0.180203765630722,-0.233243137598038,-0.937033116817474
0.314667046070099,0.304727792739868,1.27979254722595,0.187407970428467,0.179993659257889,-0.233010083436966,-0.937116265296936
0.314838826656341,0.304864972829819,1.27979862689972,0.187496170401573,0.179827436804771,-0.23288893699646,-0.937160611152649
0.315068781375885,0.305006176233292,1.27981102466583,0.187546193599701,0.179492995142937,-0.232693791389465,-0.937263190746307
0.315231263637543,0.305077433586121,1.27981424331665,0.187600061297417,0.179367914795875,-0.23247566819191,-0.937330543994904
0.315350711345673,0.305146276950836,1.27981400489807,0.187293663620949,0.179417356848717,-0.232018351554871,-0.937495648860931
0.315350711345673,0.305146276950836,1.27981400489807,0.187293663620949,0.179417356848717,-0.232018351554871,-0.937495648860931
0.315746545791626,0.305378973484039,1.27984166145325,0.187603071331978,0.179345831274986,-0.231636539101601,-0.937541842460632
0.316108614206314,0.305644541978836,1.27979207038879,0.187916487455368,0.179228290915489,-0.231525018811226,-0.937529146671295
0.316169291734695,0.305996358394623,1.27971947193146,0.188394114375114,0.179246097803116,-0.231757953763008,-0.937372267246246
0.316393107175827,0.306105315685272,1.27973878383636,0.188331216573715,0.179102182388306,-0.231589958071709,-0.937453985214233
0.316636234521866,0.306226938962936,1.27971029281616,0.18930958211422,0.179568603634834,-0.231290876865387,-0.937241494655609
0.316889345645904,0.306345015764236,1.27970206737518,0.189466923475266,0.17952498793602,-0.231067553162575,-0.937273144721985
0.317156970500946,0.306475460529327,1.27964329719543,0.189437955617905,0.179309874773026,-0.230870366096496,-0.93736869096756
0.317379206418991,0.306576013565063,1.27960312366486,0.190330937504768,0.179735988378525,-0.230536207556724,-0.937188506126404
0.317675530910492,0.306730002164841,1.27955913543701,0.189609333872795,0.179651230573654,-0.230455681681633,-0.937370717525482
0.317932665348053,0.306798309087753,1.27950382232666,0.189660310745239,0.179466679692268,-0.230196207761764,-0.937459528446198
0.318231076002121,0.30698150396347,1.27944755554199,0.189688369631767,0.179391354322433,-0.229963362216949,-0.937525451183319
0.318482398986816,0.307046413421631,1.2793904542923,0.192445009946823,0.181878417730331,-0.227408736944199,-0.937107503414154
0.31876203417778,0.307125091552734,1.27933168411255,0.192399889230728,0.181855037808418,-0.227038607001305,-0.937211036682129
0.319163680076599,0.30735981464386,1.27922677993774,0.18972085416317,0.179145380854607,-0.228933542966843,-0.937817990779877
0.31950980424881,0.307504147291183,1.27915155887604,0.189325988292694,0.179212778806686,-0.228894293308258,-0.937894403934479
0.319881439208984,0.307659298181534,1.27908086776733,0.189126089215279,0.179221719503403,-0.228527203202248,-0.938022553920746
0.320337563753128,0.307840317487717,1.27899134159088,0.188925489783287,0.179018378257751,-0.228119611740112,-0.938200950622559
0.32079690694809,0.308097690343857,1.27881622314453,0.19060292840004,0.17934188246727,-0.22818611562252,-0.937783658504486
0.321243703365326,0.308289468288422,1.27868914604187,0.191443279385567,0.179695665836334,-0.227416053414345,-0.937731862068176
0.321715086698532,0.308557152748108,1.27856802940369,0.192441880702972,0.179208353161812,-0.227149114012718,-0.937685370445252
0.322058796882629,0.308603882789612,1.27843570709229,0.194258630275726,0.18152266740799,-0.224095389246941,-0.937600255012512
0.322471797466278,0.30880019068718,1.2783215045929,0.191882014274597,0.179190516471863,-0.225390404462814,-0.938227772712708
0.322954297065735,0.308631539344788,1.27829849720001,0.190812975168228,0.179097712039948,-0.22454035282135,-0.938667178153992
0.323063343763351,0.30915230512619,1.27727615833282,0.188734978437424,0.177074015140533,-0.225720167160034,-0.939188182353973
0.324152410030365,0.308161616325378,1.2750551700592,0.177400723099709,0.169809386134148,-0.225980803370476,-0.942669808864594
0.323833286762237,0.309725224971771,1.27697849273682,0.192766427993774,0.17958302795887,-0.222508162260055,-0.938659191131592
0.324394702911377,0.310085296630859,1.27684223651886,0.191312521696091,0.177567139267921,-0.224264174699783,-0.938922226428986
0.325229227542877,0.310207694768906,1.2767333984375,0.19064961373806,0.177123010158539,-0.223536491394043,-0.939314484596252
0.325556367635727,0.310743272304535,1.27655720710754,0.191712707281113,0.17750746011734,-0.223339006304741,-0.939072489738464
0.326103866100311,0.311035096645355,1.27644348144531,0.191383391618729,0.17720539867878,-0.222951352596283,-0.939288794994354
0.326644867658615,0.311264246702194,1.27630484104156,0.191371411085129,0.177114009857178,-0.222404435276985,-0.939438045024872
0.32725527882576,0.311707049608231,1.27623724937439,0.191155970096588,0.176904201507568,-0.222128510475159,-0.939586699008942
0.327800393104553,0.311962842941284,1.27616310119629,0.192944794893265,0.178019449114799,-0.221350193023682,-0.939194083213806
0.328419506549835,0.312246799468994,1.27591383457184,0.19324766099453,0.177569597959518,-0.221308678388595,-0.939226806163788
0.329112708568573,0.31257575750351,1.27568030357361,0.195044234395027,0.179734632372856,-0.218410894274712,-0.939121961593628
0.330012112855911,0.312697768211365,1.27550601959229,0.195013344287872,0.179470956325531,-0.217418968677521,-0.939408838748932
0.330562233924866,0.313234835863113,1.27526342868805,0.196127355098724,0.17962521314621,-0.217159390449524,-0.939207494258881
0.331291943788528,0.313599616289139,1.27507877349854,0.195099294185638,0.177235335111618,-0.218536093831062,-0.939556241035461
0.332013845443726,0.313977241516113,1.2749000787735,0.194916740059853,0.176998198032379,-0.217865407466888,-0.939794540405273
0.332013845443726,0.313977241516113,1.2749000787735,0.194916740059853,0.176998198032379,-0.217865407466888,-0.939794540405273
0.333927512168884,0.314665913581848,1.27440690994263,0.195395439863205,0.176980018615723,-0.216381579637527,-0.940041363239288
0.334693431854248,0.314972817897797,1.27423691749573,0.19784365594387,0.179054066538811,-0.213789582252502,-0.939729511737824
0.335607200860977,0.315464496612549,1.27398025989532,0.196028038859367,0.176477938890457,-0.214794054627418,-0.940368056297302
0.336280792951584,0.316012501716614,1.27372050285339,0.199363768100738,0.179307848215103,-0.211955517530441,-0.939775347709656
0.337385565042496,0.316199690103531,1.27347505092621,0.196999952197075,0.176898747682571,-0.212973400950432,-0.94049996137619
0.338159173727036,0.316463947296143,1.27313888072968,0.201551869511604,0.180838361382484,-0.208754077553749,-0.939731955528259
0.339423716068268,0.317136645317078,1.2727757692337,0.199644863605499,0.178613469004631,-0.209074765443802,-0.940492928028107
0.340370208024979,0.317613482475281,1.27247059345245,0.199685335159302,0.178563043475151,-0.208285674452782,-0.940669000148773
0.341507852077484,0.318162262439728,1.27212560176849,0.197829648852348,0.176455795764923,-0.209942907094955,-0.941090166568756
0.342749148607254,0.318740248680115,1.27172005176544,0.199522286653519,0.176896512508392,-0.209108233451843,-0.940835952758789
0.343450307846069,0.318795263767242,1.27145397663116,0.203824013471603,0.180797070264816,-0.20402280986309,-0.940288722515106
0.344471514225006,0.319268733263016,1.27109491825104,0.203680619597435,0.180615484714508,-0.203245297074318,-0.940523028373718
0.345720767974854,0.319646596908569,1.27081978321075,0.203996881842613,0.181142389774323,-0.202134370803833,-0.940592586994171
0.346803307533264,0.320865869522095,1.27004516124725,0.20461517572403,0.181032612919807,-0.202521905303001,-0.940396010875702
0.348292917013168,0.32108861207962,1.27006614208221,0.204554170370102,0.1812923848629,-0.200458377599716,-0.940801322460175
0.348944067955017,0.322200357913971,1.26929843425751,0.205923303961754,0.181708842515945,-0.200962051749229,-0.940314650535584
0.350784122943878,0.322651207447052,1.26911449432373,0.206319749355316,0.181673631072044,-0.198562458157539,-0.940744280815124
0.351833552122116,0.323022484779358,1.26872682571411,0.212262570858002,0.183558166027069,-0.199614718556404,-0.938831686973572
0.353356182575226,0.323000192642212,1.26862466335297,0.202766180038452,0.178864866495132,-0.198794558644295,-0.942005336284638
0.354711353778839,0.324213922023773,1.26797819137573,0.206098467111587,0.182058706879616,-0.195200383663177,-0.941421687602997
0.355831146240234,0.325065553188324,1.26759600639343,0.215891927480698,0.18494425714016,-0.197433412075043,-0.938193142414093
0.357361137866974,0.325455963611603,1.26751828193665,0.208419725298882,0.183480218052864,-0.192570552229881,-0.941176354885101
0.358727097511292,0.326542377471924,1.26679575443268,0.208444654941559,0.183392331004143,-0.191938117146492,-0.941317081451416
0.362003326416016,0.329784005880356,1.26741695404053,0.399364441633224,0.270750164985657,-0.1820959597826,-0.856763422489166
0.363168507814407,0.330779731273651,1.2668651342392,0.400522083044052,0.271909773349762,-0.18182846903801,-0.855912089347839
0.36282604932785,0.329079270362854,1.26523303985596,0.210475951433182,0.184759214520454,-0.189304307103157,-0.941131114959717
0.366385608911514,0.3320552110672,1.26621055603027,0.404556483030319,0.273495674133301,-0.177543714642525,-0.854407668113708
0.367754459381104,0.333064824342728,1.26561892032623,0.406134992837906,0.274238258600235,-0.176578149199486,-0.85362046957016
0.369915246963501,0.333218574523926,1.26564693450928,0.406285971403122,0.274941474199295,-0.173913165926933,-0.853869557380676
0.371206820011139,0.334177613258362,1.26526069641113,0.407812505960464,0.276052385568619,-0.172730892896652,-0.853022873401642
0.370843291282654,0.332228004932404,1.2638326883316,0.211378276348114,0.18823516368866,-0.180763691663742,-0.941918969154358
0.372802674770355,0.33271598815918,1.26429033279419,0.212796404957771,0.191659599542618,-0.176479041576385,-0.941721618175507
0.374249577522278,0.333278179168701,1.26398146152496,0.21261765062809,0.192534729838371,-0.174757808446884,-0.941904366016388
0.376163959503174,0.333785086870193,1.26359903812408,0.214024424552917,0.192580193281174,-0.173253700137138,-0.941854298114777
0.377703011035919,0.334428310394287,1.26321864128113,0.213814049959183,0.193644791841507,-0.171006292104721,-0.942094564437866
0.379487067461014,0.334653735160828,1.26308846473694,0.213876947760582,0.195074573159218,-0.168175011873245,-0.942295014858246
0.381413817405701,0.33558002114296,1.26263415813446,0.215172052383423,0.195749416947365,-0.166876554489136,-0.94209098815918
0.382677882909775,0.336300730705261,1.25899350643158,0.204813987016678,0.190165117383003,-0.168392330408096,-0.945268452167511
0.384718179702759,0.337237656116486,1.25838160514832,0.205151826143265,0.191423580050468,-0.165939494967461,-0.945374965667725
0.38631534576416,0.337844341993332,1.25792491436005,0.20612758398056,0.19192162156105,-0.164411678910255,-0.945328712463379
0.388387322425842,0.339080095291138,1.25750923156738,0.207506939768791,0.193199768662453,-0.163197249174118,-0.944976925849915
0.389290988445282,0.339714348316193,1.25680458545685,0.208480477333069,0.194678589701652,-0.1613939255476,-0.944768846035004
0.38986349105835,0.340005576610565,1.25704526901245,0.206936478614807,0.197160467505455,-0.159044191241264,-0.944992065429688
0.393494516611099,0.341413736343384,1.25540375709534,0.209623143076897,0.196372523903847,-0.155712082982063,-0.945118963718414
0.395082950592041,0.341959655284882,1.25488388538361,0.210941344499588,0.197748243808746,-0.154456898570061,-0.94474470615387
0.397069692611694,0.34306401014328,1.25424039363861,0.211898669600487,0.198766753077507,-0.153353810310364,-0.944496393203735
0.398980677127838,0.343510180711746,1.25396370887756,0.212255164980888,0.200123965740204,-0.150225088000297,-0.944632470607758
0.401012539863586,0.344212859869003,1.25319445133209,0.212979212403297,0.201103791594505,-0.14823006093502,-0.944576621055603
0.402930796146393,0.344569772481918,1.25247085094452,0.211832106113434,0.201802670955658,-0.145664945244789,-0.945084452629089
0.404940754175186,0.345394015312195,1.25183510780334,0.211999982595444,0.203124180436134,-0.143776088953018,-0.945052981376648
0.406844764947891,0.346160173416138,1.25117003917694,0.212753117084503,0.204418048262596,-0.141488671302795,-0.944949924945831
0.408947318792343,0.347087860107422,1.25042772293091,0.212398245930672,0.206335127353668,-0.138494729995728,-0.945056617259979
0.410670608282089,0.347508043050766,1.24963653087616,0.18482868373394,0.191690355539322,-0.144185841083527,-0.953049659729004
0.412178158760071,0.349206298589706,1.25065624713898,0.210261076688766,0.206861674785614,-0.132807582616806,-0.946235001087189
0.414083689451218,0.349591076374054,1.24998307228088,0.223952054977417,0.213182955980301,-0.132916077971458,-0.941664397716522
0.416303813457489,0.35083395242691,1.24890184402466,0.211654931306839,0.209098786115646,-0.129083797335625,-0.945947885513306
0.418309092521667,0.351267278194427,1.24823367595673,0.189866498112679,0.199540495872498,-0.133202835917473,-0.952045857906342
0.421407401561737,0.353363394737244,1.24728453159332,0.217260256409645,0.210015386343002,-0.130852982401848,-0.944229364395142
0.422726094722748,0.353079617023468,1.24657464027405,0.217153340578079,0.2134790122509,-0.124148242175579,-0.94438248872757
0.424639523029327,0.354404270648956,1.24545538425446,0.230241134762764,0.220136612653732,-0.121059723198414,-0.940145373344421
0.426381677389145,0.354592055082321,1.2452095746994,0.228525072336197,0.223125666379929,-0.116775423288345,-0.940401434898376
0.428408443927765,0.35545140504837,1.24401640892029,0.230770289897919,0.22367724776268,-0.115413576364517,-0.939890086650848
0.431245505809784,0.356446862220764,1.24317836761475,0.221786051988602,0.218825295567513,-0.117233127355576,-0.942964971065521
0.432675570249557,0.356879085302353,1.24206054210663,0.23400953412056,0.226861894130707,-0.110300920903683,-0.938939273357391
0.435601532459259,0.358039379119873,1.24122285842896,0.224012851715088,0.222220629453659,-0.112184889614582,-0.942258417606354
0.437051713466644,0.35843101143837,1.2400244474411,0.236527800559998,0.229707762598991,-0.105210334062576,-0.938200294971466
0.439521193504333,0.359045743942261,1.23910880088806,0.23723840713501,0.231348782777786,-0.101910397410393,-0.937981903553009
0.441981434822083,0.360009491443634,1.23773121833801,0.229353114962578,0.226586207747459,-0.104460373520851,-0.940820932388306
0.443916887044907,0.360179603099823,1.23679304122925,0.23068867623806,0.228883877396584,-0.100428059697151,-0.940377116203308
0.446496307849884,0.359499752521515,1.23295044898987,0.219253152608871,0.223991423845291,-0.100099764764309,-0.944317698478699
0.448141574859619,0.359609186649323,1.23176503181458,0.230905622243881,0.231476694345474,-0.0927244052290916,-0.940480351448059
0.450351059436798,0.35998922586441,1.2306215763092,0.231813445687294,0.233967214822769,-0.0878033116459846,-0.940112948417664
0.451849520206451,0.361636936664581,1.23160755634308,0.247528105974197,0.241722330451012,-0.0813980028033256,-0.934705555438995
0.455248475074768,0.361241310834885,1.22798264026642,0.225053757429123,0.23153056204319,-0.0861999839544296,-0.942504107952118
0.456378668546677,0.362751454114914,1.22904026508331,0.249848231673241,0.243224680423736,-0.0762777850031852,-0.934130191802978
0.458706915378571,0.363266736268997,1.22772431373596,0.251363515853882,0.245040997862816,-0.0730617865920066,-0.933505952358246
0.460552871227264,0.363239496946335,1.22636032104492,0.254795730113983,0.246704563498497,-0.0684679448604583,-0.932484984397888
0.462698101997375,0.36360889673233,1.22508502006531,0.254211515188217,0.24742816388607,-0.0660488829016685,-0.932627141475678
0.464721530675888,0.363836228847504,1.22367513179779,0.258008152246475,0.249547451734543,-0.0617816112935543,-0.931311428546906
0.467068076133728,0.364222764968872,1.22235953807831,0.257923036813736,0.250037133693695,-0.0594164095818996,-0.931357562541962
0.468934953212738,0.36472025513649,1.22102510929108,0.260352164506912,0.252072155475616,-0.0562805272638797,-0.930327296257019
0.471663236618042,0.363408207893372,1.21726369857788,0.247973322868347,0.247830167412758,-0.0554024428129196,-0.934890329837799
0.47370320558548,0.363617062568664,1.21601629257202,0.249385878443718,0.249665945768356,-0.0518682338297367,-0.934228718280792
0.475540101528168,0.363507837057114,1.21461129188538,0.250317901372909,0.250874310731888,-0.0482806153595447,-0.933847963809967
0.477125138044357,0.365675866603851,1.21559464931488,0.266877949237823,0.25782984495163,-0.0426294431090354,-0.927622020244598
0.478819698095322,0.365155577659607,1.21434140205383,0.267673224210739,0.258976191282272,-0.0386320687830448,-0.927248656749725
0.480914622545242,0.365464687347412,1.21308934688568,0.269763708114624,0.260349690914154,-0.035468079149723,-0.926384210586548
0.482951372861862,0.36573737859726,1.21173453330994,0.271489322185516,0.262693852186203,-0.031268760561943,-0.925369024276733
0.484586596488953,0.365787982940674,1.21049201488495,0.272592782974243,0.264586448669434,-0.0278052631765604,-0.924615621566772
0.484586596488953,0.365787982940674,1.21049201488495,0.272592782974243,0.264586448669434,-0.0278052631765604,-0.924615621566772
0.487250506877899,0.364631831645966,1.20666241645813,0.265009045600891,0.266276121139526,-0.0225198492407798,-0.926477253437042
0.489072382450104,0.364514261484146,1.20539462566376,0.265305310487747,0.26771405339241,-0.0190738812088966,-0.926055371761322
0.490717977285385,0.364623248577118,1.20420587062836,0.262650489807129,0.268261939287186,-0.0167241189628839,-0.926698744297028
0.492093235254288,0.364459902048111,1.20291006565094,0.262924075126648,0.270668834447861,-0.0117195425555109,-0.925997793674469
0.493793904781341,0.36458945274353,1.2017103433609,0.271940290927887,0.274808794260025,-0.0081951515749096,-0.922204732894898
0.495549649000168,0.364728033542633,1.2004919052124,0.269137680530548,0.27608197927475,-0.0064684841781854,-0.922660171985626
0.496565997600555,0.364080607891083,1.19916105270386,0.265117764472961,0.276885122060776,-0.0017819446511566,-0.92360383272171
0.497945070266724,0.365202128887177,1.19965505599976,0.276058286428451,0.28105092048645,0.0040555843152105,-0.919122219085693
0.499762624502182,0.365490794181824,1.19854021072388,0.278357595205307,0.283240973949432,0.0069301309995353,-0.917738318443298
0.501256108283997,0.365471094846725,1.19737112522125,0.279708981513977,0.285028725862503,0.0110451467335224,-0.916733086109161
0.502828299999237,0.365411818027496,1.1961817741394,0.281695812940597,0.286879688501358,0.0143525404855608,-0.91550076007843
0.504286825656891,0.365155398845673,1.19484961032867,0.281709313392639,0.288143128156662,0.0182047951966524,-0.91503119468689
0.505731999874115,0.365086376667023,1.19361984729767,0.284025222063065,0.291065186262131,0.0226501394063234,-0.913289546966553
0.507389664649963,0.364957273006439,1.19252967834473,0.286094278097153,0.292549788951874,0.0269112829118967,-0.912052929401398
0.508844077587128,0.364869058132172,1.19118690490723,0.288860827684402,0.294340521097183,0.0301106330007314,-0.910503387451172
0.511075377464294,0.365422189235687,1.19005942344666,0.288751751184464,0.294683367013931,0.0292538423091173,-0.910454988479614
0.512569427490234,0.365255773067474,1.18875479698181,0.291392117738724,0.296889096498489,0.0330826081335544,-0.908764541149139
0.51376348733902,0.365111231803894,1.18752419948578,0.293343216180801,0.299854278564453,0.0364960841834545,-0.907030999660492
0.515259861946106,0.365159630775452,1.18640780448914,0.29529869556427,0.301245540380478,0.0403885878622531,-0.90576958656311
0.516341507434845,0.365077763795853,1.18501806259155,0.295953929424286,0.304095357656479,0.0430733077228069,-0.904478907585144
0.51783686876297,0.365081667900085,1.18378508090973,0.297541797161102,0.30699160695076,0.0460519790649414,-0.902831315994263
0.519278049468994,0.364807486534119,1.18254637718201,0.298602521419525,0.308620125055313,0.0497473962604999,-0.901729166507721
0.522128641605377,0.365348070859909,1.18119895458221,0.30136775970459,0.310306996107101,0.0518496334552764,-0.900110483169556
0.523418784141541,0.365256249904633,1.17994689941406,0.304141521453857,0.312343090772629,0.0556052476167678,-0.898247122764587
0.524726152420044,0.36516073346138,1.17872989177704,0.303354740142822,0.314160823822021,0.05834436789155,-0.897705316543579
0.52448982000351,0.364497482776642,1.17738437652588,0.305269360542297,0.317609697580338,0.062838889658451,-0.895536720752716
0.526392340660095,0.363914668560028,1.17583346366882,0.308546811342239,0.319065988063812,0.0697642862796783,-0.893380582332611
0.527639389038086,0.363839983940125,1.17450058460236,0.31542956829071,0.322337299585342,0.0735666006803512,-0.889489114284515
0.529312133789062,0.363927960395813,1.17321121692657,0.308758467435837,0.321720600128174,0.0720305442810058,-0.892174780368805
0.530325949192047,0.363479793071747,1.17172956466675,0.310610979795456,0.323731452226639,0.0758332759141922,-0.890487611293793
0.53141313791275,0.363412439823151,1.17045438289642,0.313018649816513,0.326093971729279,0.0795536413788795,-0.888455629348755
0.532482743263245,0.363059341907501,1.16920638084412,0.312522917985916,0.32819589972496,0.0812800005078315,-0.887699544429779
0.532948553562164,0.362520724534988,1.16778600215912,0.319018542766571,0.332739323377609,0.0882052257657051,-0.883024156093597
0.534426033496857,0.362551867961883,1.1665346622467,0.313005864620209,0.332878559827805,0.086705595254898,-0.885269105434418
0.535216569900513,0.36221319437027,1.16527247428894,0.313467979431152,0.334550470113754,0.090361587703228,-0.88410896062851
0.536084413528442,0.362087249755859,1.16396582126617,0.315851658582687,0.33657118678093,0.0938908159732818,-0.882123649120331
0.537037014961243,0.3616544008255,1.16262543201447,0.314196199178696,0.338192969560623,0.0959031879901886,-0.881878018379211
0.537685811519623,0.360950767993927,1.16144156455994,0.315823614597321,0.340045720338821,0.0997088253498077,-0.880160570144653
0.538442075252533,0.360613435506821,1.16023206710815,0.314981549978256,0.342091411352158,0.100598677992821,-0.879568219184875
0.539206922054291,0.360410690307617,1.15897953510284,0.31758451461792,0.344131469726562,0.105417005717754,-0.877268970012665
0.539951086044312,0.360059678554535,1.15768575668335,0.317291259765625,0.346216380596161,0.107670329511166,-0.876280605792999
0.540501713752747,0.359679907560349,1.15651965141296,0.31792825460434,0.348023146390915,0.111218199133873,-0.874889731407166
0.540537893772125,0.358926236629486,1.15526711940765,0.320256263017654,0.351253867149353,0.117361038923263,-0.871942102909088
0.541325509548187,0.357946634292602,1.15573358535767,0.322335809469223,0.354025036096573,0.122832477092743,-0.869297504425049
0.541580557823181,0.35835263133049,1.15278542041779,0.322617679834366,0.355238348245621,0.122938923537731,-0.868682682514191
0.542254447937012,0.358085095882416,1.15157771110535,0.32351416349411,0.357123166322708,0.12645348906517,-0.867070496082306
0.5432368516922,0.358333110809326,1.15067088603973,0.323452204465866,0.359010368585586,0.125906437635422,-0.866393566131592
0.543729841709137,0.357874363660812,1.1494882106781,0.323480486869812,0.360942780971527,0.128888607025146,-0.865140736103058
0.543590009212494,0.356747269630432,1.14835929870605,0.324626445770264,0.363255739212036,0.135145589709282,-0.862785458564758
0.545127034187317,0.356656908988953,1.14712595939636,0.326294183731079,0.364265024662018,0.137806877493858,-0.861308515071869
0.545392751693726,0.35613089799881,1.14588499069214,0.327027767896652,0.366088926792145,0.14018189907074,-0.859872579574585
0.545640349388123,0.355742752552032,1.14469504356384,0.327919065952301,0.368418455123901,0.143673464655876,-0.857959747314453
0.545939326286316,0.35536727309227,1.14357399940491,0.328348815441132,0.370648175477982,0.146193295717239,-0.856407940387726
0.546062767505646,0.354854345321655,1.14254260063171,0.329290002584457,0.373337507247925,0.148531824350357,-0.854473829269409
0.546416521072388,0.354504227638245,1.14137959480286,0.328261613845825,0.375334829092026,0.151244685053825,-0.853518128395081
0.546557903289795,0.353882849216461,1.14021527767181,0.32986781001091,0.377288192510605,0.154803439974785,-0.851396977901459
0.546788096427917,0.353398203849792,1.13889932632446,0.330547958612442,0.378394365310669,0.158163905143738,-0.850023567676544
0.54688036441803,0.35290589928627,1.13767802715302,0.331950336694717,0.38074117898941,0.161137014627457,-0.847868025302887
0.54703962802887,0.352464079856873,1.13625597953796,0.333164364099503,0.381753295660019,0.164698675274849,-0.846250653266907
0.54703962802887,0.352464079856873,1.13625597953796,0.333164364099503,0.381753295660019,0.164698675274849,-0.846250653266907
0.547361969947815,0.351358950138092,1.13392543792725,0.335400551557541,0.384957909584045,0.170735776424408,-0.842711806297302
0.547538638114929,0.35065034031868,1.13252902030945,0.336225003004074,0.386453837156296,0.173813641071319,-0.841067850589752
0.547376811504364,0.350239366292953,1.13122165203094,0.336439460515976,0.3886838555336,0.177032873034477,-0.839281141757965
0.547922849655151,0.349755764007568,1.13015007972717,0.335627466440201,0.390035897493362,0.17697349190712,-0.838991522789001
0.547922849655151,0.349755764007568,1.13015007972717,0.335627466440201,0.390035897493362,0.17697349190712,-0.838991522789001
0.548098981380463,0.347990602254867,1.12917411327362,0.336597263813019,0.394346058368683,0.184103354811668,-0.83504456281662
0.548083305358887,0.347856640815735,1.12612628936768,0.335939764976501,0.395185202360153,0.184776797890663,-0.834763884544373
0.548083305358887,0.347856640815735,1.12612628936768,0.335939764976501,0.395185202360153,0.184776797890663,-0.834763884544373
0.548092722892761,0.345994234085083,1.12534844875336,0.337749868631363,0.398836106061935,0.192070990800857,-0.830640435218811
0.547471702098846,0.34566593170166,1.12268424034119,0.338328897953033,0.400779694318771,0.195170685648918,-0.828744649887085
0.547794938087463,0.345177739858627,1.12121605873108,0.339325934648514,0.401968330144882,0.197328254580498,-0.827249050140381
0.547685325145721,0.344737768173218,1.11993455886841,0.338436901569366,0.402801811695099,0.197544440627098,-0.827156245708466
0.547677218914032,0.344334602355957,1.11825633049011,0.338493645191193,0.404492110013962,0.19884817302227,-0.825995028018951
0.548363149166107,0.341009199619293,1.11476719379425,0.322386533021927,0.4051773250103,0.197413563728332,-0.832421898841858
0.548070132732391,0.340525507926941,1.11362063884735,0.322954267263412,0.407106280326843,0.199423044919968,-0.830780029296875
0.548072457313538,0.339731156826019,1.11483073234558,0.327189058065414,0.409921199083328,0.20406174659729,-0.826601982116699
0.547985970973969,0.339418530464172,1.11346995830536,0.328328102827072,0.41137570142746,0.205992937088013,-0.824946999549866
0.548072814941406,0.338675737380981,1.11225080490112,0.328743010759354,0.412576466798782,0.207404136657715,-0.823827862739563
0.547575116157532,0.33831524848938,1.11083245277405,0.328002423048019,0.415723323822021,0.209792479872703,-0.821934163570404
0.547539591789246,0.337806344032288,1.10968828201294,0.331212967634201,0.416156768798828,0.213455438613892,-0.819480538368225
0.547114253044128,0.336961388587952,1.1084588766098,0.332156658172607,0.416812121868133,0.216404244303703,-0.817990779876709
0.546923458576202,0.33668977022171,1.10707461833954,0.331990540027618,0.41824933886528,0.217643424868584,-0.81699526309967
0.546729445457458,0.336202800273895,1.10577118396759,0.334139674901962,0.419188946485519,0.21977162361145,-0.815065562725067
0.545908093452454,0.338464379310608,1.10637760162354,0.351073712110519,0.420322626829147,0.226387426257133,-0.805496692657471
0.546664535999298,0.335054934024811,1.10316300392151,0.335369527339935,0.421577781438828,0.222918152809143,-0.812469720840454
0.546211659908295,0.334844678640366,1.10204041004181,0.3359355032444,0.423516631126404,0.224337637424469,-0.810835242271423
0.545930624008179,0.334544092416763,1.10056591033936,0.337007105350494,0.424750238656998,0.225834503769874,-0.809328258037567
0.545809686183929,0.333678305149078,1.09924733638763,0.337930649518967,0.425586491823196,0.227768808603287,-0.807960689067841
0.545312166213989,0.333566308021545,1.09846496582031,0.339135348796844,0.427480161190033,0.2293860912323,-0.805996298789978
0.545318186283112,0.333106279373169,1.09683036804199,0.339170098304748,0.428169846534729,0.230280429124832,-0.805360317230225
0.544936239719391,0.333012282848358,1.09578442573547,0.339583784341812,0.429733753204346,0.23138652741909,-0.804034829139709
0.544816970825195,0.332347691059112,1.09458756446838,0.339452892541885,0.430535942316055,0.232515037059784,-0.803335130214691
0.544156193733215,0.331949442625046,1.09374785423279,0.339557558298111,0.432353913784027,0.233651429414749,-0.801983654499054
0.543991267681122,0.331470161676407,1.09211993217468,0.341139554977417,0.432515978813171,0.235055759549141,-0.800813674926758
0.543421506881714,0.331519275903702,1.09127914905548,0.341809898614883,0.434293895959854,0.236013799905777,-0.799282491207123
0.543126165866852,0.331261515617371,1.09032618999481,0.342297166585922,0.43575444817543,0.237528532743454,-0.797828912734985
0.542803108692169,0.330739468336105,1.08925688266754,0.342633217573166,0.436856091022491,0.238849475979805,-0.796687126159668
0.542304813861847,0.330292701721191,1.08818960189819,0.343357801437378,0.438220769166946,0.240363448858261,-0.795168817043304
0.542097389698029,0.330126851797104,1.08728551864624,0.341740041971207,0.440254896879196,0.238961651921272,-0.795164585113525
0.541611671447754,0.330028861761093,1.08606433868408,0.342825263738632,0.44189789891243,0.240649163722992,-0.793274939060211
0.541361331939697,0.329920470714569,1.08509290218353,0.341962784528732,0.442859947681427,0.239665478467941,-0.793408513069153
0.540667951107025,0.329507678747177,1.08412432670593,0.343767791986465,0.443989902734756,0.24305571615696,-0.790961921215057
0.540197372436523,0.329039305448532,1.08334732055664,0.345248609781265,0.445213347673416,0.244585260748863,-0.789155721664429
0.540197372436523,0.329039305448532,1.08334732055664,0.345248609781265,0.445213347673416,0.244585260748863,-0.789155721664429
0.539242088794708,0.328611344099045,1.08125996589661,0.345881521701813,0.447474867105484,0.246079102158546,-0.787132441997528
0.538890480995178,0.328447997570038,1.08040404319763,0.34679439663887,0.448453783988953,0.247057691216469,-0.78586608171463
0.538639485836029,0.328247964382172,1.0794997215271,0.347561419010162,0.44995653629303,0.247201681137085,-0.784621953964233
0.538136065006256,0.328000634908676,1.07863581180573,0.348097056150436,0.450362503528595,0.248391211032867,-0.783775448799133
0.53801554441452,0.32787948846817,1.07788872718811,0.34719181060791,0.451931804418564,0.247705146670341,-0.783490717411041
0.53737485408783,0.327514737844467,1.07704842090607,0.347160369157791,0.453884214162826,0.249670997262001,-0.781750023365021
