x,y,z,q0,q1,q2,q3
-0.643988132476807,0.193530112504959,1.15976083278656,0.385832786560059,-0.503317654132843,-0.409163802862167,-0.656040608882904
-0.644322872161865,0.193319410085678,1.15973782539368,0.385821610689163,-0.50289648771286,-0.410311371088028,-0.655653476715088
-0.644773781299591,0.192584902048111,1.16038656234741,0.382939517498016,-0.505992531776428,-0.410334795713425,-0.654946088790894
-0.644986510276794,0.192078351974487,1.16083157062531,0.385066390037537,-0.501961350440979,-0.412676841020584,-0.655329465866089
-0.645291328430176,0.191725194454193,1.16109418869019,0.385069817304611,-0.501365184783936,-0.413802355527878,-0.655074000358582
-0.645539700984955,0.191225379705429,1.16154491901398,0.38469073176384,-0.500950992107391,-0.414980947971344,-0.654867947101593
-0.645889043807983,0.190742790699005,1.16191685199738,0.38438081741333,-0.500400483608246,-0.415949821472168,-0.654856085777283
-0.646185040473938,0.190268367528915,1.16229355335236,0.383716881275177,-0.500271260738373,-0.416956633329391,-0.654703915119171
-0.646383345127106,0.189733922481537,1.16269195079803,0.383887141942978,-0.499568492174149,-0.41805949807167,-0.65443742275238
-0.646670401096344,0.189587876200676,1.16277348995209,0.384593397378922,-0.499155521392822,-0.418981403112411,-0.653747856616974
-0.646854281425476,0.188802689313888,1.16340601444244,0.382900446653366,-0.498712837696075,-0.420018911361694,-0.654413342475891
-0.64714515209198,0.188522696495056,1.16360282897949,0.383923202753067,-0.498190701007843,-0.420946657657623,-0.653615295886993
-0.647314250469208,0.18782864511013,1.16430675983429,0.382463037967682,-0.497855693101883,-0.421884447336197,-0.654121875762939
-0.647583723068237,0.187409073114395,1.16460227966309,0.382257699966431,-0.497305870056152,-0.422783970832825,-0.654079139232635
-0.647775232791901,0.18673150241375,1.16505348682404,0.378582268953323,-0.501096248626709,-0.422324359416962,-0.653620779514313
-0.647775232791901,0.18673150241375,1.16505348682404,0.378582268953323,-0.501096248626709,-0.422324359416962,-0.653620779514313
-0.648279070854187,0.186005264520645,1.16590118408203,0.381172031164169,-0.496013194322586,-0.425530403852463,-0.65391331911087
-0.648482799530029,0.185580283403397,1.1663910150528,0.38073593378067,-0.495702117681503,-0.426510334014893,-0.653764843940735
-0.648521065711975,0.18504424393177,1.16685271263123,0.37980192899704,-0.495556175708771,-0.427535355091095,-0.653749287128448
-0.648718953132629,0.18482431769371,1.16695761680603,0.379412353038788,-0.495271742343903,-0.428162217140198,-0.65378075838089
-0.64887809753418,0.184103280305862,1.16773772239685,0.378665715456009,-0.494713097810745,-0.429493933916092,-0.653763234615326
-0.649002075195312,0.183705434203148,1.16815412044525,0.378197908401489,-0.494591593742371,-0.430544793605804,-0.653434634208679
-0.649178743362427,0.183228403329849,1.16860926151276,0.377636969089508,-0.494186103343964,-0.43163201212883,-0.653348565101624
-0.649339616298676,0.18282687664032,1.16907167434692,0.377023726701736,-0.493907243013382,-0.432507038116455,-0.65333479642868
-0.64956921339035,0.182522445917129,1.16944873332977,0.373512268066406,-0.498047232627869,-0.431727945804596,-0.652723968029022
-0.649616658687592,0.182455152273178,1.16964471340179,0.376062989234924,-0.493766009807587,-0.433831602334976,-0.653117120265961
-0.649818420410156,0.181829452514648,1.17032158374786,0.375427961349487,-0.493317067623138,-0.43500617146492,-0.65304046869278
-0.649975180625916,0.181400999426842,1.17079043388367,0.375661730766296,-0.492911964654922,-0.436247378587723,-0.65238356590271
-0.650168538093567,0.18096949160099,1.17125618457794,0.374536722898483,-0.49248206615448,-0.436918199062347,-0.652905941009521
-0.650363326072693,0.180600509047508,1.17165493965149,0.373905032873154,-0.49216678738594,-0.437748342752457,-0.652949571609497
-0.650644779205322,0.180371314287186,1.17192673683167,0.373303532600403,-0.492018014192581,-0.438506990671158,-0.652896881103516
-0.650776624679565,0.180083364248276,1.17230880260468,0.372763305902481,-0.491718918085098,-0.439544349908829,-0.652733325958252
-0.651051878929138,0.179981991648674,1.17250108718872,0.372702479362488,-0.4913310110569,-0.440240740776062,-0.652590990066528
-0.651236712932587,0.179525747895241,1.17284095287323,0.37202113866806,-0.491022288799286,-0.441124200820923,-0.652615427970886
-0.651532173156738,0.179040148854256,1.17352449893951,0.371945053339005,-0.490325182676315,-0.4422647356987,-0.652411043643951
-0.651754200458527,0.178768664598465,1.17385375499725,0.371716231107712,-0.490137577056885,-0.443159103393555,-0.652075409889221
-0.652004182338715,0.178695008158684,1.17377066612244,0.368744403123856,-0.494150519371033,-0.442437648773193,-0.651223182678223
-0.652192175388336,0.177885368466377,1.17443978786469,0.367773056030273,-0.49366819858551,-0.443739742040634,-0.651252567768097
-0.652391076087952,0.177605181932449,1.17470908164978,0.367555916309357,-0.493403375148773,-0.444698065519333,-0.650922119617462
-0.652546584606171,0.177462548017502,1.17504417896271,0.370261996984482,-0.489108771085739,-0.446725070476532,-0.651241421699524
-0.652836799621582,0.177242040634155,1.17526888847351,0.370543509721756,-0.488791853189468,-0.447685301303864,-0.650659680366516
-0.653129041194916,0.176895827054977,1.1756272315979,0.3692267537117,-0.488944202661514,-0.448751538991928,-0.650559186935425
-0.65339207649231,0.17655211687088,1.17564761638641,0.365907937288284,-0.492996841669083,-0.448095589876175,-0.649827539920807
-0.653512895107269,0.176332145929336,1.17587840557098,0.369270592927933,-0.488410860300064,-0.45001095533371,-0.650064766407013
-0.653666853904724,0.17595386505127,1.1760721206665,0.368391901254654,-0.488403469324112,-0.451072186231613,-0.64983344078064
-0.653808355331421,0.175636440515518,1.17615950107574,0.367589086294174,-0.488128572702408,-0.451557546854019,-0.650157272815704
-0.653960764408112,0.175343364477158,1.17628741264343,0.367108017206192,-0.488342195749283,-0.452515989542007,-0.649602115154266
-0.654366135597229,0.174961566925049,1.17640149593353,0.363561302423477,-0.492281973361969,-0.452148467302322,-0.648878574371338
-0.654585599899292,0.174825713038444,1.17653000354767,0.363520503044128,-0.492236942052841,-0.45293390750885,-0.648387730121613
-0.654780685901642,0.174635797739029,1.17663431167603,0.363288879394531,-0.492308229207992,-0.453626334667206,-0.647979319095612
-0.655007839202881,0.174384504556656,1.17680311203003,0.362255275249481,-0.492760241031647,-0.454358965158463,-0.64770096540451
-0.65518707036972,0.174138903617859,1.17686986923218,0.362715005874634,-0.492825269699097,-0.454669892787933,-0.64717561006546
-0.655346035957336,0.173937171697616,1.17699611186981,0.361541748046875,-0.49348983168602,-0.455519914627075,-0.646727919578552
-0.655549108982086,0.173800095915794,1.17722821235657,0.365115970373154,-0.488097667694092,-0.457953184843063,-0.647093415260315
-0.655712604522705,0.173505127429962,1.17721486091614,0.36181628704071,-0.492797762155533,-0.457048296928406,-0.646023273468018
-0.655824542045593,0.173329681158066,1.17728018760681,0.36272794008255,-0.492647141218185,-0.458146214485168,-0.644848346710205
-0.655861079692841,0.173170417547226,1.17734336853027,0.362354218959808,-0.492887288331985,-0.458680391311646,-0.644495069980621
-0.655916094779968,0.17311292886734,1.17745304107666,0.365346819162369,-0.488472074270248,-0.4606574177742,-0.644756853580475
-0.656062483787537,0.172838479280472,1.17747187614441,0.363490045070648,-0.488874763250351,-0.460943222045898,-0.645296812057495
-0.656207621097565,0.172959119081497,1.17706501483917,0.361319035291672,-0.493157237768173,-0.45971018075943,-0.644135892391205
-0.656262278556824,0.17249895632267,1.17746019363403,0.360255718231201,-0.493480682373047,-0.460591912269592,-0.643853962421417
-0.65637594461441,0.172350496053696,1.17753231525421,0.360184758901596,-0.49345725774765,-0.4610396027565,-0.643591046333313
-0.656438171863556,0.172223091125488,1.17758309841156,0.360059827566147,-0.493622153997421,-0.461396217346191,-0.643278777599335
-0.656501650810242,0.172067075967789,1.17764520645142,0.359816819429398,-0.493678271770477,-0.461764305830002,-0.64310759305954
-0.656597077846527,0.171888828277588,1.17768311500549,0.35995802283287,-0.493444591760635,-0.462034195661545,-0.643014013767242
-0.656570672988892,0.171728163957596,1.17780232429504,0.35959979891777,-0.49369090795517,-0.462323129177094,-0.642817676067352
-0.656658887863159,0.171630933880806,1.17782926559448,0.360103130340576,-0.493515729904175,-0.462216079235077,-0.642747461795807
-0.656785607337952,0.171544343233108,1.17789471149445,0.360083162784576,-0.493440806865692,-0.462356925010681,-0.64271479845047
-0.656785607337952,0.171544343233108,1.17789471149445,0.360083162784576,-0.493440806865692,-0.462356925010681,-0.64271479845047
-0.657017230987549,0.171435132622719,1.17795491218567,0.359914183616638,-0.493220686912537,-0.462752431631088,-0.642693698406219
-0.657087683677673,0.171500787138939,1.17778897285461,0.359862744808197,-0.493311822414398,-0.462617069482803,-0.642749965190887
-0.657118141651154,0.171067714691162,1.17815816402435,0.359544694423675,-0.493008255958557,-0.463068544864654,-0.642835855484009
-0.657177448272705,0.170970439910889,1.17821288108826,0.359406024217606,-0.492897063493729,-0.463127791881561,-0.642956018447876
-0.657251954078674,0.170858338475227,1.17829966545105,0.359409034252167,-0.492740035057068,-0.463217198848724,-0.643010377883911
-0.657278120517731,0.170798569917679,1.17827308177948,0.359356105327606,-0.492561548948288,-0.463297307491302,-0.643119096755981
-0.657335519790649,0.170705839991569,1.17832612991333,0.359345823526382,-0.492285907268524,-0.463420987129211,-0.643246591091156
-0.657379746437073,0.170558705925941,1.17837524414062,0.360370129346847,-0.491965532302856,-0.46368396282196,-0.642729043960571
-0.657464981079102,0.170567154884338,1.17838525772095,0.359731435775757,-0.492001593112946,-0.464011073112488,-0.642822980880737
-0.65754246711731,0.170476526021957,1.17841303348541,0.359743684530258,-0.491715222597122,-0.46405816078186,-0.64300137758255
-0.657606363296509,0.170249402523041,1.17857933044434,0.359670639038086,-0.491316586732864,-0.464269787073135,-0.643194198608398
-0.657577157020569,0.170109823346138,1.17866766452789,0.359633505344391,-0.49101847410202,-0.464483171701431,-0.643288493156433
-0.657696187496185,0.169952183961868,1.17873632907867,0.3596171438694,-0.490623563528061,-0.464532911777496,-0.643562734127045
-0.657756209373474,0.16984324157238,1.17881500720978,0.358712553977966,-0.490467250347137,-0.46417510509491,-0.644444584846497
-0.657798707485199,0.169680133461952,1.17890179157257,0.35970014333725,-0.489654541015625,-0.464113801717758,-0.644556283950806
-0.65787398815155,0.16953119635582,1.17900550365448,0.359687626361847,-0.48920938372612,-0.464296519756317,-0.644769489765167
-0.65791392326355,0.169407650828362,1.17913603782654,0.360451400279999,-0.48936653137207,-0.464150875806808,-0.644328415393829
-0.657892823219299,0.169321000576019,1.17932891845703,0.359648287296295,-0.488881677389145,-0.464608013629913,-0.644815564155579
-0.657892823219299,0.169321000576019,1.17932891845703,0.359648287296295,-0.488881677389145,-0.464608013629913,-0.644815564155579
-0.658076524734497,0.169142156839371,1.17961776256561,0.35927140712738,-0.488099366426468,-0.46486422419548,-0.64543354511261
-0.658123970031738,0.169031843543053,1.1798392534256,0.3592229783535,-0.487824380397797,-0.465017557144165,-0.645557761192322
-0.658119797706604,0.168914943933487,1.18000519275665,0.359008729457855,-0.487619131803513,-0.465162813663483,-0.645727336406708
-0.658120274543762,0.168608546257019,1.18037962913513,0.358455449342728,-0.487378895282745,-0.465363085269928,-0.64607173204422
-0.658120274543762,0.168608546257019,1.18037962913513,0.358455449342728,-0.487378895282745,-0.465363085269928,-0.64607173204422
-0.658225774765015,0.168854504823685,1.18039846420288,0.358446091413498,-0.487129002809524,-0.46529546380043,-0.646314203739166
-0.658215582370758,0.168812721967697,1.18053615093231,0.358162730932236,-0.486968964338303,-0.465526044368744,-0.646425724029541
-0.658234596252441,0.16888502240181,1.18076205253601,0.361030101776123,-0.48235809803009,-0.46701568365097,-0.647212862968445
-0.658289790153503,0.16885769367218,1.18090653419495,0.360953390598297,-0.482065111398697,-0.467192977666855,-0.647345781326294
-0.658394932746887,0.168804883956909,1.18102288246155,0.360896170139313,-0.481689900159836,-0.467366129159927,-0.647532045841217
-0.658451974391937,0.168799057602882,1.18112468719482,0.360844731330872,-0.481429100036621,-0.467462241649628,-0.647685289382935
-0.658482015132904,0.168742150068283,1.18123316764832,0.361380636692047,-0.481427043676376,-0.467281848192215,-0.647518217563629
-0.658556699752808,0.168586283922195,1.18131637573242,0.359102487564087,-0.485235393047333,-0.466618299484253,-0.646420359611511
-0.658574461936951,0.168270409107208,1.18170702457428,0.357803553342819,-0.484811514616013,-0.466859489679336,-0.647284150123596
-0.658610701560974,0.168567299842834,1.1814945936203,0.358069956302643,-0.484500646591187,-0.466824054718018,-0.647395014762878
-0.658700108528137,0.168767243623733,1.1816074848175,0.358886003494263,-0.483814865350723,-0.46731823682785,-0.647099673748016
-0.65865296125412,0.168824702501297,1.18178868293762,0.357544362545013,-0.483447313308716,-0.46816474199295,-0.647504866123199
-0.658647119998932,0.168401569128036,1.18219542503357,0.356956332921982,-0.483037650585175,-0.468704342842102,-0.647744476795197
-0.658673584461212,0.168407201766968,1.18231153488159,0.357678830623627,-0.482646375894547,-0.469401389360428,-0.647132873535156
-0.658688604831696,0.16840186715126,1.1824187040329,0.357581943273544,-0.4823397397995,-0.469732701778412,-0.647174477577209
-0.658702611923218,0.168380782008171,1.18251466751099,0.357576161623001,-0.482008516788483,-0.47014182806015,-0.647127330303192
-0.658715128898621,0.168393731117249,1.18261933326721,0.357507675886154,-0.48173913359642,-0.470509111881256,-0.64709883928299
-0.65873247385025,0.168670862913132,1.18245017528534,0.357876479625702,-0.481564253568649,-0.470422685146332,-0.647087931632996
-0.658753752708435,0.168631583452225,1.18258762359619,0.357731699943542,-0.481252908706665,-0.470777273178101,-0.647141695022583
-0.658752799034119,0.168589040637016,1.18272769451141,0.357263952493668,-0.48107722401619,-0.471015304327011,-0.647357523441315
-0.658776104450226,0.168532222509384,1.18289828300476,0.357013404369354,-0.480864763259888,-0.471314370632172,-0.647435963153839
-0.658809542655945,0.168352603912353,1.18315505981445,0.355785876512527,-0.480730384588242,-0.471234053373337,-0.648269355297089
-0.658775329589844,0.168013513088226,1.18355166912079,0.35501104593277,-0.480580270290375,-0.471686124801636,-0.648476719856262
-0.6587855219841,0.168154299259186,1.18344783782959,0.355422049760818,-0.480837672948837,-0.471206307411194,-0.64840966463089
-0.658731579780579,0.168126195669174,1.18360531330109,0.354185342788696,-0.480567693710327,-0.471862524747849,-0.648809313774109
-0.658701658248901,0.16763299703598,1.18417966365814,0.353552639484406,-0.480136156082153,-0.472580939531326,-0.648950755596161
-0.658643066883087,0.167785480618477,1.1842098236084,0.353488206863403,-0.48014822602272,-0.472729355096817,-0.64886885881424
-0.658631145954132,0.167732760310173,1.18434083461761,0.353051751852036,-0.480165421962738,-0.472855240106583,-0.649001896381378
-0.658614993095398,0.167580455541611,1.18456840515137,0.352940082550049,-0.479852497577667,-0.473193407058716,-0.649047791957855
-0.658596158027649,0.167584598064423,1.18469631671906,0.352359652519226,-0.479806184768677,-0.473549962043762,-0.649137258529663
-0.658637702465057,0.167415618896484,1.18505048751831,0.352326363325119,-0.479354083538055,-0.474113345146179,-0.649078190326691
-0.658621966838837,0.167296499013901,1.18524777889252,0.352995663881302,-0.47924730181694,-0.474038541316986,-0.648847818374634
-0.658609867095947,0.167061060667038,1.18549025058746,0.351894795894623,-0.479257792234421,-0.474084377288818,-0.649404406547546
-0.658708453178406,0.167020335793495,1.18571496009827,0.351163506507873,-0.47857129573822,-0.474687457084656,-0.649865746498108
-0.658749580383301,0.166949152946472,1.18592417240143,0.350759923458099,-0.478389233350754,-0.475079357624054,-0.64993143081665
-0.658677339553833,0.167007684707642,1.18604588508606,0.350539177656174,-0.478333175182342,-0.475375682115555,-0.649875223636627
-0.658752977848053,0.166879922151565,1.18640053272247,0.350450068712234,-0.478117883205414,-0.475884109735489,-0.649709463119507
-0.658790409564972,0.1667700111866,1.18660056591034,0.350356698036194,-0.477624028921127,-0.476415544748306,-0.649733543395996
-0.65881872177124,0.16664183139801,1.18677687644958,0.350158542394638,-0.477009266614914,-0.476824134588242,-0.649992108345032
-0.65882819890976,0.166512697935104,1.18699550628662,0.349759727716446,-0.47673037648201,-0.477301150560379,-0.650061368942261
-0.658864378929138,0.166632905602455,1.18697106838226,0.34943163394928,-0.476584225893021,-0.477490276098251,-0.65020626783371
-0.658940672874451,0.16655033826828,1.18712306022644,0.34961348772049,-0.476237863302231,-0.478002727031708,-0.649985730648041
-0.659007728099823,0.16624915599823,1.18747794628143,0.349343121051788,-0.475786000490189,-0.478502839803696,-0.650093853473663
-0.659096539020538,0.166075050830841,1.18775582313538,0.349178940057755,-0.475342452526092,-0.478953659534454,-0.650174736976624
-0.659141957759857,0.165776252746582,1.1881560087204,0.348140388727188,-0.475051015615463,-0.479281634092331,-0.650702595710754
-0.659233629703522,0.16571494936943,1.18832993507385,0.348062217235565,-0.474755197763443,-0.479696840047836,-0.650654375553131
-0.659849286079407,0.16596707701683,1.18829739093781,0.348792612552643,-0.474009722471237,-0.479506641626358,-0.650946915149689
-0.659601628780365,0.165845960378647,1.18841242790222,0.347769170999527,-0.474218666553497,-0.480239689350128,-0.65080201625824
-0.65969705581665,0.165887668728828,1.18865644931793,0.350801289081573,-0.469431698322296,-0.481865137815475,-0.651443123817444
-0.659849882125854,0.165738120675087,1.18864727020264,0.348790347576141,-0.473872303962708,-0.480346173048019,-0.65042906999588
-0.660008132457733,0.165452003479004,1.18898892402649,0.348665207624435,-0.473361730575562,-0.480929136276245,-0.650437116622925
-0.660196006298065,0.165381759405136,1.18921256065369,0.347628653049469,-0.472796201705933,-0.481899291276932,-0.650685250759125
-0.660374641418457,0.165359020233154,1.18930912017822,0.347700029611588,-0.472453325986862,-0.482326358556747,-0.650579690933228
-0.660578727722168,0.165337428450584,1.18939661979675,0.347739160060883,-0.472132503986359,-0.482768446207047,-0.650463581085205
-0.660807371139526,0.165356576442719,1.18946743011475,0.347855925559998,-0.471820414066315,-0.483211904764175,-0.650298595428467
-0.661090672016144,0.165371179580688,1.18950033187866,0.348067253828049,-0.471402376890182,-0.483595877885818,-0.650203049182892
-0.661336004734039,0.165396377444267,1.1895158290863,0.348152548074722,-0.471061259508133,-0.484035521745682,-0.650077402591705
-0.661500573158264,0.165466487407684,1.18965446949005,0.350984036922455,-0.466544657945633,-0.485726624727249,-0.650550425052643
-0.661758661270142,0.165491014719009,1.18944478034973,0.349756866693497,-0.470679223537445,-0.484445720911026,-0.649186789989471
-0.661967217922211,0.165222257375717,1.18972992897034,0.34985026717186,-0.470208495855331,-0.485145151615143,-0.648955464363098
-0.662251234054565,0.165481954813004,1.18948793411255,0.350196421146393,-0.470090687274933,-0.485261380672455,-0.648767113685608
-0.662545263767242,0.165553689002991,1.1895580291748,0.349612057209015,-0.469652384519577,-0.485974103212357,-0.648866057395935
-0.662674963474274,0.165710404515266,1.18957924842834,0.352484375238419,-0.465336203575134,-0.48734313249588,-0.649394810199738
-0.662859976291656,0.165632262825966,1.18951237201691,0.349743276834488,-0.469544440507889,-0.486535876989365,-0.648452579975128
-0.663000524044037,0.165698021650314,1.18952250480652,0.349813759326935,-0.469540059566498,-0.486916750669479,-0.648131489753723
-0.66312050819397,0.165697246789932,1.1895295381546,0.349929511547089,-0.469510018825531,-0.487334817647934,-0.647776782512665
-0.663217723369598,0.165666431188583,1.1895477771759,0.349870890378952,-0.46950501203537,-0.487694144248962,-0.647541284561157
-0.663394808769226,0.165658593177795,1.18950951099396,0.349869608879089,-0.469426393508911,-0.487925499677658,-0.647424757480621
-0.663489937782288,0.165626555681229,1.18950057029724,0.349919557571411,-0.469355434179306,-0.488235384225845,-0.647215485572815
-0.663546502590179,0.165289670228958,1.18978583812714,0.34969487786293,-0.469151437282562,-0.488858282566071,-0.647014677524567
-0.663649201393127,0.16522453725338,1.18980550765991,0.349631279706955,-0.469096601009369,-0.489152014255524,-0.646866738796234
-0.663730621337891,0.165223091840744,1.18978452682495,0.349695235490799,-0.468944549560547,-0.489574313163757,-0.646622955799103
-0.663791239261627,0.165372848510742,1.18963360786438,0.349758237600326,-0.469151884317398,-0.489660263061523,-0.646373331546783
-0.663850665092468,0.16521367430687,1.18973100185394,0.349675953388214,-0.46904656291008,-0.49008971452713,-0.646168887615204
-0.663886070251465,0.165194571018219,1.18970739841461,0.349710524082184,-0.469054371118545,-0.490351855754852,-0.645945489406586
-0.663907289505005,0.165173217654228,1.18968832492828,0.349737375974655,-0.469103544950485,-0.490703612565994,-0.645628035068512
-0.663913607597351,0.165154933929443,1.18967652320862,0.349635064601898,-0.469217658042908,-0.490874648094177,-0.645470559597015
-0.664014458656311,0.16514179110527,1.18967235088348,0.349682241678238,-0.469146430492401,-0.490967124700546,-0.645426571369171
-0.663860559463501,0.165167838335037,1.18961453437805,0.349457591772079,-0.469459712505341,-0.491116732358932,-0.645206332206726
-0.663875102996826,0.165117532014847,1.18965816497803,0.349391907453537,-0.469464004039764,-0.491230815649033,-0.645152151584625
-0.663849472999573,0.165113762021065,1.18965756893158,0.349429547786713,-0.469509035348892,-0.491395086050034,-0.644973754882812
-0.663818180561066,0.165107041597366,1.18966126441956,0.349191069602966,-0.469655305147171,-0.491354882717133,-0.645027220249176
-0.663789689540863,0.165104866027832,1.18966472148895,0.349218904972076,-0.46977487206459,-0.491446137428284,-0.644855380058289
-0.663775324821472,0.165136605501175,1.18969130516052,0.350194722414017,-0.46958726644516,-0.49180880188942,-0.644186019897461
-0.663741052150726,0.165124386548996,1.18965649604797,0.349117159843445,-0.469811171293259,-0.491390764713287,-0.644926249980927
-0.663691759109497,0.165150418877602,1.18966686725616,0.349143415689468,-0.469895333051682,-0.491365790367126,-0.644869744777679
-0.663652956485748,0.165164530277252,1.18965792655945,0.349412858486175,-0.469900131225586,-0.491429060697555,-0.644671976566315
-0.663605511188507,0.165191560983658,1.1896448135376,0.349138677120209,-0.469962358474731,-0.491312772035599,-0.644863903522491
-0.663553833961487,0.165235966444016,1.18963217735291,0.349152714014053,-0.470030635595322,-0.491222351789474,-0.644875407218933
-0.663500607013702,0.165275990962982,1.18963098526001,0.34918001294136,-0.470082312822342,-0.491125583648682,-0.644896566867828
-0.663447201251984,0.165319353342056,1.18962430953979,0.349156707525253,-0.470112085342407,-0.49100250005722,-0.644981265068054
-0.663389623165131,0.165356606245041,1.18962550163269,0.349099338054657,-0.470187544822693,-0.490889191627502,-0.645043671131134
-0.663289606571198,0.16541650891304,1.18957448005676,0.348998486995697,-0.470267981290817,-0.490761250257492,-0.645136892795563
-0.663269400596619,0.165382027626038,1.18960380554199,0.348851442337036,-0.470278799533844,-0.490537583827972,-0.645378530025482
-0.663209497928619,0.165407687425613,1.18960738182068,0.348860442638397,-0.470220446586609,-0.490488767623901,-0.645453214645386
-0.663157224655151,0.165427356958389,1.18959927558899,0.348873049020767,-0.470126777887344,-0.490458577871323,-0.645537674427032
-0.663056135177612,0.165489137172699,1.18960332870483,0.348921775817871,-0.470124065876007,-0.490427881479263,-0.645536541938782
-0.66300493478775,0.165491461753845,1.18957567214966,0.34894672036171,-0.470012217760086,-0.490416944026947,-0.645612835884094
-0.662981867790222,0.165504932403564,1.18955457210541,0.349019855260849,-0.469831854104996,-0.490449547767639,-0.645679831504822
-0.662958979606628,0.16551548242569,1.18953549861908,0.349146813154221,-0.469627171754837,-0.490466564893722,-0.645747363567352
-0.663025856018066,0.165512755513191,1.18947279453278,0.349231898784637,-0.469409674406052,-0.490432173013687,-0.645885407924652
-0.662989139556885,0.165493369102478,1.18941390514374,0.350138127803802,-0.469569653272629,-0.489896446466446,-0.645684897899628
-0.662969768047333,0.16552922129631,1.18936538696289,0.350183039903641,-0.469477474689484,-0.489857643842697,-0.645757257938385
-0.662951588630676,0.165588468313217,1.1893835067749,0.349495321512222,-0.469077438116074,-0.490403145551682,-0.646006286144257
-0.662946462631226,0.165621429681778,1.18934965133667,0.349614173173904,-0.468934744596481,-0.490406632423401,-0.646042943000793
-0.662933647632599,0.165670305490494,1.18933820724487,0.349677801132202,-0.468880742788315,-0.490391284227371,-0.646059215068817
-0.662917971611023,0.165717661380768,1.18930864334106,0.349791318178177,-0.468793332576752,-0.490379452705383,-0.646070539951324
-0.662831485271454,0.166110381484032,1.1890070438385,0.349968582391739,-0.469133794307709,-0.490033864974976,-0.64598935842514
-0.662812113761902,0.166181117296219,1.18896925449371,0.350026875734329,-0.469119310379028,-0.489955425262451,-0.64602792263031
-0.662801682949066,0.166235685348511,1.18886983394623,0.350065469741821,-0.469109654426575,-0.489921718835831,-0.646039426326752
-0.662743389606476,0.166224002838135,1.18882584571838,0.349781572818756,-0.469299763441086,-0.48967507481575,-0.646242201328278
-0.662709593772888,0.166279852390289,1.18876719474792,0.349769294261932,-0.469352692365646,-0.489640325307846,-0.646236777305603
-0.662649631500244,0.166451126337051,1.18860805034637,0.349801599979401,-0.469529807567596,-0.489501923322678,-0.646195352077484
-0.662628352642059,0.1666060090065,1.18852317333221,0.350125014781952,-0.46947905421257,-0.48952254652977,-0.646041333675385
-0.662579298019409,0.166613936424255,1.18843972682953,0.349923491477966,-0.469562917947769,-0.489461332559586,-0.646135926246643
-0.662536978721619,0.166666507720947,1.18832969665527,0.350634217262268,-0.469930917024612,-0.488954186439514,-0.64586728811264
-0.662551045417786,0.166790872812271,1.18826699256897,0.350045710802078,-0.469658821821213,-0.489329904317856,-0.646099746227264
-0.662515461444855,0.166908204555511,1.18782877922058,0.350031465291977,-0.469619303941727,-0.489378958940506,-0.646099090576172
-0.662492156028748,0.166600331664085,1.18837666511536,0.349984884262085,-0.469474822282791,-0.489619970321655,-0.646046757698059
-0.662492156028748,0.166600331664085,1.18837666511536,0.349984884262085,-0.469474822282791,-0.489619970321655,-0.646046757698059
-0.662394523620605,0.1673184633255,1.1877783536911,0.350407242774963,-0.469987452030182,-0.489463567733765,-0.645563304424286
-0.662362098693848,0.167381510138512,1.18771696090698,0.351161688566208,-0.469892561435699,-0.489772349596024,-0.644987881183624
-0.662320375442505,0.167440176010132,1.18765616416931,0.351069331169128,-0.470105886459351,-0.489652037620544,-0.644974172115326
-0.662270486354828,0.167494535446167,1.18759381771088,0.351044267416,-0.470240443944931,-0.489546954631805,-0.644969463348389
-0.662228107452393,0.167552769184112,1.18752479553223,0.350996971130371,-0.470370888710022,-0.489451885223389,-0.644972503185272
-0.662163853645325,0.167456775903702,1.18758726119995,0.350850462913513,-0.470374137163162,-0.489515870809555,-0.645001173019409
-0.662081003189087,0.167458593845367,1.18763649463654,0.350747883319855,-0.470579713582992,-0.489477097988129,-0.644936382770538
-0.662024199962616,0.167420133948326,1.18757033348083,0.350673109292984,-0.470691591501236,-0.489207446575165,-0.645099937915802
-0.661987066268921,0.167452946305275,1.18749678134918,0.349540531635284,-0.471015393733978,-0.488685488700867,-0.645873486995697
-0.661957323551178,0.167470127344131,1.18750643730164,0.349634706974029,-0.471026480197906,-0.488680094480515,-0.645818471908569
-0.662002861499786,0.167493909597397,1.18744921684265,0.349651426076889,-0.47094190120697,-0.488578796386719,-0.645947694778442
-0.661992788314819,0.167538344860077,1.187420129776,0.349645137786865,-0.470975369215012,-0.488470703363419,-0.646008610725403
-0.661995887756348,0.167582333087921,1.187371134758,0.349654942750931,-0.470911353826523,-0.488437622785568,-0.646074891090393
-0.662046134471893,0.167623832821846,1.18735039234161,0.349732667207718,-0.470819562673569,-0.488337785005569,-0.646175146102905
-0.662082850933075,0.167669281363487,1.18732941150665,0.349754363298416,-0.470766007900238,-0.48827713727951,-0.64624810218811
-0.662111222743988,0.16770800948143,1.1873197555542,0.349808871746063,-0.470666438341141,-0.488240450620651,-0.646318972110748
-0.662170112133026,0.167829722166061,1.18730843067169,0.350144058465958,-0.470459967851639,-0.488265126943588,-0.646268963813782
-0.662219643592834,0.167876899242401,1.18723738193512,0.349951535463333,-0.47043165564537,-0.488080829381943,-0.646533250808716
-0.662259578704834,0.167919516563415,1.18731713294983,0.350265473127365,-0.470169395208359,-0.488239139318466,-0.646434426307678
-0.662288546562195,0.167969480156898,1.18732273578644,0.350224584341049,-0.470149666070938,-0.488210797309875,-0.6464923620224
-0.662316381931305,0.167958304286003,1.18734657764435,0.349884122610092,-0.470223248004913,-0.48811200261116,-0.646697759628296
-0.662359118461609,0.168030321598053,1.18738234043121,0.349913001060486,-0.470152527093887,-0.488114804029465,-0.646731436252594
-0.66238796710968,0.168105840682983,1.18741381168365,0.349844217300415,-0.470153898000717,-0.488103538751602,-0.646775901317596
-0.662535727024078,0.168150529265404,1.18736553192139,0.350451588630676,-0.4703209400177,-0.487428992986679,-0.6468346118927
-0.66258579492569,0.168253064155579,1.1874121427536,0.350103914737701,-0.470341563224792,-0.487154632806778,-0.647214412689209
-0.662675380706787,0.168412253260612,1.18750011920929,0.350290298461914,-0.469953685998917,-0.488100588321686,-0.646682381629944
-0.662729144096375,0.16854128241539,1.18755745887756,0.350286573171616,-0.469955056905746,-0.488174110651016,-0.646628022193909
-0.662790298461914,0.168627858161926,1.1875706911087,0.35053426027298,-0.470350652933121,-0.487345397472382,-0.646831035614014
-0.662866234779358,0.168791741132736,1.1876106262207,0.349158883094788,-0.470225602388382,-0.487863272428513,-0.647275388240814
-0.662963449954987,0.168953821063042,1.1876482963562,0.34988808631897,-0.470045834779739,-0.488204270601273,-0.646754860877991
-0.663024008274078,0.169113487005234,1.18768012523651,0.34871631860733,-0.470603704452515,-0.487787127494812,-0.647296667098999
-0.663117170333862,0.169345825910568,1.18771910667419,0.348821818828583,-0.470634341239929,-0.487753421068191,-0.647242844104767
-0.663250386714935,0.169616639614105,1.18772327899933,0.349019557237625,-0.470634281635284,-0.487717032432556,-0.64716362953186
-0.663353204727173,0.169656649231911,1.18790626525879,0.350100994110107,-0.470352172851562,-0.487566202878952,-0.646898329257965
-0.663462698459625,0.170218974351883,1.18756544589996,0.350366503000259,-0.470636159181595,-0.48724439740181,-0.646790325641632
-0.663671731948853,0.170309573411942,1.1872969865799,0.350417762994766,-0.470193475484848,-0.487370133399963,-0.64698988199234
-0.663800239562988,0.170735687017441,1.18738925457001,0.351200759410858,-0.47048282623291,-0.487289726734161,-0.646415174007416
-0.664008915424347,0.170978546142578,1.18740856647491,0.35074108839035,-0.4699467420578,-0.487752944231033,-0.646705329418182
-0.664115607738495,0.171366363763809,1.18738615512848,0.350452035665512,-0.469812124967575,-0.487677782773972,-0.647016584873199
-0.664280354976654,0.171838194131851,1.1871143579483,0.350503087043762,-0.469952434301376,-0.487270593643188,-0.647193849086761
-0.664588153362274,0.172125101089478,1.18713414669037,0.351481825113297,-0.469304352998734,-0.487524092197418,-0.646942019462585
-0.664822459220886,0.172737807035446,1.18671345710754,0.352053105831146,-0.469392150640488,-0.487239211797714,-0.646782755851746
-0.665040731430054,0.173174023628235,1.18659436702728,0.35309100151062,-0.469024032354355,-0.487190246582031,-0.646520674228668
-0.665343046188354,0.173545107245445,1.1862645149231,0.354155987501144,-0.469254791736603,-0.486383974552154,-0.646377682685852
-0.665563225746155,0.173929274082184,1.18612599372864,0.354171276092529,-0.468733757734299,-0.486823499202728,-0.646416425704956
-0.665812075138092,0.174447655677795,1.18579268455505,0.355057448148727,-0.468575328588486,-0.486615628004074,-0.64620178937912
-0.666129767894745,0.174963682889938,1.18546605110168,0.356054097414017,-0.468379288911819,-0.486415445804596,-0.645946025848389
-0.666298866271973,0.175600647926331,1.18521189689636,0.357583284378052,-0.468307226896286,-0.486630827188492,-0.644990742206573
-0.666732132434845,0.176142528653145,1.18496441841125,0.360288143157959,-0.464022397994995,-0.486917227506638,-0.646364748477936
-0.666993141174316,0.176732257008552,1.18451941013336,0.3609599173069,-0.464129418134689,-0.486468285322189,-0.646251142024994
-0.667426288127899,0.176825433969498,1.184250831604,0.360335141420364,-0.46773362159729,-0.484912425279617,-0.645169734954834
-0.667742550373077,0.177490562200546,1.18385171890259,0.36052206158638,-0.467535138130188,-0.485024660825729,-0.645124733448029
-0.668149590492249,0.178015559911728,1.18338763713837,0.361978024244308,-0.467157453298569,-0.484487414360046,-0.644986748695374
-0.668517231941223,0.178695291280746,1.18283927440643,0.363577038049698,-0.466998279094696,-0.484098762273788,-0.644494116306305
-0.668850898742676,0.179389879107475,1.18233776092529,0.365782529115677,-0.466824889183044,-0.483818650245667,-0.643581569194794
-0.669369697570801,0.179906070232391,1.18167328834534,0.36677286028862,-0.466645240783691,-0.482213199138641,-0.644352853298187
-0.66975349187851,0.18070076406002,1.18110203742981,0.370317280292511,-0.462361544370651,-0.483496367931366,-0.644451856613159
-0.670248806476593,0.181374356150627,1.18038702011108,0.371973633766174,-0.462081283330917,-0.482811093330383,-0.644212663173676
-0.67067015171051,0.182000055909157,1.17967641353607,0.371389210224152,-0.465701013803482,-0.481111824512482,-0.64321380853653
-0.67067015171051,0.182000055909157,1.17967641353607,0.371389210224152,-0.465701013803482,-0.481111824512482,-0.64321380853653
-0.671706259250641,0.183590561151504,1.17783272266388,0.374865263700485,-0.46537235379219,-0.479341775178909,-0.642756640911102
-0.672087669372559,0.184179335832596,1.17737638950348,0.379066318273544,-0.461246132850647,-0.480064660310745,-0.642727613449097
-0.672547936439514,0.184876203536987,1.17655122280121,0.380779206752777,-0.461106151342392,-0.479170143604279,-0.642482876777649
-0.673041105270386,0.185505911707878,1.17561161518097,0.380387723445892,-0.464499056339264,-0.477643936872482,-0.64140647649765
-0.67363303899765,0.18618580698967,1.17468667030334,0.382194519042969,-0.464364469051361,-0.476663440465927,-0.641159057617188
-0.674062252044678,0.186822488903999,1.17358148097992,0.385123580694199,-0.463671177625656,-0.475846379995346,-0.640514671802521
-0.674349904060364,0.187515541911125,1.17256081104279,0.387469559907913,-0.464336007833481,-0.474349230527878,-0.639728128910065
-0.675041794776917,0.188175410032272,1.17171037197113,0.390008509159088,-0.463474571704865,-0.474350810050964,-0.638808310031891
-0.675596237182617,0.189062431454659,1.17040920257568,0.391478598117828,-0.463471263647079,-0.472894906997681,-0.638990998268127
-0.67596048116684,0.189580261707306,1.16960608959198,0.393183171749115,-0.463585287332535,-0.472017288208008,-0.638510286808014
-0.676329016685486,0.190234154462814,1.16859686374664,0.397681891918182,-0.459860384464264,-0.471838772296906,-0.638549625873566
-0.676841378211975,0.190794199705124,1.16741597652435,0.397432565689087,-0.463494151830673,-0.469947725534439,-0.637471318244934
-0.677389860153198,0.191247463226318,1.16631650924683,0.399460196495056,-0.463546425104141,-0.468616843223572,-0.637145459651947
-0.678021848201752,0.19231840968132,1.16491746902466,0.402374595403671,-0.463604211807251,-0.467093825340271,-0.636387586593628
-0.678388595581055,0.192808181047439,1.16384363174438,0.404032289981842,-0.463789105415344,-0.465913593769073,-0.636067748069763
-0.678855240345001,0.193276420235634,1.16295921802521,0.408731937408447,-0.459740996360779,-0.465731829404831,-0.636136829853058
-0.679393827915192,0.193839937448502,1.16178858280182,0.411441117525101,-0.459565788507461,-0.464595019817352,-0.635348081588745
-0.679393827915192,0.193839937448502,1.16178858280182,0.411441117525101,-0.459565788507461,-0.464595019817352,-0.635348081588745
-0.680474281311035,0.19504901766777,1.15939581394196,0.41594472527504,-0.459657371044159,-0.461842089891434,-0.63435560464859
-0.68110716342926,0.195903241634369,1.1580605506897,0.414907246828079,-0.46122819185257,-0.4586101770401,-0.636236786842346
-0.681698024272919,0.196271568536758,1.15702068805695,0.415163725614548,-0.464432239532471,-0.457073479890823,-0.634842872619629
-0.6821568608284,0.196636587381363,1.15578603744507,0.423430293798447,-0.459214836359024,-0.45837140083313,-0.632237613201141
-0.682660043239594,0.197174608707428,1.15453696250916,0.426152408123016,-0.458993196487427,-0.457186996936798,-0.631426572799683
-0.683335781097412,0.197613269090652,1.15330827236176,0.428445547819138,-0.45872950553894,-0.456006765365601,-0.630919456481934
-0.683759987354279,0.198028206825256,1.15207064151764,0.427604734897614,-0.462713032960892,-0.453789889812469,-0.630179166793823
-0.684280216693878,0.198512002825737,1.15090763568878,0.430354237556458,-0.462501406669617,-0.4529949426651,-0.62903368473053
-0.684722244739532,0.199136167764664,1.14965546131134,0.435651361942291,-0.45856961607933,-0.452844113111496,-0.628374099731445
-0.685353815555573,0.199914485216141,1.14795899391174,0.438364505767822,-0.459136873483658,-0.450283825397491,-0.627912759780884
-0.685787081718445,0.200407207012177,1.14679312705994,0.439990073442459,-0.459035247564316,-0.450120776891708,-0.626966238021851
-0.686172366142273,0.200593113899231,1.14612150192261,0.442113906145096,-0.458933591842651,-0.449628382921219,-0.625899136066437
-0.686641573905945,0.200963884592056,1.14486598968506,0.444473922252655,-0.45931601524353,-0.447683155536652,-0.625341057777405
-0.687015652656555,0.201367914676666,1.14374196529388,0.445958405733109,-0.459079205989838,-0.447784870862961,-0.624384462833405
-0.687486112117767,0.201882094144821,1.14252507686615,0.448557049036026,-0.459157794713974,-0.445765405893326,-0.623910129070282
-0.687890350818634,0.202622205018997,1.14120173454285,0.450188189744949,-0.459178119897842,-0.445749044418335,-0.62273108959198
-0.688283741474152,0.203030735254288,1.14011442661285,0.451632142066956,-0.459889560937881,-0.444832354784012,-0.621815264225006
-0.688628554344177,0.203354328870773,1.13939142227173,0.45329886674881,-0.46015465259552,-0.444231331348419,-0.620835244655609
-0.688964903354645,0.203698873519897,1.13853812217712,0.454649448394775,-0.460077702999115,-0.443838953971863,-0.620185077190399
-0.689374923706055,0.204466283321381,1.13704991340637,0.456766456365585,-0.460314452648163,-0.44271257519722,-0.619258105754852
-0.689762830734253,0.204581886529922,1.13658797740936,0.458089172840118,-0.460684478282928,-0.441224157810211,-0.619068145751953
-0.690159738063812,0.205151498317719,1.13574481010437,0.459452599287033,-0.460871994495392,-0.441593676805496,-0.61765319108963
-0.690530002117157,0.205767646431923,1.13488554954529,0.460762858390808,-0.461332023143768,-0.440814405679703,-0.616889894008636
-0.690928101539612,0.206130266189575,1.13385736942291,0.461606979370117,-0.461777865886688,-0.440326482057571,-0.61627334356308
-0.691398322582245,0.206899166107178,1.1325911283493,0.463139533996582,-0.462229907512665,-0.43782040476799,-0.616569936275482
-0.691808938980103,0.207571059465408,1.13185334205627,0.465110242366791,-0.461332738399506,-0.438404440879822,-0.615342319011688
-0.692203402519226,0.208195269107819,1.1310487985611,0.465779006481171,-0.462261140346527,-0.437774986028671,-0.614587545394897
-0.692562103271484,0.208404257893562,1.13083636760712,0.466649442911148,-0.462622195482254,-0.437089413404465,-0.614143192768097
-0.69306892156601,0.209077388048172,1.13011419773102,0.467471480369568,-0.462694764137268,-0.43749663233757,-0.613172650337219
-0.69306892156601,0.209077388048172,1.13011419773102,0.467471480369568,-0.462694764137268,-0.43749663233757,-0.613172650337219
-0.694246292114258,0.210119098424911,1.12875652313232,0.470072954893112,-0.461903899908066,-0.437101095914841,-0.612061262130737
-0.694737255573273,0.210747733712196,1.12810301780701,0.47119277715683,-0.461954712867737,-0.436844140291214,-0.611344814300537
-0.695394217967987,0.21149405837059,1.12746620178223,0.472746610641479,-0.461591720581055,-0.436594784259796,-0.61059707403183
-0.695870637893677,0.211921453475952,1.12689423561096,0.474188148975372,-0.461094677448273,-0.436592161655426,-0.609856307506561
-0.696508765220642,0.212443307042122,1.12631821632385,0.475357443094253,-0.460407644510269,-0.436814814805984,-0.609305262565613
-0.696508765220642,0.212443307042122,1.12631821632385,0.475357443094253,-0.460407644510269,-0.436814814805984,-0.609305262565613
-0.697920024394989,0.213893041014671,1.12532234191895,0.477344691753387,-0.459409534931183,-0.436792373657227,-0.608520686626434
-0.698256611824036,0.214126721024513,1.12481367588043,0.477606356143951,-0.458988666534424,-0.437319427728653,-0.608254432678223
-0.699124097824097,0.214724391698837,1.12431204319,0.478893250226974,-0.457909971475601,-0.437419891357422,-0.60798317193985
-0.699830532073975,0.215649977326393,1.12389194965363,0.480294287204742,-0.456949591636658,-0.437213003635406,-0.607749581336975
-0.700891017913818,0.216572597622871,1.12356233596802,0.483710885047913,-0.455723404884338,-0.437846302986145,-0.605500459671021
-0.701584219932556,0.217129155993462,1.12329602241516,0.484476506710052,-0.455032855272293,-0.438231766223907,-0.605128705501556
-0.702462375164032,0.217845410108566,1.12298572063446,0.485951095819473,-0.453813344240189,-0.438407123088837,-0.604734778404236
-0.702989280223846,0.218223974108696,1.1224879026413,0.486820220947266,-0.45270299911499,-0.439389407634735,-0.604154884815216
-0.703615248203278,0.219010353088379,1.12219977378845,0.487925678491592,-0.452103316783905,-0.439770877361298,-0.603434264659882
-0.704858601093292,0.220056980848312,1.12211179733276,0.488175719976425,-0.451752424240112,-0.43838557600975,-0.604501664638519
-0.705314517021179,0.220620334148407,1.1215752363205,0.48862287402153,-0.451028525829315,-0.439231097698212,-0.604067265987396
-0.706204652786255,0.221363425254822,1.12123680114746,0.48959344625473,-0.450118839740753,-0.439570307731628,-0.603712975978851
-0.70677661895752,0.222067847847939,1.12106513977051,0.490414500236511,-0.449652075767517,-0.439973831176758,-0.603100121021271
-0.70677661895752,0.222067847847939,1.12106513977051,0.490414500236511,-0.449652075767517,-0.439973831176758,-0.603100121021271
-0.708103358745575,0.223536282777786,1.12033987045288,0.491628080606461,-0.448503494262695,-0.440785139799118,-0.602374494075775
-0.708556294441223,0.223944753408432,1.11980640888214,0.492184102535248,-0.447690963745117,-0.441700339317322,-0.601854085922241
-0.709220886230469,0.224824249744415,1.11907863616943,0.493125349283218,-0.447063356637955,-0.442230671644211,-0.60116046667099
-0.709708869457245,0.225591599941254,1.11875534057617,0.493076115846634,-0.446978271007538,-0.442423641681671,-0.601122081279755
-0.710084319114685,0.226380258798599,1.11847054958344,0.493725568056107,-0.446786373853683,-0.443187743425369,-0.600168108940125
-0.710671484470367,0.227113455533981,1.11825680732727,0.498638153076172,-0.445202767848969,-0.445590794086456,-0.595486044883728
-0.710957646369934,0.227295845746994,1.11750626564026,0.49560958147049,-0.444907039403915,-0.445882052183151,-0.598011672496796
-0.711219549179077,0.22841688990593,1.11827862262726,0.498556196689606,-0.445336252450943,-0.447245836257935,-0.594212472438812
-0.711671054363251,0.229571238160133,1.11753475666046,0.496238470077515,-0.44590699672699,-0.446140348911285,-0.596551060676575
-0.711608231067657,0.229088246822357,1.11711776256561,0.493280678987503,-0.446217983961105,-0.445956200361252,-0.598904669284821
-0.711767017841339,0.229783058166504,1.11676514148712,0.498583674430847,-0.444280743598938,-0.450347125530243,-0.592635154724121
-0.711767017841339,0.229783058166504,1.11676514148712,0.498583674430847,-0.444280743598938,-0.450347125530243,-0.592635154724121
-0.712011158466339,0.230857729911804,1.11630892753601,0.497721552848816,-0.444548338651657,-0.451911985874176,-0.591967582702637
-0.712049841880798,0.232222467660904,1.11575698852539,0.497926503419876,-0.445558875799179,-0.451788038015366,-0.59112936258316
-0.712062060832977,0.23258164525032,1.11596179008484,0.492868572473526,-0.448030233383179,-0.449289619922638,-0.595389306545258
-0.712137460708618,0.233061507344246,1.11558270454407,0.492710560560226,-0.447802841663361,-0.450288861989975,-0.594936311244965
-0.712228059768677,0.23387286067009,1.11485910415649,0.492979973554611,-0.447424352169037,-0.451795607805252,-0.593854367733002
-0.712381899356842,0.234216377139091,1.11452257633209,0.496987611055374,-0.446355551481247,-0.453114986419678,-0.590302526950836
-0.712119579315186,0.234719187021255,1.11482608318329,0.492091596126556,-0.448467642068863,-0.452086448669434,-0.593582928180695
-0.712170779705048,0.23562628030777,1.11404716968536,0.491886615753174,-0.448907285928726,-0.451924055814743,-0.593544125556946
-0.712169408798218,0.235739588737488,1.11411261558533,0.496264845132828,-0.447217136621475,-0.454922914505005,-0.588866055011749
-0.712176918983459,0.236327975988388,1.11391878128052,0.496502816677094,-0.447573989629745,-0.455174803733826,-0.588199317455292
-0.712340116500854,0.237039655447006,1.11377191543579,0.491384118795395,-0.449608385562897,-0.45280060172081,-0.592761099338531
-0.712503731250763,0.237417280673981,1.11352753639221,0.49631655216217,-0.447574108839035,-0.455422341823578,-0.588164746761322
-0.713030815124512,0.237926989793777,1.11321520805359,0.497328639030456,-0.446870416402817,-0.455594778060913,-0.587711095809937
-0.712940514087677,0.239068537950516,1.11302137374878,0.492591649293899,-0.4495410323143,-0.452777504920959,-0.591826915740967
-0.713111877441406,0.239085659384727,1.11330378055573,0.494681775569916,-0.447833508253097,-0.454585313796997,-0.589989423751831
-0.713430762290955,0.239779353141785,1.11307644844055,0.493280231952667,-0.448873043060303,-0.452943444252014,-0.591633439064026
-0.713892817497253,0.239939600229263,1.11270821094513,0.494035601615906,-0.447836190462112,-0.453164219856262,-0.591619849205017
-0.714241027832031,0.240667849779129,1.1120274066925,0.495031595230102,-0.447511166334152,-0.452885776758194,-0.591246366500854
-0.714729309082031,0.240853562951088,1.11220300197601,0.495161294937134,-0.446694284677505,-0.452712774276733,-0.591887712478638
-0.714832305908203,0.241253241896629,1.11190330982208,0.495659023523331,-0.446468472480774,-0.452689111232758,-0.591659426689148
-0.715189099311829,0.241541877388954,1.11169159412384,0.496473282575607,-0.446096241474152,-0.452422499656677,-0.591461300849915
-0.715634286403656,0.242039188742638,1.11123096942902,0.497436225414276,-0.445619195699692,-0.45186722278595,-0.591436326503754
-0.716204047203064,0.242427945137024,1.11097574234009,0.498436599969864,-0.444933980703354,-0.451377093791962,-0.591484248638153
-0.716273665428162,0.242666900157928,1.1108900308609,0.498654454946518,-0.444980472326279,-0.451233297586441,-0.591375291347504
-0.716662645339966,0.243183240294456,1.11036312580109,0.500122904777527,-0.444269359111786,-0.450886875391006,-0.590933918952942
-0.716926872730255,0.2437853962183,1.10960268974304,0.501060545444489,-0.444155782461166,-0.450160324573517,-0.590778827667236
-0.717126190662384,0.243534788489342,1.11002194881439,0.501101553440094,-0.443617701530456,-0.450334280729294,-0.591015994548798
-0.717390894889832,0.244030356407165,1.1095255613327,0.502437055110931,-0.443126440048218,-0.449967086315155,-0.590530157089233
-0.717390894889832,0.244030356407165,1.1095255613327,0.502437055110931,-0.443126440048218,-0.449967086315155,-0.590530157089233
-0.717873334884644,0.244723811745644,1.10841453075409,0.508934199810028,-0.440668851137161,-0.451164186000824,-0.585873663425446
-0.717975735664368,0.244655027985573,1.10851180553436,0.509333372116089,-0.44023334980011,-0.451301842927933,-0.585747957229614
-0.71809720993042,0.244958728551865,1.1084508895874,0.505386173725128,-0.441698163747787,-0.44892156124115,-0.589878797531128
-0.718184411525726,0.24536007642746,1.10775756835938,0.50600802898407,-0.441759794950485,-0.448254495859146,-0.589807093143463
-0.718286216259003,0.245532527565956,1.10744428634644,0.506528973579407,-0.441615015268326,-0.447913587093353,-0.58972692489624
-0.718429744243622,0.245527237653732,1.10741651058197,0.507358074188232,-0.441017240285873,-0.447943538427353,-0.58943909406662
-0.718474209308624,0.245708853006363,1.1067932844162,0.512272894382477,-0.439410507678986,-0.449718117713928,-0.585020005702972
-0.718460202217102,0.2458276450634,1.1064864397049,0.51271665096283,-0.439344257116318,-0.449418365955353,-0.584911465644836
-0.718538701534271,0.24605804681778,1.10619330406189,0.513601362705231,-0.439095675945282,-0.449133276939392,-0.584540963172913
-0.718567728996277,0.24631917476654,1.1060209274292,0.514553666114807,-0.438882291316986,-0.448959738016128,-0.583996713161469
-0.718610823154449,0.246499210596085,1.10569667816162,0.515029549598694,-0.438816249370575,-0.448485732078552,-0.583990871906281
-0.718600928783417,0.246755704283714,1.10543978214264,0.510488629341125,-0.440530329942703,-0.44565162062645,-0.588837087154388
-0.718613147735596,0.246973007917404,1.10513556003571,0.51110428571701,-0.44047737121582,-0.44527280330658,-0.588629364967346
-0.718724071979523,0.247128576040268,1.10484480857849,0.511658668518066,-0.440307378768921,-0.444810301065445,-0.588624656200409
-0.718724071979523,0.247128576040268,1.10484480857849,0.511658668518066,-0.440307378768921,-0.444810301065445,-0.588624656200409
-0.718543112277985,0.247436538338661,1.10453283786774,0.512201428413391,-0.440485149621964,-0.444140374660492,-0.588525176048279
-0.718478143215179,0.247796922922134,1.10430181026459,0.512384474277496,-0.440750569105148,-0.443347662687302,-0.588764846324921
-0.718288779258728,0.247954607009888,1.10434830188751,0.512419641017914,-0.441038012504578,-0.443061530590057,-0.588734269142151
-0.718296349048615,0.248133897781372,1.10431134700775,0.512628793716431,-0.441141724586487,-0.442551791667938,-0.58885794878006
-0.718336999416351,0.248296603560448,1.10433173179626,0.512911081314087,-0.44114887714386,-0.442068308591843,-0.588969886302948
-0.718353748321533,0.248296439647675,1.10435974597931,0.512826204299927,-0.441202074289322,-0.441488206386566,-0.589438855648041
-0.718448042869568,0.248398706316948,1.10415351390839,0.51697301864624,-0.439955949783325,-0.442881792783737,-0.585690498352051
-0.718883514404297,0.24859407544136,1.10406947135925,0.517712593078613,-0.439474523067474,-0.442108809947967,-0.585982739925385
-0.719104886054993,0.248726114630699,1.10419404506683,0.513342440128326,-0.440885365009308,-0.439243346452713,-0.590902030467987
-0.719435036182404,0.248981356620788,1.10418295860291,0.514616429805756,-0.439974695444107,-0.439254194498062,-0.590464174747467
-0.719660043716431,0.249561578035355,1.10348832607269,0.515203237533569,-0.440038472414017,-0.43808776140213,-0.590771675109863
-0.7196946144104,0.249993294477463,1.10348606109619,0.515942275524139,-0.44007819890976,-0.437751203775406,-0.590346276760101
-0.719997048377991,0.250261127948761,1.10349726676941,0.516554057598114,-0.439268320798874,-0.43865704536438,-0.589741826057434
-0.720318377017975,0.250369340181351,1.10367631912231,0.516579270362854,-0.43943589925766,-0.436954736709595,-0.59085738658905
-0.72067254781723,0.250590920448303,1.10373473167419,0.517121374607086,-0.4385045170784,-0.43792513012886,-0.590356469154358
-0.72098582983017,0.251023024320602,1.10361206531525,0.518159687519073,-0.438456863164902,-0.436376243829727,-0.590628683567047
-0.721211850643158,0.251292109489441,1.10361754894257,0.518428325653076,-0.438241511583328,-0.436112403869629,-0.590747475624084
-0.721462309360504,0.251570492982864,1.10364699363708,0.518708229064941,-0.437999069690704,-0.435876935720444,-0.590855360031128
-0.721589922904968,0.251612901687622,1.10405278205872,0.518509566783905,-0.437683910131454,-0.436014026403427,-0.591161966323853
-0.721562087535858,0.251785159111023,1.10413014888763,0.517828226089478,-0.438118398189545,-0.435838520526886,-0.591566562652588
-0.721587836742401,0.252048373222351,1.10392391681671,0.522745609283447,-0.436650663614273,-0.438324481248856,-0.586468279361725
-0.721648573875427,0.252298831939697,1.10427355766296,0.517530500888824,-0.438390761613846,-0.436094403266907,-0.591436982154846
-0.721648573875427,0.252298831939697,1.10427355766296,0.517530500888824,-0.438390761613846,-0.436094403266907,-0.591436982154846
-0.721623182296753,0.253290235996246,1.10389280319214,0.518054723739624,-0.438679218292236,-0.436151891946793,-0.590720951557159
-0.721651494503021,0.253329426050186,1.10385501384735,0.522576510906219,-0.437024056911469,-0.438921272754669,-0.585894107818604
-0.721395432949066,0.253511637449265,1.10429012775421,0.521911144256592,-0.437461584806442,-0.439558535814285,-0.585682928562164
-0.721264898777008,0.253899425268173,1.10422348976135,0.521620094776154,-0.437666147947311,-0.439767420291901,-0.585632741451263
-0.721102833747864,0.254151463508606,1.10439670085907,0.515677809715271,-0.439678758382797,-0.437722951173782,-0.590895771980286
-0.720920324325562,0.254350125789642,1.1044534444809,0.515130400657654,-0.439860224723816,-0.438241213560104,-0.590853929519653
-0.720642268657684,0.25441175699234,1.10449731349945,0.518911778926849,-0.438577353954315,-0.441233158111572,-0.586254060268402
-0.72053337097168,0.255026370286941,1.10469627380371,0.514266908168793,-0.440307587385178,-0.439154475927353,-0.590594708919525
-0.720362901687622,0.25502073764801,1.10489845275879,0.51822292804718,-0.438554495573044,-0.442314267158508,-0.586065709590912
-0.720278561115265,0.255239427089691,1.10491955280304,0.517827033996582,-0.438498198986053,-0.443001568317413,-0.585938632488251
-0.720181465148926,0.25548392534256,1.1050660610199,0.517511010169983,-0.438255161046982,-0.443654298782349,-0.585906028747559
-0.720207929611206,0.255794554948807,1.10533738136292,0.512260854244232,-0.439534217119217,-0.441744595766068,-0.590982377529144
-0.720195472240448,0.255815267562866,1.10555720329285,0.511591732501984,-0.439626723527908,-0.442179709672928,-0.591167986392975
-0.720276594161987,0.255937844514847,1.10580003261566,0.511607348918915,-0.439096540212631,-0.442846387624741,-0.591049194335938
-0.720341145992279,0.256134063005447,1.10592329502106,0.516161739826202,-0.437177717685699,-0.445595413446426,-0.586427807807922
-0.720654189586639,0.256526559591293,1.10613059997559,0.511523842811584,-0.437957465648651,-0.443690955638885,-0.591333329677582
-0.720899105072021,0.256591320037842,1.1065309047699,0.511561989784241,-0.437281459569931,-0.44442480802536,-0.591249346733093
-0.721382737159729,0.256722331047058,1.10672903060913,0.512200951576233,-0.436378955841064,-0.444866895675659,-0.591030418872833
-0.721734344959259,0.256559252738953,1.10700917243958,0.511998414993286,-0.435390532016754,-0.445446729660034,-0.591498196125031
-0.722203314304352,0.256695151329041,1.10718011856079,0.512238621711731,-0.434242457151413,-0.446001499891281,-0.591716051101685
-0.722898423671722,0.256993651390076,1.1071263551712,0.513502299785614,-0.432674944400787,-0.446379512548447,-0.59148383140564
-0.72352260351181,0.257150948047638,1.10722076892853,0.514168381690979,-0.431650698184967,-0.446612179279327,-0.591477990150452
-0.72352260351181,0.257150948047638,1.10722076892853,0.514168381690979,-0.431650698184967,-0.446612179279327,-0.591477990150452
-0.724947810173035,0.256979912519455,1.1077127456665,0.515264987945557,-0.429089426994324,-0.447423905134201,-0.591773808002472
-0.725599229335785,0.256598740816116,1.10815644264221,0.515345275402069,-0.42777943611145,-0.448147684335709,-0.592104613780975
-0.726557195186615,0.256908804178238,1.10811603069305,0.517462551593781,-0.425790965557098,-0.448704898357391,-0.591268658638
-0.727196991443634,0.256964385509491,1.10779511928558,0.522522866725922,-0.423299193382263,-0.451113730669022,-0.58675742149353
-0.728184580802917,0.25663360953331,1.10863029956818,0.523870944976807,-0.421276211738586,-0.45223405957222,-0.58614856004715
-0.72919112443924,0.256423383951187,1.1086368560791,0.524535298347473,-0.419852048158646,-0.453121900558472,-0.585890352725983
-0.730108022689819,0.256438881158829,1.10853934288025,0.525966286659241,-0.41834083199501,-0.453137040138245,-0.585676729679108
-0.730996370315552,0.256216168403625,1.1085456609726,0.526679456233978,-0.417275249958038,-0.453511208295822,-0.58550637960434
-0.7317955493927,0.256336569786072,1.108607172966,0.522693872451782,-0.418105214834213,-0.45169597864151,-0.589872717857361
-0.732823371887207,0.256513178348541,1.10845386981964,0.524676322937012,-0.416592121124268,-0.452156841754913,-0.588829398155212
-0.733436822891235,0.256202220916748,1.10845100879669,0.524460256099701,-0.416535556316376,-0.452313899993896,-0.588941216468811
-0.734223783016205,0.256177514791489,1.10835576057434,0.525509297847748,-0.416120499372482,-0.452648997306824,-0.588041245937347
-0.734727382659912,0.256385624408722,1.10768246650696,0.531392872333527,-0.414476096630096,-0.4548399746418,-0.582195699214935
-0.735247850418091,0.256084024906158,1.10766863822937,0.530981004238129,-0.4144007563591,-0.455403417348862,-0.582184672355652
-0.736002147197723,0.256308645009995,1.10733234882355,0.526945233345032,-0.415966868400574,-0.453418552875519,-0.586269497871399
-0.736496388912201,0.256078988313675,1.10714912414551,0.53217476606369,-0.413916558027267,-0.45656481385231,-0.580527365207672
-0.736984014511108,0.255748301744461,1.10705351829529,0.531764268875122,-0.415042400360107,-0.456630617380142,-0.58004766702652
-0.737473905086517,0.25566354393959,1.10690677165985,0.532037258148193,-0.414795517921448,-0.457571715116501,-0.5792316198349
-0.73785001039505,0.25554746389389,1.10678350925446,0.532244980335236,-0.414741814136505,-0.458631455898285,-0.57824033498764
-0.738368630409241,0.255653202533722,1.10649359226227,0.533404886722565,-0.41442546248436,-0.45975711941719,-0.576501727104187
-0.738873898983002,0.255420953035355,1.10634887218475,0.533484160900116,-0.413674712181091,-0.461543083190918,-0.575539529323578
-0.739149451255798,0.255147129297256,1.1064624786377,0.534637331962585,-0.411393672227859,-0.465065062046051,-0.573265194892883
-0.739438831806183,0.254982173442841,1.10625076293945,0.534057796001434,-0.412461459636688,-0.466844797134399,-0.571588754653931
-0.739665329456329,0.254775404930115,1.10605549812317,0.533352851867676,-0.414772689342499,-0.465226501226425,-0.571893990039825
-0.739928245544434,0.25458699464798,1.1059228181839,0.533228754997253,-0.415552467107773,-0.465984731912613,-0.570825219154358
-0.740303158760071,0.254282921552658,1.10576212406158,0.532905459403992,-0.4162957072258,-0.466777682304382,-0.569937169551849
-0.74068945646286,0.254217475652695,1.10560894012451,0.532957971096039,-0.416582614183426,-0.467774480581284,-0.568860232830048
-0.740849494934082,0.253991216421127,1.10544037818909,0.532893896102905,-0.41668888926506,-0.469424158334732,-0.567482113838196
-0.74106240272522,0.253862738609314,1.10535144805908,0.53274017572403,-0.41702002286911,-0.470724016427994,-0.566304981708527
-0.741258800029755,0.253708273172378,1.10532021522522,0.532538414001465,-0.417296856641769,-0.472220003604889,-0.565043866634369
-0.741474807262421,0.253620207309723,1.10522639751434,0.532268166542053,-0.417664259672165,-0.473450154066086,-0.563996732234955
-0.741825640201569,0.253515481948852,1.10529243946075,0.532563209533691,-0.417764455080032,-0.47467029094696,-0.562616884708405
-0.742179751396179,0.253434419631958,1.10498690605164,0.532550513744354,-0.417830854654312,-0.475627690553665,-0.561770439147949
-0.742331922054291,0.253308832645416,1.10510587692261,0.532314598560333,-0.418241709470749,-0.476880669593811,-0.560624599456787
-0.742489457130432,0.253271967172623,1.10508441925049,0.531996011734009,-0.418867379426956,-0.477913677692413,-0.559579312801361
-0.742621183395386,0.253285348415375,1.1051037311554,0.532199859619141,-0.418244332075119,-0.479553580284119,-0.558447420597076
-0.742698669433594,0.253196507692337,1.10506284236908,0.531216025352478,-0.420014977455139,-0.479600310325623,-0.558014929294586
-0.742707490921021,0.253301650285721,1.10515463352203,0.531196773052216,-0.419807523488998,-0.481188952922821,-0.556820571422577
-0.742904245853424,0.253530204296112,1.10515737533569,0.525515735149384,-0.423218011856079,-0.478720396757126,-0.561735272407532
-0.742840707302094,0.253135174512863,1.10515522956848,0.529394567012787,-0.421887695789337,-0.481722772121429,-0.556502819061279
-0.743076145648956,0.253058850765228,1.10515606403351,0.52967494726181,-0.420959383249283,-0.483379602432251,-0.555501401424408
-0.743302583694458,0.253069043159485,1.10516607761383,0.529549241065979,-0.421062380075455,-0.483978182077408,-0.5550217628479
-0.743504583835602,0.253185242414474,1.10519504547119,0.529620766639709,-0.421109855175018,-0.484687834978104,-0.554297745227814
-0.743583500385284,0.253180086612701,1.10522592067719,0.529270648956299,-0.42130845785141,-0.485213577747345,-0.554021298885345
-0.743509650230408,0.253298789262772,1.10532605648041,0.529043853282928,-0.421680629253387,-0.485838264226913,-0.553406894207001
-0.743570387363434,0.253341376781464,1.10537099838257,0.529026567935944,-0.421695470809937,-0.486171573400497,-0.553119242191315
-0.743759989738464,0.253292381763458,1.10536193847656,0.528809905052185,-0.421468257904053,-0.486553758382797,-0.553163707256317
-0.74363499879837,0.25349497795105,1.10548675060272,0.523302376270294,-0.424760669469833,-0.483831733465195,-0.558247089385986
-0.74385792016983,0.253572404384613,1.10528635978699,0.523273348808289,-0.424536734819412,-0.483836889266968,-0.558440327644348
-0.743786036968231,0.253398835659027,1.10548973083496,0.527628004550934,-0.422560513019562,-0.486484974622726,-0.553519368171692
-0.743729472160339,0.253457009792328,1.10559773445129,0.527464985847473,-0.422561347484589,-0.486688405275345,-0.553495228290558
-0.743647873401642,0.253519386053085,1.10573375225067,0.527340590953827,-0.422493129968643,-0.486887782812118,-0.553490698337555
-0.743385374546051,0.253852397203445,1.10554957389832,0.527203381061554,-0.422948032617569,-0.486789584159851,-0.553360223770142
-0.743370473384857,0.253802180290222,1.10575771331787,0.526952862739563,-0.422731131315231,-0.486845225095749,-0.553715646266937
-0.743147969245911,0.253957092761993,1.10592067241669,0.526326417922974,-0.423125386238098,-0.486555367708206,-0.554264724254608
-0.743147969245911,0.253957092761993,1.10592067241669,0.526326417922974,-0.423125386238098,-0.486555367708206,-0.554264724254608
-0.742590487003326,0.254256844520569,1.10591053962708,0.525747358798981,-0.423392921686172,-0.486329197883606,-0.554808080196381
-0.742335498332977,0.254375696182251,1.10605323314667,0.525429666042328,-0.42347714304924,-0.486131072044373,-0.555218398571014
-0.742041349411011,0.254532486200333,1.10618150234222,0.525090873241425,-0.423574239015579,-0.485807329416275,-0.555747985839844
-0.74174565076828,0.254612624645233,1.10636675357819,0.524767994880676,-0.423570245504379,-0.485588729381561,-0.556246757507324
-0.741380214691162,0.254669576883316,1.10647070407867,0.524396896362305,-0.423717230558395,-0.485195487737656,-0.556827664375305
-0.74092972278595,0.254767060279846,1.1065719127655,0.52411162853241,-0.423743456602097,-0.484914839267731,-0.557320475578308
-0.740610003471375,0.254870593547821,1.10664260387421,0.523980796337128,-0.423759371042252,-0.484449356794357,-0.55783623456955
-0.740245223045349,0.254987180233002,1.10674560070038,0.52372282743454,-0.423808664083481,-0.484025478363037,-0.558408498764038
-0.739856600761414,0.255138039588928,1.10686802864075,0.5238077044487,-0.422975122928619,-0.484249889850616,-0.558766186237335
-0.739209711551666,0.255191028118133,1.10719430446625,0.523392200469971,-0.423122256994247,-0.484025716781616,-0.559238255023956
-0.738631069660187,0.255514919757843,1.10739874839783,0.518484055995941,-0.425306767225266,-0.481189876794815,-0.564574956893921
-0.738460063934326,0.255648285150528,1.10773956775665,0.518075704574585,-0.425364315509796,-0.480006396770477,-0.565912544727325
-0.737698435783386,0.255494117736816,1.10765111446381,0.522432804107666,-0.423575937747955,-0.48204180598259,-0.56150096654892
-0.737227976322174,0.255583763122559,1.10772061347961,0.522221922874451,-0.423663437366486,-0.481252759695053,-0.562307178974152
-0.736912727355957,0.255916804075241,1.10761415958405,0.522296667098999,-0.42350235581398,-0.48014160990715,-0.563308238983154
-0.73603218793869,0.256137520074844,1.10773050785065,0.521732211112976,-0.423941493034363,-0.479591429233551,-0.563969194889069
-0.735440909862518,0.256277054548263,1.10801732540131,0.516317903995514,-0.426199674606323,-0.476375669240951,-0.569943726062775
-0.734810709953308,0.256053417921066,1.10822057723999,0.514978110790253,-0.427244544029236,-0.474807918071747,-0.571679055690765
-0.734139442443848,0.256106495857239,1.1082729101181,0.514619052410126,-0.42748835682869,-0.473833173513412,-0.572628259658813
-0.733576059341431,0.256163269281387,1.10832381248474,0.514480531215668,-0.427733361721039,-0.472842305898666,-0.573388338088989
-0.732908308506012,0.256289631128311,1.10833692550659,0.520157039165497,-0.425215482711792,-0.474947482347488,-0.568377792835236
-0.732258379459381,0.256166398525238,1.10889577865601,0.519017398357391,-0.424895375967026,-0.474656969308853,-0.56989973783493
-0.731622934341431,0.256136775016785,1.10886585712433,0.518476009368896,-0.425929635763168,-0.472714692354202,-0.57123339176178
-0.730886280536652,0.256229281425476,1.10923111438751,0.512732088565826,-0.428424775600433,-0.469465613365173,-0.577200472354889
-0.730436027050018,0.256472110748291,1.10919439792633,0.513344585895538,-0.428184151649475,-0.46838253736496,-0.577714085578918
-0.729749798774719,0.256508886814117,1.10923528671265,0.513360440731049,-0.428180396556854,-0.467602133750916,-0.578334748744965
-0.729094684123993,0.256542682647705,1.10927438735962,0.513524174690247,-0.425883829593658,-0.469065964221954,-0.57869952917099
-0.728483974933624,0.256479978561401,1.10937559604645,0.512998044490814,-0.427385807037354,-0.466494411230087,-0.580135762691498
-0.727931618690491,0.256770312786102,1.1093236207962,0.514026999473572,-0.425726890563965,-0.467236697673798,-0.579847097396851
-0.727228462696075,0.256522387266159,1.10945165157318,0.511164128780365,-0.429463684558868,-0.462614119052887,-0.583318650722504
-0.72663950920105,0.25664097070694,1.10960853099823,0.512200176715851,-0.426602333784103,-0.464784801006317,-0.582783460617065
-0.726008653640747,0.256861925125122,1.10961472988129,0.513065218925476,-0.426206469535828,-0.464115381240845,-0.58284592628479
-0.725453972816467,0.256979465484619,1.10971486568451,0.512856483459473,-0.426691472530365,-0.462800532579422,-0.58371901512146
-0.724559128284454,0.257151812314987,1.10928428173065,0.512110829353333,-0.427657544612885,-0.4614138007164,-0.584764063358307
-0.723985552787781,0.25690296292305,1.10994124412537,0.511943757534027,-0.42756861448288,-0.460785686969757,-0.585470139980316
-0.723385274410248,0.25708881020546,1.10992884635925,0.512229800224304,-0.427801579236984,-0.459822952747345,-0.585806488990784
-0.722804009914398,0.25700318813324,1.10990214347839,0.511792600154877,-0.428041756153107,-0.458443999290466,-0.587092697620392
-0.722255289554596,0.257261157035828,1.10986387729645,0.512475788593292,-0.428087085485458,-0.457495152950287,-0.587203800678253
-0.721474647521973,0.257620513439178,1.10931420326233,0.512111186981201,-0.428726702928543,-0.456049680709839,-0.588178813457489
-0.720800340175629,0.25720077753067,1.10987031459808,0.51129674911499,-0.429104715585709,-0.455360114574432,-0.589145123958588
-0.719866514205933,0.257443815469742,1.1100435256958,0.51084178686142,-0.430090248584747,-0.454225093126297,-0.589697182178497
-0.719203293323517,0.257879018783569,1.10935080051422,0.515515923500061,-0.429276168346405,-0.454825758934021,-0.58574652671814
-0.718427062034607,0.257802188396454,1.10913801193237,0.514374852180481,-0.430325955152512,-0.453559339046478,-0.586959958076477
-0.717718899250031,0.258054912090302,1.10935091972351,0.51023530960083,-0.432176768779755,-0.45065912604332,-0.591430187225342
-0.716924667358398,0.258006870746612,1.10936450958252,0.509855091571808,-0.432772696018219,-0.449873358011246,-0.591920435428619
-0.716070353984833,0.258163571357727,1.10935378074646,0.509150147438049,-0.433802098035812,-0.448760122060776,-0.59261828660965
-0.715238511562347,0.257984638214111,1.10917139053345,0.511934816837311,-0.433979332447052,-0.44920688867569,-0.589744031429291
-0.714385449886322,0.25770115852356,1.11003506183624,0.507001399993896,-0.435889005661011,-0.447260528802872,-0.594061076641083
-0.71358186006546,0.25785368680954,1.1098757982254,0.507192730903625,-0.435853451490402,-0.44665914773941,-0.594376146793365
-0.712755739688873,0.257946491241455,1.1097320318222,0.506205856800079,-0.436939418315887,-0.445573389530182,-0.595234334468842
-0.711805820465088,0.258001178503036,1.10969626903534,0.505699992179871,-0.437999933958054,-0.444788634777069,-0.595471858978271
-0.710861206054688,0.258075177669525,1.10967218875885,0.504763245582581,-0.439290732145309,-0.443747222423553,-0.596092462539673
-0.709865689277649,0.25796365737915,1.10956072807312,0.508498728275299,-0.438986778259277,-0.445307105779648,-0.591963768005371
-0.709000945091248,0.258095264434814,1.1096396446228,0.50267881155014,-0.441939026117325,-0.441753327846527,-0.597375988960266
-0.708012282848358,0.258480250835419,1.10895252227783,0.501750230789185,-0.443405389785767,-0.440187036991119,-0.598225355148315
-0.707064628601074,0.258536487817764,1.10879504680634,0.506508111953735,-0.442493259906769,-0.443062514066696,-0.592743456363678
-0.70595508813858,0.258629202842712,1.10874807834625,0.499653816223144,-0.446029096841812,-0.439322143793106,-0.598665356636047
-0.704950451850891,0.258730351924896,1.10866558551788,0.499412328004837,-0.447612792253494,-0.437602907419205,-0.598943948745728
-0.703898549079895,0.258774161338806,1.10821568965912,0.497450172901154,-0.449209362268448,-0.437112152576446,-0.59973931312561
-0.702887237071991,0.258910953998566,1.10818409919739,0.49748295545578,-0.45035108923912,-0.436114579439163,-0.599582076072693
-0.701643764972687,0.259041994810104,1.10937404632568,0.495162963867188,-0.453417629003525,-0.433864414691925,-0.600822746753693
-0.700685858726501,0.259098827838898,1.10926556587219,0.496853739023209,-0.453578621149063,-0.434738278388977,-0.598669767379761
-0.699591279029846,0.259068131446838,1.10932743549347,0.495523065328598,-0.454647183418274,-0.435073167085648,-0.598718822002411
-0.698432087898254,0.258367449045181,1.10889410972595,0.496840238571167,-0.454900294542313,-0.435957968235016,-0.596788346767426
-0.697368681430817,0.259264171123505,1.1085969209671,0.495548456907272,-0.458041310310364,-0.433229446411133,-0.597446441650391
-0.696181058883667,0.259170949459076,1.10889577865601,0.495678067207336,-0.457404285669327,-0.43450927734375,-0.596897184848785
-0.694870233535767,0.259024947881699,1.1089563369751,0.490591883659363,-0.461486041545868,-0.431057900190353,-0.600449442863464
-0.693980813026428,0.25881165266037,1.1097549200058,0.489244014024734,-0.463297665119171,-0.428945273160934,-0.601665794849396
-0.692548215389252,0.258879125118256,1.10917496681213,0.487908154726028,-0.464788675308227,-0.429214805364609,-0.601408004760742
-0.691480994224548,0.259012460708618,1.10949838161469,0.485253810882568,-0.46731024980545,-0.427367776632309,-0.602915167808533
-0.69004362821579,0.258517444133758,1.11013567447662,0.484269052743912,-0.468999654054642,-0.426010817289352,-0.603355348110199
-0.69004362821579,0.258517444133758,1.11013567447662,0.484269052743912,-0.468999654054642,-0.426010817289352,-0.603355348110199
-0.687365710735321,0.25860059261322,1.11005091667175,0.480029135942459,-0.473656415939331,-0.422973126173019,-0.605239927768707
-0.685911595821381,0.258166909217834,1.11074995994568,0.478028923273086,-0.47539547085762,-0.422597229480743,-0.605721950531006
-0.684492468833923,0.258094429969788,1.11057472229004,0.476092249155045,-0.477064549922943,-0.42227178812027,-0.606161952018738
-0.683040857315063,0.257568299770355,1.11128127574921,0.474149525165558,-0.479039698839188,-0.420732617378235,-0.607196450233459
-0.681500852108002,0.257250905036926,1.11159574985504,0.471790909767151,-0.481129348278046,-0.419703066349029,-0.60809326171875
-0.680063009262085,0.256939560174942,1.11191928386688,0.470826476812363,-0.480868846178055,-0.420211136341095,-0.608695685863495
-0.6785888671875,0.256567239761352,1.11224579811096,0.467739999294281,-0.484777331352234,-0.417464375495911,-0.609863817691803
-0.676904737949371,0.256258189678192,1.11265087127686,0.465301007032394,-0.486867785453796,-0.416278749704361,-0.610873937606812
-0.675456166267395,0.255812048912048,1.11295390129089,0.463377773761749,-0.488467991352081,-0.415439546108246,-0.611629128456116
-0.673932075500488,0.255331516265869,1.1132915019989,0.458685576915741,-0.493475675582886,-0.413713335990906,-0.612315773963928
-0.672381162643433,0.255250751972198,1.1132071018219,0.459373444318771,-0.491904377937317,-0.413004398345947,-0.613541901111603
-0.670750319957733,0.254503309726715,1.11414623260498,0.456896245479584,-0.493081420660019,-0.413611054420471,-0.614037871360779
-0.669135928153992,0.253961801528931,1.11455380916595,0.454831212759018,-0.494622826576233,-0.412627726793289,-0.614992022514343
-0.667531847953796,0.253433287143707,1.11489760875702,0.452956110239029,-0.496447116136551,-0.410606116056442,-0.616257846355438
-0.666044354438782,0.252873778343201,1.11540269851685,0.450959950685501,-0.497433245182037,-0.410530567169189,-0.61697655916214
-0.664565324783325,0.252279549837112,1.1158195734024,0.448978215456009,-0.498634815216064,-0.409554272890091,-0.618099749088287
-0.663149237632751,0.251652121543884,1.11639082431793,0.447825491428375,-0.499951928853989,-0.407607734203339,-0.61915785074234
-0.661544561386108,0.25104945898056,1.11686480045319,0.445225596427917,-0.50140368938446,-0.406403183937073,-0.620649039745331
-0.659947037696838,0.250374644994736,1.11744463443756,0.443214446306229,-0.502091586589813,-0.406418800354004,-0.621521413326263
-0.65835577249527,0.249687910079956,1.11798322200775,0.440961897373199,-0.503369033336639,-0.405383467674255,-0.622765302658081
-0.656858861446381,0.248930230736732,1.11848533153534,0.43889719247818,-0.504477798938751,-0.404146194458008,-0.624129116535187
-0.655443489551544,0.248142302036285,1.11904847621918,0.436878114938736,-0.505779623985291,-0.401800006628036,-0.626004219055176
-0.653896629810333,0.247694700956345,1.1190367937088,0.435017496347427,-0.507172763347626,-0.400038927793503,-0.627299308776855
-0.652396142482758,0.246635392308235,1.12017238140106,0.433870553970337,-0.507393062114716,-0.4007867872715,-0.627438247203827
-0.650977790355682,0.245902836322784,1.12078392505646,0.431191056966782,-0.50827020406723,-0.399381816387177,-0.629468023777008
-0.649490118026733,0.24506177008152,1.12136137485504,0.428980261087418,-0.509083271026611,-0.398062735795975,-0.631154835224152
-0.648277282714844,0.244133964180946,1.12194442749023,0.427568674087524,-0.50943249464035,-0.39704430103302,-0.632470965385437
-0.646903157234192,0.243247151374817,1.1225917339325,0.425995618104935,-0.509867429733276,-0.395888268947601,-0.633904933929443
-0.64556485414505,0.242379128932953,1.12318289279938,0.424424529075623,-0.51059490442276,-0.393736064434052,-0.635711193084717
-0.644220530986786,0.241428896784782,1.12386333942413,0.422755688428879,-0.511110067367554,-0.392518728971481,-0.637160420417786
-0.643072664737701,0.240436136722565,1.12447035312653,0.421475142240524,-0.51137363910675,-0.391481041908264,-0.638434290885925
-0.6419358253479,0.239904522895813,1.12463974952698,0.420498371124268,-0.511721312999725,-0.389888823032379,-0.639772772789001
-0.640708327293396,0.23896923661232,1.12531185150146,0.418957114219666,-0.512061774730682,-0.388718456029892,-0.641222059726715
-0.63973742723465,0.237704664468765,1.12638545036316,0.417809635400772,-0.511711955070496,-0.388306170701981,-0.64249849319458
-0.63873690366745,0.236783668398857,1.12705183029175,0.416872829198837,-0.51178377866745,-0.387173533439636,-0.643732130527496
-0.637645304203033,0.235847651958465,1.12773358821869,0.4157575070858,-0.511820018291473,-0.386053264141083,-0.645095944404602
-0.636789917945862,0.23491407930851,1.12843573093414,0.415358126163483,-0.51142281293869,-0.386277675628662,-0.645533740520477
-0.635889112949371,0.234205573797226,1.12878203392029,0.414618283510208,-0.511545777320862,-0.384732395410538,-0.646833598613739
-0.635064423084259,0.232888072729111,1.12983191013336,0.412832617759705,-0.511565029621124,-0.382808148860931,-0.649098038673401
-0.634175419807434,0.231979310512543,1.13053500652313,0.411091446876526,-0.511543691158295,-0.382593035697937,-0.650345683097839
-0.63345730304718,0.23096165060997,1.13123524188995,0.410501837730408,-0.511444747447968,-0.380659461021423,-0.651928544044495
-0.632886290550232,0.229950800538063,1.13203048706055,0.409809410572052,-0.510632634162903,-0.380939513444901,-0.652836680412292
-0.632244884967804,0.228870302438736,1.13274574279785,0.409347504377365,-0.510390162467957,-0.379300028085709,-0.65426903963089
-0.631663203239441,0.22815927863121,1.13299572467804,0.408738762140274,-0.510214388370514,-0.378002434968948,-0.655536592006683
-0.631265640258789,0.226868540048599,1.13416421413422,0.407915443181992,-0.50957840681076,-0.377470999956131,-0.656848967075348
-0.630778253078461,0.226158693432808,1.13441181182861,0.40871074795723,-0.509279131889343,-0.376757830381393,-0.656996011734009
-0.630419492721558,0.224731653928757,1.13561236858368,0.406976163387299,-0.508472621440887,-0.376628279685974,-0.658769488334656
-0.630037367343903,0.223674729466438,1.13628554344177,0.40628370642662,-0.507849514484406,-0.376088470220566,-0.659984648227692
-0.62970495223999,0.222981214523315,1.13657784461975,0.406095683574677,-0.507522881031036,-0.375300168991089,-0.660799920558929
-0.629473268985748,0.221944466233253,1.13725805282593,0.405813574790955,-0.5068678855896,-0.375082910060883,-0.661598801612854
-0.629340350627899,0.220550820231438,1.13846147060394,0.406270742416382,-0.505810022354126,-0.375545650720596,-0.661865234375
-0.629151046276093,0.219504654407501,1.13907694816589,0.406077444553375,-0.505144238471985,-0.375678181648254,-0.662416934967041
-0.628957986831665,0.218453571200371,1.1397590637207,0.404601722955704,-0.504634499549866,-0.375257402658463,-0.663945317268372
-0.628818392753601,0.217615127563477,1.14008450508118,0.403850853443146,-0.504330933094025,-0.374819189310074,-0.66487991809845
-0.628767251968384,0.216546580195427,1.14079236984253,0.403624832630157,-0.503650426864624,-0.375103801488876,-0.665372252464294
-0.628846526145935,0.215287774801254,1.14177930355072,0.402942359447479,-0.502883791923523,-0.375432521104813,-0.666179835796356
-0.628854930400848,0.214161261916161,1.14263141155243,0.402282416820526,-0.502179265022278,-0.375844419002533,-0.666877686977386
-0.628821909427643,0.213446170091629,1.14289057254791,0.401745229959488,-0.501927077770233,-0.375845938920975,-0.6673903465271
-0.628943264484406,0.212382882833481,1.14365041255951,0.401094436645508,-0.50112396478653,-0.377246171236038,-0.667595326900482
-0.629069209098816,0.211250215768814,1.14440834522247,0.400241285562515,-0.50054657459259,-0.377806961536407,-0.668222963809967
-0.629306554794312,0.209887146949768,1.1455409526825,0.400974065065384,-0.499453514814377,-0.379283636808395,-0.667764842510223
-0.629452884197235,0.20872537791729,1.14618289470673,0.39978477358818,-0.498964250087738,-0.378921002149582,-0.669048309326172
-0.629655539989471,0.207993447780609,1.14645087718964,0.399318009614944,-0.498691469430923,-0.379261463880539,-0.669337630271912
-0.629930317401886,0.20700092613697,1.1471027135849,0.398832678794861,-0.497984677553177,-0.380287408828735,-0.669570982456207
-0.630188882350922,0.205966472625732,1.14788806438446,0.397887200117111,-0.497252374887466,-0.382318466901779,-0.669520974159241
-0.630430281162262,0.204666435718536,1.14900648593903,0.398921400308609,-0.49649766087532,-0.383233159780502,-0.66894268989563
-0.630935609340668,0.203549712896347,1.14966833591461,0.397264569997787,-0.495523512363434,-0.384208112955093,-0.670090556144714
-0.631268680095673,0.202535092830658,1.15025758743286,0.396824270486832,-0.494787812232971,-0.385634750127792,-0.670075654983521
-0.631647050380707,0.201739922165871,1.15063667297363,0.396410554647446,-0.494382292032242,-0.386640667915344,-0.670040130615234
-0.632191836833954,0.200394049286842,1.15161263942719,0.395945936441422,-0.493095338344574,-0.388587683439255,-0.670136749744415
-0.632640957832336,0.199636071920395,1.15196430683136,0.395765662193298,-0.492417305707932,-0.389933407306671,-0.669960260391235
-0.633185803890228,0.198449522256851,1.15305614471436,0.394536167383194,-0.491466224193573,-0.392744928598404,-0.669741570949554
-0.633668661117554,0.197294175624847,1.15369486808777,0.394817650318146,-0.490557700395584,-0.393573194742203,-0.669755339622498
-0.634116947650909,0.19647666811943,1.15401411056519,0.39457243680954,-0.489982426166534,-0.394954860210419,-0.669507682323456
-0.634798943996429,0.195539534091949,1.15462458133698,0.393879264593124,-0.488774299621582,-0.397641509771347,-0.669208407402039
-0.635278940200806,0.194138512015343,1.15560841560364,0.393229186534882,-0.487758338451385,-0.399966329336166,-0.66894656419754
-0.635872483253479,0.193263456225395,1.15609526634216,0.392891585826874,-0.486963272094727,-0.401688069105148,-0.668692588806152
-0.636542499065399,0.192523941397667,1.15639388561249,0.393147796392441,-0.486337304115295,-0.402243942022324,-0.668663501739502
-0.637011766433716,0.191223740577698,1.15735566616058,0.392559617757797,-0.485327184200287,-0.404885619878769,-0.668148219585419
-0.637777626514435,0.190203055739403,1.15792381763458,0.389180928468704,-0.487813919782638,-0.406684100627899,-0.667221009731293
-0.638395011425018,0.189331293106079,1.15838670730591,0.392481803894043,-0.482884138822555,-0.40959757566452,-0.667091310024261
-0.639003455638885,0.188374251127243,1.15897572040558,0.392568200826645,-0.481667101383209,-0.411868244409561,-0.666521966457367
-0.639543056488037,0.18722528219223,1.15952301025391,0.392074942588806,-0.480647027492523,-0.414082467556,-0.666176855564117
-0.640138685703278,0.186223864555359,1.15990102291107,0.392218440771103,-0.479488402605057,-0.416340798139572,-0.665519297122955
-0.640775084495544,0.185210630297661,1.1603422164917,0.392788350582123,-0.478393375873566,-0.417788714170456,-0.665063798427582
-0.64131498336792,0.184546574950218,1.16044747829437,0.392707943916321,-0.477710396051407,-0.419468462467194,-0.664544641971588
-0.64190137386322,0.183336853981018,1.16119575500488,0.392418473958969,-0.476531147956848,-0.421850085258484,-0.664054572582245
-0.642406821250916,0.182400017976761,1.16148400306702,0.392154812812805,-0.475747674703598,-0.423857063055038,-0.663493692874908
-0.643135666847229,0.181381106376648,1.16200315952301,0.392152279615402,-0.474285572767258,-0.426742672920227,-0.662691831588745
-0.643629908561707,0.180538356304169,1.16224145889282,0.392229348421097,-0.473484605550766,-0.428730189800262,-0.661935806274414
-0.64416241645813,0.179512977600098,1.16247642040253,0.392289519309998,-0.472862362861633,-0.429653853178024,-0.661746025085449
-0.644735753536224,0.178756102919578,1.16288089752197,0.392537742853165,-0.47217008471489,-0.431400746107101,-0.660956084728241
-0.645418465137482,0.177733451128006,1.1633288860321,0.393050879240036,-0.470916897058487,-0.433495253324509,-0.660174369812012
-0.64613538980484,0.176963210105896,1.16338610649109,0.392828196287155,-0.470284253358841,-0.434737294912338,-0.659941077232361
-0.646722853183746,0.176335632801056,1.16337466239929,0.390586882829666,-0.473403245210648,-0.435134947299957,-0.658778309822083
-0.647338211536407,0.175239726901054,1.16400265693665,0.390915602445602,-0.472503960132599,-0.437124609947205,-0.657911241054535
-0.647957682609558,0.174419313669205,1.16423559188843,0.391191512346268,-0.471685767173767,-0.438825011253357,-0.657201945781708
-0.648559093475342,0.173546761274338,1.16445469856262,0.391050457954407,-0.47102889418602,-0.440327227115631,-0.656751930713654
-0.649324655532837,0.172840058803558,1.16475057601929,0.39068141579628,-0.470315188169479,-0.442487925291061,-0.656030535697937
-0.649956285953522,0.172457844018936,1.16486525535583,0.393778741359711,-0.466038733720779,-0.444425940513611,-0.655920565128326
-0.650697767734528,0.171653866767883,1.16502273082733,0.394268810749054,-0.465053021907806,-0.445790857076645,-0.655399203300476
-0.651230156421661,0.170860469341278,1.16528952121735,0.394631147384643,-0.464613407850266,-0.447111636400223,-0.65459281206131
-0.652046501636505,0.169856578111649,1.16575503349304,0.394901871681213,-0.463566422462463,-0.448461413383484,-0.654248476028442
-0.652574479579926,0.169025778770447,1.16592228412628,0.395185261964798,-0.462889969348907,-0.450134247541428,-0.653406977653503
-0.653289794921875,0.168306156992912,1.16592717170715,0.393633931875229,-0.466156840324402,-0.449541449546814,-0.652428269386292
-0.65387362241745,0.167572319507599,1.16622567176819,0.393287122249603,-0.465328216552734,-0.451672852039337,-0.651756286621094
-0.654694497585297,0.166909947991371,1.16637694835663,0.394065201282501,-0.464533746242523,-0.452779203653336,-0.651085138320923
-0.655336856842041,0.166320040822029,1.16649317741394,0.395182520151138,-0.463604390621185,-0.454298794269562,-0.650010943412781
-0.65588116645813,0.165578722953796,1.16668879985809,0.398183882236481,-0.458871006965637,-0.45646196603775,-0.650022745132446
-0.65642112493515,0.164909824728966,1.16683650016785,0.399493902921677,-0.458347618579865,-0.457911342382431,-0.648567259311676
-0.657049655914307,0.164230436086655,1.16679835319519,0.396646291017532,-0.461406350135803,-0.458101332187653,-0.64801162481308
-0.657698512077332,0.163789182901382,1.16668486595154,0.397565335035324,-0.460955321788788,-0.4580118060112,-0.647832751274109
-0.658209264278412,0.162746831774712,1.1671724319458,0.39743047952652,-0.459851711988449,-0.460515528917313,-0.646924197673798
-0.658671498298645,0.162130057811737,1.16732048988342,0.396685719490051,-0.460136204957962,-0.461604684591293,-0.646402597427368
-0.659273505210876,0.161719441413879,1.16711914539337,0.396747410297394,-0.460315406322479,-0.462162464857101,-0.64583820104599
-0.659273505210876,0.161719441413879,1.16711914539337,0.396747410297394,-0.460315406322479,-0.462162464857101,-0.64583820104599
-0.660061836242676,0.160266607999802,1.16743123531342,0.397712290287018,-0.458704501390457,-0.464321613311768,-0.644841492176056
-0.660573303699493,0.159622877836227,1.16751396656036,0.398394167423248,-0.458627611398697,-0.464294165372849,-0.644494950771332
-0.660954058170319,0.158797174692154,1.16807317733765,0.400998413562775,-0.453648865222931,-0.467617779970169,-0.644000589847565
-0.661346852779388,0.158124506473541,1.16816735267639,0.398742794990539,-0.457529455423355,-0.466684609651565,-0.643332362174988
-0.661802351474762,0.157519236207008,1.16840732097626,0.398492395877838,-0.45674204826355,-0.468476325273514,-0.642744481563568
-0.662088751792908,0.156935453414917,1.16861653327942,0.398744434118271,-0.456600248813629,-0.469451874494553,-0.641976654529572
-0.662452697753906,0.156281262636185,1.16879522800446,0.398573160171509,-0.456544518470764,-0.470211714506149,-0.641566455364227
-0.663002490997314,0.155717715620995,1.1690286397934,0.398758769035339,-0.456109374761581,-0.47086700797081,-0.641279935836792
-0.663224816322327,0.155086159706116,1.16908812522888,0.399573981761932,-0.456036299467087,-0.471236765384674,-0.640552461147308
-0.66349333524704,0.154513627290726,1.16931939125061,0.398752868175507,-0.455499827861786,-0.472720861434937,-0.640352308750153
-0.663696765899658,0.15402489900589,1.16943383216858,0.398352980613708,-0.455451786518097,-0.473403781652451,-0.640130698680878
-0.66392457485199,0.153613924980163,1.16967868804932,0.400751680135727,-0.451522260904312,-0.474841147661209,-0.640352725982666
-0.664266288280487,0.153418898582458,1.16959309577942,0.401232481002808,-0.451465606689453,-0.475178837776184,-0.63984078168869
-0.66430252790451,0.152757182717323,1.16997635364532,0.400842607021332,-0.45142936706543,-0.476130276918411,-0.639403462409973
-0.664517343044281,0.15219646692276,1.17019987106323,0.400787144899368,-0.451710104942322,-0.475806415081024,-0.639480948448181
-0.664696156978607,0.151780292391777,1.17037534713745,0.400314718484878,-0.451145678758621,-0.477389305830002,-0.638995468616486
-0.664862036705017,0.151497781276703,1.17040252685547,0.400358587503433,-0.450940012931824,-0.478183746337891,-0.638518869876862
-0.664990127086639,0.150757730007172,1.17062509059906,0.39722740650177,-0.455120593309402,-0.477678298950195,-0.63788640499115
-0.665145456790924,0.15046215057373,1.170938372612,0.399561673402786,-0.450836211442947,-0.479302853345871,-0.638252139091492
-0.665384232997894,0.150032520294189,1.17106425762177,0.396592736244202,-0.455010920763016,-0.478832423686981,-0.637494206428528
-0.665486216545105,0.149251520633698,1.17157006263733,0.396219104528427,-0.45418918132782,-0.479883104562759,-0.637522399425507
-0.665534615516663,0.148904055356979,1.17176413536072,0.395953953266144,-0.454066932201385,-0.48043891787529,-0.637355387210846
-0.665623307228088,0.148579627275467,1.17203164100647,0.395976364612579,-0.453757792711258,-0.481093436479568,-0.637067973613739
-0.665702104568481,0.148225516080856,1.17219388484955,0.3959741294384,-0.45355674624443,-0.481722146272659,-0.636737406253815
-0.665707051753998,0.147905945777893,1.17249202728271,0.398716062307358,-0.450011670589447,-0.482194930315018,-0.637183904647827
-0.665760815143585,0.147582978010178,1.17270290851593,0.398164004087448,-0.449888706207275,-0.482461512088776,-0.637413799762726
-0.665784299373627,0.147251710295677,1.17294609546661,0.398068249225616,-0.449747323989868,-0.483134627342224,-0.637063324451447
-0.665827393531799,0.146971330046654,1.17306959629059,0.397504657506943,-0.449741572141647,-0.483351320028305,-0.637255012989044
-0.665938377380371,0.146776467561722,1.17313671112061,0.397177010774612,-0.449608415365219,-0.4834925532341,-0.637446224689484
-0.665935218334198,0.146746233105659,1.1730101108551,0.394441545009613,-0.453608900308609,-0.482816129922867,-0.636822760105133
-0.665998220443726,0.146126866340637,1.17361307144165,0.393987268209457,-0.453325301408768,-0.483564347028732,-0.636738419532776
-0.666038691997528,0.145894408226013,1.17380523681641,0.393767327070236,-0.453050136566162,-0.483897268772125,-0.636817455291748
-0.666057050228119,0.145653992891312,1.17402172088623,0.393527686595917,-0.452849090099335,-0.484245955944061,-0.636843621730804
-0.666040122509003,0.145433813333511,1.17417109012604,0.393333375453949,-0.452360421419144,-0.484613835811615,-0.637030899524689
-0.66603672504425,0.145409390330315,1.17412185668945,0.392832547426224,-0.452339589595795,-0.484441071748734,-0.637485802173615
-0.665976107120514,0.145154505968094,1.17429256439209,0.392709404230118,-0.452165961265564,-0.484936416149139,-0.637308418750763
-0.665953397750854,0.144970625638962,1.17455816268921,0.391722589731216,-0.451735258102417,-0.486075729131699,-0.637353241443634
-0.665945768356323,0.14482507109642,1.17470645904541,0.391496330499649,-0.451606839895248,-0.486224472522736,-0.63746976852417
-0.665895462036133,0.144352972507477,1.17510604858398,0.390777587890625,-0.451455146074295,-0.486580669879913,-0.637746393680573
-0.665849983692169,0.144328460097313,1.17511320114136,0.390215545892715,-0.451724201440811,-0.486663073301315,-0.637837052345276
-0.665708303451538,0.144212484359741,1.17518854141235,0.39067080616951,-0.451186060905456,-0.486430883407593,-0.638116300106049
-0.665670573711395,0.144120201468468,1.17529296875,0.390365660190582,-0.451150268316269,-0.486478745937347,-0.638291835784912
-0.665591716766357,0.14405545592308,1.17541170120239,0.390230119228363,-0.451031029224396,-0.486663281917572,-0.638318419456482
-0.665521025657654,0.143933564424515,1.17548823356628,0.38997545838356,-0.451483249664307,-0.485836535692215,-0.638783931732178
-0.66542375087738,0.143751353025436,1.17557191848755,0.38970547914505,-0.451424896717071,-0.486147403717041,-0.638753473758698
-0.665299594402313,0.143379285931587,1.17595505714417,0.388899326324463,-0.451218545436859,-0.486296236515045,-0.639277100563049
-0.665206730365753,0.143281608819961,1.17603719234467,0.388929277658463,-0.451090335845947,-0.486654549837112,-0.639076590538025
-0.665125906467438,0.143210515379906,1.17613983154297,0.388609260320663,-0.451170921325684,-0.486656308174133,-0.639213025569916
-0.665048480033875,0.143310993909836,1.1760995388031,0.387734860181808,-0.45096093416214,-0.487277328968048,-0.63941901922226
-0.66497129201889,0.143239229917526,1.17617619037628,0.387371182441711,-0.451057523488998,-0.487229764461517,-0.639607548713684
-0.664864718914032,0.143032774329185,1.17642176151276,0.386952757835388,-0.450968980789185,-0.487320780754089,-0.639853954315186
-0.664806544780731,0.143133640289307,1.17631924152374,0.386834919452667,-0.450987577438354,-0.487177103757858,-0.64002138376236
-0.664646565914154,0.142973080277443,1.17659318447113,0.386429339647293,-0.451073408126831,-0.487343400716782,-0.640079319477081
-0.664560854434967,0.142951965332031,1.17667031288147,0.386225402355194,-0.451100200414658,-0.487339198589325,-0.640186786651611
-0.664493918418884,0.1429563164711,1.17673909664154,0.386029571294784,-0.451095432043076,-0.487270057201385,-0.640360772609711
-0.664316117763519,0.142978802323341,1.1767954826355,0.385281801223755,-0.451404750347137,-0.487152457237244,-0.640682697296143
-0.66426295042038,0.143171966075897,1.17672049999237,0.385239571332932,-0.451513022184372,-0.486942768096924,-0.640791237354279
-0.664177417755127,0.14316537976265,1.17679071426392,0.385897040367126,-0.451723873615265,-0.486232876777649,-0.640785932540894
-0.66411966085434,0.143207579851151,1.17684674263,0.385729730129242,-0.451730996370315,-0.486159443855286,-0.640937387943268
-0.664048492908478,0.143102765083313,1.17705178260803,0.385489970445633,-0.451633334159851,-0.486277461051941,-0.641060948371887
-0.664017856121063,0.143211409449577,1.17713797092438,0.384607166051865,-0.451291471719742,-0.487083196640015,-0.641220152378082
-0.664007186889648,0.143496960401535,1.17701685428619,0.384840875864029,-0.451320976018906,-0.486891686916351,-0.641204655170441
-0.663961410522461,0.143417432904243,1.1771240234375,0.384440124034882,-0.451296955347061,-0.486825823783875,-0.641511976718903
-0.663943231105804,0.143812030553818,1.17687916755676,0.384593546390533,-0.451430886983871,-0.486483365297318,-0.641585528850555
-0.663868844509125,0.143853589892387,1.17696022987366,0.384793102741241,-0.451170653104782,-0.486451268196106,-0.64167332649231
-0.663826525211334,0.144107729196548,1.1768524646759,0.384700089693069,-0.451241821050644,-0.486165434122086,-0.641895592212677
-0.663826525211334,0.144107729196548,1.1768524646759,0.384700089693069,-0.451241821050644,-0.486165434122086,-0.641895592212677
-0.663763701915741,0.144507735967636,1.17679381370544,0.384425103664398,-0.451430916786194,-0.485857367515564,-0.642160475254059
-0.663750827312469,0.144715815782547,1.1767361164093,0.383968621492386,-0.451603829860687,-0.48556438088417,-0.642533540725708
-0.663801670074463,0.145092099905014,1.17649734020233,0.384033888578415,-0.451661348342896,-0.485207855701446,-0.642723321914673
-0.663819491863251,0.145286232233047,1.17643487453461,0.383837580680847,-0.451699912548065,-0.485068082809448,-0.642918825149536
-0.663766741752625,0.145438507199287,1.17655658721924,0.386145293712616,-0.447824746370315,-0.48588889837265,-0.643627762794495
-0.663831353187561,0.145659103989601,1.17642545700073,0.383735597133636,-0.451526999473572,-0.484973609447479,-0.6431725025177
-0.663936674594879,0.145988389849663,1.17634630203247,0.383903652429581,-0.451431035995483,-0.484792619943619,-0.643276035785675
-0.664039552211761,0.146318420767784,1.17625796794891,0.384235382080078,-0.45127859711647,-0.484666258096695,-0.64328008890152
-0.664114713668823,0.146549582481384,1.17611503601074,0.384748965501785,-0.451518714427948,-0.483693957328796,-0.643536686897278
-0.66422975063324,0.146848320960999,1.17599678039551,0.384959518909454,-0.45141726732254,-0.483568012714386,-0.643576264381409
-0.664409041404724,0.147255524992943,1.17578113079071,0.385068535804748,-0.451259195804596,-0.483074694871902,-0.643992304801941
-0.664557456970215,0.147677004337311,1.17573475837708,0.385230392217636,-0.450722873210907,-0.48386624455452,-0.643676996231079
-0.66470342874527,0.148030608892441,1.17559671401978,0.385483920574188,-0.450643926858902,-0.48367714881897,-0.643722534179688
-0.664902746677399,0.148484051227569,1.17544853687286,0.386039227247238,-0.450451642274857,-0.483550488948822,-0.643619358539581
-0.665221273899078,0.148955628275871,1.17527365684509,0.386250913143158,-0.450355321168899,-0.483092784881592,-0.643903374671936
-0.665421903133392,0.149500921368599,1.17507314682007,0.386874407529831,-0.450162023305893,-0.482781589031219,-0.643897652626038
-0.665569245815277,0.149737119674683,1.17512559890747,0.387287169694901,-0.449870616197586,-0.482781708240509,-0.643853068351746
-0.66583788394928,0.150430217385292,1.17465627193451,0.38796129822731,-0.449847340583801,-0.482320845127106,-0.643808901309967
-0.666029036045074,0.150580555200577,1.17481005191803,0.388360232114792,-0.449407607316971,-0.482446551322937,-0.643781363964081
-0.666222810745239,0.151193022727966,1.17458784580231,0.389110714197159,-0.449352920055389,-0.482151955366135,-0.643586874008179
-0.666450202465057,0.151776254177094,1.17437219619751,0.389821439981461,-0.449773192405701,-0.480814933776855,-0.643863558769226
-0.66661125421524,0.152350589632988,1.17413020133972,0.390244960784912,-0.449906259775162,-0.480471760034561,-0.643770217895508
-0.666904807090759,0.15298718214035,1.17380058765411,0.390820145606995,-0.449958950281143,-0.480005890130997,-0.643732130527496
-0.667096495628357,0.153597369790077,1.17364549636841,0.391381233930588,-0.450090706348419,-0.479621380567551,-0.643585622310638
-0.667527079582214,0.154248416423798,1.17344832420349,0.391736775636673,-0.449717462062836,-0.480070412158966,-0.643295288085938
-0.667798221111298,0.155212968587875,1.17286801338196,0.392561852931976,-0.449998557567596,-0.479201823472977,-0.643243551254272
-0.668158888816833,0.155615836381912,1.17283117771149,0.392934590578079,-0.449771344661713,-0.479018151760101,-0.643311560153961
-0.668458998203278,0.156223326921463,1.17254257202148,0.393530994653702,-0.449679434299469,-0.478653073310852,-0.643283009529114
-0.66879940032959,0.157265037298202,1.1718955039978,0.394691556692123,-0.449723273515701,-0.477891057729721,-0.643107831478119
-0.669055163860321,0.157829821109772,1.17189538478851,0.398061364889145,-0.446319848299026,-0.4774429500103,-0.643734395503998
-0.669635713100433,0.158921539783478,1.17117702960968,0.399135917425156,-0.445779412984848,-0.477861970663071,-0.643132388591766
-0.670010983943939,0.15947762131691,1.17107224464417,0.399813055992126,-0.445656329393387,-0.47734397649765,-0.64318174123764
-0.670448482036591,0.160598263144493,1.17028284072876,0.401115536689758,-0.445749670267105,-0.476490467786789,-0.642938792705536
-0.670843482017517,0.161046653985977,1.17011117935181,0.399318218231201,-0.449491381645203,-0.475537329912186,-0.642157733440399
-0.671079993247986,0.161955177783966,1.16931021213531,0.400398254394531,-0.450026124715805,-0.47406342625618,-0.642200708389282
-0.671629786491394,0.162658140063286,1.16902852058411,0.401561200618744,-0.449700951576233,-0.473495274782181,-0.642121493816376
-0.672083675861359,0.163604587316513,1.16851568222046,0.402559995651245,-0.44915845990181,-0.473941087722778,-0.641546368598938
-0.672631859779358,0.164601504802704,1.16781365871429,0.403708398342133,-0.449112832546234,-0.473271757364273,-0.641350924968719
-0.673119902610779,0.165398135781288,1.16745805740356,0.404839366674423,-0.448897689580917,-0.472781628370285,-0.641150176525116
-0.673645436763763,0.166514873504639,1.16678416728973,0.409004658460617,-0.444866120815277,-0.472895860671997,-0.641232132911682
-0.674319624900818,0.167492970824242,1.16618299484253,0.410699099302292,-0.444596886634827,-0.472142696380615,-0.640890896320343
-0.674902021884918,0.168410018086433,1.16549944877625,0.411654502153397,-0.444513738155365,-0.471225053071976,-0.6410111784935
-0.67559689283371,0.169426769018173,1.1647572517395,0.413363635540008,-0.444048196077347,-0.470606386661529,-0.640688300132751
-0.676378965377808,0.170620143413544,1.16379451751709,0.415241003036499,-0.443628460168839,-0.46961385011673,-0.640493273735046
-0.677132189273834,0.171674877405167,1.1630471944809,0.417406111955643,-0.443183690309524,-0.468991577625275,-0.639849483966827
-0.677998006343842,0.17233207821846,1.16254782676697,0.41900572180748,-0.442427754402161,-0.468416720628738,-0.639748096466064
-0.678727507591248,0.173369243741035,1.16175580024719,0.421388685703278,-0.441579252481461,-0.468019038438797,-0.639059782028198
-0.679608225822449,0.174432203173637,1.16076421737671,0.423460334539413,-0.440738469362259,-0.467469215393066,-0.63867324590683
-0.680560290813446,0.175350099802017,1.15995991230011,0.425857096910477,-0.439666628837585,-0.467131495475769,-0.638065099716187
-0.68142557144165,0.176558881998062,1.15866816043854,0.428097665309906,-0.439124166965485,-0.466243386268616,-0.637588918209076
-0.682483315467834,0.177506655454636,1.15766286849976,0.428331136703491,-0.441552430391312,-0.46505743265152,-0.636620402336121
-0.683310568332672,0.178302973508835,1.15721786022186,0.432376831769943,-0.437547117471695,-0.465319752693176,-0.636459410190582
-0.684386372566223,0.179246634244919,1.15633904933929,0.43537899851799,-0.436219394207001,-0.465031892061234,-0.635533690452576
-0.685245096683502,0.18038684129715,1.15534389019012,0.437670975923538,-0.435793668031693,-0.464246332645416,-0.63482540845871
-0.686286628246307,0.181545406579971,1.15433037281036,0.44008058309555,-0.43535104393959,-0.463317334651947,-0.634141564369202
-0.687169015407562,0.182579129934311,1.15334582328796,0.441015988588333,-0.43623223900795,-0.460704296827316,-0.634789526462555
-0.688358128070831,0.183643817901611,1.15224647521973,0.440609663724899,-0.435958325862885,-0.458928018808365,-0.636544227600098
-0.688804566860199,0.183946385979652,1.15066134929657,0.445984333753586,-0.433711320161819,-0.461186915636063,-0.632691919803619
-0.689684689044952,0.184924989938736,1.1496045589447,0.448288410902023,-0.432542592287064,-0.462069272994995,-0.631218433380127
-0.690804600715637,0.186653152108192,1.1489874124527,0.451732039451599,-0.432662189006805,-0.460354655981064,-0.629932820796967
-0.691791534423828,0.187849119305611,1.14797651767731,0.452836692333221,-0.433079212903976,-0.459406137466431,-0.629545331001282
-0.69230842590332,0.188252836465835,1.14650905132294,0.455125361680984,-0.431906938552856,-0.460126668214798,-0.628172397613525
-0.692934930324554,0.189218699932098,1.14539885520935,0.456179350614548,-0.432642608880997,-0.45847487449646,-0.628109693527222
-0.694159924983978,0.191019207239151,1.14462041854858,0.459498941898346,-0.432450354099274,-0.457978934049606,-0.62618100643158
-0.694687962532043,0.192238092422485,1.14330589771271,0.45863538980484,-0.433968096971512,-0.456462442874908,-0.626871109008789
-0.695389151573181,0.192812889814377,1.14190375804901,0.462885797023773,-0.432635396718979,-0.456571668386459,-0.624584317207336
-0.696239769458771,0.193767130374908,1.14133286476135,0.464289516210556,-0.432207942008972,-0.457204073667526,-0.623374581336975
-0.696954429149628,0.195397615432739,1.14018142223358,0.46368283033371,-0.434668928384781,-0.4533731341362,-0.62491101026535
-0.69774317741394,0.196196004748344,1.13956189155579,0.467985719442367,-0.432876855134964,-0.456051230430603,-0.620986521244049
-0.698488354682922,0.197784423828125,1.13830900192261,0.467388451099396,-0.434602588415146,-0.453504920005798,-0.622094631195068
-0.699631035327911,0.199010819196701,1.13736021518707,0.475023508071899,-0.432567030191422,-0.455031126737595,-0.616591513156891
-0.700037479400635,0.199871107935905,1.13661360740662,0.470272094011307,-0.43474543094635,-0.452815234661102,-0.620321452617645
-0.700545012950897,0.199859797954559,1.13544702529907,0.476236522197723,-0.43230739235878,-0.456033319234848,-0.615095794200897
-0.701574921607971,0.201851800084114,1.1351945400238,0.473597854375839,-0.43451252579689,-0.452092587947845,-0.618479073047638
-0.702382147312164,0.203047469258308,1.13421428203583,0.477511554956436,-0.433676689863205,-0.452582150697708,-0.615691959857941
-0.702826619148254,0.203965350985527,1.13317131996155,0.476013988256454,-0.434991627931595,-0.451180249452591,-0.616951525211334
-0.703392386436462,0.204507797956467,1.13164913654327,0.477536141872406,-0.434059739112854,-0.45183852314949,-0.615949213504791
-0.704229176044464,0.205893158912659,1.13095664978027,0.48101994395256,-0.433503419160843,-0.452106982469559,-0.613427937030792
-0.705015182495117,0.20770338177681,1.1305650472641,0.480485320091248,-0.435582041740417,-0.449609577655792,-0.614209592342377
-0.705584943294525,0.208562225103378,1.12940955162048,0.481995314359665,-0.434997737407684,-0.449693232774734,-0.613378703594208
-0.70586496591568,0.208951681852341,1.12798678874969,0.482743233442307,-0.434314131736755,-0.450681000947952,-0.612549602985382
-0.706417262554169,0.210065171122551,1.12713205814362,0.483444958925247,-0.434832334518433,-0.449993580579758,-0.612133741378784
-0.706818878650665,0.211308628320694,1.12624955177307,0.484706789255142,-0.435601890087128,-0.448625892400742,-0.611592411994934
-0.707368969917297,0.212862655520439,1.12562894821167,0.485989272594452,-0.435792297124863,-0.44899582862854,-0.610165596008301
-0.70785391330719,0.214190915226936,1.12498664855957,0.487146943807602,-0.43650209903717,-0.448265433311462,-0.60927152633667
-0.707955062389374,0.214497208595276,1.12375390529633,0.486639678478241,-0.436493635177612,-0.448735117912292,-0.609337210655212
-0.70825719833374,0.215686395764351,1.12296712398529,0.487698763608932,-0.436775952577591,-0.448574036359787,-0.608406007289886
-0.70825719833374,0.215686395764351,1.12296712398529,0.487698763608932,-0.436775952577591,-0.448574036359787,-0.608406007289886
-0.708768904209137,0.218233421444893,1.12178063392639,0.489532649517059,-0.43820059299469,-0.447933554649353,-0.606377422809601
-0.70880800485611,0.218923211097717,1.12083446979523,0.489155560731888,-0.438546687364578,-0.447848528623581,-0.606494307518005
-0.708925843238831,0.219992339611053,1.12015473842621,0.489510476589203,-0.439157217741013,-0.447780579328537,-0.605815887451172
-0.709067046642303,0.221269503235817,1.11987948417664,0.490410000085831,-0.439781606197357,-0.447345018386841,-0.60495662689209
-0.709240436553955,0.222644045948982,1.11959505081177,0.490802019834518,-0.440662711858749,-0.446858465671539,-0.60435688495636
-0.70926696062088,0.22364430129528,1.11896526813507,0.493517071008682,-0.440152555704117,-0.447826594114304,-0.601795673370361
-0.709350883960724,0.224603652954102,1.11872029304504,0.491371929645538,-0.441962093114853,-0.446244329214096,-0.603397965431213
-0.709521651268005,0.225053161382675,1.11776065826416,0.491654336452484,-0.441317707300186,-0.446707099676132,-0.603297293186188
-0.70962929725647,0.226096868515015,1.11730909347534,0.492271095514297,-0.44156089425087,-0.446706056594849,-0.602616727352142
-0.709754943847656,0.227123856544495,1.11687898635864,0.492996871471405,-0.4416164457798,-0.446408957242966,-0.602202713489532
-0.709754943847656,0.227123856544495,1.11687898635864,0.492996871471405,-0.4416164457798,-0.446408957242966,-0.602202713489532
-0.710380077362061,0.229637742042542,1.11631560325623,0.494189709424972,-0.442437767982483,-0.444904506206512,-0.601735413074493
-0.710481822490692,0.230595901608467,1.11589133739471,0.494342029094696,-0.442964106798172,-0.443454444408417,-0.602293193340302
-0.710766136646271,0.231701552867889,1.11534070968628,0.495113998651505,-0.442912638187408,-0.442983448505402,-0.602043390274048
-0.711288809776306,0.232427269220352,1.11461246013641,0.5008465051651,-0.440683990716934,-0.444898575544357,-0.597508132457733
-0.711708426475525,0.233905702829361,1.11459863185883,0.497196018695831,-0.442372143268585,-0.441807597875595,-0.601588845252991
-0.712169885635376,0.235275268554688,1.11458659172058,0.498657941818237,-0.441668689250946,-0.442247688770294,-0.60057145357132
-0.712771058082581,0.235705018043518,1.11380732059479,0.499417424201965,-0.440327256917953,-0.442406982183456,-0.600807964801788
-0.713261723518372,0.236614808440208,1.11333572864532,0.500027596950531,-0.440390020608902,-0.440661072731018,-0.601537108421326
-0.713520407676697,0.237604945898056,1.11291837692261,0.505674123764038,-0.438722252845764,-0.442426770925522,-0.596720159053802
-0.71396005153656,0.239381164312363,1.11318039894104,0.501308262348175,-0.441115438938141,-0.438656747341156,-0.60140460729599
-0.71430492401123,0.240196108818054,1.11157965660095,0.502700388431549,-0.43941056728363,-0.440043658018112,-0.600476801395416
-0.714673757553101,0.240658313035965,1.11199605464935,0.503444492816925,-0.438883304595947,-0.439329773187637,-0.600761711597443
-0.715133428573608,0.242336183786392,1.11113202571869,0.504140615463257,-0.439346611499786,-0.437788724899292,-0.600964188575745
-0.715424716472626,0.243148565292358,1.11117112636566,0.505003333091736,-0.438936591148376,-0.437871813774109,-0.600478708744049
-0.715788125991821,0.243679165840149,1.11091768741608,0.5055251121521,-0.438015669584274,-0.438244968652725,-0.60044002532959
-0.716274261474609,0.244829833507538,1.110236287117,0.506356716156006,-0.437188595533371,-0.438919812440872,-0.599848628044128
-0.716257512569427,0.245415046811104,1.11027050018311,0.506690800189972,-0.437153548002243,-0.438374519348144,-0.599990844726562
-0.716626286506653,0.246617704629898,1.10960590839386,0.507161974906921,-0.436621844768524,-0.438875705003738,-0.599613428115845
-0.716658413410187,0.24753201007843,1.10918438434601,0.507582724094391,-0.437116712331772,-0.437804669141769,-0.599679887294769
-0.716658413410187,0.24753201007843,1.10918438434601,0.507582724094391,-0.437116712331772,-0.437804669141769,-0.599679887294769
-0.717053115367889,0.249060243368149,1.10875272750854,0.507735073566437,-0.437127768993378,-0.437491595745087,-0.599771320819855
-0.717210590839386,0.249387055635452,1.10887515544891,0.512277901172638,-0.435226291418076,-0.440495550632477,-0.595074236392975
-0.717422366142273,0.250521659851074,1.10818159580231,0.512970507144928,-0.434815406799316,-0.441343188285828,-0.594149053096771
-0.717575132846832,0.25076949596405,1.10852336883545,0.512367844581604,-0.434822022914886,-0.440695345401764,-0.595144331455231
-0.717828452587128,0.25193852186203,1.10814023017883,0.508729100227356,-0.43643444776535,-0.438165634870529,-0.598941087722778
-0.718177497386932,0.252561569213867,1.10835599899292,0.50850123167038,-0.436335951089859,-0.438246190547943,-0.599147498607635
-0.718315362930298,0.253395557403564,1.10786664485931,0.508424878120422,-0.43648099899292,-0.438039362430573,-0.599257946014404
-0.718474805355072,0.253964126110077,1.10747575759888,0.513181447982788,-0.435074895620346,-0.440450340509415,-0.594439506530762
-0.718837440013885,0.254903793334961,1.1072359085083,0.509504854679108,-0.435892552137375,-0.439369827508926,-0.597793400287628
-0.719066500663757,0.255217850208282,1.10729992389679,0.513919591903687,-0.4343441426754,-0.442042857408524,-0.593152642250061
-0.719589352607727,0.255978614091873,1.10688579082489,0.514206171035767,-0.434822767972946,-0.440572440624237,-0.593647420406342
-0.720028936862946,0.2571582198143,1.1061829328537,0.510388910770416,-0.436349093914032,-0.437851697206497,-0.597819983959198
-0.720355093479156,0.257546752691269,1.10658884048462,0.510367572307587,-0.43623873591423,-0.438298732042313,-0.597590982913971
-0.720783412456512,0.258153229951859,1.1062343120575,0.511009991168976,-0.43554100394249,-0.439703553915024,-0.596518099308014
-0.721198558807373,0.258741796016693,1.10593473911285,0.511536240577698,-0.435345053672791,-0.439944207668304,-0.596032440662384
-0.721613883972168,0.259407162666321,1.10560655593872,0.51179713010788,-0.435793340206146,-0.438639253377914,-0.596442341804504
-0.721613883972168,0.259407162666321,1.10560655593872,0.51179713010788,-0.435793340206146,-0.438639253377914,-0.596442341804504
-0.722415089607239,0.260836005210876,1.10462832450867,0.512602210044861,-0.436087787151337,-0.438460975885391,-0.595666408538818
-0.722585916519165,0.260937631130219,1.1047123670578,0.516926229000092,-0.434602856636047,-0.441699504852295,-0.590600848197937
-0.723306357860565,0.262212336063385,1.10359454154968,0.514062702655792,-0.435800582170486,-0.438730925321579,-0.594418048858643
-0.723664045333862,0.262645304203033,1.10326445102692,0.514078319072723,-0.435808956623077,-0.438973188400268,-0.594219148159027
-0.723871529102325,0.263050347566605,1.10294198989868,0.513742744922638,-0.436108648777008,-0.439472138881683,-0.593921065330505
-0.724155247211456,0.26359611749649,1.10254895687103,0.514312505722046,-0.436170041561127,-0.439861744642258,-0.593093693256378
-0.724155247211456,0.26359611749649,1.10254895687103,0.514312505722046,-0.436170041561127,-0.439861744642258,-0.593093693256378
-0.724454879760742,0.264424264431,1.10172474384308,0.519101500511169,-0.435115963220596,-0.443150907754898,-0.58721798658371
-0.72475278377533,0.264887660741806,1.10151791572571,0.51493763923645,-0.43662816286087,-0.441407859325409,-0.591062009334564
-0.72506844997406,0.264784634113312,1.10183966159821,0.519666612148285,-0.4347705245018,-0.444779723882675,-0.585740685462952
-0.725202560424805,0.265425026416779,1.1016229391098,0.514466226100922,-0.43688777089119,-0.442520141601562,-0.590448558330536
