x,y,z,q0,q1,q2,q3
-0.609659671783447,0.189096242189407,1.28794491291046,0.0372977554798126,0.0160454791039228,0.757937610149384,0.651062369346619
-0.609830975532532,0.189051434397697,1.28789877891541,0.0373019836843013,0.015567498281598,0.75770515203476,0.651344120502472
-0.609957754611969,0.188990294933319,1.28789758682251,0.0373445600271225,0.0154028851538896,0.757481276988983,0.651606023311615
-0.610148966312408,0.188899204134941,1.28794729709625,0.0372410416603088,0.0154335582628846,0.757225215435028,0.651908695697784
-0.610250174999237,0.188839763402939,1.2879284620285,0.03728649020195,0.0150105711072683,0.756787717342377,0.652423858642578
-0.610432803630829,0.188803300261497,1.28790760040283,0.0371220633387565,0.0144769418984651,0.755987882614136,0.653371691703796
-0.61052668094635,0.188752636313438,1.28784322738647,0.037094447761774,0.014053214341402,0.755866289138794,0.65352326631546
-0.610632598400116,0.188598603010178,1.28782653808594,0.0361027084290981,0.0147743914276361,0.756545960903168,0.652776181697845
-0.610647261142731,0.188460633158684,1.28779590129852,0.0357502326369285,0.014555687084794,0.757047057151794,0.652219355106354
-0.610729515552521,0.188430771231651,1.2877676486969,0.0362127423286438,0.0132462512701749,0.756040811538696,0.653387784957886
-0.610873162746429,0.188372269272804,1.2877140045166,0.0359944850206375,0.0123917134478688,0.755402505397797,0.654154419898987
-0.610929131507874,0.188199669122696,1.28767871856689,0.0355547554790973,0.0123733738437294,0.755621254444122,0.653926193714142
-0.611098289489746,0.188092783093452,1.2876296043396,0.0350923389196395,0.0119492430239915,0.754895925521851,0.654796242713928
-0.611173868179321,0.187944754958153,1.28758835792542,0.0347358025610446,0.0115400673821568,0.7547287940979,0.655015170574188
-0.611181199550629,0.187794208526611,1.28752911090851,0.0343147367238998,0.0113362288102507,0.755638837814331,0.653990983963013
-0.611181199550629,0.187794208526611,1.28752911090851,0.0343147367238998,0.0113362288102507,0.755638837814331,0.653990983963013
-0.611348211765289,0.18735459446907,1.28743886947632,0.0327195189893245,0.0114309713244438,0.75569760799408,0.654003083705902
-0.611445724964142,0.187225341796875,1.2873877286911,0.0325298719108104,0.011025802232325,0.755403339862823,0.654359221458435
-0.611523926258087,0.187139585614204,1.28738570213318,0.0331026203930377,0.0095971459522843,0.754311263561249,0.65561181306839
-0.611581325531006,0.187009498476982,1.28730452060699,0.0325548760592937,0.008960148319602,0.754091680049896,0.655900597572327
-0.611696124076843,0.186866134405136,1.28730130195618,0.0322056636214256,0.0085902614519,0.753988742828369,0.656041264533997
-0.611848771572113,0.186615765094757,1.28726291656494,0.0307608153671026,0.009363823570311,0.75517749786377,0.654731333255768
-0.61199277639389,0.186421364545822,1.28724050521851,0.0308915767818689,0.0090202735736966,0.755066633224487,0.654857873916626
-0.61215615272522,0.186248600482941,1.28729820251465,0.0301420465111732,0.0087076211348176,0.754753470420837,0.655257940292358
-0.612264454364777,0.186094805598259,1.28728759288788,0.0300615392625331,0.0079525401815772,0.754267573356628,0.655830442905426
-0.612368047237396,0.186014130711555,1.28727972507477,0.0304507110267877,0.0061246706172823,0.753667235374451,0.656522035598755
-0.61254608631134,0.185826122760773,1.28729367256165,0.0301941931247711,0.0055152038112282,0.753472208976746,0.656763017177582
-0.612655222415924,0.185690999031067,1.28724730014801,0.0300142671912908,0.0048278672620654,0.753425359725952,0.656830370426178
-0.612830579280853,0.1855109333992,1.2872428894043,0.0296360533684492,0.0042768092826008,0.753474414348602,0.656795084476471
-0.613028764724731,0.185322925448418,1.28722727298737,0.0294009987264871,0.0034413852263242,0.752933502197266,0.657430589199066
-0.613251030445099,0.18512812256813,1.28720104694366,0.0291734300553798,0.0031374969985336,0.75284743309021,0.657540857791901
-0.613519012928009,0.184921026229858,1.28722286224365,0.0288925264030694,0.0029077776707708,0.753030955791473,0.657344162464142
-0.613821029663086,0.184751912951469,1.28728270530701,0.0286362692713737,0.0023804761003702,0.752779901027679,0.657644867897034
-0.613970339298248,0.184645816683769,1.28728175163269,0.02886313945055,0.0016394575359299,0.753030359745026,0.657350480556488
-0.614252090454102,0.184509664773941,1.28727078437805,0.0285363867878913,0.0007903774967417,0.751752138137817,0.658827662467957
-0.614252090454102,0.184509664773941,1.28727078437805,0.0285363867878913,0.0007903774967417,0.751752138137817,0.658827662467957
-0.614651799201965,0.184304878115654,1.28724431991577,0.0282091367989778,-0.0011577885597944,0.7513188123703,0.659335255622864
-0.614984571933746,0.184175878763199,1.2872576713562,0.0284133832901716,-0.0016850627725943,0.751193940639496,0.659467756748199
-0.615196228027344,0.184023931622505,1.28722608089447,0.0277112778276205,-0.0020865297410637,0.751020908355713,0.659693419933319
-0.61540299654007,0.183896943926811,1.28723859786987,0.027126295492053,-0.0022351210936903,0.750781178474426,0.659990072250366
-0.615602910518646,0.183744624257088,1.28724443912506,0.0265736747533082,-0.0027547876816242,0.751459240913391,0.659238398075104
-0.615785300731659,0.183616653084755,1.28724038600922,0.0265742428600788,-0.0038163957651704,0.75102424621582,0.659728765487671
-0.616043627262115,0.183472782373428,1.28724718093872,0.026512611657381,-0.0047081778757274,0.749741494655609,0.661182820796967
-0.616333305835724,0.183182761073112,1.28718113899231,0.0260959099978208,-0.0049949064850807,0.749289751052856,0.661709308624268
-0.616500854492188,0.183214634656906,1.28723609447479,0.0257414672523736,-0.0057791825383901,0.748513162136078,0.662594974040985
-0.616630375385284,0.183123007416725,1.28729152679443,0.0256370659917593,-0.0062851728871464,0.748288929462433,0.662847757339478
-0.616844534873962,0.183025330305099,1.28728675842285,0.0253381840884685,-0.0068841809406876,0.747646391391754,0.663577973842621
-0.616909742355347,0.182951986789703,1.28728830814362,0.0252265222370624,-0.0075886426493525,0.748063266277313,0.663104474544525
-0.617158472537994,0.182824701070785,1.28727459907532,0.0247110966593027,-0.0083293747156858,0.746545732021332,0.664822936058044
-0.617305517196655,0.182738050818443,1.28725242614746,0.0241963770240545,-0.0090964762493968,0.746336877346039,0.665066123008728
-0.617474734783173,0.182467997074127,1.28724002838135,0.0230335723608732,-0.0082302205264568,0.747017920017242,0.664353847503662
-0.61762797832489,0.182347595691681,1.28729832172394,0.0227421317249536,-0.0085850395262241,0.746327579021454,0.665134727954865
-0.617664575576782,0.182336419820785,1.28728580474854,0.0220954250544309,-0.0094597730785608,0.745560646057129,0.666004300117493
-0.617761075496674,0.182380199432373,1.28729581832886,0.0228713620454072,-0.0117278974503278,0.743593096733093,0.668138325214386
-0.617864310741425,0.182313680648804,1.28731429576874,0.0227438658475875,-0.0123074427247047,0.742789030075073,0.669026076793671
-0.617973446846008,0.18225759267807,1.28732311725616,0.0223900377750396,-0.0127743855118751,0.742114186286926,0.669777750968933
-0.618196606636047,0.181860893964767,1.28725934028625,0.0217383429408073,-0.0123268458992242,0.741604864597321,0.670371413230896
-0.618316769599915,0.181763768196106,1.28728938102722,0.0214797705411911,-0.0126407584175467,0.740915775299072,0.671135365962982
-0.618314445018768,0.181887537240982,1.28746938705444,0.0214175228029489,-0.0134225701913237,0.740439534187317,0.671647608280182
-0.618466794490814,0.181600287556648,1.28739309310913,0.0208961628377437,-0.0132881151512265,0.739371299743652,0.672842502593994
-0.618520021438599,0.181800052523613,1.28752934932709,0.0210064034909009,-0.0147772710770368,0.738517045974731,0.673745512962341
-0.618540585041046,0.181791305541992,1.28752470016479,0.0208769999444484,-0.0152829447761178,0.737731635570526,0.674598038196564
-0.618656516075134,0.181639522314072,1.28759336471558,0.0202980060130357,-0.0146595863625407,0.737694084644318,0.67467075586319
-0.618460595607758,0.181958228349686,1.28765535354614,0.021029595285654,-0.0154153434559702,0.733826100826263,0.678836941719055
-0.618521869182587,0.181966736912727,1.28767240047455,0.0210171584039926,-0.0158228576183319,0.733072757720947,0.679641246795654
-0.617928266525269,0.181950360536575,1.2878190279007,0.0190542116761207,-0.0173737853765487,0.73178893327713,0.681043386459351
-0.618656277656555,0.181866243481636,1.28767108917236,0.0206594802439212,-0.0162847079336643,0.73166698217392,0.681154549121857
-0.618710815906525,0.181766822934151,1.28767085075378,0.021199656650424,-0.0173564851284027,0.730881810188293,0.681953907012939
-0.619024515151978,0.181374043226242,1.28769433498383,0.0198243334889411,-0.0166908893734216,0.733469665050507,0.679228067398071
-0.619053661823273,0.181460544466972,1.28770995140076,0.0195788443088531,-0.0163639467209577,0.732586085796356,0.680195987224579
-0.618977606296539,0.181574463844299,1.28769063949585,0.0206640660762786,-0.0165279936045408,0.72841614484787,0.684623777866364
-0.619287014007568,0.180989101529121,1.28770613670349,0.0186850205063819,-0.0153837827965617,0.731167614459991,0.681768417358398
-0.619390308856964,0.181035608053207,1.28780949115753,0.0187900122255086,-0.0158660840243101,0.730287253856659,0.682697474956512
-0.619421780109406,0.181114047765732,1.28785574436188,0.0189847666770219,-0.0162220858037471,0.729559302330017,0.683461487293243
-0.619301617145538,0.18115022778511,1.28778374195099,0.019439872354269,-0.0175768099725246,0.727998852729797,0.685077130794525
-0.619263112545013,0.181292727589607,1.28801727294922,0.0195324551314115,-0.0181391648948192,0.72712641954422,0.685985863208771
-0.619263112545013,0.181292727589607,1.28801727294922,0.0195324551314115,-0.0181391648948192,0.72712641954422,0.685985863208771
-0.619231939315796,0.181294947862625,1.28804862499237,0.0198522917926311,-0.0186707656830549,0.725497901439667,0.687684595584869
-0.619341611862183,0.181307822465897,1.28811383247375,0.0200886651873588,-0.018519788980484,0.724668681621552,0.688555538654327
-0.619323492050171,0.181279525160789,1.28806900978088,0.0195922795683145,-0.0184372719377279,0.724274456501007,0.688986837863922
-0.619359254837036,0.181308060884476,1.28809583187103,0.0198504049330949,-0.0184795875102281,0.723648548126221,0.689635515213013
-0.61936491727829,0.181248962879181,1.28808236122131,0.0197228286415338,-0.0183287374675273,0.723224520683289,0.690088033676147
-0.619435966014862,0.181350737810135,1.28809571266174,0.0201458092778921,-0.018492080271244,0.722628951072693,0.69069492816925
-0.619435966014862,0.181350737810135,1.28809571266174,0.0201458092778921,-0.018492080271244,0.722628951072693,0.69069492816925
-0.619490087032318,0.181617513298988,1.28801310062408,0.0214765835553407,-0.0189300458878278,0.721432983875275,0.691892147064209
-0.619539320468903,0.181709408760071,1.28798627853394,0.0218120273202657,-0.0190640930086374,0.721010029315948,0.692318856716156
-0.619569897651672,0.181789174675941,1.28799057006836,0.0220901798456907,-0.0191653594374656,0.720637798309326,0.692694783210754
-0.619594097137451,0.181904286146164,1.28798842430115,0.0219970438629388,-0.0191937163472175,0.721007645130157,0.692312002182007
-0.619705498218536,0.182433664798736,1.2879958152771,0.0254864301532506,-0.0228286068886518,0.714521884918213,0.698775947093964
-0.619761765003204,0.182552799582481,1.28797578811646,0.0257440358400344,-0.0228773951530456,0.714319407939911,0.698971807956696
-0.61964750289917,0.182494074106216,1.28797733783722,0.025644389912486,-0.0221161134541034,0.716032922267914,0.697244644165039
-0.619704067707062,0.182604387402534,1.28799486160278,0.02597077190876,-0.0221305228769779,0.715777993202209,0.6974937915802
-0.619767725467682,0.182754918932915,1.28798711299896,0.0262449253350496,-0.0225196741521358,0.715523481369019,0.697732150554657
-0.619831562042236,0.182867735624313,1.28801965713501,0.0264989174902439,-0.0223562307655811,0.71531867980957,0.697937846183777
-0.619909226894379,0.183051228523254,1.28802192211151,0.0270745269954204,-0.0225040186196565,0.714895904064178,0.698344051837921
-0.619912087917328,0.183195903897285,1.28806483745575,0.0272172354161739,-0.022579388692975,0.714681386947632,0.698555588722229
-0.619997322559357,0.183281242847443,1.28809463977814,0.0264893565326929,-0.0217523779720067,0.714935600757599,0.69834977388382
-0.619992613792419,0.183521255850792,1.2881041765213,0.027602819725871,-0.0224344469606876,0.714169263839722,0.6990687251091
-0.619967997074127,0.183669209480286,1.28813672065735,0.0277796443551778,-0.0221511591225862,0.713944017887115,0.699300765991211
-0.619973719120026,0.183833226561546,1.28815114498138,0.0280337389558553,-0.0221287831664085,0.713705360889435,0.699534952640533
-0.620006322860718,0.184018567204475,1.28817236423492,0.028236623853445,-0.0220947563648223,0.713132619857788,0.70011168718338
-0.619994461536407,0.184188634157181,1.28820061683655,0.0286054164171218,-0.0219898987561464,0.712871909141541,0.700365543365479
-0.620166778564453,0.184072017669678,1.28817999362946,0.0267915576696395,-0.0193545781075954,0.715769946575165,0.697553634643555
-0.619967401027679,0.18455559015274,1.28821635246277,0.029349248856306,-0.0217222068458795,0.712181508541107,0.701045215129852
-0.620142340660095,0.184405624866486,1.28821229934692,0.0273211989551782,-0.0188996400684118,0.715383470058441,0.697941780090332
-0.620099365711212,0.18459914624691,1.2882068157196,0.0277606770396232,-0.0185477044433355,0.715040743350983,0.698285102844238
-0.620118081569672,0.184794366359711,1.28820061683655,0.0281945429742336,-0.0181861463934183,0.714852273464203,0.698470115661621
-0.620047152042389,0.185023009777069,1.28822183609009,0.0285674147307872,-0.0180451646447181,0.714589953422546,0.698727190494537
-0.619794487953186,0.185568034648895,1.28826487064362,0.0315888971090316,-0.0201969407498836,0.710707306861877,0.70248806476593
-0.619407892227173,0.185796558856964,1.28793048858643,0.031275849789381,-0.0205720644444227,0.710954129695892,0.70224130153656
-0.619544208049774,0.185786947607994,1.2879296541214,0.0299959443509578,-0.0177382081747055,0.713649928569794,0.699635148048401
-0.61935031414032,0.186347723007202,1.28801512718201,0.0323206335306167,-0.0189122054725885,0.710629463195801,0.702569186687469
-0.619261920452118,0.186556756496429,1.28804564476013,0.0327514037489891,-0.018460152670741,0.710452973842621,0.702739834785461
-0.619129359722137,0.186778277158737,1.28806555271149,0.0333190634846687,-0.0179569106549024,0.710352420806885,0.702827751636505
-0.619098901748657,0.186994612216949,1.28806328773499,0.0340464115142822,-0.017377883195877,0.710413575172424,0.702745676040649
-0.619121134281158,0.187056139111519,1.28811764717102,0.0334063693881034,-0.0154081871733069,0.712739109992981,0.700463891029358
-0.618878126144409,0.187486320734024,1.28824698925018,0.0353970192372798,-0.0158521234989166,0.709908783435822,0.703224956989288
-0.618755638599396,0.187803298234939,1.28830647468567,0.0364848002791404,-0.0153399845585227,0.709574222564697,0.703518331050873
-0.618590295314789,0.188087567687035,1.28836154937744,0.0369557738304138,-0.0142823066562414,0.70948326587677,0.703607797622681
-0.618477523326874,0.188274532556534,1.28840589523315,0.0375513359904289,-0.0131555926054716,0.709541022777557,0.703540027141571
-0.618378698825836,0.188436955213547,1.28852033615112,0.0383406542241573,-0.0119349844753742,0.709456622600555,0.703604280948639
-0.61844801902771,0.188434153795242,1.28854060173035,0.0383752137422561,-0.0094030816107988,0.711439669132233,0.701635658740997
-0.618320882320404,0.188708484172821,1.28860771656036,0.0392038933932781,-0.0082568805664777,0.71160751581192,0.701434135437012
-0.618204534053802,0.189008116722107,1.28866636753082,0.0402460135519504,-0.0075165894813835,0.711615681648254,0.701375186443329
-0.617482364177704,0.189529299736023,1.28886699676514,0.0403908789157867,-0.0088345296680927,0.711075186729431,0.701899230480194
-0.617956280708313,0.189836531877518,1.28880131244659,0.0431253984570503,-0.0063537135720252,0.711735785007477,0.701093554496765
-0.617796421051025,0.190357744693756,1.28902840614319,0.0458624064922332,-0.0063745556399226,0.709119975566864,0.703565776348114
-0.616976618766785,0.190717041492462,1.2891753911972,0.0454327166080474,-0.0065276282839477,0.708262085914612,0.70445591211319
-0.616912186145782,0.19117371737957,1.28938782215118,0.0470554940402507,-0.0052070147357881,0.708235681056976,0.70438688993454
-0.616912186145782,0.19117371737957,1.28938782215118,0.0470554940402507,-0.0052070147357881,0.708235681056976,0.70438688993454
-0.61787885427475,0.190943270921707,1.28942608833313,0.0453804805874824,0.0040939725004136,0.715634286403656,0.696987450122833
-0.61787885427475,0.190943270921707,1.28942608833313,0.0453804805874824,0.0040939725004136,0.715634286403656,0.696987450122833
-0.617822527885437,0.191473379731178,1.28954172134399,0.0489310212433338,0.0079277819022536,0.715536057949066,0.696815073490143
-0.6178058385849,0.191733166575432,1.28958606719971,0.0508706979453563,0.009526795707643,0.715528428554535,0.696663856506348
-0.617827892303467,0.191901966929436,1.28961277008057,0.0534126460552215,0.0106139183044433,0.715537309646606,0.696448743343353
-0.617827892303467,0.191901966929436,1.28961277008057,0.0534126460552215,0.0106139183044433,0.715537309646606,0.696448743343353
-0.617807507514954,0.192435756325722,1.28966903686523,0.0562947876751422,0.0161908771842718,0.715801954269409,0.695842146873474
-0.617671847343445,0.192819207906723,1.28957688808441,0.0603437982499599,0.0157390497624874,0.714141130447388,0.697218418121338
-0.617653548717499,0.192973986268043,1.28960049152374,0.0629687383770942,0.0176909249275922,0.713150799274445,0.697952687740326
-0.617609202861786,0.193418473005295,1.28974545001984,0.0647894069552421,0.0191340371966362,0.713767945766449,0.697116732597351
-0.617408990859985,0.19381533563137,1.28977286815643,0.0685120895504951,0.0199628863483667,0.710437417030334,0.700133085250854
-0.61744213104248,0.194040939211845,1.28973686695099,0.0706210881471633,0.021905742585659,0.710632741451263,0.699667096138
-0.617654919624329,0.193936422467232,1.28968691825867,0.0715668573975563,0.0247301589697599,0.713318467140198,0.696737706661224
-0.617595553398132,0.194149345159531,1.28962445259094,0.0735037922859191,0.0261755734682083,0.713533818721771,0.696262657642365
-0.617578744888306,0.194328129291534,1.28959941864014,0.0749254524707794,0.0284424219280481,0.714034974575043,0.695507884025574
-0.617538154125214,0.194523990154266,1.28955829143524,0.0767276957631111,0.0302544515579938,0.714092671871185,0.695175647735596
-0.617464065551758,0.194754958152771,1.28954493999481,0.0789086520671844,0.0315304361283779,0.713917970657349,0.695054352283478
-0.617402136325836,0.194940805435181,1.28952884674072,0.0805290639400482,0.0329458862543106,0.714305400848389,0.694404423236847
-0.617301166057587,0.195117130875587,1.28951525688171,0.0822107568383216,0.0346287414431571,0.714541673660278,0.69388210773468
-0.617179989814758,0.19528503715992,1.28949499130249,0.0837507545948028,0.0359997563064098,0.714876890182495,0.693282783031464
-0.617018222808838,0.195484191179276,1.28961563110352,0.0848300084471702,0.0369443707168102,0.715059995651245,0.692912876605988
-0.616915583610535,0.195560604333878,1.28956592082977,0.0863183885812759,0.0365509279072284,0.716464042663574,0.691297769546509
-0.616779863834381,0.195813149213791,1.28956198692322,0.0876678451895713,0.0391996577382087,0.715499520301819,0.691981375217438
-0.616611778736115,0.195997700095177,1.28952813148499,0.0890610665082931,0.0404301583766937,0.71563982963562,0.691587507724762
-0.616530239582062,0.195901587605476,1.28944981098175,0.0900759324431419,0.04193552210927,0.715952157974243,0.691042900085449
-0.616421639919281,0.196067810058594,1.28942501544952,0.0912824422121048,0.0431036651134491,0.716174602508545,0.690582036972046
-0.616227328777313,0.196333780884743,1.28938114643097,0.0924736633896827,0.0437944121658802,0.716252744197845,0.690298855304718
-0.616055250167847,0.196675017476082,1.28949594497681,0.0941334143280983,0.0445485971868038,0.716004490852356,0.690284013748169
-0.616055250167847,0.196675017476082,1.28949594497681,0.0941334143280983,0.0445485971868038,0.716004490852356,0.690284013748169
-0.615811169147491,0.196755737066269,1.28933930397034,0.0955631360411644,0.0471508279442787,0.716915905475616,0.688967347145081
-0.615654766559601,0.196890279650688,1.28934144973755,0.0964494794607162,0.0480638146400451,0.717355608940125,0.688322842121124
-0.61564689874649,0.197130024433136,1.28953623771667,0.0985727086663246,0.046664047986269,0.716994166374207,0.688494920730591
-0.615459561347961,0.197370424866676,1.28952324390411,0.098903052508831,0.0498033463954925,0.716978669166565,0.688243806362152
-0.615362763404846,0.197501063346863,1.28938746452332,0.0997899025678634,0.0506289526820182,0.717306971549988,0.687713146209717
-0.615084171295166,0.197748199105263,1.28928017616272,0.100422076880932,0.0510262064635753,0.717660844326019,0.687222421169281
-0.615010738372803,0.19800953567028,1.28924298286438,0.101649761199951,0.0520085878670215,0.718366682529449,0.686230182647705
-0.614894568920135,0.198231890797615,1.28924942016602,0.101975880563259,0.0525296404957771,0.719055771827698,0.685420036315918
-0.614776611328125,0.198382318019867,1.28924775123596,0.103246934711933,0.053287573158741,0.718301951885223,0.685961365699768
-0.614590704441071,0.198567032814026,1.28922855854034,0.103665173053741,0.0539222471415996,0.718768298625946,0.685359954833984
-0.614459216594696,0.198748797178268,1.28923082351685,0.104212746024132,0.0544935800135135,0.719119250774384,0.684863269329071
-0.613799750804901,0.198766484856606,1.28925216197968,0.102384634315968,0.0547720417380332,0.7199946641922,0.684196770191193
-0.613584280014038,0.199031487107277,1.28919112682343,0.102856338024139,0.0551409311592578,0.72044450044632,0.683622539043427
-0.613974571228027,0.199207842350006,1.28905487060547,0.105357207357883,0.0565679371356964,0.720227003097534,0.683354198932648
-0.613345861434937,0.199534237384796,1.28919339179993,0.104614578187466,0.056296981871128,0.720030844211578,0.683697283267975
-0.613049805164337,0.200145229697227,1.28942537307739,0.105620101094246,0.0561622977256774,0.719964802265167,0.683623254299164
-0.613482475280762,0.200363412499428,1.28931939601898,0.107816055417061,0.0578701011836528,0.720826685428619,0.682228565216064
-0.613307535648346,0.200671181082725,1.28931629657745,0.108211450278759,0.0582478381693363,0.721226215362549,0.681711196899414
-0.613067209720612,0.200984999537468,1.28939008712769,0.108448930084705,0.0586231872439384,0.72174072265625,0.68109655380249
-0.612907290458679,0.201264515519142,1.28942227363586,0.108575962483883,0.0592108368873596,0.722081065177917,0.680664598941803
-0.612088561058044,0.216905236244202,1.2754157781601,-0.133747830986977,-0.034339427947998,-0.693280220031738,-0.707315266132355
-0.612088561058044,0.216905236244202,1.2754157781601,-0.133747830986977,-0.034339427947998,-0.693280220031738,-0.707315266132355
-0.611881613731384,0.217244744300842,1.27529275417328,-0.134189456701279,-0.0363763011991977,-0.694007515907288,-0.706415951251984
-0.611849844455719,0.217621356248856,1.27529895305634,-0.134900227189064,-0.037021018564701,-0.694003820419312,-0.706250846385956
-0.611647605895996,0.218029573559761,1.2752720117569,-0.134984910488129,-0.0373531058430671,-0.695349872112274,-0.704891860485077
-0.611647605895996,0.218029573559761,1.2752720117569,-0.134984910488129,-0.0373531058430671,-0.695349872112274,-0.704891860485077
-0.611263990402222,0.218965664505959,1.27466213703156,-0.136199310421944,-0.0377252623438835,-0.695238828659058,-0.704747915267944
-0.61122065782547,0.219252854585647,1.27535009384155,-0.136049777269363,-0.0388132221996784,-0.696882545948029,-0.703092336654663
-0.611003398895264,0.219531059265137,1.27533566951752,-0.136989519000053,-0.039443626999855,-0.696000814437866,-0.703747749328613
-0.610660016536713,0.220037207007408,1.27534198760986,-0.136983215808868,-0.039288330823183,-0.696543455123901,-0.703220665454865
-0.610484719276428,0.220327839255333,1.27481770515442,-0.136737495660782,-0.0401199348270893,-0.697361350059509,-0.702410399913788
-0.610399782657623,0.22047509253025,1.27476739883423,-0.13652865588665,-0.0413475073873996,-0.698150336742401,-0.701595664024353
-0.610220551490784,0.22087188065052,1.2747346162796,-0.136616483330727,-0.0416168458759784,-0.698984622955322,-0.700731337070465
-0.610115587711334,0.22130161523819,1.2753221988678,-0.13713051378727,-0.0423689298331737,-0.699572622776031,-0.699998736381531
-0.610029995441437,0.221868649125099,1.27536261081696,0.137095421552658,0.0426758825778961,0.701162040233612,0.698394894599915
-0.609652161598206,0.222358003258705,1.27530598640442,0.137719929218292,0.0426262915134429,0.700246155261993,0.69919353723526
-0.609502732753754,0.22272464632988,1.27522611618042,0.137586548924446,0.043208971619606,0.700940132141113,0.698488414287567
-0.609379351139069,0.223118022084236,1.27522754669189,0.136728376150131,0.043811697512865,0.702971041202545,0.69657564163208
-0.609145939350128,0.223479628562927,1.27524209022522,0.137303322553635,0.0442113988101482,0.702391624450684,0.697021663188934
-0.609094500541687,0.223835274577141,1.27531158924103,0.136471226811409,0.0450231656432151,0.704433262348175,0.695070147514343
-0.608816564083099,0.22407466173172,1.27530181407928,0.13655960559845,0.0452113337814807,0.703960359096527,0.695519506931305
-0.608924031257629,0.224427357316017,1.27521121501923,0.137055993080139,0.0462103933095932,0.70464426279068,0.694663107395172
-0.608613193035126,0.224867880344391,1.27530121803284,0.13662226498127,0.0463810563087463,0.705093145370483,0.694281578063965
-0.608518779277802,0.225225776433945,1.27536952495575,0.13653963804245,0.0471589341759681,0.70542573928833,0.693907499313354
-0.608643412590027,0.225863501429558,1.27517402172089,0.137217670679092,0.0473107583820819,0.706295073032379,0.692878305912018
-0.608558356761932,0.226202994585037,1.27519643306732,0.136817097663879,0.0477948412299156,0.70706969499588,0.692133903503418
-0.60846072435379,0.226541310548782,1.27523040771484,0.136515513062477,0.0485548190772533,0.707726716995239,0.69146865606308
-0.608269393444061,0.226754650473595,1.27531552314758,0.135708376765251,0.0490853674709796,0.708435356616974,0.690864205360413
-0.608180403709412,0.227118343114853,1.27529406547546,0.135475277900696,0.0493657253682613,0.708674013614655,0.690645098686218
-0.608138203620911,0.227266192436218,1.27514970302582,0.134720876812935,0.050211165100336,0.709643840789795,0.689735352993011
-0.608020782470703,0.227725401520729,1.27529501914978,0.13469286262989,0.0507201701402664,0.710104048252106,0.689229726791382
-0.607807517051697,0.227902323007584,1.27541971206665,0.133804351091385,0.051335334777832,0.710661053657532,0.688782930374146
-0.607868075370789,0.228335097432137,1.27526891231537,0.133961394429207,0.0517728216946125,0.711405158042908,0.687950968742371
-0.60788369178772,0.228650331497192,1.27523291110992,0.133090168237686,0.0525147169828414,0.713393151760101,0.686002612113953
-0.607689201831818,0.228860586881637,1.2752959728241,0.132889613509178,0.0530992075800895,0.712792217731476,0.686620652675629
-0.607565224170685,0.229224219918251,1.27528357505798,0.132611751556396,0.053319439291954,0.712970376014709,0.686472356319427
-0.607565224170685,0.229224219918251,1.27528357505798,0.132611751556396,0.053319439291954,0.712970376014709,0.686472356319427
-0.607410550117493,0.229950532317162,1.27522039413452,0.131605565547943,0.0552795864641666,0.713799774646759,0.685648620128632
-0.607345879077911,0.230322360992432,1.27512073516846,0.130396649241447,0.0560160502791404,0.715954542160034,0.683570086956024
-0.607278287410736,0.230632200837135,1.2750940322876,0.13056568801403,0.056544542312622,0.715103447437286,0.684384822845459
-0.607389032840729,0.230896785855293,1.27491641044617,0.130420804023743,0.0574458092451095,0.715697824954987,0.683715760707855
-0.60691636800766,0.231167927384376,1.27524054050446,0.129157721996307,0.0575425140559673,0.715872585773468,0.683764338493347
-0.60687267780304,0.231570780277252,1.27522122859955,0.128303930163383,0.0581816434860229,0.717071712017059,0.682613492012024
-0.607114672660828,0.231910765171051,1.27488350868225,0.128543853759766,0.0592564046382904,0.717280566692352,0.682256460189819
-0.607014060020447,0.232391923666,1.27495813369751,0.129168793559074,0.0578407533466815,0.717189490795135,0.682355642318726
-0.606971263885498,0.232876360416412,1.27489972114563,0.1276995241642,0.059894636273384,0.717623591423035,0.681998491287231
-0.60698390007019,0.233045995235443,1.27477431297302,0.127612709999084,0.060834664851427,0.716562986373901,0.683045864105225
-0.606920421123505,0.23371422290802,1.27491652965546,0.12768742442131,0.0609705634415149,0.716535747051239,0.683048486709595
-0.606804013252258,0.234153419733047,1.27472639083862,0.127214953303337,0.0613817311823368,0.71660441160202,0.683027684688568
-0.606906652450562,0.234738558530807,1.2746342420578,0.126687064766884,0.0618846081197261,0.717711389064789,0.681917190551758
-0.606508314609528,0.234799295663834,1.27488088607788,0.125307872891426,0.0626745820045471,0.717058062553406,0.682786703109741
-0.606619238853455,0.23540872335434,1.27467250823975,0.125636056065559,0.0629579871892929,0.7166867852211,0.683090031147003
-0.606566607952118,0.235819861292839,1.27465462684631,0.125283643603325,0.0644411072134971,0.715547502040863,0.684209823608398
-0.60656064748764,0.23633474111557,1.27469789981842,0.124329060316086,0.0639838576316833,0.716536581516266,0.683391273021698
-0.606443881988525,0.236758887767792,1.27465581893921,0.123717047274113,0.0644861161708831,0.715869128704071,0.684154331684113
-0.606304287910461,0.237231627106667,1.27459216117859,0.123558811843395,0.0644370913505554,0.714662313461304,0.685448050498962
-0.606337368488312,0.237699210643768,1.27509307861328,0.122483968734741,0.0652646124362945,0.715743184089661,0.684434115886688
-0.606373131275177,0.237887278199196,1.27494633197784,0.121455602347851,0.0663412436842918,0.715768575668335,0.684487283229828
-0.606373131275177,0.237887278199196,1.27494633197784,0.121455602347851,0.0663412436842918,0.715768575668335,0.684487283229828
-0.60621440410614,0.238813400268555,1.27487635612488,0.121504500508308,0.0664552971720695,0.713157892227173,0.687187194824219
-0.606131076812744,0.239232435822487,1.27490162849426,0.120773077011108,0.0672200322151184,0.712654888629913,0.687763392925262
-0.605992496013641,0.239879757165909,1.2749263048172,0.119907170534134,0.0670478194952011,0.712403535842896,0.688191890716553
-0.606050372123718,0.240364819765091,1.27487945556641,0.119588412344456,0.0674657523632049,0.712199628353119,0.688417553901672
-0.60576057434082,0.241100832819939,1.27431976795197,0.118752412497997,0.0668588206171989,0.712784290313721,0.688016295433044
-0.605560600757599,0.241503208875656,1.27486753463745,0.117626965045929,0.0676697343587875,0.712546527385712,0.688376426696777
-0.605466842651367,0.241896063089371,1.27483749389648,0.117719031870365,0.0679115802049636,0.71082478761673,0.690114855766296
-0.605295121669769,0.242421671748161,1.27497315406799,0.117301039397716,0.0680971816182136,0.710246026515961,0.690763235092163
-0.604950785636902,0.243138954043388,1.27481722831726,0.117086425423622,0.0682605504989624,0.708123385906219,0.692959308624268
-0.604955911636353,0.243834316730499,1.27475559711456,0.117363721132278,0.067850261926651,0.707518458366394,0.69357043504715
-0.604728817939758,0.244398236274719,1.27400839328766,0.116325318813324,0.0677795857191085,0.708267629146576,0.692987263202667
-0.604728817939758,0.244398236274719,1.27400839328766,0.116325318813324,0.0677795857191085,0.708267629146576,0.692987263202667
-0.604145586490631,0.245385468006134,1.27390170097351,0.114918030798435,0.0676193535327911,0.707239091396332,0.69428688287735
-0.603962600231171,0.245902001857758,1.27398383617401,0.114399202167988,0.0678380951285362,0.706839919090271,0.694757640361786
-0.603723227977753,0.246480211615562,1.27394342422485,0.114310063421726,0.067717432975769,0.705905616283417,0.695733249187469
-0.603529930114746,0.246919080615044,1.27379858493805,0.113269299268723,0.0682160183787345,0.70635724067688,0.695396363735199
-0.603390157222748,0.247659593820572,1.27376186847687,0.11343153566122,0.0686069428920745,0.705603837966919,0.696096003055573
-0.602820813655853,0.248209357261658,1.27381479740143,0.113100543618202,0.0678213089704513,0.70365846157074,0.69819301366806
-0.602810263633728,0.248394623398781,1.2737489938736,0.110664054751396,0.0702611953020095,0.705199956893921,0.696785509586334
-0.60290390253067,0.248559653759003,1.2737637758255,0.106294825673103,0.0725325718522071,0.708301246166229,0.694081962108612
-0.602575063705444,0.249029949307442,1.27374660968781,0.105273313820362,0.0739282593131065,0.708030939102173,0.694366157054901
-0.602364420890808,0.249693036079407,1.27383291721344,0.105285950005054,0.0737052708864212,0.707085847854614,0.695350348949432
-0.602075457572937,0.250274419784546,1.27452540397644,0.105040766298771,0.0741352289915084,0.706097483634949,0.696345329284668
-0.601389169692993,0.250879496335983,1.27369999885559,0.103795543313026,0.0735533758997917,0.70569920539856,0.696997106075287
-0.601063191890717,0.251458793878555,1.2737375497818,0.103431642055511,0.0738941878080368,0.70480889081955,0.697915494441986
-0.600745618343353,0.251998066902161,1.27373850345612,0.103296004235744,0.0740667656064033,0.703802525997162,0.698932111263275
-0.60050630569458,0.252524703741074,1.27449655532837,0.102508954703808,0.0758293643593788,0.703434109687805,0.699229896068573
-0.600286722183228,0.253194779157638,1.27446699142456,0.102698847651482,0.0762449353933334,0.702319920063019,0.700276017189026
-0.599992215633392,0.253612130880356,1.27447593212128,-0.102688007056713,-0.0769152343273162,-0.70113468170166,-0.701390981674194
-0.599590837955475,0.254143685102463,1.2744220495224,-0.102141469717026,-0.0774295330047607,-0.700291275978088,-0.702256321907043
-0.599188327789307,0.254592418670654,1.27435791492462,-0.101297184824944,-0.0771839618682861,-0.699967205524445,-0.702728569507599
-0.598857402801514,0.255065351724625,1.27434980869293,-0.100834712386131,-0.0777443200349807,-0.699322998523712,-0.703374445438385
-0.59855455160141,0.255495548248291,1.27435445785522,-0.100251205265522,-0.0792008489370346,-0.697946488857269,-0.704661309719086
-0.598100781440735,0.256066799163818,1.27437341213226,-0.100039377808571,-0.079183705151081,-0.696593284606934,-0.706031084060669
-0.597731649875641,0.256440371274948,1.2743513584137,-0.0995451360940933,-0.07928317040205,-0.695679187774658,-0.706990420818329
-0.597458839416504,0.2568199634552,1.27432417869568,-0.098622553050518,-0.0801945179700851,-0.695984840393066,-0.706716120243073
-0.597104370594025,0.257528513669968,1.27429795265198,-0.098597265779972,-0.0793463587760925,-0.695318341255188,-0.707471013069153
-0.597104370594025,0.257528513669968,1.27429795265198,-0.098597265779972,-0.0793463587760925,-0.695318341255188,-0.707471013069153
-0.59631884098053,0.258209884166717,1.27359974384308,-0.0977823883295059,-0.0795389860868454,-0.693954229354858,-0.708900451660156
-0.596064507961273,0.258538126945496,1.27363157272339,-0.0973427146673202,-0.0801226869225502,-0.693123936653137,-0.709707021713257
-0.595714807510376,0.258826673030853,1.2736531496048,-0.0965897366404533,-0.0808300822973251,-0.692444682121277,-0.710392355918884
-0.595338761806488,0.259111791849136,1.27364778518677,-0.0967326387763023,-0.0805914178490638,-0.690452098846436,-0.712336897850037
-0.595085620880127,0.259470701217651,1.27357029914856,-0.0967272520065307,-0.0810463055968284,-0.689449071884155,-0.713256895542145
-0.594759941101074,0.259681135416031,1.27362596988678,-0.0961203202605247,-0.0811755582690239,-0.688947558403015,-0.713808596134186
-0.594323575496674,0.259924173355102,1.27374887466431,-0.0954161286354065,-0.0811120197176933,-0.68844473361969,-0.71439516544342
-0.594457685947418,0.260327130556107,1.27372670173645,-0.0961238071322441,-0.08182043582201,-0.687359392642975,-0.715264141559601
-0.59417200088501,0.260549992322922,1.27376782894135,-0.0957602933049202,-0.0818460136651992,-0.686943233013153,-0.715709626674652
-0.594020426273346,0.260959059000015,1.27374279499054,-0.0963917076587677,-0.0822136774659156,-0.687122464179993,-0.715410590171814
-0.59373539686203,0.261071920394897,1.27381920814514,-0.0958846658468246,-0.0815550610423088,-0.686282336711884,-0.716359913349152
-0.593372464179993,0.26121598482132,1.27402758598328,-0.0949640497565269,-0.0821617543697357,-0.687069535255432,-0.715658187866211
-0.592408418655396,0.261303097009659,1.27425634860992,-0.0934634879231453,-0.0800541639328002,-0.687246918678284,-0.715924322605133
-0.59220963716507,0.261428445577621,1.2744472026825,-0.0934794619679451,-0.0807235240936279,-0.686779022216797,-0.716295838356018
-0.591948449611664,0.261498242616653,1.27455365657806,-0.093328021466732,-0.0801208987832069,-0.686431705951691,-0.716716051101685
-0.591559827327728,0.261496394872665,1.27459800243378,-0.0925964564085006,-0.0804741531610488,-0.686214029788971,-0.71697986125946
-0.591355085372925,0.261670082807541,1.27458453178406,-0.0928461775183677,-0.0800579935312271,-0.685950458049774,-0.717246413230896
-0.591066420078278,0.261710464954376,1.27466261386871,-0.0926286503672599,-0.0801545456051826,-0.685753047466278,-0.717452466487885
-0.590845048427582,0.261634677648544,1.27479469776154,-0.0922785997390747,-0.0803260281682014,-0.685264408588409,-0.717945039272308
-0.590490639209747,0.26169416308403,1.27472817897797,-0.0919290408492088,-0.0797435119748115,-0.685741722583771,-0.717599034309387
-0.590179800987244,0.261678606271744,1.27480959892273,-0.0920728892087936,-0.0792620852589607,-0.685290396213531,-0.718064963817596
-0.589752912521362,0.261738508939743,1.27482616901398,-0.0914384350180625,-0.0784891545772552,-0.685688257217407,-0.717851102352142
-0.589562356472015,0.261511325836182,1.27493822574615,-0.0913567617535591,-0.0786673426628112,-0.684729397296906,-0.71875661611557
-0.589307487010956,0.2615085542202,1.27504026889801,-0.0914793089032173,-0.078269824385643,-0.684485137462616,-0.719016969203949
-0.589063465595245,0.261301130056381,1.27521014213562,-0.0911261886358261,-0.0783208981156349,-0.684346675872803,-0.719188034534454
-0.588798642158508,0.26118528842926,1.27527022361755,-0.0910948738455772,-0.0779805406928062,-0.684225738048553,-0.719344198703766
-0.588597357273102,0.261117875576019,1.27520322799683,-0.0912723019719123,-0.0775170922279357,-0.684369027614594,-0.71923553943634
-0.588163733482361,0.260817438364029,1.27535235881805,-0.090995155274868,-0.0761490017175674,-0.684562265872955,-0.719232797622681
-0.587964594364166,0.26055982708931,1.27549028396606,-0.0908398553729057,-0.0761118382215499,-0.684571325778961,-0.719247758388519
-0.587767779827118,0.260412096977234,1.27553653717041,-0.0904944390058517,-0.0758298560976982,-0.685742557048798,-0.71820455789566
-0.587532997131348,0.260111719369888,1.27570533752441,-0.0902208313345909,-0.0757129564881324,-0.686007499694824,-0.717998206615448
-0.587363541126251,0.25984451174736,1.27574014663696,-0.0902240648865699,-0.0754880309104919,-0.686201095581055,-0.717836558818817
-0.587158918380737,0.259612649679184,1.27560269832611,-0.0903350412845611,-0.0756545066833496,-0.686239898204803,-0.717768013477325
-0.58698034286499,0.259264647960663,1.27571904659271,-0.0902351513504982,-0.0754564404487609,-0.68660306930542,-0.717454075813293
-0.58698034286499,0.259264647960663,1.27571904659271,-0.0902351513504982,-0.0754564404487609,-0.68660306930542,-0.717454075813293
-0.586597442626953,0.258508265018463,1.27598452568054,-0.0899621844291687,-0.0749226734042167,-0.686496913433075,-0.717645764350891
-0.586368203163147,0.258165776729584,1.27590775489807,-0.0901713743805885,-0.0740024968981742,-0.68628990650177,-0.71791285276413
-0.586290717124939,0.257676333189011,1.27606654167175,-0.0895951837301254,-0.0740009620785713,-0.686684370040894,-0.717607855796814
-0.586205840110779,0.257437527179718,1.27617716789246,-0.0901596769690513,-0.0730219557881355,-0.687429070472717,-0.71692419052124
-0.586322963237762,0.256949096918106,1.27631425857544,-0.090029239654541,-0.0742993056774139,-0.687214076519012,-0.717015564441681
-0.586140096187592,0.256476759910583,1.27644288539886,-0.0894338563084602,-0.0740810260176658,-0.688069999217987,-0.716291308403015
-0.586075246334076,0.256028801202774,1.27649462223053,-0.0893730744719505,-0.0736180990934372,-0.688283205032349,-0.716141819953918
-0.585833251476288,0.255785405635834,1.27634394168854,-0.0894156172871589,-0.0721783339977264,-0.689245283603668,-0.715357303619385
-0.585696041584015,0.255356699228287,1.27661240100861,-0.0887229964137077,-0.0711026862263679,-0.689950406551361,-0.714871406555176
-0.585607588291168,0.254954785108566,1.27662003040314,-0.0889748558402061,-0.06999521702528,-0.690420866012573,-0.714495062828064
-0.585769653320312,0.254373490810394,1.27677404880524,-0.088416539132595,-0.0707966610789299,-0.690616309642792,-0.714296638965607
-0.585704982280731,0.254130691289902,1.27670443058014,-0.0887334495782852,-0.0701359137892723,-0.69193422794342,-0.71304589509964
-0.585724174976349,0.253781348466873,1.27662289142609,-0.0888375416398048,-0.0694133788347244,-0.692611038684845,-0.712446331977844
-0.585619986057281,0.253130525350571,1.27673816680908,-0.088157907128334,-0.0679236352443695,-0.6929811835289,-0.712314367294312
-0.585694849491119,0.252708226442337,1.27683770656586,-0.0879344567656517,-0.0679805427789688,-0.694069623947144,-0.711275935173035
-0.585809171199799,0.252324938774109,1.27700328826904,-0.0878627970814704,-0.0677306875586509,-0.694664716720581,-0.710727512836456
-0.585963606834412,0.251788645982742,1.27712607383728,-0.087581492960453,-0.067344881594181,-0.695277273654938,-0.710199773311615
-0.586470067501068,0.251437902450562,1.2771213054657,-0.0884711965918541,-0.06683149933815,-0.695373773574829,-0.710043489933014
-0.586527764797211,0.250961244106293,1.27709937095642,-0.0879712179303169,-0.0669186413288116,-0.696663498878479,-0.708832085132599
-0.586626350879669,0.250982224941254,1.27689552307129,-0.0905127674341201,-0.0643354803323745,-0.695594072341919,-0.709800899028778
-0.586687386035919,0.250534802675247,1.27696633338928,-0.0903816521167755,-0.0636654198169708,-0.696333289146423,-0.709152936935425
-0.586612462997437,0.249828174710274,1.27731597423553,-0.0893126055598259,-0.062745913863182,-0.697538673877716,-0.708185017108917
-0.586733996868134,0.249361395835876,1.27739191055298,-0.0890357717871666,-0.0622932836413383,-0.698587715625763,-0.707225322723389
-0.587205767631531,0.24878203868866,1.27727293968201,-0.0869826674461364,-0.0628946274518966,-0.700802564620972,-0.705233335494995
-0.587175071239471,0.248092636466026,1.27753520011902,-0.0861182063817977,-0.0611195936799049,-0.701544463634491,-0.704757690429688
-0.587150156497955,0.247742623090744,1.27768957614899,-0.087489515542984,-0.0596733503043651,-0.700610935688019,-0.705640971660614
-0.587274372577667,0.247144013643265,1.27775371074677,-0.0866052135825157,-0.0596115514636039,-0.701335728168488,-0.705035030841827
-0.587516009807587,0.246418043971062,1.27784550189972,0.0841352269053459,0.0600681342184543,0.703426122665405,0.703210353851318
-0.587387919425964,0.246274247765541,1.27776718139648,-0.0853552818298339,-0.0572900474071502,-0.703299283981323,-0.703422069549561
-0.587725698947906,0.245873361825943,1.27756679058075,0.0855814218521118,0.0560451708734035,0.704127132892609,0.702666342258453
-0.587674498558044,0.245121493935585,1.27779877185822,0.0842756181955337,0.0549256764352321,0.705125272274017,0.701911151409149
-0.587628066539764,0.244555190205574,1.27789485454559,0.0833260416984558,0.0540214702486991,0.706064522266388,0.701150059700012
-0.587317943572998,0.244056463241577,1.2781081199646,0.0817702710628509,0.0523616336286067,0.706786036491394,0.700732171535492
-0.587574481964111,0.243658736348152,1.27809011936188,0.0816798284649849,0.0516321994364261,0.707473158836365,0.700103163719177
-0.588064193725586,0.242898046970367,1.27803707122803,0.0811396166682243,0.051090408116579,0.707973480224609,0.699699759483337
-0.587726652622223,0.242135658860207,1.27831673622131,0.0789161771535873,0.0498494803905487,0.709506869316101,0.698489308357239
-0.58781111240387,0.241617262363434,1.27834558486938,0.078076958656311,0.0484070517122745,0.709703087806702,0.698485791683197
-0.587943077087402,0.241185456514358,1.27840888500214,0.0774008631706237,0.0469068586826324,0.709978401660919,0.698383569717407
-0.587943077087402,0.241185456514358,1.27840888500214,0.0774008631706237,0.0469068586826324,0.709978401660919,0.698383569717407
-0.58816933631897,0.24013976752758,1.27846467494965,0.0757578313350677,0.0449077263474464,0.710728943347931,0.697931587696075
-0.588271915912628,0.239514365792274,1.27848172187805,0.0744354054331779,0.0438710153102874,0.71147221326828,0.69738233089447
-0.58828330039978,0.238929688930511,1.27857041358948,0.073195531964302,0.0425521694123744,0.71151465177536,0.697551906108856
-0.588317453861237,0.238276451826095,1.27858173847198,0.0720023736357688,0.0419763624668121,0.712337017059326,0.696871399879456
-0.588317453861237,0.238276451826095,1.27858173847198,0.0720023736357688,0.0419763624668121,0.712337017059326,0.696871399879456
-0.588455140590668,0.237238988280296,1.27860009670258,0.0699476152658462,0.0393664687871933,0.712053596973419,0.697522282600403
-0.588607013225555,0.236465111374855,1.27871489524841,0.0680470988154411,0.0388740897178649,0.712604641914368,0.697175085544586
-0.588469922542572,0.23579378426075,1.27881920337677,0.0662168711423873,0.0377721078693866,0.712471485137939,0.697547793388367
-0.588346600532532,0.23537015914917,1.27864384651184,0.0650564059615135,0.0353939272463321,0.712469041347504,0.697784304618835
-0.588431000709534,0.234931170940399,1.27890515327454,0.0642978847026825,0.0348338782787323,0.712017118930817,0.698343873023987
-0.58875834941864,0.234222561120987,1.27883839607239,0.0632995143532753,0.0342280715703964,0.711778998374939,0.698707640171051
-0.588752865791321,0.233808517456055,1.2789032459259,0.0622360706329345,0.0320946983993053,0.711706280708313,0.698978364467621
-0.588936924934387,0.233013316988945,1.278888463974,0.06080062687397,0.0317677035927772,0.711798071861267,0.699026226997375
-0.588988304138184,0.232443168759346,1.27893054485321,0.0595837011933326,0.0305994693189859,0.711666822433472,0.699316740036011
-0.589075446128845,0.231933623552322,1.27891421318054,0.0583948493003845,0.029771102592349,0.711253762245178,0.69987279176712
-0.589162707328796,0.231429040431976,1.27888631820679,0.0576011165976524,0.027998998761177,0.7114617228508,0.699800312519073
-0.589304149150848,0.230860218405723,1.27885794639587,0.0568835437297821,0.0267137698829174,0.710769057273865,0.700612604618073
-0.589527368545532,0.23015259206295,1.27891790866852,0.0554185025393962,0.0263106673955917,0.711205244064331,0.700302600860596
-0.58950412273407,0.229707911610603,1.27900063991547,0.0545513704419136,0.0252366084605455,0.711185872554779,0.700429856777191
-0.589741408824921,0.229019939899444,1.27888774871826,0.0540562979876995,0.0235339514911174,0.710567235946655,0.701155006885529
-0.589741408824921,0.229019939899444,1.27888774871826,0.0540562979876995,0.0235339514911174,0.710567235946655,0.701155006885529
-0.589965522289276,0.227954313158989,1.2787868976593,0.0524909496307373,0.0211130231618881,0.710323929786682,0.701597452163696
-0.590044140815735,0.227403923869133,1.27899622917175,0.0511848926544189,0.0204452015459537,0.71084588766098,0.701184988021851
-0.590129673480988,0.226865768432617,1.278883934021,0.0505712293088436,0.0191404204815626,0.710362613201141,0.701755821704865
-0.589873850345612,0.226298242807388,1.27898049354553,0.0488675236701965,0.0173612534999847,0.70930004119873,0.702996492385864
-0.589867413043976,0.225933119654655,1.278813123703,-0.0501013249158859,-0.0144623173400759,-0.705832123756409,-0.706457257270813
-0.590718269348145,0.225035861134529,1.27867496013641,0.0488655902445316,0.0163812395185232,0.709761023521423,0.702554702758789
-0.590630531311035,0.224871635437012,1.27877724170685,-0.0519469864666461,-0.010728457942605,-0.704494774341583,-0.707724153995514
-0.590900659561157,0.224164739251137,1.27867555618286,-0.051231849938631,-0.011293401941657,-0.704454481601715,-0.707807660102844
-0.591089487075806,0.223583623766899,1.27865171432495,-0.0508272312581539,-0.0096335336565971,-0.704105377197266,-0.708208680152893
-0.591253459453583,0.222943320870399,1.2786386013031,-0.0501680821180343,-0.0091673508286476,-0.704625368118286,-0.707744538784027
-0.591288924217224,0.222576335072517,1.27871465682983,-0.0499638691544532,-0.0074038282036781,-0.7040975689888,-0.708304584026337
-0.591411948204041,0.221903219819069,1.27870500087738,-0.0493873693048954,-0.0066980002447962,-0.703690767288208,-0.708756327629089
-0.591648399829865,0.221232980489731,1.27859282493591,-0.0489621125161647,-0.0071924831718206,-0.703618943691254,-0.708852291107178
-0.591801822185516,0.220714345574379,1.27856421470642,-0.0484590791165828,-0.0056601599790155,-0.70401656627655,-0.708505868911743
-0.591990768909454,0.220140516757965,1.27847111225128,-0.0484563745558261,-0.0050278631970286,-0.704054832458496,-0.708472728729248
-0.59203040599823,0.219525173306465,1.27856910228729,-0.0477898530662059,-0.0038120462559163,-0.703320503234863,-0.709254622459412
-0.59229040145874,0.218898132443428,1.27843165397644,-0.0477964207530021,-0.003623811295256,-0.703474640846252,-0.709102094173431
-0.592498660087585,0.21830652654171,1.27838826179504,-0.0477658994495868,-0.0023006119299679,-0.703676044940948,-0.708909869194031
-0.592708647251129,0.217822954058647,1.27833557128906,-0.0476145260035991,-0.0013579535298049,-0.703821003437042,-0.708778619766235
-0.592939972877502,0.217112153768539,1.27848649024963,-0.0469975806772708,-0.0013320591533556,-0.70360004901886,-0.709039211273193
-0.593124628067017,0.216588899493217,1.2785530090332,-0.0470173470675945,-0.0004010677221231,-0.703667521476746,-0.708972096443176
-0.593298435211182,0.215945392847061,1.27850341796875,0.0456070564687252,0.0017166804755106,0.706873595714569,0.705865979194641
-0.593586206436157,0.215357735753059,1.27854001522064,0.0456112883985042,0.0007521836087107,0.706572532653809,0.70616888999939
-0.593561410903931,0.214918419718742,1.27862823009491,-0.0464524179697036,0.0019363629398867,-0.703709304332733,-0.708965301513672
-0.593731880187988,0.214317217469215,1.27865958213806,-0.0464623495936393,0.0029403008520603,-0.703765571117401,-0.708905339241028
-0.593929469585419,0.213461339473724,1.2787070274353,0.0444376058876514,-0.0006428944761864,0.706791400909424,0.706024646759033
-0.593919694423676,0.212970525026321,1.27875804901123,0.0442007891833782,-0.0020070658065378,0.706896543502808,0.705931723117828
-0.594086229801178,0.212183624505997,1.27872109413147,0.0440681874752044,-0.0029850197024643,0.707121551036835,0.705711126327515
-0.594086229801178,0.212183624505997,1.27872109413147,0.0440681874752044,-0.0029850197024643,0.707121551036835,0.705711126327515
-0.594143986701965,0.210997030138969,1.27881169319153,0.0434948801994323,-0.004625464323908,0.707516610622406,0.705341815948486
-0.594220101833344,0.21044459939003,1.27887392044067,0.0436379574239254,-0.0059634554199874,0.707727074623108,0.705111861228943
-0.594285309314728,0.209920838475227,1.27884232997894,0.0436730645596981,-0.0061181993223726,0.707961142063141,0.704873442649841
-0.594409286975861,0.209424003958702,1.27875769138336,0.0439005978405475,-0.0069680600427091,0.708301842212677,0.70450884103775
-0.594409286975861,0.209424003958702,1.27875769138336,0.0439005978405475,-0.0069680600427091,0.708301842212677,0.70450884103775
-0.59471470117569,0.208422467112541,1.27858805656433,-0.0455237291753292,0.0106988390907645,-0.705951869487762,-0.706714451313019
-0.594794511795044,0.207821696996689,1.27875137329102,0.0439840368926525,-0.0098919318988919,0.709498524665833,0.703263461589813
-0.594971060752869,0.207240357995033,1.2786877155304,0.044315543025732,-0.0106642572209239,0.709523916244507,0.70320588350296
-0.595258593559265,0.206825077533722,1.27854120731354,0.0470507591962814,-0.0119384303689002,0.706996142864227,0.705549538135529
-0.595718145370483,0.205928191542625,1.27842271327972,0.0445715896785259,-0.0097039053216576,0.710984766483307,0.70172643661499
-0.595718145370483,0.205928191542625,1.27842271327972,0.0445715896785259,-0.0097039053216576,0.710984766483307,0.70172643661499
-0.596111655235291,0.205114215612411,1.278644323349,0.0463336557149887,-0.011620121076703,0.710436880588531,0.702137887477875
-0.59649246931076,0.204591497778892,1.27854871749878,0.0469632409512996,-0.0120270885527133,0.710917353630066,0.701602816581726
-0.597052156925201,0.203836232423782,1.2780876159668,0.0475951358675956,-0.0114488378167152,0.712057709693909,0.700412452220917
-0.597440659999847,0.203349590301514,1.27807378768921,0.0485567487776279,-0.0108801238238811,0.712630689144135,0.699772417545319
-0.597841382026672,0.202763348817825,1.27800416946411,0.0488949567079544,-0.0108374366536736,0.713068068027496,0.699303925037384
-0.598154902458191,0.202231839299202,1.27803659439087,0.0493729151785373,-0.0115736862644553,0.7130206823349,0.699306666851044
-0.598819971084595,0.201387077569961,1.27766633033752,0.0499550327658653,-0.0107055511325597,0.713726997375488,0.698558330535889
-0.599269926548004,0.201181143522262,1.27739524841309,0.0513372980058193,-0.0111706098541617,0.713779985904694,0.698396682739258
-0.599706172943115,0.200580880045891,1.27730119228363,0.0519070401787757,-0.011394852772355,0.714413344860077,0.697703063488007
-0.600037157535553,0.199869409203529,1.27727282047272,0.0514055080711841,-0.010068885050714,0.716135382652283,0.69599312543869
-0.600367784500122,0.199290513992309,1.27724123001099,0.0525540187954902,-0.0112106138840317,0.715482413768768,0.6965611577034
-0.600744128227234,0.198677331209183,1.27715039253235,0.0528914704918861,-0.0105619747191667,0.716041207313538,0.695971310138702
-0.601182162761688,0.19802725315094,1.27711653709412,0.0533350557088851,-0.0111589543521404,0.716258525848389,0.695704519748688
-0.601723551750183,0.197197407484055,1.27706658840179,0.0541550368070602,-0.0113811027258634,0.716545641422272,0.695341765880585
-0.60192734003067,0.196738198399544,1.27701508998871,0.0542798712849617,-0.0119230933487415,0.71747362613678,0.694365262985229
-0.602307081222534,0.196073234081268,1.27693355083466,0.0537501387298107,-0.0114411246031522,0.718243300914764,0.693618535995483
-0.602816045284271,0.195382490754128,1.27694916725159,0.0548101291060447,-0.0119196316227316,0.717532336711884,0.69426304101944
-0.603226363658905,0.194742128252983,1.27685713768005,0.0543066971004009,-0.0115058608353137,0.718816518783569,0.692979991436005
-0.603226363658905,0.194742128252983,1.27685713768005,0.0543066971004009,-0.0115058608353137,0.718816518783569,0.692979991436005
-0.603916943073273,0.193398654460907,1.27685332298279,0.0551248267292976,-0.0127513296902179,0.717934370040894,0.693807601928711
-0.604274451732635,0.192753911018371,1.27679717540741,0.0551481842994689,-0.0130264200270175,0.71795779466629,0.693776428699493
-0.604637861251831,0.192153811454773,1.27666962146759,0.0553420633077621,-0.0138047989457845,0.71791398525238,0.693791270256042
-0.605071246623993,0.191476181149483,1.27654194831848,0.0553094036877155,-0.0143190398812294,0.717799067497253,0.693902373313904
-0.605071246623993,0.191476181149483,1.27654194831848,0.0553094036877155,-0.0143190398812294,0.717799067497253,0.693902373313904
-0.605766952037811,0.190047651529312,1.27642810344696,0.0551686771214008,-0.0152330435812473,0.716799020767212,0.694927096366882
-0.605663657188416,0.18936513364315,1.27703738212585,0.0540246628224849,-0.0165224242955446,0.716221868991852,0.695582270622253
-0.60642147064209,0.188753962516785,1.276202917099,0.0552314259111881,-0.0170007348060607,0.716110050678253,0.69559109210968
-0.606338858604431,0.187931030988693,1.27695786952972,0.0539072193205356,-0.0183365941047668,0.715065360069275,0.696734845638275
-0.606338143348694,0.187515452504158,1.27684891223907,0.0548582077026367,-0.0207496602088212,0.711990892887115,0.699735045433044
-0.606338143348694,0.187515452504158,1.27684891223907,0.0548582077026367,-0.0207496602088212,0.711990892887115,0.699735045433044
-0.607307255268097,0.185974821448326,1.27679777145386,0.0532295480370521,-0.021099766716361,0.713462054729462,0.698350429534912
-0.607522368431091,0.185377478599548,1.27666592597961,0.0529228933155536,-0.022367687895894,0.713090419769287,0.698713898658752
-0.606831431388855,0.184680119156837,1.27657520771027,0.0502220354974269,-0.0248722992837429,0.711830317974091,0.700112044811249
-0.607109725475311,0.183943510055542,1.27634429931641,0.0494893044233322,-0.0258846543729305,0.711863338947296,0.700093924999237
-0.607329308986664,0.183326497673988,1.27634561061859,0.048439897596836,-0.0262469891458749,0.712182879447937,0.699828684329987
-0.607497811317444,0.182768106460571,1.27621448040009,0.0485057197511196,-0.0277304295450449,0.711978018283844,0.699975371360779
-0.607722461223602,0.182202368974686,1.27612090110779,0.0489909723401069,-0.0298326332122087,0.710021495819092,0.701840043067932
-0.60807329416275,0.181303262710571,1.2760694026947,0.0475308001041412,-0.0303629431873559,0.709008991718292,0.70294052362442
-0.608317017555237,0.180633157491684,1.27599835395813,0.0469434559345245,-0.0309884920716285,0.709043323993683,0.702917993068695
-0.608611643314362,0.179827138781547,1.27602338790894,0.0460063032805919,-0.031466756016016,0.707745909690857,0.704264938831329
-0.608611643314362,0.179827138781547,1.27602338790894,0.0460063032805919,-0.031466756016016,0.707745909690857,0.704264938831329
-0.608959078788757,0.178545609116554,1.27583479881287,-0.0452300049364566,0.0336532779037952,-0.705867350101471,-0.70609712600708
-0.609400689601898,0.177517011761665,1.27565062046051,-0.0430691093206405,0.0324989482760429,-0.705570697784424,-0.706582546234131
-0.60955536365509,0.176892101764679,1.27567505836487,-0.0421584956347942,0.0336779691278934,-0.70435631275177,-0.70779287815094
-0.609803915023804,0.176234692335129,1.27567756175995,-0.0415886007249355,0.0341370739042758,-0.702690601348877,-0.709458351135254
-0.610484957695007,0.175537630915642,1.27536952495575,-0.0421911403536796,0.0342890918254852,-0.702103435993195,-0.709996461868286
-0.610228896141052,0.174811378121376,1.27550411224365,-0.0402127467095851,0.0361598022282123,-0.69827139377594,-0.71378755569458
-0.610886335372925,0.174008145928383,1.27527832984924,-0.0407259464263916,0.0362292379140853,-0.697630941867828,-0.714380860328674
-0.610592842102051,0.173302263021469,1.2752149105072,-0.0381670035421848,0.0372129380702972,-0.695326745510101,-0.716714203357697
-0.610766530036926,0.172582343220711,1.27528619766235,-0.0366037636995315,0.0374487787485122,-0.69375741481781,-0.718302488327026
-0.61150735616684,0.17173732817173,1.27506339550018,-0.0373688265681266,0.0373851209878921,-0.693029940128326,-0.718968331813812
-0.611861169338226,0.170957505702972,1.2750723361969,-0.036113791167736,0.0374321937561035,-0.691188097000122,-0.720800817012787
-0.612057089805603,0.170319408178329,1.27498960494995,-0.0354545265436172,0.0385433435440063,-0.689870357513428,-0.722036421298981
-0.612264573574066,0.169564947485924,1.27491724491119,-0.0344842970371246,0.0387095510959625,-0.688820421695709,-0.723075985908508
-0.612374365329742,0.16873887181282,1.27480566501617,-0.0329643078148365,0.0391013585031032,-0.688046634197235,-0.723862111568451
-0.612615823745728,0.16791196167469,1.27482581138611,-0.0325192250311374,0.0392698086798191,-0.687268376350403,-0.72461199760437
-0.612800478935242,0.167098253965378,1.27472472190857,-0.0315622389316558,0.0406836457550525,-0.686599731445312,-0.725209951400757
-0.612981915473938,0.166359439492226,1.27455615997314,-0.030104661360383,0.0411849804222583,-0.686388492584229,-0.725443661212921
-0.612981915473938,0.166359439492226,1.27455615997314,-0.030104661360383,0.0411849804222583,-0.686388492584229,-0.725443661212921
-0.613570153713226,0.164798334240913,1.27426564693451,-0.0287992320954799,0.0412857420742511,-0.686141192913055,-0.725724816322327
-0.613753914833069,0.163934752345085,1.27435207366943,-0.027980113402009,0.0428981073200702,-0.685795783996582,-0.725989758968353
-0.614036321640015,0.16307906806469,1.27409505844116,-0.0274180248379707,0.0429335534572601,-0.685866594314575,-0.725942134857178
-0.613587379455566,0.162457704544067,1.27416062355042,-0.025031192228198,0.0451745800673961,-0.684698522090912,-0.726994276046753
-0.613827884197235,0.161655247211456,1.27411162853241,-0.023513376712799,0.0434210933744907,-0.686864495277405,-0.725106120109558
-0.614674031734467,0.160657912492752,1.27402448654175,-0.0249326527118682,0.0446856394410133,-0.686364829540253,-0.725454986095428
-0.614748179912567,0.160030856728554,1.27397537231445,-0.0247293598949909,0.0461272560060024,-0.685991883277893,-0.725724518299103
-0.614388465881348,0.159188315272331,1.27350461483002,-0.0228623040020465,0.0474108532071113,-0.685730814933777,-0.725949585437775
-0.614565312862396,0.158497661352158,1.27345490455627,-0.0216057859361171,0.0476504601538181,-0.68600606918335,-0.725712239742279
-0.614825427532196,0.157451078295708,1.27332448959351,-0.0206157453358173,0.0473848395049572,-0.686004519462585,-0.725759923458099
-0.614968538284302,0.156790569424629,1.27331948280334,-0.0196006391197443,0.0481022447347641,-0.68651020526886,-0.725262522697449
-0.615803599357605,0.155713900923729,1.27307868003845,-0.0195569396018981,0.0471778810024261,-0.687439262866974,-0.724444091320038
-0.616109013557434,0.154784351587296,1.27287399768829,-0.0183920376002788,0.0469070151448249,-0.688097655773163,-0.723866701126099
-0.61614054441452,0.154144167900085,1.27300322055817,-0.0178621672093868,0.0483614616096019,-0.687636137008667,-0.724222779273987
-0.616207659244537,0.153430193662643,1.27330136299133,-0.017792796716094,0.04972505569458,-0.687567591667175,-0.724197208881378
-0.616207659244537,0.153430193662643,1.27330136299133,-0.017792796716094,0.04972505569458,-0.687567591667175,-0.724197208881378
-0.616764843463898,0.151529520750046,1.27313661575317,-0.0154944024980068,0.0497950613498687,-0.687625646591187,-0.724190175533295
-0.616367936134338,0.15095342695713,1.27303075790405,-0.0140143176540732,0.0519243627786636,-0.686953008174896,-0.72470897436142
-0.617147207260132,0.150006204843521,1.2729172706604,-0.0150687880814075,0.0514099486172199,-0.687338411808014,-0.724358975887299
-0.616636693477631,0.149364367127418,1.27236521244049,-0.0131637556478381,0.053252425044775,-0.686700224876404,-0.72486811876297
-0.617066204547882,0.148138076066971,1.27212905883789,-0.0114564597606658,0.0522440858185291,-0.687521457672119,-0.724191784858704
-0.617205381393433,0.147550284862518,1.2721905708313,-0.0117188524454832,0.0533069334924221,-0.687150478363037,-0.72446209192276
-0.617420017719269,0.146736830472946,1.27209234237671,-0.0113093312829732,0.0541527718305587,-0.686831295490265,-0.724708497524261
-0.617490649223328,0.146153584122658,1.27197551727295,-0.0137353222817182,0.0570569895207881,-0.683092534542084,-0.727970123291016
-0.618058085441589,0.144793450832367,1.27175736427307,-0.0102771604433655,0.0537335500121116,-0.687606453895569,-0.724019765853882
-0.618422746658325,0.143847644329071,1.27289843559265,-0.0096873305737972,0.052951481193304,-0.687781155109406,-0.72391951084137
-0.619045853614807,0.143109649419784,1.27280080318451,-0.0134218642488121,0.0556426420807838,-0.684627175331116,-0.726642549037933
-0.619366705417633,0.142328694462776,1.2726263999939,-0.0141618391498923,0.0571693442761898,-0.684200286865234,-0.726912081241608
-0.619564950466156,0.141537189483642,1.27211260795593,-0.0133049925789237,0.0564275793731212,-0.684983253479004,-0.726248502731323
-0.619467079639435,0.140462324023247,1.27130031585693,-0.0100056938827037,0.0547916032373905,-0.689007759094238,-0.722610592842102
-0.619467079639435,0.140462324023247,1.27130031585693,-0.0100056938827037,0.0547916032373905,-0.689007759094238,-0.722610592842102
-0.620003581047058,0.13889616727829,1.27124190330505,-0.0105697987601161,0.0558438524603843,-0.689192235469818,-0.722346127033234
-0.621005177497864,0.137609392404556,1.27198588848114,-0.0113717094063758,0.0537562370300293,-0.690369486808777,-0.721367418766022
-0.621251821517944,0.136745557188988,1.27149498462677,-0.0110664376989007,0.0538927055895328,-0.691708385944366,-0.72007828950882
-0.621325612068176,0.136250704526901,1.27167749404907,-0.0143620409071445,0.0575513951480388,-0.687956929206848,-0.723323404788971
-0.621172428131104,0.135297507047653,1.27232778072357,-0.0111907878890633,0.0563302896916866,-0.69117271900177,-0.720404088497162
-0.62171596288681,0.134642466902733,1.2711193561554,-0.0137407947331666,0.0566902793943882,-0.689489543437958,-0.721942961215973
-0.622166991233826,0.133525893092155,1.27095568180084,-0.0132814729586243,0.0553700849413871,-0.693413853645325,-0.718286216259003
-0.622401416301727,0.132615029811859,1.2709321975708,-0.0135253025218844,0.0558958947658538,-0.693580448627472,-0.71807998418808
-0.622528970241547,0.13174843788147,1.27083694934845,-0.013622879050672,0.0560265593230724,-0.693979740142822,-0.717682063579559
-0.622429609298706,0.131234243512154,1.27047348022461,-0.0160493422299623,0.0584984198212623,-0.690919399261475,-0.720382332801819
-0.622822165489197,0.130159676074982,1.27036118507385,-0.0161788146942853,0.0579828731715679,-0.691550850868225,-0.719815075397491
-0.623139381408691,0.129130452871323,1.27031433582306,-0.0167596209794282,0.0570999346673488,-0.693449735641479,-0.718043386936188
-0.623175024986267,0.128318682312965,1.27007102966309,-0.0173030234873294,0.0578220561146736,-0.694065392017365,-0.717377483844757
-0.62332957983017,0.127376586198807,1.26998710632324,-0.0176341515034437,0.0578918009996414,-0.69436126947403,-0.717077314853668
-0.623508810997009,0.126348719000816,1.26998448371887,-0.016884047538042,0.057368203997612,-0.69493156671524,-0.716584980487823
-0.623662233352661,0.125432416796684,1.26981544494629,-0.0181848518550395,0.0574223473668098,-0.695362389087677,-0.71613073348999
-0.623353242874146,0.124419718980789,1.26971626281738,-0.0178354959934949,0.0595044530928134,-0.69331568479538,-0.717951655387878
-0.623417675495148,0.123597905039787,1.26947844028473,-0.0175680760294199,0.0585566386580467,-0.694950520992279,-0.716453850269318
-0.623417675495148,0.123597905039787,1.26947844028473,-0.0175680760294199,0.0585566386580467,-0.694950520992279,-0.716453850269318
-0.624101042747498,0.121616877615452,1.26896953582764,-0.0200367923825979,0.0576728731393814,-0.695294141769409,-0.716127514839172
-0.624248683452606,0.120596587657928,1.26867938041687,-0.0202816501259803,0.0564064718782901,-0.698266386985779,-0.713323891162872
-0.623769521713257,0.119731292128563,1.26866722106934,-0.0196135379374027,0.0573809333145618,-0.698316633701324,-0.71321576833725
-0.623934864997864,0.118747271597385,1.26831758022308,-0.0194865688681602,0.0568162612617015,-0.699138820171356,-0.712458550930023
-0.624422430992126,0.117755547165871,1.26792943477631,-0.0215309597551822,0.0558557622134685,-0.700267553329468,-0.711366176605225
-0.624613046646118,0.11668024212122,1.26767539978027,-0.0221791863441467,0.0550607144832611,-0.701321423053741,-0.710369408130646
-0.62420254945755,0.115906655788422,1.26757991313934,-0.0214529782533645,0.0556964389979839,-0.701941549777985,-0.709729373455048
-0.624765038490295,0.114667296409607,1.26710689067841,-0.0226586069911718,0.0535704456269741,-0.703728973865509,-0.708083689212799
-0.62478905916214,0.113928645849228,1.26685690879822,-0.0245959311723709,0.0544682778418064,-0.703174114227295,-0.708501577377319
-0.624963521957397,0.112774409353733,1.26671636104584,-0.0242341943085193,0.0529112294316291,-0.705853521823883,-0.705963134765625
-0.625497579574585,0.111746989190578,1.26556408405304,0.0263316053897142,-0.0512896068394184,0.708455681800842,0.703396320343018
-0.625325322151184,0.111008957028389,1.26627707481384,0.0263019278645515,-0.0513853095471859,0.709028840065002,0.702812910079956
-0.624693036079407,0.11031112074852,1.26605725288391,0.0267274286597967,-0.054217018187046,0.707711338996887,0.703911125659943
-0.625511407852173,0.10935865342617,1.2658793926239,0.0300741475075483,-0.0519396178424358,0.710978090763092,0.700648248195648
-0.625569522380829,0.108411766588688,1.26564645767212,0.0297240726649761,-0.0502577349543571,0.712556540966034,0.699180781841278
-0.625696063041687,0.107454799115658,1.26554203033447,0.0299243386834859,-0.0496016629040241,0.714906394481659,0.696816325187683
-0.625966548919678,0.106502883136272,1.26530277729034,0.0308131109923124,-0.0474349781870842,0.717186570167542,0.694581806659698
-0.626122117042542,0.105639174580574,1.26514112949371,0.0322702303528785,-0.0460516102612018,0.71888655424118,0.692849218845367
-0.626541674137115,0.104831278324127,1.26524519920349,0.0339926555752754,-0.0448977760970592,0.720569550991058,0.691091954708099
-0.626055240631104,0.104044623672962,1.26522529125214,0.0333782397210598,-0.0446639060974121,0.72135055065155,0.690321981906891
-0.62620085477829,0.103315100073814,1.26544940471649,0.0345529094338417,-0.0441080890595912,0.723156869411469,0.688407421112061
-0.626224458217621,0.102486938238144,1.26508462429047,0.0358290150761604,-0.0440342687070369,0.723797023296356,0.68767374753952
-0.62629508972168,0.101742252707481,1.26528704166412,0.0371109284460544,-0.0430919267237186,0.725175082683563,0.686212062835693
-0.626290678977966,0.101106815040112,1.26521730422974,0.0382176302373409,-0.0435488186776638,0.726671993732452,0.684536933898926
-0.62646073102951,0.100206151604652,1.26512825489044,0.0399813316762447,-0.0440063998103141,0.72857540845871,0.682380199432373
-0.627386748790741,0.0989066883921623,1.26473736763,0.0407450757920742,-0.0392483584582805,0.733441174030304,0.67739462852478
-0.627548158168793,0.0983469113707542,1.26463532447815,0.041574228554964,-0.0367299653589725,0.735264599323273,0.675506174564362
-0.627610564231873,0.0978400707244873,1.26470839977264,0.0424400977790355,-0.0364484600722789,0.737702131271362,0.672804594039917
-0.627684354782104,0.0973214656114578,1.26468026638031,0.0452100336551666,-0.0371160358190536,0.737640202045441,0.672655522823334
-0.627776443958282,0.0966007933020591,1.26462543010712,0.0455983430147171,-0.0352420359849929,0.740467548370361,0.669616878032684
-0.628126800060272,0.0957229062914848,1.26447153091431,0.0462079346179962,-0.0336993634700775,0.742014646530151,0.66793966293335
-0.628170669078827,0.095303289592266,1.2644579410553,0.0477002672851085,-0.0333017073571682,0.744390368461609,0.665205776691437
-0.628308355808258,0.094722606241703,1.26444494724274,0.0486475005745887,-0.0328029952943325,0.745918035507202,0.66344827413559
-0.628557801246643,0.0940719619393348,1.26444435119629,0.0495857112109661,-0.0313522033393383,0.747699558734894,0.661440789699554
-0.628723859786987,0.0934906154870987,1.26440644264221,0.050598744302988,-0.0302518270909786,0.749462246894836,0.659417271614075
-0.628908216953278,0.0929541140794754,1.26439166069031,0.0516976378858089,-0.0295203458517789,0.751142799854279,0.657449960708618
-0.629180073738098,0.0922859907150268,1.26425468921661,0.05262953042984,-0.0278798583894968,0.752975583076477,0.655347883701324
-0.629320025444031,0.0916933268308639,1.26416540145874,0.0532362125813961,-0.0274092964828014,0.754751324653625,0.653272569179535
-0.629564583301544,0.0911198556423187,1.26400458812714,0.0552273243665695,-0.0268910787999629,0.756520986557007,0.651078164577484
-0.629619538784027,0.0905210822820663,1.26393008232117,0.0548715703189373,-0.0247841347008943,0.758350908756256,0.649059951305389
-0.62977010011673,0.0900958627462387,1.26389122009277,0.0560054294764995,-0.0239203013479709,0.759880363941193,0.647204160690308
-0.629908740520477,0.0896537899971008,1.26397001743317,0.056741677224636,-0.0234514139592647,0.761388599872589,0.645381987094879
-0.630011856555939,0.0892097353935241,1.2639491558075,0.0577021799981594,-0.0218623243272304,0.763144850730896,0.64327484369278
-0.630074143409729,0.0888491794466972,1.26373243331909,0.0583644956350326,-0.0212397184222936,0.765072047710419,0.640942454338074
-0.63012033700943,0.088373951613903,1.26353585720062,0.0598787143826484,-0.021018847823143,0.766650259494781,0.638921141624451
-0.630289554595947,0.0878857523202896,1.26337420940399,0.0606311336159706,-0.0198327265679836,0.768309712409973,0.636891543865204
-0.63039231300354,0.0875660181045532,1.26329731941223,0.0619747601449489,-0.0179569963365793,0.769710779190063,0.635123550891876
-0.630631148815155,0.0870643332600593,1.26320147514343,0.0631703585386276,-0.0191235914826393,0.770854473114014,0.633582890033722
-0.630732774734497,0.0868433192372322,1.26320374011993,0.0634109452366828,-0.0171703640371561,0.772621929645538,0.631458342075348
-0.630769848823547,0.0864674597978591,1.26295554637909,0.0638201981782913,-0.0160989630967378,0.774277031421661,0.629414677619934
-0.630769848823547,0.0864674597978591,1.26295554637909,0.0638201981782913,-0.0160989630967378,0.774277031421661,0.629414677619934
-0.631499111652374,0.0856366455554962,1.26260578632355,0.066884845495224,-0.0142534719780087,0.776732623577118,0.626106798648834
-0.631527483463287,0.0852372199296951,1.26241886615753,0.0672293528914451,-0.0130916219204664,0.77841180562973,0.624006450176239
-0.631624042987823,0.0849829837679863,1.26221680641174,0.0677674040198326,-0.0121741741895675,0.780206620693207,0.621721148490906
-0.631591260433197,0.0848586559295654,1.26203489303589,0.0686429068446159,-0.0119976354762911,0.781611859798431,0.619860649108887
-0.631581425666809,0.0847697854042053,1.26189398765564,0.065207153558731,-0.0090163210406899,0.784285962581635,0.616897404193878
-0.631581425666809,0.0847697854042053,1.26189398765564,0.065207153558731,-0.0090163210406899,0.784285962581635,0.616897404193878
-0.631610214710236,0.0844310373067855,1.26164698600769,0.0663858279585838,-0.0086663756519556,0.786594271659851,0.613829910755157
-0.631593286991119,0.0843118280172348,1.26161015033722,0.0671000182628631,-0.0082042543217539,0.787948906421661,0.612018704414368
-0.631615817546844,0.0841581001877784,1.26155495643616,0.0673534646630287,-0.0076094614341855,0.789244949817657,0.610326111316681
-0.631725013256073,0.0840010344982147,1.26148152351379,0.0679290369153022,-0.006698572076857,0.790509343147278,0.608634412288666
-0.63182669878006,0.0839809700846672,1.26156103610992,0.068659633398056,-0.0060782176442444,0.791814684867859,0.606859564781189
-0.631835699081421,0.0839515477418899,1.26167511940002,0.0691223964095115,-0.0054948073811829,0.793160378932953,0.605052351951599
-0.631795406341553,0.0840022563934326,1.26169061660767,0.0698881447315216,-0.0049348636530339,0.794272303581238,0.603508830070496
-0.631774365901947,0.0840378999710083,1.26176428794861,0.0701587051153183,-0.0044565242715179,0.795476615428925,0.60189288854599
-0.631745994091034,0.0841613933444023,1.26188397407532,0.0705618411302566,-0.0047537693753838,0.796579658985138,0.600382626056671
-0.631637811660767,0.0842851623892784,1.26174366474152,0.0709214434027671,-0.0042378650978207,0.797737300395966,0.598804950714111
-0.631612479686737,0.0844329521059989,1.26182627677917,0.0712320283055305,-0.0039886496961116,0.798728883266449,0.597446322441101
-0.631661772727966,0.0845158323645591,1.26184368133545,0.071227952837944,-0.0022408075165003,0.799453437328339,0.596486449241638
-0.631612777709961,0.0847393870353698,1.26191520690918,0.0715077519416809,-0.0020990022458136,0.80018937587738,0.595465481281281
-0.631547272205353,0.0849623084068298,1.26213324069977,0.0720680356025695,-0.0031488412059843,0.800889015197754,0.59445196390152
-0.631470322608948,0.0852713584899902,1.26214182376862,0.0723497718572616,-0.0030313516035676,0.801565825939178,0.593505263328552
-0.631486773490906,0.0855456069111824,1.26225018501282,0.0726834461092948,-0.0026206863112747,0.802056014537811,0.592803955078125
-0.631536245346069,0.0858488380908966,1.26238691806793,0.0731473714113235,-0.0021850003395229,0.802454710006714,0.592208743095398
-0.631604492664337,0.0861384645104408,1.26246094703674,0.0734436213970184,-0.0016309599159285,0.802645027637482,0.591915726661682
-0.631546437740326,0.0866172984242439,1.26244616508484,0.0737892314791679,-0.0015601065242663,0.803115367889404,0.591234862804413
-0.631546437740326,0.0866172984242439,1.26244616508484,0.0737892314791679,-0.0015601065242663,0.803115367889404,0.591234862804413
-0.631431698799133,0.0872502103447914,1.26250648498535,0.0759753733873367,-0.0016819252632558,0.80365526676178,0.590222954750061
-0.631547808647156,0.0877497419714927,1.26247501373291,0.0737205818295478,-0.0001811283291317,0.803619563579559,0.590559720993042
-0.63167530298233,0.0881597474217414,1.26255679130554,0.07400494068861,0.0002364250540267,0.803633630275726,0.590505123138428
-0.63170450925827,0.0886506289243698,1.26253318786621,0.0740642845630645,0.0007995197083801,0.80370169878006,0.590404570102692
-0.631507158279419,0.0891082137823104,1.26238536834717,0.0761398524045944,-0.0005524073494598,0.803432106971741,0.590507686138153
-0.631344199180603,0.0899227708578109,1.2622674703598,0.0757585689425468,-0.0008567423792555,0.8030806183815,0.591034233570099
-0.631319463253021,0.0905101001262664,1.26214289665222,0.0756265521049499,-0.0004116307827644,0.802909255027771,0.591284334659576
-0.631459832191467,0.0910723358392715,1.26218163967133,0.0757146924734115,-9.77258459897712e-05,0.802326619625092,0.592063784599304
-0.631731271743774,0.0915165320038795,1.26209723949432,0.0756651982665062,0.0003815499949268,0.801569581031799,0.593094289302826
-0.632165789604187,0.0920741781592369,1.26230084896088,0.0766189768910408,0.001984333852306,0.801495432853699,0.593068897724152
-0.632033169269562,0.0929481610655784,1.26215291023254,0.0761595740914344,0.001223751460202,0.801121413707733,0.593635320663452
-0.63239061832428,0.0938626527786254,1.26217710971832,0.073404885828495,0.0024497080594301,0.800931692123413,0.594234108924866
-0.632182598114014,0.0944426730275154,1.26214408874512,0.0749672576785087,0.0019437184091657,0.800489068031311,0.594637334346771
-0.632327795028687,0.0952144637703895,1.26210141181946,0.0751192942261695,0.0019533189479261,0.799390554428101,0.596093893051147
-0.632495999336243,0.0962188839912414,1.26201510429382,0.0710835680365562,0.005246311891824,0.798865377902985,0.597271919250488
-0.632962882518768,0.0971007719635963,1.26211512088776,0.0719435438513755,0.0033986445050686,0.798232674598694,0.598027765750885
-0.633006632328033,0.0980218723416328,1.26207745075226,0.0713299289345741,0.0053908694535493,0.797669947147369,0.59883713722229
-0.633183658123016,0.0990718156099319,1.26209092140198,0.0710919350385665,0.0066396915353834,0.796886682510376,0.599894642829895
-0.633348405361176,0.100119143724442,1.26216626167297,0.0708012208342552,0.0064601977355778,0.79610937833786,0.600962042808533
-0.633541643619537,0.101312853395939,1.26210284233093,0.0708881169557571,0.0040203477256,0.79530942440033,0.602031350135803
-0.633932054042816,0.102410346269608,1.26214873790741,0.0703769922256469,0.0032781229820102,0.795037806034088,0.602454304695129
-0.634081304073334,0.103632964193821,1.26222324371338,0.0703170225024223,0.0039815548807382,0.793689668178558,0.60423219203949
-0.634465217590332,0.10483942180872,1.26236057281494,0.0707110539078712,0.0037194015458226,0.792988002300262,0.605108320713043
-0.634822964668274,0.106086142361164,1.26236057281494,0.0698607861995697,0.0029815395828336,0.79222559928894,0.60620903968811
-0.634877264499664,0.107362806797028,1.26227378845215,0.0692517980933189,0.0028319263365119,0.792032778263092,0.606531322002411
-0.635233521461487,0.108689852058887,1.26232099533081,0.0690504685044288,0.0021360605023801,0.790578067302704,0.608451843261719
-0.635243952274323,0.109971448779106,1.262540102005,0.0720351338386535,-1.67126127053052e-05,0.790079414844513,0.608757376670837
-0.635601103305817,0.111207515001297,1.26265251636505,0.0721966922283172,0.0003363991563674,0.788398087024689,0.61091411113739
-0.635751903057098,0.112783819437027,1.26274716854095,0.0716571360826492,-0.0005965465097688,0.788341701030731,0.611050128936768
-0.636424601078033,0.114271014928818,1.26291906833649,0.0684184953570365,0.0014155138051137,0.787923455238342,0.611958801746368
-0.636436700820923,0.115581028163433,1.26313877105713,0.0716586783528328,-0.0005512687494046,0.786791741847992,0.613044559955597
-0.636746168136597,0.116980135440826,1.26326441764832,0.0713480561971664,-0.0003840687568299,0.786462962627411,0.613502502441406
-0.636982023715973,0.118728011846542,1.26372516155243,0.0716686695814132,-0.0011289496906101,0.785827100276947,0.614278435707092
-0.637201130390167,0.120219796895981,1.26394104957581,0.0709777027368545,-0.0016785283805802,0.785348236560822,0.614969730377197
-0.637629628181458,0.121646404266357,1.26435887813568,0.0713418871164321,-0.0014205363113433,0.784829556941986,0.615590035915375
-0.637869298458099,0.123098388314247,1.26464295387268,0.070994421839714,-0.0010355026461184,0.784501671791077,0.616048574447632
-0.638297855854034,0.124682255089283,1.26491916179657,0.0710357204079628,-0.0010143641848117,0.784248352050781,0.616366267204285
-0.638410210609436,0.12623031437397,1.26530277729034,0.0706669613718986,-0.0010056459577754,0.783929228782654,0.616814494132996
-0.638846874237061,0.127748653292656,1.26559257507324,0.0703683942556381,-0.0008251601830124,0.78360378742218,0.617262303829193
-0.63893735408783,0.129276245832443,1.26592147350311,0.0700529441237449,-0.0008465475984849,0.783360481262207,0.61760687828064
-0.6390740275383,0.130978435277939,1.26585817337036,0.0695421174168586,-0.0015632570721209,0.783011615276337,0.618105530738831
-0.639653325080872,0.132403388619423,1.26648163795471,0.0696538463234901,-0.0003632706939242,0.783466219902039,0.617518424987793
-0.63997745513916,0.133930847048759,1.26659572124481,0.0697558969259262,0.000319701823173,0.782667756080627,0.618518650531769
-0.64026415348053,0.135452210903168,1.26652884483337,0.0691544562578201,9.91354318102822e-05,0.7828768491745,0.618321537971497
-0.640475153923035,0.137079566717148,1.26686537265778,0.0689072683453559,0.0003414083330426,0.782924711704254,0.618288397789001
-0.640723526477814,0.13870994746685,1.26678574085236,0.0684573650360107,0.0007135168998502,0.782710134983063,0.618609607219696
-0.641005158424377,0.140222236514091,1.26703894138336,0.0684060007333755,0.000923333747778,0.782457888126373,0.618934273719788
-0.641304910182953,0.141907289624214,1.26708459854126,0.0681698471307754,0.0013775924453511,0.78260999917984,0.618767082691193
-0.64151930809021,0.143584564328194,1.26713395118713,0.0671927854418754,0.0022566507104784,0.782159686088562,0.619440317153931
-0.641989529132843,0.145009279251099,1.2673122882843,0.067951962351799,0.002607942558825,0.782171070575714,0.619341731071472
-0.642239630222321,0.146700099110603,1.26742839813232,0.0673794895410537,0.0031270345207303,0.782332718372345,0.619197607040405
-0.642490267753601,0.148441508412361,1.26745009422302,0.0669436827301979,0.0034988382831215,0.782314121723175,0.6192666888237
-0.642762660980225,0.150194868445396,1.26753199100494,0.0676631852984428,0.0034525303635746,0.782222032546997,0.619304835796356
-0.643210709095001,0.151644185185432,1.2677948474884,0.0665529295802116,0.0056212353520095,0.782088696956635,0.619577646255493
-0.643210709095001,0.151644185185432,1.2677948474884,0.0665529295802116,0.0056212353520095,0.782088696956635,0.619577646255493
-0.643957376480103,0.155110538005829,1.26834356784821,0.0669996067881584,0.0058879381977021,0.781714618206024,0.61999899148941
-0.644374310970306,0.156794399023056,1.26850724220276,0.0672094151377677,0.006950621958822,0.781960964202881,0.619654476642609
-0.64495438337326,0.15837262570858,1.26890873908997,0.0689361169934272,0.0060864160768687,0.781383752822876,0.620201826095581
-0.64545339345932,0.159996867179871,1.26915657520294,0.0682715475559234,0.0082385726273059,0.781360328197479,0.620279967784882
-0.64602655172348,0.161650091409683,1.26956903934479,0.0698316842317581,0.0078737391158938,0.781136095523834,0.620393514633179
-0.646368682384491,0.163508847355843,1.26984477043152,0.0692508369684219,0.0090930936858057,0.781067073345184,0.620528757572174
-0.646811664104462,0.165093615651131,1.27025437355042,0.0699408426880836,0.0087597100064158,0.78087055683136,0.620703458786011
-0.647253632545471,0.16684091091156,1.27041077613831,0.0704240202903747,0.0089364647865295,0.780369162559509,0.621276497840881
-0.64774876832962,0.168606206774712,1.27074813842773,0.069408543407917,0.010886144824326,0.781157910823822,0.62036794424057
-0.648323833942413,0.170283481478691,1.27082979679108,0.0702279061079025,0.0109798526391386,0.780121028423309,0.621577560901642
-0.648703217506409,0.172152474522591,1.27102315425873,0.070506602525711,0.0103377979248762,0.780010402202606,0.621695935726166
-0.649430751800537,0.173672258853912,1.27122092247009,0.0710797682404518,0.0112720802426338,0.779993295669556,0.621635854244232
-0.649430751800537,0.173672258853912,1.27122092247009,0.0710797682404518,0.0112720802426338,0.779993295669556,0.621635854244232
-0.650196492671967,0.177344620227814,1.27151226997375,0.071449801325798,0.0112532898783683,0.779559075832367,0.622138321399689
-0.650757074356079,0.178945019841194,1.27177917957306,0.0726804286241531,0.0096581745892763,0.778359830379486,0.623522579669952
-0.651238560676575,0.180757969617844,1.27190685272217,0.0723382979631424,0.0118097122758626,0.778560638427734,0.623274683952332
-0.651691198348999,0.182590663433075,1.27201521396637,0.0721302777528762,0.0118851149454712,0.777944684028625,0.624065935611725
-0.652121007442474,0.18427973985672,1.27211809158325,0.0714963898062706,0.0121619654819369,0.777419447898865,0.624787509441376
-0.652600705623627,0.185970902442932,1.27232313156128,0.0721639767289161,0.010552073828876,0.777995526790619,0.624022424221039
-0.652978718280792,0.187836781144142,1.27254438400269,0.0715886652469635,0.0119278160855174,0.776834309101105,0.625508844852448
-0.653490424156189,0.189605414867401,1.27275395393372,0.0717982947826385,0.0118976803496479,0.776087403297424,0.626411974430084
-0.65373557806015,0.191410467028618,1.27293395996094,0.0704256370663642,0.0122273787856101,0.776804089546204,0.625672698020935
-0.654071509838104,0.19331294298172,1.27315616607666,0.0712154060602188,0.0109764449298381,0.775346755981445,0.627411603927612
-0.654537439346313,0.195050477981567,1.27322483062744,0.0711394399404525,0.0112927788868546,0.774954676628113,0.627898812294006
-0.655037462711334,0.196649640798569,1.2733029127121,0.0698457062244415,0.0121732344850897,0.774974882602692,0.628002643585205
-0.655415236949921,0.198494747281074,1.27308988571167,0.0709814801812172,0.0112291453406214,0.773897588253021,0.629220187664032
-0.655752956867218,0.200228944420814,1.27357184886932,0.0705061927437782,0.009841613471508,0.774129033088684,0.629012167453766
-0.656073987483978,0.202005639672279,1.27396714687347,0.0699494555592536,0.0097413677722215,0.773541986942291,0.62979781627655
-0.656485199928284,0.203834816813469,1.27393960952759,0.0697265788912773,0.010927147231996,0.772409617900848,0.631191194057465
-0.656868398189545,0.205542623996735,1.27407538890839,0.0689022839069366,0.0115104457363486,0.772177755832672,0.631554841995239
-0.657119452953339,0.207486107945442,1.27404999732971,0.0688930973410606,0.0107575114816427,0.772119641304016,0.631640255451202
-0.657546818256378,0.209194645285606,1.27415537834167,0.0681689903140068,0.0110673150047659,0.771497368812561,0.632473170757294
-0.657916665077209,0.211068660020828,1.27411615848541,0.0683296918869018,0.0108426585793495,0.770789206027985,0.633322536945343
-0.658362686634064,0.212899193167686,1.27408826351166,0.0685993134975433,0.0103819230571389,0.769696891307831,0.634628295898438
-0.658535480499268,0.214607045054436,1.27404761314392,0.0686758533120155,0.0081492252647876,0.769193649291992,0.635262429714203
-0.65887326002121,0.21650704741478,1.27404832839966,0.0684406906366348,0.0078478874638676,0.768688976764679,0.635902225971222
-0.659169614315033,0.218469843268394,1.27393019199371,0.0678894743323326,0.00869872700423,0.768359780311584,0.636347949504852
-0.659538388252258,0.220181375741959,1.2738242149353,0.0677413865923881,0.0089008752256631,0.767392754554749,0.637526750564575
-0.659730076789856,0.222096815705299,1.27382695674896,0.0676566511392593,0.00783162843436,0.766770005226135,0.638298690319061
-0.660107374191284,0.223820999264717,1.27373480796814,0.0685087367892265,0.0062971389852464,0.765774309635162,0.639419138431549
-0.660375356674194,0.225778251886368,1.27371549606323,0.0672947466373443,0.0074469712562859,0.765494108200073,0.639870941638947
-0.66072404384613,0.227537110447884,1.27363276481628,0.0676261484622955,0.0072605405002832,0.764525830745697,0.640994787216187
-0.661038279533386,0.229488149285316,1.27350401878357,0.0677651017904281,0.0063440049998462,0.763727068901062,0.641941249370575
-0.661432802677155,0.231255024671555,1.27335846424103,0.0669878497719764,0.0061164633370935,0.76432341337204,0.641315162181854
-0.661432802677155,0.231255024671555,1.27335846424103,0.0669878497719764,0.0061164633370935,0.76432341337204,0.641315162181854
-0.662043809890747,0.235023692250252,1.27298164367676,0.0669255927205085,0.0056681586429476,0.762553095817566,0.643429577350616
-0.662406146526337,0.236805498600006,1.27281057834625,0.0673105716705322,0.0047928737476468,0.76154887676239,0.644584894180298
-0.662624537944794,0.238787889480591,1.27272248268127,0.0669005140662193,0.0040595028549432,0.761727035045624,0.644422113895416
-0.663341701030731,0.240371689200401,1.27259266376495,0.0679609179496765,0.0040831156075,0.760702192783356,0.645520508289337
-0.663602471351624,0.242337375879288,1.27236104011536,0.0671499967575073,0.0040032183751463,0.760029375553131,0.646397769451141
-0.664037466049194,0.244158551096916,1.27222442626953,0.0675294548273086,0.0034062543418258,0.758773803710938,0.647835195064545
-0.664437413215637,0.245759204030037,1.27196907997131,0.0673648715019226,0.0036917147226631,0.757919549942017,0.648850083351135
-0.664718329906464,0.247589632868767,1.27168071269989,0.067099280655384,0.0035181334242224,0.757821619510651,0.648992776870728
-0.665099442005157,0.249334275722504,1.27147483825684,0.066191516816616,0.0035514293704181,0.757325232028961,0.649665057659149
-0.665330171585083,0.251814961433411,1.27118027210236,0.0682341903448104,0.0013545543188229,0.753324151039124,0.654098629951477
-0.665307343006134,0.253781527280807,1.27082109451294,0.0683833658695221,-0.0013511186698451,0.751336872577667,0.656364917755127
-0.666257858276367,0.254887491464615,1.27060437202454,0.0666932538151741,0.0019174327608197,0.754365205764771,0.653055489063263
-0.666287064552307,0.257218807935715,1.270352602005,0.0673976391553878,8.1969570601359e-05,0.75076562166214,0.657121479511261
-0.666307330131531,0.259241074323654,1.2699568271637,0.0669160559773445,-0.000943987397477,0.749724686145782,0.658357203006744
-0.666929543018341,0.260639935731888,1.26961636543274,0.0653767213225364,-0.0006249450962059,0.752068102359772,0.655834674835205
-0.667580127716064,0.262050807476044,1.26932156085968,0.0655377730727195,-0.0002565883041825,0.752104520797729,0.655777215957642
-0.668087124824524,0.263869851827621,1.26941168308258,0.0659560859203338,-0.0003550024994183,0.751039505004883,0.656954646110535
-0.668049991130829,0.265755027532578,1.26867341995239,0.0648399293422699,-0.0015507232164964,0.750240623950958,0.657976090908051
-0.668730020523071,0.267215639352798,1.26878082752228,0.0648500844836235,-0.000565666006878,0.750315427780151,0.65789133310318
-0.668908059597015,0.269261747598648,1.26864874362946,0.0682216361165046,-0.0043669138103723,0.746098220348358,0.662317276000977
-0.669585645198822,0.270552158355713,1.26835370063782,0.0647516325116157,-0.0015802372945472,0.74900209903717,0.659394204616547
-0.66985160112381,0.272182166576385,1.26816177368164,0.0647289231419563,-0.0018831348279491,0.748737633228302,0.659695744514465
-0.670184969902039,0.273871064186096,1.26799535751343,0.0643553063273429,-0.0021258862689137,0.747889399528503,0.660693049430847
-0.670446634292603,0.27548748254776,1.26781034469604,0.0638929829001426,-0.0022870905231684,0.747495472431183,0.661183178424835
-0.670883059501648,0.276937365531921,1.26761877536774,0.0639783069491386,-0.0022607594728469,0.746516585350037,0.662279963493347
-0.671153485774994,0.278631865978241,1.26750135421753,0.0637733787298202,-0.0029162333812564,0.745993554592133,0.662886261940002
-0.671387553215027,0.280247986316681,1.26727688312531,0.0638053864240646,-0.0036446037702262,0.74601811170578,0.662851870059967
-0.671675205230713,0.281641900539398,1.26715397834778,0.0627547577023506,-0.0031229855958372,0.745712161064148,0.663299083709717
-0.671951472759247,0.282923370599747,1.26690006256104,0.0620715133845806,-0.0028526938986033,0.744936227798462,0.664235770702362
-0.671807289123535,0.284946471452713,1.26647639274597,0.0621678344905376,-0.0050853486172854,0.743338584899902,0.666000843048096
-0.67215895652771,0.286182731389999,1.26616215705872,0.0618494190275669,-0.004543824121356,0.742923736572266,0.666497111320496
-0.672735512256622,0.287714183330536,1.26657223701477,0.0625956654548645,-0.0043513160198926,0.742893099784851,0.666462898254395
-0.673012554645538,0.289334237575531,1.26637697219849,0.0633291080594062,-0.0049294088967144,0.742979228496552,0.666293442249298
-0.673269152641296,0.290632575750351,1.26620495319366,0.0623480565845966,-0.0041431062854826,0.742755115032196,0.666641116142273
-0.673545897006989,0.292162328958511,1.26603960990906,0.0628702640533447,-0.004564088769257,0.741869747638702,0.667574644088745
-0.673780620098114,0.293510377407074,1.26590073108673,0.0627629309892654,-0.0046292534098029,0.740934491157532,0.668622195720673
-0.673882305622101,0.294920414686203,1.26582336425781,0.0627656579017639,-0.0049970601685345,0.740366995334625,0.669247627258301
-0.674085974693298,0.296311616897583,1.26572978496552,0.0625292658805847,-0.0051101818680763,0.740612328052521,0.668997406959534
-0.674352526664734,0.297607570886612,1.26560807228088,0.0627065449953079,-0.0047702882438898,0.739618360996246,0.670081913471222
-0.674513399600983,0.298866629600525,1.26528263092041,0.062718890607357,-0.0048233675770461,0.739038467407227,0.670720100402832
-0.674661040306091,0.30028486251831,1.2654869556427,0.0628576055169105,-0.0051423623226583,0.738263964653015,0.671557128429413
-0.674885332584381,0.301621526479721,1.26545596122742,0.0629033222794532,-0.004855100531131,0.737727999687195,0.672143757343292
-0.675103485584259,0.302813231945038,1.26540231704712,0.0631167888641357,-0.0048263226635754,0.737393796443939,0.672490417957306
-0.675274550914764,0.304122805595398,1.26537907123566,0.0628030896186828,-0.004509188234806,0.73703145980835,0.672919154167175
-0.675461828708649,0.30542579293251,1.26538741588593,0.0633200481534004,-0.0046782293356955,0.735812306404114,0.674202501773834
-0.675610065460205,0.306402653455734,1.26532578468323,0.0629136189818382,-0.0039737792685627,0.73510468006134,0.675016462802887
-0.675743103027344,0.307884305715561,1.26545608043671,0.0635088831186294,-0.0041385777294635,0.734328806400299,0.675803899765015
-0.676026105880737,0.309042096138,1.26546096801758,0.0635336712002754,-0.003375458298251,0.733650088310242,0.676542460918427
-0.676125824451447,0.310306042432785,1.26554119586945,0.063525415956974,-0.0034727868624031,0.73307603597641,0.677164733409882
-0.67625617980957,0.311287939548492,1.26557767391205,0.0633485242724418,-0.003178525250405,0.73191910982132,0.678432881832123
-0.676363468170166,0.312761127948761,1.26564884185791,0.063899464905262,-0.0036744766402989,0.730869710445404,0.679509222507477
-0.676467180252075,0.313833624124527,1.26572215557098,0.0640738606452941,-0.0035562540870159,0.730059683322906,0.680363655090332
-0.676605343818665,0.315062254667282,1.26578676700592,0.064383715391159,-0.0035137517843395,0.729458868503571,0.680978894233704
-0.67629212141037,0.316336899995804,1.265469789505,0.0632824748754501,-0.004366208333522,0.728068828582764,0.682563006877899
-0.676918029785156,0.317046523094177,1.26570475101471,0.0640378072857856,-0.0025675166398286,0.727560043334961,0.683043837547302
-0.677034497261047,0.318507701158524,1.26583313941956,0.0648080483078956,-0.0035243786405771,0.726727724075317,0.683852672576904
-0.6770840883255,0.319548338651657,1.26589977741241,0.0645566955208778,-0.0032895202748477,0.725501894950867,0.685177803039551
-0.677313208580017,0.320493817329407,1.26585447788239,0.0642231702804565,-0.0028857120778411,0.724857449531555,0.685892701148987
-0.677324175834656,0.321660190820694,1.26591491699219,0.0641767904162406,-0.0030570845119655,0.724849343299866,0.685904860496521
-0.677324175834656,0.321660190820694,1.26591491699219,0.0641767904162406,-0.0030570845119655,0.724849343299866,0.685904860496521
-0.677587807178497,0.323468685150146,1.26577806472778,0.064058668911457,-0.0020993528887629,0.722567975521088,0.688322424888611
-0.677641212940216,0.324535459280014,1.2657870054245,0.0640588551759719,-0.0023804265074431,0.721579968929291,0.689357161521912
-0.677661180496216,0.325758039951324,1.26588547229767,0.0643704384565353,-0.0029823766089975,0.720752060413361,0.690191328525543
-0.677661180496216,0.325758039951324,1.26588547229767,0.0643704384565353,-0.0029823766089975,0.720752060413361,0.690191328525543
-0.677852809429169,0.327672719955444,1.26579689979553,0.0628996863961219,0.0004330525698605,0.720708847045898,0.690378189086914
-0.6779825091362,0.328420042991638,1.26558756828308,0.0634569376707077,0.0001006074016913,0.72002786397934,0.691037714481354
-0.677958250045776,0.329586714506149,1.265700340271,0.0641565397381782,-0.0011583380401134,0.718779265880585,0.692270994186401
-0.678213179111481,0.330501437187195,1.26557338237762,0.0638643950223922,-0.00198506237939,0.718000411987305,0.693103790283203
-0.677749156951904,0.331575214862823,1.26516759395599,0.0628709942102432,-0.0033127078786492,0.716780185699463,0.69445127248764
-0.677852928638458,0.332242399454117,1.26497495174408,0.0633346885442733,-0.0030801922548562,0.716251194477081,0.694955706596375
-0.67799174785614,0.333322435617447,1.26504468917847,0.0627664774656295,-0.0031958266627043,0.716186285018921,0.695073843002319
-0.678257763385773,0.334066718816757,1.26559448242188,0.0627815350890159,-0.001834511407651,0.71628999710083,0.6949702501297
-0.678209781646729,0.335033476352692,1.26502227783203,0.0630450621247291,-0.0025885896757245,0.715625286102295,0.695628643035889
-0.678459763526917,0.335705429315567,1.26492655277252,0.0618228539824485,-0.001535170013085,0.715933620929718,0.69542407989502
-0.678632020950317,0.336575895547867,1.26490473747253,0.0619652718305587,-0.002009117975831,0.715260148048401,0.696102976799011
-0.678706347942352,0.337315499782562,1.26490795612335,0.0616619735956192,-0.0018388436874374,0.715084612369537,0.696310698986053
-0.67870169878006,0.338130980730057,1.26481342315674,0.061259351670742,-0.0021487097255885,0.715084493160248,0.696345269680023
-0.678799569606781,0.338896930217743,1.2647979259491,0.0613252818584442,-0.0018349142046645,0.714831352233887,0.696600437164307
-0.678755402565002,0.339776247739792,1.26479816436768,0.0625351518392562,-0.0029841596260666,0.71345853805542,0.697895050048828
-0.678755402565002,0.339776247739792,1.26479816436768,0.0625351518392562,-0.0029841596260666,0.71345853805542,0.697895050048828
-0.679110169410706,0.341130942106247,1.26474976539612,0.0607286728918552,-0.0005906691076233,0.714331924915314,0.697166681289673
-0.679196059703827,0.341806650161743,1.26480841636658,0.0606416836380958,-0.0005593230598606,0.713976740837097,0.697538137435913
-0.679839789867401,0.342313051223755,1.26515698432922,0.0615594089031219,-7.01008902979083e-05,0.714173197746277,0.697256743907928
-0.679408252239227,0.342987418174744,1.26472473144531,0.0600291974842548,-0.0008361293585039,0.712993144989014,0.698596298694611
-0.679388105869293,0.343974679708481,1.26495015621185,0.0602706186473369,-0.0015935549745336,0.712483048439026,0.699094355106354
-0.679466962814331,0.34469336271286,1.26493167877197,0.0601192079484462,-0.0016351332888007,0.71172422170639,0.699879705905914
-0.679584205150604,0.345412939786911,1.26494336128235,0.0600043721497058,-0.001368991099298,0.711688816547394,0.699926137924194
-0.680264413356781,0.34581384062767,1.26534175872803,0.060411162674427,0.0003249955479986,0.712451457977295,0.699116110801697
-0.680438995361328,0.346297681331635,1.26524722576141,0.0602074898779392,0.0008010106394067,0.712200045585632,0.699389517307281
-0.680472791194916,0.347132951021194,1.26512575149536,0.0603083409368991,0.0002175304834963,0.711559176445007,0.700033247470856
-0.680624485015869,0.347827851772308,1.26518833637238,0.0599897615611553,0.0004449182306416,0.710916042327881,0.700713574886322
-0.680758357048035,0.348457247018814,1.26522791385651,0.0595854297280311,0.0005840166122652,0.710617184638977,0.701050996780396
-0.680379986763,0.349187165498734,1.26502454280853,0.0583371222019195,-0.0003930635284632,0.709230840206146,0.70255833864212
-0.680368185043335,0.350083649158478,1.26574087142944,0.0585451871156692,-0.0009785888250917,0.708705961704254,0.703069865703583
-0.681045114994049,0.350707173347473,1.26532185077667,0.0597765110433101,-0.0003169158881064,0.709133267402649,0.702535927295685
-0.681072890758514,0.351447522640228,1.2653021812439,0.0593897216022014,-0.0004493276355788,0.708955466747284,0.70274806022644
-0.681141793727875,0.352215617895126,1.26536917686462,0.0591640472412109,-0.0005734385340474,0.708745062351227,0.702979266643524
-0.681329250335693,0.353025883436203,1.26570773124695,0.059271402657032,-0.0005731164128519,0.707879185676575,0.703842103481293
-0.681311726570129,0.353755712509155,1.26542258262634,0.0590213611721992,-0.0013220753753557,0.707946538925171,0.703794419765472
-0.680897772312164,0.354809790849686,1.26517844200134,0.0591086074709892,-0.0031128029804676,0.706545472145081,0.705187916755676
-0.680818557739258,0.355655997991562,1.26542150974274,0.0587449222803115,-0.0025643925182521,0.706319630146027,0.705446779727936
-0.680975735187531,0.356340974569321,1.26519072055817,0.057432435452938,-0.0028897181618958,0.706227958202362,0.705645263195038
-0.681122303009033,0.357030004262924,1.26538896560669,-0.0576913654804229,0.0019727910403162,-0.705655634403229,-0.706199526786804
-0.681699573993683,0.357883304357529,1.26591336727142,0.0599192082881927,-0.0015021665021777,0.706031680107117,0.705639362335205
-0.681662380695343,0.358474254608154,1.26579308509827,-0.0580345354974269,0.0040858499705791,-0.705765843391418,-0.706052303314209
-0.681674003601074,0.359388828277588,1.2661030292511,-0.0592250190675258,0.002147049177438,-0.704943299293518,-0.706783473491669
-0.681152522563934,0.360418558120727,1.26575720310211,-0.0571172945201396,0.0038750297389924,-0.703965902328491,-0.707922756671906
-0.681228220462799,0.361003249883652,1.26557803153992,-0.0567079372704029,0.0024843805003911,-0.704955756664276,-0.706976234912872
-0.681344568729401,0.361678957939148,1.26580321788788,-0.0555217005312442,0.0020077913068234,-0.704496204853058,-0.707529962062836
-0.681344568729401,0.361678957939148,1.26580321788788,-0.0555217005312442,0.0020077913068234,-0.704496204853058,-0.707529962062836
-0.681188344955444,0.363372176885605,1.26582431793213,-0.0563331544399261,0.0027424597647041,-0.703642070293427,-0.708312690258026
-0.681668400764465,0.364001393318176,1.26628530025482,-0.0569244138896465,0.0016945612151175,-0.704211473464966,-0.70770263671875
-0.681747734546661,0.364658981561661,1.26664316654205,-0.0572970211505889,0.0020687454380095,-0.704419255256653,-0.707464575767517
-0.681575000286102,0.365638941526413,1.26683330535889,-0.0575917102396488,0.0030743521638214,-0.703569710254669,-0.708282053470612
-0.681551575660706,0.366178303956985,1.26696801185608,-0.0564223080873489,0.001826788415201,-0.702602028846741,-0.70934009552002
-0.681551575660706,0.366178303956985,1.26696801185608,-0.0564223080873489,0.001826788415201,-0.702602028846741,-0.70934009552002
-0.680826663970947,0.367798924446106,1.26652467250824,-0.0549117550253868,0.0035224701277911,-0.702986717224121,-0.709071278572083
-0.680697917938232,0.368448704481125,1.26670503616333,-0.0547678805887699,0.0039114183746278,-0.702677667140961,-0.709386646747589
-0.680515646934509,0.36917906999588,1.26685833930969,-0.0552528090775013,0.0041305003687739,-0.703141748905182,-0.708887755870819
-0.680420935153961,0.369855642318726,1.26721858978271,-0.0550988838076591,0.0052393125370144,-0.702531039714813,-0.709497511386871
-0.680416226387024,0.370283871889114,1.26742136478424,-0.0531304851174354,0.003020446980372,-0.705253124237061,-0.70695549249649
-0.680354714393616,0.370885014533997,1.26744842529297,-0.0539274588227272,0.0040059410966932,-0.703917622566223,-0.70822012424469
-0.680186867713928,0.371308743953705,1.26750254631042,-0.0524591468274593,0.003293128684163,-0.70429801940918,-0.707955658435822
-0.680220603942871,0.371452331542969,1.26765251159668,0.0499574914574623,-0.001020144787617,0.706632971763611,0.705813646316528
-0.680033504962921,0.372019410133362,1.26780092716217,0.0489594005048275,-0.0031146337278187,0.707164764404297,0.70534473657608
-0.679778218269348,0.372509241104126,1.26793956756592,-0.0492811910808086,0.0056428415700793,-0.705102741718292,-0.707368195056915
-0.679746031761169,0.372727900743484,1.26809549331665,0.04872677475214,-0.0003689178556669,0.707351863384247,0.705180108547211
-0.67951238155365,0.373296022415161,1.26821994781494,0.0487903878092765,-0.0047063948586583,0.706984758377075,0.705528199672699
-0.679466247558594,0.373654156923294,1.26845169067383,0.0482399985194206,-0.004486724268645,0.707181990146637,0.705369710922241
-0.679267406463623,0.373856127262115,1.26849114894867,0.0484040901064872,-0.0011348888510838,0.707488775253296,0.705064237117767
-0.67918998003006,0.374026775360107,1.26859259605408,0.0468011014163494,0.0008335106540471,0.709997296333313,0.702647149562836
-0.679075539112091,0.374491214752197,1.26905834674835,0.0472927652299404,-2.21521931962343e-05,0.709584951400757,0.703030943870544
-0.678911983966827,0.374706387519836,1.26904702186584,0.0470231138169765,-0.0003342765849083,0.709654569625854,0.702978849411011
-0.678848266601562,0.374702990055084,1.2691445350647,0.0453758165240287,0.0022812173701822,0.711537718772888,0.701177477836609
-0.678755819797516,0.374983191490173,1.26912772655487,0.045571893453598,0.0022110876161605,0.712626874446869,0.700058102607727
-0.67876011133194,0.374794006347656,1.2690441608429,0.0430153310298919,0.0004650204791687,0.713519871234894,0.69931298494339
-0.678678572177887,0.375274479389191,1.26900744438171,0.0425426699221134,0.0022826571948826,0.712292551994324,0.700588643550873
-0.678441822528839,0.375481069087982,1.26889753341675,0.0423778407275676,0.0019743111915886,0.712735295295715,0.700148940086365
-0.678390145301819,0.375405520200729,1.26894569396973,0.0409126654267311,0.003496503457427,0.714563548564911,0.698364317417145
-0.67827969789505,0.375397056341171,1.26893663406372,0.040734127163887,0.003915901761502,0.714966893196106,0.697959780693054
-0.678216099739075,0.375353991985321,1.26891565322876,0.0404737181961536,0.0042392974719405,0.715054392814636,0.697883367538452
-0.678127706050873,0.375329196453094,1.26888966560364,0.0402497351169586,0.0044499412178993,0.71545398235321,0.697485148906708
-0.678015053272247,0.375282824039459,1.26888298988342,0.0399611592292785,0.0046292641200125,0.715837955474854,0.697106659412384
-0.678008913993835,0.375044882297516,1.26902389526367,0.0395132973790168,0.0062183537520468,0.716215491294861,0.696732044219971
-0.6779904961586,0.374914050102234,1.26897990703583,0.0393759384751319,0.0066032321192324,0.716692805290222,0.696245133876801
-0.677941560745239,0.374789863824844,1.26895797252655,0.0392464771866798,0.0068698753602802,0.717035412788391,0.695897042751312
-0.677897453308105,0.374651491641998,1.26895868778229,0.0391576141119003,0.0069711888208985,0.717382192611694,0.695543646812439
-0.677696228027344,0.37443882226944,1.26897037029266,0.0432551875710487,0.0043160989880561,0.716221988201141,0.696517467498779
-0.677635312080383,0.374159872531891,1.26902270317078,0.043159332126379,0.0039148484356701,0.716177701950073,0.696571052074432
-0.677578091621399,0.373998939990997,1.26905679702759,0.0430273599922657,0.0046998411417007,0.716793894767761,0.695940494537354
-0.677495062351227,0.37400496006012,1.26917994022369,0.0433240979909896,0.0043130167759954,0.716662585735321,0.696059763431549
-0.677453696727753,0.373626172542572,1.26982223987579,0.042877335101366,0.0043951217085123,0.717458546161652,0.695266544818878
-0.67747837305069,0.37349995970726,1.26928567886353,0.0434171669185161,0.0041137584485113,0.717506885528564,0.695184826850891
-0.677525699138641,0.373017430305481,1.26933884620667,0.0412858538329601,0.0040432033129036,0.719038844108582,0.69373083114624
-0.677479207515717,0.37286564707756,1.26935768127441,0.0418267361819744,0.0042657791636884,0.719476521015167,0.693242907524109
-0.677456259727478,0.372403293848038,1.26923811435699,0.0419600121676921,0.0036498482804745,0.719839692115784,0.692861378192902
-0.677485466003418,0.37202575802803,1.26931035518646,0.0418427810072898,0.0037915601860731,0.720086216926575,0.692611396312714
-0.677482068538666,0.371677756309509,1.2693784236908,0.0417643561959266,0.0031105452217161,0.718883752822876,0.69386750459671
-0.677504360675812,0.37146121263504,1.26964378356934,0.0421536564826965,0.0026991011109203,0.718623518943787,0.694115340709686
-0.67746102809906,0.371107161045074,1.26971626281738,0.0420373901724815,0.0027236544992774,0.718781590461731,0.693958461284637
-0.677456736564636,0.370587766170502,1.2695859670639,0.0418964773416519,0.0027841455303132,0.719020366668701,0.693719446659088
-0.677406907081604,0.370192736387253,1.26967835426331,0.0415447652339935,0.0032958227675408,0.719973087310791,0.692749440670013
-0.677363336086273,0.369788706302643,1.2697274684906,0.0415967255830764,0.0044864430092275,0.721111536026001,0.691554546356201
-0.677382171154022,0.369397222995758,1.26987075805664,0.0409246087074279,0.0045987297780811,0.721457540988922,0.691233038902283
-0.677294909954071,0.36896276473999,1.26997947692871,0.0419318340718746,0.0069343401119112,0.72135603427887,0.691259026527405
-0.677219152450562,0.368563055992126,1.270343542099,0.0408336296677589,0.0038354930002242,0.720645666122437,0.692089378833771
-0.677050828933716,0.368108808994293,1.27045524120331,0.0415464527904987,0.006316777318716,0.721218526363373,0.691431641578674
-0.676831364631653,0.367682576179504,1.2703537940979,0.0423871949315071,0.0036668782122433,0.719583988189697,0.69310075044632
-0.676689803600311,0.367181330919266,1.27050447463989,0.0408930890262126,0.0011283770436421,0.719585955142975,0.6931973695755
-0.676509141921997,0.366727590560913,1.27069318294525,0.0407321751117706,0.0007892836001701,0.718963384628296,0.693852961063385
-0.676491796970367,0.366288989782333,1.27087163925171,0.0403039567172527,0.0015384833095595,0.720314562320709,0.692474007606506
-0.676303863525391,0.365818321704865,1.27096021175385,0.0411792211234569,0.0036682430654764,0.720304131507874,0.692425191402435
-0.676134169101715,0.365374177694321,1.2710542678833,0.0412039943039417,0.003782705636695,0.720013439655304,0.692725598812103
-0.676351010799408,0.364573121070862,1.2717159986496,0.0413639061152935,0.0049455733969807,0.720393478870392,0.692313492298126
-0.675763666629791,0.364413440227508,1.27126252651215,0.041234154254198,0.0025583349633961,0.719138026237488,0.693638026714325
-0.675516068935394,0.364029973745346,1.27133536338806,0.0430699996650218,0.000419853371568,0.717359960079193,0.695370137691498
-0.675435364246368,0.363407373428345,1.27149844169617,0.0423572696745395,-1.16906139737694e-05,0.716738164424896,0.696054875850677
-0.675182104110718,0.362965375185013,1.27176928520203,0.0422124452888965,-0.0005903401761315,0.716219246387482,0.696597397327423
-0.675182104110718,0.362965375185013,1.27176928520203,0.0422124452888965,-0.0005903401761315,0.716219246387482,0.696597397327423
-0.674974203109741,0.361942499876022,1.27174830436707,0.0426712855696678,-0.0014083649730309,0.715671479701996,0.697130858898163
-0.674607455730438,0.361508876085281,1.27187502384186,0.0385015681385993,-0.0008467917796224,0.71599805355072,0.697039246559143
-0.67430967092514,0.360931813716888,1.27188611030579,0.0389421135187149,-0.0014758737524971,0.7156942486763,0.697325646877289
-0.674541771411896,0.359991461038589,1.27243506908417,0.0382402203977108,-0.0001764864573488,0.715653657913208,0.6974076628685
-0.674336612224579,0.359042286872864,1.27241134643555,0.0374684482812881,0.0002805561525747,0.715514242649078,0.697592377662659
-0.674103498458862,0.358388513326645,1.27247738838196,0.0373759642243385,0.0007385159842669,0.715206205844879,0.69791305065155
-0.674108445644379,0.358266204595566,1.2724267244339,0.038934551179409,-0.0002124398743035,0.715015411376953,0.698023617267609
-0.673518300056458,0.357360243797302,1.2727118730545,0.0370959341526031,-0.0002950450289063,0.714998245239258,0.69814145565033
-0.673101007938385,0.356578797101974,1.2727028131485,0.0365944318473339,-0.0005839909426867,0.714451909065247,0.698726713657379
-0.672795295715332,0.355802178382873,1.27281963825226,0.0361811369657516,-0.0005802697851322,0.71446418762207,0.698735654354095
-0.672399163246155,0.355274677276611,1.27303266525269,0.0382810160517692,-0.0032620162237435,0.711894392967224,0.701234996318817
-0.671964049339294,0.354460418224335,1.27307963371277,0.0379463359713554,-0.0039965123869478,0.711236000061035,0.701917111873627
-0.671721696853638,0.353728920221329,1.27321422100067,0.0381210856139659,-0.0044930521398782,0.710602462291718,0.702545940876007
-0.671391606330872,0.352819263935089,1.27308988571167,0.0376239977777004,-0.0049499562010169,0.710604846477509,0.702567100524902
-0.671138346195221,0.352055370807648,1.27345335483551,0.0380409508943557,-0.0056099737994372,0.709396183490753,0.703760206699371
-0.670879602432251,0.351123303174972,1.27334594726562,0.0372654609382152,-0.0071178185753524,0.709685802459717,0.703496038913727
-0.670698165893555,0.350286930799484,1.27379763126373,0.0381553247570991,-0.005477013066411,0.70875757932663,0.704398095607758
-0.670583128929138,0.349294453859329,1.27395963668823,0.0380686111748218,-0.005373453721404,0.708912909030914,0.704247415065765
-0.670377254486084,0.348312526941299,1.27383148670197,0.0382687672972679,-0.0065259733237326,0.708576261997223,0.704565584659576
-0.67026561498642,0.347298502922058,1.27398288249969,0.0385985821485519,-0.0067614479921758,0.707977771759033,0.705146729946136
-0.67000424861908,0.346380561590195,1.27413749694824,0.0385851897299289,-0.007410324178636,0.708133220672607,0.704984903335571
-0.669754028320312,0.345301985740662,1.2743513584137,0.0384372621774673,-0.007197945844382,0.707480549812317,0.705650091171265
-0.669555425643921,0.344321310520172,1.27481758594513,0.0381556265056133,-0.0074704145081341,0.707476913928986,0.705666244029999
-0.669316530227661,0.343305230140686,1.27502632141113,0.0383791737258434,-0.0087723061442375,0.70724493265152,0.705871522426605
-0.669316530227661,0.343305230140686,1.27502632141113,0.0383791737258434,-0.0087723061442375,0.70724493265152,0.705871522426605
