x,y,z,q0,q1,q2,q3
0.559085249900818,-0.113695539534092,1.16457855701447,-0.0869243144989013,-0.0270098745822906,0.547820150852203,-0.831629574298859
0.559062957763672,-0.113665536046028,1.16477811336517,-0.0873955264687538,-0.027855921536684,0.547416687011719,-0.831817984580994
0.559125125408173,-0.113733783364296,1.16476714611053,-0.0875097289681434,-0.0280229989439249,0.547246336936951,-0.831912398338318
0.559280633926392,-0.113856166601181,1.1645519733429,-0.0869373753666877,-0.0275884922593832,0.547398269176483,-0.831887006759644
0.559345960617065,-0.113892287015915,1.16455745697021,-0.0869822055101394,-0.0277045406401157,0.547183930873871,-0.832019448280334
0.559341907501221,-0.113869242370129,1.16474866867065,-0.087450735270977,-0.0284814704209566,0.546858906745911,-0.832157850265503
0.559011220932007,-0.113512180745602,1.16439127922058,-0.0873169153928756,-0.0297671649605035,0.546808242797852,-0.832160174846649
0.559497892856598,-0.114008098840714,1.16473388671875,-0.0874693766236305,-0.0286300349980592,0.546704649925232,-0.832252085208893
0.559524834156036,-0.114060714840889,1.16478002071381,-0.0872024968266487,-0.028562743216753,0.547101855278015,-0.832021355628967
0.559600234031677,-0.114104233682156,1.16477477550507,-0.0871951878070831,-0.0286899153143167,0.546980500221252,-0.832097470760345
0.559776425361633,-0.114169172942638,1.16477417945862,-0.0871304050087928,-0.0285221487283706,0.546913504600525,-0.832154095172882
0.559933602809906,-0.114193297922611,1.16456282138824,-0.0864335820078849,-0.0278904680162668,0.546677231788635,-0.832403421401978
0.559985876083374,-0.11421287804842,1.16460883617401,-0.0865868106484413,-0.0279282126575708,0.546471834182739,-0.832521080970764
0.560119390487671,-0.114271499216556,1.16457891464233,-0.086401343345642,-0.0279413256794214,0.546571910381317,-0.832474231719971
0.560181438922882,-0.114271938800812,1.16462802886963,-0.0864880755543708,-0.0280197728425264,0.546344876289368,-0.832611620426178
0.560305178165436,-0.11431398242712,1.16457867622375,-0.0863266885280609,-0.0281435661017894,0.546340346336365,-0.832627058029175
0.560421109199524,-0.114358529448509,1.16468489170074,-0.0865654051303863,-0.0278251469135284,0.546073257923126,-0.832788228988647
0.560618758201599,-0.114479273557663,1.16461515426636,-0.0870931074023246,-0.0281844176352024,0.546277642250061,-0.832587063312531
0.560618758201599,-0.114479273557663,1.16461515426636,-0.0870931074023246,-0.0281844176352024,0.546277642250061,-0.832587063312531
0.560828685760498,-0.114436998963356,1.1647093296051,-0.0874974951148033,-0.0283003039658069,0.546166241168976,-0.832613825798035
0.56089049577713,-0.114439897239208,1.16470384597778,-0.0876227095723152,-0.0285493433475494,0.546193063259125,-0.832574605941772
0.560990214347839,-0.114480204880237,1.16475927829742,-0.0875456482172012,-0.0284024458378553,0.546149432659149,-0.832616329193115
0.561139941215515,-0.114471681416035,1.16476130485535,-0.0875727608799934,-0.0283822268247604,0.54617178440094,-0.832599401473999
0.561195850372314,-0.114464335143566,1.16475105285645,-0.0877449512481689,-0.0286134555935859,0.546290278434753,-0.832495629787445
0.561257123947144,-0.114473305642605,1.16476345062256,-0.0877913311123848,-0.0286990441381931,0.546415865421295,-0.8324054479599
0.561325550079346,-0.114481285214424,1.16478192806244,-0.0878736227750778,-0.028803477063775,0.546485424041748,-0.832347512245178
0.561360895633698,-0.114497967064381,1.16479587554932,-0.088112786412239,-0.0287924595177173,0.546550512313843,-0.832279860973358
0.561360895633698,-0.114497967064381,1.16479587554932,-0.088112786412239,-0.0287924595177173,0.546550512313843,-0.832279860973358
0.561493515968323,-0.114518642425537,1.16479814052582,-0.0880512967705726,-0.0286275576800107,0.546310067176819,-0.832449853420258
0.561575591564178,-0.114547841250896,1.16489315032959,-0.0876793712377548,-0.0285254940390586,0.546852290630341,-0.832136571407318
0.56167197227478,-0.114550441503525,1.16491591930389,-0.0878189951181411,-0.0286189373582601,0.547015130519867,-0.832011580467224
0.561752140522003,-0.114600941538811,1.16476118564606,-0.0876698195934295,-0.0286547616124153,0.546255707740784,-0.832524836063385
0.561843633651733,-0.114612437784672,1.16476798057556,-0.0877740383148193,-0.0286776181310415,0.546352982521057,-0.832449197769165
0.561934769153595,-0.114621348679066,1.16477704048157,-0.0879155173897743,-0.0287021119147539,0.546409845352173,-0.832396149635315
0.562197864055634,-0.11458034068346,1.16492831707001,-0.0890207663178443,-0.0291585531085729,0.547480344772339,-0.831559002399445
0.562230050563812,-0.114585109055042,1.16497182846069,-0.0884558036923408,-0.0287359580397605,0.547514319419861,-0.831611633300781
0.562405169010162,-0.114578522741795,1.16491198539734,-0.0888225957751274,-0.0287514757364988,0.547077834606171,-0.831859171390533
0.56243371963501,-0.114588975906372,1.16500067710876,-0.0887153074145317,-0.0287092663347721,0.547550439834595,-0.831561148166656
0.562535643577576,-0.114626742899418,1.16499710083008,-0.0889535099267959,-0.0286003090441226,0.547481656074524,-0.831584751605988
0.562638938426971,-0.114643804728985,1.16502678394318,-0.0889494121074676,-0.0286469981074333,0.547432005405426,-0.831616222858429
0.562772274017334,-0.114665098488331,1.16505491733551,-0.0891494005918502,-0.0285466723144054,0.547331154346466,-0.831664681434631
0.562875151634216,-0.114691406488418,1.16508221626282,-0.0892454981803894,-0.0284997895359992,0.547228515148163,-0.83172345161438
0.562977313995361,-0.114707194268703,1.16509521007538,-0.0892958119511604,-0.0284337121993303,0.547114551067352,-0.831795334815979
0.563085615634918,-0.114743232727051,1.16511619091034,-0.089486189186573,-0.0283927675336599,0.546911180019379,-0.831910014152527
0.563157260417938,-0.11477542668581,1.1651451587677,-0.0897181704640388,-0.0283218696713447,0.54675555229187,-0.831989705562592
0.563157260417938,-0.11477542668581,1.1651451587677,-0.0897181704640388,-0.0283218696713447,0.54675555229187,-0.831989705562592
0.563410639762878,-0.114831544458866,1.16523838043213,-0.0906711667776107,-0.0283972565084695,0.546903073787689,-0.831786930561066
0.563430190086365,-0.114867232739925,1.16523241996765,-0.0907019078731536,-0.0280458964407444,0.546200156211853,-0.832257151603699
0.563506364822388,-0.11484532058239,1.16546630859375,-0.0914825648069381,-0.0286957435309886,0.546343743801117,-0.832055330276489
0.563711941242218,-0.114906132221222,1.16531550884247,-0.0908343642950058,-0.0280272383242845,0.54634952545166,-0.832145273685455
0.563737332820892,-0.11495465785265,1.16535031795502,-0.0912838950753212,-0.0277696829289197,0.546089231967926,-0.832275629043579
0.563338816165924,-0.114469900727272,1.16523468494415,-0.0912573933601379,-0.0291720982640981,0.54517263174057,-0.832831263542175
0.563909888267517,-0.115090541541576,1.16547310352325,-0.0917244255542755,-0.0268908143043518,0.54492723941803,-0.833017230033875
0.56402999162674,-0.115116640925407,1.16555166244507,-0.0919665098190307,-0.0268046297132968,0.545111954212189,-0.832872569561005
0.56391841173172,-0.11517795920372,1.1656060218811,-0.0923045724630355,-0.0260974410921335,0.544256746768951,-0.833416700363159
0.563967823982239,-0.115249961614609,1.16564559936523,-0.0926132500171661,-0.0257327351719141,0.543992877006531,-0.833566069602966
0.563996434211731,-0.11527369916439,1.16568160057068,-0.0932429954409599,-0.0255501940846443,0.543951451778412,-0.833528459072113
0.563996434211731,-0.11527369916439,1.16568160057068,-0.0932429954409599,-0.0255501940846443,0.543951451778412,-0.833528459072113
0.564054906368256,-0.115318462252617,1.16575860977173,-0.0941070765256881,-0.0245524570345878,0.543287575244904,-0.8338942527771
0.564090967178345,-0.115310721099377,1.16581583023071,-0.0940712764859199,-0.0242567881941795,0.543292582035065,-0.833903729915619
0.563974857330322,-0.11535570025444,1.16592192649841,-0.0947641432285308,-0.0237717535346746,0.543097138404846,-0.833966553211212
0.563888251781464,-0.115405298769474,1.16598117351532,-0.095385305583477,-0.0231701582670211,0.54317033290863,-0.833864986896515
0.563332676887512,-0.114950463175774,1.16586017608643,-0.0958549305796623,-0.0245939809828996,0.543245315551758,-0.833721458911896
0.563215136528015,-0.115042522549629,1.16603589057922,-0.0958137437701225,-0.0234095621854066,0.543863356113434,-0.833357274532318
0.563214302062988,-0.115053981542587,1.16603851318359,-0.0963648632168769,-0.0227844454348087,0.543705761432648,-0.833413898944855
0.563214302062988,-0.115053981542587,1.16603851318359,-0.0963648632168769,-0.0227844454348087,0.543705761432648,-0.833413898944855
0.563554465770721,-0.115566246211529,1.16631197929382,-0.0963694229722023,-0.0198799651116132,0.5451300740242,-0.832556903362274
0.56352972984314,-0.115783371031284,1.166184425354,-0.0974841564893722,-0.019010180607438,0.544029414653778,-0.833167135715485
0.562944650650024,-0.116089232265949,1.1661616563797,-0.0959373489022255,-0.0181246642023324,0.543994069099426,-0.833389520645142
0.562366664409637,-0.11564526706934,1.16606676578522,-0.0965441390872001,-0.0192008763551712,0.544417679309845,-0.833018660545349
0.5622878074646,-0.115605935454368,1.16613662242889,-0.0964164137840271,-0.0185471083968877,0.545175790786743,-0.832552313804626
0.5622878074646,-0.115605935454368,1.16613662242889,-0.0964164137840271,-0.0185471083968877,0.545175790786743,-0.832552313804626
0.562664151191711,-0.116152077913284,1.16635656356812,-0.0967609733343124,-0.0150996688753366,0.546977460384369,-0.831399381160736
0.563061118125916,-0.115579336881638,1.16662728786469,-0.0971287712454795,-0.0146766370162367,0.549509525299072,-0.829692661762238
0.56301748752594,-0.115624763071537,1.1667263507843,-0.0991015955805778,-0.014159370213747,0.550694346427917,-0.82868218421936
0.56303346157074,-0.115539588034153,1.16674721240997,-0.0985763221979141,-0.0133488625288009,0.552394926548004,-0.827625751495361
0.562922894954681,-0.115639425814152,1.16663718223572,-0.099354363977909,-0.0125166084617376,0.553733766078949,-0.826650440692902
0.562506318092346,-0.114962711930275,1.16645896434784,-0.0987395718693733,-0.0132145602256059,0.554978430271149,-0.825878202915192
0.562440097332001,-0.114866681396961,1.16653227806091,-0.0995825454592704,-0.012342607602477,0.555958569049835,-0.825130939483643
0.562552630901337,-0.11480537801981,1.1663920879364,-0.0992443636059761,-0.0111386962234973,0.558074951171875,-0.823759078979492
0.563060581684113,-0.115194983780384,1.16641616821289,-0.0993378907442092,-0.0085689481347799,0.559965848922729,-0.822494268417358
0.56245231628418,-0.114547275006771,1.16615748405457,-0.0995931252837181,-0.0092362947762012,0.560922801494598,-0.821803867816925
0.562971472740173,-0.114955328404903,1.16625308990479,-0.0991764813661575,-0.0065814242698252,0.562979340553284,-0.820472419261932
0.562846541404724,-0.1148422062397,1.16617107391357,-0.0994561687111854,-0.0057282419875264,0.564877331256866,-0.819139361381531
0.562859237194061,-0.114836782217026,1.16623151302338,-0.0997625291347503,-0.004443360492587,0.567498028278351,-0.81729656457901
0.562814474105835,-0.114746868610382,1.16616225242615,-0.0999052003026008,-0.003444826696068,0.569439291954041,-0.815932631492615
0.562788128852844,-0.114623427391052,1.16607713699341,-0.10015457123518,-0.0026973725762218,0.571780323982239,-0.81426602602005
0.562756717205048,-0.114468187093735,1.1659779548645,-0.100479677319527,-0.001752582960762,0.573899984359741,-0.812735915184021
0.562672317028046,-0.114244118332863,1.16589820384979,-0.100760169327259,-0.0005982665461488,0.576140105724335,-0.811116337776184
0.562662661075592,-0.114187255501747,1.16580033302307,-0.100728683173656,0.000539704284165,0.578886806964874,-0.809162259101868
0.562604069709778,-0.113998033106327,1.16568028926849,-0.100697390735149,0.0015008857008069,0.581286013126373,-0.807443141937256
0.562634706497192,-0.113889120519161,1.16564571857452,-0.100695483386517,0.0029314758721739,0.583850860595703,-0.805586814880371
0.562623858451843,-0.113500192761421,1.16554927825928,-0.100922353565693,0.0040882797911763,0.586271405220032,-0.803793430328369
0.562424600124359,-0.113568723201752,1.16535663604736,-0.099600613117218,0.0055488534271717,0.588386714458466,-0.802402675151825
0.562565505504608,-0.113063581287861,1.16551280021667,-0.100858353078365,0.0037895194254815,0.591976404190063,-0.799610614776611
0.562514305114746,-0.112984001636505,1.16497027873993,-0.100550428032875,0.0079485513269901,0.594398379325867,-0.797820210456848
0.562400221824646,-0.112487182021141,1.16515910625458,-0.0996625125408172,0.0068370886147022,0.597781598567963,-0.795410513877869
0.562347412109375,-0.11231242865324,1.16513109207153,-0.0999166518449783,0.007393246050924,0.601161360740662,-0.792822241783142
0.562366604804993,-0.11223816126585,1.16470551490784,-0.100577227771282,0.0110136205330491,0.603034496307373,-0.791272640228271
0.562377095222473,-0.111996121704578,1.16451132297516,-0.100416608154774,0.0129268858581781,0.605531692504883,-0.789354681968689
0.562380135059357,-0.111688479781151,1.16439282894135,-0.10031283646822,0.0140316495671868,0.608478903770447,-0.787079453468323
0.562063634395599,-0.110961213707924,1.16472613811493,-0.0999051928520202,0.0114693343639373,0.612801074981689,-0.783812761306763
0.562063634395599,-0.110961213707924,1.16472613811493,-0.0999051928520202,0.0114693343639373,0.612801074981689,-0.783812761306763
0.56178218126297,-0.11046901345253,1.16420209407806,-0.0981503501534462,0.0148089965805411,0.615417957305908,-0.781925916671753
0.561459898948669,-0.109892822802067,1.16418921947479,-0.0978450626134872,0.0152431512251496,0.618700563907623,-0.779361128807068
0.561459898948669,-0.109892822802067,1.16418921947479,-0.0978450626134872,0.0152431512251496,0.618700563907623,-0.779361128807068
0.561562538146973,-0.109024912118912,1.16419100761414,-0.0989011898636818,0.0171780996024608,0.625339388847351,-0.773869633674622
0.561562538146973,-0.109024912118912,1.16419100761414,-0.0989011898636818,0.0171780996024608,0.625339388847351,-0.773869633674622
0.561385810375214,-0.108202069997787,1.16383254528046,-0.0987520292401313,0.0193812120705842,0.629497647285461,-0.770457804203033
0.561308026313782,-0.107940457761288,1.16371285915375,-0.0979235842823982,0.0214766692370176,0.631996631622314,-0.768459498882294
0.561341226100922,-0.107980787754059,1.16332757472992,-0.0979437157511711,0.0241829082369804,0.632644474506378,-0.767843246459961
0.561045289039612,-0.106898203492165,1.16350328922272,-0.098233126103878,0.0228452961891889,0.635964810848236,-0.765099406242371
0.561053991317749,-0.106913723051548,1.16340005397797,-0.0969165340065956,0.0251110233366489,0.638080179691315,-0.763433337211609
0.560825169086456,-0.10601194947958,1.16338467597961,-0.0970972850918769,0.0252712480723857,0.640753030776978,-0.761162996292114
0.560825169086456,-0.10601194947958,1.16338467597961,-0.0970972850918769,0.0252712480723857,0.640753030776978,-0.761162996292114
0.560575902462006,-0.105007335543632,1.1630824804306,-0.0961546376347541,0.0280072856694459,0.644944965839386,-0.757638394832611
0.56044065952301,-0.10420948266983,1.16278290748596,-0.0971325859427452,0.0292472597211599,0.645974159240723,-0.75658917427063
0.560507297515869,-0.104631178081036,1.1626124382019,-0.0954385846853256,0.0321548357605934,0.647806644439697,-0.755118727684021
0.560013353824615,-0.103174582123756,1.16255128383636,-0.0932244062423706,0.0308533739298582,0.649438261985779,-0.754047274589539
0.560161411762238,-0.102680347859859,1.16268062591553,-0.0948275253176689,0.0314502194523811,0.653135895729065,-0.750621199607849
0.560160338878632,-0.102109171450138,1.16248798370361,-0.0942783653736114,0.0329068154096603,0.654700875282288,-0.749263346195221
0.559995174407959,-0.10151432454586,1.16237103939056,-0.0937866270542144,0.0338528789579868,0.656554758548737,-0.747659087181091
0.55989795923233,-0.100915729999542,1.16228330135345,-0.0934865996241569,0.0348800532519817,0.658230006694794,-0.746174931526184
0.560068249702454,-0.100507333874702,1.16211760044098,-0.09314576536417,0.0368042215704917,0.659877240657806,-0.744668662548065
0.559519946575165,-0.09952312707901,1.16195893287659,-0.091274544596672,0.037336952984333,0.659945666790009,-0.744813203811646
0.559451043605804,-0.0993828251957893,1.16177403926849,-0.0906851664185524,0.0390979051589965,0.661275386810303,-0.743614435195923
0.559606075286865,-0.0983780398964881,1.16169416904449,-0.0909104272723198,0.0401000939309597,0.662714779376984,-0.742251038551331
0.559321939945221,-0.0979741588234901,1.16154885292053,-0.0896089822053909,0.0415935069322586,0.664071202278137,-0.741113841533661
0.559233665466309,-0.0967247709631919,1.16150879859924,-0.0901274308562278,0.0415699183940887,0.66599828004837,-0.739320874214172
0.559216380119324,-0.0957323610782623,1.16137218475342,-0.0902254283428192,0.042324986308813,0.667373657226562,-0.738024771213531
0.559013724327087,-0.0949746817350387,1.16121327877045,-0.0896752104163169,0.0431390702724456,0.668785870075226,-0.736765205860138
0.559218049049377,-0.0947247520089149,1.16133689880371,-0.0902006775140762,0.0445693172514438,0.671152770519257,-0.73445999622345
0.559155881404877,-0.0940338149666786,1.16132545471191,-0.0896950289607048,0.045685663819313,0.672392785549164,-0.733318328857422
0.559011042118073,-0.0931817516684532,1.1614248752594,-0.0893408805131912,0.0463707074522972,0.673817574977875,-0.732009589672089
0.55866801738739,-0.0921783447265625,1.16109812259674,-0.0876356065273284,0.0472427457571029,0.672977089881897,-0.732932567596436
0.558872520923615,-0.0913543552160263,1.16131615638733,-0.0892034918069839,0.0478558503091335,0.675801277160645,-0.730099499225616
0.558782756328583,-0.0903414711356163,1.16128766536713,-0.0886349380016326,0.048516284674406,0.677156627178192,-0.728868305683136
0.558782756328583,-0.0903414711356163,1.16128766536713,-0.0886349380016326,0.048516284674406,0.677156627178192,-0.728868305683136
0.558421313762665,-0.0882987380027771,1.16108477115631,-0.0868684127926826,0.0505611635744571,0.677381336688995,-0.728733122348785
0.558439791202545,-0.087303876876831,1.16109907627106,-0.0881077870726585,0.0507249534130096,0.679977655410767,-0.726150333881378
0.558009266853333,-0.0864535644650459,1.16090250015259,-0.0864387974143028,0.0519124902784824,0.679714143276215,-0.726513803005219
0.558009266853333,-0.0864535644650459,1.16090250015259,-0.0864387974143028,0.0519124902784824,0.679714143276215,-0.726513803005219
0.55793696641922,-0.0842771083116531,1.16086900234222,-0.0861161723732948,0.0536007434129715,0.681159615516663,-0.725074172019958
0.55799925327301,-0.0831573233008384,1.16100990772247,-0.0873148888349533,0.0537638701498508,0.683384716510773,-0.722821533679962
0.557745456695557,-0.0821532011032104,1.16077411174774,-0.0862725973129272,0.0549832917749881,0.681652247905731,-0.724488973617554
0.557725012302399,-0.0809151902794838,1.16083371639252,-0.085533320903778,0.0565981529653072,0.683313012123108,-0.72288590669632
0.557716727256775,-0.0798572450876236,1.16085577011108,-0.0877932384610176,0.0556586422026157,0.68506646156311,-0.721025943756104
0.557517468929291,-0.0786785036325454,1.16085004806519,-0.0858236923813819,0.0573739558458328,0.683584809303284,-0.722533285617828
0.557517468929291,-0.0786785036325454,1.16085004806519,-0.0858236923813819,0.0573739558458328,0.683584809303284,-0.722533285617828
0.557562708854675,-0.0763173326849937,1.16075658798218,-0.0871488451957702,0.0584678277373313,0.686478912830353,-0.719536960124969
0.557238757610321,-0.0751246511936187,1.16057503223419,-0.0851055383682251,0.059736430644989,0.685087442398071,-0.721001982688904
0.557888150215149,-0.0737553313374519,1.1605429649353,-0.0866639614105224,0.0605409666895866,0.687547028064728,-0.718403339385986
0.557827055454254,-0.0726035758852958,1.16086506843567,-0.0860821679234504,0.0610251799225807,0.688347816467285,-0.717664957046509
0.557716727256775,-0.071460485458374,1.16097497940063,-0.0856921002268791,0.0625138655304908,0.688078999519348,-0.717841386795044
0.561437368392944,-0.0678709894418716,1.16111171245575,-0.106094613671303,0.078896939754486,0.693779468536377,-0.707947254180908
0.557566285133362,-0.0688346177339553,1.16106009483337,-0.0859451740980148,0.064020000398159,0.688859403133392,-0.716929316520691
0.561282992362976,-0.0654851570725441,1.16075301170349,-0.106363318860531,0.0804004594683647,0.69390743970871,-0.707612276077271
0.557340264320374,-0.0663316771388053,1.16058194637299,-0.0833593383431434,0.0664358735084533,0.686722874641418,-0.719061493873596
0.557255208492279,-0.0649279877543449,1.16059684753418,-0.0837151035666465,0.0681244134902954,0.686430633068085,-0.719141066074371
0.557255208492279,-0.0649279877543449,1.16059684753418,-0.0837151035666465,0.0681244134902954,0.686430633068085,-0.719141066074371
0.5570268034935,-0.0623117499053478,1.16039800643921,-0.0842800512909889,0.0693308040499687,0.686229288578033,-0.71915203332901
0.557391464710236,-0.060927640646696,1.16070353984833,-0.085459679365158,0.0702062547206878,0.687282502651215,-0.717920958995819
0.557114064693451,-0.0589030794799327,1.16086745262146,-0.084644429385662,0.0717812627553939,0.686087131500244,-0.719004392623901
0.557362854480743,-0.0574987977743148,1.16042935848236,-0.086262859404087,0.0718699395656585,0.68704491853714,-0.717887699604034
0.556937634944916,-0.0562033355236053,1.16055333614349,-0.084289938211441,0.0737102627754211,0.684898555278778,-0.719983398914337
0.557130694389343,-0.0546322278678417,1.16046547889709,-0.0859335139393806,0.0737804919481277,0.686722338199615,-0.718042135238647
0.557234227657318,-0.0532551445066928,1.16021430492401,-0.0852568745613098,0.0755021870136261,0.685819029808044,-0.718806564807892
0.556985437870026,-0.052073273807764,1.16008448600769,-0.08453269302845,0.0770116299390792,0.685152590274811,-0.719367265701294
0.556892335414886,-0.0500979200005531,1.16011559963226,-0.0833404213190078,0.07801353931427,0.683048367500305,-0.721396863460541
0.557374179363251,-0.0486589483916759,1.16013288497925,-0.0852219238877296,0.0794303268194198,0.684113323688507,-0.720011830329895
0.556585431098938,-0.0469863414764404,1.16036760807037,-0.0847302675247192,0.0784385874867439,0.68404632806778,-0.720242083072662
0.556523144245148,-0.0453944765031337,1.16050481796265,-0.0838066339492797,0.0798838660120964,0.683216631412506,-0.720978498458862
0.556494772434235,-0.0451988466084003,1.16027295589447,-0.0816051587462425,0.0835523828864097,0.680659651756287,-0.723230302333832
0.556494772434235,-0.0451988466084003,1.16027295589447,-0.0816051587462425,0.0835523828864097,0.680659651756287,-0.723230302333832
0.556899964809418,-0.0412184335291385,1.16029441356659,-0.084459364414215,0.0847570523619651,0.680259704589844,-0.723138689994812
0.556480050086975,-0.040410291403532,1.16019546985626,-0.0809342786669731,0.0877624377608299,0.676407039165497,-0.72678804397583
0.55683708190918,-0.038730215281248,1.16031122207642,-0.0817889124155044,0.0888843163847923,0.676343619823456,-0.726615071296692
0.55683708190918,-0.038730215281248,1.16031122207642,-0.0817889124155044,0.0888843163847923,0.676343619823456,-0.726615071296692
0.556011497974396,-0.0354308113455772,1.16004598140717,-0.0824025049805641,0.0894208252429962,0.674990236759186,-0.727737486362457
0.556268095970154,-0.0339401587843894,1.16019940376282,-0.0835676863789558,0.09012421220541,0.67549067735672,-0.727053225040436
0.556327044963837,-0.0333431400358676,1.16032862663269,-0.0829553231596946,0.0929631441831588,0.67321503162384,-0.728874325752258
0.556243479251862,-0.0319384261965751,1.16026830673218,-0.0827760398387909,0.0940202921628952,0.672262728214264,-0.729637801647186
0.55616819858551,-0.0306213106960058,1.16000497341156,-0.0818534269928932,0.0956144630908966,0.671276807785034,-0.730441808700562
0.556081235408783,-0.0283150002360343,1.16024267673492,-0.0833835676312446,0.0946447625756263,0.671232640743256,-0.730435729026794
0.556181311607361,-0.0277439337223768,1.16024518013,-0.0816511735320091,0.0973611921072006,0.669655621051788,-0.731720745563507
0.556113839149475,-0.0262174233794212,1.16025471687317,-0.0820806324481964,0.0977998450398445,0.669096052646637,-0.732125997543335
0.555955529212952,-0.0249575581401586,1.15993916988373,-0.0811259150505065,0.099079318344593,0.669197678565979,-0.731967449188232
0.555559456348419,-0.0235578063875436,1.16014206409454,-0.0791295990347862,0.100259549915791,0.666821002960205,-0.734191060066223
0.555198609828949,-0.0216177254915237,1.15983498096466,-0.0809379294514656,0.0983069092035293,0.667225778102875,-0.733890056610107
0.55552464723587,-0.0209338571876287,1.16034173965454,-0.0804536640644073,0.10071787238121,0.666565418243408,-0.734216392040253
0.555505514144897,-0.0197639521211385,1.16007781028748,-0.0797111466526985,0.1016019359231,0.665115714073181,-0.735489189624786
0.555309295654297,-0.0185640342533588,1.15998041629791,-0.0799413695931434,0.101989775896072,0.664181470870972,-0.736254394054413
0.555114924907684,-0.0167892817407846,1.15951132774353,-0.0797998905181884,0.101572215557098,0.662867724895477,-0.73751038312912
0.554905116558075,-0.0160494949668645,1.15941548347473,-0.0794966518878936,0.102479621767998,0.661942005157471,-0.738248646259308
0.554889023303986,-0.0147182736545801,1.15985250473022,-0.079804703593254,0.102651879191399,0.660597383975983,-0.739395081996918
0.554707825183868,-0.0136906318366527,1.15990519523621,-0.0790889933705329,0.103522323071957,0.659579753875732,-0.740258574485779
0.55456531047821,-0.0126002626493573,1.16007661819458,-0.0787698701024055,0.104030974209309,0.658067226409912,-0.741566181182861
0.554362714290619,-0.0115536469966173,1.16003561019897,-0.0792632326483726,0.104443781077862,0.657312750816345,-0.742124557495117
0.554362714290619,-0.0115536469966173,1.16003561019897,-0.0792632326483726,0.104443781077862,0.657312750816345,-0.742124557495117
0.554218828678131,-0.009465480223298,1.1595903635025,-0.0788270160555839,0.10525956004858,0.654824554920197,-0.744252383708954
0.55403470993042,-0.0084107834845781,1.15963411331177,-0.0794328227639198,0.105657547712326,0.654634177684784,-0.744299054145813
0.553896069526672,-0.0074229501187801,1.15960657596588,-0.0788317918777465,0.1061010658741,0.653173923492432,-0.74558162689209
0.553737998008728,-0.0067255357280373,1.15929424762726,-0.0791162997484207,0.106255479156971,0.653003752231598,-0.74567848443985
0.553902328014374,-0.0056448178365826,1.15968406200409,-0.0789776816964149,0.106631487607956,0.652003288269043,-0.746514558792114
0.553784012794495,-0.0047896075993776,1.15918111801147,-0.0795450881123542,0.106614150106907,0.651836514472961,-0.746602416038513
0.553738176822662,-0.0037710170727223,1.15942549705505,-0.079125314950943,0.106902711093426,0.650952577590942,-0.747376561164856
0.553741753101349,-0.0027347167488187,1.15933692455292,-0.0794055387377739,0.106900036334991,0.650543868541718,-0.747703075408936
0.553709387779236,-0.0019067600369453,1.15919971466064,-0.079820916056633,0.106994271278381,0.6503666639328,-0.747799456119537
0.553684949874878,-0.0011167440097779,1.15911090373993,-0.0800553411245346,0.107181757688522,0.650175511837006,-0.747913837432861
0.553638398647308,-0.0001597139053046,1.15910470485687,-0.0806145444512367,0.106844179332256,0.649645507335663,-0.74836254119873
0.553525626659393,0.0004413358401507,1.15886628627777,-0.0801463276147842,0.107113145291805,0.649380445480347,-0.748604297637939
0.553429067134857,0.0010819719173014,1.15880656242371,-0.080249898135662,0.107197165489197,0.648976564407349,-0.748931288719177
0.553429067134857,0.0010819719173014,1.15880656242371,-0.080249898135662,0.107197165489197,0.648976564407349,-0.748931288719177
0.553436040878296,0.0027691500727087,1.15866279602051,-0.0805846154689788,0.108088567852974,0.647260904312134,-0.750250935554504
0.553483724594116,0.0035081333480775,1.15843057632446,-0.0804371610283851,0.106949031352997,0.647644937038422,-0.750098645687103
0.55338579416275,0.0042040324769914,1.1585738658905,-0.0807969346642494,0.106887079775333,0.647248804569244,-0.750410556793213
0.553290069103241,0.0049351071938872,1.15869474411011,-0.0808757469058036,0.106685228645802,0.646602809429169,-0.750987529754639
0.553347229957581,0.0054240645840764,1.15817308425903,-0.081472173333168,0.108355008065701,0.645428478717804,-0.751693904399872
0.553528785705566,0.0061162319034338,1.15856146812439,-0.0807740837335586,0.107585735619068,0.645456850528717,-0.751855254173279
0.553680837154388,0.006694889627397,1.1585785150528,-0.0811218544840812,0.10820259898901,0.644368290901184,-0.752662599086761
0.553728461265564,0.0073130712844431,1.15814650058746,-0.0810684859752655,0.108185149729252,0.644059121608734,-0.752935409545898
0.553720414638519,0.0077160787768661,1.15800404548645,-0.081202894449234,0.108484998345375,0.643732786178589,-0.753156781196594
0.553901970386505,0.0080900201573967,1.1580353975296,-0.0809576734900474,0.109511151909828,0.642506837844849,-0.754081070423126
0.553910315036774,0.0086660161614418,1.15798926353455,-0.0813508629798889,0.111035764217377,0.641465902328491,-0.754701733589172
0.553979635238647,0.0089124897494912,1.15792393684387,-0.0810169950127601,0.111852310597897,0.641237854957581,-0.754810869693756
0.554073572158813,0.00940250325948,1.1580638885498,-0.0804914459586143,0.11235287040472,0.640665113925934,-0.755278825759888
0.554430186748505,0.009597479365766,1.15807294845581,-0.0802432522177696,0.112306423485279,0.639872312545776,-0.755983948707581
0.554554581642151,0.0098510980606079,1.15873384475708,-0.0798927843570709,0.113069258630276,0.639252126216888,-0.756432056427002
0.554751038551331,0.0100772669538855,1.15830504894257,-0.0791591852903366,0.114449247717857,0.638321578502655,-0.757087111473083
0.554848492145538,0.0105775212869048,1.15868544578552,-0.0785761401057243,0.115305341780186,0.636796057224274,-0.758301556110382
0.555135011672974,0.0107122035697102,1.15854787826538,-0.0789291635155677,0.116182655096054,0.636771738529205,-0.758151412010193
0.555302023887634,0.0109205516055226,1.15841972827911,-0.0787427574396133,0.117175430059433,0.636303246021271,-0.758411407470703
0.55545961856842,0.0112846698611974,1.15842628479004,-0.0774496793746948,0.11845787614584,0.634706974029541,-0.759681820869446
0.55552476644516,0.0111858900636434,1.15860164165497,-0.0778092294931411,0.119216986000538,0.635002493858337,-0.759279191493988
0.555799603462219,0.0113756135106086,1.15806293487549,-0.0767676830291748,0.120645217597485,0.634092688560486,-0.759919762611389
0.555943131446838,0.0115246791392564,1.15823996067047,-0.0757100358605384,0.121330954134464,0.63346916437149,-0.760436534881592
0.555976927280426,0.0117495907470583,1.15807616710663,-0.0754669830203056,0.121751226484776,0.63287228345871,-0.760890305042267
0.556001245975494,0.0118129570037126,1.15807569026947,-0.0753814354538917,0.122551523149014,0.632270693778992,-0.761270403862
0.55608332157135,0.0119276009500026,1.15809988975525,-0.0749547332525253,0.123013287782669,0.631735444068909,-0.761682271957397
0.55620551109314,0.0120306629687547,1.15857470035553,-0.0740547254681587,0.123270578682423,0.631287813186646,-0.762099742889404
0.55620551109314,0.0120306629687547,1.15857470035553,-0.0740547254681587,0.123270578682423,0.631287813186646,-0.762099742889404
0.55623871088028,0.0124361272901296,1.15816569328308,-0.0728702247142791,0.124198563396931,0.629038989543915,-0.763920605182648
0.55634731054306,0.0124479066580533,1.15831828117371,-0.0725976079702377,0.124498635530472,0.628501951694489,-0.764339625835419
0.556424498558044,0.0125784715637564,1.15835392475128,-0.0721439644694328,0.124331690371037,0.628046929836273,-0.764783680438995
0.556456565856934,0.012394543737173,1.15843999385834,-0.0723160281777381,0.124434180557728,0.628209471702576,-0.764617204666138
0.556517004966736,0.0123833958059549,1.15847194194794,-0.0720889419317245,0.124590933322906,0.62771213054657,-0.765021562576294
0.556591689586639,0.0123614724725484,1.15843486785889,-0.0720230564475059,0.124776899814606,0.627271950244904,-0.765358328819275
0.556659936904907,0.0123334638774394,1.15846812725067,-0.0719631165266037,0.124918602406979,0.62676465511322,-0.76575630903244
0.556716978549957,0.0122500043362379,1.158571600914,-0.0718941316008567,0.125046834349632,0.626332759857178,-0.766095221042633
0.556782245635986,0.0119607262313365,1.15859401226044,-0.0714802965521812,0.125482350587845,0.625802636146545,-0.766495823860168
0.556945741176605,0.0118856914341449,1.15858840942383,-0.071573257446289,0.125724524259567,0.625438749790192,-0.766744434833527
0.55705863237381,0.0117400269955396,1.15860831737518,-0.0715036988258361,0.125884249806404,0.625048756599426,-0.767042696475983
0.557099461555481,0.0115290516987442,1.15861535072327,-0.071760356426239,0.126331895589828,0.624619901180267,-0.767294406890869
0.557283163070679,0.0113321915268898,1.15865504741669,-0.0713276639580726,0.126377716660499,0.62444943189621,-0.767465949058533
0.557418644428253,0.0111369919031858,1.15864133834839,-0.0712960362434387,0.126641616225243,0.624091148376465,-0.767716825008392
0.557551026344299,0.0108261695131659,1.15869212150574,-0.0710684657096862,0.126943290233612,0.623617470264435,-0.768072903156281
0.557669758796692,0.0106063298881053,1.15867221355438,-0.0710333883762359,0.127156630158424,0.623386561870575,-0.76822829246521
0.557882130146027,0.0104368412867188,1.15828347206116,-0.0701022744178772,0.127538621425629,0.62338787317276,-0.76824939250946
0.558029532432556,0.0103987604379653,1.15839982032776,-0.0696266517043113,0.127893730998039,0.622466325759888,-0.768980503082275
0.557957649230957,0.0098206866532564,1.15844106674194,-0.0698284730315208,0.127882316708565,0.623132348060608,-0.768424451351166
0.558131217956543,0.0095979813486337,1.15846586227417,-0.0697979852557182,0.12815748155117,0.622973799705505,-0.768510043621063
0.558269143104553,0.0093291532248258,1.1585681438446,-0.0695157647132873,0.128517985343933,0.622655928134918,-0.768733024597168
0.558346688747406,0.0090703144669532,1.15854716300964,-0.0696522891521453,0.128592774271965,0.622650265693665,-0.768712639808655
0.558444976806641,0.008795253932476,1.15853345394135,-0.0695318803191185,0.128780409693718,0.622442543506622,-0.768860399723053
0.558655560016632,0.008385244756937,1.15856218338013,-0.0690372213721275,0.129455879330635,0.622169435024261,-0.769012451171875
0.5588139295578,0.008095284923911,1.15861582756042,-0.0691772848367691,0.129491120576858,0.622049272060394,-0.769091308116913
0.558954536914825,0.0077676465734839,1.15862381458282,-0.0689471364021301,0.129727721214294,0.621991872787476,-0.769118368625641
0.558950126171112,0.0073643047362565,1.15866959095001,-0.0695413947105407,0.130066260695457,0.621806442737579,-0.769157648086548
0.559128880500793,0.0071098478510975,1.15873193740845,-0.0688064619898796,0.129828482866287,0.621951341629028,-0.769146800041199
0.559256076812744,0.006703192833811,1.15868973731995,-0.0686986744403839,0.130029141902924,0.622004687786102,-0.769079446792603
0.559359014034271,0.0063794087618589,1.15855574607849,-0.068576879799366,0.13009275496006,0.622106909751892,-0.768996834754944
0.559224665164948,0.0059395232237875,1.15892338752747,-0.0689132288098335,0.130199939012527,0.622014820575714,-0.76902312040329
0.559398114681244,0.0057051805779337,1.1588122844696,-0.068615011870861,0.13031417131424,0.622220277786255,-0.768864274024963
0.559527516365051,0.0052784127183258,1.15887308120728,-0.0684063583612442,0.130629628896713,0.622306346893311,-0.768759608268738
0.559667408466339,0.0049273227341473,1.15881013870239,-0.0684765949845314,0.130471125245094,0.62256646156311,-0.768569648265839
0.559318721294403,0.0051498119719326,1.15875470638275,-0.0693453997373581,0.128487050533295,0.622642993927002,-0.768764019012451
0.559420704841614,0.0047897472977638,1.15871572494507,-0.0691739022731781,0.128589674830437,0.622639894485474,-0.768764734268188
0.559934020042419,0.0037381791044026,1.1589263677597,-0.0689989030361175,0.130565673112869,0.622987389564514,-0.768165767192841
0.560010015964508,0.0034120874479413,1.15894663333893,-0.0687493532896041,0.130679056048393,0.623273372650146,-0.767936766147614
0.560081005096436,0.0030914763920009,1.15900254249573,-0.068726897239685,0.130648106336594,0.623413443565369,-0.767830431461334
0.560261487960815,0.0028953915461897,1.15897917747498,-0.0681859031319618,0.130954444408417,0.623087048530579,-0.768091320991516
0.560305774211884,0.0023146145977079,1.15898990631104,-0.0685929283499717,0.13068026304245,0.624364256858826,-0.767063915729523
0.56034928560257,0.0019624405540525,1.15896618366241,-0.0685351267457008,0.130637779831886,0.624764680862427,-0.766750156879425
0.56030660867691,0.0016910783015191,1.15898430347443,-0.0688778385519981,0.130621388554573,0.625167667865753,-0.766393721103668
0.560472905635834,0.0010948893614113,1.15918564796448,-0.0685413256287574,0.130831986665726,0.625612795352936,-0.766024649143219
0.560498833656311,0.0007614428177475,1.15950608253479,-0.0681467875838279,0.130708143115044,0.626100897789001,-0.76568204164505
0.560612440109253,0.0003529139794409,1.15893936157227,-0.0681109577417373,0.131029933691025,0.626627624034882,-0.765199303627014
0.560541987419128,-6.18211925029755e-05,1.15978586673737,-0.0683499574661254,0.130531147122383,0.627686440944672,-0.764394998550415
0.560549259185791,-0.0005499832332134,1.15981042385101,-0.067587986588478,0.130759567022324,0.627745389938354,-0.764375269412994
0.560595393180847,-0.0008828621357679,1.15982055664062,-0.0674296170473098,0.130473867058754,0.628526985645294,-0.763795614242554
0.560694217681885,-0.0011043064296245,1.15942060947418,-0.0678988471627235,0.130598992109299,0.628867387771606,-0.763452351093292
0.560622572898865,-0.0016554528847336,1.15939545631409,-0.0673322528600692,0.130692705512047,0.629650771617889,-0.762840569019318
0.560635268688202,-0.001738048158586,1.15957319736481,-0.0669075474143028,0.130619466304779,0.629536509513855,-0.762984812259674
0.560604333877563,-0.0023826556280255,1.15986061096191,-0.0674940571188926,0.130404889583588,0.631430625915527,-0.76140296459198
0.560646057128906,-0.0027106460183858,1.15948188304901,-0.0673243403434753,0.130151778459549,0.631955981254578,-0.761025369167328
0.56074982881546,-0.002986111678183,1.15996170043945,-0.0666952431201934,0.129812195897102,0.632342875003815,-0.760817348957062
0.560839951038361,-0.0034063346683979,1.15950775146484,-0.0664878860116005,0.130042642354965,0.632770657539368,-0.760440409183502
0.560839951038361,-0.0034063346683979,1.15950775146484,-0.0664878860116005,0.130042642354965,0.632770657539368,-0.760440409183502
0.560826659202576,-0.00411356985569,1.15970182418823,-0.0660357102751731,0.129526659846306,0.633806705474854,-0.759704649448395
0.560878455638885,-0.0043880259618163,1.15991747379303,-0.0666928067803382,0.129340246319771,0.634584546089172,-0.759029448032379
0.560964524745941,-0.0047257738187909,1.15994811058044,-0.066094271838665,0.129372894763947,0.634816765785217,-0.75888204574585
0.56094217300415,-0.0050605358555912,1.16016757488251,-0.0662887841463089,0.129174694418907,0.635361313819885,-0.758442938327789
0.5609130859375,-0.0055352617055177,1.15999758243561,-0.0663346797227859,0.129534646868706,0.635724663734436,-0.758073031902313
0.560970485210419,-0.0058662444353103,1.16004645824432,-0.0660914406180381,0.128879904747009,0.636240184307098,-0.757773399353027
0.560866892337799,-0.0062380358576774,1.15999269485474,-0.0664952620863914,0.128771528601646,0.636818110942841,-0.757270872592926
0.560929536819458,-0.0066811293363571,1.15998983383179,-0.0667074099183082,0.128701835870743,0.637272655963898,-0.756881535053253
0.561071217060089,-0.0069791413843631,1.15991199016571,-0.0664340779185295,0.128387629985809,0.637476086616516,-0.756787598133087
0.561094403266907,-0.0072752935811877,1.15992438793182,-0.0663155540823936,0.128099143505096,0.63777107000351,-0.756598234176636
0.561145663261414,-0.0077850325033068,1.15997171401978,-0.0659473165869712,0.127973318099976,0.638018310070038,-0.75644326210022
0.561132371425629,-0.0081887310370802,1.16000807285309,-0.0658183470368385,0.127876251935959,0.638287723064423,-0.756243526935577
0.561161041259766,-0.0083373067900538,1.16008412837982,-0.065465547144413,0.127676293253899,0.637966632843018,-0.756578862667084
0.561116397380829,-0.0089004281908273,1.16007804870605,-0.0658881142735481,0.127223446965218,0.639161884784698,-0.755609095096588
0.56113064289093,-0.0092815747484564,1.16010928153992,-0.0660135149955749,0.12668813765049,0.639546573162079,-0.755362629890442
0.561188101768494,-0.0096311504021286,1.16014921665192,-0.0655467212200164,0.125735759735107,0.640042662620544,-0.755142092704773
0.561050593852997,-0.0100446827709674,1.15966796875,-0.0661918222904205,0.125624865293503,0.640519022941589,-0.754700243473053
0.561144769191742,-0.0104179112240672,1.16017591953278,-0.0656748563051223,0.125317722558975,0.640356004238129,-0.754934728145599
0.561118841171265,-0.0108791897073388,1.1601836681366,-0.065889224410057,0.125008717179298,0.640927851200104,-0.754481971263885
0.561126351356506,-0.0111955795437097,1.15980410575867,-0.065986655652523,0.124550305306911,0.641277134418488,-0.754252433776855
0.561151623725891,-0.0115675684064626,1.15981674194336,-0.0658107250928878,0.124010227620602,0.641811966896057,-0.753901779651642
0.561185598373413,-0.0119890505447983,1.15999400615692,-0.0658643394708633,0.123716533184051,0.642203092575073,-0.753612220287323
0.561137557029724,-0.0124015323817729,1.16023778915405,-0.0658941715955734,0.123194999992847,0.642398297786713,-0.753528714179993
0.561329424381256,-0.0127812623977661,1.1602578163147,-0.0660002902150154,0.122833892703056,0.642699122428894,-0.753321707248688
0.561246991157532,-0.0132078239694237,1.16021490097046,-0.0659963935613632,0.12247820943594,0.643292844295502,-0.752873063087463
0.561126947402954,-0.0137774515897035,1.16020476818085,-0.0653154477477073,0.122223377227783,0.643878936767578,-0.752472758293152
0.561126947402954,-0.0137774515897035,1.16020476818085,-0.0653154477477073,0.122223377227783,0.643878936767578,-0.752472758293152
0.561130464076996,-0.0145250810310244,1.1599508523941,-0.0655606091022491,0.121028356254101,0.644868075847626,-0.751797258853912
0.561142444610596,-0.0149745559319853,1.16008424758911,-0.0654504522681236,0.12048751115799,0.645204126834869,-0.75160539150238
0.561142444610596,-0.0149745559319853,1.16008424758911,-0.0654504522681236,0.12048751115799,0.645204126834869,-0.75160539150238
0.561150193214417,-0.0158028285950422,1.16028213500977,-0.06547462195158,0.119773425161839,0.646105110645294,-0.750943243503571
0.561059236526489,-0.0163020752370357,1.16027891635895,-0.0646892264485359,0.119066387414932,0.646476328372955,-0.750804245471954
0.560895383358002,-0.0166732799261808,1.16018748283386,-0.0652809217572212,0.118578061461449,0.64714527130127,-0.750253736972809
0.560982048511505,-0.0170673951506614,1.16017758846283,-0.0654577612876892,0.11815432459116,0.647710740566254,-0.749817073345184
0.561113178730011,-0.0172808654606342,1.16017246246338,-0.0654095187783241,0.117754317820072,0.647573590278625,-0.750002801418304
0.561094224452972,-0.0176844075322151,1.16001677513123,-0.0658390522003173,0.116934083402157,0.648059487342834,-0.74967360496521
0.560969531536102,-0.0180498883128166,1.16019654273987,-0.065306082367897,0.116024434566498,0.648766696453094,-0.749249875545502
0.560967862606049,-0.0184465758502483,1.16007578372955,-0.0651319324970245,0.115686789155006,0.649092197418213,-0.74903529882431
0.560938596725464,-0.0187928043305873,1.1600923538208,-0.0649017691612243,0.115368187427521,0.649396538734436,-0.748840630054474
0.560937404632568,-0.0192421488463878,1.16023707389832,-0.0650958567857742,0.115972600877285,0.649210512638092,-0.748891592025757
0.56090646982193,-0.0194341242313385,1.16022109985352,-0.065200351178646,0.113946355879307,0.650324583053589,-0.748226583003998
0.560907244682312,-0.0196696054190397,1.16021120548248,-0.0650994703173637,0.113536350429058,0.650832414627075,-0.747856199741364
0.560942649841309,-0.0199580695480108,1.15960109233856,-0.0648734420537948,0.113196589052677,0.651126325130463,-0.74767142534256
0.560818612575531,-0.0202701594680547,1.15999102592468,-0.0651812702417373,0.112544469535351,0.651651263237,-0.747285604476929
0.560758352279663,-0.020634938031435,1.15999257564545,-0.0651715621352195,0.111879207193851,0.65170019865036,-0.747343778610229
0.560805320739746,-0.0208701603114604,1.16004180908203,-0.0651289075613021,0.11102545261383,0.652325510978699,-0.746929109096527
0.560891687870026,-0.021236203610897,1.16006708145142,-0.0647855848073959,0.110786959528923,0.652366638183594,-0.746958434581757
0.560853123664856,-0.0215234458446502,1.16007995605469,-0.0648519322276115,0.110115520656109,0.652594089508057,-0.746853232383728
0.560840487480164,-0.0218917969614267,1.15982484817505,-0.0646921843290329,0.109696455299854,0.652768015861511,-0.746776819229126
0.560836017131805,-0.0221641324460506,1.15969038009644,-0.0646301507949829,0.109206572175026,0.652880370616913,-0.746755719184875
0.560772478580475,-0.0224127396941185,1.16032028198242,-0.0645912364125251,0.108457051217556,0.652899444103241,-0.746851682662964
0.560858011245728,-0.0227178260684013,1.16032946109772,-0.0648210421204567,0.107911564409733,0.653158485889435,-0.746684193611145
0.560850620269775,-0.0229852795600891,1.1603364944458,-0.0648848712444305,0.107275769114494,0.653157234191895,-0.746771395206451
0.560834407806396,-0.0233067758381366,1.16031491756439,-0.0653406009078025,0.106766477227211,0.653190910816193,-0.746775269508362
0.560827970504761,-0.0235116276890039,1.1599303483963,-0.0651888400316238,0.105863474309444,0.653558135032654,-0.746595740318298
0.560733020305634,-0.0237365942448377,1.16006565093994,-0.0655552223324775,0.105083085596561,0.653913617134094,-0.746362507343292
0.560692965984344,-0.0239694211632013,1.16034734249115,-0.0655097588896751,0.104375049471855,0.653855085372925,-0.746517241001129
0.560719132423401,-0.0242268107831478,1.16018426418304,-0.0653039440512657,0.103634931147098,0.653340816497803,-0.747088372707367
0.560687720775604,-0.0245331041514873,1.16018450260162,-0.0653136372566223,0.102887541055679,0.653397500514984,-0.747141301631927
0.560753524303436,-0.0248364172875881,1.16017389297485,-0.0653772354125976,0.102371782064438,0.653657853603363,-0.74697881937027
0.560620248317719,-0.0252111684530973,1.16016316413879,-0.0652864128351211,0.101301796734333,0.653430819511414,-0.747331202030182
0.560485899448395,-0.0255746245384216,1.16012930870056,-0.0651837438344955,0.100716926157475,0.653196036815643,-0.747624397277832
0.560470521450043,-0.0259698182344436,1.15987122058868,-0.0653889179229736,0.100293442606926,0.652665972709656,-0.748126149177551
0.560415804386139,-0.0262588541954755,1.15984404087067,-0.0653746351599693,0.100551210343838,0.651952862739563,-0.748714327812195
0.56038898229599,-0.0266936533153057,1.15982747077942,-0.0652419328689575,0.100111208856106,0.651696622371674,-0.749007940292358
0.560339570045471,-0.027006147429347,1.15982913970947,-0.0651281103491783,0.0992844700813293,0.65165650844574,-0.74916273355484
0.560238778591156,-0.0271668024361133,1.15977334976196,-0.0655475631356239,0.0986352413892746,0.651042640209198,-0.74974536895752
0.560220837593079,-0.0274217948317527,1.15975701808929,-0.0657705068588256,0.0976115763187408,0.651129186153412,-0.749784648418427
0.560243964195251,-0.0275481007993221,1.16019821166992,-0.0662093386054039,0.0968717262148857,0.650844037532806,-0.750089526176453
0.560084521770477,-0.027828000485897,1.15994107723236,-0.0667181462049484,0.0959991067647934,0.650846421718597,-0.750154495239258
0.560092628002167,-0.0280414298176765,1.15994024276733,-0.0662684738636016,0.0955504402518272,0.650120258331299,-0.750881016254425
0.559984862804413,-0.0282677002251148,1.15992164611816,-0.0663823038339614,0.0948162376880645,0.649880766868591,-0.751171290874481
0.559750199317932,-0.0285499207675457,1.15991711616516,-0.0657346025109291,0.0939145758748054,0.649912655353546,-0.751313984394073
0.559561192989349,-0.0287492163479328,1.1598938703537,-0.0662791803479194,0.093014933168888,0.649566948413849,-0.751676857471466
0.559483408927917,-0.0290009602904319,1.15993618965149,-0.0661917328834533,0.0923398360610008,0.649358153343201,-0.751948237419128
0.559483408927917,-0.0290009602904319,1.15993618965149,-0.0661917328834533,0.0923398360610008,0.649358153343201,-0.751948237419128
0.559292852878571,-0.0294325686991214,1.15943956375122,-0.0669785663485527,0.0904416143894195,0.649554133415222,-0.751940011978149
0.559144020080566,-0.0296664237976074,1.15960204601288,-0.0674536749720573,0.0896666720509529,0.650011658668518,-0.7515949010849
0.559186160564423,-0.0298443306237459,1.15919864177704,-0.0677918717265129,0.089073471724987,0.649875283241272,-0.751752853393555
0.55916953086853,-0.0300136972218751,1.15919411182404,-0.0674401000142097,0.0884819328784942,0.649788200855255,-0.751929640769958
0.55916953086853,-0.0300136972218751,1.15919411182404,-0.0674401000142097,0.0884819328784942,0.649788200855255,-0.751929640769958
0.558927714824677,-0.0305075012147426,1.15957272052765,-0.0671766847372055,0.0869708731770515,0.650556087493896,-0.751465380191803
0.558923304080963,-0.030697988346219,1.15978252887726,-0.0673924013972282,0.0865652859210968,0.651011765003204,-0.751098155975342
0.558923304080963,-0.030697988346219,1.15978252887726,-0.0673924013972282,0.0865652859210968,0.651011765003204,-0.751098155975342
0.558897912502289,-0.0310303196310997,1.15943336486816,-0.0677972882986068,0.0842751637101173,0.652155935764313,-0.75032913684845
0.558897912502289,-0.0310303196310997,1.15943336486816,-0.0677972882986068,0.0842751637101173,0.652155935764313,-0.75032913684845
0.558840751647949,-0.0315971784293651,1.15895712375641,-0.0676336959004402,0.0828085094690322,0.653023898601532,-0.749752163887024
0.558815062046051,-0.0317571796476841,1.15890753269196,-0.0675690993666648,0.0818306282162666,0.653442561626434,-0.749500572681427
0.558864593505859,-0.032025471329689,1.15890324115753,-0.0679328069090843,0.0804622918367385,0.654760658740997,-0.748464822769165
0.558569312095642,-0.0322162695229053,1.15885388851166,-0.066495768725872,0.0799560248851776,0.6531742811203,-0.750032484531403
0.558569312095642,-0.0322162695229053,1.15885388851166,-0.066495768725872,0.0799560248851776,0.6531742811203,-0.750032484531403
0.558731555938721,-0.0327971279621124,1.15877640247345,-0.0672319680452346,0.0776335522532463,0.655730724334717,-0.747977375984192
0.55869072675705,-0.032992660999298,1.15866994857788,-0.0674199759960174,0.0761500522494316,0.656041264533997,-0.747840642929077
0.558848023414612,-0.0330227948725223,1.1589081287384,-0.0678666159510612,0.0749543979763984,0.656136214733124,-0.747837722301483
0.558753073215485,-0.0335180796682834,1.15887260437012,-0.0671642124652862,0.0740697979927063,0.656468093395233,-0.74769800901413
0.558821856975555,-0.033786617219448,1.15885829925537,-0.0673293620347976,0.0731785371899604,0.656692028045654,-0.747574210166931
0.559007287025452,-0.0339918844401836,1.15912687778473,-0.0675183460116386,0.0722448080778122,0.656754493713379,-0.74759304523468
0.558922529220581,-0.0343693643808364,1.15910029411316,-0.0667063370347023,0.0706289038062095,0.657213151454926,-0.747417449951172
0.558915138244629,-0.0346900224685668,1.15857517719269,-0.0665989592671394,0.0692284554243087,0.657077491283417,-0.747677206993103
0.559027969837189,-0.0351575091481208,1.15903174877167,-0.066083624958992,0.0684380456805229,0.65692001581192,-0.747934103012085
0.559062123298645,-0.0354654267430305,1.15924417972565,-0.065771460533142,0.0671503245830535,0.656717360019684,-0.748256266117096
0.55922144651413,-0.0357909388840198,1.15894615650177,-0.0652835369110107,0.0665002986788749,0.656522631645203,-0.748527765274048
0.55922144651413,-0.0357909388840198,1.15894615650177,-0.0652835369110107,0.0665002986788749,0.656522631645203,-0.748527765274048
0.559260070323944,-0.0364200919866561,1.15884923934937,-0.0652123168110847,0.0633333697915077,0.655987799167633,-0.749277234077454
0.559307157993317,-0.0367781221866607,1.15859317779541,-0.0648442432284355,0.0620894990861415,0.655615627765656,-0.749738872051239
0.559372961521149,-0.0372125059366226,1.15845036506653,-0.0646234229207038,0.0613609589636325,0.654995739459991,-0.75035947561264
0.559372961521149,-0.0372125059366226,1.15845036506653,-0.0646234229207038,0.0613609589636325,0.654995739459991,-0.75035947561264
0.559687554836273,-0.0379713401198387,1.15832138061523,-0.0638647601008415,0.0588370412588119,0.653766214847565,-0.751697540283203
0.559779167175293,-0.0383215397596359,1.15855777263641,-0.0640018433332443,0.0577041581273078,0.653372824192047,-0.752115607261658
0.559867382049561,-0.038632147014141,1.15835273265839,-0.0638135224580764,0.0559157133102417,0.652927219867706,-0.7526535987854
0.559867382049561,-0.038632147014141,1.15835273265839,-0.0638135224580764,0.0559157133102417,0.652927219867706,-0.7526535987854
0.560078024864197,-0.0394285470247268,1.15825939178467,-0.0631142407655716,0.0536903142929077,0.651479482650757,-0.754127621650696
0.560078024864197,-0.0394285470247268,1.15825939178467,-0.0631142407655716,0.0536903142929077,0.651479482650757,-0.754127621650696
0.560233473777771,-0.0403348952531814,1.15853786468506,-0.0629185810685157,0.0516745932400226,0.649705648422241,-0.755813181400299
0.560504972934723,-0.0406330488622188,1.15850508213043,-0.0630521774291992,0.0505954809486866,0.648907601833344,-0.756560266017914
0.560504972934723,-0.0406330488622188,1.15850508213043,-0.0630521774291992,0.0505954809486866,0.648907601833344,-0.756560266017914
0.560901284217834,-0.0413390174508094,1.15841007232666,-0.063131645321846,0.0484059639275074,0.646686673164368,-0.758595824241638
0.560855388641357,-0.0414414331316947,1.1582795381546,-0.0631685554981231,0.0463874377310276,0.646273016929626,-0.759071230888367
0.56099659204483,-0.041871789842844,1.15838158130646,-0.0627049878239631,0.0454787425696849,0.645212709903717,-0.760065972805023
0.561062574386597,-0.0422643013298511,1.15837216377258,-0.0626619458198547,0.0441343300044536,0.64396744966507,-0.761204063892365
0.561174929141998,-0.0427920445799827,1.15844810009003,-0.0626119971275329,0.0430290736258029,0.642776429653168,-0.76227730512619
0.561272501945496,-0.0432928353548049,1.15856981277466,-0.0621349588036537,0.0425794199109077,0.641542255878448,-0.763380467891693
0.561429023742676,-0.043743185698986,1.15857768058777,-0.0621596239507198,0.0412727184593677,0.639861226081848,-0.764859676361084
0.561672627925873,-0.0442209690809249,1.15854775905609,-0.0623969249427318,0.0404430255293846,0.638394832611084,-0.766108989715576
0.561672627925873,-0.0442209690809249,1.15854775905609,-0.0623969249427318,0.0404430255293846,0.638394832611084,-0.766108989715576
0.561877608299255,-0.0451866835355758,1.15871512889862,-0.06204379722476,0.0386407934129238,0.634954988956451,-0.769083678722382
0.561948418617249,-0.0456103757023811,1.15874481201172,-0.0621109679341316,0.0374383479356765,0.63353031873703,-0.770311594009399
0.562070608139038,-0.0461202412843704,1.15869629383087,-0.0619025193154811,0.0361093766987323,0.632157504558563,-0.771518707275391
0.562278628349304,-0.0469551309943199,1.1587929725647,-0.0619216226041317,0.0362783521413803,0.629552125930786,-0.773636758327484
0.562228798866272,-0.0473288260400295,1.15884208679199,-0.0619958266615867,0.0350239798426628,0.627763211727142,-0.775140821933746
0.562224447727203,-0.0473390780389308,1.15887880325317,-0.0631811693310737,0.0329394675791263,0.626582205295563,-0.776091456413269
0.562224447727203,-0.0473390780389308,1.15887880325317,-0.0631811693310737,0.0329394675791263,0.626582205295563,-0.776091456413269
0.562437117099762,-0.0487478524446487,1.15904211997986,-0.0625658184289932,0.0324874334037303,0.62260115146637,-0.779357373714447
0.5625319480896,-0.0490399710834026,1.15897607803345,-0.0634858831763267,0.0314922593533992,0.62108039855957,-0.780536353588104
0.562486588954926,-0.0490987263619899,1.15912997722626,-0.0644075646996498,0.0290011167526245,0.620135128498077,-0.781308591365814
0.562543094158173,-0.0495764724910259,1.15917265415192,-0.0646941140294075,0.0281276125460863,0.618490934371948,-0.782619118690491
0.562543094158173,-0.0495764724910259,1.15917265415192,-0.0646941140294075,0.0281276125460863,0.618490934371948,-0.782619118690491
0.562863349914551,-0.0506499409675598,1.1592036485672,-0.065132088959217,0.0270338729023933,0.614614605903625,-0.785669088363647
0.562684893608093,-0.0508261397480964,1.15923976898193,-0.0657413527369499,0.0252089034765958,0.613462865352631,-0.78657865524292
0.562851190567017,-0.0509577021002769,1.15936291217804,-0.0660353451967239,0.0244949255138635,0.610712826251984,-0.788713574409485
0.562851190567017,-0.0509577021002769,1.15936291217804,-0.0660353451967239,0.0244949255138635,0.610712826251984,-0.788713574409485
0.562934458255768,-0.0526011362671852,1.15925025939941,-0.0658558309078216,0.0234404318034648,0.608189582824707,-0.790707886219025
0.563050866127014,-0.0527694076299667,1.15937542915344,-0.0676476508378982,0.022521998733282,0.606770396232605,-0.791673064231873
0.563186585903168,-0.0530649349093437,1.15945601463318,-0.0682390704751014,0.021870233118534,0.605167806148529,-0.792866349220276
0.563116788864136,-0.0537617318332195,1.15949749946594,-0.068169467151165,0.0209793001413345,0.60337245464325,-0.794263541698456
0.563321471214294,-0.0539085417985916,1.15955519676208,-0.0693168118596077,0.0201801713556051,0.602247774600983,-0.795038163661957
0.563320875167847,-0.0543715208768844,1.15956592559814,-0.0698325708508491,0.0196583252400159,0.600652039051056,-0.796212375164032
0.563284993171692,-0.0548278465867042,1.15962409973145,-0.0700419172644615,0.0189722087234258,0.599163353443146,-0.797331511974335
0.563321948051453,-0.0550563149154186,1.15967965126038,-0.0700974389910698,0.0183806922286748,0.597000181674957,-0.798961460590363
0.563243389129639,-0.0559823028743267,1.15968632698059,-0.0705899447202682,0.0175362285226583,0.596306025981903,-0.799455285072327
0.563372313976288,-0.0561101995408535,1.15971076488495,-0.0718333199620246,0.0166671462357044,0.59512323141098,-0.800244033336639
0.563304722309113,-0.0565247423946857,1.15974414348602,-0.0721321254968643,0.0160215198993682,0.593581676483154,-0.801374495029449
0.563211977481842,-0.057226825505495,1.15982699394226,-0.0718114897608757,0.0156509000808,0.59196674823761,-0.802604258060455
0.563220500946045,-0.0571888126432895,1.1597763299942,-0.0724985226988792,0.0145788332447409,0.590170562267303,-0.803884446620941
0.563016474246979,-0.0574028678238391,1.15989315509796,-0.072993591427803,0.0131496470421552,0.589178025722504,-0.804592072963715
0.563016474246979,-0.0574028678238391,1.15989315509796,-0.072993591427803,0.0131496470421552,0.589178025722504,-0.804592072963715
0.563117325305939,-0.0586244873702526,1.1599041223526,-0.0745077356696128,0.0123727060854434,0.586706042289734,-0.806270241737366
0.563064992427826,-0.0590063817799091,1.16000473499298,-0.0747208818793296,0.0118438694626092,0.585906267166138,-0.806839644908905
0.562778294086456,-0.0592676103115081,1.16016972064972,-0.0751417577266693,0.0105082690715789,0.584964990615845,-0.807501971721649
0.562737166881561,-0.0599524192512035,1.16022562980652,-0.0744595453143119,0.010914877988398,0.582275629043579,-0.809500992298126
0.562091469764709,-0.060041457414627,1.1600798368454,-0.0754180699586868,0.0079489331692457,0.581544876098633,-0.809971988201141
0.562528848648071,-0.0610246174037456,1.16035449504852,-0.0753490850329399,0.0094135981053113,0.580567300319672,-0.81066370010376
0.5626380443573,-0.0611856505274772,1.1604722738266,-0.0766384378075599,0.0086574144661426,0.579767346382141,-0.811123609542847
0.5626380443573,-0.0611856505274772,1.1604722738266,-0.0766384378075599,0.0086574144661426,0.579767346382141,-0.811123609542847
0.562166333198547,-0.0617341212928295,1.16041159629822,-0.0757615715265274,0.0073210247792303,0.576342165470123,-0.813656210899353
0.562222540378571,-0.0620690248906612,1.16065776348114,-0.0771515220403671,0.0060510616749525,0.575822532176971,-0.81390392780304
0.562178254127502,-0.0625302046537399,1.16081154346466,-0.0781970545649528,0.0054328581318259,0.575183987617493,-0.814259827136993
0.562049865722656,-0.0629125460982322,1.16087675094604,-0.078439675271511,0.0047916141338646,0.57421863079071,-0.814921617507935
0.562049865722656,-0.0629125460982322,1.16087675094604,-0.078439675271511,0.0047916141338646,0.57421863079071,-0.814921617507935
0.562089204788208,-0.0637346282601356,1.16090035438538,-0.0794140174984932,0.0038283413741737,0.571997046470642,-0.816393494606018
0.561685144901276,-0.0639369040727615,1.16082370281219,-0.079831562936306,0.0022951364517211,0.571032583713531,-0.817033350467682
0.561169505119324,-0.0641273632645607,1.16086435317993,-0.0790892615914344,0.0008485261932946,0.569625556468964,-0.818089783191681
0.561494469642639,-0.0650757849216461,1.16110694408417,-0.0792174860835075,0.0020164770539849,0.568938434123993,-0.818553388118744
0.561715364456177,-0.0655946135520935,1.16118335723877,-0.0798282250761985,0.0025221977848559,0.567725896835327,-0.819334149360657
0.561690330505371,-0.0660876259207725,1.16129994392395,-0.0805286541581153,0.0016733861993998,0.567343294620514,-0.819532752037048
0.561655879020691,-0.0665734708309173,1.16135191917419,-0.0804416537284851,0.0016088316915556,0.566493690013885,-0.820128858089447
0.561569511890411,-0.0668912306427955,1.16132235527039,-0.0803139880299568,0.0013094098540022,0.565383613109589,-0.820907652378082
0.561454772949219,-0.0672381073236465,1.16129732131958,-0.0806370303034782,0.0005634553381241,0.564400970935822,-0.821552813053131
0.56138414144516,-0.0677292197942733,1.16137862205505,-0.080638900399208,0.0003011229564435,0.563469052314758,-0.822192192077637
0.560776233673096,-0.067374050617218,1.16144454479218,-0.0820565000176429,-0.0021417995449155,0.562412679195404,-0.822772264480591
0.561080634593964,-0.0679686367511749,1.16146397590637,-0.0827222764492034,-0.0018258870113641,0.561882317066193,-0.823068737983704
0.561080634593964,-0.0679686367511749,1.16146397590637,-0.0827222764492034,-0.0018258870113641,0.561882317066193,-0.823068737983704
0.560651659965515,-0.0687891766428947,1.16131103038788,-0.0822011455893516,-0.0030260370112955,0.560488641262054,-0.824066996574402
0.560651659965515,-0.0687891766428947,1.16131103038788,-0.0822011455893516,-0.0030260370112955,0.560488641262054,-0.824066996574402
0.560875773429871,-0.0696686804294586,1.16178297996521,-0.0832980349659919,-0.0021267454139888,0.559064567089081,-0.824926555156708
0.561157941818237,-0.0703930556774139,1.16170573234558,-0.083223633468151,-0.0011616997653618,0.558079898357391,-0.825602352619171
0.561094701290131,-0.0710301101207733,1.16171991825104,-0.0837230682373046,-0.0016459757462143,0.558106780052185,-0.825532913208008
0.560767769813538,-0.0709564089775085,1.16175711154938,-0.0843676626682281,-0.003076852299273,0.557573616504669,-0.825823426246643
0.560802757740021,-0.0713949427008628,1.16177344322205,-0.0842913314700126,-0.0028616287745535,0.556244373321533,-0.826727867126465
0.560802757740021,-0.0713949427008628,1.16177344322205,-0.0842913314700126,-0.0028616287745535,0.556244373321533,-0.826727867126465
0.561055302619934,-0.0724676996469497,1.16174340248108,-0.0838541761040687,-0.0018923167372122,0.555530607700348,-0.827254951000214
0.560980916023254,-0.0728153213858604,1.16182935237885,-0.0847096592187881,-0.0024114232510328,0.554790019989014,-0.827663362026215
0.56095153093338,-0.0732018947601318,1.16179847717285,-0.0849309861660003,-0.0027481797151267,0.554195165634155,-0.828038036823273
0.560993552207947,-0.0737695395946502,1.16177618503571,-0.085671417415142,-0.0029610856436192,0.554063260555267,-0.828049182891846
0.56098198890686,-0.0739144086837768,1.16179656982422,-0.085414245724678,-0.0028471748810261,0.552883982658386,-0.828864097595215
0.56098198890686,-0.0739144086837768,1.16179656982422,-0.085414245724678,-0.0028471748810261,0.552883982658386,-0.828864097595215
0.560616552829742,-0.0744964256882667,1.16184508800507,-0.0856325104832649,-0.0040281950496137,0.552547872066498,-0.829060792922974
0.560603260993958,-0.0748449489474296,1.1618138551712,-0.0856136009097099,-0.003993350546807,0.552316427230835,-0.829217076301575
0.560861945152283,-0.0754295289516449,1.16181933879852,-0.085626296699047,-0.0030292589217424,0.551866412162781,-0.829519510269165
0.560729146003723,-0.075809545814991,1.16193354129791,-0.085305780172348,-0.0029124845750629,0.552043497562408,-0.829435050487518
0.560807883739471,-0.0760403126478195,1.16198432445526,-0.0857243984937667,-0.0029887550044804,0.551737606525421,-0.82959508895874
0.560772180557251,-0.0763667374849319,1.16206836700439,-0.0861258879303932,-0.0032174489460885,0.551227807998657,-0.829891502857208
0.560762286186218,-0.0766649097204208,1.16208696365356,-0.086315669119358,-0.0033316290937364,0.551006734371185,-0.830018162727356
0.560762286186218,-0.0766649097204208,1.16208696365356,-0.086315669119358,-0.0033316290937364,0.551006734371185,-0.830018162727356
0.560640215873718,-0.077371709048748,1.16211879253387,-0.0862915515899658,-0.0033958812709897,0.550859332084656,-0.830118238925934
0.560680687427521,-0.0777210146188736,1.16217029094696,-0.08627799898386,-0.0029518750961869,0.550869107246399,-0.830114841461182
0.560777485370636,-0.0781507492065429,1.16224575042725,-0.0865134000778198,-0.0026889573782682,0.551103830337524,-0.829935491085052
0.560777485370636,-0.0781507492065429,1.16224575042725,-0.0865134000778198,-0.0026889573782682,0.551103830337524,-0.829935491085052
0.560785889625549,-0.0786186903715133,1.16224050521851,-0.0871339589357376,-0.0028532568830996,0.550703823566437,-0.830135524272919
0.560694217681885,-0.0788670629262924,1.16221046447754,-0.0868079960346221,-0.0027386944275349,0.550179541110992,-0.830517530441284
0.560691356658936,-0.0791405513882637,1.16224527359009,-0.0868684574961662,-0.0026049860753118,0.550189018249512,-0.830505311489105
0.560683071613312,-0.0793659165501594,1.16226983070374,-0.0868853852152824,-0.0025021047331392,0.550161957740784,-0.830521821975708
0.560683071613312,-0.0793659165501594,1.16226983070374,-0.0868853852152824,-0.0025021047331392,0.550161957740784,-0.830521821975708
0.560684084892273,-0.0797648727893829,1.16231632232666,-0.0871458053588867,-0.0023136604577302,0.550284326076508,-0.830414056777954
0.560684084892273,-0.0797648727893829,1.16231632232666,-0.0871458053588867,-0.0023136604577302,0.550284326076508,-0.830414056777954
0.560591161251068,-0.079959861934185,1.16231739521027,-0.0875269323587417,-0.0026529950555413,0.550451099872589,-0.830262422561646
0.560651838779449,-0.0806102156639099,1.16237127780914,-0.0869301781058311,-0.00181894027628,0.551356196403503,-0.829726576805115
0.560656547546387,-0.0808228179812431,1.16239297389984,-0.0869641155004501,-0.0016623443225398,0.551719427108765,-0.829481899738312
0.560809671878815,-0.0809193775057792,1.16247534751892,-0.0871030762791633,-0.0013014497235417,0.551971077919006,-0.82930052280426
0.560809671878815,-0.0809193775057792,1.16247534751892,-0.0871030762791633,-0.0013014497235417,0.551971077919006,-0.82930052280426
0.560904681682587,-0.081421360373497,1.16244804859161,-0.0876253768801689,-0.0008968569454737,0.553512334823608,-0.828218042850494
0.560976684093475,-0.0816328451037406,1.16237723827362,-0.0876756012439727,-0.0007569803274236,0.554399788379669,-0.827619075775146
0.560834884643555,-0.0819479152560234,1.16225290298462,-0.0867754518985748,-0.0005213168915361,0.55494624376297,-0.827347815036774
0.560834884643555,-0.0819479152560234,1.16225290298462,-0.0867754518985748,-0.0005213168915361,0.55494624376297,-0.827347815036774
0.560977041721344,-0.0823622271418571,1.16222333908081,-0.0871509760618209,-5.80366322537884e-05,0.556589961051941,-0.826203644275665
0.561075448989868,-0.0825980603694915,1.16219544410706,-0.0873250216245651,5.40909968549386e-05,0.557983875274658,-0.82524436712265
0.561140060424805,-0.0828250795602798,1.16219985485077,-0.0875037163496017,0.0005172411911189,0.559134066104889,-0.824446499347687
0.561091661453247,-0.0828987807035446,1.16217923164368,-0.0874274000525474,0.0008592985104769,0.559566736221313,-0.824160635471344
0.561224400997162,-0.0831197947263717,1.16208791732788,-0.0875046327710151,0.0010699644917622,0.560770153999329,-0.823333859443665
0.561212539672852,-0.0832281112670898,1.16194045543671,-0.0878362953662872,0.0010093359742313,0.561851441860199,-0.822561085224152
0.56103777885437,-0.0831445977091789,1.16193890571594,-0.0880452618002891,0.0001826944644562,0.563614726066589,-0.821332097053528
0.561367034912109,-0.083562433719635,1.16181540489197,-0.0886714980006218,0.001249514054507,0.565248131752014,-0.820140540599823
0.561600208282471,-0.0837023630738258,1.161776304245,-0.0877176895737648,0.001619802089408,0.566898286342621,-0.819102823734283
0.561582326889038,-0.0837428718805313,1.16164660453796,-0.0881692990660667,0.001846601604484,0.568029046058655,-0.818270027637482
0.561658501625061,-0.0838422551751136,1.16156697273254,-0.0882342234253883,0.0020542684942483,0.569425225257874,-0.817291498184204
0.561854124069214,-0.0839031040668487,1.16151857376099,-0.0884533077478408,0.0026577354874461,0.570746660232544,-0.816343724727631
0.561854124069214,-0.0839031040668487,1.16151857376099,-0.0884533077478408,0.0026577354874461,0.570746660232544,-0.816343724727631
0.561758279800415,-0.084269180893898,1.16140937805176,-0.0887825936079025,0.0026401008944958,0.575135886669159,-0.813221633434296
0.561802685260773,-0.0843611359596252,1.16130757331848,-0.0888334885239601,0.0029462468810379,0.576903820037842,-0.811961829662323
0.561981916427612,-0.0843487381935119,1.16128778457642,-0.0892440155148506,0.0035415040329098,0.578626573085785,-0.81068754196167
0.561981916427612,-0.0843487381935119,1.16128778457642,-0.0892440155148506,0.0035415040329098,0.578626573085785,-0.81068754196167
0.56204354763031,-0.0844947099685669,1.16119480133057,-0.0901697799563407,0.0044749299995601,0.582047402858734,-0.808127582073212
0.562045454978943,-0.084498755633831,1.16117858886719,-0.0899922102689743,0.0051287054084241,0.583437621593475,-0.807140409946442
0.562051236629486,-0.0846413224935531,1.16106534004211,-0.0901401713490486,0.0053454274311661,0.58586710691452,-0.805360794067383
0.56213253736496,-0.0845664218068122,1.16100311279297,-0.0904903337359428,0.0056374724954366,0.587833642959595,-0.803885221481323
0.56213253736496,-0.0845664218068122,1.16100311279297,-0.0904903337359428,0.0056374724954366,0.587833642959595,-0.803885221481323
0.562150478363037,-0.0847107470035553,1.16083955764771,-0.090660959482193,0.006473540328443,0.592033863067627,-0.800771296024323
0.562387645244598,-0.0844927504658699,1.16084265708923,-0.0913987159729003,0.0069941924884915,0.593886971473694,-0.799309492111206
0.562315583229065,-0.0844565331935882,1.16074025630951,-0.0913794711232185,0.007387401536107,0.595886945724487,-0.797818303108215
0.562334954738617,-0.0843854397535324,1.16072678565979,-0.0912178754806518,0.0079597067087888,0.598051011562347,-0.796210408210754
0.562244772911072,-0.0844639986753463,1.16060447692871,-0.0909571945667266,0.008297411724925,0.600365221500397,-0.79449337720871
0.562205791473389,-0.0843457803130149,1.16051781177521,-0.0910620838403701,0.0086108241230249,0.602524220943451,-0.792841792106628
0.562256455421448,-0.0843124315142631,1.16044592857361,-0.0912059620022773,0.0090128630399703,0.60466867685318,-0.791186511516571
0.562255799770355,-0.084274984896183,1.16032671928406,-0.0912548676133155,0.0096096126362681,0.606784522533417,-0.789552271366119
0.562367737293243,-0.0841763913631439,1.16033256053925,-0.091753140091896,0.0101591246202588,0.609617412090302,-0.787302315235138
0.562306880950928,-0.0839800387620925,1.16024875640869,-0.0916214883327484,0.0106736114248633,0.611366152763367,-0.78595358133316
0.562276661396027,-0.0839760154485702,1.16009640693665,-0.0918685048818588,0.0110618276521563,0.61375904083252,-0.784052073955536
0.562123477458954,-0.0840179249644279,1.16004860401154,-0.0915495008230209,0.0115235168486833,0.615637600421906,-0.782608687877655
0.562091112136841,-0.0839108973741531,1.15991187095642,-0.0916552320122718,0.0120090469717979,0.617757678031921,-0.780916512012482
0.562091112136841,-0.0839108973741531,1.15991187095642,-0.0916552320122718,0.0120090469717979,0.617757678031921,-0.780916512012482
0.562122642993927,-0.0835872218012809,1.15971171855927,-0.0918921083211898,0.013013957068324,0.622238039970398,-0.777307093143463
0.562107443809509,-0.0834320783615112,1.15963792800903,-0.0918910428881645,0.0137430196627974,0.624186098575592,-0.775731146335602
0.562138736248016,-0.0833312422037124,1.15946626663208,-0.0923419669270515,0.0141625218093395,0.625651121139526,-0.774488866329193
0.562289834022522,-0.0829529762268066,1.15932774543762,-0.0915846675634384,0.0148867154493927,0.6269651055336,-0.773502111434937
0.562073886394501,-0.0827929377555847,1.15906178951263,-0.0911742821335792,0.0155580407008528,0.62870329618454,-0.77212530374527
0.562296271324158,-0.082393579185009,1.15921545028687,-0.0933219268918037,0.0157922990620136,0.632960259914398,-0.768376886844635
0.562349379062653,-0.0821993798017501,1.15916657447815,-0.0934571400284767,0.0165683347731828,0.634991466999054,-0.766666293144226
0.562090694904327,-0.0818225443363189,1.15910148620605,-0.0934372022747993,0.0167492982000112,0.637237906455994,-0.764798581600189
0.56196141242981,-0.0820028111338615,1.15897238254547,-0.0930217280983924,0.0178487412631511,0.638547539710999,-0.763731241226196
0.561902761459351,-0.0811727195978164,1.15891897678375,-0.0935091227293014,0.0174356456845998,0.641070127487183,-0.761564970016479
0.561924517154694,-0.0809376463294029,1.15885639190674,-0.094004288315773,0.0180727206170558,0.642982423305511,-0.759875118732452
0.56187641620636,-0.0805871114134788,1.15874099731445,-0.094107985496521,0.0187214408069849,0.64492791891098,-0.75819605588913
0.56187641620636,-0.0805871114134788,1.15874099731445,-0.094107985496521,0.0187214408069849,0.64492791891098,-0.75819605588913
0.561748683452606,-0.0805770456790924,1.15855729579926,-0.0934264734387397,0.0210825856775045,0.647653818130493,-0.75589120388031
0.561748683452606,-0.0805770456790924,1.15855729579926,-0.0934264734387397,0.0210825856775045,0.647653818130493,-0.75589120388031
0.561691522598267,-0.0799925401806831,1.15856969356537,-0.09319469332695,0.0221978761255741,0.651502728462219,-0.752573132514954
0.561640799045563,-0.0796418860554695,1.15856790542603,-0.0935743600130081,0.0231431555002927,0.653107762336731,-0.751104831695557
0.561371088027954,-0.0784217193722724,1.15860438346863,-0.093650959432125,0.02073192037642,0.656532227993011,-0.748174488544464
0.561482965946198,-0.0786033570766449,1.15824854373932,-0.0928321033716201,0.0220635365694761,0.657554566860199,-0.747340202331543
0.561106503009796,-0.0780933871865272,1.1582350730896,-0.0912693887948989,0.0228865835815668,0.657883167266846,-0.747218787670135
0.561056554317474,-0.0777034759521484,1.15822422504425,-0.0912679135799408,0.0238042660057544,0.659649431705475,-0.745631396770477
0.561250150203705,-0.0767736434936523,1.15829026699066,-0.0936362296342849,0.023050270974636,0.663864552974701,-0.741609632968903
0.561008155345917,-0.076267659664154,1.15823841094971,-0.0943825393915176,0.0225511938333511,0.665315389633179,-0.740228950977325
0.560984790325165,-0.0763177052140235,1.15847718715668,-0.0933029949665069,0.0239446777850389,0.666729629039764,-0.739048659801483
0.560932457447052,-0.0752945467829704,1.1585533618927,-0.0942087471485138,0.0232131369411945,0.669179260730743,-0.736739456653595
0.560694932937622,-0.0747723281383514,1.15798628330231,-0.0937473401427269,0.0238236468285322,0.670862913131714,-0.735246241092682
0.560628294944763,-0.0742522850632667,1.15791070461273,-0.0934649780392646,0.0240301229059696,0.671996116638184,-0.734239757061005
0.560628294944763,-0.0742522850632667,1.15791070461273,-0.0934649780392646,0.0240301229059696,0.671996116638184,-0.734239757061005
0.560594975948334,-0.0736841410398483,1.15798139572144,-0.0932651385664939,0.0254775173962116,0.674531400203705,-0.731888055801392
0.560241043567657,-0.0724935159087181,1.15782189369202,-0.0933195576071739,0.0242961663752794,0.676564693450928,-0.730042040348053
0.560160338878632,-0.0726245790719986,1.15770709514618,-0.0932188108563423,0.0254654753953218,0.677674889564514,-0.728984594345093
0.560160338878632,-0.0726245790719986,1.15770709514618,-0.0932188108563423,0.0254654753953218,0.677674889564514,-0.728984594345093
0.560104131698608,-0.0713112354278564,1.15791630744934,-0.0920234844088554,0.0266927909106016,0.68086051940918,-0.726118624210358
0.559933662414551,-0.0708001852035522,1.15788555145264,-0.0921731740236282,0.0264857560396194,0.682023584842682,-0.725014865398407
0.559852957725525,-0.0701178014278411,1.15796911716461,-0.0920964255928993,0.026623822748661,0.683428764343262,-0.723695158958435
0.559607088565826,-0.0686553716659545,1.15803897380829,-0.0937155932188034,0.0249255914241075,0.684666275978088,-0.722376823425293
0.559666931629181,-0.0685930103063583,1.15744400024414,-0.0915819704532623,0.0267741158604621,0.686299383640289,-0.721033334732056
0.559580624103546,-0.0679061412811279,1.15792751312256,-0.0909327566623687,0.0274023357778787,0.688060820102692,-0.719411313533783
0.559439241886139,-0.0673535764217376,1.15810799598694,-0.0910903289914131,0.0274472944438457,0.689511060714722,-0.717999756336212
0.55989021062851,-0.0665428265929222,1.15759909152985,-0.0913053452968597,0.0267448592931032,0.689944982528687,-0.717582166194916
0.55933690071106,-0.0658711269497871,1.15744996070862,-0.0903777480125427,0.0272414237260818,0.692324995994568,-0.715385258197784
0.559776902198792,-0.0650630444288253,1.15761423110962,-0.090584211051464,0.0268770158290863,0.692813396453857,-0.714899837970734
0.55860161781311,-0.0636461302638053,1.15759778022766,-0.0889467522501945,0.0245225150138139,0.692751109600067,-0.715250432491302
0.558636128902435,-0.0628428980708122,1.15757691860199,-0.0879570171236991,0.0250615328550338,0.693933486938477,-0.714207172393799
0.558833718299866,-0.0622734352946281,1.15764820575714,-0.0888937786221504,0.0249384958297014,0.697269856929779,-0.710838139057159
0.558701872825623,-0.0615162961184978,1.15790069103241,-0.088562935590744,0.0243962667882442,0.698674142360687,-0.709518194198608
0.558452248573303,-0.0605798698961734,1.15785145759583,-0.0866520628333091,0.0248727705329656,0.69883131980896,-0.709582805633545
0.558727622032166,-0.0600678212940692,1.15750980377197,-0.0877929106354713,0.0248458199203014,0.701739549636841,-0.706566751003265
0.558649003505707,-0.0593054853379726,1.15743935108185,-0.0871364846825599,0.0253083258867263,0.70317280292511,-0.70520544052124
0.558653295040131,-0.0585963129997253,1.15741622447968,-0.0867516845464706,0.0250132642686367,0.704647600650787,-0.703789949417114
0.558666110038757,-0.0578666850924491,1.15762221813202,-0.0852450802922248,0.025597047060728,0.705564439296722,-0.703034102916718
0.558634400367737,-0.0571501553058624,1.15741431713104,-0.0847665444016456,0.0254693757742643,0.706905841827393,-0.701747834682465
0.558562338352203,-0.0562696270644664,1.15720558166504,-0.0830397456884384,0.0257459357380867,0.706753969192505,-0.702097177505493
0.558624625205994,-0.0556202158331871,1.1571056842804,-0.0821221843361854,0.026209132745862,0.707524061203003,-0.70141190290451
0.558546960353851,-0.055086150765419,1.15703344345093,-0.0810887515544891,0.026744844391942,0.708716988563538,-0.700306832790375
0.558819532394409,-0.0542713813483715,1.1570086479187,-0.0825140178203582,0.0258659832179546,0.711712837219238,-0.697127997875214
0.558900833129883,-0.0535459741950035,1.15700805187225,-0.0818209871649742,0.0260382760316133,0.712896943092346,-0.695992350578308
0.558900833129883,-0.0535459741950035,1.15700805187225,-0.0818209871649742,0.0260382760316133,0.712896943092346,-0.695992350578308
0.559109687805176,-0.0520882159471511,1.15685021877289,-0.0800717771053314,0.0263616740703582,0.715000212192535,-0.694023251533508
0.558662056922913,-0.0516100004315376,1.15679967403412,-0.0778975263237953,0.0265004113316535,0.714355289936066,-0.694929003715515
0.558681726455688,-0.0508554801344871,1.15679574012756,-0.0768709033727645,0.026784649118781,0.715127348899841,-0.694238066673279
0.558681726455688,-0.0508554801344871,1.15679574012756,-0.0768709033727645,0.026784649118781,0.715127348899841,-0.694238066673279
0.55924129486084,-0.0492772608995437,1.15660107135773,-0.0771552994847297,0.0260044634342193,0.718639254570007,-0.690600156784058
0.55924129486084,-0.0492772608995437,1.15660107135773,-0.0771552994847297,0.0260044634342193,0.718639254570007,-0.690600156784058
0.559531390666962,-0.0479775033891201,1.15648138523102,-0.0756192505359649,0.02638172917068,0.7202228307724,-0.689104437828064
0.559138178825378,-0.047437310218811,1.15638661384583,-0.0739963948726654,0.0262395534664392,0.71989905834198,-0.689624130725861
0.559329569339752,-0.0467797741293907,1.15623235702515,-0.0732189863920211,0.0263831596821546,0.720664441585541,-0.688901960849762
0.559329569339752,-0.0467797741293907,1.15623235702515,-0.0732189863920211,0.0263831596821546,0.720664441585541,-0.688901960849762
0.560226738452911,-0.0463430434465408,1.15610408782959,-0.0716088488698005,0.0287670474499464,0.722115755081177,-0.687454462051392
0.560269892215729,-0.0457505173981189,1.15603613853455,-0.0709597170352935,0.0287264641374349,0.722963154315948,-0.686632335186005
0.56056946516037,-0.0451982133090496,1.15599548816681,-0.0717059299349784,0.028549775481224,0.724848687648773,-0.684571206569672
0.56056946516037,-0.0451982133090496,1.15599548816681,-0.0717059299349784,0.028549775481224,0.724848687648773,-0.684571206569672
0.560366690158844,-0.0439725220203399,1.15588808059692,-0.0692469254136085,0.0278309118002653,0.725487351417542,-0.684177219867706
0.560459196567535,-0.0434674434363842,1.15591239929199,-0.0684772059321403,0.0279526449739933,0.726140975952148,-0.683555901050568
0.560546576976776,-0.0428797155618667,1.15579748153687,-0.0672944486141204,0.027943855151534,0.726692855358124,-0.683087289333344
0.560546576976776,-0.0428797155618667,1.15579748153687,-0.0672944486141204,0.027943855151534,0.726692855358124,-0.683087289333344
0.560687839984894,-0.041702963411808,1.15562880039215,-0.0667546764016151,0.0273733846843242,0.728257536888123,-0.681495130062103
0.560130000114441,-0.0402429960668087,1.15564286708832,-0.0665014237165451,0.0241460334509611,0.729055523872375,-0.680788218975067
0.560096323490143,-0.0398056432604789,1.15566718578339,-0.0656786635518074,0.0240763034671545,0.729795038700104,-0.680077791213989
0.560218751430511,-0.0391977988183498,1.15560829639435,-0.065197542309761,0.0240037627518177,0.730251014232635,-0.67963695526123
0.560184240341187,-0.0386340916156768,1.15553390979767,-0.0643506795167923,0.0236942358314991,0.730838298797607,-0.6790971159935
0.56018728017807,-0.0380332581698894,1.15542900562286,-0.0635819658637046,0.0235156212002038,0.731526374816895,-0.678434669971466
0.560296893119812,-0.0374617576599121,1.15536212921143,-0.0633313208818435,0.0233798027038574,0.732125580310822,-0.677816152572632
0.560348451137543,-0.0362265519797802,1.15517544746399,-0.0637272000312805,0.0223890133202075,0.733237147331238,-0.676609754562378
0.560348451137543,-0.0362265519797802,1.15517544746399,-0.0637272000312805,0.0223890133202075,0.733237147331238,-0.676609754562378
0.560374975204468,-0.0357631482183933,1.15501749515533,-0.0612385496497154,0.0225891955196857,0.73348993062973,-0.676559150218964
0.560341954231262,-0.0352981984615325,1.15495634078979,-0.0605399496853351,0.0228159446269273,0.733886122703552,-0.676184475421906
0.560412049293518,-0.0348706431686878,1.1549072265625,-0.0602250434458255,0.022961962968111,0.734313130378723,-0.675744116306305
0.560494661331177,-0.0341716296970844,1.15491008758545,-0.059645652770996,0.022799739614129,0.734850525856018,-0.675216615200043
0.560413599014282,-0.0336809530854225,1.15479826927185,-0.0593083091080188,0.022151943296194,0.735421419143677,-0.674645900726318
0.560620725154877,-0.0330636575818061,1.15437233448029,-0.0590519495308399,0.0223152115941047,0.735662937164307,-0.674399614334106
0.560721576213837,-0.0325048007071018,1.15431427955627,-0.0584146529436111,0.0225301440805196,0.736049830913544,-0.67402595281601
0.561009705066681,-0.031869564205408,1.15485632419586,-0.0572524182498455,0.0218419637531042,0.735493421554565,-0.674755215644836
0.561009705066681,-0.031869564205408,1.15485632419586,-0.0572524182498455,0.0218419637531042,0.735493421554565,-0.674755215644836
0.561177432537079,-0.0306882634758949,1.15468525886536,-0.0567144490778446,0.0214355550706386,0.736441373825073,-0.673779010772705
0.561327755451202,-0.030110377818346,1.15446245670319,-0.0565729029476642,0.0214433744549751,0.736908197402954,-0.673280000686646
0.561370551586151,-0.0295650716871023,1.15440797805786,-0.0566382855176925,0.0215260852128267,0.737355828285217,-0.672781825065613
0.561413764953613,-0.0289551559835672,1.15433263778687,-0.0561192966997623,0.0212536826729774,0.737906277179718,-0.672230064868927
0.561614811420441,-0.0283598117530345,1.15431070327759,-0.056115698069334,0.0213012620806694,0.738414227962494,-0.671670794487
0.561614811420441,-0.0283598117530345,1.15431070327759,-0.056115698069334,0.0213012620806694,0.738414227962494,-0.671670794487
0.562830626964569,-0.0269774682819843,1.15424883365631,-0.0579829663038253,0.0228171274065971,0.739686489105225,-0.670060694217682
0.563060820102692,-0.0264236871153116,1.15431475639343,-0.0579174794256687,0.0229883082211017,0.740368068218231,-0.669307231903076
0.562682151794434,-0.0261044036597013,1.15417993068695,-0.0580344684422016,0.0228697098791599,0.742317736148834,-0.667138338088989
0.562808871269226,-0.0255643762648105,1.1542786359787,-0.0577103421092033,0.0233148820698261,0.742802321910858,-0.666611433029175
0.563022494316101,-0.0250044111162424,1.15416741371155,-0.0574987530708313,0.0237688496708869,0.743345201015472,-0.666008174419403
0.563062191009521,-0.0245160404592752,1.1540459394455,-0.0572943985462188,0.0239133089780807,0.743834853172302,-0.665473699569702
0.562999963760376,-0.0239503942430019,1.15394771099091,-0.0568986237049102,0.0237684566527605,0.744489312171936,-0.664780676364899
0.563159286975861,-0.0233190581202507,1.1539169549942,-0.0568577870726585,0.0240196082741022,0.745074868202209,-0.664118766784668
0.56332665681839,-0.0228308551013469,1.15390062332153,-0.056889709085226,0.02455260977149,0.745535016059875,-0.663579881191254
0.563556551933289,-0.0222565308213233,1.15379130840302,-0.05669467151165,0.024870054796338,0.746232211589813,-0.662800669670105
0.563769578933716,-0.0217279493808746,1.1537469625473,-0.0568291880190372,0.0254534911364316,0.746589481830597,-0.662364423274994
0.563806593418121,-0.0211387984454631,1.15376937389374,-0.056841529905796,0.025166867300868,0.747169852256775,-0.661719858646393
0.563806593418121,-0.0211387984454631,1.15376937389374,-0.056841529905796,0.025166867300868,0.747169852256775,-0.661719858646393
0.563648521900177,-0.020097654312849,1.15376269817352,-0.0552926585078239,0.0263960380107164,0.747735798358917,-0.661163449287415
0.564007580280304,-0.0194382667541503,1.15359997749329,-0.0559533648192882,0.0268028210848569,0.748727858066559,-0.659967839717865
0.564007580280304,-0.0194382667541503,1.15359997749329,-0.0559533648192882,0.0268028210848569,0.748727858066559,-0.659967839717865
0.56422883272171,-0.0181907750666141,1.15357768535614,-0.0558943264186382,0.0271604675799608,0.749753773212433,-0.658792316913605
0.564393699169159,-0.0176571309566497,1.15354108810425,-0.0555966272950172,0.0283097457140684,0.750115275382996,-0.658357560634613
0.564661800861359,-0.0171068664640188,1.15386509895325,-0.0557349771261215,0.0288879219442605,0.750765383243561,-0.657579243183136
0.565273642539978,-0.0167533177882432,1.15391099452972,-0.0557088442146778,0.0314297750592231,0.750497281551361,-0.657770991325378
0.565152585506439,-0.0160716958343982,1.15369868278503,-0.055615272372961,0.031560406088829,0.750892817974091,-0.657321035861969
0.565311968326569,-0.0154139269143342,1.1537299156189,-0.0555733814835548,0.032167512923479,0.751469314098358,-0.65663605928421
0.564809501171112,-0.0145744225010275,1.15380501747131,-0.0549675710499286,0.0314216576516628,0.752158224582672,-0.655933856964111
0.565573632717133,-0.0141527587547898,1.15368711948395,-0.055768184363842,0.0333107747137546,0.751866340637207,-0.656107664108276
0.565085589885712,-0.0131829548627138,1.15370345115662,-0.0551080517470836,0.0325587801635265,0.752932012081146,-0.654978156089783
0.565784513950348,-0.0128135979175567,1.15352892875671,-0.0557331852614879,0.0347505025565624,0.752540826797485,-0.655262172222137
0.565674006938934,-0.0121303182095289,1.15358638763428,-0.0552841275930404,0.0355359315872192,0.752964973449707,-0.654770612716675
0.565674006938934,-0.0121303182095289,1.15358638763428,-0.0552841275930404,0.0355359315872192,0.752964973449707,-0.654770612716675
0.565591752529144,-0.0106750233098864,1.15363562107086,-0.0549527071416378,0.0363253206014633,0.753381192684174,-0.654276371002197
0.565332412719727,-0.0097161047160625,1.15365934371948,-0.0545488893985748,0.0356722846627235,0.753967463970184,-0.653670370578766
0.565362155437469,-0.0089764324948191,1.15363097190857,-0.0545973964035511,0.0362555235624313,0.754165053367615,-0.653406262397766
0.565449416637421,-0.0083250738680362,1.15372383594513,-0.0545728281140327,0.036640141159296,0.754316329956055,-0.653212130069733
0.565449416637421,-0.0083250738680362,1.15372383594513,-0.0545728281140327,0.036640141159296,0.754316329956055,-0.653212130069733
0.565519213676453,-0.0068757617846131,1.15391302108765,-0.0542678460478782,0.0377140156924724,0.754388034343719,-0.653093695640564
0.566010057926178,-0.006469942163676,1.15378987789154,-0.0544845573604106,0.0402486324310302,0.753736436367035,-0.653676390647888
0.565985977649689,-0.0057688136585056,1.15381789207458,-0.054313488304615,0.0402610376477241,0.753875076770782,-0.653530061244965
0.565985977649689,-0.0057688136585056,1.15381789207458,-0.054313488304615,0.0402610376477241,0.753875076770782,-0.653530061244965
0.565633356571198,-0.0041827922686934,1.15387177467346,-0.0540167093276977,0.0404315069317817,0.754051566123962,-0.653340518474579
0.566404700279236,-0.0036899836268275,1.15390467643738,-0.0544809103012084,0.0433053486049175,0.75307035446167,-0.654248893260956
0.566404700279236,-0.0036899836268275,1.15390467643738,-0.0544809103012084,0.0433053486049175,0.75307035446167,-0.654248893260956
0.566410899162292,-0.0024362548720091,1.15407955646515,-0.0542667247354984,0.0445969440042972,0.752817690372467,-0.654470562934875
0.566410899162292,-0.0024362548720091,1.15407955646515,-0.0542667247354984,0.0445969440042972,0.752817690372467,-0.654470562934875
0.565892279148102,-0.0008783730445429,1.15391635894775,-0.0537791289389133,0.0446622371673584,0.752641797065735,-0.654708564281464
0.565489172935486,-0.0003092634433414,1.15408253669739,-0.0525325611233711,0.0450287498533725,0.751628756523132,-0.655947387218475
0.565869450569153,0.0004081322695128,1.15402221679688,-0.0535540990531444,0.0457885228097438,0.751885831356049,-0.65551745891571
0.565869450569153,0.0004081322695128,1.15402221679688,-0.0535540990531444,0.0457885228097438,0.751885831356049,-0.65551745891571
0.565981984138489,0.0015488457866013,1.15404224395752,-0.0536594837903976,0.0474890321493148,0.751072227954865,-0.656320035457611
0.566269338130951,0.002256596693769,1.15403032302856,-0.0530914813280105,0.0484796166419982,0.749880909919739,-0.657654583454132
0.564883232116699,0.0022119944915175,1.15411567687988,-0.0504577979445457,0.0477799288928508,0.749091327190399,-0.65881210565567
0.564877569675446,0.0027545804623514,1.15412712097168,-0.0501260310411453,0.0487537644803524,0.748525738716125,-0.659408569335938
0.564862608909607,0.0035033200401812,1.15403401851654,-0.0501488409936428,0.0491647385060787,0.748211264610291,-0.65973311662674
0.564867556095123,0.0041036806069314,1.15418255329132,-0.0502003245055675,0.0498482659459114,0.74766081571579,-0.660301685333252
0.565061390399933,0.0046481043100357,1.15422677993774,-0.0492766797542572,0.0513704642653465,0.746499240398407,-0.661567687988281
0.565051138401031,0.0052344831638038,1.15419673919678,-0.049759168177843,0.0517736189067363,0.74594783782959,-0.662121832370758
0.565079629421234,0.0057779150083661,1.15422129631042,-0.0496616475284099,0.0523295402526855,0.745148479938507,-0.66298508644104
0.564998924732208,0.0064743398688733,1.15424787998199,-0.0492261797189712,0.0528344996273517,0.744238436222076,-0.663998901844025
0.565081179141998,0.0070161945186555,1.15436339378357,-0.0491515025496482,0.0537547767162323,0.743385374546051,-0.664885580539703
0.564743340015411,0.0074901040643453,1.15432870388031,-0.0479543656110763,0.0546869672834873,0.74191951751709,-0.666532337665558
0.564743340015411,0.0074901040643453,1.15432870388031,-0.0479543656110763,0.0546869672834873,0.74191951751709,-0.666532337665558
0.565087854862213,0.0086672259494662,1.15433263778687,-0.0489511676132679,0.0562929771840572,0.741212129592896,-0.667112946510315
0.565087854862213,0.0086672259494662,1.15433263778687,-0.0489511676132679,0.0562929771840572,0.741212129592896,-0.667112946510315
0.565006911754608,0.0098002441227436,1.15445470809937,-0.0490370504558086,0.0575477257370948,0.739336252212524,-0.669078230857849
0.564717411994934,0.010087083093822,1.15443563461304,-0.0478139147162437,0.0584849789738655,0.737661182880402,-0.67093163728714
0.56499969959259,0.0108222626149654,1.15438675880432,-0.0488177575170993,0.0588654018938541,0.73744398355484,-0.671065032482147
0.565035462379456,0.0114128403365612,1.15442824363708,-0.0491244010627269,0.0592164471745491,0.736711978912354,-0.671815276145935
0.564743757247925,0.0119076026603579,1.1543345451355,-0.0480629503726959,0.05985689163208,0.735343217849731,-0.67333310842514
0.565158784389496,0.012504425831139,1.15422797203064,-0.0483227744698524,0.0614263378083705,0.734837174415588,-0.673725545406342
0.565370976924896,0.0129119846969842,1.15438508987427,-0.04844406619668,0.0625228583812713,0.734006822109222,-0.674520552158356
0.565596044063568,0.0134030785411596,1.15439438819885,-0.0484454706311225,0.063903622329235,0.733015120029449,-0.675468981266022
0.565862774848938,0.0137949120253324,1.15436947345734,-0.0490311868488788,0.0652366131544113,0.732163548469543,-0.676222324371338
0.565610408782959,0.014322143048048,1.1543071269989,-0.0493969321250915,0.0649273768067359,0.731352508068085,-0.677102625370026
0.565717697143555,0.0148661118000745,1.15421330928802,-0.0490528270602226,0.0658173784613609,0.730548799037933,-0.677908778190613
0.565644204616547,0.0154983820393681,1.15418434143066,-0.0494216419756412,0.0659681260585784,0.730055153369904,-0.67839902639389
0.565703272819519,0.0159795172512531,1.15416419506073,-0.0495558902621269,0.0667715892195701,0.729300677776337,-0.679121673107147
0.565752625465393,0.016514241695404,1.15429615974426,-0.0490993782877922,0.0679312199354171,0.728558480739594,-0.67983615398407
0.565752625465393,0.016514241695404,1.15429615974426,-0.0490993782877922,0.0679312199354171,0.728558480739594,-0.67983615398407
0.565665364265442,0.017598383128643,1.15428936481476,-0.0494001135230064,0.0687994435429573,0.727156758308411,-0.681226432323456
0.565689325332642,0.0179738644510507,1.15416669845581,-0.0491129569709301,0.069335788488388,0.726040899753571,-0.682381987571716
0.565717399120331,0.0185819026082754,1.15423178672791,-0.0495527349412441,0.070014014840126,0.725533008575439,-0.682820975780487
0.565717399120331,0.0185819026082754,1.15423178672791,-0.0495527349412441,0.070014014840126,0.725533008575439,-0.682820975780487
0.565638303756714,0.019698929041624,1.1542581319809,-0.0497255027294158,0.07112767547369,0.72388756275177,-0.68443775177002
0.56593257188797,0.0202847309410572,1.15450704097748,-0.0496419556438922,0.0727373212575912,0.72277420759201,-0.685450553894043
0.565923988819122,0.0208466965705156,1.15459668636322,-0.0499675422906875,0.0726686790585517,0.722033858299255,-0.686214089393616
0.565799236297607,0.0212662890553474,1.15458834171295,-0.0491604097187519,0.0736768096685409,0.721614003181458,-0.686606407165527
0.565681993961334,0.0219175312668085,1.15455603599548,-0.0492722950875759,0.0738827213644981,0.720900774002075,-0.687325119972229
0.5655397772789,0.0224001668393611,1.15431499481201,-0.0495594404637813,0.074121706187725,0.720142066478729,-0.688073694705963
0.565495312213898,0.0229376219213008,1.15432667732239,-0.0496726557612419,0.0747246071696281,0.719313681125641,-0.688866257667542
0.565446555614471,0.0233788192272186,1.15430855751038,-0.0494914203882217,0.0752720162272453,0.718392014503479,-0.689781010150909
0.565095782279968,0.0237417165189981,1.15451097488403,-0.0481079630553722,0.0763127580285072,0.717006802558899,-0.691204190254211
0.565333664417267,0.0243604760617017,1.15457534790039,-0.0487697012722492,0.076782077550888,0.716762125492096,-0.69135969877243
0.565293431282043,0.0246991720050573,1.15449285507202,-0.0487232320010662,0.0771999433636665,0.71580308675766,-0.692309319972992
0.56524133682251,0.0251453574746847,1.15428638458252,-0.0484001189470291,0.0781742334365844,0.71481841802597,-0.693239450454712
0.564802646636963,0.0254629105329513,1.15430164337158,-0.04730986058712,0.078708603978157,0.713295578956604,-0.694821059703827
0.564734399318695,0.0258219074457883,1.1542991399765,-0.0469909235835075,0.0795256793498992,0.712212324142456,-0.695859968662262
0.564840376377106,0.0262363199144601,1.15428590774536,-0.0471333004534244,0.0804751887917518,0.711150765419006,-0.696826159954071
0.564840376377106,0.0262363199144601,1.15428590774536,-0.0471333004534244,0.0804751887917518,0.711150765419006,-0.696826159954071
0.564958035945892,0.0270434953272342,1.15430188179016,-0.0476095005869865,0.0816720128059387,0.710020542144775,-0.697806537151337
0.564596235752106,0.0272925719618797,1.15420639514923,-0.0469820909202098,0.0821735858917236,0.709110498428345,-0.698715031147003
0.564516544342041,0.0276659950613975,1.15466451644897,-0.0467265322804451,0.0825361236929893,0.708272337913513,-0.699539065361023
0.564098477363586,0.0277939345687627,1.15453171730042,-0.045294564217329,0.0835470184683799,0.706640422344208,-0.701161801815033
0.564239084720612,0.028167774900794,1.15441429615021,-0.0458306334912776,0.0840088725090026,0.706310629844666,-0.701403915882111
0.56382691860199,0.0282939653843641,1.15438461303711,-0.0446416735649108,0.0846469104290008,0.704660415649414,-0.703061878681183
0.563686907291412,0.0285708904266357,1.15436840057373,-0.0443948954343795,0.0852459222078323,0.703715145587921,-0.703951239585876
0.563778042793274,0.0289097428321838,1.15415298938751,-0.0447407960891723,0.0873220115900039,0.702226877212524,-0.705160021781921
0.563778042793274,0.0289097428321838,1.15415298938751,-0.0447407960891723,0.0873220115900039,0.702226877212524,-0.705160021781921
0.563374161720276,0.0289189554750919,1.15415406227112,-0.0434362664818763,0.0881128460168838,0.700549483299255,-0.706809639930725
0.563224077224731,0.0290609579533338,1.15441381931305,-0.0427380874752998,0.0887695550918579,0.699390888214111,-0.707916617393494
0.563456356525421,0.0292927213013172,1.15442752838135,-0.0431496538221836,0.089480273425579,0.699234545230865,-0.707956492900848
0.563456356525421,0.0292927213013172,1.15442752838135,-0.0431496538221836,0.089480273425579,0.699234545230865,-0.707956492900848
0.563164114952087,0.0287874266505241,1.15491235256195,-0.0409344919025898,0.0924423411488533,0.696965932846069,-0.709941804409027
0.563649475574493,0.0289310440421104,1.15484046936035,-0.0430007614195346,0.0927912294864654,0.698306024074554,-0.708455741405487
0.56354284286499,0.0289273392409086,1.1548455953598,-0.0428949147462844,0.0934592708945274,0.697758436203003,-0.708913564682007
0.563437044620514,0.0289318095892667,1.15504598617554,-0.0427133478224277,0.094046451151371,0.697169005870819,-0.709426879882812
0.563275098800659,0.0288230441510677,1.15507853031158,-0.042010236531496,0.0947945266962051,0.696904301643372,-0.709629237651825
0.563275098800659,0.0288230441510677,1.15507853031158,-0.042010236531496,0.0947945266962051,0.696904301643372,-0.709629237651825
0.56296718120575,0.0287427306175231,1.15532970428467,-0.0416656620800495,0.0955039784312248,0.696183204650879,-0.71026200056076
0.562834799289703,0.0286889895796775,1.15552067756653,-0.0414770171046257,0.0957724526524543,0.695921838283539,-0.710492968559265
0.562572538852692,0.0287521891295909,1.15541470050812,-0.0418685339391231,0.0955231636762619,0.69556587934494,-0.710851907730103
0.562572538852692,0.0287521891295909,1.15541470050812,-0.0418685339391231,0.0955231636762619,0.69556587934494,-0.710851907730103
0.562170624732971,0.0284458026289939,1.15544426441193,-0.0419170781970024,0.0960607603192329,0.694968283176422,-0.711360991001129
0.561939060688019,0.0282209534198045,1.15557527542114,-0.0420023053884506,0.0961973741650581,0.695016741752625,-0.711290180683136
0.5617995262146,0.0280212089419364,1.15558767318726,-0.0418266430497169,0.0964715629816055,0.694927930831909,-0.71135002374649
0.561631619930267,0.0278478525578975,1.15576338768005,-0.0418869890272617,0.0965803414583206,0.694960653781891,-0.711299896240234
0.561455011367798,0.0276630260050296,1.15582346916199,-0.041881076991558,0.0966780111193656,0.69497275352478,-0.711275100708008
0.561249971389771,0.0273653119802474,1.15557992458344,-0.0418138466775417,0.0967877358198165,0.694916248321533,-0.711319386959076
0.561069071292877,0.0273501127958297,1.15560531616211,-0.0413998365402221,0.0971412286162376,0.693949818611145,-0.712238311767578
0.560957074165344,0.0271365586668252,1.1557377576828,-0.0407298654317855,0.0971625223755836,0.693441569805145,-0.712768852710724
0.560957074165344,0.0271365586668252,1.1557377576828,-0.0407298654317855,0.0971625223755836,0.693441569805145,-0.712768852710724
0.560453355312347,0.0263492353260517,1.15583670139313,-0.0410119071602821,0.0968256443738937,0.694440960884094,-0.711824893951416
0.560276389122009,0.0260970089584589,1.15587186813354,-0.0410221256315708,0.0966864600777626,0.694537103176117,-0.71174943447113
0.560276389122009,0.0260970089584589,1.15587186813354,-0.0410221256315708,0.0966864600777626,0.694537103176117,-0.71174943447113
0.559909045696259,0.0253395084291696,1.15601134300232,-0.0411172769963741,0.0966820418834686,0.695742726325989,-0.710565984249115
0.559773623943329,0.0249434448778629,1.15558528900146,-0.0411158576607704,0.09678915143013,0.696234345436096,-0.710069715976715
0.559368014335632,0.0242814011871814,1.15608668327332,-0.0418583527207374,0.0954553484916687,0.696165561676025,-0.710274338722229
0.559368014335632,0.0242814011871814,1.15608668327332,-0.0418583527207374,0.0954553484916687,0.696165561676025,-0.710274338722229
0.559199213981628,0.0239038243889808,1.15567374229431,-0.041981715708971,0.0950610116124153,0.696548640727997,-0.709944367408752
0.558910369873047,0.0233930964022874,1.15572953224182,-0.0425241328775882,0.0950652807950973,0.697519779205322,-0.708957314491272
0.558910369873047,0.0233930964022874,1.15572953224182,-0.0425241328775882,0.0950652807950973,0.697519779205322,-0.708957314491272
0.55853933095932,0.0224951915442943,1.15601313114166,-0.043416827917099,0.0939205288887023,0.698627650737762,-0.707964062690735
0.558370232582092,0.0220443196594715,1.15585935115814,-0.0435783192515373,0.0936183407902717,0.699169397354126,-0.707459449768066
0.558370232582092,0.0220443196594715,1.15585935115814,-0.0435783192515373,0.0936183407902717,0.699169397354126,-0.707459449768066
0.558218359947205,0.0208293329924345,1.15582013130188,-0.0434200763702392,0.0938548594713211,0.700939059257507,-0.7056844830513
0.558023691177368,0.0205381400883197,1.15588164329529,-0.0446175187826156,0.092298224568367,0.701000094413757,-0.705754280090332
0.557885885238647,0.0204166639596223,1.15593934059143,-0.0456566326320171,0.091206669807434,0.701236665248871,-0.705594837665558
0.557748377323151,0.0194271337240934,1.15595936775208,-0.0452586710453033,0.0916659608483314,0.702247738838196,-0.704554617404938
0.557748377323151,0.0194271337240934,1.15595936775208,-0.0452586710453033,0.0916659608483314,0.702247738838196,-0.704554617404938
0.557392239570618,0.0188156738877296,1.15595674514771,-0.0466882996261119,0.0894691497087478,0.703670024871826,-0.703323543071747
0.557463109493256,0.0180718675255775,1.15609872341156,-0.0464714765548706,0.0889593884348869,0.704836905002594,-0.702233374118805
0.557422995567322,0.0174893662333488,1.15602028369904,-0.047450665384531,0.0882787033915519,0.705633580684662,-0.70145320892334
0.557323694229126,0.0169660598039627,1.15605783462524,-0.0482940040528774,0.0876443907618522,0.706559181213379,-0.70054304599762
0.557219326496124,0.0163818411529064,1.15616953372955,-0.0483666248619556,0.0875113382935524,0.707364678382874,-0.699741125106812
0.55718469619751,0.0159035455435514,1.15626621246338,-0.0490528717637062,0.0866015404462814,0.708394229412079,-0.698764503002167
0.557221949100494,0.0157067514955997,1.15631103515625,-0.0504726693034172,0.0856514498591423,0.709162831306458,-0.698000252246857
0.556145310401917,0.0156637467443943,1.15637218952179,-0.0494014434516429,0.0823782607913017,0.709577858448029,-0.698049187660217
0.556760549545288,0.0142575316131114,1.15631449222565,-0.0496370010077953,0.0842961445450782,0.710431456565857,-0.696934342384338
0.556098997592926,0.0145267816260457,1.15619206428528,-0.0507583059370517,0.0804981291294097,0.711889863014221,-0.695813655853271
0.556113481521606,0.0139512792229652,1.15641975402832,-0.0515020750463008,0.0795721337199211,0.713182508945465,-0.694540619850159
0.556216418743134,0.0133224762976169,1.15630114078522,-0.0522377863526344,0.0786724090576171,0.714358150959015,-0.693378925323486
0.556227266788483,0.0127282962203025,1.15648102760315,-0.052817203104496,0.0773759186267852,0.715531229972839,-0.692270517349243
0.556225180625916,0.0119951032102108,1.15650367736816,-0.0532924011349678,0.0766756907105445,0.716684699058533,-0.691117942333221
0.556140005588531,0.0113974912092089,1.15637600421906,-0.0538785606622695,0.0753177106380462,0.718035697937012,-0.689818143844604
0.556220412254333,0.0106775555759668,1.15653693675995,-0.0543549694120883,0.0743896812200546,0.71896755695343,-0.688910365104675
0.556773126125336,0.009801972657442,1.1567816734314,-0.0553180947899818,0.0745106264948844,0.719825744628906,-0.687923729419708
0.556869506835938,0.0091716889292001,1.15690100193024,-0.0555727258324623,0.0731656551361084,0.7205610871315,-0.687277317047119
0.556869506835938,0.0091716889292001,1.15690100193024,-0.0555727258324623,0.0731656551361084,0.7205610871315,-0.687277317047119
0.557110965251923,0.0077162771485745,1.15718483924866,-0.0567207932472229,0.0711707100272178,0.722125113010406,-0.68574982881546
0.556961834430695,0.0069931880570948,1.1572322845459,-0.0568364225327968,0.0694746151566505,0.723028063774109,-0.684962391853333
0.556992769241333,0.0061792018823325,1.15735077857971,-0.0575129240751266,0.0682161152362823,0.723850607872009,-0.68416303396225
0.557287514209747,0.0052013536915183,1.15762901306152,-0.056691501289606,0.0673211514949798,0.723374843597412,-0.684823215007782
0.558587491512299,0.0047907386906445,1.15740442276001,-0.059999506920576,0.0674808025360107,0.724083542823792,-0.683775901794434
0.558643102645874,0.004237538203597,1.15739417076111,-0.0602410919964313,0.0667326599359512,0.724305987358093,-0.68359237909317
0.558782339096069,0.0034341593272984,1.1576281785965,-0.0596365109086036,0.0657988712191581,0.724260628223419,-0.683784067630768
0.558067440986633,0.0024453708902001,1.15749835968018,-0.0594584867358207,0.0619143955409526,0.724703848361969,-0.683692812919617
0.558576762676239,0.0015820902772247,1.15764689445496,-0.0602858960628509,0.0617430210113525,0.725000739097595,-0.683320820331573
0.55847841501236,0.0005596317350864,1.15766215324402,-0.0591115690767765,0.0605116672813892,0.723759472370148,-0.684847891330719
0.55847841501236,0.0005596317350864,1.15766215324402,-0.0591115690767765,0.0605116672813892,0.723759472370148,-0.684847891330719
0.558972120285034,-0.0010670791380107,1.15800678730011,-0.0597227290272712,0.0579942762851715,0.723520934581757,-0.685264468193054
0.559184789657593,-0.002048835158348,1.15815496444702,-0.0595459230244159,0.0568679831922054,0.722970247268677,-0.685955166816711
0.559503376483917,-0.0028641452081501,1.15829396247864,-0.0598476082086563,0.0553117431700229,0.722208559513092,-0.686857879161835
0.559556663036346,-0.0038478067144751,1.15843534469604,-0.0593887791037559,0.0538939274847507,0.721546351909637,-0.687705755233765
0.559807598590851,-0.0049759405665099,1.15866458415985,-0.0588139332830905,0.0530372373759746,0.720224142074585,-0.689206302165985
0.559807598590851,-0.0049759405665099,1.15866458415985,-0.0588139332830905,0.0530372373759746,0.720224142074585,-0.689206302165985
0.560180842876434,-0.0067671099677681,1.15899467468262,-0.0583800561726093,0.0498545318841934,0.718441128730774,-0.691338419914246
0.560271739959717,-0.0076732081361114,1.15909826755524,-0.0579027794301509,0.0488957837224006,0.717234075069427,-0.692699015140533
0.560551226139069,-0.0085503123700618,1.15912818908691,-0.0580872260034084,0.0478456206619739,0.716205179691315,-0.693820595741272
0.560741543769836,-0.0092507414519786,1.15922594070435,-0.0572272166609764,0.0469879880547523,0.715230643749237,-0.694955110549927
0.560851693153381,-0.0102860759943723,1.15943253040314,-0.0565717853605747,0.0456738919019699,0.713756024837494,-0.696610331535339
0.561226546764374,-0.0111572658643126,1.15957319736481,-0.0565226897597312,0.0448335409164428,0.712126672267914,-0.698334395885468
0.560988366603851,-0.0133852791041135,1.16024076938629,-0.0544171631336212,0.04263911023736,0.708529233932495,-0.702287077903748
0.560988366603851,-0.0133852791041135,1.16024076938629,-0.0544171631336212,0.04263911023736,0.708529233932495,-0.702287077903748
0.561248064041138,-0.0143016157671809,1.1602988243103,-0.054650530219078,0.0416341423988342,0.70729786157608,-0.703569352626801
0.561747431755066,-0.0152406552806496,1.16037666797638,-0.0552530996501445,0.0415029749274253,0.704402804374695,-0.706428587436676
0.561747431755066,-0.0152406552806496,1.16037666797638,-0.0552530996501445,0.0415029749274253,0.704402804374695,-0.706428587436676
0.562123000621796,-0.0169689487665891,1.16055834293365,-0.0526116974651813,0.0399953424930572,0.703224062919617,-0.707890093326569
0.562173068523407,-0.0177600942552089,1.16062259674072,-0.0523922070860862,0.0383231975138187,0.701877355575562,-0.709334075450897
0.562332630157471,-0.0187960062175989,1.1606171131134,-0.0520457588136196,0.0375066772103309,0.700083374977112,-0.7111736536026
0.562685906887054,-0.0204997416585683,1.16092658042908,-0.0499617792665958,0.0391977578401565,0.697379112243652,-0.713883757591248
0.562953889369965,-0.0211457852274179,1.16119909286499,-0.0510133989155292,0.0371393822133541,0.696725845336914,-0.714556872844696
0.562905430793762,-0.0221942532807588,1.16108047962189,-0.0500236526131629,0.0370587669312953,0.694042503833771,-0.71723735332489
0.562725007534027,-0.0235534664243459,1.16149270534515,-0.048437412828207,0.0366014018654823,0.69123911857605,-0.72007143497467
0.562902867794037,-0.0243700575083494,1.16157698631287,-0.048562042415142,0.0355786234140396,0.689754128456116,-0.721536695957184
0.563337087631226,-0.0250600520521402,1.16174805164337,-0.0470665097236633,0.0342555046081543,0.688515961170197,-0.722881197929382
0.5635085105896,-0.0259093213826417,1.16177558898926,-0.0480013824999332,0.0342187248170375,0.685687780380249,-0.725504875183105
0.563743233680725,-0.0267382990568876,1.16189384460449,-0.0480178408324718,0.0334586463868618,0.68388831615448,-0.727235615253448
0.564220666885376,-0.0274546910077333,1.16212666034698,-0.0484927371144294,0.0314687378704547,0.68451464176178,-0.726703524589539
0.56445449590683,-0.0281337704509496,1.16237914562225,-0.0486250594258308,0.0303296279162168,0.682342767715454,-0.728782534599304
0.564689099788666,-0.0289059448987245,1.16248333454132,-0.0490708947181701,0.0295614618808031,0.680332899093628,-0.730660855770111
0.564916551113129,-0.0297484807670116,1.16261959075928,-0.0487296618521213,0.0291338991373777,0.678391396999359,-0.732503831386566
0.565249919891357,-0.0305682532489299,1.16251301765442,-0.0483159869909286,0.0287021268159151,0.676570534706116,-0.734230279922485
0.565501809120178,-0.0311874113976955,1.16273629665375,-0.0487626306712627,0.0277314223349094,0.674520015716553,-0.736122250556946
0.565708935260773,-0.0321876853704452,1.16265821456909,-0.0489298142492771,0.0282442905008792,0.671653032302856,-0.73870861530304
0.56599223613739,-0.032655443996191,1.16289114952087,-0.0486735589802265,0.0262893382459878,0.670533657073975,-0.739813685417175
0.56599223613739,-0.032655443996191,1.16289114952087,-0.0486735589802265,0.0262893382459878,0.670533657073975,-0.739813685417175
0.565969944000244,-0.0344668291509151,1.16292762756348,-0.047221302986145,0.024790545925498,0.666199326515198,-0.743864297866821
0.566680669784546,-0.0339911021292209,1.16293895244598,-0.0495427064597606,0.0229053124785423,0.66548079252243,-0.7444167137146
0.566680669784546,-0.0339911021292209,1.16293895244598,-0.0495427064597606,0.0229053124785423,0.66548079252243,-0.7444167137146
0.567137837409973,-0.0354134999215602,1.16306626796722,-0.0492787919938564,0.0216745007783174,0.661789417266846,-0.747754454612732
0.567387282848358,-0.0363770015537738,1.16288030147552,-0.0496826991438865,0.022293796762824,0.659314751625061,-0.749892473220825
0.567704260349274,-0.0375347808003425,1.1628110408783,-0.0487919449806213,0.0225326232612133,0.656992375850677,-0.751979112625122
0.567946493625641,-0.0382089726626873,1.16284036636353,-0.0483212731778621,0.0215878561139106,0.655252397060394,-0.753553748130798
0.568045616149902,-0.0383037775754928,1.16292452812195,-0.0482833795249462,0.0199473518878221,0.654198288917542,-0.75451672077179
0.568320870399475,-0.0393616668879985,1.16299426555634,-0.048396710306406,0.0202116873115301,0.651589393615723,-0.756756722927094
0.568511784076691,-0.0399927161633968,1.1630654335022,-0.0483677312731742,0.019364234060049,0.64980161190033,-0.758316278457642
0.568511784076691,-0.0399927161633968,1.1630654335022,-0.0483677312731742,0.019364234060049,0.64980161190033,-0.758316278457642
0.56883829832077,-0.0409023910760879,1.16324985027313,-0.0492731109261512,0.0162881128489971,0.647497832775116,-0.760298311710358
0.569153249263763,-0.0419539026916027,1.16328811645508,-0.0490086190402507,0.0166895985603332,0.645024418830872,-0.76240611076355
0.56934517621994,-0.0426326878368854,1.16341841220856,-0.0489559136331081,0.0162804145365953,0.643440961837769,-0.763755202293396
0.56934517621994,-0.0426326878368854,1.16341841220856,-0.0489559136331081,0.0162804145365953,0.643440961837769,-0.763755202293396
0.569360733032227,-0.0432492420077323,1.16338860988617,-0.0477724149823188,0.0138197429478168,0.638861775398254,-0.767712473869324
0.56971949338913,-0.0443642698228359,1.16334497928619,-0.0472921580076217,0.0139659559354186,0.636435925960541,-0.769751727581024
0.570086896419525,-0.0448602102696895,1.16381931304932,-0.0486805774271488,0.0117208110168576,0.63727331161499,-0.769009590148926
0.570266246795654,-0.0457288511097431,1.16366124153137,-0.0488018654286861,0.012375321239233,0.63488781452179,-0.770962238311768
0.570266246795654,-0.0457288511097431,1.16366124153137,-0.0488018654286861,0.012375321239233,0.63488781452179,-0.770962238311768
0.570595383644104,-0.0469682142138481,1.16380345821381,-0.0489634871482849,0.010882711969316,0.631608605384827,-0.77366316318512
0.570832014083862,-0.0475954860448837,1.16386139392853,-0.0492677949368953,0.0100061381235718,0.630147159099579,-0.77484655380249
0.57090437412262,-0.0480765663087368,1.1638902425766,-0.0494788028299808,0.0091465087607502,0.62876284122467,-0.775967538356781
0.5710369348526,-0.048770785331726,1.16396260261536,-0.0492886826395988,0.0084417397156357,0.627093315124512,-0.777337372303009
0.571189403533936,-0.0493894927203655,1.16397333145142,-0.0492986813187599,0.0077251638285815,0.625457406044006,-0.778661012649536
0.571213006973267,-0.0498058050870895,1.16374814510345,-0.0479829125106334,0.0073568597435951,0.622453987598419,-0.781149446964264
0.571213006973267,-0.0498058050870895,1.16374814510345,-0.0479829125106334,0.0073568597435951,0.622453987598419,-0.781149446964264
0.571638464927673,-0.0511179640889167,1.16404712200165,-0.0495481640100479,0.0057722092606127,0.621256709098816,-0.782017767429352
0.571785390377045,-0.051714040338993,1.16403388977051,-0.0497989989817142,0.0049531604163348,0.619629621505737,-0.78329735994339
0.571982383728027,-0.052046038210392,1.1639963388443,-0.0492260567843914,0.0044647087343037,0.61758828163147,-0.784946918487549
